           1           1   2.1948147403700173     
           1           2 -0.71148495777273024     
           1           3  -6.3664009254705245E-014
           1           4  -1.5873229070002919E-014
           1           5   8.9110050226409254E-014
           1           6  0.25867565022796168     
           1           7   6.1553687191077367E-015
           1           8   9.3880542722279325E-015
           1           9   1.3562399510922932E-014
           1          10  -5.7627096200594988E-002
           1          11  -2.9416643193962301E-015
           1          12  -1.9065051226404694E-014
           1          13  -1.1818935030593925E-014
           1          14   8.4181367444130101E-003
           1          15  -9.4980026701301956E-015
           1          16   9.9961299861455572E-015
           1          17   5.3247800109376343E-015
           1          18  -4.7706622995706133E-003
           1          19   6.5376156940255950E-015
           1          20  -8.9383383479993591E-015
           1          21  -5.8669484086777294E-015
           1          22  -1.6673554315106941E-003
           1          23   2.1650227511809237E-015
           1          24  -1.6673554314983246E-003
           1          25   4.9927603462551679E-015
           1          26  -2.0202149416801211E-015
           1          27  -1.6673554315035349E-003
           2           1 -0.71148495777273024     
           2           2   2.5946455466460274     
           2           3   2.0437765251118709E-013
           2           4   4.8737780265545536E-014
           2           5  -2.5928792135347647E-013
           2           6  -1.2086848194450126     
           2           7  -3.4698028347287306E-014
           2           8  -2.9888180598055621E-014
           2           9  -5.1276624325676314E-014
           2          10  0.20806970106118255     
           2          11   2.3284550387113769E-014
           2          12   6.0279790899522953E-014
           2          13   3.6834635177185301E-014
           2          14  -2.0445868533293887E-002
           2          15   3.3286665531944563E-014
           2          16  -4.4088278596405803E-014
           2          17  -3.3181635329955247E-014
           2          18   1.4037249207672704E-002
           2          19  -1.9349019475968846E-014
           2          20   2.7068142704865156E-014
           2          21   2.9321235265561075E-014
           2          22   8.1635588289966143E-002
           2          23  -1.2614306158189467E-014
           2          24   8.1635588289918848E-002
           2          25  -3.0120160766555136E-014
           2          26   1.5988097046975044E-014
           2          27   8.1635588289946034E-002
           3           1  -6.3664009254705245E-014
           3           2   2.0437765251118709E-013
           3           3   2.3725485201806302     
           3           4   3.2530401983255075E-015
           3           5   1.7950051167670011E-015
           3           6   3.5270453070570233E-014
           3           7 -0.99833594063792952     
           3           8  -2.6489227478165848E-015
           3           9  -5.4643789493269404E-016
           3          10   1.3529554797901565E-014
           3          11  0.27382198670090108     
           3          12   3.2161773244610004E-015
           3          13   4.8155923693116149E-015
           3          14  -1.0831226094397483E-014
           3          15  -4.9590247994919109E-002
           3          16  -2.9585708882784477E-015
           3          17  -4.4842601853999753E-016
           3          18   6.6619577177691230E-015
           3          19   2.9503656784611178E-002
           3          20   7.4317722115191418E-015
           3          21   8.8921925378571053E-015
           3          22  -8.8767493785154244E-015
           3          23   7.5454859689111970E-015
           3          24  -1.0626891575215498E-014
           3          25   1.0713136399733981E-014
           3          26   2.8906195302641198E-015
           3          27  -1.9187554060538454E-014
           4           1  -1.5873229070002919E-014
           4           2   4.8737780265545536E-014
           4           3   3.2530401983255075E-015
           4           4   2.3725485201806258     
           4           5   2.3064232815284136E-015
           4           6  -1.6014940795832145E-014
           4           7   1.8353374375834619E-015
           4           8 -0.99833594063792963     
           4           9  -5.7375978967932895E-016
           4          10  -7.3536109921373364E-017
           4          11  -5.8807125835613753E-015
           4          12  0.27382198670090285     
           4          13   3.2439329000766253E-016
           4          14  -2.1297868543564118E-015
           4          15   5.4639452684579418E-015
           4          16  -4.9590247994913281E-002
           4          17   7.5525523335340397E-016
           4          18   3.2855157127946618E-015
           4          19  -7.1368692206030783E-015
           4          20   2.9503656784607209E-002
           4          21   2.9575951063232060E-015
           4          22   5.2661490693161191E-015
           4          23  -4.5199634028205820E-015
           4          24   1.6430320551819182E-015
           4          25  -2.0788770676062829E-015
           4          26  -2.0157040577233325E-016
           4          27  -1.3044101952902939E-015
           5           1   8.9110050226409254E-014
           5           2  -2.5928792135347647E-013
           5           3   1.7950051167670011E-015
           5           4   2.3064232815284136E-015
           5           5   2.3725485201806276     
           5           6  -1.1092785310594282E-013
           5           7  -5.3082538364890297E-015
           5           8  -9.6077659716975461E-015
           5           9 -0.99833594063793574     
           5          10   3.7543451444905229E-016
           5          11  -2.9143354396410371E-015
           5          12   2.8067825841304739E-015
           5          13  0.27382198670090852     
           5          14   1.4802636805694176E-015
           5          15  -4.4261469489548123E-015
           5          16   3.7201144942322644E-015
           5          17  -4.9590247994907306E-002
           5          18   4.5184197322525282E-015
           5          19   1.0097391672791997E-014
           5          20   8.8427529187917604E-016
           5          21   2.9503656784605092E-002
           5          22   2.7147075717228113E-014
           5          23   9.3029670015147643E-016
           5          24   1.6456769875137355E-014
           5          25   1.9639525322685236E-016
           5          26  -7.7783008925482503E-015
           5          27   2.2330964408842936E-014
           6           1  0.25867565022796168     
           6           2  -1.2086848194450126     
           6           3   3.5270453070570233E-014
           6           4  -1.6014940795832145E-014
           6           5  -1.1092785310594282E-013
           6           6   5.6323930578112247     
           6           7  -2.3056621546513944E-014
           6           8   2.5560191665931622E-014
           6           9   1.2799162398926725E-013
           6          10  -2.0623505103634385     
           6          11  -2.9695422798542519E-014
           6          12  -3.7443502825110676E-014
           6          13   8.0644882289089917E-015
           6          14  0.86429446325556347     
           6          15   1.6286968642039549E-014
           6          16   3.7799090598026289E-014
           6          17   1.0683278660519241E-015
           6          18 -0.37356819844236056     
           6          19  -4.6570154981798304E-014
           6          20  -2.0851047574979861E-014
           6          21   2.8963269695858488E-015
           6          22 -0.93003416700058683     
           6          23   1.1090446240443684E-014
           6          24 -0.93003416700072084     
           6          25   2.2922398193745878E-014
           6          26  -9.7060596452247660E-015
           6          27 -0.93003416700057473     
           7           1   6.1553687191077367E-015
           7           2  -3.4698028347287306E-014
           7           3 -0.99833594063792952     
           7           4   1.8353374375834619E-015
           7           5  -5.3082538364890297E-015
           7           6  -2.3056621546513944E-014
           7           7   2.6906938994612601     
           7           8  -3.8129222001970212E-015
           7           9  -8.8123952579621860E-016
           7          10  -4.2016217520417364E-014
           7          11 -0.91820758406118341     
           7          12  -2.2065682614424994E-015
           7          13  -1.0824674490095225E-015
           7          14   4.3557566188153438E-014
           7          15  0.16019178870520032     
           7          16   7.0568551002736607E-015
           7          17  -1.1421419365831320E-014
           7          18  -2.3450106631881274E-014
           7          19  -9.5396915942950938E-002
           7          20  -1.9755898306161880E-014
           7          21  -1.0316400511634048E-014
           7          22   7.7693569053551794E-015
           7          23  -2.3328767475313407E-014
           7          24   1.2182855692223793E-014
           7          25  -2.3266412288671942E-014
           7          26  -1.4696545472501682E-014
           7          27   2.3650656380283602E-014
           8           1   9.3880542722279325E-015
           8           2  -2.9888180598055621E-014
           8           3  -2.6489227478165848E-015
           8           4 -0.99833594063792963     
           8           5  -9.6077659716975461E-015
           8           6   2.5560191665931622E-014
           8           7  -3.8129222001970212E-015
           8           8   2.6906938994612486     
           8           9  -1.9619722513297688E-015
           8          10  -3.6370693562476773E-015
           8          11   1.4849232954361466E-014
           8          12 -0.91820758406117287     
           8          13   3.6845526629747398E-015
           8          14   1.0169118894049796E-014
           8          15  -5.3047843895370524E-015
           8          16  0.16019178870518447     
           8          17  -7.1704794879501384E-015
           8          18  -7.2519990285538039E-015
           8          19   3.9126688000656813E-015
           8          20  -9.5396915942935145E-002
           8          21   1.5573480005581845E-015
           8          22  -7.7169117368665008E-015
           8          23   7.1000734449331547E-015
           8          24   2.0944684705387748E-015
           8          25   6.3662065278597955E-015
           8          26  -1.9748626838842306E-015
           8          27   1.6512228251498121E-015
           9           1   1.3562399510922932E-014
           9           2  -5.1276624325676314E-014
           9           3  -5.4643789493269404E-016
           9           4  -5.7375978967932895E-016
           9           5 -0.99833594063793574     
           9           6   1.2799162398926725E-013
           9           7  -8.8123952579621860E-016
           9           8  -1.9619722513297688E-015
           9           9   2.6906938994612526     
           9          10  -8.1308593453991808E-015
           9          11   1.0186296250935814E-014
           9          12   3.5804692544161298E-015
           9          13 -0.91820758406117242     
           9          14   9.4545341588156400E-015
           9          15   6.1183696997701757E-015
           9          16   1.1783109210572439E-015
           9          17  0.16019178870517931     
           9          18  -7.7890607436371799E-015
           9          19  -9.8029223627449306E-015
           9          20  -5.7133117681296110E-015
           9          21  -9.5396915942929622E-002
           9          22  -9.5753434866261295E-016
           9          23  -2.3501538553246879E-015
           9          24  -1.9463457198960231E-015
           9          25  -6.1052195991949638E-015
           9          26  -4.9913272959192031E-015
           9          27  -2.3918232530639200E-014
          10           1  -5.7627096200594988E-002
          10           2  0.20806970106118255     
          10           3   1.3529554797901565E-014
          10           4  -7.3536109921373364E-017
          10           5   3.7543451444905229E-016
          10           6  -2.0623505103634385     
          10           7  -4.2016217520417364E-014
          10           8  -3.6370693562476773E-015
          10           9  -8.1308593453991808E-015
          10          10   2.1479791817392169     
          10          11   1.0526381729834722E-013
          10          12   1.9565896302420079E-014
          10          13   3.7813843999046079E-014
          10          14 -0.53315084964289472     
          10          15   3.2579135910294125E-015
          10          16  -1.2314635635816524E-014
          10          17  -1.8630999004510084E-014
          10          18  0.25584732822877448     
          10          19   1.1104734282704326E-015
          10          20   1.1922295492318213E-014
          10          21   1.9308832959477510E-014
          10          22  0.59368194755360615     
          10          23   5.5204565461566032E-016
          10          24  0.59368194755359616     
          10          25   5.4413349990270863E-015
          10          26  -2.4204669528922641E-015
          10          27  0.59368194755360826     
          11           1  -2.9416643193962301E-015
          11           2   2.3284550387113769E-014
          11           3  0.27382198670090108     
          11           4  -5.8807125835613753E-015
          11           5  -2.9143354396410371E-015
          11           6  -2.9695422798542519E-014
          11           7 -0.91820758406118341     
          11           8   1.4849232954361466E-014
          11           9   1.0186296250935814E-014
          11          10   1.0526381729834722E-013
          11          11   2.4086016636508303     
          11          12  -5.3845816694320061E-015
          11          13  -8.6597395920762415E-015
          11          14  -1.1497862605401174E-013
          11          15 -0.35447120611686167     
          11          16  -1.5196177649556868E-014
          11          17   4.3957892881252380E-014
          11          18   7.6849830961273828E-014
          11          19  0.21245266912261035     
          11          20   6.8785255269432393E-014
          11          21   2.8890084768917651E-014
          11          22   1.6714227219564465E-014
          11          23   4.2716817836893752E-016
          11          24  -1.9479864239247214E-014
          11          25   2.8308630165638204E-015
          11          26   8.3503039204207919E-015
          11          27  -4.0772909158256320E-014
          12           1  -1.9065051226404694E-014
          12           2   6.0279790899522953E-014
          12           3   3.2161773244610004E-015
          12           4  0.27382198670090285     
          12           5   2.8067825841304739E-015
          12           6  -3.7443502825110676E-014
          12           7  -2.2065682614424994E-015
          12           8 -0.91820758406117287     
          12           9   3.5804692544161298E-015
          12          10   1.9565896302420079E-014
          12          11  -5.3845816694320061E-015
          12          12   2.4086016636508334     
          12          13  -5.4262150328554542E-015
          12          14  -3.2631540105586567E-014
          12          15  -3.4763858458575474E-015
          12          16 -0.35447120611684940     
          12          17   1.6556200854722653E-014
          12          18   1.8178068818888626E-014
          12          19   6.1131655293422769E-015
          12          20  0.21245266912257613     
          12          21  -5.3568260938163866E-015
          12          22   8.2169264930889740E-015
          12          23  -2.8266721977404699E-015
          12          24   7.8578090993513449E-016
          12          25   7.0233832873160307E-016
          12          26   6.2918129117311610E-016
          12          27   2.7453725126867658E-015
          13           1  -1.1818935030593925E-014
          13           2   3.6834635177185301E-014
          13           3   4.8155923693116149E-015
          13           4   3.2439329000766253E-016
          13           5  0.27382198670090852     
          13           6   8.0644882289089917E-015
          13           7  -1.0824674490095225E-015
          13           8   3.6845526629747398E-015
          13           9 -0.91820758406117242     
          13          10   3.7813843999046079E-014
          13          11  -8.6597395920762415E-015
          13          12  -5.4262150328554542E-015
          13          13   2.4086016636508312     
          13          14  -2.8504697538138833E-014
          13          15  -1.0332013022917685E-014
          13          16   1.8492152253912953E-015
          13          17 -0.35447120611683292     
          13          18   1.9210129429969618E-014
          13          19   1.4793721803130154E-014
          13          20   5.5077470362263420E-015
          13          21  0.21245266912256186     
          13          22   7.9406668081146385E-016
          13          23   2.5357710388431252E-015
          13          24  -4.6982128704588194E-015
          13          25   2.2869936276852358E-015
          13          26   3.7944978394783736E-016
          13          27  -1.3254489098847211E-015
          14           1   8.4181367444130101E-003
          14           2  -2.0445868533293887E-002
          14           3  -1.0831226094397483E-014
          14           4  -2.1297868543564118E-015
          14           5   1.4802636805694176E-015
          14           6  0.86429446325556347     
          14           7   4.3557566188153438E-014
          14           8   1.0169118894049796E-014
          14           9   9.4545341588156400E-015
          14          10 -0.53315084964289472     
          14          11  -1.1497862605401174E-013
          14          12  -3.2631540105586567E-014
          14          13  -2.8504697538138833E-014
          14          14   2.2433139124195751     
          14          15  -7.0093907750762512E-014
          14          16  -2.9956249622207060E-015
          14          17   2.4960900140096077E-014
          14          18 -0.82029263990883250     
          14          19   1.7510933686229210E-014
          14          20   5.7483061879448324E-015
          14          21  -2.5750117695554436E-014
          14          22 -0.31454525288885998     
          14          23   1.6915374134759402E-015
          14          24 -0.31454525288885410     
          14          25  -2.4707605306846100E-015
          14          26   1.5673210588238350E-015
          14          27 -0.31454525288885993     
          15           1  -9.4980026701301956E-015
          15           2   3.3286665531944563E-014
          15           3  -4.9590247994919109E-002
          15           4   5.4639452684579418E-015
          15           5  -4.4261469489548123E-015
          15           6   1.6286968642039549E-014
          15           7  0.16019178870520032     
          15           8  -5.3047843895370524E-015
          15           9   6.1183696997701757E-015
          15          10   3.2579135910294125E-015
          15          11 -0.35447120611686167     
          15          12  -3.4763858458575474E-015
          15          13  -1.0332013022917685E-014
          15          14  -7.0093907750762512E-014
          15          15   5.3280104341221504E-002
          15          16   2.2850644987308006E-015
          15          17  -3.7730235602503459E-015
          15          18   2.1109431543401277E-014
          15          19  -3.1825537106479451E-002
          15          20  -8.9572446682066331E-015
          15          21  -5.0025088238472663E-015
          15          22   5.5807586257602377E-015
          15          23  -1.0173806826435435E-015
          15          24   7.5043768317742354E-015
          15          25  -1.6315552129436760E-015
          15          26   2.4020486161238648E-015
          15          27   1.2110379224223463E-014
          16           1   9.9961299861455572E-015
          16           2  -4.4088278596405803E-014
          16           3  -2.9585708882784477E-015
          16           4  -4.9590247994913281E-002
          16           5   3.7201144942322644E-015
          16           6   3.7799090598026289E-014
          16           7   7.0568551002736607E-015
          16           8  0.16019178870518447     
          16           9   1.1783109210572439E-015
          16          10  -1.2314635635816524E-014
          16          11  -1.5196177649556868E-014
          16          12 -0.35447120611684940     
          16          13   1.8492152253912953E-015
          16          14  -2.9956249622207060E-015
          16          15   2.2850644987308006E-015
          16          16   5.3280104341218854E-002
          16          17  -2.6463206626027040E-015
          16          18  -2.6716200727071858E-017
          16          19  -1.7616116898545586E-015
          16          20  -3.1825537106474407E-002
          16          21   1.1586868617353497E-015
          16          22  -2.4905787951921742E-015
          16          23   6.3832820700634424E-016
          16          24  -1.0577767180793917E-015
          16          25  -1.7227936922105711E-015
          16          26   2.0244286486540484E-016
          16          27  -3.5840012949776488E-015
          17           1   5.3247800109376343E-015
          17           2  -3.3181635329955247E-014
          17           3  -4.4842601853999753E-016
          17           4   7.5525523335340397E-016
          17           5  -4.9590247994907306E-002
          17           6   1.0683278660519241E-015
          17           7  -1.1421419365831320E-014
          17           8  -7.1704794879501384E-015
          17           9  0.16019178870517931     
          17          10  -1.8630999004510084E-014
          17          11   4.3957892881252380E-014
          17          12   1.6556200854722653E-014
          17          13 -0.35447120611683292     
          17          14   2.4960900140096077E-014
          17          15  -3.7730235602503459E-015
          17          16  -2.6463206626027040E-015
          17          17   5.3280104341214669E-002
          17          18  -1.0575562789875046E-014
          17          19   1.1566268776077856E-015
          17          20   8.7007224341971138E-016
          17          21  -3.1825537106471208E-002
          17          22  -7.3395566779409968E-015
          17          23   3.7592867600879542E-015
          17          24  -1.2973715102287872E-015
          17          25   2.8846540437353212E-015
          17          26  -2.8830601265630075E-015
          17          27   1.3900129631139307E-015
          18           1  -4.7706622995706133E-003
          18           2   1.4037249207672704E-002
          18           3   6.6619577177691230E-015
          18           4   3.2855157127946618E-015
          18           5   4.5184197322525282E-015
          18           6 -0.37356819844236056     
          18           7  -2.3450106631881274E-014
          18           8  -7.2519990285538039E-015
          18           9  -7.7890607436371799E-015
          18          10  0.25584732822877448     
          18          11   7.6849830961273828E-014
          18          12   1.8178068818888626E-014
          18          13   1.9210129429969618E-014
          18          14 -0.82029263990883250     
          18          15   2.1109431543401277E-014
          18          16  -2.6716200727071858E-017
          18          17  -1.0575562789875046E-014
          18          18  0.30179171449138742     
          18          19  -3.7005443410044495E-015
          18          20  -1.2581374831428806E-015
          18          21   1.0450740615614629E-014
          18          22  0.13111074774348200     
          18          23  -9.1501774008751449E-016
          18          24  0.13111074774347653     
          18          25   1.7121430393671631E-015
          18          26  -9.1541476950010589E-016
          18          27  0.13111074774349085     
          19           1   6.5376156940255950E-015
          19           2  -1.9349019475968846E-014
          19           3   2.9503656784611178E-002
          19           4  -7.1368692206030783E-015
          19           5   1.0097391672791997E-014
          19           6  -4.6570154981798304E-014
          19           7  -9.5396915942950938E-002
          19           8   3.9126688000656813E-015
          19           9  -9.8029223627449306E-015
          19          10   1.1104734282704326E-015
          19          11  0.21245266912261035     
          19          12   6.1131655293422769E-015
          19          13   1.4793721803130154E-014
          19          14   1.7510933686229210E-014
          19          15  -3.1825537106479451E-002
          19          16  -1.7616116898545586E-015
          19          17   1.1566268776077856E-015
          19          18  -3.7005443410044495E-015
          19          19   1.9022413721095758E-002
          19          20   5.7714250045749603E-015
          19          21   3.7712888367733096E-015
          19          22  -7.6151524432463554E-016
          19          23   3.7388739457906276E-016
          19          24   4.2808860120521861E-016
          19          25   2.2160500322893996E-015
          19          26  -2.7841818388829452E-015
          19          27  -6.9435029312956729E-016
          20           1  -8.9383383479993591E-015
          20           2   2.7068142704865156E-014
          20           3   7.4317722115191418E-015
          20           4   2.9503656784607209E-002
          20           5   8.8427529187917604E-016
          20           6  -2.0851047574979861E-014
          20           7  -1.9755898306161880E-014
          20           8  -9.5396915942935145E-002
          20           9  -5.7133117681296110E-015
          20          10   1.1922295492318213E-014
          20          11   6.8785255269432393E-014
          20          12  0.21245266912257613     
          20          13   5.5077470362263420E-015
          20          14   5.7483061879448324E-015
          20          15  -8.9572446682066331E-015
          20          16  -3.1825537106474407E-002
          20          17   8.7007224341971138E-016
          20          18  -1.2581374831428806E-015
          20          19   5.7714250045749603E-015
          20          20   1.9022413721090536E-002
          20          21  -1.9927635930293708E-016
          20          22   1.0654553552890586E-015
          20          23  -1.9884900524342927E-015
          20          24  -2.1245274519347523E-015
          20          25   2.5248037192706319E-015
          20          26  -2.4186845365087145E-016
          20          27   5.2821363864787546E-015
          21           1  -5.8669484086777294E-015
          21           2   2.9321235265561075E-014
          21           3   8.8921925378571053E-015
          21           4   2.9575951063232060E-015
          21           5   2.9503656784605092E-002
          21           6   2.8963269695858488E-015
          21           7  -1.0316400511634048E-014
          21           8   1.5573480005581845E-015
          21           9  -9.5396915942929622E-002
          21          10   1.9308832959477510E-014
          21          11   2.8890084768917651E-014
          21          12  -5.3568260938163866E-015
          21          13  0.21245266912256186     
          21          14  -2.5750117695554436E-014
          21          15  -5.0025088238472663E-015
          21          16   1.1586868617353497E-015
          21          17  -3.1825537106471208E-002
          21          18   1.0450740615614629E-014
          21          19   3.7712888367733096E-015
          21          20  -1.9927635930293708E-016
          21          21   1.9022413721088201E-002
          21          22   6.3448216530864113E-015
          21          23  -3.7880526859259712E-015
          21          24  -3.3782314088971900E-016
          21          25  -3.0418577550946961E-015
          21          26   3.0417861925743024E-015
          21          27   2.3314219967167869E-015
          22           1  -1.6673554315106941E-003
          22           2   8.1635588289966143E-002
          22           3  -8.8767493785154244E-015
          22           4   5.2661490693161191E-015
          22           5   2.7147075717228113E-014
          22           6 -0.93003416700058683     
          22           7   7.7693569053551794E-015
          22           8  -7.7169117368665008E-015
          22           9  -9.5753434866261295E-016
          22          10  0.59368194755360615     
          22          11   1.6714227219564465E-014
          22          12   8.2169264930889740E-015
          22          13   7.9406668081146385E-016
          22          14 -0.31454525288885998     
          22          15   5.5807586257602377E-015
          22          16  -2.4905787951921742E-015
          22          17  -7.3395566779409968E-015
          22          18  0.13111074774348200     
          22          19  -7.6151524432463554E-016
          22          20   1.0654553552890586E-015
          22          21   6.3448216530864113E-015
          22          22   2.2241643009521415     
          22          23   7.9596998904273863E-015
          22          24 -0.77583569904780125     
          22          25  -2.6349991448912264E-014
          22          26   2.4138204767219100E-015
          22          27 -0.77583569904788297     
          23           1   2.1650227511809237E-015
          23           2  -1.2614306158189467E-014
          23           3   7.5454859689111970E-015
          23           4  -4.5199634028205820E-015
          23           5   9.3029670015147643E-016
          23           6   1.1090446240443684E-014
          23           7  -2.3328767475313407E-014
          23           8   7.1000734449331547E-015
          23           9  -2.3501538553246879E-015
          23          10   5.5204565461566032E-016
          23          11   4.2716817836893752E-016
          23          12  -2.8266721977404699E-015
          23          13   2.5357710388431252E-015
          23          14   1.6915374134759402E-015
          23          15  -1.0173806826435435E-015
          23          16   6.3832820700634424E-016
          23          17   3.7592867600879542E-015
          23          18  -9.1501774008751449E-016
          23          19   3.7388739457906276E-016
          23          20  -1.9884900524342927E-015
          23          21  -3.7880526859259712E-015
          23          22   7.9596998904273863E-015
          23          23   1.9999999999999989     
          23          24  -8.7406343275700798E-015
          23          25  -1.6653345369331081E-016
          23          26  -6.6613381477521156E-016
          23          27  -3.3278635739705339E-015
          24           1  -1.6673554314983246E-003
          24           2   8.1635588289918848E-002
          24           3  -1.0626891575215498E-014
          24           4   1.6430320551819182E-015
          24           5   1.6456769875137355E-014
          24           6 -0.93003416700072084     
          24           7   1.2182855692223793E-014
          24           8   2.0944684705387748E-015
          24           9  -1.9463457198960231E-015
          24          10  0.59368194755359616     
          24          11  -1.9479864239247214E-014
          24          12   7.8578090993513449E-016
          24          13  -4.6982128704588194E-015
          24          14 -0.31454525288885410     
          24          15   7.5043768317742354E-015
          24          16  -1.0577767180793917E-015
          24          17  -1.2973715102287872E-015
          24          18  0.13111074774347653     
          24          19   4.2808860120521861E-016
          24          20  -2.1245274519347523E-015
          24          21  -3.3782314088971900E-016
          24          22 -0.77583569904780125     
          24          23  -8.7406343275700798E-015
          24          24   2.2241643009522627     
          24          25  -1.8460911215110941E-014
          24          26   7.2335464332717328E-015
          24          27 -0.77583569904782312     
          25           1   4.9927603462551679E-015
          25           2  -3.0120160766555136E-014
          25           3   1.0713136399733981E-014
          25           4  -2.0788770676062829E-015
          25           5   1.9639525322685236E-016
          25           6   2.2922398193745878E-014
          25           7  -2.3266412288671942E-014
          25           8   6.3662065278597955E-015
          25           9  -6.1052195991949638E-015
          25          10   5.4413349990270863E-015
          25          11   2.8308630165638204E-015
          25          12   7.0233832873160307E-016
          25          13   2.2869936276852358E-015
          25          14  -2.4707605306846100E-015
          25          15  -1.6315552129436760E-015
          25          16  -1.7227936922105711E-015
          25          17   2.8846540437353212E-015
          25          18   1.7121430393671631E-015
          25          19   2.2160500322893996E-015
          25          20   2.5248037192706319E-015
          25          21  -3.0418577550946961E-015
          25          22  -2.6349991448912264E-014
          25          23  -1.6653345369331081E-016
          25          24  -1.8460911215110941E-014
          25          25   1.9999999999999989     
          25          26  -2.1094237467890647E-015
          25          27   3.6264064261211897E-014
          26           1  -2.0202149416801211E-015
          26           2   1.5988097046975044E-014
          26           3   2.8906195302641198E-015
          26           4  -2.0157040577233325E-016
          26           5  -7.7783008925482503E-015
          26           6  -9.7060596452247660E-015
          26           7  -1.4696545472501682E-014
          26           8  -1.9748626838842306E-015
          26           9  -4.9913272959192031E-015
          26          10  -2.4204669528922641E-015
          26          11   8.3503039204207919E-015
          26          12   6.2918129117311610E-016
          26          13   3.7944978394783736E-016
          26          14   1.5673210588238350E-015
          26          15   2.4020486161238648E-015
          26          16   2.0244286486540484E-016
          26          17  -2.8830601265630075E-015
          26          18  -9.1541476950010589E-016
          26          19  -2.7841818388829452E-015
          26          20  -2.4186845365087145E-016
          26          21   3.0417861925743024E-015
          26          22   2.4138204767219100E-015
          26          23  -6.6613381477521156E-016
          26          24   7.2335464332717328E-015
          26          25  -2.1094237467890647E-015
          26          26   1.9999999999999996     
          26          27  -1.3205289348489797E-014
          27           1  -1.6673554315035349E-003
          27           2   8.1635588289946034E-002
          27           3  -1.9187554060538454E-014
          27           4  -1.3044101952902939E-015
          27           5   2.2330964408842936E-014
          27           6 -0.93003416700057473     
          27           7   2.3650656380283602E-014
          27           8   1.6512228251498121E-015
          27           9  -2.3918232530639200E-014
          27          10  0.59368194755360826     
          27          11  -4.0772909158256320E-014
          27          12   2.7453725126867658E-015
          27          13  -1.3254489098847211E-015
          27          14 -0.31454525288885993     
          27          15   1.2110379224223463E-014
          27          16  -3.5840012949776488E-015
          27          17   1.3900129631139307E-015
          27          18  0.13111074774349085     
          27          19  -6.9435029312956729E-016
          27          20   5.2821363864787546E-015
          27          21   2.3314219967167869E-015
          27          22 -0.77583569904788297     
          27          23  -3.3278635739705339E-015
          27          24 -0.77583569904782312     
          27          25   3.6264064261211897E-014
          27          26  -1.3205289348489797E-014
          27          27   2.2241643009520873     
