           1           1   2.1818367624454744     
           1           2 -0.68773398258465290     
           1           3  -7.7555423260479154E-010
           1           4   3.9932180462527431E-010
           1           5  -1.7137794728130429E-009
           1           6  0.64562707344545189     
           1           7   1.7082946787352873E-010
           1           8   5.8343353280355529E-011
           1           9  -3.5482098116074028E-013
           1          10  0.10721990055750823     
           1          11  -3.3400706312511017E-010
           1          12  -6.8441645748009448E-011
           1          13  -1.4167189111046715E-010
           1          14  -4.8933916324817158E-004
           1          15   2.3118358638638143E-010
           1          16   3.5325418044652470E-011
           1          17   8.3536444944847758E-011
           1          18   9.4128201962880766E-003
           1          19  -4.7336908627410175E-011
           1          20  -1.7217023813868605E-011
           1          21  -2.1656523535356775E-011
           1          22 -0.17277083114801300     
           1          23  -6.7892716570364443E-010
           1          24 -0.17277083115782643     
           1          25   3.7029007822027640E-009
           1          26   2.3079880452747227E-010
           1          27 -0.17277083127706253     
           1          28  -8.7677963731656344E-002
           1          29  -7.9639757126840519E-009
           1          30  -8.7677964765343175E-002
           1          31   6.9154947236751366E-008
           1          32   2.4044724050747725E-009
           1          33  -8.7677965559363913E-002
           1          34   2.0916908448422632E-003
           1          35   4.1159196607281649E-008
           1          36   2.0916954120595273E-003
           1          37  -3.3969062751815800E-007
           1          38  -1.2665981345441117E-008
           1          39   2.0917002565073806E-003
           2           1 -0.68773398258465290     
           2           2   2.7695930242768858     
           2           3   2.3259682970571969E-009
           2           4  -1.4316315106596317E-009
           2           5   5.2705515849130039E-009
           2           6  -1.1462041792111570     
           2           7  -7.6579554371708680E-010
           2           8  -2.2520644701949630E-010
           2           9  -9.6373151066558224E-011
           2          10  0.30974568878683661     
           2          11   1.4019609390506798E-009
           2          12   2.9869635444696608E-010
           2          13   6.0281151707992842E-010
           2          14  -2.9168462295866261E-002
           2          15  -9.5067191148035180E-010
           2          16  -1.7394115551964858E-010
           2          17  -3.2482330265015665E-010
           2          18  -2.8990572094163475E-002
           2          19   1.9811848969181523E-010
           2          20   8.4464531715875147E-011
           2          21   8.0474227821261772E-011
           2          22  -6.6024319779122917E-002
           2          23   1.7732391397073582E-009
           2          24  -6.6024319840764206E-002
           2          25  -6.3182801694291688E-009
           2          26  -6.4156906260573540E-010
           2          27  -6.6024319511928317E-002
           2          28   6.3076486337286089E-002
           2          29   3.4178030076440045E-008
           2          30   6.3076490704272958E-002
           2          31  -2.9636232468488220E-007
           2          32  -1.0341127937439074E-008
           2          33   6.3076494219330842E-002
           2          34   8.0549407317903245E-003
           2          35  -1.6206279018638440E-007
           2          36   8.0549227341526596E-003
           2          37   1.3372216340192378E-006
           2          38   4.9843360108998927E-008
           2          39   8.0549036979485553E-003
           3           1  -7.7555423260479154E-010
           3           2   2.3259682970571969E-009
           3           3   2.3809654613063937     
           3           4   3.1059492878108321E-009
           3           5  -2.5410618942013563E-008
           3           6   6.1678955341970668E-011
           3           7  -1.0604039950742814     
           3           8  -1.0887059539873557E-008
           3           9   9.0453608657563064E-008
           3          10   4.6969379723706769E-009
           3          11  0.34729419710003673     
           3          12   2.3433478501408243E-008
           3          13  -1.9531383621207655E-007
           3          14  -1.6341623112379103E-010
           3          15   2.9701837641878517E-002
           3          16  -4.4842308128126231E-008
           3          17   3.6850492187499034E-007
           3          18  -5.0115122922803284E-010
           3          19  -1.2896640897097853E-002
           3          20   1.8860387544832456E-008
           3          21  -1.4958925956566037E-007
           3          22  -6.0370840319706163E-010
           3          23  -2.5158067202345357E-010
           3          24   4.1300782416558335E-011
           3          25  -9.0442959448280628E-011
           3          26  -4.7562563791125879E-010
           3          27   3.7180205375062346E-010
           3          28  -7.0250829719709597E-010
           3          29   3.1209256679552808E-010
           3          30  -2.1577048481281221E-009
           3          31   6.1197894469836336E-010
           3          32   6.5790428009842003E-010
           3          33  -2.2009698121142169E-009
           3          34  -2.3488118581974925E-010
           3          35   4.3346997052675122E-011
           3          36  -8.8668812515094473E-010
           3          37   3.3504706640915816E-010
           3          38  -5.0756136413134717E-010
           3          39  -1.6776198828936009E-010
           4           1   3.9932180462527431E-010
           4           2  -1.4316315106596317E-009
           4           3   3.1059492878108321E-009
           4           4   2.3809654613399776     
           4           5  -8.4405676726340722E-010
           4           6  -3.4294423976695059E-009
           4           7  -1.0994730070662698E-008
           4           8  -1.0604039960530967     
           4           9   3.0764142096062803E-009
           4          10   3.4528346199926295E-010
           4          11   2.3463236334836725E-008
           4          12  0.34729420009168088     
           4          13  -7.0672005414510949E-009
           4          14   3.3856460032930819E-010
           4          15  -4.4139492090482085E-008
           4          16   2.9701831038645016E-002
           4          17   1.3785275867987105E-008
           4          18  -3.0727486076675393E-010
           4          19   1.7900255191355834E-008
           4          20  -1.2896637775364888E-002
           4          21  -5.5638330210244653E-009
           4          22   1.6736199260388351E-009
           4          23   5.7872994739453067E-011
           4          24   1.2393679680045917E-009
           4          25   7.0504481490330892E-010
           4          26  -9.6736922290682887E-011
           4          27   1.7375674865603332E-009
           4          28  -2.9262377706042536E-010
           4          29   6.1109706449134694E-010
           4          30  -1.5947640290559788E-010
           4          31  -4.5963855511012703E-011
           4          32   3.1899680155138246E-010
           4          33  -4.9987372359656549E-011
           4          34  -4.2310958215969553E-011
           4          35   2.1126332066834582E-011
           4          36  -5.1133445286248385E-010
           4          37   1.3005672660893167E-010
           4          38   8.3045619306249920E-011
           4          39   4.2275463629557772E-010
           5           1  -1.7137794728130429E-009
           5           2   5.2705515849130039E-009
           5           3  -2.5410618942013563E-008
           5           4  -8.4405676726340722E-010
           5           5   2.3809654623291974     
           5           6   2.1467640007023915E-009
           5           7   9.0910148414942904E-008
           5           8   3.4107095952327877E-009
           5           9  -1.0604039982271640     
           5          10   4.1969389391312710E-009
           5          11  -1.9586230322098393E-007
           5          12  -7.4003312300696107E-009
           5          13  0.34729420345812478     
           5          14   6.3309879141278602E-010
           5          15   3.6919349822421388E-007
           5          16   1.3414856355355036E-008
           5          17   2.9701825624966115E-002
           5          18  -5.7048873482614278E-010
           5          19  -1.4954964431793746E-007
           5          20  -5.3954022686257116E-009
           5          21  -1.2896635773907567E-002
           5          22  -1.1639712383797319E-009
           5          23   1.6786699445566032E-010
           5          24  -1.0244920880738368E-009
           5          25  -6.4129247182361841E-010
           5          26  -5.0169900141795624E-010
           5          27  -1.4032215639377693E-009
           5          28  -2.1820027216434650E-009
           5          29  -1.9204482533842177E-010
           5          30  -1.1837553907866982E-009
           5          31   8.5080810686618752E-010
           5          32   1.8687545761230110E-010
           5          33  -2.0946739773303921E-009
           5          34  -4.5295289672967172E-010
           5          35   1.0139323106537852E-010
           5          36  -3.8095887939199254E-010
           5          37   1.2693132142194186E-010
           5          38   1.3050853281628158E-010
           5          39  -3.1594273749331647E-010
           6           1  0.64562707344545189     
           6           2  -1.1462041792111570     
           6           3   6.1678955341970668E-011
           6           4  -3.4294423976695059E-009
           6           5   2.1467640007023915E-009
           6           6   3.0606487650744598     
           6           7   2.1470089657761012E-009
           6           8   7.0169929607000179E-010
           6           9   1.0038445769833462E-009
           6          10 -0.93176608314487641     
           6          11  -3.4883866819657462E-009
           6          12  -6.0187093405725981E-010
           6          13  -1.8400670336883771E-009
           6          14   6.8528920168579921E-002
           6          15   2.3506250824527226E-009
           6          16   5.4581704731499735E-010
           6          17   7.2716802507561534E-010
           6          18   6.8779870210714453E-002
           6          19  -5.1926303591376274E-010
           6          20  -2.6740968727594874E-010
           6          21  -1.7276630348349909E-010
           6          22  -4.2884271383443140E-002
           6          23  -3.6290644578740022E-008
           6          24  -4.2884274766161051E-002
           6          25   2.8432749453907095E-007
           6          26   1.1687283155189825E-008
           6          27  -4.2884279614843424E-002
           6          28 -0.10026412438271093     
           6          29  -5.0529859783359344E-008
           6          30 -0.10026413156665787     
           6          31   4.5177986478914849E-007
           6          32   1.4839404408224949E-008
           6          33 -0.10026413590453340     
           6          34  -1.9304260820947508E-002
           6          35   4.2821106795974074E-007
           6          36  -1.9304213306579499E-002
           6          37  -3.5379097843564780E-006
           6          38  -1.3164134984265032E-007
           6          39  -1.9304162723717044E-002
           7           1   1.7082946787352873E-010
           7           2  -7.6579554371708680E-010
           7           3  -1.0604039950742814     
           7           4  -1.0994730070662698E-008
           7           5   9.0910148414942904E-008
           7           6   2.1470089657761012E-009
           7           7   3.0008632619125519     
           7           8   3.8748669924450973E-008
           7           9  -3.2301052215853436E-007
           7          10  -1.4327786860832271E-008
           7          11  -1.2972511826575295     
           7          12  -8.3419869139438342E-008
           7          13   6.9485658886672644E-007
           7          14   4.1628365005583987E-010
           7          15  -7.7913864104812963E-002
           7          16   1.5540708316699174E-007
           7          17  -1.2972859633938922E-006
           7          18   4.2412700750252184E-010
           7          19   3.1851164264429556E-002
           7          20  -6.2974734653823257E-008
           7          21   5.2751037851564273E-007
           7          22   1.5999735595809395E-009
           7          23  -3.0186621537099382E-010
           7          24  -7.8350465497072017E-010
           7          25   1.8445092652893754E-010
           7          26   4.6209047780815751E-010
           7          27  -7.5916657929243874E-010
           7          28   1.4729647058414559E-009
           7          29  -5.3050610508698112E-010
           7          30   7.4753801432970465E-009
           7          31  -4.6380211410763678E-010
           7          32  -7.8476290890726812E-012
           7          33   7.4287933973658278E-009
           7          34   2.1107782132060555E-010
           7          35   8.3884556391833422E-010
           7          36   1.3934246955545496E-009
           7          37  -1.3325434171927378E-009
           7          38  -1.3415955255804121E-011
           7          39   1.8724504875351147E-009
           8           1   5.8343353280355529E-011
           8           2  -2.2520644701949630E-010
           8           3  -1.0887059539873557E-008
           8           4  -1.0604039960530967     
           8           5   3.4107095952327877E-009
           8           6   7.0169929607000179E-010
           8           7   3.8748669924450973E-008
           8           8   3.0008632670300273     
           8           9  -1.1980642426961813E-008
           8          10  -4.1671997243235265E-009
           8          11  -8.3433874957669172E-008
           8          12  -1.2972511935798323     
           8          13   2.5763869285627364E-008
           8          14  -8.8549403286126974E-011
           8          15   1.5571603297538417E-007
           8          16  -7.7913843738490751E-002
           8          17  -4.8145506146183230E-008
           8          18  -1.3238896360733847E-010
           8          19  -6.3173657194048505E-008
           8          20   3.1851155968585586E-002
           8          21   1.9471434469706843E-008
           8          22  -2.4932596411043810E-010
           8          23   3.9072186442554592E-010
           8          24  -1.7169563639334307E-010
           8          25  -9.3090756313072159E-010
           8          26   5.5881883475105154E-010
           8          27   1.3943985505570804E-010
           8          28   2.1879281154253084E-009
           8          29  -1.7307511183280604E-009
           8          30   1.7622850798448938E-009
           8          31   2.5605669951644978E-010
           8          32  -6.5271479299987518E-010
           8          33   1.3283454501148396E-009
           8          34  -3.8322704844612852E-010
           8          35  -6.1691643944470821E-010
           8          36   1.8814133745862727E-009
           8          37   6.6936417551408855E-011
           8          38  -1.3510992437876273E-009
           8          39  -1.1436542127028189E-009
           9           1  -3.5482098116074028E-013
           9           2  -9.6373151066558224E-011
           9           3   9.0453608657563064E-008
           9           4   3.0764142096062803E-009
           9           5  -1.0604039982271640     
           9           6   1.0038445769833462E-009
           9           7  -3.2301052215853436E-007
           9           8  -1.1980642426961813E-008
           9           9   3.0008632721164394     
           9          10  -5.3352538465573166E-009
           9          11   6.9483417663135887E-007
           9          12   2.5742055286867816E-008
           9          13  -1.2972512046642020     
           9          14  -1.8341706003055942E-010
           9          15  -1.2971833113419563E-006
           9          16  -4.7913729537835598E-008
           9          17  -7.7913823058361170E-002
           9          18   5.0486336391675772E-010
           9          19   5.2750602818378316E-007
           9          20   1.9393718806542414E-008
           9          21   3.1851147670246091E-002
           9          22  -3.8164363533796190E-010
           9          23  -5.8399725383276112E-010
           9          24   5.8210190747554353E-010
           9          25   1.0706903511972224E-009
           9          26   9.0022037131873560E-010
           9          27  -3.6552669474461930E-010
           9          28   2.5802838462074312E-009
           9          29   1.1595460426723677E-010
           9          30   3.1958206072165028E-010
           9          31  -2.4406288100925065E-009
           9          32  -9.8556275594118701E-010
           9          33   2.6864194978461538E-009
           9          34   1.7139425806776730E-009
           9          35  -2.0462541881083307E-011
           9          36   4.6468732388761997E-010
           9          37  -8.2046642341435935E-010
           9          38   8.4306043620793708E-010
           9          39   3.8637517452939594E-010
          10           1  0.10721990055750823     
          10           2  0.30974568878683661     
          10           3   4.6969379723706769E-009
          10           4   3.4528346199926295E-010
          10           5   4.1969389391312710E-009
          10           6 -0.93176608314487641     
          10           7  -1.4327786860832271E-008
          10           8  -4.1671997243235265E-009
          10           9  -5.3352538465573166E-009
          10          10   2.4940407706998284     
          10          11   2.0977548698155021E-008
          10          12   5.0699424427436746E-009
          10          13   9.7856127171094167E-009
          10          14 -0.15093748202527280     
          10          15  -4.5072622195872071E-009
          10          16  -7.7278877192519585E-010
          10          17  -1.5748373911527821E-009
          10          18 -0.17631553718743678     
          10          19   7.2823657626527997E-010
          10          20   3.9190040921169111E-010
          10          21   3.5138452054897046E-010
          10          22  -2.4240626223798328E-002
          10          23   4.7998688280223487E-007
          10          24  -2.4240575389918112E-002
          10          25  -3.8518191463247972E-006
          10          26  -1.5020610998739678E-007
          10          27  -2.4240518435922592E-002
          10          28  -1.2170679545484625E-003
          10          29  -5.6685568428460984E-007
          10          30  -1.2171265719101362E-003
          10          31   4.5360162935160599E-006
          10          32   1.7809469682757196E-007
          10          33  -1.2171976698337117E-003
          10          34   2.4698094054703280E-002
          10          35  -1.4010872875569578E-006
          10          36   2.4697939268425784E-002
          10          37   1.1510880780665019E-005
          10          38   4.3249935137361106E-007
          10          39   2.4697773868335222E-002
          11           1  -3.3400706312511017E-010
          11           2   1.4019609390506798E-009
          11           3  0.34729419710003673     
          11           4   2.3463236334836725E-008
          11           5  -1.9586230322098393E-007
          11           6  -3.4883866819657462E-009
          11           7  -1.2972511826575295     
          11           8  -8.3433874957669172E-008
          11           9   6.9483417663135887E-007
          11          10   2.0977548698155021E-008
          11          11   2.5208968533325673     
          11          12   1.7849618094734209E-007
          11          13  -1.4854893320745762E-006
          11          14  -1.1448204831021956E-009
          11          15  0.13882885102421594     
          11          16  -3.0822684038077935E-007
          11          17   2.5684036145103128E-006
          11          18  -1.4652525823547971E-009
          11          19  -5.6216034659479025E-002
          11          20   1.2640771741701971E-007
          11          21  -1.0558927857319664E-006
          11          22  -3.0385597126573873E-009
          11          23  -4.0606612617242655E-010
          11          24   1.4967585408311120E-009
          11          25  -1.9278444240057839E-010
          11          26   2.1039071266758556E-010
          11          27   1.4678689488749695E-009
          11          28  -5.6358558979800716E-011
          11          29   5.7520184989140071E-010
          11          30  -1.1195438442042546E-008
          11          31   1.4192019085011994E-009
          11          32   1.3040912127313335E-010
          11          33  -1.1126623396227947E-008
          11          34   3.0678723225099936E-010
          11          35  -1.2559331298564280E-009
          11          36  -3.1589246170022859E-009
          11          37   2.8164236326396507E-009
          11          38   1.6811296098418505E-011
          11          39  -3.9434717637208799E-009
          12           1  -6.8441645748009448E-011
          12           2   2.9869635444696608E-010
          12           3   2.3433478501408243E-008
          12           4  0.34729420009168088     
          12           5  -7.4003312300696107E-009
          12           6  -6.0187093405725981E-010
          12           7  -8.3419869139438342E-008
          12           8  -1.2972511935798323     
          12           9   2.5742055286867816E-008
          12          10   5.0699424427436746E-009
          12          11   1.7849618094734209E-007
          12          12   2.5208968766754674     
          12          13  -5.5067425529102273E-008
          12          14   1.7342319494148470E-010
          12          15  -3.0874271405656501E-007
          12          16  0.13882881065353836     
          12          17   9.5384498467042051E-008
          12          18   7.9429231057668272E-011
          12          19   1.2669468377461676E-007
          12          20  -5.6216017999748583E-002
          12          21  -3.9018093859391627E-008
          12          22   2.7281393228277886E-010
          12          23  -1.4101965106193543E-009
          12          24   1.9659603939468149E-010
          12          25   4.1008921282455210E-010
          12          26  -8.7043659449660050E-010
          12          27  -6.1769552467263197E-010
          12          28  -2.9248657321982567E-009
          12          29   3.4881080210513297E-009
          12          30  -2.4193570788909560E-009
          12          31  -6.1112283793291638E-010
          12          32   1.8351027124835075E-009
          12          33  -8.0657403908498464E-010
          12          34   4.2760868659062434E-010
          12          35   1.9604744936817419E-009
          12          36  -3.2352390533699692E-009
          12          37  -2.1524585619128812E-010
          12          38   2.7933542273000516E-009
          12          39   2.0582830906129424E-009
          13           1  -1.4167189111046715E-010
          13           2   6.0281151707992842E-010
          13           3  -1.9531383621207655E-007
          13           4  -7.0672005414510949E-009
          13           5  0.34729420345812478     
          13           6  -1.8400670336883771E-009
          13           7   6.9485658886672644E-007
          13           8   2.5763869285627364E-008
          13           9  -1.2972512046642020     
          13          10   9.7856127171094167E-009
          13          11  -1.4854893320745762E-006
          13          12  -5.5067425529102273E-008
          13          13   2.5208969004099435     
          13          14   2.0057577859429228E-010
          13          15   2.5682714349380407E-006
          13          16   9.4905535655982903E-008
          13          17  0.13882876969320812     
          13          18  -1.1887450753415604E-009
          13          19  -1.0558805403808256E-006
          13          20  -3.8851371863783154E-008
          13          21  -5.6216001378914554E-002
          13          22   6.9661271412097950E-010
          13          23   1.7182081645484815E-010
          13          24  -1.3799266545510038E-009
          13          25  -2.0686151582618758E-009
          13          26  -6.8308982081141113E-010
          13          27   9.4312894720960185E-010
          13          28  -4.7473794215948382E-009
          13          29  -3.4713563282807993E-010
          13          30   2.4499569778136445E-010
          13          31   5.0829023264604732E-009
          13          32   1.7077029737230001E-009
          13          33  -5.5538930797482962E-009
          13          34  -3.2714261775509789E-009
          13          35   4.1347661036111382E-011
          13          36  -3.9296954469248556E-010
          13          37   2.4962310781374441E-009
          13          38  -1.2423479333932149E-009
          13          39  -1.1983311164983285E-009
          14           1  -4.8933916324817158E-004
          14           2  -2.9168462295866261E-002
          14           3  -1.6341623112379103E-010
          14           4   3.3856460032930819E-010
          14           5   6.3309879141278602E-010
          14           6   6.8528920168579921E-002
          14           7   4.1628365005583987E-010
          14           8  -8.8549403286126974E-011
          14           9  -1.8341706003055942E-010
          14          10 -0.15093748202527280     
          14          11  -1.1448204831021956E-009
          14          12   1.7342319494148470E-010
          14          13   2.0057577859429228E-010
          14          14  0.29973506784970522     
          14          15   8.0809891303079733E-009
          14          16   8.1250486742555856E-010
          14          17   3.8142972745812443E-009
          14          18  0.31388228377679489     
          14          19  -1.2603271563710611E-009
          14          20  -3.2883141258141564E-010
          14          21  -1.0886497999408341E-009
          14          22   1.1603248771022302E-003
          14          23   1.4354490736733671E-007
          14          24   1.1603428047824466E-003
          14          25  -1.1849750890604619E-006
          14          26  -4.3655007002312997E-008
          14          27   1.1603563763803221E-003
          14          28  -6.7324981715234508E-003
          14          29  -4.1406021885921724E-007
          14          30  -6.7325490641561439E-003
          14          31   3.4113058596669669E-006
          14          32   1.2637629410188544E-007
          14          33  -6.7325892512797745E-003
          14          34  -1.1776119867442167E-002
          14          35   2.7962968757105002E-007
          14          36  -1.1776091435498017E-002
          14          37  -2.3120587374342933E-006
          14          38  -8.6821556148308440E-008
          14          39  -1.1776054413402865E-002
          15           1   2.3118358638638143E-010
          15           2  -9.5067191148035180E-010
          15           3   2.9701837641878517E-002
          15           4  -4.4139492090482085E-008
          15           5   3.6919349822421388E-007
          15           6   2.3506250824527226E-009
          15           7  -7.7913864104812963E-002
          15           8   1.5571603297538417E-007
          15           9  -1.2971833113419563E-006
          15          10  -4.5072622195872071E-009
          15          11  0.13882885102421594     
          15          12  -3.0874271405656501E-007
          15          13   2.5682714349380407E-006
          15          14   8.0809891303079733E-009
          15          15   7.7140314283710709E-003
          15          16  -3.3958828707658193E-008
          15          17   2.8264184137534190E-007
          15          18   8.4592462328257367E-009
          15          19  -3.1254114535753134E-003
          15          20   1.3845994362530431E-008
          15          21  -1.1536162826944099E-007
          15          22   3.8397085330723895E-009
          15          23  -4.4310943756826857E-010
          15          24  -1.5549108896101477E-009
          15          25   3.0930330560339324E-009
          15          26   3.7664639441532486E-010
          15          27  -2.2362469997657593E-009
          15          28  -9.3478066437269790E-009
          15          29   8.9842430142407994E-010
          15          30   2.8969725120085099E-009
          15          31  -8.6923423273962179E-009
          15          32  -3.8022999952897977E-010
          15          33   4.5992802963410521E-009
          15          34  -6.3184803777642072E-009
          15          35   5.1425159791299028E-010
          15          36   1.9367353112816486E-009
          15          37  -5.7296869031192536E-009
          15          38  -2.7902531954245275E-010
          15          39   3.0066293530987052E-009
          16           1   3.5325418044652470E-011
          16           2  -1.7394115551964858E-010
          16           3  -4.4842308128126231E-008
          16           4   2.9701831038645016E-002
          16           5   1.3414856355355036E-008
          16           6   5.4581704731499735E-010
          16           7   1.5540708316699174E-007
          16           8  -7.7913843738490751E-002
          16           9  -4.7913729537835598E-008
          16          10  -7.7278877192519585E-010
          16          11  -3.0822684038077935E-007
          16          12  0.13882881065353836     
          16          13   9.4905535655982903E-008
          16          14   8.1250486742555856E-010
          16          15  -3.3958828707658193E-008
          16          16   7.7140269772568073E-003
          16          17   1.0462562910004068E-008
          16          18   8.4821682509581441E-010
          16          19   1.3847637188127946E-008
          16          20  -3.1254096311846020E-003
          16          21  -4.2600089057989887E-009
          16          22  -9.1942835322909400E-010
          16          23   5.3369207770185168E-009
          16          24   1.1242217647233835E-009
          16          25  -6.4056151932097597E-010
          16          26   3.1930880262406274E-009
          16          27  -1.8689085281751541E-010
          16          28   1.8769686236471527E-009
          16          29  -1.1137187888645845E-008
          16          30  -2.3752022655763235E-009
          16          31   1.4604771355898673E-009
          16          32  -9.2494760289828256E-009
          16          33   5.5159225788126222E-011
          16          34   1.3546128305443735E-009
          16          35  -7.5833814815321390E-009
          16          36  -1.6893141249054170E-009
          16          37   9.9425354598461369E-010
          16          38  -6.1118667292161078E-009
          16          39   1.7769172036407377E-010
          17           1   8.3536444944847758E-011
          17           2  -3.2482330265015665E-010
          17           3   3.6850492187499034E-007
          17           4   1.3785275867987105E-008
          17           5   2.9701825624966115E-002
          17           6   7.2716802507561534E-010
          17           7  -1.2972859633938922E-006
          17           8  -4.8145506146183230E-008
          17           9  -7.7913823058361170E-002
          17          10  -1.5748373911527821E-009
          17          11   2.5684036145103128E-006
          17          12   9.5384498467042051E-008
          17          13  0.13882876969320812     
          17          14   3.8142972745812443E-009
          17          15   2.8264184137534190E-007
          17          16   1.0462562910004068E-008
          17          17   7.7140224736045497E-003
          17          18   3.9145163107003740E-009
          17          19  -1.1536211245770215E-007
          17          20  -4.2613736748979065E-009
          17          21  -3.1254078064522320E-003
          17          22  -6.9675281363008667E-010
          17          23   6.1725535709703198E-011
          17          24   4.6238226598311618E-009
          17          25   6.1890434078168541E-009
          17          26   2.0146095716474553E-010
          17          27  -3.9042311802584263E-009
          17          28   1.5015009201495536E-009
          17          29   8.0424588647880451E-010
          17          30  -1.1266335512396737E-008
          17          31  -1.4660926484513686E-008
          17          32  -1.0165229019045073E-009
          17          33   8.9567046776003549E-009
          17          34   8.7019087043807715E-010
          17          35   5.3232309551407508E-010
          17          36  -7.5198224646516344E-009
          17          37  -9.9426131302084929E-009
          17          38  -8.0998164113499581E-010
          17          39   5.9326603912718476E-009
          18           1   9.4128201962880766E-003
          18           2  -2.8990572094163475E-002
          18           3  -5.0115122922803284E-010
          18           4  -3.0727486076675393E-010
          18           5  -5.7048873482614278E-010
          18           6   6.8779870210714453E-002
          18           7   4.2412700750252184E-010
          18           8  -1.3238896360733847E-010
          18           9   5.0486336391675772E-010
          18          10 -0.17631553718743678     
          18          11  -1.4652525823547971E-009
          18          12   7.9429231057668272E-011
          18          13  -1.1887450753415604E-009
          18          14  0.31388228377679489     
          18          15   8.4592462328257367E-009
          18          16   8.4821682509581441E-010
          18          17   3.9145163107003740E-009
          18          18  0.32896105672596954     
          18          19  -1.3172680024107593E-009
          18          20  -3.4346923216833707E-010
          18          21  -1.1069892684059268E-009
          18          22   3.7968414342201068E-004
          18          23   4.5781438084078523E-007
          18          24   3.7973467107882202E-004
          18          25  -3.7940920925734726E-006
          18          26  -1.4262333100670019E-007
          18          27   3.7979045788438803E-004
          18          28  -7.0490727086495886E-003
          18          29  -1.1633176916550517E-006
          18          30  -7.0492010764155186E-003
          18          31   9.6347071285480310E-006
          18          32   3.6236386360961513E-007
          18          33  -7.0493424294395951E-003
          18          34  -1.2412345807054153E-002
          18          35  -1.9047580868997185E-007
          18          36  -1.2412365910436051E-002
          18          37   1.5939348087791767E-006
          18          38   6.1484575519956433E-008
          18          39  -1.2412392681565576E-002
          19           1  -4.7336908627410175E-011
          19           2   1.9811848969181523E-010
          19           3  -1.2896640897097853E-002
          19           4   1.7900255191355834E-008
          19           5  -1.4954964431793746E-007
          19           6  -5.1926303591376274E-010
          19           7   3.1851164264429556E-002
          19           8  -6.3173657194048505E-008
          19           9   5.2750602818378316E-007
          19          10   7.2823657626527997E-010
          19          11  -5.6216034659479025E-002
          19          12   1.2669468377461676E-007
          19          13  -1.0558805403808256E-006
          19          14  -1.2603271563710611E-009
          19          15  -3.1254114535753134E-003
          19          16   1.3847637188127946E-008
          19          17  -1.1536211245770215E-007
          19          18  -1.3172680024107593E-009
          19          19   1.2668751101407318E-003
          19          20  -5.6530772889335882E-009
          19          21   4.7141554841150849E-008
          19          22  -1.6473075718871934E-009
          19          23  -2.4984348620741952E-011
          19          24  -3.3381853704140739E-010
          19          25  -7.6494110902050517E-010
          19          26  -3.1045885574930693E-010
          19          27   1.9725870348167144E-009
          19          28   3.9536643058360164E-009
          19          29   3.1503981268491346E-010
          19          30   1.1241080668891717E-009
          19          31   2.9723134571216279E-009
          19          32   3.6946514107803009E-010
          19          33  -4.4640779497662780E-009
          19          34   2.6201324662009064E-009
          19          35   2.4221961723944133E-010
          19          36   6.7165855152783391E-010
          19          37   1.9350239544350250E-009
          19          38   2.6209778789241466E-010
          19          39  -2.9732195568466373E-009
          20           1  -1.7217023813868605E-011
          20           2   8.4464531715875147E-011
          20           3   1.8860387544832456E-008
          20           4  -1.2896637775364888E-002
          20           5  -5.3954022686257116E-009
          20           6  -2.6740968727594874E-010
          20           7  -6.2974734653823257E-008
          20           8   3.1851155968585586E-002
          20           9   1.9393718806542414E-008
          20          10   3.9190040921169111E-010
          20          11   1.2640771741701971E-007
          20          12  -5.6216017999748583E-002
          20          13  -3.8851371863783154E-008
          20          14  -3.2883141258141564E-010
          20          15   1.3845994362530431E-008
          20          16  -3.1254096311846020E-003
          20          17  -4.2613736748979065E-009
          20          18  -3.4346923216833707E-010
          20          19  -5.6530772889335882E-009
          20          20   1.2668743628553288E-003
          20          21   1.7372283250817121E-009
          20          22  -5.2722413185527870E-010
          20          23  -1.6121817862679112E-009
          20          24  -4.6144976380144447E-009
          20          25  -2.9202766926361082E-010
          20          26  -1.1453717943349424E-009
          20          27   5.1323339062651890E-009
          20          28   1.4479979223213900E-009
          20          29   3.5514870149834210E-009
          20          30   1.0910764268273703E-008
          20          31   4.3733859284681806E-011
          20          32   2.9449020198929901E-009
          20          33  -1.2179405714150387E-008
          20          34   8.9913673715202782E-010
          20          35   2.4140245634346205E-009
          20          36   7.2061320678114957E-009
          20          37   4.3849570034211679E-011
          20          38   1.9473935381374700E-009
          20          39  -8.0400235580276270E-009
          21           1  -2.1656523535356775E-011
          21           2   8.0474227821261772E-011
          21           3  -1.4958925956566037E-007
          21           4  -5.5638330210244653E-009
