           1           1   2.2110504063073266     
           1           2 -0.80913232447361705     
           1           3  -3.4020793766927087E-014
           1           4  -7.4835602093622715E-014
           1           5   2.3134223616131431E-014
           1           6  0.36575758387786611     
           1           7   1.1605865109501340E-013
           1           8   5.6225532216610489E-014
           1           9   4.8401329967446533E-014
           1          10 -0.59025252913939164     
           1          11  -3.8163698967710738E-014
           1          12  -3.3383783497844039E-014
           1          13   5.3978243203127642E-016
           1          14   1.1437499154625394E-003
           1          15   5.2347656764063099E-014
           1          16  -1.6732459507225591E-014
           1          17  -2.7086557814663475E-014
           1          18  -1.6643557016103027E-004
           1          19  -1.1590908293648150E-014
           1          20   5.1060778073458271E-014
           1          21   1.1608215141726417E-014
           1          22   1.6278492526851970E-002
           1          23   5.5431107549512510E-014
           1          24   1.6278492526830390E-002
           1          25  -4.1246232973812750E-014
           1          26   3.8164987849177781E-014
           1          27   1.6278492526857286E-002
           1          28  0.19950883310205011     
           1          29  -2.3166685926798912E-014
           1          30  0.19950883310214981     
           1          31  -1.3975443392619428E-014
           1          32  -1.9596750702630634E-014
           1          33  0.19950883310214113     
           1          34   4.0603158265668151E-003
           1          35   6.9652175020365853E-015
           1          36   4.0603158265233516E-003
           1          37  -4.4873221785224979E-014
           1          38   6.4339729702840074E-015
           1          39   4.0603158264869311E-003
           2           1 -0.80913232447361705     
           2           2   3.2342612900160930     
           2           3   1.3929412554776349E-013
           2           4   2.4844162075657055E-013
           2           5  -5.6663708346665919E-014
           2           6 -0.51976104685731295     
           2           7  -4.3375911797975001E-013
           2           8  -2.2096956508929099E-013
           2           9  -2.0153056802115117E-013
           2          10   3.1718979000398604     
           2          11   1.4774289648245104E-013
           2          12   1.5598237043936465E-013
           2          13   1.2183665781764397E-014
           2          14  -2.6597761506537053E-002
           2          15  -2.4206823592072141E-013
           2          16   8.5482146490798355E-014
           2          17   1.0366169666444263E-013
           2          18   6.9523342707895957E-003
           2          19   4.2460924668571255E-014
           2          20  -2.4638728821226069E-013
           2          21  -3.4932230941118720E-014
           2          22 -0.60940457660699265     
           2          23  -2.0691022238677966E-013
           2          24 -0.60940457660687897     
           2          25   1.5589340791451173E-013
           2          26  -1.5945304740903701E-013
           2          27 -0.60940457660702085     
           2          28  -1.1090528085443587     
           2          29   9.9213783813940164E-014
           2          30  -1.1090528085448024     
           2          31   7.4894111449382953E-014
           2          32   8.7674252862044110E-014
           2          33  -1.1090528085447287     
           2          34  -8.5463155049987048E-003
           2          35  -1.9065048232708019E-014
           2          36  -8.5463155048085340E-003
           2          37   2.2234962048818249E-013
           2          38  -2.2700511387938673E-014
           2          39  -8.5463155046379344E-003
           3           1  -3.4020793766927087E-014
           3           2   1.3929412554776349E-013
           3           3   2.3845711128840481     
           3           4  -4.1183419521834305E-016
           3           5  -6.7849371954141428E-016
           3           6  -2.6371749506531121E-013
           3           7  -1.0728351968247014     
           3           8   2.1306741093675706E-015
           3           9   2.6584637269345180E-015
           3          10   1.8385342335521108E-013
           3          11  0.37381348625468247     
           3          12  -2.5708601913958051E-015
           3          13  -7.7125805741922596E-015
           3          14  -5.0030436299973062E-014
           3          15  -4.6407531628625667E-002
           3          16  -2.5094672433804654E-014
           3          17  -7.7747053586745225E-015
           3          18   4.0160170402916769E-014
           3          19   2.4798296009805071E-002
           3          20   1.7706078573800535E-014
           3          21   2.1996076834951975E-014
           3          22  -7.4181436041784056E-014
           3          23   3.7896724963808776E-015
           3          24   2.9115934339260443E-014
           3          25  -2.0163539055855760E-014
           3          26   6.7748809551860970E-015
           3          27  -5.0768224889730655E-014
           3          28  -6.4641121260502340E-014
           3          29   2.2443466455290321E-014
           3          30  -1.1018384316500923E-013
           3          31   1.4600411681198082E-016
           3          32   1.0787873171186758E-014
           3          33  -6.4090058496014517E-014
           3          34  -1.3895225153086369E-014
           3          35   1.3756161170987390E-014
           3          36   2.2146338004742249E-014
           3          37  -3.5095541649946669E-015
           3          38  -1.7602215002133628E-016
           3          39   1.4055259342186606E-014
           4           1  -7.4835602093622715E-014
           4           2   2.4844162075657055E-013
           4           3  -4.1183419521834305E-016
           4           4   2.3845711128840517     
           4           5  -4.1741783640668935E-016
           4           6  -1.2792869837845231E-013
           4           7   4.2444346648421491E-015
           4           8  -1.0728351968247052     
           4           9   6.2770968978222390E-015
           4          10   2.9539199125549758E-013
           4          11  -6.4210789463228448E-015
           4          12  0.37381348625470590     
           4          13  -7.5998235482485701E-015
           4          14   4.0129924239676273E-015
           4          15  -2.3207347502589354E-015
           4          16  -4.6407531628657184E-002
           4          17   7.4301459082760267E-015
           4          18  -3.7136567693953321E-015
           4          19   6.9933750630709465E-015
           4          20   2.4798296009805501E-002
           4          21   1.8805486681825942E-015
           4          22  -4.2670122776097369E-014
           4          23  -4.5318043755235244E-014
           4          24  -6.6568315060977226E-014
           4          25   2.8767930613509647E-014
           4          26  -5.5126728121827251E-014
           4          27   2.2961368534646450E-014
           4          28  -1.1999533570743938E-013
           4          29   1.5271487417323459E-014
           4          30  -1.4481516769294269E-013
           4          31  -9.1415082357121127E-015
           4          32   2.5666465931913357E-014
           4          33  -1.3287467095660883E-013
           4          34  -2.4760663857173588E-014
           4          35   3.3593036719132071E-015
           4          36   9.3741165874611214E-015
           4          37   2.9343095236971961E-015
           4          38  -2.6323547277314283E-015
           4          39   1.4786265477295668E-015
           5           1   2.3134223616131431E-014
           5           2  -5.6663708346665919E-014
           5           3  -6.7849371954141428E-016
           5           4  -4.1741783640668935E-016
           5           5   2.3845711128840481     
           5           6  -2.3210891628253375E-013
           5           7  -3.2612801348400685E-016
           5           8  -6.7446048745986125E-015
           5           9  -1.0728351968247010     
           5          10   9.9828665186860647E-014
           5          11   3.7504721550622427E-015
           5          12   1.0240072678692561E-014
           5          13  0.37381348625469324     
           5          14   1.8123827556388915E-014
           5          15  -3.5570504874963689E-015
           5          16  -2.3951760713678908E-014
           5          17  -4.6407531628637567E-002
           5          18  -3.8321293847409684E-015
           5          19   1.5453513035195914E-014
           5          20   8.3389783793409161E-015
           5          21   2.4798296009808488E-002
           5          22  -1.8933472740496012E-013
           5          23  -5.0824932355159202E-014
           5          24   1.2361573254879116E-013
           5          25   9.1051263575112404E-015
           5          26  -3.8028240521205106E-014
           5          27   9.0251352778416895E-014
           5          28  -2.1940982124782648E-014
           5          29   2.6607919892526835E-014
           5          30  -8.2303604471953185E-014
           5          31   5.5245079060188485E-015
           5          32   9.8081253917763818E-015
           5          33  -3.0764781264755658E-014
           5          34  -2.4463628622133320E-014
           5          35   5.8174394376028247E-015
           5          36   1.1253559541182071E-014
           5          37   5.1605051551865699E-016
           5          38  -4.9031628913264342E-015
           5          39  -5.5789696340395809E-016
           6           1  0.36575758387786611     
           6           2 -0.51976104685731295     
           6           3  -2.6371749506531121E-013
           6           4  -1.2792869837845231E-013
           6           5  -2.3210891628253375E-013
           6           6   2.0583529629831832     
           6           7   6.2582542909735773E-013
           6           8   4.0493479760495338E-013
           6           9   3.3605311315545299E-013
           6          10  -4.1457821585150434     
           6          11  -1.2517202683906976E-013
           6          12  -2.0636079846040256E-013
           6          13   6.9949302690710914E-014
           6          14   1.8952280648824121E-002
           6          15   3.3302608870337584E-013
           6          16  -1.0343518185579757E-013
           6          17  -1.4956750410807731E-013
           6          18  -5.0099429283123886E-003
           6          19  -7.9857449654413219E-014
           6          20   3.2182308565424441E-013
           6          21   6.3050848647586222E-014
           6          22  0.23459060981723431     
           6          23   3.0612176519901084E-013
           6          24  0.23459060981707319     
           6          25  -2.2621364395332046E-013
           6          26   2.5937889947917684E-013
           6          27  0.23459060981742708     
           6          28   1.3924183532857752     
           6          29  -1.1041481319609153E-013
           6          30   1.3924183532862040     
           6          31  -9.2548672267085615E-014
           6          32  -1.1302126405081109E-013
           6          33   1.3924183532861392     
           6          34   1.7668178380916704E-002
           6          35   5.7543332933405157E-014
           6          36   1.7668178380681507E-002
           6          37  -2.7331481587366948E-013
           6          38   3.5095767420348000E-014
           6          39   1.7668178380442302E-002
           7           1   1.1605865109501340E-013
           7           2  -4.3375911797975001E-013
           7           3  -1.0728351968247014     
           7           4   4.2444346648421491E-015
           7           5  -3.2612801348400685E-016
           7           6   6.2582542909735773E-013
           7           7   3.0433390267939808     
           7           8  -1.4398204850593413E-014
           7           9  -6.8521577301087998E-015
           7          10  -8.9082975795936996E-013
           7          11  -1.3860380882020786     
           7          12   5.7263221941724848E-015
           7          13   1.5022705301949118E-014
           7          14   1.6482660515319993E-013
           7          15  0.15974039285010119     
           7          16   9.1043925870530163E-014
           7          17   3.5868443631876133E-014
           7          18  -1.3393776852988032E-013
           7          19  -8.5672898775551565E-002
           7          20  -6.3712164884064365E-014
           7          21  -9.6278237118896046E-014
           7          22   1.6535427044999900E-013
           7          23   4.1392736502732094E-015
           7          24  -3.1261044083224686E-014
           7          25   5.4091347156058286E-014
           7          26  -1.9635431422274126E-014
           7          27   1.8627678216271855E-013
           7          28   3.3595659968817772E-013
           7          29  -9.5492453140371486E-014
           7          30   5.0739758950779349E-013
           7          31  -2.4148886389556708E-015
           7          32  -4.6487413173351829E-014
           7          33   3.3410336473187191E-013
           7          34   6.7100688259915698E-014
           7          35  -5.1107096868428005E-014
           7          36  -6.7888799794455945E-014
           7          37   8.5850492240934587E-015
           7          38  -5.9258095071366203E-016
           7          39  -3.0384715435006102E-014
           8           1   5.6225532216610489E-014
           8           2  -2.2096956508929099E-013
           8           3   2.1306741093675706E-015
           8           4  -1.0728351968247052     
           8           5  -6.7446048745986125E-015
           8           6   4.0493479760495338E-013
           8           7  -1.4398204850593413E-014
           8           8   3.0433390267940128     
           8           9  -5.4817261840923271E-016
           8          10  -9.2969938504746039E-013
           8          11   1.5312404122429082E-014
           8          12  -1.3860380882021395     
           8          13   1.9498291869959309E-014
           8          14  -4.2127646217533135E-014
           8          15  -5.4808588221641680E-015
           8          16  0.15974039285019584     
           8          17  -7.9263852426606384E-015
           8          18   1.5247144542493612E-014
           8          19  -1.5507235252830300E-014
           8          20  -8.5672898775542863E-002
           8          21  -1.7183086550876106E-014
           8          22   1.0786220505910311E-013
           8          23   1.2476506963229477E-013
           8          24   9.4263316425402422E-014
           8          25  -6.5718384095935354E-014
           8          26   1.4470090578659258E-013
           8          27  -1.1279544336837369E-013
           8          28   3.7667751863821379E-013
           8          29  -5.7396091107689652E-014
           8          30   4.6228356417951103E-013
           8          31   2.0209593146528115E-014
           8          32  -8.3046429186897282E-014
           8          33   4.0979703786978733E-013
           8          34   9.1884084945348902E-014
           8          35  -1.7265246531232542E-014
           8          36   3.3410641071568703E-017
           8          37  -4.1560950396928041E-015
           8          38   1.3136339503039876E-014
           8          39   1.8166756967985203E-014
           9           1   4.8401329967446533E-014
           9           2  -2.0153056802115117E-013
           9           3   2.6584637269345180E-015
           9           4   6.2770968978222390E-015
           9           5  -1.0728351968247010     
           9           6   3.3605311315545299E-013
           9           7  -6.8521577301087998E-015
           9           8  -5.4817261840923271E-016
           9           9   3.0433390267939813     
           9          10  -2.6301609809775772E-013
           9          11   6.3352101342681704E-015
           9          12  -2.8657631823135654E-014
           9          13  -1.3860380882020953     
           9          14   2.5700255752328433E-014
           9          15  -8.5504520130910769E-015
           9          16   8.1016356817676572E-014
           9          17  0.15974039285014249     
           9          18  -3.1158139936375216E-014
           9          19  -3.8596946819180788E-014
           9          20  -4.4817882044470299E-014
           9          21  -8.5672898775570328E-002
           9          22   5.9083430420067677E-013
           9          23   1.3575634606824700E-013
           9          24  -2.9519379094619331E-013
           9          25  -4.4326104113593641E-014
           9          26   1.1265454262861515E-013
           9          27  -1.9229508330655961E-013
           9          28   4.5662690046048789E-014
           9          29  -8.1810444365349155E-014
           9          30   2.4284522656531692E-013
           9          31   5.9173019462014594E-015
           9          32  -3.2942977135538771E-014
           9          33   5.0761319544828348E-014
           9          34   7.0813577668590815E-014
           9          35  -1.8760880709097446E-014
           9          36  -7.3416040237246709E-014
           9          37  -4.4031153248797939E-015
           9          38   5.0420765733621937E-015
           9          39  -1.8741251420036483E-014
          10           1 -0.59025252913939164     
          10           2   3.1718979000398604     
          10           3   1.8385342335521108E-013
          10           4   2.9539199125549758E-013
          10           5   9.9828665186860647E-014
          10           6  -4.1457821585150434     
          10           7  -8.9082975795936996E-013
          10           8  -9.2969938504746039E-013
          10           9  -2.6301609809775772E-013
          10          10   39.839210708780655     
          10          11   1.2239639121652271E-012
          10          12   1.7718170738425380E-012
          10          13   1.0408509832738136E-012
          10          14  0.30193122979593562     
          10          15  -5.1564100556169605E-012
          10          16   1.6382245684864025E-012
          10          17   1.4540341441444769E-012
          10          18 -0.15721122378794677     
          10          19  -2.9455783649085341E-013
          10          20  -4.9469013783988870E-012
          10          21   5.9899810933519334E-013
          10          22  -1.2117641416119569     
          10          23  -8.2802941730612506E-013
          10          24  -1.2117641416099205     
          10          25  -1.3467663235941383E-013
          10          26  -1.0388227622060635E-012
          10          27  -1.2117641416112761     
          10          28  -15.000240775707399     
          10          29   1.5186450271213355E-012
          10          30  -15.000240775716927     
          10          31   2.2409658637199758E-012
          10          32   3.1253129586207433E-012
          10          33  -15.000240775714241     
          10          34 -0.83427217825349431     
          10          35   1.6430350873084594E-012
          10          36 -0.83427217825038824     
          10          37   6.3319256712707620E-012
          10          38  -8.0889192823661758E-013
          10          39 -0.83427217824640587     
          11           1  -3.8163698967710738E-014
          11           2   1.4774289648245104E-013
          11           3  0.37381348625468247     
          11           4  -6.4210789463228448E-015
          11           5   3.7504721550622427E-015
          11           6  -1.2517202683906976E-013
          11           7  -1.3860380882020786     
          11           8   1.5312404122429082E-014
          11           9   6.3352101342681704E-015
          11          10   1.2239639121652271E-012
          11          11   2.6977150620015129     
          11          12   2.6874336089867566E-014
          11          13  -1.8859913630807856E-014
          11          14  -2.7347554097963345E-013
          11          15 -0.25064408390050047     
          11          16  -2.0638612346908852E-013
          11          17  -6.2527240329810392E-014
          11          18   2.4663636145772493E-013
          11          19  0.13636241454537229     
          11          20   1.3112601282549344E-013
          11          21   1.8875482774018084E-013
          11          22  -9.0678577065280836E-014
          11          23  -9.7844124236689048E-014
          11          24   9.7884120647907496E-015
          11          25   1.2478634865026315E-014
          11          26  -3.8084101833296866E-014
          11          27  -1.5061179910451881E-013
          11          28  -4.0909073115489356E-013
          11          29   2.3863766306136967E-013
          11          30  -7.7291451408371813E-013
          11          31   9.7964502627828662E-015
          11          32   1.2763818282544056E-013
          11          33  -4.1787251517208479E-013
          11          34  -1.6573435262663174E-013
          11          35   9.9756836599004865E-014
          11          36   1.4218846326925916E-013
          11          37  -7.6521327879604982E-015
          11          38  -2.4763613685316143E-015
          11          39   6.1331884539769748E-014
          12           1  -3.3383783497844039E-014
          12           2   1.5598237043936465E-013
          12           3  -2.5708601913958051E-015
          12           4  0.37381348625470590     
          12           5   1.0240072678692561E-014
          12           6  -2.0636079846040256E-013
          12           7   5.7263221941724848E-015
          12           8  -1.3860380882021395     
          12           9  -2.8657631823135654E-014
          12          10   1.7718170738425380E-012
          12          11   2.6874336089867566E-014
          12          12   2.6977150620015977     
          12          13   2.5549007354224274E-014
          12          14  -3.2234573121342896E-014
          12          15   2.6810585001738646E-014
          12          16 -0.25064408390067877     
          12          17  -2.2931309628835104E-014
          12          18   4.8497003446777816E-014
          12          19   2.6605887631901224E-014
          12          20  0.13636241454536679     
          12          21   7.3233519942748418E-014
          12          22  -1.9960754660661356E-013
          12          23  -3.7144769051361654E-014
          12          24   6.5392427261830998E-014
          12          25   2.7734293318096983E-014
          12          26  -4.6351072523697828E-014
          12          27  -2.3964624544318783E-014
          12          28  -7.3715454323935364E-013
          12          29   7.5477292684411486E-014
          12          30  -8.7472966109105217E-013
          12          31  -5.5012632838132895E-014
          12          32   1.2246317875579760E-013
          12          33  -7.6431519753272882E-013
          12          34  -1.2822019770270610E-013
          12          35   4.0807384894500074E-014
          12          36  -3.2232675172740529E-015
          12          37  -3.0552726543669111E-015
          12          38  -1.5197437994617411E-014
          12          39  -3.6712859076778890E-014
          13           1   5.3978243203127642E-016
          13           2   1.2183665781764397E-014
          13           3  -7.7125805741922596E-015
          13           4  -7.5998235482485701E-015
          13           5  0.37381348625469324     
          13           6   6.9949302690710914E-014
          13           7   1.5022705301949118E-014
          13           8   1.9498291869959309E-014
          13           9  -1.3860380882020953     
          13          10   1.0408509832738136E-012
          13          11  -1.8859913630807856E-014
          13          12   2.5549007354224274E-014
          13          13   2.6977150620015484     
          13          14  -1.7429828217267523E-013
          13          15   5.5590948511011699E-014
          13          16  -1.4986969998349612E-013
          13          17 -0.25064408390061843     
          13          18   1.4631765894766331E-013
          13          19   6.6493685557658019E-014
          13          20   1.0819643792001657E-013
          13          21  0.13636241454544284     
          13          22  -1.6589887389091565E-013
          13          23  -6.0704531923468061E-014
          13          24   1.0884234580757128E-013
          13          25   3.1697743898847858E-014
          13          26  -1.6484945474961387E-014
          13          27  -5.9330264484044548E-014
          13          28  -3.8331971140823172E-013
          13          29   1.2400961526157135E-013
          13          30  -6.8697344812635718E-013
          13          31  -2.3375670875307758E-014
          13          32   5.0932352538834017E-016
          13          33  -3.0661134368197768E-013
          13          34  -9.1614787502383344E-014
          13          35   4.6985646686822850E-014
          13          36   1.0465493586642955E-013
          13          37  -9.4874200072267641E-015
          13          38  -8.1335724756355021E-016
          13          39   9.0987865116220364E-015
          14           1   1.1437499154625394E-003
          14           2  -2.6597761506537053E-002
          14           3  -5.0030436299973062E-014
          14           4   4.0129924239676273E-015
          14           5   1.8123827556388915E-014
          14           6   1.8952280648824121E-002
          14           7   1.6482660515319993E-013
          14           8  -4.2127646217533135E-014
          14           9   2.5700255752328433E-014
          14          10  0.30193122979593562     
          14          11  -2.7347554097963345E-013
          14          12  -3.2234573121342896E-014
          14          13  -1.7429828217267523E-013
          14          14   7.2771226594471865E-003
          14          15  -6.1358916841786981E-014
          14          16   2.7163780489355779E-014
          14          17   3.1570549690787238E-014
          14          18  -3.5513862417524038E-003
          14          19  -1.9048527510898563E-014
          14          20  -7.9436817328447361E-014
          14          21   6.0894216238260093E-015
          14          22   6.7929201300428836E-003
          14          23   5.5626051024099432E-015
          14          24   6.7929201305133736E-003
          14          25   3.9676476543064147E-015
          14          26  -3.2172828220238478E-014
          14          27   6.7929201303582451E-003
          14          28 -0.13892101882802621     
          14          29  -2.3084096383190790E-014
          14          30 -0.13892101882816993     
          14          31   2.8720482106375745E-014
          14          32   1.6194602884070294E-013
          14          33 -0.13892101882812105     
          14          34  -1.4565318794801272E-002
          14          35   2.8133451661851244E-014
          14          36  -1.4565318794748386E-002
          14          37   1.0625995146045364E-013
          14          38  -1.6846210882224045E-014
          14          39  -1.4565318794687617E-002
          15           1   5.2347656764063099E-014
          15           2  -2.4206823592072141E-013
          15           3  -4.6407531628625667E-002
          15           4  -2.3207347502589354E-015
          15           5  -3.5570504874963689E-015
          15           6   3.3302608870337584E-013
          15           7  0.15974039285010119     
          15           8  -5.4808588221641680E-015
          15           9  -8.5504520130910769E-015
          15          10  -5.1564100556169605E-012
          15          11 -0.25064408390050047     
          15          12   2.6810585001738646E-014
          15          13   5.5590948511011699E-014
          15          14  -6.1358916841786981E-014
          15          15   2.5335519611631142E-002
          15          16   1.2369228904617664E-014
          15          17   1.2246063534644016E-015
          15          18   2.7729043695565845E-014
          15          19  -1.3594346152407318E-002
          15          20  -7.9023972683368687E-015
          15          21  -1.0950062471493751E-014
          15          22   6.8982966643462048E-014
          15          23   5.5685916185076832E-015
          15          24   1.0786276985725157E-013
          15          25  -4.0185932791081193E-015
          15          26  -3.9348986785561127E-015
          15          27   1.0553187782849096E-013
          15          28   2.3446462624308516E-012
          15          29  -1.8355531200497446E-014
          15          30   2.3662962856102740E-012
          15          31   9.8344419358595272E-017
          15          32   3.0990241708014311E-015
          15          33   2.3446989906733755E-012
          15          34   2.1330067265822194E-013
          15          35  -6.4508641956054595E-015
          15          36   1.9395696517452690E-013
          15          37   1.1704239279666809E-015
          15          38  -1.5192359920174929E-016
          15          39   1.9862159998498113E-013
          16           1  -1.6732459507225591E-014
          16           2   8.5482146490798355E-014
          16           3  -2.5094672433804654E-014
          16           4  -4.6407531628657184E-002
          16           5  -2.3951760713678908E-014
          16           6  -1.0343518185579757E-013
          16           7   9.1043925870530163E-014
          16           8  0.15974039285019584     
          16           9   8.1016356817676572E-014
          16          10   1.6382245684864025E-012
          16          11  -2.0638612346908852E-013
          16          12 -0.25064408390067877     
          16          13  -1.4986969998349612E-013
          16          14   2.7163780489355779E-014
          16          15   1.2369228904617664E-014
          16          16   2.5335519611656063E-002
          16          17   1.1900257255426668E-014
          16          18  -1.7079308509085207E-014
          16          19  -1.0271107965906124E-014
          16          20  -1.3594346152414286E-002
          16          21  -1.1304976052456458E-014
          16          22   5.4768927501624167E-014
          16          23  -1.0259670146128210E-014
          16          24  -9.6084342924501026E-014
          16          25  -1.9674456883524036E-014
          16          26  -2.6683639685325743E-015
          16          27  -4.8657863544875843E-014
          16          28  -7.5250347897326025E-013
          16          29   4.2895429466170519E-014
          16          30  -7.3846545501303892E-013
          16          31   5.9396762535100830E-014
          16          32   1.4398141361958140E-014
          16          33  -7.4837149300195148E-013
          16          34  -5.8518054058452482E-014
          16          35  -4.7851793833778341E-015
          16          36  -7.0470870368843525E-014
          16          37  -2.3552268174510445E-015
          16          38   5.2361028794819536E-016
          16          39  -6.6660720306954373E-014
          17           1  -2.7086557814663475E-014
          17           2   1.0366169666444263E-013
          17           3  -7.7747053586745225E-015
          17           4   7.4301459082760267E-015
          17           5  -4.6407531628637567E-002
          17           6  -1.4956750410807731E-013
          17           7   3.5868443631876133E-014
          17           8  -7.9263852426606384E-015
          17           9  0.15974039285014249     
          17          10   1.4540341441444769E-012
          17          11  -6.2527240329810392E-014
          17          12  -2.2931309628835104E-014
          17          13 -0.25064408390061843     
          17          14   3.1570549690787238E-014
          17          15   1.2246063534644016E-015
          17          16   1.1900257255426668E-014
          17          17   2.5335519611646519E-002
          17          18  -2.0868403171239016E-014
          17          19  -7.8280481055876006E-015
          17          20  -8.2651442117502292E-015
          17          21  -1.3594346152416921E-002
          17          22   1.1389824935041528E-013
          17          23   4.7875555637313831E-015
          17          24  -1.3938398185627665E-013
          17          25  -8.5058750630581354E-015
          17          26  -1.1578167026136203E-014
          17          27  -6.1634732199372835E-014
          17          28  -6.7378350150384695E-013
          17          29  -1.6334216514131158E-014
          17          30  -6.4312007917829883E-013
          17          31   2.9854550786165287E-014
          17          32   4.3809372099586423E-014
          17          33  -6.7401528204383135E-013
          17          34  -5.0138565305261126E-014
          17          35  -2.4628163039482555E-015
          17          36  -6.8797834595712193E-014
          17          37  -5.0926755599695624E-017
          17          38  -3.5806306635279132E-016
          17          39  -5.9954571261148948E-014
          18           1  -1.6643557016103027E-004
          18           2   6.9523342707895957E-003
          18           3   4.0160170402916769E-014
          18           4  -3.7136567693953321E-015
          18           5  -3.8321293847409684E-015
          18           6  -5.0099429283123886E-003
          18           7  -1.3393776852988032E-013
          18           8   1.5247144542493612E-014
          18           9  -3.1158139936375216E-014
          18          10 -0.15721122378794677     
          18          11   2.4663636145772493E-013
          18          12   4.8497003446777816E-014
          18          13   1.4631765894766331E-013
          18          14  -3.5513862417524038E-003
          18          15   2.7729043695565845E-014
          18          16  -1.7079308509085207E-014
          18          17  -2.0868403171239016E-014
          18          18   1.8501125661167946E-003
          18          19   1.3842196480884805E-014
          18          20   4.5418484801913075E-014
          18          21  -1.0707480092853305E-015
          18          22  -1.3305505557777209E-003
          18          23  -4.3202385490394013E-015
          18          24  -1.3305505559330147E-003
          18          25  -1.3771022127042068E-014
          18          26   4.9974599146235159E-015
          18          27  -1.3305505558811092E-003
          18          28   7.5524646370194001E-002
          18          29   2.2400413875482571E-014
          18          30   7.5524646370266915E-002
          18          31   2.9810378965640768E-014
          18          32  -3.7352441387815932E-014
          18          33   7.5524646370243573E-002
          18          34   7.7977388166241860E-003
          18          35  -1.4504204141180756E-014
          18          36   7.7977388165969344E-003
          18          37  -6.0004880900540185E-014
          18          38   8.4970370796894825E-015
          18          39   7.7977388165621064E-003
          19           1  -1.1590908293648150E-014
          19           2   4.2460924668571255E-014
          19           3   2.4798296009805071E-002
          19           4   6.9933750630709465E-015
          19           5   1.5453513035195914E-014
          19           6  -7.9857449654413219E-014
          19           7  -8.5672898775551565E-002
          19           8  -1.5507235252830300E-014
          19           9  -3.8596946819180788E-014
          19          10  -2.9455783649085341E-013
          19          11  0.13636241454537229     
          19          12   2.6605887631901224E-014
          19          13   6.6493685557658019E-014
          19          14  -1.9048527510898563E-014
          19          15  -1.3594346152407318E-002
          19          16  -1.0271107965906124E-014
          19          17  -7.8280481055876006E-015
          19          18   1.3842196480884805E-014
          19          19   7.3119423431567791E-003
          19          20   6.3660421336300168E-015
          19          21   1.0472715359842059E-014
          19          22   2.9230820943718456E-016
          19          23  -5.3018404739375378E-015
          19          24  -9.9087778580241887E-015
          19          25   1.8481731384186092E-015
          19          26   1.5887172589353626E-015
          19          27  -1.1378582263274048E-014
          19          28   1.3976803865291271E-013
          19          29   1.3805768219586411E-014
          19          30   1.2596070811257759E-013
          19          31  -4.0070944168790677E-015
          19          32  -7.9545712228889056E-015
          19          33   1.3950754531908104E-013
          19          34   9.5401346856879717E-015
          19          35   3.1837539327150871E-015
          19          36   2.1281798006940436E-014
          19          37   1.6900946064448320E-016
          19          38   2.5707147486496494E-016
          19          39   1.8307147072049729E-014
          20           1   5.1060778073458271E-014
          20           2  -2.4638728821226069E-013
          20           3   1.7706078573800535E-014
          20           4   2.4798296009805501E-002
          20           5   8.3389783793409161E-015
          20           6   3.2182308565424441E-013
          20           7  -6.3712164884064365E-014
          20           8  -8.5672898775542863E-002
          20           9  -4.4817882044470299E-014
          20          10  -4.9469013783988870E-012
          20          11   1.3112601282549344E-013
          20          12  0.13636241454536679     
          20          13   1.0819643792001657E-013
          20          14  -7.9436817328447361E-014
          20          15  -7.9023972683368687E-015
          20          16  -1.3594346152414286E-002
          20          17  -8.2651442117502292E-015
          20          18   4.5418484801913075E-014
          20          19   6.3660421336300168E-015
          20          20   7.3119423431564304E-003
          20          21   7.3037143822754864E-015
          20          22  -2.9976579865572295E-014
          20          23   5.1234168094029141E-015
          20          24   1.8159744119788388E-013
          20          25   1.4925506746533170E-014
          20          26   1.5849619935452500E-014
          20          27   1.1159876999985323E-013
          20          28   2.2609668439635796E-012
          20          29  -2.3272684021733753E-014
          20          30   2.2484500237472679E-012
          20          31  -4.9503215477554316E-014
          20          32  -5.7618282760118100E-014
          20          33   2.2554599576076311E-012
          20          34   1.9200029392193268E-013
          20          35   3.4596992671476091E-015
          20          36   2.0136349304365459E-013
          20          37   1.1730335704701812E-015
          20          38   1.7939432100686111E-015
          20          39   1.9838595016621406E-013
          21           1   1.1608215141726417E-014
          21           2  -3.4932230941118720E-014
          21           3   2.1996076834951975E-014
          21           4   1.8805486681825942E-015
