           1           1   2.2083918578742354     
           1           2 -0.79620171990591548     
           1           3   9.7785415084527119E-015
           1           4  -5.1842650294541123E-014
           1           5  -5.3714775014080175E-013
           1           6  0.35226340134277107     
           1           7  -3.0265487908309477E-014
           1           8  -1.3158668597346940E-014
           1           9   2.4693596535121652E-014
           1          10 -0.41493102147955130     
           1          11   2.4336853713180599E-015
           1          12   1.2648394577604400E-014
           1          13   2.9591653687325068E-015
           1          14   6.3709626633294417E-003
           1          15  -8.8101854609538548E-015
           1          16   8.9378550102848026E-016
           1          17   1.7069633701044669E-015
           1          18  -2.2481483455527962E-003
           1          19   5.2883874804609444E-015
           1          20   4.8814396906530529E-016
           1          21   3.6194844438704381E-016
           1          22   1.3203510435614574E-002
           1          23   9.0234281167168093E-016
           1          24   1.3066370858779999E-002
           1          25   1.9360563551396824E-014
           1          26  -9.5119522200438771E-015
           1          27   1.2836715518603568E-002
           1          28  0.12270001464113374     
           1          29  -4.8210764859708555E-015
           1          30  0.12314389970914236     
           1          31  -3.9897294939524554E-017
           1          32   5.7287872923811783E-016
           1          33  0.12399342948326263     
           1          34  -3.8054110194708727E-003
           1          35   3.6385259107206967E-016
           1          36  -3.7544311180570979E-003
           1          37  -7.8362810229918104E-015
           1          38  -6.7839311812095221E-015
           1          39  -3.9604196222583245E-003
           2           1 -0.79620171990591548     
           2           2   3.1612857363165681     
           2           3  -4.4749369063501238E-014
           2           4   1.5024375096551321E-013
           2           5   1.5963181806639869E-012
           2           6 -0.53629206520766948     
           2           7   1.1065086026879940E-013
           2           8   5.7937829173902806E-014
           2           9  -7.3271041958441572E-014
           2          10   2.3148557457509660     
           2          11  -1.0926659609896236E-014
           2          12  -4.7467929704175052E-014
           2          13  -1.4259602860297788E-014
           2          14  -5.6293410845501893E-002
           2          15   2.6398551113481079E-014
           2          16   6.3763500332713032E-015
           2          17  -8.3047403675130829E-015
           2          18   1.8213746168777887E-002
           2          19  -1.2913896948230385E-014
           2          20  -6.5405865936389947E-015
           2          21   8.0889646512359213E-015
           2          22 -0.55675720228218972     
           2          23  -5.3997313924504233E-015
           2          24 -0.55616042207322791     
           2          25  -6.7890379591418401E-014
           2          26   3.1504248499229643E-014
           2          27 -0.55521634750011106     
           2          28 -0.73138075254813539     
           2          29   2.7347256724310923E-014
           2          30 -0.73332640886513112     
           2          31   1.2087889302771650E-014
           2          32   5.7664456310573935E-015
           2          33 -0.73679597442266820     
           2          34   3.2588560384629761E-002
           2          35  -2.2730911662422183E-015
           2          36   3.2376584917503830E-002
           2          37   2.6679658127294279E-014
           2          38   2.2154142939757120E-014
           2          39   3.3240333515781095E-002
           3           1   9.7785415084527119E-015
           3           2  -4.4749369063501238E-014
           3           3   2.3782197287603823     
           3           4  -4.5226328435667345E-013
           3           5   4.7800042870275343E-012
           3           6   7.6232570560619412E-014
           3           7  -1.0585724387787852     
           3           8   1.1481316561245759E-012
           3           9  -9.1287697341448645E-012
           3          10  -8.0972418558672758E-014
           3          11  0.36433942620362625     
           3          12  -1.5164676798899721E-013
           3          13   3.8017108231883302E-013
           3          14  -4.7052585711061523E-015
           3          15  -4.7339819893794099E-002
           3          16   2.3375819444055416E-014
           3          17  -1.3260757036915446E-013
           3          18   4.0981807394581454E-015
           3          19   2.5566399508606303E-002
           3          20  -1.1985694607378459E-014
           3          21   6.8719940119805626E-014
           3          22  -2.9706404425666485E-016
           3          23  -1.1273726935221107E-014
           3          24   4.9681093768780900E-014
           3          25  -1.5476112433838694E-015
           3          26  -7.8244152771465263E-015
           3          27  -5.1522683547039540E-014
           3          28   2.4779255523726204E-014
           3          29   1.9275406993755366E-016
           3          30   2.5546947621150014E-014
           3          31   4.9702585824724201E-015
           3          32   7.1742052447874686E-015
           3          33   3.0260512766535193E-014
           3          34   2.7930628699311426E-015
           3          35  -7.5575449515380374E-015
           3          36   1.3552203821124945E-015
           3          37  -5.2173846512248710E-015
           3          38  -5.5712622117773077E-015
           3          39  -3.3628816102519867E-015
           4           1  -5.1842650294541123E-014
           4           2   1.5024375096551321E-013
           4           3  -4.5226328435667345E-013
           4           4   2.3782215055448366     
           4           5  -3.1930105249839505E-013
           4           6   2.6262473738813262E-014
           4           7   1.1532590337389230E-012
           4           8  -1.0585798173836540     
           4           9   7.4931021124460578E-013
           4          10  -9.7166162418718193E-014
           4          11  -1.5696887053670635E-013
           4          12  0.36435952647523445     
           4          13  -3.8688216560717109E-014
           4          14  -3.1828789172757786E-014
           4          15   1.9242362203808481E-014
           4          16  -4.7385769484454061E-002
           4          17   1.7108134317417084E-014
           4          18   2.5539502179089168E-014
           4          19  -1.2173728171689692E-014
           4          20   2.5580236985467256E-002
           4          21  -7.4967041620311683E-015
           4          22  -2.9465184503534342E-014
           4          23  -6.5391922727928766E-014
           4          24   3.7401844466604726E-013
           4          25  -7.6578967752983707E-015
           4          26  -2.7483080031218698E-014
           4          27  -3.1947500690058529E-013
           4          28   2.3595433921827182E-014
           4          29  -2.4368259696383220E-015
           4          30  -1.4830063717441490E-014
           4          31   6.8765300788602464E-015
           4          32   1.2625585306051027E-014
           4          33   5.7101363873212014E-014
           4          34   8.2373039842680870E-015
           4          35   8.4664555196749798E-015
           4          36   2.4307485919645364E-014
           4          37  -1.8269064719160293E-015
           4          38   1.0972314415754748E-014
           4          39  -8.6056519576571629E-015
           5           1  -5.3714775014080175E-013
           5           2   1.5963181806639869E-012
           5           3   4.7800042870275343E-012
           5           4  -3.1930105249839505E-013
           5           5   2.3782165698314395     
           5           6   4.7498827936087049E-012
           5           7  -1.2092350746192872E-011
           5           8   6.1225354037847742E-013
           5           9  -1.0585593349293418     
           5          10   8.2849996732127399E-012
           5          11   8.2353010464260701E-013
           5          12   1.2844030562040388E-012
           5          13  0.36430378278056796     
           5          14  -4.6652962845421954E-012
           5          15   1.2839840624162336E-013
           5          16  -4.5109445277330616E-013
           5          17  -4.7258267188375398E-002
           5          18   1.6672267105257952E-012
           5          19   1.7305939655686426E-012
           5          20   6.0100528480465640E-013
           5          21   2.5541779176029247E-002
           5          22  -3.6988576421278882E-012
           5          23  -4.7476582652357654E-013
           5          24  -7.1822160448773236E-013
           5          25   3.4593697810345141E-013
           5          26   5.9518743861965999E-013
           5          27  -1.2521570778485585E-012
           5          28  -4.8343757787426969E-012
           5          29   5.0478407979207199E-013
           5          30  -3.9664203065076554E-012
           5          31  -1.0652974111670465E-012
           5          32   3.8595183451499879E-013
           5          33  -2.1208271089023366E-012
           5          34   1.2059935591758673E-012
           5          35   1.3071917596522347E-012
           5          36   2.5025627236914121E-012
           5          37   3.9654925175678257E-013
           5          38  -1.9050368714728239E-012
           5          39   6.5476957193186645E-013
           6           1  0.35226340134277107     
           6           2 -0.53629206520766948     
           6           3   7.6232570560619412E-014
           6           4   2.6262473738813262E-014
           6           5   4.7498827936087049E-012
           6           6   2.0723010576254031     
           6           7  -1.6515917094698699E-013
           6           8  -4.7545920812108471E-014
           6           9   4.2998789351746295E-013
           6          10  -3.1787522148954648     
           6          11   1.2702586502377043E-014
           6          12   7.9801936173622571E-014
           6          13  -1.6021612428574982E-014
           6          14   5.7476724766630419E-002
           6          15  -4.9339797530072750E-014
           6          16  -7.7316595775140358E-015
           6          17   2.3612659795270079E-014
           6          18  -1.9692458309121301E-002
           6          19   2.6903728369043967E-014
           6          20   1.3068925516914919E-014
           6          21  -2.4118169887869232E-014
           6          22  0.21639557235676921     
           6          23  -4.6702898332755891E-015
           6          24  0.21486881565629129     
           6          25   8.8711798446652034E-014
           6          26  -4.7527304099940870E-014
           6          27  0.21372795201398337     
           6          28  0.95003749903206569     
           6          29  -2.2765344897765380E-014
           6          30  0.95421197649152645     
           6          31  -3.9604510846014937E-014
           6          32  -4.7043731000096693E-014
           6          33  0.96093719345015516     
           6          34  -3.4792071294801254E-002
           6          35   1.2438620089101256E-015
           6          36  -3.4370795538227285E-002
           6          37  -3.6641883275430688E-014
           6          38  -2.7615734554192224E-014
           6          39  -3.6110184490259489E-002
           7           1  -3.0265487908309477E-014
           7           2   1.1065086026879940E-013
           7           3  -1.0585724387787852     
           7           4   1.1532590337389230E-012
           7           5  -1.2092350746192872E-011
           7           6  -1.6515917094698699E-013
           7           7   3.0104427894983337     
           7           8  -2.9489190810822875E-012
           7           9   2.2972367452340673E-011
           7          10   2.4538114565317807E-013
           7          11  -1.3528493517951097     
           7          12   5.0151266629250565E-013
           7          13  -9.7387604739055297E-013
           7          14   1.6339158843253808E-014
           7          15  0.16347769839004034     
           7          16  -6.2453637150260619E-014
           7          17   3.4100125397513480E-013
           7          18  -1.8642357425979166E-014
           7          19  -8.8581372648510306E-002
           7          20   3.5496225628357490E-014
           7          21  -1.7926381100241673E-013
           7          22  -3.9527406607072785E-014
           7          23   2.9244181365024149E-014
           7          24  -9.1840472801808946E-014
           7          25  -3.7603097352831031E-015
           7          26   1.6824880581868136E-014
           7          27   5.5599613158737795E-014
           7          28  -7.0458121091306662E-014
           7          29   3.5301323587240948E-015
           7          30  -7.8016806883989136E-014
           7          31  -5.0948970512547177E-015
           7          32  -2.1299507333931418E-014
           7          33  -8.7806135044409034E-014
           7          34  -2.8145080772263023E-015
           7          35   8.0027689917365549E-015
           7          36  -6.1206857308719103E-015
           7          37   2.8171743084934035E-016
           7          38   9.3377256780947167E-015
           7          39   6.7283561941357621E-015
           8           1  -1.3158668597346940E-014
           8           2   5.7937829173902806E-014
           8           3   1.1481316561245759E-012
           8           4  -1.0585798173836540     
           8           5   6.1225354037847742E-013
           8           6  -4.7545920812108471E-014
           8           7  -2.9489190810822875E-012
           8           8   3.0104733912774964     
           8           9  -1.9504296517242107E-012
           8          10   4.1910977493864777E-013
           8          11   5.0774394778790273E-013
           8          12  -1.3529328567931760     
           8          13   1.3611510521566505E-013
           8          14   7.5550449817426359E-014
           8          15  -7.1341227906703852E-014
           8          16  0.16367796266087395     
           8          17  -6.2204767950639133E-014
           8          18  -4.9702961801403177E-014
           8          19   4.3757448565907665E-014
           8          20  -8.8647351280762648E-002
           8          21   3.8767088130100464E-014
           8          22   8.2220258522752342E-014
           8          23   1.8026476973193337E-013
           8          24  -1.0320353017092821E-012
           8          25   4.2644048283540305E-014
           8          26   8.8327554465736561E-014
           8          27   8.4894472265239934E-013
           8          28  -1.3169506583572195E-013
           8          29   9.7150812272845600E-015
           8          30  -3.7213182962959302E-014
           8          31  -3.7804637402586730E-014
           8          32  -4.2897843428218213E-014
           8          33  -1.9845607609040272E-013
           8          34  -3.2215187995177254E-014
           8          35   3.6972755276457858E-015
           8          36  -4.5503789582116543E-014
           8          37   2.9137089472125467E-014
           8          38  -1.4558530882954993E-014
           8          39   2.2982530565480790E-014
           9           1   2.4693596535121652E-014
           9           2  -7.3271041958441572E-014
           9           3  -9.1287697341448645E-012
           9           4   7.4931021124460578E-013
           9           5  -1.0585593349293418     
           9           6   4.2998789351746295E-013
           9           7   2.2972367452340673E-011
           9           8  -1.9504296517242107E-012
           9           9   3.0103884984004989     
           9          10   7.4917956371771416E-013
           9          11  -9.3839182340155651E-013
           9          12   1.8868405473390484E-013
           9          13  -1.3527014242871278     
           9          14   2.1730869774799497E-013
           9          15   3.4169176453275752E-013
           9          16   1.7000136595601353E-014
           9          17  0.16312313700997544     
           9          18  -1.6433518805298451E-013
           9          19  -1.0666661061096163E-013
           9          20  -2.1220275854746780E-014
           9          21  -8.8464510946367092E-002
           9          22   1.0584119853826863E-013
           9          23   7.0503588258366308E-013
           9          24  -1.4205404848999284E-012
           9          25   1.1249006284032060E-013
           9          26   4.4721429462664052E-013
           9          27   1.0392323898615564E-012
           9          28  -3.5089185117048030E-013
           9          29  -9.6684856533979626E-015
           9          30  -2.1964086994700331E-013
           9          31  -1.3061692123151467E-013
           9          32  -9.1979451724405233E-014
           9          33  -2.9333437862375212E-013
           9          34  -1.0970873619741365E-013
           9          35   6.3731060402022155E-014
           9          36  -3.7542410415255641E-014
           9          37   1.0709347000600023E-013
           9          38  -8.7897919226185429E-014
           9          39  -1.7874932967208474E-014
          10           1 -0.41493102147955130     
          10           2   2.3148557457509660     
          10           3  -8.0972418558672758E-014
          10           4  -9.7166162418718193E-014
          10           5   8.2849996732127399E-012
          10           6  -3.1787522148954648     
          10           7   2.4538114565317807E-013
          10           8   4.1910977493864777E-013
          10           9   7.4917956371771416E-013
          10          10   17.724837393155887     
          10          11  -2.4901052742485019E-013
          10          12  -6.2798152942562074E-013
          10          13  -3.7415456228114907E-013
          10          14 -0.16066838820845028     
          10          15   1.6818959955509099E-013
          10          16   1.9701666340949303E-013
          10          17   1.5164113540429780E-013
          10          18   6.3690317151533032E-002
          10          19   3.2713403630439870E-014
          10          20  -9.0189061461602997E-014
          10          21   1.1871914039509787E-013
          10          22 -0.80149374402285622     
          10          23  -6.5816553967104355E-014
          10          24 -0.78937990188044804     
          10          25  -2.7079782866815729E-013
          10          26  -1.1141951733755608E-013
          10          27 -0.78716293986897368     
          10          28  -5.0738809225820098     
          10          29   3.6178838694168787E-013
          10          30  -5.1108108699403125     
          10          31   4.4137913219300184E-013
          10          32   1.2418405930196209E-013
          10          33  -5.1304008680095441     
          10          34   9.2321692098129710E-002
          10          35  -6.6070552839876721E-014
          10          36   9.0806038119871035E-002
          10          37   1.1008715127961517E-013
          10          38   4.9427180067531833E-014
          10          39   9.8919369083772968E-002
          11           1   2.4336853713180599E-015
          11           2  -1.0926659609896236E-014
          11           3  0.36433942620362625     
          11           4  -1.5696887053670635E-013
          11           5   8.2353010464260701E-013
          11           6   1.2702586502377043E-014
          11           7  -1.3528493517951097     
          11           8   5.0774394778790273E-013
          11           9  -9.3839182340155651E-013
          11          10  -2.4901052742485019E-013
          11          11   2.6782763806823766     
          11          12  -8.4236745344817833E-013
          11          13   1.1833478527362301E-013
          11          14  -1.3189273287910855E-014
          11          15 -0.26171548338524941     
          11          16   4.9919774999262869E-014
          11          17  -3.7205595517020571E-014
          11          18   7.8909088802256084E-015
          11          19  0.14375040844750209     
          11          20  -3.2092175234310147E-014
          11          21   2.1067552060398937E-014
          11          22   2.1772533720605813E-014
          11          23   3.0525164592952084E-015
          11          24  -4.2027226818917900E-014
          11          25   1.9193610463020768E-015
          11          26  -7.3743598256299538E-015
          11          27   4.3967088772056017E-014
          11          28   5.6792077516561224E-014
          11          29  -1.9310854007594783E-014
          11          30   8.8555498496182446E-014
          11          31  -5.3229729272483120E-015
          11          32   3.9754022254373616E-014
          11          33   7.2010285142621615E-014
          11          34   7.8804460322718709E-015
          11          35  -1.8641397253062244E-015
          11          36  -7.0157616588936430E-016
          11          37   1.7681297286309224E-014
          11          38  -1.4476586465596408E-014
          11          39   1.6418256310872029E-015
          12           1   1.2648394577604400E-014
          12           2  -4.7467929704175052E-014
          12           3  -1.5164676798899721E-013
          12           4  0.36435952647523445     
          12           5   1.2844030562040388E-012
          12           6   7.9801936173622571E-014
          12           7   5.0151266629250565E-013
          12           8  -1.3529328567931760     
          12           9   1.8868405473390484E-013
          12          10  -6.2798152942562074E-013
          12          11  -8.4236745344817833E-013
          12          12   2.6785041691621441     
          12          13  -1.7710774519050795E-013
          12          14  -5.6904491057863880E-015
          12          15   5.1870933869683883E-014
          12          16 -0.26225202198892456     
          12          17   2.8762071571672347E-014
          12          18   4.5254698205839959E-015
          12          19  -3.4968693727303751E-014
          12          20  0.14394671782237550     
          12          21  -2.0051512560765441E-014
          12          22   2.2523296572090143E-014
          12          23  -2.9798950796248795E-015
          12          24  -8.1086912136161544E-014
          12          25  -1.0423426157703479E-014
          12          26  -1.9234260776613083E-014
          12          27   1.0720601799772343E-013
          12          28   2.0070531573783809E-013
          12          29  -4.5982202446666889E-014
          12          30   1.7784883697588276E-013
          12          31   3.0576799936798499E-014
          12          32   6.2382313253767858E-014
          12          33   1.1541121533021988E-013
          12          34   6.7409145756956839E-015
          12          35   8.2456435808286445E-015
          12          36  -1.6964290824150641E-014
          12          37  -1.0150576285619897E-014
          12          38   1.1169223800332490E-014
          12          39   2.7146724779962289E-015
          13           1   2.9591653687325068E-015
          13           2  -1.4259602860297788E-014
          13           3   3.8017108231883302E-013
          13           4  -3.8688216560717109E-014
          13           5  0.36430378278056796     
          13           6  -1.6021612428574982E-014
          13           7  -9.7387604739055297E-013
          13           8   1.3611510521566505E-013
          13           9  -1.3527014242871278     
          13          10  -3.7415456228114907E-013
          13          11   1.1833478527362301E-013
          13          12  -1.7710774519050795E-013
          13          13   2.6778734999777507     
          13          14  -1.4340876010146937E-014
          13          15  -3.7004877567752451E-014
          13          16   9.7490537105207881E-015
          13          17 -0.26076851414586666     
          13          18   1.3812692636991380E-014
          13          19   9.7055926385100424E-015
          13          20  -5.4444381304264244E-015
          13          21  0.14340434085510034     
          13          22  -3.5099110798114527E-014
          13          23  -6.9443467706475067E-014
          13          24   1.3702041649317858E-013
          13          25  -1.0173249029419559E-014
          13          26  -3.7736794147330637E-014
          13          27  -4.6604228999579658E-014
          13          28   2.7310401044526277E-013
          13          29   1.0362231328101636E-014
          13          30   2.0828987239344453E-013
          13          31   4.9707707008483071E-015
          13          32  -8.3260007449517192E-015
          13          33  -7.6925850523603443E-014
          13          34  -3.7197500860634339E-016
          13          35  -9.5626745418537415E-015
          13          36  -1.1599578607418917E-014
          13          37  -7.8057519732597767E-015
          13          38   1.1037256021834239E-014
          13          39   2.9670319245372377E-014
          14           1   6.3709626633294417E-003
          14           2  -5.6293410845501893E-002
          14           3  -4.7052585711061523E-015
          14           4  -3.1828789172757786E-014
          14           5  -4.6652962845421954E-012
          14           6   5.7476724766630419E-002
          14           7   1.6339158843253808E-014
          14           8   7.5550449817426359E-014
          14           9   2.1730869774799497E-013
          14          10 -0.16066838820845028     
          14          11  -1.3189273287910855E-014
          14          12  -5.6904491057863880E-015
          14          13  -1.4340876010146937E-014
          14          14   3.5646203112622036E-003
          14          15   9.9743841111516590E-016
          14          16   1.7937207362000568E-015
          14          17   4.3940181387207286E-015
          14          18  -1.0986040620312759E-003
          14          19  -1.6839015877308388E-016
          14          20  -1.2431740815501834E-015
          14          21  -2.9853016387437433E-015
          14          22   1.7939616084775459E-002
          14          23   1.8547697349120433E-014
          14          24   1.7757836469626122E-002
          14          25   1.9465594377143386E-015
          14          26  -3.0882980545387295E-014
          14          27   1.8076191246212167E-002
          14          28   5.2680148843755721E-002
          14          29  -6.0085581210019846E-014
          14          30   5.3003421810036727E-002
          14          31   2.0571963254450689E-014
          14          32   1.0962483342154830E-013
          14          33   5.2731622905599233E-002
          14          34  -1.8435362164120322E-003
          14          35   9.8884421780991503E-015
          14          36  -1.8602399312304505E-003
          14          37  -5.9534988264074269E-015
          14          38  -2.0040095125764725E-014
          14          39  -1.8354203034977646E-003
          15           1  -8.8101854609538548E-015
          15           2   2.6398551113481079E-014
          15           3  -4.7339819893794099E-002
          15           4   1.9242362203808481E-014
          15           5   1.2839840624162336E-013
          15           6  -4.9339797530072750E-014
          15           7  0.16347769839004034     
          15           8  -7.1341227906703852E-014
          15           9   3.4169176453275752E-013
          15          10   1.6818959955509099E-013
          15          11 -0.26171548338524941     
          15          12   5.1870933869683883E-014
          15          13  -3.7004877567752451E-014
          15          14   9.9743841111516590E-016
          15          15   2.8270540160065815E-002
          15          16  -3.3536658009151819E-015
          15          17   7.6477568092635203E-015
          15          18  -7.3376964045608866E-016
          15          19  -1.5275014183868896E-002
          15          20   2.1714115710832958E-015
          15          21  -4.3027020562494049E-015
          15          22  -4.7268961575263525E-014
          15          23   5.0726303782261899E-015
          15          24   1.1472128604254939E-013
          15          25  -4.6902113167751973E-015
          15          26  -3.4010971573338585E-015
          15          27  -8.8217202389920125E-014
          15          28  -3.2627371579379973E-014
          15          29  -8.7343478351551705E-015
          15          30  -6.3735211322641951E-014
          15          31   1.9860771754173205E-014
          15          32   1.1705231923791242E-014
          15          33  -3.7593675624148649E-014
          15          34  -1.9525932738836615E-015
          15          35   1.3100840023264834E-015
          15          36   5.2765804038546246E-015
          15          37  -2.1841646484078266E-015
          15          38  -1.2159170679347353E-015
          15          39  -2.0707264006891898E-015
          16           1   8.9378550102848026E-016
          16           2   6.3763500332713032E-015
          16           3   2.3375819444055416E-014
          16           4  -4.7385769484454061E-002
          16           5  -4.5109445277330616E-013
          16           6  -7.7316595775140358E-015
          16           7  -6.2453637150260619E-014
          16           8  0.16367796266087395     
          16           9   1.7000136595601353E-014
          16          10   1.9701666340949303E-013
          16          11   4.9919774999262869E-014
          16          12 -0.26225202198892456     
          16          13   9.7490537105207881E-015
          16          14   1.7937207362000568E-015
          16          15  -3.3536658009151819E-015
          16          16   2.8341326048069489E-002
          16          17  -1.7822464979991848E-015
          16          18  -6.9509267338922505E-016
          16          19   2.4158014863328539E-015
          16          20  -1.5308843760379474E-002
          16          21   1.5927701293226931E-015
          16          22  -2.5724199875088914E-015
          16          23   4.2225515034606205E-015
          16          24   5.7204323534237945E-015
          16          25  -1.0162719351727445E-015
          16          26  -7.4662110023047148E-015
          16          27  -1.1115908904442247E-014
          16          28  -4.5005455253063978E-014
          16          29  -8.0351258395133186E-015
          16          30  -5.2891704517232409E-014
          16          31   7.8052624949665563E-016
          16          32   2.6628471222960163E-014
          16          33  -4.2230977325149729E-014
          16          34  -7.1720388478497248E-016
          16          35   1.9230366987553061E-015
          16          36   9.8585608563036310E-016
          16          37   4.6759332821522287E-016
          16          38  -4.7321688358544310E-015
          16          39  -4.8507204323668006E-016
          17           1   1.7069633701044669E-015
          17           2  -8.3047403675130829E-015
          17           3  -1.3260757036915446E-013
          17           4   1.7108134317417084E-014
          17           5  -4.7258267188375398E-002
          17           6   2.3612659795270079E-014
          17           7   3.4100125397513480E-013
          17           8  -6.2204767950639133E-014
          17           9  0.16312313700997544     
          17          10   1.5164113540429780E-013
          17          11  -3.7205595517020571E-014
          17          12   2.8762071571672347E-014
          17          13 -0.26076851414586666     
          17          14   4.3940181387207286E-015
          17          15   7.6477568092635203E-015
          17          16  -1.7822464979991848E-015
          17          17   2.8146605360396197E-002
          17          18  -3.6035856633615933E-015
          17          19  -1.3616981153822563E-015
          17          20   9.6285664220974794E-016
          17          21  -1.5215691549213567E-002
          17          22   1.3303809859146286E-014
          17          23   2.2345910812169655E-014
          17          24  -4.0646266832777719E-014
          17          25   1.5987278276459097E-015
          17          26   6.0945550636836162E-015
          17          27   1.9938883432332446E-014
          17          28  -4.3580511127290878E-014
          17          29  -1.0547264597056474E-014
          17          30  -4.5086647134495967E-014
          17          31   3.3168903077406997E-015
          17          32   1.4558837842466955E-014
          17          33  -2.4253997163830545E-014
          17          34  -1.7329619186886021E-015
          17          35   4.1980252677111163E-015
          17          36   5.7654526753615225E-016
          17          37   2.0627775434330517E-015
          17          38  -6.3096277473357907E-015
          17          39  -1.9925687050537701E-015
          18           1  -2.2481483455527962E-003
          18           2   1.8213746168777887E-002
          18           3   4.0981807394581454E-015
          18           4   2.5539502179089168E-014
          18           5   1.6672267105257952E-012
          18           6  -1.9692458309121301E-002
          18           7  -1.8642357425979166E-014
          18           8  -4.9702961801403177E-014
          18           9  -1.6433518805298451E-013
          18          10   6.3690317151533032E-002
          18          11   7.8909088802256084E-015
          18          12   4.5254698205839959E-015
          18          13   1.3812692636991380E-014
          18          14  -1.0986040620312759E-003
          18          15  -7.3376964045608866E-016
          18          16  -6.9509267338922505E-016
          18          17  -3.6035856633615933E-015
          18          18   3.6148224749070143E-004
          18          19   4.9639418529920360E-016
          18          20   4.5871734176665880E-016
          18          21   2.3175028449845720E-015
          18          22  -5.7457158258387084E-003
          18          23  -6.9310291156122479E-015
          18          24  -5.6919269615356011E-003
          18          25  -8.2904522623752949E-017
          18          26   7.8054829954265026E-015
          18          27  -5.7570156003444303E-003
          18          28  -1.9743333166497370E-002
          18          29   1.6238171880837915E-014
          18          30  -1.9845530306568063E-002
          18          31  -8.5944303516946533E-015
          18          32  -2.6733236478454711E-014
          18          33  -1.9846603336134323E-002
          18          34   5.9442329486016001E-004
          18          35  -3.1021091724151497E-015
          18          36   5.9409208090722423E-004
          18          37   1.6856322077843013E-015
          18          38   5.5338311181829149E-015
          18          39   6.0429892201103162E-004
          19           1   5.2883874804609444E-015
          19           2  -1.2913896948230385E-014
          19           3   2.5566399508606303E-002
          19           4  -1.2173728171689692E-014
          19           5   1.7305939655686426E-012
          19           6   2.6903728369043967E-014
          19           7  -8.8581372648510306E-002
          19           8   4.3757448565907665E-014
          19           9  -1.0666661061096163E-013
          19          10   3.2713403630439870E-014
          19          11  0.14375040844750209     
          19          12  -3.4968693727303751E-014
          19          13   9.7055926385100424E-015
          19          14  -1.6839015877308388E-016
          19          15  -1.5275014183868896E-002
          19          16   2.4158014863328539E-015
          19          17  -1.3616981153822563E-015
          19          18   4.9639418529920360E-016
          19          19   8.2764003774340161E-003
          19          20  -1.5152250241561248E-015
          19          21   8.7059556898653915E-016
          19          22   4.9124580020065105E-014
          19          23  -7.4511839465089519E-015
          19          24  -1.8398808335771889E-013
          19          25   2.2373850850017035E-015
          19          26   9.2226935619231610E-015
          19          27   1.4095876034711789E-013
          19          28  -1.3770928488585982E-014
          19          29   2.0249609057306721E-014
          19          30   1.6668446572379520E-014
          19          31  -1.6042486141871655E-014
          19          32  -3.8178125004631261E-014
          19          33  -1.9441327533345559E-014
          19          34   1.9928831503388627E-015
          19          35  -3.5575107979016848E-015
          19          36  -7.4250771567415620E-015
          19          37   2.5117405092580645E-015
          19          38   6.1039162445985020E-015
          19          39   5.0610756889743441E-015
          20           1   4.8814396906530529E-016
          20           2  -6.5405865936389947E-015
          20           3  -1.1985694607378459E-014
          20           4   2.5580236985467256E-002
          20           5   6.0100528480465640E-013
          20           6   1.3068925516914919E-014
          20           7   3.5496225628357490E-014
          20           8  -8.8647351280762648E-002
          20           9  -2.1220275854746780E-014
          20          10  -9.0189061461602997E-014
          20          11  -3.2092175234310147E-014
          20          12  0.14394671782237550     
          20          13  -5.4444381304264244E-015
          20          14  -1.2431740815501834E-015
          20          15   2.1714115710832958E-015
          20          16  -1.5308843760379474E-002
          20          17   9.6285664220974794E-016
          20          18   4.5871734176665880E-016
          20          19  -1.5152250241561248E-015
          20          20   8.2916021553061849E-003
          20          21  -8.5426542928622131E-016
          20          22   4.5281384741233410E-015
          20          23  -9.8980304082177206E-016
          20          24   4.5415479971295469E-014
          20          25  -1.2789953758803225E-015
          20          26  -4.3033748061396676E-015
          20          27  -4.6505925831652227E-014
          20          28   1.8257659354866318E-014
          20          29  -6.8804472075555454E-015
          20          30   1.8845825943512912E-014
          20          31   6.7194769792879898E-015
          20          32   1.3429375047588256E-014
          20          33   2.0854095574614568E-014
          20          34   4.5472586123945959E-016
          20          35   9.7753681451091717E-016
          20          36   1.1654802022123812E-015
          20          37  -1.2349209080094152E-015
          20          38  -1.4250737196025169E-015
          20          39  -1.4286126715165777E-015
          21           1   3.6194844438704381E-016
          21           2   8.0889646512359213E-015
          21           3   6.8719940119805626E-014
          21           4  -7.4967041620311683E-015
