           1           1   2.1452349242628443     
           1           2 -0.59280294291873292     
           1           3   9.1530403413229206E-015
           1           4   1.2441766846337578E-014
           1           5  -4.4405713491001267E-015
           1           6   8.0402624602045863E-002
           1           7  -5.5311467607551656E-017
           1           8   2.4872250940654591E-015
           1           9   6.3711265360408062E-015
           1          10   5.1549045437434285E-002
           1          11  -1.3673304528921621E-015
           1          12  -2.1076108860639172E-015
           1          13  -3.5760771521816020E-015
           2           1 -0.59280294291873292     
           2           2   2.5087101790986690     
           2           3  -3.6314444104068575E-014
           2           4  -3.9247939749557023E-014
           2           5   4.5259504868494481E-015
           2           6 -0.75975233735209313     
           2           7  -9.4638898126334671E-015
           2           8  -4.6684504663854096E-015
           2           9  -1.2057200791781627E-014
           2          10 -0.21399185616198335     
           2          11   3.3101734697173579E-015
           2          12  -4.9867456005224539E-015
           2          13   6.3175063971380405E-015
           3           1   9.1530403413229206E-015
           3           2  -3.6314444104068575E-014
           3           3   2.1574817278547158     
           3           4  -3.2438441795243383E-002
           3           5   2.4896141254742644E-002
           3           6  -7.3994274139225186E-015
           3           7 -0.49343682100583935     
           3           8   8.5946046650664229E-002
           3           9  -6.5962629500139050E-002
           3          10   2.4380395243840576E-015
           3          11  -4.7901813073198726E-002
           3          12   3.6902636349114053E-002
           3          13  -2.8322360642947443E-002
           4           1   1.2441766846337578E-014
           4           2  -3.9247939749557023E-014
           4           3  -3.2438441795243383E-002
           4           4   2.1133352424433118     
           4           5  -1.3172389093632882E-002
           4           6  -6.8008309585899848E-015
           4           7   8.5946046650663716E-002
           4           8 -0.37647017018515588     
           4           9   3.4900405348944168E-002
           4          10  -1.8711329764900438E-015
           4          11   3.6902636349110500E-002
           4          12   2.3201336994575876E-003
           4          13   1.4985179856649990E-002
           5           1  -4.4405713491001267E-015
           5           2   4.5259504868494481E-015
           5           3   2.4896141254742644E-002
           5           4  -1.3172389093632882E-002
           5           5   2.1062819316733847     
           5           6  -8.3156183438823749E-016
           5           7  -6.5962629500138745E-002
           5           8   3.4900405348943238E-002
           5           9 -0.35778233738786319     
           5          10  -2.0234066539711724E-015
           5          11  -2.8322360642950691E-002
           5          12   1.4985179856654133E-002
           5          13   1.0344124618708039E-002
           6           1   8.0402624602045863E-002
           6           2 -0.75975233735209313     
           6           3  -7.3994274139225186E-015
           6           4  -6.8008309585899848E-015
           6           5  -8.3156183438823749E-016
           6           6   1.6995381855055114     
           6           7   9.4789031213276305E-015
           6           8   1.8145590205427460E-014
           6           9   6.3901243751097864E-015
           6          10  0.32604805066039100     
           6          11  -3.0032464985416651E-016
           6          12   6.1626197170120420E-016
           6          13   3.3994141796293148E-016
           7           1  -5.5311467607551656E-017
           7           2  -9.4638898126334671E-015
           7           3 -0.49343682100583935     
           7           4   8.5946046650663716E-002
           7           5  -6.5962629500138745E-002
           7           6   9.4789031213276305E-015
           7           7   1.5116446453671584     
           7           8 -0.22771509746072671     
           7           9  0.17476879031379103     
           7          10   5.8151346173207454E-015
           7          11  0.20521545088329440     
           7          12  -9.7773984496946936E-002
           7          13   7.5040439502010559E-002
           8           1   2.4872250940654591E-015
           8           2  -4.6684504663854096E-015
           8           3   8.5946046650664229E-002
           8           4 -0.37647017018515588     
           8           5   3.4900405348943238E-002
           8           6   1.8145590205427460E-014
           8           7 -0.22771509746072671     
           8           8   1.2017400793136792     
           8           9  -9.2469049073968551E-002
           8          10   8.2217158694925547E-015
           8          11  -9.7773984496939123E-002
           8          12   7.2151791184239006E-002
           8          13  -3.9703416556128857E-002
           9           1   6.3711265360408062E-015
           9           2  -1.2057200791781627E-014
           9           3  -6.5962629500139050E-002
           9           4   3.4900405348944168E-002
           9           5 -0.35778233738786319     
           9           6   6.3901243751097864E-015
           9           7  0.17476879031379103     
           9           8  -9.2469049073968551E-002
           9           9   1.1522264386914087     
           9          10   3.6107760155898059E-015
           9          11   7.5040439502023090E-002
           9          12  -3.9703416556138522E-002
           9          13   5.0892129508018552E-002
          10           1   5.1549045437434285E-002
          10           2 -0.21399185616198335     
          10           3   2.4380395243840576E-015
          10           4  -1.8711329764900438E-015
          10           5  -2.0234066539711724E-015
          10           6  0.32604805066039100     
          10           7   5.8151346173207454E-015
          10           8   8.2217158694925547E-015
          10           9   3.6107760155898059E-015
          10          10  0.12588617188000994     
          10          11  -2.7023190596489478E-016
          10          12   5.7869538194471939E-016
          10          13  -6.8430169825641790E-016
          11           1  -1.3673304528921621E-015
          11           2   3.3101734697173579E-015
          11           3  -4.7901813073198726E-002
          11           4   3.6902636349110500E-002
          11           5  -2.8322360642950691E-002
          11           6  -3.0032464985416651E-016
          11           7  0.20521545088329440     
          11           8  -9.7773984496939123E-002
          11           9   7.5040439502023090E-002
          11          10  -2.7023190596489478E-016
          11          11   8.0367334776735508E-002
          11          12  -4.1981195586115648E-002
          11          13   3.2220098053791703E-002
          12           1  -2.1076108860639172E-015
          12           2  -4.9867456005224539E-015
          12           3   3.6902636349114053E-002
          12           4   2.3201336994575876E-003
          12           5   1.4985179856654133E-002
          12           6   6.1626197170120420E-016
          12           7  -9.7773984496946936E-002
          12           8   7.2151791184239006E-002
          12           9  -3.9703416556138522E-002
          12          10   5.7869538194471939E-016
          12          11  -4.1981195586115648E-002
          12          12   2.3233818617288116E-002
          12          13  -1.7047447789471270E-002
          13           1  -3.5760771521816020E-015
          13           2   6.3175063971380405E-015
          13           3  -2.8322360642947443E-002
          13           4   1.4985179856649990E-002
          13           5   1.0344124618708039E-002
          13           6   3.3994141796293148E-016
          13           7   7.5040439502010559E-002
          13           8  -3.9703416556128857E-002
          13           9   5.0892129508018552E-002
          13          10  -6.8430169825641790E-016
          13          11   3.2220098053791703E-002
          13          12  -1.7047447789471270E-002
          13          13   1.4105562061959885E-002
