           1           1   2.1401054203574565     
           1           2 -0.56577605944313603     
           1           3  -4.3755670490457750E-014
           1           4   2.7756051982231736E-013
           1           5  -1.0273344166345580E-013
           1           6  -1.6656943794197202E-002
           1           7  -4.9565217122432341E-015
           1           8   6.3031060598725657E-014
           1           9  -4.0205838002039008E-014
           1          10  0.12581470391647043     
           1          11   5.9582121390615883E-015
           1          12   8.9840739945183953E-014
           1          13  -6.6483137873836315E-014
           2           1 -0.56577605944313603     
           2           2   2.3668173548349580     
           2           3   5.2007064321050134E-014
           2           4  -1.7165323856654949E-012
           2           5   9.0707888668635657E-013
           2           6 -0.26871188235058063     
           2           7   1.4116451208500278E-014
           2           8  -1.7821489496879568E-013
           2           9   1.0095954425245445E-013
           2          10 -0.57717608908579221     
           2          11  -1.1743549952190221E-014
           2          12   3.6524324098261836E-014
           2          13  -7.1677244412979149E-015
           3           1  -4.3755670490457750E-014
           3           2   5.2007064321050134E-014
           3           3   2.0406962852093318     
           3           4   3.7826768860114157E-003
           3           5  -7.8469917544607085E-003
           3           6   2.9157583067530564E-013
           3           7 -0.14699230198921376     
           3           8  -7.8046879131966687E-003
           3           9   1.6190472496548192E-002
           3          10  -3.1494303282069497E-013
           3          11 -0.34106314160222839     
           3          12  -8.2680640056918709E-003
           3          13   1.7151725205198587E-002
           4           1   2.7756051982231736E-013
           4           2  -1.7165323856654949E-012
           4           3   3.7826768860114157E-003
           4           4   1.9731259924653144     
           4           5  -4.3791715099245889E-004
           4           6  -8.1482917007503792E-013
           4           7  -7.8046879134038780E-003
           4           8  -7.5764576435483205E-003
           4           9   9.0354179189375012E-004
           4          10   9.5310413395994972E-013
           4          11  -8.2680640049333527E-003
           4          12 -0.19336996889014330     
           4          13   9.5718642970339858E-004
           5           1  -1.0273344166345580E-013
           5           2   9.0707888668635657E-013
           5           3  -7.8469917544607085E-003
           5           4  -4.3791715099245889E-004
           5           5   1.9738233318580964     
           5           6   4.2526852109347762E-013
           5           7   1.6190472495836709E-002
           5           8   9.0354179119531033E-004
           5           9  -9.0152580085983841E-003
           5          10  -4.9175154020509010E-013
           5          11   1.7151725203764720E-002
           5          12   9.5718642994547295E-004
           5          13 -0.19489419299454885     
           6           1  -1.6656943794197202E-002
           6           2 -0.26871188235058063     
           6           3   2.9157583067530564E-013
           6           4  -8.1482917007503792E-013
           6           5   4.2526852109347762E-013
           6           6  0.67579360054383519     
           6           7  -1.8573351109776807E-015
           6           8  -4.1083605367175322E-014
           6           9   5.8013840860395172E-015
           6          10  0.60882621797598935     
           6          11  -1.8490443073977761E-014
           6          12   2.9346134717739129E-014
           6          13  -1.2890473911702388E-014
           7           1  -4.9565217122432341E-015
           7           2   1.4116451208500278E-014
           7           3 -0.14699230198921376     
           7           4  -7.8046879134038780E-003
           7           5   1.6190472495836709E-002
           7           6  -1.8573351109776807E-015
           7           7  0.66230273015114682     
           7           8   1.5710497559342798E-002
           7           9  -3.2590717366064101E-002
           7          10  -3.5106907818507418E-014
           7          11  0.63217164836048567     
           7          12   1.7639410105318075E-002
           7          13  -3.6592159294767571E-002
           8           1   6.3031060598725657E-014
           8           2  -1.7821489496879568E-013
           8           3  -7.8046879131966687E-003
           8           4  -7.5764576435483205E-003
           8           5   9.0354179119531033E-004
           8           6  -4.1083605367175322E-014
           8           7   1.5710497559342798E-002
           8           8  0.38166469569662054     
           8           9  -1.8187903559147289E-003
           8          10   7.6509426607379803E-014
           8          11   1.7639410105840643E-002
           8          12  0.31707727515257017     
           8          13  -2.0420988492259561E-003
           9           1  -4.0205838002039008E-014
           9           2   1.0095954425245445E-013
           9           3   1.6190472496548192E-002
           9           4   9.0354179189375012E-004
           9           5  -9.0152580085983841E-003
           9           6   5.8013840860395172E-015
           9           7  -3.2590717366064101E-002
           9           8  -1.8187903559147289E-003
           9           9  0.38456093828493432     
           9          10  -4.4825953419099521E-014
           9          11  -3.6592159296050940E-002
           9          12  -2.0420988492325385E-003
           9          13  0.32032911428726302     
          10           1  0.12581470391647043     
          10           2 -0.57717608908579221     
          10           3  -3.1494303282069497E-013
          10           4   9.5310413395994972E-013
          10           5  -4.9175154020509010E-013
          10           6  0.60882621797598935     
          10           7  -3.5106907818507418E-014
          10           8   7.6509426607379803E-014
          10           9  -4.4825953419099521E-014
          10          10  0.60080433554088664     
          10          11   1.1980953393698675E-014
          10          12  -4.2868793067869952E-014
          10          13   2.9999599099690518E-014
          11           1   5.9582121390615883E-015
          11           2  -1.1743549952190221E-014
          11           3 -0.34106314160222839     
          11           4  -8.2680640049333527E-003
          11           5   1.7151725203764720E-002
          11           6  -1.8490443073977761E-014
          11           7  0.63217164836048567     
          11           8   1.7639410105840643E-002
          11           9  -3.6592159296050940E-002
          11          10   1.1980953393698675E-014
          11          11  0.62516370502784224     
          11          12   1.9256001312491555E-002
          11          13  -3.9945704711564389E-002
          12           1   8.9840739945183953E-014
          12           2   3.6524324098261836E-014
          12           3  -8.2680640056918709E-003
          12           4 -0.19336996889014330     
          12           5   9.5718642994547295E-004
          12           6   2.9346134717739129E-014
          12           7   1.7639410105318075E-002
          12           8  0.31707727515257017     
          12           9  -2.0420988492325385E-003
          12          10  -4.2868793067869952E-014
          12          11   1.9256001312491555E-002
          12          12  0.28119201735726146     
          12          13  -2.2292501781323261E-003
          13           1  -6.6483137873836315E-014
          13           2  -7.1677244412979149E-015
          13           3   1.7151725205198587E-002
          13           4   9.5718642970339858E-004
          13           5 -0.19489419299454885     
          13           6  -1.2890473911702388E-014
          13           7  -3.6592159294767571E-002
          13           8  -2.0420988492259561E-003
          13           9  0.32032911428726302     
          13          10   2.9999599099690518E-014
          13          11  -3.9945704711564389E-002
          13          12  -2.2292501781323261E-003
          13          13  0.28474187635278264     
