           1           1   2.2013027866047334     
           1           2 -0.77010441829634124     
           1           3  -4.0152245050054699E-014
           1           4   3.3264806173782114E-014
           1           5   2.5588785944838853E-014
           1           6  0.61989447203246373     
           1           7   1.1524866686841301E-013
           1           8  -6.6007165140294974E-014
           1           9  -7.8158380821233062E-014
           1          10  0.40999943495290220     
           1          11  -1.2611796096844884E-014
           1          12  -8.0792377959755885E-015
           1          13   5.6051101934633144E-016
           1          14   2.7648407655404862E-002
           1          15  -9.6015769828650263E-016
           1          16  -1.4891396382957390E-015
           1          17  -3.1787181861881851E-015
           1          18   2.2978398659242803E-002
           1          19   4.3461382640175207E-015
           1          20   5.6692015775203842E-016
           1          21   3.5049183721044226E-016
           1          22 -0.10699183277342192     
           1          23  -5.8221552226916384E-015
           1          24 -0.10699183277343975     
           1          25   1.6592171540938653E-015
           1          26  -6.6074228441109544E-015
           1          27 -0.10699183277343534     
           1          28  0.12128261484925877     
           1          29  -4.3372211213406057E-015
           1          30  0.12128261484925479     
           1          31   1.3399001551450004E-015
           1          32  -2.6318233770305020E-015
           1          33  0.12128261484925762     
           2           1 -0.77010441829634124     
           2           2   3.1885906793602641     
           2           3   1.6062288418733327E-013
           2           4  -1.2448139190105972E-013
           2           5  -1.0426939358069191E-013
           2           6 -0.82723169525349083     
           2           7  -4.4433863187520558E-013
           2           8   2.5427543548711111E-013
           2           9   2.9868128929111096E-013
           2          10  -2.0519295335836065     
           2          11   5.8593129457995897E-014
           2          12   2.8091907486171846E-014
           2          13  -9.1503992132294087E-015
           2          14 -0.22353879566265444     
           2          15   5.7356589208447391E-015
           2          16   2.4539561698387734E-015
           2          17   1.0501108964618401E-014
           2          18 -0.13042241355524464     
           2          19  -1.6644367721135065E-014
           2          20  -8.2243312954867183E-016
           2          21  -1.1891377526117542E-015
           2          22 -0.43043075061232750     
           2          23   2.1616023876086776E-014
           2          24 -0.43043075061224689     
           2          25   1.2578709433371773E-015
           2          26   2.6935929719614308E-014
           2          27 -0.43043075061225833     
           2          28 -0.65428298479804492     
           2          29   1.7377578067339961E-014
           2          30 -0.65428298479803360     
           2          31  -2.7521552661252622E-015
           2          32   6.6219887841643837E-015
           2          33 -0.65428298479806568     
           3           1  -4.0152245050054699E-014
           3           2   1.6062288418733327E-013
           3           3   2.4315226683938929     
           3           4   9.0984077910638814E-015
           3           5   4.5132558172504603E-015
           3           6   4.5183727078163930E-014
           3           7  -1.1779023577311367     
           3           8  -1.4149597292456580E-013
           3           9   1.2409214281139386E-013
           3          10   9.3919870873601392E-013
           3          11  0.45831874147705232     
           3          12   3.6558646734907733E-013
           3          13  -1.8050307342559736E-013
           3          14   2.4113998233224952E-013
           3          15  0.10157470861404236     
           3          16   5.3408839850721555E-013
           3          17  -9.6887125058952974E-014
           3          18   4.8202001744512456E-014
           3          19   3.1984116818585817E-002
           3          20   3.1591569638056432E-013
           3          21  -1.6304655108684288E-013
           3          22   3.9900365915872116E-013
           3          23  -3.3706501766446954E-013
           3          24  -3.5790584694107960E-013
           3          25  -1.0856188537079844E-012
           3          26  -4.7598235017648765E-013
           3          27  -4.1494248650546351E-013
           3          28   4.0548978475681569E-013
           3          29   5.4275923378914315E-014
           3          30   3.7263823735509790E-013
           3          31  -7.7571448980646328E-014
           3          32  -1.1763085698525720E-015
           3          33   4.7247147555887445E-013
           4           1   3.3264806173782114E-014
           4           2  -1.2448139190105972E-013
           4           3   9.0984077910638814E-015
           4           4   2.4315226683938258     
           4           5  -2.3451076150426954E-014
           4           6  -9.1419563285835318E-014
           4           7  -1.2830611139519342E-013
           4           8  -1.1779023577310335     
           4           9  -4.5166127782270176E-014
           4          10  -7.6272459596231609E-013
           4          11   1.3285249636507704E-013
           4          12  0.45831874147697427     
           4          13   1.3691651978842155E-013
           4          14  -1.8565321340647513E-013
           4          15   2.5434515604772365E-014
           4          16  0.10157470861367981     
           4          17   7.0014306852162049E-014
           4          18  -3.7862127870002953E-014
           4          19   1.0484668688803578E-014
           4          20   3.1984116818359484E-002
           4          21   1.1797268890945120E-013
           4          22  -3.1525711163722554E-013
           4          23   2.4969661282358893E-013
           4          24   2.6473070937629745E-013
           4          25   7.8604360578329213E-013
           4          26   3.5749362266794177E-013
           4          27   3.3324721951320703E-013
           4          28  -3.3353504839001383E-013
           4          29  -4.0156833837815535E-014
           4          30  -2.9933990459442765E-013
           4          31   5.1835740060581261E-014
           4          32   5.4033051979373898E-015
           4          33  -3.5656101985785347E-013
           5           1   2.5588785944838853E-014
           5           2  -1.0426939358069191E-013
           5           3   4.5132558172504603E-015
           5           4  -2.3451076150426954E-014
           5           5   2.4315226683938431     
           5           6  -1.4506568365434127E-014
           5           7  -9.2561971542365378E-014
           5           8   1.2530428084023268E-013
           5           9  -1.1779023577312409     
           5          10  -6.1130234356726212E-013
           5          11   1.0786326259254472E-013
           5          12  -2.1521152915315861E-013
           5          13  0.45831874147735030     
           5          14  -1.5093165893850621E-013
           5          15   1.5472432363106253E-014
           5          16  -3.2272622074724911E-013
           5          17  0.10157470861412934     
           5          18  -3.1274851928206191E-014
           5          19   6.0190025706618280E-015
           5          20  -1.8919696538610695E-013
           5          21   3.1984116818693703E-002
           5          22  -2.1962442744263235E-013
           5          23   2.0728206860973908E-013
           5          24   2.1238817718867671E-013
           5          25   6.7405555882536253E-013
           5          26   2.9258566946077058E-013
           5          27   2.5270348533888207E-013
           5          28  -2.5872028234384129E-013
           5          29  -4.0047786664675264E-014
           5          30  -2.4314371842440910E-013
           5          31   4.9153959022806017E-014
           5          32  -9.9541255155982271E-015
           5          33  -3.0385042858190350E-013
           6           1  0.61989447203246373     
           6           2 -0.82723169525349083     
           6           3   4.5183727078163930E-014
           6           4  -9.1419563285835318E-014
           6           5  -1.4506568365434127E-014
           6           6   2.4957179834185257     
           6           7  -1.0704535401806365E-013
           6           8   1.8947126163015105E-013
           6           9   3.2802785683627144E-014
           6          10   3.4710503056534705     
           6          11  -7.4104504956557869E-014
           6          12  -4.5283190857308533E-014
           6          13  -1.6417637185000716E-014
           6          14  0.35221954630792074     
           6          15  -7.1803580481535300E-015
           6          16  -2.6636158248273666E-014
           6          17  -3.0450100326387874E-014
           6          18  0.22382761365323744     
           6          19   3.3986874910906797E-014
           6          20  -1.8284828135801998E-015
           6          21  -2.1424477603849566E-015
           6          22  0.16414162989940448     
           6          23  -2.3770987082425446E-014
           6          24  0.16414162989961473     
           6          25   4.8331451153911261E-014
           6          26  -6.6402303912806436E-014
           6          27  0.16414162989958572     
           6          28   1.0767515266757872     
           6          29  -1.4796234029230373E-014
           6          30   1.0767515266758161     
           6          31   1.9097517867084035E-014
           6          32  -1.2174746864849706E-014
           6          33   1.0767515266757863     
           7           1   1.1524866686841301E-013
           7           2  -4.4433863187520558E-013
           7           3  -1.1779023577311367     
           7           4  -1.2830611139519342E-013
           7           5  -9.2561971542365378E-014
           7           6  -1.0704535401806365E-013
           7           7   3.2954986355374736     
           7           8   5.7002753212076515E-013
           7           9  -9.4057899489852063E-014
           7          10  -2.0011946955812086E-012
           7          11  -1.7159011760256457     
           7          12  -8.4283968693199611E-013
           7          13   4.2479041117982013E-013
           7          14  -4.9836430061071482E-013
           7          15 -0.40233823651207273     
           7          16  -1.2383791908598959E-012
           7          17   2.2566930962808424E-013
           7          18  -7.6126048857886895E-014
           7          19 -0.12335611807184182     
           7          20  -7.3512636949990561E-013
           7          21   3.7183212238389728E-013
           7          22  -9.2652073841867737E-013
           7          23   7.8841385215308517E-013
           7          24   8.5610629453200794E-013
           7          25   2.5301029815079275E-012
           7          26   1.1139548757934234E-012
           7          27   9.7891525654922059E-013
           7          28  -8.3440055631337088E-013
           7          29  -1.2948519121240202E-013
           7          30  -7.9326552013583292E-013
           7          31   1.9687188444652805E-013
           7          32  -1.0177385720058064E-014
           7          33  -1.0640809012399756E-012
           8           1  -6.6007165140294974E-014
           8           2   2.5427543548711111E-013
           8           3  -1.4149597292456580E-013
           8           4  -1.1779023577310335     
           8           5   1.2530428084023268E-013
           8           6   1.8947126163015105E-013
           8           7   5.7002753212076515E-013
           8           8   3.2954986355373821     
           8           9  -6.2916685750202665E-014
           8          10   1.8191549080404439E-012
           8          11  -2.9501054377156868E-013
           8          12  -1.7159011760254543     
           8          13  -3.1811012157767534E-013
           8          14   4.1785192712091510E-013
           8          15  -4.4757600403679083E-014
           8          16 -0.40233823651121509     
           8          17  -1.6200929486842637E-013
           8          18   7.5971769147622287E-014
           8          19  -1.1106567054940659E-014
           8          20 -0.12335611807131011     
           8          21  -2.6725930496462859E-013
           8          22   7.5025845672266758E-013
           8          23  -5.6638880263868251E-013
           8          24  -6.1996417377423991E-013
           8          25  -1.7972315952094335E-012
           8          26  -8.3083405429227728E-013
           8          27  -7.5538476984565634E-013
           8          28   7.7925591405707705E-013
           8          29   8.8519338516854550E-014
           8          30   7.1422755407213713E-013
           8          31  -1.2854273670581010E-013
           8          32  -2.1492283660442662E-014
           8          33   8.4210543528774264E-013
           9           1  -7.8158380821233062E-014
           9           2   2.9868128929111096E-013
           9           3   1.2409214281139386E-013
           9           4  -4.5166127782270176E-014
           9           5  -1.1779023577312409     
           9           6   3.2802785683627144E-014
           9           7  -9.4057899489852063E-014
           9           8  -6.2916685750202665E-014
           9           9   3.2954986355382543     
           9          10   1.3657121911456835E-012
           9          11  -2.4619282307236686E-013
           9          12   5.0505433168979122E-013
           9          13  -1.7159011760263290     
           9          14   3.0063089190635256E-013
           9          15  -3.0968283493138591E-014
           9          16   7.4969891405984837E-013
           9          17 -0.40233823651226219     
           9          18   4.7592397712588178E-014
           9          19  -2.0238585113352042E-014
           9          20   4.4118875219822924E-013
           9          21 -0.12335611807208736     
           9          22   5.2524502427727554E-013
           9          23  -4.8623281314771397E-013
           9          24  -5.0328318184638003E-013
           9          25  -1.5704662158339116E-012
           9          26  -6.7088099655447532E-013
           9          27  -5.8667361665209511E-013
           9          28   5.4034447126147650E-013
           9          29   9.2408262533259122E-014
           9          30   5.4172674803379330E-013
           9          31  -1.2925198236449982E-013
           9          32   3.4699274947639810E-014
           9          33   7.0516844054069424E-013
          10           1  0.40999943495290220     
          10           2  -2.0519295335836065     
          10           3   9.3919870873601392E-013
          10           4  -7.6272459596231609E-013
          10           5  -6.1130234356726212E-013
          10           6   3.4710503056534705     
          10           7  -2.0011946955812086E-012
          10           8   1.8191549080404439E-012
          10           9   1.3657121911456835E-012
          10          10   22.330718869373577     
          10          11  -7.4682628863249542E-013
          10          12  -7.7014567176530267E-014
          10          13   1.8066871785703646E-013
          10          14   1.1558342684465195     
          10          15  -2.1972651423474814E-013
          10          16  -4.6236106066062135E-014
          10          17  -1.4239223726289350E-013
          10          18   1.4664689495485910     
          10          19   7.8737700292860406E-014
          10          20  -1.0739450806496897E-013
          10          21  -1.0442934277821172E-013
          10          22  0.57916918592670208     
          10          23   8.4368942285573964E-015
          10          24  0.57916918592656697     
          10          25  -7.5768402639068954E-015
          10          26  -5.0633884418647765E-014
          10          27  0.57916918592608435     
          10          28   8.0088210454698281     
          10          29  -3.6879322918293099E-014
          10          30   8.0088210454700999     
          10          31  -2.8573730745928541E-014
          10          32  -1.1228635175586731E-013
          10          33   8.0088210454709419     
          11           1  -1.2611796096844884E-014
          11           2   5.8593129457995897E-014
          11           3  0.45831874147705232     
          11           4   1.3285249636507704E-013
          11           5   1.0786326259254472E-013
          11           6  -7.4104504956557869E-014
          11           7  -1.7159011760256457     
          11           8  -2.9501054377156868E-013
          11           9  -2.4619282307236686E-013
          11          10  -7.4682628863249542E-013
          11          11   3.1788505732088210     
          11          12  -1.9186041644301877E-014
          11          13  -3.5360603334310075E-014
          11          14  -2.3389545346691796E-013
          11          15  0.88120331664925533     
          11          16  -1.0522832605273643E-014
          11          17  -3.1542476963684845E-014
          11          18  -1.2961937041793634E-013
          11          19  0.22281148260960507     
          11          20  -3.2187794096749384E-014
          11          21   2.7737794699999952E-014
          11          22   5.7181614675840401E-014
          11          23  -6.8276538329936314E-015
          11          24  -3.4488513714453572E-014
          11          25  -4.3248125701627444E-014
          11          26  -3.5976215592871845E-015
          11          27  -7.0931173657085974E-014
          11          28  -4.5439079444459271E-013
          11          29   2.2425379832868884E-014
          11          30  -2.9772351370435218E-013
          11          31  -9.3919552536818190E-014
          11          32   4.0303237551124110E-014
          11          33  -1.0716527977193190E-013
          12           1  -8.0792377959755885E-015
          12           2   2.8091907486171846E-014
          12           3   3.6558646734907733E-013
          12           4  0.45831874147697427     
          12           5  -2.1521152915315861E-013
          12           6  -4.5283190857308533E-014
          12           7  -8.4283968693199611E-013
          12           8  -1.7159011760254543     
          12           9   5.0505433168979122E-013
          12          10  -7.7014567176530267E-014
          12          11  -1.9186041644301877E-014
          12          12   3.1788505732087389     
          12          13   9.5479180117770625E-015
          12          14   1.0064990148535112E-013
          12          15  -4.4093201312375921E-014
          12          16  0.88120331664911078     
          12          17   1.0588752097363134E-014
          12          18   6.4865960434608035E-014
          12          19  -3.6079646215105105E-014
          12          20  0.22281148260951858     
          12          21  -2.2176704916887761E-014
          12          22  -3.7695430221369512E-014
          12          23  -1.2367488449167581E-014
          12          24   2.6995281994345993E-014
          12          25  -1.0044197059845451E-013
          12          26  -2.9179651135290060E-015
          12          27  -2.8287902082767524E-014
          12          28   4.4629861100735469E-014
          12          29  -1.1293061411021240E-014
          12          30  -4.1122064420025531E-015
          12          31   3.2311053416957641E-014
          12          32   2.7036740068460297E-014
          12          33  -1.9335688249954272E-014
          13           1   5.6051101934633144E-016
          13           2  -9.1503992132294087E-015
          13           3  -1.8050307342559736E-013
          13           4   1.3691651978842155E-013
          13           5  0.45831874147735030     
          13           6  -1.6417637185000716E-014
          13           7   4.2479041117982013E-013
          13           8  -3.1811012157767534E-013
          13           9  -1.7159011760263290     
          13          10   1.8066871785703646E-013
          13          11  -3.5360603334310075E-014
          13          12   9.5479180117770625E-015
          13          13   3.1788505732087629     
          13          14   1.6334964656477236E-013
          13          15  -4.7649384438129069E-014
          13          16  -2.0122792321263751E-016
          13          17  0.88120331664918061     
          13          18   7.6539034696453466E-014
          13          19  -2.5461403818660299E-015
          13          20   2.0664026045836054E-014
          13          21  0.22281148260954237     
          13          22  -4.3012316368536779E-014
          13          23   1.3793425843952179E-014
          13          24   1.1322357132541148E-014
          13          25   1.4656380397149592E-014
          13          26  -4.1292365213306149E-015
          13          27   4.9901328882250085E-014
          13          28   2.1701660940663883E-013
          13          29  -2.7391470294874926E-014
          13          30   6.8749198864257091E-014
          13          31   7.7722971916774610E-014
          13          32  -6.9226149602313910E-014
          13          33  -5.4854606189599132E-014
          14           1   2.7648407655404862E-002
          14           2 -0.22353879566265444     
          14           3   2.4113998233224952E-013
          14           4  -1.8565321340647513E-013
          14           5  -1.5093165893850621E-013
          14           6  0.35221954630792074     
          14           7  -4.9836430061071482E-013
          14           8   4.1785192712091510E-013
          14           9   3.0063089190635256E-013
          14          10   1.1558342684465195     
          14          11  -2.3389545346691796E-013
          14          12   1.0064990148535112E-013
          14          13   1.6334964656477236E-013
          14          14  0.34982572745443496     
          14          15   1.2225449158081851E-015
          14          16   1.2716932911150448E-013
          14          17   4.8558312691892171E-014
          14          18   7.9996840508940320E-003
          14          19  -2.4232612224584324E-014
          14          20   9.0221881725865719E-015
          14          21   4.3942232741339617E-015
          14          22   6.4970321871392886E-002
          14          23   2.3277683692020483E-014
          14          24   6.4970321871308995E-002
          14          25   2.5206950342724502E-014
          14          26   1.0838387892315246E-014
          14          27   6.4970321871127348E-002
          14          28  0.24808442897145261     
          14          29  -6.9419430391913214E-014
          14          30  0.24808442897169697     
          14          31  -6.2284091447139604E-014
          14          32  -4.2567000321817756E-014
          14          33  0.24808442897211166     
          15           1  -9.6015769828650263E-016
          15           2   5.7356589208447391E-015
          15           3  0.10157470861404236     
          15           4   2.5434515604772365E-014
          15           5   1.5472432363106253E-014
          15           6  -7.1803580481535300E-015
          15           7 -0.40233823651207273     
          15           8  -4.4757600403679083E-014
          15           9  -3.0968283493138591E-014
          15          10  -2.1972651423474814E-013
          15          11  0.88120331664925533     
          15          12  -4.4093201312375921E-014
          15          13  -4.7649384438129069E-014
          15          14   1.2225449158081851E-015
          15          15   1.5168686622953542     
          15          16  -8.2891592895183358E-015
          15          17  -8.1850758809598584E-015
          15          18  -3.8591178516797009E-014
          15          19  0.18876690022813503     
          15          20  -3.9183066513565703E-016
          15          21  -2.1978946440629731E-015
          15          22   3.2996379569960240E-014
          15          23  -7.9423732112856799E-015
          15          24  -4.8177932403528161E-014
          15          25  -7.6381120820277725E-014
          15          26   8.0684785520521001E-016
          15          27   3.7600280714493907E-015
          15          28  -9.4753811783624183E-014
          15          29   8.3895390039604892E-015
          15          30  -9.1884801417062729E-014
          15          31  -7.8903006628244576E-015
          15          32  -8.6658539082887298E-015
          15          33  -8.3853859604629809E-014
          16           1  -1.4891396382957390E-015
          16           2   2.4539561698387734E-015
          16           3   5.3408839850721555E-013
          16           4  0.10157470861367981     
          16           5  -3.2272622074724911E-013
          16           6  -2.6636158248273666E-014
          16           7  -1.2383791908598959E-012
          16           8 -0.40233823651121509     
          16           9   7.4969891405984837E-013
          16          10  -4.6236106066062135E-014
          16          11  -1.0522832605273643E-014
          16          12  0.88120331664911078     
          16          13  -2.0122792321263751E-016
          16          14   1.2716932911150448E-013
          16          15  -8.2891592895183358E-015
          16          16   1.5168686622951597     
          16          17  -5.3842780928236659E-014
          16          18   1.0055479067537065E-013
          16          19  -1.7071630567523477E-014
          16          20  0.18876690022799952     
          16          21  -4.8193437088284428E-014
          16          22  -5.5930304741627180E-015
          16          23   5.3567862866878948E-015
          16          24   4.4396624414284309E-014
          16          25  -3.1687531743977596E-014
          16          26  -1.5675406703422088E-015
          16          27  -4.2358309554812826E-014
          16          28   2.7880826718944119E-014
          16          29  -9.6366330537368207E-015
          16          30  -3.9097180770290149E-014
          16          31   6.3442486726457440E-015
          16          32   1.1022615800858195E-014
          16          33   1.3020650870620804E-015
          17           1  -3.1787181861881851E-015
          17           2   1.0501108964618401E-014
          17           3  -9.6887125058952974E-014
          17           4   7.0014306852162049E-014
          17           5  0.10157470861412934     
          17           6  -3.0450100326387874E-014
          17           7   2.2566930962808424E-013
          17           8  -1.6200929486842637E-013
          17           9 -0.40233823651226219     
          17          10  -1.4239223726289350E-013
          17          11  -3.1542476963684845E-014
          17          12   1.0588752097363134E-014
          17          13  0.88120331664918061     
          17          14   4.8558312691892171E-014
          17          15  -8.1850758809598584E-015
          17          16  -5.3842780928236659E-014
          17          17   1.5168686622953358     
          17          18   2.4343150316130626E-014
          17          19  -1.5852119963922271E-015
          17          20  -2.5598446973251662E-014
          17          21  0.18876690022812029     
          17          22  -1.1463716640910477E-014
          17          23   1.2998864379047338E-014
          17          24  -8.1892599282677010E-015
          17          25  -7.5441057567048091E-015
          17          26   4.5879388484369127E-015
          17          27   1.3142093444502152E-014
          17          28  -2.8865078461485974E-014
          17          29  -1.5818312256682114E-014
          17          30  -5.8239614311869602E-014
          17          31   1.0134073729817627E-014
          17          32  -1.0439810586618931E-014
          17          33  -9.2719781989159495E-014
          18           1   2.2978398659242803E-002
          18           2 -0.13042241355524464     
          18           3   4.8202001744512456E-014
          18           4  -3.7862127870002953E-014
          18           5  -3.1274851928206191E-014
          18           6  0.22382761365323744     
          18           7  -7.6126048857886895E-014
          18           8   7.5971769147622287E-014
          18           9   4.7592397712588178E-014
          18          10   1.4664689495485910     
          18          11  -1.2961937041793634E-013
          18          12   6.4865960434608035E-014
          18          13   7.6539034696453466E-014
          18          14   7.9996840508940320E-003
          18          15  -3.8591178516797009E-014
          18          16   1.0055479067537065E-013
          18          17   2.4343150316130626E-014
          18          18  0.11412127863879916     
          18          19   4.9798153354583950E-015
          18          20   6.9814055641267349E-015
          18          21   5.7170920698547171E-016
          18          22   3.6219137664535862E-002
          18          23   1.4861630225786521E-014
          18          24   3.6219137664535064E-002
          18          25   3.9703209577460887E-014
          18          26   3.2819138480398239E-014
          18          27   3.6219137664445768E-002
          18          28  0.56557954709432523     
          18          29  -3.1578657661726124E-014
          18          30  0.56557954709441471     
          18          31  -2.2741424929210322E-014
          18          32  -1.9984005410789868E-014
          18          33  0.56557954709454605     
          19           1   4.3461382640175207E-015
          19           2  -1.6644367721135065E-014
          19           3   3.1984116818585817E-002
          19           4   1.0484668688803578E-014
          19           5   6.0190025706618280E-015
          19           6   3.3986874910906797E-014
          19           7 -0.12335611807184182     
          19           8  -1.1106567054940659E-014
          19           9  -2.0238585113352042E-014
          19          10   7.8737700292860406E-014
          19          11  0.22281148260960507     
          19          12  -3.6079646215105105E-014
          19          13  -2.5461403818660299E-015
          19          14  -2.4232612224584324E-014
          19          15  0.18876690022813503     
          19          16  -1.7071630567523477E-014
          19          17  -1.5852119963922271E-015
          19          18   4.9798153354583950E-015
          19          19   2.8437329084682814E-002
          19          20  -2.4763177619572495E-015
          19          21   1.4598782252541476E-016
          19          22   1.2193690472068383E-014
          19          23   1.9599217976902405E-016
          19          24  -4.5917627095573628E-015
          19          25  -3.7096398404078858E-014
          19          26  -5.3393804028314635E-015
          19          27  -2.6897152051726295E-015
          19          28   2.8076492269583836E-014
          19          29  -9.1134107826605310E-016
          19          30   1.6773184373554475E-014
          19          31  -8.3115600950711620E-015
          19          32   6.8050595426602499E-015
          19          33   4.0528190241446938E-014
          20           1   5.6692015775203842E-016
          20           2  -8.2243312954867183E-016
          20           3   3.1591569638056432E-013
          20           4   3.1984116818359484E-002
          20           5  -1.8919696538610695E-013
          20           6  -1.8284828135801998E-015
          20           7  -7.3512636949990561E-013
          20           8 -0.12335611807131011     
          20           9   4.4118875219822924E-013
          20          10  -1.0739450806496897E-013
          20          11  -3.2187794096749384E-014
          20          12  0.22281148260951858     
          20          13   2.0664026045836054E-014
          20          14   9.0221881725865719E-015
          20          15  -3.9183066513565703E-016
          20          16  0.18876690022799952     
          20          17  -2.5598446973251662E-014
          20          18   6.9814055641267349E-015
          20          19  -2.4763177619572495E-015
          20          20   2.8437329084649379E-002
          20          21  -7.1824057118476778E-015
          20          22  -1.3760777310079336E-015
          20          23   4.9220768353367311E-015
          20          24   1.6893507196761525E-014
          20          25   1.6220155599265346E-014
          20          26  -9.7427847317703696E-015
          20          27  -1.9012251200063403E-014
          20          28  -3.5520605462666310E-014
          20          29  -3.1112697373013059E-015
          20          30  -4.1377880694696282E-014
          20          31   8.7218960815261673E-015
          20          32  -7.6362696199636657E-015
          20          33  -3.5010941712785042E-014
          21           1   3.5049183721044226E-016
          21           2  -1.1891377526117542E-015
          21           3  -1.6304655108684288E-013
          21           4   1.1797268890945120E-013
          21           5   3.1984116818693703E-002
          21           6  -2.1424477603849566E-015
          21           7   3.7183212238389728E-013
          21           8  -2.6725930496462859E-013
          21           9 -0.12335611807208736     
          21          10  -1.0442934277821172E-013
          21          11   2.7737794699999952E-014
          21          12  -2.2176704916887761E-014
          21          13  0.22281148260954237     
          21          14   4.3942232741339617E-015
          21          15  -2.1978946440629731E-015
          21          16  -4.8193437088284428E-014
          21          17  0.18876690022812029     
          21          18   5.7170920698547171E-016
          21          19   1.4598782252541476E-016
          21          20  -7.1824057118476778E-015
          21          21   2.8437329084676458E-002
          21          22   7.2145091637392961E-016
          21          23   1.2615526227304353E-014
          21          24  -2.0238475346049576E-014
          21          25   8.7075848127519784E-015
          21          26  -1.8241676284575943E-014
          21          27   1.6878758693355014E-014
          21          28  -3.7182419218643414E-014
          21          29  -2.2319866986426037E-014
          21          30  -4.1499649398449055E-014
          21          31  -8.0358745704332133E-015
          21          32  -1.6756378865007416E-014
          21          33  -6.2643296074323848E-014
          22           1 -0.10699183277342192     
          22           2 -0.43043075061232750     
          22           3   3.9900365915872116E-013
          22           4  -3.1525711163722554E-013
          22           5  -2.1962442744263235E-013
          22           6  0.16414162989940448     
          22           7  -9.2652073841867737E-013
          22           8   7.5025845672266758E-013
          22           9   5.2524502427727554E-013
          22          10  0.57916918592670208     
          22          11   5.7181614675840401E-014
          22          12  -3.7695430221369512E-014
          22          13  -4.3012316368536779E-014
          22          14   6.4970321871392886E-002
          22          15   3.2996379569960240E-014
          22          16  -5.5930304741627180E-015
          22          17  -1.1463716640910477E-014
          22          18   3.6219137664535862E-002
          22          19   1.2193690472068383E-014
          22          20  -1.3760777310079336E-015
          22          21   7.2145091637392961E-016
          22          22   2.3058920942707006     
          22          23   7.2790789607581052E-013
          22          24  -1.0132740712784103     
          22          25  -9.6402934076622999E-013
          22          26   3.9731607145185624E-013
          22          27  -1.0132740712783816     
          22          28 -0.49204542352111857     
          22          29   1.6051892917217964E-014
          22          30  0.53720942241264225     
          22          31  -1.6529099633889074E-014
          22          32  -5.3213909199346985E-014
          22          33  0.53720942241265468     
          23           1  -5.8221552226916384E-015
          23           2   2.1616023876086776E-014
          23           3  -3.3706501766446954E-013
          23           4   2.4969661282358893E-013
          23           5   2.0728206860973908E-013
          23           6  -2.3770987082425446E-014
          23           7   7.8841385215308517E-013
          23           8  -5.6638880263868251E-013
          23           9  -4.8623281314771397E-013
          23          10   8.4368942285573964E-015
          23          11  -6.8276538329936314E-015
          23          12  -1.2367488449167581E-014
          23          13   1.3793425843952179E-014
          23          14   2.3277683692020483E-014
          23          15  -7.9423732112856799E-015
          23          16   5.3567862866878948E-015
          23          17   1.2998864379047338E-014
          23          18   1.4861630225786521E-014
          23          19   1.9599217976902405E-016
          23          20   4.9220768353367311E-015
          23          21   1.2615526227304353E-014
          23          22   7.2790789607581052E-013
          23          23   2.2127774436993235     
          23          24   2.1050914288154213E-013
          23          25   1.0979064879457395E-014
          23          26  -2.1514907910766985E-015
          23          27  -9.5913271338783796E-013
          23          28   3.7634610358173386E-014
          23          29 -0.68616989728919686     
          23          30   1.2985006860430654E-013
          23          31  -5.0723314437566864E-015
          23          32  -5.0749335289813983E-015
          23          33  -1.5392053782185590E-013
          24           1 -0.10699183277343975     
          24           2 -0.43043075061224689     
          24           3  -3.5790584694107960E-013
          24           4   2.6473070937629745E-013
          24           5   2.1238817718867671E-013
          24           6  0.16414162989961473     
          24           7   8.5610629453200794E-013
          24           8  -6.1996417377423991E-013
          24           9  -5.0328318184638003E-013
          24          10  0.57916918592656697     
          24          11  -3.4488513714453572E-014
          24          12   2.6995281994345993E-014
          24          13   1.1322357132541148E-014
          24          14   6.4970321871308995E-002
          24          15  -4.8177932403528161E-014
          24          16   4.4396624414284309E-014
          24          17  -8.1892599282677010E-015
          24          18   3.6219137664535064E-002
          24          19  -4.5917627095573628E-015
          24          20   1.6893507196761525E-014
          24          21  -2.0238475346049576E-014
          24          22  -1.0132740712784103     
          24          23   2.1050914288154213E-013
          24          24   2.3058920942704368     
          24          25   1.1560751489911293E-012
