           1           1   2.1637015698344184     
           1           2 -0.63944446834922564     
           1           3   8.5621414634811103E-015
           1           4  -7.9866872884725232E-015
           1           5  -4.7486501449216207E-015
           1           6   9.8126198419532143E-002
           1           7  -1.6665199779412589E-016
           1           8  -6.4284322140682620E-015
           1           9   6.8857512048260405E-015
           1          10   3.0507386433885900E-002
           1          11   1.9631224906018975E-015
           1          12  -1.7093767921355518E-016
           1          13  -4.1084527616322915E-015
           1          14  -1.3707164255964939E-002
           1          15  -6.1382696563017573E-017
           1          16   4.3051609653084977E-016
           1          17   1.8884046399967937E-015
           1          18   5.1964454440130883E-002
           1          19   2.9235640221416501E-005
           1          20   5.1952885253767483E-002
           1          21   2.4098318106748512E-004
           1          22  -3.2167980372531580E-004
           1          23   4.9186291796074991E-002
           1          24  -1.3562340787745744E-002
           1          25   1.0094392094954973E-005
           1          26  -1.3563411945089103E-002
           1          27   2.2769044065425294E-005
           1          28  -3.0806089440765547E-005
           1          29  -1.3819473248236451E-002
           2           1 -0.63944446834922564     
           2           2   2.5007013469838850     
           2           3  -3.3749914376746840E-014
           2           4   2.5958552139583304E-014
           2           5   1.4416467155821440E-014
           2           6 -0.42326244690504444     
           2           7  -3.6587381782159776E-016
           2           8   2.2534853183610367E-014
           2           9  -2.5388531858250081E-014
           2          10 -0.16518875643460001     
           2          11  -5.6248278998316673E-015
           2          12   3.8213608325327272E-015
           2          13   1.6864540816164921E-014
           2          14   7.4934406506250315E-002
           2          15  -1.6632363353025219E-015
           2          16  -2.8453099143674173E-015
           2          17  -1.2972451670771084E-014
           2          18 -0.22808717373698656     
           2          19  -1.1457569229379543E-004
           2          20 -0.22804160391158795     
           2          21  -9.4870316068991121E-004
           2          22   1.2663606021773885E-003
           2          23 -0.21714448510311690     
           2          24   7.8582921053870380E-002
           2          25  -4.0399860639558593E-005
           2          26   7.8586739486057086E-002
           2          27  -8.1233475608449827E-005
           2          28   1.1015412557914714E-004
           2          29   7.9499570768594929E-002
           3           1   8.5621414634811103E-015
           3           2  -3.3749914376746840E-014
           3           3   2.2241928045341366     
           3           4  -6.8053771968060433E-007
           3           5   7.4265413086320800E-006
           3           6   6.5252722115265334E-015
           3           7 -0.71726535659549240     
           3           8   2.6723246972829538E-006
           3           9  -2.9088616029338682E-005
           3          10  -3.8895100916721094E-015
           3          11   8.1778058657535110E-002
           3          12  -7.6338257758703989E-006
           3          13   8.2214767355231165E-005
           3          14   2.6239544102546443E-015
           3          15  -4.7447207941209490E-002
           3          16   3.2896763953268218E-006
           3          17  -3.5325544628262524E-005
           3          18  -2.0210895356060865E-015
           3          19   8.4320596377370225E-014
           3          20  -4.9011071227761721E-015
           3          21  -7.5443085062193439E-015
           3          22   5.0433230478485581E-015
           3          23  -2.4652107584584880E-015
           3          24   9.2280734733083429E-016
           3          25   1.8888979096556202E-014
           3          26   5.4595958487109350E-016
           3          27  -2.1779273210267438E-015
           3          28   4.7774382834216961E-015
           3          29  -2.3172689043732868E-015
           4           1  -7.9866872884725232E-015
           4           2   2.5958552139583304E-014
           4           3  -6.8053771968060433E-007
           4           4   2.2241923904767100     
           4           5  -9.8244447056632100E-006
           4           6   7.6935996516558067E-015
           4           7   2.6723246997861598E-006
           4           8 -0.71726373483345829     
           4           9   3.8480457076595781E-005
           4          10   6.0220342025163817E-015
           4          11  -7.6338257749560912E-006
           4          12   8.1773475432218162E-002
           4          13  -1.0875489772601524E-004
           4          14  -3.9900212957967817E-015
           4          15   3.2896763955522274E-006
           4          16  -4.7445238701869751E-002
           4          17   4.6728606286113982E-005
           4          18   3.6166563380783204E-015
           4          19  -4.4998383979159606E-014
           4          20   6.1328751513730073E-015
           4          21   3.6603046070487963E-015
           4          22  -4.4649946905494881E-015
           4          23   3.1053191013771286E-015
           4          24  -2.1321986892349454E-015
           4          25  -8.4616766136343142E-015
           4          26   9.4392792619683789E-017
           4          27   2.3587008398202644E-015
           4          28  -1.4648171210108189E-015
           4          29  -2.7522547330190493E-016
           5           1  -4.7486501449216207E-015
           5           2   1.4416467155821440E-014
           5           3   7.4265413086320800E-006
           5           4  -9.8244447056632100E-006
           5           5   2.2240934527349796     
           5           6  -7.0131959060993846E-015
           5           7  -2.9088616027916209E-005
           5           8   3.8480457076744967E-005
           5           9 -0.71687621988334138     
           5          10  -1.2670165019208332E-015
           5          11   8.2214767351129195E-005
           5          12  -1.0875489772386505E-004
           5          13   8.0678327424857171E-002
           5          14   2.8618603872121540E-016
           5          15  -3.5325544626708103E-005
           5          16   4.6728606284618650E-005
           5          17  -4.6974694844026624E-002
           5          18  -7.8791137971897198E-015
           5          19   1.9784598948402736E-014
           5          20  -5.5528686445417121E-015
           5          21  -5.8137044313638113E-016
           5          22   4.7061492382288529E-016
           5          23   5.4363318873671809E-016
           5          24   8.2531251748301458E-016
           5          25   4.0743834145294255E-015
           5          26   8.6145362522357429E-016
           5          27   1.8437904603426353E-016
           5          28   3.8518570179606425E-016
           5          29   4.9269636355522626E-016
           6           1   9.8126198419532143E-002
           6           2 -0.42326244690504444     
           6           3   6.5252722115265334E-015
           6           4   7.6935996516558067E-015
           6           5  -7.0131959060993846E-015
           6           6   2.3524077235400012     
           6           7   1.3837268189472445E-014
           6           8  -5.0244785523429228E-014
           6           9   6.5970716253581249E-014
           6          10  0.46570335694328180     
           6          11   1.0705626669999424E-014
           6          12  -8.7600299820494919E-015
           6          13  -3.7696551048863643E-014
           6          14 -0.20070585067201596     
           6          15  -5.3622325055366683E-015
           6          16   6.1510576746901779E-015
           6          17   3.3321096713653054E-014
           6          18   6.7156241315772497E-002
           6          19   2.5933296374168870E-004
           6          20   6.7034837763810542E-002
           6          21   2.5227787465097605E-003
           6          22  -3.3649379780311696E-003
           6          23   3.8006950101979242E-002
           6          24 -0.27402501748115565     
           6          25   1.1059794070836102E-004
           6          26 -0.27402837119044310     
           6          27   7.3497324812409558E-005
           6          28  -1.0382962965577528E-004
           6          29 -0.27483069575958413     
           7           1  -1.6665199779412589E-016
           7           2  -3.6587381782159776E-016
           7           3 -0.71726535659549240     
           7           4   2.6723246997861598E-006
           7           5  -2.9088616027916209E-005
           7           6   1.3837268189472445E-014
           7           7   2.2910774001116572     
           7           8  -1.0464620873945965E-005
           7           9   1.1360404331017815E-004
           7          10   5.8671743884383728E-015
           7          11 -0.21645753426119765     
           7          12   2.8512271928811785E-005
           7          13  -3.0583485000529147E-004
           7          14  -4.0999059901683026E-015
           7          15  0.12721219525779992     
           7          16  -1.2642218267028195E-005
           7          17   1.3509684142290566E-004
           7          18   2.9748934151311346E-015
           7          19  -2.5896307006997967E-013
           7          20   3.4584820379297463E-015
           7          21   1.9118640815994461E-014
           7          22  -1.8730731432391894E-014
           7          23  -6.5329821526558260E-015
           7          24  -1.5783921623062885E-015
           7          25  -5.9050524235237456E-014
           7          26  -4.2803411207389184E-015
           7          27   6.9628043108640743E-015
           7          28  -4.6006714467249994E-015
           7          29  -5.0118012475899705E-016
           8           1  -6.4284322140682620E-015
           8           2   2.2534853183610367E-014
           8           3   2.6723246972829538E-006
           8           4 -0.71726373483345829     
           8           5   3.8480457076744967E-005
           8           6  -5.0244785523429228E-014
           8           7  -1.0464620873945965E-005
           8           8   2.2910710665619161     
           8           9  -1.5028180403890701E-004
           8          10  -7.8225018234687927E-015
           8          11   2.8512271928967639E-005
           8          12 -0.21644048552623280     
           8          13   4.0455635662040284E-004
           8          14   4.7455225204014547E-015
           8          15  -1.2642218266465440E-005
           8          16  0.12720466455967416     
           8          17  -1.7870255609662902E-004
           8          18  -5.7850243903490215E-015
           8          19   1.1791342904460187E-013
           8          20  -9.3030137252719344E-015
           8          21  -1.3043250060727379E-014
           8          22   7.5456509018323082E-015
           8          23   5.1358095139978834E-015
           8          24   5.0471971743740185E-015
           8          25   2.5068783350787801E-014
           8          26   3.3415222237250137E-015
           8          27  -1.0821277520884715E-015
           8          28   1.8140043542690228E-015
           8          29   6.6700720638206849E-015
           9           1   6.8857512048260405E-015
           9           2  -2.5388531858250081E-014
           9           3  -2.9088616029338682E-005
           9           4   3.8480457076595781E-005
           9           5 -0.71687621988334138     
           9           6   6.5970716253581249E-014
           9           7   1.1360404331017815E-004
           9           8  -1.5028180403890701E-004
           9           9   2.2895576845553967     
           9          10   1.1251338438216336E-014
           9          11  -3.0583485000212039E-004
           9          12   4.0455635662060320E-004
           9          13 -0.21236674119617949     
           9          14  -4.1194933527683657E-015
           9          15   1.3509684142193248E-004
           9          16  -1.7870255609455385E-004
           9          17  0.12540522673180543     
           9          18   8.9770203600424912E-015
           9          19  -2.7630791042545794E-014
           9          20   8.3149555918372544E-015
           9          21  -3.6520684988961119E-015
           9          22  -4.0354525265168218E-015
           9          23  -6.8740258882233939E-015
           9          24  -6.5957204851312977E-015
           9          25  -6.3193433966473712E-015
           9          26  -5.7926437689433771E-015
           9          27   6.3982176239608640E-017
           9          28  -1.6211174307990986E-015
           9          29  -6.8346618886436367E-015
          10           1   3.0507386433885900E-002
          10           2 -0.16518875643460001     
          10           3  -3.8895100916721094E-015
          10           4   6.0220342025163817E-015
          10           5  -1.2670165019208332E-015
          10           6  0.46570335694328180     
          10           7   5.8671743884383728E-015
          10           8  -7.8225018234687927E-015
          10           9   1.1251338438216336E-014
          10          10   9.8192648973958269E-002
          10          11   1.6333359625779246E-015
          10          12  -1.6231634313542218E-015
          10          13  -6.2917247416416128E-015
          10          14  -4.2590734818072698E-002
          10          15  -6.4053802622668020E-016
          10          16   8.9632279579459240E-016
          10          17   5.5568261802940415E-015
          10          18   1.7571437845788851E-002
          10          19   4.3684013201831972E-005
          10          20   1.7552048084469224E-002
          10          21   4.0276536667015862E-004
          10          22  -5.3734567458877389E-004
          10          23   1.2915883700358653E-002
          10          24  -5.8379327686833057E-002
          10          25   1.8067580905368674E-005
          10          26  -5.8379912870352824E-002
          10          27   1.2735216239366364E-005
          10          28  -1.7929358015489051E-005
          10          29  -5.8519896320426319E-002
          11           1   1.9631224906018975E-015
          11           2  -5.6248278998316673E-015
          11           3   8.1778058657535110E-002
          11           4  -7.6338257749560912E-006
          11           5   8.2214767351129195E-005
          11           6   1.0705626669999424E-014
          11           7 -0.21645753426119765     
          11           8   2.8512271928967639E-005
          11           9  -3.0583485000212039E-004
          11          10   1.6333359625779246E-015
          11          11   2.4203433380877468E-002
          11          12  -3.1479951637514390E-006
          11          13   3.1581739351754876E-005
          11          14  -4.4028414376917097E-016
          11          15  -1.3793078863004623E-002
          11          16   1.7445686657820837E-006
          11          17  -1.7729820531293673E-005
          11          18   4.6699685365877886E-016
          11          19   3.6516085252602498E-014
          11          20   6.1548348740881415E-016
          11          21  -2.0708790531493146E-015
          11          22   3.7845107136015400E-015
          11          23   1.6580894706775639E-015
          11          24  -1.0268522989401400E-015
          11          25   8.2302769101364357E-015
          11          26  -6.8790623756693707E-016
          11          27  -1.0374915704217473E-015
          11          28   5.3014461757395061E-016
          11          29  -1.0315173760336921E-015
          12           1  -1.7093767921355518E-016
          12           2   3.8213608325327272E-015
          12           3  -7.6338257758703989E-006
          12           4   8.1773475432218162E-002
          12           5  -1.0875489772386505E-004
          12           6  -8.7600299820494919E-015
          12           7   2.8512271928811785E-005
          12           8 -0.21644048552623280     
          12           9   4.0455635662060320E-004
          12          10  -1.6231634313542218E-015
          12          11  -3.1479951637514390E-006
          12          12   2.4201673987233732E-002
          12          13  -4.1764659531425311E-005
          12          14   5.8500947570260913E-016
          12          15   1.7445686657613585E-006
          12          16  -1.3792091023134761E-002
          12          17   2.3447734841438439E-005
          12          18  -3.2973125784447239E-016
          12          19  -5.4115818261377262E-014
          12          20  -1.7901005452700025E-016
          12          21   6.7746488309211876E-015
          12          22  -4.3956485089070535E-015
          12          23  -1.2534061217651844E-015
          12          24   7.5643481576830996E-016
          12          25  -1.1914643703178368E-014
          12          26   8.6971770556350078E-016
          12          27   9.4223052655887615E-016
          12          28  -9.2808300945910602E-016
          12          29   7.3559162078184073E-016
          13           1  -4.1084527616322915E-015
          13           2   1.6864540816164921E-014
          13           3   8.2214767355231165E-005
          13           4  -1.0875489772601524E-004
          13           5   8.0678327424857171E-002
          13           6  -3.7696551048863643E-014
          13           7  -3.0583485000529147E-004
          13           8   4.0455635662040284E-004
          13           9 -0.21236674119617949     
          13          10  -6.2917247416416128E-015
          13          11   3.1581739351754876E-005
          13          12  -4.1764659531425311E-005
          13          13   2.3781272125560901E-002
          13          14   2.6669686094379645E-015
          13          15  -1.7729820531281313E-005
          13          16   2.3447734841252092E-005
          13          17  -1.3556049633924712E-002
          13          18  -3.9565219652470952E-015
          13          19  -1.8945053351598832E-014
          13          20  -3.6675758574444183E-015
          13          21   3.6437281197806770E-015
          13          22  -2.2561397835015055E-015
          13          23  -1.2842161987778745E-015
          13          24   3.0833921274142755E-015
          13          25  -4.2320573790158243E-015
          13          26   3.0771388207425950E-015
          13          27   2.8747367249779848E-016
          13          28  -1.8061405644735673E-016
          13          29   3.1234352011959847E-015
          14           1  -1.3707164255964939E-002
          14           2   7.4934406506250315E-002
          14           3   2.6239544102546443E-015
          14           4  -3.9900212957967817E-015
          14           5   2.8618603872121540E-016
          14           6 -0.20070585067201596     
          14           7  -4.0999059901683026E-015
          14           8   4.7455225204014547E-015
          14           9  -4.1194933527683657E-015
          14          10  -4.2590734818072698E-002
          14          11  -4.4028414376917097E-016
          14          12   5.8500947570260913E-016
          14          13   2.6669686094379645E-015
          14          14   1.8485208959810887E-002
          14          15   1.3969501974670607E-016
          14          16  -3.0199293130463292E-016
          14          17  -2.3460032550897827E-015
          14          18  -7.7711242748530326E-003
          14          19   1.6061192425945835E-005
          14          20  -7.7629779612782175E-003
          14          21  -1.7260378403775260E-004
          14          22   2.2832087733716224E-004
          14          23  -5.8151693983406940E-003
          14          24   2.5346987968985910E-002
          14          25  -9.2415960138240140E-009
          14          26   2.5347236812927068E-002
          14          27  -6.1584963208925286E-006
          14          28   8.1792408814004661E-006
          14          29   2.5406761368006393E-002
          15           1  -6.1382696563017573E-017
          15           2  -1.6632363353025219E-015
          15           3  -4.7447207941209490E-002
          15           4   3.2896763955522274E-006
          15           5  -3.5325544626708103E-005
          15           6  -5.3622325055366683E-015
          15           7  0.12721219525779992     
          15           8  -1.2642218266465440E-005
          15           9   1.3509684142193248E-004
          15          10  -6.4053802622668020E-016
          15          11  -1.3793078863004623E-002
          15          12   1.7445686657613585E-006
          15          13  -1.7729820531281313E-005
          15          14   1.3969501974670607E-016
          15          15   7.9028873131528881E-003
          15          16  -9.2645923052063818E-007
          15          17   9.4822597632163234E-006
          15          18   2.5255114295480304E-016
          15          19   2.6141973216245297E-013
          15          20   1.8873960283152078E-016
          15          21  -2.7363234347549113E-014
          15          22   1.8369128171412455E-014
          15          23  -5.3432929538262542E-016
          15          24   5.2855334291069299E-016
          15          25   5.7447986857754861E-014
          15          26   3.3944936827601099E-016
          15          27  -5.4682973022641363E-015
          15          28   4.3406983538717696E-015
          15          29   5.1909916888100539E-016
          16           1   4.3051609653084977E-016
          16           2  -2.8453099143674173E-015
          16           3   3.2896763953268218E-006
          16           4  -4.7445238701869751E-002
          16           5   4.6728606284618650E-005
          16           6   6.1510576746901779E-015
          16           7  -1.2642218267028195E-005
          16           8  0.12720466455967416     
          16           9  -1.7870255609455385E-004
          16          10   8.9632279579459240E-016
          16          11   1.7445686657820837E-006
          16          12  -1.3792091023134761E-002
          16          13   2.3447734841252092E-005
          16          14  -3.0199293130463292E-016
          16          15  -9.2645923052063818E-007
          16          16   7.9023589604247241E-003
          16          17  -1.2540683447877216E-005
          16          18   5.4747838415524580E-016
          16          19   6.8124082844580273E-014
          16          20   4.3647221350070478E-016
          16          21  -7.3135501906857401E-015
          16          22   4.8086770741159966E-015
          16          23   9.2000956620195977E-016
          16          24  -2.9070530195932627E-016
          16          25   1.4977079479368572E-014
          16          26  -3.6338159316262236E-016
          16          27  -1.3543822153099611E-015
          16          28   1.1583581168746701E-015
          16          29  -2.7256986950517204E-016
          17           1   1.8884046399967937E-015
          17           2  -1.2972451670771084E-014
          17           3  -3.5325544628262524E-005
          17           4   4.6728606286113982E-005
          17           5  -4.6974694844026624E-002
          17           6   3.3321096713653054E-014
          17           7   1.3509684142290566E-004
          17           8  -1.7870255609662902E-004
          17           9  0.12540522673180543     
          17          10   5.5568261802940415E-015
          17          11  -1.7729820531293673E-005
          17          12   2.3447734841438439E-005
          17          13  -1.3556049633924712E-002
          17          14  -2.3460032550897827E-015
          17          15   9.4822597632163234E-006
          17          16  -1.2540683447877216E-005
          17          17   7.7761106528558372E-003
          17          18   3.0937191150097885E-015
          17          19  -2.1180562023963304E-014
          17          20   2.9482239429169872E-015
          17          21   9.7063068940652498E-016
          17          22  -1.7597765311712634E-015
          17          23   1.2557074535738863E-015
          17          24  -2.7558821173310537E-015
          17          25  -4.6396493527590636E-015
          17          26  -2.7444980305838382E-015
          17          27   5.2735800725735557E-016
          17          28  -3.8714499329500648E-016
          17          29  -2.7884063237536153E-015
          18           1   5.1964454440130883E-002
          18           2 -0.22808717373698656     
          18           3  -2.0210895356060865E-015
          18           4   3.6166563380783204E-015
          18           5  -7.8791137971897198E-015
          18           6   6.7156241315772497E-002
          18           7   2.9748934151311346E-015
          18           8  -5.7850243903490215E-015
          18           9   8.9770203600424912E-015
          18          10   1.7571437845788851E-002
          18          11   4.6699685365877886E-016
          18          12  -3.2973125784447239E-016
          18          13  -3.9565219652470952E-015
          18          14  -7.7711242748530326E-003
          18          15   2.5255114295480304E-016
          18          16   5.4747838415524580E-016
          18          17   3.0937191150097885E-015
          18          18   2.4179451460848579E-002
          18          19   1.3219472597612348E-004
          18          20   2.4168506421105011E-002
          18          21   2.1706778210131686E-004
          18          22  -2.9571180303843717E-004
          18          23   2.1551378880179370E-002
          18          24  -7.4782050329695749E-003
          18          25   3.3457733858052141E-005
          18          26  -7.4787510587912493E-003
          18          27   9.4133055066648756E-006
          18          28  -1.4383596611138557E-005
          18          29  -7.6093200158965950E-003
          19           1   2.9235640221416501E-005
          19           2  -1.1457569229379543E-004
          19           3   8.4320596377370225E-014
          19           4  -4.4998383979159606E-014
          19           5   1.9784598948402736E-014
          19           6   2.5933296374168870E-004
          19           7  -2.5896307006997967E-013
          19           8   1.1791342904460187E-013
          19           9  -2.7630791042545794E-014
          19          10   4.3684013201831972E-005
          19          11   3.6516085252602498E-014
          19          12  -5.4115818261377262E-014
          19          13  -1.8945053351598832E-014
          19          14   1.6061192425945835E-005
          19          15   2.6141973216245297E-013
          19          16   6.8124082844580273E-014
          19          17  -2.1180562023963304E-014
          19          18   1.3219472597612348E-004
          19          19  0.82402548487806171     
          19          20   1.3155796884584231E-004
          19          21   2.2280529668033192E-002
          19          22  -1.6875648145795813E-002
          19          23  -1.8330050973635413E-004
          19          24   1.4766623389864044E-004
          19          25  0.17687293857538794     
          19          26   1.4751598063821912E-004
          19          27  -2.4359246351660886E-002
          19          28   1.8412471460382059E-002
          19          29   7.8520777809376003E-005
          20           1   5.1952885253767483E-002
          20           2 -0.22804160391158795     
          20           3  -4.9011071227761721E-015
          20           4   6.1328751513730073E-015
          20           5  -5.5528686445417121E-015
          20           6   6.7034837763810542E-002
          20           7   3.4584820379297463E-015
          20           8  -9.3030137252719344E-015
          20           9   8.3149555918372544E-015
          20          10   1.7552048084469224E-002
          20          11   6.1548348740881415E-016
          20          12  -1.7901005452700025E-016
          20          13  -3.6675758574444183E-015
          20          14  -7.7629779612782175E-003
          20          15   1.8873960283152078E-016
          20          16   4.3647221350070478E-016
          20          17   2.9482239429169872E-015
          20          18   2.4168506421105011E-002
          20          19   1.3155796884584231E-004
          20          20   2.4157577563542382E-002
          20          21   2.1679065719203513E-004
          20          22  -2.9530794579090607E-004
          20          23   2.1544319369042976E-002
          20          24  -7.4691429163797653E-003
          20          25   3.3310529938260251E-005
          20          26  -7.4696884420887471E-003
          20          27   9.4154234040676206E-006
          20          28  -1.4378127437175060E-005
          20          29  -7.6001377440342958E-003
          21           1   2.4098318106748512E-004
          21           2  -9.4870316068991121E-004
          21           3  -7.5443085062193439E-015
          21           4   3.6603046070487963E-015
          21           5  -5.8137044313638113E-016
          21           6   2.5227787465097605E-003
          21           7   1.9118640815994461E-014
          21           8  -1.3043250060727379E-014
          21           9  -3.6520684988961119E-015
          21          10   4.0276536667015862E-004
          21          11  -2.0708790531493146E-015
          21          12   6.7746488309211876E-015
          21          13   3.6437281197806770E-015
          21          14  -1.7260378403775260E-004
          21          15  -2.7363234347549113E-014
          21          16  -7.3135501906857401E-015
          21          17   9.7063068940652498E-016
          21          18   2.1706778210131686E-004
          21          19   2.2280529668033192E-002
          21          20   2.1679065719203513E-004
          21          21   1.0478149973940347     
          21          22   1.6543726296773227E-003
          21          23   1.6651575015481305E-004
          21          24  -2.0473747788481858E-004
          21          25  -2.4359639102834493E-002
          21          26  -2.0473321002286530E-004
          21          27  -6.8462045888589701E-002
          21          28  -1.8108653223865101E-003
          21          29  -2.0046263169801450E-004
          22           1  -3.2167980372531580E-004
          22           2   1.2663606021773885E-003
          22           3   5.0433230478485581E-015
          22           4  -4.4649946905494881E-015
          22           5   4.7061492382288529E-016
          22           6  -3.3649379780311696E-003
          22           7  -1.8730731432391894E-014
          22           8   7.5456509018323082E-015
          22           9  -4.0354525265168218E-015
          22          10  -5.3734567458877389E-004
          22          11   3.7845107136015400E-015
          22          12  -4.3956485089070535E-015
          22          13  -2.2561397835015055E-015
          22          14   2.2832087733716224E-004
          22          15   1.8369128171412455E-014
          22          16   4.8086770741159966E-015
          22          17  -1.7597765311712634E-015
          22          18  -2.9571180303843717E-004
          22          19  -1.6875648145795813E-002
          22          20  -2.9530794579090607E-004
          22          21   1.6543726296773227E-003
          22          22   1.0487569773658474     
          22          23  -2.1082669260214109E-004
          22          24   2.6359144110389189E-004
          22          25   1.8412993094569868E-002
          22          26   2.6359422659762529E-004
          22          27  -1.8108874234140054E-003
          22          28  -6.9488583140002155E-002
          22          29   2.6180446852378100E-004
          23           1   4.9186291796074991E-002
          23           2 -0.21714448510311690     
          23           3  -2.4652107584584880E-015
          23           4   3.1053191013771286E-015
          23           5   5.4363318873671809E-016
          23           6   3.8006950101979242E-002
          23           7  -6.5329821526558260E-015
          23           8   5.1358095139978834E-015
          23           9  -6.8740258882233939E-015
          23          10   1.2915883700358653E-002
          23          11   1.6580894706775639E-015
          23          12  -1.2534061217651844E-015
          23          13  -1.2842161987778745E-015
          23          14  -5.8151693983406940E-003
          23          15  -5.3432929538262542E-016
          23          16   9.2000956620195977E-016
          23          17   1.2557074535738863E-015
          23          18   2.1551378880179370E-002
          23          19  -1.8330050973635413E-004
          23          20   2.1544319369042976E-002
          23          21   1.6651575015481305E-004
          23          22  -2.1082669260214109E-004
          23          23   1.9856299322737539E-002
          23          24  -5.3024014092923578E-003
          23          25  -3.7682272141357629E-005
          23          26  -5.3028273234440038E-003
          23          27   1.3440905464294716E-005
          23          28  -1.5730001452968825E-005
          23          29  -5.4046521480541317E-003
          24           1  -1.3562340787745744E-002
          24           2   7.8582921053870380E-002
          24           3   9.2280734733083429E-016
          24           4  -2.1321986892349454E-015
          24           5   8.2531251748301458E-016
          24           6 -0.27402501748115565     
          24           7  -1.5783921623062885E-015
          24           8   5.0471971743740185E-015
          24           9  -6.5957204851312977E-015
          24          10  -5.8379327686833057E-002
          24          11  -1.0268522989401400E-015
          24          12   7.5643481576830996E-016
          24          13   3.0833921274142755E-015
          24          14   2.5346987968985910E-002
          24          15   5.2855334291069299E-016
          24          16  -2.9070530195932627E-016
          24          17  -2.7558821173310537E-015
          24          18  -7.4782050329695749E-003
          24          19   1.4766623389864044E-004
          24          20  -7.4691429163797653E-003
          24          21  -2.0473747788481858E-004
          24          22   2.6359144110389189E-004
          24          23  -5.3024014092923578E-003
          24          24   3.5333265200570035E-002
          24          25   2.8515442066980180E-005
          24          26   3.5333517068310422E-002
          24          27  -9.1338776991386462E-006
          24          28   1.0525836815892449E-005
          24          29   3.5393765402906972E-002
          25           1   1.0094392094954973E-005
          25           2  -4.0399860639558593E-005
          25           3   1.8888979096556202E-014
          25           4  -8.4616766136343142E-015
          25           5   4.0743834145294255E-015
          25           6   1.1059794070836102E-004
          25           7  -5.9050524235237456E-014
          25           8   2.5068783350787801E-014
          25           9  -6.3193433966473712E-015
          25          10   1.8067580905368674E-005
          25          11   8.2302769101364357E-015
          25          12  -1.1914643703178368E-014
          25          13  -4.2320573790158243E-015
          25          14  -9.2415960138240140E-009
          25          15   5.7447986857754861E-014
          25          16   1.4977079479368572E-014
          25          17  -4.6396493527590636E-015
          25          18   3.3457733858052141E-005
          25          19  0.17687293857538794     
          25          20   3.3310529938260251E-005
          25          21  -2.4359639102834493E-002
          25          22   1.8412993094569868E-002
          25          23  -3.7682272141357629E-005
          25          24   2.8515442066980180E-005
          25          25   3.9241508177902111E-002
          25          26   2.8482158650135468E-005
          25          27  -3.3874863587452704E-003
          25          28   2.5599708292377925E-003
          25          29   1.3244241021533466E-005
          26           1  -1.3563411945089103E-002
          26           2   7.8586739486057086E-002
          26           3   5.4595958487109350E-016
          26           4   9.4392792619683789E-017
          26           5   8.6145362522357429E-016
          26           6 -0.27402837119044310     
          26           7  -4.2803411207389184E-015
          26           8   3.3415222237250137E-015
          26           9  -5.7926437689433771E-015
          26          10  -5.8379912870352824E-002
          26          11  -6.8790623756693707E-016
          26          12   8.6971770556350078E-016
          26          13   3.0771388207425950E-015
          26          14   2.5347236812927068E-002
          26          15   3.3944936827601099E-016
          26          16  -3.6338159316262236E-016
          26          17  -2.7444980305838382E-015
          26          18  -7.4787510587912493E-003
          26          19   1.4751598063821912E-004
          26          20  -7.4696884420887471E-003
          26          21  -2.0473321002286530E-004
          26          22   2.6359422659762529E-004
          26          23  -5.3028273234440038E-003
          26          24   3.5333517068310422E-002
          26          25   2.8482158650135468E-005
          26          26   3.5333768956749147E-002
          26          27  -9.1310964853448123E-006
          26          28   1.0524015813505134E-005
          26          29   3.5394022247411810E-002
          27           1   2.2769044065425294E-005
          27           2  -8.1233475608449827E-005
          27           3  -2.1779273210267438E-015
          27           4   2.3587008398202644E-015
          27           5   1.8437904603426353E-016
          27           6   7.3497324812409558E-005
          27           7   6.9628043108640743E-015
          27           8  -1.0821277520884715E-015
          27           9   6.3982176239608640E-017
          27          10   1.2735216239366364E-005
          27          11  -1.0374915704217473E-015
          27          12   9.4223052655887615E-016
          27          13   2.8747367249779848E-016
          27          14  -6.1584963208925286E-006
          27          15  -5.4682973022641363E-015
          27          16  -1.3543822153099611E-015
          27          17   5.2735800725735557E-016
          27          18   9.4133055066648756E-006
          27          19  -2.4359246351660886E-002
          27          20   9.4154234040676206E-006
          27          21  -6.8462045888589701E-002
          27          22  -1.8108874234140054E-003
          27          23   1.3440905464294716E-005
          27          24  -9.1338776991386462E-006
          27          25  -3.3874863587452704E-003
          27          26  -9.1310964853448123E-006
          27          27   5.1147001041071385E-003
          27          28  -2.5166706809165624E-004
          27          29  -7.7504412868410499E-006
          28           1  -3.0806089440765547E-005
