           1           1   2.1899615212585650     
           1           2 -0.70128140733607536     
           1           3  -2.5958241156014971E-015
           1           4  -8.4372417759238274E-015
           1           5   4.8945974061156497E-015
           1           6  0.22788284622299318     
           1           7   7.0578898952757448E-015
           1           8  -1.5093288491339049E-014
           1           9  -4.9285199234284107E-015
           1          10  -5.8560248525611071E-002
           1          11  -3.9381269916504592E-015
           1          12  -4.4237815383004891E-017
           1          13  -2.5927554876424513E-015
           1          14  -6.7332816155686826E-003
           1          15   1.8186611492119461E-015
           1          16   1.0245550983208791E-015
           1          17   2.1083814412116334E-015
           1          18   7.8545764130053541E-003
           1          19  -2.1226964318405326E-015
           1          20   7.8545764130079770E-003
           1          21   1.2459633545979756E-015
           1          22   1.5956988310829453E-016
           1          23   7.8545764130113736E-003
           2           1 -0.70128140733607536     
           2           2   2.5885994559274752     
           2           3   7.7742153285637742E-015
           2           4   2.0164860957914509E-014
           2           5  -1.3503838531663410E-014
           2           6  -1.1469525409955770     
           2           7  -2.7537224931287656E-014
           2           8   5.7681603035078078E-014
           2           9   1.4612204411837389E-014
           2          10  0.26189012850798465     
           2          11   8.6159748835842694E-015
           2          12  -1.7827808312358705E-015
           2          13   2.2943838225389170E-015
           2          14   2.7068928604286037E-002
           2          15  -1.5884372419585467E-015
           2          16   7.1553224157466932E-017
           2          17   6.8809422911905470E-016
           2          18   5.9763556314009397E-002
           2          19   7.2473127717085529E-015
           2          20   5.9763556314017169E-002
           2          21  -1.0674897789335503E-015
           2          22   4.9060500165072340E-015
           2          23   5.9763556313995034E-002
           3           1  -2.5958241156014971E-015
           3           2   7.7742153285637742E-015
           3           3   2.3395795806402129     
           3           4   3.3634101348725006E-003
           3           5  -1.2239554164782825E-003
           3           6  -2.3453918593566573E-014
           3           7 -0.93686041711575552     
           3           8  -1.1324304249436224E-002
           3           9   4.1209495625386828E-003
           3          10  -4.5188309166603612E-015
           3          11  0.18701900182788195     
           3          12   2.5264854286542900E-002
           3          13  -9.1939591100952071E-003
           3          14  -7.2330267155034429E-015
           3          15  -3.4597375949019418E-002
           3          16   7.2814434178100013E-003
           3          17  -2.6497399227818669E-003
           3          18   1.2522896831479314E-014
           3          19   4.6506273900254653E-015
           3          20  -1.0688679137775700E-015
           3          21   1.1664250173281538E-014
           3          22   1.7075097580811417E-014
           3          23  -5.6369389341096788E-015
           4           1  -8.4372417759238274E-015
           4           2   2.0164860957914509E-014
           4           3   3.3634101348725006E-003
           4           4   2.3497945949738712     
           4           5  -4.0840817925252128E-003
           4           6   5.2504812167703449E-014
           4           7  -1.1324304249443170E-002
           4           8 -0.97125346630931519     
           4           9   1.3750741938569490E-002
           4          10   8.6989648788264798E-015
           4          11   2.5264854286546980E-002
           4          12  0.26375090139586316     
           4          13  -3.0678307802204759E-002
           4          14   1.5903141873700144E-014
           4          15   7.2814434178045577E-003
           4          16  -1.2482901085703060E-002
           4          17  -8.8416248074029927E-003
           4          18  -2.0602404896650747E-014
           4          19   1.3075588075357584E-015
           4          20  -3.0858239579745694E-015
           4          21  -2.0885278404987205E-014
           4          22  -2.9545007965846962E-014
           4          23   2.2775211065324277E-014
           5           1   4.8945974061156497E-015
           5           2  -1.3503838531663410E-014
           5           3  -1.2239554164782825E-003
           5           4  -4.0840817925252128E-003
           5           5   2.3400578128493148     
           5           6   3.3576753531844372E-014
           5           7   4.1209495625391659E-003
           5           8   1.3750741938570586E-002
           5           9 -0.93847058263842753     
           5          10   5.3762375642221370E-015
           5          11  -9.1939591101043473E-003
           5          12  -3.0678307802187978E-002
           5          13  0.19061132824471064     
           5          14   7.2079377660935061E-015
           5          15  -2.6497399227667193E-003
           5          16  -8.8416248074218509E-003
           5          17  -3.3562051492120062E-002
           5          18  -3.0807394180382556E-014
           5          19  -1.1678190353078059E-014
           5          20   5.9076737063614273E-015
           5          21  -1.8717896224590613E-014
           5          22  -1.7706689978605427E-014
           5          23  -2.8455235068719534E-015
           6           1  0.22788284622299318     
           6           2  -1.1469525409955770     
           6           3  -2.3453918593566573E-014
           6           4   5.2504812167703449E-014
           6           5   3.3576753531844372E-014
           6           6   3.9489433170452006     
           6           7   6.7606258730713444E-014
           6           8  -7.8525110285990342E-014
           6           9  -7.6530390394132095E-014
           6          10  -1.0437032934776589     
           6          11  -2.7091710359585472E-014
           6          12  -4.0272666193870230E-015
           6          13   6.8615133549457713E-015
           6          14 -0.12341955492587442     
           6          15   6.7986480863926327E-015
           6          16  -5.0733965013527527E-015
           6          17   4.4766829389121208E-015
           6          18 -0.39055007313111600     
           6          19   1.0132869126326587E-014
           6          20 -0.39055007313088419     
           6          21  -1.8072699968413279E-014
           6          22   1.3960185830363345E-015
           6          23 -0.39055007313117890     
           7           1   7.0578898952757448E-015
           7           2  -2.7537224931287656E-014
           7           3 -0.93686041711575552     
           7           4  -1.1324304249443170E-002
           7           5   4.1209495625391659E-003
           7           6   6.7606258730713444E-014
           7           7   2.5962373181761080     
           7           8   3.8127930163593553E-002
           7           9  -1.3874872457253308E-002
           7          10   4.3048408122661897E-015
           7          11 -0.63430422510521012     
           7          12  -8.5064528346481094E-002
           7          13   3.0955246623128950E-002
           7          14   2.8862777911220964E-014
           7          15   9.7084902911385315E-002
           7          16  -2.4515975552154894E-002
           7          17   8.9214398078609914E-003
           7          18  -3.7829435563719835E-014
           7          19  -9.8475886945924332E-015
           7          20  -3.6269304485352422E-015
           7          21  -3.4160389604025761E-014
           7          22  -4.0231130284737123E-014
           7          23   1.4996678861372253E-014
           8           1  -1.5093288491339049E-014
           8           2   5.7681603035078078E-014
           8           3  -1.1324304249436224E-002
           8           4 -0.97125346630931519     
           8           5   1.3750741938570586E-002
           8           6  -7.8525110285990342E-014
           8           7   3.8127930163593553E-002
           8           8   2.7120356708943358     
           8           9  -4.6297531113887305E-002
           8          10  -2.3349043825292261E-014
           8          11  -8.5064528346492516E-002
           8          12 -0.89265373988380881     
           8          13  0.10329114722236035     
           8          14  -3.3438603806792950E-014
           8          15  -2.4515975552140450E-002
           8          16   2.2627423262261415E-002
           8          17   2.9768968208885627E-002
           8          18   2.9556709605500394E-014
           8          19  -2.8160480645678163E-015
           8          20  -1.5812560969999844E-014
           8          21   4.6010988619914519E-014
           8          22   7.9314203845174756E-014
           8          23  -7.6457637111586129E-014
           9           1  -4.9285199234284107E-015
           9           2   1.4612204411837389E-014
           9           3   4.1209495625386828E-003
           9           4   1.3750741938569490E-002
           9           5 -0.93847058263842753     
           9           6  -7.6530390394132095E-014
           9           7  -1.3874872457253308E-002
           9           8  -4.6297531113887305E-002
           9           9   2.6016586029851423     
           9          10  -1.3120375197147505E-014
           9          11   3.0955246623157708E-002
           9          12  0.10329114722231125     
           9          13 -0.64639927021606458     
           9          14  -1.8125113120267658E-014
           9          15   8.9214398078263438E-003
           9          16   2.9768968208952508E-002
           9          17   9.3599057095202942E-002
           9          18   7.2429401300651931E-014
           9          19   3.1420219021096247E-014
           9          20  -1.6086076548550199E-014
           9          21   4.5840734619325095E-014
           9          22   4.4545253969797191E-014
           9          23   7.7892143228024144E-015
          10           1  -5.8560248525611071E-002
          10           2  0.26189012850798465     
          10           3  -4.5188309166603612E-015
          10           4   8.6989648788264798E-015
          10           5   5.3762375642221370E-015
          10           6  -1.0437032934776589     
          10           7   4.3048408122661897E-015
          10           8  -2.3349043825292261E-014
          10           9  -1.3120375197147505E-014
          10          10   1.5485775338934715     
          10          11   3.1421958097604903E-014
          10          12  -7.0455941335037606E-015
          10          13  -2.3897501808665753E-015
          10          14  0.24598190101130415     
          10          15   7.3610935772638677E-016
          10          16   1.8826664891942367E-016
          10          17  -7.8133076839770505E-016
          10          18  0.23420963571171510     
          10          19   1.2509050879522800E-014
          10          20  0.23420963571175157     
          10          21  -1.9492544619450449E-015
          10          22   4.2100545762901400E-015
          10          23  0.23420963571168057     
          11           1  -3.9381269916504592E-015
          11           2   8.6159748835842694E-015
          11           3  0.18701900182788195     
          11           4   2.5264854286546980E-002
          11           5  -9.1939591101043473E-003
          11           6  -2.7091710359585472E-014
          11           7 -0.63430422510521012     
          11           8  -8.5064528346492516E-002
          11           9   3.0955246623157708E-002
          11          10   3.1421958097604903E-014
          11          11   1.2873311989558729     
          11          12  0.18978145290774470     
          11          13  -6.9062061395677860E-002
          11          14  -2.4959874737328528E-014
          11          15  -1.3864305452201953E-002
          11          16   5.4695859133970223E-002
          11          17  -1.9903993376211196E-002
          11          18   1.5718760394738466E-014
          11          19   4.0874869577029690E-015
          11          20   1.7419162383596568E-014
          11          21   3.9117535573241591E-016
          11          22   9.3971680553787849E-016
          11          23  -6.6641028323962343E-015
          12           1  -4.4237815383004891E-017
          12           2  -1.7827808312358705E-015
          12           3   2.5264854286542900E-002
          12           4  0.26375090139586316     
          12           5  -3.0678307802187978E-002
          12           6  -4.0272666193870230E-015
          12           7  -8.5064528346481094E-002
          12           8 -0.89265373988380881     
          12           9  0.10329114722231125     
          12          10  -7.0455941335037606E-015
          12          11  0.18978145290774470     
          12          12   1.8637165293132818     
          12          13 -0.23044557318312664     
          12          14   1.4167522921072121E-014
          12          15   5.4695859133957234E-002
          12          16  0.15225251130253314     
          12          17  -6.6415439526633022E-002
          12          18   2.1452183754387487E-015
          12          19   6.3178187632701046E-015
          12          20   4.4650813899358247E-015
          12          21  -8.8060155799722402E-015
          12          22  -5.7899585302429551E-015
          12          23   8.0263313280280491E-015
          13           1  -2.5927554876424513E-015
          13           2   2.2943838225389170E-015
          13           3  -9.1939591100952071E-003
          13           4  -3.0678307802204759E-002
          13           5  0.19061132824471064     
          13           6   6.8615133549457713E-015
          13           7   3.0955246623128950E-002
          13           8  0.10329114722236035     
          13           9 -0.64639927021606458     
          13          10  -2.3897501808665753E-015
          13          11  -6.9062061395677860E-002
          13          12 -0.23044557318312664     
          13          13   1.3143155986668384     
          13          14  -6.2399476582164174E-015
          13          15  -1.9903993376196090E-002
          13          16  -6.6415439526641029E-002
          13          17  -6.0872813922063611E-003
          13          18  -2.2522878012312160E-014
          13          19  -5.4282743665307824E-015
          13          20   1.0576762447374407E-014
          13          21  -5.5488667005271125E-015
          13          22   3.6416586795198033E-016
          13          23  -1.5195679915782380E-015
          14           1  -6.7332816155686826E-003
          14           2   2.7068928604286037E-002
          14           3  -7.2330267155034429E-015
          14           4   1.5903141873700144E-014
          14           5   7.2079377660935061E-015
          14           6 -0.12341955492587442     
          14           7   2.8862777911220964E-014
          14           8  -3.3438603806792950E-014
          14           9  -1.8125113120267658E-014
          14          10  0.24598190101130415     
          14          11  -2.4959874737328528E-014
          14          12   1.4167522921072121E-014
          14          13  -6.2399476582164174E-015
          14          14   7.4684683972641996E-002
          14          15   1.8263536246095343E-015
          14          16   5.4895881474410305E-016
          14          17  -1.1570137173260833E-015
          14          18   2.4468157276004598E-002
          14          19  -5.1396531045569063E-015
          14          20   2.4468157275999738E-002
          14          21   2.0132812708643474E-015
          14          22  -7.3969862658505429E-016
          14          23   2.4468157276038172E-002
          15           1   1.8186611492119461E-015
          15           2  -1.5884372419585467E-015
          15           3  -3.4597375949019418E-002
          15           4   7.2814434178045577E-003
          15           5  -2.6497399227667193E-003
          15           6   6.7986480863926327E-015
          15           7   9.7084902911385315E-002
          15           8  -2.4515975552140450E-002
          15           9   8.9214398078263438E-003
          15          10   7.3610935772638677E-016
          15          11  -1.3864305452201953E-002
          15          12   5.4695859133957234E-002
          15          13  -1.9903993376196090E-002
          15          14   1.8263536246095343E-015
          15          15   9.1533197510659456E-003
          15          16   1.5763589963962911E-002
          15          17  -5.7364194510444132E-003
          15          18  -2.2496461819042097E-014
          15          19   5.7662363718533347E-016
          15          20   9.7536529444860860E-015
          15          21  -3.3266615680599063E-015
          15          22  -2.3698202542038724E-015
          15          23   1.1466768381007989E-014
          16           1   1.0245550983208791E-015
          16           2   7.1553224157466932E-017
          16           3   7.2814434178100013E-003
          16           4  -1.2482901085703060E-002
          16           5  -8.8416248074218509E-003
          16           6  -5.0733965013527527E-015
          16           7  -2.4515975552154894E-002
          16           8   2.2627423262261415E-002
          16           9   2.9768968208952508E-002
          16          10   1.8826664891942367E-016
          16          11   5.4695859133970223E-002
          16          12  0.15225251130253314     
          16          13  -6.6415439526641029E-002
          16          14   5.4895881474410305E-016
          16          15   1.5763589963962911E-002
          16          16   5.7028925453273781E-002
          16          17  -1.9141225177769228E-002
          16          18   1.0012632108552406E-014
          16          19   1.9935456066968542E-015
          16          20  -9.8320666592256031E-015
          16          21   8.1792373903706144E-015
          16          22   6.1197050458828540E-015
          16          23   7.4879821656425456E-016
          17           1   2.1083814412116334E-015
          17           2   6.8809422911905470E-016
          17           3  -2.6497399227818669E-003
          17           4  -8.8416248074029927E-003
          17           5  -3.3562051492120062E-002
          17           6   4.4766829389121208E-015
          17           7   8.9214398078609914E-003
          17           8   2.9768968208885627E-002
          17           9   9.3599057095202942E-002
          17          10  -7.8133076839770505E-016
          17          11  -1.9903993376211196E-002
          17          12  -6.6415439526633022E-002
          17          13  -6.0872813922063611E-003
          17          14  -1.1570137173260833E-015
          17          15  -5.7364194510444132E-003
          17          16  -1.9141225177769228E-002
          17          17   1.1394692687939778E-002
          17          18   7.7273509426425447E-015
          17          19  -2.1486723093687411E-015
          17          20  -4.8765220666264792E-015
          17          21   5.7750178139750732E-016
          17          22  -1.9405452627723594E-015
          17          23  -2.7912260818854266E-015
          18           1   7.8545764130053541E-003
          18           2   5.9763556314009397E-002
          18           3   1.2522896831479314E-014
          18           4  -2.0602404896650747E-014
          18           5  -3.0807394180382556E-014
          18           6 -0.39055007313111600     
          18           7  -3.7829435563719835E-014
          18           8   2.9556709605500394E-014
          18           9   7.2429401300651931E-014
          18          10  0.23420963571171510     
          18          11   1.5718760394738466E-014
          18          12   2.1452183754387487E-015
          18          13  -2.2522878012312160E-014
          18          14   2.4468157276004598E-002
          18          15  -2.2496461819042097E-014
          18          16   1.0012632108552406E-014
          18          17   7.7273509426425447E-015
          18          18   2.0568153078302371     
          18          19  -1.8779522607577331E-013
          18          20 -0.94318469216985823     
          18          21   1.1592159619910136E-014
          18          22  -3.0918099846095335E-013
          18          23 -0.94318469216972389     
          19           1  -2.1226964318405326E-015
          19           2   7.2473127717085529E-015
          19           3   4.6506273900254653E-015
          19           4   1.3075588075357584E-015
          19           5  -1.1678190353078059E-014
          19           6   1.0132869126326587E-014
          19           7  -9.8475886945924332E-015
          19           8  -2.8160480645678163E-015
          19           9   3.1420219021096247E-014
          19          10   1.2509050879522800E-014
          19          11   4.0874869577029690E-015
          19          12   6.3178187632701046E-015
          19          13  -5.4282743665307824E-015
          19          14  -5.1396531045569063E-015
          19          15   5.7662363718533347E-016
          19          16   1.9935456066968542E-015
          19          17  -2.1486723093687411E-015
          19          18  -1.8779522607577331E-013
          19          19   2.0000000000000000     
          19          20  -1.0712977567079236E-013
          19          21   1.1934897514608959E-015
          19          22  -3.1641356201575361E-015
          19          23   2.7138537380264432E-013
          20           1   7.8545764130079770E-003
          20           2   5.9763556314017169E-002
          20           3  -1.0688679137775700E-015
          20           4  -3.0858239579745694E-015
          20           5   5.9076737063614273E-015
          20           6 -0.39055007313088419     
          20           7  -3.6269304485352422E-015
          20           8  -1.5812560969999844E-014
          20           9  -1.6086076548550199E-014
          20          10  0.23420963571175157     
          20          11   1.7419162383596568E-014
          20          12   4.4650813899358247E-015
          20          13   1.0576762447374407E-014
          20          14   2.4468157275999738E-002
          20          15   9.7536529444860860E-015
          20          16  -9.8320666592256031E-015
          20          17  -4.8765220666264792E-015
          20          18 -0.94318469216985823     
          20          19  -1.0712977567079236E-013
          20          20   2.0568153078300364     
          20          21   3.1521382403910975E-014
          20          22   2.9970459385104538E-013
          20          23 -0.94318469216982326     
          21           1   1.2459633545979756E-015
          21           2  -1.0674897789335503E-015
          21           3   1.1664250173281538E-014
          21           4  -2.0885278404987205E-014
          21           5  -1.8717896224590613E-014
          21           6  -1.8072699968413279E-014
          21           7  -3.4160389604025761E-014
          21           8   4.6010988619914519E-014
          21           9   4.5840734619325095E-014
          21          10  -1.9492544619450449E-015
          21          11   3.9117535573241591E-016
          21          12  -8.8060155799722402E-015
          21          13  -5.5488667005271125E-015
          21          14   2.0132812708643474E-015
          21          15  -3.3266615680599063E-015
          21          16   8.1792373903706144E-015
          21          17   5.7750178139750732E-016
          21          18   1.1592159619910136E-014
          21          19   1.1934897514608959E-015
          21          20   3.1521382403910975E-014
          21          21   1.9999999999999996     
          21          22  -6.1062266357070361E-016
          21          23  -2.1124964225576838E-014
          22           1   1.5956988310829453E-016
          22           2   4.9060500165072340E-015
          22           3   1.7075097580811417E-014
          22           4  -2.9545007965846962E-014
          22           5  -1.7706689978605427E-014
          22           6   1.3960185830363345E-015
          22           7  -4.0231130284737123E-014
          22           8   7.9314203845174756E-014
          22           9   4.4545253969797191E-014
          22          10   4.2100545762901400E-015
          22          11   9.3971680553787849E-016
          22          12  -5.7899585302429551E-015
          22          13   3.6416586795198033E-016
          22          14  -7.3969862658505429E-016
          22          15  -2.3698202542038724E-015
          22          16   6.1197050458828540E-015
          22          17  -1.9405452627723594E-015
          22          18  -3.0918099846095335E-013
          22          19  -3.1641356201575361E-015
          22          20   2.9970459385104538E-013
          22          21  -6.1062266357070361E-016
          22          22   1.9999999999999964     
          22          23   5.4858587329317256E-015
          23           1   7.8545764130113736E-003
          23           2   5.9763556313995034E-002
          23           3  -5.6369389341096788E-015
          23           4   2.2775211065324277E-014
          23           5  -2.8455235068719534E-015
          23           6 -0.39055007313117890     
          23           7   1.4996678861372253E-014
          23           8  -7.6457637111586129E-014
          23           9   7.7892143228024144E-015
          23          10  0.23420963571168057     
          23          11  -6.6641028323962343E-015
          23          12   8.0263313280280491E-015
          23          13  -1.5195679915782380E-015
          23          14   2.4468157276038172E-002
          23          15   1.1466768381007989E-014
          23          16   7.4879821656425456E-016
          23          17  -2.7912260818854266E-015
          23          18 -0.94318469216972389     
          23          19   2.7138537380264432E-013
          23          20 -0.94318469216982326     
          23          21  -2.1124964225576838E-014
          23          22   5.4858587329317256E-015
          23          23   2.0568153078303109     
