           1           1   2.1350929273510104     
           1           2 -0.56133556258962480     
           1           3   1.0354258075109242E-014
           1           4  -2.7094684144755806E-014
           1           5  -4.2818614643369901E-013
           1           6   9.2386591585215505E-002
           1           7   5.3445012446766257E-016
           1           8  -1.8428810742303690E-015
           1           9  -1.8291949616518262E-015
           1          10   3.0479906587123851E-002
           1          11  -2.2556116358679372E-015
           1          12  -1.5003411645802521E-015
           1          13  -1.3415215964121851E-015
           2           1 -0.56133556258962480     
           2           2   2.3471828114725994     
           2           3  -4.6306079172078507E-014
           2           4   1.0097920328851885E-013
           2           5   1.5354778384415773E-012
           2           6 -0.59961375438477238     
           2           7   9.0084951039259229E-015
           2           8   1.0737425986744617E-014
           2           9   8.3128596753101927E-015
           2          10 -0.10931745041242441     
           2          11   5.4019183775515646E-015
           2          12   6.9915545196933017E-015
           2          13   4.6332850002700643E-015
           3           1   1.0354258075109242E-014
           3           2  -4.6306079172078507E-014
           3           3   2.0514588760441126     
           3           4   3.3331308764012760E-002
           3           5  -2.9519684476588450E-003
           3           6   1.7324771127878885E-014
           3           7 -0.16755532098788714     
           3           8 -0.13653651866008357     
           3           9   1.2092278557493036E-002
           3          10   1.2047283343095686E-014
           3          11   5.2551020026503407E-002
           3          12   7.0382005072051673E-003
           3          13  -6.2333419810958789E-004
           4           1  -2.7094684144755806E-014
           4           2   1.0097920328851885E-013
           4           3   3.3331308764012760E-002
           4           4   2.0688017834372703     
           4           5   2.2822495239840368E-003
           4           6  -7.7795899043736336E-014
           4           7 -0.13653651866004646     
           4           8 -0.23859784179878102     
           4           9  -9.3488793936493952E-003
           4          10   2.7375759276454861E-014
           4          11   7.0382005071997124E-003
           4          12   5.6213128237187882E-002
           4          13   4.8191713518514184E-004
           5           1  -4.2818614643369901E-013
           5           2   1.5354778384415773E-012
           5           3  -2.9519684476588450E-003
           5           4   2.2822495239840368E-003
           5           5   2.0943690260876733     
           5           6  -1.1920781144025716E-012
           5           7   1.2092278558607523E-002
           5           8  -9.3488793938549513E-003
           5           9 -0.34333007215234712     
           5          10   4.4632049402773623E-013
           5          11  -6.2333419870108306E-004
           5          12   4.8191713577907668E-004
           5          13   6.1611877553747793E-002
           6           1   9.2386591585215505E-002
           6           2 -0.59961375438477238     
           6           3   1.7324771127878885E-014
           6           4  -7.7795899043736336E-014
           6           5  -1.1920781144025716E-012
           6           6   1.7203777427397151     
           6           7  -1.1381549472583786E-014
           6           8  -2.9487722977196551E-014
           6           9  -1.5310625406152696E-014
           6          10  0.24123024671876495     
           6          11  -1.7781942136541717E-014
           6          12  -4.5598590408057047E-015
           6          13  -1.1326613586268270E-015
           7           1   5.3445012446766257E-016
           7           2   9.0084951039259229E-015
           7           3 -0.16755532098788714     
           7           4 -0.13653651866004646     
           7           5   1.2092278558607523E-002
           7           6  -1.1381549472583786E-014
           7           7  0.43988562740878684     
           7           8  0.55962518166978725     
           7           9  -4.9562883622314528E-002
           7          10  -3.5386752074757514E-015
           7          11  -2.3835919940671663E-002
           7          12  -2.7820732767408037E-002
           7          13   2.4639272599054755E-003
           8           1  -1.8428810742303690E-015
           8           2   1.0737425986744617E-014
           8           3 -0.13653651866008357     
           8           4 -0.23859784179878102     
           8           5  -9.3488793938549513E-003
           8           6  -2.9487722977196551E-014
           8           7  0.55962518166978725     
           8           8  0.73106914376911103     
           8           9   3.8318454142475540E-002
           8          10  -1.1014203921576217E-014
           8          11  -2.7820732767407215E-002
           8          12  -3.8311570894698777E-002
           8          13  -1.9049312069541189E-003
           9           1  -1.8291949616518262E-015
           9           2   8.3128596753101927E-015
           9           3   1.2092278557493036E-002
           9           4  -9.3488793936493952E-003
           9           5 -0.34333007215234712     
           9           6  -1.5310625406152696E-014
           9           7  -4.9562883622314528E-002
           9           8   3.8318454142475540E-002
           9           9   1.1603374011767380     
           9          10  -5.6501821561828049E-015
           9          11   2.4639272598918718E-003
           9          12  -1.9049312069517287E-003
           9          13  -5.9651849827897209E-002
          10           1   3.0479906587123851E-002
          10           2 -0.10931745041242441     
          10           3   1.2047283343095686E-014
          10           4   2.7375759276454861E-014
          10           5   4.4632049402773623E-013
          10           6  0.24123024671876495     
          10           7  -3.5386752074757514E-015
          10           8  -1.1014203921576217E-014
          10           9  -5.6501821561828049E-015
          10          10   8.7547479291050806E-002
          10          11  -6.6615823310503131E-015
          10          12  -1.1322524345161046E-015
          10          13   1.0637217958574080E-014
          11           1  -2.2556116358679372E-015
          11           2   5.4019183775515646E-015
          11           3   5.2551020026503407E-002
          11           4   7.0382005071997124E-003
          11           5  -6.2333419870108306E-004
          11           6  -1.7781942136541717E-014
          11           7  -2.3835919940671663E-002
          11           8  -2.7820732767407215E-002
          11           9   2.4639272598918718E-003
          11          10  -6.6615823310503131E-015
          11          11   2.4497921650085408E-003
          11          12   1.3889494455049329E-003
          11          13  -1.2301151198700245E-004
          12           1  -1.5003411645802521E-015
          12           2   6.9915545196933017E-015
          12           3   7.0382005072051673E-003
          12           4   5.6213128237187882E-002
          12           5   4.8191713577907668E-004
          12           6  -4.5598590408057047E-015
          12           7  -2.7820732767408037E-002
          12           8  -3.8311570894698777E-002
          12           9  -1.9049312069517287E-003
          12          10  -1.1322524345161046E-015
          12          11   1.3889494455049329E-003
          12          12   3.1724887069772699E-003
          12          13   9.5103646856141839E-005
          13           1  -1.3415215964121851E-015
          13           2   4.6332850002700643E-015
          13           3  -6.2333419810958789E-004
          13           4   4.8191713518514184E-004
          13           5   6.1611877553747793E-002
          13           6  -1.1326613586268270E-015
          13           7   2.4639272599054755E-003
          13           8  -1.9049312069541189E-003
          13           9  -5.9651849827897209E-002
          13          10   1.0637217958574080E-014
          13          11  -1.2301151198700245E-004
          13          12   9.5103646856141839E-005
          13          13   4.2379016434073965E-003
