           1           1   2.2016402063683556     
           1           2 -0.77036054098869844     
           1           3   2.8885742589373231E-011
           1           4   7.5962266792674325E-011
           1           5  -1.6626519360639892E-010
           1           6  0.60095398623663721     
           1           7   1.4797939987300940E-012
           1           8   3.8229457018115760E-012
           1           9  -8.3373826892340780E-012
           1          10  0.41023993377413415     
           1          11  -2.9982378776780411E-013
           1          12  -7.7667736872078137E-013
           1          13   1.7152623730009917E-012
           1          14   4.1517575154491740E-002
           1          15  -1.1707875029885921E-013
           1          16  -2.9859930076741294E-013
           1          17   6.7524061377458587E-013
           1          18   2.4389594893382150E-002
           1          19  -5.2769579939063088E-014
           1          20  -1.4090514196643803E-013
           1          21   3.2365191464234072E-013
           1          22 -0.10012679899521618     
           1          23  -5.8548816374271780E-006
           1          24 -0.10011033764140675     
           1          25  -1.4243126662972875E-005
           1          26  -4.1938966959035937E-006
           1          27 -0.10011802302666302     
           1          28  0.12706428154475885     
           1          29   1.7690736340222389E-005
           1          30  0.12701446552309240     
           1          31   4.3035912859886312E-005
           1          32   1.2672080525200748E-005
           1          33  0.12703772360335724     
           2           1 -0.77036054098869844     
           2           2   3.1687862326185035     
           2           3  -1.2264515723472904E-010
           2           4  -2.5266694484524490E-010
           2           5   5.1234707175240464E-010
           2           6 -0.83953456123465897     
           2           7  -6.2691476276357590E-012
           2           8  -1.2731912837872322E-011
           2           9   2.5679036831706439E-011
           2          10  -2.1079366234023205     
           2          11   1.2571068316667765E-012
           2          12   2.5989303403480324E-012
           2          13  -5.3016689850510355E-012
           2          14 -0.29613899531917742     
           2          15   4.9775195483344996E-013
           2          16   1.0263934261063589E-012
           2          17  -2.0768183037243103E-012
           2          18 -0.14287253261119459     
           2          19   2.3639015479253897E-013
           2          20   4.8178841882391039E-013
           2          21  -9.8218016968715813E-013
           2          22 -0.41818074243790704     
           2          23   2.7143135531555038E-005
           2          24 -0.41825670858476605     
           2          25   6.6031780175983393E-005
           2          26   1.9442541451805071E-005
           2          27 -0.41822124301501518     
           2          28 -0.70089180242113536     
           2          29  -8.0545733033785306E-005
           2          30 -0.70066600771157517     
           2          31  -1.9594461442009893E-004
           2          32  -5.7694985127006690E-005
           2          33 -0.70077142347534016     
           3           1   2.8885742589373231E-011
           3           2  -1.2264515723472904E-010
           3           3   2.4196717535482049     
           3           4  -2.8946537623701288E-004
           3           5  -7.0422770367968872E-004
           3           6  -1.6124461916173975E-010
           3           7  -1.1498341591797214     
           3           8   1.1898901757823627E-003
           3           9   2.8948320967485813E-003
           3          10   1.9203738061109307E-010
           3          11  0.42725430849331780     
           3          12  -3.3051555532698481E-003
           3          13  -8.0409692808009314E-003
           3          14   4.0603521017182885E-011
           3          15   6.2275256666844837E-002
           3          16  -8.9566926399708355E-003
           3          17  -2.1790348352726030E-002
           3          18  -3.0468099918644681E-011
           3          19   2.6609413144162784E-002
           3          20  -1.3654627482805326E-003
           3          21  -3.3219751514902327E-003
           3          22   1.4072241593978198E-010
           3          23   1.2108171731637024E-011
           3          24   8.7167190271558498E-011
           3          25   1.2763639435168965E-011
           3          26  -3.1262115455884167E-012
           3          27   1.0381056413153713E-010
           3          28   8.3362396107144133E-011
           3          29   3.1833571618141407E-012
           3          30   9.8491273840764733E-011
           3          31  -1.3073486537999866E-011
           3          32   4.3052768744215584E-011
           3          33   8.2539355079373139E-011
           4           1   7.5962266792674325E-011
           4           2  -2.5266694484524490E-010
           4           3  -2.8946537623701288E-004
           4           4   2.4205697441312126     
           4           5  -2.0733033439715453E-004
           4           6  -8.3896048988633714E-011
           4           7   1.1898902019198574E-003
           4           8  -1.1535254820413221     
           4           9   8.5226186053733452E-004
           4          10   1.0350224548666932E-010
           4          11  -3.3051555380952781E-003
           4          12  0.43750768838348808     
           4          13  -2.3673260733017712E-003
           4          14   1.2550404472419232E-011
           4          15  -8.9566926839410674E-003
           4          16   9.0061051185153340E-002
           4          17  -6.4152539440640900E-003
           4          18  -5.1415540138631483E-011
           4          19  -1.3654627907843514E-003
           4          20   3.0845404129373966E-002
           4          21  -9.7801623129829146E-004
           4          22   9.0039794432218405E-011
           4          23   9.6417384011238916E-012
           4          24   3.9252148693559704E-011
           4          25  -8.3085284754406751E-012
           4          26   1.3584087946229589E-011
           4          27   6.8588005569959687E-011
           4          28   5.2619859514601355E-011
           4          29   8.0858389742485266E-012
           4          30   5.3559239337750672E-011
           4          31  -1.0948880981549260E-011
           4          32   2.7285685796763282E-011
           4          33   4.8880941044362598E-011
           5           1  -1.6626519360639892E-010
           5           2   5.1234707175240464E-010
           5           3  -7.0422770367968872E-004
           5           4  -2.0733033439715453E-004
           5           5   2.4201505601401969     
           5           6  -1.4579305998563649E-011
           5           7   2.8948320783435959E-003
           5           8   8.5226194533063277E-004
           5           9  -1.1518023643954947     
           5          10   7.3843939689392029E-012
           5          11  -8.0409692683511679E-003
           5          12  -2.3673261029986611E-003
           5          13  0.43272138808603922     
           5          14   2.7422213860398966E-011
           5          15  -2.1790348328257256E-002
           5          16  -6.4152539764059120E-003
           5          17   7.7090581195753627E-002
           5          18   9.5819273731556839E-011
           5          19  -3.3219751597089041E-003
           5          20  -9.7801628681823622E-004
           5          21   2.8868034191850502E-002
           5          22  -3.3917414182558035E-011
           5          23  -8.1964364535896368E-012
           5          24   2.4763917901601709E-011
           5          25   4.2573229394318327E-011
           5          26  -4.2415825536430893E-011
           5          27  -3.0989147416159872E-011
           5          28  -1.8120242355462343E-011
           5          29  -1.7548695774238833E-011
           5          30   2.4454906076823101E-012
           5          31   1.0324273623078668E-011
           5          32  -9.6714185197536291E-012
           5          33  -9.0012460185652497E-012
           6           1  0.60095398623663721     
           6           2 -0.83953456123465897     
           6           3  -1.6124461916173975E-010
           6           4  -8.3896048988633714E-011
           6           5  -1.4579305998563649E-011
           6           6   2.4913187712905165     
           6           7  -8.0514712484192790E-012
           6           8  -4.2233164250882944E-012
           6           9  -6.4036509261895120E-013
           6          10   3.4758550327173898     
           6          11   1.6973818125419673E-012
           6          12   8.9712267225314265E-013
           6          13   1.1280186122535092E-013
           6          14  0.44604126368087110     
           6          15   6.6154012812344924E-013
           6          16   3.3982744290325030E-013
           6          17   6.9748402344041429E-014
           6          18  0.23382168517472596     
           6          19   3.1402529512388928E-013
           6          20   1.6340278426643871E-013
           6          21   3.4529405626633622E-014
           6          22  0.16530757208886143     
           6          23  -4.2102589932087323E-005
           6          24  0.16542721110764899     
           6          25  -1.0242000737487939E-004
           6          26  -3.0159298479032238E-005
           6          27  0.16537135147412341     
           6          28   1.1081354346394516     
           6          29   1.3312525368791299E-004
           6          30   1.1077570751446653     
           6          31   3.2384374736440678E-004
           6          32   9.5361686740206555E-005
           6          33   1.1079337325965843     
           7           1   1.4797939987300940E-012
           7           2  -6.2691476276357590E-012
           7           3  -1.1498341591797214     
           7           4   1.1898902019198574E-003
           7           5   2.8948320783435959E-003
           7           6  -8.0514712484192790E-012
           7           7   3.2230008945643833     
           7           8  -4.8916762415537720E-003
           7           9  -1.1900746484054578E-002
           7          10   9.5893119717466683E-012
           7          11  -1.5985957126793673     
           7          12   1.3589659698684375E-002
           7          13   3.3061692323238155E-002
           7          14   2.0159002729033174E-012
           7          15 -0.24104382465070107     
           7          16   3.6832929553021601E-002
           7          17   8.9609233134396685E-002
           7          18  -1.5469787286097568E-012
           7          19 -0.10096543649772186     
           7          20   5.6062417597638218E-003
           7          21   1.3639181858592881E-002
           7          22   7.1957145681489425E-012
           7          23   6.9895225059357121E-013
           7          24   4.2473936966353042E-012
           7          25   7.4171414927786168E-013
           7          26   4.1497252293259094E-015
           7          27   5.3952321386794237E-012
           7          28   4.1793710052881487E-012
           7          29   1.6082886525680333E-013
           7          30   4.9109536038206691E-012
           7          31  -6.7135721223532057E-013
           7          32   2.1851492972855978E-012
           7          33   4.1022466614291815E-012
           8           1   3.8229457018115760E-012
           8           2  -1.2731912837872322E-011
           8           3   1.1898901757823627E-003
           8           4  -1.1535254820413221     
           8           5   8.5226194533063277E-004
           8           6  -4.2233164250882944E-012
           8           7  -4.8916762415537720E-003
           8           8   3.2381760395922328     
           8           9  -3.5036755394616693E-003
           8          10   5.1266222212713310E-012
           8          11   1.3589659699674872E-002
           8          12  -1.6407540744904245     
           8          13   9.7336283030632943E-003
           8          14   6.1177956034981599E-013
           8          15   3.6832929550886878E-002
           8          16 -0.35530834671379330     
           8          17   2.6381679418599511E-002
           8          18  -2.5898368483493199E-012
           8          19   5.6062417576060028E-003
           8          20 -0.11835733398236915     
           8          21   4.0154849081060172E-003
           8          22   4.5456936955494350E-012
           8          23   4.7430012071366768E-013
           8          24   1.9575352532392702E-012
           8          25  -3.9635525997923416E-013
           8          26   6.8255545631372237E-013
           8          27   3.4814152305490486E-012
           8          28   2.6332735099985369E-012
           8          29   4.5655026526245171E-013
           8          30   2.6904604940625308E-012
           8          31  -5.9348569500524342E-013
           8          32   1.3925030985575906E-012
           8          33   2.3985791674611963E-012
           9           1  -8.3373826892340780E-012
           9           2   2.5679036831706439E-011
           9           3   2.8948320967485813E-003
           9           4   8.5226186053733452E-004
           9           5  -1.1518023643954947     
           9           6  -6.4036509261895120E-013
           9           7  -1.1900746484054578E-002
           9           8  -3.5036755394616693E-003
           9           9   3.2310922485311044     
           9          10   4.0886920908962905E-013
           9          11   3.3061692323704192E-002
           9          12   9.7336283024940136E-003
           9          13  -1.6210744585082906     
           9          14   1.3971387261765276E-012
           9          15   8.9609233135670083E-002
           9          16   2.6381679417329107E-002
           9          17 -0.30196941658797016     
           9          18   4.7928404824080424E-012
           9          19   1.3639181858258027E-002
           9          20   4.0154849054797716E-003
           9          21 -0.11023875799954916     
           9          22  -1.5705790354103550E-012
           9          23  -1.3380651716809351E-013
           9          24   1.1236484027507589E-012
           9          25   2.2108863934383458E-012
           9          26  -1.9547681785742405E-012
           9          27  -1.4474756249900663E-012
           9          28  -8.7981521434817558E-013
           9          29  -9.6106636755225498E-013
           9          30   1.1891664958977660E-013
           9          31   6.0624674449196153E-013
           9          32  -4.5995737126765312E-013
           9          33  -4.1593027663749877E-013
          10           1  0.41023993377413415     
          10           2  -2.1079366234023205     
          10           3   1.9203738061109307E-010
          10           4   1.0350224548666932E-010
          10           5   7.3843939689392029E-012
          10           6   3.4758550327173898     
          10           7   9.5893119717466683E-012
          10           8   5.1266222212713310E-012
          10           9   4.0886920908962905E-013
          10          10   23.772426628229489     
          10          11  -1.8274819229157727E-012
          10          12  -9.0949872791979467E-013
          10          13  -1.1596426875404940E-013
          10          14   2.2977062085825377     
          10          15  -7.5883635717639033E-013
          10          16  -4.1793324060295432E-013
          10          17   2.1085329956647862E-014
          10          18   1.6239617572849363     
          10          19  -3.7915544321300157E-013
          10          20  -1.8885738178597802E-013
          10          21  -1.5219472491130402E-015
          10          22  0.57118099684911472     
          10          23  -7.4743094355106746E-004
          10          24  0.57327392991804260     
          10          25  -1.8182934723217402E-003
          10          26  -5.3538252141109588E-004
          10          27  0.57229682246651636     
          10          28   8.9984098097879492     
          10          29   2.2250554312418930E-003
          10          30   8.9921699490504405     
          10          31   5.4129200586071086E-003
          10          32   1.5938093817623030E-003
          10          33   8.9950831247618002     
          11           1  -2.9982378776780411E-013
          11           2   1.2571068316667765E-012
          11           3  0.42725430849331780     
          11           4  -3.3051555380952781E-003
          11           5  -8.0409692683511679E-003
          11           6   1.6973818125419673E-012
          11           7  -1.5985957126793673     
          11           8   1.3589659699674872E-002
          11           9   3.3061692323704192E-002
          11          10  -1.8274819229157727E-012
          11          11   2.9513166222914782     
          11          12  -3.7762069992501021E-002
          11          13  -9.1869698526002352E-002
          11          14  -3.5938219650088408E-013
          11          15  0.46112457672536383     
          11          16 -0.10236630662209595     
          11          17 -0.24904253740828627     
          11          18   3.2057196601218928E-013
          11          19  0.17225706096567506     
          11          20  -1.5527407190973822E-002
          11          21  -3.7775953960118604E-002
          11          22  -1.4675813081770243E-012
          11          23  -1.1507946402583541E-013
          11          24  -8.8187575446190183E-013
          11          25  -1.5221837629365060E-013
          11          26   2.7150131266254368E-014
          11          27  -1.0930741760836915E-012
          11          28  -8.0178578557100618E-013
          11          29  -7.9368327355722940E-014
          11          30  -9.9384519174562698E-013
          11          31   1.9554173673028268E-013
          11          32  -4.6864363041499175E-013
          11          33  -7.5191121507329645E-013
          12           1  -7.7667736872078137E-013
          12           2   2.5989303403480324E-012
          12           3  -3.3051555532698481E-003
          12           4  0.43750768838348808     
          12           5  -2.3673261029986611E-003
          12           6   8.9712267225314265E-013
          12           7   1.3589659698684375E-002
          12           8  -1.6407540744904245     
          12           9   9.7336283024940136E-003
          12          10  -9.0949872791979467E-013
          12          11  -3.7762069992501021E-002
          12          12   3.0684635593558145     
          12          13  -2.7047178623089335E-002
          12          14  -8.4190863526138892E-014
          12          15 -0.10236630662152826     
          12          16  0.77868924628969260     
          12          17  -7.3320127334696034E-002
          12          18   5.3521079202011225E-013
          12          19  -1.5527407190409018E-002
          12          20  0.22042677711797315     
          12          21  -1.1121544870742666E-002
          12          22  -9.3921777806555017E-013
          12          23  -1.1707231190959701E-013
          12          24  -3.7581567983917964E-013
          12          25   9.7853370928972302E-014
          12          26  -1.2533780776472405E-013
          12          27  -7.3261534210643988E-013
          12          28  -5.1138539119998814E-013
          12          29  -1.7145214131978008E-013
          12          30  -5.5212428675573387E-013
          12          31   2.0136610455650373E-013
          12          32  -3.1973065219123861E-013
          12          33  -3.8857226647142975E-013
          13           1   1.7152623730009917E-012
          13           2  -5.3016689850510355E-012
          13           3  -8.0409692808009314E-003
          13           4  -2.3673260733017712E-003
          13           5  0.43272138808603922     
          13           6   1.1280186122535092E-013
          13           7   3.3061692323238155E-002
          13           8   9.7336283030632943E-003
          13           9  -1.6210744585082906     
          13          10  -1.1596426875404940E-013
          13          11  -9.1869698526002352E-002
          13          12  -2.7047178623089335E-002
          13          13   3.0137791115721146     
          13          14  -3.0834479908582166E-013
          13          15 -0.24904253740863422     
          13          16  -7.3320127334541463E-002
          13          17  0.63044936032362042     
          13          18  -9.3635742374048785E-013
          13          19  -3.7775953960135049E-002
          13          20  -1.1121544870232914E-002
          13          21  0.19794104771012139     
          13          22   3.7392116250871034E-013
          13          23   2.9525718507924744E-014
          13          24  -2.4844515827332679E-013
          13          25  -3.9263050960397247E-013
          13          26   4.4454654964566598E-013
          13          27   3.5488022539757285E-013
          13          28   1.5157990883857344E-013
          13          29   2.6009562470337782E-013
          13          30  -6.4953670273419997E-014
          13          31  -2.3821823664475372E-013
          13          32   5.7131800858076201E-014
          13          33   1.7469035047432269E-014
          14           1   4.1517575154491740E-002
          14           2 -0.29613899531917742     
          14           3   4.0603521017182885E-011
          14           4   1.2550404472419232E-011
          14           5   2.7422213860398966E-011
          14           6  0.44604126368087110     
          14           7   2.0159002729033174E-012
          14           8   6.1177956034981599E-013
          14           9   1.3971387261765276E-012
          14          10   2.2977062085825377     
          14          11  -3.5938219650088408E-013
          14          12  -8.4190863526138892E-014
          14          13  -3.0834479908582166E-013
          14          14  0.50176470933043826     
          14          15  -1.7350031220105415E-013
          14          16  -5.5710934301547697E-014
          14          17  -1.1478836664005189E-013
          14          18  0.10805260268917688     
          14          19  -7.9766098292947946E-014
          14          20  -2.1944767770225482E-014
          14          21  -5.3326642932842722E-014
          14          22   8.7119588683989627E-002
          14          23  -1.8083160280062463E-004
          14          24   8.7616572508653776E-002
          14          25  -4.3993752370597252E-004
          14          26  -1.2952103776942787E-004
          14          27   8.7384580306530901E-002
          14          28  0.76887899178279295     
          14          29   4.9930695933807071E-004
          14          30  0.76750674793708407     
          14          31   1.2147420310885944E-003
          14          32   3.5762994230453414E-004
          14          33  0.76814731228231825     
          15           1  -1.1707875029885921E-013
          15           2   4.9775195483344996E-013
          15           3   6.2275256666844837E-002
          15           4  -8.9566926839410674E-003
          15           5  -2.1790348328257256E-002
          15           6   6.6154012812344924E-013
          15           7 -0.24104382465070107     
          15           8   3.6832929550886878E-002
          15           9   8.9609233135670083E-002
          15          10  -7.5883635717639033E-013
          15          11  0.46112457672536383     
          15          12 -0.10236630662152826     
          15          13 -0.24904253740863422     
          15          14  -1.7350031220105415E-013
          15          15  0.58975070732150114     
          15          16 -0.27746881217738845     
          15          17 -0.67504181128597152     
          15          18   1.2220726747933621E-013
          15          19   9.8441204768458607E-002
          15          20  -4.1831845004282435E-002
          15          21 -0.10177087723601072     
          15          22  -5.6876454336605076E-013
          15          23  -7.2201794156720613E-014
          15          24  -3.5475732831204598E-013
          15          25  -6.6668981889048558E-014
          15          26  -2.1823994737929286E-015
          15          27  -4.2395128072394469E-013
          15          28  -3.4972491475325494E-013
          15          29  -7.9165582559412970E-015
          15          30  -3.8018039400269154E-013
          15          31   5.3678325750354399E-014
          15          32  -1.7830092888563270E-013
          15          33  -3.2692290688153942E-013
          16           1  -2.9859930076741294E-013
          16           2   1.0263934261063589E-012
          16           3  -8.9566926399708355E-003
          16           4   9.0061051185153340E-002
          16           5  -6.4152539764059120E-003
          16           6   3.3982744290325030E-013
          16           7   3.6832929553021601E-002
          16           8 -0.35530834671379330     
          16           9   2.6381679417329107E-002
          16          10  -4.1793324060295432E-013
          16          11 -0.10236630662209595     
          16          12  0.77868924628969260     
          16          13  -7.3320127334541463E-002
          16          14  -5.5710934301547697E-014
          16          15 -0.27746881217738845     
          16          16   1.4505250632759132     
          16          17 -0.19873774205394551     
          16          18   2.0352390840784354E-013
          16          19  -4.1831845004199820E-002
          16          20  0.22821355344833374     
          16          21  -2.9962165321481042E-002
          16          22  -3.7203046214339634E-013
          16          23  -1.1584836367433047E-013
          16          24  -1.5921342356008077E-013
          16          25   7.6899726816817244E-014
          16          26  -5.0309156610024064E-014
          16          27  -2.7528174299611339E-013
          16          28  -1.9868778474408355E-013
          16          29  -2.5642908868302431E-014
          16          30  -2.3170284393934897E-013
          16          31   5.6825442140782960E-014
          16          32  -1.1370267872131974E-013
          16          33  -2.0384140366140671E-013
          17           1   6.7524061377458587E-013
          17           2  -2.0768183037243103E-012
          17           3  -2.1790348352726030E-002
          17           4  -6.4152539440640900E-003
          17           5   7.7090581195753627E-002
          17           6   6.9748402344041429E-014
          17           7   8.9609233134396685E-002
          17           8   2.6381679418599511E-002
          17           9 -0.30196941658797016     
          17          10   2.1085329956647862E-014
          17          11 -0.24904253740828627     
          17          12  -7.3320127334696034E-002
          17          13  0.63044936032362042     
          17          14  -1.1478836664005189E-013
          17          15 -0.67504181128597152     
          17          16 -0.19873774205394551     
          17          17   1.0487137013745496     
          17          18  -3.7090258426005379E-013
          17          19 -0.10177087723593013     
          17          20  -2.9962165321320143E-002
          17          21  0.16763553576068849     
          17          22   1.3885115922183943E-013
          17          23  -2.3085456830511111E-014
          17          24  -1.0035216678118570E-013
          17          25  -1.3310163164329903E-013
          17          26   1.7571565102208537E-013
          17          27   1.2602158075294372E-013
          17          28   9.6948516303105902E-014
          17          29   7.2561437471691183E-014
          17          30   1.0946317017434013E-014
          17          31  -4.8909797670260163E-014
          17          32   3.1342188901979147E-014
          17          33   4.0187073267671228E-014
          18           1   2.4389594893382150E-002
          18           2 -0.14287253261119459     
          18           3  -3.0468099918644681E-011
          18           4  -5.1415540138631483E-011
          18           5   9.5819273731556839E-011
          18           6  0.23382168517472596     
          18           7  -1.5469787286097568E-012
          18           8  -2.5898368483493199E-012
          18           9   4.7928404824080424E-012
          18          10   1.6239617572849363     
          18          11   3.2057196601218928E-013
          18          12   5.3521079202011225E-013
          18          13  -9.3635742374048785E-013
          18          14  0.10805260268917688     
          18          15   1.2220726747933621E-013
          18          16   2.0352390840784354E-013
          18          17  -3.7090258426005379E-013
          18          18  0.12191798246885585     
          18          19   5.7093500661746270E-014
          18          20   9.7973045235145361E-014
          18          21  -1.7865148327834809E-013
          18          22   3.8528279501878752E-002
          18          23   1.5653028324733506E-004
          18          24   3.8077631444515057E-002
          18          25   3.8076335370471011E-004
          18          26   1.1213281540195821E-004
          18          27   3.8288060412611583E-002
          18          28  0.65079104921855024     
          18          29  -5.1732435816595349E-004
          18          30  0.65227865012431918     
          18          31  -1.2584069664646372E-003
          18          32  -3.7059168355431962E-004
          18          33  0.65158402351578659     
          19           1  -5.2769579939063088E-014
          19           2   2.3639015479253897E-013
          19           3   2.6609413144162784E-002
          19           4  -1.3654627907843514E-003
          19           5  -3.3219751597089041E-003
          19           6   3.1402529512388928E-013
          19           7 -0.10096543649772186     
          19           8   5.6062417576060028E-003
          19           9   1.3639181858258027E-002
          19          10  -3.7915544321300157E-013
          19          11  0.17225706096567506     
          19          12  -1.5527407190409018E-002
          19          13  -3.7775953960135049E-002
          19          14  -7.9766098292947946E-014
          19          15   9.8441204768458607E-002
          19          16  -4.1831845004199820E-002
          19          17 -0.10177087723593013     
          19          18   5.7093500661746270E-014
          19          19   2.0064455872706173E-002
          19          20  -6.3125502802473480E-003
          19          21  -1.5357529163113851E-002
          19          22  -2.7039684743314889E-013
          19          23  -5.3961111802544575E-014
          19          24  -1.6445175881404616E-013
          19          25  -3.8081736809242815E-014
          19          26  -7.0206308562433242E-015
          19          27  -2.0452699928037490E-013
          19          28  -1.7821434808959317E-013
          19          29  -4.5754171145357225E-015
          19          30  -1.9052074835559933E-013
          19          31   2.7267408494763787E-014
          19          32  -8.5699236879610532E-014
          19          33  -1.5749324255139335E-013
          20           1  -1.4090514196643803E-013
          20           2   4.8178841882391039E-013
          20           3  -1.3654627482805326E-003
          20           4   3.0845404129373966E-002
          20           5  -9.7801628681823622E-004
          20           6   1.6340278426643871E-013
          20           7   5.6062417597638218E-003
          20           8 -0.11835733398236915     
          20           9   4.0154849054797716E-003
          20          10  -1.8885738178597802E-013
          20          11  -1.5527407190973822E-002
          20          12  0.22042677711797315     
          20          13  -1.1121544870232914E-002
          20          14  -2.1944767770225482E-014
          20          15  -4.1831845004282435E-002
          20          16  0.22821355344833374     
          20          17  -2.9962165321320143E-002
          20          18   9.7973045235145361E-014
          20          19  -6.3125502802473480E-003
          20          20   3.9647490661670365E-002
          20          21  -4.5213801845809809E-003
          20          22  -1.7630929372725226E-013
          20          23  -3.6490835682266194E-014
          20          24  -7.3678254091379723E-014
          20          25   2.1910427027873886E-014
          20          26  -2.7388412417211796E-014
          20          27  -1.2974817371759637E-013
          20          28  -9.2757829418049220E-014
          20          29  -1.3534254519842582E-014
          20          30  -1.0079225084431704E-013
          20          31   2.5786900585242179E-014
          20          32  -5.2602031173188882E-014
          20          33  -9.4266949407552301E-014
          21           1   3.2365191464234072E-013
          21           2  -9.8218016968715813E-013
          21           3  -3.3219751514902327E-003
          21           4  -9.7801623129829146E-004
          21           5   2.8868034191850502E-002
          21           6   3.4529405626633622E-014
          21           7   1.3639181858592881E-002
          21           8   4.0154849081060172E-003
          21           9 -0.11023875799954916     
          21          10  -1.5219472491130402E-015
          21          11  -3.7775953960118604E-002
          21          12  -1.1121544870742666E-002
          21          13  0.19794104771012139     
          21          14  -5.3326642932842722E-014
          21          15 -0.10177087723601072     
          21          16  -2.9962165321481042E-002
          21          17  0.16763553576068849     
          21          18  -1.7865148327834809E-013
          21          19  -1.5357529163113851E-002
          21          20  -4.5213801845809809E-003
          21          21   3.0506086966055165E-002
          21          22   6.2961919711026694E-014
          21          23  -4.0582903116809162E-014
          21          24  -4.8052889117323614E-014
          21          25  -4.0778259950322748E-014
          21          26   8.4384872146780353E-014
          21          27   6.2763698139477328E-014
          21          28   5.3492368950258827E-014
          21          29   3.5732159890878946E-014
          21          30   5.8167723042225464E-015
          21          31  -2.4553554124686472E-014
          21          32   1.7429551098035358E-014
          21          33  -3.0999394082962720E-015
          22           1 -0.10012679899521618     
          22           2 -0.41818074243790704     
          22           3   1.4072241593978198E-010
          22           4   9.0039794432218405E-011
          22           5  -3.3917414182558035E-011
          22           6  0.16530757208886143     
          22           7   7.1957145681489425E-012
          22           8   4.5456936955494350E-012
          22           9  -1.5705790354103550E-012
          22          10  0.57118099684911472     
          22          11  -1.4675813081770243E-012
          22          12  -9.3921777806555017E-013
          22          13   3.7392116250871034E-013
          22          14   8.7119588683989627E-002
          22          15  -5.6876454336605076E-013
          22          16  -3.7203046214339634E-013
          22          17   1.3885115922183943E-013
          22          18   3.8528279501878752E-002
          22          19  -2.7039684743314889E-013
          22          20  -1.7630929372725226E-013
          22          21   6.2961919711026694E-014
          22          22   2.2859776433216550     
          22          23  -6.2732851052606831E-006
          22          24  -1.0089074298629468     
          22          25  -1.5261459443497057E-005
          22          26  -4.4934386703324290E-006
          22          27  -1.0089155349271459     
          22          28 -0.45855898890877717     
          22          29   1.7566302203445886E-005
          22          30  0.52712791098539580     
          22          31   4.2734530893321391E-005
          22          32   1.2582500986951440E-005
          22          33  0.52715066470307526     
          23           1  -5.8548816374271780E-006
          23           2   2.7143135531555038E-005
          23           3   1.2108171731637024E-011
          23           4   9.6417384011238916E-012
          23           5  -8.1964364535896368E-012
          23           6  -4.2102589932087323E-005
          23           7   6.9895225059357121E-013
          23           8   4.7430012071366768E-013
          23           9  -1.3380651716809351E-013
          23          10  -7.4743094355106746E-004
          23          11  -1.1507946402583541E-013
          23          12  -1.1707231190959701E-013
          23          13   2.9525718507924744E-014
          23          14  -1.8083160280062463E-004
          23          15  -7.2201794156720613E-014
          23          16  -1.1584836367433047E-013
          23          17  -2.3085456830511111E-014
          23          18   1.5653028324733506E-004
          23          19  -5.3961111802544575E-014
          23          20  -3.6490835682266194E-014
          23          21  -4.0582903116809162E-014
          23          22  -6.2732851052606831E-006
          23          23   2.1966015857161723     
          23          24  -6.1674181703271996E-006
          23          25  -9.1041322105583323E-008
          23          26  -2.6808151977993164E-008
          23          27  -6.2168471439406055E-006
          23          28  -3.9628926408954692E-004
          23          29 -0.65715697684927910     
          23          30  -3.9661738368463657E-004
          23          31   2.8185590385580866E-007
          23          32   8.2996356099056485E-008
          23          33  -3.9646418561489841E-004
          24           1 -0.10011033764140675     
          24           2 -0.41825670858476605     
          24           3   8.7167190271558498E-011
          24           4   3.9252148693559704E-011
          24           5   2.4763917901601709E-011
          24           6  0.16542721110764899     
          24           7   4.2473936966353042E-012
          24           8   1.9575352532392702E-012
          24           9   1.1236484027507589E-012
          24          10  0.57327392991804260     
          24          11  -8.8187575446190183E-013
          24          12  -3.7581567983917964E-013
          24          13  -2.4844515827332679E-013
          24          14   8.7616572508653776E-002
          24          15  -3.5475732831204598E-013
          24          16  -1.5921342356008077E-013
          24          17  -1.0035216678118570E-013
          24          18   3.8077631444515057E-002
          24          19  -1.6445175881404616E-013
          24          20  -7.3678254091379723E-014
          24          21  -4.8052889117323614E-014
          24          22  -1.0089074298629468     
          24          23  -6.1674181703271996E-006
          24          24   2.2860120668949575     
          24          25  -1.5003925820608019E-005
