           1           1   2.1968344609900763     
           1           2 -0.71973821530503845     
           1           3  -3.0497595734577982E-013
           1           4  -1.1025899074568731E-013
           1           5  -1.5801584082589711E-013
           1           6  0.26173870972174157     
           1           7   2.8414095850286349E-014
           1           8   3.1765436967113501E-014
           1           9   1.4331432800429640E-014
           1          10  -7.3263550047475812E-002
           1          11  -2.4948345103741446E-014
           1          12  -1.0598079118082969E-014
           1          13  -1.5913850620431895E-014
           1          14   2.8289156215192297E-002
           1          15  -3.2858130733599170E-015
           1          16   1.1727646295670373E-014
           1          17   3.6220258085298413E-014
           1          18  -1.3223384885195508E-002
           1          19   5.5269217045840029E-015
           1          20  -8.4174794239179911E-015
           1          21  -2.9659148228923401E-014
           1          22   3.2296494454675060E-003
           1          23   8.3045733011346724E-015
           1          24   3.2296494454915965E-003
           1          25   2.6271189265930835E-014
           1          26   5.0768617197363034E-015
           1          27   3.2296494454753561E-003
           2           1 -0.71973821530503845     
           2           2   2.6309505308664609     
           2           3   9.4912135243662859E-013
           2           4   3.4007509705326358E-013
           2           5   4.8525815624352658E-013
           2           6  -1.1812763271394791     
           2           7  -1.0623288954243237E-013
           2           8  -1.0425002718280821E-013
           2           9  -4.3881582694700092E-014
           2          10  0.27941094286837465     
           2          11   7.9673772750394955E-014
           2          12   3.4678081098710874E-014
           2          13   3.8972061567893334E-014
           2          14  -8.4658033779774197E-002
           2          15   1.2179181271586758E-014
           2          16  -3.8517293991321707E-014
           2          17  -1.1271090837393835E-013
           2          18   4.4496075227898071E-002
           2          19  -1.4695863505984658E-014
           2          20   2.5938854538928022E-014
           2          21   8.6631582648314504E-014
           2          22   4.1417067307044038E-002
           2          23  -2.4031097021840628E-014
           2          24   4.1417067306972172E-002
           2          25  -8.3813270408997498E-014
           2          26  -1.7613674450468151E-014
           2          27   4.1417067307053211E-002
           3           1  -3.0497595734577982E-013
           3           2   9.4912135243662859E-013
           3           3   2.3880897159959438     
           3           4   4.5391208153278184E-015
           3           5   4.0523140398818237E-015
           3           6   5.0744639155135288E-015
           3           7  -1.0339539625688319     
           3           8   1.1345091532888129E-015
           3           9  -1.7011565767166568E-014
           3          10   2.1611550364781280E-014
           3          11  0.30802895314961753     
           3          12   1.0205378209171616E-014
           3          13   2.0483614804334167E-014
           3          14   9.2948430510379860E-015
           3          15  -5.8240842396303720E-002
           3          16  -3.8707101759905328E-014
           3          17   1.3917686447761644E-014
           3          18  -3.0275334336737418E-014
           3          19   3.5708958902876051E-002
           3          20   1.8391755132740836E-014
           3          21  -1.0344589768118591E-014
           3          22   6.0190168895785070E-014
           3          23  -2.6673701864723044E-014
           3          24   9.4824901354068682E-014
           3          25   2.5842865133864772E-014
           3          26   8.1256700981345705E-015
           3          27  -2.8733916802717081E-013
           4           1  -1.1025899074568731E-013
           4           2   3.4007509705326358E-013
           4           3   4.5391208153278184E-015
           4           4   2.3880897159959500     
           4           5   9.0248988837693724E-016
           4           6   4.2368859699773780E-014
           4           7  -1.1837753000065751E-014
           4           8  -1.0339539625688334     
           4           9  -1.8509499488672674E-015
           4          10  -1.2428865451654891E-014
           4          11   1.6219664500383365E-015
           4          12  0.30802895314960355     
           4          13   2.2551405187698902E-015
           4          14   7.6019665866168704E-015
           4          15  -5.2403827804914316E-015
           4          16  -5.8240842396301271E-002
           4          17   9.1810239966034413E-016
           4          18  -8.9190114721772098E-015
           4          19   1.0144662887512447E-014
           4          20   3.5708958902846658E-002
           4          21  -1.2886827022161282E-015
           4          22   1.0233324122272721E-013
           4          23  -2.6931232836928883E-015
           4          24   6.3938699120812966E-014
           4          25   7.4044571873789380E-015
           4          26   3.2282500631960616E-015
           4          27  -2.2299387577235961E-013
           5           1  -1.5801584082589711E-013
           5           2   4.8525815624352658E-013
           5           3   4.0523140398818237E-015
           5           4   9.0248988837693724E-016
           5           5   2.3880897159959513     
           5           6   8.5047103786730184E-014
           5           7  -9.1307170158039320E-015
           5           8  -2.0383000842728627E-016
           5           9  -1.0339539625688385     
           5          10  -4.2210751174997995E-014
           5          11   1.1483869410966550E-015
           5          12  -7.5113526509792148E-016
           5          13  0.30802895314960749     
           5          14   7.4211673105688819E-015
           5          15   1.6900543464704138E-015
           5          16  -9.6884306133324141E-016
           5          17  -5.8240842396297107E-002
           5          18  -6.3649619175158845E-015
           5          19   1.9120989513954652E-015
           5          20   6.3555931351113681E-016
           5          21   3.5708958902843202E-002
           5          22  -4.5570597392423819E-014
           5          23   6.5072332073500808E-016
           5          24  -3.0449739395715780E-014
           5          25   4.1732220967581525E-015
           5          26  -7.4199501546413996E-016
           5          27  -9.7564220901183336E-015
           6           1  0.26173870972174157     
           6           2  -1.1812763271394791     
           6           3   5.0744639155135288E-015
           6           4   4.2368859699773780E-014
           6           5   8.5047103786730184E-014
           6           6   4.8833584412688360     
           6           7   2.6067370886333347E-013
           6           8  -6.9912482453050285E-016
           6           9  -6.6086441395885392E-014
           6          10  -1.9265450286195338     
           6          11  -7.1302950185887356E-014
           6          12   3.0990709832400689E-014
           6          13   2.2116901682361959E-013
           6          14   1.2984362549086277     
           6          15  -4.7936725140155691E-014
           6          16  -1.6113216132536317E-013
           6          17  -1.4805940955492712E-013
           6          18 -0.56335357520861629     
           6          19   2.1829422706178573E-014
           6          20   9.4940652760141275E-014
           6          21   1.1571510005595590E-013
           6          22 -0.62403603383745776     
           6          23  -1.9914085692971240E-014
           6          24 -0.62403603383734474     
           6          25  -3.8782218853395449E-014
           6          26  -5.8870680462509007E-014
           6          27 -0.62403603383727013     
           7           1   2.8414095850286349E-014
           7           2  -1.0623288954243237E-013
           7           3  -1.0339539625688319     
           7           4  -1.1837753000065751E-014
           7           5  -9.1307170158039320E-015
           7           6   2.6067370886333347E-013
           7           7   2.7741437562916662     
           7           8   2.9906632725840904E-015
           7           9   4.3715031594615583E-014
           7          10  -4.6202937425039281E-014
           7          11  -1.0300305817162281     
           7          12  -2.6534330288541497E-014
           7          13  -4.9904524956900919E-014
           7          14  -2.7678176050681482E-014
           7          15  0.18845071545549269     
           7          16   1.0030257874271854E-013
           7          17  -3.5641628537418147E-014
           7          18   6.9851288720921196E-014
           7          19 -0.11569847421182197     
           7          20  -4.7655022289428935E-014
           7          21   2.5477883691670864E-014
           7          22  -2.2394094279779815E-013
           7          23   7.0091921533250290E-014
           7          24  -3.1250797586912917E-013
           7          25  -6.6023104031771432E-014
           7          26  -2.4138219590810228E-014
           7          27   5.6383131132214255E-013
           8           1   3.1765436967113501E-014
           8           2  -1.0425002718280821E-013
           8           3   1.1345091532888129E-015
           8           4  -1.0339539625688334     
           8           5  -2.0383000842728627E-016
           8           6  -6.9912482453050285E-016
           8           7   2.9906632725840904E-015
           8           8   2.7741437562916502     
           8           9   3.4312830354821753E-015
           8          10   3.7967368942815576E-014
           8          11  -1.3947176746854566E-015
           8          12  -1.0300305817162088     
           8          13  -7.1817551905441376E-015
           8          14  -1.7786869407136081E-014
           8          15   8.7352000632813762E-015
           8          16  0.18845071545548861     
           8          17   3.4867941867289070E-016
           8          18   1.5535696776631893E-014
           8          19  -1.8999992551505381E-014
           8          20 -0.11569847421174921     
           8          21  -7.9884016068790106E-016
           8          22  -2.9873975775974942E-013
           8          23   1.1206399808472144E-014
           8          24  -1.9613965485470889E-013
           8          25  -1.7352006230813843E-014
           8          26  -1.1509159094292840E-014
           8          27   5.2538656492677432E-013
           9           1   1.4331432800429640E-014
           9           2  -4.3881582694700092E-014
           9           3  -1.7011565767166568E-014
           9           4  -1.8509499488672674E-015
           9           5  -1.0339539625688385     
           9           6  -6.6086441395885392E-014
           9           7   4.3715031594615583E-014
           9           8   3.4312830354821753E-015
           9           9   2.7741437562916587     
           9          10   1.2974243509444776E-013
           9          11  -3.9412917374193625E-015
           9          12   2.8588242884096089E-015
           9          13  -1.0300305817162079     
           9          14  -2.6431623268656570E-014
           9          15   5.7766291750037734E-016
           9          16   8.0612599928652086E-015
           9          17  0.18845071545546521     
           9          18   2.0097507125760813E-014
           9          19  -1.0314665788158319E-014
           9          20  -8.2113135735368995E-015
           9          21 -0.11569847421172968     
           9          22   8.8551478233567020E-014
           9          23  -1.5240086435719499E-015
           9          24   3.7524982312127117E-014
           9          25  -1.0691610188083917E-014
           9          26   3.1537244150962634E-016
           9          27  -7.3270285942009584E-014
          10           1  -7.3263550047475812E-002
          10           2  0.27941094286837465     
          10           3   2.1611550364781280E-014
          10           4  -1.2428865451654891E-014
          10           5  -4.2210751174997995E-014
          10           6  -1.9265450286195338     
          10           7  -4.6202937425039281E-014
          10           8   3.7967368942815576E-014
          10           9   1.2974243509444776E-013
          10          10   2.3367936175042985     
          10          11   1.3846299155939250E-013
          10          12  -1.2989420475033351E-014
          10          13  -3.4412733218052224E-013
          10          14 -0.98837994619700653     
          10          15   3.4250844493431163E-014
          10          16   1.4416093467038453E-013
          10          17   1.4932332054477431E-013
          10          18  0.45438837501175711     
          10          19   8.9024828236339837E-015
          10          20  -6.0483071583106159E-014
          10          21  -1.3892672827905143E-013
          10          22  0.45171395544631648     
          10          23   2.0206168510544851E-014
          10          24  0.45171395544628434     
          10          25   2.4394644658500972E-014
          10          26   2.9680257507923477E-014
          10          27  0.45171395544652254     
          11           1  -2.4948345103741446E-014
          11           2   7.9673772750394955E-014
          11           3  0.30802895314961753     
          11           4   1.6219664500383365E-015
          11           5   1.1483869410966550E-015
          11           6  -7.1302950185887356E-014
          11           7  -1.0300305817162281     
          11           8  -1.3947176746854566E-015
          11           9  -3.9412917374193625E-015
          11          10   1.3846299155939250E-013
          11          11   2.4941871687996029     
          11          12   6.6613381477548727E-016
          11          13  -3.1363800445658724E-015
          11          14   1.3313522418741211E-014
          11          15 -0.38069318577515354     
          11          16  -3.2890357104546401E-015
          11          17   1.3954115640755109E-014
          11          18  -1.3285529078653225E-014
          11          19  0.23637341088523867     
          11          20  -1.2389395065424539E-014
          11          21  -9.4854679666403024E-015
          11          22  -1.4784855748145935E-013
          11          23  -2.6284892133021398E-015
          11          24  -6.8227989485551806E-014
          11          25   1.6147719671785649E-015
          11          26   2.4098770052558940E-015
          11          27   2.4775412649180952E-013
          12           1  -1.0598079118082969E-014
          12           2   3.4678081098710874E-014
          12           3   1.0205378209171616E-014
          12           4  0.30802895314960355     
          12           5  -7.5113526509792148E-016
          12           6   3.0990709832400689E-014
          12           7  -2.6534330288541497E-014
          12           8  -1.0300305817162088     
          12           9   2.8588242884096089E-015
          12          10  -1.2989420475033351E-014
          12          11   6.6613381477548727E-016
          12          12   2.4941871687996118     
          12          13   8.6042284408502545E-016
          12          14   3.4327827039981374E-014
          12          15  -1.9133999940033298E-015
          12          16 -0.38069318577516181     
          12          17  -1.3659212649846854E-014
          12          18  -5.7348263821693809E-015
          12          19   1.0529771499195095E-015
          12          20  0.23637341088525576     
          12          21   8.7672924475888388E-015
          12          22  -5.9764406832993777E-014
          12          23  -1.0572957571770605E-015
          12          24  -3.9830526526504971E-014
          12          25  -3.6399757305899654E-016
          12          26  -1.4488864522523537E-015
          12          27   7.1528136929222213E-014
          13           1  -1.5913850620431895E-014
          13           2   3.8972061567893334E-014
          13           3   2.0483614804334167E-014
          13           4   2.2551405187698902E-015
          13           5  0.30802895314960749     
          13           6   2.2116901682361959E-013
          13           7  -4.9904524956900919E-014
          13           8  -7.1817551905441376E-015
          13           9  -1.0300305817162079     
          13          10  -3.4412733218052224E-013
          13          11  -3.1363800445658724E-015
          13          12   8.6042284408502545E-016
          13          13   2.4941871687996136     
          13          14   6.5746983372534228E-014
          13          15   5.3290705182002923E-015
          13          16  -1.5785983631420534E-015
          13          17 -0.38069318577516353     
          13          18  -3.2968565892536751E-014
          13          19   6.4531713306416051E-016
          13          20   9.8844543661180335E-015
          13          21  0.23637341088523972     
          13          22  -6.8688279720757467E-014
          13          23   7.1513278649765542E-016
          13          24  -5.6002540365782052E-014
          13          25   4.0953033632050577E-015
          13          26   2.5099825925934127E-015
          13          27   1.3202789406989790E-014
          14           1   2.8289156215192297E-002
          14           2  -8.4658033779774197E-002
          14           3   9.2948430510379860E-015
          14           4   7.6019665866168704E-015
          14           5   7.4211673105688819E-015
          14           6   1.2984362549086277     
          14           7  -2.7678176050681482E-014
          14           8  -1.7786869407136081E-014
          14           9  -2.6431623268656570E-014
          14          10 -0.98837994619700653     
          14          11   1.3313522418741211E-014
          14          12   3.4327827039981374E-014
          14          13   6.5746983372534228E-014
          14          14   4.3497522077857145     
          14          15  -1.5866616969248848E-013
          14          16  -2.8274377368525606E-013
          14          17  -2.6362909072998670E-013
          14          18  -1.5108533645281612     
          14          19   1.2289221137088976E-013
          14          20   1.9245007123836110E-013
          14          21   1.1151291657287575E-013
          14          22 -0.37871725103860898     
          14          23  -3.6158947728411768E-016
          14          24 -0.37871725103871273     
          14          25  -1.2312986659166381E-014
          14          26  -5.2351245338101214E-015
          14          27 -0.37871725103924364     
          15           1  -3.2858130733599170E-015
          15           2   1.2179181271586758E-014
          15           3  -5.8240842396303720E-002
          15           4  -5.2403827804914316E-015
          15           5   1.6900543464704138E-015
          15           6  -4.7936725140155691E-014
          15           7  0.18845071545549269     
          15           8   8.7352000632813762E-015
          15           9   5.7766291750037734E-016
          15          10   3.4250844493431163E-014
          15          11 -0.38069318577515354     
          15          12  -1.9133999940033298E-015
          15          13   5.3290705182002923E-015
          15          14  -1.5866616969248848E-013
          15          15   6.0666589600853318E-002
          15          16   1.8975706422919735E-015
          15          17  -3.3046482217282890E-015
          15          18   5.6694818613978899E-014
          15          19  -3.7345091411339695E-002
          15          20   1.6672861008426968E-015
          15          21   2.3028454143563415E-015
          15          22  -2.5053729921264888E-013
          15          23   4.9751584247309995E-016
          15          24  -1.2909736568325506E-013
          15          25   7.6469536252543898E-015
          15          26   5.2216698438731125E-015
          15          27   4.1802597600887993E-013
          16           1   1.1727646295670373E-014
          16           2  -3.8517293991321707E-014
          16           3  -3.8707101759905328E-014
          16           4  -5.8240842396301271E-002
          16           5  -9.6884306133324141E-016
          16           6  -1.6113216132536317E-013
          16           7   1.0030257874271854E-013
          16           8  0.18845071545548861     
          16           9   8.0612599928652086E-015
          16          10   1.4416093467038453E-013
          16          11  -3.2890357104546401E-015
          16          12 -0.38069318577516181     
          16          13  -1.5785983631420534E-015
          16          14  -2.8274377368525606E-013
          16          15   1.8975706422919735E-015
          16          16   6.0666589600855220E-002
          16          17   2.9481625474566187E-015
          16          18   1.2202966892447606E-013
          16          19  -1.2431462109827730E-015
          16          20  -3.7345091411342374E-002
          16          21  -1.8422763315001629E-015
          16          22   3.9406572613145460E-013
          16          23  -2.0505549996738928E-015
          16          24   2.3500401991933219E-013
          16          25  -7.4179043787723448E-015
          16          26  -5.3167117607847857E-015
          16          27  -5.0567775459299117E-013
          17           1   3.6220258085298413E-014
          17           2  -1.1271090837393835E-013
          17           3   1.3917686447761644E-014
          17           4   9.1810239966034413E-016
          17           5  -5.8240842396297107E-002
          17           6  -1.4805940955492712E-013
          17           7  -3.5641628537418147E-014
          17           8   3.4867941867289070E-016
          17           9  0.18845071545546521     
          17          10   1.4932332054477431E-013
          17          11   1.3954115640755109E-014
          17          12  -1.3659212649846854E-014
          17          13 -0.38069318577516353     
          17          14  -2.6362909072998670E-013
          17          15  -3.3046482217282890E-015
          17          16   2.9481625474566187E-015
          17          17   6.0666589600855761E-002
          17          18   1.1201023695499101E-013
          17          19   1.3162214373875974E-015
          17          20  -3.1819165358340686E-015
          17          21  -3.7345091411339827E-002
          17          22   6.7070427090711422E-014
          17          23  -8.7833679894828598E-016
          17          24   4.9558782630885303E-014
          17          25  -9.8498610232382710E-015
          17          26   7.8247097531968519E-016
          17          27  -6.2748479974092318E-015
          18           1  -1.3223384885195508E-002
          18           2   4.4496075227898071E-002
          18           3  -3.0275334336737418E-014
          18           4  -8.9190114721772098E-015
          18           5  -6.3649619175158845E-015
          18           6 -0.56335357520861629     
          18           7   6.9851288720921196E-014
          18           8   1.5535696776631893E-014
          18           9   2.0097507125760813E-014
          18          10  0.45438837501175711     
          18          11  -1.3285529078653225E-014
          18          12  -5.7348263821693809E-015
          18          13  -3.2968565892536751E-014
          18          14  -1.5108533645281612     
          18          15   5.6694818613978899E-014
          18          16   1.2202966892447606E-013
          18          17   1.1201023695499101E-013
          18          18  0.55130578020530252     
          18          19  -4.5761675989375842E-014
          18          20  -8.1545796377066062E-014
          18          21  -4.9961687675072259E-014
          18          22  0.16024044472315080     
          18          23   8.6576703620992370E-016
          18          24  0.16024044472315768     
          18          25   4.7086874345670574E-015
          18          26   4.7470096863241045E-015
          18          27  0.16024044472325286     
          19           1   5.5269217045840029E-015
          19           2  -1.4695863505984658E-014
          19           3   3.5708958902876051E-002
          19           4   1.0144662887512447E-014
          19           5   1.9120989513954652E-015
          19           6   2.1829422706178573E-014
          19           7 -0.11569847421182197     
          19           8  -1.8999992551505381E-014
          19           9  -1.0314665788158319E-014
          19          10   8.9024828236339837E-015
          19          11  0.23637341088523867     
          19          12   1.0529771499195095E-015
          19          13   6.4531713306416051E-016
          19          14   1.2289221137088976E-013
          19          15  -3.7345091411339695E-002
          19          16  -1.2431462109827730E-015
          19          17   1.3162214373875974E-015
          19          18  -4.5761675989375842E-014
          19          19   2.3031662506950719E-002
          19          20  -9.1636767617715832E-016
          19          21  -9.6493993350839307E-016
          19          22   9.1409325533436504E-015
          19          23   3.8179185805640208E-016
          19          24   8.2750767031409003E-016
          19          25  -7.3394519200039690E-015
          19          26  -5.4078606665562310E-015
          19          27  -3.3832163596183006E-014
          20           1  -8.4174794239179911E-015
          20           2   2.5938854538928022E-014
          20           3   1.8391755132740836E-014
          20           4   3.5708958902846658E-002
          20           5   6.3555931351113681E-016
          20           6   9.4940652760141275E-014
          20           7  -4.7655022289428935E-014
          20           8 -0.11569847421174921     
          20           9  -8.2113135735368995E-015
          20          10  -6.0483071583106159E-014
          20          11  -1.2389395065424539E-014
          20          12  0.23637341088525576     
          20          13   9.8844543661180335E-015
          20          14   1.9245007123836110E-013
          20          15   1.6672861008426968E-015
          20          16  -3.7345091411342374E-002
          20          17  -3.1819165358340686E-015
          20          18  -8.1545796377066062E-014
          20          19  -9.1636767617715832E-016
          20          20   2.3031662506953259E-002
          20          21   1.9767174008844476E-015
          20          22  -2.4405637965823445E-013
          20          23   1.6546221908225739E-015
          20          24  -1.4700933828551227E-013
          20          25   5.0613215854681224E-015
          20          26   4.1019211419768381E-015
          20          27   3.1412092814310923E-013
          21           1  -2.9659148228923401E-014
          21           2   8.6631582648314504E-014
          21           3  -1.0344589768118591E-014
          21           4  -1.2886827022161282E-015
          21           5   3.5708958902843202E-002
          21           6   1.1571510005595590E-013
          21           7   2.5477883691670864E-014
          21           8  -7.9884016068790106E-016
          21           9 -0.11569847421172968     
          21          10  -1.3892672827905143E-013
          21          11  -9.4854679666403024E-015
          21          12   8.7672924475888388E-015
          21          13  0.23637341088523972     
          21          14   1.1151291657287575E-013
          21          15   2.3028454143563415E-015
          21          16  -1.8422763315001629E-015
          21          17  -3.7345091411339827E-002
          21          18  -4.9961687675072259E-014
          21          19  -9.6493993350839307E-016
          21          20   1.9767174008844476E-015
          21          21   2.3031662506949963E-002
          21          22  -1.0811399186830656E-013
          21          23   1.4146223359711746E-015
          21          24  -6.6727051472545155E-014
          21          25   8.3127328289675704E-015
          21          26   3.4716637531605817E-015
          21          27   1.0536076757275727E-013
          22           1   3.2296494454675060E-003
          22           2   4.1417067307044038E-002
          22           3   6.0190168895785070E-014
          22           4   1.0233324122272721E-013
          22           5  -4.5570597392423819E-014
          22           6 -0.62403603383745776     
          22           7  -2.2394094279779815E-013
          22           8  -2.9873975775974942E-013
          22           9   8.8551478233567020E-014
          22          10  0.45171395544631648     
          22          11  -1.4784855748145935E-013
          22          12  -5.9764406832993777E-014
          22          13  -6.8688279720757467E-014
          22          14 -0.37871725103860898     
          22          15  -2.5053729921264888E-013
          22          16   3.9406572613145460E-013
          22          17   6.7070427090711422E-014
          22          18  0.16024044472315080     
          22          19   9.1409325533436504E-015
          22          20  -2.4405637965823445E-013
          22          21  -1.0811399186830656E-013
          22          22   2.1260807199359575     
          22          23   2.4054013390409268E-013
          22          24 -0.87391928006413433     
          22          25  -2.7135821967558993E-012
          22          26  -1.3401449449257329E-013
          22          27 -0.87391928006429587     
          23           1   8.3045733011346724E-015
          23           2  -2.4031097021840628E-014
          23           3  -2.6673701864723044E-014
          23           4  -2.6931232836928883E-015
          23           5   6.5072332073500808E-016
          23           6  -1.9914085692971240E-014
          23           7   7.0091921533250290E-014
          23           8   1.1206399808472144E-014
          23           9  -1.5240086435719499E-015
          23          10   2.0206168510544851E-014
          23          11  -2.6284892133021398E-015
          23          12  -1.0572957571770605E-015
          23          13   7.1513278649765542E-016
          23          14  -3.6158947728411768E-016
          23          15   4.9751584247309995E-016
          23          16  -2.0505549996738928E-015
          23          17  -8.7833679894828598E-016
          23          18   8.6576703620992370E-016
          23          19   3.8179185805640208E-016
          23          20   1.6546221908225739E-015
          23          21   1.4146223359711746E-015
          23          22   2.4054013390409268E-013
          23          23   1.9999999999999991     
          23          24   1.5497696601680561E-013
          23          25  -9.4368957279985198E-016
          23          26  -4.6490589158410246E-016
          23          27  -3.7989490656210449E-013
          24           1   3.2296494454915965E-003
          24           2   4.1417067306972172E-002
          24           3   9.4824901354068682E-014
          24           4   6.3938699120812966E-014
          24           5  -3.0449739395715780E-014
          24           6 -0.62403603383734474     
          24           7  -3.1250797586912917E-013
          24           8  -1.9613965485470889E-013
          24           9   3.7524982312127117E-014
          24          10  0.45171395544628434     
          24          11  -6.8227989485551806E-014
          24          12  -3.9830526526504971E-014
          24          13  -5.6002540365782052E-014
          24          14 -0.37871725103871273     
          24          15  -1.2909736568325506E-013
          24          16   2.3500401991933219E-013
          24          17   4.9558782630885303E-014
          24          18  0.16024044472315768     
          24          19   8.2750767031409003E-016
          24          20  -1.4700933828551227E-013
          24          21  -6.6727051472545155E-014
          24          22 -0.87391928006413433     
          24          23   1.5497696601680561E-013
          24          24   2.1260807199357981     
          24          25  -1.3562475133095834E-012
          24          26  -6.0876132637852952E-014
          24          27 -0.87391928006433828     
          25           1   2.6271189265930835E-014
          25           2  -8.3813270408997498E-014
          25           3   2.5842865133864772E-014
          25           4   7.4044571873789380E-015
          25           5   4.1732220967581525E-015
          25           6  -3.8782218853395449E-014
          25           7  -6.6023104031771432E-014
          25           8  -1.7352006230813843E-014
          25           9  -1.0691610188083917E-014
          25          10   2.4394644658500972E-014
          25          11   1.6147719671785649E-015
          25          12  -3.6399757305899654E-016
          25          13   4.0953033632050577E-015
          25          14  -1.2312986659166381E-014
          25          15   7.6469536252543898E-015
          25          16  -7.4179043787723448E-015
          25          17  -9.8498610232382710E-015
          25          18   4.7086874345670574E-015
          25          19  -7.3394519200039690E-015
          25          20   5.0613215854681224E-015
          25          21   8.3127328289675704E-015
          25          22  -2.7135821967558993E-012
          25          23  -9.4368957279985198E-016
          25          24  -1.3562475133095834E-012
          25          25   2.0000000000000000     
          25          26   6.0194904638095093E-016
          25          27   4.1078754317647750E-012
          26           1   5.0768617197363034E-015
          26           2  -1.7613674450468151E-014
          26           3   8.1256700981345705E-015
          26           4   3.2282500631960616E-015
          26           5  -7.4199501546413996E-016
          26           6  -5.8870680462509007E-014
          26           7  -2.4138219590810228E-014
          26           8  -1.1509159094292840E-014
          26           9   3.1537244150962634E-016
          26          10   2.9680257507923477E-014
          26          11   2.4098770052558940E-015
          26          12  -1.4488864522523537E-015
          26          13   2.5099825925934127E-015
          26          14  -5.2351245338101214E-015
          26          15   5.2216698438731125E-015
          26          16  -5.3167117607847857E-015
          26          17   7.8247097531968519E-016
          26          18   4.7470096863241045E-015
          26          19  -5.4078606665562310E-015
          26          20   4.1019211419768381E-015
          26          21   3.4716637531605817E-015
          26          22  -1.3401449449257329E-013
          26          23  -4.6490589158410246E-016
          26          24  -6.0876132637852952E-014
          26          25   6.0194904638095093E-016
          26          26   2.0000000000000053     
          26          27   2.6107848818723812E-013
          27           1   3.2296494454753561E-003
          27           2   4.1417067307053211E-002
          27           3  -2.8733916802717081E-013
          27           4  -2.2299387577235961E-013
          27           5  -9.7564220901183336E-015
          27           6 -0.62403603383727013     
          27           7   5.6383131132214255E-013
          27           8   5.2538656492677432E-013
          27           9  -7.3270285942009584E-014
          27          10  0.45171395544652254     
          27          11   2.4775412649180952E-013
          27          12   7.1528136929222213E-014
          27          13   1.3202789406989790E-014
          27          14 -0.37871725103924364     
          27          15   4.1802597600887993E-013
          27          16  -5.0567775459299117E-013
          27          17  -6.2748479974092318E-015
          27          18  0.16024044472325286     
          27          19  -3.3832163596183006E-014
          27          20   3.1412092814310923E-013
          27          21   1.0536076757275727E-013
          27          22 -0.87391928006429587     
          27          23  -3.7989490656210449E-013
          27          24 -0.87391928006433828     
          27          25   4.1078754317647750E-012
          27          26   2.6107848818723812E-013
          27          27   2.1260807199354916     
