           1           1   2.1979407563425282     
           1           2 -0.72618776893292736     
           1           3  -4.5299343426978284E-014
           1           4  -8.7507500792733373E-014
           1           5   6.6562824417759284E-015
           1           6  0.24061195744985781     
           1           7   8.0208271054964302E-014
           1           8  -6.2346975058196073E-015
           1           9  -7.8724685742411904E-014
           1          10  -9.3590223887154017E-002
           1          11   5.4805647761385413E-014
           1          12   4.6516747194985084E-014
           1          13  -2.4864767828855589E-014
           1          14   7.9366172662480861E-003
           1          15  -9.4197577368241804E-015
           1          16   1.8451678819835857E-014
           1          17   1.7701652081261384E-014
           1          18   1.4420931517721043E-002
           1          19  -1.1901265911251770E-014
           1          20  -1.0518676994360181E-014
           1          21  -1.4387932148468165E-014
           1          22   1.8128816918632794E-002
           1          23   3.5276520136261949E-015
           1          24   1.8128816918725442E-002
           1          25   8.8476876792734023E-014
           1          26   5.0489406925383358E-014
           1          27   1.8128816918766937E-002
           2           1 -0.72618776893292736     
           2           2   2.6666968535671627     
           2           3   2.0046711203088785E-013
           2           4   2.3337248546983207E-013
           2           5  -1.4636686497042997E-013
           2           6  -1.0958485881549040     
           2           7  -2.3030936431613248E-013
           2           8  -4.9224341295374071E-014
           2           9   3.1308157671318669E-013
           2          10  0.39976469084440691     
           2          11  -6.2742490663772543E-014
           2          12  -7.8531860529422212E-014
           2          13   7.4310572314036753E-014
           2          14  -5.3674525245205468E-002
           2          15  -1.6621584155246894E-014
           2          16  -3.8865629814106304E-014
           2          17  -1.4866762472645248E-014
           2          18  -4.5312914110856126E-002
           2          19   1.7322368007108885E-014
           2          20   8.1070346540019216E-015
           2          21   1.5978480541651358E-014
           2          22  -3.0197494044315938E-002
           2          23   1.1431283693937591E-013
           2          24  -3.0197494044294278E-002
           2          25  -2.2308668543035616E-013
           2          26  -1.8080996832458263E-014
           2          27  -3.0197494044319921E-002
           3           1  -4.5299343426978284E-014
           3           2   2.0046711203088785E-013
           3           3   2.3845025760538499     
           3           4   5.5190661069070916E-014
           3           5  -5.8578576017656883E-014
           3           6  -5.5684756633306550E-013
           3           7  -1.0228096018555322     
           3           8  -1.5389425844780631E-013
           3           9   1.2019031603306378E-013
           3          10  -1.2611687819677818E-013
           3          11  0.27863931053395030     
           3          12   3.0728891653453363E-013
           3          13  -1.7093618187583551E-013
           3          14   4.6606403462746798E-014
           3          15   2.9690245282858428E-002
           3          16  -1.6493327970736148E-013
           3          17   7.4655993194214768E-015
           3          18  -1.1285939634827153E-013
           3          19  -1.4375734546489202E-002
           3          20   1.2820712373671272E-013
           3          21   5.2187746311935404E-014
           3          22   2.5293628650418315E-013
           3          23  -1.4129366523405295E-013
           3          24   6.9094392450436349E-014
           3          25  -1.8452221303533779E-013
           3          26   3.2363142609464118E-013
           3          27   9.0171222226225053E-014
           4           1  -8.7507500792733373E-014
           4           2   2.3337248546983207E-013
           4           3   5.5190661069070916E-014
           4           4   2.3845025760537792     
           4           5  -4.4661973772064252E-014
           4           6  -2.0503718616478142E-013
           4           7  -9.9103017459078306E-014
           4           8  -1.0228096018554904     
           4           9   9.4287425089767017E-014
           4          10  -5.9995964652515617E-014
           4          11   1.4791987079651517E-014
           4          12  0.27863931053404789     
           4          13  -7.2738690071182754E-014
           4          14   8.6261200534458263E-015
           4          15  -5.0444674479161547E-015
           4          16   2.9690245282921170E-002
           4          17   8.0307613857520236E-014
           4          18  -4.2343580414298929E-014
           4          19   5.1235166283202495E-014
           4          20  -1.4375734546694573E-002
           4          21  -2.5176746538263063E-014
           4          22  -5.3638843377192421E-014
           4          23   2.9573564904831419E-014
           4          24   6.8624878185517726E-014
           4          25  -3.0071991402937800E-013
           4          26   1.1902503139370583E-013
           4          27   1.1742603225605892E-013
           5           1   6.6562824417759284E-015
           5           2  -1.4636686497042997E-013
           5           3  -5.8578576017656883E-014
           5           4  -4.4661973772064252E-014
           5           5   2.3845025760537979     
           5           6   1.0034323109207616E-012
           5           7   1.5354210958219294E-013
           5           8   4.7859285978723853E-014
           5           9  -1.0228096018555566     
           5          10   1.6269793295510289E-014
           5          11  -1.4508533263682438E-013
           5          12   3.7643499428716909E-016
           5          13  0.27863931053414565     
           5          14  -1.9535638658374437E-013
           5          15  -1.5538568695555442E-014
           5          16  -1.0999708088822468E-013
           5          17   2.9690245282704971E-002
           5          18   2.1583668663060361E-013
           5          19   5.0800292792081067E-015
           5          20   1.1450850033806572E-013
           5          21  -1.4375734546620379E-002
           5          22   1.5218827682252842E-014
           5          23  -6.4544550788626036E-014
           5          24  -3.4051576514648155E-013
           5          25   2.7048159057994156E-013
           5          26  -1.9752788877140208E-013
           5          27  -5.3763465431015853E-013
           6           1  0.24061195744985781     
           6           2  -1.0958485881549040     
           6           3  -5.5684756633306550E-013
           6           4  -2.0503718616478142E-013
           6           5   1.0034323109207616E-012
           6           6   2.9859290392854820     
           6           7   1.3608804008534270E-012
           6           8   8.1688106138965983E-013
           6           9  -2.2232383406667422E-012
           6          10  -1.0211940649053424     
           6          11   1.4700110845323935E-013
           6          12   5.2418258406504256E-014
           6          13  -4.7454523436726639E-014
           6          14  0.13973773162590314     
           6          15  -1.0528136759796305E-014
           6          16   4.6676141266162847E-014
           6          17  -7.8863190294141794E-015
           6          18  0.10185479510278928     
           6          19  -4.3528536532522602E-014
           6          20   1.0386619452272906E-014
           6          21   3.3413283971968498E-014
           6          22  -4.4032110580000020E-002
           6          23  -4.6382080887736149E-014
           6          24  -4.4032110579838316E-002
           6          25   3.3415832266414468E-014
           6          26  -4.4904920642779009E-015
           6          27  -4.4032110579722478E-002
           7           1   8.0208271054964302E-014
           7           2  -2.3030936431613248E-013
           7           3  -1.0228096018555322     
           7           4  -9.9103017459078306E-014
           7           5   1.5354210958219294E-013
           7           6   1.3608804008534270E-012
           7           7   2.7397006710745888     
           7           8   3.3596216086895145E-013
           7           9  -3.3532204790635069E-013
           7          10   1.9158958874621028E-013
           7          11 -0.94068853965018251     
           7          12  -7.3389905264065737E-013
           7          13   4.4278469779623231E-013
           7          14  -2.6019548816163903E-013
           7          15  -6.5172020829824762E-002
           7          16   4.3299413533801839E-013
           7          17   9.8822859617325940E-014
           7          18   4.3182476257318347E-013
           7          19   2.8589235901223906E-002
           7          20  -4.4383290445606638E-013
           7          21  -9.7431611389967041E-014
           7          22  -5.7334605568238963E-013
           7          23   2.6529460503543886E-013
           7          24  -2.6531150684651109E-013
           7          25   6.2271694334453069E-013
           7          26  -6.8633027303804373E-013
           7          27  -1.6410693545702468E-013
           8           1  -6.2346975058196073E-015
           8           2  -4.9224341295374071E-014
           8           3  -1.5389425844780631E-013
           8           4  -1.0228096018554904     
           8           5   4.7859285978723853E-014
           8           6   8.1688106138965983E-013
           8           7   3.3596216086895145E-013
           8           8   2.7397006710747394     
           8           9  -7.5873335392272756E-014
           8          10   8.8761168918056085E-014
           8          11  -6.8570149558406712E-014
           8          12 -0.94068853965034127     
           8          13   2.0199814043664209E-013
           8          14  -1.7840418829844220E-014
           8          15   6.9594720611397878E-014
           8          16  -6.5172020829985383E-002
           8          17  -9.8318922447935830E-014
           8          18   1.7222335440712196E-013
           8          19  -1.4375187238488446E-013
           8          20   2.8589235901698033E-002
           8          21   4.8100629382318079E-014
           8          22  -4.2456117354377966E-014
           8          23  -4.0523462315763358E-014
           8          24  -2.8494257122481197E-013
           8          25   5.7587951948128319E-013
           8          26  -2.5572622366772768E-013
           8          27  -3.3853265431797048E-013
           9           1  -7.8724685742411904E-014
           9           2   3.1308157671318669E-013
           9           3   1.2019031603306378E-013
           9           4   9.4287425089767017E-014
           9           5  -1.0228096018555566     
           9           6  -2.2232383406667422E-012
           9           7  -3.3532204790635069E-013
           9           8  -7.5873335392272756E-014
           9           9   2.7397006710749094     
           9          10  -7.5393118118381164E-014
           9          11   3.5375868900909601E-013
           9          12   1.5043521983670492E-014
           9          13 -0.94068853965059862     
           9          14   3.8906370301055956E-013
           9          15   1.1970459345727011E-014
           9          16   2.4043570953650689E-013
           9          17  -6.5172020829494665E-002
           9          18  -4.1356743727460909E-013
           9          19   8.9967096271905826E-015
           9          20  -2.3517537743611281E-013
           9          21   2.8589235901549867E-002
           9          22  -1.6343617327880592E-013
           9          23   1.7898126653079984E-013
           9          24   7.0027014854762684E-013
           9          25  -7.1039276301409896E-013
           9          26   4.2317254537063075E-013
           9          27   1.2214573760586418E-012
          10           1  -9.3590223887154017E-002
          10           2  0.39976469084440691     
          10           3  -1.2611687819677818E-013
          10           4  -5.9995964652515617E-014
          10           5   1.6269793295510289E-014
          10           6  -1.0211940649053424     
          10           7   1.9158958874621028E-013
          10           8   8.8761168918056085E-014
          10           9  -7.5393118118381164E-014
          10          10   2.5862601914647634     
          10          11  -6.1920109250479192E-014
          10          12  -3.3393246404161241E-014
          10          13   4.2788044738343962E-014
          10          14 -0.49612974515790131     
          10          15  -4.1589129599173913E-014
          10          16  -2.0133592762461707E-013
          10          17   6.7682680936308795E-014
          10          18 -0.27061044502811260     
          10          19   1.4452328108295208E-013
          10          20  -4.1618817150451106E-014
          10          21  -5.5562008659836782E-014
          10          22  -5.7932332686814001E-003
          10          23   2.4979595887294498E-013
          10          24  -5.7932332681932160E-003
          10          25  -4.6699721262763505E-013
          10          26   6.9018541206889611E-014
          10          27  -5.7932332681548031E-003
          11           1   5.4805647761385413E-014
          11           2  -6.2742490663772543E-014
          11           3  0.27863931053395030     
          11           4   1.4791987079651517E-014
          11           5  -1.4508533263682438E-013
          11           6   1.4700110845323935E-013
          11           7 -0.94068853965018251     
          11           8  -6.8570149558406712E-014
          11           9   3.5375868900909601E-013
          11          10  -6.1920109250479192E-014
          11          11   2.2748591860546989     
          11          12   8.2572837456589624E-015
          11          13   7.3552275378415668E-015
          11          14   1.7922092530747253E-013
          11          15  0.12703441741888699     
          11          16  -1.1208308586768314E-013
          11          17   4.3586662058493962E-014
          11          18  -1.3969030254512151E-013
          11          19  -5.2661640488110409E-002
          11          20   1.1179056812072891E-013
          11          21   3.1959244278765301E-014
          11          22  -2.3198090045161689E-013
          11          23   2.8603620988227724E-013
          11          24   8.9941025272546449E-014
          11          25  -5.9065356189983185E-013
          11          26  -3.1344248631829478E-014
          11          27   6.7159031439445221E-014
          12           1   4.6516747194985084E-014
          12           2  -7.8531860529422212E-014
          12           3   3.0728891653453363E-013
          12           4  0.27863931053404789     
          12           5   3.7643499428716909E-016
          12           6   5.2418258406504256E-014
          12           7  -7.3389905264065737E-013
          12           8 -0.94068853965034127     
          12           9   1.5043521983670492E-014
          12          10  -3.3393246404161241E-014
          12          11   8.2572837456589624E-015
          12          12   2.2748591860547238     
          12          13  -5.7773230643934247E-014
          12          14  -1.9703853705393450E-013
          12          15  -2.6115394569115309E-014
          12          16  0.12703441741879345     
          12          17   9.1777280220047131E-014
          12          18  -5.1749484281750140E-014
          12          19   3.0655816427088330E-014
          12          20  -5.2661640488000358E-002
          12          21  -7.1294966458298456E-014
          12          22   4.2202590694317005E-015
          12          23   4.6792463304317597E-015
          12          24   3.2379157289267720E-015
          12          25  -5.1819647780346490E-014
          12          26  -5.2679646826524031E-014
          12          27   1.3172992013991972E-014
          13           1  -2.4864767828855589E-014
          13           2   7.4310572314036753E-014
          13           3  -1.7093618187583551E-013
          13           4  -7.2738690071182754E-014
          13           5  0.27863931053414565     
          13           6  -4.7454523436726639E-014
          13           7   4.4278469779623231E-013
          13           8   2.0199814043664209E-013
          13           9 -0.94068853965059862     
          13          10   4.2788044738343962E-014
          13          11   7.3552275378415668E-015
          13          12  -5.7773230643934247E-014
          13          13   2.2748591860548197     
          13          14  -8.8195838708655963E-014
          13          15  -7.1706529602206423E-014
          13          16   2.0736450750946842E-013
          13          17  0.12703441741870405     
          13          18   7.6837885429813413E-014
          13          19   2.6394251368139908E-014
          13          20  -2.3866195478194519E-013
          13          21  -5.2661640488040215E-002
          13          22   6.7420032473908074E-014
          13          23  -1.6099848557066822E-013
          13          24  -5.4785818719833324E-014
          13          25   3.4348478596932646E-013
          13          26   4.7351170199670653E-014
          13          27  -3.4590326568201407E-014
          14           1   7.9366172662480861E-003
          14           2  -5.3674525245205468E-002
          14           3   4.6606403462746798E-014
          14           4   8.6261200534458263E-015
          14           5  -1.9535638658374437E-013
          14           6  0.13973773162590314     
          14           7  -2.6019548816163903E-013
          14           8  -1.7840418829844220E-014
          14           9   3.8906370301055956E-013
          14          10 -0.49612974515790131     
          14          11   1.7922092530747253E-013
          14          12  -1.9703853705393450E-013
          14          13  -8.8195838708655963E-014
          14          14  0.94371507728918957     
          14          15   2.4188055135285944E-013
          14          16   4.7598525466302377E-013
          14          17  -1.3883374643573258E-013
          14          18  0.53549073529415736     
          14          19  -2.2534525550808779E-013
          14          20   1.2448844950575335E-013
          14          21  -9.7214257477197335E-015
          14          22   6.6227352914327727E-004
          14          23   7.4750616474603833E-013
          14          24   6.6227352987994581E-004
          14          25  -1.6316372334174821E-012
          14          26  -1.0438601399061164E-014
          14          27   6.6227352975226301E-004
          15           1  -9.4197577368241804E-015
          15           2  -1.6621584155246894E-014
          15           3   2.9690245282858428E-002
          15           4  -5.0444674479161547E-015
          15           5  -1.5538568695555442E-014
          15           6  -1.0528136759796305E-014
          15           7  -6.5172020829824762E-002
          15           8   6.9594720611397878E-014
          15           9   1.1970459345727011E-014
          15          10  -4.1589129599173913E-014
          15          11  0.12703441741888699     
          15          12  -2.6115394569115309E-014
          15          13  -7.1706529602206423E-014
          15          14   2.4188055135285944E-013
          15          15   7.2047116637507722E-003
          15          16  -1.0294065947892435E-014
          15          17  -1.7267003827275775E-015
          15          18   1.2175486642452685E-013
          15          19  -3.0018974590501602E-003
          15          20   9.0338842123817793E-015
          15          21   3.8495682336898585E-015
          15          22   3.2137474855433324E-013
          15          23  -5.2640007282495514E-013
          15          24  -2.0303678503315864E-013
          15          25   1.0805903779313370E-012
          15          26  -1.5033534030303342E-014
          15          27  -1.1540301311307224E-013
          16           1   1.8451678819835857E-014
          16           2  -3.8865629814106304E-014
          16           3  -1.6493327970736148E-013
          16           4   2.9690245282921170E-002
          16           5  -1.0999708088822468E-013
          16           6   4.6676141266162847E-014
          16           7   4.3299413533801839E-013
          16           8  -6.5172020829985383E-002
          16           9   2.4043570953650689E-013
          16          10  -2.0133592762461707E-013
          16          11  -1.1208308586768314E-013
          16          12  0.12703441741879345     
          16          13   2.0736450750946842E-013
          16          14   4.7598525466302377E-013
          16          15  -1.0294065947892435E-014
          16          16   7.2047116637422599E-003
          16          17   1.5675178169741204E-014
          16          18   2.7279454215398852E-013
          16          19   6.2625279305931106E-015
          16          20  -3.0018974590452167E-003
          16          21  -8.0499300801790724E-015
          16          22  -5.1517371941639456E-015
          16          23   2.9862090571539628E-014
          16          24   6.7222544946067015E-015
          16          25   2.6711026322700623E-014
          16          26   4.6516074972408646E-015
          16          27   4.4358584377312713E-015
          17           1   1.7701652081261384E-014
          17           2  -1.4866762472645248E-014
          17           3   7.4655993194214768E-015
          17           4   8.0307613857520236E-014
          17           5   2.9690245282704971E-002
          17           6  -7.8863190294141794E-015
          17           7   9.8822859617325940E-014
          17           8  -9.8318922447935830E-014
          17           9  -6.5172020829494665E-002
          17          10   6.7682680936308795E-014
          17          11   4.3586662058493962E-014
          17          12   9.1777280220047131E-014
          17          13  0.12703441741870405     
          17          14  -1.3883374643573258E-013
          17          15  -1.7267003827275775E-015
          17          16   1.5675178169741204E-014
          17          17   7.2047116637266855E-003
          17          18  -6.8041780576877838E-014
          17          19   5.0694582977098120E-016
          17          20  -1.3987088940564931E-014
          17          21  -3.0018974590428345E-003
          17          22  -3.3158513799245032E-013
          17          23   5.3540900491862420E-013
          17          24   2.1876049281337389E-013
          17          25  -1.1025535648374991E-012
          17          26   6.4676611504672270E-015
          17          27   1.0272851414702048E-013
          18           1   1.4420931517721043E-002
          18           2  -4.5312914110856126E-002
          18           3  -1.1285939634827153E-013
          18           4  -4.2343580414298929E-014
          18           5   2.1583668663060361E-013
          18           6  0.10185479510278928     
          18           7   4.3182476257318347E-013
          18           8   1.7222335440712196E-013
          18           9  -4.1356743727460909E-013
          18          10 -0.27061044502811260     
          18          11  -1.3969030254512151E-013
          18          12  -5.1749484281750140E-014
          18          13   7.6837885429813413E-014
          18          14  0.53549073529415736     
          18          15   1.2175486642452685E-013
          18          16   2.7279454215398852E-013
          18          17  -6.8041780576877838E-014
          18          18  0.30422688992749392     
          18          19  -1.2102767056514237E-013
          18          20   6.9790266544211373E-014
          18          21  -1.0612017928952664E-014
          18          22   3.0199235935897406E-005
          18          23  -7.4742474882484552E-013
          18          24   3.0199235117789360E-005
          18          25   1.5943371173708759E-012
          18          26  -2.1974835994669572E-014
          18          27   3.0199235193949738E-005
          19           1  -1.1901265911251770E-014
          19           2   1.7322368007108885E-014
          19           3  -1.4375734546489202E-002
          19           4   5.1235166283202495E-014
          19           5   5.0800292792081067E-015
          19           6  -4.3528536532522602E-014
          19           7   2.8589235901223906E-002
          19           8  -1.4375187238488446E-013
          19           9   8.9967096271905826E-015
          19          10   1.4452328108295208E-013
          19          11  -5.2661640488110409E-002
          19          12   3.0655816427088330E-014
          19          13   2.6394251368139908E-014
          19          14  -2.2534525550808779E-013
          19          15  -3.0018974590501602E-003
          19          16   6.2625279305931106E-015
          19          17   5.0694582977098120E-016
          19          18  -1.2102767056514237E-013
          19          19   1.2528496958287021E-003
          19          20  -4.7770828622606712E-015
          19          21  -1.5534177676547669E-015
          19          22  -7.9315780584525672E-014
          19          23   1.6363138770386930E-013
          19          24   4.6520151684516037E-014
          19          25  -2.7832282272329728E-013
          19          26   2.3832580090815110E-014
          19          27   3.0778003316072100E-014
          20           1  -1.0518676994360181E-014
          20           2   8.1070346540019216E-015
          20           3   1.2820712373671272E-013
          20           4  -1.4375734546694573E-002
          20           5   1.1450850033806572E-013
          20           6   1.0386619452272906E-014
          20           7  -4.4383290445606638E-013
          20           8   2.8589235901698033E-002
          20           9  -2.3517537743611281E-013
          20          10  -4.1618817150451106E-014
          20          11   1.1179056812072891E-013
          20          12  -5.2661640488000358E-002
          20          13  -2.3866195478194519E-013
          20          14   1.2448844950575335E-013
          20          15   9.0338842123817793E-015
          20          16  -3.0018974590452167E-003
          20          17  -1.3987088940564931E-014
          20          18   6.9790266544211373E-014
          20          19  -4.7770828622606712E-015
          20          20   1.2528496958266789E-003
          20          21   6.2894703551425905E-015
          20          22  -7.4508427719380222E-014
          20          23   8.9848844594971867E-014
          20          24   4.3379042246143967E-014
          20          25  -2.9463880078076526E-013
          20          26  -5.1904070764559323E-015
          20          27   2.8441574077142402E-014
          21           1  -1.4387932148468165E-014
          21           2   1.5978480541651358E-014
          21           3   5.2187746311935404E-014
          21           4  -2.5176746538263063E-014
          21           5  -1.4375734546620379E-002
          21           6   3.3413283971968498E-014
          21           7  -9.7431611389967041E-014
          21           8   4.8100629382318079E-014
          21           9   2.8589235901549867E-002
          21          10  -5.5562008659836782E-014
          21          11   3.1959244278765301E-014
          21          12  -7.1294966458298456E-014
          21          13  -5.2661640488040215E-002
          21          14  -9.7214257477197335E-015
          21          15   3.8495682336898585E-015
          21          16  -8.0499300801790724E-015
          21          17  -3.0018974590428345E-003
          21          18  -1.0612017928952664E-014
          21          19  -1.5534177676547669E-015
          21          20   6.2894703551425905E-015
          21          21   1.2528496958274073E-003
          21          22   2.8374044519126550E-013
          21          23  -4.3188335009108957E-013
          21          24  -1.8481936996862981E-013
          21          25   8.8826799430560815E-013
          21          26  -3.0268735322163310E-014
          21          27  -9.5371078371565726E-014
          22           1   1.8128816918632794E-002
          22           2  -3.0197494044315938E-002
          22           3   2.5293628650418315E-013
          22           4  -5.3638843377192421E-014
          22           5   1.5218827682252842E-014
          22           6  -4.4032110580000020E-002
          22           7  -5.7334605568238963E-013
          22           8  -4.2456117354377966E-014
          22           9  -1.6343617327880592E-013
          22          10  -5.7932332686814001E-003
          22          11  -2.3198090045161689E-013
          22          12   4.2202590694317005E-015
          22          13   6.7420032473908074E-014
          22          14   6.6227352914327727E-004
          22          15   3.2137474855433324E-013
          22          16  -5.1517371941639456E-015
          22          17  -3.3158513799245032E-013
          22          18   3.0199235935897406E-005
          22          19  -7.9315780584525672E-014
          22          20  -7.4508427719380222E-014
          22          21   2.8374044519126550E-013
          22          22   2.0018223803901933     
          22          23  -5.2875087925272789E-014
          22          24 -0.99817761960996476     
          22          25   9.7249539508663056E-014
          22          26  -1.0799432082221052E-014
          22          27 -0.99817761961000850     
          23           1   3.5276520136261949E-015
          23           2   1.1431283693937591E-013
          23           3  -1.4129366523405295E-013
          23           4   2.9573564904831419E-014
          23           5  -6.4544550788626036E-014
          23           6  -4.6382080887736149E-014
          23           7   2.6529460503543886E-013
          23           8  -4.0523462315763358E-014
          23           9   1.7898126653079984E-013
          23          10   2.4979595887294498E-013
          23          11   2.8603620988227724E-013
          23          12   4.6792463304317597E-015
          23          13  -1.6099848557066822E-013
          23          14   7.4750616474603833E-013
          23          15  -5.2640007282495514E-013
          23          16   2.9862090571539628E-014
          23          17   5.3540900491862420E-013
          23          18  -7.4742474882484552E-013
          23          19   1.6363138770386930E-013
          23          20   8.9848844594971867E-014
          23          21  -4.3188335009108957E-013
          23          22  -5.2875087925272789E-014
          23          23   1.9999999999999962     
          23          24  -3.9399755963885709E-014
          23          25   7.6327832942976183E-015
          23          26  -6.9631800325702750E-015
          23          27  -2.6979135875891388E-014
          24           1   1.8128816918725442E-002
          24           2  -3.0197494044294278E-002
          24           3   6.9094392450436349E-014
          24           4   6.8624878185517726E-014
          24           5  -3.4051576514648155E-013
          24           6  -4.4032110579838316E-002
          24           7  -2.6531150684651109E-013
          24           8  -2.8494257122481197E-013
          24           9   7.0027014854762684E-013
          24          10  -5.7932332681932160E-003
          24          11   8.9941025272546449E-014
          24          12   3.2379157289267720E-015
          24          13  -5.4785818719833324E-014
          24          14   6.6227352987994581E-004
          24          15  -2.0303678503315864E-013
          24          16   6.7222544946067015E-015
          24          17   2.1876049281337389E-013
          24          18   3.0199235117789360E-005
          24          19   4.6520151684516037E-014
          24          20   4.3379042246143967E-014
          24          21  -1.8481936996862981E-013
          24          22 -0.99817761960996476     
          24          23  -3.9399755963885709E-014
          24          24   2.0018223803898874     
          24          25   8.6175064838026261E-014
          24          26  -1.1360615126699633E-014
          24          27 -0.99817761961016616     
          25           1   8.8476876792734023E-014
          25           2  -2.2308668543035616E-013
          25           3  -1.8452221303533779E-013
          25           4  -3.0071991402937800E-013
          25           5   2.7048159057994156E-013
          25           6   3.3415832266414468E-014
          25           7   6.2271694334453069E-013
          25           8   5.7587951948128319E-013
          25           9  -7.1039276301409896E-013
          25          10  -4.6699721262763505E-013
          25          11  -5.9065356189983185E-013
          25          12  -5.1819647780346490E-014
          25          13   3.4348478596932646E-013
          25          14  -1.6316372334174821E-012
          25          15   1.0805903779313370E-012
          25          16   2.6711026322700623E-014
          25          17  -1.1025535648374991E-012
          25          18   1.5943371173708759E-012
          25          19  -2.7832282272329728E-013
          25          20  -2.9463880078076526E-013
          25          21   8.8826799430560815E-013
          25          22   9.7249539508663056E-014
          25          23   7.6327832942976183E-015
          25          24   8.6175064838026261E-014
          25          25   2.0000000000000067     
          25          26   1.3954115640757734E-014
          25          27   1.1295225641320510E-013
          26           1   5.0489406925383358E-014
          26           2  -1.8080996832458263E-014
          26           3   3.2363142609464118E-013
          26           4   1.1902503139370583E-013
          26           5  -1.9752788877140208E-013
          26           6  -4.4904920642779009E-015
          26           7  -6.8633027303804373E-013
          26           8  -2.5572622366772768E-013
          26           9   4.2317254537063075E-013
          26          10   6.9018541206889611E-014
          26          11  -3.1344248631829478E-014
          26          12  -5.2679646826524031E-014
          26          13   4.7351170199670653E-014
          26          14  -1.0438601399061164E-014
          26          15  -1.5033534030303342E-014
          26          16   4.6516074972408646E-015
          26          17   6.4676611504672270E-015
          26          18  -2.1974835994669572E-014
          26          19   2.3832580090815110E-014
          26          20  -5.1904070764559323E-015
          26          21  -3.0268735322163310E-014
          26          22  -1.0799432082221052E-014
          26          23  -6.9631800325702750E-015
          26          24  -1.1360615126699633E-014
          26          25   1.3954115640757734E-014
          26          26   2.0000000000000004     
          26          27   6.5712214444739576E-015
          27           1   1.8128816918766937E-002
          27           2  -3.0197494044319921E-002
          27           3   9.0171222226225053E-014
          27           4   1.1742603225605892E-013
          27           5  -5.3763465431015853E-013
          27           6  -4.4032110579722478E-002
          27           7  -1.6410693545702468E-013
          27           8  -3.3853265431797048E-013
          27           9   1.2214573760586418E-012
          27          10  -5.7932332681548031E-003
          27          11   6.7159031439445221E-014
          27          12   1.3172992013991972E-014
          27          13  -3.4590326568201407E-014
          27          14   6.6227352975226301E-004
          27          15  -1.1540301311307224E-013
          27          16   4.4358584377312713E-015
          27          17   1.0272851414702048E-013
          27          18   3.0199235193949738E-005
          27          19   3.0778003316072100E-014
          27          20   2.8441574077142402E-014
          27          21  -9.5371078371565726E-014
          27          22 -0.99817761961000850     
          27          23  -2.6979135875891388E-014
          27          24 -0.99817761961016616     
          27          25   1.1295225641320510E-013
          27          26   6.5712214444739576E-015
          27          27   2.0018223803897803     
