           1           1   2.1824880140763527     
           1           2 -0.68790623429594255     
           1           3   9.6762333544419120E-013
           1           4  -1.4164841201509598E-012
           1           5  -7.1118829482556149E-012
           1           6  0.59428060584625264     
           1           7  -2.0381332168942474E-013
           1           8  -6.9295629137435274E-014
           1           9   1.4212673752327915E-011
           1          10  0.10036709960216397     
           1          11  -1.0565248887366746E-012
           1          12   1.5017728446939506E-012
           1          13   8.2840905720761934E-013
           1          14  -5.0498254837891936E-003
           1          15   5.3340713552982694E-013
           1          16  -5.9066572415721090E-013
           1          17   6.3652479071155088E-013
           1          18   1.0506195416142774E-002
           1          19   9.2126073995111738E-013
           1          20  -8.7251338157019444E-013
           1          21   1.0059816229072531E-012
           1          22 -0.15340402462948893     
           1          23  -3.6584840375022427E-012
           1          24 -0.15247611439115319     
           1          25   9.9187846144657804E-011
           1          26   4.9446617912161948E-010
           1          27 -0.15368565800206063     
           1          28  -8.1730850713852415E-002
           1          29   5.6814905453356878E-012
           1          30  -8.3826729697302316E-002
           1          31  -3.0168481440087627E-010
           1          32  -1.2583357336060674E-009
           1          33  -8.0744233238852020E-002
           1          34   6.4005487201719332E-003
           1          35   4.3216597219645600E-012
           1          36   3.9349547146470508E-003
           1          37   1.0314817466687404E-010
           1          38  -6.4769406981511014E-010
           1          39   5.6184213266502496E-003
           2           1 -0.68790623429594255     
           2           2   2.7315900291337192     
           2           3  -9.4421431791877390E-013
           2           4   7.6036870450506753E-013
           2           5   2.2954245285982242E-011
           2           6  -1.1470408271834569     
           2           7   1.7761516026137445E-013
           2           8   4.7052735356760282E-013
           2           9  -5.3742681454602545E-011
           2          10  0.30246745762539862     
           2          11   1.4866867040751767E-012
           2          12  -2.4094465002937832E-012
           2          13   2.9297266453311668E-013
           2          14  -2.7116038859159128E-002
           2          15  -1.8374724173283090E-012
           2          16   2.1820058922639698E-012
           2          17  -3.0958670654549732E-012
           2          18  -2.9365552913307915E-002
           2          19  -2.6870921538284076E-012
           2          20   2.5302062999301310E-012
           2          21  -5.3176031789200801E-012
           2          22  -4.5351082674067927E-002
           2          23   1.1729831724424572E-011
           2          24  -4.8994745956331603E-002
           2          25  -4.0873888392884528E-010
           2          26  -1.9111297917799652E-009
           2          27  -4.4125702136005425E-002
           2          28   5.6902962953038844E-002
           2          29  -2.2991004390995303E-011
           2          30   6.5106206523323787E-002
           2          31   1.2321122386680575E-009
           2          32   4.8662378418000784E-009
           2          33   5.2721932965705737E-002
           2          34   1.1175600424565126E-003
           2          35  -1.5232377969255045E-011
           2          36   1.0859523925650356E-002
           2          37  -3.9940159174288603E-010
           2          38   2.4513460281001379E-009
           2          39   4.0825248140345348E-003
           3           1   9.6762333544419120E-013
           3           2  -9.4421431791877390E-013
           3           3   2.3655938970166615     
           3           4  -5.9768226626813843E-011
           3           5  -2.2461282530235017E-009
           3           6   6.0032820219948698E-013
           3           7  -1.0269576762768100     
           3           8   1.4383009171643544E-010
           3           9   5.4052043860613913E-009
           3          10  -6.5852085867276233E-013
           3          11  0.32504630548054608     
           3          12   5.3575659565493595E-012
           3          13   2.8795440214646512E-010
           3          14  -6.8595097171868394E-013
           3          15   2.9673800405183769E-002
           3          16  -5.7233228835056110E-012
           3          17  -3.2617235253997434E-010
           3          18  -2.6421236575602040E-012
           3          19  -1.3027323984479889E-002
           3          20   2.8421395021124456E-012
           3          21   1.2192116027701395E-010
           3          22   4.9121573811677317E-013
           3          23  -8.1345982423677260E-012
           3          24  -6.5636782954927861E-015
           3          25  -2.3234088815373197E-012
           3          26   6.8203650838576297E-012
           3          27  -2.4148842433917308E-013
           3          28   9.8233950539463966E-014
           3          29   1.1440083985863267E-012
           3          30   9.1290962562968516E-013
           3          31  -3.8080597504123601E-013
           3          32   4.5072676738049470E-013
           3          33   4.1323219713712316E-013
           3          34   4.9868772796564169E-013
           3          35   3.9256443342930235E-012
           3          36   8.3495662096873617E-013
           3          37   2.6083061160632223E-012
           3          38  -4.6484299308130463E-012
           3          39  -8.9246381718163506E-013
           4           1  -1.4164841201509598E-012
           4           2   7.6036870450506753E-013
           4           3  -5.9768226626813843E-011
           4           4   2.3655470313479667     
           4           5   1.2450425545737998E-011
           4           6  -2.0059963150968194E-013
           4           7   1.4326860348394937E-010
           4           8  -1.0267897936593011     
           4           9  -4.5040284313179281E-011
           4          10  -5.6394405862258789E-013
           4          11   4.2357389267939646E-012
           4          12  0.32466722527571246     
           4          13   9.8329228779925469E-011
           4          14   7.7269540969895188E-013
           4          15  -5.4882560848155740E-012
           4          16   3.0371662252133086E-002
           4          17  -1.8716282640865604E-010
           4          18   2.3948440260341973E-012
           4          19   4.0976315710669576E-012
           4          20  -1.3357058448418595E-002
           4          21   8.3365637914333836E-011
           4          22  -1.3551509033775169E-013
           4          23   1.0634358756650584E-011
           4          24  -2.1136408157151462E-013
           4          25   3.4955209652726389E-012
           4          26  -8.9423115035258947E-012
           4          27   1.4981090189542930E-013
           4          28  -1.2114775553434434E-013
           4          29  -1.9861216601291374E-012
           4          30  -6.3944714605979577E-013
           4          31   2.9429812056875105E-013
           4          32  -1.1000062608344863E-012
           4          33   1.3075317174540749E-012
           4          34  -7.5638794448228637E-013
           4          35  -4.9156060614435292E-012
           4          36  -1.7063196682336854E-012
           4          37  -2.0378802629618559E-012
           4          38   6.6723035103473054E-012
           4          39   1.7040358201653249E-012
           5           1  -7.1118829482556149E-012
           5           2   2.2954245285982242E-011
           5           3  -2.2461282530235017E-009
           5           4   1.2450425545737998E-011
           5           5   2.3654657441084499     
           5           6  -2.7087780075845840E-011
           5           7   5.4032538235567790E-009
           5           8  -4.2536058384320057E-011
           5           9  -1.0265013838400208     
           5          10   2.2596585416165401E-011
           5          11   2.9822378283655733E-010
           5          12   9.4344970786671142E-011
           5          13  0.32403395717099737     
           5          14   2.2929020040443676E-011
           5          15  -3.2478052450635179E-010
           5          16  -1.9506819236158724E-010
           5          17   3.1502185266648525E-002
           5          18  -1.5102716876719305E-011
           5          19   1.2542223382702527E-010
           5          20   8.3376863591904163E-011
           5          21  -1.3675443526790561E-002
           5          22  -1.0461404733269590E-011
           5          23   1.1821418493258416E-011
           5          24  -1.2462266794547256E-012
           5          25  -1.1985201311254530E-011
           5          26  -2.2580805819654875E-012
           5          27  -6.7776314059199564E-012
           5          28   2.9888567927456269E-012
           5          29  -5.4800849070711371E-012
           5          30  -1.3437424678518708E-011
           5          31   2.8850559570273940E-012
           5          32  -1.2080260891264477E-012
           5          33  -1.1025555714721918E-011
           5          34  -1.6265273448695348E-011
           5          35  -1.0527160713984343E-012
           5          36  -8.8517291400972249E-012
           5          37  -3.3225278614639106E-012
           5          38   3.3635312742698482E-012
           5          39  -1.1874150248900090E-012
           6           1  0.59428060584625264     
           6           2  -1.1470408271834569     
           6           3   6.0032820219948698E-013
           6           4  -2.0059963150968194E-013
           6           5  -2.7087780075845840E-011
           6           6   2.9724888088218919     
           6           7  -1.4812787622299409E-013
           6           8  -2.0983491370579820E-012
           6           9   6.4440251987639792E-011
           6          10 -0.88899088014093341     
           6          11  -2.9624099587645869E-012
           6          12   4.6288775967231815E-012
           6          13  -2.5223756883324829E-012
           6          14   6.6039579589480576E-002
           6          15   4.1582244920006475E-012
           6          16  -4.7483600002630933E-012
           6          17   6.5752428232210562E-012
           6          18   6.6746131638012338E-002
           6          19   6.1538662767601864E-012
           6          20  -5.2255767135426658E-012
           6          21   1.2349425451894715E-011
           6          22  -3.5007153387042821E-002
           6          23  -2.5726700756022619E-011
           6          24  -2.4980208274724067E-002
           6          25   8.0024594733340913E-010
           6          26   5.0190123807382416E-009
           6          27  -3.6600935952636762E-002
           6          28  -8.5145430073901351E-002
           6          29   6.2300386227965404E-011
           6          30 -0.10684163365803337     
           6          31  -2.8101507598081395E-009
           6          32  -1.2948781621599930E-008
           6          33  -7.6786310467288219E-002
           6          34  -3.6796976239912510E-003
           6          35   3.4457289121454317E-011
           6          36  -2.8736153207954151E-002
           6          37   1.1051942863927355E-009
           6          38  -6.8913850915046018E-009
           6          39  -1.2173018039581422E-002
           7           1  -2.0381332168942474E-013
           7           2   1.7761516026137445E-013
           7           3  -1.0269576762768100     
           7           4   1.4326860348394937E-010
           7           5   5.4032538235567790E-009
           7           6  -1.4812787622299409E-013
           7           7   2.9281741405880357     
           7           8  -3.4762415163154088E-010
           7           9  -1.2996024201244270E-008
           7          10  -8.5340306588567946E-013
           7          11  -1.2217081204663058     
           7          12  -1.0687603035660293E-011
           7          13  -8.9231477454890663E-010
           7          14   4.0457577718966407E-012
           7          15  -7.7063608780449863E-002
           7          16   1.1768307999535030E-011
           7          17   1.1391907694275265E-009
           7          18   6.2833892383721153E-012
           7          19   3.1647864587879881E-002
           7          20  -6.3284418669679263E-012
           7          21  -4.2823086118995234E-010
           7          22  -1.0164461138811688E-012
           7          23  -5.5991037244052315E-013
           7          24   7.6301540859434566E-013
           7          25  -5.7635187415116561E-013
           7          26   1.3470055001301264E-012
           7          27  -2.2872292772937304E-013
           7          28   7.2004978134618562E-013
           7          29   4.1141917772346289E-013
           7          30  -2.0945739273833172E-012
           7          31   1.5962489314648680E-013
           7          32   1.2736981599771356E-013
           7          33  -7.4908496049625383E-013
           7          34  -3.8673090846601224E-013
           7          35   5.2258514578513756E-013
           7          36   2.1407961456381998E-013
           7          37  -3.8049854370442801E-012
           7          38   3.0651365361936437E-013
           7          39   3.6975879792546005E-013
           8           1  -6.9295629137435274E-014
           8           2   4.7052735356760282E-013
           8           3   1.4383009171643544E-010
           8           4  -1.0267897936593011     
           8           5  -4.2536058384320057E-011
           8           6  -2.0983491370579820E-012
           8           7  -3.4762415163154088E-010
           8           8   2.9275727667255724     
           8           9   1.5335322115039416E-010
           8          10   6.7886838345225609E-012
           8          11  -1.1348585909195408E-011
           8          12  -1.2203506634002426     
           8          13  -3.4832416162893960E-010
           8          14  -4.8761036835983436E-012
           8          15   1.2856906084803953E-011
           8          16  -7.9550929500991643E-002
           8          17   6.5792126015565757E-010
           8          18  -4.9800512799992768E-012
           8          19  -6.4446327653973852E-012
           8          20   3.2826536170442761E-002
           8          21  -2.9265450469231758E-010
           8          22  -3.1624755692065354E-015
           8          23  -4.4801680890942027E-013
           8          24  -7.7025673767029311E-013
           8          25  -1.6177568315784975E-013
           8          26  -3.0349713677455173E-013
           8          27   1.2917348810293463E-012
           8          28  -6.1486308728828925E-013
           8          29   1.4768416601549221E-012
           8          30   1.5925062529072166E-012
           8          31   2.1438576185049347E-013
           8          32   1.1513110199146496E-012
           8          33  -4.9719048192884506E-012
           8          34   2.7422941296724335E-013
           8          35  -3.6531547763483916E-013
           8          36   1.0458887889475927E-012
           8          37  -2.2344410532391340E-013
           8          38  -4.1483358198247547E-012
           8          39  -2.2095713798178022E-012
           9           1   1.4212673752327915E-011
           9           2  -5.3742681454602545E-011
           9           3   5.4052043860613913E-009
           9           4  -4.5040284313179281E-011
           9           5  -1.0265013838400208     
           9           6   6.4440251987639792E-011
           9           7  -1.2996024201244270E-008
           9           8   1.5335322115039416E-010
           9           9   2.9265497192557284     
           9          10  -5.2770828504928134E-011
           9          11  -9.1903141163601162E-010
           9          12  -3.4010259295999381E-010
           9          13  -1.2181076378657021     
           9          14  -5.3146220857939499E-011
           9          15   1.1333219633089336E-009
           9          16   6.8282354126589175E-010
           9          17  -8.3500350456592903E-002
           9          18   4.3234032542740461E-011
           9          19  -4.3274581012507025E-010
           9          20  -2.9768272206852856E-010
           9          21   3.3942288027085030E-002
           9          22   2.5944636385824632E-011
           9          23  -2.8637086382674126E-011
           9          24   1.2306503041944584E-012
           9          25   3.2219602973633065E-011
           9          26   1.0197574905978283E-011
           9          27   1.7796152729040636E-011
           9          28  -1.0591806705294481E-011
           9          29   1.0513168769602182E-011
           9          30   3.3400698245781304E-011
           9          31  -6.3848686467162021E-012
           9          32   1.0349301270441143E-012
           9          33   2.5615978044353123E-011
           9          34   3.7717544697625049E-011
           9          35   5.7044534068567149E-012
           9          36   2.0667387725740587E-011
           9          37   6.0779806324912908E-012
           9          38  -1.1082107558117778E-011
           9          39   3.0823046864068293E-012
          10           1  0.10036709960216397     
          10           2  0.30246745762539862     
          10           3  -6.5852085867276233E-013
          10           4  -5.6394405862258789E-013
          10           5   2.2596585416165401E-011
          10           6 -0.88899088014093341     
          10           7  -8.5340306588567946E-013
          10           8   6.7886838345225609E-012
          10           9  -5.2770828504928134E-011
          10          10   2.5109730812458633     
          10          11   5.7602133193205182E-012
          10          12  -1.4701903017319797E-011
          10          13   6.1968908935633575E-012
          10          14 -0.16399266291639125     
          10          15  -1.0306662469921964E-011
          10          16   1.1347814573961017E-011
          10          17  -1.6544182365747610E-011
          10          18 -0.17808698917498370     
          10          19  -1.5606621158545048E-011
          10          20   1.3594778603681068E-011
          10          21  -3.1831479225683650E-011
          10          22  -1.2659118740231727E-002
          10          23   9.7475219342795196E-011
          10          24  -4.8620738613862235E-002
          10          25  -8.6605756543672656E-010
          10          26  -1.5579251121271815E-008
          10          27  -1.7555069097910513E-002
          10          28  -3.6201833008708058E-002
          10          29  -2.1383982675816436E-010
          10          30   3.9307761781013056E-002
          10          31   4.4676851346054942E-009
          10          32   3.8820881318122552E-008
          10          33  -3.8075644372639481E-002
          10          34  -1.4029433719163585E-002
          10          35  -1.3833519841896265E-010
          10          36   6.2778504366455407E-002
          10          37  -3.9719844073731016E-009
          10          38   2.2306680220432684E-008
          10          39   1.8172009751058649E-002
          11           1  -1.0565248887366746E-012
          11           2   1.4866867040751767E-012
          11           3  0.32504630548054608     
          11           4   4.2357389267939646E-012
          11           5   2.9822378283655733E-010
          11           6  -2.9624099587645869E-012
          11           7  -1.2217081204663058     
          11           8  -1.1348585909195408E-011
          11           9  -9.1903141163601162E-010
          11          10   5.7602133193205182E-012
          11          11   2.4664041666594603     
          11          12   2.7885372882348985E-012
          11          13   1.3397178919491737E-009
          11          14  -1.2516248992527517E-011
          11          15  0.13864690400649202     
          11          16  -4.6165434533514216E-012
          11          17  -2.2471235614764447E-009
          11          18  -1.3326202417899272E-011
          11          19  -5.6010625189278865E-002
          11          20   2.2501806791472909E-012
          11          21   8.4857945972077697E-010
          11          22   1.5870906467248618E-013
          11          23   6.4218664611548298E-012
          11          24  -7.0915703828925984E-013
          11          25   8.6661560296520751E-013
          11          26  -4.7926153055536433E-012
          11          27   7.0631321666135935E-013
          11          28   3.8602118847519332E-013
          11          29  -3.3178115350342312E-012
          11          30   2.5422071856815059E-012
          11          31   1.9810428853277921E-012
          11          32   2.1824601386228200E-013
          11          33   1.6735831795857217E-013
          11          34   1.2123274966089116E-012
          11          35  -2.7080419680536799E-012
          11          36  -7.3421072993482541E-013
          11          37   7.0044541676580056E-012
          11          38   2.3881231206365725E-012
          11          39  -9.2441034098175132E-013
          12           1   1.5017728446939506E-012
          12           2  -2.4094465002937832E-012
          12           3   5.3575659565493595E-012
          12           4  0.32466722527571246     
          12           5   9.4344970786671142E-011
          12           6   4.6288775967231815E-012
          12           7  -1.0687603035660293E-011
          12           8  -1.2203506634002426     
          12           9  -3.4010259295999381E-010
          12          10  -1.4701903017319797E-011
          12          11   2.7885372882348985E-012
          12          12   2.4633526543027702     
          12          13   7.6114578842354850E-010
          12          14   1.1340815932692062E-011
          12          15  -6.3321346815653231E-012
          12          16  0.14389368941593605     
          12          17  -1.3037409414475110E-009
          12          18   1.0870711065474598E-011
          12          19   2.0368671774712231E-012
          12          20  -5.8515479336197343E-002
          12          21   5.7965134133580873E-010
          12          22   7.0392747694976665E-013
          12          23  -7.7102920969238097E-012
          12          24   2.7802553914558562E-012
          12          25  -2.8083531184145934E-012
          12          26   6.9285035339203305E-012
          12          27  -3.7374293545351847E-012
          12          28   1.0105327653819234E-012
          12          29  -4.5746747082785510E-013
          12          30  -4.0815711447093942E-012
          12          31  -1.9351003858466115E-013
          12          32  -1.2346096780479824E-013
          12          33   1.0815437847004544E-011
          12          34   9.1496773469496268E-015
          12          35   4.4204995720034447E-012
          12          36  -1.7141219688271916E-012
          12          37   1.6292031351185076E-012
          12          38   5.4573068401518381E-012
          12          39   4.3804066084935487E-012
          13           1   8.2840905720761934E-013
          13           2   2.9297266453311668E-013
          13           3   2.8795440214646512E-010
          13           4   9.8329228779925469E-011
          13           5  0.32403395717099737     
          13           6  -2.5223756883324829E-012
          13           7  -8.9231477454890663E-010
          13           8  -3.4832416162893960E-010
          13           9  -1.2181076378657021     
          13          10   6.1968908935633575E-012
          13          11   1.3397178919491737E-009
          13          12   7.6114578842354850E-010
          13          13   2.4584804547775212     
          13          14  -2.6326266361303351E-011
          13          15  -2.2222308264063968E-009
          13          16  -1.3424493978723317E-009
          13          17  0.15169978840161530     
          13          18  -3.1777437083781860E-011
          13          19   8.4105296098307165E-010
          13          20   6.0961001245591286E-010
          13          21  -6.0732360547724323E-002
          13          22  -3.8558751645783712E-012
          13          23   3.0404952011433352E-013
          13          24   6.2483518471048182E-012
          13          25  -8.8781897200374337E-014
          13          26  -1.2624040414779403E-012
          13          27  -1.9020575968906183E-012
          13          28   1.5326223573223955E-011
          13          29   4.2356159960562072E-013
          13          30  -1.0737139030346167E-011
          13          31  -6.8658633727754467E-013
          13          32  -1.7116261518690262E-012
          13          33   7.8006858191616453E-012
          13          34   3.3720135480335085E-012
          13          35  -6.2212745508140124E-013
          13          36  -1.3453170145035403E-011
          13          37   4.7786285798132648E-012
          13          38  -1.4358923755851562E-012
          13          39   1.3877290160491897E-011
          14           1  -5.0498254837891936E-003
          14           2  -2.7116038859159128E-002
          14           3  -6.8595097171868394E-013
          14           4   7.7269540969895188E-013
          14           5   2.2929020040443676E-011
          14           6   6.6039579589480576E-002
          14           7   4.0457577718966407E-012
          14           8  -4.8761036835983436E-012
          14           9  -5.3146220857939499E-011
          14          10 -0.16399266291639125     
          14          11  -1.2516248992527517E-011
          14          12   1.1340815932692062E-011
          14          13  -2.6326266361303351E-011
          14          14  0.29881249929346670     
          14          15   2.3792457006045177E-011
          14          16  -2.1240998801236445E-011
          14          17   4.6198822924569870E-011
          14          18  0.32087988843097298     
          14          19   2.7861122849714162E-011
          14          20  -2.6322316420365858E-011
          14          21   5.8293034211091006E-011
          14          22   2.4253779725167137E-003
          14          23  -4.2220601989611719E-011
          14          24   2.6712371987132416E-002
          14          25   5.4128365382013789E-009
          14          26   9.9661758058974184E-009
          14          27  -2.4613947083163449E-002
          14          28  -8.5393890265928387E-003
          14          29   1.0850329237950570E-010
          14          30  -6.8020565164606084E-002
          14          31  -1.4271331994884870E-008
          14          32  -2.6083578445134477E-008
          14          33   6.2325787388077980E-002
          14          34  -4.0339621624134493E-003
          14          35   9.5250221188503604E-011
          14          36  -5.9103747253074192E-002
          14          37  -5.5174232750978087E-009
          14          38  -1.1012679756333954E-008
          14          39   2.7580858334957520E-002
          15           1   5.3340713552982694E-013
          15           2  -1.8374724173283090E-012
          15           3   2.9673800405183769E-002
          15           4  -5.4882560848155740E-012
          15           5  -3.2478052450635179E-010
          15           6   4.1582244920006475E-012
          15           7  -7.7063608780449863E-002
          15           8   1.2856906084803953E-011
          15           9   1.1333219633089336E-009
          15          10  -1.0306662469921964E-011
          15          11  0.13864690400649202     
          15          12  -6.3321346815653231E-012
          15          13  -2.2222308264063968E-009
          15          14   2.3792457006045177E-011
          15          15   7.9195915488654185E-003
          15          16  -5.7868153293015386E-013
          15          17  -2.6107120950124785E-010
          15          18   3.1597135490482483E-011
          15          19  -3.2014001595402335E-003
          15          20   2.5639083046309361E-013
          15          21   1.0386971115875946E-010
          15          22   5.6368832362820173E-012
          15          23  -4.2206637162591264E-012
          15          24  -1.7176717528456379E-012
          15          25   1.1037528727813195E-011
          15          26   1.0086231907533240E-012
          15          27  -3.7557880326918097E-012
          15          28  -1.6123353888549011E-011
          15          29   8.4451740092281803E-012
          15          30   3.2573592229679106E-012
          15          31  -2.9085350041698941E-011
          15          32  -3.7159901809592833E-013
          15          33   7.8505716784538816E-012
          15          34  -1.1670188356379424E-011
          15          35   6.3570263035000616E-012
          15          36   1.0235170903748218E-012
          15          37  -2.0443720512788963E-011
          15          38  -2.4303289682569085E-013
          15          39   3.4596362845379945E-012
          16           1  -5.9066572415721090E-013
          16           2   2.1820058922639698E-012
          16           3  -5.7233228835056110E-012
          16           4   3.0371662252133086E-002
          16           5  -1.9506819236158724E-010
          16           6  -4.7483600002630933E-012
          16           7   1.1768307999535030E-011
          16           8  -7.9550929500991643E-002
          16           9   6.8282354126589175E-010
          16          10   1.1347814573961017E-011
          16          11  -4.6165434533514216E-012
          16          12  0.14389368941593605     
          16          13  -1.3424493978723317E-009
          16          14  -2.1240998801236445E-011
          16          15  -5.7868153293015386E-013
          16          16   8.5578939447886557E-003
          16          17  -1.4360371125143502E-010
          16          18  -2.6284835942748777E-011
          16          19   2.0444979838717748E-013
          16          20  -3.4782914678044693E-003
          16          21   6.6105797694718587E-011
          16          22  -1.0271627372973092E-012
          16          23   3.7499205588564097E-012
          16          24  -7.6424246731727406E-012
          16          25   4.2870843637164164E-013
          16          26   9.8292590404416537E-012
          16          27   8.4914275094339897E-012
          16          28   3.8202417135472168E-012
          16          29  -7.3461994052439188E-012
          16          30   1.9786648338808294E-011
          16          31  -2.0374260743070348E-013
          16          32  -2.7403058135715324E-011
          16          33  -1.9856975352825882E-011
          16          34   2.6339614119718450E-012
          16          35  -5.3043947393860410E-012
          16          36   1.6084892365078400E-011
          16          37  -8.6281267306301429E-014
          16          38  -1.9502913371187611E-011
          16          39  -1.3501030266214618E-011
          17           1   6.3652479071155088E-013
          17           2  -3.0958670654549732E-012
          17           3  -3.2617235253997434E-010
          17           4  -1.8716282640865604E-010
          17           5   3.1502185266648525E-002
          17           6   6.5752428232210562E-012
          17           7   1.1391907694275265E-009
          17           8   6.5792126015565757E-010
          17           9  -8.3500350456592903E-002
          17          10  -1.6544182365747610E-011
          17          11  -2.2471235614764447E-009
          17          12  -1.3037409414475110E-009
          17          13  0.15169978840161530     
          17          14   4.6198822924569870E-011
          17          15  -2.6107120950124785E-010
          17          16  -1.4360371125143502E-010
          17          17   9.4512360065236983E-003
          17          18   6.8880982258417799E-011
          17          19   1.0380412312821866E-010
          17          20   6.5369318797286832E-011
          17          21  -3.7955145863219951E-003
          17          22   4.5037319141899544E-012
          17          23  -4.5921593408840556E-013
          17          24  -1.8264682424118071E-011
          17          25   5.5114737678752550E-012
          17          26  -5.1281245831539208E-012
          17          27   1.4022603807178719E-011
          17          28  -1.5270646448368340E-011
          17          29   2.1233556173901653E-013
          17          30   4.1953630067536967E-011
          17          31  -1.4298389764356732E-011
          17          32   1.4157956864491860E-011
          17          33  -3.9527593044540701E-011
          17          34  -1.1504964799859567E-011
          17          35   1.5207477599603487E-013
          17          36   2.8347436315069474E-011
          17          37  -9.9576496022653285E-012
          17          38   1.0294865681713933E-011
          17          39  -3.4940829873933499E-011
          18           1   1.0506195416142774E-002
          18           2  -2.9365552913307915E-002
          18           3  -2.6421236575602040E-012
          18           4   2.3948440260341973E-012
          18           5  -1.5102716876719305E-011
          18           6   6.6746131638012338E-002
          18           7   6.2833892383721153E-012
          18           8  -4.9800512799992768E-012
          18           9   4.3234032542740461E-011
          18          10 -0.17808698917498370     
          18          11  -1.3326202417899272E-011
          18          12   1.0870711065474598E-011
          18          13  -3.1777437083781860E-011
          18          14  0.32087988843097298     
          18          15   3.1597135490482483E-011
          18          16  -2.6284835942748777E-011
          18          17   6.8880982258417799E-011
          18          18  0.36491354979025220     
          18          19   3.1891609012811778E-011
          18          20  -3.0334931487791138E-011
          18          21   6.7304040216230539E-011
          18          22   1.3128642854527799E-002
          18          23  -1.8545573382110171E-011
          18          24   1.3932518395291318E-002
          18          25   6.0862905613260728E-009
          18          26  -3.9827617163715373E-009
          18          27  -2.5533471795630810E-002
          18          28  -4.2565350181451182E-002
          18          29   4.3826356478561468E-011
          18          30  -4.3335575256255490E-002
          18          31  -1.6017524129846900E-008
          18          32   8.7923648281441461E-009
          18          33   5.7509871493650999E-002
          18          34  -2.8776898094401190E-002
          18          35   5.2774374769717933E-011
          18          36  -4.2967688969397025E-002
          18          37  -5.7849878343118261E-009
          18          38   1.5967722825814238E-008
          18          39   1.9988097841856824E-002
          19           1   9.2126073995111738E-013
          19           2  -2.6870921538284076E-012
          19           3  -1.3027323984479889E-002
          19           4   4.0976315710669576E-012
          19           5   1.2542223382702527E-010
          19           6   6.1538662767601864E-012
          19           7   3.1647864587879881E-002
          19           8  -6.4446327653973852E-012
          19           9  -4.3274581012507025E-010
          19          10  -1.5606621158545048E-011
          19          11  -5.6010625189278865E-002
          19          12   2.0368671774712231E-012
          19          13   8.4105296098307165E-010
          19          14   2.7861122849714162E-011
          19          15  -3.2014001595402335E-003
          19          16   2.0444979838717748E-013
          19          17   1.0380412312821866E-010
          19          18   3.1891609012811778E-011
          19          19   1.2947818507263334E-003
          19          20  -9.4778349895339951E-014
          19          21  -4.1521144784200725E-011
          19          22  -1.5479885079902451E-013
          19          23  -3.2514415082685668E-013
          19          24   1.0388118126112808E-012
          19          25  -1.7956012885862470E-012
          19          26   1.0166327801014509E-012
          19          27  -7.5147967305786631E-013
          19          28  -3.2811601425699038E-013
          19          29  -2.1806853163263681E-012
          19          30  -3.4743499267046476E-012
          19          31   3.6237946385085619E-012
          19          32  -9.9383541547739816E-014
          19          33   1.2971925880210042E-012
          19          34  -2.4729427482134766E-014
          19          35  -1.5463495610898418E-012
          19          36  -3.4428378424869724E-012
          19          37   2.4841310217555553E-012
          19          38  -1.7208772446051232E-013
          19          39  -1.0003772512305738E-012
          20           1  -8.7251338157019444E-013
          20           2   2.5302062999301310E-012
          20           3   2.8421395021124456E-012
          20           4  -1.3357058448418595E-002
          20           5   8.3376863591904163E-011
          20           6  -5.2255767135426658E-012
          20           7  -6.3284418669679263E-012
          20           8   3.2826536170442761E-002
          20           9  -2.9768272206852856E-010
          20          10   1.3594778603681068E-011
          20          11   2.2501806791472909E-012
          20          12  -5.8515479336197343E-002
          20          13   6.0961001245591286E-010
          20          14  -2.6322316420365858E-011
          20          15   2.5639083046309361E-013
          20          16  -3.4782914678044693E-003
          20          17   6.5369318797286832E-011
          20          18  -3.0334931487791138E-011
          20          19  -9.4778349895339951E-014
          20          20   1.4147178396105289E-003
          20          21  -2.9658365947923395E-011
          20          22  -1.5475863472646813E-012
          20          23   1.7389411864944640E-012
          20          24   1.0178194921863844E-012
          20          25   9.2461071389992972E-013
          20          26  -3.3418091701476000E-012
          20          27   4.0697950390879994E-013
          20          28   4.5606543630384526E-012
          20          29   2.1737793332455957E-012
          20          30  -1.6969821575727266E-012
          20          31  -5.2448348211721029E-014
          20          32   2.6174134677707999E-012
          20          33  -4.7679130158395916E-013
          20          34   3.1575016798545041E-012
          20          35   1.3463226114048146E-012
          20          36  -4.8439281467649751E-013
          20          37  -1.3178408448221208E-013
          20          38   1.9126359538747821E-012
          20          39   1.7077344575778412E-012
          21           1   1.0059816229072531E-012
          21           2  -5.3176031789200801E-012
          21           3   1.2192116027701395E-010
          21           4   8.3365637914333836E-011
