           1           1   2.2084080101762802     
           1           2 -0.79421540611637298     
           1           3  -7.6812169030245240E-014
           1           4  -9.5003943125050321E-014
           1           5  -2.0346730998860798E-014
           1           6  0.32947616581202088     
           1           7  -3.9946652028936875E-014
           1           8   1.3131522630314216E-014
           1           9   2.0457028844419562E-014
           1          10 -0.41246234945384191     
           1          11   9.5240971653231490E-015
           1          12  -2.0364092873379084E-014
           1          13  -1.5781620301969418E-014
           1          14   1.0662396187981024E-002
           1          15  -1.7729148095977271E-015
           1          16  -1.0380651527034677E-014
           1          17   7.8590784979168875E-015
           1          18  -3.4447434387070365E-003
           1          19  -4.6969833363192439E-015
           1          20   7.9392540436962904E-016
           1          21  -9.3360019888389923E-015
           1          22   2.1910527607827301E-002
           1          23  -1.1524147894978420E-014
           1          24   2.2025716989257142E-002
           1          25   8.4404259301822873E-015
           1          26   1.4566651786634230E-014
           1          27   2.2296384715103354E-002
           1          28  0.12477122408939297     
           1          29   1.7627647181116494E-014
           1          30  0.12433589897625789     
           1          31  -2.1310300143027408E-014
           1          32  -8.8492946815495806E-015
           1          33  0.12331740079898781     
           1          34  -6.5915646069772890E-003
           1          35  -5.3593278385519975E-015
           1          36  -6.5177221470405526E-003
           1          37   3.9233885999877083E-015
           1          38   4.2718758488239570E-015
           1          39  -6.3460447745254398E-003
           2           1 -0.79421540611637298     
           2           2   3.1317908185950301     
           2           3   2.1374376174409102E-013
           2           4   2.9142436029713763E-013
           2           5   6.6023561639565320E-014
           2           6 -0.55086805706645570     
           2           7   1.4208348252179850E-013
           2           8  -5.0825871433563944E-014
           2           9  -7.9535478248029722E-014
           2          10   2.2716743690510972     
           2          11  -4.1336772518631311E-014
           2          12   7.5183011242203593E-014
           2          13   6.5746689120197430E-014
           2          14  -7.9564649774497731E-002
           2          15   6.9554140739777601E-015
           2          16   4.3288746375120882E-014
           2          17  -2.6457194206727370E-014
           2          18   2.4664916573457877E-002
           2          19   1.6113873888616390E-014
           2          20   6.0097105800439422E-015
           2          21   3.5381692215893396E-014
           2          22 -0.53860696272439279     
           2          23   4.0071486720839421E-014
           2          24 -0.53909107159057068     
           2          25  -3.4206489971798015E-014
           2          26  -5.4821366385261586E-014
           2          27 -0.54022802287529159     
           2          28 -0.72670566139063852     
           2          29  -7.5014060173880722E-014
           2          30 -0.72488888683375696     
           2          31   8.1801836613948594E-014
           2          32   2.9970596014441832E-014
           2          33 -0.72063930827284783     
           2          34   4.7565153983054921E-002
           2          35   1.7097447345239507E-014
           2          36   4.7254638610828119E-002
           2          37  -1.5596115138947508E-014
           2          38  -1.5657022208194339E-014
           2          39   4.6533025908841168E-002
           3           1  -7.6812169030245240E-014
           3           2   2.1374376174409102E-013
           3           3   2.3692452343977175     
           3           4  -7.4828550908363297E-013
           3           5  -1.0149681254512745E-012
           3           6   4.2854129789302164E-013
           3           7  -1.0396028181181216     
           3           8   1.9184891078018320E-012
           3           9   2.6007850513300477E-012
           3          10   2.5244263055238133E-013
           3          11  0.35304478231595193     
           3          12  -1.1875540286019760E-014
           3          13  -2.3794326222710472E-013
           3          14  -2.5687832751190135E-013
           3          15  -5.0284303321696519E-002
           3          16  -8.1599518348085139E-014
           3          17  -2.6734563234607765E-014
           3          18   1.1338773861924296E-013
           3          19   2.7256156964469588E-002
           3          20   1.4978240005250730E-013
           3          21   6.5794100020813221E-015
           3          22   8.4683896239579522E-014
           3          23  -6.1824884518781942E-014
           3          24  -2.7092062696090538E-013
           3          25   9.0950092627386533E-014
           3          26   9.8300385311394053E-014
           3          27  -1.9333291682257104E-013
           3          28  -2.3395310277879159E-013
           3          29   9.6852388468511280E-014
           3          30  -1.2839013488121086E-014
           3          31   7.1033024708817915E-014
           3          32   2.9611376570719103E-014
           3          33  -6.3251945628037327E-014
           3          34   3.9832734881219666E-015
           3          35  -6.8815185162140015E-014
           3          36   1.0676861071848163E-014
           3          37  -1.1501567447135760E-013
           3          38  -9.9390707607941057E-014
           3          39   1.6738361941466053E-013
           4           1  -9.5003943125050321E-014
           4           2   2.9142436029713763E-013
           4           3  -7.4828550908363297E-013
           4           4   2.3692464304641723     
           4           5  -4.8412651848873374E-014
           4           6   3.1297832992925642E-014
           4           7   1.9653918661143853E-012
           4           8  -1.0396078932243795     
           4           9   1.2542617837205426E-013
           4          10   1.1083931651468439E-013
           4          11  -5.0914464687538076E-014
           4          12  0.35305926032571028     
           4          13   1.5592173264086498E-014
           4          14  -1.0247113352888425E-013
           4          15   2.0090412808231610E-014
           4          16  -5.0316492254406181E-002
           4          17   1.3792140379448323E-014
           4          18   3.9825379471686654E-014
           4          19  -1.3398636861705769E-014
           4          20   2.7264739890437470E-002
           4          21  -7.6726491804796810E-015
           4          22   2.8459738441767215E-014
           4          23  -4.3732358913767391E-014
           4          24  -1.1830306119087739E-013
           4          25  -1.0864744531852114E-013
           4          26  -2.2192798724498702E-014
           4          27   2.8778356565878324E-014
           4          28  -5.4047773864895432E-014
           4          29  -1.9412922292496442E-015
           4          30  -4.0179919015037324E-014
           4          31   2.0960262831378741E-014
           4          32   3.3485050512079375E-015
           4          33  -4.6955945167912238E-014
           4          34   3.1281444763759174E-014
           4          35  -8.6623700488764400E-015
           4          36   3.7675520854820767E-014
           4          37  -7.9022848685054291E-015
           4          38   4.2265609656961851E-015
           4          39   4.6262316246204577E-014
           5           1  -2.0346730998860798E-014
           5           2   6.6023561639565320E-014
           5           3  -1.0149681254512745E-012
           5           4  -4.8412651848873374E-014
           5           5   2.3692490571648550     
           5           6  -5.4898893200522651E-014
           5           7   2.6232535032427655E-012
           5           8   1.2174515985008767E-013
           5           9  -1.0396190542701107     
           5          10   1.3892170772682653E-013
           5          11  -1.2848837365089577E-013
           5          12   1.3513784384244043E-014
           5          13  0.35309115668535218     
           5          14   1.1234775673363195E-014
           5          15   4.2391582940284197E-014
           5          16   6.5506963206441463E-015
           5          17  -5.0387272825022339E-002
           5          18  -9.4408566757467215E-015
           5          19  -2.2801499900516972E-014
           5          20  -4.6564404282820435E-015
           5          21   2.7283521346512858E-002
           5          22  -2.2622798718987519E-013
           5          23   3.3164242228931657E-014
           5          24   2.0492751951040582E-013
           5          25   2.1561566996521591E-014
           5          26  -8.9651000749916977E-016
           5          27   3.0923165790717588E-016
           5          28  -3.1055269964696684E-014
           5          29   7.8368272539551826E-015
           5          30  -5.4643530125397812E-014
           5          31   4.7790700596489393E-015
           5          32  -3.8794937282691394E-015
           5          33  -3.7111907389254013E-014
           5          34  -6.6068474268678240E-016
           5          35  -2.4278200114138731E-015
           5          36   5.6429942042992168E-015
           5          37  -5.7841549465738720E-015
           5          38  -1.7738122528187616E-015
           5          39  -2.4291250853121919E-015
           6           1  0.32947616581202088     
           6           2 -0.55086805706645570     
           6           3   4.2854129789302164E-013
           6           4   3.1297832992925642E-014
           6           5  -5.4898893200522651E-014
           6           6   2.0808553825542222     
           6           7  -9.0381949419307602E-014
           6           8   2.0099571168913518E-014
           6           9   1.5877364083535896E-013
           6          10  -3.2079272103671181     
           6          11   7.2613542312830011E-014
           6          12  -1.2362341469959824E-013
           6          13  -1.4972276542014650E-013
           6          14   9.0018234962114779E-002
           6          15  -1.6923512074389164E-014
           6          16  -8.5805304309403606E-014
           6          17   5.4594220089712646E-014
           6          18  -2.8775479596138603E-002
           6          19  -3.5677202857723582E-014
           6          20  -1.8153375492616355E-014
           6          21  -7.2473234025188383E-014
           6          22  0.21889258061104280     
           6          23  -1.2067612043728005E-013
           6          24  0.21961653740666717     
           6          25   1.6292438573143627E-014
           6          26   8.6837706371859699E-014
           6          27  0.22134053551158833     
           6          28  0.97766935021442880     
           6          29   1.3935258494209629E-013
           6          30  0.97403345916281725     
           6          31  -1.4138601687233504E-013
           6          32  -5.8285527546253954E-014
           6          33  0.96553070197737800     
           6          34  -5.5935173274672692E-002
           6          35  -2.9662706183465667E-014
           6          36  -5.5309131669826372E-002
           6          37   2.4520495962775037E-014
           6          38   2.6104776217723914E-014
           6          39  -5.3854653666261409E-002
           7           1  -3.9946652028936875E-014
           7           2   1.4208348252179850E-013
           7           3  -1.0396028181181216     
           7           4   1.9653918661143853E-012
           7           5   2.6232535032427655E-012
           7           6  -9.0381949419307602E-014
           7           7   2.9715695186100790     
           7           8  -5.0428554744977463E-012
           7           9  -6.6748716554979318E-012
           7          10   2.0124333232025240E-013
           7          11  -1.3157818410839410     
           7          12   1.5957435810542393E-013
           7          13   3.2725404050566082E-013
           7          14  -1.6805101648047268E-013
           7          15  0.17358630691660296     
           7          16  -1.1478692347681178E-013
           7          17  -8.0365846346082120E-014
           7          18   8.2654549822948028E-014
           7          19  -9.4401996552421680E-002
           7          20   5.9557336966993890E-014
           7          21   4.1706943949426027E-014
           7          22  -2.9482134512619324E-013
           7          23  -9.3755038137504785E-015
           7          24   1.2467408399049667E-013
           7          25  -2.9865620930622046E-013
           7          26   6.4768844625411857E-015
           7          27  -2.5783559214553826E-014
           7          28  -7.7411789187495773E-014
           7          29  -1.0244288064663774E-015
           7          30  -8.1926335893785282E-014
           7          31   2.2204647626871867E-014
           7          32   1.8839561892920275E-014
           7          33  -3.5432038324983701E-014
           7          34   2.1724396197755434E-015
           7          35  -3.0384226757441429E-014
           7          36   7.0349856694417871E-014
           7          37   3.9020486089696755E-014
           7          38   6.7520660444008720E-015
           7          39   3.7311694260942331E-014
           8           1   1.3131522630314216E-014
           8           2  -5.0825871433563944E-014
           8           3   1.9184891078018320E-012
           8           4  -1.0396078932243795     
           8           5   1.2174515985008767E-013
           8           6   2.0099571168913518E-014
           8           7  -5.0428554744977463E-012
           8           8   2.9715910103337313     
           8           9  -3.1950710541093272E-013
           8          10  -2.0824964801843616E-013
           8          11   1.4535921267852414E-013
           8          12  -1.3158432549718826     
           8          13  -5.1374039838014063E-014
           8          14   1.3878914109308064E-013
           8          15  -7.7181499184099253E-014
           8          16  0.17373141061156538     
           8          17  -1.9993818513504414E-014
           8          18  -6.6473760920855230E-014
           8          19   4.5366180026302585E-014
           8          20  -9.4446231475802334E-002
           8          21   8.5342742684792495E-015
           8          22   3.2890115707690183E-014
           8          23   1.4492976482922818E-013
           8          24   1.4052172874196466E-013
           8          25   2.9553890205414537E-013
           8          26   4.5673285792946307E-014
           8          27  -9.5537411568590981E-014
           8          28   6.0957641248961626E-014
           8          29   3.5136056813919374E-014
           8          30   3.8632066870748734E-014
           8          31  -2.4919994563864630E-014
           8          32  -3.4414106102466356E-014
           8          33   6.4671490099062427E-014
           8          34  -7.6256029150221782E-017
           8          35   7.1752590921798932E-015
           8          36  -5.0134561241624816E-014
           8          37  -2.5690469790226395E-014
           8          38  -8.2659417366712614E-016
           8          39  -4.6512927375382433E-014
           9           1   2.0457028844419562E-014
           9           2  -7.9535478248029722E-014
           9           3   2.6007850513300477E-012
           9           4   1.2542617837205426E-013
           9           5  -1.0396190542701107     
           9           6   1.5877364083535896E-013
           9           7  -6.6748716554979318E-012
           9           8  -3.1950710541093272E-013
           9           9   2.9716383337963519     
           9          10  -4.0746717817921331E-013
           9          11   3.3712189936017708E-013
           9          12  -5.3742347905378842E-014
           9          13  -1.3159787204790820     
           9          14  -5.7063062530409956E-014
           9          15  -1.0678536826609886E-013
           9          16  -8.6318006314560126E-015
           9          17  0.17405147443239405     
           9          18   3.3965376188428116E-014
           9          19   5.6762194475944717E-014
           9          20   4.6495635203981404E-015
           9          21  -9.4543687683705885E-002
           9          22   5.9670170877389430E-013
           9          23  -6.6447954788007824E-014
           9          24  -5.5807058727741480E-013
           9          25  -6.0243486681190436E-014
           9          26  -1.3893911392348145E-015
           9          27  -3.2426022961754925E-015
           9          28   8.3546256746377476E-014
           9          29  -2.7223223622773278E-014
           9          30   1.5649144633241256E-013
           9          31  -6.6196847089997649E-015
           9          32   1.0513338045636775E-014
           9          33   1.0164564264902942E-013
           9          34   1.2975788470405651E-014
           9          35   9.4255325447747718E-015
           9          36  -6.9184121162729233E-015
           9          37   6.3922599734562886E-015
           9          38   4.6984237359214768E-015
           9          39   2.0604610779266951E-014
          10           1 -0.41246234945384191     
          10           2   2.2716743690510972     
          10           3   2.5244263055238133E-013
          10           4   1.1083931651468439E-013
          10           5   1.3892170772682653E-013
          10           6  -3.2079272103671181     
          10           7   2.0124333232025240E-013
          10           8  -2.0824964801843616E-013
          10           9  -4.0746717817921331E-013
          10          10   17.292672186069513     
          10          11  -3.7486940666807054E-013
          10          12   5.1820575213114082E-013
          10          13   6.4608720709634565E-013
          10          14 -0.30392140580584737     
          10          15   1.1843930722978653E-013
          10          16   3.6081919849641750E-013
          10          17  -1.5521523466596176E-013
          10          18  0.10381366314537990     
          10          19   1.6096097412449239E-013
          10          20   1.7297977423748332E-013
          10          21   3.1715688083994995E-013
          10          22 -0.74097386932606979     
          10          23   3.4892160882741882E-013
          10          24 -0.74475559771599631     
          10          25  -1.5421079153024647E-013
          10          26  -2.3177736015620927E-013
          10          27 -0.75370648960161590     
          10          28  -5.0213643485217485     
          10          29  -6.6734181170961458E-013
          10          30  -5.0040438336851807     
          10          31   6.8549251910417192E-013
          10          32   2.7393956556622786E-013
          10          33  -4.9635942512857953     
          10          34  0.19067928754511276     
          10          35   8.4229083508477720E-014
          10          36  0.18757588065472680     
          10          37  -1.1428048022564255E-013
          10          38  -1.4919128249143695E-013
          10          39  0.18038261949466319     
          11           1   9.5240971653231490E-015
          11           2  -4.1336772518631311E-014
          11           3  0.35304478231595193     
          11           4  -5.0914464687538076E-014
          11           5  -1.2848837365089577E-013
          11           6   7.2613542312830011E-014
          11           7  -1.3157818410839410     
          11           8   1.4535921267852414E-013
          11           9   3.3712189936017708E-013
          11          10  -3.7486940666807054E-013
          11          11   2.6600592835428962     
          11          12   1.2027498906742855E-013
          11          13  -7.1842146014764994E-014
          11          14   1.7706991267978045E-015
          11          15 -0.28374067207767828     
          11          16   3.3219764651762365E-015
          11          17   8.9009290552652161E-015
          11          18   6.1238058003328224E-016
          11          19  0.15628150595489268     
          11          20  -4.8615078119944620E-015
          11          21  -6.6998205633696998E-015
          11          22  -8.5250761717794053E-014
          11          23  -4.3189693611442770E-014
          11          24   2.9572008312153988E-014
          11          25   1.3050576716003642E-014
          11          26  -6.4552936033200510E-017
          11          27   9.2402332787957337E-014
          11          28   1.5130446223225119E-013
          11          29  -1.4719386388897593E-014
          11          30   6.4321961114683000E-014
          11          31   3.5365615402838895E-014
          11          32  -1.5313290688940347E-014
          11          33   5.4900553122663585E-014
          11          34  -1.7859750024462731E-014
          11          35   1.2003230914880780E-014
          11          36  -4.6030764921666030E-015
          11          37  -1.2249389938809711E-014
          11          38   3.9511905467150800E-015
          11          39   5.4662914075554672E-015
          12           1  -2.0364092873379084E-014
          12           2   7.5183011242203593E-014
          12           3  -1.1875540286019760E-014
          12           4  0.35305926032571028     
          12           5   1.3513784384244043E-014
          12           6  -1.2362341469959824E-013
          12           7   1.5957435810542393E-013
          12           8  -1.3158432549718826     
          12           9  -5.3742347905378842E-014
          12          10   5.1820575213114082E-013
          12          11   1.2027498906742855E-013
          12          12   2.6602348641899223     
          12          13   1.6149096060327332E-013
          12          14  -4.4248806874942797E-014
          12          15  -9.4095313174408802E-015
          12          16 -0.28415373533232058     
          12          17  -9.2859257655252881E-015
          12          18   2.2252953002443940E-014
          12          19   1.2283076314864676E-014
          12          20  0.15642686680407425     
          12          21   1.0368240732119947E-014
          12          22  -1.9936093439563502E-013
          12          23  -2.5821319106941910E-015
          12          24   6.7598011026052878E-014
          12          25  -2.4354002453231138E-014
          12          26  -2.1758498213588403E-014
          12          27   7.2149973016258107E-014
          12          28  -1.3153376601322576E-013
          12          29  -8.1535268663794587E-014
          12          30  -6.7857165285254867E-014
          12          31  -2.6644062465926606E-014
          12          32   6.1455202852926107E-014
          12          33  -1.4935028765733729E-013
          12          34  -7.0579413889713816E-015
          12          35   2.4056898061088155E-014
          12          36   1.0256751135905823E-014
          12          37   8.8617073987904315E-015
          12          38  -6.5969650092304044E-015
          12          39   3.3024777100544512E-014
          13           1  -1.5781620301969418E-014
          13           2   6.5746689120197430E-014
          13           3  -2.3794326222710472E-013
          13           4   1.5592173264086498E-014
          13           5  0.35309115668535218     
          13           6  -1.4972276542014650E-013
          13           7   3.2725404050566082E-013
          13           8  -5.1374039838014063E-014
          13           9  -1.3159787204790820     
          13          10   6.4608720709634565E-013
          13          11  -7.1842146014764994E-014
          13          12   1.6149096060327332E-013
          13          13   2.6606228685929096     
          13          14   3.6499484467930731E-014
          13          15   4.5806342541123765E-015
          13          16  -1.9662744729424682E-014
          13          17 -0.28506827098845755     
          13          18  -2.4343590390787888E-014
          13          19  -9.9894829864057874E-015
          13          20   1.4445393672286373E-014
          13          21  0.15674910051725516     
          13          22  -2.8145595266759470E-013
          13          23   3.4207955114163921E-014
          13          24   1.6590830839160794E-013
          13          25   1.1228429462391281E-014
          13          26   8.8645470041322315E-015
          13          27   9.2108986123389626E-014
          13          28  -1.4412957556064579E-013
          13          29   6.1237318456546486E-014
          13          30  -2.1448367708676925E-013
          13          31   7.9575880275907844E-016
          13          32  -2.2949939098118063E-014
          13          33  -1.5182158940418286E-013
          13          34   7.8588540887319222E-015
          13          35  -2.7630005462735612E-014
          13          36   3.8555339123460280E-015
          13          37  -2.0117936460995282E-016
          13          38   2.0889017698156043E-015
          13          39  -1.5222439097514574E-014
          14           1   1.0662396187981024E-002
          14           2  -7.9564649774497731E-002
          14           3  -2.5687832751190135E-013
          14           4  -1.0247113352888425E-013
          14           5   1.1234775673363195E-014
          14           6   9.0018234962114779E-002
          14           7  -1.6805101648047268E-013
          14           8   1.3878914109308064E-013
          14           9  -5.7063062530409956E-014
          14          10 -0.30392140580584737     
          14          11   1.7706991267978045E-015
          14          12  -4.4248806874942797E-014
          14          13   3.6499484467930731E-014
          14          14   7.9712726229746213E-003
          14          15  -3.4957798600610419E-015
          14          16   4.9489415763391080E-015
          14          17  -3.9612722803687587E-015
          14          18  -2.4859639366164882E-003
          14          19   4.4306189014175495E-016
          14          20  -4.4792568024773553E-015
          14          21   5.6527340180283115E-016
          14          22   2.4884899661854840E-002
          14          23  -3.8257874637212932E-014
          14          24   2.4826400401718685E-002
          14          25  -3.1226413917144191E-015
          14          26   1.2912348477392752E-014
          14          27   2.4698603157154476E-002
          14          28   9.4884919063434409E-002
          14          29   2.2182699532692993E-014
          14          30   9.4777965034220257E-002
          14          31   3.8304052708056489E-014
          14          32  -2.2939746324986613E-014
          14          33   9.4527320928875128E-002
          14          34  -4.5964253547830522E-003
          14          35  -4.2975773285421649E-015
          14          36  -4.5791498699483861E-003
          14          37  -5.4705724390597263E-015
          14          38   5.2401694176376316E-015
          14          39  -4.5387907267540805E-003
          15           1  -1.7729148095977271E-015
          15           2   6.9554140739777601E-015
          15           3  -5.0284303321696519E-002
          15           4   2.0090412808231610E-014
          15           5   4.2391582940284197E-014
          15           6  -1.6923512074389164E-014
          15           7  0.17358630691660296     
          15           8  -7.7181499184099253E-014
          15           9  -1.0678536826609886E-013
          15          10   1.1843930722978653E-013
          15          11 -0.28374067207767828     
          15          12  -9.4095313174408802E-015
          15          13   4.5806342541123765E-015
          15          14  -3.4957798600610419E-015
          15          15   3.2914276921760723E-002
          15          16  -1.8362114727736713E-015
          15          17  -1.3180291349534592E-015
          15          18   1.4835900969434177E-015
          15          19  -1.7885800677195664E-002
          15          20   1.4090639858247329E-015
          15          21   8.8408441700056186E-016
          15          22  -5.3005245888519846E-014
          15          23   4.2528335139539873E-015
          15          24   1.3420588427078043E-013
          15          25  -2.2569565235352222E-014
          15          26  -4.3188408453220671E-015
          15          27  -9.1395661121444012E-014
          15          28  -2.6603009060935273E-014
          15          29   6.2315586958871594E-015
          15          30  -3.8229722478975596E-014
          15          31   6.6134055721366814E-015
          15          32  -6.3425613167112752E-015
          15          33  -2.3546585109829141E-014
          15          34   2.6395637704754608E-017
          15          35  -2.6674665762653461E-015
          15          36   6.0548955821564213E-015
          15          37  -6.2094653221237579E-016
          15          38   8.3214022712085955E-016
          15          39  -1.0366115438331645E-015
          16           1  -1.0380651527034677E-014
          16           2   4.3288746375120882E-014
          16           3  -8.1599518348085139E-014
          16           4  -5.0316492254406181E-002
          16           5   6.5506963206441463E-015
          16           6  -8.5805304309403606E-014
          16           7  -1.1478692347681178E-013
          16           8  0.17373141061156538     
          16           9  -8.6318006314560126E-015
          16          10   3.6081919849641750E-013
          16          11   3.3219764651762365E-015
          16          12 -0.28415373533232058     
          16          13  -1.9662744729424682E-014
          16          14   4.9489415763391080E-015
          16          15  -1.8362114727736713E-015
          16          16   3.2976123291585717E-002
          16          17   1.4349866208980912E-015
          16          18  -2.4133444232969490E-015
          16          19   1.7719598793653746E-016
          16          20  -1.7914748195503476E-002
          16          21  -1.4198579305601705E-015
          16          22   2.8080745141718038E-014
          16          23   2.0447988119810544E-014
          16          24  -3.9781327179503226E-014
          16          25   8.7372913564599356E-015
          16          26   1.4969188695995843E-015
          16          27  -1.2551813419716284E-014
          16          28  -8.8681729462079597E-014
          16          29  -3.2320299235569212E-015
          16          30  -9.4660029201250116E-014
          16          31  -1.2865635852604837E-014
          16          32   4.6982416644083773E-015
          16          33  -8.2596144783230631E-014
          16          34   4.4682425322991333E-015
          16          35  -8.0460029129606341E-016
          16          36   3.9535743764237110E-016
          16          37   1.4417368918485415E-015
          16          38  -1.4350580089659740E-015
          16          39  -2.1153376456384123E-015
          17           1   7.8590784979168875E-015
          17           2  -2.6457194206727370E-014
          17           3  -2.6734563234607765E-014
          17           4   1.3792140379448323E-014
          17           5  -5.0387272825022339E-002
          17           6   5.4594220089712646E-014
          17           7  -8.0365846346082120E-014
          17           8  -1.9993818513504414E-014
          17           9  0.17405147443239405     
          17          10  -1.5521523466596176E-013
          17          11   8.9009290552652161E-015
          17          12  -9.2859257655252881E-015
          17          13 -0.28506827098845755     
          17          14  -3.9612722803687587E-015
          17          15  -1.3180291349534592E-015
          17          16   1.4349866208980912E-015
          17          17   3.3113911397655002E-002
          17          18   2.7362861544291582E-015
          17          19   1.6034070888008574E-015
          17          20  -1.0823371610424234E-015
          17          21  -1.7979163258261207E-002
          17          22   2.6634621336076125E-013
          17          23  -5.2922122098782690E-014
          17          24  -2.9134277349582344E-013
          17          25   2.0057374468588716E-015
          17          26   6.3529037262311418E-015
          17          27   3.8250420071178107E-014
          17          28   2.8310400418330895E-014
          17          29   1.5845719956730948E-014
          17          30   5.7195561426628936E-014
          17          31   1.2474636568767163E-014
          17          32  -1.9759788572047048E-014
          17          33   3.6233727427242919E-014
          17          34   3.3904522480572798E-015
          17          35  -1.3003166302507552E-015
          17          36  -6.9183897459865211E-015
          17          37  -3.2020154379445542E-015
          17          38   3.9655219644043195E-015
          17          39   2.4428820015658913E-015
          18           1  -3.4447434387070365E-003
          18           2   2.4664916573457877E-002
          18           3   1.1338773861924296E-013
          18           4   3.9825379471686654E-014
          18           5  -9.4408566757467215E-015
          18           6  -2.8775479596138603E-002
          18           7   8.2654549822948028E-014
          18           8  -6.6473760920855230E-014
          18           9   3.3965376188428116E-014
          18          10  0.10381366314537990     
          18          11   6.1238058003328224E-016
          18          12   2.2252953002443940E-014
          18          13  -2.4343590390787888E-014
          18          14  -2.4859639366164882E-003
          18          15   1.4835900969434177E-015
          18          16  -2.4133444232969490E-015
          18          17   2.7362861544291582E-015
          18          18   7.9268940684533483E-004
          18          19   2.5859455239032733E-017
          18          20   2.4736484618387430E-015
          18          21  -6.1169804664137807E-016
          18          22  -7.6344513111975430E-003
          18          23   2.8800923342656292E-014
          18          24  -7.6276300332492062E-003
          18          25  -5.6225584022516716E-015
          18          26  -6.0960093235972779E-015
          18          27  -7.6141753360405105E-003
          18          28  -3.1706752477012670E-002
          18          29  -1.0024771416502625E-016
          18          30  -3.1644207617646969E-002
          18          31  -9.2073277890748974E-015
          18          32   2.7852030793590330E-015
          18          33  -3.1497919944561463E-002
          18          34   1.4706431274592309E-003
          18          35   6.0316836578181282E-016
          18          36   1.4599198452096463E-003
          18          37   7.8302382452355558E-016
          18          38  -9.1494058772974383E-016
          18          39   1.4349835790970155E-003
          19           1  -4.6969833363192439E-015
          19           2   1.6113873888616390E-014
          19           3   2.7256156964469588E-002
          19           4  -1.3398636861705769E-014
          19           5  -2.2801499900516972E-014
          19           6  -3.5677202857723582E-014
          19           7  -9.4401996552421680E-002
          19           8   4.5366180026302585E-014
          19           9   5.6762194475944717E-014
          19          10   1.6096097412449239E-013
          19          11  0.15628150595489268     
          19          12   1.2283076314864676E-014
          19          13  -9.9894829864057874E-015
          19          14   4.4306189014175495E-016
          19          15  -1.7885800677195664E-002
          19          16   1.7719598793653746E-016
          19          17   1.6034070888008574E-015
          19          18   2.5859455239032733E-017
          19          19   9.7416299297602756E-003
          19          20  -3.2110276275416751E-016
          19          21  -9.5575056085110607E-016
          19          22  -2.2452174608635744E-014
          19          23  -2.4624425989850303E-014
          19          24  -8.3850343505186005E-014
          19          25   1.2175423322907112E-014
          19          26   2.8478743847484258E-015
          19          27   9.8530669026880780E-014
          19          28  -3.8752689493220868E-014
          19          29   1.8433437602431169E-015
          19          30  -3.3848222069205234E-014
          19          31  -2.4346662152120526E-015
          19          32   3.8059176612642338E-015
          19          33  -4.2808170374113363E-014
          19          34   6.1236169002261679E-016
          19          35   4.2950258684796471E-016
          19          36  -1.8356182419156493E-015
          19          37   4.6381130360193722E-016
          19          38  -2.7230443115100703E-016
          19          39   3.0347937702221644E-015
          20           1   7.9392540436962904E-016
          20           2   6.0097105800439422E-015
          20           3   1.4978240005250730E-013
          20           4   2.7264739890437470E-002
          20           5  -4.6564404282820435E-015
          20           6  -1.8153375492616355E-014
          20           7   5.9557336966993890E-014
          20           8  -9.4446231475802334E-002
          20           9   4.6495635203981404E-015
          20          10   1.7297977423748332E-013
          20          11  -4.8615078119944620E-015
          20          12  0.15642686680407425     
          20          13   1.4445393672286373E-014
          20          14  -4.4792568024773553E-015
          20          15   1.4090639858247329E-015
          20          16  -1.7914748195503476E-002
          20          17  -1.0823371610424234E-015
          20          18   2.4736484618387430E-015
          20          19  -3.2110276275416751E-016
          20          20   9.7542591885289645E-003
          20          21   9.3768041561309048E-016
          20          22   2.4878105861985784E-014
          20          23  -4.5864543983127233E-014
          20          24   5.4306402314437270E-014
          20          25  -4.4666810412151377E-015
          20          26  -9.0898391236426319E-017
          20          27  -8.6755638003174658E-014
          20          28  -4.8596856335699229E-014
          20          29   5.2281358352661527E-015
          20          30  -3.4731202039547369E-014
          20          31   8.9112285478173699E-015
          20          32  -7.5133216759402655E-015
          20          33  -3.6573731900801157E-014
          20          34   2.1154531435300740E-015
          20          35  -6.9521869362745443E-016
          20          36   2.2203681458129410E-015
          20          37  -1.1399875412611688E-015
          20          38   1.3300479380462952E-015
          20          39   9.7477828747383659E-016
          21           1  -9.3360019888389923E-015
          21           2   3.5381692215893396E-014
          21           3   6.5794100020813221E-015
          21           4  -7.6726491804796810E-015
