           1           1   2.1698058710412029     
           1           2 -0.66414783595824445     
           1           3  -6.1103010290961829E-015
           1           4  -2.3912426753775248E-014
           1           5   9.3607554760279989E-015
           1           6   5.0342132825175835E-002
           1           7   3.3475964337122805E-015
           1           8   1.3279738708532349E-014
           1           9  -5.8339233969548606E-015
           1          10   1.6134205797478457E-002
           1          11   9.2621309434549784E-015
           1          12  -3.3811424053634763E-015
           1          13  -2.4737492102961890E-015
           1          14  -7.3308177423981671E-003
           1          15  -7.9991126216013981E-015
           1          16   3.9997976578999588E-015
           1          17   4.7470195080057806E-015
           1          18   7.8412932153169926E-002
           1          19   3.7860647363107143E-016
           1          20   7.8412932153178364E-002
           1          21  -1.7278144197079140E-015
           1          22   5.9301837541147203E-016
           1          23   7.8412932153180903E-002
           1          24  -3.0006059845217991E-003
           1          25   2.6509777115040895E-015
           1          26  -3.0006059845316185E-003
           1          27  -1.5171527357011091E-015
           1          28   3.8191833259607269E-015
           1          29  -3.0006059845258779E-003
           2           1 -0.66414783595824445     
           2           2   2.6068145156927027     
           2           3   1.4275889955850123E-014
           2           4   4.9886186056145548E-014
           2           5  -3.0725688272302345E-014
           2           6   3.9586460325098161E-002
           2           7  -1.2167786186734115E-014
           2           8  -1.5641123900321356E-014
           2           9   1.0348396274508588E-014
           2          10  -7.5792777997478647E-002
           2          11  -2.4640847241481707E-014
           2          12  -8.0486463660085731E-016
           2          13   1.1220557465802809E-014
           2          14   3.6257933789145595E-002
           2          15   1.5413038834521850E-014
           2          16  -2.6371544758131908E-015
           2          17  -1.9874777852455652E-014
           2          18 -0.45146683226296941     
           2          19   4.2433397305321096E-015
           2          20 -0.45146683226298318     
           2          21   4.5930542453777358E-015
           2          22  -1.0740875534125725E-014
           2          23 -0.45146683226300083     
           2          24   7.8114361962455942E-003
           2          25  -7.8870348935364356E-015
           2          26   7.8114361962663050E-003
           2          27   1.8076549507362581E-015
           2          28   2.8780376389445295E-015
           2          29   7.8114361962586792E-003
           3           1  -6.1103010290961829E-015
           3           2   1.4275889955850123E-014
           3           3   2.2346300171435036     
           3           4   2.6714741530042957E-016
           3           5  -1.5699247457590223E-016
           3           6  -2.0077315265077044E-014
           3           7 -0.73239464889954964     
           3           8  -1.2281842209915834E-015
           3           9   9.8532293435483136E-016
           3          10  -8.7815064785502141E-015
           3          11   6.4204813432202329E-002
           3          12  -2.2876665839444360E-016
           3          13  -9.7469775306446864E-015
           3          14   8.4816361621181785E-016
           3          15  -3.6781100164146346E-002
           3          16   5.1495266384371503E-015
           3          17   1.0641878003814220E-014
           3          18  -1.7100390452569034E-015
           3          19  -9.4301994703406311E-015
           3          20   6.0211426099048833E-015
           3          21  -3.2152974881515495E-015
           3          22   4.1930606484462460E-016
           3          23   6.7869632211531028E-015
           3          24   6.9480323814888462E-015
           3          25  -1.2043690079015086E-015
           3          26  -7.0400347826217499E-016
           3          27  -8.4815294563038432E-016
           3          28   7.8267848286479562E-016
           3          29   8.6327175998423146E-015
           4           1  -2.3912426753775248E-014
           4           2   4.9886186056145548E-014
           4           3   2.6714741530042957E-016
           4           4   2.2346300171435027     
           4           5   1.1418817280617329E-015
           4           6   4.2737372301208444E-015
           4           7  -2.3314683517128335E-015
           4           8 -0.73239464889954919     
           4           9  -1.1718057080223310E-015
           4          10  -1.2471623672687907E-015
           4          11   2.6790635682116815E-015
           4          12   6.4204813432195529E-002
           4          13  -4.2191727542273405E-016
           4          14  -7.8476843568845194E-016
           4          15  -2.4951828797581411E-015
           4          16  -3.6781100164138103E-002
           4          17   1.5075289107324692E-015
           4          18  -6.8963453898293301E-015
           4          19  -8.5499716708962096E-017
           4          20  -9.1904441843803966E-017
           4          21  -2.3612449510122156E-016
           4          22   3.8907241220902545E-015
           4          23   1.3381795413190615E-016
           4          24   1.1025618361054814E-015
           4          25   4.9415924462180141E-016
           4          26  -1.3009502762488949E-016
           4          27   2.0287879383516353E-016
           4          28   4.1961337043725743E-016
           4          29  -1.1862261279428906E-015
           5           1   9.3607554760279989E-015
           5           2  -3.0725688272302345E-014
           5           3  -1.5699247457590223E-016
           5           4   1.1418817280617329E-015
           5           5   2.2346300171434983     
           5           6  -9.4934719053002322E-015
           5           7   6.1062266354384004E-016
           5           8  -1.1180292802670510E-015
           5           9 -0.73239464889954298     
           5          10  -5.4968282740258177E-015
           5          11  -3.3042145408668233E-015
           5          12  -1.3254371558635286E-015
           5          13   6.4204813432193919E-002
           5          14   7.1993059458163698E-015
           5          15   2.5428877753475029E-015
           5          16  -1.2878153404782814E-015
           5          17  -3.6781100164141163E-002
           5          18   1.3667072582072396E-014
           5          19   2.8000533266504505E-015
           5          20   6.9866387451396139E-015
           5          21  -4.8742888696046229E-015
           5          22  -6.8499985347773487E-015
           5          23  -7.5636586038940152E-015
           5          24  -3.9575600715470686E-015
           5          25  -6.0050235987442869E-016
           5          26   3.1154977932122564E-015
           5          27  -3.4956582014538504E-017
           5          28   4.5508497349491372E-016
           5          29  -1.1508064956795322E-015
           6           1   5.0342132825175835E-002
           6           2   3.9586460325098161E-002
           6           3  -2.0077315265077044E-014
           6           4   4.2737372301208444E-015
           6           5  -9.4934719053002322E-015
           6           6   1.0344704798648314     
           6           7   4.3091719566443816E-014
           6           8   7.2760571872734536E-015
           6           9  -1.6363102888922032E-014
           6          10  0.16475614826378310     
           6          11  -1.0116687459463416E-014
           6          12  -2.0826926690068954E-015
           6          13   9.1715197200992407E-016
           6          14  -7.0830967659949381E-002
           6          15   7.8958623694339135E-015
           6          16   1.0239919044639812E-015
           6          17  -3.0364547081241391E-015
           6          18  0.20451442681243731     
           6          19   3.0127178362290821E-015
           6          20  0.20451442681243404     
           6          21  -1.8304358150070664E-014
           6          22   1.0737603579527117E-014
           6          23  0.20451442681242424     
           6          24  -9.3144222967765589E-002
           6          25  -6.5281396898390902E-018
           6          26  -9.3144222967758872E-002
           6          27  -2.8944062738753923E-015
           6          28  -8.1422753807593026E-016
           6          29  -9.3144222967761106E-002
           7           1   3.3475964337122805E-015
           7           2  -1.2167786186734115E-014
           7           3 -0.73239464889954964     
           7           4  -2.3314683517128335E-015
           7           5   6.1062266354384004E-016
           7           6   4.3091719566443816E-014
           7           7   2.2832625459934608     
           7           8  -3.0531133177190316E-016
           7           9  -3.8025138593411785E-015
           7          10   3.6377958655705533E-014
           7          11 -0.16318839877608690     
           7          12  -3.3931191190106284E-015
           7          13   2.4175973722950778E-014
           7          14  -1.0367758748029033E-014
           7          15   9.5308834464981951E-002
           7          16  -1.3382957936292066E-014
           7          17  -3.0586644328423063E-014
           7          18   1.7620635068216255E-014
           7          19   3.0484922922229665E-014
           7          20  -6.8061173630520192E-015
           7          21   1.9696675458537836E-014
           7          22  -4.6700353917699582E-015
           7          23  -5.8408099898837199E-015
           7          24  -2.2011501730913522E-014
           7          25   3.7805581989421623E-015
           7          26  -2.2939508486757818E-015
           7          27  -2.2404481720773704E-015
           7          28  -1.9277228892846258E-015
           7          29  -2.0866558654458238E-014
           8           1   1.3279738708532349E-014
           8           2  -1.5641123900321356E-014
           8           3  -1.2281842209915834E-015
           8           4 -0.73239464889954919     
           8           5  -1.1180292802670510E-015
           8           6   7.2760571872734536E-015
           8           7  -3.0531133177190316E-016
           8           8   2.2832625459934572     
           8           9  -1.9012569296705869E-015
           8          10   6.6384679428686828E-015
           8          11  -2.7391283685673784E-015
           8          12 -0.16318839877607130     
           8          13   3.3638456603535253E-015
           8          14  -1.2687174562488904E-015
           8          15   3.3762055651198655E-015
           8          16   9.5308834464960940E-002
           8          17  -4.7862104904372577E-015
           8          18   1.1158293601281288E-014
           8          19   3.2019960910277823E-015
           8          20  -9.0593610068342866E-015
           8          21   2.1741492808129825E-015
           8          22  -8.1315184606234040E-015
           8          23  -2.1966526041768456E-015
           8          24  -4.2015270704163040E-015
           8          25  -4.6124857864804457E-016
           8          26  -8.9386966861265787E-016
           8          27  -1.5117661959611001E-016
           8          28  -1.2151271825616536E-015
           8          29  -2.9431640349368461E-015
           9           1  -5.8339233969548606E-015
           9           2   1.0348396274508588E-014
           9           3   9.8532293435483136E-016
           9           4  -1.1718057080223310E-015
           9           5 -0.73239464889954298     
           9           6  -1.6363102888922032E-014
           9           7  -3.8025138593411785E-015
           9           8  -1.9012569296705869E-015
           9           9   2.2832625459934563     
           9          10   5.2913991453081213E-016
           9          11   1.0729264698916552E-014
           9          12   2.1133268746087433E-015
           9          13 -0.16318839877606456     
           9          14  -8.1761866689658916E-015
           9          15  -1.1804793254022177E-014
           9          16   3.6150553037184135E-015
           9          17   9.5308834464966435E-002
           9          18  -2.3871933709466955E-014
           9          19  -8.1486788094051278E-015
           9          20  -4.1096359973294520E-015
           9          21   2.1620428693435846E-014
           9          22   2.4620416539302332E-014
           9          23   3.6872990411204579E-014
           9          24   2.0349115677252254E-014
           9          25   1.5056652446224026E-015
           9          26  -1.5960252961888363E-015
           9          27  -2.2316339578036850E-015
           9          28  -4.9603286355598525E-016
           9          29   9.3990201812035960E-015
          10           1   1.6134205797478457E-002
          10           2  -7.5792777997478647E-002
          10           3  -8.7815064785502141E-015
          10           4  -1.2471623672687907E-015
          10           5  -5.4968282740258177E-015
          10           6  0.16475614826378310     
          10           7   3.6377958655705533E-014
          10           8   6.6384679428686828E-015
          10           9   5.2913991453081213E-016
          10          10   3.3514237729058483E-002
          10          11  -2.0792206414018435E-015
          10          12  -2.1204833739394677E-016
          10          13  -1.3114361023027282E-015
          10          14  -1.4811817389851829E-002
          10          15   1.5329868040152636E-015
          10          16   2.2867856545699019E-016
          10          17   4.6637257985135815E-016
          10          18   5.3846583322600866E-002
          10          19   1.6761826573225367E-015
          10          20   5.3846583322601130E-002
          10          21  -8.0514823966887366E-017
          10          22   2.8331846825438252E-016
          10          23   5.3846583322600047E-002
          10          24  -1.9544857162115920E-002
          10          25  -1.5683893322660656E-016
          10          26  -1.9544857162115598E-002
          10          27  -7.5635255038677326E-016
          10          28   4.4459437945026008E-017
          10          29  -1.9544857162115632E-002
          11           1   9.2621309434549784E-015
          11           2  -2.4640847241481707E-014
          11           3   6.4204813432202329E-002
          11           4   2.6790635682116815E-015
          11           5  -3.3042145408668233E-015
          11           6  -1.0116687459463416E-014
          11           7 -0.16318839877608690     
          11           8  -2.7391283685673784E-015
          11           9   1.0729264698916552E-014
          11          10  -2.0792206414018435E-015
          11          11   1.6069397500664943E-002
          11          12   2.2220723525090275E-016
          11          13  -1.7871175459621711E-015
          11          14   8.8973327474023004E-016
          11          15  -8.8098807739926312E-003
          11          16   2.1486176553231418E-016
          11          17   1.4340200034379526E-015
          11          18   1.9866013882081980E-015
          11          19  -1.7690937507589538E-015
          11          20   3.1867996785192896E-015
          11          21  -6.6744598300492103E-016
          11          22   9.7817352151607508E-017
          11          23   1.6358848756808063E-015
          11          24   1.1825083429518130E-015
          11          25  -2.0968318968290819E-016
          11          26   9.6324812115748433E-016
          11          27   5.8882906743338858E-017
          11          28   1.3852020740014218E-016
          11          29   1.4363117549868843E-015
          12           1  -3.3811424053634763E-015
          12           2  -8.0486463660085731E-016
          12           3  -2.2876665839444360E-016
          12           4   6.4204813432195529E-002
          12           5  -1.3254371558635286E-015
          12           6  -2.0826926690068954E-015
          12           7  -3.3931191190106284E-015
          12           8 -0.16318839877607130     
          12           9   2.1133268746087433E-015
          12          10  -2.1204833739394677E-016
          12          11   2.2220723525090275E-016
          12          12   1.6069397500664485E-002
          12          13  -2.3012868737362181E-016
          12          14   2.8457356803789643E-017
          12          15  -1.9789400153291337E-016
          12          16  -8.8098807739919131E-003
          12          17   1.7416013835085024E-016
          12          18  -5.7825501959464546E-016
          12          19   3.0496113352141576E-015
          12          20   1.0129026928967902E-015
          12          21   7.2795542590901165E-016
          12          22   7.0018036355908837E-016
          12          23   4.4458239590356708E-016
          12          24   2.1197917288264807E-016
          12          25   5.8005156632063129E-016
          12          26   6.9534957894407366E-017
          12          27   2.0489906752924367E-016
          12          28  -3.9997765123346569E-016
          12          29   6.9717725390732623E-017
          13           1  -2.4737492102961890E-015
          13           2   1.1220557465802809E-014
          13           3  -9.7469775306446864E-015
          13           4  -4.2191727542273405E-016
          13           5   6.4204813432193919E-002
          13           6   9.1715197200992407E-016
          13           7   2.4175973722950778E-014
          13           8   3.3638456603535253E-015
          13           9 -0.16318839877606456     
          13          10  -1.3114361023027282E-015
          13          11  -1.7871175459621711E-015
          13          12  -2.3012868737362181E-016
          13          13   1.6069397500662049E-002
          13          14   1.3274982835930067E-015
          13          15   1.5264482386423488E-015
          13          16   1.7453622097943354E-016
          13          17  -8.8098807739907994E-003
          13          18   6.2050313087350583E-016
          13          19   2.3845591055120638E-015
          13          20  -9.9335323200257594E-016
          13          21  -2.9639420807702913E-015
          13          22  -4.1677325080636738E-015
          13          23  -5.6950128927958766E-015
          13          24  -1.6737945734075410E-015
          13          25  -6.3365918484191718E-017
          13          26   1.4609054982207321E-016
          13          27   2.1480788034406511E-016
          13          28  -2.0493013378859599E-016
          13          29  -5.4228420972483234E-016
          14           1  -7.3308177423981671E-003
          14           2   3.6257933789145595E-002
          14           3   8.4816361621181785E-016
          14           4  -7.8476843568845194E-016
          14           5   7.1993059458163698E-015
          14           6  -7.0830967659949381E-002
          14           7  -1.0367758748029033E-014
          14           8  -1.2687174562488904E-015
          14           9  -8.1761866689658916E-015
          14          10  -1.4811817389851829E-002
          14          11   8.8973327474023004E-016
          14          12   2.8457356803789643E-017
          14          13   1.3274982835930067E-015
          14          14   6.5642847730122715E-003
          14          15  -5.9816410305089795E-016
          14          16  -5.7371773664516145E-017
          14          17  -6.3042954865754989E-016
          14          18  -2.4202339015653811E-002
          14          19  -4.7379351647795685E-016
          14          20  -2.4202339015653968E-002
          14          21  -3.3830444475164645E-016
          14          22   7.4627224288622648E-016
          14          23  -2.4202339015653516E-002
          14          24   8.6891069737426892E-003
          14          25   3.8038592077489185E-016
          14          26   8.6891069737425851E-003
          14          27   4.5483111683917766E-016
          14          28  -2.7362373002366002E-016
          14          29   8.6891069737425851E-003
          15           1  -7.9991126216013981E-015
          15           2   1.5413038834521850E-014
          15           3  -3.6781100164146346E-002
          15           4  -2.4951828797581411E-015
          15           5   2.5428877753475029E-015
          15           6   7.8958623694339135E-015
          15           7   9.5308834464981951E-002
          15           8   3.3762055651198655E-015
          15           9  -1.1804793254022177E-014
          15          10   1.5329868040152636E-015
          15          11  -8.8098807739926312E-003
          15          12  -1.9789400153291337E-016
          15          13   1.5264482386423488E-015
          15          14  -5.9816410305089795E-016
          15          15   4.8848620585185010E-003
          15          16  -1.7298445662005572E-016
          15          17  -1.2233324162697068E-015
          15          18  -1.2113051204655629E-015
          15          19   3.4873845154736371E-015
          15          20  -1.9844763217492211E-015
          15          21   2.6407675412638342E-015
          15          22  -2.2116981335481587E-015
          15          23  -1.2745162701984750E-015
          15          24  -9.6836186790920807E-016
          15          25   3.1188158056065016E-016
          15          26  -6.8244826075584963E-016
          15          27  -4.4442056336023094E-017
          15          28  -1.8020608526468826E-016
          15          29  -1.0734839779643219E-015
          16           1   3.9997976578999588E-015
          16           2  -2.6371544758131908E-015
          16           3   5.1495266384371503E-015
          16           4  -3.6781100164138103E-002
          16           5  -1.2878153404782814E-015
          16           6   1.0239919044639812E-015
          16           7  -1.3382957936292066E-014
          16           8   9.5308834464960940E-002
          16           9   3.6150553037184135E-015
          16          10   2.2867856545699019E-016
          16          11   2.1486176553231418E-016
          16          12  -8.8098807739919131E-003
          16          13   1.7453622097943354E-016
          16          14  -5.7371773664516145E-017
          16          15  -1.7298445662005572E-016
          16          16   4.8848620585176823E-003
          16          17  -9.8018652656266501E-017
          16          18   8.5610584777543432E-016
          16          19  -4.0779447277387890E-016
          16          20  -5.4115106982829321E-017
          16          21   1.3562909131353535E-015
          16          22  -2.5204834258537235E-015
          16          23   2.6637341627693181E-016
          16          24  -1.2794580444644598E-016
          16          25  -1.2370779520721278E-016
          16          26  -3.2427234111135712E-017
          16          27  -1.0421572343111532E-016
          16          28   1.3753247533001780E-016
          16          29  -5.0702102914259156E-017
          17           1   4.7470195080057806E-015
          17           2  -1.9874777852455652E-014
          17           3   1.0641878003814220E-014
          17           4   1.5075289107324692E-015
          17           5  -3.6781100164141163E-002
          17           6  -3.0364547081241391E-015
          17           7  -3.0586644328423063E-014
          17           8  -4.7862104904372577E-015
          17           9   9.5308834464966435E-002
          17          10   4.6637257985135815E-016
          17          11   1.4340200034379526E-015
          17          12   1.7416013835085024E-016
          17          13  -8.8098807739907994E-003
          17          14  -6.3042954865754989E-016
          17          15  -1.2233324162697068E-015
          17          16  -9.8018652656266501E-017
          17          17   4.8848620585173353E-003
          17          18   1.2585312431791238E-015
          17          19  -3.5684342624700476E-016
          17          20   2.1744038286668133E-015
          17          21   1.9817167804347570E-015
          17          22   1.1546498084058564E-015
          17          23   4.6864406781495457E-015
          17          24   1.2801143216582276E-015
          17          25   1.6950575228504957E-016
          17          26   2.5058624962706954E-016
          17          27  -8.3404965436816778E-017
          17          28   2.1563330733991251E-017
          17          29   6.6588678339346864E-016
          18           1   7.8412932153169926E-002
          18           2 -0.45146683226296941     
          18           3  -1.7100390452569034E-015
          18           4  -6.8963453898293301E-015
          18           5   1.3667072582072396E-014
          18           6  0.20451442681243731     
          18           7   1.7620635068216255E-014
          18           8   1.1158293601281288E-014
          18           9  -2.3871933709466955E-014
          18          10   5.3846583322600866E-002
          18          11   1.9866013882081980E-015
          18          12  -5.7825501959464546E-016
          18          13   6.2050313087350583E-016
          18          14  -2.4202339015653811E-002
          18          15  -1.2113051204655629E-015
          18          16   8.5610584777543432E-016
          18          17   1.2585312431791238E-015
          18          18  0.13257652867997477     
          18          19   1.8701029189021785E-014
          18          20  0.13257652867997699     
          18          21   1.0318158120690450E-014
          18          22   9.7558855834034505E-015
          18          23  0.13257652867997829     
          18          24  -2.6396731089420786E-002
          18          25  -3.6018739457436804E-016
          18          26  -2.6396731089423052E-002
          18          27  -1.8241051306876998E-015
          18          28  -3.5224187540313335E-016
          18          29  -2.6396731089422039E-002
          19           1   3.7860647363107143E-016
          19           2   4.2433397305321096E-015
          19           3  -9.4301994703406311E-015
          19           4  -8.5499716708962096E-017
          19           5   2.8000533266504505E-015
          19           6   3.0127178362290821E-015
          19           7   3.0484922922229665E-014
          19           8   3.2019960910277823E-015
          19           9  -8.1486788094051278E-015
          19          10   1.6761826573225367E-015
          19          11  -1.7690937507589538E-015
          19          12   3.0496113352141576E-015
          19          13   2.3845591055120638E-015
          19          14  -4.7379351647795685E-016
          19          15   3.4873845154736371E-015
          19          16  -4.0779447277387890E-016
          19          17  -3.5684342624700476E-016
          19          18   1.8701029189021785E-014
          19          19   1.4819340601813908     
          19          20  -1.3723623003439197E-014
          19          21  0.14916268452386169     
          19          22 -0.30015472522708941     
          19          23  -7.2784054499019413E-015
          19          24  -2.5988542246608033E-015
          19          25  0.12212031949547093     
          19          26   5.6404103101355062E-015
          19          27   5.5226309510301955E-002
          19          28 -0.11112992374255430     
          19          29  -3.1973979719455055E-015
          20           1   7.8412932153178364E-002
          20           2 -0.45146683226298318     
          20           3   6.0211426099048833E-015
          20           4  -9.1904441843803966E-017
          20           5   6.9866387451396139E-015
          20           6  0.20451442681243404     
          20           7  -6.8061173630520192E-015
          20           8  -9.0593610068342866E-015
          20           9  -4.1096359973294520E-015
          20          10   5.3846583322601130E-002
          20          11   3.1867996785192896E-015
          20          12   1.0129026928967902E-015
          20          13  -9.9335323200257594E-016
          20          14  -2.4202339015653968E-002
          20          15  -1.9844763217492211E-015
          20          16  -5.4115106982829321E-017
          20          17   2.1744038286668133E-015
          20          18  0.13257652867997699     
          20          19  -1.3723623003439197E-014
          20          20  0.13257652867997921     
          20          21  -3.4402108175954210E-014
          20          22  -2.2292958647352571E-014
          20          23  0.13257652867998054     
          20          24  -2.6396731089420897E-002
          20          25   6.5155761941658987E-015
          20          26  -2.6396731089423163E-002
          20          27   1.9091918315515603E-015
          20          28  -2.6568096789557284E-015
          20          29  -2.6396731089422160E-002
          21           1  -1.7278144197079140E-015
          21           2   4.5930542453777358E-015
          21           3  -3.2152974881515495E-015
          21           4  -2.3612449510122156E-016
          21           5  -4.8742888696046229E-015
          21           6  -1.8304358150070664E-014
          21           7   1.9696675458537836E-014
          21           8   2.1741492808129825E-015
          21           9   2.1620428693435846E-014
          21          10  -8.0514823966887366E-017
          21          11  -6.6744598300492103E-016
          21          12   7.2795542590901165E-016
          21          13  -2.9639420807702913E-015
          21          14  -3.3830444475164645E-016
          21          15   2.6407675412638342E-015
          21          16   1.3562909131353535E-015
          21          17   1.9817167804347570E-015
          21          18   1.0318158120690450E-014
          21          19  0.14916268452386169     
          21          20  -3.4402108175954210E-014
          21          21   1.0825930116330391     
          21          22  -9.9735766858761690E-002
          21          23   3.7534838136006094E-014
          21          24   5.1011392511827717E-016
          21          25   5.5226309510300692E-002
          21          26   5.2301753758629249E-015
          21          27  -2.5732559511759040E-002
          21          28  -3.6926382408385396E-002
          21          29  -1.2082141503997166E-015
          22           1   5.9301837541147203E-016
          22           2  -1.0740875534125725E-014
          22           3   4.1930606484462460E-016
          22           4   3.8907241220902545E-015
          22           5  -6.8499985347773487E-015
          22           6   1.0737603579527117E-014
          22           7  -4.6700353917699582E-015
          22           8  -8.1315184606234040E-015
          22           9   2.4620416539302332E-014
          22          10   2.8331846825438252E-016
          22          11   9.7817352151607508E-017
          22          12   7.0018036355908837E-016
          22          13  -4.1677325080636738E-015
          22          14   7.4627224288622648E-016
          22          15  -2.2116981335481587E-015
          22          16  -2.5204834258537235E-015
          22          17   1.1546498084058564E-015
          22          18   9.7558855834034505E-015
          22          19 -0.30015472522708941     
          22          20  -2.2292958647352571E-014
          22          21  -9.9735766858761690E-002
          22          22   1.2337237684095383     
          22          23  -3.9364185435473849E-015
          22          24  -2.0738738157849048E-015
          22          25 -0.11112992374255042     
          22          26  -2.3561030951491215E-015
          22          27  -3.6926382408384424E-002
          22          28   3.0222413254437759E-002
          22          29   8.8625839772959818E-016
          23           1   7.8412932153180903E-002
          23           2 -0.45146683226300083     
          23           3   6.7869632211531028E-015
          23           4   1.3381795413190615E-016
          23           5  -7.5636586038940152E-015
          23           6  0.20451442681242424     
          23           7  -5.8408099898837199E-015
          23           8  -2.1966526041768456E-015
          23           9   3.6872990411204579E-014
          23          10   5.3846583322600047E-002
          23          11   1.6358848756808063E-015
          23          12   4.4458239590356708E-016
          23          13  -5.6950128927958766E-015
          23          14  -2.4202339015653516E-002
          23          15  -1.2745162701984750E-015
          23          16   2.6637341627693181E-016
          23          17   4.6864406781495457E-015
          23          18  0.13257652867997829     
          23          19  -7.2784054499019413E-015
          23          20  0.13257652867998054     
          23          21   3.7534838136006094E-014
          23          22  -3.9364185435473849E-015
          23          23  0.13257652867998182     
          23          24  -2.6396731089419950E-002
          23          25  -1.3362650291772646E-015
          23          26  -2.6396731089422212E-002
          23          27  -3.6782553050811698E-015
          23          28   1.6259804146296747E-015
          23          29  -2.6396731089421206E-002
          24           1  -3.0006059845217991E-003
          24           2   7.8114361962455942E-003
          24           3   6.9480323814888462E-015
          24           4   1.1025618361054814E-015
          24           5  -3.9575600715470686E-015
          24           6  -9.3144222967765589E-002
          24           7  -2.2011501730913522E-014
          24           8  -4.2015270704163040E-015
          24           9   2.0349115677252254E-014
          24          10  -1.9544857162115920E-002
          24          11   1.1825083429518130E-015
          24          12   2.1197917288264807E-016
          24          13  -1.6737945734075410E-015
          24          14   8.6891069737426892E-003
          24          15  -9.6836186790920807E-016
          24          16  -1.2794580444644598E-016
          24          17   1.2801143216582276E-015
          24          18  -2.6396731089420786E-002
          24          19  -2.5988542246608033E-015
          24          20  -2.6396731089420897E-002
          24          21   5.1011392511827717E-016
          24          22  -2.0738738157849048E-015
          24          23  -2.6396731089419950E-002
          24          24   1.2564901703424306E-002
          24          25  -9.7452508487985585E-017
          24          26   1.2564901703423925E-002
          24          27   2.6109174939425565E-016
          24          28   2.7909725629608105E-016
          24          29   1.2564901703424022E-002
          25           1   2.6509777115040895E-015
          25           2  -7.8870348935364356E-015
          25           3  -1.2043690079015086E-015
          25           4   4.9415924462180141E-016
          25           5  -6.0050235987442869E-016
          25           6  -6.5281396898390902E-018
          25           7   3.7805581989421623E-015
          25           8  -4.6124857864804457E-016
          25           9   1.5056652446224026E-015
          25          10  -1.5683893322660656E-016
          25          11  -2.0968318968290819E-016
          25          12   5.8005156632063129E-016
          25          13  -6.3365918484191718E-017
          25          14   3.8038592077489185E-016
          25          15   3.1188158056065016E-016
          25          16  -1.2370779520721278E-016
          25          17   1.6950575228504957E-016
          25          18  -3.6018739457436804E-016
          25          19  0.12212031949547093     
          25          20   6.5155761941658987E-015
          25          21   5.5226309510300692E-002
          25          22 -0.11112992374255042     
          25          23  -1.3362650291772646E-015
          25          24  -9.7452508487985585E-017
          25          25   6.3416749365416081E-002
          25          26   1.5676367163139109E-015
          25          27   2.0447106271004857E-002
          25          28  -4.1144979282541502E-002
          25          29  -1.0043351433121928E-015
          26           1  -3.0006059845316185E-003
          26           2   7.8114361962663050E-003
          26           3  -7.0400347826217499E-016
          26           4  -1.3009502762488949E-016
          26           5   3.1154977932122564E-015
          26           6  -9.3144222967758872E-002
          26           7  -2.2939508486757818E-015
          26           8  -8.9386966861265787E-016
          26           9  -1.5960252961888363E-015
          26          10  -1.9544857162115598E-002
          26          11   9.6324812115748433E-016
          26          12   6.9534957894407366E-017
          26          13   1.4609054982207321E-016
          26          14   8.6891069737425851E-003
          26          15  -6.8244826075584963E-016
          26          16  -3.2427234111135712E-017
          26          17   2.5058624962706954E-016
          26          18  -2.6396731089423052E-002
          26          19   5.6404103101355062E-015
          26          20  -2.6396731089423163E-002
          26          21   5.2301753758629249E-015
          26          22  -2.3561030951491215E-015
          26          23  -2.6396731089422212E-002
          26          24   1.2564901703423925E-002
          26          25   1.5676367163139109E-015
          26          26   1.2564901703423545E-002
          26          27   7.2977701258447827E-016
          26          28  -1.0572932419387206E-015
          26          29   1.2564901703423639E-002
          27           1  -1.5171527357011091E-015
          27           2   1.8076549507362581E-015
          27           3  -8.4815294563038432E-016
          27           4   2.0287879383516353E-016
          27           5  -3.4956582014538504E-017
          27           6  -2.8944062738753923E-015
          27           7  -2.2404481720773704E-015
          27           8  -1.5117661959611001E-016
          27           9  -2.2316339578036850E-015
          27          10  -7.5635255038677326E-016
          27          11   5.8882906743338858E-017
          27          12   2.0489906752924367E-016
          27          13   2.1480788034406511E-016
          27          14   4.5483111683917766E-016
          27          15  -4.4442056336023094E-017
          27          16  -1.0421572343111532E-016
          27          17  -8.3404965436816778E-017
          27          18  -1.8241051306876998E-015
          27          19   5.5226309510301955E-002
          27          20   1.9091918315515603E-015
          27          21  -2.5732559511759040E-002
          27          22  -3.6926382408384424E-002
          27          23  -3.6782553050811698E-015
          27          24   2.6109174939425565E-016
          27          25   2.0447106271004857E-002
          27          26   7.2977701258447827E-016
          27          27   8.6753850348733237E-003
          27          28  -1.3671702346273146E-002
          27          29   2.4592055801884502E-017
          28           1   3.8191833259607269E-015
