           1           1   2.1607217092978726     
           1           2 -0.63094914410233482     
           1           3  -4.6328876134713939E-012
           1           4   1.5782720218597494E-012
           1           5  -3.5142820338489227E-012
           1           6  0.28921903671974980     
           1           7   1.5470227629919606E-012
           1           8  -4.3435689584251117E-012
           1           9   4.3755722579692844E-012
           1          10  -4.0566427364602309E-002
           1          11   2.2718885632447310E-012
           1          12  -4.1141693971204709E-013
           1          13  -2.4532104355678620E-012
           1          14  -1.8486740398876388E-002
           1          15  -2.7551224983205284E-013
           1          16   2.7027787334997372E-013
           1          17   2.9978713203486188E-012
           1          18  -3.9430324341634501E-002
           1          19  -1.1137935658079574E-010
           1          20  -3.9430900293061011E-002
           1          21   3.0438721182237589E-016
           1          22   2.5563692984151895E-010
           1          23  -3.9431096883025887E-002
           1          24   6.6237189998689678E-003
           1          25  -3.0194060345320808E-011
           1          26   6.6234040012061908E-003
           1          27  -3.0890585169324005E-014
           1          28   6.9498176608255333E-011
           1          29   6.6235085417698184E-003
           2           1 -0.63094914410233482     
           2           2   2.4965131465104422     
           2           3   1.8366284057852719E-011
           2           4  -5.3365912279933658E-012
           2           5   1.1644606341332927E-011
           2           6 -0.49078637991296992     
           2           7  -1.0144323919955235E-011
           2           8   1.4769605117945250E-011
           2           9  -1.6963988548855249E-011
           2          10  0.16114002129162236     
           2          11  -8.5977743446920783E-012
           2          12   1.5292138683154843E-012
           2          13   1.1635238069105074E-011
           2          14   6.0841254033312885E-002
           2          15   9.7731897355094752E-013
           2          16  -9.2339864891506732E-013
           2          17  -9.8059562041664294E-012
           2          18 -0.15786857560671219     
           2          19   4.3093990378990198E-010
           2          20 -0.15786638075186810     
           2          21  -7.3121836273894266E-014
           2          22  -9.8884222574881885E-010
           2          23 -0.15786558760100727     
           2          24  -6.8757114134492814E-002
           2          25   1.1813738305991056E-010
           2          26  -6.8755926176943052E-002
           2          27   1.4812673735966508E-013
           2          28  -2.7168004992051777E-010
           2          29  -6.8756291770067063E-002
           3           1  -4.6328876134713939E-012
           3           2   1.8366284057852719E-011
           3           3   2.2321243993514930     
           3           4  -1.8873837317488825E-011
           3           5  -4.1853200998771978E-012
           3           6   4.5899457607861901E-011
           3           7 -0.71310344107757107     
           3           8   5.6207770745156605E-011
           3           9   1.0535663044785953E-011
           3          10   3.3931543713156691E-011
           3          11  -5.2703991897359193E-002
           3          12  -1.2728086126591047E-010
           3          13  -1.4886587678481876E-011
           3          14  -5.0531336814150374E-011
           3          15   2.2819480027541153E-002
           3          16   5.6076502124688584E-011
           3          17  -7.9444492190769757E-012
           3          18  -2.1254661646253908E-011
           3          19  -8.5812343382660483E-012
           3          20  -1.1927419026556540E-012
           3          21   1.6689603444442320E-011
           3          22   2.7659356643457862E-012
           3          23  -2.6939736917362210E-011
           3          24  -6.3982873463808460E-012
           3          25   1.7313910913478057E-011
           3          26  -9.7052920476658572E-013
           3          27   1.6060187910978954E-011
           3          28  -1.5073149667440761E-011
           3          29  -2.1267196343820121E-011
           4           1   1.5782720218597494E-012
           4           2  -5.3365912279933658E-012
           4           3  -1.8873837317488825E-011
           4           4   2.2321243274571181     
           4           5   3.5537904694618010E-011
           4           6   1.5380473938337858E-011
           4           7   4.9215119982814385E-011
           4           8 -0.71310321909609242     
           4           9  -1.0736851902751376E-010
           4          10   1.4722350930101961E-011
           4          11  -1.0538864908160196E-010
           4          12  -5.2704520463479232E-002
           4          13   2.4552327607190686E-010
           4          14  -6.2114065253700814E-012
           4          15   4.9898451157418734E-011
           4          16   2.2819711185197968E-002
           4          17  -1.0385475654757556E-010
           4          18   5.0068590241329461E-012
           4          19  -3.5990319559155387E-012
           4          20  -5.1107914398557028E-012
           4          21   3.4282760686921579E-012
           4          22  -2.2386641861565723E-012
           4          23  -2.9516192385152687E-012
           4          24   8.7741552738572544E-012
           4          25  -9.2920021983870221E-012
           4          26  -5.4382092698295732E-012
           4          27   1.9878943187994174E-012
           4          28  -1.2919680000419504E-013
           4          29  -1.6012063215527550E-011
           5           1  -3.5142820338489227E-012
           5           2   1.1644606341332927E-011
           5           3  -4.1853200998771978E-012
           5           4   3.5537904694618010E-011
           5           5   2.2321242814582156     
           5           6  -2.5673738020241536E-011
           5           7   1.5481902452186067E-012
           5           8  -1.0531594979749673E-010
           5           9 -0.71310307727733502     
           5          10   1.4068338568540948E-011
           5          11   2.5021447383841240E-011
           5          12   2.5084362453338054E-010
           5          13  -5.2704860224763103E-002
           5          14  -4.6175211662964928E-011
           5          15  -2.2696140188847119E-011
           5          16  -1.2484749426900578E-010
           5          17   2.2819877517665219E-002
           5          18  -1.4105915341028113E-012
           5          19  -3.3943935015163526E-012
           5          20   9.3820571882314374E-012
           5          21  -8.7529750014833340E-012
           5          22  -1.7528094511090368E-011
           5          23   1.1114075050184614E-011
           5          24  -7.0407264664570483E-012
           5          25   1.5895988144780727E-011
           5          26   1.2152428712429408E-011
           5          27  -3.4333591851291313E-012
           5          28  -7.8912061959973745E-012
           5          29   2.2869506872071840E-011
           6           1  0.28921903671974980     
           6           2 -0.49078637991296992     
           6           3   4.5899457607861901E-011
           6           4   1.5380473938337858E-011
           6           5  -2.5673738020241536E-011
           6           6   1.5304205337664416     
           6           7  -2.0473411962866370E-011
           6           8  -4.1056790793857493E-011
           6           9   3.8764853536547752E-011
           6          10 -0.30544033001457510     
           6          11   1.8309372863825226E-011
           6          12  -3.5273475052280732E-012
           6          13  -2.0561137376646981E-011
           6          14 -0.20627541423926915     
           6          15  -1.5644078427747944E-012
           6          16   2.5994405265496546E-012
           6          17   2.8223385711820127E-011
           6          18  0.15435161772293626     
           6          19  -9.6653210127095104E-010
           6          20  0.15434663247559594     
           6          21  -3.8229522969764409E-014
           6          22   2.2203243265127208E-009
           6          23  0.15434491145907692     
           6          24   4.3259082589984177E-002
           6          25  -1.0653862958332527E-010
           6          26   4.3256813578451001E-002
           6          27  -2.0035278663826586E-013
           6          28   2.5056444772713214E-010
           6          29   4.3258325464653732E-002
           7           1   1.5470227629919606E-012
           7           2  -1.0144323919955235E-011
           7           3 -0.71310344107757107     
           7           4   4.9215119982814385E-011
           7           5   1.5481902452186067E-012
           7           6  -2.0473411962866370E-011
           7           7   2.1936274769059310     
           7           8  -1.4757187823229708E-010
           7           9  -1.7409520436100190E-012
           7          10  -3.9409002481007396E-011
           7          11  0.10370110050775418     
           7          12   3.5229807257240861E-010
           7          13   4.8392169465509194E-011
           7          14   1.0594492812842775E-010
           7          15  -4.1222433483141356E-002
           7          16  -1.5489902682750404E-010
           7          17   1.6176139385940440E-011
           7          18   1.8883816203330629E-011
           7          19   2.3078687878365331E-011
           7          20  -1.9751899289250611E-011
           7          21  -2.9612848671683845E-011
           7          22  -9.8492120760173079E-012
           7          23   2.8779908991825122E-011
           7          24   8.1736596543970869E-013
           7          25  -5.9761939185985225E-011
           7          26  -1.4836010928723942E-011
           7          27  -4.3242997955830148E-011
           7          28   3.0834950850717403E-011
           7          29   2.1543162978103855E-011
           8           1  -4.3435689584251117E-012
           8           2   1.4769605117945250E-011
           8           3   5.6207770745156605E-011
           8           4 -0.71310321909609242     
           8           5  -1.0531594979749673E-010
           8           6  -4.1056790793857493E-011
           8           7  -1.4757187823229708E-010
           8           8   2.1936267960219471     
           8           9   3.1757042669184988E-010
           8          10  -4.0954707590915129E-011
           8          11   2.9791889767762751E-010
           8          12  0.10370259722134254     
           8          13  -6.9425523487653700E-010
           8          14   1.7233880362965831E-011
           8          15  -1.4142856007135652E-010
           8          16  -4.1223090274712930E-002
           8          17   2.9537823791255315E-010
           8          18  -1.4801364224830976E-011
           8          19   1.0319222941463046E-011
           8          20   1.4023130778370430E-011
           8          21  -9.4219124043552549E-012
           8          22   6.1435689135324588E-012
           8          23   6.8391065329893518E-012
           8          24  -2.4250927757360845E-011
           8          25   2.5968793357173587E-011
           8          26   1.4703960023530904E-011
           8          27  -5.4218685030482883E-012
           8          28  -2.7448090428266055E-013
           8          29   4.4179672688861333E-011
           9           1   4.3755722579692844E-012
           9           2  -1.6963988548855249E-011
           9           3   1.0535663044785953E-011
           9           4  -1.0736851902751376E-010
           9           5 -0.71310307727733502     
           9           6   3.8764853536547752E-011
           9           7  -1.7409520436100190E-012
           9           8   3.1757042669184988E-010
           9           9   2.1936263619058245     
           9          10  -2.7404604412389006E-011
           9          11  -6.6021542896533019E-011
           9          12  -7.0181967174817740E-010
           9          13  0.10370355325909200     
           9          14   1.2174604268202796E-010
           9          15   6.0745850769293394E-011
           9          16   3.4182975700476852E-010
           9          17  -4.1223560157925540E-002
           9          18   1.3513139076085559E-011
           9          19   3.7204530416841466E-012
           9          20  -7.0889124697366576E-012
           9          21   2.7330855964326131E-011
           9          22   5.0985925476904361E-011
           9          23  -1.4239956023202072E-011
           9          24   1.7673168674538562E-011
           9          25  -4.2986421931398669E-011
           9          26  -3.5718008486320053E-011
           9          27   5.8422649637818765E-012
           9          28   2.5513070451801739E-011
           9          29  -6.0686790442974600E-011
          10           1  -4.0566427364602309E-002
          10           2  0.16114002129162236     
          10           3   3.3931543713156691E-011
          10           4   1.4722350930101961E-011
          10           5   1.4068338568540948E-011
          10           6 -0.30544033001457510     
          10           7  -3.9409002481007396E-011
          10           8  -4.0954707590915129E-011
          10           9  -2.7404604412389006E-011
          10          10  0.86188632345887584     
          10          11  -5.7664520778211394E-011
          10          12   1.6951359221158688E-012
          10          13   8.8940943665618681E-011
          10          14  0.54494288197665253     
          10          15   5.0888779352980978E-012
          10          16  -3.1386191558011676E-012
          10          17  -6.8000751011719713E-011
          10          18  -3.2994262424882445E-002
          10          19   2.1416256586703047E-010
          10          20  -3.2989416910460277E-002
          10          21  -7.6661758058526408E-014
          10          22  -4.8006506681707708E-010
          10          23  -3.2992793367783352E-002
          10          24  -8.7337326663910232E-003
          10          25  -6.3751730947261952E-010
          10          26  -8.7306905114939732E-003
          10          27  -1.5264307282085468E-013
          10          28   1.4667421933104625E-009
          10          29  -8.7381401389267158E-003
          11           1   2.2718885632447310E-012
          11           2  -8.5977743446920783E-012
          11           3  -5.2703991897359193E-002
          11           4  -1.0538864908160196E-010
          11           5   2.5021447383841240E-011
          11           6   1.8309372863825226E-011
          11           7  0.10370110050775418     
          11           8   2.9791889767762751E-010
          11           9  -6.6021542896533019E-011
          11          10  -5.7664520778211394E-011
          11          11   5.1049254456641650E-003
          11          12   3.2022934120251734E-011
          11          13  -1.0469601821450487E-012
          11          14  -1.0533867135593906E-011
          11          15  -2.0466734321243881E-003
          11          16  -1.3503058744045603E-011
          11          17   2.0350936183231912E-012
          11          18  -2.6321701800593825E-011
          11          19  -2.9757577394425423E-011
          11          20   1.0066781609296936E-012
          11          21  -1.4680230774202204E-012
          11          22   5.1656103277770836E-012
          11          23   3.2280679097420248E-011
          11          24  -3.1479285669120813E-011
          11          25  -3.4485069911908902E-011
          11          26  -2.0396544818164693E-012
          11          27  -1.9979426917732472E-012
          11          28   7.2448899708664769E-012
          11          29   2.9685361650762931E-011
          12           1  -4.1141693971204709E-013
          12           2   1.5292138683154843E-012
          12           3  -1.2728086126591047E-010
          12           4  -5.2704520463479232E-002
          12           5   2.5084362453338054E-010
          12           6  -3.5273475052280732E-012
          12           7   3.5229807257240861E-010
          12           8  0.10370259722134254     
          12           9  -7.0181967174817740E-010
          12          10   1.6951359221158688E-012
          12          11   3.2022934120251734E-011
          12          12   5.1050655376438867E-003
          12          13  -6.9084728477463278E-011
          12          14  -2.4444104631846757E-012
          12          15  -1.3815377047938570E-011
          12          16  -2.0467322802805105E-003
          12          17   2.8457160346538551E-011
          12          18  -1.4872353971113070E-012
          12          19  -2.4873185351203738E-011
          12          20   5.0557706235470861E-013
          12          21  -4.0650253684635393E-013
          12          22   5.1518539778660932E-012
          12          23   8.8953308472844786E-013
          12          24  -1.3038731853845298E-012
          12          25  -2.5046531245506389E-011
          12          26   1.1549473108562145E-012
          12          27  -2.3738438164235185E-013
          12          28   5.0409517448308317E-012
          12          29   3.1981013307185207E-012
          13           1  -2.4532104355678620E-012
          13           2   1.1635238069105074E-011
          13           3  -1.4886587678481876E-011
          13           4   2.4552327607190686E-010
          13           5  -5.2704860224763103E-002
          13           6  -2.0561137376646981E-011
          13           7   4.8392169465509194E-011
          13           8  -6.9425523487653700E-010
          13           9  0.10370355325909200     
          13          10   8.8940943665618681E-011
          13          11  -1.0469601821450487E-012
          13          12  -6.9084728477463278E-011
          13          13   5.1051678140196389E-003
          13          14  -1.0841981145065430E-010
          13          15   1.9373707968129804E-012
          13          16   3.0352428734619544E-011
          13          17  -2.0467769770159431E-003
          13          18  -4.2178537977603580E-012
          13          19   1.4699302017024569E-011
          13          20  -6.5243841586109886E-013
          13          21   1.1118755519572969E-012
          13          22  -1.2210333928144206E-011
          13          23   3.1844794569371485E-012
          13          24   1.3149907848513899E-011
          13          25   1.2945053155012913E-011
          13          26   1.5318532979138665E-011
          13          27   3.2612862645937693E-013
          13          28  -1.3797136164868175E-011
          13          29   1.8561576116711194E-011
          14           1  -1.8486740398876388E-002
          14           2   6.0841254033312885E-002
          14           3  -5.0531336814150374E-011
          14           4  -6.2114065253700814E-012
          14           5  -4.6175211662964928E-011
          14           6 -0.20627541423926915     
          14           7   1.0594492812842775E-010
          14           8   1.7233880362965831E-011
          14           9   1.2174604268202796E-010
          14          10  0.54494288197665253     
          14          11  -1.0533867135593906E-011
          14          12  -2.4444104631846757E-012
          14          13  -1.0841981145065430E-010
          14          14  0.36993151775942812     
          14          15   9.9502559930885257E-012
          14          16  -3.2573787674406089E-012
          14          17  -9.7165317679003035E-011
          14          18  -2.0342750608765076E-002
          14          19   8.3106218271570399E-011
          14          20  -2.0341021870940133E-002
          14          21   7.8225147741602540E-013
          14          22  -2.0273012191294225E-010
          14          23  -2.0342128703144176E-002
          14          24  -7.3071333387196465E-003
          14          25  -5.3020861611522476E-010
          14          26  -7.3072210271428774E-003
          14          27   1.1441333382876926E-012
          14          28   1.1979904946469171E-009
          14          29  -7.3107413753994615E-003
          15           1  -2.7551224983205284E-013
          15           2   9.7731897355094752E-013
          15           3   2.2819480027541153E-002
          15           4   4.9898451157418734E-011
          15           5  -2.2696140188847119E-011
          15           6  -1.5644078427747944E-012
          15           7  -4.1222433483141356E-002
          15           8  -1.4142856007135652E-010
          15           9   6.0745850769293394E-011
          15          10   5.0888779352980978E-012
          15          11  -2.0466734321243881E-003
          15          12  -1.3815377047938570E-011
          15          13   1.9373707968129804E-012
          15          14   9.9502559930885257E-012
          15          15   8.2224958460313385E-004
          15          16   5.7996597835576998E-012
          15          17  -1.4206617193733512E-012
          15          18   4.6444581141157066E-012
          15          19   4.5524377268143365E-012
          15          20  -2.4307536041149977E-014
          15          21   5.9037493595020378E-013
          15          22  -8.6240832105499391E-013
          15          23  -6.2789662918353713E-012
          15          24   4.5157753992486617E-012
          15          25   6.1813733116813681E-012
          15          26  -7.8497675025694550E-013
          15          27   7.9715388116199211E-013
          15          28  -1.6532249414819775E-012
          15          29  -7.0014796552732307E-012
          16           1   2.7027787334997372E-013
          16           2  -9.2339864891506732E-013
          16           3   5.6076502124688584E-011
          16           4   2.2819711185197968E-002
          16           5  -1.2484749426900578E-010
          16           6   2.5994405265496546E-012
          16           7  -1.5489902682750404E-010
          16           8  -4.1223090274712930E-002
          16           9   3.4182975700476852E-010
          16          10  -3.1386191558011676E-012
          16          11  -1.3503058744045603E-011
          16          12  -2.0467322802805105E-003
          16          13   3.0352428734619544E-011
          16          14  -3.2573787674406089E-012
          16          15   5.7996597835576998E-012
          16          16   8.2227423048263949E-004
          16          17  -1.2466598674794328E-011
          16          18   7.0721546423256180E-013
          16          19   1.3504975804896200E-011
          16          20  -5.5209551408835757E-014
          16          21   1.6262508168887076E-013
          16          22  -1.9932178281118597E-012
          16          23  -1.7617864468334967E-013
          16          24   7.8625976260182994E-013
          16          25   1.3698616507243022E-011
          16          26  -1.6172724168555281E-013
          16          27   9.4922541118538258E-014
          16          28  -1.9468388321715403E-012
          16          29  -9.4364593643121035E-013
          17           1   2.9978713203486188E-012
          17           2  -9.8059562041664294E-012
          17           3  -7.9444492190769757E-012
          17           4  -1.0385475654757556E-010
          17           5   2.2819877517665219E-002
          17           6   2.8223385711820127E-011
          17           7   1.6176139385940440E-011
          17           8   2.9537823791255315E-010
          17           9  -4.1223560157925540E-002
          17          10  -6.8000751011719713E-011
          17          11   2.0350936183231912E-012
          17          12   2.8457160346538551E-011
          17          13  -2.0467769770159431E-003
          17          14  -9.7165317679003035E-011
          17          15  -1.4206617193733512E-012
          17          16  -1.2466598674794328E-011
          17          17   8.2229361393889818E-004
          17          18   3.3516722817122113E-012
          17          19   4.5480168813827199E-012
          17          20   3.6230137036635535E-012
          17          21  -4.4468471490812267E-013
          17          22   3.6375869687292548E-012
          17          23   3.7649508880295028E-012
          17          24   5.6690590651110715E-012
          17          25   5.6108834246719187E-012
          17          26   6.5545457086506756E-012
          17          27  -1.3053590147552736E-013
          17          28   4.2295172103569656E-012
          17          29   6.9953329543101198E-012
          18           1  -3.9430324341634501E-002
          18           2 -0.15786857560671219     
          18           3  -2.1254661646253908E-011
          18           4   5.0068590241329461E-012
          18           5  -1.4105915341028113E-012
          18           6  0.15435161772293626     
          18           7   1.8883816203330629E-011
          18           8  -1.4801364224830976E-011
          18           9   1.3513139076085559E-011
          18          10  -3.2994262424882445E-002
          18          11  -2.6321701800593825E-011
          18          12  -1.4872353971113070E-012
          18          13  -4.2178537977603580E-012
          18          14  -2.0342750608765076E-002
          18          15   4.6444581141157066E-012
          18          16   7.0721546423256180E-013
          18          17   3.3516722817122113E-012
          18          18  0.28401138668110726     
          18          19  -9.6014955558154768E-008
          18          20   2.5055119512978161E-002
          18          21  -2.1039105902976744E-013
          18          22   2.6554709366839723E-007
          18          23 -0.23403212856473959     
          18          24  0.27562428026227492     
          18          25  -9.9017136857033451E-008
          18          26   7.6531942530494897E-003
          18          27  -2.3366207079673238E-013
          18          28   2.7513161543339329E-007
          18          29 -0.26045341674841488     
          19           1  -1.1137935658079574E-010
          19           2   4.3093990378990198E-010
          19           3  -8.5812343382660483E-012
          19           4  -3.5990319559155387E-012
          19           5  -3.3943935015163526E-012
          19           6  -9.6653210127095104E-010
          19           7   2.3078687878365331E-011
          19           8   1.0319222941463046E-011
          19           9   3.7204530416841466E-012
          19          10   2.1416256586703047E-010
          19          11  -2.9757577394425423E-011
          19          12  -2.4873185351203738E-011
          19          13   1.4699302017024569E-011
          19          14   8.3106218271570399E-011
          19          15   4.5524377268143365E-012
          19          16   1.3504975804896200E-011
          19          17   4.5480168813827199E-012
          19          18  -9.6014955558154768E-008
          19          19  0.34539187777147090     
          19          20   1.9118280172530181E-007
          19          21   2.7353890258402873E-007
          19          22  -5.4315346466116520E-013
          19          23  -9.5483810471273801E-008
          19          24  -9.9021125023942287E-008
          19          25  0.35741528937246170     
          19          26   1.9793025449723181E-007
          19          27   2.8305693288088746E-007
          19          28   7.7860968634606949E-013
          19          29  -9.8956360331115660E-008
          20           1  -3.9430900293061011E-002
          20           2 -0.15786638075186810     
          20           3  -1.1927419026556540E-012
          20           4  -5.1107914398557028E-012
          20           5   9.3820571882314374E-012
          20           6  0.15434663247559594     
          20           7  -1.9751899289250611E-011
          20           8   1.4023130778370430E-011
          20           9  -7.0889124697366576E-012
          20          10  -3.2989416910460277E-002
          20          11   1.0066781609296936E-012
          20          12   5.0557706235470861E-013
          20          13  -6.5243841586109886E-013
          20          14  -2.0341021870940133E-002
          20          15  -2.4307536041149977E-014
          20          16  -5.5209551408835757E-014
          20          17   3.6230137036635535E-012
          20          18   2.5055119512978161E-002
          20          19   1.9118280172530181E-007
          20          20   2.5010841230796242E-002
          20          21   2.8909590226135650E-013
          20          22  -5.3133787449747776E-007
          20          23   2.4966853151410992E-002
          20          24   7.6534407625611046E-003
          20          25   1.9793320520714093E-007
          20          26   7.6079367379669575E-003
          20          27   2.6863907215725208E-013
          20          28  -5.5005551366725594E-007
          20          29   7.5627596861266039E-003
          21           1   3.0438721182237589E-016
          21           2  -7.3121836273894266E-014
          21           3   1.6689603444442320E-011
          21           4   3.4282760686921579E-012
          21           5  -8.7529750014833340E-012
          21           6  -3.8229522969764409E-014
          21           7  -2.9612848671683845E-011
          21           8  -9.4219124043552549E-012
          21           9   2.7330855964326131E-011
          21          10  -7.6661758058526408E-014
          21          11  -1.4680230774202204E-012
          21          12  -4.0650253684635393E-013
          21          13   1.1118755519572969E-012
          21          14   7.8225147741602540E-013
          21          15   5.9037493595020378E-013
          21          16   1.6262508168887076E-013
          21          17  -4.4468471490812267E-013
          21          18  -2.1039105902976744E-013
          21          19   2.7353890258402873E-007
          21          20   2.8909590226135650E-013
          21          21   2.4319280416058560E-013
          21          22  -9.5776970326164418E-008
          21          23  -1.0801509586591976E-013
          21          24  -2.9131586182312034E-013
          21          25   2.8306104547813112E-007
          21          26   2.2550198161648933E-013
          21          27   2.5165523887755499E-013
          21          28  -9.9111679777982432E-008
          21          29  -1.8546439807330613E-013
          22           1   2.5563692984151895E-010
          22           2  -9.8884222574881885E-010
          22           3   2.7659356643457862E-012
          22           4  -2.2386641861565723E-012
          22           5  -1.7528094511090368E-011
          22           6   2.2203243265127208E-009
          22           7  -9.8492120760173079E-012
          22           8   6.1435689135324588E-012
          22           9   5.0985925476904361E-011
          22          10  -4.8006506681707708E-010
          22          11   5.1656103277770836E-012
          22          12   5.1518539778660932E-012
          22          13  -1.2210333928144206E-011
          22          14  -2.0273012191294225E-010
          22          15  -8.6240832105499391E-013
          22          16  -1.9932178281118597E-012
          22          17   3.6375869687292548E-012
          22          18   2.6554709366839723E-007
          22          19  -5.4315346466116520E-013
          22          20  -5.3133787449747776E-007
          22          21  -9.5776970326164418E-008
          22          22  0.34538964897807373     
          22          23   2.6651425004738978E-007
          22          24   2.7513143667913066E-007
          22          25  -5.7609890325440390E-014
          22          26  -5.5005801950676341E-007
          22          27  -9.9110791047359004E-008
          22          28  0.35741523428790822     
          22          29   2.7501983025222905E-007
          23           1  -3.9431096883025887E-002
          23           2 -0.15786558760100727     
          23           3  -2.6939736917362210E-011
          23           4  -2.9516192385152687E-012
          23           5   1.1114075050184614E-011
          23           6  0.15434491145907692     
          23           7   2.8779908991825122E-011
          23           8   6.8391065329893518E-012
          23           9  -1.4239956023202072E-011
          23          10  -3.2992793367783352E-002
          23          11   3.2280679097420248E-011
          23          12   8.8953308472844786E-013
          23          13   3.1844794569371485E-012
          23          14  -2.0342128703144176E-002
          23          15  -6.2789662918353713E-012
          23          16  -1.7617864468334967E-013
          23          17   3.7649508880295028E-012
          23          18 -0.23403212856473959     
          23          19  -9.5483810471273801E-008
          23          20   2.4966853151410992E-002
          23          21  -1.0801509586591976E-013
          23          22   2.6651425004738978E-007
          23          23  0.28409746305719236     
          23          24 -0.26045341575090264     
          23          25  -9.8957695942292162E-008
          23          26   7.5625032677689068E-003
          23          27  -1.5683007781136924E-013
          23          28   2.7501883632272521E-007
          23          29  0.27571467052344106     
          24           1   6.6237189998689678E-003
          24           2  -6.8757114134492814E-002
          24           3  -6.3982873463808460E-012
          24           4   8.7741552738572544E-012
          24           5  -7.0407264664570483E-012
          24           6   4.3259082589984177E-002
          24           7   8.1736596543970869E-013
          24           8  -2.4250927757360845E-011
          24           9   1.7673168674538562E-011
          24          10  -8.7337326663910232E-003
          24          11  -3.1479285669120813E-011
          24          12  -1.3038731853845298E-012
          24          13   1.3149907848513899E-011
          24          14  -7.3071333387196465E-003
          24          15   4.5157753992486617E-012
          24          16   7.8625976260182994E-013
          24          17   5.6690590651110715E-012
          24          18  0.27562428026227492     
          24          19  -9.9021125023942287E-008
          24          20   7.6534407625611046E-003
          24          21  -2.9131586182312034E-013
          24          22   2.7513143667913066E-007
          24          23 -0.26045341575090264     
          24          24  0.28021379385137324     
          24          25  -1.0218229862974969E-007
          24          26   2.9141388804366630E-003
          24          27  -3.3417972051231378E-013
          24          28   2.8521317639860992E-007
          24          29 -0.27452634969342105     
          25           1  -3.0194060345320808E-011
          25           2   1.1813738305991056E-010
          25           3   1.7313910913478057E-011
          25           4  -9.2920021983870221E-012
          25           5   1.5895988144780727E-011
          25           6  -1.0653862958332527E-010
          25           7  -5.9761939185985225E-011
          25           8   2.5968793357173587E-011
          25           9  -4.2986421931398669E-011
          25          10  -6.3751730947261952E-010
          25          11  -3.4485069911908902E-011
          25          12  -2.5046531245506389E-011
          25          13   1.2945053155012913E-011
          25          14  -5.3020861611522476E-010
          25          15   6.1813733116813681E-012
          25          16   1.3698616507243022E-011
          25          17   5.6108834246719187E-012
          25          18  -9.9017136857033451E-008
          25          19  0.35741528937246170     
          25          20   1.9793320520714093E-007
          25          21   2.8306104547813112E-007
          25          22  -5.7609890325440390E-014
          25          23  -9.8957695942292162E-008
          25          24  -1.0218229862974969E-007
          25          25  0.36985724708246803     
          25          26   2.0485267257995021E-007
          25          27   2.9291040723717324E-007
          25          28   1.3277260698112943E-012
          25          29  -1.0262252881223400E-007
          26           1   6.6234040012061908E-003
          26           2  -6.8755926176943052E-002
          26           3  -9.7052920476658572E-013
          26           4  -5.4382092698295732E-012
          26           5   1.2152428712429408E-011
          26           6   4.3256813578451001E-002
          26           7  -1.4836010928723942E-011
          26           8   1.4703960023530904E-011
          26           9  -3.5718008486320053E-011
          26          10  -8.7306905114939732E-003
          26          11  -2.0396544818164693E-012
          26          12   1.1549473108562145E-012
          26          13   1.5318532979138665E-011
          26          14  -7.3072210271428774E-003
          26          15  -7.8497675025694550E-013
          26          16  -1.6172724168555281E-013
          26          17   6.5545457086506756E-012
          26          18   7.6531942530494897E-003
          26          19   1.9793025449723181E-007
          26          20   7.6079367379669575E-003
          26          21   2.2550198161648933E-013
          26          22  -5.5005801950676341E-007
          26          23   7.5625032677689068E-003
          26          24   2.9141388804366630E-003
          26          25   2.0485267257995021E-007
          26          26   2.8674523671673559E-003
          26          27   1.8553825064493459E-013
          26          28  -5.6928332087223837E-007
          26          29   2.8205136214612672E-003
          27           1  -3.0890585169324005E-014
          27           2   1.4812673735966508E-013
          27           3   1.6060187910978954E-011
          27           4   1.9878943187994174E-012
          27           5  -3.4333591851291313E-012
          27           6  -2.0035278663826586E-013
          27           7  -4.3242997955830148E-011
          27           8  -5.4218685030482883E-012
          27           9   5.8422649637818765E-012
          27          10  -1.5264307282085468E-013
          27          11  -1.9979426917732472E-012
          27          12  -2.3738438164235185E-013
          27          13   3.2612862645937693E-013
          27          14   1.1441333382876926E-012
          27          15   7.9715388116199211E-013
          27          16   9.4922541118538258E-014
          27          17  -1.3053590147552736E-013
          27          18  -2.3366207079673238E-013
          27          19   2.8305693288088746E-007
          27          20   2.6863907215725208E-013
          27          21   2.5165523887755499E-013
          27          22  -9.9110791047359004E-008
          27          23  -1.5683007781136924E-013
          27          24  -3.3417972051231378E-013
          27          25   2.9291040723717324E-007
          27          26   1.8553825064493459E-013
          27          27   2.6041214559716118E-013
          27          28  -1.0256157562069519E-007
          27          29  -2.5477308951741177E-013
          28           1   6.9498176608255333E-011
