           1           1   2.1740293392143375     
           1           2 -0.68047698821882663     
           1           3  -1.1956850043138650E-014
           1           4  -9.1653208301007898E-015
           1           5  -5.6193753564598631E-015
           1           6   4.7499805821707743E-002
           1           7   6.9729607281076839E-015
           1           8   2.8335964137974600E-015
           1           9   2.1978465606799159E-015
           1          10   1.0723678257541929E-002
           1          11  -1.6741685268611430E-015
           1          12  -1.5179299439076874E-015
           1          13  -1.3115322040933955E-015
           1          14  -4.7705145511337003E-003
           1          15   1.4313617980423588E-015
           1          16   2.2316630969774356E-015
           1          17  -9.2341228042578426E-016
           1          18   8.2276222058209586E-002
           1          19  -5.4995719142407969E-016
           1          20   8.5387970634710944E-002
           1          21   5.3415588620981619E-015
           1          22   7.4121468841127217E-015
           1          23   8.3528851473265345E-002
           1          24   1.9364006464327550E-003
           1          25  -3.2841819990119644E-015
           1          26   2.7133102762174899E-003
           1          27  -1.9480509163431280E-015
           1          28  -5.1229572906605602E-015
           1          29   2.2587249271808470E-003
           2           1 -0.68047698821882663     
           2           2   2.6751303763859178     
           2           3   5.4804601844066353E-014
           2           4   2.1184913100390410E-014
           2           5   2.9053734672468741E-015
           2           6  0.17055484240275715     
           2           7  -1.0239485608932929E-014
           2           8  -7.3635836056709552E-015
           2           9  -3.2553188555560669E-015
           2          10  -3.9646404924965774E-002
           2          11   1.9983385736941042E-015
           2          12   1.2585113847872925E-015
           2          13   3.2667462403329521E-015
           2          14   1.9693561693167910E-002
           2          15   3.7285009553181227E-015
           2          16   1.8632249220202288E-015
           2          17  -8.0339431684715867E-016
           2          18 -0.51763414719514778     
           2          19   3.0809385371739431E-015
           2          20 -0.53002443206683192     
           2          21  -2.5238792189155704E-014
           2          22  -1.5119086985521575E-014
           2          23 -0.52262897378054884     
           2          24  -2.9412550039146609E-002
           2          25  -1.8775508945902579E-015
           2          26  -3.2292189896937565E-002
           2          27  -4.0393538020792210E-015
           2          28   2.3277883700183164E-015
           2          29  -3.0606643331728939E-002
           3           1  -1.1956850043138650E-014
           3           2   5.4804601844066353E-014
           3           3   2.2428295759030497     
           3           4   2.1050207330829334E-013
           3           5   8.3812473429067481E-013
           3           6   1.0203601064744063E-014
           3           7 -0.74436388670205345     
           3           8   9.7249792705095125E-015
           3           9  -5.2625814602171696E-015
           3          10   5.6640804274188302E-016
           3          11   5.3080645833316981E-002
           3          12   7.4899066888122331E-016
           3          13   3.7745272003483649E-015
           3          14  -5.3090128159574726E-016
           3          15  -3.1350902969945749E-002
           3          16  -6.6569802053398321E-016
           3          17  -2.2629403875156111E-015
           3          18  -6.8999775130005747E-015
           3          19   3.0474833445854068E-015
           3          20  -2.8085102894324993E-015
           3          21  -1.2939068255197301E-014
           3          22  -2.1173111015234265E-014
           3          23  -2.2447138495784543E-015
           3          24  -1.6962177950789906E-015
           3          25  -3.0320558211549509E-015
           3          26   3.1824519014263086E-016
           3          27   3.3405397205026295E-015
           3          28  -2.0526516393718413E-016
           3          29   5.2313690903599050E-016
           4           1  -9.1653208301007898E-015
           4           2   2.1184913100390410E-014
           4           3   2.1050207330829334E-013
           4           4   2.2430352764371975     
           4           5  -8.2359580001774565E-013
           4           6  -9.3193158515356780E-016
           4           7   1.0519216140207954E-014
           4           8 -0.74509747384186287     
           4           9  -6.3032091055890801E-014
           4          10   2.2103387225790275E-015
           4          11   2.5832351868731966E-016
           4          12   5.5050890767863805E-002
           4          13  -5.4848066121873574E-016
           4          14  -1.3543372360437943E-015
           4          15  -3.7732462181491122E-017
           4          16  -3.2181391872141266E-002
           4          17  -3.3671100261973737E-016
           4          18   6.0203697480038258E-015
           4          19  -2.0605565963601973E-015
           4          20  -6.8139443415066798E-015
           4          21  -1.5833486253183129E-014
           4          22  -2.6265606228003385E-014
           4          23  -1.7322622013013865E-015
           4          24   1.1542214232963918E-015
           4          25  -1.6402506757460258E-015
           4          26  -1.8481521586544745E-015
           4          27   6.9209893693333374E-016
           4          28  -1.3520611009072898E-015
           4          29   9.4885686137839931E-016
           5           1  -5.6193753564598631E-015
           5           2   2.9053734672468741E-015
           5           3   8.3812473429067481E-013
           5           4  -8.2359580001774565E-013
           5           5   2.2429186859687475     
           5           6   1.3548960053833390E-014
           5           7  -6.6432796483411401E-015
           5           8  -6.4422641882534227E-014
           5           9 -0.74468145635593608     
           5          10  -4.7918191238516274E-016
           5          11   8.6285994801235513E-015
           5          12  -3.6051714153248576E-015
           5          13   5.3928899358302598E-002
           5          14  -2.1063497998757907E-015
           5          15  -4.5913754924674623E-015
           5          16   1.4520119797214344E-015
           5          17  -3.1707906168908451E-002
           5          18  -7.6527225894388183E-015
           5          19  -9.3407600968101257E-015
           5          20  -1.3628861166902558E-014
           5          21   4.2035294717495504E-014
           5          22   5.1653667891887328E-014
           5          23   6.2514099208731937E-015
           5          24  -2.3779481165384514E-015
           5          25   1.2153539355918224E-015
           5          26   1.2497453463921083E-016
           5          27  -2.5780964603202973E-015
           5          28  -1.9308579306703278E-015
           5          29  -4.5980938867743346E-016
           6           1   4.7499805821707743E-002
           6           2  0.17055484240275715     
           6           3   1.0203601064744063E-014
           6           4  -9.3193158515356780E-016
           6           5   1.3548960053833390E-014
           6           6  0.79491663764023479     
           6           7   1.0494035317005930E-015
           6           8   4.4165466406817014E-015
           6           9  -5.5245023183426428E-015
           6          10   9.6293215003469768E-002
           6          11  -8.3570602383265916E-016
           6          12   4.2579725219072436E-016
           6          13   2.7792881608566984E-015
           6          14  -4.0558303722953944E-002
           6          15   2.8202303314198278E-015
           6          16  -1.5790882345697067E-015
           6          17  -1.9356652116354122E-015
           6          18  0.16474260225499016     
           6          19   2.6036594462254634E-014
           6          20  0.18675320823016778     
           6          21  -7.5145108937402338E-014
           6          22  -1.0401005810872838E-013
           6          23  0.17368683423052372     
           6          24  -4.7658601503351723E-002
           6          25  -5.9462627879187771E-016
           6          26  -4.4722179284493596E-002
           6          27   5.5532356413645427E-015
           6          28   4.2669399601239047E-015
           6          29  -4.6447978013357906E-002
           7           1   6.9729607281076839E-015
           7           2  -1.0239485608932929E-014
           7           3 -0.74436388670205345     
           7           4   1.0519216140207954E-014
           7           5  -6.6432796483411401E-015
           7           6   1.0494035317005930E-015
           7           7   2.2793364396315487     
           7           8  -2.9617418828439327E-014
           7           9   1.6892153128882560E-014
           7          10   1.4548925104434296E-015
           7          11 -0.13014633415389334     
           7          12  -2.9808954899676504E-015
           7          13  -8.7879558663936562E-015
           7          14   1.1527264753933656E-015
           7          15   7.9050144036315689E-002
           7          16   2.6466543474551597E-015
           7          17   5.7962557553618584E-015
           7          18   7.0549282972076548E-015
           7          19  -8.0821207301524840E-015
           7          20  -5.0336338015813969E-015
           7          21   4.0455289856122475E-014
           7          22   6.9779941528342051E-014
           7          23  -5.1871943185436482E-015
           7          24   1.0798659524428623E-015
           7          25   7.7789043524465916E-015
           7          26  -3.6559535712823880E-015
           7          27  -8.5793063847318859E-015
           7          28  -8.0281907178153129E-017
           7          29  -3.6961882783186165E-015
           8           1   2.8335964137974600E-015
           8           2  -7.3635836056709552E-015
           8           3   9.7249792705095125E-015
           8           4 -0.74509747384186287     
           8           5  -6.4422641882534227E-014
           8           6   4.4165466406817014E-015
           8           7  -2.9617418828439327E-014
           8           8   2.2819435643776158     
           8           9   1.9423144695162129E-013
           8          10  -2.9281128449926664E-015
           8          11  -6.6253369922021962E-015
           8          12 -0.13677192271443547     
           8          13   6.7680812724632283E-016
           8          14  -2.0221396692339571E-015
           8          15   3.4851504567192578E-015
           8          16   8.1888974753602406E-002
           8          17   6.0175668435604885E-016
           8          18  -2.0622513853165107E-014
           8          19  -1.0569029577365148E-015
           8          20   1.7738884549022894E-014
           8          21   5.8177726076700331E-014
           8          22   8.8920943244221304E-014
           8          23   3.3306085787773281E-015
           8          24  -3.9625090595554287E-015
           8          25   7.6898602229791457E-015
           8          26   4.9166722659495644E-015
           8          27  -1.8068857879586154E-015
           8          28   2.8234530492618522E-015
           8          29  -5.1482179347022699E-015
           9           1   2.1978465606799159E-015
           9           2  -3.2553188555560669E-015
           9           3  -5.2625814602171696E-015
           9           4  -6.3032091055890801E-014
           9           5 -0.74468145635593608     
           9           6  -5.5245023183426428E-015
           9           7   1.6892153128882560E-014
           9           8   1.9423144695162129E-013
           9           9   2.2804642646179270     
           9          10   3.0464326175416885E-016
           9          11  -4.2787243037669207E-015
           9          12  -7.2498669872220083E-015
           9          13 -0.13299653123824706     
           9          14  -7.3707807400268496E-016
           9          15   3.7807209140601289E-016
           9          16   6.7718736194082284E-015
           9          17   8.0269330512057480E-002
           9          18   8.2021384552551349E-015
           9          19   2.7378255276018904E-014
           9          20   1.6929945383730842E-014
           9          21  -1.1884962193837078E-013
           9          22  -1.5265411680810222E-013
           9          23  -2.5277588639934568E-014
           9          24   6.2091297017271195E-015
           9          25  -1.7998068362567333E-015
           9          26   4.4311285190180987E-015
           9          27   1.0086125648937810E-014
           9          28   7.1818171891133552E-016
           9          29  -2.8015935892844455E-015
          10           1   1.0723678257541929E-002
          10           2  -3.9646404924965774E-002
          10           3   5.6640804274188302E-016
          10           4   2.2103387225790275E-015
          10           5  -4.7918191238516274E-016
          10           6   9.6293215003469768E-002
          10           7   1.4548925104434296E-015
          10           8  -2.9281128449926664E-015
          10           9   3.0464326175416885E-016
          10          10   1.7234364432859976E-002
          10          11  -2.2978557668910152E-016
          10          12   3.5872720593807481E-016
          10          13   1.6776525194006572E-016
          10          14  -7.6997568283411226E-003
          10          15   2.9718165559931905E-016
          10          16  -3.1599318421762353E-016
          10          17  -9.8517400143482751E-017
          10          18   4.4857474921766796E-002
          10          19   5.7213085214781866E-015
          10          20   4.6849158951978817E-002
          10          21  -3.6873631294512145E-014
          10          22  -3.5319505261606170E-014
          10          23   4.5666755678022961E-002
          10          24  -9.1601002654833445E-003
          10          25  -7.3503624250611278E-017
          10          26  -8.8925452186977526E-003
          10          27   1.1327382816437132E-015
          10          28   3.2188986845410981E-015
          10          29  -9.0497827099786324E-003
          11           1  -1.6741685268611430E-015
          11           2   1.9983385736941042E-015
          11           3   5.3080645833316981E-002
          11           4   2.5832351868731966E-016
          11           5   8.6285994801235513E-015
          11           6  -8.3570602383265916E-016
          11           7 -0.13014633415389334     
          11           8  -6.6253369922021962E-015
          11           9  -4.2787243037669207E-015
          11          10  -2.2978557668910152E-016
          11          11   1.3332259945012958E-002
          11          12   2.2738923095828074E-016
          11          13   1.7769872784031385E-016
          11          14  -2.1302774212707623E-016
          11          15  -7.1786714440547870E-003
          11          16  -2.6693153025676673E-016
          11          17  -3.5301692105781635E-016
          11          18   1.3016094164846488E-015
          11          19   7.1593425129298432E-015
          11          20  -9.9215396793716367E-016
          11          21  -3.9975483131563927E-014
          11          22  -4.1984036346979239E-014
          11          23  -5.0993583824797693E-016
          11          24   4.0216092067188328E-016
          11          25  -2.0996983723345997E-016
          11          26  -2.5716077167760783E-017
          11          27   1.0412896227239011E-015
          11          28   1.3644332007771536E-015
          11          29   2.8925931857837464E-017
          12           1  -1.5179299439076874E-015
          12           2   1.2585113847872925E-015
          12           3   7.4899066888122331E-016
          12           4   5.5050890767863805E-002
          12           5  -3.6051714153248576E-015
          12           6   4.2579725219072436E-016
          12           7  -2.9808954899676504E-015
          12           8 -0.13677192271443547     
          12           9  -7.2498669872220083E-015
          12          10   3.5872720593807481E-016
          12          11   2.2738923095828074E-016
          12          12   1.3444756846761947E-002
          12          13   4.9326756104405955E-016
          12          14  -2.6430301903028950E-016
          12          15  -3.1563612943609461E-016
          12          16  -7.2865893492237788E-003
          12          17  -4.2267407973016227E-016
          12          18   1.3574810934603556E-015
          12          19   1.0526641212312307E-014
          12          20  -1.5369260871923293E-016
          12          21  -3.8690608614693091E-014
          12          22  -3.9288158467228524E-014
          12          23  -1.0026226935349216E-015
          12          24  -2.0877622239093111E-016
          12          25  -3.9097367322564751E-016
          12          26  -3.4216175545987914E-016
          12          27   8.9026195556612902E-016
          12          28   3.0362704559013247E-015
          12          29   7.8990815100424203E-017
          13           1  -1.3115322040933955E-015
          13           2   3.2667462403329521E-015
          13           3   3.7745272003483649E-015
          13           4  -5.4848066121873574E-016
          13           5   5.3928899358302598E-002
          13           6   2.7792881608566984E-015
          13           7  -8.7879558663936562E-015
          13           8   6.7680812724632283E-016
          13           9 -0.13299653123824706     
          13          10   1.6776525194006572E-016
          13          11   1.7769872784031385E-016
          13          12   4.9326756104405955E-016
          13          13   1.3371115380275174E-002
          13          14   6.0005038717497051E-017
          13          15  -5.3394921223319046E-017
          13          16  -3.3604323987132736E-016
          13          17  -7.2210256107643148E-003
          13          18  -6.0689802228456102E-016
          13          19  -6.4943053962429571E-016
          13          20  -1.2828077040567035E-015
          13          21   4.8184234166053273E-015
          13          22   3.2849602757008717E-017
          13          23   4.4886316200986729E-016
          13          24  -3.5761143989128865E-016
          13          25   4.1162383901178545E-017
          13          26  -2.4463124971074876E-017
          13          27  -1.2664164587930255E-016
          13          28  -3.1432623457584015E-015
          13          29  -2.5535121751674301E-016
          14           1  -4.7705145511337003E-003
          14           2   1.9693561693167910E-002
          14           3  -5.3090128159574726E-016
          14           4  -1.3543372360437943E-015
          14           5  -2.1063497998757907E-015
          14           6  -4.0558303722953944E-002
          14           7   1.1527264753933656E-015
          14           8  -2.0221396692339571E-015
          14           9  -7.3707807400268496E-016
          14          10  -7.6997568283411226E-003
          14          11  -2.1302774212707623E-016
          14          12  -2.6430301903028950E-016
          14          13   6.0005038717497051E-017
          14          14   3.4655023688272826E-003
          14          15   3.5088926346879092E-017
          14          16   1.5046360333358397E-016
          14          17  -2.5175513468254150E-017
          14          18  -2.0585008813632809E-002
          14          19  -5.8365371167972213E-015
          14          20  -2.1344145037001720E-002
          14          21   4.3394945919624721E-014
          14          22   4.5426382508150656E-014
          14          23  -2.0893487129901328E-002
          14          24   4.1830234411121140E-003
          14          25   1.0579314355236688E-016
          14          26   4.0816121602246149E-003
          14          27  -1.0861770563525195E-015
          14          28  -9.1267320121926432E-016
          14          29   4.1412129851246971E-003
          15           1   1.4313617980423588E-015
          15           2   3.7285009553181227E-015
          15           3  -3.1350902969945749E-002
          15           4  -3.7732462181491122E-017
          15           5  -4.5913754924674623E-015
          15           6   2.8202303314198278E-015
          15           7   7.9050144036315689E-002
          15           8   3.4851504567192578E-015
          15           9   3.7807209140601289E-016
          15          10   2.9718165559931905E-016
          15          11  -7.1786714440547870E-003
          15          12  -3.1563612943609461E-016
          15          13  -5.3394921223319046E-017
          15          14   3.5088926346879092E-017
          15          15   3.9454710373959725E-003
          15          16   2.3518251729450469E-016
          15          17   1.4840214955521048E-016
          15          18   9.9753896256323886E-016
          15          19  -7.1592107448526870E-015
          15          20  -5.6946700306530483E-016
          15          21   3.6685763345133902E-014
          15          22   3.9435724371183164E-014
          15          23  -1.9307385878670019E-015
          15          24  -4.1438830035716957E-016
          15          25   2.5164986771595085E-016
          15          26  -1.9434375092749821E-016
          15          27  -9.6036423466231775E-016
          15          28  -1.4026300706974249E-015
          15          29  -1.9153055312411456E-016
          16           1   2.2316630969774356E-015
          16           2   1.8632249220202288E-015
          16           3  -6.6569802053398321E-016
          16           4  -3.2181391872141266E-002
          16           5   1.4520119797214344E-015
          16           6  -1.5790882345697067E-015
          16           7   2.6466543474551597E-015
          16           8   8.1888974753602406E-002
          16           9   6.7718736194082284E-015
          16          10  -3.1599318421762353E-016
          16          11  -2.6693153025676673E-016
          16          12  -7.2865893492237788E-003
          16          13  -3.3604323987132736E-016
          16          14   1.5046360333358397E-016
          16          15   2.3518251729450469E-016
          16          16   4.0170757511793003E-003
          16          17   2.6581979321355495E-016
          16          18  -6.8306258300133030E-016
          16          19  -1.1954742204866597E-014
          16          20  -5.3193466862064061E-016
          16          21   5.4127265133076820E-014
          16          22   5.7663606071398297E-014
          16          23  -5.8464842990220001E-016
          16          24   1.7070809800933614E-017
          16          25   4.0650125582612149E-016
          16          26   1.6248638518350528E-016
          16          27  -1.2356804670242598E-015
          16          28  -2.0116589954372567E-015
          16          29  -9.8445858203086490E-017
          17           1  -9.2341228042578426E-016
          17           2  -8.0339431684715867E-016
          17           3  -2.2629403875156111E-015
          17           4  -3.3671100261973737E-016
          17           5  -3.1707906168908451E-002
          17           6  -1.9356652116354122E-015
          17           7   5.7962557553618584E-015
          17           8   6.0175668435604885E-016
          17           9   8.0269330512057480E-002
          17          10  -9.8517400143482751E-017
          17          11  -3.5301692105781635E-016
          17          12  -4.2267407973016227E-016
          17          13  -7.2210256107643148E-003
          17          14  -2.5175513468254150E-017
          17          15   1.4840214955521048E-016
          17          16   2.6581979321355495E-016
          17          17   3.9745001288782012E-003
          17          18   1.4590624294230382E-015
          17          19   4.4522333908508097E-015
          17          20   5.9417118065694298E-016
          17          21  -2.4871774598473530E-014
          17          22  -2.5177955813655465E-014
          17          23  -1.1186485859950289E-015
          17          24   2.1115389623782524E-016
          17          25  -1.2340580671577300E-016
          17          26   7.2935881956676868E-017
          17          27   6.3603824903339404E-016
          17          28   1.8423384277839727E-015
          17          29   1.3121268314669304E-016
          18           1   8.2276222058209586E-002
          18           2 -0.51763414719514778     
          18           3  -6.8999775130005747E-015
          18           4   6.0203697480038258E-015
          18           5  -7.6527225894388183E-015
          18           6  0.16474260225499016     
          18           7   7.0549282972076548E-015
          18           8  -2.0622513853165107E-014
          18           9   8.2021384552551349E-015
          18          10   4.4857474921766796E-002
          18          11   1.3016094164846488E-015
          18          12   1.3574810934603556E-015
          18          13  -6.0689802228456102E-016
          18          14  -2.0585008813632809E-002
          18          15   9.9753896256323886E-016
          18          16  -6.8306258300133030E-016
          18          17   1.4590624294230382E-015
          18          18   1.1156642769374878     
          18          19   2.8752282753334892E-014
          18          20  -1.5719514802091092E-002
          18          21   7.4843425392838792E-014
          18          22   1.1496928857770704E-013
          18          23 -0.52815126815275149     
          18          24  -4.0989582386447607E-002
          18          25   9.9986960367154471E-016
          18          26  -1.0069640737989369E-002
          18          27  -5.1253988766497198E-016
          18          28   4.1397039087926173E-014
          18          29   2.8714977885300253E-003
          19           1  -5.4995719142407969E-016
          19           2   3.0809385371739431E-015
          19           3   3.0474833445854068E-015
          19           4  -2.0605565963601973E-015
          19           5  -9.3407600968101257E-015
          19           6   2.6036594462254634E-014
          19           7  -8.0821207301524840E-015
          19           8  -1.0569029577365148E-015
          19           9   2.7378255276018904E-014
          19          10   5.7213085214781866E-015
          19          11   7.1593425129298432E-015
          19          12   1.0526641212312307E-014
          19          13  -6.4943053962429571E-016
          19          14  -5.8365371167972213E-015
          19          15  -7.1592107448526870E-015
          19          16  -1.1954742204866597E-014
          19          17   4.4522333908508097E-015
          19          18   2.8752282753334892E-014
          19          19   1.0178239933454494     
          19          20  -2.3788257356469988E-013
          19          21   6.6058269968019540E-015
          19          22   1.5007476640898875E-012
          19          23   1.8290357102364609E-013
          19          24  -2.7162625625506879E-015
          19          25  -2.3026282902600143E-002
          19          26   3.9468237383609441E-015
          19          27   2.2204460493893471E-015
          19          28   7.3961991345204589E-013
          19          29  -6.8724416806687795E-015
          20           1   8.5387970634710944E-002
          20           2 -0.53002443206683192     
          20           3  -2.8085102894324993E-015
          20           4  -6.8139443415066798E-015
          20           5  -1.3628861166902558E-014
          20           6  0.18675320823016778     
          20           7  -5.0336338015813969E-015
          20           8   1.7738884549022894E-014
          20           9   1.6929945383730842E-014
          20          10   4.6849158951978817E-002
          20          11  -9.9215396793716367E-016
          20          12  -1.5369260871923293E-016
          20          13  -1.2828077040567035E-015
          20          14  -2.1344145037001720E-002
          20          15  -5.6946700306530483E-016
          20          16  -5.3193466862064061E-016
          20          17   5.9417118065694298E-016
          20          18  -1.5719514802091092E-002
          20          19  -2.3788257356469988E-013
          20          20  0.24710249812961968     
          20          21   1.0992697352198236E-012
          20          22   7.6625416703628793E-013
          20          23  0.35810009639903523     
          20          24  -1.1070916949029347E-002
          20          25   5.6500710268377033E-015
          20          26  -1.6815482367195930E-002
          20          27  -2.3390568560989109E-014
          20          28  -2.5747437386199780E-013
          20          29  -2.0454713671037426E-002
          21           1   5.3415588620981619E-015
          21           2  -2.5238792189155704E-014
          21           3  -1.2939068255197301E-014
          21           4  -1.5833486253183129E-014
          21           5   4.2035294717495504E-014
          21           6  -7.5145108937402338E-014
          21           7   4.0455289856122475E-014
          21           8   5.8177726076700331E-014
          21           9  -1.1884962193837078E-013
          21          10  -3.6873631294512145E-014
          21          11  -3.9975483131563927E-014
          21          12  -3.8690608614693091E-014
          21          13   4.8184234166053273E-015
          21          14   4.3394945919624721E-014
          21          15   3.6685763345133902E-014
          21          16   5.4127265133076820E-014
          21          17  -2.4871774598473530E-014
          21          18   7.4843425392838792E-014
          21          19   6.6058269968019540E-015
          21          20   1.0992697352198236E-012
          21          21   1.0178239933454623     
          21          22   1.3018594457926225E-013
          21          23  -1.0284488612172610E-012
          21          24   1.3911186877249712E-014
          21          25  -1.7962194231863732E-014
          21          26  -1.6814482379083991E-014
          21          27  -2.3026282902617511E-002
          21          28   3.0776478380995090E-014
          21          29   4.3056150525916722E-014
          22           1   7.4121468841127217E-015
          22           2  -1.5119086985521575E-014
          22           3  -2.1173111015234265E-014
          22           4  -2.6265606228003385E-014
          22           5   5.1653667891887328E-014
          22           6  -1.0401005810872838E-013
          22           7   6.9779941528342051E-014
          22           8   8.8920943244221304E-014
          22           9  -1.5265411680810222E-013
          22          10  -3.5319505261606170E-014
          22          11  -4.1984036346979239E-014
          22          12  -3.9288158467228524E-014
          22          13   3.2849602757008717E-017
          22          14   4.5426382508150656E-014
          22          15   3.9435724371183164E-014
          22          16   5.7663606071398297E-014
          22          17  -2.5177955813655465E-014
          22          18   1.1496928857770704E-013
          22          19   1.5007476640898875E-012
          22          20   7.6625416703628793E-013
          22          21   1.3018594457926225E-013
          22          22   1.6300820366280386     
          22          23  -7.4370997035782722E-013
          22          24   6.0187916127402933E-014
          22          25   7.1498911735920269E-013
          22          26  -2.3035194401883555E-013
          22          27   4.3268732710162251E-014
          22          28  0.27795033873712977     
          22          29   2.2156172851203372E-013
          23           1   8.3528851473265345E-002
          23           2 -0.52262897378054884     
          23           3  -2.2447138495784543E-015
          23           4  -1.7322622013013865E-015
          23           5   6.2514099208731937E-015
          23           6  0.17368683423052372     
          23           7  -5.1871943185436482E-015
          23           8   3.3306085787773281E-015
          23           9  -2.5277588639934568E-014
          23          10   4.5666755678022961E-002
          23          11  -5.0993583824797693E-016
          23          12  -1.0026226935349216E-015
          23          13   4.4886316200986729E-016
          23          14  -2.0893487129901328E-002
          23          15  -1.9307385878670019E-015
          23          16  -5.8464842990220001E-016
          23          17  -1.1186485859950289E-015
          23          18 -0.52815126815275149     
          23          19   1.8290357102364609E-013
          23          20  0.35810009639903523     
          23          21  -1.0284488612172610E-012
          23          22  -7.4370997035782722E-013
          23          23  0.74901701589061886     
          23          24   2.4576609172225249E-003
          23          25  -4.5045531176199045E-015
          23          26  -1.9868307087454858E-002
          23          27   2.4632496061446531E-014
          23          28   2.1350786069031847E-013
          23          29  -3.0842126795953561E-002
          24           1   1.9364006464327550E-003
          24           2  -2.9412550039146609E-002
          24           3  -1.6962177950789906E-015
          24           4   1.1542214232963918E-015
          24           5  -2.3779481165384514E-015
          24           6  -4.7658601503351723E-002
          24           7   1.0798659524428623E-015
          24           8  -3.9625090595554287E-015
          24           9   6.2091297017271195E-015
          24          10  -9.1601002654833445E-003
          24          11   4.0216092067188328E-016
          24          12  -2.0877622239093111E-016
          24          13  -3.5761143989128865E-016
          24          14   4.1830234411121140E-003
          24          15  -4.1438830035716957E-016
          24          16   1.7070809800933614E-017
          24          17   2.1115389623782524E-016
          24          18  -4.0989582386447607E-002
          24          19  -2.7162625625506879E-015
          24          20  -1.1070916949029347E-002
          24          21   1.3911186877249712E-014
          24          22   6.0187916127402933E-014
          24          23   2.4576609172225249E-003
          24          24   7.2886114313954874E-003
          24          25   4.9044708508526738E-017
          24          26   6.5049534074368334E-003
          24          27  -2.0287739975482107E-016
          24          28   2.1408804781625200E-014
          24          29   6.1434848863012445E-003
          25           1  -3.2841819990119644E-015
          25           2  -1.8775508945902579E-015
          25           3  -3.0320558211549509E-015
          25           4  -1.6402506757460258E-015
          25           5   1.2153539355918224E-015
          25           6  -5.9462627879187771E-016
          25           7   7.7789043524465916E-015
          25           8   7.6898602229791457E-015
          25           9  -1.7998068362567333E-015
          25          10  -7.3503624250611278E-017
          25          11  -2.0996983723345997E-016
          25          12  -3.9097367322564751E-016
          25          13   4.1162383901178545E-017
          25          14   1.0579314355236688E-016
          25          15   2.5164986771595085E-016
          25          16   4.0650125582612149E-016
          25          17  -1.2340580671577300E-016
          25          18   9.9986960367154471E-016
          25          19  -2.3026282902600143E-002
          25          20   5.6500710268377033E-015
          25          21  -1.7962194231863732E-014
          25          22   7.1498911735920269E-013
          25          23  -4.5045531176199045E-015
          25          24   4.9044708508526738E-017
          25          25   5.2092474512007542E-004
          25          26  -6.1338218786667502E-017
          25          27   3.5275872941371283E-016
          25          28   3.6148093592753397E-013
          25          29   1.9795982100843462E-016
          26           1   2.7133102762174899E-003
          26           2  -3.2292189896937565E-002
          26           3   3.1824519014263086E-016
          26           4  -1.8481521586544745E-015
          26           5   1.2497453463921083E-016
          26           6  -4.4722179284493596E-002
          26           7  -3.6559535712823880E-015
          26           8   4.9166722659495644E-015
          26           9   4.4311285190180987E-015
          26          10  -8.8925452186977526E-003
          26          11  -2.5716077167760783E-017
          26          12  -3.4216175545987914E-016
          26          13  -2.4463124971074876E-017
          26          14   4.0816121602246149E-003
          26          15  -1.9434375092749821E-016
          26          16   1.6248638518350528E-016
          26          17   7.2935881956676868E-017
          26          18  -1.0069640737989369E-002
          26          19   3.9468237383609441E-015
          26          20  -1.6815482367195930E-002
          26          21  -1.6814482379083991E-014
          26          22  -2.3035194401883555E-013
          26          23  -1.9868307087454858E-002
          26          24   6.5049534074368334E-003
          26          25  -6.1338218786667502E-017
          26          26   6.7168738337011228E-003
          26          27   5.2610910962227333E-016
          26          28  -1.0297363874728437E-013
          26          29   6.7779035356225099E-003
          27           1  -1.9480509163431280E-015
          27           2  -4.0393538020792210E-015
          27           3   3.3405397205026295E-015
          27           4   6.9209893693333374E-016
          27           5  -2.5780964603202973E-015
          27           6   5.5532356413645427E-015
          27           7  -8.5793063847318859E-015
          27           8  -1.8068857879586154E-015
          27           9   1.0086125648937810E-014
          27          10   1.1327382816437132E-015
          27          11   1.0412896227239011E-015
          27          12   8.9026195556612902E-016
          27          13  -1.2664164587930255E-016
          27          14  -1.0861770563525195E-015
          27          15  -9.6036423466231775E-016
          27          16  -1.2356804670242598E-015
          27          17   6.3603824903339404E-016
          27          18  -5.1253988766497198E-016
          27          19   2.2204460493893471E-015
          27          20  -2.3390568560989109E-014
          27          21  -2.3026282902617511E-002
          27          22   4.3268732710162251E-014
          27          23   2.4632496061446531E-014
          27          24  -2.0287739975482107E-016
          27          25   3.5275872941371283E-016
          27          26   5.2610910962227333E-016
          27          27   5.2092474512085475E-004
          27          28   2.8920767357668631E-014
          27          29  -8.4992731770507956E-016
          28           1  -5.1229572906605602E-015
