           1           1   2.1853790249487570     
           1           2 -0.70042786577738791     
           1           3  -8.6722223710609695E-014
           1           4  -4.4289729281430077E-014
           1           5  -7.5885831771964406E-014
           1           6  0.81616600033799591     
           1           7   9.0970766849679447E-014
           1           8   1.6106957397143337E-013
           1           9  -1.0176397374018783E-013
           1          10   4.0341521306268405E-002
           1          11  -4.3507090553516171E-014
           1          12  -6.3638569997625604E-014
           1          13  -1.4192049108632267E-013
           1          14  -5.8375992922784142E-002
           1          15   1.2251095586437911E-013
           1          16   1.5552051741903153E-014
           1          17   2.2574601907069860E-014
           1          18   1.9721866816017022E-002
           1          19   1.6828087291915289E-013
           1          20   1.6583735383661531E-013
           1          21  -4.6167775191488926E-014
           1          22 -0.22003980180544763     
           1          23   6.7526721211053012E-015
           1          24 -0.22003980180533939     
           1          25   8.3468984099188533E-015
           1          26   3.6874793744362745E-014
           1          27 -0.22003980180535521     
           1          28  -5.7778072042478548E-002
           1          29  -2.4043630274343918E-014
           1          30  -5.7778072042001360E-002
           1          31  -5.3192825821857189E-016
           1          32   2.2491189232343453E-014
           1          33  -5.7778072042169712E-002
           2           1 -0.70042786577738791     
           2           2   2.9357325722412004     
           2           3   5.5934326005962582E-014
           2           4   8.1119090098584653E-014
           2           5   1.0809206183105859E-013
           2           6  -1.2525093566694212     
           2           7  -1.3833765388533141E-013
           2           8  -2.5761094053172538E-013
           2           9   3.0327133082647514E-013
           2          10 -0.43441271894933497     
           2          11   1.1572919217656512E-013
           2          12   1.2224656606242751E-013
           2          13   8.9449195821214300E-014
           2          14  0.13566685739991338     
           2          15  -1.6257277518155296E-013
           2          16  -1.6846642988431342E-013
           2          17  -1.9373189865276356E-014
           2          18  -9.2219833206009710E-002
           2          19  -1.9420409823196118E-013
           2          20  -2.0237056521152864E-013
           2          21  -4.5979006282010137E-014
           2          22 -0.12120537626935454     
           2          23  -2.3959072469396623E-014
           2          24 -0.12120537626886915     
           2          25  -1.4026717973770099E-014
           2          26   9.2938670551232858E-015
           2          27 -0.12120537626916822     
           2          28   9.0452961798010878E-002
           2          29  -1.4365044759774874E-014
           2          30   9.0452961797540130E-002
           2          31   5.3270283058000505E-015
           2          32   2.5728396580671737E-014
           2          33   9.0452961797747172E-002
           3           1  -8.6722223710609695E-014
           3           2   5.5934326005962582E-014
           3           3   2.4423745565525783     
           3           4  -7.7918574370450244E-014
           3           5  -8.4849878859150074E-014
           3           6  -1.4510654986070044E-013
           3           7  -1.2108818670282688     
           3           8   1.9187776367779463E-013
           3           9   1.1660117316125707E-013
           3          10  -5.6198311721722067E-013
           3          11  0.48301138552446027     
           3          12  -2.7443585598474485E-013
           3          13  -2.9454216843305403E-013
           3          14   4.2367454960727586E-014
           3          15   4.2093591130416622E-002
           3          16  -2.1290955110053744E-013
           3          17  -3.6772494771408759E-013
           3          18  -8.1527055441944896E-014
           3          19  -8.1936913797028332E-002
           3          20  -1.9053335298391261E-013
           3          21  -2.5619784072006269E-013
           3          22  -2.0277406882301735E-013
           3          23  -1.5914200415986487E-014
           3          24   1.5629444121303007E-014
           3          25  -5.0938969596232190E-014
           3          26   1.8437403339728237E-013
           3          27   4.4124683898494915E-014
           3          28  -4.0512636612647353E-013
           3          29  -9.9653595208924825E-014
           3          30   1.7877914964898384E-013
           3          31  -5.9876715261480365E-014
           3          32   1.8806193627191645E-013
           3          33  -2.7100581860626327E-013
           4           1  -4.4289729281430077E-014
           4           2   8.1119090098584653E-014
           4           3  -7.7918574370450244E-014
           4           4   2.4423745565524619     
           4           5  -1.1822937377378717E-013
           4           6   2.2802857288557350E-013
           4           7   1.5929792207547422E-013
           4           8  -1.2108818670280104     
           4           9   2.0309361831172268E-013
           4          10  -6.5924123606117096E-013
           4          11  -4.0223033237474226E-014
           4          12  0.48301138552439243     
           4          13  -3.6832255995156160E-013
           4          14  -3.6596695207631524E-013
           4          15   4.1699282915530489E-014
           4          16   4.2093591130533695E-002
           4          17  -2.0828738039879724E-013
           4          18  -3.1388938012810927E-013
           4          19   1.5511897322184609E-014
           4          20  -8.1936913796819791E-002
           4          21  -2.7643772687602208E-013
           4          22  -3.9053549006480972E-014
           4          23  -2.8914281635551480E-014
           4          24  -5.4464437015423904E-013
           4          25  -4.1731282446568326E-014
           4          26   2.7579459125882262E-014
           4          27  -1.5738447539501963E-013
           4          28   1.0986317678886129E-013
           4          29  -1.1914513515104935E-013
           4          30  -5.4804708911768761E-013
           4          31   9.3955224152868823E-015
           4          32   4.4450768467900776E-014
           4          33  -3.2765707879238033E-013
           5           1  -7.5885831771964406E-014
           5           2   1.0809206183105859E-013
           5           3  -8.4849878859150074E-014
           5           4  -1.1822937377378717E-013
           5           5   2.4423745565525241     
           5           6   6.5187613054028028E-013
           5           7   1.2940603449917987E-013
           5           8   2.3759575036585989E-013
           5           9  -1.2108818670281996     
           5          10  -8.8782455738865839E-013
           5          11  -1.5432620459332469E-013
           5          12  -2.6221776486257120E-013
           5          13  0.48301138552433642     
           5          14  -6.8758362811866009E-013
           5          15  -3.0110462734267429E-013
           5          16  -1.5162524014122880E-013
           5          17   4.2093591130491617E-002
           5          18  -7.3004162060070930E-013
           5          19  -1.8315730876405922E-013
           5          20  -8.4524401366969926E-016
           5          21  -8.1936913796878966E-002
           5          22  -5.4729515560259640E-013
           5          23  -1.6620584235603279E-014
           5          24   2.3623256696316261E-013
           5          25   1.0721283569039183E-013
           5          26   1.4588249325042681E-013
           5          27  -1.9640421788839456E-014
           5          28  -4.0437086054723227E-013
           5          29  -1.8858697043995708E-013
           5          30  -1.0343145141974367E-013
           5          31   1.6882231987864929E-014
           5          32   2.2655746571474480E-013
           5          33  -4.4863499272388582E-013
           6           1  0.81616600033799591     
           6           2  -1.2525093566694212     
           6           3  -1.4510654986070044E-013
           6           4   2.2802857288557350E-013
           6           5   6.5187613054028028E-013
           6           6   3.7024118263752355     
           6           7   8.7583042854426724E-013
           6           8   4.1968054202849835E-013
           6           9  -2.7157605227113300E-013
           6          10   1.6479735709301886     
           6          11  -3.5470127386701714E-013
           6          12  -1.3302848773558837E-013
           6          13   1.0785791039077981E-013
           6          14 -0.31008956473428295     
           6          15   6.5524209575279012E-014
           6          16   2.2947162488495269E-013
           6          17  -3.8191381546406276E-014
           6          18  0.31927347174209708     
           6          19   2.3529029505319687E-013
           6          20   1.7232344858842349E-013
           6          21   5.8939093094750845E-014
           6          22 -0.10453648098287743     
           6          23   3.5534094696227363E-014
           6          24 -0.10453648098216299     
           6          25  -1.0830496316476278E-013
           6          26   5.4107069452583019E-014
           6          27 -0.10453648098287405     
           6          28  -7.0025536789623449E-002
           6          29  -1.8159464674336460E-013
           6          30  -7.0025536790226398E-002
           6          31   2.5637005759746700E-013
           6          32   2.5808070140212383E-014
           6          33  -7.0025536789806858E-002
           7           1   9.0970766849679447E-014
           7           2  -1.3833765388533141E-013
           7           3  -1.2108818670282688     
           7           4   1.5929792207547422E-013
           7           5   1.2940603449917987E-013
           7           6   8.7583042854426724E-013
           7           7   3.4113457495637221     
           7           8  -3.2958358264778553E-013
           7           9  -2.8458659040442313E-013
           7          10   1.5785997471560396E-012
           7          11  -1.8427415394544409     
           7          12   6.3328162158704515E-013
           7          13   4.1749589896333816E-013
           7          14  -1.0746718963884555E-014
           7          15 -0.23445622327470078     
           7          16   4.2466724581302628E-013
           7          17   9.1680829594764646E-013
           7          18   1.0764317585357567E-013
           7          19  0.26788551468502314     
           7          20   5.2834472907825614E-013
           7          21   4.6236625639295426E-013
           7          22   3.7336549677655902E-013
           7          23   1.4155462280443274E-013
           7          24  -6.0216488337210482E-013
           7          25  -5.2540896303364955E-014
           7          26  -2.6291761038309617E-013
           7          27  -3.8158838542863778E-013
           7          28   1.2411475049885199E-012
           7          29   3.0036414383358610E-013
           7          30  -3.5379082148930611E-013
           7          31   4.5400295257387162E-014
           7          32  -3.1240501694292180E-013
           7          33   7.1970220436028601E-013
           8           1   1.6106957397143337E-013
           8           2  -2.5761094053172538E-013
           8           3   1.9187776367779463E-013
           8           4  -1.2108818670280104     
           8           5   2.3759575036585989E-013
           8           6   4.1968054202849835E-013
           8           7  -3.2958358264778553E-013
           8           8   3.4113457495634725     
           8           9  -5.3825867374346359E-013
           8          10   7.9781152197897796E-013
           8          11   9.6572055907628851E-014
           8          12  -1.8427415394542062     
           8          13   2.1570766006728803E-013
           8          14   6.0518010732758421E-013
           8          15   1.9154816621735904E-013
           8          16 -0.23445622327495225     
           8          17   4.4198845972065470E-013
           8          18   7.4815706660239966E-013
           8          19   1.3174530910653459E-013
           8          20  0.26788551468472316     
           8          21   2.7456162343675317E-013
           8          22   3.1631879476996042E-013
           8          23  -4.6404874858369645E-014
           8          24  -2.3482517801819340E-013
           8          25   2.3471485233672191E-014
           8          26  -1.0298097173043777E-013
           8          27  -2.4401014736500992E-013
           8          28   3.7321981029488203E-014
           8          29   4.7633155433397570E-013
           8          30   1.5607273699889458E-013
           8          31  -2.7038585414821399E-013
           8          32  -2.8561868612344524E-013
           8          33   4.3987420271545303E-013
           9           1  -1.0176397374018783E-013
           9           2   3.0327133082647514E-013
           9           3   1.1660117316125707E-013
           9           4   2.0309361831172268E-013
           9           5  -1.2108818670281996     
           9           6  -2.7157605227113300E-013
           9           7  -2.8458659040442313E-013
           9           8  -5.3825867374346359E-013
           9           9   3.4113457495632975     
           9          10   2.7221831679900731E-012
           9          11   1.1873141358975658E-013
           9          12   6.6137026411006161E-013
           9          13  -1.8427415394539479     
           9          14   1.9556977150698181E-012
           9          15   3.7934239083270427E-013
           9          16   2.9649199762005196E-013
           9          17 -0.23445622327438831     
           9          18   1.6434134149069303E-012
           9          19   3.7232023020195015E-013
           9          20   2.6378552120398524E-013
           9          21  0.26788551468491184     
           9          22   8.5648756479914642E-013
           9          23   1.1493504445145825E-013
           9          24  -1.0468520949523631E-012
           9          25  -7.1693805452863196E-014
           9          26  -1.9974736012360549E-013
           9          27  -3.5216565956347351E-013
           9          28   1.2772638247914955E-012
           9          29   3.3625162169448639E-013
           9          30   8.3700034250938020E-013
           9          31   2.6319307605678808E-014
           9          32  -2.6961537581969123E-013
           9          33   1.3843685860739159E-012
          10           1   4.0341521306268405E-002
          10           2 -0.43441271894933497     
          10           3  -5.6198311721722067E-013
          10           4  -6.5924123606117096E-013
          10           5  -8.8782455738865839E-013
          10           6   1.6479735709301886     
          10           7   1.5785997471560396E-012
          10           8   7.9781152197897796E-013
          10           9   2.7221831679900731E-012
          10          10   3.0696241308869636     
          10          11   1.5198278342953323E-013
          10          12  -3.8578586411299694E-013
          10          13  -3.7679270036730979E-013
          10          14 -0.48775225781898124     
          10          15   5.4106783011445925E-014
          10          16   1.9368323168858840E-013
          10          17  -1.6096413551469014E-013
          10          18  0.53166260066550231     
          10          19   3.2315060302154964E-014
          10          20   1.6048052725752532E-013
          10          21   1.8914827551790081E-013
          10          22  -2.8092335293022925E-002
          10          23   2.8191964996606855E-013
          10          24  -2.8092335294310385E-002
          10          25   1.8675042582182353E-013
          10          26   6.1062303888744128E-014
          10          27  -2.8092335294249246E-002
          10          28  -1.9282605549792779E-002
          10          29  -1.6182747736509270E-013
          10          30  -1.9282605548089356E-002
          10          31   1.7063385939315784E-014
          10          32   6.5789289443446380E-015
          10          33  -1.9282605547060086E-002
          11           1  -4.3507090553516171E-014
          11           2   1.1572919217656512E-013
          11           3  0.48301138552446027     
          11           4  -4.0223033237474226E-014
          11           5  -1.5432620459332469E-013
          11           6  -3.5470127386701714E-013
          11           7  -1.8427415394544409     
          11           8   9.6572055907628851E-014
          11           9   1.1873141358975658E-013
          11          10   1.5198278342953323E-013
          11          11   3.2970101821277416     
          11          12   4.2743586448068527E-015
          11          13  -2.1016521856154213E-013
          11          14   9.3381910094241523E-013
          11          15  0.58524328183478513     
          11          16  -1.9290125052862095E-013
          11          17  -2.8611835123371065E-013
          11          18   7.4797953729890458E-013
          11          19 -0.58389817377833819     
          11          20  -1.2143064331837650E-013
          11          21  -2.9604096951629799E-013
          11          22   3.7958303026991368E-013
          11          23   1.5531477215325595E-013
          11          24  -3.9333388877287326E-013
          11          25   5.8463618254401245E-014
          11          26  -1.0223208931886395E-013
          11          27   3.8854990361058560E-014
          11          28  -5.2614624922495357E-013
          11          29   8.1580369782999424E-014
          11          30   7.9860081109715370E-013
          11          31  -1.8239663643028193E-013
          11          32   4.8646213475911100E-014
          11          33   1.3635480484956804E-013
          12           1  -6.3638569997625604E-014
          12           2   1.2224656606242751E-013
          12           3  -2.7443585598474485E-013
          12           4  0.48301138552439243     
          12           5  -2.6221776486257120E-013
          12           6  -1.3302848773558837E-013
          12           7   6.3328162158704515E-013
          12           8  -1.8427415394542062     
          12           9   6.6137026411006161E-013
          12          10  -3.8578586411299694E-013
          12          11   4.2743586448068527E-015
          12          12   3.2970101821275177     
          12          13  -6.2529842415059989E-014
          12          14  -4.7557569908892803E-013
          12          15   9.2578722465930241E-014
          12          16  0.58524328183445384     
          12          17  -1.5553530685608052E-013
          12          18  -3.3518048737728573E-013
          12          19   6.5336624999190462E-014
          12          20 -0.58389817377855335     
          12          21  -1.8864423911857386E-013
          12          22  -3.7691597787007956E-013
          12          23   3.2445740601636225E-013
          12          24   2.3911382658497455E-013
          12          25  -1.7877219930579795E-013
          12          26  -4.8471002225109755E-014
          12          27   1.1181316271431497E-013
          12          28   2.3613192157305396E-013
          12          29  -4.8355675142382861E-013
          12          30  -1.1649973033248364E-013
          12          31   4.7372952846522495E-013
          12          32   8.8898667396590226E-014
          12          33  -4.1080927101467257E-013
          13           1  -1.4192049108632267E-013
          13           2   8.9449195821214300E-014
          13           3  -2.9454216843305403E-013
          13           4  -3.6832255995156160E-013
          13           5  0.48301138552433642     
          13           6   1.0785791039077981E-013
          13           7   4.1749589896333816E-013
          13           8   2.1570766006728803E-013
          13           9  -1.8427415394539479     
          13          10  -3.7679270036730979E-013
          13          11  -2.1016521856154213E-013
          13          12  -6.2529842415059989E-014
          13          13   3.2970101821273721     
          13          14  -6.5815102614041626E-013
          13          15   2.9032332093947844E-014
          13          16   4.2278680556506743E-014
          13          17  0.58524328183446239     
          13          18  -9.0937327220153213E-013
          13          19   1.7928714068915497E-013
          13          20   1.2926812398283971E-013
          13          21 -0.58389817377855058     
          13          22   5.9663143764815065E-014
          13          23  -7.2553708931671063E-014
          13          24  -6.8407015092049374E-014
          13          25   6.6101532441249037E-014
          13          26   2.9564769857548105E-014
          13          27  -1.0984984415100211E-014
          13          28  -3.6206617725499169E-014
          13          29  -1.8828542950579599E-013
          13          30  -1.6779366404700897E-013
          13          31   2.4047604840764379E-014
          13          32   8.8927269236479811E-014
          13          33  -1.0147063499415105E-013
          14           1  -5.8375992922784142E-002
          14           2  0.13566685739991338     
          14           3   4.2367454960727586E-014
          14           4  -3.6596695207631524E-013
          14           5  -6.8758362811866009E-013
          14           6 -0.31008956473428295     
          14           7  -1.0746718963884555E-014
          14           8   6.0518010732758421E-013
          14           9   1.9556977150698181E-012
          14          10 -0.48775225781898124     
          14          11   9.3381910094241523E-013
          14          12  -4.7557569908892803E-013
          14          13  -6.5815102614041626E-013
          14          14  0.63871577672672331     
          14          15   1.8633455000606148E-013
          14          16  -3.2290595569436197E-015
          14          17  -1.3452521377899788E-013
          14          18 -0.66419654559585939     
          14          19  -2.2522018740698096E-013
          14          20  -1.5143018355012463E-013
          14          21   2.0533741764577193E-013
          14          22   6.4471584976593319E-003
          14          23   6.7365036537719720E-014
          14          24   6.4471584974033699E-003
          14          25   1.1435820816137638E-013
          14          26  -8.0329732435654236E-015
          14          27   6.4471584972947034E-003
          14          28   3.4642337125553493E-002
          14          29   2.1713849433815776E-014
          14          30   3.4642337126071246E-002
          14          31  -9.9099882001738407E-014
          14          32   1.5259539041878610E-015
          14          33   3.4642337126610710E-002
          15           1   1.2251095586437911E-013
          15           2  -1.6257277518155296E-013
          15           3   4.2093591130416622E-002
          15           4   4.1699282915530489E-014
          15           5  -3.0110462734267429E-013
          15           6   6.5524209575279012E-014
          15           7 -0.23445622327470078     
          15           8   1.9154816621735904E-013
          15           9   3.7934239083270427E-013
          15          10   5.4106783011445925E-014
          15          11  0.58524328183478513     
          15          12   9.2578722465930241E-014
          15          13   2.9032332093947844E-014
          15          14   1.8633455000606148E-013
          15          15  0.76805382766895303     
          15          16  -1.8776646903972960E-014
          15          17   3.1710745140856034E-014
          15          18   1.6931775514626565E-013
          15          19 -0.68433252355092111     
          15          20  -2.4924506902834764E-014
          15          21  -4.1924796967407474E-014
          15          22  -3.2433558009970386E-013
          15          23   1.6186723426848577E-013
          15          24   3.7791389563162514E-013
          15          25  -1.9068193703572611E-013
          15          26  -1.3448763978198592E-014
          15          27  -5.0729059411227543E-014
          15          28   3.5014057765243974E-013
          15          29  -7.8838584969976299E-014
          15          30  -3.8685298505101166E-013
          15          31   3.8017263412648816E-013
          15          32   8.1306137754997670E-015
          15          33   7.8973127008234523E-014
          16           1   1.5552051741903153E-014
          16           2  -1.6846642988431342E-013
          16           3  -2.1290955110053744E-013
          16           4   4.2093591130533695E-002
          16           5  -1.5162524014122880E-013
          16           6   2.2947162488495269E-013
          16           7   4.2466724581302628E-013
          16           8 -0.23445622327495225     
          16           9   2.9649199762005196E-013
          16          10   1.9368323168858840E-013
          16          11  -1.9290125052862095E-013
          16          12  0.58524328183445384     
          16          13   4.2278680556506743E-014
          16          14  -3.2290595569436197E-015
          16          15  -1.8776646903972960E-014
          16          16  0.76805382766877461     
          16          17   3.2668312499595231E-014
          16          18   1.7119084595812427E-013
          16          19   8.2947537727307008E-014
          16          20 -0.68433252355087326     
          16          21  -1.5813739207004573E-014
          16          22  -4.5133896099213171E-013
          16          23   6.7974804423580623E-014
          16          24   3.5061363092589452E-013
          16          25  -1.7640538357761000E-013
          16          26   2.3207731193013584E-014
          16          27   1.1898117557961499E-013
          16          28   8.0442955958279408E-013
          16          29  -5.4188251513689876E-013
          16          30  -5.1492780804958378E-013
          16          31   6.5057496312519432E-013
          16          32   1.6655994546132091E-013
          16          33  -2.5209040245298726E-013
          17           1   2.2574601907069860E-014
          17           2  -1.9373189865276356E-014
          17           3  -3.6772494771408759E-013
          17           4  -2.0828738039879724E-013
          17           5   4.2093591130491617E-002
          17           6  -3.8191381546406276E-014
          17           7   9.1680829594764646E-013
          17           8   4.4198845972065470E-013
          17           9 -0.23445622327438831     
          17          10  -1.6096413551469014E-013
          17          11  -2.8611835123371065E-013
          17          12  -1.5553530685608052E-013
          17          13  0.58524328183446239     
          17          14  -1.3452521377899788E-013
          17          15   3.1710745140856034E-014
          17          16   3.2668312499595231E-014
          17          17  0.76805382766878072     
          17          18  -1.5275795795009661E-013
          17          19  -8.2572837456496018E-015
          17          20  -1.2927159342979166E-014
          17          21 -0.68433252355092056     
          17          22   1.8951236298742382E-013
          17          23  -9.1535702405208954E-014
          17          24  -1.5445773164880343E-013
          17          25   8.5022640147634591E-014
          17          26   9.7740608952311862E-014
          17          27  -4.3114672053172100E-014
          17          28  -2.5440909396952397E-013
          17          29   1.3457410595212849E-013
          17          30  -3.5303496247002333E-014
          17          31  -3.5365050633037046E-013
          17          32  -3.0010186367148690E-014
          17          33   8.0037514634889745E-014
          18           1   1.9721866816017022E-002
          18           2  -9.2219833206009710E-002
          18           3  -8.1527055441944896E-014
          18           4  -3.1388938012810927E-013
          18           5  -7.3004162060070930E-013
          18           6  0.31927347174209708     
          18           7   1.0764317585357567E-013
          18           8   7.4815706660239966E-013
          18           9   1.6434134149069303E-012
          18          10  0.53166260066550231     
          18          11   7.4797953729890458E-013
          18          12  -3.3518048737728573E-013
          18          13  -9.0937327220153213E-013
          18          14 -0.66419654559585939     
          18          15   1.6931775514626565E-013
          18          16   1.7119084595812427E-013
          18          17  -1.5275795795009661E-013
          18          18  0.69230065809548913     
          18          19  -1.2042819287380380E-013
          18          20   3.5299042519364374E-014
          18          21   1.0523169424983650E-013
          18          22  -5.9420638096276956E-003
          18          23   1.2789734179910861E-013
          18          24  -5.9420638095382750E-003
          18          25  -1.3951515466279497E-013
          18          26   5.3733376801901063E-015
          18          27  -5.9420638096217074E-003
          18          28  -3.4031598557457701E-002
          18          29  -3.1761835778593684E-013
          18          30  -3.4031598558620368E-002
          18          31   4.2669957398727385E-013
          18          32   3.7053711644600704E-014
          18          33  -3.4031598557882736E-002
          19           1   1.6828087291915289E-013
          19           2  -1.9420409823196118E-013
          19           3  -8.1936913797028332E-002
          19           4   1.5511897322184609E-014
          19           5  -1.8315730876405922E-013
          19           6   2.3529029505319687E-013
          19           7  0.26788551468502314     
          19           8   1.3174530910653459E-013
          19           9   3.7232023020195015E-013
          19          10   3.2315060302154964E-014
          19          11 -0.58389817377833819     
          19          12   6.5336624999190462E-014
          19          13   1.7928714068915497E-013
          19          14  -2.2522018740698096E-013
          19          15 -0.68433252355092111     
          19          16   8.2947537727307008E-014
          19          17  -8.2572837456496018E-015
          19          18  -1.2042819287380380E-013
          19          19  0.61164876117061939     
          19          20  -2.4230617512444041E-014
          19          21   4.7711834483266102E-014
          19          22  -3.2828886600506072E-013
          19          23   2.8029020930957008E-014
          19          24   3.8958494686731073E-013
          19          25  -5.2484466595824261E-014
          19          26  -2.3669491351208245E-014
          19          27  -1.0345893628566376E-013
          19          28   2.6954109900877652E-013
          19          29   3.2211265755423870E-015
          19          30  -4.5746090869990003E-013
          19          31   2.4756748447857371E-013
          19          32  -8.8160819977972685E-014
          19          33   1.1055227678741681E-013
          20           1   1.6583735383661531E-013
          20           2  -2.0237056521152864E-013
          20           3  -1.9053335298391261E-013
          20           4  -8.1936913796819791E-002
          20           5  -8.4524401366969926E-016
          20           6   1.7232344858842349E-013
          20           7   5.2834472907825614E-013
          20           8  0.26788551468472316     
          20           9   2.6378552120398524E-013
          20          10   1.6048052725752532E-013
          20          11  -1.2143064331837650E-013
          20          12 -0.58389817377855335     
          20          13   1.2926812398283971E-013
          20          14  -1.5143018355012463E-013
          20          15  -2.4924506902834764E-014
          20          16 -0.68433252355087326     
          20          17  -1.2927159342979166E-014
          20          18   3.5299042519364374E-014
          20          19  -2.4230617512444041E-014
          20          20  0.61164876117067757     
          20          21   1.6008028236313976E-014
          20          22  -2.0424962796609731E-013
          20          23   6.6432430586251339E-014
          20          24   9.6891131231444453E-014
          20          25  -1.5813710727631787E-013
          20          26   3.7576249698662015E-014
          20          27   8.8169850402476827E-014
          20          28   7.4744691927419325E-013
          20          29  -2.7076648117681295E-013
          20          30  -7.5184213888943238E-013
          20          31   3.7351249319042723E-013
          20          32   2.5270819454772916E-014
          20          33  -6.8466161566209586E-014
          21           1  -4.6167775191488926E-014
          21           2  -4.5979006282010137E-014
          21           3  -2.5619784072006269E-013
          21           4  -2.7643772687602208E-013
          21           5  -8.1936913796878966E-002
          21           6   5.8939093094750845E-014
          21           7   4.6236625639295426E-013
          21           8   2.7456162343675317E-013
          21           9  0.26788551468491184     
          21          10   1.8914827551790081E-013
          21          11  -2.9604096951629799E-013
          21          12  -1.8864423911857386E-013
          21          13 -0.58389817377855058     
          21          14   2.0533741764577193E-013
          21          15  -4.1924796967407474E-014
          21          16  -1.5813739207004573E-014
          21          17 -0.68433252355092056     
          21          18   1.0523169424983650E-013
          21          19   4.7711834483266102E-014
          21          20   1.6008028236313976E-014
          21          21  0.61164876117076417     
          21          22   9.1071792714562214E-014
          21          23  -2.1308513730516804E-013
          21          24   2.0596642098579079E-014
          21          25   1.7506054055096418E-013
          21          26   4.9108151067037245E-014
          21          27  -8.0524777454408051E-014
          21          28  -2.4274001561370462E-014
          21          29   5.7556742569445634E-014
          21          30  -8.0927769819800490E-015
          21          31  -2.5588441162525412E-013
          21          32   7.6872604665760678E-014
          21          33   2.5492323758546632E-013
          22           1 -0.22003980180544763     
          22           2 -0.12120537626935454     
          22           3  -2.0277406882301735E-013
          22           4  -3.9053549006480972E-014
          22           5  -5.4729515560259640E-013
          22           6 -0.10453648098287743     
          22           7   3.7336549677655902E-013
          22           8   3.1631879476996042E-013
          22           9   8.5648756479914642E-013
          22          10  -2.8092335293022925E-002
          22          11   3.7958303026991368E-013
          22          12  -3.7691597787007956E-013
          22          13   5.9663143764815065E-014
          22          14   6.4471584976593319E-003
          22          15  -3.2433558009970386E-013
          22          16  -4.5133896099213171E-013
          22          17   1.8951236298742382E-013
          22          18  -5.9420638096276956E-003
          22          19  -3.2828886600506072E-013
          22          20  -2.0424962796609731E-013
          22          21   9.1071792714562214E-014
          22          22   2.2960698364240137     
          22          23   2.1699912118332993E-014
          22          24  -1.0901914120733438     
          22          25   4.7675272062063800E-014
          22          26  -1.3815190811269802E-014
          22          27  -1.0901914120728140     
          22          28 -0.76105514290074283     
          22          29   2.0283026655875539E-014
          22          30  0.38261504451407646     
          22          31  -6.3412457229154523E-014
          22          32  -2.3555785581713359E-014
          22          33  0.38261504451379114     
          23           1   6.7526721211053012E-015
          23           2  -2.3959072469396623E-014
          23           3  -1.5914200415986487E-014
          23           4  -2.8914281635551480E-014
          23           5  -1.6620584235603279E-014
          23           6   3.5534094696227363E-014
          23           7   1.4155462280443274E-013
          23           8  -4.6404874858369645E-014
          23           9   1.1493504445145825E-013
          23          10   2.8191964996606855E-013
          23          11   1.5531477215325595E-013
          23          12   3.2445740601636225E-013
          23          13  -7.2553708931671063E-014
          23          14   6.7365036537719720E-014
          23          15   1.6186723426848577E-013
          23          16   6.7974804423580623E-014
          23          17  -9.1535702405208954E-014
          23          18   1.2789734179910861E-013
          23          19   2.8029020930957008E-014
          23          20   6.6432430586251339E-014
          23          21  -2.1308513730516804E-013
          23          22   2.1699912118332993E-014
          23          23   2.2575074989978416     
          23          24  -4.7657801898173355E-014
          23          25   1.0755285551049197E-015
          23          26  -4.4768876106273192E-015
          23          27   2.6740357263886645E-016
          23          28   7.0737531958849014E-014
          23          29 -0.76244679160962781     
          23          30   1.3075896422765107E-013
          23          31   2.9282132274504802E-015
          23          32  -4.1112946380605935E-016
          23          33   6.9838945198294757E-014
          24           1 -0.22003980180533939     
          24           2 -0.12120537626886915     
          24           3   1.5629444121303007E-014
          24           4  -5.4464437015423904E-013
          24           5   2.3623256696316261E-013
          24           6 -0.10453648098216299     
          24           7  -6.0216488337210482E-013
          24           8  -2.3482517801819340E-013
          24           9  -1.0468520949523631E-012
          24          10  -2.8092335294310385E-002
          24          11  -3.9333388877287326E-013
          24          12   2.3911382658497455E-013
          24          13  -6.8407015092049374E-014
          24          14   6.4471584974033699E-003
          24          15   3.7791389563162514E-013
          24          16   3.5061363092589452E-013
          24          17  -1.5445773164880343E-013
          24          18  -5.9420638095382750E-003
          24          19   3.8958494686731073E-013
          24          20   9.6891131231444453E-014
          24          21   2.0596642098579079E-014
          24          22  -1.0901914120733438     
          24          23  -4.7657801898173355E-014
          24          24   2.2960698364229444     
          24          25   6.1226931856394604E-014
