           1           1   2.1980495168051668     
           1           2 -0.75572833042065435     
           1           3   1.2940707230762543E-014
           1           4  -4.9831282028146762E-014
           1           5   8.3859015518643269E-014
           1           6  0.69386449626618174     
           1           7  -3.7817603448614824E-015
           1           8  -3.2060802431364029E-014
           1           9  -7.4225674140364702E-015
           1          10  0.28698150130010847     
           1          11  -7.2082022753043357E-015
           1          12   5.4652718678987256E-014
           1          13   3.0087199888628353E-014
           1          14  -1.9208607347794872E-002
           1          15  -2.7265528824545161E-014
           1          16   7.2850371011190998E-014
           1          17   5.3345255048973189E-014
           1          18   2.2386776657910952E-002
           1          19   3.3614277814603593E-016
           1          20   1.6430851864786270E-015
           1          21  -5.8854103798714767E-015
           1          22 -0.14197662846480352     
           1          23   1.2265072151385200E-015
           1          24 -0.14197662846481846     
           1          25   4.5621294441958927E-015
           1          26  -5.3277562970820511E-015
           1          27 -0.14197662846481651     
           1          28   5.2782252167475223E-002
           1          29  -4.9421260513523447E-015
           1          30   5.2782252167476840E-002
           1          31  -1.0339102483839538E-014
           1          32   1.1007287982123716E-015
           1          33   5.2782252167490738E-002
           2           1 -0.75572833042065435     
           2           2   3.1539881674261183     
           2           3  -3.9614340802898088E-014
           2           4   1.3945929928210688E-013
           2           5  -2.4277756811867541E-013
           2           6 -0.97957669588872975     
           2           7   1.1358853012353293E-014
           2           8   1.2213550741242860E-013
           2           9   2.8453958054168335E-014
           2          10  -1.4406444994786476     
           2          11   3.1203505778084405E-014
           2          12  -2.0872207595484116E-013
           2          13  -1.1823897168555610E-013
           2          14  -1.1113455315513734E-002
           2          15   1.1284125230158018E-013
           2          16  -2.7218236913681166E-013
           2          17  -2.0774757805404716E-013
           2          18 -0.10918822635633228     
           2          19  -1.5493417493024834E-015
           2          20   1.1226584014955931E-014
           2          21   2.9314003533205963E-014
           2          22 -0.35034763433632499     
           2          23  -5.0220940443700910E-015
           2          24 -0.35034763433625910     
           2          25  -1.4887092125122320E-014
           2          26   1.0177534512623290E-014
           2          27 -0.35034763433624927     
           2          28 -0.34219848582737483     
           2          29   2.5333409491467156E-014
           2          30 -0.34219848582736945     
           2          31   2.7575779695213691E-014
           2          32  -3.9991609103202254E-015
           2          33 -0.34219848582745999     
           3           1   1.2940707230762543E-014
           3           2  -3.9614340802898088E-014
           3           3   2.4483715250916296     
           3           4  -8.9564857266855036E-015
           3           5   8.8247551627285148E-015
           3           6   1.2667145313961349E-014
           3           7  -1.2325594605165093     
           3           8   3.5878418291890313E-015
           3           9   4.0752991259385141E-015
           3          10  -8.9920450447829348E-014
           3          11  0.53256842166516916     
           3          12  -1.3972330237255193E-014
           3          13  -7.5807415900186470E-015
           3          14   1.5108813100043252E-014
           3          15  0.14071110392139125     
           3          16  -1.9850440735602604E-014
           3          17  -3.5344990823027445E-014
           3          18  -2.6871881275891700E-014
           3          19  -1.7408919693747135E-002
           3          20   2.0308732993912226E-015
           3          21  -8.8912167559018762E-015
           3          22  -5.1659594510479435E-016
           3          23   1.4864057601976574E-014
           3          24  -4.1989017166146186E-015
           3          25  -8.5516754298531853E-015
           3          26  -7.2444957648702766E-015
           3          27  -4.6425965783719299E-015
           3          28  -4.7990590931637346E-014
           3          29  -9.3806223855204282E-015
           3          30  -9.8998249223374271E-015
           3          31   2.4661984689203288E-014
           3          32  -5.4594402425081637E-015
           3          33  -5.9405635880498276E-014
           4           1  -4.9831282028146762E-014
           4           2   1.3945929928210688E-013
           4           3  -8.9564857266855036E-015
           4           4   2.4483715250916163     
           4           5   1.2906342661267445E-014
           4           6   3.7827328757311091E-014
           4           7   2.4834084441649473E-014
           4           8  -1.2325594605165011     
           4           9  -1.5170156797417178E-014
           4          10   3.7014990350722372E-013
           4          11  -4.2476439032768099E-014
           4          12  0.53256842166517449     
           4          13   6.6318478486593335E-015
           4          14   9.5173579192438446E-015
           4          15  -6.5251623548867599E-014
           4          16  0.14071110392139666     
           4          17   4.9307780081164765E-014
           4          18   6.9999158030118790E-014
           4          19  -6.2692798001584560E-014
           4          20  -1.7408919693763208E-002
           4          21   2.8064356394352785E-014
           4          22   2.4450122312389357E-014
           4          23   1.3613191418694899E-015
           4          24   3.3066081804310383E-014
           4          25  -6.1389648782731967E-015
           4          26   8.2954268935079964E-015
           4          27  -9.9363652094521356E-015
           4          28   1.5441232407640862E-013
           4          29  -5.5124708379332192E-015
           4          30   7.5829941920196396E-014
           4          31   1.0293798367600855E-014
           4          32  -9.9694386673523595E-015
           4          33   1.8473296425497434E-013
           5           1   8.3859015518643269E-014
           5           2  -2.4277756811867541E-013
           5           3   8.8247551627285148E-015
           5           4   1.2906342661267445E-014
           5           5   2.4483715250916118     
           5           6   6.5075211006247863E-014
           5           7  -8.6259124842946733E-015
           5           8  -1.8689910730174120E-014
           5           9  -1.2325594605164958     
           5          10   1.8415917755064269E-013
           5          11  -1.6221399223859123E-014
           5          12   1.8370721610594387E-015
           5          13  0.53256842166520402     
           5          14  -6.9880546570816132E-014
           5          15  -8.2718554228478069E-014
           5          16  -8.9095397726168812E-015
           5          17  0.14071110392145514     
           5          18   2.7145438269811423E-016
           5          19  -1.0656894203903144E-013
           5          20   2.1319751519754959E-015
           5          21  -1.7408919693680081E-002
           5          22  -3.3483796990917533E-014
           5          23   2.1769816757817966E-014
           5          24   1.3283177892563322E-014
           5          25   6.1663354962375709E-014
           5          26   6.7823047513785873E-014
           5          27  -2.8324810562050759E-014
           5          28   8.5598289797742111E-014
           5          29   1.3015803383417906E-014
           5          30   4.2923998016855498E-014
           5          31  -7.3998734216788911E-014
           5          32   8.0803525472429848E-015
           5          33   6.4715057119517250E-014
           6           1  0.69386449626618174     
           6           2 -0.97957669588872975     
           6           3   1.2667145313961349E-014
           6           4   3.7827328757311091E-014
           6           5   6.5075211006247863E-014
           6           6   2.8114239158406980     
           6           7   6.6444466766683958E-015
           6           8  -1.9900572219594369E-013
           6           9  -1.3206561954928253E-013
           6          10   3.0705271708559563     
           6          11  -1.0326779805166657E-013
           6          12   4.9352414871387357E-013
           6          13   3.5774659936632838E-013
           6          14   2.0035540928029380E-002
           6          15  -2.8505373239225440E-013
           6          16   7.1718593213346683E-013
           6          17   6.2709596037794368E-013
           6          18  0.25391406140142841     
           6          19  -5.4084235866623900E-015
           6          20  -3.7970273566042721E-014
           6          21  -7.4207453854740993E-014
           6          22  0.11775411210650313     
           6          23   2.5959667686446345E-014
           6          24  0.11775411210685130     
           6          25   2.1981477153241107E-014
           6          26  -8.4087270818818230E-014
           6          27  0.11775411210678034     
           6          28  0.74648560474234504     
           6          29  -2.4979473094012396E-014
           6          30  0.74648560474225423     
           6          31  -8.1391565372307924E-014
           6          32  -6.9272241398920537E-015
           6          33  0.74648560474229275     
           7           1  -3.7817603448614824E-015
           7           2   1.1358853012353293E-014
           7           3  -1.2325594605165093     
           7           4   2.4834084441649473E-014
           7           5  -8.6259124842946733E-015
           7           6   6.6444466766683958E-015
           7           7   3.4893905905443425     
           7           8  -4.5504398860085615E-014
           7           9  -4.4081058248046645E-014
           7          10   2.9076934685495219E-013
           7          11  -2.0197230344088806     
           7          12   9.7411662070001626E-014
           7          13   1.2373435609447370E-013
           7          14  -8.7171764614394882E-014
           7          15 -0.57846351023434317     
           7          16   1.4533860226428885E-013
           7          17   2.6769558791883696E-013
           7          18   8.3231649233575771E-014
           7          19   5.3597349466021640E-002
           7          20  -1.1029371860260540E-014
           7          21   5.3105957131815984E-014
           7          22  -2.1158971794154595E-014
           7          23  -2.5273519847314804E-014
           7          24   7.3768549967139658E-015
           7          25   3.7894607687967975E-014
           7          26   3.4620062843243559E-014
           7          27  -8.2685527331533272E-015
           7          28   1.6361771031697187E-013
           7          29   2.2790004819102733E-014
           7          30   2.8769353493288908E-014
           7          31  -6.6555033370741515E-014
           7          32   1.8120228322257098E-014
           7          33   1.8778184022603458E-013
           8           1  -3.2060802431364029E-014
           8           2   1.2213550741242860E-013
           8           3   3.5878418291890313E-015
           8           4  -1.2325594605165011     
           8           5  -1.8689910730174120E-014
           8           6  -1.9900572219594369E-013
           8           7  -4.5504398860085615E-014
           8           8   3.4893905905443585     
           8           9   3.6450009677224671E-014
           8          10  -1.2511245020854358E-012
           8          11   1.2130574322810617E-013
           8          12  -2.0197230344088735     
           8          13  -1.1205619765419783E-013
           8          14   1.3770822117904925E-013
           8          15   2.7561980475709902E-013
           8          16 -0.57846351023428333     
           8          17  -2.8173297028644129E-013
           8          18  -2.0913110537971087E-013
           8          19   2.8516793960930986E-013
           8          20   5.3597349466099939E-002
           8          21  -1.9052814881348468E-013
           8          22  -2.9386733972982318E-014
           8          23  -5.4086986606864774E-014
           8          24  -1.0372032343472817E-013
           8          25  -1.1006878447834434E-014
           8          26  -3.8003857648526679E-014
           8          27   3.3765182615093529E-014
           8          28  -4.9776436107191113E-013
           8          29   2.1736372087001798E-014
           8          30  -2.5526223403255328E-013
           8          31  -2.4339083065952099E-014
           8          32   2.2740921566982288E-014
           8          33  -5.3984037335090252E-013
           9           1  -7.4225674140364702E-015
           9           2   2.8453958054168335E-014
           9           3   4.0752991259385141E-015
           9           4  -1.5170156797417178E-014
           9           5  -1.2325594605164958     
           9           6  -1.3206561954928253E-013
           9           7  -4.4081058248046645E-014
           9           8   3.6450009677224671E-014
           9           9   3.4893905905443479     
           9          10  -9.6174650952390798E-013
           9          11   1.4047443763764988E-013
           9          12  -4.8717974099332650E-014
           9          13  -2.0197230344088926     
           9          14   6.5255637610311063E-014
           9          15   3.3736208271406554E-013
           9          16  -5.5483395655642198E-014
           9          17 -0.57846351023446463     
           9          18  -1.1001147978987809E-013
           9          19   3.9117016917278313E-013
           9          20  -2.3979082608427404E-014
           9          21   5.3597349465872912E-002
           9          22   4.0080520519210204E-014
           9          23   1.8387268311690654E-014
           9          24  -8.9848532292727175E-014
           9          25  -1.5122498948532736E-013
           9          26  -1.6454439633936767E-013
           9          27   6.1503574124353676E-014
           9          28  -4.5855889618683954E-013
           9          29  -4.6498962078964852E-014
           9          30  -2.0559286986925466E-013
           9          31   2.5013443089799890E-013
           9          32  -9.5693838551620433E-015
           9          33  -4.8938680588163863E-013
          10           1  0.28698150130010847     
          10           2  -1.4406444994786476     
          10           3  -8.9920450447829348E-014
          10           4   3.7014990350722372E-013
          10           5   1.8415917755064269E-013
          10           6   3.0705271708559563     
          10           7   2.9076934685495219E-013
          10           8  -1.2511245020854358E-012
          10           9  -9.6174650952390798E-013
          10          10   12.639054883629331     
          10          11  -7.6758015721638862E-013
          10          12   2.8398284181097458E-012
          10          13   2.5081933738936875E-012
          10          14 -0.73327764693004549     
          10          15  -1.6751225789408045E-012
          10          16   4.1871026901324584E-012
          10          17   4.2527391114216398E-012
          10          18   1.1456507505368223     
          10          19   9.3649186485063242E-014
          10          20  -2.6104315043386922E-013
          10          21  -3.6831890745680599E-013
          10          22  0.31210624609818527     
          10          23   1.1427151481099149E-013
          10          24  0.31210624609865090     
          10          25   1.2504335627927957E-013
          10          26   5.4528215041015032E-014
          10          27  0.31210624609742960     
          10          28   3.4404540928582761     
          10          29  -2.4946362215762112E-013
          10          30   3.4404540928570735     
          10          31  -3.0188086090732292E-013
          10          32   1.1024251950452810E-013
          10          33   3.4404540928600600     
          11           1  -7.2082022753043357E-015
          11           2   3.1203505778084405E-014
          11           3  0.53256842166516916     
          11           4  -4.2476439032768099E-014
          11           5  -1.6221399223859123E-014
          11           6  -1.0326779805166657E-013
          11           7  -2.0197230344088806     
          11           8   1.2130574322810617E-013
          11           9   1.4047443763764988E-013
          11          10  -7.6758015721638862E-013
          11          11   3.6917525942884462     
          11          12  -2.8665958495821542E-013
          11          13  -3.8449798900330734E-013
          11          14   1.9061984508199390E-013
          11          15   1.3145801501729653     
          11          16  -4.5587145169889709E-013
          11          17  -7.8467787822944501E-013
          11          18  -1.9304439581915460E-013
          11          19 -0.18089445638181714     
          11          20   1.9014304020181783E-014
          11          21  -1.4425786953875530E-013
          11          22   3.9023126407276490E-014
          11          23  -8.9954303955559034E-017
          11          24  -6.9893832792875788E-014
          11          25  -2.6746314118916648E-014
          11          26  -8.1145297052238402E-014
          11          27   4.0952628916243986E-014
          11          28  -4.0696403940606695E-013
          11          29   3.4714024545642481E-015
          11          30  -8.7094916244537070E-014
          11          31  -3.4426021000350104E-015
          11          32  -5.5292121646122293E-016
          11          33  -4.5437207606401947E-013
          12           1   5.4652718678987256E-014
          12           2  -2.0872207595484116E-013
          12           3  -1.3972330237255193E-014
          12           4  0.53256842166517449     
          12           5   1.8370721610594387E-015
          12           6   4.9352414871387357E-013
          12           7   9.7411662070001626E-014
          12           8  -2.0197230344088735     
          12           9  -4.8717974099332650E-014
          12          10   2.8398284181097458E-012
          12          11  -2.8665958495821542E-013
          12          12   3.6917525942883529     
          12          13   1.6901757771137227E-013
          12          14  -4.1083993708011633E-013
          12          15  -6.7795768998735184E-013
          12          16   1.3145801501726750     
          12          17   5.4437010454932988E-013
          12          18   5.0575177610050863E-013
          12          19  -7.3163870795145414E-013
          12          20 -0.18089445638202761     
          12          21   4.7831877347803697E-013
          12          22  -3.0387685366410540E-014
          12          23   1.9041889638736340E-014
          12          24   1.9257493034931790E-013
          12          25   1.9423088179666643E-014
          12          26   5.6148536047291647E-014
          12          27  -7.7558059346037498E-014
          12          28   1.1306630293457273E-012
          12          29  -3.2429174931998364E-014
          12          30   5.5566275335744285E-013
          12          31   8.1316258026710861E-015
          12          32  -4.7461562442481488E-014
          12          33   1.2411537213594585E-012
          13           1   3.0087199888628353E-014
          13           2  -1.1823897168555610E-013
          13           3  -7.5807415900186470E-015
          13           4   6.6318478486593335E-015
          13           5  0.53256842166520402     
          13           6   3.5774659936632838E-013
          13           7   1.2373435609447370E-013
          13           8  -1.1205619765419783E-013
          13           9  -2.0197230344088926     
          13          10   2.5081933738936875E-012
          13          11  -3.8449798900330734E-013
          13          12   1.6901757771137227E-013
          13          13   3.6917525942885154     
          13          14  -2.2853498168578533E-013
          13          15  -8.9835083816325323E-013
          13          16   2.1263546479133311E-013
          13          17   1.3145801501733410     
          13          18   3.1650952253698053E-013
          13          19  -9.8503843970476623E-013
          13          20   4.7347542553310973E-014
          13          21 -0.18089445638144733     
          13          22  -7.0980975695020346E-014
          13          23  -3.5301970611291323E-014
          13          24   1.7718137820036794E-013
          13          25   2.2495387094367052E-013
          13          26   7.6979555699242143E-014
          13          27  -1.0296498436018612E-013
          13          28   1.1550370541603408E-012
          13          29   9.0094543812717479E-014
          13          30   5.2629848462297427E-013
          13          31  -4.9982135638739726E-013
          13          32  -7.0138312498196565E-015
          13          33   1.2603355154992152E-012
          14           1  -1.9208607347794872E-002
          14           2  -1.1113455315513734E-002
          14           3   1.5108813100043252E-014
          14           4   9.5173579192438446E-015
          14           5  -6.9880546570816132E-014
          14           6   2.0035540928029380E-002
          14           7  -8.7171764614394882E-014
          14           8   1.3770822117904925E-013
          14           9   6.5255637610311063E-014
          14          10 -0.73327764693004549     
          14          11   1.9061984508199390E-013
          14          12  -4.1083993708011633E-013
          14          13  -2.2853498168578533E-013
          14          14  0.52861126974807116     
          14          15   3.2299219627016141E-013
          14          16  -7.5502528446045393E-013
          14          17  -5.5750654605217162E-013
          14          18 -0.31080090359541312     
          14          19   4.8687396643258999E-014
          14          20   5.0233866938638867E-014
          14          21   3.4313612011372952E-014
          14          22   7.7729350066070976E-003
          14          23   1.9033540998809324E-014
          14          24   7.7729350068309949E-003
          14          25  -6.6223713695995153E-014
          14          26   1.2984405366963318E-013
          14          27   7.7729350063791228E-003
          14          28 -0.35779563497900835     
          14          29  -5.2022547531052248E-014
          14          30 -0.35779563497950234     
          14          31   1.9726043385318675E-013
          14          32   8.9785058762867725E-015
          14          33 -0.35779563497851452     
          15           1  -2.7265528824545161E-014
          15           2   1.1284125230158018E-013
          15           3  0.14071110392139125     
          15           4  -6.5251623548867599E-014
          15           5  -8.2718554228478069E-014
          15           6  -2.8505373239225440E-013
          15           7 -0.57846351023434317     
          15           8   2.7561980475709902E-013
          15           9   3.3736208271406554E-013
          15          10  -1.6751225789408045E-012
          15          11   1.3145801501729653     
          15          12  -6.7795768998735184E-013
          15          13  -8.9835083816325323E-013
          15          14   3.2299219627016141E-013
          15          15   1.8932706556497756     
          15          16  -1.1195211424563922E-012
          15          17  -1.7496837312336311E-012
          15          18  -3.4536673709982771E-013
          15          19 -0.37902842320676583     
          15          20   2.7658431100974212E-014
          15          21  -2.5584222240748744E-013
          15          22   2.7710748251668490E-014
          15          23  -3.8421376399776002E-014
          15          24  -1.1305028765473215E-013
          15          25   1.1046248862975707E-013
          15          26  -2.2701101570239955E-014
          15          27   5.1457916832009620E-014
          15          28  -7.0785133876316288E-013
          15          29   7.0699759356483407E-014
          15          30  -3.1418959992090607E-013
          15          31  -2.8016772125954496E-013
          15          32   7.9962159622583583E-014
          15          33  -7.7069371736825814E-013
          16           1   7.2850371011190998E-014
          16           2  -2.7218236913681166E-013
          16           3  -1.9850440735602604E-014
          16           4  0.14071110392139666     
          16           5  -8.9095397726168812E-015
          16           6   7.1718593213346683E-013
          16           7   1.4533860226428885E-013
          16           8 -0.57846351023428333     
          16           9  -5.5483395655642198E-014
          16          10   4.1871026901324584E-012
          16          11  -4.5587145169889709E-013
          16          12   1.3145801501726750     
          16          13   2.1263546479133311E-013
          16          14  -7.5502528446045393E-013
          16          15  -1.1195211424563922E-012
          16          16   1.8932706556490446     
          16          17   7.9880546621780013E-013
          16          18   8.2125872069131388E-013
          16          19  -1.2641849372885261E-012
          16          20 -0.37902842320712093     
          16          21   8.0916523481633362E-013
          16          22  -5.5348225532608909E-014
          16          23   8.3818668340083423E-015
          16          24   2.5785966291004735E-013
          16          25   8.9086444435940489E-014
          16          26   8.8592616094000678E-014
          16          27  -1.3541078133721848E-013
          16          28   1.7036737512189533E-012
          16          29  -2.0054867438835094E-015
          16          30   8.7477205978144042E-013
          16          31  -1.3025211126631288E-013
          16          32  -6.2571027301157234E-014
          16          33   1.8821584890777901E-012
          17           1   5.3345255048973189E-014
          17           2  -2.0774757805404716E-013
          17           3  -3.5344990823027445E-014
          17           4   4.9307780081164765E-014
          17           5  0.14071110392145514     
          17           6   6.2709596037794368E-013
          17           7   2.6769558791883696E-013
          17           8  -2.8173297028644129E-013
          17           9 -0.57846351023446463     
          17          10   4.2527391114216398E-012
          17          11  -7.8467787822944501E-013
          17          12   5.4437010454932988E-013
          17          13   1.3145801501733410     
          17          14  -5.5750654605217162E-013
          17          15  -1.7496837312336311E-012
          17          16   7.9880546621780013E-013
          17          17   1.8932706556508583     
          17          18   6.5283672089288468E-013
          17          19  -1.6668524199792145E-012
          17          20   6.8924033147510499E-014
          17          21 -0.37902842320613844     
          17          22  -1.0842781376022444E-013
          17          23  -2.5946984647835436E-014
          17          24   3.2683209540092717E-013
          17          25   2.0736393665398105E-013
          17          26   1.0308191181399852E-013
          17          27  -2.0738950827426308E-013
          17          28   1.9321577602760672E-012
          17          29   4.9471783306044461E-014
          17          30   8.0928228597758960E-013
          17          31  -4.2299728430041623E-013
          17          32  -5.7705517150437195E-014
          17          33   2.1654884040466227E-012
          18           1   2.2386776657910952E-002
          18           2 -0.10918822635633228     
          18           3  -2.6871881275891700E-014
          18           4   6.9999158030118790E-014
          18           5   2.7145438269811423E-016
          18           6  0.25391406140142841     
          18           7   8.3231649233575771E-014
          18           8  -2.0913110537971087E-013
          18           9  -1.1001147978987809E-013
          18          10   1.1456507505368223     
          18          11  -1.9304439581915460E-013
          18          12   5.0575177610050863E-013
          18          13   3.1650952253698053E-013
          18          14 -0.31080090359541312     
          18          15  -3.4536673709982771E-013
          18          16   8.2125872069131388E-013
          18          17   6.5283672089288468E-013
          18          18  0.24889007153559867     
          18          19  -1.6088061607012153E-014
          18          20  -7.1236899867902361E-014
          18          21  -6.9100057170241863E-014
          18          22   2.1084677510579200E-002
          18          23   2.0793044047264402E-014
          18          24   2.1084677510622603E-002
          18          25   2.1256257698528867E-014
          18          26   1.0111136751495060E-013
          18          27   2.1084677510430607E-002
          18          28  0.36125819547016247     
          18          29  -8.9123759569645587E-014
          18          30  0.36125819547005794     
          18          31   3.4023830669735179E-014
          18          32  -7.2392399687751503E-015
          18          33  0.36125819547047222     
          19           1   3.3614277814603593E-016
          19           2  -1.5493417493024834E-015
          19           3  -1.7408919693747135E-002
          19           4  -6.2692798001584560E-014
          19           5  -1.0656894203903144E-013
          19           6  -5.4084235866623900E-015
          19           7   5.3597349466021640E-002
          19           8   2.8516793960930986E-013
          19           9   3.9117016917278313E-013
          19          10   9.3649186485063242E-014
          19          11 -0.18089445638181714     
          19          12  -7.3163870795145414E-013
          19          13  -9.8503843970476623E-013
          19          14   4.8687396643258999E-014
          19          15 -0.37902842320676583     
          19          16  -1.2641849372885261E-012
          19          17  -1.6668524199792145E-012
          19          18  -1.6088061607012153E-014
          19          19  0.15503353826420366     
          19          20   6.1523377538341695E-014
          19          21   8.8082644476850103E-014
          19          22   6.7350434335022348E-015
          19          23  -1.8104197921972943E-015
          19          24   5.7551864806636768E-015
          19          25   2.7714760137570704E-014
          19          26  -1.1085407139106295E-014
          19          27  -5.9847543679003434E-015
          19          28   4.3618286226889221E-014
          19          29  -7.7880997904680948E-015
          19          30   4.9895450660932745E-014
          19          31  -6.8737613089153639E-014
          19          32   3.3810146630600074E-014
          19          33   4.6992488362943035E-014
          20           1   1.6430851864786270E-015
          20           2   1.1226584014955931E-014
          20           3   2.0308732993912226E-015
          20           4  -1.7408919693763208E-002
          20           5   2.1319751519754959E-015
          20           6  -3.7970273566042721E-014
          20           7  -1.1029371860260540E-014
          20           8   5.3597349466099939E-002
          20           9  -2.3979082608427404E-014
          20          10  -2.6104315043386922E-013
          20          11   1.9014304020181783E-014
          20          12 -0.18089445638202761     
          20          13   4.7347542553310973E-014
          20          14   5.0233866938638867E-014
          20          15   2.7658431100974212E-014
          20          16 -0.37902842320712093     
          20          17   6.8924033147510499E-014
          20          18  -7.1236899867902361E-014
          20          19   6.1523377538341695E-014
          20          20  0.15503353826426719     
          20          21  -5.0759309949688358E-014
          20          22   7.2142160700744762E-015
          20          23  -4.8778590172999036E-015
          20          24  -1.8397712416008892E-014
          20          25   1.4462042189162907E-014
          20          26  -2.6294749438518804E-015
          20          27   1.0615299963481165E-014
          20          28  -1.1106906545533862E-013
          20          29   4.1079977852011175E-014
          20          30  -5.6277819973012591E-014
          20          31  -3.0968788827786164E-014
          20          32  -5.7064878790920145E-015
          20          33  -1.3039782546839777E-013
          21           1  -5.8854103798714767E-015
          21           2   2.9314003533205963E-014
          21           3  -8.8912167559018762E-015
          21           4   2.8064356394352785E-014
          21           5  -1.7408919693680081E-002
          21           6  -7.4207453854740993E-014
          21           7   5.3105957131815984E-014
          21           8  -1.9052814881348468E-013
          21           9   5.3597349465872912E-002
          21          10  -3.6831890745680599E-013
          21          11  -1.4425786953875530E-013
          21          12   4.7831877347803697E-013
          21          13 -0.18089445638144733     
          21          14   3.4313612011372952E-014
          21          15  -2.5584222240748744E-013
          21          16   8.0916523481633362E-013
          21          17 -0.37902842320613844     
          21          18  -6.9100057170241863E-014
          21          19   8.8082644476850103E-014
          21          20  -5.0759309949688358E-014
          21          21  0.15503353826424718     
          21          22   8.3342524850615734E-015
          21          23  -4.3420378664179534E-014
          21          24  -2.3608944807309999E-014
          21          25   9.7869251523258184E-014
          21          26   2.5883262005695471E-014
          21          27   1.1222286741720370E-014
          21          28  -1.3230127258155192E-013
          21          29   9.8358593565068593E-014
          21          30  -7.2673357840010636E-014
          21          31  -2.2579580651902109E-013
          21          32   8.7912521883782968E-014
          21          33  -1.5448119519857162E-013
          22           1 -0.14197662846480352     
          22           2 -0.35034763433632499     
          22           3  -5.1659594510479435E-016
          22           4   2.4450122312389357E-014
          22           5  -3.3483796990917533E-014
          22           6  0.11775411210650313     
          22           7  -2.1158971794154595E-014
          22           8  -2.9386733972982318E-014
          22           9   4.0080520519210204E-014
          22          10  0.31210624609818527     
          22          11   3.9023126407276490E-014
          22          12  -3.0387685366410540E-014
          22          13  -7.0980975695020346E-014
          22          14   7.7729350066070976E-003
          22          15   2.7710748251668490E-014
          22          16  -5.5348225532608909E-014
          22          17  -1.0842781376022444E-013
          22          18   2.1084677510579200E-002
          22          19   6.7350434335022348E-015
          22          20   7.2142160700744762E-015
          22          21   8.3342524850615734E-015
          22          22   2.3295507588362194     
          22          23  -1.5533827304239452E-013
          22          24  -1.0567104896607167     
          22          25   7.2211466313034061E-013
          22          26   7.8157617212519305E-013
          22          27  -1.0567104896606900     
          22          28 -0.67568883852016925     
          22          29   4.5171665095711502E-013
          22          30  0.46798134889430421     
          22          31  -8.5556483333164555E-013
          22          32   1.3832078995584028E-013
          22          33  0.46798134889432241     
          23           1   1.2265072151385200E-015
          23           2  -5.0220940443700910E-015
          23           3   1.4864057601976574E-014
          23           4   1.3613191418694899E-015
          23           5   2.1769816757817966E-014
          23           6   2.5959667686446345E-014
          23           7  -2.5273519847314804E-014
          23           8  -5.4086986606864774E-014
          23           9   1.8387268311690654E-014
          23          10   1.1427151481099149E-013
          23          11  -8.9954303955559034E-017
          23          12   1.9041889638736340E-014
          23          13  -3.5301970611291323E-014
          23          14   1.9033540998809324E-014
          23          15  -3.8421376399776002E-014
          23          16   8.3818668340083423E-015
          23          17  -2.5946984647835436E-014
          23          18   2.0793044047264402E-014
          23          19  -1.8104197921972943E-015
          23          20  -4.8778590172999036E-015
          23          21  -4.3420378664179534E-014
          23          22  -1.5533827304239452E-013
          23          23   2.2575074989978399     
          23          24  -1.2844612615329183E-013
          23          25   4.7357950895106899E-016
          23          26   3.0567562370133808E-014
          23          27   2.6837651969394972E-013
          23          28   5.2068055473208175E-013
          23          29 -0.76244679160961870     
          23          30  -2.5043961555968613E-013
          23          31   2.1684043449686745E-014
          23          32  -4.0453751458282688E-015
          23          33  -1.3533871476012420E-013
          24           1 -0.14197662846481846     
          24           2 -0.35034763433625910     
          24           3  -4.1989017166146186E-015
          24           4   3.3066081804310383E-014
          24           5   1.3283177892563322E-014
          24           6  0.11775411210685130     
          24           7   7.3768549967139658E-015
          24           8  -1.0372032343472817E-013
          24           9  -8.9848532292727175E-014
          24          10  0.31210624609865090     
          24          11  -6.9893832792875788E-014
          24          12   1.9257493034931790E-013
          24          13   1.7718137820036794E-013
          24          14   7.7729350068309949E-003
          24          15  -1.1305028765473215E-013
          24          16   2.5785966291004735E-013
          24          17   3.2683209540092717E-013
          24          18   2.1084677510622603E-002
          24          19   5.7551864806636768E-015
          24          20  -1.8397712416008892E-014
          24          21  -2.3608944807309999E-014
          24          22  -1.0567104896607167     
          24          23  -1.2844612615329183E-013
          24          24   2.3295507588358642     
          24          25  -2.9041564364549112E-014
