           1           1   2.1749393631985479     
           1           2 -0.66722094589962433     
           1           3  -4.1179747344714806E-013
           1           4   8.5428539655763513E-013
           1           5  -5.5142321535517850E-013
           1           6  0.58235174818328495     
           1           7  -2.7508924847751477E-013
           1           8  -2.7653030222433482E-013
           1           9  -3.0373020926783957E-014
           1          10  0.26160334101985772     
           1          11  -5.4178790183049783E-015
           1          12   7.7740032831217081E-014
           1          13  -3.7474478603787780E-014
           1          14  -2.7322599903888741E-003
           1          15   2.8427343770214591E-014
           1          16   6.8755051163762125E-014
           1          17   2.3724628449646663E-014
           1          18   9.5616230324283968E-003
           1          19  -2.5813101013668570E-014
           1          20  -2.8612850225037980E-014
           1          21  -5.9063497017170761E-014
           1          22 -0.16622513333530717     
           1          23  -2.2973588735278392E-006
           1          24 -0.16609262715894579     
           1          25   1.1952966081385526E-004
           1          26  -2.7580698100598410E-005
           1          27 -0.16618248756021597     
           1          28 -0.14058737638400348     
           1          29   3.5497454531411108E-005
           1          30 -0.14060085892270124     
           1          31   5.6927631292273237E-006
           1          32   4.3826028934262142E-005
           1          33 -0.14059170927962716     
           1          34   2.9217145800044184E-003
           1          35  -1.0683180983184272E-004
           1          36   1.4907219653887967E-003
           1          37  -1.3575073075286297E-003
           1          38   1.4472657853168908E-004
           1          39   2.4611404448224190E-003
           2           1 -0.66722094589962433     
           2           2   2.6672092774297500     
           2           3   1.3829948015196783E-012
           2           4  -2.7776219431205315E-012
           2           5   1.7280735584339878E-012
           2           6  -1.0746434305322143     
           2           7   7.2148956974333258E-013
           2           8   8.0322305865636274E-013
           2           9   6.2538556388035541E-013
           2          10  0.23701595206769632     
           2          11   1.1874808402236133E-013
           2          12  -2.1238554599806001E-013
           2          13   1.0591778581696801E-013
           2          14  -3.3319444543013374E-002
           2          15  -1.2137980933530717E-013
           2          16  -1.5294611670108438E-013
           2          17  -2.9007913039531706E-013
           2          18  -1.7865642481951140E-002
           2          19   7.3702743109919647E-014
           2          20   1.1756319119924786E-014
           2          21   1.8192549332300129E-013
           2          22  -4.1634878535720829E-002
           2          23   9.3717885269624368E-006
           2          24  -4.2137893891544168E-002
           2          25  -4.5342492381672322E-004
           2          26   1.0545772615734491E-004
           2          27  -4.1796768832508498E-002
           2          28   6.5348726723714029E-002
           2          29  -1.4243234768997111E-004
           2          30   6.5334808917751688E-002
           2          31  -8.4794238369257209E-005
           2          32  -1.6306490268034078E-004
           2          33   6.5344221834166480E-002
           2          34   1.1616297360575484E-003
           2          35   4.1161398913943829E-004
           2          36   6.6565819537537305E-003
           2          37   5.2134725854692879E-003
           2          38  -5.5413382510608529E-004
           2          39   2.9302155379701805E-003
           3           1  -4.1179747344714806E-013
           3           2   1.3829948015196783E-012
           3           3   2.4019249755931291     
           3           4  -7.3024778869164271E-005
           3           5  -7.2739060768198488E-004
           3           6   3.4550944201356514E-012
           3           7  -1.0646677250524972     
           3           8   2.3301653177412558E-004
           3           9   2.3213348173203733E-003
           3          10   5.2743521088722117E-012
           3          11  0.32449883619338049     
           3          12  -6.2153951307314349E-004
           3          13  -6.1991183337873701E-003
           3          14  -1.5645639965183976E-012
           3          15   8.6072407710328525E-003
           3          16   1.3726824035576878E-003
           3          17   1.3727581421429363E-002
           3          18   2.2396401494594464E-012
           3          19  -1.8549386800517140E-002
           3          20   5.9732000028140286E-004
           3          21   6.1373037908249075E-003
           3          22  -4.6668948051273449E-013
           3          23   1.7843737820881716E-012
           3          24  -2.5500868660512349E-012
           3          25   1.0201189041220893E-012
           3          26   3.5026829852794330E-013
           3          27  -6.0759385922325128E-013
           3          28  -1.5510319492992393E-012
           3          29  -1.2875184290938633E-012
           3          30  -1.2279193191701662E-012
           3          31   8.5387028795873561E-013
           3          32   6.6944678581861617E-013
           3          33  -2.8937304554119575E-012
           3          34  -5.6234595745050979E-013
           3          35   1.0825759849087333E-012
           3          36  -7.6375890314493543E-014
           3          37  -1.0523538831779095E-012
           3          38  -6.8957318663423612E-013
           3          39   1.3533937960511869E-013
           4           1   8.5428539655763513E-013
           4           2  -2.7776219431205315E-012
           4           3  -7.3024778869164271E-005
           4           4   2.4010497203930425     
           4           5   5.7542878980667622E-005
           4           6   1.5430773587648139E-012
           4           7   2.3301653258432103E-004
           4           8  -1.0618744885429863     
           4           9  -1.8367360094534413E-004
           4          10   6.3210380809737380E-012
           4          11  -6.2153951374087379E-004
           4          12  0.31703903474465833     
           4          13   4.9142225854371816E-004
           4          14   3.0183720245862281E-012
           4          15   1.3726824041852650E-003
           4          16   2.5128892662077913E-002
           4          17  -1.0928909361035473E-003
           4          18  -7.5941806572876492E-013
           4          19   5.9732000226137894E-004
           4          20  -1.1152402967034920E-002
           4          21  -5.0936868749977689E-004
           4          22   1.6655107449036953E-012
           4          23   2.3759432534273796E-012
           4          24  -1.9184171866158984E-012
           4          25  -8.0097356981394744E-014
           4          26   5.6842760642320019E-013
           4          27   1.9971276357431349E-013
           4          28  -2.5202260878930879E-012
           4          29  -1.0622264416445804E-012
           4          30  -1.7985278077471167E-012
           4          31   5.3505948738227585E-013
           4          32   7.4750046893647699E-013
           4          33  -3.0386656146655511E-012
           4          34  -1.7953782682078110E-012
           4          35   7.8863658281976091E-013
           4          36  -1.1393633953093722E-012
           4          37  -1.0955505228781828E-012
           4          38  -6.0288213852455364E-013
           4          39  -1.0357595055486475E-012
           5           1  -5.5142321535517850E-013
           5           2   1.7280735584339878E-012
           5           3  -7.2739060768198488E-004
           5           4   5.7542878980667622E-005
           5           5   2.4016432662971887     
           5           6   7.2567013813808912E-013
           5           7   2.3213348184723970E-003
           5           8  -1.8367360074039322E-004
           5           9  -1.0637686945421145     
           5          10   3.2381325215327072E-012
           5          11  -6.1991183342666803E-003
           5          12   4.9142225924902561E-004
           5          13  0.32209782251392327     
           5          14  -1.4523979984115788E-012
           5          15   1.3727581423432920E-002
           5          16  -1.0928909382665031E-003
           5          17   1.3924903188463749E-002
           5          18   2.0949247740187542E-012
           5          19   6.1373037869874416E-003
           5          20  -5.0936868337923878E-004
           5          21  -1.6168595579843084E-002
           5          22   7.3978592435510224E-013
           5          23   1.3683336421900054E-012
           5          24  -1.3065479951828553E-012
           5          25   1.6667585906798217E-012
           5          26   8.0081626622796355E-013
           5          27   9.5828370406499025E-013
           5          28  -1.5305643188770047E-012
           5          29  -4.1602054034856450E-013
           5          30  -4.0815164125891254E-013
           5          31   3.8544427636404447E-013
           5          32  -3.7549906341483604E-013
           5          33  -1.7837329205683958E-012
           5          34  -3.0618886678712654E-013
           5          35   1.3584793734524083E-013
           5          36   4.7833767288179182E-013
           5          37  -1.0469916174484156E-012
           5          38   4.8816606738854228E-013
           5          39  -3.4037329488534030E-014
           6           1  0.58235174818328495     
           6           2  -1.0746434305322143     
           6           3   3.4550944201356514E-012
           6           4   1.5430773587648139E-012
           6           5   7.2567013813808912E-013
           6           6   2.6691021853905426     
           6           7  -1.9019569887033382E-012
           6           8  -1.6136279781475407E-012
           6           9  -2.9118052616436024E-013
           6          10 -0.73534006643565686     
           6          11  -8.3505382316802945E-013
           6          12   1.2028299374989000E-012
           6          13  -7.6560813346093780E-013
           6          14   9.0250180704686531E-002
           6          15   2.8616988343070544E-013
           6          16   3.9193423362991651E-013
           6          17   4.9057299038134574E-013
           6          18   4.4899680106885005E-002
           6          19  -1.3975530583596573E-013
           6          20   1.3534827303964568E-014
           6          21  -5.4229262821347350E-013
           6          22   7.2887531463982271E-003
           6          23   3.6398373742747348E-006
           6          24   8.8220599061014579E-003
           6          25   1.3984510499771168E-003
           6          26  -2.8399516896005075E-004
           6          27   7.7822378615951503E-003
           6          28  -8.1151764639667834E-002
           6          29   3.2726397406171632E-004
           6          30  -8.1476382961777255E-002
           6          31  -1.2997531589589847E-004
           6          32   4.4170364856570423E-004
           6          33  -8.1256182095188187E-002
           6          34  -2.5143677965980783E-003
           6          35  -1.0491187932125687E-003
           6          36  -1.6597105799948910E-002
           6          37  -1.3358418288741066E-002
           6          38   1.4268923885579472E-003
           6          39  -7.0469867903453932E-003
           7           1  -2.7508924847751477E-013
           7           2   7.2148956974333258E-013
           7           3  -1.0646677250524972     
           7           4   2.3301653258432103E-004
           7           5   2.3213348184723970E-003
           7           6  -1.9019569887033382E-012
           7           7   2.8426776015419022     
           7           8  -7.4353076006255419E-004
           7           9  -7.4080500968732206E-003
           7          10  -1.0723459729722368E-011
           7          11  -1.0802846482035608     
           7          12   1.9831166245657126E-003
           7          13   1.9781837584232593E-002
           7          14   1.6843605317952667E-012
           7          15  -1.2299968835477459E-003
           7          16  -4.3752555805007219E-003
           7          17  -4.3764821836458787E-002
           7          18  -3.2927334281923689E-012
           7          19   4.4820591160950385E-002
           7          20  -1.9132643294739514E-003
           7          21  -1.9653299172043913E-002
           7          22  -1.9735794889308123E-012
           7          23  -5.5283947751683918E-012
           7          24   2.9254551448466660E-012
           7          25  -3.1080625129052638E-012
           7          26  -1.7775581618774484E-013
           7          27  -1.3215420737686793E-012
           7          28   2.7484498554497607E-012
           7          29   4.1777548695796987E-012
           7          30   2.4632996795314453E-012
           7          31  -1.4798057903257311E-012
           7          32  -9.4983098552905899E-013
           7          33   6.0870943449574647E-012
           7          34   1.9537638639020903E-012
           7          35  -2.2645628868734029E-012
           7          36   2.1553045084746719E-013
           7          37   2.4339525635977495E-012
           7          38   7.4078962096997808E-013
           7          39   9.0565674880179389E-015
           8           1  -2.7653030222433482E-013
           8           2   8.0322305865636274E-013
           8           3   2.3301653177412558E-004
           8           4  -1.0618744885429863     
           8           5  -1.8367360074039322E-004
           8           6  -1.6136279781475407E-012
           8           7  -7.4353076006255419E-004
           8           8   2.8337635168997002     
           8           9   5.8627139480750502E-004
           8          10  -1.4122270810212698E-011
           8          11   1.9831166267327413E-003
           8          12  -1.0564797114441009     
           8          13  -1.5684952872135260E-003
           8          14  -2.6863229358510186E-012
           8          15  -4.3752555815343690E-003
           8          16  -5.3903210746337110E-002
           8          17   3.4854880737920074E-003
           8          18  -1.2669124730573507E-013
           8          19  -1.9132643370800033E-003
           8          20   2.1133768558801148E-002
           8          21   1.6305210062673050E-003
           8          22  -4.3449167796354638E-012
           8          23  -6.0809937038449633E-012
           8          24   4.6584363580070885E-012
           8          25  -1.2646389639281844E-012
           8          26  -4.2457781331018448E-013
           8          27  -1.6081862887212784E-012
           8          28   4.2450259326713306E-012
           8          29   2.6165307714854255E-012
           8          30   4.1644153333463334E-012
           8          31  -2.0667657479213057E-012
           8          32  -1.6622876911384754E-012
           8          33   6.9487847745357923E-012
           8          34   3.3144623105802896E-012
           8          35  -1.8794318457118554E-012
           8          36   1.7534103235890578E-012
           8          37   3.6029797840699578E-012
           8          38  -1.3056440606500429E-014
           8          39   7.6601288541130618E-013
           9           1  -3.0373020926783957E-014
           9           2   6.2538556388035541E-013
           9           3   2.3213348173203733E-003
           9           4  -1.8367360094534413E-004
           9           5  -1.0637686945421145     
           9           6  -2.9118052616436024E-013
           9           7  -7.4080500968732206E-003
           9           8   5.8627139480750502E-004
           9           9   2.8398085149829724     
           9          10  -9.6563035457431452E-012
           9          11   1.9781837585642378E-002
           9          12  -1.5684952898158168E-003
           9          13  -1.0726227849921712     
           9          14   1.3238867982967528E-012
           9          15  -4.3764821843248786E-002
           9          16   3.4854880772843678E-003
           9          17  -1.8183408567575665E-002
           9          18  -2.4763401851530229E-012
           9          19  -1.9653299158317636E-002
           9          20   1.6305209964566957E-003
           9          21   3.7196756722250104E-002
           9          22  -2.5903918686563479E-012
           9          23  -5.3744254783063293E-012
           9          24   2.6727118129369300E-012
           9          25  -4.3466681893027612E-012
           9          26  -7.5447726802475119E-013
           9          27  -1.8186702204726554E-012
           9          28   3.8955975418485800E-012
           9          29   3.5427023638367101E-012
           9          30   1.3170515414871701E-012
           9          31  -1.3100081549544305E-012
           9          32   2.3683661420941240E-013
           9          33   4.1517408986502755E-012
           9          34   2.0679425956488596E-012
           9          35  -1.0255641064066547E-012
           9          36  -7.7313261943512250E-013
           9          37   2.1110213765436051E-012
           9          38  -7.1951441669354676E-013
           9          39   3.4803805805010202E-013
          10           1  0.26160334101985772     
          10           2  0.23701595206769632     
          10           3   5.2743521088722117E-012
          10           4   6.3210380809737380E-012
          10           5   3.2381325215327072E-012
          10           6 -0.73534006643565686     
          10           7  -1.0723459729722368E-011
          10           8  -1.4122270810212698E-011
          10           9  -9.6563035457431452E-012
          10          10   2.5397118876799278     
          10          11   6.6943195824011782E-013
          10          12  -1.7403367147175284E-012
          10          13   8.5328653160054839E-013
          10          14 -0.18281376452123480     
          10          15  -6.7104723993764732E-013
          10          16  -8.3170654767115248E-013
          10          17  -5.5800312425720709E-013
          10          18 -0.13199914031954632     
          10          19   1.3311100969162120E-013
          10          20   8.9572745509121345E-014
          10          21   3.0680166833363838E-013
          10          22  -5.5954603532065314E-002
          10          23  -1.5765910801477637E-004
          10          24  -6.1905501315847516E-002
          10          25  -5.5001852799501146E-003
          10          26   9.3524914041043130E-004
          10          27  -5.7869886665830775E-002
          10          28  -3.0109702269982275E-002
          10          29  -9.2574413075348361E-004
          10          30  -2.9454540817303497E-002
          10          31   1.2802332273074502E-004
          10          32  -1.2000069909002351E-003
          10          33  -2.9899009102036224E-002
          10          34  -3.0272531250075084E-002
          10          35   2.5721458976677271E-003
          10          36   5.6931317049561409E-003
          10          37   3.4061566907724730E-002
          10          38  -3.7687913436029517E-003
          10          39  -1.8696772584614069E-002
          11           1  -5.4178790183049783E-015
          11           2   1.1874808402236133E-013
          11           3  0.32449883619338049     
          11           4  -6.2153951374087379E-004
          11           5  -6.1991183342666803E-003
          11           6  -8.3505382316802945E-013
          11           7  -1.0802846482035608     
          11           8   1.9831166267327413E-003
          11           9   1.9781837585642378E-002
          11          10   6.6943195824011782E-013
          11          11   2.4098367757638597     
          11          12  -5.2862751609161060E-003
          11          13  -5.2797202246228754E-002
          11          14  -4.0729953604156634E-012
          11          15  -1.7964754513839012E-002
          11          16   1.1571021553603924E-002
          11          17  0.11598934177328354     
          11          18   2.9879683276935352E-012
          11          19 -0.11407643442434880     
          11          20   5.2534385101515035E-003
          11          21   5.3836185411580736E-002
          11          22  -4.8583787994313346E-013
          11          23  -1.5460961279122961E-013
          11          24   1.7912225174319947E-013
          11          25   3.0670954722649123E-014
          11          26  -4.8041305827979108E-013
          11          27   6.3544670364167415E-013
          11          28   1.0232236349964493E-012
          11          29   4.5573208839117807E-013
          11          30  -4.1157383865735424E-013
          11          31   4.4934410848605855E-013
          11          32   2.4967091825452832E-013
          11          33  -2.3988205113803779E-012
          11          34   1.2663127456233442E-012
          11          35   8.6828338522223615E-013
          11          36   5.8957400999567301E-013
          11          37  -1.7372481442941427E-013
          11          38   4.0535059666097472E-014
          11          39   9.7091045719267774E-013
          12           1   7.7740032831217081E-014
          12           2  -2.1238554599806001E-013
          12           3  -6.2153951307314349E-004
          12           4  0.31703903474465833     
          12           5   4.9142225924902561E-004
          12           6   1.2028299374989000E-012
          12           7   1.9831166245657126E-003
          12           8  -1.0564797114441009     
          12           9  -1.5684952898158168E-003
          12          10  -1.7403367147175284E-012
          12          11  -5.2862751609161060E-003
          12          12   2.3462977847769197     
          12          13   4.1946531550096124E-003
          12          14   6.2697119164255216E-012
          12          15   1.1571021548739662E-002
          12          16  0.12165021344302894     
          12          17  -9.2688082690988872E-003
          12          18  -4.1787517665842422E-012
          12          19   5.2534385362150160E-003
          12          20  -4.9199225101234603E-002
          12          21  -4.4507039080544583E-003
          12          22  -9.1329319882955101E-014
          12          23   1.3491195688473051E-013
          12          24  -4.7600601500042808E-013
          12          25   1.1425440109860979E-013
          12          26  -8.5660721244441969E-013
          12          27   1.2433752724657169E-013
          12          28   7.5735163965205499E-013
          12          29   2.0370338279369654E-012
          12          30   1.0529302681700204E-012
          12          31   9.0137073477898528E-013
          12          32   7.3513956146880889E-013
          12          33   5.6133474624761491E-013
          12          34  -1.4139616780283663E-012
          12          35   1.9103530723840070E-012
          12          36  -3.5179548454560396E-012
          12          37  -2.4256699418528348E-013
          12          38   1.2835964322482776E-012
          12          39  -2.1597994648075013E-012
          13           1  -3.7474478603787780E-014
          13           2   1.0591778581696801E-013
          13           3  -6.1991183337873701E-003
          13           4   4.9142225854371816E-004
          13           5  0.32209782251392327     
          13           6  -7.6560813346093780E-013
          13           7   1.9781837584232593E-002
          13           8  -1.5684952872135260E-003
          13           9  -1.0726227849921712     
          13          10   8.5328653160054839E-013
          13          11  -5.2797202246228754E-002
          13          12   4.1946531550096124E-003
          13          13   2.3893861009365436     
          13          14  -4.6558982394780750E-012
          13          15  0.11598934178658102     
          13          16  -9.2688082769739315E-003
          13          17   2.6971743037864010E-002
          13          18   2.7480293574115993E-012
          13          19   5.3836185373241918E-002
          13          20  -4.4507038863975572E-003
          13          21  -9.3195070328002380E-002
          13          22   5.7263939383973105E-013
          13          23  -5.5046625460717996E-013
          13          24  -1.0096182755978924E-013
          13          25  -9.4721274283345215E-014
          13          26  -3.3307344626905232E-013
          13          27  -5.5720890042476580E-014
          13          28  -2.4454677855265163E-012
          13          29   1.8961257312395090E-013
          13          30   1.1721459368022874E-013
          13          31   3.9318127976446660E-013
          13          32   8.2068971968339077E-013
          13          33   1.6328187245513650E-013
          13          34   8.7246535949135112E-013
          13          35  -5.6665994109396496E-013
          13          36   2.5945403711004062E-012
          13          37  -3.3349337740999244E-013
          13          38   9.3612246118886931E-013
          13          39   1.7338308136953854E-012
          14           1  -2.7322599903888741E-003
          14           2  -3.3319444543013374E-002
          14           3  -1.5645639965183976E-012
          14           4   3.0183720245862281E-012
          14           5  -1.4523979984115788E-012
          14           6   9.0250180704686531E-002
          14           7   1.6843605317952667E-012
          14           8  -2.6863229358510186E-012
          14           9   1.3238867982967528E-012
          14          10 -0.18281376452123480     
          14          11  -4.0729953604156634E-012
          14          12   6.2697119164255216E-012
          14          13  -4.6558982394780750E-012
          14          14  0.57021206194831098     
          14          15   7.2000188178787706E-013
          14          16   1.4373501781090375E-012
          14          17   1.8655360229965682E-013
          14          18  0.24718147965028095     
          14          19   4.7123519687569417E-013
          14          20   5.7879334025521665E-015
          14          21  -1.8609479558715941E-013
          14          22  -2.4719943067577381E-003
          14          23   7.1243985846377819E-004
          14          24   9.7979015398659691E-003
          14          25   1.1536726748402818E-002
          14          26  -1.4777505852967619E-003
          14          27   1.4771137538872933E-003
          14          28   1.5516716090600277E-002
          14          29  -1.0372788169147511E-003
          14          30  -6.9752956855610440E-003
          14          31  -2.1011986433926745E-002
          14          32   3.0214298483156516E-003
          14          33   8.2776331047833100E-003
          14          34   2.1646096782813252E-002
          14          35  -5.9485918883367909E-003
          14          36  -5.2021436008425986E-002
          14          37  -7.0111791249173563E-002
          14          38   6.9283692142671858E-003
          14          39  -2.0643507489122785E-003
          15           1   2.8427343770214591E-014
          15           2  -1.2137980933530717E-013
          15           3   8.6072407710328525E-003
          15           4   1.3726824041852650E-003
          15           5   1.3727581423432920E-002
          15           6   2.8616988343070544E-013
          15           7  -1.2299968835477459E-003
          15           8  -4.3752555815343690E-003
          15           9  -4.3764821843248786E-002
          15          10  -6.7104723993764732E-013
          15          11  -1.7964754513839012E-002
          15          12   1.1571021548739662E-002
          15          13  0.11598934178658102     
          15          14   7.2000188178787706E-013
          15          15  0.29666912488747021     
          15          16  -2.3593710443351353E-002
          15          17 -0.23936357898058341     
          15          18   1.6342931804971361E-013
          15          19  0.15684278012620542     
          15          20  -1.2974080975200399E-002
          15          21 -0.13148547011574432     
          15          22   4.5019126114055390E-013
          15          23   7.2426003025647046E-013
          15          24  -1.2925866715884583E-013
          15          25   2.0485290177144092E-013
          15          26   1.9707073786294070E-013
          15          27  -2.8425774288251458E-013
          15          28  -9.5192284281411064E-013
          15          29  -1.5433516110378173E-012
          15          30   3.9339078531686938E-013
          15          31  -2.4688720359982936E-013
          15          32  -5.3759297662123072E-013
          15          33   4.3446591317387344E-013
          15          34  -1.5107464218155693E-012
          15          35  -2.1062088356151206E-012
          15          36   6.5083689945341629E-013
          15          37  -2.5247947058038323E-013
          15          38  -4.6495480974665694E-013
          15          39   8.0657629182694822E-013
          16           1   6.8755051163762125E-014
          16           2  -1.5294611670108438E-013
          16           3   1.3726824035576878E-003
          16           4   2.5128892662077913E-002
          16           5  -1.0928909382665031E-003
          16           6   3.9193423362991651E-013
          16           7  -4.3752555805007219E-003
          16           8  -5.3903210746337110E-002
          16           9   3.4854880772843678E-003
          16          10  -8.3170654767115248E-013
          16          11   1.1571021553603924E-002
          16          12  0.12165021344302894     
          16          13  -9.2688082769739315E-003
          16          14   1.4373501781090375E-012
          16          15  -2.3593710443351353E-002
          16          16   8.3671147650299683E-003
          16          17   1.9489107703185158E-002
          16          18   3.0008209554324746E-013
          16          19  -1.2974081046957983E-002
          16          20  -1.5163660807963756E-003
          16          21   1.0688178607294537E-002
          16          22  -5.4210637237750808E-014
          16          23   4.1382875223127240E-013
          16          24   9.2884271422981461E-014
          16          25   2.3591056109700603E-014
          16          26   5.3759499263033429E-013
          16          27  -4.5854973899033771E-014
          16          28  -2.6890099827865256E-014
          16          29  -7.4427409487784083E-013
          16          30   2.2942091297647099E-013
          16          31  -1.2996397436905252E-013
          16          32  -1.1176328069401640E-012
          16          33  -5.5966109374425016E-014
          16          34  -1.0689484184634220E-013
          16          35  -9.5863793148146079E-013
          16          36  -8.3935518796014402E-014
          16          37  -3.2540089476504504E-013
          16          38  -1.3926247380069604E-012
          16          39  -2.3582914117314410E-013
          17           1   2.3724628449646663E-014
          17           2  -2.9007913039531706E-013
          17           3   1.3727581421429363E-002
          17           4  -1.0928909361035473E-003
          17           5   1.3924903188463749E-002
          17           6   4.9057299038134574E-013
          17           7  -4.3764821836458787E-002
          17           8   3.4854880737920074E-003
          17           9  -1.8183408567575665E-002
          17          10  -5.5800312425720709E-013
          17          11  0.11598934177328354     
          17          12  -9.2688082690988872E-003
          17          13   2.6971743037864010E-002
          17          14   1.8655360229965682E-013
          17          15 -0.23936357898058341     
          17          16   1.9489107703185158E-002
          17          17  0.20387625261040293     
          17          18   6.9246554754916788E-013
          17          19 -0.13148547000799077     
          17          20   1.0688178539130413E-002
          17          21  0.10587330939519951     
          17          22  -3.2308796258929130E-013
          17          23   2.3851987549466573E-013
          17          24   1.3903611524991849E-013
          17          25   3.7221122435324037E-013
          17          26   7.5538040899589631E-013
          17          27   2.4498198854030823E-013
          17          28   4.0548505859407985E-013
          17          29  -4.9863376129073335E-013
          17          30   4.4349768229186837E-014
          17          31  -4.9110879171592587E-014
          17          32  -1.7408726153278818E-012
          17          33  -5.3668367089451137E-013
          17          34   1.0156414462875249E-012
          17          35  -5.2814405576710386E-013
          17          36  -3.1894124966259207E-015
          17          37  -3.2549153607927801E-013
          17          38  -2.3406766768634087E-012
          17          39  -6.3856206250664909E-013
          18           1   9.5616230324283968E-003
          18           2  -1.7865642481951140E-002
          18           3   2.2396401494594464E-012
          18           4  -7.5941806572876492E-013
          18           5   2.0949247740187542E-012
          18           6   4.4899680106885005E-002
          18           7  -3.2927334281923689E-012
          18           8  -1.2669124730573507E-013
          18           9  -2.4763401851530229E-012
          18          10 -0.13199914031954632     
          18          11   2.9879683276935352E-012
          18          12  -4.1787517665842422E-012
          18          13   2.7480293574115993E-012
          18          14  0.24718147965028095     
          18          15   1.6342931804971361E-013
          18          16   3.0008209554324746E-013
          18          17   6.9246554754916788E-013
          18          18  0.10849385767768537     
          18          19  -1.2119360501610212E-013
          18          20   1.7260816359023622E-013
          18          21  -1.6723162417451095E-014
          18          22  -1.3521317527819005E-003
          18          23   4.8464899070762614E-004
          18          24   3.9269764969242235E-003
          18          25   5.0538512678659801E-003
          18          26  -4.2860346867643620E-004
          18          27   3.4699926284696854E-004
          18          28   6.4719023604803069E-003
          18          29  -8.3671211234708355E-004
          18          30  -2.9664272511821894E-003
          18          31  -9.0205250320399763E-003
          18          32   8.0091944315960686E-004
          18          33   3.4340918698686409E-003
          18          34   9.9275327885195910E-003
          18          35  -3.1118045916310867E-003
          18          36  -2.2098926352847770E-002
          18          37  -3.0746797766379549E-002
          18          38   2.4005591854710335E-003
          18          39  -3.8051731557260052E-004
          19           1  -2.5813101013668570E-014
          19           2   7.3702743109919647E-014
          19           3  -1.8549386800517140E-002
          19           4   5.9732000226137894E-004
          19           5   6.1373037869874416E-003
          19           6  -1.3975530583596573E-013
          19           7   4.4820591160950385E-002
          19           8  -1.9132643370800033E-003
          19           9  -1.9653299158317636E-002
          19          10   1.3311100969162120E-013
          19          11 -0.11407643442434880     
          19          12   5.2534385362150160E-003
          19          13   5.3836185373241918E-002
          19          14   4.7123519687569417E-013
          19          15  0.15684278012620542     
          19          16  -1.2974081046957983E-002
          19          17 -0.13148547000799077     
          19          18  -1.2119360501610212E-013
          19          19   8.7571090562957116E-002
          19          20  -7.0371077367361460E-003
          19          21  -7.1377011749429203E-002
          19          22   1.1368640274281250E-013
          19          23   1.4045991116060066E-014
          19          24  -2.5964898789562467E-014
          19          25  -3.1613847110361274E-014
          19          26  -1.6237990917523902E-013
          19          27  -9.0449314884807766E-014
          19          28  -4.2270402179250197E-013
          19          29  -1.6304845710771734E-013
          19          30   8.0616707239775807E-014
          19          31  -5.1510075346146415E-014
          19          32   5.4919450970259834E-013
          19          33   3.7614934121198152E-013
          19          34  -7.1878904986291326E-013
          19          35  -2.9605872781034616E-013
          19          36   1.3623314151311704E-013
          19          37   2.3717432805174672E-014
          19          38   7.9447699014954981E-013
          19          39   4.1118821731071136E-013
          20           1  -2.8612850225037980E-014
          20           2   1.1756319119924786E-014
          20           3   5.9732000028140286E-004
          20           4  -1.1152402967034920E-002
          20           5  -5.0936868337923878E-004
          20           6   1.3534827303964568E-014
          20           7  -1.9132643294739514E-003
          20           8   2.1133768558801148E-002
          20           9   1.6305209964566957E-003
          20          10   8.9572745509121345E-014
          20          11   5.2534385101515035E-003
          20          12  -4.9199225101234603E-002
          20          13  -4.4507038863975572E-003
          20          14   5.7879334025521665E-015
          20          15  -1.2974080975200399E-002
          20          16  -1.5163660807963756E-003
          20          17   1.0688178539130413E-002
          20          18   1.7260816359023622E-013
          20          19  -7.0371077367361460E-003
          20          20   1.6019012675193565E-003
          20          21   5.8095475908684002E-003
          20          22   7.7836788044984935E-014
          20          23  -2.5886983809210803E-013
          20          24  -1.7844961347301546E-013
          20          25  -3.6524859049384459E-013
          20          26   1.2196902121859752E-013
          20          27   1.1740234079086418E-013
          20          28   5.7376586099735949E-014
          20          29   1.1827233734429955E-013
          20          30  -8.3767704244379190E-014
          20          31  -2.3064176965874051E-014
          20          32   1.6182093081054616E-013
          20          33  -2.0867731350127155E-014
          20          34   1.2675239732647876E-013
          20          35   1.9000845462294261E-013
          20          36   7.7377420432665624E-015
          20          37   1.8123437508656684E-014
          20          38   1.6476735929342815E-013
          20          39   2.0519750604697204E-014
          21           1  -5.9063497017170761E-014
          21           2   1.8192549332300129E-013
          21           3   6.1373037908249075E-003
          21           4  -5.0936868749977689E-004
