           1           1   2.2065875010456626     
           1           2 -0.79528450607218582     
           1           3   4.5721506392432668E-013
           1           4  -2.0151754581902397E-012
           1           5   7.3463229743601363E-013
           1           6  0.28889067932822587     
           1           7  -5.1970359757221442E-015
           1           8  -6.8437015636464992E-014
           1           9   2.2827423761471758E-015
           1          10 -0.64779626365028031     
           1          11   3.5008903278089656E-015
           1          12   7.8054254914199058E-015
           1          13  -1.6222193777180722E-015
           1          14   8.6135839990134425E-003
           1          15  -1.3480078680049218E-016
           1          16  -4.7997408345473027E-015
           1          17   5.1334240306181433E-015
           1          18  -4.8221287647879944E-003
           1          19   5.2319209546944082E-016
           1          20  -2.4908266158253900E-015
           1          21  -6.2482491089738622E-015
           1          22   4.8346661618713385E-002
           1          23   1.8103078787014865E-005
           1          24   4.8141472681151612E-002
           1          25  -1.1626237613091486E-004
           1          26   6.6475463348491739E-005
           1          27   4.8327999994207629E-002
           1          28  0.22154111311306179     
           1          29  -1.0797305217107458E-004
           1          30  0.22247356943722274     
           1          31   4.5912012512069487E-004
           1          32  -3.1817292607918548E-004
           1          33  0.22162592410795651     
           1          34   1.5366875193474339E-003
           1          35   5.8152478141072113E-005
           1          36   1.3566167995718286E-003
           1          37   5.6477709559298280E-006
           1          38   8.6832005082080168E-005
           1          39   1.5203040984226248E-003
           2           1 -0.79528450607218582     
           2           2   3.1529288842200804     
           2           3  -3.9406432517269820E-013
           2           4   6.3257842779612947E-012
           2           5  -3.3933533042597873E-012
           2           6 -0.42267904519860661     
           2           7   5.2357836357952750E-014
           2           8   2.2968797908300005E-013
           2           9  -1.7778372481835367E-014
           2          10   3.6936636713514837     
           2          11  -1.6270867049410112E-014
           2          12  -2.9601147035051542E-014
           2          13   4.7564233598007545E-015
           2          14  -6.9019923935820002E-002
           2          15   1.0169842634255033E-015
           2          16   1.1149693818968263E-014
           2          17  -1.2136976448420747E-014
           2          18   3.4493581462290840E-002
           2          19  -1.3582062433321385E-015
           2          20   1.0624208184887690E-014
           2          21   1.5105269930006039E-014
           2          22 -0.65904787165459267     
           2          23  -6.8493225524653798E-005
           2          24 -0.65816522366344676     
           2          25   5.2277138902155726E-004
           2          26  -2.7921431244591112E-004
           2          27 -0.65896759681559880     
           2          28  -1.3008986689781603     
           2          29   4.2468586361942083E-004
           2          30  -1.3049062517476302     
           2          31  -2.0677946037977461E-003
           2          32   1.3390062677104497E-003
           2          33  -1.3012631731991344     
           2          34   2.0899019905532890E-003
           2          35  -2.5002075711843077E-004
           2          36   2.8679585340407716E-003
           2          37  -2.1298443034948393E-005
           2          38  -3.7432267091900905E-004
           2          39   2.1606920139209227E-003
           3           1   4.5721506392432668E-013
           3           2  -3.9406432517269820E-013
           3           3   2.4054421459110138     
           3           4   8.5397207212492901E-007
           3           5   3.4249524311731269E-007
           3           6   3.0748961044617235E-011
           3           7  -1.0755047019130572     
           3           8  -3.2266730547207342E-006
           3           9  -1.2964920358721384E-006
           3          10   2.4402263904780993E-011
           3          11  0.35138886094432120     
           3          12   1.1061769383712700E-005
           3          13   4.4578668508890584E-006
           3          14   1.5864528445778108E-011
           3          15  -7.4572904101962531E-002
           3          16  -2.4498988597452132E-005
           3          17  -9.8381360163378104E-006
           3          18  -1.5716539039534348E-011
           3          19   4.2629579012177204E-002
           3          20   6.5278649131234219E-006
           3          21   2.5966424925366041E-006
           3          22  -1.8594713009264633E-011
           3          23  -3.4351757007961357E-012
           3          24  -1.9420124906879836E-011
           3          25   4.6594676872436750E-013
           3          26  -2.5860579705535153E-012
           3          27  -1.3529350196046143E-011
           3          28   1.5306107257231415E-012
           3          29   7.2728965607738896E-012
           3          30  -8.2466995679432876E-012
           3          31   7.9603679798544007E-013
           3          32   2.1232922313237796E-012
           3          33  -1.1987082813510176E-011
           3          34  -9.1002758264025830E-012
           3          35  -3.8984137371388208E-012
           3          36   3.0419300353580277E-012
           3          37   1.0600958888404340E-012
           3          38  -1.3951666638208242E-012
           3          39  -3.3784106269114926E-013
           4           1  -2.0151754581902397E-012
           4           2   6.3257842779612947E-012
           4           3   8.5397207212492901E-007
           4           4   2.4054395320292805     
           4           5   1.1883897356372661E-006
           4           6   7.8482964187344077E-012
           4           7  -3.2266792715411954E-006
           4           8  -1.0754948292095023     
           4           9  -4.4894341583762327E-006
           4          10   1.3306713180114352E-011
           4          11   1.1061771482603205E-005
           4          12  0.35135503527886530     
           4          13   1.5386356513661520E-005
           4          14   5.8360262784868696E-012
           4          15  -2.4498984548265799E-005
           4          16  -7.4497935682545841E-002
           4          17  -3.4088493594850583E-005
           4          18  -4.0637967123883969E-013
           4          19   6.5278647622883483E-006
           4          20   4.2609565544997778E-002
           4          21   9.0913084769678448E-006
           4          22  -2.7554597422205084E-012
           4          23   7.9947303930201129E-014
           4          24  -8.1965318945996454E-013
           4          25  -1.3329625816788524E-012
           4          26   2.5477923924590190E-012
           4          27  -5.7687490616946955E-012
           4          28  -4.0914464974888722E-012
           4          29  -3.9296919400929623E-012
           4          30  -4.4374616990936004E-012
           4          31  -1.0137700169678196E-012
           4          32  -2.0288915969154552E-012
           4          33  -5.6319489182419980E-012
           4          34  -1.4166914624393976E-012
           4          35   2.0611422915561621E-012
           4          36  -3.7738326694740258E-012
           4          37   1.4148560753035965E-012
           4          38  -7.9280873266421380E-013
           4          39  -1.1226567164870731E-012
           5           1   7.3463229743601363E-013
           5           2  -3.3933533042597873E-012
           5           3   3.4249524311731269E-007
           5           4   1.1883897356372661E-006
           5           5   2.4054419080513281     
           5           6  -3.6323129651385669E-011
           5           7  -1.2964881404516938E-006
           5           8  -4.4894379556989321E-006
           5           9  -1.0755038035178459     
           5          10  -3.3310003700654408E-011
           5          11   4.4578631842092514E-006
           5          12   1.5386357277442919E-005
           5          13  0.35138578288906852     
           5          14  -1.9863373192370682E-011
           5          15  -9.8381371463833033E-006
           5          16  -3.4088499261538622E-005
           5          17  -7.4566082161076352E-002
           5          18   1.6453290205105263E-011
           5          19   2.5966444531477480E-006
           5          20   9.0913151469253998E-006
           5          21   4.2627757839870134E-002
           5          22   2.0847021513458526E-011
           5          23   3.4828525958536531E-012
           5          24   2.0448742189367678E-011
           5          25   3.1923332996767527E-013
           5          26   1.1236426476617658E-012
           5          27   1.7528428861944481E-011
           5          28   9.3674568506378018E-013
           5          29  -5.1466887360685379E-012
           5          30   1.1240130872374597E-011
           5          31  -2.1419820240170872E-013
           5          32  -9.7116655833823242E-013
           5          33   1.5788155129787445E-011
           5          34   1.0234420824475957E-011
           5          35   2.7815825319965006E-012
           5          36  -8.8066660557601429E-013
           5          37  -1.9432676437608019E-012
           5          38   1.9157928854251955E-012
           5          39   1.0275530754766573E-012
           6           1  0.28889067932822587     
           6           2 -0.42267904519860661     
           6           3   3.0748961044617235E-011
           6           4   7.8482964187344077E-012
           6           5  -3.6323129651385669E-011
           6           6   1.7985230670069343     
           6           7   5.5421668183648856E-013
           6           8   3.7896524932512089E-015
           6           9  -8.2097045454778331E-013
           6          10  -3.9175034022703175     
           6          11  -6.2678609366061521E-014
           6          12   1.1730256572140699E-014
           6          13   8.9195999274889168E-014
           6          14   5.6818912407253327E-002
           6          15   2.9572238652170977E-014
           6          16  -3.3505854710785081E-015
           6          17  -2.0031414799380415E-014
           6          18  -3.1065265708542761E-002
           6          19  -1.4219312612352532E-014
           6          20  -2.1913348521232906E-014
           6          21  -9.4947145652786383E-015
           6          22  0.27805663008797599     
           6          23  -7.5364447310164459E-005
           6          24  0.27707856635618366     
           6          25  -9.5597241937997728E-004
           6          26   2.0452240377088170E-004
           6          27  0.27796770261706383     
           6          28   1.3370199228911848     
           6          29  -7.2186342878854720E-004
           6          30   1.3437671439393561     
           6          31   3.4655216517699623E-003
           6          32  -2.2595339414811324E-003
           6          33   1.3376336078727955     
           6          34   6.0010728172113590E-003
           6          35   4.1930840916172730E-004
           6          36   4.6960653650290956E-003
           6          37   3.5743288073705400E-005
           6          38   6.2776650182574836E-004
           6          39   5.8823390333424333E-003
           7           1  -5.1970359757221442E-015
           7           2   5.2357836357952750E-014
           7           3  -1.0755047019130572     
           7           4  -3.2266792715411954E-006
           7           5  -1.2964881404516938E-006
           7           6   5.5421668183648856E-013
           7           7   2.8757752891515636     
           7           8   1.2165997034806891E-005
           7           9   4.8964814417240543E-006
           7          10   6.7156133762135744E-013
           7          11  -1.1602840570068484     
           7          12  -4.1774033345307049E-005
           7          13  -1.6861373994855877E-005
           7          14   3.0950092626335771E-013
           7          15  0.23028648321507439     
           7          16   9.8866785706343274E-005
           7          17   3.9872943847218088E-005
           7          18  -3.1297192678169582E-013
           7          19 -0.13187049277406632     
           7          20  -3.0572102390802845E-005
           7          21  -1.2290819606806773E-005
           7          22  -3.1756258911262515E-013
           7          23  -6.1237525301630077E-014
           7          24  -3.6432322145850537E-013
           7          25   2.0638239079815876E-014
           7          26  -4.1422539314884570E-014
           7          27  -4.3523546329668522E-013
           7          28  -4.6919179045934506E-014
           7          29   1.6735373702942597E-013
           7          30  -2.4144156247464687E-013
           7          31   1.1549714851350929E-014
           7          32   3.6869591402417874E-014
           7          33  -2.8131679750216615E-013
           7          34  -1.7636474788385657E-013
           7          35  -8.3640509088709151E-014
           7          36   8.1236713356172713E-014
           7          37   2.5983171951888106E-014
           7          38  -2.2666884065843000E-014
           7          39  -1.3839354113633151E-014
           8           1  -6.8437015636464992E-014
           8           2   2.2968797908300005E-013
           8           3  -3.2266730547207342E-006
           8           4  -1.0754948292095023     
           8           5  -4.4894379556989321E-006
           8           6   3.7896524932512089E-015
           8           7   1.2165997034806891E-005
           8           8   2.8757380771453489     
           8           9   1.6924413157504495E-005
           8          10   3.9846891474015110E-013
           8          11  -4.1774033315858383E-005
           8          12  -1.1601563571579394     
           8          13  -5.8096668113495620E-005
           8          14   1.1625945627267973E-013
           8          15   9.8866785794838458E-005
           8          16  0.22998420516803011     
           8          17   1.3750864403059768E-004
           8          18  -5.6615703759087435E-015
           8          19  -3.0572102392919208E-005
           8          20 -0.13177696143537015     
           8          21  -4.2534139764598654E-005
           8          22  -1.4285097593849694E-013
           8          23   2.7219605644681800E-015
           8          24   1.4679182200897417E-013
           8          25  -3.3381567592123471E-014
           8          26   5.4178117328161638E-014
           8          27  -2.5648214966771484E-013
           8          28  -1.3201147788184816E-013
           8          29  -7.7174232901151010E-014
           8          30  -1.5659155572212617E-013
           8          31  -1.9854104236201664E-014
           8          32  -4.1159477030959728E-014
           8          33  -1.4790992365387105E-013
           8          34  -3.0995335341861463E-014
           8          35   4.1220826040718964E-014
           8          36  -6.5041101007840183E-014
           8          37   2.9660569336496427E-014
           8          38  -1.6770881523466018E-014
           8          39  -3.1441490542866528E-014
           9           1   2.2827423761471758E-015
           9           2  -1.7778372481835367E-014
           9           3  -1.2964920358721384E-006
           9           4  -4.4894341583762327E-006
           9           5  -1.0755038035178459     
           9           6  -8.2097045454778331E-013
           9           7   4.8964814417240543E-006
           9           8   1.6924413157504495E-005
           9           9   2.8757719029526978     
           9          10  -4.9427200594111824E-013
           9          11  -1.6861374059137790E-005
           9          12  -5.8096668103246873E-005
           9          13  -1.1602724366357309     
           9          14  -4.2712494340916431E-013
           9          15   3.9872943830084225E-005
           9          16   1.3750864391861000E-004
           9          17  0.23025897665104356     
           9          18   3.4602151646599377E-013
           9          19  -1.2290819569602159E-005
           9          20  -4.2534139631459494E-005
           9          21 -0.13186198165073842     
           9          22   3.8326011754210814E-013
           9          23   9.8182498575130967E-014
           9          24   4.5819980634302530E-013
           9          25  -6.5215517134496542E-015
           9          26   4.0201470266388377E-014
           9          27   3.1767734476252874E-013
           9          28  -4.8980169179742611E-014
           9          29  -1.1027472181613245E-013
           9          30   1.5036958653882464E-013
           9          31   9.4689410860837168E-015
           9          32  -1.4364109579957073E-014
           9          33   2.5409499040983786E-013
           9          34   2.1513792110093335E-013
           9          35   5.9254912078415865E-014
           9          36  -1.4522633543161057E-014
           9          37  -4.2579579270802431E-014
           9          38   3.6064467362294490E-014
           9          39   2.4670533509790391E-014
          10           1 -0.64779626365028031     
          10           2   3.6936636713514837     
          10           3   2.4402263904780993E-011
          10           4   1.3306713180114352E-011
          10           5  -3.3310003700654408E-011
          10           6  -3.9175034022703175     
          10           7   6.7156133762135744E-013
          10           8   3.9846891474015110E-013
          10           9  -4.9427200594111824E-013
          10          10   32.584275516745613     
          10          11  -2.7013257848174714E-013
          10          12  -1.3049733366306177E-013
          10          13  -1.5172051212202287E-013
          10          14 -0.11107593100472461     
          10          15   1.0879027742627070E-013
          10          16   6.3213773449981393E-014
          10          17  -4.1866626715952289E-014
          10          18  0.11739644733588596     
          10          19  -8.4064485709076211E-014
          10          20   2.6147636639131266E-014
          10          21  -1.3144389344891192E-014
          10          22  -1.6766848907626435     
          10          23   1.5453708894693423E-003
          10          24  -1.6681429074542065     
          10          25   1.0456365127289901E-002
          10          26  -1.1370078101972821E-003
          10          27  -1.6759082516808355     
          10          28  -10.721954113213414     
          10          29  -1.0817382725499759E-003
          10          30  -10.770979618426329     
          10          31  -4.0401782825933701E-002
          10          32   1.1852574887567914E-002
          10          33  -10.726412638847279     
          10          34 -0.25218951255027561     
          10          35  -2.9136064146802884E-003
          10          36 -0.24242583465075879     
          10          37   2.7919340295140099E-004
          10          38  -4.5384168138338718E-003
          10          39 -0.25130120599046724     
          11           1   3.5008903278089656E-015
          11           2  -1.6270867049410112E-014
          11           3  0.35138886094432120     
          11           4   1.1061771482603205E-005
          11           5   4.4578631842092514E-006
          11           6  -6.2678609366061521E-014
          11           7  -1.1602840570068484     
          11           8  -4.1774033315858383E-005
          11           9  -1.6861374059137790E-005
          11          10  -2.7013257848174714E-013
          11          11   2.5876243549174003     
          11          12   1.4367219595060043E-004
          11          13   5.8165502797538626E-005
          11          14  -5.7483261448677948E-015
          11          15 -0.41234686725808972     
          11          16  -3.4495736902720800E-004
          11          17  -1.4000855716783667E-004
          11          18   1.3045336979078035E-014
          11          19  0.23813533360270514     
          11          20   1.2910977726787731E-004
          11          21   5.2487259392436716E-005
          11          22   3.0015909621316684E-015
          11          23   1.6094957408160761E-014
          11          24   8.1126016285476886E-014
          11          25  -3.1125336025169580E-016
          11          26   3.6774149294643341E-016
          11          27   5.7342845081589155E-014
          11          28   9.6679959770651003E-014
          11          29  -6.6106072332411908E-014
          11          30   9.5571551482895254E-014
          11          31   7.8523061037708032E-015
          11          32   1.1932910211252964E-014
          11          33   7.6201166545666951E-014
          11          34   7.9825998014028093E-015
          11          35   1.9670638356400880E-014
          11          36  -4.0749150754074296E-014
          11          37  -1.0261139482675222E-014
          11          38  -1.2603841089922094E-014
          11          39   4.1293905017855454E-015
          12           1   7.8054254914199058E-015
          12           2  -2.9601147035051542E-014
          12           3   1.1061769383712700E-005
          12           4  0.35135503527886530     
          12           5   1.5386357277442919E-005
          12           6   1.1730256572140699E-014
          12           7  -4.1774033345307049E-005
          12           8  -1.1601563571579394     
          12           9  -5.8096668103246873E-005
          12          10  -1.3049733366306177E-013
          12          11   1.4367219595060043E-004
          12          12   2.5871854271024963     
          12          13   1.9975177059174121E-004
          12          14  -1.7129331966594980E-014
          12          15  -3.4495736903981944E-004
          12          16 -0.41129353883318837     
          12          17  -4.7948660934725093E-004
          12          18   1.2451133468833088E-015
          12          19   1.2910977726723546E-004
          12          20  0.23774122648361190     
          12          21   1.7943256600245518E-004
          12          22   3.2855132078598116E-014
          12          23   3.5098098736556699E-015
          12          24  -7.5645871721370264E-015
          12          25   5.7113220554699555E-015
          12          26  -5.7150009518067382E-015
          12          27   3.2380903393222904E-015
          12          28   5.4396964255973655E-014
          12          29  -4.2550442859013578E-015
          12          30   2.7990869242872675E-014
          12          31   1.5636640866907513E-015
          12          32   5.5784675859691177E-015
          12          33   4.7378518616223894E-014
          12          34   6.7830063840134233E-015
          12          35   6.0768297748127392E-016
          12          36   5.6184670107508375E-015
          12          37  -5.3222741985594710E-015
          12          38   3.0619395284251839E-015
          12          39   1.0426369124626843E-014
          13           1  -1.6222193777180722E-015
          13           2   4.7564233598007545E-015
          13           3   4.4578668508890584E-006
          13           4   1.5386356513661520E-005
          13           5  0.35138578288906852     
          13           6   8.9195999274889168E-014
          13           7  -1.6861373994855877E-005
          13           8  -5.8096668113495620E-005
          13           9  -1.1602724366357309     
          13          10  -1.5172051212202287E-013
          13          11   5.8165502797538626E-005
          13          12   1.9975177059174121E-004
          13          13   2.5875844135660424     
          13          14   4.7267126091915116E-014
          13          15  -1.4000855719530948E-004
          13          16  -4.7948660934440945E-004
          13          17 -0.41225101694357436     
          13          18  -3.6046913090758449E-014
          13          19   5.2487259403479099E-005
          13          20   1.7943256599739152E-004
          13          21  0.23809947081750180     
          13          22  -6.3113992620313777E-014
          13          23  -5.8849726977452061E-015
          13          24  -3.0730929850989932E-014
          13          25   4.2839240828891365E-015
          13          26  -6.3648677390266261E-015
          13          27  -2.0585594413175730E-014
          13          28   8.8312750937406495E-014
          13          29   1.2604298303897809E-014
          13          30   5.8919526860912608E-014
          13          31  -2.7702786438381473E-014
          13          32  -7.7593002422318859E-015
          13          33   4.5321397487687175E-014
          13          34  -2.6997448397393626E-014
          13          35  -3.9026553821085276E-015
          13          36   6.1486340445716201E-015
          13          37   1.1441049920142306E-014
          13          38   4.2389016668668023E-015
          13          39  -5.8307868720631797E-016
          14           1   8.6135839990134425E-003
          14           2  -6.9019923935820002E-002
          14           3   1.5864528445778108E-011
          14           4   5.8360262784868696E-012
          14           5  -1.9863373192370682E-011
          14           6   5.6818912407253327E-002
          14           7   3.0950092626335771E-013
          14           8   1.1625945627267973E-013
          14           9  -4.2712494340916431E-013
          14          10 -0.11107593100472461     
          14          11  -5.7483261448677948E-015
          14          12  -1.7129331966594980E-014
          14          13   4.7267126091915116E-014
          14          14   6.8658684861930335E-003
          14          15   9.1045835562312252E-015
          14          16   6.2761165843366356E-015
          14          17  -1.6963976292934215E-014
          14          18  -2.7046067311045164E-003
          14          19  -4.7784519675612624E-015
          14          20  -3.5148936487962905E-015
          14          21   7.9638550634792301E-015
          14          22   2.5945276037828348E-002
          14          23  -1.1639645669304853E-004
          14          24   2.6308423926599423E-002
          14          25  -6.3632936739269623E-006
          14          26  -1.7545203112720274E-004
          14          27   2.5978316654385873E-002
          14          28   5.0233020921945454E-002
          14          29   1.4308751976411689E-004
          14          30   4.9641146780287054E-002
          14          31  -1.1055862763292017E-004
          14          32   2.5525009010136067E-004
          14          33   5.0179179944547223E-002
          14          34  -2.4632018049089571E-003
          14          35  -4.3845811149834893E-005
          14          36  -2.3381702209894890E-003
          14          37  -1.2127866435384764E-005
          14          38  -6.2839471686550020E-005
          14          39  -2.4518255916389105E-003
          15           1  -1.3480078680049218E-016
          15           2   1.0169842634255033E-015
          15           3  -7.4572904101962531E-002
          15           4  -2.4498984548265799E-005
          15           5  -9.8381371463833033E-006
          15           6   2.9572238652170977E-014
          15           7  0.23028648321507439     
          15           8   9.8866785794838458E-005
          15           9   3.9872943830084225E-005
          15          10   1.0879027742627070E-013
          15          11 -0.41234686725808972     
          15          12  -3.4495736903981944E-004
          15          13  -1.4000855719530948E-004
          15          14   9.1045835562312252E-015
          15          15   6.9198919527006436E-002
          15          16   8.3239752445147999E-005
          15          17   3.3974791175833165E-005
          15          18  -9.8971993375026085E-015
          15          19  -3.9690030992943853E-002
          15          20  -4.0338913849516465E-005
          15          21  -1.6451245454303918E-005
          15          22  -2.5321076834587232E-015
          15          23   2.8355198722752464E-015
          15          24  -1.7652731157174256E-014
          15          25   3.4737577776210427E-015
          15          26   3.8889657422748876E-015
          15          27  -3.0634868293338419E-014
          15          28  -3.1419107000209070E-014
          15          29   1.3456162895833404E-014
          15          30  -3.7003315773366563E-014
          15          31   1.2585451545667292E-015
          15          32  -8.1770095973423678E-016
          15          33  -3.5543177722094099E-014
          15          34  -6.4020495842973317E-015
          15          35  -4.5070371572748947E-015
          15          36   6.4325630796139583E-015
          15          37   1.9791095724041199E-015
          15          38   1.1992748337856005E-015
          15          39  -1.4726488528465773E-015
          16           1  -4.7997408345473027E-015
          16           2   1.1149693818968263E-014
          16           3  -2.4498988597452132E-005
          16           4  -7.4497935682545841E-002
          16           5  -3.4088499261538622E-005
          16           6  -3.3505854710785081E-015
          16           7   9.8866785706343274E-005
          16           8  0.22998420516803011     
          16           9   1.3750864391861000E-004
          16          10   6.3213773449981393E-014
          16          11  -3.4495736902720800E-004
          16          12 -0.41129353883318837     
          16          13  -4.7948660934440945E-004
          16          14   6.2761165843366356E-015
          16          15   8.3239752445147999E-005
          16          16   6.8945036703174756E-002
          16          17   1.1563872491615265E-004
          16          18  -5.8942321238562467E-016
          16          19  -4.0338913847573574E-005
          16          20  -3.9566976222398770E-002
          16          21  -5.6044268756642261E-005
          16          22  -2.0467048116456564E-014
          16          23   9.4312298627225878E-016
          16          24  -7.5203762001651631E-015
          16          25  -6.0421501664102385E-016
          16          26   2.4822137082331475E-015
          16          27   1.6935425340570127E-014
          16          28  -1.9381334572041240E-014
          16          29  -2.6946533166152506E-015
          16          30  -1.6779116476368261E-014
          16          31  -3.0957051578293081E-015
          16          32  -2.6687645590793815E-015
          16          33  -2.0416871442187046E-014
          16          34  -2.8590106392681167E-015
          16          35   1.0941748524784143E-015
          16          36  -3.6146959169821543E-015
          16          37   1.6040734521644841E-015
          16          38  -8.4804980188912069E-016
          16          39  -2.3447948302125309E-015
          17           1   5.1334240306181433E-015
          17           2  -1.2136976448420747E-014
          17           3  -9.8381360163378104E-006
          17           4  -3.4088493594850583E-005
          17           5  -7.4566082161076352E-002
          17           6  -2.0031414799380415E-014
          17           7   3.9872943847218088E-005
          17           8   1.3750864403059768E-004
          17           9  0.23025897665104356     
          17          10  -4.1866626715952289E-014
          17          11  -1.4000855716783667E-004
          17          12  -4.7948660934725093E-004
          17          13 -0.41225101694357436     
          17          14  -1.6963976292934215E-014
          17          15   3.3974791175833165E-005
          17          16   1.1563872491615265E-004
          17          17   6.9175816809877416E-002
          17          18   1.3566426964692451E-014
          17          19  -1.6451245452494818E-005
          17          20  -5.6044268754298649E-005
          17          21  -3.9678833309270418E-002
          17          22   3.4541708271610015E-014
          17          23   3.0532562623963260E-015
          17          24  -5.4644557930143042E-015
          17          25  -2.4350436354064152E-015
          17          26   2.4434363994398709E-015
          17          27   2.6276401538113361E-014
          17          28   3.4287314617342000E-015
          17          29  -2.6518335519805226E-015
          17          30   1.6336735744584519E-014
          17          31   3.8156170216452428E-015
          17          32   2.4979747884458720E-015
          17          33   1.6772563879337540E-014
          17          34   9.8853849481133575E-015
          17          35   1.8962604834469996E-015
          17          36  -2.0708413152631219E-015
          17          37  -2.5749639855783277E-015
          17          38   2.7209930980063961E-016
          17          39   1.7855037580771693E-015
          18           1  -4.8221287647879944E-003
          18           2   3.4493581462290840E-002
          18           3  -1.5716539039534348E-011
          18           4  -4.0637967123883969E-013
          18           5   1.6453290205105263E-011
          18           6  -3.1065265708542761E-002
          18           7  -3.1297192678169582E-013
          18           8  -5.6615703759087435E-015
          18           9   3.4602151646599377E-013
          18          10  0.11739644733588596     
          18          11   1.3045336979078035E-014
          18          12   1.2451133468833088E-015
          18          13  -3.6046913090758449E-014
          18          14  -2.7046067311045164E-003
          18          15  -9.8971993375026085E-015
          18          16  -5.8942321238562467E-016
          18          17   1.3566426964692451E-014
          18          18   1.2463518025979435E-003
          18          19   5.3284047207964082E-015
          18          20   5.1294239809908579E-016
          18          21  -7.1140273923099155E-015
          18          22  -1.3497835846786821E-002
          18          23   3.4353899523201213E-005
          18          24  -1.3600006285306708E-002
          18          25   6.4040260739278323E-006
          18          26   5.0271251649624479E-005
          18          27  -1.3507132306537873E-002
          18          28  -4.3346921787794923E-002
          18          29  -1.2124843980733084E-005
          18          30  -4.3274131361491934E-002
          18          31   2.6574057745666813E-005
          18          32  -2.7379582901617203E-005
          18          33  -4.3340300672348508E-002
          18          34   2.7925038611135701E-004
          18          35   5.7922363749531833E-006
          18          36   2.6225497819950817E-004
          18          37   1.2347773879033109E-006
          18          38   8.4241682646166000E-006
          18          39   2.7770406279574553E-004
          19           1   5.2319209546944082E-016
          19           2  -1.3582062433321385E-015
          19           3   4.2629579012177204E-002
          19           4   6.5278647622883483E-006
          19           5   2.5966444531477480E-006
          19           6  -1.4219312612352532E-014
          19           7 -0.13187049277406632     
          19           8  -3.0572102392919208E-005
          19           9  -1.2290819569602159E-005
          19          10  -8.4064485709076211E-014
          19          11  0.23813533360270514     
          19          12   1.2910977726723546E-004
          19          13   5.2487259403479099E-005
          19          14  -4.7784519675612624E-015
          19          15  -3.9690030992943853E-002
          19          16  -4.0338913847573574E-005
          19          17  -1.6451245452494818E-005
          19          18   5.3284047207964082E-015
          19          19   2.2788553721960831E-002
          19          20   1.8378355439644398E-005
          19          21   7.4963964798542213E-006
          19          22  -2.4499167507380350E-015
          19          23  -3.2839752191334673E-015
          19          24   2.8957156855667602E-014
          19          25  -2.3494501133992730E-015
          19          26  -3.6225135723142725E-015
          19          27   4.8320664714651958E-015
          19          28   2.6501563096345567E-014
          19          29  -6.9837474389164203E-015
          19          30   2.6475312036253595E-014
          19          31  -6.4159146138886365E-016
          19          32   2.4231671243904133E-016
          19          33   2.9493644795797475E-014
          19          34   3.3707800221624136E-015
          19          35   2.4079898451120647E-015
          19          36  -2.6935968168837032E-015
          19          37  -1.1248094079407379E-015
          19          38  -7.1429604389811851E-016
          19          39   3.0101227628210143E-016
          20           1  -2.4908266158253900E-015
          20           2   1.0624208184887690E-014
          20           3   6.5278649131234219E-006
          20           4   4.2609565544997778E-002
          20           5   9.0913151469253998E-006
          20           6  -2.1913348521232906E-014
          20           7  -3.0572102390802845E-005
          20           8 -0.13177696143537015     
          20           9  -4.2534139631459494E-005
          20          10   2.6147636639131266E-014
          20          11   1.2910977726787731E-004
          20          12  0.23774122648361190     
          20          13   1.7943256599739152E-004
          20          14  -3.5148936487962905E-015
          20          15  -4.0338913849516465E-005
          20          16  -3.9566976222398770E-002
          20          17  -5.6044268754298649E-005
          20          18   5.1294239809908579E-016
          20          19   1.8378355439644398E-005
          20          20   2.2732492010337071E-002
          20          21   2.5533282831971061E-005
          20          22   1.4143743072928815E-014
          20          23   2.9691887211326937E-015
          20          24   2.5951885904449813E-014
          20          25   5.2981109633389156E-015
          20          26  -6.0452476365912948E-016
          20          27  -4.6289916739033693E-014
          20          28  -8.2321240214262946E-015
          20          29   6.7522500325525232E-016
          20          30  -1.3067904063761756E-014
          20          31   3.8737915530315791E-016
          20          32   8.1254426356368211E-016
          20          33  -3.2526937654914983E-015
          20          34   1.3040303516586054E-015
          20          35  -4.4085324392393497E-016
          20          36   2.9383228018424307E-015
          20          37  -7.3488172012120444E-016
          20          38   5.6281533422832847E-016
          20          39  -8.3551202118937552E-016
          21           1  -6.2482491089738622E-015
          21           2   1.5105269930006039E-014
          21           3   2.5966424925366041E-006
          21           4   9.0913084769678448E-006
