           1           1   2.1690591560749182     
           1           2 -0.65272676731009582     
           1           3   1.8960108568014544E-011
           1           4  -1.3679845031152307E-010
           1           5   7.1773617868211074E-011
           1           6  0.41400988513438741     
           1           7   2.5693497100617716E-015
           1           8  -5.1581305084714982E-012
           1           9   2.9263820432664888E-012
           1          10  -8.4038902781741698E-002
           1          11   3.1790401606410346E-012
           1          12  -5.3889793327098354E-012
           1          13   2.9510956285768842E-012
           1          14   2.8537561604539855E-002
           1          15  -1.8021709738912837E-012
           1          16   2.8847602142018014E-012
           1          17  -1.5412838778601659E-012
           1          18  -7.6030746167744523E-002
           1          19  -5.1151069891949127E-005
           1          20  -7.6013584314035973E-002
           1          21  -1.0654660571483397E-004
           1          22   1.2582811872054384E-004
           1          23  -7.5832843692011986E-002
           1          24  -1.9818913978284947E-002
           1          25   1.0500919974005004E-005
           1          26  -1.9816283010740093E-002
           1          27   2.9314920327904825E-005
           1          28  -3.8031543271616023E-005
           1          29  -1.9868291976645067E-002
           2           1 -0.65272676731009582     
           2           2   2.5638413806108558     
           2           3  -3.6414608030375576E-011
           2           4   3.7807179972147415E-010
           2           5  -1.9191234350383310E-010
           2           6 -0.86925404333698042     
           2           7   1.3564497136971925E-012
           2           8   1.5083833815518733E-011
           2           9  -8.7237015958138952E-012
           2          10  0.40050718893011494     
           2          11  -1.3204457685555291E-011
           2          12   2.2602409091187285E-011
           2          13  -1.2224080707171902E-011
           2          14 -0.17601556467213009     
           2          15   7.3583245232602767E-012
           2          16  -1.1938440863717947E-011
           2          17   6.3917100687237034E-012
           2          18  -5.8300090080323642E-002
           2          19   1.9778060430185023E-004
           2          20  -5.8370163320893814E-002
           2          21   4.0748029369907601E-004
           2          22  -4.7916158175562704E-004
           2          23  -5.9060016869285636E-002
           2          24  -4.1693224788280359E-003
           2          25  -3.6392985272972848E-005
           2          26  -4.1839429261304809E-003
           2          27  -1.0825007050850693E-004
           2          28   1.4271350850084661E-004
           2          29  -3.9903700648571058E-003
           3           1   1.8960108568014544E-011
           3           2  -3.6414608030375576E-011
           3           3   2.2745244826279079     
           3           4  -2.1432548964991694E-003
           3           5   1.2004588518286206E-003
           3           6  -1.7770547709562683E-010
           3           7 -0.78522496953675680     
           3           8   6.3235148408436791E-003
           3           9  -3.5445068215600711E-003
           3          10  -5.5639040422220039E-011
           3          11  -4.5341632955141924E-002
           3          12  -3.0609420197787403E-002
           3          13   1.7358757962487658E-002
           3          14   1.4440040063387505E-010
           3          15   3.4705443200242159E-002
           3          16   1.8509881619621638E-002
           3          17  -1.0530774045924944E-002
           3          18   1.2903349612535330E-010
           3          19   1.0871654973597129E-012
           3          20   1.1146895879378129E-010
           3          21  -1.6015150420809905E-011
           3          22  -7.5985219086694952E-011
           3          23  -6.2069846613544624E-012
           3          24  -5.3075121730072013E-011
           3          25   5.4084409610594796E-011
           3          26  -3.5447849215478386E-013
           3          27  -3.2824605537918297E-011
           3          28  -5.3703930557544923E-011
           3          29   2.9882316591066647E-011
           4           1  -1.3679845031152307E-010
           4           2   3.7807179972147415E-010
           4           3  -2.1432548964991694E-003
           4           4   2.2807642337323202     
           4           5  -4.0146652853567926E-003
           4           6  -9.0061330291779976E-010
           4           7   6.3235146992590757E-003
           4           8 -0.80363741540642575     
           4           9   1.1849303487508634E-002
           4          10   1.1449140874256888E-010
           4          11  -3.0609420238912503E-002
           4          12   4.3977357629299663E-002
           4          13  -5.7687440670163327E-002
           4          14  -1.1925583768841076E-010
           4          15   1.8509881590260645E-002
           4          16  -1.9339021514514446E-002
           4          17   3.4939574118028442E-002
           4          18   4.6372251261357883E-010
           4          19   4.1880905940942310E-011
           4          20   2.1478689775106994E-010
           4          21   1.3160151844768653E-011
           4          22   6.4865108311458663E-011
           4          23   4.6373073894291141E-010
           4          24   8.4626161565781946E-011
           4          25  -5.3503562745665366E-011
           4          26   1.9143210773925957E-010
           4          27   2.9350016026246063E-011
           4          28  -4.5979869964746837E-011
           4          29   8.1804324654445325E-011
           5           1   7.1773617868211074E-011
           5           2  -1.9191234350383310E-010
           5           3   1.2004588518286206E-003
           5           4  -4.0146652853567926E-003
           5           5   2.2764082553626581     
           5           6   3.5312311478265445E-010
           5           7  -3.5445066934300640E-003
           5           8   1.1849303653166566E-002
           5           9 -0.79077931442269001     
           5          10  -7.4770026560026212E-011
           5          11   1.7358758105895974E-002
           5          12  -5.7687440682965989E-002
           5          13  -1.8728774638353575E-002
           5          14   1.1219158288690507E-010
           5          15  -1.0530774138245909E-002
           5          16   3.4939574246544335E-002
           5          17   1.8658120915439828E-002
           5          18  -1.6748004227405640E-010
           5          19  -2.7736624464675710E-011
           5          20  -4.2432830613467497E-011
           5          21  -6.6462785411150832E-012
           5          22  -4.6331355890112976E-011
           5          23  -2.3688261805278587E-010
           5          24  -5.9658388212976988E-011
           5          25   4.1695655849158208E-011
           5          26  -7.8999112512428492E-011
           5          27  -2.2725155350792111E-011
           5          28   9.4040875615110652E-012
           5          29  -3.6775719232584465E-011
           6           1  0.41400988513438741     
           6           2 -0.86925404333698042     
           6           3  -1.7770547709562683E-010
           6           4  -9.0061330291779976E-010
           6           5   3.5312311478265445E-010
           6           6   2.0728868285596951     
           6           7  -8.5127846315221372E-012
           6           8  -2.5042811315641926E-011
           6           9   1.0678767298367034E-011
           6          10 -0.61609743474978362     
           6          11   2.3511966899071363E-011
           6          12  -3.5709713528588013E-011
           6          13   2.1330569971887684E-011
           6          14  -1.0069974649594693E-002
           6          15  -1.4533822193097722E-011
           6          16   2.4159099067985474E-011
           6          17  -1.4529709176140141E-011
           6          18   9.7342151421664358E-002
           6          19  -5.9821384169252297E-004
           6          20   9.7554343555783851E-002
           6          21  -1.2321807607301666E-003
           6          22   1.4487999802560289E-003
           6          23   9.9640301302467954E-002
           6          24  -8.1108762496869879E-002
           6          25   4.6042894957101277E-005
           6          26  -8.1024885389294754E-002
           6          27   2.1601206768823584E-004
           6          28  -3.1016423809067265E-004
           6          29  -8.1428124513370920E-002
           7           1   2.5693497100617716E-015
           7           2   1.3564497136971925E-012
           7           3 -0.78522496953675680     
           7           4   6.3235146992590757E-003
           7           5  -3.5445066934300640E-003
           7           6  -8.5127846315221372E-012
           7           7   2.2474725819758561     
           7           8  -1.8654431138419251E-002
           7           9   1.0471120493469956E-002
           7          10   1.9005048426104966E-011
           7          11   8.3632057888289840E-002
           7          12   9.0220009869640932E-002
           7          13  -5.1442898731822471E-002
           7          14  -5.5693715807121852E-012
           7          15  -7.5174382868052503E-002
           7          16  -5.4561899017192828E-002
           7          17   3.1197720957732367E-002
           7          18  -1.4761983262226646E-012
           7          19  -2.4622655807402384E-011
           7          20   1.7194317329560280E-011
           7          21   1.6474090988883583E-011
           7          22   9.6140277853656288E-012
           7          23  -1.1358507152039654E-011
           7          24  -4.3039995233728727E-012
           7          25  -1.3999816341103475E-011
           7          26   6.5332176879295270E-012
           7          27   9.3354255859659077E-012
           7          28   2.5310537676124616E-012
           7          29  -8.6540636053383002E-013
           8           1  -5.1581305084714982E-012
           8           2   1.5083833815518733E-011
           8           3   6.3235148408436791E-003
           8           4 -0.80363741540642575     
           8           5   1.1849303653166566E-002
           8           6  -2.5042811315641926E-011
           8           7  -1.8654431138419251E-002
           8           8   2.3018036027334094     
           8           9  -3.4979810456194603E-002
           8          10  -4.6682175839802848E-011
           8          11   9.0220009867604672E-002
           8          12 -0.17989811047712476     
           8          13  0.17048822036608727     
           8          14   1.3567848433181934E-011
           8          15  -5.4561899017934630E-002
           8          16   8.4282367340058034E-002
           8          17 -0.10324769625698738     
           8          18   2.2564772618106576E-011
           8          19   6.3145353808742429E-012
           8          20  -2.9800558591357671E-011
           8          21  -8.2669156360985452E-013
           8          22  -1.0590283821858178E-012
           8          23   3.0889020044660598E-011
           8          24   1.6223378078536969E-011
           8          25  -4.1241510311339083E-012
           8          26  -9.2499715097235744E-012
           8          27  -3.3066953242923831E-012
           8          28   6.2116207090596203E-012
           8          29   2.5228271556555593E-011
           9           1   2.9263820432664888E-012
           9           2  -8.7237015958138952E-012
           9           3  -3.5445068215600711E-003
           9           4   1.1849303487508634E-002
           9           5 -0.79077931442269001     
           9           6   1.0678767298367034E-011
           9           7   1.0471120493469956E-002
           9           8  -3.4979810456194603E-002
           9           9   2.2638378728116715     
           9          10   2.5001983814761502E-011
           9          11  -5.1442898726697890E-002
           9          12  0.17048822036675493     
           9          13   5.5701085662087039E-003
           9          14  -4.8903866670904536E-012
           9          15   3.1197720954586085E-002
           9          16 -0.10324769625346863     
           9          17  -2.8083183487490726E-002
           9          18  -1.1979982972458059E-011
           9          19   1.8680353727401264E-011
           9          20  -3.7677462786309723E-011
           9          21  -1.5432901678982911E-011
           9          22  -5.0450103686492731E-011
           9          23   4.3223045525672207E-011
           9          24  -1.2065402541633127E-011
           9          25   1.1369533201813924E-011
           9          26  -2.3767661879311625E-011
           9          27  -6.4355398516095834E-012
           9          28  -2.7917423114013358E-011
           9          29   1.5760267830337623E-011
          10           1  -8.4038902781741698E-002
          10           2  0.40050718893011494     
          10           3  -5.5639040422220039E-011
          10           4   1.1449140874256888E-010
          10           5  -7.4770026560026212E-011
          10           6 -0.61609743474978362     
          10           7   1.9005048426104966E-011
          10           8  -4.6682175839802848E-011
          10           9   2.5001983814761502E-011
          10          10   4.3015893915252832     
          10          11  -1.2404703571421569E-010
          10          12   2.4962238750646354E-010
          10          13  -1.2845853939874363E-010
          10          14  -3.0099302484583319     
          10          15   6.2756245662389531E-011
          10          16  -1.1450994122052384E-010
          10          17   5.6672915799933496E-011
          10          18  -6.0765935303646698E-002
          10          19   2.4543102798543182E-005
          10          20  -6.0795523691778271E-002
          10          21   2.5301307236417602E-005
          10          22  -1.8042509930369781E-005
          10          23  -6.0830530625701366E-002
          10          24  0.15538607588877756     
          10          25  -1.9650051190205325E-004
          10          26  0.15529500970757554     
          10          27  -5.9914720332097623E-004
          10          28   7.9460368619100751E-004
          10          29  0.15636955151719723     
          11           1   3.1790401606410346E-012
          11           2  -1.3204457685555291E-011
          11           3  -4.5341632955141924E-002
          11           4  -3.0609420238912503E-002
          11           5   1.7358758105895974E-002
          11           6   2.3511966899071363E-011
          11           7   8.3632057888289840E-002
          11           8   9.0220009867604672E-002
          11           9  -5.1442898726697890E-002
          11          10  -1.2404703571421569E-010
          11          11  0.18841376043445149     
          11          12 -0.43410653277643269     
          11          13  0.25730903149140966     
          11          14   5.2816396978691736E-011
          11          15 -0.32102801903246120     
          11          16  0.26268632451213586     
          11          17 -0.15571725650437543     
          11          18   1.7689022025116979E-012
          11          19   4.6437306430123546E-011
          11          20  -7.2504581933162647E-011
          11          21  -2.6493209631824722E-011
          11          22  -7.0122322532524127E-011
          11          23   7.8455944925051218E-011
          11          24  -3.8833416827623045E-012
          11          25   2.9858878750409391E-011
          11          26  -5.3122151478935701E-011
          11          27  -1.7242427195869472E-011
          11          28  -4.7814287712397109E-011
          11          29   4.6970456187980489E-011
          12           1  -5.3889793327098354E-012
          12           2   2.2602409091187285E-011
          12           3  -3.0609420197787403E-002
          12           4   4.3977357629299663E-002
          12           5  -5.7687440682965989E-002
          12           6  -3.5709713528588013E-011
          12           7   9.0220009869640932E-002
          12           8 -0.17989811047712476     
          12           9  0.17048822036675493     
          12          10   2.4962238750646354E-010
          12          11 -0.43410653277643269     
          12          12   1.4657700296693408     
          12          13 -0.83636871901864696     
          12          14  -7.5211869787432378E-011
          12          15  0.26268632451247304     
          12          16  -1.0939950858710887     
          12          17  0.50612686122684158     
          12          18  -2.0515613108527345E-011
          12          19  -5.1459284059435728E-011
          12          20   8.7511952311849824E-011
          12          21   2.6020780924058021E-011
          12          22   7.5172874283148488E-011
          12          23  -9.4388736943740808E-011
          12          24   2.8646839982458857E-012
          12          25  -2.8691987125923637E-011
          12          26   7.1877159873773560E-011
          12          27   1.4724479537108492E-011
          12          28   5.2146753837513580E-011
          12          29  -4.5748697377299374E-011
          13           1   2.9510956285768842E-012
          13           2  -1.2224080707171902E-011
          13           3   1.7358757962487658E-002
          13           4  -5.7687440670163327E-002
          13           5  -1.8728774638353575E-002
          13           6   2.1330569971887684E-011
          13           7  -5.1442898731822471E-002
          13           8  0.17048822036608727     
          13           9   5.5701085662087039E-003
          13          10  -1.2845853939874363E-010
          13          11  0.25730903149140966     
          13          12 -0.83636871901864696     
          13          13  0.55073589183811611     
          13          14   3.0633081920892605E-011
          13          15 -0.15571725650437576     
          13          16  0.50612686122607808     
          13          17 -0.54025645345695883     
          13          18   1.4166555564410587E-011
          13          19  -1.1907085764757554E-010
          13          20   1.8577685780008178E-010
          13          21   6.5656245266554810E-011
          13          22   2.0091517407671525E-010
          13          23  -1.8618787806903004E-010
          13          24  -6.5765413359783776E-013
          13          25  -8.4421809081374043E-011
          13          26   1.1804750631442357E-010
          13          27   4.6099662590048507E-011
          13          28   1.3556731836804542E-010
          13          29  -1.3796514887542097E-010
          14           1   2.8537561604539855E-002
          14           2 -0.17601556467213009     
          14           3   1.4440040063387505E-010
          14           4  -1.1925583768841076E-010
          14           5   1.1219158288690507E-010
          14           6  -1.0069974649594693E-002
          14           7  -5.5693715807121852E-012
          14           8   1.3567848433181934E-011
          14           9  -4.8903866670904536E-012
          14          10  -3.0099302484583319     
          14          11   5.2816396978691736E-011
          14          12  -7.5211869787432378E-011
          14          13   3.0633081920892605E-011
          14          14   3.3562916378889316     
          14          15  -2.8104606917048211E-011
          14          16   3.3339407568795263E-011
          14          17  -1.2050152577941439E-011
          14          18   5.4700392360307874E-002
          14          19  -1.9089706499157995E-004
          14          20   5.5036095741239563E-002
          14          21  -6.9144615119075671E-005
          14          22  -6.8934481010492275E-005
          14          23   5.5052723421096919E-002
          14          24  -3.9961015858470672E-003
          14          25  -1.6215335343530609E-004
          14          26  -3.7340372088815882E-003
          14          27  -8.6656097354818656E-005
          14          28  -1.2778258634275853E-005
          14          29  -3.6639894910397847E-003
          15           1  -1.8021709738912837E-012
          15           2   7.3583245232602767E-012
          15           3   3.4705443200242159E-002
          15           4   1.8509881590260645E-002
          15           5  -1.0530774138245909E-002
          15           6  -1.4533822193097722E-011
          15           7  -7.5174382868052503E-002
          15           8  -5.4561899017934630E-002
          15           9   3.1197720954586085E-002
          15          10   6.2756245662389531E-011
          15          11 -0.32102801903246120     
          15          12  0.26268632451247304     
          15          13 -0.15571725650437576     
          15          14  -2.8104606917048211E-011
          15          15   1.3424924539024912     
          15          16 -0.15895665205753942     
          15          17   9.4236273430366516E-002
          15          18  -5.8541187085761146E-013
          15          19  -2.3454925910956227E-011
          15          20   4.1989006243738109E-011
          15          21   1.2892782237544921E-011
          15          22   3.9325299161870963E-011
          15          23  -4.4041606469795058E-011
          15          24   3.3967212232884866E-012
          15          25  -1.6276712707717572E-011
          15          26   3.0783545722233068E-011
          15          27   9.1287972184193530E-012
          15          28   2.6742575433067172E-011
          15          29  -2.6527792652021889E-011
          16           1   2.8847602142018014E-012
          16           2  -1.1938440863717947E-011
          16           3   1.8509881619621638E-002
          16           4  -1.9339021514514446E-002
          16           5   3.4939574246544335E-002
          16           6   2.4159099067985474E-011
          16           7  -5.4561899017192828E-002
          16           8   8.4282367340058034E-002
          16           9 -0.10324769625346863     
          16          10  -1.1450994122052384E-010
          16          11  0.26268632451213586     
          16          12  -1.0939950858710887     
          16          13  0.50612686122607808     
          16          14   3.3339407568795263E-011
          16          15 -0.15895665205753942     
          16          16   1.8102383130637880     
          16          17 -0.30628157021328473     
          16          18   8.4822880271922543E-012
          16          19   2.8980894956332912E-011
          16          20  -4.8989338676189141E-011
          16          21  -1.5222676914876311E-011
          16          22  -4.3251769679049366E-011
          16          23   5.0833109970182788E-011
          16          24  -4.2930763988639329E-012
          16          25   1.6590129777725340E-011
          16          26  -4.3487719941374032E-011
          16          27  -8.7736333737190304E-012
          16          28  -2.9105122717285499E-011
          16          29   2.3483885777131144E-011
          17           1  -1.5412838778601659E-012
          17           2   6.3917100687237034E-012
          17           3  -1.0530774045924944E-002
          17           4   3.4939574118028442E-002
          17           5   1.8658120915439828E-002
          17           6  -1.4529709176140141E-011
          17           7   3.1197720957732367E-002
          17           8 -0.10324769625698738     
          17           9  -2.8083183487490726E-002
          17          10   5.6672915799933496E-011
          17          11 -0.15571725650437543     
          17          12  0.50612686122684158     
          17          13 -0.54025645345695883     
          17          14  -1.2050152577941439E-011
          17          15   9.4236273430366516E-002
          17          16 -0.30628157021328473     
          17          17   1.4751400652567792     
          17          18  -6.5588665571571701E-012
          17          19   6.7928161882802948E-011
          17          20  -1.0287148096421690E-010
          17          21  -3.6480155776833132E-011
          17          22  -1.1172725275760987E-010
          17          23   1.0476934343270602E-010
          17          24   1.8258314190777844E-012
          17          25   4.8256987689777869E-011
          17          26  -6.4780952777072481E-011
          17          27  -2.5098856256625762E-011
          17          28  -7.6935378404203799E-011
          17          29   7.9555062393837802E-011
          18           1  -7.6030746167744523E-002
          18           2  -5.8300090080323642E-002
          18           3   1.2903349612535330E-010
          18           4   4.6372251261357883E-010
          18           5  -1.6748004227405640E-010
          18           6   9.7342151421664358E-002
          18           7  -1.4761983262226646E-012
          18           8   2.2564772618106576E-011
          18           9  -1.1979982972458059E-011
          18          10  -6.0765935303646698E-002
          18          11   1.7689022025116979E-012
          18          12  -2.0515613108527345E-011
          18          13   1.4166555564410587E-011
          18          14   5.4700392360307874E-002
          18          15  -5.8541187085761146E-013
          18          16   8.4822880271922543E-012
          18          17  -6.5588665571571701E-012
          18          18  0.51731521584896512     
          18          19  -6.4664369639980086E-005
          18          20 -0.23926943644483217     
          18          21  -1.4214522384894387E-004
          18          22  -3.8474388726627082E-004
          18          23 -0.23982661211277945     
          18          24  0.34804084660800766     
          18          25   3.0193501432678901E-005
          18          26 -0.16580298598584342     
          18          27   5.1823762642652218E-005
          18          28   8.4981373906501144E-005
          18          29 -0.16568432786444226     
          19           1  -5.1151069891949127E-005
          19           2   1.9778060430185023E-004
          19           3   1.0871654973597129E-012
          19           4   4.1880905940942310E-011
          19           5  -2.7736624464675710E-011
          19           6  -5.9821384169252297E-004
          19           7  -2.4622655807402384E-011
          19           8   6.3145353808742429E-012
          19           9   1.8680353727401264E-011
          19          10   2.4543102798543182E-005
          19          11   4.6437306430123546E-011
          19          12  -5.1459284059435728E-011
          19          13  -1.1907085764757554E-010
          19          14  -1.9089706499157995E-004
          19          15  -2.3454925910956227E-011
          19          16   2.8980894956332912E-011
          19          17   6.7928161882802948E-011
          19          18  -6.4664369639980086E-005
          19          19  0.50439974686699052     
          19          20  -6.4351616024723143E-005
          19          21   3.2046207855960872E-004
          19          22  -2.7248264127601867E-004
          19          23   1.6616807543279335E-004
          19          24   3.5512905376166470E-004
          19          25  0.34254952900015795     
          19          26   3.5524452950384474E-004
          19          27  -8.1753261652611376E-005
          19          28   6.9598063832027439E-005
          19          29   2.9741950939132821E-004
          20           1  -7.6013584314035973E-002
          20           2  -5.8370163320893814E-002
          20           3   1.1146895879378129E-010
          20           4   2.1478689775106994E-010
          20           5  -4.2432830613467497E-011
          20           6   9.7554343555783851E-002
          20           7   1.7194317329560280E-011
          20           8  -2.9800558591357671E-011
          20           9  -3.7677462786309723E-011
          20          10  -6.0795523691778271E-002
          20          11  -7.2504581933162647E-011
          20          12   8.7511952311849824E-011
          20          13   1.8577685780008178E-010
          20          14   5.5036095741239563E-002
          20          15   4.1989006243738109E-011
          20          16  -4.8989338676189141E-011
          20          17  -1.0287148096421690E-010
          20          18 -0.23926943644483217     
          20          19  -6.4351616024723143E-005
          20          20  0.51734596133547872     
          20          21   3.3116560940070738E-004
          20          22   1.7094722829448240E-004
          20          23 -0.23989349478393499     
          20          24 -0.16592514377940260     
          20          25   3.0136145890622619E-005
          20          26  0.34788010612679077     
          20          27  -6.8359986030923619E-005
          20          28  -5.5919119889677170E-005
          20          29 -0.16580480009530804     
          21           1  -1.0654660571483397E-004
          21           2   4.0748029369907601E-004
          21           3  -1.6015150420809905E-011
          21           4   1.3160151844768653E-011
          21           5  -6.6462785411150832E-012
          21           6  -1.2321807607301666E-003
          21           7   1.6474090988883583E-011
          21           8  -8.2669156360985452E-013
          21           9  -1.5432901678982911E-011
          21          10   2.5301307236417602E-005
          21          11  -2.6493209631824722E-011
          21          12   2.6020780924058021E-011
          21          13   6.5656245266554810E-011
          21          14  -6.9144615119075671E-005
          21          15   1.2892782237544921E-011
          21          16  -1.5222676914876311E-011
          21          17  -3.6480155776833132E-011
          21          18  -1.4214522384894387E-004
          21          19   3.2046207855960872E-004
          21          20   3.3116560940070738E-004
          21          21  0.50493292188794792     
          21          22  -1.3159642179595550E-004
          21          23  -1.4025817469648445E-004
          21          24   7.1277140683118762E-004
          21          25  -8.1962252296099660E-005
          21          26   5.9301778117646709E-004
          21          27  0.34241334683397240     
          21          28   3.4656680839245267E-005
          21          29   7.1453001113747419E-004
          22           1   1.2582811872054384E-004
          22           2  -4.7916158175562704E-004
          22           3  -7.5985219086694952E-011
          22           4   6.4865108311458663E-011
          22           5  -4.6331355890112976E-011
          22           6   1.4487999802560289E-003
          22           7   9.6140277853656288E-012
          22           8  -1.0590283821858178E-012
          22           9  -5.0450103686492731E-011
          22          10  -1.8042509930369781E-005
          22          11  -7.0122322532524127E-011
          22          12   7.5172874283148488E-011
          22          13   2.0091517407671525E-010
          22          14  -6.8934481010492275E-005
          22          15   3.9325299161870963E-011
          22          16  -4.3251769679049366E-011
          22          17  -1.1172725275760987E-010
          22          18  -3.8474388726627082E-004
          22          19  -2.7248264127601867E-004
          22          20   1.7094722829448240E-004
          22          21  -1.3159642179595550E-004
          22          22  0.50498711399831930     
          22          23   1.6933273576343107E-004
          22          24  -6.8829369239627050E-004
          22          25   6.9940684180157459E-005
          22          26  -8.2973429285727862E-004
          22          27   3.4856249203916434E-005
          22          28  0.34239908808738811     
          22          29  -8.3173674820513209E-004
          23           1  -7.5832843692011986E-002
          23           2  -5.9060016869285636E-002
          23           3  -6.2069846613544624E-012
          23           4   4.6373073894291141E-010
          23           5  -2.3688261805278587E-010
          23           6   9.9640301302467954E-002
          23           7  -1.1358507152039654E-011
          23           8   3.0889020044660598E-011
          23           9   4.3223045525672207E-011
          23          10  -6.0830530625701366E-002
          23          11   7.8455944925051218E-011
          23          12  -9.4388736943740808E-011
          23          13  -1.8618787806903004E-010
          23          14   5.5052723421096919E-002
          23          15  -4.4041606469795058E-011
          23          16   5.0833109970182788E-011
          23          17   1.0476934343270602E-010
          23          18 -0.23982661211277945     
          23          19   1.6616807543279335E-004
          23          20 -0.23989349478393499     
          23          21  -1.4025817469648445E-004
          23          22   1.6933273576343107E-004
          23          23  0.51782919118833837     
          23          24 -0.16692281761297836     
          23          25  -2.7270307042348091E-005
          23          26 -0.16692188317867435     
          23          27   5.3285649006453291E-005
          23          28  -5.7740584018810383E-005
          23          29  0.34659186582767443     
          24           1  -1.9818913978284947E-002
          24           2  -4.1693224788280359E-003
          24           3  -5.3075121730072013E-011
          24           4   8.4626161565781946E-011
          24           5  -5.9658388212976988E-011
          24           6  -8.1108762496869879E-002
          24           7  -4.3039995233728727E-012
          24           8   1.6223378078536969E-011
          24           9  -1.2065402541633127E-011
          24          10  0.15538607588877756     
          24          11  -3.8833416827623045E-012
          24          12   2.8646839982458857E-012
          24          13  -6.5765413359783776E-013
          24          14  -3.9961015858470672E-003
          24          15   3.3967212232884866E-012
          24          16  -4.2930763988639329E-012
          24          17   1.8258314190777844E-012
          24          18  0.34804084660800766     
          24          19   3.5512905376166470E-004
          24          20 -0.16592514377940260     
          24          21   7.1277140683118762E-004
          24          22  -6.8829369239627050E-004
          24          23 -0.16692281761297836     
          24          24  0.28956081262815692     
          24          25   1.4054340827858059E-004
          24          26  -5.9502848185993565E-002
          24          27   2.1293411943914921E-004
          24          28   2.3282444648270142E-004
          24          29  -5.9194986779279826E-002
          25           1   1.0500919974005004E-005
          25           2  -3.6392985272972848E-005
          25           3   5.4084409610594796E-011
          25           4  -5.3503562745665366E-011
          25           5   4.1695655849158208E-011
          25           6   4.6042894957101277E-005
          25           7  -1.3999816341103475E-011
          25           8  -4.1241510311339083E-012
          25           9   1.1369533201813924E-011
          25          10  -1.9650051190205325E-004
          25          11   2.9858878750409391E-011
          25          12  -2.8691987125923637E-011
          25          13  -8.4421809081374043E-011
          25          14  -1.6215335343530609E-004
          25          15  -1.6276712707717572E-011
          25          16   1.6590129777725340E-011
          25          17   4.8256987689777869E-011
          25          18   3.0193501432678901E-005
          25          19  0.34254952900015795     
          25          20   3.0136145890622619E-005
          25          21  -8.1962252296099660E-005
          25          22   6.9940684180157459E-005
          25          23  -2.7270307042348091E-005
          25          24   1.4054340827858059E-004
          25          25  0.23263411924233032     
          25          26   1.4040589759861736E-004
          25          27  -2.5752340147296702E-004
          25          28   2.1870699629290366E-004
          25          29  -4.6117329310365820E-005
          26           1  -1.9816283010740093E-002
          26           2  -4.1839429261304809E-003
          26           3  -3.5447849215478386E-013
          26           4   1.9143210773925957E-010
          26           5  -7.8999112512428492E-011
          26           6  -8.1024885389294754E-002
          26           7   6.5332176879295270E-012
          26           8  -9.2499715097235744E-012
          26           9  -2.3767661879311625E-011
          26          10  0.15529500970757554     
          26          11  -5.3122151478935701E-011
          26          12   7.1877159873773560E-011
          26          13   1.1804750631442357E-010
          26          14  -3.7340372088815882E-003
          26          15   3.0783545722233068E-011
          26          16  -4.3487719941374032E-011
          26          17  -6.4780952777072481E-011
          26          18 -0.16580298598584342     
          26          19   3.5524452950384474E-004
          26          20  0.34788010612679077     
          26          21   5.9301778117646709E-004
          26          22  -8.2973429285727862E-004
          26          23 -0.16692188317867435     
          26          24  -5.9502848185993565E-002
          26          25   1.4040589759861736E-004
          26          26  0.28933463469885834     
          26          27  -1.6802193397970434E-004
          26          28  -2.1472821248928623E-004
          26          29  -5.9242122721954699E-002
          27           1   2.9314920327904825E-005
          27           2  -1.0825007050850693E-004
          27           3  -3.2824605537918297E-011
          27           4   2.9350016026246063E-011
          27           5  -2.2725155350792111E-011
          27           6   2.1601206768823584E-004
          27           7   9.3354255859659077E-012
          27           8  -3.3066953242923831E-012
          27           9  -6.4355398516095834E-012
          27          10  -5.9914720332097623E-004
          27          11  -1.7242427195869472E-011
          27          12   1.4724479537108492E-011
          27          13   4.6099662590048507E-011
          27          14  -8.6656097354818656E-005
          27          15   9.1287972184193530E-012
          27          16  -8.7736333737190304E-012
          27          17  -2.5098856256625762E-011
          27          18   5.1823762642652218E-005
          27          19  -8.1753261652611376E-005
          27          20  -6.8359986030923619E-005
          27          21  0.34241334683397240     
          27          22   3.4856249203916434E-005
          27          23   5.3285649006453291E-005
          27          24   2.1293411943914921E-004
          27          25  -2.5752340147296702E-004
          27          26  -1.6802193397970434E-004
          27          27  0.23220610155317625     
          27          28   1.0409491457076397E-004
          27          29   2.0901519724768181E-004
          28           1  -3.8031543271616023E-005
