           1           1   2.2052807499173745     
           1           2 -0.77885235920347284     
           1           3  -2.5126894367716719E-014
           1           4   8.8519796806076611E-015
           1           5  -4.1524229139801819E-015
           1           6  0.27329532833738801     
           1           7   6.7953874505127315E-014
           1           8   3.3672719999804375E-014
           1           9   3.8402376715691312E-014
           1          10 -0.40444706017887566     
           1          11  -1.5921035155829743E-014
           1          12  -1.9535010559766106E-014
           1          13  -1.4430417085173718E-014
           1          14   1.8150188353927548E-002
           1          15  -5.7990976632800980E-016
           1          16   1.4555982182760503E-014
           1          17   1.3354533334477114E-014
           1          18  -5.6162321950975359E-003
           1          19   7.0993892326124696E-015
           1          20  -1.1996347189088089E-014
           1          21  -5.4524698621093400E-015
           1          22   3.8644395347960103E-002
           1          23   1.3047396321531975E-015
           1          24   3.8644395347958709E-002
           1          25  -3.3905838069213276E-015
           1          26  -1.6825825768683730E-014
           1          27   3.8644395347972642E-002
           1          28  0.12728436275703786     
           1          29  -1.1768302977896499E-014
           1          30  0.12728436275704003     
           1          31  -2.2082078804400219E-016
           1          32  -4.3924096163701047E-016
           1          33  0.12728436275701382     
           1          34  -1.0007673445966283E-002
           1          35  -8.3011263182114448E-016
           1          36  -1.0007673445955888E-002
           1          37  -7.5247077122834058E-016
           1          38  -2.0887469547664234E-015
           1          39  -1.0007673445948842E-002
           2           1 -0.77885235920347284     
           2           2   3.0210744078490537     
           2           3   1.0238776434554458E-013
           2           4  -9.9501902605919912E-015
           2           5   2.9877568425717027E-014
           2           6 -0.64572838645533559     
           2           7  -2.7304731722029102E-013
           2           8  -1.4666567762654830E-013
           2           9  -1.6254138807844404E-013
           2          10   2.1742897089084368     
           2          11   7.3505581988643566E-014
           2          12   8.4804254133675592E-014
           2          13   7.2519336140068182E-014
           2          14 -0.11894258498475320     
           2          15   1.0991319004276397E-014
           2          16  -6.7756385617526559E-014
           2          17  -5.6180477541375672E-014
           2          18   3.6362147810551824E-002
           2          19  -3.7187891863520845E-014
           2          20   5.7335305379076182E-014
           2          21   1.9578338993421168E-014
           2          22 -0.44855245963821488     
           2          23  -4.3536837727967812E-015
           2          24 -0.44855245963820922     
           2          25   6.0504654864252988E-015
           2          26   6.0412678056646753E-014
           2          27 -0.44855245963828322     
           2          28 -0.71163622830518736     
           2          29   5.0995695096625290E-014
           2          30 -0.71163622830520079     
           2          31  -1.5278463779238084E-014
           2          32   2.9474537407426576E-015
           2          33 -0.71163622830509965     
           2          34   6.4958311582928044E-002
           2          35  -6.8081811070366337E-015
           2          36   6.4958311582899039E-002
           2          37   1.3813747029344334E-014
           2          38   9.5510719759183615E-015
           2          39   6.4958311582867106E-002
           3           1  -2.5126894367716719E-014
           3           2   1.0238776434554458E-013
           3           3   2.4171084572419250     
           3           4   1.8649795249792147E-014
           3           5  -1.0853839528535127E-014
           3           6  -1.8060733052035049E-013
           3           7  -1.1017963036026748     
           3           8   7.5061484805516774E-015
           3           9  -9.2877094903798583E-015
           3          10  -2.0248430116326686E-013
           3          11  0.37147512467895916     
           3          12  -3.8384226352938899E-014
           3          13  -4.1684537765984623E-014
           3          14   5.0414697703031655E-014
           3          15  -7.2492785063003856E-002
           3          16   9.6806243576885707E-014
           3          17   1.1732184234530810E-013
           3          18   6.6107270331322711E-014
           3          19   4.1337066054547275E-002
           3          20  -8.7213114334516665E-014
           3          21  -1.4805192662115105E-013
           3          22  -4.0267955536059949E-014
           3          23  -8.3460983664056192E-014
           3          24  -1.1398024001805630E-014
           3          25  -3.1231759695388064E-013
           3          26   1.5637026264454271E-014
           3          27  -7.9363581026462795E-015
           3          28   3.7593454384702672E-014
           3          29   1.3659465131453783E-014
           3          30   1.4010436062317270E-013
           3          31   2.3133988712153091E-015
           3          32  -2.4441623050564827E-015
           3          33   8.5233406403055832E-014
           3          34   1.8208783917923958E-014
           3          35   5.3402622861240149E-015
           3          36  -1.4548876387975267E-013
           3          37  -2.1539649075275622E-014
           3          38  -1.3853715869039288E-014
           3          39   2.5618966538733836E-014
           4           1   8.8519796806076611E-015
           4           2  -9.9501902605919912E-015
           4           3   1.8649795249792147E-014
           4           4   2.4171084572418873     
           4           5  -9.5279686918027274E-016
           4           6  -1.0450941539052161E-013
           4           7  -5.1145285923093160E-014
           4           8  -1.1017963036025837     
           4           9  -6.4150074141621948E-015
           4          10   3.3965544366609638E-013
           4          11   2.9731425654766383E-014
           4          12  0.37147512467885091     
           4          13   1.3673090437649123E-014
           4          14  -1.5003464115975737E-013
           4          15   6.7699752054340357E-015
           4          16  -7.2492785063028364E-002
           4          17   2.6225983190686471E-014
           4          18   7.2880843144415018E-014
           4          19  -2.4740517794164009E-014
           4          20   4.1337066054550696E-002
           4          21  -1.3019099687206300E-015
           4          22   1.2760165135135188E-013
           4          23  -3.4608172766905238E-014
           4          24  -1.9515687263931583E-013
           4          25  -8.9078918908405483E-014
           4          26  -9.7973845846035625E-015
           4          27   1.8452938126490603E-014
           4          28  -1.4990924386480206E-013
           4          29  -5.1235003393889094E-014
           4          30  -1.5908074876812960E-013
           4          31   2.4504415846488554E-014
           4          32  -6.7477898983834447E-014
           4          33  -1.1535623903829558E-013
           4          34   4.2929789066382803E-014
           4          35   2.7498866367249397E-014
           4          36   6.9626995329031303E-014
           4          37   8.7682140974007536E-015
           4          38  -2.1564586201440109E-014
           4          39   2.7411753943592024E-014
           5           1  -4.1524229139801819E-015
           5           2   2.9877568425717027E-014
           5           3  -1.0853839528535127E-014
           5           4  -9.5279686918027274E-016
           5           5   2.4171084572418855     
           5           6  -1.1477733482102922E-013
           5           7   2.8311120808810448E-014
           5           8  -8.3075907264528897E-015
           5           9  -1.1017963036026013     
           5          10   2.1688551709878567E-013
           5          11   4.2570981462208942E-014
           5          12   1.2913281555171251E-014
           5          13  0.37147512467889343     
           5          14  -1.5087455674613151E-013
           5          15  -3.5598477290954600E-014
           5          16   5.6074936360950163E-015
           5          17  -7.2492785063017068E-002
           5          18   7.8023538280430610E-014
           5          19   5.6731962877476828E-015
           5          20   2.0067714850968765E-014
           5          21   4.1337066054548233E-002
           5          22   1.6642936807279686E-013
           5          23   4.1043261810550416E-015
           5          24   6.0682348369383292E-014
           5          25  -4.1263140014218696E-014
           5          26   1.8092774669901498E-013
           5          27  -3.0354565054590918E-013
           5          28  -8.2668238154051652E-014
           5          29  -2.5861150719609827E-014
           5          30  -1.1390855836218902E-013
           5          31   2.0852585080667234E-014
           5          32  -3.7863138235067687E-014
           5          33  -3.7166008504693347E-014
           5          34   2.6374066938139871E-014
           5          35  -8.1456501018458660E-016
           5          36   5.7491918933410854E-014
           5          37  -3.8363370046811362E-015
           5          38  -2.1481578628634755E-014
           5          39   2.4556040975525140E-014
           6           1  0.27329532833738801     
           6           2 -0.64572838645533559     
           6           3  -1.8060733052035049E-013
           6           4  -1.0450941539052161E-013
           6           5  -1.1477733482102922E-013
           6           6   2.3176976113240015     
           6           7   3.1474867799782597E-013
           6           8   2.2163162680061009E-013
           6           9   2.9082567061468341E-013
           6          10  -3.6262469673168596     
           6          11  -7.6096471212498185E-014
           6          12  -4.1969475486415077E-014
           6          13  -1.0553398561634562E-013
           6          14  0.16474222084534351     
           6          15  -3.0295519251991108E-014
           6          16   8.4307642723027387E-014
           6          17   1.1088001895180341E-013
           6          18  -5.0900622913971155E-002
           6          19   8.2605463701553608E-014
           6          20  -7.9039093037585400E-014
           6          21  -4.1712671639343439E-014
           6          22  0.19300472484443926     
           6          23   8.0962288205465406E-014
           6          24  0.19300472484488376     
           6          25   4.6232530434202113E-014
           6          26  -3.3420372069864110E-014
           6          27  0.19300472484390241     
           6          28   1.1409115744460783     
           6          29  -1.2378022688580275E-013
           6          30   1.1409115744460170     
           6          31   2.6909381779418575E-014
           6          32   1.9541949551712294E-014
           6          33   1.1409115744459526     
           6          34  -9.0900275514403689E-002
           6          35   3.6690242717349730E-014
           6          36  -9.0900275514334772E-002
           6          37  -2.4558629779986661E-014
           6          38  -3.7416624247155683E-014
           6          39  -9.0900275514332066E-002
           7           1   6.7953874505127315E-014
           7           2  -2.7304731722029102E-013
           7           3  -1.1017963036026748     
           7           4  -5.1145285923093160E-014
           7           5   2.8311120808810448E-014
           7           6   3.1474867799782597E-013
           7           7   2.9366892811371486     
           7           8   2.2516710718177658E-015
           7           9   2.3448257224778625E-014
           7          10   1.1821693171413246E-013
           7          11  -1.2263696670880910     
           7          12   8.0033202287666313E-014
           7          13   7.4659028959089584E-014
           7          14  -1.7180787951066845E-013
           7          15  0.22339481794558144     
           7          16  -2.7146774411734848E-013
           7          17  -3.1366489267048401E-013
           7          18  -1.5203542660875273E-013
           7          19 -0.12764646454594086     
           7          20   2.5291010605221744E-013
           7          21   3.6964094979330387E-013
           7          22   1.6498521806398743E-013
           7          23   1.9857533423426810E-013
           7          24   1.0714802148368563E-013
           7          25   7.8889146298483206E-013
           7          26   6.4878812305185552E-015
           7          27   1.3403877979798779E-013
           7          28   4.4392651058365265E-014
           7          29   5.3182085142831751E-015
           7          30  -2.2699894466350200E-013
           7          31  -5.9621964974672676E-014
           7          32  -5.1011627389884821E-015
           7          33  -1.0320009280758971E-013
           7          34  -2.5854213007950557E-014
           7          35  -1.6858509784781252E-014
           7          36   3.7846146119660329E-013
           7          37   8.5739116390001526E-014
           7          38   5.0191051911696348E-014
           7          39  -3.7469543161891238E-014
           8           1   3.3672719999804375E-014
           8           2  -1.4666567762654830E-013
           8           3   7.5061484805516774E-015
           8           4  -1.1017963036025837     
           8           5  -8.3075907264528897E-015
           8           6   2.2163162680061009E-013
           8           7   2.2516710718177658E-015
           8           8   2.9366892811369327     
           8           9   3.4586916664025447E-014
           8          10  -9.9438191739194265E-013
           8          11  -5.8550386761168802E-014
           8          12  -1.2263696670878144     
           8          13  -3.0947466811425986E-014
           8          14   3.5428219219020387E-013
           8          15  -6.7254361801882999E-014
           8          16  0.22339481794561461     
           8          17  -8.8861210056912309E-014
           8          18  -1.5815456774754030E-013
           8          19   1.0266570579786651E-013
           8          20 -0.12764646454598955     
           8          21   1.9153081898260053E-014
           8          22  -2.9884983339055176E-013
           8          23   8.0650422926955704E-014
           8          24   5.3547734837485196E-013
           8          25   2.3095973430380436E-013
           8          26  -3.8911450971453464E-014
           8          27  -5.8927944087605615E-014
           8          28   4.4728206701127672E-013
           8          29   1.7706702351916467E-013
           8          30   4.6024980769566904E-013
           8          31  -7.5984874072838596E-014
           8          32   2.4465151344076864E-013
           8          33   3.4241801971930567E-013
           8          34  -1.2202295301631310E-013
           8          35  -1.0034094349385566E-013
           8          36  -1.8960031644448668E-013
           8          37  -2.4333117576113496E-014
           8          38   4.7527681676059559E-014
           8          39  -5.6355367706786567E-014
           9           1   3.8402376715691312E-014
           9           2  -1.6254138807844404E-013
           9           3  -9.2877094903798583E-015
           9           4  -6.4150074141621948E-015
           9           5  -1.1017963036026013     
           9           6   2.9082567061468341E-013
           9           7   2.3448257224778625E-014
           9           8   3.4586916664025447E-014
           9           9   2.9366892811370087     
           9          10  -6.2619571713684579E-013
           9          11  -1.2053205655782086E-013
           9          12  -2.8935187579292802E-014
           9          13  -1.2263696670879212     
           9          14   3.2777888792582505E-013
           9          15   8.9225935667736219E-014
           9          16  -4.1189274213593263E-014
           9          17  0.22339481794560706     
           9          18  -1.4753275337747770E-013
           9          19  -5.5604392618092685E-015
           9          20  -6.0336284579687543E-014
           9          21 -0.12764646454597911     
           9          22  -4.2610686551149405E-013
           9          23   1.0870522041964683E-014
           9          24  -2.0927968390989007E-013
           9          25   1.2299609995831899E-013
           9          26  -4.0170132662367901E-013
           9          27   8.0116804531569981E-013
           9          28   2.1222968787128097E-013
           9          29   7.5260953709481428E-014
           9          30   2.9274191425081124E-013
           9          31  -7.5493952035620134E-014
           9          32   1.0066736328870344E-013
           9          33   1.1142417569304970E-013
           9          34  -5.7987523505032007E-014
           9          35   3.4108241955218399E-015
           9          36  -1.2738399577299423E-013
           9          37   2.1667251822054071E-014
           9          38   5.6405829805200559E-014
           9          39  -6.0475746562739853E-014
          10           1 -0.40444706017887566     
          10           2   2.1742897089084368     
          10           3  -2.0248430116326686E-013
          10           4   3.3965544366609638E-013
          10           5   2.1688551709878567E-013
          10           6  -3.6262469673168596     
          10           7   1.1821693171413246E-013
          10           8  -9.9438191739194265E-013
          10           9  -6.2619571713684579E-013
          10          10   17.279109184927236     
          10          11   8.0208936213318468E-013
          10          12   1.3498033472575946E-012
          10          13   7.5905435646086519E-013
          10          14 -0.53593032022718845     
          10          15   2.1400765155302334E-013
          10          16  -7.0393187046964385E-013
          10          17  -7.2086504656877415E-013
          10          18  0.17143075964690146     
          10          19  -5.3615302261542936E-013
          10          20   6.1156262946338911E-013
          10          21   2.7088676807148044E-013
          10          22 -0.48174108380610980     
          10          23  -7.9304520483600431E-014
          10          24 -0.48174108380645941     
          10          25  -3.5496717365790855E-014
          10          26   3.9605890621902057E-014
          10          27 -0.48174108380635194     
          10          28  -5.1403089670375017     
          10          29   7.4770241018762731E-013
          10          30  -5.1403089670376119     
          10          31  -1.2068377905219339E-013
          10          32   9.3049491186674999E-014
          10          33  -5.1403089670364244     
          10          34  0.29683436814691266     
          10          35  -2.2314683553514212E-013
          10          36  0.29683436814665720     
          10          37   1.6023268876165009E-013
          10          38   2.7462042948676662E-013
          10          39  0.29683436814635239     
          11           1  -1.5921035155829743E-014
          11           2   7.3505581988643566E-014
          11           3  0.37147512467895916     
          11           4   2.9731425654766383E-014
          11           5   4.2570981462208942E-014
          11           6  -7.6096471212498185E-014
          11           7  -1.2263696670880910     
          11           8  -5.8550386761168802E-014
          11           9  -1.2053205655782086E-013
          11          10   8.0208936213318468E-013
          11          11   2.6177878488865076     
          11          12  -6.9499961341535822E-014
          11          13  -1.7416623698806417E-014
          11          14  -2.1658416953017439E-014
          11          15 -0.38115052892684820     
          11          16   6.4170890823333922E-014
          11          17   1.3135326160096280E-013
          11          18   5.4680575956545992E-014
          11          19  0.21989292204769345     
          11          20  -4.7878367936892231E-016
          11          21  -7.0803606033730979E-014
          11          22  -6.5870613412077698E-014
          11          23   7.8543190698015146E-014
          11          24  -8.6069433302857132E-014
          11          25  -5.3319024987905985E-014
          11          26   4.6154814684787763E-014
          11          27   6.2446561565124506E-015
          11          28  -2.3643722523267783E-013
          11          29  -9.4357824823214954E-014
          11          30  -2.2069724622260805E-013
          11          31   2.6408684548882860E-013
          11          32   1.6630357960472121E-013
          11          33  -2.1320757143967663E-013
          11          34   6.7231583653163469E-014
          11          35  -1.2755287563140951E-014
          11          36  -1.4157363368028559E-013
          11          37  -4.7369001719886449E-014
          11          38  -6.1060392017131761E-014
          11          39   9.3424681433784973E-014
          12           1  -1.9535010559766106E-014
          12           2   8.4804254133675592E-014
          12           3  -3.8384226352938899E-014
          12           4  0.37147512467885091     
          12           5   1.2913281555171251E-014
          12           6  -4.1969475486415077E-014
          12           7   8.0033202287666313E-014
          12           8  -1.2263696670878144     
          12           9  -2.8935187579292802E-014
          12          10   1.3498033472575946E-012
          12          11  -6.9499961341535822E-014
          12          12   2.6177878488864401     
          12          13  -4.8794301932276267E-014
          12          14  -1.9759787474872172E-013
          12          15   3.8957378989401588E-013
          12          16 -0.38115052892679413     
          12          17   1.7585932710062576E-013
          12          18   7.7200087137542309E-014
          12          19  -3.4123572023592205E-013
          12          20  0.21989292204776056     
          12          21  -1.3339676585566484E-013
          12          22  -4.9711719520688325E-014
          12          23   8.9763182724685350E-014
          12          24  -1.0888137663502938E-013
          12          25   4.7528378905185977E-015
          12          26   2.8929728401232809E-013
          12          27  -3.4155291873249470E-014
          12          28  -7.5838981861150476E-013
          12          29  -3.8863308807444411E-013
          12          30  -7.3781955186035487E-013
          12          31   9.1988818038510491E-014
          12          32  -6.5717778193007773E-013
          12          33  -4.6154721644991081E-013
          12          34   1.7370582146306152E-013
          12          35   2.3367719862093176E-013
          12          36   2.9456135842601915E-013
          12          37   3.9471416700782520E-014
          12          38   1.1952982173854169E-014
          12          39  -1.1260885969449284E-013
          13           1  -1.4430417085173718E-014
          13           2   7.2519336140068182E-014
          13           3  -4.1684537765984623E-014
          13           4   1.3673090437649123E-014
          13           5  0.37147512467889343     
          13           6  -1.0553398561634562E-013
          13           7   7.4659028959089584E-014
          13           8  -3.0947466811425986E-014
          13           9  -1.2263696670879212     
          13          10   7.5905435646086519E-013
          13          11  -1.7416623698806417E-014
          13          12  -4.8794301932276267E-014
          13          13   2.6177878488864748     
          13          14  -8.0720759510323414E-014
          13          15   2.6249835638480729E-014
          13          16   7.7861328495742934E-014
          13          17 -0.38115052892683782     
          13          18  -4.4728479403254151E-015
          13          19  -8.5004919769815287E-014
          13          20   1.0227062252621309E-013
          13          21  0.21989292204773353     
          13          22  -1.3060311472408737E-014
          13          23   5.9538542402936824E-014
          13          24   1.3541990151258550E-014
          13          25   2.1273474088170866E-014
          13          26   9.3260747005526365E-014
          13          27  -8.9902870632790217E-014
          13          28  -2.2243727268156486E-013
          13          29  -9.3501182942193826E-014
          13          30  -2.1418613956481947E-013
          13          31   1.2328276749870380E-013
          13          32  -1.7650269870840801E-013
          13          33  -1.9332841558433427E-013
          13          34  -3.7810775639430352E-015
          13          35  -5.6027181901868769E-014
          13          36   4.9378818309769469E-014
          13          37  -7.5949831382434876E-014
          13          38  -2.1977107914718483E-014
          13          39  -1.4875230512109096E-014
          14           1   1.8150188353927548E-002
          14           2 -0.11894258498475320     
          14           3   5.0414697703031655E-014
          14           4  -1.5003464115975737E-013
          14           5  -1.5087455674613151E-013
          14           6  0.16474222084534351     
          14           7  -1.7180787951066845E-013
          14           8   3.5428219219020387E-013
          14           9   3.2777888792582505E-013
          14          10 -0.53593032022718845     
          14          11  -2.1658416953017439E-014
          14          12  -1.9759787474872172E-013
          14          13  -8.0720759510323414E-014
          14          14   2.1197313065204379E-002
          14          15  -1.1166885169922522E-014
          14          16   5.0514877658429851E-014
          14          17   3.5523013964711509E-014
          14          18  -6.5440750450624554E-003
          14          19   2.0994225239058271E-014
          14          20  -3.5504432039730201E-014
          14          21  -1.5762892092802907E-014
          14          22   2.6990634802865308E-002
          14          23  -1.9541638953667540E-013
          14          24   2.6990634802817663E-002
          14          25  -1.7067771908998315E-013
          14          26  -8.8023437220250753E-014
          14          27   2.6990634802877528E-002
          14          28  0.16762729134840168     
          14          29  -7.5037881422309148E-014
          14          30  0.16762729134841503     
          14          31  -1.4189694872966045E-014
          14          32   4.3899919167056427E-014
          14          33  0.16762729134836629     
          14          34  -1.1513822598956112E-002
          14          35   6.6026882656562103E-015
          14          36  -1.1513822598954580E-002
          14          37  -8.2518743149519778E-015
          14          38  -1.6111494881297369E-014
          14          39  -1.1513822598938770E-002
          15           1  -5.7990976632800980E-016
          15           2   1.0991319004276397E-014
          15           3  -7.2492785063003856E-002
          15           4   6.7699752054340357E-015
          15           5  -3.5598477290954600E-014
          15           6  -3.0295519251991108E-014
          15           7  0.22339481794558144     
          15           8  -6.7254361801882999E-014
          15           9   8.9225935667736219E-014
          15          10   2.1400765155302334E-013
          15          11 -0.38115052892684820     
          15          12   3.8957378989401588E-013
          15          13   2.6249835638480729E-014
          15          14  -1.1166885169922522E-014
          15          15   5.8478210674913142E-002
          15          16  -6.6206588822392781E-014
          15          17  -2.4409077190034726E-014
          15          18  -5.6554356693232412E-015
          15          19  -3.3500609800517223E-002
          15          20   3.6202811581897698E-014
          15          21   1.6322663706769105E-014
          15          22  -9.2468898126686311E-016
          15          23   3.8859709742611177E-014
          15          24  -2.1945283672763783E-014
          15          25   4.9515133909211834E-014
          15          26  -8.8530489530143448E-015
          15          27   3.0844343225548458E-014
          15          28  -6.4027355047500908E-014
          15          29   1.6209049023395745E-014
          15          30  -6.8877741755303585E-014
          15          31  -3.0730484356038075E-014
          15          32  -2.7061435640620197E-014
          15          33  -7.2714798000662751E-014
          15          34  -2.3134294441068906E-015
          15          35   2.4378513643858183E-015
          15          36   2.7977310826950476E-014
          15          37   7.8448885285778777E-015
          15          38   7.8761501764067583E-015
          15          39  -4.9751683430808831E-015
          16           1   1.4555982182760503E-014
          16           2  -6.7756385617526559E-014
          16           3   9.6806243576885707E-014
          16           4  -7.2492785063028364E-002
          16           5   5.6074936360950163E-015
          16           6   8.4307642723027387E-014
          16           7  -2.7146774411734848E-013
          16           8  0.22339481794561461     
          16           9  -4.1189274213593263E-014
          16          10  -7.0393187046964385E-013
          16          11   6.4170890823333922E-014
          16          12 -0.38115052892679413     
          16          13   7.7861328495742934E-014
          16          14   5.0514877658429851E-014
          16          15  -6.6206588822392781E-014
          16          16   5.8478210674891909E-002
          16          17  -3.6410544718146085E-014
          16          18  -1.6107544261336814E-014
          16          19   5.5188926345595097E-014
          16          20  -3.3500609800519096E-002
          16          21   2.7509028041605669E-014
          16          22   3.1327550428509490E-015
          16          23   1.3963864375045928E-014
          16          24  -5.2193379810955164E-014
          16          25   2.3484579417707713E-014
          16          26  -7.4137279249381163E-014
          16          27   1.0849481728809142E-013
          16          28   2.7364068113842081E-013
          16          29   6.4038133967869297E-014
          16          30   2.7306438995822423E-013
          16          31  -3.3653181151302350E-015
          16          32   1.1369857630843564E-013
          16          33   2.1512921466626684E-013
          16          34  -3.4544007622698811E-014
          16          35  -3.6141918579382167E-014
          16          36  -6.5883033049734117E-014
          16          37  -6.4281632645862844E-015
          16          38  -2.9304776697988936E-015
          16          39   1.6787153291093472E-014
          17           1   1.3354533334477114E-014
          17           2  -5.6180477541375672E-014
          17           3   1.1732184234530810E-013
          17           4   2.6225983190686471E-014
          17           5  -7.2492785063017068E-002
          17           6   1.1088001895180341E-013
          17           7  -3.1366489267048401E-013
          17           8  -8.8861210056912309E-014
          17           9  0.22339481794560706     
          17          10  -7.2086504656877415E-013
          17          11   1.3135326160096280E-013
          17          12   1.7585932710062576E-013
          17          13 -0.38115052892683782     
          17          14   3.5523013964711509E-014
          17          15  -2.4409077190034726E-014
          17          16  -3.6410544718146085E-014
          17          17   5.8478210674908090E-002
          17          18  -7.9865536466798577E-015
          17          19   2.3893755897452492E-014
          17          20   2.6536932373749053E-015
          17          21  -3.3500609800518763E-002
          17          22   8.0538659466738445E-015
          17          23  -9.0601157308900677E-014
          17          24   1.7157014438141179E-014
          17          25  -6.8515745112826936E-014
          17          26  -4.1370054337329472E-015
          17          27   1.9412635348780004E-014
          17          28   2.2360823337253014E-013
          17          29   4.3341503362204092E-014
          17          30   2.2079501410230590E-013
          17          31  -2.2568122995263250E-015
          17          32   1.5728825448670070E-014
          17          33   2.1673065386721567E-013
          17          34  -1.2006175421992292E-014
          17          35  -6.2510477290184118E-016
          17          36  -2.3288477911073462E-014
          17          37   6.0451618827688405E-015
          17          38   4.1657246398637489E-015
          17          39  -7.0279882427803761E-015
          18           1  -5.6162321950975359E-003
          18           2   3.6362147810551824E-002
          18           3   6.6107270331322711E-014
          18           4   7.2880843144415018E-014
          18           5   7.8023538280430610E-014
          18           6  -5.0900622913971155E-002
          18           7  -1.5203542660875273E-013
          18           8  -1.5815456774754030E-013
          18           9  -1.4753275337747770E-013
          18          10  0.17143075964690146     
          18          11   5.4680575956545992E-014
          18          12   7.7200087137542309E-014
          18          13  -4.4728479403254151E-015
          18          14  -6.5440750450624554E-003
          18          15  -5.6554356693232412E-015
          18          16  -1.6107544261336814E-014
          18          17  -7.9865536466798577E-015
          18          18   2.0323345407018017E-003
          18          19  -1.1791840411746798E-015
          18          20   1.1519650106242011E-014
          18          21   3.0774637806010034E-015
          18          22  -8.1991756632544474E-003
          18          23   8.3726659753154034E-014
          18          24  -8.1991756632960894E-003
          18          25   7.6993758622472256E-014
          18          26  -4.9786591838424244E-014
          18          27  -8.1991756631813947E-003
          18          28  -5.3117123476604439E-002
          18          29   4.5424597496877903E-014
          18          30  -5.3117123476601885E-002
          18          31   1.4311182672695368E-014
          18          32  -3.2677218344439316E-014
          18          33  -5.3117123476601892E-002
          18          34   3.5691653586021935E-003
          18          35  -2.6077969225441191E-015
          18          36   3.5691653585988555E-003
          18          37   2.5303025217389149E-015
          18          38   4.0562656112184216E-015
          18          39   3.5691653586000516E-003
          19           1   7.0993892326124696E-015
          19           2  -3.7187891863520845E-014
          19           3   4.1337066054547275E-002
          19           4  -2.4740517794164009E-014
          19           5   5.6731962877476828E-015
          19           6   8.2605463701553608E-014
          19           7 -0.12764646454594086     
          19           8   1.0266570579786651E-013
          19           9  -5.5604392618092685E-015
          19          10  -5.3615302261542936E-013
          19          11  0.21989292204769345     
          19          12  -3.4123572023592205E-013
          19          13  -8.5004919769815287E-014
          19          14   2.0994225239058271E-014
          19          15  -3.3500609800517223E-002
          19          16   5.5188926345595097E-014
          19          17   2.3893755897452492E-014
          19          18  -1.1791840411746798E-015
          19          19   1.9212703817432723E-002
          19          20  -3.0495137665065084E-014
          19          21  -1.5058158712999312E-014
          19          22   8.6650739667485878E-015
          19          23  -3.1236506690310114E-014
          19          24   8.3004769431681796E-014
          19          25  -2.9337807957123972E-014
          19          26   5.4070631044700441E-014
          19          27  -7.2131446193753789E-014
          19          28   1.6693847327153075E-013
          19          29  -9.4511919993395610E-015
          19          30   1.6269811465365429E-013
          19          31   1.8880762570221917E-014
          19          32   1.4564365517745423E-014
          19          33   1.7893900403725044E-013
          19          34  -6.2598223567035952E-015
          19          35  -1.7238248596758068E-015
          19          36  -2.1299973520321770E-014
          19          37  -4.7408140886417747E-015
          19          38  -3.5071756615004978E-015
          19          39  -7.5212367309429859E-015
          20           1  -1.1996347189088089E-014
          20           2   5.7335305379076182E-014
          20           3  -8.7213114334516665E-014
          20           4   4.1337066054550696E-002
          20           5   2.0067714850968765E-014
          20           6  -7.9039093037585400E-014
          20           7   2.5291010605221744E-013
          20           8 -0.12764646454598955     
          20           9  -6.0336284579687543E-014
          20          10   6.1156262946338911E-013
          20          11  -4.7878367936892231E-016
          20          12  0.21989292204776056     
          20          13   1.0227062252621309E-013
          20          14  -3.5504432039730201E-014
          20          15   3.6202811581897698E-014
          20          16  -3.3500609800519096E-002
          20          17   2.6536932373749053E-015
          20          18   1.1519650106242011E-014
          20          19  -3.0495137665065084E-014
          20          20   1.9212703817442032E-002
          20          21  -4.7119426416217790E-015
          20          22  -7.7587380242971808E-015
          20          23  -4.5307530024840190E-014
          20          24   4.7263050760117551E-014
          20          25  -3.7528001653386905E-014
          20          26   7.0027383253627077E-014
          20          27  -8.4548547264245917E-014
          20          28  -2.1973953743193972E-013
          20          29  -4.7278096194018652E-014
          20          30  -2.2248443040341031E-013
          20          31  -1.5779755061225495E-015
          20          32  -5.2800988528595086E-014
          20          33  -1.8462065112778695E-013
          20          34   2.3434142645933919E-014
          20          35   2.0228496660974927E-014
          20          36   4.1447207629733418E-014
          20          37   3.2872622811314483E-015
          20          38   1.6264144392569484E-015
          20          39  -6.2852472990609666E-015
          21           1  -5.4524698621093400E-015
          21           2   1.9578338993421168E-014
          21           3  -1.4805192662115105E-013
          21           4  -1.3019099687206300E-015
