           1           1   2.1643895001301616     
           1           2 -0.65432452893296245     
           1           3   5.7344150743366791E-015
           1           4  -8.9797733418520606E-015
           1           5  -4.6949659258167809E-015
           1           6   1.2356452621275560     
           1           7  -9.0274448350280209E-016
           1           8   2.0400847297529428E-016
           1           9  -4.1469170686083244E-015
           1          10 -0.43944456523190711     
           1          11   2.9843862448990343E-016
           1          12  -2.7124639749012997E-015
           1          13   2.6520359453988374E-015
           1          14  0.19269468926146582     
           1          15   2.9072279513852296E-015
           1          16   2.8753173945779800E-015
           1          17  -1.8500959032923167E-015
           1          18 -0.35354131222662433     
           1          19   1.6181045140439886E-003
           1          20 -0.35606334113322630     
           1          21  -1.9371715886059061E-004
           1          22   4.4446500925224736E-004
           1          23 -0.35299450587880810     
           2           1 -0.65432452893296245     
           2           2   2.6072374911585681     
           2           3  -2.5831268354115648E-014
           2           4   3.4293061781268260E-014
           2           5   2.5983187394776444E-014
           2           6  -4.5860832727382856     
           2           7   8.1863756727072242E-015
           2           8  -1.7499177285039629E-014
           2           9   5.9756155300130042E-015
           2          10   1.6359588736287360     
           2          11  -1.2458059101457271E-014
           2          12   3.8279505637044778E-014
           2          13  -3.2937997246301667E-015
           2          14 -0.71805756449187930     
           2          15   9.4956682663308816E-016
           2          16  -2.7801690089216278E-014
           2          17   1.1930276144553204E-015
           2          18   1.3125306729747708     
           2          19  -6.1383642512323885E-003
           2          20   1.3220974579746410     
           2          21   7.3487452044182272E-004
           2          22  -1.6861006167032877E-003
           2          23   1.3104564880713063     
           3           1   5.7344150743366791E-015
           3           2  -2.5831268354115648E-014
           3           3   2.1123418977612891     
           3           4  -1.3493428313404899E-002
           3           5   1.6168725564292706E-003
           3           6   2.3445170381766407E-014
           3           7 -0.35081275757236746     
           3           8   9.4513471442359775E-002
           3           9  -1.1325234375373087E-002
           3          10  -1.6395349252216142E-014
           3          11  0.36216320213329434     
           3          12  -6.1807890592067205E-002
           3          13   7.4062335931695377E-003
           3          14   1.1595860080187910E-014
           3          15 -0.21048486475326014     
           3          16   3.6700605604630510E-002
           3          17  -4.3977112875860170E-003
           3          18  -7.4420274961456386E-015
           3          19  -2.3212050296037343E-016
           3          20  -8.3110040198101926E-015
           3          21   3.4930022886391090E-015
           3          22   3.0795802563854715E-016
           3          23  -7.6214526808670657E-015
           4           1  -8.9797733418520606E-015
           4           2   3.4293061781268260E-014
           4           3  -1.3493428313404899E-002
           4           4   2.1373929028052387     
           4           5  -3.7070046787026499E-003
           4           6  -3.5888271277113509E-014
           4           7   9.4513471442357999E-002
           4           8 -0.52628020697267375     
           4           9   2.5965371636658022E-002
           4          10   1.1473876541659107E-014
           4          11  -6.1807890592069668E-002
           4          12  0.47691163692777644     
           4          13  -1.6980276195667499E-002
           4          14  -4.8940070982254777E-015
           4          15   3.6700605604636539E-002
           4          16 -0.27862077764076126     
           4          17   1.0082635303443771E-002
           4          18   1.1754851410423066E-014
           4          19   1.2673093193248091E-016
           4          20   1.2477475128252777E-014
           4          21   4.9801890302371189E-016
           4          22   3.1365375089836663E-017
           4          23   1.3596223029592771E-014
           5           1  -4.6949659258167809E-015
           5           2   2.5983187394776444E-014
           5           3   1.6168725564292706E-003
           5           4  -3.7070046787026499E-003
           5           5   2.1069007096473751     
           5           6  -6.6026466949873079E-015
           5           7  -1.1325234375370202E-002
           5           8   2.5965371636659726E-002
           5           9 -0.31270045834939553     
           5          10   8.5211982678342786E-015
           5          11   7.4062335931659182E-003
           5          12  -1.6980276195673480E-002
           5          13  0.33723933906237474     
           5          14  -6.2317653058842791E-015
           5          15  -4.3977112875842120E-003
           5          16   1.0082635303450467E-002
           5          17 -0.19568544578025013     
           5          18   3.2198564256220177E-015
           5          19   1.3519665460874165E-016
           5          20   3.3319843610493974E-015
           5          21  -2.0369704583913114E-015
           5          22  -9.1612683961576886E-016
           5          23   2.1073163351100441E-015
           6           1   1.2356452621275560     
           6           2  -4.5860832727382856     
           6           3   2.3445170381766407E-014
           6           4  -3.5888271277113509E-014
           6           5  -6.6026466949873079E-015
           6           6   33.841945479555442     
           6           7  -1.0834916873053887E-014
           6           8   3.6299525689320837E-014
           6           9  -4.8774197086796641E-014
           6          10  -12.800172231420097     
           6          11   3.7165455713483124E-014
           6          12  -5.8695273812790329E-014
           6          13   4.3915932972317448E-014
           6          14   5.8391033031773585     
           6          15  -2.8589799601002654E-014
           6          16   4.6191214488582212E-014
           6          17  -3.1337259346890302E-014
           6          18  -8.7835591238006785     
           6          19   5.6846075708209327E-002
           6          20  -8.8723082409232248     
           6          21  -6.8059047618556998E-003
           6          22   1.5614775490780249E-002
           6          23  -8.7643150715783964     
           7           1  -9.0274448350280209E-016
           7           2   8.1863756727072242E-015
           7           3 -0.35081275757236746     
           7           4   9.4513471442357999E-002
           7           5  -1.1325234375370202E-002
           7           6  -1.0834916873053887E-014
           7           7  0.33711040186512686     
           7           8 -0.66278360647603085     
           7           9   7.9419151248352735E-002
           7          10   8.5144981503070177E-015
           7          11 -0.23993397518365478     
           7          12  0.43149745903383840     
           7          13  -5.1704902818125772E-002
           7          14  -6.6791229217282931E-015
           7          15  0.14174552452235306     
           7          16 -0.25619339572367072     
           7          17   3.0698801003829001E-002
           7          18   2.0879051723693884E-015
           7          19  -9.6861470374406709E-016
           7          20   4.0037072463656833E-015
           7          21   3.5721952654724585E-016
           7          22  -2.4038847053299145E-015
           7          23   2.4099057231296519E-015
           8           1   2.0400847297529428E-016
           8           2  -1.7499177285039629E-014
           8           3   9.4513471442359775E-002
           8           4 -0.52628020697267375     
           8           5   2.5965371636659726E-002
           8           6   3.6299525689320837E-014
           8           7 -0.66278360647603085     
           8           8   1.5675905350979042     
           8           9 -0.18208433564213231     
           8          10  -2.2435915260578169E-014
           8          11  0.43149745903383918     
           8          12  -1.0410235701791888     
           8          13  0.11854386166428230     
           8          14   1.3970782735116235E-014
           8          15 -0.25619339572367217     
           8          16  0.61737720977107635     
           8          17  -7.0383159451206226E-002
           8          18  -1.0920706259959553E-014
           8          19   1.9992629474105837E-015
           8          20  -1.4555857800895153E-014
           8          21  -2.2147761745913767E-015
           8          22   5.2673985096465949E-015
           8          23  -1.1999692115621571E-014
           9           1  -4.1469170686083244E-015
           9           2   5.9756155300130042E-015
           9           3  -1.1325234375373087E-002
           9           4   2.5965371636658022E-002
           9           5 -0.31270045834939553     
           9           6  -4.8774197086796641E-014
           9           7   7.9419151248352735E-002
           9           8 -0.18208433564213231     
           9           9   6.9844722755001379E-002
           9          10   1.7207632334434855E-014
           9          11  -5.1704902818123961E-002
           9          12  0.11854386166427915     
           9          13  -6.5933803338510968E-002
           9          14  -8.4674690100650373E-015
           9          15   3.0698801003828692E-002
           9          16  -7.0383159451206517E-002
           9          17   3.8436237414791512E-002
           9          18   1.0618623613958646E-014
           9          19  -5.5581501036743833E-016
           9          20   1.1433143814763439E-014
           9          21   6.6434718927100107E-016
           9          22  -5.5229319383799168E-016
           9          23   1.0755990117493400E-014
          10           1 -0.43944456523190711     
          10           2   1.6359588736287360     
          10           3  -1.6395349252216142E-014
          10           4   1.1473876541659107E-014
          10           5   8.5211982678342786E-015
          10           6  -12.800172231420097     
          10           7   8.5144981503070177E-015
          10           8  -2.2435915260578169E-014
          10           9   1.7207632334434855E-014
          10          10   4.8590170971026705     
          10          11  -1.7625216356569209E-014
          10          12   2.6770626396582102E-014
          10          13  -1.5708660271324229E-014
          10          14  -2.2123161061729295     
          10          15   1.2976578844740533E-014
          10          16  -1.9678332536140982E-014
          10          17   1.1220352174070263E-014
          10          18   3.3347870581198804     
          10          19  -1.9563786856339551E-002
          10          20   3.3653304354246441     
          10          21   2.3422773583403997E-003
          10          22  -5.3738826844680855E-003
          10          23   3.3281641370080433     
          11           1   2.9843862448990343E-016
          11           2  -1.2458059101457271E-014
          11           3  0.36216320213329434     
          11           4  -6.1807890592069668E-002
          11           5   7.4062335931659182E-003
          11           6   3.7165455713483124E-014
          11           7 -0.23993397518365478     
          11           8  0.43149745903383918     
          11           9  -5.1704902818123961E-002
          11          10  -1.7625216356569209E-014
          11          11  0.17828641554323285     
          11          12 -0.28095072544189764     
          11          13   3.3665389335506064E-002
          11          14   1.0080429717555719E-014
          11          15 -0.10508913884628539     
          11          16  0.16680888334392532     
          11          17  -1.9988152703864209E-002
          11          18  -9.4819366177591864E-015
          11          19   6.2585976738240738E-016
          11          20  -1.0822333877066510E-014
          11          21   2.5013615206452813E-017
          11          22   1.5842211861404798E-015
          11          23  -9.6827342262483253E-015
          12           1  -2.7124639749012997E-015
          12           2   3.8279505637044778E-014
          12           3  -6.1807890592067205E-002
          12           4  0.47691163692777644     
          12           5  -1.6980276195673480E-002
          12           6  -5.8695273812790329E-014
          12           7  0.43149745903383840     
          12           8  -1.0410235701791888     
          12           9  0.11854386166427915     
          12          10   2.6770626396582102E-014
          12          11 -0.28095072544189764     
          12          12  0.69988091893126136     
          12          13  -7.7184658296339193E-002
          12          14  -1.4580774501130241E-014
          12          15  0.16680888334392630     
          12          16 -0.41477546028801499     
          12          17   4.5826849677799493E-002
          12          18   1.6590177690700824E-014
          12          19  -1.3714747100955886E-015
          12          20   1.9132759409717982E-014
          12          21   1.4558155581659006E-015
          12          22  -3.4226764394955358E-015
          12          23   1.7356009797301528E-014
          13           1   2.6520359453988374E-015
          13           2  -3.2937997246301667E-015
          13           3   7.4062335931695377E-003
          13           4  -1.6980276195667499E-002
          13           5  0.33723933906237474     
          13           6   4.3915932972317448E-014
          13           7  -5.1704902818125772E-002
          13           8  0.11854386166428230     
          13           9  -6.5933803338510968E-002
          13          10  -1.5708660271324229E-014
          13          11   3.3665389335506064E-002
          13          12  -7.7184658296339193E-002
          13          13   6.4993802844265577E-002
          13          14   7.2738288052244794E-015
          13          15  -1.9988152703864729E-002
          13          16   4.5826849677801131E-002
          13          17  -3.7823912227964759E-002
          13          18  -1.0345665314288339E-014
          13          19   3.4593194052270045E-016
          13          20  -1.0815036815419970E-014
          13          21  -5.7931696962734257E-016
          13          22   2.8328725635887870E-016
          13          23  -1.0503126956220266E-014
          14           1  0.19269468926146582     
          14           2 -0.71805756449187930     
          14           3   1.1595860080187910E-014
          14           4  -4.8940070982254777E-015
          14           5  -6.2317653058842791E-015
          14           6   5.8391033031773585     
          14           7  -6.6791229217282931E-015
          14           8   1.3970782735116235E-014
          14           9  -8.4674690100650373E-015
          14          10  -2.2123161061729295     
          14          11   1.0080429717555719E-014
          14          12  -1.4580774501130241E-014
          14          13   7.2738288052244794E-015
          14          14   1.0105441068654422     
          14          15  -7.2770925222666258E-015
          14          16   1.0544786567401129E-014
          14          17  -5.2905942065774061E-015
          14          18  -1.5098481295330832     
          14          19   9.9317052410697708E-003
          14          20  -1.5253540974884130     
          14          21  -1.1890759127947217E-003
          14          22   2.7280928349417239E-003
          14          23  -1.5064858629087177     
          15           1   2.9072279513852296E-015
          15           2   9.4956682663308816E-016
          15           3 -0.21048486475326014     
          15           4   3.6700605604636539E-002
          15           5  -4.3977112875842120E-003
          15           6  -2.8589799601002654E-014
          15           7  0.14174552452235306     
          15           8 -0.25619339572367217     
          15           9   3.0698801003828692E-002
          15          10   1.2976578844740533E-014
          15          11 -0.10508913884628539     
          15          12  0.16680888334392630     
          15          13  -1.9988152703864729E-002
          15          14  -7.2770925222666258E-015
          15          15   6.1950980835000093E-002
          15          16  -9.9039433078950134E-002
          15          17   1.1867565278310847E-002
          15          18   6.7328619173054980E-015
          15          19  -4.1778947093410906E-016
          15          20   7.5970811904198954E-015
          15          21  -4.1534299415592141E-020
          15          22  -9.5227466035419770E-016
          15          23   6.8369930572811800E-015
          16           1   2.8753173945779800E-015
          16           2  -2.7801690089216278E-014
          16           3   3.6700605604630510E-002
          16           4 -0.27862077764076126     
          16           5   1.0082635303450467E-002
          16           6   4.6191214488582212E-014
          16           7 -0.25619339572367072     
          16           8  0.61737720977107635     
          16           9  -7.0383159451206517E-002
          16          10  -1.9678332536140982E-014
          16          11  0.16680888334392532     
          16          12 -0.41477546028801499     
          16          13   4.5826849677801131E-002
          16          14   1.0544786567401129E-014
          16          15  -9.9039433078950134E-002
          16          16  0.24582103075708239     
          16          17  -2.7208774022698778E-002
          16          18  -1.2281988897031385E-014
          16          19   8.9974625184758004E-016
          16          20  -1.3922459840691640E-014
          16          21  -8.7458061957291070E-016
          16          22   2.0561152285880885E-015
          16          23  -1.2705112216983998E-014
          17           1  -1.8500959032923167E-015
          17           2   1.1930276144553204E-015
          17           3  -4.3977112875860170E-003
          17           4   1.0082635303443771E-002
          17           5 -0.19568544578025013     
          17           6  -3.1337259346890302E-014
          17           7   3.0698801003829001E-002
          17           8  -7.0383159451206226E-002
          17           9   3.8436237414791512E-002
          17          10   1.1220352174070263E-014
          17          11  -1.9988152703864209E-002
          17          12   4.5826849677799493E-002
          17          13  -3.7823912227964759E-002
          17          14  -5.2905942065774061E-015
          17          15   1.1867565278310847E-002
          17          16  -2.7208774022698778E-002
          17          17   2.2013599943419157E-002
          17          18   7.1561151843111944E-015
          17          19  -2.4409894521470285E-016
          17          20   7.4967558142947748E-015
          17          21   3.4312367985239956E-016
          17          22  -1.8137947428358036E-016
          17          23   7.2345404043680484E-015
          18           1 -0.35354131222662433     
          18           2   1.3125306729747708     
          18           3  -7.4420274961456386E-015
          18           4   1.1754851410423066E-014
          18           5   3.2198564256220177E-015
          18           6  -8.7835591238006785     
          18           7   2.0879051723693884E-015
          18           8  -1.0920706259959553E-014
          18           9   1.0618623613958646E-014
          18          10   3.3347870581198804     
          18          11  -9.4819366177591864E-015
          18          12   1.6590177690700824E-014
          18          13  -1.0345665314288339E-014
          18          14  -1.5098481295330832     
          18          15   6.7328619173054980E-015
          18          16  -1.2281988897031385E-014
          18          17   7.1561151843111944E-015
          18          18   2.3197526976355314     
          18          19  -1.1368093800734997E-002
          18          20   2.3374993223493026     
          18          21   1.3610430190055421E-003
          18          22  -3.1226455787111158E-003
          18          23   2.3159046021272784     
          19           1   1.6181045140439886E-003
          19           2  -6.1383642512323885E-003
          19           3  -2.3212050296037343E-016
          19           4   1.2673093193248091E-016
          19           5   1.3519665460874165E-016
          19           6   5.6846075708209327E-002
          19           7  -9.6861470374406709E-016
          19           8   1.9992629474105837E-015
          19           9  -5.5581501036743833E-016
          19          10  -1.9563786856339551E-002
          19          11   6.2585976738240738E-016
          19          12  -1.3714747100955886E-015
          19          13   3.4593194052270045E-016
          19          14   9.9317052410697708E-003
          19          15  -4.1778947093410906E-016
          19          16   8.9974625184758004E-016
          19          17  -2.4409894521470285E-016
          19          18  -1.1368093800734997E-002
          19          19   4.3833278270910813E-004
          19          20  -1.2052518467465852E-002
          19          21  -5.2479689689338447E-005
          19          22   1.2040362181720861E-004
          19          23  -1.1219684168108004E-002
          20           1 -0.35606334113322630     
          20           2   1.3220974579746410     
          20           3  -8.3110040198101926E-015
          20           4   1.2477475128252777E-014
          20           5   3.3319843610493974E-015
          20           6  -8.8723082409232248     
          20           7   4.0037072463656833E-015
          20           8  -1.4555857800895153E-014
          20           9   1.1433143814763439E-014
          20          10   3.3653304354246441     
          20          11  -1.0822333877066510E-014
          20          12   1.9132759409717982E-014
          20          13  -1.0815036815419970E-014
          20          14  -1.5253540974884130     
          20          15   7.5970811904198954E-015
          20          16  -1.3922459840691640E-014
          20          17   7.4967558142947748E-015
          20          18   2.3374993223493026     
          20          19  -1.2052518467465852E-002
          20          20   2.3563146265262471     
          20          21   1.4429862270972165E-003
          20          22  -3.3106470518137090E-003
          20          23   2.3334194959626040     
          21           1  -1.9371715886059061E-004
          21           2   7.3487452044182272E-004
          21           3   3.4930022886391090E-015
          21           4   4.9801890302371189E-016
          21           5  -2.0369704583913114E-015
          21           6  -6.8059047618556998E-003
          21           7   3.5721952654724585E-016
          21           8  -2.2147761745913767E-015
          21           9   6.6434718927100107E-016
          21          10   2.3422773583403997E-003
          21          11   2.5013615206452813E-017
          21          12   1.4558155581659006E-015
          21          13  -5.7931696962734257E-016
          21          14  -1.1890759127947217E-003
          21          15  -4.1534299415592141E-020
          21          16  -8.7458061957291070E-016
          21          17   3.4312367985239956E-016
          21          18   1.3610430190055421E-003
          21          19  -5.2479689689338447E-005
          21          20   1.4429862270972165E-003
          21          21   6.2831664417910898E-006
          21          22  -1.4415405281118654E-005
          21          23   1.3432745749280088E-003
          22           1   4.4446500925224736E-004
          22           2  -1.6861006167032877E-003
          22           3   3.0795802563854715E-016
          22           4   3.1365375089836663E-017
          22           5  -9.1612683961576886E-016
          22           6   1.5614775490780249E-002
          22           7  -2.4038847053299145E-015
          22           8   5.2673985096465949E-015
          22           9  -5.5229319383799168E-016
          22          10  -5.3738826844680855E-003
          22          11   1.5842211861404798E-015
          22          12  -3.4226764394955358E-015
          22          13   2.8328725635887870E-016
          22          14   2.7280928349417239E-003
          22          15  -9.5227466035419770E-016
          22          16   2.0561152285880885E-015
          22          17  -1.8137947428358036E-016
          22          18  -3.1226455787111158E-003
          22          19   1.2040362181720861E-004
          22          20  -3.3106470518137090E-003
          22          21  -1.4415405281118654E-005
          22          22   3.3073118686744142E-005
          22          23  -3.0818796172904237E-003
          23           1 -0.35299450587880810     
          23           2   1.3104564880713063     
          23           3  -7.6214526808670657E-015
          23           4   1.3596223029592771E-014
          23           5   2.1073163351100441E-015
          23           6  -8.7643150715783964     
          23           7   2.4099057231296519E-015
          23           8  -1.1999692115621571E-014
          23           9   1.0755990117493400E-014
          23          10   3.3281641370080433     
          23          11  -9.6827342262483253E-015
          23          12   1.7356009797301528E-014
          23          13  -1.0503126956220266E-014
          23          14  -1.5064858629087177     
          23          15   6.8369930572811800E-015
          23          16  -1.2705112216983998E-014
          23          17   7.2345404043680484E-015
          23          18   2.3159046021272784     
          23          19  -1.1219684168108004E-002
          23          20   2.3334194959626040     
          23          21   1.3432745749280088E-003
          23          22  -3.0818796172904237E-003
          23          23   2.3121067548009533     
