           1           1   2.0910476511010918     
           1           2 -0.14481747862287569     
           1           3  -6.1992771887947917E-013
           1           4   6.1373624206153294E-013
           1           5   1.5338171742940966E-015
           1           6 -0.28543090923272707     
           1           7   8.0246353434853155E-013
           1           8  -8.3783709611024631E-013
           1           9  -8.4360785553153038E-014
           1          10  -2.9949395721356999E-002
           1          11  -3.7420890706853899E-013
           1          12   4.6272407025593208E-013
           1          13   8.2943494724120681E-014
           1          14  -2.2999160649128068E-003
           1          15  -1.4088722385589142E-004
           1          16  -2.4267561159940169E-003
           1          17  -8.9669279735539106E-006
           1          18  -1.4766798501974761E-005
           1          19  -2.2266399999422287E-003
           2           1 -0.14481747862287569     
           2           2  0.32161039866297120     
           2           3   6.3123740097853041E-014
           2           4  -8.5454660950228473E-014
           2           5  -4.1034832829923667E-015
           2           6  0.47536747939455704     
           2           7  -5.2599894267113684E-014
           2           8   2.1908275891297857E-014
           2           9   2.1018626738038689E-014
           2          10   5.9449494163682955E-002
           2          11   2.0277408060956995E-014
           2          12  -5.1366259045027320E-014
           2          13  -1.4773067537018042E-014
           2          14   6.3416579988683011E-003
           2          15   1.8622571204578633E-003
           2          16   8.0182386262592081E-003
           2          17   1.1852548194116392E-004
           2          18   1.9518857010338497E-004
           2          19   5.3730898721973024E-003
           3           1  -6.1992771887947917E-013
           3           2   6.3123740097853041E-014
           3           3   9.5253773412565509E-002
           3           4  0.15686456209265501     
           3           5   9.9838242681360278E-003
           3           6   1.3053567287060698E-013
           3           7   7.3652226386305808E-002
           3           8  0.12129098743441455     
           3           9   7.7197034725612077E-003
           3          10   3.2113170325651556E-014
           3          11   1.7233231463751098E-002
           3          12   2.8379802736082798E-002
           3          13   1.8062649764405741E-003
           3          14   5.5732252207908884E-015
           3          15   6.4500973463035683E-015
           3          16   2.1495470249520208E-015
           3          17  -5.3061767673466190E-016
           3          18  -1.0186628087084589E-015
           3          19  -3.9128536179820670E-016
           4           1   6.1373624206153294E-013
           4           2  -8.5454660950228473E-014
           4           3  0.15686456209265501     
           4           4  0.25832562804566467     
           4           5   1.6441429727387418E-002
           4           6  -1.1015297736212093E-013
           4           7  0.12129098748872102     
           4           8  0.19974282328195189     
           4           9   1.2712860197816776E-002
           4          10   2.2753241914845865E-014
           4          11   2.8379802816778210E-002
           4          12   4.6736052221153249E-002
           4          13   2.9745694517050334E-003
           4          14   6.6548576190978009E-015
           4          15   1.9236469331556722E-015
           4          16  -6.8144197883943746E-015
           4          17  -1.4274455037496874E-015
           4          18  -2.5892471855110274E-015
           4          19   1.3565461165585803E-015
           5           1   1.5338171742940966E-015
           5           2  -4.1034832829923667E-015
           5           3   9.9838242681360278E-003
           5           4   1.6441429727387418E-002
           5           5   1.0464335789124013E-003
           5           6  -3.1736941568362904E-015
           5           7   7.7197034705697712E-003
           5           8   1.2712860188845248E-002
           5           9   8.0912451140758147E-004
           5          10   2.1783682609626354E-015
           5          11   1.8062649734725039E-003
           5          12   2.9745694383592754E-003
           5          13   1.8931987112326464E-004
           5          14   4.8848402113652430E-016
           5          15  -3.5621618851145945E-016
           5          16  -7.9970869626789143E-016
           5          17  -1.2131555569226228E-016
           5          18  -2.1496417427107286E-016
           5          19   4.0021432963812599E-016
           6           1 -0.28543090923272707     
           6           2  0.47536747939455704     
           6           3   1.3053567287060698E-013
           6           4  -1.1015297736212093E-013
           6           5  -3.1736941568362904E-015
           6           6  0.70642259900662530     
           6           7  -9.1373887128752355E-014
           6           8   8.8158729492226860E-014
           6           9   3.5471043946169016E-014
           6          10   8.8938949075421297E-002
           6          11   4.6325514902660468E-014
           6          12  -8.5693290903811558E-014
           6          13  -2.3869468936489160E-014
           6          14   9.4658178045732601E-003
           6          15   1.6637412903062476E-003
           6          16   1.0963675640413600E-002
           6          17   1.0589071509725851E-004
           6          18   1.7438155015158698E-004
           6          19   8.6004986343003204E-003
           7           1   8.0246353434853155E-013
           7           2  -5.2599894267113684E-014
           7           3   7.3652226386305808E-002
           7           4  0.12129098748872102     
           7           5   7.7197034705697712E-003
           7           6  -9.1373887128752355E-014
           7           7   5.6949454675819092E-002
           7           8   9.3784749360486960E-002
           7           9   5.9690375239373466E-003
           7          10   5.0201862811524957E-015
           7          11   1.3325097995208316E-002
           7          12   2.1943861970311566E-002
           7          13   1.3966421716675738E-003
           7          14   2.7449038877208087E-015
           7          15   3.8518667484254106E-015
           7          16  -9.2462726006590450E-016
           7          17  -4.8255398857556766E-016
           7          18  -9.0666499445750066E-016
           7          19  -1.2764109695637739E-015
           8           1  -8.3783709611024631E-013
           8           2   2.1908275891297857E-014
           8           3  0.12129098743441455     
           8           4  0.19974282328195189     
           8           5   1.2712860188845248E-002
           8           6   8.8158729492226860E-014
           8           7   9.3784749360486960E-002
           8           8  0.15444536322037847     
           8           9   9.8298515989741434E-003
           8          10   3.4633136155486741E-014
           8          11   2.1943862022881878E-002
           8          12   3.6137301166478501E-002
           8          13   2.2999998290017991E-003
           8          14   6.4032024997792041E-015
           8          15   2.9172297486030436E-015
           8          16  -2.7242623191325301E-015
           8          17  -1.0127280968707169E-015
           8          18  -1.8521963825189846E-015
           8          19   1.5627778431373315E-015
           9           1  -8.4360785553153038E-014
           9           2   2.1018626738038689E-014
           9           3   7.7197034725612077E-003
           9           4   1.2712860197816776E-002
           9           5   8.0912451140758147E-004
           9           6   3.5471043946169016E-014
           9           7   5.9690375239373466E-003
           9           8   9.8298515989741434E-003
           9           9   6.2563213581218798E-004
           9          10   5.9186599290549957E-015
           9          11   1.3966421697328884E-003
           9          12   2.2999998203056989E-003
           9          13   1.4638611691108683E-004
           9          14   7.9498697323046910E-016
           9          15   2.3365119853909956E-016
           9          16   2.5725589755317698E-016
           9          17  -6.1402445348793716E-017
           9          18  -1.1285615041021327E-016
           9          19   4.6195760167117062E-016
          10           1  -2.9949395721356999E-002
          10           2   5.9449494163682955E-002
          10           3   3.2113170325651556E-014
          10           4   2.2753241914845865E-014
          10           5   2.1783682609626354E-015
          10           6   8.8938949075421297E-002
          10           7   5.0201862811524957E-015
          10           8   3.4633136155486741E-014
          10           9   5.9186599290549957E-015
          10          10   1.1731202589882406E-002
          10          11   8.2612837964734069E-015
          10          12  -3.7139882043047135E-015
          10          13  -2.2042642159518247E-015
          10          14   1.2517781712048318E-003
          10          15  -4.7690095738750862E-004
          10          16   8.2242666304712666E-004
          10          17  -3.0352906285613948E-005
          10          18  -4.9985372562965345E-005
          10          19   1.4998164579933765E-003
          11           1  -3.7420890706853899E-013
          11           2   2.0277408060956995E-014
          11           3   1.7233231463751098E-002
          11           4   2.8379802816778210E-002
          11           5   1.8062649734725039E-003
          11           6   4.6325514902660468E-014
          11           7   1.3325097995208316E-002
          11           8   2.1943862022881878E-002
          11           9   1.3966421697328884E-003
          11          10   8.2612837964734069E-015
          11          11   3.1178215417977735E-003
          11          12   5.1344497118052711E-003
          11          13   3.2678791935145617E-004
          11          14   1.1556178112755824E-015
          11          15   6.7435799456480974E-016
          11          16   9.2734291928270146E-017
          11          17  -1.2735023116006221E-016
          11          18  -2.3592519605128643E-016
          11          19   3.3272089065535684E-016
          12           1   4.6272407025593208E-013
          12           2  -5.1366259045027320E-014
          12           3   2.8379802736082798E-002
          12           4   4.6736052221153249E-002
          12           5   2.9745694383592754E-003
          12           6  -8.5693290903811558E-014
          12           7   2.1943861970311566E-002
          12           8   3.6137301166478501E-002
          12           9   2.2999998203056989E-003
          12          10  -3.7139882043047135E-015
          12          11   5.1344497118052711E-003
          12          12   8.4554466923903050E-003
          12          13   5.3815656728320774E-004
          12          14   5.1385921742418827E-016
          12          15   9.9761293127128260E-016
          12          16  -1.3381698506203616E-015
          12          17  -2.1690842867291943E-016
          12          18  -4.0035915055428628E-016
          12          19  -7.8256054919694693E-016
          13           1   8.2943494724120681E-014
          13           2  -1.4773067537018042E-014
          13           3   1.8062649764405741E-003
          13           4   2.9745694517050334E-003
          13           5   1.8931987112326464E-004
          13           6  -2.3869468936489160E-014
          13           7   1.3966421716675738E-003
          13           8   2.2999998290017991E-003
          13           9   1.4638611691108683E-004
          13          10  -2.2042642159518247E-015
          13          11   3.2678791935145617E-004
          13          12   5.3815656728320774E-004
          13          13   3.4251589708523605E-005
          13          14  -1.5822670459832742E-016
          13          15  -2.4689980821250801E-016
          13          16  -5.5554737318427294E-016
          13          17  -3.3560767031807929E-017
          13          18  -5.8014613500670441E-017
          13          19  -7.9301524397637792E-017
          14           1  -2.2999160649128068E-003
          14           2   6.3416579988683011E-003
          14           3   5.5732252207908884E-015
          14           4   6.6548576190978009E-015
          14           5   4.8848402113652430E-016
          14           6   9.4658178045732601E-003
          14           7   2.7449038877208087E-015
          14           8   6.4032024997792041E-015
          14           9   7.9498697323046910E-016
          14          10   1.2517781712048318E-003
          14          11   1.1556178112755824E-015
          14          12   5.1385921742418827E-016
          14          13  -1.5822670459832742E-016
          14          14   1.3562633088414104E-004
          14          15  -5.2780994986102942E-005
          14          16   8.8107869342939909E-005
          14          17  -3.3593067272380278E-006
          14          18  -5.5321291721699956E-006
          14          19   1.6307795867001587E-004
          15           1  -1.4088722385589142E-004
          15           2   1.8622571204578633E-003
          15           3   6.4500973463035683E-015
          15           4   1.9236469331556722E-015
          15           5  -3.5621618851145945E-016
          15           6   1.6637412903062476E-003
          15           7   3.8518667484254106E-015
          15           8   2.9172297486030436E-015
          15           9   2.3365119853909956E-016
          15          10  -4.7690095738750862E-004
          15          11   6.7435799456480974E-016
          15          12   9.9761293127128260E-016
          15          13  -2.4689980821250801E-016
          15          14  -5.2780994986102942E-005
          15          15   9.2349185711931132E-004
          15          16   7.7863403183615323E-004
          15          17   5.8776694302781196E-005
          15          18   9.6793860061499267E-005
          15          19  -5.3309317470581102E-004
          16           1  -2.4267561159940169E-003
          16           2   8.0182386262592081E-003
          16           3   2.1495470249520208E-015
          16           4  -6.8144197883943746E-015
          16           5  -7.9970869626789143E-016
          16           6   1.0963675640413600E-002
          16           7  -9.2462726006590450E-016
          16           8  -2.7242623191325301E-015
          16           9   2.5725589755317698E-016
          16          10   8.2242666304712666E-004
          16          11   9.2734291928270146E-017
          16          12  -1.3381698506203616E-015
          16          13  -5.5554737318427294E-016
          16          14   8.8107869342939909E-005
          16          15   7.7863403183615323E-004
          16          16   7.8910813213797933E-004
          16          17   4.9557052516801136E-005
          16          18   8.1610891244158321E-005
          16          19  -3.1686311786899616E-004
          17           1  -8.9669279735539106E-006
          17           2   1.1852548194116392E-004
          17           3  -5.3061767673466190E-016
          17           4  -1.4274455037496874E-015
          17           5  -1.2131555569226228E-016
          17           6   1.0589071509725851E-004
          17           7  -4.8255398857556766E-016
          17           8  -1.0127280968707169E-015
          17           9  -6.1402445348793716E-017
          17          10  -3.0352906285613948E-005
          17          11  -1.2735023116006221E-016
          17          12  -2.1690842867291943E-016
          17          13  -3.3560767031807929E-017
          17          14  -3.3593067272380278E-006
          17          15   5.8776694302781196E-005
          17          16   4.9557052516801136E-005
          17          17   3.7409098591718917E-006
          17          18   6.1605558071378853E-006
          17          19  -3.3929324144988188E-005
          18           1  -1.4766798501974761E-005
          18           2   1.9518857010338497E-004
          18           3  -1.0186628087084589E-015
          18           4  -2.5892471855110274E-015
          18           5  -2.1496417427107286E-016
          18           6   1.7438155015158698E-004
          18           7  -9.0666499445750066E-016
          18           8  -1.8521963825189846E-015
          18           9  -1.1285615041021327E-016
          18          10  -4.9985372562965345E-005
          18          11  -2.3592519605128643E-016
          18          12  -4.0035915055428628E-016
          18          13  -5.8014613500670441E-017
          18          14  -5.5321291721699956E-006
          18          15   9.6793860061499267E-005
          18          16   8.1610891244158321E-005
          18          17   6.1605558071378853E-006
          18          18   1.0145245216162917E-005
          18          19  -5.5875041836982625E-005
          19           1  -2.2266399999422287E-003
          19           2   5.3730898721973024E-003
          19           3  -3.9128536179820670E-016
          19           4   1.3565461165585803E-015
          19           5   4.0021432963812599E-016
          19           6   8.6004986343003204E-003
          19           7  -1.2764109695637739E-015
          19           8   1.5627778431373315E-015
          19           9   4.6195760167117062E-016
          19          10   1.4998164579933765E-003
          19          11   3.3272089065535684E-016
          19          12  -7.8256054919694693E-016
          19          13  -7.9301524397637792E-017
          19          14   1.6307795867001587E-004
          19          15  -5.3309317470581102E-004
          19          16  -3.1686311786899616E-004
          19          17  -3.3929324144988188E-005
          19          18  -5.5875041836982625E-005
          19          19   4.4034206526510206E-004
