           1           1   2.1628476413754969     
           1           2 -0.62535632468749236     
           1           3   3.0249375697990076E-014
           1           4  -2.2829595112092918E-014
           1           5  -2.6714227429046666E-014
           1           6   7.7276003168046059E-002
           1           7  -2.9475407733715895E-013
           1           8   4.1388663489774083E-014
           1           9   9.5875443771045811E-014
           1          10   6.5993540995537156E-002
           1          11   1.4401379596469902E-013
           1          12   1.5428737006548871E-014
           1          13   6.2205299695970429E-015
           1          14  -3.8342095866692647E-003
           1          15  -1.4298301270084387E-013
           1          16   4.0901492633795935E-015
           1          17  -6.6524382969131055E-014
           1          18   1.2642380376692778E-002
           1          19   1.0466682205563938E-004
           1          20   1.3116909933897362E-002
           1          21   2.9029829964113409E-005
           1          22  -5.3564547929995935E-006
           1          23   1.3132348584090618E-002
           2           1 -0.62535632468749236     
           2           2   2.4139788015211581     
           2           3  -4.7028317522300475E-013
           2           4   4.1903321876563335E-014
           2           5   1.3175406872342207E-013
           2           6 -0.52785085507662544     
           2           7   1.5405291001513781E-012
           2           8  -1.2225076800996140E-013
           2           9  -2.0097736985336404E-013
           2          10 -0.27903422249624893     
           2          11  -5.2784973016486441E-013
           2          12  -9.5109436099254162E-014
           2          13   4.3266936809800414E-014
           2          14   1.2958496780730907E-002
           2          15   2.8212534874096837E-013
           2          16   1.6167180633223431E-014
           2          17   4.4561089796131496E-014
           2          18  -3.7092157357555659E-004
           2          19  -4.8413496166093729E-004
           2          20  -2.5658515016853400E-003
           2          21  -1.3427704703284607E-004
           2          22   2.4776197936274584E-005
           2          23  -2.6372627648097923E-003
           3           1   3.0249375697990076E-014
           3           2  -4.7028317522300475E-013
           3           3   2.0601382797859555     
           3           4   1.3883227573580256E-002
           3           5   3.8505760253246019E-003
           3           6   1.5749645804590344E-012
           3           7 -0.18886797164884547     
           3           8  -3.5405415195228877E-002
           3           9  -9.8198522066079430E-003
           3          10  -8.6450698803399915E-014
           3          11 -0.12385016248133701     
           3          12  -1.9314386613564001E-002
           3          13  -5.3569325753602742E-003
           3          14   1.0992168176710131E-014
           3          15   4.3156494339701623E-003
           3          16  -2.4599989213453253E-003
           3          17  -6.8229183874521349E-004
           3          18  -8.0394553916828299E-014
           3          19   4.0999510188659387E-012
           3          20  -2.3980346675730411E-013
           3          21  -1.3657940424519118E-011
           3          22  -8.6598154791377633E-014
           3          23  -2.2012675694045356E-013
           4           1  -2.2829595112092918E-014
           4           2   4.1903321876563335E-014
           4           3   1.3883227573580256E-002
           4           4   2.1328181282808494     
           4           5  -7.1049101219902190E-004
           4           6  -4.8883927329820172E-014
           4           7  -3.5405415195312311E-002
           4           8 -0.37421825832001493     
           4           9   1.8119150724441972E-003
           4          10   1.1192687241544492E-014
           4          11  -1.9314386613453017E-002
           4          12 -0.22496257921214399     
           4          13   9.8843716489311565E-004
           4          14  -2.4964872118314326E-014
           4          15  -2.4599989213583921E-003
           4          16  -8.5626490631741190E-003
           4          17   1.2589342916013605E-004
           4          18  -3.9497782121621151E-014
           4          19   3.2183518499958044E-011
           4          20   3.6485473818046744E-014
           4          21  -4.4098857850995428E-011
           4          22   6.7328400104309053E-012
           4          23  -3.4727806471170410E-014
           5           1  -2.6714227429046666E-014
           5           2   1.3175406872342207E-013
           5           3   3.8505760253246019E-003
           5           4  -7.1049101219902190E-004
           5           5   2.1351827412453068     
           5           6  -3.0114733549090730E-013
           5           7  -9.8198522066819099E-003
           5           8   1.8119150725146513E-003
           5           9 -0.38024856383698880     
           5          10  -2.0819637615097872E-015
           5          11  -5.3569325752588631E-003
           5          12   9.8843716489059857E-004
           5          13 -0.22825223565316088     
           5          14  -3.1307964738916261E-014
           5          15  -6.8229183881069865E-004
           5          16   1.2589342907134347E-004
           5          17  -8.9816399149231924E-003
           5          18   1.6083905294982826E-013
           5          19  -2.4311242535434829E-011
           5          20   9.5310533877725264E-014
           5          21   3.4987819445919382E-011
           5          22  -2.8114841673159962E-012
           5          23   2.2732364796667853E-014
           6           1   7.7276003168046059E-002
           6           2 -0.52785085507662544     
           6           3   1.5749645804590344E-012
           6           4  -4.8883927329820172E-014
           6           5  -3.0114733549090730E-013
           6           6   1.1724908091477531     
           6           7  -3.4379571058171181E-012
           6           8   1.6375445148404156E-014
           6           9   3.8010875838631437E-013
           6          10  0.52420264829116348     
           6          11   1.1231950250955906E-013
           6          12   1.1297569127744894E-013
           6          13  -1.5272960228071733E-014
           6          14  -1.4053370465500269E-002
           6          15  -1.9238464262147194E-013
           6          16   2.6608579330408631E-015
           6          17   9.1856685624787527E-015
           6          18  -3.0252512785640569E-003
           6          19   6.3836761210451023E-004
           6          20  -1.3107454438289826E-004
           6          21   1.7705415056381386E-004
           6          22  -3.2669237472865355E-005
           6          23  -3.6913535793662439E-005
           7           1  -2.9475407733715895E-013
           7           2   1.5405291001513781E-012
           7           3 -0.18886797164884547     
           7           4  -3.5405415195312311E-002
           7           5  -9.8198522066819099E-003
           7           6  -3.4379571058171181E-012
           7           7  0.62174667075429668     
           7           8   8.9142665529054768E-002
           7           9   2.4724121888333832E-002
           7          10  -3.0186805766707024E-013
           7          11  0.28659456211492756     
           7          12   5.1557757483167772E-002
           7          13   1.4299777471715687E-002
           7          14   1.4057226814581214E-013
           7          15   2.7744162974364705E-003
           7          16   5.8839853874958718E-003
           7          17   1.6319499875866294E-003
           7          18  -4.9544632184073912E-013
           7          19   2.2895337754957449E-013
           7          20   4.6375570132952772E-013
           7          21  -5.8946677092234559E-013
           7          22  -1.8080490762861953E-013
           7          23   3.6024526031606759E-013
           8           1   4.1388663489774083E-014
           8           2  -1.2225076800996140E-013
           8           3  -3.5405415195228877E-002
           8           4 -0.37421825832001493     
           8           5   1.8119150725146513E-003
           8           6   1.6375445148404156E-014
           8           7   8.9142665529054768E-002
           8           8   1.0884159223182894     
           8           9  -4.5619840461787256E-003
           8          10  -2.4536940104843663E-014
           8          11   5.1557757483146574E-002
           8          12  0.55650370107148839     
           8          13  -2.6385307831477099E-003
           8          14   1.4664398798852396E-013
           8          15   5.8839853873782766E-003
           8          16   3.3577568085827562E-002
           8          17  -3.0112009030619079E-004
           8          18   1.9425026083540391E-013
           8          19   5.2678609201678226E-013
           8          20  -6.8500068570730413E-015
           8          21  -1.8961926146429904E-012
           8          22   5.7622229111521523E-013
           8          23   1.5369905421076720E-013
           9           1   9.5875443771045811E-014
           9           2  -2.0097736985336404E-013
           9           3  -9.8198522066079430E-003
           9           4   1.8119150724441972E-003
           9           5 -0.38024856383698880     
           9           6   3.8010875838631437E-013
           9           7   2.4724121888333832E-002
           9           8  -4.5619840461787256E-003
           9           9   1.1035988400940751     
           9          10  -4.0816762077198268E-014
           9          11   1.4299777471639111E-002
           9          12  -2.6385307831733318E-003
           9          13  0.56528509870979171     
           9          14   8.5137706329589545E-014
           9          15   1.6319499876344460E-003
           9          16  -3.0112009002850884E-004
           9          17   3.4579737650656167E-002
           9          18  -2.9618642965407985E-013
           9          19   1.1399175696978042E-012
           9          20   5.6407200988370621E-014
           9          21  -3.0423114785910215E-012
           9          22   7.1876855543631386E-014
           9          23   1.6942633469747714E-013
          10           1   6.5993540995537156E-002
          10           2 -0.27903422249624893     
          10           3  -8.6450698803399915E-014
          10           4   1.1192687241544492E-014
          10           5  -2.0819637615097872E-015
          10           6  0.52420264829116348     
          10           7  -3.0186805766707024E-013
          10           8  -2.4536940104843663E-014
          10           9  -4.0816762077198268E-014
          10          10  0.23548950827479909     
          10          11   6.3465732011484832E-013
          10          12   4.8520675064289932E-014
          10          13  -1.1249142022533702E-013
          10          14  -6.3924093377973872E-003
          10          15  -8.7068246566267634E-014
          10          16   6.8330003075593452E-015
          10          17  -8.3796070015918640E-016
          10          18  -1.6426554339605947E-003
          10          19   4.2282064937582305E-004
          10          20   2.7429283023449984E-004
          10          21   1.1727122334505736E-004
          10          22  -2.1638359981233690E-005
          10          23   3.3666005882156819E-004
          11           1   1.4401379596469902E-013
          11           2  -5.2784973016486441E-013
          11           3 -0.12385016248133701     
          11           4  -1.9314386613453017E-002
          11           5  -5.3569325752588631E-003
          11           6   1.1231950250955906E-013
          11           7  0.28659456211492756     
          11           8   5.1557757483146574E-002
          11           9   1.4299777471639111E-002
          11          10   6.3465732011484832E-013
          11          11  0.13289519634097549     
          11          12   2.9100550702216663E-002
          11          13   8.0711694933479194E-003
          11          14   4.3226560376427893E-014
          11          15   1.2421032740894127E-003
          11          16   3.0488543113624590E-003
          11          17   8.4561354726448920E-004
          11          18  -2.2616149066093386E-013
          11          19   4.4922752905790863E-014
          11          20   2.1545526467779963E-013
          11          21  -5.3634918028823998E-014
          11          22  -7.3037048480143899E-014
          11          23   1.7015141183763714E-013
          12           1   1.5428737006548871E-014
          12           2  -9.5109436099254162E-014
          12           3  -1.9314386613564001E-002
          12           4 -0.22496257921214399     
          12           5   9.8843716489059857E-004
          12           6   1.1297569127744894E-013
          12           7   5.1557757483167772E-002
          12           8  0.55650370107148839     
          12           9  -2.6385307831733318E-003
          12          10   4.8520675064289932E-014
          12          11   2.9100550702216663E-002
          12          12  0.28523899418407372     
          12          13  -1.4892559836182217E-003
          12          14   7.3977901930106990E-014
          12          15   3.0488543113070801E-003
          12          16   1.7203108604458589E-002
          12          17  -1.5602881806899309E-004
          12          18   8.8109405773488003E-014
          12          19  -2.7210713452604326E-013
          12          20   1.0219089690090995E-015
          12          21  -2.2453367687547609E-013
          12          22   1.7556854262297525E-013
          12          23   8.2645699085345894E-014
          13           1   6.2205299695970429E-015
          13           2   4.3266936809800414E-014
          13           3  -5.3569325753602742E-003
          13           4   9.8843716489311565E-004
          13           5 -0.22825223565316088     
          13           6  -1.5272960228071733E-014
          13           7   1.4299777471715687E-002
          13           8  -2.6385307831477099E-003
          13           9  0.56528509870979171     
          13          10  -1.1249142022533702E-013
          13          11   8.0711694933479194E-003
          13          12  -1.4892559836182217E-003
          13          13  0.29019544535027497     
          13          14   4.4838342390458314E-014
          13          15   8.4561354729274915E-004
          13          16  -1.5602881792900654E-004
          13          17   1.7722394224190155E-002
          13          18  -1.5421711707006754E-013
          13          19   9.8380658200954211E-013
          13          20   2.8225604228107104E-014
          13          21  -2.1270994262325801E-012
          13          22   8.2957147967807801E-014
          13          23   8.6652079760104540E-014
          14           1  -3.8342095866692647E-003
          14           2   1.2958496780730907E-002
          14           3   1.0992168176710131E-014
          14           4  -2.4964872118314326E-014
          14           5  -3.1307964738916261E-014
          14           6  -1.4053370465500269E-002
          14           7   1.4057226814581214E-013
          14           8   1.4664398798852396E-013
          14           9   8.5137706329589545E-014
          14          10  -6.3924093377973872E-003
          14          11   4.3226560376427893E-014
          14          12   7.3977901930106990E-014
          14          13   4.4838342390458314E-014
          14          14   2.0271626830494247E-004
          14          15   4.3196123446659351E-015
          14          16   4.1507410224648581E-015
          14          17   1.9887242522062433E-015
          14          18  -1.5929846095535065E-004
          14          19   4.6521828273227305E-005
          14          20   5.1618242755026631E-005
          14          21   1.2903039596105279E-005
          14          22  -2.3808109779529922E-006
          14          23   5.8480342536554726E-005
          15           1  -1.4298301270084387E-013
          15           2   2.8212534874096837E-013
          15           3   4.3156494339701623E-003
          15           4  -2.4599989213583921E-003
          15           5  -6.8229183881069865E-004
          15           6  -1.9238464262147194E-013
          15           7   2.7744162974364705E-003
          15           8   5.8839853873782766E-003
          15           9   1.6319499876344460E-003
          15          10  -8.7068246566267634E-014
          15          11   1.2421032740894127E-003
          15          12   3.0488543113070801E-003
          15          13   8.4561354729274915E-004
          15          14   4.3196123446659351E-015
          15          15   5.7807084772830043E-005
          15          16   1.9806237871035701E-004
          15          17   5.4933497484523802E-005
          15          18  -3.6264408868639399E-015
          15          19   1.0493480419424151E-014
          15          20   1.1903404295061514E-015
          15          21  -4.4423015537816652E-014
          15          22   6.5611277867934283E-016
          15          23   1.8599509880971314E-015
          16           1   4.0901492633795935E-015
          16           2   1.6167180633223431E-014
          16           3  -2.4599989213453253E-003
          16           4  -8.5626490631741190E-003
          16           5   1.2589342907134347E-004
          16           6   2.6608579330408631E-015
          16           7   5.8839853874958718E-003
          16           8   3.3577568085827562E-002
          16           9  -3.0112009002850884E-004
          16          10   6.8330003075593452E-015
          16          11   3.0488543113624590E-003
          16          12   1.7203108604458589E-002
          16          13  -1.5602881792900654E-004
          16          14   4.1507410224648581E-015
          16          15   1.9806237871035701E-004
          16          16   1.0946800736171751E-003
          16          17  -1.0136082507070538E-005
          16          18   9.5437580583720134E-015
          16          19   5.9942878818802248E-014
          16          20  -6.8897199329198959E-016
          16          21  -1.2286269811971985E-013
          16          22   2.6656827495805743E-014
          16          23   3.4898994590039147E-015
          17           1  -6.6524382969131055E-014
          17           2   4.4561089796131496E-014
          17           3  -6.8229183874521349E-004
          17           4   1.2589342916013605E-004
          17           5  -8.9816399149231924E-003
          17           6   9.1856685624787527E-015
          17           7   1.6319499875866294E-003
          17           8  -3.0112009030619079E-004
          17           9   3.4579737650656167E-002
          17          10  -8.3796070015918640E-016
          17          11   8.4561354726448920E-004
          17          12  -1.5602881806899309E-004
          17          13   1.7722394224190155E-002
          17          14   1.9887242522062433E-015
          17          15   5.4933497484523802E-005
          17          16  -1.0136082507070538E-005
          17          17   1.1284143667532132E-003
          17          18  -1.3465581903665405E-014
          17          19   2.0313618644146049E-015
          17          20   3.2914145178543547E-015
          17          21  -4.5924990857305499E-014
          17          22  -1.8704172478550066E-015
          17          23   6.9592908463431621E-015
          18           1   1.2642380376692778E-002
          18           2  -3.7092157357555659E-004
          18           3  -8.0394553916828299E-014
          18           4  -3.9497782121621151E-014
          18           5   1.6083905294982826E-013
          18           6  -3.0252512785640569E-003
          18           7  -4.9544632184073912E-013
          18           8   1.9425026083540391E-013
          18           9  -2.9618642965407985E-013
          18          10  -1.6426554339605947E-003
          18          11  -2.2616149066093386E-013
          18          12   8.8109405773488003E-014
          18          13  -1.5421711707006754E-013
          18          14  -1.5929846095535065E-004
          18          15  -3.6264408868639399E-015
          18          16   9.5437580583720134E-015
          18          17  -1.3465581903665405E-014
          18          18   2.5907015212187469E-003
          18          19  -7.4930179692071720E-004
          18          20  -8.0641916715251422E-004
          18          21  -2.0782224586501208E-004
          18          22   3.8346428410189656E-005
          18          23  -9.1694327798601282E-004
          19           1   1.0466682205563938E-004
          19           2  -4.8413496166093729E-004
          19           3   4.0999510188659387E-012
          19           4   3.2183518499958044E-011
          19           5  -2.4311242535434829E-011
          19           6   6.3836761210451023E-004
          19           7   2.2895337754957449E-013
          19           8   5.2678609201678226E-013
          19           9   1.1399175696978042E-012
          19          10   4.2282064937582305E-004
          19          11   4.4922752905790863E-014
          19          12  -2.7210713452604326E-013
          19          13   9.8380658200954211E-013
          19          14   4.6521828273227305E-005
          19          15   1.0493480419424151E-014
          19          16   5.9942878818802248E-014
          19          17   2.0313618644146049E-015
          19          18  -7.4930179692071720E-004
          19          19   2.2366625852842422E-004
          19          20   2.6473724221388591E-004
          19          21   6.2034849478473399E-005
          19          22  -1.1446392107297076E-005
          19          23   2.9772864094028363E-004
          20           1   1.3116909933897362E-002
          20           2  -2.5658515016853400E-003
          20           3  -2.3980346675730411E-013
          20           4   3.6485473818046744E-014
          20           5   9.5310533877725264E-014
          20           6  -1.3107454438289826E-004
          20           7   4.6375570132952772E-013
          20           8  -6.8500068570730413E-015
          20           9   5.6407200988370621E-014
          20          10   2.7429283023449984E-004
          20          11   2.1545526467779963E-013
          20          12   1.0219089690090995E-015
          20          13   2.8225604228107104E-014
          20          14   5.1618242755026631E-005
          20          15   1.1903404295061514E-015
          20          16  -6.8897199329198959E-016
          20          17   3.2914145178543547E-015
          20          18  -8.0641916715251422E-004
          20          19   2.6473724221388591E-004
          20          20   3.9382400102927994E-004
          20          21   7.3426072821450108E-005
          20          22  -1.3548249537250346E-005
          20          23   4.3287348473047713E-004
          21           1   2.9029829964113409E-005
          21           2  -1.3427704703284607E-004
          21           3  -1.3657940424519118E-011
          21           4  -4.4098857850995428E-011
          21           5   3.4987819445919382E-011
          21           6   1.7705415056381386E-004
          21           7  -5.8946677092234559E-013
          21           8  -1.8961926146429904E-012
          21           9  -3.0423114785910215E-012
          21          10   1.1727122334505736E-004
          21          11  -5.3634918028823998E-014
          21          12  -2.2453367687547609E-013
          21          13  -2.1270994262325801E-012
          21          14   1.2903039596105279E-005
          21          15  -4.4423015537816652E-014
          21          16  -1.2286269811971985E-013
          21          17  -4.5924990857305499E-014
          21          18  -2.0782224586501208E-004
          21          19   6.2034849478473399E-005
          21          20   7.3426072821450108E-005
          21          21   1.7205646373021413E-005
          21          22  -3.1747086758619048E-006
          21          23   8.2576386630702175E-005
          22           1  -5.3564547929995935E-006
          22           2   2.4776197936274584E-005
          22           3  -8.6598154791377633E-014
          22           4   6.7328400104309053E-012
          22           5  -2.8114841673159962E-012
          22           6  -3.2669237472865355E-005
          22           7  -1.8080490762861953E-013
          22           8   5.7622229111521523E-013
          22           9   7.1876855543631386E-014
          22          10  -2.1638359981233690E-005
          22          11  -7.3037048480143899E-014
          22          12   1.7556854262297525E-013
          22          13   8.2957147967807801E-014
          22          14  -2.3808109779529922E-006
          22          15   6.5611277867934283E-016
          22          16   2.6656827495805743E-014
          22          17  -1.8704172478550066E-015
          22          18   3.8346428410189656E-005
          22          19  -1.1446392107297076E-005
          22          20  -1.3548249537250346E-005
          22          21  -3.1747086758619048E-006
          22          22   5.8578300158466844E-007
          22          23  -1.5236624388580638E-005
          23           1   1.3132348584090618E-002
          23           2  -2.6372627648097923E-003
          23           3  -2.2012675694045356E-013
          23           4  -3.4727806471170410E-014
          23           5   2.2732364796667853E-014
          23           6  -3.6913535793662439E-005
          23           7   3.6024526031606759E-013
          23           8   1.5369905421076720E-013
          23           9   1.6942633469747714E-013
          23          10   3.3666005882156819E-004
          23          11   1.7015141183763714E-013
          23          12   8.2645699085345894E-014
          23          13   8.6652079760104540E-014
          23          14   5.8480342536554726E-005
          23          15   1.8599509880971314E-015
          23          16   3.4898994590039147E-015
          23          17   6.9592908463431621E-015
          23          18  -9.1694327798601282E-004
          23          19   2.9772864094028363E-004
          23          20   4.3287348473047713E-004
          23          21   8.2576386630702175E-005
          23          22  -1.5236624388580638E-005
          23          23   4.7678929202060239E-004
