           1           1   2.0866791232163981     
           1           2 -0.23696551733155419     
           1           3   7.2965032205215076E-015
           1           4   2.6741613103758232E-014
           1           5  -5.2017383753194295E-014
           1           6 -0.18045238879119715     
           1           7  -4.1962153526883845E-015
           1           8   4.4962619359976060E-015
           1           9  -1.0312576916595133E-014
           1          10  -1.0783094413000228E-002
           1          11   9.4018978621645353E-016
           1          12  -3.7576050211869593E-014
           1          13   3.6761277703548239E-014
           1          14  -2.5918632944796943E-002
           1          15   7.3247753065044593E-005
           1          16  -2.6820241134414009E-002
           1          17  -2.8904372972309955E-004
           1          18  -2.0236558237077848E-005
           1          19  -2.6755525253112727E-002
           2           1 -0.23696551733155419     
           2           2  0.66630783729877985     
           2           3  -4.4215945654962394E-016
           2           4  -2.6912771724267840E-014
           2           5   3.4022446773760383E-014
           2           6  0.50133099844841600     
           2           7  -5.4690102301721066E-015
           2           8  -1.7447359794236569E-014
           2           9   1.8817237624129634E-014
           2          10   2.1300117823940558E-002
           2          11  -1.8699536146704148E-015
           2          12   1.6857477004779617E-014
           2          13  -7.0947338466217664E-015
           2          14   3.6322355911741142E-002
           2          15  -2.8165887945513432E-004
           2          16   3.9789301030539924E-002
           2          17   1.1114570189805703E-003
           2          18   7.7815438976206960E-005
           2          19   3.9540449687680619E-002
           3           1   7.2965032205215076E-015
           3           2  -4.4215945654962394E-016
           3           3  0.53793252071476727     
           3           4  -2.7791272321152905E-002
           3           5  0.10966742729248613     
           3           6   7.7985191793705605E-015
           3           7  0.32057134910573837     
           3           8  -1.9144091622732187E-002
           3           9   7.5544698056898729E-002
           3          10   2.4731047424886659E-015
           3          11   2.2316206531095686E-002
           3          12  -3.7631614457323799E-003
           3          13   1.4849850322517011E-002
           3          14  -5.2876952943179000E-016
           3          15   6.8580487093460179E-014
           3          16  -1.9111024603147864E-015
           3          17  -1.4611646065836151E-014
           3          18  -8.8194446496694010E-017
           3          19   1.4489738746786215E-015
           4           1   2.6741613103758232E-014
           4           2  -2.6912771724267840E-014
           4           3  -2.7791272321152905E-002
           4           4  0.93293636087815957     
           4           5   7.6780467891207002E-003
           4           6  -2.2957835233439217E-014
           4           7  -1.9144091622716998E-002
           4           8  0.59267079169476689     
           4           9   5.2890428878587942E-003
           4          10   1.9958575453809324E-014
           4          11  -3.7631614457312936E-003
           4          12   7.5802898505760843E-002
           4          13   1.0396691925973647E-003
           4          14   1.7652428676705688E-016
           4          15   1.4601829263269408E-015
           4          16  -6.8513081562416387E-015
           4          17   5.8646766222095176E-015
           4          18  -2.1578805929672843E-015
           4          19   1.6327869920206331E-015
           5           1  -5.2017383753194295E-014
           5           2   3.4022446773760383E-014
           5           3  0.10966742729248613     
           5           4   7.6780467891207002E-003
           5           5  0.90458366630287268     
           5           6   1.3998250853830683E-014
           5           7   7.5544698056889389E-002
           5           8   5.2890428878610354E-003
           5           9  0.57313996286373103     
           5          10  -1.7217030810124401E-014
           5          11   1.4849850322517006E-002
           5          12   1.0396691925916410E-003
           5          13   7.1963715978386772E-002
           5          14  -2.0977387242470432E-015
           5          15  -3.5130279941942707E-014
           5          16   3.3823284749542872E-015
           5          17   4.0901148712914864E-015
           5          18  -1.6838808411646878E-015
           5          19   5.7266681989519793E-015
           6           1 -0.18045238879119715     
           6           2  0.50133099844841600     
           6           3   7.7985191793705605E-015
           6           4  -2.2957835233439217E-014
           6           5   1.3998250853830683E-014
           6           6  0.37804740298333894     
           6           7   4.3044417643895091E-016
           6           8  -1.4689918544870425E-014
           6           9   7.0116415565463766E-015
           6          10   1.6318681774872019E-002
           6          11  -1.2721950531419326E-015
           6          12   1.2433242508792100E-014
           6          13  -5.9820060183905686E-015
           6          14   2.6596550047111103E-002
           6          15  -3.0653406374043233E-004
           6          16   3.0369684336570786E-002
           6          17   1.2096172410799512E-003
           6          18   8.4687842173642385E-005
           6          19   3.0098855262975059E-002
           7           1  -4.1962153526883845E-015
           7           2  -5.4690102301721066E-015
           7           3  0.32057134910573837     
           7           4  -1.9144091622716998E-002
           7           5   7.5544698056889389E-002
           7           6   4.3044417643895091E-016
           7           7  0.19118187183199753     
           7           8  -1.3055505895826601E-002
           7           9   5.1518466914902437E-002
           7          10   8.8978422729572492E-016
           7          11   1.3440381549577883E-002
           7          12  -2.4561563155350696E-003
           7          13   9.6922638532508532E-003
           7          14  -4.3182731215038710E-016
           7          15   4.0305740327890323E-014
           7          16  -1.4552108754903243E-015
           7          17  -8.7323047535901386E-015
           7          18  -8.5971504199691362E-017
           7          19   6.0117854652776325E-016
           8           1   4.4962619359976060E-015
           8           2  -1.7447359794236569E-014
           8           3  -1.9144091622732187E-002
           8           4  0.59267079169476689     
           8           5   5.2890428878610354E-003
           8           6  -1.4689918544870425E-014
           8           7  -1.3055505895826601E-002
           8           8  0.37674282436938777     
           8           9   3.6069160118247703E-003
           8          10   1.2747270472304190E-014
           8          11  -2.4561563155353532E-003
           8          12   4.8350304545230455E-002
           8          13   6.7857573752638919E-004
           8          14  -1.2485425179133289E-016
           8          15   6.1398641437590078E-016
           8          16  -4.1784469915873227E-015
           8          17   3.8899800859137811E-015
           8          18  -1.2316678559772257E-015
           8          19   1.2740388096987750E-015
           9           1  -1.0312576916595133E-014
           9           2   1.8817237624129634E-014
           9           3   7.5544698056898729E-002
           9           4   5.2890428878587942E-003
           9           5  0.57313996286373103     
           9           6   7.0116415565463766E-015
           9           7   5.1518466914902437E-002
           9           8   3.6069160118247703E-003
           9           9  0.36342357914327472     
           9          10  -1.1268914106839405E-014
           9          11   9.6922638532513580E-003
           9          12   6.7857573752264718E-004
           9          13   4.5844530464822515E-002
           9          14  -1.7278407804465510E-015
           9          15  -2.1441532451211149E-014
           9          16   1.7921380567779433E-015
           9          17   2.4446500850434429E-015
           9          18  -1.0830321303207751E-015
           9          19   3.4832239527503106E-015
          10           1  -1.0783094413000228E-002
          10           2   2.1300117823940558E-002
          10           3   2.4731047424886659E-015
          10           4   1.9958575453809324E-014
          10           5  -1.7217030810124401E-014
          10           6   1.6318681774872019E-002
          10           7   8.8978422729572492E-016
          10           8   1.2747270472304190E-014
          10           9  -1.1268914106839405E-014
          10          10   7.8628530392391442E-004
          10          11  -3.3915105409203545E-016
          10          12   2.2665322535803562E-015
          10          13  -1.8855082714056512E-015
          10          14   9.2475226631403575E-004
          10          15  -4.1707713142075163E-005
          10          16   1.4381333916657197E-003
          10          17   1.6458323845020890E-004
          10          18   1.1522818002708971E-005
          10          19   1.4012837796676717E-003
          11           1   9.4018978621645353E-016
          11           2  -1.8699536146704148E-015
          11           3   2.2316206531095686E-002
          11           4  -3.7631614457312936E-003
          11           5   1.4849850322517006E-002
          11           6  -1.2721950531419326E-015
          11           7   1.3440381549577883E-002
          11           8  -2.4561563155353532E-003
          11           9   9.6922638532513580E-003
          11          10  -3.3915105409203545E-016
          11          11   1.0661276158050004E-003
          11          12  -3.6972548749872780E-004
          11          13   1.4589775721704642E-003
          11          14  -1.2288290808214223E-016
          11          15   2.2612795182815174E-015
          11          16  -2.0188200155413223E-016
          11          17  -5.7351835344211518E-016
          11          18  -3.0827077892060920E-017
          11          19  -2.8069262825238615E-017
          12           1  -3.7576050211869593E-014
          12           2   1.6857477004779617E-014
          12           3  -3.7631614457323799E-003
          12           4   7.5802898505760843E-002
          12           5   1.0396691925916410E-003
          12           6   1.2433242508792100E-014
          12           7  -2.4561563155350696E-003
          12           8   4.8350304545230455E-002
          12           9   6.7857573752264718E-004
          12          10   2.2665322535803562E-015
          12          11  -3.6972548749872780E-004
          12          12   6.3211222659736895E-003
          12          13   1.0214608238638125E-004
          12          14   1.1766318791479622E-015
          12          15  -1.7088748514699736E-016
          12          16   7.9723586485939025E-016
          12          17   5.7270832258691699E-016
          12          18  -6.3665861269673760E-017
          12          19   1.5477108176439051E-015
          13           1   3.6761277703548239E-014
          13           2  -7.0947338466217664E-015
          13           3   1.4849850322517011E-002
          13           4   1.0396691925973647E-003
          13           5   7.1963715978386772E-002
          13           6  -5.9820060183905686E-015
          13           7   9.6922638532508532E-003
          13           8   6.7857573752638919E-004
          13           9   4.5844530464822515E-002
          13          10  -1.8855082714056512E-015
          13          11   1.4589775721704642E-003
          13          12   1.0214608238638125E-004
          13          13   5.9439278107262378E-003
          13          14  -1.1359308289749823E-015
          13          15  -1.9741711138789901E-015
          13          16  -5.3777744712099898E-016
          13          17   2.1368512300005732E-016
          13          18  -1.4451410383765199E-016
          13          19  -1.8238953715232580E-016
          14           1  -2.5918632944796943E-002
          14           2   3.6322355911741142E-002
          14           3  -5.2876952943179000E-016
          14           4   1.7652428676705688E-016
          14           5  -2.0977387242470432E-015
          14           6   2.6596550047111103E-002
          14           7  -4.3182731215038710E-016
          14           8  -1.2485425179133289E-016
          14           9  -1.7278407804465510E-015
          14          10   9.2475226631403575E-004
          14          11  -1.2288290808214223E-016
          14          12   1.1766318791479622E-015
          14          13  -1.1359308289749823E-015
          14          14   2.7269335883560613E-003
          14          15   6.8966909609721071E-005
          14          16   1.8780184361852541E-003
          14          17  -2.7215103559179816E-004
          14          18  -1.9053865277253591E-005
          14          19   1.9389521020962265E-003
          15           1   7.3247753065044593E-005
          15           2  -2.8165887945513432E-004
          15           3   6.8580487093460179E-014
          15           4   1.4601829263269408E-015
          15           5  -3.5130279941942707E-014
          15           6  -3.0653406374043233E-004
          15           7   4.0305740327890323E-014
          15           8   6.1398641437590078E-016
          15           9  -2.1441532451211149E-014
          15          10  -4.1707713142075163E-005
          15          11   2.2612795182815174E-015
          15          12  -1.7088748514699736E-016
          15          13  -1.9741711138789901E-015
          15          14   6.8966909609721071E-005
          15          15   1.0823266549631948E-005
          15          16  -6.4256907801977053E-005
          15          17  -4.2709804131364890E-005
          15          18  -2.9902030399145181E-006
          15          19  -5.4694331894671897E-005
          16           1  -2.6820241134414009E-002
          16           2   3.9789301030539924E-002
          16           3  -1.9111024603147864E-015
          16           4  -6.8513081562416387E-015
          16           5   3.3823284749542872E-015
          16           6   3.0369684336570786E-002
          16           7  -1.4552108754903243E-015
          16           8  -4.1784469915873227E-015
          16           9   1.7921380567779433E-015
          16          10   1.4381333916657197E-003
          16          11  -2.0188200155413223E-016
          16          12   7.9723586485939025E-016
          16          13  -5.3777744712099898E-016
          16          14   1.8780184361852541E-003
          16          15  -6.4256907801977053E-005
          16          16   2.6689580768679989E-003
          16          17   2.5356484890518276E-004
          16          18   1.7752607333090017E-005
          16          19   2.6121857932102023E-003
          17           1  -2.8904372972309955E-004
          17           2   1.1114570189805703E-003
          17           3  -1.4611646065836151E-014
          17           4   5.8646766222095176E-015
          17           5   4.0901148712914864E-015
          17           6   1.2096172410799512E-003
          17           7  -8.7323047535901386E-015
          17           8   3.8899800859137811E-015
          17           9   2.4446500850434429E-015
          17          10   1.6458323845020890E-004
          17          11  -5.7351835344211518E-016
          17          12   5.7270832258691699E-016
          17          13   2.1368512300005732E-016
          17          14  -2.7215103559179816E-004
          17          15  -4.2709804131364890E-005
          17          16   2.5356484890518276E-004
          17          17   1.6853760004659443E-004
          17          18   1.1799671158621131E-005
          17          19   2.1582986916321195E-004
          18           1  -2.0236558237077848E-005
          18           2   7.7815438976206960E-005
          18           3  -8.8194446496694010E-017
          18           4  -2.1578805929672843E-015
          18           5  -1.6838808411646878E-015
          18           6   8.4687842173642385E-005
          18           7  -8.5971504199691362E-017
          18           8  -1.2316678559772257E-015
          18           9  -1.0830321303207751E-015
          18          10   1.1522818002708971E-005
          18          11  -3.0827077892060920E-017
          18          12  -6.3665861269673760E-017
          18          13  -1.4451410383765199E-016
          18          14  -1.9053865277253591E-005
          18          15  -2.9902030399145181E-006
          18          16   1.7752607333090017E-005
          18          17   1.1799671158621131E-005
          18          18   8.2611974665061540E-007
          18          19   1.5110702191392334E-005
          19           1  -2.6755525253112727E-002
          19           2   3.9540449687680619E-002
          19           3   1.4489738746786215E-015
          19           4   1.6327869920206331E-015
          19           5   5.7266681989519793E-015
          19           6   3.0098855262975059E-002
          19           7   6.0117854652776325E-016
          19           8   1.2740388096987750E-015
          19           9   3.4832239527503106E-015
          19          10   1.4012837796676717E-003
          19          11  -2.8069262825238615E-017
          19          12   1.5477108176439051E-015
          19          13  -1.8238953715232580E-016
          19          14   1.9389521020962265E-003
          19          15  -5.4694331894671897E-005
          19          16   2.6121857932102023E-003
          19          17   2.1582986916321195E-004
          19          18   1.5110702191392334E-005
          19          19   2.5638622396620863E-003
