           1           1   2.0278199950538487     
           1           2  -8.2317375027862530E-002
           1           3   5.0310098583011855E-013
           1           4  -1.6092948319777796E-013
           1           5   1.1801148107354882E-013
           1           6 -0.11052537508763190     
           1           7  -3.8283311113185041E-013
           1           8   2.8612870225746987E-013
           1           9   4.0993830159113505E-014
           1          10  -9.6503486649636705E-003
           1          11  -2.5193048500020682E-014
           1          12  -2.2757846251045699E-013
           1          13  -1.7669231134336472E-013
           1          14   1.2987234633525600E-002
           1          15  -3.3284147918983737E-011
           1          16   1.2987234633438562E-002
           1          17   2.6725388880472917E-011
           1          18   1.7725257055518273E-012
           1          19   1.2987234633607033E-002
           2           1  -8.2317375027862530E-002
           2           2  0.11916283419562294     
           2           3   1.4008127135101440E-014
           2           4  -2.3544785221475520E-014
           2           5  -2.2786390590713267E-014
           2           6  0.21339125894128852     
           2           7  -6.0596468985855762E-014
           2           8   4.0556310194014680E-014
           2           9  -3.2770102590410452E-015
           2          10   1.8822666086250214E-002
           2          11   2.8671649963218173E-014
           2          12  -4.7089941530637654E-015
           2          13   5.7119315522469956E-015
           2          14   6.7000909589698598E-003
           2          15   9.9626019834022954E-013
           2          16   6.7000909589714523E-003
           2          17  -7.5847445654701231E-013
           2          18  -6.7252434275150109E-014
           2          19   6.7000909589667815E-003
           3           1   5.0310098583011855E-013
           3           2   1.4008127135101440E-014
           3           3   1.3510902372137221E-025
           3           4  -4.8869165268093318E-026
           3           5   2.3940642828146653E-026
           3           6   3.4872947942047482E-014
           3           7  -1.1770423599326405E-025
           3           8   8.6537469395543799E-026
           3           9   9.6553042836670373E-027
           3          10   3.0950714269965610E-015
           3          11   2.0044638877849194E-027
           3          12  -6.0615267064178236E-026
           3          13  -4.4266731832332650E-026
           3          14   5.3991234251625214E-015
           3          15  -8.3644495200651647E-024
           3          16   5.3991234251403417E-015
           3          17   6.7285604618058253E-024
           3          18   4.4120917372924289E-025
           3          19   5.3991234251827722E-015
           4           1  -1.6092948319777796E-013
           4           2  -2.3544785221475520E-014
           4           3  -4.8869165268093318E-026
           4           4   2.0582354606550623E-026
           4           5  -4.6924386985321126E-027
           4           6  -4.5483443850715663E-014
           4           7   5.0156094071874402E-026
           4           8  -3.6256716570672091E-026
           4           9  -2.8336100479971362E-027
           4          10  -4.0206967670124227E-015
           4          11  -5.1816362813254409E-027
           4          12   2.1682952282524847E-026
           4          13   1.4401670742791005E-026
           4          14  -2.9081993870552642E-015
           4          15   2.7336431867290821E-024
           4          16  -2.9081993870478525E-015
           4          17  -2.2057388778711658E-024
           4          18  -1.4189119903312688E-025
           4          19  -2.9081993870617853E-015
           5           1   1.1801148107354882E-013
           5           2  -2.2786390590713267E-014
           5           3   2.3940642828146653E-026
           5           4  -4.6924386985321126E-027
           5           5   9.6665068289348694E-027
           5           6  -3.8849281579075265E-014
           5           7  -1.0469036094566883E-026
           5           8   8.5540558866676026E-027
           5           9   2.6285272454823377E-027
           5          10  -3.4231144085577088E-015
           5          11  -5.7544275747684743E-027
           5          12  -1.1078642622794081E-026
           5          13  -1.0054830207448986E-026
           5          14  -3.6095313280988197E-016
           5          15  -1.8821276136605549E-024
           5          16  -3.6095313281464768E-016
           5          17   1.5048103696790157E-024
           5          18   1.0243443225932409E-025
           5          19  -3.6095313280518288E-016
           6           1 -0.11052537508763190     
           6           2  0.21339125894128852     
           6           3   3.4872947942047482E-014
           6           4  -4.5483443850715663E-014
           6           5  -3.8849281579075265E-014
           6           6  0.38349660878215847     
           6           7  -1.1677713055084840E-013
           6           8   7.8645257618658599E-014
           6           9  -5.2695107334562211E-015
           6          10   3.3805511559863645E-002
           6          11   5.1367898932328179E-014
           6          12  -1.2776979087732288E-014
           6          13   7.0126591593194166E-015
           6          14   1.2428238930454968E-002
           6          15   1.1699136025245672E-012
           6          16   1.2428238930456179E-002
           6          17  -8.6448411961238973E-013
           6          18  -8.7958352688863501E-014
           6          19   1.2428238930450867E-002
           7           1  -3.8283311113185041E-013
           7           2  -6.0596468985855762E-014
           7           3  -1.1770423599326405E-025
           7           4   5.0156094071874402E-026
           7           5  -1.0469036094566883E-026
           7           6  -1.1677713055084840E-013
           7           7   1.2247334266520099E-025
           7           8  -8.8379716872242798E-026
           7           9  -6.6200012139823681E-027
           7          10  -1.0310866991998351E-014
           7          11  -1.3477778080707548E-026
           7          12   5.2144648052491642E-026
           7          13   3.4310193593263758E-026
           7          14  -7.2498363858759047E-015
           7          15   6.5189519818304877E-024
           7          16  -7.2498363858581806E-015
           7          17  -5.2616752277170907E-024
           7          18  -3.3780724659923377E-025
           7          19  -7.2498363858913932E-015
           8           1   2.8612870225746987E-013
           8           2   4.0556310194014680E-014
           8           3   8.6537469395543799E-026
           8           4  -3.6256716570672091E-026
           8           5   8.5540558866676026E-027
           8           6   7.8645257618658599E-014
           8           7  -8.8379716872242798E-026
           8           8   6.3902738554016217E-026
           8           9   5.0316514543786801E-027
           8          10   6.9479539333369839E-015
           8          11   8.9255128691353355E-027
           8          12  -3.8399313306917628E-026
           8          13  -2.5586068584810477E-026
           8          14   5.1088422825065487E-015
           8          15  -4.8571587931184705E-024
           8          16   5.1088422824933866E-015
           8          17   3.9187382191426715E-024
           8          18   2.5225976126999666E-025
           8          19   5.1088422825181260E-015
           9           1   4.0993830159113505E-014
           9           2  -3.2770102590410452E-015
           9           3   9.6553042836670373E-027
           9           4  -2.8336100479971362E-027
           9           5   2.6285272454823377E-027
           9           6  -5.2695107334562211E-015
           9           7  -6.6200012139823681E-027
           9           8   5.0316514543786801E-027
           9           9   8.7469111904665584E-028
           9          10  -4.5847599417422942E-016
           9          11  -9.1762716768939381E-028
           9          12  -4.4018582767320212E-027
           9          13  -3.5547548409403579E-027
           9          14   1.4317182924689166E-016
           9          15  -6.6714878099213868E-025
           9          16   1.4317182924516553E-016
           9          17   5.3508920886665722E-025
           9          18   3.5735252167691292E-026
           9          19   1.4317182924854876E-016
          10           1  -9.6503486649636705E-003
          10           2   1.8822666086250214E-002
          10           3   3.0950714269965610E-015
          10           4  -4.0206967670124227E-015
          10           5  -3.4231144085577088E-015
          10           6   3.3805511559863645E-002
          10           7  -1.0310866991998351E-014
          10           8   6.9479539333369839E-015
          10           9  -4.5847599417422942E-016
          10          10   2.9808051771691556E-003
          10          11   4.5264014072107709E-015
          10          12  -1.1377387561403383E-015
          10          13   6.0932294962746524E-016
          10          14   1.0936457685427909E-003
          10          15   1.0170524856429870E-013
          10          16   1.0936457685428945E-003
          10          17  -7.5059620488046422E-014
          10          18  -7.6780534797792439E-015
          10          19   1.0936457685424355E-003
          11           1  -2.5193048500020682E-014
          11           2   2.8671649963218173E-014
          11           3   2.0044638877849194E-027
          11           4  -5.1816362813254409E-027
          11           5  -5.7544275747684743E-027
          11           6   5.1367898932328179E-014
          11           7  -1.3477778080707548E-026
          11           8   8.9255128691353355E-027
          11           9  -9.1762716768939381E-028
          11          10   4.5264014072107709E-015
          11          11   6.9364651193201128E-027
          11          12  -5.0668285508132329E-028
          11          13   1.8495762541784093E-027
          11          14   1.5825159706070404E-015
          11          15   3.2803085606659737E-025
          11          16   1.5825159706076521E-015
          11          17  -2.5347376944180420E-025
          11          18  -2.0867137703513981E-026
          11          19   1.5825159706060689E-015
          12           1  -2.2757846251045699E-013
          12           2  -4.7089941530637654E-015
          12           3  -6.0615267064178236E-026
          12           4   2.1682952282524847E-026
          12           5  -1.1078642622794081E-026
          12           6  -1.2776979087732288E-014
          12           7   5.2144648052491642E-026
          12           8  -3.8399313306917628E-026
          12           9  -4.4018582767320212E-027
          12          10  -1.1377387561403383E-015
          12          11  -5.0668285508132329E-028
          12          12   2.7221148875168705E-026
          12          13   2.0005140565854383E-026
          12          14  -2.3314964091439620E-015
          12          15   3.7783029120273140E-024
          12          16  -2.3314964091339593E-015
          12          17  -3.0387722364120435E-024
          12          18  -1.9949967777628548E-025
          12          19  -2.3314964091531262E-015
          13           1  -1.7669231134336472E-013
          13           2   5.7119315522469956E-015
          13           3  -4.4266731832332650E-026
          13           4   1.4401670742791005E-026
          13           5  -1.0054830207448986E-026
          13           6   7.0126591593194166E-015
          13           7   3.4310193593263758E-026
          13           8  -2.5586068584810477E-026
          13           9  -3.5547548409403579E-027
          13          10   6.0932294962746524E-016
          13          11   1.8495762541784093E-027
          13          12   2.0005140565854383E-026
          13          13   1.5414769601150954E-026
          13          14  -1.2202833269166010E-015
          13          15   2.9045576461791761E-024
          13          16  -1.2202833269089939E-015
          13          17  -2.3327248868451735E-024
          13          18  -1.5450247564233572E-025
          13          19  -1.2202833269237016E-015
          14           1   1.2987234633525600E-002
          14           2   6.7000909589698598E-003
          14           3   5.3991234251625214E-015
          14           4  -2.9081993870552642E-015
          14           5  -3.6095313280988197E-016
          14           6   1.2428238930454968E-002
          14           7  -7.2498363858759047E-015
          14           8   5.1088422825065487E-015
          14           9   1.4317182924689166E-016
          14          10   1.0936457685427909E-003
          14          11   1.5825159706070404E-015
          14          12  -2.3314964091439620E-015
          14          13  -1.2202833269166010E-015
          14          14   5.4908241791162620E-004
          14          15  -2.3592887926305824E-013
          14          16   5.4908241791094261E-004
          14          17   1.9204033364956195E-013
          14          18   1.1671181149631387E-014
          14          19   5.4908241791215074E-004
          15           1  -3.3284147918983737E-011
          15           2   9.9626019834022954E-013
          15           3  -8.3644495200651647E-024
          15           4   2.7336431867290821E-024
          15           5  -1.8821276136605549E-024
          15           6   1.1699136025245672E-012
          15           7   6.5189519818304877E-024
          15           8  -4.8571587931184705E-024
          15           9  -6.6714878099213868E-025
          15          10   1.0170524856429870E-013
          15          11   3.2803085606659737E-025
          15          12   3.7783029120273140E-024
          15          13   2.9045576461791761E-024
          15          14  -2.3592887926305824E-013
          15          15   5.4743067294177266E-022
          15          16  -2.3592887926162355E-013
          15          17  -4.3968517789064368E-022
          15          18  -2.9109270354487289E-023
          15          19  -2.3592887926439514E-013
          16           1   1.2987234633438562E-002
          16           2   6.7000909589714523E-003
          16           3   5.3991234251403417E-015
          16           4  -2.9081993870478525E-015
          16           5  -3.6095313281464768E-016
          16           6   1.2428238930456179E-002
          16           7  -7.2498363858581806E-015
          16           8   5.1088422824933866E-015
          16           9   1.4317182924516553E-016
          16          10   1.0936457685428945E-003
          16          11   1.5825159706076521E-015
          16          12  -2.3314964091339593E-015
          16          13  -1.2202833269089939E-015
          16          14   5.4908241791094261E-004
          16          15  -2.3592887926162355E-013
          16          16   5.4908241791025902E-004
          16          17   1.9204033364840922E-013
          16          18   1.1671181149555221E-014
          16          19   5.4908241791146715E-004
          17           1   2.6725388880472917E-011
          17           2  -7.5847445654701231E-013
          17           3   6.7285604618058253E-024
          17           4  -2.2057388778711658E-024
          17           5   1.5048103696790157E-024
          17           6  -8.6448411961238973E-013
          17           7  -5.2616752277170907E-024
          17           8   3.9187382191426715E-024
          17           9   5.3508920886665722E-025
          17          10  -7.5059620488046422E-014
          17          11  -2.5347376944180420E-025
          17          12  -3.0387722364120435E-024
          17          13  -2.3327248868451735E-024
          17          14   1.9204033364956195E-013
          17          15  -4.3968517789064368E-022
          17          16   1.9204033364840922E-013
          17          17   3.5316102046402609E-022
          17          18   2.3374893742003014E-023
          17          19   1.9204033365063545E-013
          18           1   1.7725257055518273E-012
          18           2  -6.7252434275150109E-014
          18           3   4.4120917372924289E-025
          18           4  -1.4189119903312688E-025
          18           5   1.0243443225932409E-025
          18           6  -8.7958352688863501E-014
          18           7  -3.3780724659923377E-025
          18           8   2.5225976126999666E-025
          18           9   3.5735252167691292E-026
          18          10  -7.6780534797792439E-015
          18          11  -2.0867137703513981E-026
          18          12  -1.9949967777628548E-025
          18          13  -1.5450247564233572E-025
          18          14   1.1671181149631387E-014
          18          15  -2.9109270354487289E-023
          18          16   1.1671181149555221E-014
          18          17   2.3374893742003014E-023
          18          18   1.5496067384733426E-024
          18          19   1.1671181149702558E-014
          19           1   1.2987234633607033E-002
          19           2   6.7000909589667815E-003
          19           3   5.3991234251827722E-015
          19           4  -2.9081993870617853E-015
          19           5  -3.6095313280518288E-016
          19           6   1.2428238930450867E-002
          19           7  -7.2498363858913932E-015
          19           8   5.1088422825181260E-015
          19           9   1.4317182924854876E-016
          19          10   1.0936457685424355E-003
          19          11   1.5825159706060689E-015
          19          12  -2.3314964091531262E-015
          19          13  -1.2202833269237016E-015
          19          14   5.4908241791215074E-004
          19          15  -2.3592887926439514E-013
          19          16   5.4908241791146715E-004
          19          17   1.9204033365063545E-013
          19          18   1.1671181149702558E-014
          19          19   5.4908241791267538E-004
