           1           1   2.1427938459577982     
           1           2 -0.60690187384034711     
           1           3  -4.8919801775440940E-015
           1           4  -3.2192422686200703E-015
           1           5  -5.0412125126364450E-016
           1           6  0.60176467640898079     
           1           7   1.9357127943540889E-015
           1           8  -1.3018382638488967E-015
           1           9  -1.1989674383149942E-016
           1          10   7.6254896948379225E-002
           1          11  -1.8282561615710206E-015
           1          12  -1.3749511108435741E-015
           1          13   2.6924151696154675E-017
           1          14  -3.0864063339611125E-002
           1          15   4.8980482622958064E-016
           1          16   1.1613300636889028E-015
           1          17   8.3991018209142354E-016
           1          18 -0.22450003107521424     
           1          19   9.5763086088696127E-017
           1          20 -0.22450003107521499     
           1          21   4.1077547108659853E-016
           1          22   1.5986877425302252E-015
           1          23 -0.22450003107521643     
           2           1 -0.60690187384034711     
           2           2   2.5783541674710695     
           2           3   2.0987286731787071E-014
           2           4   2.3148804531932356E-014
           2           5   3.8661459540061077E-015
           2           6  -2.6725707038921236     
           2           7  -1.6947934074505552E-015
           2           8  -9.6605786994074881E-016
           2           9  -8.4687936407958341E-016
           2          10 -0.31734142404020604     
           2          11   1.3316696492616355E-015
           2          12   1.6676761590240495E-015
           2          13  -7.2088318448714694E-016
           2          14  0.12910336089014340     
           2          15  -5.6530837703139917E-016
           2          16  -1.0040539305300525E-015
           2          17   1.0426518073115563E-015
           2          18  0.98476242100177580     
           2          19   7.8709314224442648E-016
           2          20  0.98476242100177402     
           2          21   6.5592911224024453E-016
           2          22  -2.5008602036208800E-015
           2          23  0.98476242100177203     
           3           1  -4.8919801775440940E-015
           3           2   2.0987286731787071E-014
           3           3   2.0860664208009547     
           3           4   2.7755575615628914E-015
           3           5   4.9303806576313238E-032
           3           6  -1.7232375469300999E-014
           3           7 -0.28707830036820192     
           3           8   6.6613381477509215E-016
           3           9   2.1857515797307769E-015
           3          10  -5.9460736805302567E-015
           3          11  0.20056771914999783     
           3          12   2.7408630920433636E-016
           3          13  -3.9343528435153985E-015
           3          14  -4.9058660218971948E-016
           3          15  -7.5460758046460324E-002
           3          16  -4.1737446832001979E-015
           3          17   3.6038880213418167E-015
           3          18   6.1794729027541379E-015
           3          19   2.2489528721067870E-015
           3          20   1.2528424591334496E-014
           3          21  -1.6446060921539678E-015
           3          22   3.3740285268596638E-015
           3          23   9.8804583106456692E-015
           4           1  -3.2192422686200703E-015
           4           2   2.3148804531932356E-014
           4           3   2.7755575615628914E-015
           4           4   2.0860664208009556     
           4           5  -2.7755575615628914E-016
           4           6  -3.2778397227468489E-014
           4           7  -5.7454041524351890E-015
           4           8 -0.28707830036819515     
           4           9   5.5372373353179682E-015
           4          10  -6.6479248426425311E-015
           4          11  -5.2388648974499558E-015
           4          12  0.20056771914999263     
           4          13  -1.2195106036116954E-014
           4          14  -5.9095808811312004E-015
           4          15   1.1452644388398880E-014
           4          16  -7.5460758046465695E-002
           4          17   5.4591747788990119E-015
           4          18   1.3129233101049108E-014
           4          19   7.3892739069242790E-015
           4          20   2.4960236125224765E-014
           4          21  -3.1319367583157504E-015
           4          22   8.7938575767282539E-015
           4          23   1.7756048503071509E-014
           5           1  -5.0412125126364450E-016
           5           2   3.8661459540061077E-015
           5           3   4.9303806576313238E-032
           5           4  -2.7755575615628914E-016
           5           5   2.0860664208009485     
           5           6  -3.9660503233858634E-015
           5           7   1.8492152253912768E-015
           5           8  -2.7755575615628322E-017
           5           9 -0.28707830036820364     
           5          10   1.4872282328396751E-015
           5          11   2.1024848528838902E-015
           5          12  -2.0192181260370035E-015
           5          13  0.20056771915000110     
           5          14   1.8187280434146482E-015
           5          15  -3.3827107781547738E-017
           5          16   2.2828960943854781E-015
           5          17  -7.5460758046462378E-002
           5          18  -1.1584697892981600E-015
           5          19   2.2927731205125034E-015
           5          20  -4.8338038271111881E-016
           5          21   1.2344074957041908E-015
           5          22  -6.3722985005861683E-016
           5          23   5.4621205735982624E-015
           6           1  0.60176467640898079     
           6           2  -2.6725707038921236     
           6           3  -1.7232375469300999E-014
           6           4  -3.2778397227468489E-014
           6           5  -3.9660503233858634E-015
           6           6   14.695634318697339     
           6           7  -4.2694840009592424E-015
           6           8  -1.1188529511151474E-014
           6           9   2.0472995475154416E-015
           6          10   1.0547062370649261     
           6          11   3.8014343979739377E-017
           6          12   1.9565506168112768E-015
           6          13   1.0391605524016005E-015
           6          14 -0.44146737871802738     
           6          15   8.6647521767132827E-017
           6          16   1.4877383600406375E-015
           6          17  -9.4120232676896927E-017
           6          18  -4.8379245169162672     
           6          19   6.5534425756343737E-016
           6          20  -4.8379245169162663     
           6          21  -1.3765055960916324E-015
           6          22   1.1805762769042752E-014
           6          23  -4.8379245169162637     
           7           1   1.9357127943540889E-015
           7           2  -1.6947934074505552E-015
           7           3 -0.28707830036820192     
           7           4  -5.7454041524351890E-015
           7           5   1.8492152253912768E-015
           7           6  -4.2694840009592424E-015
           7           7   4.1116529391993728E-002
           7           8   5.8633653488020478E-016
           7           9  -4.1546627249644767E-016
           7          10   1.0599136673211498E-016
           7          11  -2.8622099783165225E-002
           7          12  -4.3888503942214999E-016
           7          13   6.9996092255664206E-016
           7          14   2.4400398475090829E-016
           7          15   1.0766162808312630E-002
           7          16   6.1756155744775082E-016
           7          17  -5.2919908039017254E-016
           7          18   5.2256886192995761E-016
           7          19  -3.1266879239250102E-016
           7          20  -1.9843004965241166E-016
           7          21   2.0403262527823450E-016
           7          22  -3.3050306725106783E-016
           7          23  -1.0959629447598723E-017
           8           1  -1.3018382638488967E-015
           8           2  -9.6605786994074881E-016
           8           3   6.6613381477509215E-016
           8           4 -0.28707830036819515     
           8           5  -2.7755575615628322E-017
           8           6  -1.1188529511151474E-014
           8           7   5.8633653488020478E-016
           8           8   4.1116529391992528E-002
           8           9  -4.1633363423443725E-016
           8          10  -6.0280972731584602E-016
           8          11   7.3639011555213745E-016
           8          12  -2.8622099783164247E-002
           8          13   1.4255090163839412E-015
           8          14   1.2302050909333195E-015
           8          15  -1.5157146371347277E-015
           8          16   1.0766162808313034E-002
           8          17  -6.3317406873153212E-016
           8          18   2.5515572777082830E-015
           8          19  -1.0134840567025193E-015
           8          20   1.1489678251973200E-015
           8          21   4.0080433153950750E-016
           8          22  -9.6694078249857132E-016
           8          23   1.6718359043021751E-015
           9           1  -1.1989674383149942E-016
           9           2  -8.4687936407958341E-016
           9           3   2.1857515797307769E-015
           9           4   5.5372373353179682E-015
           9           5 -0.28707830036820364     
           9           6   2.0472995475154416E-015
           9           7  -4.1546627249644767E-016
           9           8  -4.1633363423443725E-016
           9           9   4.1116529391994353E-002
           9          10  -4.3386068376661054E-016
           9          11  -1.2143064331837561E-016
           9          12   6.0585217398490126E-016
           9          13  -2.8622099783165808E-002
           9          14  -8.3812415484051199E-017
           9          15  -1.7390602846667531E-016
           9          16  -3.8315704775637766E-016
           9          17   1.0766162808312843E-002
           9          18  -1.4764106373276080E-016
           9          19  -3.6010527972815046E-016
           9          20  -4.1855676846012501E-016
           9          21  -1.9185555542385268E-016
           9          22   1.8664422457968366E-017
           9          23  -1.0976697857904177E-015
          10           1   7.6254896948379225E-002
          10           2 -0.31734142404020604     
          10           3  -5.9460736805302567E-015
          10           4  -6.6479248426425311E-015
          10           5   1.4872282328396751E-015
          10           6   1.0547062370649261     
          10           7   1.0599136673211498E-016
          10           8  -6.0280972731584602E-016
          10           9  -4.3386068376661054E-016
          10          10   8.3982299647023348E-002
          10          11  -2.6575208279183174E-016
          10          12   3.9088405722052967E-019
          10          13   5.0721775493283303E-016
          10          14  -3.5244774760710959E-002
          10          15   1.1550341651597400E-016
          10          16   1.5955474462408188E-016
          10          17  -2.1100504014360301E-016
          10          18 -0.35639624953196047     
          10          19  -8.0099986182904397E-019
          10          20 -0.35639624953196036     
          10          21  -1.1593535378445726E-016
          10          22   8.6531739062910869E-016
          10          23 -0.35639624953196009     
          11           1  -1.8282561615710206E-015
          11           2   1.3316696492616355E-015
          11           3  0.20056771914999783     
          11           4  -5.2388648974499558E-015
          11           5   2.1024848528838902E-015
          11           6   3.8014343979739377E-017
          11           7  -2.8622099783165225E-002
          11           8   7.3639011555213745E-016
          11           9  -1.2143064331837561E-016
          11          10  -2.6575208279183174E-016
          11          11   1.9930918898756766E-002
          11          12  -4.9829931847433074E-016
          11          13  -1.9277114626792293E-016
          11          14  -1.2457145491526357E-016
          11          15  -7.4971428367242975E-003
          11          16  -1.3552527156069121E-016
          11          17   2.5966642031027733E-016
          11          18   3.4922707905785266E-016
          11          19   2.1824139206141798E-016
          11          20   8.6282452874900057E-016
          11          21  -1.4398850062143178E-016
          11          22   2.3955513967162746E-016
          11          23   7.2041297918747510E-016
          12           1  -1.3749511108435741E-015
          12           2   1.6676761590240495E-015
          12           3   2.7408630920433636E-016
          12           4  0.20056771914999263     
          12           5  -2.0192181260370035E-015
          12           6   1.9565506168112768E-015
          12           7  -4.3888503942214999E-016
          12           8  -2.8622099783164247E-002
          12           9   6.0585217398490126E-016
          12          10   3.9088405722052967E-019
          12          11  -4.9829931847433074E-016
          12          12   1.9930918898755992E-002
          12          13  -1.2151737949217534E-015
          12          14  -7.2908803616526050E-016
          12          15   1.0568802777388666E-015
          12          16  -7.4971428367245612E-003
          12          17   5.2670541539345697E-016
          12          18  -1.3308480535501187E-016
          12          19   7.0829240088798234E-016
          12          20   8.6141407814761002E-016
          12          21  -2.8197460561138069E-016
          12          22   6.9127523442506687E-016
          12          23   4.6582970039215141E-016
          13           1   2.6924151696154675E-017
          13           2  -7.2088318448714694E-016
          13           3  -3.9343528435153985E-015
          13           4  -1.2195106036116954E-014
          13           5  0.20056771915000110     
          13           6   1.0391605524016005E-015
          13           7   6.9996092255664206E-016
          13           8   1.4255090163839412E-015
          13           9  -2.8622099783165808E-002
          13          10   5.0721775493283303E-016
          13          11  -1.9277114626792293E-016
          13          12  -1.2151737949217534E-015
          13          13   1.9930918898757293E-002
          13          14  -2.0509004077902848E-017
          13          15   2.1835831753858072E-016
          13          16   5.6942298098938722E-016
          13          17  -7.4971428367244988E-003
          13          18  -7.3541095502458374E-016
          13          19   2.4870695795663535E-016
          13          20  -5.5763990241944482E-016
          13          21   1.3261965704054886E-016
          13          22  -1.7501187461659964E-017
          13          23  -7.4187362192402879E-017
          14           1  -3.0864063339611125E-002
          14           2  0.12910336089014340     
          14           3  -4.9058660218971948E-016
          14           4  -5.9095808811312004E-015
          14           5   1.8187280434146482E-015
          14           6 -0.44146737871802738     
          14           7   2.4400398475090829E-016
          14           8   1.2302050909333195E-015
          14           9  -8.3812415484051199E-017
          14          10  -3.5244774760710959E-002
          14          11  -1.2457145491526357E-016
          14          12  -7.2908803616526050E-016
          14          13  -2.0509004077902848E-017
          14          14   1.5290091991147198E-002
          14          15   3.7035462001053111E-017
          14          16   2.0037522950829500E-016
          14          17   4.7350252050900056E-018
          14          18  0.15243997356992950     
          14          19   5.5231933009800072E-018
          14          20  0.15243997356992942     
          14          21   4.1256238934451096E-017
          14          22  -3.6326877295114833E-016
          14          23  0.15243997356992936     
          15           1   4.8980482622958064E-016
          15           2  -5.6530837703139917E-016
          15           3  -7.5460758046460324E-002
          15           4   1.1452644388398880E-014
          15           5  -3.3827107781547738E-017
          15           6   8.6647521767132827E-017
          15           7   1.0766162808312630E-002
          15           8  -1.5157146371347277E-015
          15           9  -1.7390602846667531E-016
          15          10   1.1550341651597400E-016
          15          11  -7.4971428367242975E-003
          15          12   1.0568802777388666E-015
          15          13   2.1835831753858072E-016
          15          14   3.7035462001053111E-017
          15          15   2.8201020554589236E-003
          15          16  -2.7609208322343232E-016
          15          17  -1.5241172039714934E-016
          15          18  -1.9454456474486588E-016
          15          19  -8.2105304004063600E-017
          15          20  -3.8801514296189076E-016
          15          21   5.4208199424928401E-017
          15          22  -9.0336733704974705E-017
          15          23  -3.3416045067590422E-016
          16           1   1.1613300636889028E-015
          16           2  -1.0040539305300525E-015
          16           3  -4.1737446832001979E-015
          16           4  -7.5460758046465695E-002
          16           5   2.2828960943854781E-015
          16           6   1.4877383600406375E-015
          16           7   6.1756155744775082E-016
          16           8   1.0766162808313034E-002
          16           9  -3.8315704775637766E-016
          16          10   1.5955474462408188E-016
          16          11  -1.3552527156069121E-016
          16          12  -7.4971428367245612E-003
          16          13   5.6942298098938722E-016
          16          14   2.0037522950829500E-016
          16          15  -2.7609208322343232E-016
          16          16   2.8201020554592324E-003
          16          17  -2.4047604185728429E-016
          16          18  -7.2646612106195889E-016
          16          19  -2.6649024594012358E-016
          16          20  -1.1009819794878106E-015
          16          21   1.0613577959282643E-016
          16          22  -2.6045968821946412E-016
          16          23  -9.5142240289376105E-016
          17           1   8.3991018209142354E-016
          17           2   1.0426518073115563E-015
          17           3   3.6038880213418167E-015
          17           4   5.4591747788990119E-015
          17           5  -7.5460758046462378E-002
          17           6  -9.4120232676896927E-017
          17           7  -5.2919908039017254E-016
          17           8  -6.3317406873153212E-016
          17           9   1.0766162808312843E-002
          17          10  -2.1100504014360301E-016
          17          11   2.5966642031027733E-016
          17          12   5.2670541539345697E-016
          17          13  -7.4971428367244988E-003
          17          14   4.7350252050900056E-018
          17          15  -1.5241172039714934E-016
          17          16  -2.4047604185728429E-016
          17          17   2.8201020554590004E-003
          17          18   1.4980654044809335E-016
          17          19  -9.3503333642452899E-017
          17          20   8.3198742518975044E-017
          17          21  -4.9862180130546188E-017
          17          22   6.6916150881266372E-018
          17          23  -9.8909096660039844E-017
          18           1 -0.22450003107521424     
          18           2  0.98476242100177580     
          18           3   6.1794729027541379E-015
          18           4   1.3129233101049108E-014
          18           5  -1.1584697892981600E-015
          18           6  -4.8379245169162672     
          18           7   5.2256886192995761E-016
          18           8   2.5515572777082830E-015
          18           9  -1.4764106373276080E-016
          18          10 -0.35639624953196047     
          18          11   3.4922707905785266E-016
          18          12  -1.3308480535501187E-016
          18          13  -7.3541095502458374E-016
          18          14  0.15243997356992950     
          18          15  -1.9454456474486588E-016
          18          16  -7.2646612106195889E-016
          18          17   1.4980654044809335E-016
          18          18   1.6229367999832429     
          18          19  -1.3604331013821830E-016
          18          20   1.6229367999832425     
          18          21   4.2403636989915902E-016
          18          22  -3.9105899967086123E-015
          18          23   1.6229367999832420     
          19           1   9.5763086088696127E-017
          19           2   7.8709314224442648E-016
          19           3   2.2489528721067870E-015
          19           4   7.3892739069242790E-015
          19           5   2.2927731205125034E-015
          19           6   6.5534425756343737E-016
          19           7  -3.1266879239250102E-016
          19           8  -1.0134840567025193E-015
          19           9  -3.6010527972815046E-016
          19          10  -8.0099986182904397E-019
          19          11   2.1824139206141798E-016
          19          12   7.0829240088798234E-016
          19          13   2.4870695795663535E-016
          19          14   5.5231933009800072E-018
          19          15  -8.2105304004063600E-017
          19          16  -2.6649024594012358E-016
          19          17  -9.3503333642452899E-017
          19          18  -1.3604331013821830E-016
          19          19   3.3414293053554571E-029
          19          20  -1.3604331013816498E-016
          19          21  -1.0489651698465273E-029
          19          22   3.6903090298116228E-029
          19          23  -1.3604331013819219E-016
          20           1 -0.22450003107521499     
          20           2  0.98476242100177402     
          20           3   1.2528424591334496E-014
          20           4   2.4960236125224765E-014
          20           5  -4.8338038271111881E-016
          20           6  -4.8379245169162663     
          20           7  -1.9843004965241166E-016
          20           8   1.1489678251973200E-015
          20           9  -4.1855676846012501E-016
          20          10 -0.35639624953196036     
          20          11   8.6282452874900057E-016
          20          12   8.6141407814761002E-016
          20          13  -5.5763990241944482E-016
          20          14  0.15243997356992942     
          20          15  -3.8801514296189076E-016
          20          16  -1.1009819794878106E-015
          20          17   8.3198742518975044E-017
          20          18   1.6229367999832425     
          20          19  -1.3604331013816498E-016
          20          20   1.6229367999832420     
          20          21   4.2403636989913215E-016
          20          22  -3.9105899967084971E-015
          20          23   1.6229367999832414     
          21           1   4.1077547108659853E-016
          21           2   6.5592911224024453E-016
          21           3  -1.6446060921539678E-015
          21           4  -3.1319367583157504E-015
          21           5   1.2344074957041908E-015
          21           6  -1.3765055960916324E-015
          21           7   2.0403262527823450E-016
          21           8   4.0080433153950750E-016
          21           9  -1.9185555542385268E-016
          21          10  -1.1593535378445726E-016
          21          11  -1.4398850062143178E-016
          21          12  -2.8197460561138069E-016
          21          13   1.3261965704054886E-016
          21          14   4.1256238934451096E-017
          21          15   5.4208199424928401E-017
          21          16   1.0613577959282643E-016
          21          17  -4.9862180130546188E-017
          21          18   4.2403636989915902E-016
          21          19  -1.0489651698465273E-029
          21          20   4.2403636989913215E-016
          21          21   8.6527617949337509E-030
          21          22  -2.2326999370680891E-029
          21          23   4.2403636989915631E-016
          22           1   1.5986877425302252E-015
          22           2  -2.5008602036208800E-015
          22           3   3.3740285268596638E-015
          22           4   8.7938575767282539E-015
          22           5  -6.3722985005861683E-016
          22           6   1.1805762769042752E-014
          22           7  -3.3050306725106783E-016
          22           8  -9.6694078249857132E-016
          22           9   1.8664422457968366E-017
          22          10   8.6531739062910869E-016
          22          11   2.3955513967162746E-016
          22          12   6.9127523442506687E-016
          22          13  -1.7501187461659964E-017
          22          14  -3.6326877295114833E-016
          22          15  -9.0336733704974705E-017
          22          16  -2.6045968821946412E-016
          22          17   6.6916150881266372E-018
          22          18  -3.9105899967086123E-015
          22          19   3.6903090298116228E-029
          22          20  -3.9105899967084971E-015
          22          21  -2.2326999370680891E-029
          22          22   1.0397020598711537E-028
          22          23  -3.9105899967086249E-015
          23           1 -0.22450003107521643     
          23           2  0.98476242100177203     
          23           3   9.8804583106456692E-015
          23           4   1.7756048503071509E-014
          23           5   5.4621205735982624E-015
          23           6  -4.8379245169162637     
          23           7  -1.0959629447598723E-017
          23           8   1.6718359043021751E-015
          23           9  -1.0976697857904177E-015
          23          10 -0.35639624953196009     
          23          11   7.2041297918747510E-016
          23          12   4.6582970039215141E-016
          23          13  -7.4187362192402879E-017
          23          14  0.15243997356992936     
          23          15  -3.3416045067590422E-016
          23          16  -9.5142240289376105E-016
          23          17  -9.8909096660039844E-017
          23          18   1.6229367999832420     
          23          19  -1.3604331013819219E-016
          23          20   1.6229367999832414     
          23          21   4.2403636989915631E-016
          23          22  -3.9105899967086249E-015
          23          23   1.6229367999832407     
