           1           1   2.0829846608950944     
           1           2 -0.18497704162550116     
           1           3  -1.3341694625774661E-009
           1           4  -3.5081886025963780E-010
           1           5  -5.2285428787647960E-010
           1           6 -0.25730810022019035     
           1           7  -8.1662100666232609E-010
           1           8  -1.7586057007002545E-010
           1           9  -1.5221995594485649E-010
           1          10  -2.4100216379087875E-003
           1          11  -6.2024659705502258E-011
           1          12  -4.3332695015198764E-011
           1          13  -3.4915548317515678E-011
           1          14  -6.4688565511659794E-003
           1          15  -7.7849122753571000E-013
           1          16  -6.4688565313259436E-003
           1          17   3.4433646722954674E-007
           1          18   9.5299086771340183E-008
           1          19  -6.4688565353497327E-003
           2           1 -0.18497704162550116     
           2           2  0.52830460229987430     
           2           3   3.8282187253888843E-009
           2           4   8.6533607976775616E-010
           2           5  -5.5804825423798316E-010
           2           6  0.57909181291407763     
           2           7   2.4215642779948717E-009
           2           8   5.4576318255846569E-010
           2           9  -6.5515871499693551E-010
           2          10   5.6650419233816602E-003
           2          11   1.5343287398590898E-010
           2          12   8.2866054772171761E-011
           2          13  -1.3301126929895480E-011
           2          14  -8.8581968790258259E-004
           2          15  -1.2636997851069569E-011
           2          16  -8.8581973828231748E-004
           2          17  -6.1624207422716401E-009
           2          18  -1.6813082655876404E-009
           2          19  -8.8581972732807270E-004
           3           1  -1.3341694625774661E-009
           3           2   3.8282187253888843E-009
           3           3  0.48310500024000574     
           3           4   1.2098096149855080E-009
           3           5   7.7124911586578812E-009
           3           6   1.3047333913162065E-008
           3           7  0.29900219907738057     
           3           8  -2.2357806615552008E-009
           3           9   5.8895435026522159E-009
           3          10  -1.0033103827178648E-008
           3          11   1.7979633458118361E-002
           3          12  -2.5329150247007464E-009
           3          13  -1.0901648502061471E-008
           3          14  -3.4508785043496895E-009
           3          15   2.9960232910062761E-009
           3          16  -5.2844464865060881E-009
           3          17   3.0614080512969703E-009
           3          18  -1.4780552963988230E-009
           3          19  -2.8037433310757052E-009
           4           1  -3.5081886025963780E-010
           4           2   8.6533607976775616E-010
           4           3   1.2098096149855080E-009
           4           4  0.48310501086473484     
           4           5   1.4383176514645447E-009
           4           6   3.7254228720446572E-009
           4           7   2.5896218127288473E-009
           4           8  0.29900219760820707     
           4           9   1.2065214555320983E-009
           4          10  -3.0326807622802640E-009
           4          11   7.0000222389640794E-010
           4          12   1.7979631162813099E-002
           4          13  -3.1609606366446090E-009
           4          14  -9.9708005639617869E-010
           4          15   9.5482455930917852E-010
           4          16  -1.4912543780279810E-009
           4          17   2.0956177779826950E-010
           4          18   4.7019698098942183E-010
           4          19  -7.1002736236551859E-010
           5           1  -5.2285428787647960E-010
           5           2  -5.5804825423798316E-010
           5           3   7.7124911586578812E-009
           5           4   1.4383176514645447E-009
           5           5  0.48310501209238471     
           5           6   3.7895294233033091E-009
           5           7  -3.1152800939555357E-009
           5           8  -2.8764403499429615E-009
           5           9  0.29900219585344190     
           5          10   3.1617182257745436E-010
           5          11  -1.7700442697075276E-009
           5          12   4.9606695020485536E-009
           5          13   1.7979633914165339E-002
           5          14  -1.1563539794277107E-009
           5          15  -4.3140857346902835E-010
           5          16  -1.1136478573237520E-010
           5          17  -1.3682213367517854E-009
           5          18   5.8012666404164671E-010
           5          19  -4.2655449898632938E-010
           6           1 -0.25730810022019035     
           6           2  0.57909181291407763     
           6           3   1.3047333913162065E-008
           6           4   3.7254228720446572E-009
           6           5   3.7895294233033091E-009
           6           6  0.64857630897068141     
           6           7   8.1722199222534954E-009
           6           8   2.3120230047820268E-009
           6           9   2.0233011170169913E-009
           6          10   1.0649700449420400E-002
           6          11   5.0944435173475438E-010
           6          12   2.0224291948766459E-010
           6          13   1.8559809087569892E-010
           6          14  -1.0927245907593249E-003
           6          15  -1.4711181712701423E-011
           6          16  -1.0927246564390659E-003
           6          17  -1.5491275616958977E-008
           6          18  -4.2502445309382707E-009
           6          19  -1.0927246452097270E-003
           7           1  -8.1662100666232609E-010
           7           2   2.4215642779948717E-009
           7           3  0.29900219907738057     
           7           4   2.5896218127288473E-009
           7           5  -3.1152800939555357E-009
           7           6   8.1722199222534954E-009
           7           7  0.18505773073906226     
           7           8  -2.4442993133951266E-010
           7           9  -1.2372986577661110E-009
           7          10  -6.1946057264696988E-009
           7          11   1.1127912027223675E-002
           7          12  -1.4991552758029330E-009
           7          13  -7.0408138961692978E-009
           7          14  -2.1369203804480218E-009
           7          15   1.8542916285519571E-009
           7          16  -3.2717479390997317E-009
           7          17   1.8947594271914959E-009
           7          18  -9.1479447883249961E-010
           7          19  -1.7363970272126385E-009
           8           1  -1.7586057007002545E-010
           8           2   5.4576318255846569E-010
           8           3  -2.2357806615552008E-009
           8           4  0.29900219760820707     
           8           5  -2.8764403499429615E-009
           8           6   2.3120230047820268E-009
           8           7  -2.4442993133951266E-010
           8           8  0.18505772485056915     
           8           9  -1.5845027232975590E-009
           8          10  -1.8782262952974721E-009
           8          11   3.2216813155475501E-010
           8          12   1.1127910307209230E-002
           8          13  -2.0965565194748096E-009
           8          14  -6.1711594569686944E-010
           8          15   5.9095771690682507E-010
           8          16  -9.2296913146210131E-010
           8          17   1.2970147322126434E-010
           8          18   2.9101319725750000E-010
           8          19  -4.3945398869947956E-010
           9           1  -1.5221995594485649E-010
           9           2  -6.5515871499693551E-010
           9           3   5.8895435026522159E-009
           9           4   1.2065214555320983E-009
           9           5  0.29900219585344190     
           9           6   2.0233011170169913E-009
           9           7  -1.2372986577661110E-009
           9           8  -1.5845027232975590E-009
           9           9  0.18505772220819669     
           9          10   1.9919010585115105E-010
           9          11  -1.0539721108459313E-009
           9          12   3.0820181429981753E-009
           9          13   1.1127911916484916E-002
           9          14  -7.1578307020686496E-010
           9          15  -2.6700635244866680E-010
           9          16  -6.9020868323659626E-011
           9          17  -8.4681624723405219E-010
           9          18   3.5905060512568593E-010
           9          19  -2.6409732375707394E-010
          10           1  -2.4100216379087875E-003
          10           2   5.6650419233816602E-003
          10           3  -1.0033103827178648E-008
          10           4  -3.0326807622802640E-009
          10           5   3.1617182257745436E-010
          10           6   1.0649700449420400E-002
          10           7  -6.1946057264696988E-009
          10           8  -1.8782262952974721E-009
          10           9   1.9919010585115105E-010
          10          10   1.6510660276447449E-003
          10          11  -3.6909913823552076E-010
          10          12  -1.0954162123410875E-010
          10          13   2.4799424302063927E-011
          10          14  -1.1984156038389362E-004
          10          15  -4.9322838074186946E-013
          10          16  -1.1984156465565107E-004
          10          17   4.7027105882158623E-011
          10          18   1.7158927628903394E-011
          10          19  -1.1984156481884619E-004
          11           1  -6.2024659705502258E-011
          11           2   1.5343287398590898E-010
          11           3   1.7979633458118361E-002
          11           4   7.0000222389640794E-010
          11           5  -1.7700442697075276E-009
          11           6   5.0944435173475438E-010
          11           7   1.1127912027223675E-002
          11           8   3.2216813155475501E-010
          11           9  -1.0539721108459313E-009
          11          10  -3.6909913823552076E-010
          11          11   6.6914484248288737E-004
          11          12  -6.9890914005710559E-011
          11          13  -4.8228266531111989E-010
          11          14  -1.2873402875422530E-010
          11          15   1.1150247273320776E-010
          11          16  -1.9697360959456597E-010
          11          17   1.1393588771349498E-010
          11          18  -5.5008525001155217E-011
          11          19  -1.0464971605032732E-010
          12           1  -4.3332695015198764E-011
          12           2   8.2866054772171761E-011
          12           3  -2.5329150247007464E-009
          12           4   1.7979631162813099E-002
          12           5   4.9606695020485536E-009
          12           6   2.0224291948766459E-010
          12           7  -1.4991552758029330E-009
          12           8   1.1127910307209230E-002
          12           9   3.0820181429981753E-009
          12          10  -1.0954162123410875E-010
          12          11  -6.9890914005710559E-011
          12          12   6.6914465691878867E-004
          12          13   6.4987322538490681E-011
          12          14  -3.7358366334356809E-011
          12          15   3.5535511274085521E-011
          12          16  -5.5749941631653992E-011
          12          17   7.7991898817173689E-012
          12          18   1.7499248495865965E-011
          12          19  -2.6675174575560159E-011
          13           1  -3.4915548317515678E-011
          13           2  -1.3301126929895480E-011
          13           3  -1.0901648502061471E-008
          13           4  -3.1609606366446090E-009
          13           5   1.7979633914165339E-002
          13           6   1.8559809087569892E-010
          13           7  -7.0408138961692978E-009
          13           8  -2.0965565194748096E-009
          13           9   1.1127911916484916E-002
          13          10   2.4799424302063927E-011
          13          11  -4.8228266531111989E-010
          13          12   6.4987322538490681E-011
          13          13   6.6914486001176318E-004
          13          14  -4.3940017013704252E-011
          13          15  -1.6055732432003087E-011
          13          16  -5.0487930244529582E-012
          13          17  -5.0920924883093202E-011
          13          18   2.1590502530664722E-011
          13          19  -1.6779215570363533E-011
          14           1  -6.4688565511659794E-003
          14           2  -8.8581968790258259E-004
          14           3  -3.4508785043496895E-009
          14           4  -9.9708005639617869E-010
          14           5  -1.1563539794277107E-009
          14           6  -1.0927245907593249E-003
          14           7  -2.1369203804480218E-009
          14           8  -6.1711594569686944E-010
          14           9  -7.1578307020686496E-010
          14          10  -1.1984156038389362E-004
          14          11  -1.2873402875422530E-010
          14          12  -3.7358366334356809E-011
          14          13  -4.3940017013704252E-011
          14          14   3.7167286185977116E-005
          14          15   6.3074576301006438E-014
          14          16   3.7167286519848745E-005
          14          17  -1.1555255394487828E-009
          14          18  -3.2013739821119751E-010
          14          19   3.7167286520569774E-005
          15           1  -7.7849122753571000E-013
          15           2  -1.2636997851069569E-011
          15           3   2.9960232910062761E-009
          15           4   9.5482455930917852E-010
          15           5  -4.3140857346902835E-010
          15           6  -1.4711181712701423E-011
          15           7   1.8542916285519571E-009
          15           8   5.9095771690682507E-010
          15           9  -2.6700635244866680E-010
          15          10  -4.9322838074186946E-013
          15          11   1.1150247273320776E-010
          15          12   3.5535511274085521E-011
          15          13  -1.6055732432003087E-011
          15          14   6.3074576301006438E-014
          15          15   2.0852921262671414E-017
          15          16   6.3061297421683184E-014
          15          17   1.9845569431943941E-017
          15          18  -8.9713007891174708E-018
          15          19   6.3078507053223062E-014
          16           1  -6.4688565313259436E-003
          16           2  -8.8581973828231748E-004
          16           3  -5.2844464865060881E-009
          16           4  -1.4912543780279810E-009
          16           5  -1.1136478573237520E-010
          16           6  -1.0927246564390659E-003
          16           7  -3.2717479390997317E-009
          16           8  -9.2296913146210131E-010
          16           9  -6.9020868323659626E-011
          16          10  -1.1984156465565107E-004
          16          11  -1.9697360959456597E-010
          16          12  -5.5749941631653992E-011
          16          13  -5.0487930244529582E-012
          16          14   3.7167286519848745E-005
          16          15   6.3061297421683184E-014
          16          16   3.7167286853730105E-005
          16          17  -1.1555255537124650E-009
          16          18  -3.2013739169242585E-010
          16          19   3.7167286854440238E-005
          17           1   3.4433646722954674E-007
          17           2  -6.1624207422716401E-009
          17           3   3.0614080512969703E-009
          17           4   2.0956177779826950E-010
          17           5  -1.3682213367517854E-009
          17           6  -1.5491275616958977E-008
          17           7   1.8947594271914959E-009
          17           8   1.2970147322126434E-010
          17           9  -8.4681624723405219E-010
          17          10   4.7027105882158623E-011
          17          11   1.1393588771349498E-010
          17          12   7.7991898817173689E-012
          17          13  -5.0920924883093202E-011
          17          14  -1.1555255394487828E-009
          17          15   1.9845569431943941E-017
          17          16  -1.1555255537124650E-009
          17          17   5.8133967553704700E-014
          17          18   1.6073574770069962E-014
          17          19  -1.1555255369524210E-009
          18           1   9.5299086771340183E-008
          18           2  -1.6813082655876404E-009
          18           3  -1.4780552963988230E-009
          18           4   4.7019698098942183E-010
          18           5   5.8012666404164671E-010
          18           6  -4.2502445309382707E-009
          18           7  -9.1479447883249961E-010
          18           8   2.9101319725750000E-010
          18           9   3.5905060512568593E-010
          18          10   1.7158927628903394E-011
          18          11  -5.5008525001155217E-011
          18          12   1.7499248495865965E-011
          18          13   2.1590502530664722E-011
          18          14  -3.2013739821119751E-010
          18          15  -8.9713007891174708E-018
          18          16  -3.2013739169242585E-010
          18          17   1.6073574770069962E-014
          18          18   4.4576678139365178E-015
          18          19  -3.2013739895345599E-010
          19           1  -6.4688565353497327E-003
          19           2  -8.8581972732807270E-004
          19           3  -2.8037433310757052E-009
          19           4  -7.1002736236551859E-010
          19           5  -4.2655449898632938E-010
          19           6  -1.0927246452097270E-003
          19           7  -1.7363970272126385E-009
          19           8  -4.3945398869947956E-010
          19           9  -2.6409732375707394E-010
          19          10  -1.1984156481884619E-004
          19          11  -1.0464971605032732E-010
          19          12  -2.6675174575560159E-011
          19          13  -1.6779215570363533E-011
          19          14   3.7167286520569774E-005
          19          15   6.3078507053223062E-014
          19          16   3.7167286854440238E-005
          19          17  -1.1555255369524210E-009
          19          18  -3.2013739895345599E-010
          19          19   3.7167286855164586E-005
