           1           1   2.0859559551647733     
           1           2 -0.21583352974991613     
           1           3  -5.8550688767773104E-014
           1           4   8.2664742928253778E-014
           1           5  -1.3101098266828037E-013
           1           6 -0.22949719545861347     
           1           7   9.4528911884662764E-014
           1           8  -1.4513476104475544E-014
           1           9   1.0878941788474578E-014
           1          10  -1.0155812478478570E-003
           1          11  -9.0762273998926193E-014
           1          12  -8.4870545170259147E-014
           1          13   8.9932389145157166E-014
           1          14  -1.2446040914440197E-002
           1          15  -5.1427434400030123E-004
           1          16  -1.2052963251602270E-002
           1          17  -1.9203276423786935E-004
           1          18  -1.2515753236523293E-004
           1          19  -1.1803163166387989E-002
           2           1 -0.21583352974991613     
           2           2  0.61636091132688753     
           2           3  -4.3914717578283999E-014
           2           4  -1.0156156944794169E-013
           2           5   1.1645212726583887E-014
           2           6  0.57260344655151374     
           2           7  -1.7417724999697135E-013
           2           8  -1.0818363811785427E-013
           2           9  -3.8058710987519996E-014
           2          10  -1.3275724055813905E-003
           2          11  -3.6607709587968164E-014
           2          12  -3.1596411592759723E-014
           2          13  -1.4630290659340460E-014
           2          14   1.0066034293058851E-002
           2          15   1.6354121859568846E-003
           2          16   8.8160322126819776E-003
           2          17   6.1067157819002854E-004
           2          18   3.9800576574655546E-004
           2          19   8.0216583370028433E-003
           3           1  -5.8550688767773104E-014
           3           2  -4.3914717578283999E-014
           3           3  0.78770019036904726     
           3           4  0.17696906145580232     
           3           5   6.6081185497854536E-002
           3           6   6.7199594228792671E-013
           3           7  0.49670874737004989     
           3           8  0.12949425454836005     
           3           9   4.8353840977484130E-002
           3          10  -3.8265660772074063E-013
           3          11   5.6258336226361644E-002
           3          12   2.9279939080763914E-002
           3          13   1.0933284438350829E-002
           3          14  -1.2217968510844193E-013
           3          15  -1.6976677976165880E-014
           3          16   4.5115469982226701E-014
           3          17  -1.4770166967411929E-013
           3          18   2.9173700529677253E-014
           3          19  -1.6810796045751049E-013
           4           1   8.2664742928253778E-014
           4           2  -1.0156156944794169E-013
           4           3  0.17696906145580232     
           4           4  0.63151127033044729     
           4           5   4.3068473759627933E-002
           4           6   4.1731048260542948E-013
           4           7  0.12949425454845684     
           4           8  0.38242002592995833     
           4           9   3.1514660574935772E-002
           4          10  -2.2704051520048464E-013
           4          11   2.9279939081088627E-002
           4          12   3.0416519438009569E-002
           4          13   7.1257782440731863E-003
           4          14  -2.7948726050778155E-014
           4          15  -1.3425091665481530E-014
           4          16  -3.0087339651905521E-014
           4          17  -8.9310033967042913E-014
           4          18   4.7947562033449328E-014
           4          19  -1.0082301412344224E-013
           5           1  -1.3101098266828037E-013
           5           2   1.1645212726583887E-014
           5           3   6.6081185497854536E-002
           5           4   4.3068473759627933E-002
           5           5  0.53225351723511749     
           5           6   1.5971643116790698E-013
           5           7   4.8353840977413812E-002
           5           8   3.1514660574859639E-002
           5           9  0.30978976705986910     
           5          10  -8.5234356784602639E-014
           5          11   1.0933284438322097E-002
           5          12   7.1257782439737476E-003
           5          13   1.3994095426687322E-002
           5          14  -4.7467619568639628E-014
           5          15  -1.3679546211829167E-015
           5          16   7.7439640555657022E-015
           5          17  -9.6304930409637709E-014
           5          18  -3.6946063392808332E-014
           5          19  -1.9363805037154215E-014
           6           1 -0.22949719545861347     
           6           2  0.57260344655151374     
           6           3   6.7199594228792671E-013
           6           4   4.1731048260542948E-013
           6           5   1.5971643116790698E-013
           6           6  0.53729440295647923     
           6           7   2.8435075472653968E-013
           6           8   2.1645488996572069E-013
           6           9   5.9727105362854621E-014
           6          10   1.9464514061762455E-004
           6          11   1.3101646543893624E-014
           6          12   2.3407928471949658E-015
           6          13  -4.5337689073632077E-015
           6          14   1.0587626397715929E-002
           6          15   3.2807491141751280E-003
           6          16   8.0800364141979820E-003
           6          17   1.2250491075472833E-003
           6          18   7.9842688870876356E-004
           6          19   6.4864678864200095E-003
           7           1   9.4528911884662764E-014
           7           2  -1.7417724999697135E-013
           7           3  0.49670874737004989     
           7           4  0.12949425454845684     
           7           5   4.8353840977413812E-002
           7           6   2.8435075472653968E-013
           7           7  0.31465346563606833     
           7           8   9.2929544184280358E-002
           7           9   3.4700384331405106E-002
           7          10  -2.2897507751482105E-013
           7          11   3.6733045588858412E-002
           7          12   1.9676061337377641E-002
           7          13   7.3471455877886808E-003
           7          14  -7.3822093021743471E-014
           7          15  -6.6101024354114330E-015
           7          16   2.3542782186192559E-014
           7          17  -8.8532950637452258E-014
           7          18   1.9123980717520106E-014
           7          19  -1.0692163267067313E-013
           8           1  -1.4513476104475544E-014
           8           2  -1.0818363811785427E-013
           8           3  0.12949425454836005     
           8           4  0.38242002592995833     
           8           5   3.1514660574859639E-002
           8           6   2.1645488996572069E-013
           8           7   9.2929544184280358E-002
           8           8  0.23263593655293080     
           8           9   2.2616007579330789E-002
           8          10  -1.3715729596222429E-013
           8          11   1.9676061337598624E-002
           8          12   1.9367395653785952E-002
           8          13   4.7885089316681666E-003
           8          14  -1.7571822158158377E-014
           8          15  -6.5809626656829215E-015
           8          16  -1.7606881334972056E-014
           8          17  -5.4025786848831316E-014
           8          18   2.8948008986979047E-014
           8          19  -6.2799568050164558E-014
           9           1   1.0878941788474578E-014
           9           2  -3.8058710987519996E-014
           9           3   4.8353840977484130E-002
           9           4   3.1514660574935772E-002
           9           5  0.30978976705986910     
           9           6   5.9727105362854621E-014
           9           7   3.4700384331405106E-002
           9           8   2.2616007579330789E-002
           9           9  0.18051395728499323     
           9          10  -5.0775854100852536E-014
           9          11   7.3471455877740684E-003
           9          12   4.7885089316040373E-003
           9          13   8.3315590947021893E-003
           9          14  -2.8250630081702835E-014
           9          15   4.8275364207835694E-016
           9          16   3.4362067340475728E-015
           9          17  -5.6210472399692936E-014
           9          18  -2.0656023537336099E-014
           9          19  -1.4245945791041929E-014
          10           1  -1.0155812478478570E-003
          10           2  -1.3275724055813905E-003
          10           3  -3.8265660772074063E-013
          10           4  -2.2704051520048464E-013
          10           5  -8.5234356784602639E-014
          10           6   1.9464514061762455E-004
          10           7  -2.2897507751482105E-013
          10           8  -1.3715729596222429E-013
          10           9  -5.0775854100852536E-014
          10          10   4.0616720779234369E-004
          10          11  -1.8860514300835953E-014
          10          12  -1.1904338947623282E-014
          10          13  -4.5573679200161248E-015
          10          14   3.0242799296764037E-004
          10          15   5.0015967635339649E-004
          10          16  -7.9861341126018329E-005
          10          17   1.8676227402819378E-004
          10          18   1.2172248481942263E-004
          10          19  -3.2280546501540401E-004
          11           1  -9.0762273998926193E-014
          11           2  -3.6607709587968164E-014
          11           3   5.6258336226361644E-002
          11           4   2.9279939081088627E-002
          11           5   1.0933284438322097E-002
          11           6   1.3101646543893624E-014
          11           7   3.6733045588858412E-002
          11           8   1.9676061337598624E-002
          11           9   7.3471455877740684E-003
          11          10  -1.8860514300835953E-014
          11          11   5.1207830817806173E-003
          11          12   3.1752941822783846E-003
          11          13   1.1856716769336937E-003
          11          14  -4.8841527236309506E-015
          11          15   7.9895531304421386E-016
          11          16   1.2680388712293313E-015
          11          17  -7.4707267001299889E-015
          11          18   2.4311691577159982E-015
          11          19  -1.0038368889104204E-014
          12           1  -8.4870545170259147E-014
          12           2  -3.1596411592759723E-014
          12           3   2.9279939080763914E-002
          12           4   3.0416519438009569E-002
          12           5   7.1257782439737476E-003
          12           6   2.3407928471949658E-015
          12           7   1.9676061337377641E-002
          12           8   1.9367395653785952E-002
          12           9   4.7885089316040373E-003
          12          10  -1.1904338947623282E-014
          12          11   3.1752941822783846E-003
          12          12   2.3183397337043490E-003
          12          13   7.7276261196920521E-004
          12          14  -2.1227360873638357E-015
          12          15   2.7824680544814924E-016
          12          16  -4.0829592438890712E-016
          12          17  -4.7875408823260995E-015
          12          18   2.1733986589091501E-015
          12          19  -6.1865035554334499E-015
          13           1   8.9932389145157166E-014
          13           2  -1.4630290659340460E-014
          13           3   1.0933284438350829E-002
          13           4   7.1257782440731863E-003
          13           5   1.3994095426687322E-002
          13           6  -4.5337689073632077E-015
          13           7   7.3471455877886808E-003
          13           8   4.7885089316681666E-003
          13           9   8.3315590947021893E-003
          13          10  -4.5573679200161248E-015
          13          11   1.1856716769336937E-003
          13          12   7.7276261196920521E-004
          13          13   5.3739246884551908E-004
          13          14  -2.2357255586463854E-015
          13          15   1.5300784685963138E-016
          13          16  -3.4212491828487487E-016
          13          17  -3.1815320306351086E-015
          13          18  -4.0027680156963663E-016
          13          19  -2.4999708295762268E-015
          14           1  -1.2446040914440197E-002
          14           2   1.0066034293058851E-002
          14           3  -1.2217968510844193E-013
          14           4  -2.7948726050778155E-014
          14           5  -4.7467619568639628E-014
          14           6   1.0587626397715929E-002
          14           7  -7.3822093021743471E-014
          14           8  -1.7571822158158377E-014
          14           9  -2.8250630081702835E-014
          14          10   3.0242799296764037E-004
          14          11  -4.8841527236309506E-015
          14          12  -2.1227360873638357E-015
          14          13  -2.2357255586463854E-015
          14          14   4.5642815051942704E-004
          14          15   4.2372081828807428E-004
          14          16   1.3256367857020668E-004
          14          17   1.5821959929281239E-004
          14          18   1.0311977016473880E-004
          14          19  -7.3251559715363258E-005
          15           1  -5.1427434400030123E-004
          15           2   1.6354121859568846E-003
          15           3  -1.6976677976165880E-014
          15           4  -1.3425091665481530E-014
          15           5  -1.3679546211829167E-015
          15           6   3.2807491141751280E-003
          15           7  -6.6101024354114330E-015
          15           8  -6.5809626656829215E-015
          15           9   4.8275364207835694E-016
          15          10   5.0015967635339649E-004
          15          11   7.9895531304421386E-016
          15          12   2.7824680544814924E-016
          15          13   1.5300784685963138E-016
          15          14   4.2372081828807428E-004
          15          15   6.3528476709807556E-004
          15          16  -6.1849294734136223E-005
          15          17   2.3721869908613325E-004
          15          18   1.5460750651284601E-004
          15          19  -3.7042815156536709E-004
          16           1  -1.2052963251602270E-002
          16           2   8.8160322126819776E-003
          16           3   4.5115469982226701E-014
          16           4  -3.0087339651905521E-014
          16           5   7.7439640555657022E-015
          16           6   8.0800364141979820E-003
          16           7   2.3542782186192559E-014
          16           8  -1.7606881334972056E-014
          16           9   3.4362067340475728E-015
          16          10  -7.9861341126018329E-005
          16          11   1.2680388712293313E-015
          16          12  -4.0829592438890712E-016
          16          13  -3.4212491828487487E-016
          16          14   1.3256367857020668E-004
          16          15  -6.1849294734136223E-005
          16          16   1.7983723301726964E-004
          16          17  -2.3094854463723151E-005
          16          18  -1.5052092753446068E-005
          16          19   2.0987948439298327E-004
          17           1  -1.9203276423786935E-004
          17           2   6.1067157819002854E-004
          17           3  -1.4770166967411929E-013
          17           4  -8.9310033967042913E-014
          17           5  -9.6304930409637709E-014
          17           6   1.2250491075472833E-003
          17           7  -8.8532950637452258E-014
          17           8  -5.4025786848831316E-014
          17           9  -5.6210472399692936E-014
          17          10   1.8676227402819378E-004
          17          11  -7.4707267001299889E-015
          17          12  -4.7875408823260995E-015
          17          13  -3.1815320306351086E-015
          17          14   1.5821959929281239E-004
          17          15   2.3721869908613325E-004
          17          16  -2.3094854463723151E-005
          17          17   8.8578719513716963E-005
          17          18   5.7731262362011233E-005
          17          19  -1.3831983509306350E-004
          18           1  -1.2515753236523293E-004
          18           2   3.9800576574655546E-004
          18           3   2.9173700529677253E-014
          18           4   4.7947562033449328E-014
          18           5  -3.6946063392808332E-014
          18           6   7.9842688870876356E-004
          18           7   1.9123980717520106E-014
          18           8   2.8948008986979047E-014
          18           9  -2.0656023537336099E-014
          18          10   1.2172248481942263E-004
          18          11   2.4311691577159982E-015
          18          12   2.1733986589091501E-015
          18          13  -4.0027680156963663E-016
          18          14   1.0311977016473880E-004
          18          15   1.5460750651284601E-004
          18          16  -1.5052092753446068E-005
          18          17   5.7731262362011233E-005
          18          18   3.7626403635189774E-005
          18          19  -9.0150080440432157E-005
          19           1  -1.1803163166387989E-002
          19           2   8.0216583370028433E-003
          19           3  -1.6810796045751049E-013
          19           4  -1.0082301412344224E-013
          19           5  -1.9363805037154215E-014
          19           6   6.4864678864200095E-003
          19           7  -1.0692163267067313E-013
          19           8  -6.2799568050164558E-014
          19           9  -1.4245945791041929E-014
          19          10  -3.2280546501540401E-004
          19          11  -1.0038368889104204E-014
          19          12  -6.1865035554334499E-015
          19          13  -2.4999708295762268E-015
          19          14  -7.3251559715363258E-005
          19          15  -3.7042815156536709E-004
          19          16   2.0987948439298327E-004
          19          17  -1.3831983509306350E-004
          19          18  -9.0150080440432157E-005
          19          19   3.8980870900469930E-004
