           1           1   2.1779260780194432     
           1           2 -0.68151796110454621     
           1           3   3.4427091206447432E-015
           1           4   1.2324652201580504E-015
           1           5   5.2577863850332505E-016
           1           6   1.2304082157501242     
           1           7   1.2989994323608105E-015
           1           8   2.8007502669348419E-015
           1           9   1.9972628507946680E-015
           1          10 -0.34343499655391801     
           1          11  -8.5680187823803686E-016
           1          12  -1.0218337175891423E-015
           1          13   2.2974981385517597E-015
           1          14  0.11370326691290783     
           1          15   3.1381366929937653E-016
           1          16  -1.7764992762019395E-016
           1          17  -1.8491618180122783E-015
           1          18 -0.34650149941041652     
           1          19   9.3485689458681193E-004
           1          20 -0.34841681365059318     
           1          21   2.3224978959653746E-003
           1          22   8.3083521850938738E-004
           1          23 -0.34696309118652630     
           2           1 -0.68151796110454621     
           2           2   2.6180599729790828     
           2           3  -5.9120802429846012E-015
           2           4  -5.1959499126838653E-015
           2           5  -8.1088545470178273E-015
           2           6  -4.3072817284060925     
           2           7  -3.5740875829609217E-015
           2           8  -6.8631851784004389E-015
           2           9   1.4152638573242934E-015
           2          10   1.2038711753974602     
           2          11  -2.1694543094385501E-015
           2          12   1.1260588311088543E-015
           2          13  -5.2780844185708025E-015
           2          14 -0.39860245036656677     
           2          15   2.9400795071998604E-015
           2          16  -8.9780147925707017E-016
           2          17   3.1413061237118715E-015
           2          18   1.2159585440817082     
           2          19  -3.3813637517861742E-003
           2          20   1.2228854345388620     
           2          21  -8.4004288983920393E-003
           2          22  -3.0051202422546499E-003
           2          23   1.2176279235064402     
           3           1   3.4427091206447432E-015
           3           2  -5.9120802429846012E-015
           3           3   2.1348161968778117     
           3           4  -9.2379789087063784E-003
           3           5  -2.2958258514734813E-002
           3           6  -8.9230555822752597E-015
           3           7 -0.41751127256589587     
           3           8   5.3809227161807215E-002
           3           9  0.13372688549023060     
           3          10   5.1568217135744721E-015
           3          11  0.28085671791193828     
           3          12  -2.3359787739537161E-002
           3          13  -5.8053828774161403E-002
           3          14  -3.3566912715606484E-015
           3          15 -0.12903119826558535     
           3          16   1.1147029239433405E-002
           3          17   2.7702637285170514E-002
           3          18   1.2712272674393560E-015
           3          19  -1.2298805594739326E-016
           3          20   1.4360140958135959E-015
           3          21   7.1907382815036086E-016
           3          22   1.1463761124308759E-016
           3          23   5.5560965951808869E-015
           4           1   1.2324652201580504E-015
           4           2  -5.1959499126838653E-015
           4           3  -9.2379789087063784E-003
           4           4   2.1573485134097607     
           4           5  -8.2091566358834071E-003
           4           6  -1.8616357187158244E-014
           4           7   5.3809227161811912E-002
           4           8 -0.54875713822193906     
           4           9   4.7816560158002376E-002
           4          10   2.3517049028983032E-015
           4          11  -2.3359787739553134E-002
           4          12  0.33783348054405787     
           4          13  -2.0758237102478972E-002
           4          14   1.5963809841688547E-015
           4          15   1.1147029239445647E-002
           4          16 -0.15621987164354917     
           4          17   9.9055983950109665E-003
           4          18   5.6280823441351711E-015
           4          19  -9.9459197896022324E-016
           4          20   4.9384050521144034E-015
           4          21  -1.6627351824899530E-015
           4          22   1.2534416336598494E-015
           4          23   2.5628461872961589E-015
           5           1   5.2577863850332505E-016
           5           2  -8.1088545470178273E-015
           5           3  -2.2958258514734813E-002
           5           4  -8.2091566358834071E-003
           5           5   2.1402503006269917     
           5           6   1.4602282996870792E-014
           5           7  0.13372688549022510     
           5           8   4.7816560158003237E-002
           5           9 -0.44916375044662593     
           5          10  -8.0337039819764630E-015
           5          11  -5.8053828774150419E-002
           5          12  -2.0758237102483049E-002
           5          13  0.29459776575305063     
           5          14   5.7332800691651966E-015
           5          15   2.7702637285160297E-002
           5          16   9.9055983950099655E-003
           5          17 -0.13558827248960009     
           5          18  -8.8391094654527386E-015
           5          19  -5.4552091580548050E-016
           5          20  -2.4837592677136461E-015
           5          21   1.3709490496010654E-015
           5          22  -2.9558251191092875E-015
           5          23  -4.3439940757088182E-015
           6           1   1.2304082157501242     
           6           2  -4.3072817284060925     
           6           3  -8.9230555822752597E-015
           6           4  -1.8616357187158244E-014
           6           5   1.4602282996870792E-014
           6           6   27.213670731173210     
           6           7   4.9092266429125531E-014
           6           8   5.5596886575964661E-014
           6           9  -3.0713283482907096E-014
           6          10  -7.9034841543397887     
           6          11   2.9050074112398573E-016
           6          12  -4.2260836441485134E-015
           6          13   4.8927722095108131E-014
           6          14   2.7540414117288368     
           6          15  -1.1593650771259033E-014
           6          16   3.6069697126827751E-015
           6          17  -3.1738159476552680E-014
           6          18  -6.8382239965747633     
           6          19   2.6401510490877675E-002
           6          20  -6.8924112104588282     
           6          21   6.5591724090804646E-002
           6          22   2.3463637379008494E-002
           6          23  -6.8512837666557163     
           7           1   1.2989994323608105E-015
           7           2  -3.5740875829609217E-015
           7           3 -0.41751127256589587     
           7           4   5.3809227161811912E-002
           7           5  0.13372688549022510     
           7           6   4.9092266429125531E-014
           7           7  0.84462830147045698     
           7           8 -0.31374995972865871     
           7           9 -0.77973253195115388     
           7          10  -1.2483176092313396E-014
           7          11 -0.37891861514308428     
           7          12  0.13557366739268856     
           7          13  0.33692816736433284     
           7          14   1.0555659955963083E-014
           7          15  0.18012198139990698     
           7          16  -6.4700301296630819E-002
           7          17 -0.16079342222595702     
           7          18  -2.0669041278430915E-014
           7          19  -6.0417418208313504E-015
           7          20  -6.2364876467205223E-015
           7          21   5.3638487724836923E-015
           7          22  -1.2671823837016014E-015
           7          23  -1.2440579083847308E-014
           8           1   2.8007502669348419E-015
           8           2  -6.8631851784004389E-015
           8           3   5.3809227161807215E-002
           8           4 -0.54875713822193906     
           8           5   4.7816560158003237E-002
           8           6   5.5596886575964661E-014
           8           7 -0.31374995972865871     
           8           8   1.6098945436398717     
           8           9 -0.27880801519083154     
           8          10  -1.3210314697854197E-014
           8          11  0.13557366739269588     
           8          12 -0.70959579219343349     
           8          13  0.12047499591900883     
           8          14   5.7123666591940555E-015
           8          15  -6.4700301296635315E-002
           8          16  0.33793222138631629     
           8          17  -5.7494708851483008E-002
           8          18  -1.3186200793290790E-014
           8          19   1.6525304518511674E-015
           8          20  -1.2240156181145130E-014
           8          21   2.8392450015911134E-015
           8          22  -4.5776020196849089E-016
           8          23  -9.5087089126708093E-015
           9           1   1.9972628507946680E-015
           9           2   1.4152638573242934E-015
           9           3  0.13372688549023060     
           9           4   4.7816560158002376E-002
           9           5 -0.44916375044662593     
           9           6  -3.0713283482907096E-014
           9           7 -0.77973253195115388     
           9           8 -0.27880801519083154     
           9           9   1.0291870506703764     
           9          10   8.6848771347384048E-015
           9          11  0.33692816736432740     
           9          12  0.12047499591901557     
           9          13 -0.45866780937431856     
           9          14  -9.7693846086866548E-015
           9          15 -0.16079342222595336     
           9          16  -5.7494708851486491E-002
           9          17  0.21818097171975373     
           9          18   2.0817675163035179E-014
           9          19   6.5104319576102279E-015
           9          20   2.8678046842263133E-015
           9          21  -6.7637797605271875E-015
           9          22   2.0496039563531892E-015
           9          23   8.9187520668272792E-015
          10           1 -0.34343499655391801     
          10           2   1.2038711753974602     
          10           3   5.1568217135744721E-015
          10           4   2.3517049028983032E-015
          10           5  -8.0337039819764630E-015
          10           6  -7.9034841543397887     
          10           7  -1.2483176092313396E-014
          10           8  -1.3210314697854197E-014
          10           9   8.6848771347384048E-015
          10          10   2.3174617152221075     
          10          11   2.7425542108006721E-016
          10          12   7.5399740643842012E-016
          10          13  -1.2360417953868359E-014
          10          14 -0.80147933945217131     
          10          15   2.6117710292342015E-015
          10          16  -7.0217248958078696E-016
          10          17   7.8114148962964443E-015
          10          18   2.0060641339741245     
          10          19  -6.2951536721095533E-003
          10          20   2.0189841582528834     
          10          21  -1.5639629629045648E-002
          10          22  -5.5946502992295210E-003
          10          23   2.0091780130553158     
          11           1  -8.5680187823803686E-016
          11           2  -2.1694543094385501E-015
          11           3  0.28085671791193828     
          11           4  -2.3359787739553134E-002
          11           5  -5.8053828774150419E-002
          11           6   2.9050074112398573E-016
          11           7 -0.37891861514308428     
          11           8  0.13557366739269588     
          11           9  0.33692816736432740     
          11          10   2.7425542108006721E-016
          11          11  0.17472111026122955     
          11          12  -5.8590795796274055E-002
          11          13 -0.14561005711291003     
          11          14  -2.5118176673104319E-015
          11          15  -8.2824678741726415E-002
          11          16   2.7961265644469404E-002
          11          17   6.9489438265991188E-002
          11          18   4.4943413921519472E-015
          11          19   2.6410275707811982E-015
          11          20  -1.7697760252351167E-015
          11          21  -2.0254322776896795E-015
          11          22   6.1148697278793606E-016
          11          23   1.1955226902539360E-015
          12           1  -1.0218337175891423E-015
          12           2   1.1260588311088543E-015
          12           3  -2.3359787739537161E-002
          12           4  0.33783348054405787     
          12           5  -2.0758237102483049E-002
          12           6  -4.2260836441485134E-015
          12           7  0.13557366739268856     
          12           8 -0.70959579219343349     
          12           9  0.12047499591901557     
          12          10   7.5399740643842012E-016
          12          11  -5.8590795796274055E-002
          12          12  0.31762968039621281     
          12          13  -5.2065611414068701E-002
          12          14  -2.8161840661299644E-016
          12          15   2.7961265644470060E-002
          12          16 -0.15102488729171620     
          12          17   2.4847254110570080E-002
          12          18   1.9949517040756269E-015
          12          19  -6.7280986129444305E-016
          12          20   1.3691860365190739E-015
          12          21  -1.0912317932709806E-015
          12          22   3.4893446989841830E-016
          12          23   2.0677079289612124E-016
          13           1   2.2974981385517597E-015
          13           2  -5.2780844185708025E-015
          13           3  -5.8053828774161403E-002
          13           4  -2.0758237102478972E-002
          13           5  0.29459776575305063     
          13           6   4.8927722095108131E-014
          13           7  0.33692816736433284     
          13           8  0.12047499591900883     
          13           9 -0.45866780937431856     
          13          10  -1.2360417953868359E-014
          13          11 -0.14561005711291003     
          13          12  -5.2065611414068701E-002
          13          13  0.20918627480225782     
          13          14   7.9410282273502019E-015
          13          15   6.9489438265990494E-002
          13          16   2.4847254110570063E-002
          13          17  -9.9272477548946927E-002
          13          18  -1.5765338318105420E-014
          13          19  -2.6177295119469495E-015
          13          20  -8.1988787350389538E-015
          13          21   3.3406553470259228E-015
          13          22  -8.4383325494101554E-016
          13          23  -1.0603208068874886E-014
          14           1  0.11370326691290783     
          14           2 -0.39860245036656677     
          14           3  -3.3566912715606484E-015
          14           4   1.5963809841688547E-015
          14           5   5.7332800691651966E-015
          14           6   2.7540414117288368     
          14           7   1.0555659955963083E-014
          14           8   5.7123666591940555E-015
          14           9  -9.7693846086866548E-015
          14          10 -0.80147933945217131     
          14          11  -2.5118176673104319E-015
          14          12  -2.8161840661299644E-016
          14          13   7.9410282273502019E-015
          14          14  0.27955321183924492     
          14          15   4.9864385918374891E-017
          14          16   3.0021968452712762E-016
          14          17  -4.6296210307550964E-015
          14          18 -0.68976911038207800     
          14          19   2.6484261869430493E-003
          14          20 -0.69520495966511531     
          14          21   6.5797333718296278E-003
          14          22   2.3537177880088626E-003
          14          23 -0.69107921634445091     
          15           1   3.1381366929937653E-016
          15           2   2.9400795071998604E-015
          15           3 -0.12903119826558535     
          15           4   1.1147029239445647E-002
          15           5   2.7702637285160297E-002
          15           6  -1.1593650771259033E-014
          15           7  0.18012198139990698     
          15           8  -6.4700301296635315E-002
          15           9 -0.16079342222595336     
          15          10   2.6117710292342015E-015
          15          11  -8.2824678741726415E-002
          15          12   2.7961265644470060E-002
          15          13   6.9489438265990494E-002
          15          14   4.9864385918374891E-017
          15          15   3.9273157286750723E-002
          15          16  -1.3343948919315042E-002
          15          17  -3.3162430000255344E-002
          15          18   4.1555694625345713E-017
          15          19  -1.3140515268278263E-015
          15          20   3.1433869047211615E-015
          15          21   8.4397237942110414E-016
          15          22  -3.3790215679717407E-016
          15          23   1.6564498543534050E-015
          16           1  -1.7764992762019395E-016
          16           2  -8.9780147925707017E-016
          16           3   1.1147029239433405E-002
          16           4 -0.15621987164354917     
          16           5   9.9055983950099655E-003
          16           6   3.6069697126827751E-015
          16           7  -6.4700301296630819E-002
          16           8  0.33793222138631629     
          16           9  -5.7494708851486491E-002
          16          10  -7.0217248958078696E-016
          16          11   2.7961265644469404E-002
          16          12 -0.15102488729171620     
          16          13   2.4847254110570063E-002
          16          14   3.0021968452712762E-016
          16          15  -1.3343948919315042E-002
          16          16   7.1820328460947061E-002
          16          17  -1.1857849850307895E-002
          16          18  -1.2084588692917969E-015
          16          19   3.2869664834598613E-016
          16          20  -9.3279673665677996E-016
          16          21   5.4143464438433001E-016
          16          22  -1.5349632332716129E-016
          16          23  -3.6865591575126597E-016
          17           1  -1.8491618180122783E-015
          17           2   3.1413061237118715E-015
          17           3   2.7702637285170514E-002
          17           4   9.9055983950109665E-003
          17           5 -0.13558827248960009     
          17           6  -3.1738159476552680E-014
          17           7 -0.16079342222595702     
          17           8  -5.7494708851483008E-002
          17           9  0.21818097171975373     
          17          10   7.8114148962964443E-015
          17          11   6.9489438265991188E-002
          17          12   2.4847254110570080E-002
          17          13  -9.9272477548946927E-002
          17          14  -4.6296210307550964E-015
          17          15  -3.3162430000255344E-002
          17          16  -1.1857849850307895E-002
          17          17   4.7122536850230261E-002
          17          18   8.9675630780544832E-015
          17          19   1.2067132694625976E-015
          17          20   5.4543620534225182E-015
          17          21  -1.7034649584530589E-015
          17          22   3.5876266021961962E-016
          17          23   6.5306111827798547E-015
          18           1 -0.34650149941041652     
          18           2   1.2159585440817082     
          18           3   1.2712272674393560E-015
          18           4   5.6280823441351711E-015
          18           5  -8.8391094654527386E-015
          18           6  -6.8382239965747633     
          18           7  -2.0669041278430915E-014
          18           8  -1.3186200793290790E-014
          18           9   2.0817675163035179E-014
          18          10   2.0060641339741245     
          18          11   4.4943413921519472E-015
          18          12   1.9949517040756269E-015
          18          13  -1.5765338318105420E-014
          18          14 -0.68976911038207800     
          18          15   4.1555694625345713E-017
          18          16  -1.2084588692917969E-015
          18          17   8.9675630780544832E-015
          18          18   1.7561217422966877     
          18          19  -4.9780986737219379E-003
          18          20   1.7663377546383112     
          18          21  -1.2367534170331519E-002
          18          22  -4.4241543668491791E-003
          18          23   1.7585839165110790     
          19           1   9.3485689458681193E-004
          19           2  -3.3813637517861742E-003
          19           3  -1.2298805594739326E-016
          19           4  -9.9459197896022324E-016
          19           5  -5.4552091580548050E-016
          19           6   2.6401510490877675E-002
          19           7  -6.0417418208313504E-015
          19           8   1.6525304518511674E-015
          19           9   6.5104319576102279E-015
          19          10  -6.2951536721095533E-003
          19          11   2.6410275707811982E-015
          19          12  -6.7280986129444305E-016
          19          13  -2.6177295119469495E-015
          19          14   2.6484261869430493E-003
          19          15  -1.3140515268278263E-015
          19          16   3.2869664834598613E-016
          19          17   1.2067132694625976E-015
          19          18  -4.9780986737219379E-003
          19          19   1.1938339535882374E-004
          19          20  -5.2231642424217925E-003
          19          21   2.9659588108524575E-004
          19          22   1.0609873329577431E-004
          19          23  -5.0371626778958033E-003
          20           1 -0.34841681365059318     
          20           2   1.2228854345388620     
          20           3   1.4360140958135959E-015
          20           4   4.9384050521144034E-015
          20           5  -2.4837592677136461E-015
          20           6  -6.8924112104588282     
          20           7  -6.2364876467205223E-015
          20           8  -1.2240156181145130E-014
          20           9   2.8678046842263133E-015
          20          10   2.0189841582528834     
          20          11  -1.7697760252351167E-015
          20          12   1.3691860365190739E-015
          20          13  -8.1988787350389538E-015
          20          14 -0.69520495966511531     
          20          15   3.1433869047211615E-015
          20          16  -9.3279673665677996E-016
          20          17   5.4543620534225182E-015
          20          18   1.7663377546383112     
          20          19  -5.2231642424217925E-003
          20          20   1.7770568281756658     
          20          21  -1.2976374607310265E-002
          20          22  -4.6419497000970656E-003
          20          23   1.7689211731751713     
          21           1   2.3224978959653746E-003
          21           2  -8.4004288983920393E-003
          21           3   7.1907382815036086E-016
          21           4  -1.6627351824899530E-015
          21           5   1.3709490496010654E-015
          21           6   6.5591724090804646E-002
          21           7   5.3638487724836923E-015
          21           8   2.8392450015911134E-015
          21           9  -6.7637797605271875E-015
          21          10  -1.5639629629045648E-002
          21          11  -2.0254322776896795E-015
          21          12  -1.0912317932709806E-015
          21          13   3.3406553470259228E-015
          21          14   6.5797333718296278E-003
          21          15   8.4397237942110414E-016
          21          16   5.4143464438433001E-016
          21          17  -1.7034649584530589E-015
          21          18  -1.2367534170331519E-002
          21          19   2.9659588108524575E-004
          21          20  -1.2976374607310265E-002
          21          21   7.3686224468215910E-004
          21          22   2.6359149183788382E-004
          21          23  -1.2514272670994923E-002
          22           1   8.3083521850938738E-004
          22           2  -3.0051202422546499E-003
          22           3   1.1463761124308759E-016
          22           4   1.2534416336598494E-015
          22           5  -2.9558251191092875E-015
          22           6   2.3463637379008494E-002
          22           7  -1.2671823837016014E-015
          22           8  -4.5776020196849089E-016
          22           9   2.0496039563531892E-015
          22          10  -5.5946502992295210E-003
          22          11   6.1148697278793606E-016
          22          12   3.4893446989841830E-016
          22          13  -8.4383325494101554E-016
          22          14   2.3537177880088626E-003
          22          15  -3.3790215679717407E-016
          22          16  -1.5349632332716129E-016
          22          17   3.5876266021961962E-016
          22          18  -4.4241543668491791E-003
          22          19   1.0609873329577431E-004
          22          20  -4.6419497000970656E-003
          22          21   2.6359149183788382E-004
          22          22   9.4292352577172656E-005
          22          23  -4.4766458879541603E-003
          23           1 -0.34696309118652630     
          23           2   1.2176279235064402     
          23           3   5.5560965951808869E-015
          23           4   2.5628461872961589E-015
          23           5  -4.3439940757088182E-015
          23           6  -6.8512837666557163     
          23           7  -1.2440579083847308E-014
          23           8  -9.5087089126708093E-015
          23           9   8.9187520668272792E-015
          23          10   2.0091780130553158     
          23          11   1.1955226902539360E-015
          23          12   2.0677079289612124E-016
          23          13  -1.0603208068874886E-014
          23          14 -0.69107921634445091     
          23          15   1.6564498543534050E-015
          23          16  -3.6865591575126597E-016
          23          17   6.5306111827798547E-015
          23          18   1.7585839165110790     
          23          19  -5.0371626778958033E-003
          23          20   1.7689211731751713     
          23          21  -1.2514272670994923E-002
          23          22  -4.4766458879541603E-003
          23          23   1.7610753121916844     
