           1           1   2.1414955098484647     
           1           2 -0.57352139060518181     
           1           3  -9.3952737963644236E-011
           1           4  -1.3013829951887306E-011
           1           5   4.3806187234624596E-011
           1           6   3.6370890942372308E-002
           1           7  -8.7811831472157542E-012
           1           8  -4.7294465339744951E-012
           1           9   4.3115726447841746E-012
           1          10   7.0331368017256396E-002
           1          11   1.9530634081439515E-012
           1          12   2.5026168157923435E-012
           1          13  -1.1888318146589013E-012
           1          14  -5.6626763505267519E-003
           1          15  -1.6714033546396535E-012
           1          16  -2.9796286297963330E-013
           1          17   7.2956685183286087E-013
           1          18   1.4863539843421265E-002
           1          19  -3.7765232229562662E-006
           1          20   1.4871696934361928E-002
           1          21  -2.4231663807581594E-005
           1          22  -8.5156803164344354E-006
           1          23   1.4825526943663084E-002
           2           1 -0.57352139060518181     
           2           2   2.3212989185960149     
           2           3   4.4503532397901671E-010
           2           4   6.2378692082612715E-011
           2           5  -2.0756562678089868E-010
           2           6 -0.39622089308932595     
           2           7   4.4169926672212303E-011
           2           8   1.9932264558297093E-011
           2           9  -2.1257838843051768E-011
           2          10 -0.27138759972426596     
           2          11  -5.7477613832363276E-012
           2          12  -1.4805551037478716E-011
           2          13   4.6434406097898306E-012
           2          14   7.5025060960440468E-003
           2          15   7.9605489137813115E-012
           2          16   1.4103487997628309E-012
           2          17  -3.5619502342003227E-012
           2          18   4.7342164490053133E-004
           2          19   1.8149368234902496E-005
           2          20   4.3421995261616435E-004
           2          21   1.1645354279728529E-004
           2          22   4.0925006118174793E-005
           2          23   6.5610555333921530E-004
           3           1  -9.3952737963644236E-011
           3           2   4.4503532397901671E-010
           3           3   2.0191225366297214     
           3           4  -3.0659160484080095E-003
           3           5  -1.9671822172464895E-002
           3           6   8.2010650318848233E-010
           3           7  -7.5876404582667478E-002
           3           8   8.5002573947512081E-003
           3           9   5.4540262155602051E-002
           3          10  -9.4040156545808851E-010
           3          11 -0.10516023575404593     
           3          12   5.6448103684604602E-003
           3          13   3.6218832560131961E-002
           3          14   6.3812228861622634E-010
           3          15   1.4276223740803109E-003
           3          16   5.0394745024060611E-004
           3          17   3.2334797136868735E-003
           3          18  -2.1923703683660146E-010
           3          19   3.2707288519725778E-010
           3          20  -3.5586470405300664E-010
           3          21  -8.0264262924636623E-011
           3          22   6.3932209616702717E-011
           3          23  -1.6256398983133916E-010
           4           1  -1.3013829951887306E-011
           4           2   6.2378692082612715E-011
           4           3  -3.0659160484080095E-003
           4           4   2.0267691560284118     
           4           5  -6.9132969125824204E-003
           4           6   1.8134605903566175E-010
           4           7   8.5002573525002258E-003
           4           8  -9.7076763027227203E-002
           4           9   1.9167097323027293E-002
           4          10  -1.6369050459222057E-010
           4          11   5.6448099282503288E-003
           4          12 -0.11923887018068706     
           4          13   1.2728393031761702E-002
           4          14   7.3478959176626947E-011
           4          15   5.0394788501960202E-004
           4          16   1.7073245325498762E-004
           4          17   1.1363429041612513E-003
           4          18  -1.2922595751940936E-011
           4          19   5.3093317640549628E-012
           4          20  -6.5291049566255723E-011
           4          21  -1.8740474180748432E-013
           4          22  -1.4033264799496685E-012
           4          23  -1.7299906686142717E-011
           5           1   4.3806187234624596E-011
           5           2  -2.0756562678089868E-010
           5           3  -1.9671822172464895E-002
           5           4  -6.9132969125824204E-003
           5           5   1.9834888663765931     
           5           6  -3.9006075576815967E-010
           5           7   5.4540262661591739E-002
           5           8   1.9167097109782819E-002
           5           9   2.2917955278807408E-002
           5          10   4.4228211163963704E-010
           5          11   3.6218831952530187E-002
           5          12   1.2728392556722735E-002
           5          13  -3.9553353801351318E-002
           5          14  -2.9428983074123907E-010
           5          15   3.2334789961611450E-003
           5          16   1.1363427531311105E-003
           5          17   7.2847529757602506E-003
           5          18   9.6508528695079224E-011
           5          19  -1.4771024387086267E-010
           5          20   1.6676305747218515E-010
           5          21   3.3142441652273241E-011
           5          22  -2.7857689264555839E-011
           5          23   7.7566614753394299E-011
           6           1   3.6370890942372308E-002
           6           2 -0.39622089308932595     
           6           3   8.2010650318848233E-010
           6           4   1.8134605903566175E-010
           6           5  -3.9006075576815967E-010
           6           6  0.89949598272952147     
           6           7  -4.0398610462476651E-012
           6           8  -5.4385193454802580E-011
           6           9   8.6978971413873202E-012
           6          10  0.55228037741344282     
           6          11   5.7686842597988531E-012
           6          12   1.7030891981574370E-011
           6          13  -5.5285236318344676E-012
           6          14  -5.6690318740281742E-003
           6          15  -3.4525277746603724E-012
           6          16  -3.1437835874901964E-012
           6          17   1.9674593668929856E-012
           6          18   6.1819956246175929E-004
           6          19   3.4803199050840485E-004
           6          20  -1.3352822595638289E-004
           6          21   2.2330764702440421E-003
           6          22   7.8477142747636255E-004
           6          23   4.1212712864979531E-003
           7           1  -8.7811831472157542E-012
           7           2   4.4169926672212303E-011
           7           3  -7.5876404582667478E-002
           7           4   8.5002573525002258E-003
           7           5   5.4540262661591739E-002
           7           6  -4.0398610462476651E-012
           7           7  0.34129608110399418     
           7           8  -2.2944470420676918E-002
           7           9 -0.14721877945653106     
           7          10  -9.5470011158964540E-011
           7          11  0.24655717783255104     
           7          12  -1.6674226804645986E-002
           7          13 -0.10698695509443217     
           7          14   5.0856430067171176E-011
           7          15   1.6529821137812293E-002
           7          16  -1.1001802571537068E-003
           7          17  -7.0590841860353618E-003
           7          18   2.8870922668622889E-012
           7          19  -5.3991838733517467E-012
           7          20  -1.1875700046260848E-011
           7          21  -1.1295781016512859E-011
           7          22   4.6201572253779129E-012
           7          23  -1.6307757195600954E-011
           8           1  -4.7294465339744951E-012
           8           2   1.9932264558297093E-011
           8           3   8.5002573947512081E-003
           8           4  -9.7076763027227203E-002
           8           5   1.9167097109782819E-002
           8           6  -5.4385193454802580E-011
           8           7  -2.2944470420676918E-002
           8           8  0.39852152395444396     
           8           9  -5.1737130219431812E-002
           8          10  -3.8481964135825537E-012
           8          11  -1.6674226845078133E-002
           8          12  0.28814410973484456     
           8          13  -3.7598451565938842E-002
           8          14   1.7999923575411359E-012
           8          15  -1.1001803704494867E-003
           8          16   1.9273767583116361E-002
           8          17  -2.4807765733890538E-003
           8          18   3.0228901125802441E-012
           8          19   9.8334466858423022E-012
           8          20  -1.8581981009345159E-011
           8          21  -2.0460028798002963E-012
           8          22   1.6280040804295793E-012
           8          23   9.6306120927331726E-012
           9           1   4.3115726447841746E-012
           9           2  -2.1257838843051768E-011
           9           3   5.4540262155602051E-002
           9           4   1.9167097323027293E-002
           9           5   2.2917955278807408E-002
           9           6   8.6978971413873202E-012
           9           7 -0.14721877945653106     
           9           8  -5.1737130219431812E-002
           9           9   7.4623626322326261E-002
           9          10   4.1711001333147683E-011
           9          11 -0.10698695355948171     
           9          12  -3.7598451013771877E-002
           9          13   5.2760750496424459E-002
           9          14  -2.2737443876452945E-011
           9          15  -7.0590827601895488E-003
           9          16  -2.4807757636234333E-003
           9          17   3.7429816056831194E-003
           9          18  -1.9280659296095116E-012
           9          19   8.3555594252908405E-013
           9          20   7.9808631631474512E-012
           9          21   5.3932797786606176E-012
           9          22  -2.2506484397027269E-012
           9          23   5.8928135521518286E-012
          10           1   7.0331368017256396E-002
          10           2 -0.27138759972426596     
          10           3  -9.4040156545808851E-010
          10           4  -1.6369050459222057E-010
          10           5   4.4228211163963704E-010
          10           6  0.55228037741344282     
          10           7  -9.5470011158964540E-011
          10           8  -3.8481964135825537E-012
          10           9   4.1711001333147683E-011
          10          10  0.34346722073392555     
          10          11  -3.4886480267032751E-011
          10          12   3.8301677360789822E-011
          10          13   9.3347749837093098E-012
          10          14  -4.8209946380805332E-003
          10          15  -9.3930087109499256E-012
          10          16  -6.9444788723070477E-013
          10          17   4.2151466283668464E-012
          10          18   2.2371859545800800E-003
          10          19  -8.8040657545544656E-005
          10          20   2.4273487843032120E-003
          10          21  -5.6489834313830888E-004
          10          22  -1.9852185613045397E-004
          10          23   1.3510176575115950E-003
          11           1   1.9530634081439515E-012
          11           2  -5.7477613832363276E-012
          11           3 -0.10516023575404593     
          11           4   5.6448099282503288E-003
          11           5   3.6218831952530187E-002
          11           6   5.7686842597988531E-012
          11           7  0.24655717783255104     
          11           8  -1.6674226845078133E-002
          11           9 -0.10698695355948171     
          11          10  -3.4886480267032751E-011
          11          11  0.17939209551026256     
          11          12  -1.2089357958371754E-002
          11          13  -7.7569019427052729E-002
          11          14   2.3623572424262257E-011
          11          15   1.1811004560490534E-002
          11          16  -8.0353596054553750E-004
          11          17  -5.1557254147846805E-003
          11          18   4.6642918703198702E-012
          11          19  -1.0841209984257290E-011
          11          20  -3.9035019822752453E-012
          11          21  -3.0650614728873923E-012
          11          22   3.0045001642629950E-012
          11          23  -5.3659015605230881E-012
          12           1   2.5026168157923435E-012
          12           2  -1.4805551037478716E-011
          12           3   5.6448103684604602E-003
          12           4 -0.11923887018068706     
          12           5   1.2728392556722735E-002
          12           6   1.7030891981574370E-011
          12           7  -1.6674226804645986E-002
          12           8  0.28814410973484456     
          12           9  -3.7598451013771877E-002
          12          10   3.8301677360789822E-011
          12          11  -1.2089357958371754E-002
          12          12  0.20954398036609073     
          12          13  -2.7260099866697800E-002
          12          14  -8.8309312603554361E-013
          12          15  -8.0353604911825914E-004
          12          16   1.3815094245404254E-002
          12          17  -1.8118785318380190E-003
          12          18   2.6705190552784552E-012
          12          19   6.9426318131952955E-012
          12          20  -1.1617908150380440E-011
          12          21  -1.4879881594920427E-012
          12          22   1.1781449460655781E-012
          12          23   7.4628584581080162E-012
          13           1  -1.1888318146589013E-012
          13           2   4.6434406097898306E-012
          13           3   3.6218832560131961E-002
          13           4   1.2728393031761702E-002
          13           5  -3.9553353801351318E-002
          13           6  -5.5285236318344676E-012
          13           7 -0.10698695509443217     
          13           8  -3.7598451565938842E-002
          13           9   5.2760750496424459E-002
          13          10   9.3347749837093098E-012
          13          11  -7.7569019427052729E-002
          13          12  -2.7260099866697800E-002
          13          13   3.8883387473479178E-002
          13          14  -1.0341862180207890E-011
          13          15  -5.1557244476188114E-003
          13          16  -1.8118779736760607E-003
          13          17   2.4719130417079887E-003
          13          18  -2.4516801881461908E-012
          13          19   3.7453334728823863E-012
          13          20   3.5596951492492725E-012
          13          21   1.6141616167707040E-012
          13          22  -1.5204694791448627E-012
          13          23   1.1815991097966514E-012
          14           1  -5.6626763505267519E-003
          14           2   7.5025060960440468E-003
          14           3   6.3812228861622634E-010
          14           4   7.3478959176626947E-011
          14           5  -2.9428983074123907E-010
          14           6  -5.6690318740281742E-003
          14           7   5.0856430067171176E-011
          14           8   1.7999923575411359E-012
          14           9  -2.2737443876452945E-011
          14          10  -4.8209946380805332E-003
          14          11   2.3623572424262257E-011
          14          12  -8.8309312603554361E-013
          14          13  -1.0341862180207890E-011
          14          14   5.0276785656856509E-004
          14          15   3.7056684668819564E-012
          14          16   1.1134364168097109E-013
          14          17  -1.6530126874285729E-012
          14          18  -6.1826162523469501E-004
          14          19   1.1075205124916665E-004
          14          20  -8.5747942421626039E-004
          14          21   7.1061926955767339E-004
          14          22   2.4973309672124769E-004
          14          23   4.9650139709378157E-004
          15           1  -1.6714033546396535E-012
          15           2   7.9605489137813115E-012
          15           3   1.4276223740803109E-003
          15           4   5.0394788501960202E-004
          15           5   3.2334789961611450E-003
          15           6  -3.4525277746603724E-012
          15           7   1.6529821137812293E-002
          15           8  -1.1001803704494867E-003
          15           9  -7.0590827601895488E-003
          15          10  -9.3930087109499256E-012
          15          11   1.1811004560490534E-002
          15          12  -8.0353604911825914E-004
          15          13  -5.1557244476188114E-003
          15          14   3.7056684668819564E-012
          15          15   8.1404210527371440E-004
          15          16  -5.2225014503073061E-005
          15          17  -3.3509061927889376E-004
          15          18  -1.9588146788073848E-013
          15          19   3.6373961465858834E-013
          15          20  -1.1274865188633172E-012
          15          21  -8.8766753624137683E-013
          15          22   2.8606687584481351E-013
          15          23  -1.2972384469431633E-012
          16           1  -2.9796286297963330E-013
          16           2   1.4103487997628309E-012
          16           3   5.0394745024060611E-004
          16           4   1.7073245325498762E-004
          16           5   1.1363427531311105E-003
          16           6  -3.1437835874901964E-012
          16           7  -1.1001802571537068E-003
          16           8   1.9273767583116361E-002
          16           9  -2.4807757636234333E-003
          16          10  -6.9444788723070477E-013
          16          11  -8.0353596054553750E-004
          16          12   1.3815094245404254E-002
          16          13  -1.8118779736760607E-003
          16          14   1.1134364168097109E-013
          16          15  -5.2225014503073061E-005
          16          16   9.4429607800020022E-004
          16          17  -1.1776105183547925E-004
          16          18   2.8982236382740251E-013
          16          19   4.5487754881456867E-013
          16          20  -8.0160553783439574E-013
          16          21  -3.1158408240108504E-013
          16          22   5.9399190665850668E-015
          16          23   2.7481183436191704E-013
          17           1   7.2956685183286087E-013
          17           2  -3.5619502342003227E-012
          17           3   3.2334797136868735E-003
          17           4   1.1363429041612513E-003
          17           5   7.2847529757602506E-003
          17           6   1.9674593668929856E-012
          17           7  -7.0590841860353618E-003
          17           8  -2.4807765733890538E-003
          17           9   3.7429816056831194E-003
          17          10   4.2151466283668464E-012
          17          11  -5.1557254147846805E-003
          17          12  -1.8118785318380190E-003
          17          13   2.4719130417079887E-003
          17          14  -1.6530126874285729E-012
          17          15  -3.3509061927889376E-004
          17          16  -1.1776105183547925E-004
          17          17   2.0705827489115062E-004
          17          18   2.0804336783675311E-014
          17          19  -2.3900738228131077E-013
          17          20   6.0761230870151170E-013
          17          21   4.4084304408059871E-013
          17          22  -1.2311749993903754E-013
          17          23   5.5250821788426826E-013
          18           1   1.4863539843421265E-002
          18           2   4.7342164490053133E-004
          18           3  -2.1923703683660146E-010
          18           4  -1.2922595751940936E-011
          18           5   9.6508528695079224E-011
          18           6   6.1819956246175929E-004
          18           7   2.8870922668622889E-012
          18           8   3.0228901125802441E-012
          18           9  -1.9280659296095116E-012
          18          10   2.2371859545800800E-003
          18          11   4.6642918703198702E-012
          18          12   2.6705190552784552E-012
          18          13  -2.4516801881461908E-012
          18          14  -6.1826162523469501E-004
          18          15  -1.9588146788073848E-013
          18          16   2.8982236382740251E-013
          18          17   2.0804336783675311E-014
          18          18   8.8128160549035309E-004
          18          19  -1.4693802421135186E-004
          18          20   1.1986589359489219E-003
          18          21  -9.4279958772582018E-004
          18          22  -3.3132828640164153E-004
          18          23  -5.9770743468683194E-004
          19           1  -3.7765232229562662E-006
          19           2   1.8149368234902496E-005
          19           3   3.2707288519725778E-010
          19           4   5.3093317640549628E-012
          19           5  -1.4771024387086267E-010
          19           6   3.4803199050840485E-004
          19           7  -5.3991838733517467E-012
          19           8   9.8334466858423022E-012
          19           9   8.3555594252908405E-013
          19          10  -8.8040657545544656E-005
          19          11  -1.0841209984257290E-011
          19          12   6.9426318131952955E-012
          19          13   3.7453334728823863E-012
          19          14   1.1075205124916665E-004
          19          15   3.6373961465858834E-013
          19          16   4.5487754881456867E-013
          19          17  -2.3900738228131077E-013
          19          18  -1.4693802421135186E-004
          19          19   2.8526054837807016E-005
          19          20  -2.0855259363772264E-004
          19          21   1.8303194524710612E-004
          19          22   6.4322961128827064E-005
          19          23   1.4018793968174022E-004
          20           1   1.4871696934361928E-002
          20           2   4.3421995261616435E-004
          20           3  -3.5586470405300664E-010
          20           4  -6.5291049566255723E-011
          20           5   1.6676305747218515E-010
          20           6  -1.3352822595638289E-004
          20           7  -1.1875700046260848E-011
          20           8  -1.8581981009345159E-011
          20           9   7.9808631631474512E-012
          20          10   2.4273487843032120E-003
          20          11  -3.9035019822752453E-012
          20          12  -1.1617908150380440E-011
          20          13   3.5596951492492725E-012
          20          14  -8.5747942421626039E-004
          20          15  -1.1274865188633172E-012
          20          16  -8.0160553783439574E-013
          20          17   6.0761230870151170E-013
          20          18   1.1986589359489219E-003
          20          19  -2.0855259363772264E-004
          20          20   1.6491200449805297E-003
          20          21  -1.3381376238402662E-003
          20          22  -4.7026202878964308E-004
          20          23  -9.0050498424559225E-004
          21           1  -2.4231663807581594E-005
          21           2   1.1645354279728529E-004
          21           3  -8.0264262924636623E-011
          21           4  -1.8740474180748432E-013
          21           5   3.3142441652273241E-011
          21           6   2.2330764702440421E-003
          21           7  -1.1295781016512859E-011
          21           8  -2.0460028798002963E-012
          21           9   5.3932797786606176E-012
          21          10  -5.6489834313830888E-004
          21          11  -3.0650614728873923E-012
          21          12  -1.4879881594920427E-012
          21          13   1.6141616167707040E-012
          21          14   7.1061926955767339E-004
          21          15  -8.8766753624137683E-013
          21          16  -3.1158408240108504E-013
          21          17   4.4084304408059871E-013
          21          18  -9.4279958772582018E-004
          21          19   1.8303194524710612E-004
          21          20  -1.3381376238402662E-003
          21          21   1.1743892792542817E-003
          21          22   4.1271591064389918E-004
          21          23   8.9948894467413529E-004
          22           1  -8.5156803164344354E-006
          22           2   4.0925006118174793E-005
          22           3   6.3932209616702717E-011
          22           4  -1.4033264799496685E-012
          22           5  -2.7857689264555839E-011
          22           6   7.8477142747636255E-004
          22           7   4.6201572253779129E-012
          22           8   1.6280040804295793E-012
          22           9  -2.2506484397027269E-012
          22          10  -1.9852185613045397E-004
          22          11   3.0045001642629950E-012
          22          12   1.1781449460655781E-012
          22          13  -1.5204694791448627E-012
          22          14   2.4973309672124769E-004
          22          15   2.8606687584481351E-013
          22          16   5.9399190665850668E-015
          22          17  -1.2311749993903754E-013
          22          18  -3.3132828640164153E-004
          22          19   6.4322961128827064E-005
          22          20  -4.7026202878964308E-004
          22          21   4.1271591064389918E-004
          22          22   1.4504085306942134E-004
          22          23   3.1610762156327442E-004
          23           1   1.4825526943663084E-002
          23           2   6.5610555333921530E-004
          23           3  -1.6256398983133916E-010
          23           4  -1.7299906686142717E-011
          23           5   7.7566614753394299E-011
          23           6   4.1212712864979531E-003
          23           7  -1.6307757195600954E-011
          23           8   9.6306120927331726E-012
          23           9   5.8928135521518286E-012
          23          10   1.3510176575115950E-003
          23          11  -5.3659015605230881E-012
          23          12   7.4628584581080162E-012
          23          13   1.1815991097966514E-012
          23          14   4.9650139709378157E-004
          23          15  -1.2972384469431633E-012
          23          16   2.7481183436191704E-013
          23          17   5.5250821788426826E-013
          23          18  -5.9770743468683194E-004
          23          19   1.4018793968174022E-004
          23          20  -9.0050498424559225E-004
          23          21   8.9948894467413529E-004
          23          22   3.1610762156327442E-004
          23          23   8.1333930506709436E-004
