           1           1   2.0904182976572794     
           1           2  0.40612514475257722     
           1           3  -1.9339923043278660E-002
           1           4 -0.13411812670166440     
           1           5  -1.2295155516226881E-002
           1           6   3.9719337835852364E-014
           1           7  -5.7292465990389061E-014
           1           8  -4.5383060197672857E-014
           1           9  -8.0899890671346731E-015
           1          10  -3.3497817587503255E-014
           1          11  -4.4274017647080676E-015
           1          12  -2.0991500112604516E-015
           1          13  -1.4248054978983176E-015
           1          14  -6.9515838091308056E-015
           1          15   1.4603029549596944E-014
           1          16   2.4344054691896853E-015
           1          17  -1.4446492505179152E-015
           1          18  -1.2328586054740339E-015
           1          19   1.1053096444706580E-015
           1          20   6.3728825180069901E-015
           1          21   5.4077494962523960E-002
           1          22  -2.9645641825862279E-015
           1          23   5.4077494962522066E-002
           1          24   3.0206551136228190E-015
           1          25  -3.6834372622819784E-015
           1          26   5.4077494962527478E-002
           1          27   1.0167370637576983E-002
           1          28   4.0628549459983445E-015
           1          29   1.0167370637581049E-002
           1          30   7.1085967824706676E-015
           1          31   1.3148831156871329E-014
           1          32   1.0167370637582825E-002
           1          33  -1.5436000538420192E-014
           1          34   1.5976612274933325E-015
           1          35   1.2394335630745549E-015
           1          36   5.3654847157881838E-015
           1          37   8.0439562093408142E-015
           1          38   3.1310235829604399E-015
           1          39  -4.6716591612303777E-015
           1          40  -8.5334906624094767E-015
           1          41  -9.9878291055203096E-015
           1          42  -8.6976217331766080E-015
           2           1  0.40612514475257722     
           2           2   1.5492593854879364     
           2           3 -0.27352641140632178     
           2           4 -0.13504055697096939     
           2           5   5.1965243163582003E-002
           2           6   1.0455544071824150E-013
           2           7  -4.4431462627049994E-013
           2           8  -1.3260896865974913E-013
           2           9   3.3723006696199374E-014
           2          10   1.4903042805011283E-013
           2          11  -1.8434926579752392E-014
           2          12   6.9198743440121482E-014
           2          13   5.6574477629277551E-014
           2          14  -2.4331904895192600E-014
           2          15  -3.8902409075584227E-014
           2          16   2.6832036892395545E-014
           2          17  -1.9541122673017575E-014
           2          18  -5.8524742261342371E-015
           2          19   2.7400970272205285E-016
           2          20  -9.3425210844097494E-016
           2          21   5.7815226053371110E-002
           2          22   1.6648172642276549E-015
           2          23   5.7815226053377883E-002
           2          24  -5.4389866839420968E-015
           2          25   8.6055944742837313E-016
           2          26   5.7815226053370791E-002
           2          27  -1.5944551954354055E-002
           2          28  -5.9219119509322786E-015
           2          29  -1.5944551954350673E-002
           2          30   1.1765035519459749E-015
           2          31   6.4851238087301044E-015
           2          32  -1.5944551954348497E-002
           2          33   1.7376174073033350E-014
           2          34  -1.9543190275225917E-015
           2          35   1.7630728612278429E-014
           2          36  -1.6659119771640699E-014
           2          37   6.9680294445787655E-015
           2          38  -2.1925748077159836E-016
           2          39   5.2733229480286198E-015
           2          40   8.9192533043742402E-015
           2          41  -9.6545928849720704E-015
           2          42   1.4122981069440411E-014
           3           1  -1.9339923043278660E-002
           3           2 -0.27352641140632178     
           3           3   4.9673924251493050E-002
           3           4   2.1236335414063993E-002
           3           5  -9.8586600486279211E-003
           3           6  -1.4533808885611947E-013
           3           7   1.1790126399476803E-014
           3           8   4.3870828441098936E-014
           3           9   5.8487346151938621E-014
           3          10   1.0772096356232753E-013
           3          11  -5.8853666716289570E-015
           3          12   2.8195136178502500E-014
           3          13   9.9474105792843571E-014
           3          14  -1.1533723233491713E-015
           3          15   9.0091778528414365E-015
           3          16  -2.5092261449703002E-014
           3          17   3.0078477326852870E-015
           3          18   1.2586558047311864E-015
           3          19  -1.0214513593300999E-015
           3          20   2.8838843685072352E-016
           3          21  -9.1801884032449311E-003
           3          22  -3.8369086111045398E-016
           3          23  -9.1801884032462252E-003
           3          24   1.0776246703678337E-015
           3          25  -2.5510555598155076E-016
           3          26  -9.1801884032447784E-003
           3          27   3.1937226941760933E-003
           3          28   1.1937346602141301E-015
           3          29   3.1937226941755798E-003
           3          30  -2.8237437733036337E-017
           3          31  -8.4279884663562442E-016
           3          32   3.1937226941752281E-003
           3          33  -4.5084719927418140E-015
           3          34   4.8352615251363847E-015
           3          35  -3.6103480679785742E-015
           3          36   1.3114004263347603E-014
           3          37  -9.3385350465412092E-016
           3          38   1.2286488000004945E-016
           3          39  -9.5852692008543283E-016
           3          40  -2.2699761032916304E-015
           3          41   5.9422674215905928E-015
           3          42  -2.5249416806711483E-015
           4           1 -0.13411812670166440     
           4           2 -0.13504055697096939     
           4           3   2.1236335414063993E-002
           4           4   1.6682819861356876E-002
           4           5  -3.2399217163483138E-003
           4           6   2.1658706202947707E-013
           4           7  -3.1589182430370408E-013
           4           8   6.2016596269300974E-014
           4           9  -1.0231459674225993E-014
           4          10   1.3553349639792391E-013
           4          11  -7.1887055543696180E-014
           4          12   1.5414307664642072E-014
           4          13   7.9105648801771798E-014
           4          14  -5.5654342062037387E-014
           4          15  -2.2799080824354597E-014
           4          16   9.1682951748122215E-015
           4          17   1.0917756463230463E-014
           4          18  -1.0766963196183753E-015
           4          19   9.0657957269105532E-016
           4          20   1.9688956082846449E-016
           4          21  -6.9761215792693686E-003
           4          22   2.4114160112222596E-017
           4          23  -6.9761215792697746E-003
           4          24   2.5283952702522078E-016
           4          25   1.1949638450271173E-016
           4          26  -6.9761215792695196E-003
           4          27   6.7591222044047715E-004
           4          28   2.3677621030451852E-016
           4          29   6.7591222044002396E-004
           4          30  -4.4091555774236271E-016
           4          31  -1.1349471963339493E-015
           4          32   6.7591222043977448E-004
           4          33   1.2143921963106881E-014
           4          34  -2.6498603132351154E-015
           4          35   4.2949416238747231E-015
           4          36  -5.1036039643983528E-015
           4          37  -2.9649472523537904E-015
           4          38  -1.3954303957878303E-016
           4          39  -2.2066260088292741E-015
           4          40   5.4269283202349594E-015
           4          41  -1.5026344237855302E-015
           4          42  -5.1939802693389180E-015
           5           1  -1.2295155516226881E-002
           5           2   5.1965243163582003E-002
           5           3  -9.8586600486279211E-003
           5           4  -3.2399217163483138E-003
           5           5   2.0815895340578075E-003
           5           6   7.3114784116082953E-014
           5           7  -8.5878998508436845E-014
           5           8  -4.5986702981223036E-014
           5           9   6.3039158892531215E-015
           5          10   2.3384370541940704E-014
           5          11  -2.1500872717720146E-015
           5          12   1.5371067165891632E-014
           5          13   8.7352929265741769E-015
           5          14  -7.2019257464344566E-015
           5          15  -1.0873268903188141E-014
           5          16   5.6005225860942030E-015
           5          17   4.5211893319032466E-015
           5          18  -7.6717998299159344E-016
           5          19   3.1858154240568326E-016
           5          20   2.0507600399329249E-016
           5          21   1.4307839486866199E-003
           5          22   1.0026999570202776E-016
           5          23   1.4307839486868950E-003
           5          24  -2.4052047605984545E-016
           5          25   7.9930415126778069E-017
           5          26   1.4307839486865620E-003
           5          27  -7.2223527105546995E-004
           5          28  -2.7198729343610293E-016
           5          29  -7.2223527105539807E-004
           5          30  -4.9371934495856866E-017
           5          31   6.7962464453840779E-017
           5          32  -7.2223527105534082E-004
           5          33   5.5153830350310546E-015
           5          34  -1.1637652328110173E-015
           5          35   2.7246676916001671E-015
           5          36  -3.0799668834865569E-015
           5          37  -1.0296094201689731E-015
           5          38  -4.9007288811776599E-017
           5          39  -9.2614635884909802E-016
           5          40   2.5303037164104398E-015
           5          41  -1.2970702062406186E-015
           5          42  -2.0075817557172480E-015
           6           1   3.9719337835852364E-014
           6           2   1.0455544071824150E-013
           6           3  -1.4533808885611947E-013
           6           4   2.1658706202947707E-013
           6           5   7.3114784116082953E-014
           6           6   2.3407494806927427     
           6           7  0.31068372621976498     
           6           8  0.21690010339132687     
           6           9 -0.45703527042438818     
           6          10 -0.32798737113290510     
           6          11 -0.22898043478289462     
           6          12 -0.11277585103022092     
           6          13 -0.24736351185695626     
           6          14 -0.17269385799456152     
           6          15 -0.18058621239342348     
           6          16   3.1612484165893531E-002
           6          17   2.2069875263385812E-002
           6          18  -1.2139602839923679E-002
           6          19   1.3407044910880837E-003
           6          20   9.3599670078098004E-004
           6          21  -1.0118894798931987E-013
           6          22   4.0276833102585572E-015
           6          23  -8.8349254919965769E-014
           6          24  -1.9728487909532796E-015
           6          25   1.0641626387614769E-014
           6          26  -1.2092115322243564E-013
           6          27  -2.6187980785745325E-014
           6          28  -8.7268714540336567E-015
           6          29  -4.6373315711705587E-014
           6          30   1.5748312993850572E-015
           6          31  -1.0031029644576084E-014
           6          32  -2.7705801201159725E-014
           6          33   9.2619707633488521E-002
           6          34  -6.8009264119320611E-003
           6          35   4.1420792464925436E-002
           6          36  -1.5207333767052484E-002
           6          37  -4.7479849036664518E-003
           6          38  -3.3746547411757905E-015
           6          39  -4.7479849036572925E-003
           6          40   4.1420792464938454E-002
           6          41  -6.8009264119452207E-003
           6          42  -1.0616817000713531E-002
           7           1  -5.7292465990389061E-014
           7           2  -4.4431462627049994E-013
           7           3   1.1790126399476803E-014
           7           4  -3.1589182430370408E-013
           7           5  -8.5878998508436845E-014
           7           6  0.31068372621976498     
           7           7   2.7339703578875412     
           7           8 -0.10540729525591720     
           7           9 -0.32798737113287141     
           7          10 -0.87215672964899826     
           7          11  0.11127799350767217     
           7          12 -0.24736351185696320     
           7          13 -0.42585467978608355     
           7          14   8.3924314437280906E-002
           7          15   3.1612484165839200E-002
           7          16 -0.14057546285955957     
           7          17  -1.0725333099169952E-002
           7          18   1.3407044910792752E-003
           7          19  -1.0442722856963398E-002
           7          20  -4.5486783572642477E-004
           7          21   8.5726758957396022E-014
           7          22   1.2020815540416218E-014
           7          23   1.1432742926211213E-013
           7          24  -5.3318512044536080E-015
           7          25   4.8999663824031603E-015
           7          26   7.1645808957651113E-014
           7          27   8.0949919519875284E-014
           7          28  -1.2370013634752478E-014
           7          29   4.7180395603236720E-014
           7          30   7.2458923542067793E-015
           7          31  -7.4018084609789746E-015
           7          32   5.0629711251620018E-014
           7          33  -1.5207333767017177E-002
           7          34   3.2813111972681649E-002
           7          35  -6.8009264119328209E-003
           7          36   7.3372348924212544E-002
           7          37   2.3073859291764844E-003
           7          38  -6.9066373712583028E-015
           7          39   2.3073859291938038E-003
           7          40  -6.8009264119153340E-003
           7          41   3.2813111972696166E-002
           7          42   5.1594717879682624E-003
           8           1  -4.5383060197672857E-014
           8           2  -1.3260896865974913E-013
           8           3   4.3870828441098936E-014
           8           4   6.2016596269300974E-014
           8           5  -4.5986702981223036E-014
           8           6  0.21690010339132687     
           8           7 -0.10540729525591720     
           8           8   2.1943909426114248     
           8           9 -0.22898043478287905     
           8          10  0.11127799350765682     
           8          11 -0.30252523949283827     
           8          12 -0.17269385799456849     
           8          13   8.3924314437360786E-002
           8          14   3.7534645233739949E-003
           8          15   2.2069875263407930E-002
           8          16  -1.0725333099306733E-002
           8          17 -0.19547838915437882     
           8          18   9.3599670080037013E-004
           8          19  -4.5486783572993444E-004
           8          20  -1.2771189024682727E-002
           8          21  -2.0650578538317535E-014
           8          22  -2.0866131668271147E-015
           8          23  -1.5566727139701791E-014
           8          24  -9.5495237003072755E-016
           8          25  -5.0229751355656230E-015
           8          26  -7.0627837246468302E-015
           8          27   1.3104270075915869E-014
           8          28   1.9809148567532895E-015
           8          29   1.6398417520056867E-014
           8          30   5.0640433804381962E-016
           8          31   6.9452476142753518E-015
           8          32   9.6380237832685770E-015
           8          33  -1.0616817000733574E-002
           8          34   2.3073859292096514E-003
           8          35  -4.7479849036638280E-003
           8          36   5.1594717880432787E-003
           8          37   4.4624608961389325E-002
           8          38   8.1269598557264454E-017
           8          39   4.4624608961384635E-002
           8          40  -4.7479849036662384E-003
           8          41   2.3073859292198880E-003
           8          42   9.9783659107003805E-002
           9           1  -8.0899890671346731E-015
           9           2   3.3723006696199374E-014
           9           3   5.8487346151938621E-014
           9           4  -1.0231459674225993E-014
           9           5   6.3039158892531215E-015
           9           6 -0.45703527042438818     
           9           7 -0.32798737113287141     
           9           8 -0.22898043478287905     
           9           9  0.44635753259852684     
           9          10  0.34625474894224068     
           9          11  0.24173358469435288     
           9          12  0.33247612628784656     
           9          13  0.26114051403764860     
           9          14  0.18231210621688348     
           9          15  -3.8991418465301513E-002
           9          16  -3.3373153150631274E-002
           9          17  -2.3299065119847202E-002
           9          18  -1.5732637648789524E-003
           9          19  -1.4153755230428599E-003
           9          20  -9.8812738284376027E-004
           9          21   2.0330388956161832E-014
           9          22  -1.5450256360147964E-015
           9          23   5.1145419256092295E-015
           9          24   2.1835269561249401E-015
           9          25  -3.8945984539313626E-015
           9          26   3.0503276223394225E-014
           9          27  -1.5542485324079717E-014
           9          28   5.0973891203349645E-015
           9          29   1.3650750787894525E-015
           9          30  -3.5065868332823657E-015
           9          31   4.4009503541956685E-015
           9          32  -6.8288712307611149E-015
           9          33   1.8653888522838103E-002
           9          34   7.1797065210233635E-003
           9          35   8.3422725563613090E-003
           9          36   1.6054311839511993E-002
           9          37   5.0124256770044690E-003
           9          38   4.0195629894386099E-015
           9          39   5.0124256769972647E-003
           9          40   8.3422725563512563E-003
           9          41   7.1797065210222151E-003
           9          42   1.1208124545937009E-002
          10           1  -3.3497817587503255E-014
          10           2   1.4903042805011283E-013
          10           3   1.0772096356232753E-013
          10           4   1.3553349639792391E-013
          10           5   2.3384370541940704E-014
          10           6 -0.32798737113290510     
          10           7 -0.87215672964899826     
          10           8  0.11127799350765682     
          10           9  0.34625474894224068     
          10          10  0.88459933486025899     
          10          11 -0.11747566246744925     
          10          12  0.26114051403763311     
          10          13  0.66299199607741310     
          10          14  -8.8598510135496272E-002
          10          15  -3.3373153150560837E-002
          10          16  -8.1230581476276570E-002
          10          17   1.1322684488581106E-002
          10          18  -1.4153755230254966E-003
          10          19  -3.3646521053875902E-003
          10          20   4.8020186789269486E-004
          10          21  -1.5019854111450433E-014
          10          22  -7.4745837861019592E-015
          10          23  -4.1425582176866635E-014
          10          24   4.2435223044718012E-015
          10          25  -8.8224135583239797E-015
          10          26   1.2221392589254417E-014
          10          27  -4.5583118687685291E-014
          10          28   1.1839203542254604E-014
          10          29  -1.1408507759863250E-014
          10          30  -7.8865349983206231E-015
          10          31   1.3454013426998025E-014
          10          32  -2.5619314737650573E-014
          10          33   1.6054311839459205E-002
          10          34   1.7429360993689448E-002
          10          35   7.1797065210187968E-003
          10          36   3.8973235986290086E-002
          10          37  -2.4358966409543849E-003
          10          38   7.2654695962841198E-015
          10          39  -2.4358966409749466E-003
          10          40   7.1797065209960563E-003
          10          41   1.7429360993687033E-002
          10          42  -5.4468304753616031E-003
          11           1  -4.4274017647080676E-015
          11           2  -1.8434926579752392E-014
          11           3  -5.8853666716289570E-015
          11           4  -7.1887055543696180E-014
          11           5  -2.1500872717720146E-015
          11           6 -0.22898043478289462     
          11           7  0.11127799350767217     
          11           8 -0.30252523949283827     
          11           9  0.24173358469435288     
          11          10 -0.11747566246744925     
          11          11  0.28324200841094577     
          11          12  0.18231210621685107     
          11          13  -8.8598510135605504E-002
          11          14  0.20945666745299810     
          11          15  -2.3299065119823974E-002
          11          16   1.1322684488718975E-002
          11          17  -2.3269816417701959E-002
          11          18  -9.8812738284875866E-004
          11          19   4.8020186789429661E-004
          11          20  -9.0650115420889531E-004
          11          21   2.4458218108106612E-014
          11          22   2.2738742512162015E-015
          11          23   2.3313856228934999E-014
          11          24  -4.8425333571774290E-017
          11          25   9.8887486160812663E-016
          11          26   1.9929447213969034E-014
          11          27   6.5023119454645107E-015
          11          28  -1.2172378790035084E-015
          11          29   5.1337204566356124E-015
          11          30   6.1336490569580172E-016
          11          31  -2.8200068461250656E-015
          11          32   4.9854545517472588E-015
          11          33   1.1208124545926500E-002
          11          34  -2.4358966409970977E-003
          11          35   5.0124256769939115E-003
          11          36  -5.4468304754364981E-003
          11          37   4.9600183164681105E-003
          11          38   1.2737814456601882E-016
          11          39   4.9600183164717144E-003
          11          40   5.0124256769959758E-003
          11          41  -2.4358966409974972E-003
          11          42   1.1090938125269725E-002
          12           1  -2.0991500112604516E-015
          12           2   6.9198743440121482E-014
          12           3   2.8195136178502500E-014
          12           4   1.5414307664642072E-014
          12           5   1.5371067165891632E-014
          12           6 -0.11277585103022092     
          12           7 -0.24736351185696320     
          12           8 -0.17269385799456849     
          12           9  0.33247612628784656     
          12          10  0.26114051403763311     
          12          11  0.18231210621685107     
          12          12  0.27532325242134448     
          12          13  0.19694854230928555     
          12          14  0.13749725390973513     
          12          15  -5.5848408546730600E-002
          12          16  -2.5169567768912667E-002
          12          17  -1.7571830741901412E-002
          12          18  -2.8433691146475286E-003
          12          19  -1.0674565266551802E-003
          12          20  -7.4523192383393780E-004
          12          21   6.2497676143848149E-015
          12          22  -8.5353856856878575E-016
          12          23  -5.4170750569295579E-015
          12          24   1.6583923320152494E-015
          12          25  -2.0921122417765337E-015
          12          26   1.2694754905411368E-014
          12          27  -1.7025372987337158E-014
          12          28   3.3704929282532280E-015
          12          29  -4.7807997368585673E-015
          12          30  -2.8569535358770376E-015
          12          31   2.6065238864453037E-015
          12          32  -9.6348529261887742E-015
          12          33   2.7475202234989508E-002
          12          34   5.4148347633248915E-003
          12          35   1.2287283978604416E-002
          12          36   1.2107938617728152E-002
          12          37   3.7803017052234476E-003
          12          38   3.0841151306342010E-015
          12          39   3.7803017052182989E-003
          12          40   1.2287283978597258E-002
          12          41   5.4148347633222920E-003
          12          42   8.4530115883323063E-003
          13           1  -1.4248054978983176E-015
          13           2   5.6574477629277551E-014
          13           3   9.9474105792843571E-014
          13           4   7.9105648801771798E-014
          13           5   8.7352929265741769E-015
          13           6 -0.24736351185695626     
          13           7 -0.42585467978608355     
          13           8   8.3924314437360786E-002
          13           9  0.26114051403764860     
          13          10  0.66299199607741310     
          13          11  -8.8598510135605504E-002
          13          12  0.19694854230928555     
          13          13  0.52459372278488425     
          13          14  -6.6819763629039311E-002
          13          15  -2.5169567768864688E-002
          13          16  -8.7704597595104683E-002
          13          17   8.5394111031480494E-003
          13          18  -1.0674565266415490E-003
          13          19  -4.1944092765801976E-003
          13          20   3.6216156747797081E-004
          13          21  -2.5668182838731683E-015
          13          22  -5.0366555554141237E-015
          13          23  -2.2045492913639833E-014
          13          24   3.0408949493149464E-015
          13          25  -7.0739720075329035E-015
          13          26   1.9403205037710163E-014
          13          27  -2.9304797495300657E-014
          13          28   8.7885116989399407E-015
          13          29  -3.7007047025214688E-015
          13          30  -5.9752138000170966E-015
          13          31   1.0796248890532867E-014
          13          32  -1.5635320406323471E-014
          13          33   1.2107938617689893E-002
          13          34   1.9140639644851097E-002
          13          35   5.4148347633223197E-003
          13          36   4.2799771378727501E-002
          13          37  -1.8371193547657696E-003
          13          38   5.4765412252544134E-015
          13          39  -1.8371193547815389E-003
          13          40   5.4148347633046767E-003
          13          41   1.9140639644850764E-002
          13          42  -4.1079237600574721E-003
          14           1  -6.9515838091308056E-015
          14           2  -2.4331904895192600E-014
          14           3  -1.1533723233491713E-015
          14           4  -5.5654342062037387E-014
          14           5  -7.2019257464344566E-015
          14           6 -0.17269385799456152     
          14           7   8.3924314437280906E-002
          14           8   3.7534645233739949E-003
          14           9  0.18231210621688348     
          14          10  -8.8598510135496272E-002
          14          11  0.20945666745299810     
          14          12  0.13749725390973513     
          14          13  -6.6819763629039311E-002
          14          14  0.18254368819900912     
          14          15  -1.7571830741887298E-002
          14          16   8.5394111032391553E-003
          14          17  -4.3991395024884541E-002
          14          18  -7.4523192383641411E-004
          14          19   3.6216156747839447E-004
          14          20  -2.3405060306780291E-003
          14          21   1.9050824730208205E-014
          14          22   1.7231050369303239E-015
          14          23   1.8673982995276708E-014
          14          24  -1.5818093847288925E-016
          14          25   2.4907193722587682E-016
          14          26   1.6765539833970603E-014
          14          27   7.1678380510435057E-015
          14          28  -8.1738564340103145E-016
          14          29   6.3785113364548269E-015
          14          30   5.9477594882636540E-016
          14          31  -1.6072639980698771E-015
          14          32   5.4278310185897040E-015
          14          33   8.4530115883251003E-003
          14          34  -1.8371193547962448E-003
          14          35   3.7803017052165421E-003
          14          36  -4.1079237601075935E-003
          14          37   9.7364348898587600E-003
          14          38   1.2061298603203831E-016
          14          39   9.7364348898613222E-003
          14          40   3.7803017052180439E-003
          14          41  -1.8371193547953484E-003
          14          42   2.1771330272226351E-002
          15           1   1.4603029549596944E-014
          15           2  -3.8902409075584227E-014
          15           3   9.0091778528414365E-015
          15           4  -2.2799080824354597E-014
          15           5  -1.0873268903188141E-014
          15           6 -0.18058621239342348     
          15           7   3.1612484165839200E-002
          15           8   2.2069875263407930E-002
          15           9  -3.8991418465301513E-002
          15          10  -3.3373153150560837E-002
          15          11  -2.3299065119823974E-002
          15          12  -5.5848408546730600E-002
          15          13  -2.5169567768864688E-002
          15          14  -1.7571830741887298E-002
          15          15   2.9370051450297870E-002
          15          16   3.2166124930051512E-003
          15          17   2.2456392898152458E-003
          15          18   1.7564831893232091E-003
          15          19   1.3641847293182336E-004
          15          20   9.5238914646071947E-005
          15          21   7.4027089660127879E-015
          15          22  -1.5300316441998422E-016
          15          23   9.0545226094910031E-015
          15          24  -2.2169787897608102E-016
          15          25  -4.4324674902125086E-016
          15          26   7.6109666065835867E-015
          15          27   6.6809243799838509E-015
          15          28  -3.2285562170527548E-017
          15          29   5.5422877726639170E-015
          15          30   5.4364804284887031E-016
          15          31   2.6607332225625608E-016
          15          32   5.0479380417710575E-015
          15          33  -1.4783942934097152E-002
          15          34  -6.9200334734325524E-004
          15          35  -6.6115802752251211E-003
          15          36  -1.5473665253181621E-003
          15          37  -4.8311380648312602E-004
          15          38  -4.3838412157967137E-016
          15          39  -4.8311380648270681E-004
          15          40  -6.6115802752245642E-003
          15          41  -6.9200334734146707E-004
          15          42  -1.0802753121660199E-003
          16           1   2.4344054691896853E-015
          16           2   2.6832036892395545E-014
          16           3  -2.5092261449703002E-014
          16           4   9.1682951748122215E-015
          16           5   5.6005225860942030E-015
          16           6   3.1612484165893531E-002
          16           7 -0.14057546285955957     
          16           8  -1.0725333099306733E-002
          16           9  -3.3373153150631274E-002
          16          10  -8.1230581476276570E-002
          16          11   1.1322684488718975E-002
          16          12  -2.5169567768912667E-002
          16          13  -8.7704597595104683E-002
          16          14   8.5394111032391553E-003
          16          15   3.2166124930051512E-003
          16          16   3.3441198663216952E-002
          16          17  -1.0913169701435859E-003
          16          18   1.3641847292963691E-004
          16          19   1.9291429943429418E-003
          16          20  -4.6283409915850176E-005
          16          21  -7.0152035210625083E-015
          16          22   1.3869789542628784E-016
          16          23  -4.8926062237351628E-015
          16          24  -2.5449903623034535E-016
          16          25   1.2573771391558368E-015
          16          26  -1.1021141458892745E-014
          16          27  -2.0256905188611858E-016
          16          28  -1.0050569578933623E-015
          16          29  -3.3318372471535475E-015
          16          30   7.8657200817824319E-016
          16          31  -1.9257828937963140E-015
          16          32  -7.8331888313144990E-016
          16          33  -1.5473665253153599E-003
          16          34  -7.4874232637694438E-003
          16          35  -6.9200334734401093E-004
          16          36  -1.6742387394103518E-002
          16          37   2.3477960058515440E-004
          16          38  -6.9738795956137130E-016
          16          39   2.3477960058739024E-004
          16          40  -6.9200334734134282E-004
          16          41  -7.4874232637706520E-003
          16          42   5.2498314664331915E-004
          17           1  -1.4446492505179152E-015
          17           2  -1.9541122673017575E-014
          17           3   3.0078477326852870E-015
          17           4   1.0917756463230463E-014
          17           5   4.5211893319032466E-015
          17           6   2.2069875263385812E-002
          17           7  -1.0725333099169952E-002
          17           8 -0.19547838915437882     
          17           9  -2.3299065119847202E-002
          17          10   1.1322684488581106E-002
          17          11  -2.3269816417701959E-002
          17          12  -1.7571830741901412E-002
          17          13   8.5394111031480494E-003
          17          14  -4.3991395024884541E-002
          17          15   2.2456392898152458E-003
          17          16  -1.0913169701435859E-003
          17          17   2.7854752571317629E-002
          17          18   9.5238914645250718E-005
          17          19  -4.6283409915255423E-005
          17          20   1.6922184513241366E-003
          17          21  -4.0594439089718930E-015
          17          22  -2.2708737638908637E-016
          17          23  -4.4201099633767830E-015
          17          24   1.2250916693598476E-016
          17          25   3.8582646288619819E-016
          17          26  -4.7177321570295709E-015
          17          27  -2.4754797841344762E-015
          17          28   1.9840944500134289E-017
          17          29  -2.5787963804800706E-015
          17          30  -1.8715504666703590E-016
          17          31  -2.3144212129037571E-016
          17          32  -1.7519677324721473E-015
          17          33  -1.0802753121651896E-003
          17          34   2.3477960058743857E-004
          17          35  -4.8311380648290132E-004
          17          36   5.2498314664403863E-004
          17          37  -6.2855876669256974E-003
          17          38  -3.6053064748342085E-017
          17          39  -6.2855876669258934E-003
          17          40  -4.8311380648304633E-004
          17          41   2.3477960058631634E-004
          17          42  -1.4055001301779722E-002
          18           1  -1.2328586054740339E-015
          18           2  -5.8524742261342371E-015
          18           3   1.2586558047311864E-015
          18           4  -1.0766963196183753E-015
          18           5  -7.6717998299159344E-016
          18           6  -1.2139602839923679E-002
          18           7   1.3407044910792752E-003
          18           8   9.3599670080037013E-004
          18           9  -1.5732637648789524E-003
          18          10  -1.4153755230254966E-003
          18          11  -9.8812738284875866E-004
          18          12  -2.8433691146475286E-003
          18          13  -1.0674565266415490E-003
          18          14  -7.4523192383641411E-004
          18          15   1.7564831893232091E-003
          18          16   1.3641847292963691E-004
          18          17   9.5238914645250718E-005
          18          18   1.0650541708413772E-004
          18          19   5.7855895906771697E-006
          18          20   4.0391397247376934E-006
          18          21   3.4661760886358881E-016
          18          22  -1.2511314176893642E-017
          18          23   4.2036742572256280E-016
          18          24  -9.6265945891406210E-018
          18          25  -3.5127402621023394E-017
          18          26   3.7916202437116758E-016
          18          27   4.1388877610215349E-016
          18          28   7.7867751297200014E-018
          18          29   3.7539187381286169E-016
          18          30   2.7158980675079743E-017
          18          31   2.5052780609967707E-017
          18          32   3.2881206564704549E-016
          18          33  -8.8602828527742914E-004
          18          34  -2.9348278697557868E-005
          18          35  -3.9624389517365038E-004
          18          36  -6.5624746190415955E-005
          18          37  -2.0489147472720281E-005
          18          38  -1.9608746901436819E-017
          18          39  -2.0489147472707961E-005
          18          40  -3.9624389517363510E-004
          18          41  -2.9348278697448594E-005
          18          42  -4.5815126550107329E-005
          19           1   1.1053096444706580E-015
          19           2   2.7400970272205285E-016
          19           3  -1.0214513593300999E-015
          19           4   9.0657957269105532E-016
          19           5   3.1858154240568326E-016
          19           6   1.3407044910880837E-003
          19           7  -1.0442722856963398E-002
          19           8  -4.5486783572993444E-004
          19           9  -1.4153755230428599E-003
          19          10  -3.3646521053875902E-003
          19          11   4.8020186789429661E-004
          19          12  -1.0674565266551802E-003
          19          13  -4.1944092765801976E-003
          19          14   3.6216156747839447E-004
          19          15   1.3641847293182336E-004
          19          16   1.9291429943429418E-003
          19          17  -4.6283409915255423E-005
          19          18   5.7855895906771697E-006
          19          19   1.1382802339390068E-004
          19          20  -1.9629072872856010E-006
          19          21  -5.0059587919602436E-016
          19          22  -5.7214499571325069E-018
          19          23  -4.1900230960703903E-016
          19          24  -7.7115362286131186E-018
          19          25   6.1445442213792635E-017
          19          26  -6.9802375210567266E-016
          19          27  -7.2362620579638356E-017
          19          28  -3.9911403215357519E-017
