           1           1   2.1390855319249313     
           1           2  0.15017378311791080     
           1           3 -0.44873176283278415     
           1           4  0.11219239669927278     
           1           5   6.4310743846534249E-002
           1           6  -7.1141390012993845E-012
           1           7   6.7134449732373776E-012
           1           8   6.4315031971768092E-012
           1           9   1.3697927798501662E-011
           1          10   7.0635060570720548E-012
           1          11  -1.1790162566754416E-011
           1          12  -7.5123394178853686E-012
           1          13   1.3981468273031641E-012
           1          14   6.1725836884421786E-012
           1          15   8.5705065884821898E-013
           1          16  -2.2066033319035672E-012
           1          17  -1.9304995634034376E-012
           1          18  -5.7812162485878869E-013
           1          19  -3.1146382714348932E-013
           1          20   6.6845077135255707E-013
           1          21  -1.1649336346947054E-002
           1          22   1.9437879370858304E-006
           1          23  -1.1803881210848174E-002
           1          24   1.9335062496160537E-004
           1          25   2.1054748693491290E-006
           1          26  -1.1622500116169224E-002
           1          27  -4.0220583996069398E-003
           1          28   6.2023341311538832E-006
           1          29  -4.5151770389175519E-003
           1          30   6.1694183377066338E-004
           1          31   6.7180405634635368E-006
           1          32  -3.9364282743460394E-003
           1          33  -3.3249125780675865E-012
           1          34   1.7180026953999470E-014
           1          35  -1.2123736987912364E-012
           1          36   4.9784646270082083E-013
           1          37   1.3495710901014710E-012
           1          38   3.6884523202410172E-013
           1          39   1.3239964440819537E-012
           1          40  -1.2729083066550821E-012
           1          41  -1.1057541071858196E-013
           1          42   3.1702886993348109E-012
           2           1  0.15017378311791080     
           2           2  0.25599953097941602     
           2           3 -0.55896465659089634     
           2           4  0.11715209593379365     
           2           5   7.6953517182956593E-002
           2           6  -8.9049754059406779E-012
           2           7   7.3079868869099763E-012
           2           8   8.4789753520263801E-012
           2           9   4.4489904659895582E-012
           2          10   7.1456839846341869E-012
           2          11  -3.1711684824194099E-012
           2          12  -6.6693407263545910E-012
           2          13   1.4766709725639595E-012
           2          14   5.3560075558415452E-012
           2          15  -6.5770023005303775E-012
           2          16  -3.5419386205914902E-012
           2          17   4.0835856039664012E-012
           2          18  -1.3877843210070175E-012
           2          19  -4.5465395760781672E-013
           2          20   1.2107410575556046E-012
           2          21  -4.0282981045704821E-004
           2          22   1.6389986112537914E-006
           2          23  -5.3312896741346651E-004
           2          24   1.6301916157243981E-004
           2          25   1.7750345943659859E-006
           2          26  -3.8020372437142565E-004
           2          27   1.3093581127076519E-003
           2          28   7.4882770300589068E-006
           2          29   7.1402450438583709E-004
           2          30   7.4482785503835304E-004
           2          31   8.1103426840160262E-006
           2          32   1.4127385716977180E-003
           2          33  -7.9291599681992749E-013
           2          34   1.3718378349856894E-013
           2          35   2.3826454661904236E-015
           2          36   9.2023607992852938E-013
           2          37   3.8471039799316342E-013
           2          38   4.8980152084957015E-013
           2          39   3.2631560091587458E-013
           2          40  -9.7330339399969514E-014
           2          41  -3.4454853109867307E-014
           2          42   9.7173047693577773E-013
           3           1 -0.44873176283278415     
           3           2 -0.55896465659089634     
           3           3   1.2853244889989826     
           3           4 -0.47568005157103793     
           3           5 -0.31807613529785650     
           3           6   1.2026751185418904E-011
           3           7  -4.1876959164601107E-011
           3           8  -1.2041791018539481E-011
           3           9  -1.7431564360625670E-011
           3          10  -3.5503848122157883E-011
           3          11   1.3541916694517099E-011
           3          12   1.8226771948157766E-011
           3          13  -1.1702771673981660E-011
           3          14  -1.4612408980426939E-011
           3          15   3.5585778009432188E-011
           3          16   1.2788181525221973E-011
           3          17  -2.5907828120899608E-011
           3          18   6.1533489937385397E-012
           3          19   1.9893698134518663E-012
           3          20  -5.5682629656982284E-012
           3          21  -1.7801864071661138E-003
           3          22   2.1368411630083551E-006
           3          23  -1.9501515154305656E-003
           3          24   2.1263091962081190E-004
           3          25   2.3162317914139803E-006
           3          26  -1.7506717809507785E-003
           3          27  -4.0805565881324515E-003
           3          28  -3.9969216571838150E-005
           3          29  -9.0279162202284123E-004
           3          30  -3.9757092856367773E-003
           3          31  -4.3292485960383538E-005
           3          32  -4.6323759081976458E-003
           3          33  -1.4712196239496810E-012
           3          34  -6.3653807234530855E-013
           3          35  -1.4148917053065006E-012
           3          36  -2.8857834074169774E-012
           3          37   2.8562281453551696E-014
           3          38  -9.2471287706742349E-013
           3          39   4.8281645577846649E-013
           3          40  -1.1648983531182797E-012
           3          41  -4.7756980759145597E-013
           3          42   8.0525231190990735E-013
           4           1  0.11219239669927278     
           4           2  0.11715209593379365     
           4           3 -0.47568005157103793     
           4           4  0.87299248024089615     
           4           5  0.59683272956909439     
           4           6  -6.4365588154983602E-011
           4           7   6.3404368652407660E-011
           4           8   6.3537128058261165E-011
           4           9  -3.7680126579346407E-011
           4          10   4.9770196086865839E-011
           4          11   3.9123134209669841E-011
           4          12  -4.8002754507372531E-011
           4          13   1.9374758378386198E-011
           4          14   4.2788262132732064E-011
           4          15  -8.7790448628733665E-011
           4          16  -2.1184447202939121E-011
           4          17   6.5856128177104688E-011
           4          18  -1.5152138882553185E-011
           4          19  -3.8416826350700937E-012
           4          20   8.1370265400858184E-012
           4          21   1.1826107020406302E-002
           4          22  -2.6520011849284232E-005
           4          23   1.3934893140726609E-002
           4          24  -2.6382523731754808E-003
           4          25  -2.8731956553114109E-005
           4          26   1.1459921057183037E-002
           4          27   5.6346181234454718E-003
           4          28   8.0466798106978033E-005
           4          29  -7.6290434474464777E-004
           4          30   8.0039586163552466E-003
           4          31   8.7156864455718071E-005
           4          32   6.7455488108328718E-003
           4          33   1.2666614967228103E-011
           4          34   1.3917098687903207E-012
           4          35   5.5761764282175328E-012
           4          36   3.8174200785702704E-012
           4          37  -3.2250455797672989E-012
           4          38  -3.9071330148040929E-013
           4          39  -4.6259412110845028E-012
           4          40   5.2532546381431756E-012
           4          41   2.1421862191662199E-012
           4          42  -1.1603944640037487E-011
           5           1   6.4310743846534249E-002
           5           2   7.6953517182956593E-002
           5           3 -0.31807613529785650     
           5           4  0.59683272956909439     
           5           5  0.40852736802046019     
           5           6   8.2153220108318357E-012
           5           7   6.3481312263297707E-011
           5           8  -6.8234053450206070E-012
           5           9   1.3188272439486768E-011
           5          10   4.9095666770269471E-011
           5          11  -1.1018441309777866E-011
           5          12  -1.3559183662013225E-011
           5          13   2.0519680651453316E-011
           5          14   1.1373613516141509E-011
           5          15  -5.4471822597518276E-011
           5          16  -1.3414934251090441E-011
           5          17   4.7174690334258280E-011
           5          18  -5.7088504169339131E-012
           5          19  -2.4992220366453010E-012
           5          20   1.0483275050716816E-011
           5          21   7.8395120965498652E-003
           5          22  -2.4446011237131318E-005
           5          23   9.7834183092534062E-003
           5          24  -2.4319671706969550E-003
           5          25  -2.6485874229169554E-005
           5          26   7.5019589240559337E-003
           5          27   3.2772963240304993E-003
           5          28   4.2048951105185401E-005
           5          29  -6.5582667303347789E-005
           5          30   4.1823287339377811E-003
           5          31   4.5539653192324298E-005
           5          32   3.8577937945062299E-003
           5          33   8.5125423620000599E-012
           5          34   9.2411998856030771E-013
           5          35   3.6883233442829352E-012
           5          36   2.4152909039580592E-012
           5          37  -2.0204270150322628E-012
           5          38  -2.6073032651497006E-013
           5          39  -3.0745381221539466E-012
           5          40   3.5561902942688474E-012
           5          41   1.4663075940922856E-012
           5          42  -7.7061378809853102E-012
           6           1  -7.1141390012993845E-012
           6           2  -8.9049754059406779E-012
           6           3   1.2026751185418904E-011
           6           4  -6.4365588154983602E-011
           6           5   8.2153220108318357E-012
           6           6  0.60518297376414876     
           6           7   7.1266274857965603E-005
           6           8   7.0894996725051253E-003
           6           9  0.45540409678270344     
           6          10   5.8533201230823119E-005
           6          11   5.8228357752533192E-003
           6          12  0.21273801063638126     
           6          13  -1.2705802487404173E-005
           6          14  -1.2638681131316612E-003
           6          15  -7.8962333478075561E-003
           6          16  -2.5375809111998995E-004
           6          17  -2.5243379471053071E-002
           6          18  -2.9777198368358980E-002
           6          19  -3.1534961456116805E-004
           6          20  -3.1370426791856622E-002
           6          21   2.8362717216588452E-011
           6          22   1.3517196225581125E-011
           6          23   2.5721882201269693E-011
           6          24   1.0236667437692895E-011
           6          25  -1.3517115727342741E-011
           6          26   3.1843279157520078E-011
           6          27   9.0677768202782068E-012
           6          28  -3.1905603030926379E-012
           6          29   1.0138060800847828E-011
           6          30   6.7205839455305249E-012
           6          31  -3.2017129054083267E-012
           6          32   1.0199123297552821E-011
           6          33  -2.2682363782604376E-003
           6          34  -5.2718314748326593E-006
           6          35  -7.5113383149654563E-004
           6          36   4.3952977110397376E-006
           6          37  -5.2454009485936861E-004
           6          38  -7.3488284909188220E-006
           6          39   1.9549585916207648E-004
           6          40  -1.3841859949062917E-003
           6          41  -3.3295817328790623E-006
           6          42   4.4706959960123804E-005
           7           1   6.7134449732373776E-012
           7           2   7.3079868869099763E-012
           7           3  -4.1876959164601107E-011
           7           4   6.3404368652407660E-011
           7           5   6.3481312263297707E-011
           7           6   7.1266274857965603E-005
           7           7  0.59863965616783665     
           7           8   7.7203987097113465E-005
           7           9   5.8533226367444785E-005
           7          10  0.45002985223334374     
           7          11   6.3410543249231235E-005
           7          12  -1.2705795511662453E-005
           7          13  0.21390450432268160     
           7          14  -1.3763832969285991E-005
           7          15  -2.5375810264910295E-004
           7          16   1.5402423702942331E-002
           7          17  -2.7490576052646015E-004
           7          18  -3.1534962115902247E-004
           7          19  -8.2350740057446446E-004
           7          20  -3.4163103339433131E-004
           7          21  -2.6599874030417724E-011
           7          22  -1.7281653940645134E-011
           7          23  -4.6659196656657935E-011
           7          24  -4.8360194090877421E-012
           7          25   8.7852221292400568E-012
           7          26  -1.7303496976240694E-011
           7          27  -3.3367921014629774E-011
           7          28   2.8610924785762206E-012
           7          29  -1.5212578979136806E-011
           7          30   1.3057878404084903E-011
           7          31   7.8245331015297346E-012
           7          32  -2.7830415631391915E-011
           7          33   1.0332938780414508E-006
           7          34  -1.0568406052009179E-003
           7          35  -7.6251610044090316E-007
           7          36  -2.0830485082581627E-003
           7          37  -2.7573750205255836E-006
           7          38  -1.5672729978760815E-004
           7          39  -8.2611870275085732E-007
           7          40  -3.3282707489905133E-006
           7          41  -1.0785940574807419E-003
           7          42   4.8672220170147997E-007
           8           1   6.4315031971768092E-012
           8           2   8.4789753520263801E-012
           8           3  -1.2041791018539481E-011
           8           4   6.3537128058261165E-011
           8           5  -6.8234053450206070E-012
           8           6   7.0894996725051253E-003
           8           7   7.7203987097113465E-005
           8           8  0.60631921332643124     
           8           9   5.8228357869471213E-003
           8          10   6.3410540448403496E-005
           8          11  0.45633732341506628     
           8          12  -1.2638681816965695E-003
           8          13  -1.3763857518566841E-005
           8          14  0.21253544836431915     
           8          15  -2.5243379460538853E-002
           8          16  -2.7490578158147802E-004
           8          17  -1.1941984433769823E-002
           8          18  -3.1370426582176696E-002
           8          19  -3.4163102285859811E-004
           8          20  -3.4804927267087352E-002
           8          21  -4.1010589136633868E-011
           8          22  -1.3552628237918881E-011
           8          23  -2.4163383227782986E-011
           8          24  -1.2140154396345488E-011
           8          25   1.1312875213656660E-011
           8          26  -1.5969470951014295E-011
           8          27   3.3015834350007619E-012
           8          28   4.8271441943381163E-012
           8          29  -1.0049928246023010E-011
           8          30  -4.2462362105515564E-012
           8          31   4.8634404242506289E-012
           8          32  -2.1292126588899577E-011
           8          33   1.0277825485744866E-004
           8          34  -2.7561440505474100E-006
           8          35   1.9549590840828640E-004
           8          36   4.7612582188976520E-006
           8          37  -1.3311017251135115E-003
           8          38  -7.6878668624936991E-006
           8          39  -7.1980139835181426E-004
           8          40  -6.0245092625868350E-004
           8          41  -6.5622188523558739E-006
           8          42  -2.3632972187454110E-003
           9           1   1.3697927798501662E-011
           9           2   4.4489904659895582E-012
           9           3  -1.7431564360625670E-011
           9           4  -3.7680126579346407E-011
           9           5   1.3188272439486768E-011
           9           6  0.45540409678270344     
           9           7   5.8533226367444785E-005
           9           8   5.8228357869471213E-003
           9           9  0.34282315410138592     
           9          10   4.9134590961526189E-005
           9          11   4.8878731679676728E-003
           9          12  0.15978169146133817     
           9          13  -1.1130847004741447E-005
           9          14  -1.1072108110511047E-003
           9          15  -9.6105418908464142E-003
           9          16  -2.3077982744194593E-004
           9          17  -2.2957549185349670E-002
           9          18  -2.7102030573189658E-002
           9          19  -2.8843345684777944E-004
           9          20  -2.8692854489998018E-002
           9          21   2.1610923048492526E-011
           9          22   1.0236420414463056E-011
           9          23   1.9308198826140856E-011
           9          24   7.7261356544482647E-012
           9          25  -1.0087306791807838E-011
           9          26   2.3629131440121280E-011
           9          27   7.1349262553250600E-012
           9          28  -2.3247307813841206E-012
           9          29   7.6087297379767572E-012
           9          30   5.1662493726669110E-012
           9          31  -2.3281054932819865E-012
           9          32   7.4784171845099884E-012
           9          33  -1.7555872337536122E-003
           9          34  -4.7145655961196136E-006
           9          35  -5.6398969963400870E-004
           9          36   3.3204698684773947E-006
           9          37  -4.6909535579298665E-004
           9          38  -6.4734988189814271E-006
           9          39   1.4768338258064372E-004
           9          40  -1.1216382751140577E-003
           9          41  -3.3859284051016644E-006
           9          42  -3.0757857212839140E-005
          10           1   7.0635060570720548E-012
          10           2   7.1456839846341869E-012
          10           3  -3.5503848122157883E-011
          10           4   4.9770196086865839E-011
          10           5   4.9095666770269471E-011
          10           6   5.8533201230823119E-005
          10           7  0.45002985223334374     
          10           8   6.3410540448403496E-005
          10           9   4.9134590961526189E-005
          10          10  0.33831183847025303     
          10          11   5.3229135591274301E-005
          10          12  -1.1130850588972149E-005
          10          13  0.16080359677747019     
          10          14  -1.2057705565474949E-005
          10          15  -2.3077983642807873E-004
          10          16   1.1578383627759471E-002
          10          17  -2.5001263049278675E-004
          10          18  -2.8843346198999389E-004
          10          19  -6.1963531127081869E-004
          10          20  -3.1247166500396252E-004
          10          21  -1.9955720354764975E-011
          10          22  -1.2990358780420102E-011
          10          23  -3.5069172497712786E-011
          10          24  -3.5915870155033829E-012
          10          25   6.6049912703501561E-012
          10          26  -1.2969785352385071E-011
          10          27  -2.5016846241444314E-011
          10          28   2.1522475125083825E-012
          10          29  -1.1465040949613880E-011
          10          30   9.9282135252757292E-012
          10          31   5.8835174837506723E-012
          10          32  -2.0843665693847756E-011
          10          33   2.2787988065065242E-007
          10          34  -7.9450490889620517E-004
          10          35  -5.6659811656918851E-007
          10          36  -1.5659066599836447E-003
          10          37  -2.8864854505290299E-006
          10          38  -1.1786502437164057E-004
          10          39  -6.1386014579592056E-007
          10          40  -3.3847323586790687E-006
          10          41  -8.1086435518623763E-004
          10          42  -3.3507112028065784E-007
          11           1  -1.1790162566754416E-011
          11           2  -3.1711684824194099E-012
          11           3   1.3541916694517099E-011
          11           4   3.9123134209669841E-011
          11           5  -1.1018441309777866E-011
          11           6   5.8228357752533192E-003
          11           7   6.3410543249231235E-005
          11           8  0.45633732341506628     
          11           9   4.8878731679676728E-003
          11          10   5.3229135591274301E-005
          11          11  0.34360653152318676     
          11          12  -1.1072108688338876E-003
          11          13  -1.2057723194625723E-005
          11          14  0.15960423609975768     
          11          15  -2.2957549165725160E-002
          11          16  -2.5001264648548085E-004
          11          17  -1.3289943106090066E-002
          11          18  -2.8692854276431350E-002
          11          19  -3.1247165624482669E-004
          11          20  -3.1700625727247023E-002
          11          21  -3.0499633980736334E-011
          11          22  -1.0111172724272838E-011
          11          23  -1.8199635860866498E-011
          11          24  -9.0571703161405964E-012
          11          25   8.5896091605179441E-012
          11          26  -1.2313986548492006E-011
          11          27   2.7231269191608894E-012
          11          28   3.7092153999959630E-012
          11          29  -7.5786519698708236E-012
          11          30  -3.1941591051155499E-012
          11          31   3.7412957948959150E-012
          11          32  -1.6335991066129062E-011
          11          33   2.2660006190514494E-005
          11          34  -2.8853666226054047E-006
          11          35   1.4768342739689025E-004
          11          36   3.5969383457389752E-006
          11          37  -1.0816108601181078E-003
          11          38  -6.8074014982638986E-006
          11          39  -5.4032025594797695E-004
          11          40  -5.4076294767468327E-004
          11          41  -5.8903058160816303E-006
          11          42  -1.8463877549692517E-003
          12           1  -7.5123394178853686E-012
          12           2  -6.6693407263545910E-012
          12           3   1.8226771948157766E-011
          12           4  -4.8002754507372531E-011
          12           5  -1.3559183662013225E-011
          12           6  0.21273801063638126     
          12           7  -1.2705795511662453E-005
          12           8  -1.2638681816965695E-003
          12           9  0.15978169146133817     
          12          10  -1.1130850588972149E-005
          12          11  -1.1072108688338876E-003
          12          12   7.5533925516314535E-002
          12          13  -9.7825728893705578E-006
          12          14  -9.7310157447873789E-004
          12          15   6.0828692665863184E-003
          12          16   6.2983891995773478E-006
          12          17   6.2656466911226736E-004
          12          18   8.6734333203121483E-004
          12          19   1.2636733012612643E-005
          12          20   1.2570796233713172E-003
          12          21   9.0292402384116465E-012
          12          22   4.6745052595454742E-012
          12          23   9.0074506072585550E-012
          12          24   3.2222595571015962E-012
          12          25  -5.0098536802734624E-012
          12          26   1.1420440618200953E-011
          12          27   1.9972360289367139E-012
          12          28  -1.3426552266595197E-012
          12          29   4.0008473428854490E-012
          12          30   1.1994591787767432E-012
          12          31  -1.3577931391408238E-012
          12          32   3.6401635887068058E-012
          12          33  -6.8031881922794499E-004
          12          34  -2.3966951040460196E-008
          12          35  -2.6644582383390743E-004
          12          36   1.6163860079642310E-006
          12          37  -2.3795335310431559E-006
          12          38  -3.2322855799274789E-007
          12          39   7.1909151795918505E-005
          12          40  -2.9428932801827063E-004
          12          41   9.9281298375215025E-007
          12          42   1.8080089132221515E-004
          13           1   1.3981468273031641E-012
          13           2   1.4766709725639595E-012
          13           3  -1.1702771673981660E-011
          13           4   1.9374758378386198E-011
          13           5   2.0519680651453316E-011
          13           6  -1.2705802487404173E-005
          13           7  0.21390450432268160     
          13           8  -1.3763857518566841E-005
          13           9  -1.1130847004741447E-005
          13          10  0.16080359677747019     
          13          11  -1.2057723194625723E-005
          13          12  -9.7825728893705578E-006
          13          13   7.6432052981401016E-002
          13          14  -1.0597031985830827E-005
          13          15   6.2983931039817796E-006
          13          16   5.5045716941581127E-003
          13          17   6.8235798460180487E-006
          13          18   1.2636743452641688E-005
          13          19  -2.9289251511630454E-004
          13          20   1.3689889372152784E-005
          13          21  -9.6343363749981936E-012
          13          22  -6.1784829746689063E-012
          13          23  -1.6653890711437235E-011
          13          24  -1.8859362590539714E-012
          13          25   3.1333671054843128E-012
          13          26  -6.3288542553220914E-012
          13          27  -1.2093855358338208E-011
          13          28   1.0145645612328557E-012
          13          29  -5.3014889996445010E-012
          13          30   4.2737553185269335E-012
          13          31   2.7870890080736780E-012
          13          32  -1.0152593611347785E-011
          13          33   1.7877755003572236E-006
          13          34  -3.7765123089324247E-004
          13          35  -2.5385675894934856E-007
          13          36  -7.4419623149264225E-004
          13          37   1.0321801531248778E-006
          13          38  -5.6094389734919747E-005
          13          39  -2.7503508673930817E-007
          13          40   9.9276999562982612E-007
          13          41  -3.8543701554710048E-004
          13          42   1.9689078183776472E-006
          14           1   6.1725836884421786E-012
          14           2   5.3560075558415452E-012
          14           3  -1.4612408980426939E-011
          14           4   4.2788262132732064E-011
          14           5   1.1373613516141509E-011
          14           6  -1.2638681131316612E-003
          14           7  -1.3763832969285991E-005
          14           8  0.21253544836431915     
          14           9  -1.1072108110511047E-003
          14          10  -1.2057705565474949E-005
          14          11  0.15960423609975768     
          14          12  -9.7310157447873789E-004
          14          13  -1.0597031985830827E-005
          14          14   7.5377963995845731E-002
          14          15   6.2656434993477107E-004
          14          16   6.8235605112155587E-006
          14          17   6.1832871918560683E-003
          14          18   1.2570791482940801E-003
          14          19   1.3689873258380267E-005
          14          20   1.0688145929766519E-003
          14          21  -1.4845929614000244E-011
          14          22  -5.0191866894382153E-012
          14          23  -8.3355055059808185E-012
          14          24  -4.1407798688534099E-012
          14          25   3.8693930698775448E-012
          14          26  -4.5482784224595793E-012
          14          27   9.0286856667319217E-013
          14          28   1.5327474509958209E-012
          14          29  -3.8453575007032807E-012
          14          30  -6.7922127975838751E-013
          14          31   1.5336167957780656E-012
          14          32  -6.2597513296401898E-012
          14          33   1.7784024129643606E-004
          14          34   1.0321494844692194E-006
          14          35   7.1909143300571447E-005
          14          36   1.7509675546937874E-006
          14          37  -2.7497847181168303E-004
          14          38  -2.5226350525228174E-007
          14          39  -2.5492080964933603E-004
          14          40   1.5925586636217869E-006
          14          41   1.7398916295504936E-008
          14          42  -6.6601919846011456E-004
          15           1   8.5705065884821898E-013
          15           2  -6.5770023005303775E-012
          15           3   3.5585778009432188E-011
          15           4  -8.7790448628733665E-011
          15           5  -5.4471822597518276E-011
          15           6  -7.8962333478075561E-003
          15           7  -2.5375810264910295E-004
          15           8  -2.5243379460538853E-002
          15           9  -9.6105418908464142E-003
          15          10  -2.3077983642807873E-004
          15          11  -2.2957549165725160E-002
          15          12   6.0828692665863184E-003
          15          13   6.2983931039817796E-006
          15          14   6.2656434993477107E-004
          15          15  0.10569282187178773     
          15          16   1.1467011558758257E-003
          15          17  0.11407181602839034     
          15          18  0.13551145384018071     
          15          19   1.4759800992605813E-003
          15          20  0.14682790860354614     
          15          21  -8.8736608532487850E-012
          15          22  -1.6669480259529896E-012
          15          23   4.5135821950992785E-013
          15          24  -1.8292413663011368E-012
          15          25  -2.4651713403785648E-012
          15          26   6.9627897824433879E-012
          15          27  -9.1925723257623960E-012
          15          28  -2.2930313356769444E-012
          15          29   1.5598705118954996E-012
          15          30  -4.0904630098183007E-012
          15          31  -2.4295035610541264E-012
          15          32   6.0258363100865471E-012
          15          33   1.4328639357727945E-003
          15          34   2.1663733366623965E-005
          15          35  -1.9900682337837243E-005
          15          36   9.5930545074603847E-008
          15          37   2.1555797784772175E-003
          15          38   2.7096447506193298E-005
          15          39   4.4386996353667704E-006
          15          40   2.3142813804317083E-003
          15          41   2.5511040541149922E-005
          15          42   1.8974147957105298E-003
          16           1  -2.2066033319035672E-012
          16           2  -3.5419386205914902E-012
          16           3   1.2788181525221973E-011
          16           4  -2.1184447202939121E-011
          16           5  -1.3414934251090441E-011
          16           6  -2.5375809111998995E-004
          16           7   1.5402423702942331E-002
          16           8  -2.7490578158147802E-004
          16           9  -2.3077982744194593E-004
          16          10   1.1578383627759471E-002
          16          11  -2.5001264648548085E-004
          16          12   6.2983891995773478E-006
          16          13   5.5045716941581127E-003
          16          14   6.8235605112155587E-006
          16          15   1.1467011558758257E-003
          16          16   4.0894515640622252E-004
          16          17   1.2422678414832327E-003
          16          18   1.4759801245882791E-003
          16          19  -5.0283449803758445E-006
          16          20   1.5989890631704477E-003
          16          21  -1.4878205079802527E-012
          16          22  -4.7342381308329683E-013
          16          23  -1.3638878226312343E-012
          16          24  -8.2934266134270344E-013
          16          25   1.9659983401482007E-013
          16          26  -1.1682025628894273E-012
          16          27  -1.8289662778971535E-012
          16          28   3.2784867212919176E-014
          16          29   1.6129223075355591E-013
          16          30  -1.4605324137031659E-012
          16          31   1.5782886360200745E-013
          16          32  -1.7647832734867071E-012
          16          33   1.6265968677298047E-005
          16          34  -2.6938573040050878E-005
          16          35  -2.4600113996696424E-008
          16          36  -5.3659248953127816E-005
          16          37   2.3549733330564040E-005
          16          38  -3.6799403241837620E-006
          16          39  -2.6650285576613310E-008
          16          40   2.5505003942386372E-005
          16          41  -2.7449219793286918E-005
          16          42   2.0663270815561330E-005
          17           1  -1.9304995634034376E-012
          17           2   4.0835856039664012E-012
          17           3  -2.5907828120899608E-011
          17           4   6.5856128177104688E-011
          17           5   4.7174690334258280E-011
          17           6  -2.5243379471053071E-002
          17           7  -2.7490576052646015E-004
          17           8  -1.1941984433769823E-002
          17           9  -2.2957549185349670E-002
          17          10  -2.5001263049278675E-004
          17          11  -1.3289943106090066E-002
          17          12   6.2656466911226736E-004
          17          13   6.8235798460180487E-006
          17          14   6.1832871918560683E-003
          17          15  0.11407181602839034     
          17          16   1.2422678414832327E-003
          17          17  0.12397507594133993     
          17          18  0.14682790715618316     
          17          19   1.5989890199527323E-003
          17          20  0.15904351805592090     
          17          21  -7.9783639642467532E-012
          17          22  -2.5083187255230702E-012
          17          23   1.3415628884393052E-012
          17          24  -9.8220939558191704E-013
          17          25  -1.9922807471609022E-012
          17          26   9.9403149957044779E-012
          17          27  -7.0699384158769688E-012
          17          28  -2.2149209212386209E-012
          17          29  -4.6368143129031912E-013
          17          30   1.1268716086802255E-012
          17          31  -2.3557483426628702E-012
          17          32   9.5715542324552031E-012
          17          33   1.6181095734428283E-003
          17          34   2.3544184994046297E-005
          17          35   4.4384244635711882E-006
          17          36   1.0391246849065311E-007
          17          37   2.3155112048823022E-003
          17          38   2.9361618240190872E-005
          17          39  -1.9189028028936680E-005
          17          40   2.5303068809680467E-003
          17          41   2.7562154192206961E-005
          17          42   1.9935467001587909E-003
          18           1  -5.7812162485878869E-013
          18           2  -1.3877843210070175E-012
          18           3   6.1533489937385397E-012
          18           4  -1.5152138882553185E-011
          18           5  -5.7088504169339131E-012
          18           6  -2.9777198368358980E-002
          18           7  -3.1534962115902247E-004
          18           8  -3.1370426582176696E-002
          18           9  -2.7102030573189658E-002
          18          10  -2.8843346198999389E-004
          18          11  -2.8692854276431350E-002
          18          12   8.6734333203121483E-004
          18          13   1.2636743452641688E-005
          18          14   1.2570791482940801E-003
          18          15  0.13551145384018071     
          18          16   1.4759801245882791E-003
          18          17  0.14682790715618316     
          18          18  0.17438471240308967     
          18          19   1.8990766089720551E-003
          18          20  0.18891680655221085     
          18          21  -1.0265497993797867E-011
          18          22  -2.5843378057315597E-012
          18          23   1.0187647444923446E-012
          18          24  -1.7579461478226651E-012
          18          25  -2.6859851148657078E-012
          18          26   1.0047401170702065E-011
          18          27  -1.0241456080516543E-011
          18          28  -2.7899713352012591E-012
          18          29   6.9349482450145694E-013
          18          30  -1.9825370356491039E-012
          18          31  -2.9606162235739461E-012
          18          32   9.6538058371505700E-012
          18          33   1.9085712893666693E-003
          18          34   2.7875837408274125E-005
          18          35  -3.2477246341467822E-007
          18          36  -4.3892421531031661E-008
          18          37   2.7736950482777438E-003
          18          38   3.4901914548516321E-005
          18          39  -1.7325395228009903E-006
          18          40   3.0062472373302254E-003
          18          41   3.2730371939905395E-005
          18          42   2.4232870232079574E-003
          19           1  -3.1146382714348932E-013
          19           2  -4.5465395760781672E-013
          19           3   1.9893698134518663E-012
          19           4  -3.8416826350700937E-012
          19           5  -2.4992220366453010E-012
          19           6  -3.1534961456116805E-004
          19           7  -8.2350740057446446E-004
          19           8  -3.4163102285859811E-004
          19           9  -2.8843345684777944E-004
          19          10  -6.1963531127081869E-004
          19          11  -3.1247165624482669E-004
          19          12   1.2636733012612643E-005
          19          13  -2.9289251511630454E-004
          19          14   1.3689873258380267E-005
          19          15   1.4759800992605813E-003
          19          16  -5.0283449803758445E-006
          19          17   1.5989890199527323E-003
          19          18   1.8990766089720551E-003
          19          19   2.1804866878166286E-005
          19          20   2.0573466265814866E-003
          19          21  -2.1170809174769843E-013
          19          22  -5.7735078150599982E-015
          19          23   5.8327758393308442E-014
          19          24  -1.6264790551303751E-013
          19          25  -4.3067382331400407E-014
          19          26  -2.3836714858982938E-014
          19          27  -2.4393784816439109E-013
          19          28  -3.8015812588249357E-014
