           1           1   2.6386284716023765     
           1           2  -1.3180861453978960     
           1           3 -0.82023460041063467     
           1           4  -8.5227465576634405     
           1           5  0.61669131345234129     
           1           6   2.3901155235665099     
           1           7   8.9136164738897178E-014
           1           8  -1.5642096596089021E-013
           1           9  -1.1816754396322338E-013
           1          10  -2.5572008494471438E-013
           1          11   3.6573596206529095E-013
           1          12   9.7834821144543420E-014
           1          13   7.6437737128530688E-013
           1          14  -9.6593208746398927E-013
           1          15  -6.7363071993256156E-013
           1          16  -1.8710227269050056E-012
           1          17   2.3956988677847512E-012
           1          18   1.4215531202060072E-012
           1          19   8.4376163657448106E-014
           1          20  -1.1046590066547613E-013
           1          21  -6.6897663589357473E-014
           1          22   3.9611426109178174     
           1          23  -7.7723735511634230E-015
           1          24   3.9611426109177206     
           1          25  -4.9238809025626674E-016
           1          26   1.3427424070907732E-014
           1          27   3.9611426109178156     
           1          28  -8.4243952351880924E-003
           1          29  -3.2706162704189968E-014
           1          30  -8.4243952350404605E-003
           1          31  -3.4045765724871313E-014
           1          32  -2.2235494577577786E-014
           1          33  -8.4243952352179435E-003
           1          34 -0.57405494775305255     
           1          35   1.2094679660545007E-014
           1          36 -0.57405494775322807     
           1          37   3.0264600546693816E-014
           1          38   2.7052739508529112E-014
           1          39 -0.57405494775305033     
           1          40 -0.62088419703073661     
           1          41  -5.7193664966076397E-015
           1          42 -0.62088419703066355     
           1          43  -1.3815250570302518E-014
           1          44  -1.4640146692030347E-014
           1          45 -0.62088419703072173     
           1          46   8.6960131996794338E-013
           1          47  -5.0952597188601381E-013
           1          48   3.7591678256368165E-013
           1          49  -1.1073913186513455E-012
           1          50  -2.8957817775450485E-013
           1          51   9.4609747668760456E-015
           1          52  -2.8663603781818737E-013
           1          53   4.0066341723942011E-013
           1          54  -4.9918566028736046E-013
           1          55  -6.6423467550409081E-013
           2           1  -1.3180861453978960     
           2           2   3.8337738340632299     
           2           3   2.4245695747262999     
           2           4   7.7908128416904532     
           2           5  0.87554784789589368     
           2           6   5.6193923044712157E-002
           2           7  -5.9505257906864824E-013
           2           8   9.2830832947689711E-013
           2           9   3.8865323697023365E-013
           2          10   1.9128081472758313E-012
           2          11  -2.5067612888602077E-012
           2          12  -2.7283600672951448E-013
           2          13  -7.5925759503743724E-012
           2          14   9.8641064709069407E-012
           2          15   1.2448746186409081E-012
           2          16   1.7244743596920302E-011
           2          17  -2.2551143606627122E-011
           2          18  -2.6592115626180231E-012
           2          19  -8.4903986192102942E-013
           2          20   1.1105366150389767E-012
           2          21   1.3686354684754240E-013
           2          22  -5.3336075886726491     
           2          23   1.0927885192553844E-013
           2          24  -5.3336075886723497     
           2          25  -1.5710115024664788E-014
           2          26  -1.6255164889550291E-013
           2          27  -5.3336075886726428     
           2          28 -0.28509129984630804     
           2          29  -1.1079712773873666E-013
           2          30 -0.28509129984644899     
           2          31   1.9125824540713976E-014
           2          32   9.4959954208708237E-014
           2          33 -0.28509129984629022     
           2          34 -0.13254885878485861     
           2          35   8.7381335878381038E-014
           2          36 -0.13254885878478620     
           2          37  -1.7980569034393747E-014
           2          38  -5.0345511079949237E-014
           2          39 -0.13254885878489950     
           2          40  -2.8880118581053882E-002
           2          41  -1.9017088622816089E-014
           2          42  -2.8880118581054048E-002
           2          43   1.3126478331363623E-014
           2          44  -7.2720507939800933E-016
           2          45  -2.8880118581025460E-002
           2          46  -7.9048897674258522E-012
           2          47   4.6286591593692641E-012
           2          48  -3.5473722970915770E-012
           2          49   1.0363734530887015E-011
           2          50   5.3228656769578152E-013
           2          51   5.9632696765733038E-015
           2          52   5.5012911524380049E-013
           2          53  -3.5395444616058499E-012
           2          54   4.6167891776704513E-012
           2          55   1.1942655524595248E-012
           3           1 -0.82023460041063467     
           3           2   2.4245695747262999     
           3           3   1.7998647484473582     
           3           4  -1.5621338544797361     
           3           5   1.7958279821863581     
           3           6   3.0361858352128666     
           3           7  -2.0461944494340630E-012
           3           8   2.9318201975110120E-012
           3           9   4.6639743897203207E-014
           3          10   6.7949603913300920E-012
           3          11  -8.6651622595497128E-012
           3          12   1.3461317895241237E-012
           3          13  -2.4625647287908601E-011
           3          14   3.1609974420184156E-011
           3          15  -1.2002887034378243E-011
           3          16   5.3529691724852572E-011
           3          17  -6.8854078340438733E-011
           3          18   2.4380884580574065E-011
           3          19  -2.7370850195829900E-012
           3          20   3.5260746440658127E-012
           3          21  -1.2780342596930100E-012
           3          22  -1.1571675661447856     
           3          23   4.7667872836497943E-013
           3          24  -1.1571675661427503     
           3          25  -1.1699609309044274E-013
           3          26  -5.7740758169549187E-013
           3          27  -1.1571675661440799     
           3          28 -0.34711328116329038     
           3          29  -3.3741154015396331E-013
           3          30 -0.34711328116426027     
           3          31   4.0920100027130086E-014
           3          32   3.1575554503928126E-013
           3          33 -0.34711328116369228     
           3          34 -0.86792853647597523     
           3          35   2.3219168781891681E-013
           3          36 -0.86792853647536272     
           3          37  -3.3167757404762289E-014
           3          38  -2.0828388878104894E-013
           3          39 -0.86792853647572088     
           3          40 -0.80577985948627051     
           3          41  -5.6524270668531606E-014
           3          42 -0.80577985948637176     
           3          43   1.2028541860573252E-014
           3          44   3.1564878781581510E-014
           3          45 -0.80577985948630038     
           3          46  -2.4306964255669944E-011
           3          47   1.3973503742508079E-011
           3          48  -1.0898028605385988E-011
           3          49   3.1295107596305124E-011
           3          50  -4.9036175520535541E-012
           3          51   1.6979142252215994E-014
           3          52  -4.8863912366340211E-012
           3          53  -1.0860893987254303E-011
           3          54   1.3975780235651846E-011
           3          55  -1.0985613639505931E-011
           4           1  -8.5227465576634405     
           4           2   7.7908128416904532     
           4           3  -1.5621338544797361     
           4           4   187.94424395733208     
           4           5  -30.538430956409155     
           4           6  -78.541741603151507     
           4           7   2.7258593851998958E-012
           4           8  -3.4806341008752530E-012
           4           9  -1.2549215829301843E-012
           4          10  -1.0800586302948939E-011
           4          11   1.2306433281408731E-011
           4          12   9.7948902603137158E-012
           4          13   5.6004150902298666E-011
           4          14  -6.7720487609090130E-011
           4          15  -6.6327926722130636E-011
           4          16  -1.2317448674632142E-010
           4          17   1.4992912100262508E-010
           4          18   1.3549645002088417E-010
           4          19   6.0854896292772628E-012
           4          20  -7.5286597199830734E-012
           4          21  -7.4021784110237542E-012
           4          22  -70.240359879163520     
           4          23  -9.1223202176046083E-013
           4          24  -70.240359879159456     
           4          25   4.0735490873834152E-013
           4          26   1.1020310047481388E-012
           4          27  -70.240359879161389     
           4          28   3.7141490380398565     
           4          29   1.7566740401775779E-012
           4          30   3.7141490380352229     
           4          31   5.4617595538171753E-013
           4          32  -6.5621715782167869E-013
           4          33   3.7141490380398561     
           4          34   20.251245669334146     
           4          35  -8.4410513755771215E-013
           4          36   20.251245669339305     
           4          37  -3.8726797927980287E-013
           4          38   2.7957774764115713E-013
           4          39   20.251245669334605     
           4          40   20.580311279652808     
           4          41   2.3924282657105021E-013
           4          42   20.580311279650545     
           4          43   1.6335329848787218E-013
           4          44   2.0780230769994752E-013
           4          45   20.580311279652165     
           4          46   5.6243865369702248E-011
           4          47  -3.0277866616364056E-011
           4          48   2.5644163869459927E-011
           4          49  -6.8738206669062775E-011
           4          50  -2.7168558669858702E-011
           4          51  -3.3118708817277164E-013
           4          52  -2.7294001039619159E-011
           4          53   2.4822403285238538E-011
           4          54  -3.0554149470439145E-011
           4          55  -6.0143284179983523E-011
           5           1  0.61669131345234129     
           5           2  0.87554784789589368     
           5           3   1.7958279821863581     
           5           4  -30.538430956409155     
           5           5   6.3705122615162955     
           5           6   14.942745833058247     
           5           7  -7.5699505178079755E-012
           5           8   1.0366473191222659E-011
           5           9   2.8462919848226582E-012
           5          10   2.6651639290583143E-011
           5          11  -3.2789154968080885E-011
           5          12  -1.6311519318468233E-011
           5          13  -1.0133385941014081E-010
           5          14   1.2089706042653346E-010
           5          15   1.1158255576291042E-010
           5          16   2.1698275180259001E-010
           5          17  -2.6006114074610475E-010
           5          18  -2.2883656559639446E-010
           5          19  -1.1208447070149202E-011
           5          20   1.3439918866302632E-011
           5          21   1.2096274152680314E-011
           5          22   9.7116735573687958     
           5          23   1.7719309806502828E-012
           5          24   9.7116735573672752     
           5          25  -7.2048588553634546E-013
           5          26  -2.0294514351833357E-012
           5          27   9.7116735573663160     
           5          28 -0.88951311866354088     
           5          29  -1.2208767070462581E-012
           5          30 -0.88951311866225391     
           5          31   2.3740346744584809E-013
           5          32   1.0921705690073948E-012
           5          33 -0.88951311866244387     
           5          34  -3.9318657939886168     
           5          35   8.0263011121801954E-013
           5          36  -3.9318657939899113     
           5          37  -1.7385895924350061E-013
           5          38  -7.3349503151567080E-013
           5          39  -3.9318657939895134     
           5          40  -3.9244550720889277     
           5          41  -2.0131358742819930E-013
           5          42  -3.9244550720884055     
           5          43   3.6709645816241942E-014
           5          44   1.1554714946357859E-013
           5          45  -3.9244550720885907     
           5          46  -9.8243567076238664E-011
           5          47   5.2623240434666343E-011
           5          48  -4.4042933137415952E-011
           5          49   1.1788415517000657E-010
           5          50   4.6008211766481885E-011
           5          51   7.0198891884199931E-014
           5          52   4.6046165755981909E-011
           5          53  -4.3875065247451128E-011
           5          54   5.2668718805394285E-011
           5          55   1.0276144657562546E-010
           6           1   2.3901155235665099     
           6           2   5.6193923044712157E-002
           6           3   3.0361858352128666     
           6           4  -78.541741603151507     
           6           5   14.942745833058247     
           6           6   36.199467026434917     
           6           7  -9.1616075940610754E-012
           6           8   1.2519808639569553E-011
           6           9   3.8927557619838583E-012
           6          10   3.3346092974955575E-011
           6          11  -4.0119016643412565E-011
           6          12  -2.2528794641627804E-011
           6          13  -1.3050006592543565E-010
           6          14   1.5279136590819499E-010
           6          15   1.5328462461566613E-010
           6          16   2.8049443803638273E-010
           6          17  -3.3030625295899836E-010
           6          18  -3.1430260360344141E-010
           6          19  -1.4409057130624934E-011
           6          20   1.6995132439812540E-011
           6          21   1.6666862928326943E-011
           6          22   26.712928319378651     
           6          23   2.6145522265497387E-012
           6          24   26.712928319376037     
           6          25  -1.0640818462234678E-012
           6          26  -3.0214285248058823E-012
           6          27   26.712928319374953     
           6          28  -1.9948403121244935     
           6          29  -2.0348182540949853E-012
           6          30  -1.9948403121219505     
           6          31   2.1343046048879132E-013
           6          32   1.6394020928906315E-012
           6          33  -1.9948403121230580     
           6          34  -9.4561053396455232     
           6          35   1.2763732913778126E-012
           6          36  -9.4561053396482286     
           6          37  -1.5892549932397043E-013
           6          38  -1.0656375363886654E-012
           6          39  -9.4561053396467987     
           6          40  -9.4992785697669522     
           6          41  -3.2509032867731675E-013
           6          42  -9.4992785697658082     
           6          43   1.8371843895914269E-014
           6          44   1.1531036279825566E-013
           6          45  -9.4992785697663713     
           6          46  -1.2714205163511490E-010
           6          47   6.6845369180140333E-011
           6          48  -5.7107416977305943E-011
           6          49   1.4997630651621603E-010
           6          50   6.3175259346370151E-011
           6          51   1.6394516492515624E-013
           6          52   6.3255064877492817E-011
           6          53  -5.6710494997012106E-011
           6          54   6.6961744189392739E-011
           6          55   1.4098335895487737E-010
           7           1   8.9136164738897178E-014
           7           2  -5.9505257906864824E-013
           7           3  -2.0461944494340630E-012
           7           4   2.7258593851998958E-012
           7           5  -7.5699505178079755E-012
           7           6  -9.1616075940610754E-012
           7           7   2.4926316224265550     
           7           8  -2.9969795972716971E-014
           7           9  -2.1792680507393824E-014
           7          10  -1.5302059928675860     
           7          11   2.9847054461209441E-013
           7          12   1.5535619665718849E-013
           7          13   3.9534719421637456     
           7          14  -2.6927161672282832E-012
           7          15  -1.6540241398743737E-012
           7          16  -8.9722957994709329     
           7          17   6.8210323457204892E-012
           7          18   3.8894581999571349E-012
           7          19  0.45669074516193209     
           7          20  -2.6088081483489000E-013
           7          21  -1.9428859562853436E-013
           7          22   2.0180249477723190E-012
           7          23  -1.8845218056663165E-013
           7          24   1.6253474693008951E-012
           7          25  -3.2826664789790486E-013
           7          26   2.3560479557709346E-013
           7          27   1.6479895442223057E-012
           7          28   1.7088199550842729E-012
           7          29   2.8329004959490428E-013
           7          30   1.9924516464866588E-012
           7          31   1.9141615984319620E-013
           7          32  -1.1475866591387748E-013
           7          33   1.8714293817985545E-012
           7          34   2.8364032266258483E-012
           7          35  -2.2214703198559936E-013
           7          36   2.6402367427899200E-012
           7          37  -2.1637739859575024E-013
           7          38   1.0013930216484151E-013
           7          39   2.7815266143618259E-012
           7          40   2.5233989233236140E-012
           7          41   4.8238845470069949E-014
           7          42   2.5465541784745591E-012
           7          43   7.8991898120753664E-014
           7          44  -2.1097820657168596E-014
           7          45   2.5021748975490186E-012
           7          46   4.0925645974528306     
           7          47  -1.4079804488108314E-012
           7          48   1.8302505284427455     
           7          49  -3.2148808355031571E-012
           7          50  -7.7119040320372867E-013
           7          51  -1.0943830745690189E-014
           7          52  -7.8152762039707446E-013
           7          53   1.8302505284427433     
           7          54  -1.4472762994554506E-012
           7          55  -1.8254703304521127E-012
           8           1  -1.5642096596089021E-013
           8           2   9.2830832947689711E-013
           8           3   2.9318201975110120E-012
           8           4  -3.4806341008752530E-012
           8           5   1.0366473191222659E-011
           8           6   1.2519808639569553E-011
           8           7  -2.9969795972716971E-014
           8           8   2.4926316224265319     
           8           9   1.6616672230893714E-014
           8          10   1.1523475316327422E-013
           8          11  -1.5302059928677361     
           8          12  -1.4293817865440852E-013
           8          13  -1.3740678516879842E-012
           8          14   3.9534719421654141     
           8          15   1.5546071374661419E-012
           8          16   3.5730684903867620E-012
           8          17  -8.9722957994749244     
           8          18  -3.7639301397884987E-012
           8          19  -1.9753180346840806E-013
           8          20  0.45669074516205543     
           8          21   1.7717229593150565E-013
           8          22  -2.8178369026343019E-012
           8          23   3.4817594527146269E-013
           8          24  -2.4757225754241281E-012
           8          25   4.9025835991740979E-013
           8          26  -4.7684263830907768E-013
           8          27  -2.5064654599862241E-012
           8          28  -2.4168156365092970E-012
           8          29  -3.0020287374697709E-013
           8          30  -2.7516293600396677E-012
           8          31  -3.0692017337054605E-013
           8          32   2.6961429174741902E-013
           8          33  -2.4893877839387501E-012
           8          34  -3.7957666730432903E-012
           8          35   2.3313303809437912E-013
           8          36  -3.6109046286272982E-012
           8          37   3.2502796174156279E-013
           8          38  -2.3025449742094307E-013
           8          39  -3.8226248964342160E-012
           8          40  -3.4577932499435435E-012
           8          41  -6.1637060138738446E-014
           8          42  -3.4944296576633690E-012
           8          43  -1.1847545684210021E-013
           8          44   6.4692161136601586E-014
           8          45  -3.4247134739306601E-012
           8          46  -1.5920781403291982E-012
           8          47   1.8302505284435360     
           8          48  -7.5610573574761258E-013
           8          49   4.0925645974547304     
           8          50   7.3829484192877997E-013
           8          51   1.7187295838568692E-014
           8          52   7.2562919214980431E-013
           8          53  -7.5980733748974935E-013
           8          54   1.8302505284435835     
           8          55   1.7952982850344473E-012
           9           1  -1.1816754396322338E-013
           9           2   3.8865323697023365E-013
           9           3   4.6639743897203207E-014
           9           4  -1.2549215829301843E-012
           9           5   2.8462919848226582E-012
           9           6   3.8927557619838583E-012
           9           7  -2.1792680507393824E-014
           9           8   1.6616672230893714E-014
           9           9   2.4926316224261207     
           9          10   1.2176327654489836E-013
           9          11  -7.8062122738091301E-014
           9          12  -1.5302059928655294     
           9          13  -3.2570647567898024E-012
           9          14   2.0280652157645248E-012
           9          15   3.9534719421380906     
           9          16   9.1728499795885215E-012
           9          17  -5.8709322126039198E-012
           9          18  -8.9722957994034989     
           9          19  -4.1358800065283474E-013
           9          20   4.3740401925456231E-014
           9          21  0.45669074515901359     
           9          22  -2.9017820607690731E-013
           9          23   1.5186484041913529E-013
           9          24  -2.6892674570436403E-013
           9          25  -2.4968530580548603E-013
           9          26  -1.2255070568340632E-013
           9          27  -1.0436972334651299E-013
           9          28  -1.3419294042942417E-012
           9          29  -7.2922920412263572E-013
           9          30  -4.3137788089512741E-014
           9          31   6.9677648360662371E-013
           9          32   1.4031754276423358E-013
           9          33  -9.7170548046843057E-013
           9          34  -7.3153205374310535E-013
           9          35   6.6399716929266520E-013
           9          36  -1.2110083156092044E-012
           9          37  -2.2415639185498032E-013
           9          38  -1.0089524096928368E-014
           9          39  -1.2066366141561394E-012
           9          40  -1.3546690484633763E-012
           9          41  -4.3610140071490630E-014
           9          42  -1.1276431444074828E-012
           9          43   7.0672581594702697E-014
           9          44  -1.3111648780564399E-013
           9          45  -8.7716494317870718E-013
           9          46  -4.3669581839545294E-012
           9          47   1.1007856952349943E-012
           9          48  -2.0340430728627170E-012
           9          49   2.9735779810691675E-012
           9          50   1.8302505284284025     
           9          51  -6.8347749207573628E-014
           9          52   1.8302505284287678     
           9          53  -1.8616167635210495E-012
           9          54   1.5155676193201674E-012
           9          55   4.0925645974211484     
          10           1  -2.5572008494471438E-013
          10           2   1.9128081472758313E-012
          10           3   6.7949603913300920E-012
          10           4  -1.0800586302948939E-011
          10           5   2.6651639290583143E-011
          10           6   3.3346092974955575E-011
          10           7  -1.5302059928675860     
          10           8   1.1523475316327422E-013
          10           9   1.2176327654489836E-013
          10          10   4.7623635800495645     
          10          11  -1.3892249438492219E-012
          10          12  -7.9411824338572372E-013
          10          13  -12.288912198829973     
          10          14   1.5837763826104352E-011
          10          15   5.6454563246433522E-012
          10          16   26.955659399178323     
          10          17  -4.0794681868683563E-011
          10          18  -1.1259548848841047E-011
          10          19  -1.3927155563766462     
          10          20   1.5902096534101944E-012
          10          21   6.6443031632169076E-013
          10          22  -6.5176804216951606E-012
          10          23   7.4550146861179585E-013
          10          24  -5.1015230804794140E-012
          10          25   1.2014841092680361E-012
          10          26  -8.8678396309830568E-013
          10          27  -5.1715058871097183E-012
          10          28  -6.0653379280475144E-012
          10          29  -1.2835098662817163E-012
          10          30  -7.0597772279984062E-012
          10          31  -6.7050298131425788E-013
          10          32   4.0172828886319695E-013
          10          33  -6.7014371624451368E-012
          10          34  -1.0127577380824204E-011
          10          35   9.7313513772690805E-013
          10          36  -9.4365768500046108E-012
          10          37   7.7085805366797894E-013
          10          38  -3.4812026270047678E-013
          10          39  -9.9698298542708588E-012
          10          40  -9.1992434262432442E-012
          10          41  -1.8502924940108215E-013
          10          42  -9.2675387176906112E-012
          10          43  -2.8855426757520073E-013
          10          44   6.5297783909692231E-014
          10          45  -9.0743119204137708E-012
          10          46  -12.230627565058876     
          10          47   8.5030717276308187E-012
          10          48  -5.4697029285910324     
          10          49   1.9285885605527371E-011
          10          50   2.1021101526130990E-012
          10          51   2.8335036327826131E-014
          10          52   2.1710827580179368E-012
          10          53  -5.4697029285909782     
          10          54   8.6716895600011972E-012
          10          55   5.1084969587833888E-012
          11           1   3.6573596206529095E-013
          11           2  -2.5067612888602077E-012
          11           3  -8.6651622595497128E-012
          11           4   1.2306433281408731E-011
          11           5  -3.2789154968080885E-011
          11           6  -4.0119016643412565E-011
          11           7   2.9847054461209441E-013
          11           8  -1.5302059928677361     
          11           9  -7.8062122738091301E-014
          11          10  -1.3892249438492219E-012
          11          11   4.7623635800512680     
          11          12   6.0790782130394774E-013
          11          13   1.6383633165417772E-011
          11          14  -12.288912198846512     
          11          15  -1.7634158022695152E-012
          11          16  -4.3373640616628730E-011
          11          17   26.955659399220522     
          11          18   7.5996153814383329E-013
          11          19   1.9851402151879148E-012
          11          20  -1.3927155563782319     
          11          21  -1.9855644906031226E-013
          11          22   8.3162588865772551E-012
          11          23  -1.3104908424831425E-012
          11          24   6.9832146106365110E-012
          11          25  -1.8329518715518108E-012
          11          26   1.7738264123024893E-012
          11          27   7.1329964220806914E-012
          11          28   7.5381977430134409E-012
          11          29   1.0894596656193507E-012
          11          30   8.9060559024575190E-012
          11          31   1.1633743426818986E-012
          11          32  -9.9255498595551435E-013
          11          33   7.8649943590344134E-012
          11          34   1.2120605638435042E-011
          11          35  -8.0200142941973974E-013
          11          36   1.1392845713700173E-011
          11          37  -1.2321281681753220E-012
          11          38   8.6063526176774619E-013
          11          39   1.2151693016426698E-011
          11          40   1.1070727007492851E-011
          11          41   2.0906504842978371E-013
          11          42   1.1211777120920597E-011
          11          43   4.5071932085687631E-013
          11          44  -2.4549402207624419E-013
          11          45   1.1012195603216954E-011
          11          46   2.0205234837686426E-011
          11          47  -5.4697029285997329     
          11          48   9.2071908907795843E-012
          11          49  -12.230627565078912     
          11          50   1.7143231278991088E-013
          11          51  -6.5509069636526299E-014
          11          52   2.0791354748970273E-013
          11          53   9.1877856234559994E-012
          11          54  -5.4697029285999115     
          11          55  -1.8941792578890415E-013
          12           1   9.7834821144543420E-014
          12           2  -2.7283600672951448E-013
          12           3   1.3461317895241237E-012
          12           4   9.7948902603137158E-012
          12           5  -1.6311519318468233E-011
          12           6  -2.2528794641627804E-011
          12           7   1.5535619665718849E-013
          12           8  -1.4293817865440852E-013
          12           9  -1.5302059928655294     
          12          10  -7.9411824338572372E-013
          12          11   6.0790782130394774E-013
          12          12   4.7623635800404998     
          12          13   1.8736678875086571E-011
          12          14  -1.1401983524006619E-011
          12          15  -12.288912198732081     
          12          16  -5.2596871302768326E-011
          12          17   3.2873939681544038E-011
          12          18   26.955659398925093     
          12          19   2.4366654527430276E-012
          12          20  -1.8240010196681418E-013
          12          21  -1.3927155563653788     
          12          22  -4.9265480740201316E-013
          12          23  -7.5966402052475641E-013
          12          24  -2.5132087768095344E-013
          12          25   1.4105070889682199E-012
          12          26   6.8419369847482642E-013
          12          27  -1.3501048695664419E-012
          12          28   8.0456280063366805E-012
          12          29   4.3980174342150117E-012
          12          30  -4.6291244027074818E-014
          12          31  -4.2176626212584027E-012
          12          32  -8.5497084066079558E-013
          12          33   5.6338189491253301E-012
          12          34   4.0324249595038823E-012
          12          35  -4.0440811020126719E-012
          12          36   7.0303262299553764E-012
          12          37   1.3589217865142053E-012
          12          38   8.8287423074352259E-014
          12          39   7.0001703268627597E-012
          12          40   7.9452602673663627E-012
          12          41   2.7031794876176776E-013
          12          42   6.5398691106753906E-012
          12          43  -4.5276937272006934E-013
          12          44   7.9363468667501790E-013
          12          45   5.0162557606626225E-012
          12          46   2.4991703151400344E-011
          12          47  -6.0026532355817762E-012
          12          48   1.1663267573958147E-011
          12          49  -1.6724670259815808E-011
          12          50  -5.4697029285371332     
          12          51   4.0366664685130254E-013
          12          52  -5.4697029285393546     
          12          53   1.0621351020923048E-011
          12          54  -8.5622862966428848E-012
          12          55  -12.230627564940770     
          13           1   7.6437737128530688E-013
          13           2  -7.5925759503743724E-012
          13           3  -2.4625647287908601E-011
          13           4   5.6004150902298666E-011
          13           5  -1.0133385941014081E-010
          13           6  -1.3050006592543565E-010
          13           7   3.9534719421637456     
          13           8  -1.3740678516879842E-012
          13           9  -3.2570647567898024E-012
          13          10  -12.288912198829973     
          13          11   1.6383633165417772E-011
          13          12   1.8736678875086571E-011
          13          13   46.473441073748909     
          13          14  -1.2123742287872992E-010
          13          15  -1.3510481622347524E-010
          13          16  -98.659834781731419     
          13          17   2.8997550194365537E-010
          13          18   2.7398394664146617E-010
          13          19   5.1428750505468592     
          13          20  -1.2849536105280687E-011
          13          21  -1.4796538994055268E-011
          13          22   1.6601725890196944E-011
          13          23  -2.3271941692375431E-012
          13          24   1.3725167063054263E-011
          13          25  -1.9640057022385924E-012
          13          26   1.6855485766601141E-012
          13          27   1.3871485863696873E-011
          13          28   2.3340159540544702E-011
          13          29   6.1278597205302071E-012
          13          30   2.5131325510733445E-011
          13          31   7.7742303362065588E-013
          13          32  -1.4689436576942419E-013
          13          33   2.5256880849652332E-011
          13          34   3.9008418979356068E-011
          13          35  -4.5102886283844719E-012
          13          36   3.7546492834729721E-011
          13          37  -1.2312581505474751E-012
          13          38   1.0284495241623306E-013
          13          39   3.9232722026326533E-011
          13          40   3.6034596725486383E-011
          13          41   6.8212298946128354E-013
          13          42   3.5855991306553043E-011
          13          43   4.3284599116159902E-013
          13          44   1.8216074423444067E-013
          13          45   3.5072627055622551E-011
          13          46   44.577844193909833     
          13          47  -5.9770026601680715E-011
          13          48   19.935817981595914     
          13          49  -1.3499625375890311E-010
          13          50  -5.4499182944312217E-011
          13          51  -5.7844566520523855E-014
          13          52  -5.5089932615715269E-011
          13          53   19.935817981595541     
          13          54  -6.0353036804295703E-011
          13          55  -1.2306311525378577E-010
          14           1  -9.6593208746398927E-013
          14           2   9.8641064709069407E-012
          14           3   3.1609974420184156E-011
          14           4  -6.7720487609090130E-011
          14           5   1.2089706042653346E-010
          14           6   1.5279136590819499E-010
          14           7  -2.6927161672282832E-012
          14           8   3.9534719421654141     
          14           9   2.0280652157645248E-012
          14          10   1.5837763826104352E-011
          14          11  -12.288912198846512     
          14          12  -1.1401983524006619E-011
          14          13  -1.2123742287872992E-010
          14          14   46.473441073854154     
          14          15   6.9396988156001592E-011
          14          16   2.9715144581055488E-010
          14          17  -98.659834781984316     
          14          18  -1.2985812425370271E-010
          14          19  -1.4025116137905867E-011
          14          20   5.1428750505580565     
          14          21   7.3901995634174579E-012
          14          22  -2.0227061597333058E-011
          14          23   3.0542118520689892E-012
          14          24  -1.7396442145372460E-011
          14          25   3.3781499907842561E-012
          14          26  -3.3981552550433467E-012
          14          27  -1.7930579044403819E-011
          14          28  -2.7286033887160326E-011
          14          29  -2.6130289232102800E-012
          14          30  -3.1230347154875836E-011
          14          31  -2.1258303982640208E-012
          14          32   1.7830956431897330E-012
          14          33  -2.7929749341048116E-011
          14          34  -4.6079872505186737E-011
          14          35   1.7712606682999625E-012
          14          36  -4.4185731445057157E-011
          14          37   2.0934801782486559E-012
          14          38  -1.5022428207692857E-012
          14          39  -4.6292187578874672E-011
          14          40  -4.1609109129378914E-011
          14          41  -5.7922572016695544E-013
          14          42  -4.2103440351944488E-011
          14          43  -7.2099423483085877E-013
          14          44   4.8217265192847534E-013
          14          45  -4.1751298251669899E-011
          14          46  -1.3794187146698644E-010
          14          47   19.935817981647784     
          14          48  -6.1882748057796409E-011
          14          49   44.577844194027648     
          14          50   2.5066060338474779E-011
          14          51   2.7717081898186814E-013
          14          52   2.4992397040790919E-011
          14          53  -6.1707273839307386E-011
          14          54   19.935817981648142     
          14          55   5.7454152546654953E-011
          15           1  -6.7363071993256156E-013
          15           2   1.2448746186409081E-012
          15           3  -1.2002887034378243E-011
          15           4  -6.6327926722130636E-011
          15           5   1.1158255576291042E-010
          15           6   1.5328462461566613E-010
          15           7  -1.6540241398743737E-012
          15           8   1.5546071374661419E-012
          15           9   3.9534719421380906     
          15          10   5.6454563246433522E-012
          15          11  -1.7634158022695152E-012
          15          12  -12.288912198732081     
          15          13  -1.3510481622347524E-010
          15          14   6.9396988156001592E-011
