           1           1  0.51656145072265880     
           1           2  0.63255796687837695     
           1           3  -6.9534955525760972E-002
           1           4 -0.14348521419320903     
           1           5  -3.4639581267261431E-002
           1           6   3.0410586746555455E-015
           1           7  -1.3285585170928201E-015
           1           8   5.6394034263323800E-019
           1           9  -8.2089305803907407E-015
           1          10   2.0772570487200833E-014
           1          11   8.1869540657316240E-016
           1          12   2.4745968182447665E-015
           1          13  -8.9970504563943981E-015
           1          14  -2.9584157077631743E-016
           1          15   1.2607112508442298E-003
           1          16  -2.5754902300741811E-006
           1          17   1.2537287777160469E-003
           1          18   2.2526089635068825E-005
           1          19  -6.5813744844193554E-006
           1          20   1.3029280335555660E-003
           1          21   6.5471785053807996E-003
           1          22   5.3266935775310269E-005
           1          23   6.6915917548102926E-003
           1          24  -4.6589009782100309E-004
           1          25   1.3611760349756458E-004
           1          26   5.6740410282609685E-003
           1          27   3.3700121426071917E-015
           1          28  -3.4121945795071614E-015
           1          29   5.6905120017973952E-016
           1          30  -9.2642649685923190E-015
           1          31   5.7949433477744891E-016
           1          32  -9.1287527745282988E-017
           1          33   2.1377268965005337E-016
           1          34  -4.4550699724976145E-016
           1          35  -5.6116591419154887E-015
           1          36  -1.1097082715472982E-015
           2           1  0.63255796687837695     
           2           2  0.79240876244203506     
           2           3 -0.17034546649070365     
           2           4 -0.25538736594977873     
           2           5  -7.3061476538486353E-002
           2           6   3.4087498310707659E-015
           2           7  -1.4145634152708187E-015
           2           8  -2.8744662939077040E-016
           2           9  -1.0669544089055186E-014
           2          10   2.4198119937376395E-014
           2          11   2.7905821279736878E-016
           2          12   2.5378460647324258E-015
           2          13  -1.0773712668438920E-014
           2          14  -5.3482532769369997E-016
           2          15   2.9958013476716078E-004
           2          16   1.2616769462683310E-005
           2          17   3.3378575593800150E-004
           2          18  -1.1035037475011934E-004
           2          19   3.2240713458236720E-005
           2          20   9.2769518084198296E-005
           2          21   3.4084691505990843E-003
           2          22   1.2239661683132905E-004
           2          23   3.7403015135037210E-003
           2          24  -1.0705209643208204E-003
           2          25   3.1277064904409665E-004
           2          26   1.4021763075921468E-003
           2          27   4.1900566127054394E-015
           2          28  -3.9374538481298477E-015
           2          29   7.0849085604079364E-016
           2          30  -1.0883535088354106E-014
           2          31   6.1643691001918774E-016
           2          32  -1.4742592649414348E-016
           2          33   3.4582601389649479E-016
           2          34  -2.4444091089001518E-016
           2          35  -6.6920996058573964E-015
           2          36  -1.2944124053776226E-015
           3           1  -6.9534955525760972E-002
           3           2 -0.17034546649070365     
           3           3  0.41701243091067219     
           3           4  0.40049939200838069     
           3           5  0.15130005519393708     
           3           6  -1.8245251391187159E-015
           3           7   2.3975375992491042E-017
           3           8  -6.0465964718131991E-015
           3           9   1.0578471992676402E-015
           3          10   3.9904308473216305E-015
           3          11  -4.4855956586718574E-015
           3          12   4.1690039062321013E-016
           3          13   5.2653836979789578E-016
           3          14  -3.1451867829940959E-015
           3          15   5.7806085763820380E-003
           3          16  -7.4689907153161308E-005
           3          17   5.5781150033085512E-003
           3          18   6.5326232852844831E-004
           3          19  -1.9086154669506797E-004
           3          20   7.0049053137098242E-003
           3          21   2.1189548718249306E-002
           3          22  -2.7858903994995837E-004
           3          23   2.0434259382503227E-002
           3          24   2.4366311237638376E-003
           3          25  -7.1190263812538623E-004
           3          26   2.5756106236585599E-002
           3          27  -7.6251536914460229E-016
           3          28  -6.9037996002335580E-016
           3          29  -1.3980353754008385E-016
           3          30  -9.5212663396544281E-016
           3          31   3.7019683323505813E-016
           3          32   1.9212555628663930E-016
           3          33  -4.1783740647213058E-016
           3          34  -1.4082898158750304E-015
           3          35  -7.1050279071894177E-017
           3          36  -1.9938138529452030E-016
           4           1 -0.14348521419320903     
           4           2 -0.25538736594977873     
           4           3  0.40049939200838069     
           4           4  0.39688380764294617     
           4           5  0.14589574507993891     
           4           6   5.9238544149008286E-015
           4           7  -2.3305941147590601E-015
           4           8   1.5597948299371431E-014
           4           9   1.0639380435849721E-014
           4          10  -1.9906109782025331E-015
           4          11   1.8158892278756167E-014
           4          12   4.5464562157412997E-015
           4          13   4.8834338929309567E-016
           4          14   8.5942515539147894E-015
           4          15   5.0955804937250224E-003
           4          16  -1.0174250119507588E-004
           4          17   4.8197439914884031E-003
           4          18   8.8987316925528623E-004
           4          19  -2.5999137194008507E-004
           4          20   6.7633160977530662E-003
           4          21   1.8377884237743759E-002
           4          22  -3.4064793372958250E-004
           4          23   1.7454345560637175E-002
           4          24   2.9794185016546442E-003
           4          25  -8.7048707417879557E-004
           4          26   2.3961694456096444E-002
           4          27  -1.2357118376447080E-015
           4          28  -1.3299652566373766E-016
           4          29  -1.9724767347634004E-016
           4          30   5.1962534207880978E-016
           4          31   2.6030570813131529E-016
           4          32   1.8325066231638200E-016
           4          33  -4.7446561818586564E-016
           4          34  -1.1818765060568003E-015
           4          35   6.9923158383976590E-016
           4          36   1.0427286197797772E-016
           5           1  -3.4639581267261431E-002
           5           2  -7.3061476538486353E-002
           5           3  0.15130005519393708     
           5           4  0.14589574507993891     
           5           5   5.6825718667377539E-002
           5           6  -1.0572461818486757E-016
           5           7   2.3099881697046309E-016
           5           8  -2.1041857431361859E-015
           5           9   1.0177226629188426E-015
           5          10   1.2470715015800248E-015
           5          11  -1.6628545596295627E-015
           5          12   2.3266909515282539E-016
           5          13   3.5555951898871295E-016
           5          14  -1.0964617880010187E-015
           5          15   2.3283057960343336E-003
           5          16   4.0762085572680737E-005
           5          17   2.4388168539968510E-003
           5          18  -3.5651855329700663E-004
           5          19   1.0416287386694667E-004
           5          20   1.6601445642292182E-003
           5          21   8.3598714010255110E-003
           5          22   4.3324543216735503E-005
           5          23   8.4773296080790927E-003
           5          24  -3.7893053745539180E-004
           5          25   1.1071091541653433E-004
           5          26   7.6497074021985960E-003
           5          27  -2.9235549096277812E-016
           5          28  -1.8963391661588411E-016
           5          29  -7.0818607649284582E-017
           5          30  -2.0824643176852868E-016
           5          31   1.0374599793769430E-016
           5          32   3.8184226606266942E-017
           5          33  -1.2918268199885510E-016
           5          34  -4.6383944245936899E-016
           5          35   7.9584364368060865E-017
           5          36  -6.3222675297791818E-017
           6           1   3.0410586746555455E-015
           6           2   3.4087498310707659E-015
           6           3  -1.8245251391187159E-015
           6           4   5.9238544149008286E-015
           6           5  -1.0572461818486757E-016
           6           6   2.6955399187723401E-002
           6           7  -7.8754719147373399E-003
           6           8   6.8881455840252570E-002
           6           9   2.8417405035909570E-002
           6          10  -8.3026214410847898E-003
           6          11   7.2617445451268373E-002
           6          12   1.4622966182339707E-002
           6          13  -4.2723447746854000E-003
           6          14   3.7367327587110720E-002
           6          15  -6.4012967095320235E-017
           6          16  -1.4747773510907582E-016
           6          17   7.8322509195761829E-017
           6          18  -2.8789580894829534E-016
           6          19  -8.4545162595203552E-017
           6          20  -3.9493269455051918E-016
           6          21  -1.5113249739810623E-015
           6          22   3.2033778224815867E-016
           6          23  -8.5609984207389193E-016
           6          24  -9.5351219085484792E-016
           6          25  -2.3292864127149628E-016
           6          26  -1.4371128615928242E-015
           6          27  -1.1199679918516847E-004
           6          28   1.9112528896392358E-006
           6          29  -6.6283353525964568E-005
           6          30   4.5731591008493839E-005
           6          31  -1.6716445743985769E-005
           6          32  -5.6309901629259771E-005
           6          33  -1.6937955637350097E-004
           6          34   3.5466274178827821E-004
           6          35  -1.0362066936980885E-004
           6          36   4.0178098624374207E-004
           7           1  -1.3285585170928201E-015
           7           2  -1.4145634152708187E-015
           7           3   2.3975375992491042E-017
           7           4  -2.3305941147590601E-015
           7           5   2.3099881697046309E-016
           7           6  -7.8754719147373399E-003
           7           7   2.3009511915543985E-003
           7           8  -2.0124872465743130E-002
           7           9  -8.3026214411229798E-003
           7          10   2.4257500889743560E-003
           7          11  -2.1216404483147114E-002
           7          12  -4.2723447973131903E-003
           7          13   1.2482371731461430E-003
           7          14  -1.0917491404657437E-002
           7          15   6.6816347082519634E-017
           7          16   5.7622271263474814E-017
           7          17   6.4634604499619536E-017
           7          18  -4.3007085890464306E-017
           7          19   6.1841724050904480E-017
           7          20  -7.4740245987269900E-017
           7          21   5.9049133577101077E-016
           7          22  -6.2234638735489723E-017
           7          23   4.8407016152742529E-016
           7          24   4.3223549785014047E-018
           7          25   1.4818431664437118E-016
           7          26   5.4806670977321999E-017
           7          27   3.2721743068267521E-005
           7          28  -5.5840458341903157E-007
           7          29   1.9365793304448122E-005
           7          30  -1.3361251231911959E-005
           7          31   4.8839899589003024E-006
           7          32   1.6451882078037665E-005
           7          33   4.9487077889675994E-005
           7          34  -1.0362066770761961E-004
           7          35   3.0274516275013333E-005
           7          36  -1.1738705299824214E-004
           8           1   5.6394034263323800E-019
           8           2  -2.8744662939077040E-016
           8           3  -6.0465964718131991E-015
           8           4   1.5597948299371431E-014
           8           5  -2.1041857431361859E-015
           8           6   6.8881455840252570E-002
           8           7  -2.0124872465743130E-002
           8           8  0.17601872358223417     
           8           9   7.2617445449187454E-002
           8          10  -2.1216404482441550E-002
           8          11  0.18556561998019330     
           8          12   3.7367326387104029E-002
           8          13  -1.0917490996232614E-002
           8          14   9.5487954273446113E-002
           8          15  -4.5690740116407691E-016
           8          16  -4.3347757661176189E-016
           8          17  -2.4667556310510336E-016
           8          18  -2.4051163881455100E-016
           8          19  -3.6071874169193600E-016
           8          20  -3.7451717110062819E-016
           8          21  -4.7963572392524914E-015
           8          22   6.9945861255596020E-016
           8          23  -3.4449751021097749E-015
           8          24  -1.3946582009419407E-015
           8          25  -8.9964105263080060E-016
           8          26  -2.6540000740041820E-015
           8          27  -2.8619507815845366E-004
           8          28   4.8839893113955043E-006
           8          29  -1.6937956871074581E-004
           8          30   1.1686187782337596E-004
           8          31  -4.2716975226423389E-005
           8          32  -1.4389354709357620E-004
           8          33  -4.3283018557174849E-004
           8          34   9.0630028576235927E-004
           8          35  -2.6479083138878653E-004
           8          36   1.0267055987063956E-003
           9           1  -8.2089305803907407E-015
           9           2  -1.0669544089055186E-014
           9           3   1.0578471992676402E-015
           9           4   1.0639380435849721E-014
           9           5   1.0177226629188426E-015
           9           6   2.8417405035909570E-002
           9           7  -8.3026214411229798E-003
           9           8   7.2617445449187454E-002
           9           9   2.9958707098009876E-002
           9          10  -8.7529386861608799E-003
           9          11   7.6556067513242787E-002
           9          12   1.5416086029221666E-002
           9          13  -4.5040680373444981E-003
           9          14   3.9394055185651561E-002
           9          15  -1.1194356570360772E-016
           9          16  -1.6183767608649399E-016
           9          17   2.0866304224063613E-017
           9          18  -2.4787486931695792E-016
           9          19  -1.0538565782013836E-016
           9          20  -3.5654308746726603E-016
           9          21  -1.7051512722713241E-015
           9          22   3.2563671253682437E-016
           9          23  -1.0471263420971991E-015
           9          24  -8.9961214453469616E-016
           9          25  -2.7641987695792031E-016
           9          26  -1.4289750739096551E-015
           9          27  -1.1807127703825189E-004
           9          28   2.0149153463721307E-006
           9          29  -6.9878427366922068E-005
           9          30   4.8211979187338800E-005
           9          31  -1.7623111650448205E-005
           9          32  -5.9364035790636245E-005
           9          33  -1.7856635788427290E-004
           9          34   3.7389892519692011E-004
           9          35  -1.0924084303359278E-004
           9          36   4.2357276708466119E-004
          10           1   2.0772570487200833E-014
          10           2   2.4198119937376395E-014
          10           3   3.9904308473216305E-015
          10           4  -1.9906109782025331E-015
          10           5   1.2470715015800248E-015
          10           6  -8.3026214410847898E-003
          10           7   2.4257500889743560E-003
          10           8  -2.1216404482441550E-002
          10           9  -8.7529386861608799E-003
          10          10   2.5573178239317652E-003
          10          11  -2.2367138969141970E-002
          10          12  -4.5040680611788562E-003
          10          13   1.3159390103250565E-003
          10          14  -1.1509633860739997E-002
          10          15   2.3266624022397238E-016
          10          16   5.9080614596466687E-017
          10          17   2.2584679959572831E-016
          10          18  -3.0759828339537009E-017
          10          19   6.0936138211086655E-017
          10          20   1.1075644732466834E-016
          10          21   1.2564535647524388E-015
          10          22  -7.0488628275324151E-017
          10          23   1.1310340798334902E-015
          10          24   4.7225834515719588E-017
          10          25   1.4375505490893744E-016
          10          26   7.7168168415383401E-016
          10          27   3.4496503641880665E-005
          10          28  -5.8869130857023665E-007
          10          29   2.0416154416378202E-005
          10          30  -1.4085938234406440E-005
          10          31   5.1488876082368557E-006
          10          32   1.7344198591033861E-005
          10          33   5.2171156013469226E-005
          10          34  -1.0924084128074733E-004
          10          35   3.1916544261053256E-005
          10          36  -1.2375388721851179E-004
          11           1   8.1869540657316240E-016
          11           2   2.7905821279736878E-016
          11           3  -4.4855956586718574E-015
          11           4   1.8158892278756167E-014
          11           5  -1.6628545596295627E-015
          11           6   7.2617445451268373E-002
          11           7  -2.1216404483147114E-002
          11           8  0.18556561998019330     
          11           9   7.6556067513242787E-002
          11          10  -2.2367138969141970E-002
          11          11  0.19563032055817642     
          11          12   3.9394053921687822E-002
          11          13  -1.1509633430545804E-002
          11          14  0.10066702606847452     
          11          15  -4.6601178447619994E-016
          11          16  -4.6153214173612117E-016
          11          17  -2.5669573232177457E-016
          11          18  -2.1381646073740044E-016
          11          19  -3.9189410894788743E-016
          11          20  -3.0467498110199798E-016
          11          21  -4.9943340153965408E-015
          11          22   7.2689830228516137E-016
          11          23  -3.5981157392757264E-015
          11          24  -1.3784868870375623E-015
          11          25  -9.7526096045139215E-016
          11          26  -2.5637072664006100E-015
          11          27  -3.0171771521193781E-004
          11          28   5.1488869257839475E-006
          11          29  -1.7856637089578165E-004
          11          30   1.2320022761790509E-004
          11          31  -4.5033856798004182E-005
          11          32  -1.5169803947074896E-004
          11          33  -4.5630601163994738E-004
          11          34   9.5545616394126056E-004
          11          35  -2.7915254577320648E-004
          11          36   1.0823920153703321E-003
          12           1   2.4745968182447665E-015
          12           2   2.5378460647324258E-015
          12           3   4.1690039062321013E-016
          12           4   4.5464562157412997E-015
          12           5   2.3266909515282539E-016
          12           6   1.4622966182339707E-002
          12           7  -4.2723447973131903E-003
          12           8   3.7367326387104029E-002
          12           9   1.5416086029221666E-002
          12          10  -4.5040680611788562E-003
          12          11   3.9394053921687822E-002
          12          12   7.9327758598818372E-003
          12          13  -2.3176934878402300E-003
          12          14   2.0271306828933640E-002
          12          15  -3.8587160928947264E-017
          12          16  -8.7975476777312842E-017
          12          17   1.7018621679610221E-017
          12          18  -8.6465919207535761E-017
          12          19  -6.6232790177426746E-017
          12          20  -8.7454143426321658E-017
          12          21  -8.3260327893477544E-016
          12          22   1.5567346678639780E-016
          12          23  -5.2623882655582467E-016
          12          24  -3.5890946939059518E-016
          12          25  -1.7262808902414251E-016
          12          26  -4.9555930096642900E-016
          12          27  -6.0756859715173406E-005
          12          28   1.0368307357073883E-006
          12          29  -3.5957888447954713E-005
          12          30   2.4808814891762535E-005
          12          31  -9.0684622810019562E-006
          12          32  -3.0547415807908332E-005
          12          33  -9.1886286215989624E-005
          12          34   1.9240009184014943E-004
          12          35  -5.6212914282353571E-005
          12          36   2.1796114884565157E-004
          13           1  -8.9970504563943981E-015
          13           2  -1.0773712668438920E-014
          13           3   5.2653836979789578E-016
          13           4   4.8834338929309567E-016
          13           5   3.5555951898871295E-016
          13           6  -4.2723447746854000E-003
          13           7   1.2482371731461430E-003
          13           8  -1.0917490996232614E-002
          13           9  -4.5040680373444981E-003
          13          10   1.3159390103250565E-003
          13          11  -1.1509633430545804E-002
          13          12  -2.3176934878402300E-003
          13          13   6.7715301660584485E-004
          13          14  -5.9226022085200466E-003
          13          15  -1.2046131205276918E-017
          13          16   2.7199351380464963E-017
          13          17  -2.4236884027832374E-017
          13          18   1.2179356521638614E-017
          13          19   2.3173470759492717E-017
          13          20  -2.2288241305896108E-017
          13          21   1.3532760139351624E-016
          13          22  -4.2635686521192428E-017
          13          23   5.3536461362291712E-017
          13          24   7.9961263781594092E-017
          13          25   5.7711189138647807E-017
          13          26  -9.8115130204345685E-018
          13          27   1.7751135364308318E-005
          13          28  -3.0292748548392783E-007
          13          29   1.0505700068216910E-005
          13          30  -7.2483112760642436E-006
          13          31   2.6495033194743589E-006
          13          32   8.9249397611735151E-006
          13          33   2.6846119308833572E-005
          13          34  -5.6212913082914057E-005
          13          35   1.6423545511176536E-005
          13          36  -6.3681004506443520E-005
          14           1  -2.9584157077631743E-016
          14           2  -5.3482532769369997E-016
          14           3  -3.1451867829940959E-015
          14           4   8.5942515539147894E-015
          14           5  -1.0964617880010187E-015
          14           6   3.7367327587110720E-002
          14           7  -1.0917491404657437E-002
          14           8   9.5487954273446113E-002
          14           9   3.9394055185651561E-002
          14          10  -1.1509633860739997E-002
          14          11  0.10066702606847452     
          14          12   2.0271306828933640E-002
          14          13  -5.9226022085200466E-003
          14          14   5.1801019946994015E-002
          14          15  -2.5147289652068100E-016
          14          16  -2.3555224223319476E-016
          14          17  -1.3849858553549593E-016
          14          18  -1.2701028311062697E-016
          14          19  -1.9669754685752591E-016
          14          20  -2.0028474387889519E-016
          14          21  -2.5984108510210221E-015
          14          22   3.7922568267704143E-016
          14          23  -1.8659044453194072E-015
          14          24  -7.5464416230895427E-016
          14          25  -4.8861094632236477E-016
          14          26  -1.4325722463410658E-015
          14          27  -1.5525724752635372E-004
          14          28   2.6495030673293904E-006
          14          29  -9.1886295859607966E-005
          14          30   6.3396105930141274E-005
          14          31  -2.3173424361386193E-005
          14          32  -7.8060448147132124E-005
          14          33  -2.3480495783014430E-004
          14          34   4.9165656064115442E-004
          14          35  -1.4364571157606220E-004
          14          36   5.5697493577019984E-004
          15           1   1.2607112508442298E-003
          15           2   2.9958013476716078E-004
          15           3   5.7806085763820380E-003
          15           4   5.0955804937250224E-003
          15           5   2.3283057960343336E-003
          15           6  -6.4012967095320235E-017
          15           7   6.6816347082519634E-017
          15           8  -4.5690740116407691E-016
          15           9  -1.1194356570360772E-016
          15          10   2.3266624022397238E-016
          15          11  -4.6601178447619994E-016
          15          12  -3.8587160928947264E-017
          15          13  -1.2046131205276918E-017
          15          14  -2.5147289652068100E-016
          15          15   1.3304334258075335E-004
          15          16   9.3943656465833833E-006
          15          17   1.5851263000962385E-004
          15          18  -8.2166196571625567E-005
          15          19   2.4006232302821405E-005
          15          20  -2.0946580424177761E-005
          15          21   4.6963042779800461E-004
          15          22   1.8415355764014438E-005
          15          23   5.1955673642076715E-004
          15          24  -1.6106672221946990E-004
          15          25   4.7058344341018551E-005
          15          26   1.6777087100147911E-004
          15          27   1.4293359571424670E-017
          15          28  -2.6457455593152587E-017
          15          29   1.6671638381897441E-018
          15          30  -6.2913981356948936E-017
          15          31   5.0529856602067562E-018
          15          32  -2.9183938099544882E-018
          15          33   5.4497458693350860E-019
          15          34  -2.0847787253624484E-017
          15          35  -2.8730386469992031E-017
          15          36  -1.2428182978435656E-017
          16           1  -2.5754902300741811E-006
          16           2   1.2616769462683310E-005
          16           3  -7.4689907153161308E-005
          16           4  -1.0174250119507588E-004
          16           5   4.0762085572680737E-005
          16           6  -1.4747773510907582E-016
          16           7   5.7622271263474814E-017
          16           8  -4.3347757661176189E-016
          16           9  -1.6183767608649399E-016
          16          10   5.9080614596466687E-017
          16          11  -4.6153214173612117E-016
          16          12  -8.7975476777312842E-017
          16          13   2.7199351380464963E-017
          16          14  -2.3555224223319476E-016
          16          15   9.3943656465833833E-006
          16          16   2.6151428748262726E-006
          16          17   1.6484341477469429E-005
          16          18  -2.2872895316504678E-005
          16          19   6.6826999650173762E-006
          16          20  -3.3472354513470216E-005
          16          21   2.8976410481179603E-005
          16          22   5.6106925774104815E-006
          16          23   4.4187692345714954E-005
          16          24  -4.9072952713731996E-005
          16          25   1.4337486152590449E-005
          16          26  -6.2992555974447954E-005
          16          27   2.5062507670248618E-018
          16          28   2.1957815675586870E-020
          16          29   7.3782386256142751E-020
          16          30  -1.3397558138778672E-018
          16          31  -6.9705288717470916E-019
          16          32  -9.3722095447578805E-019
          16          33   2.1217269767161544E-018
          16          34  -6.7268408840904392E-019
          16          35   8.1951071613999386E-019
          16          36  -2.9558665989717114E-018
          17           1   1.2537287777160469E-003
          17           2   3.3378575593800150E-004
          17           3   5.5781150033085512E-003
          17           4   4.8197439914884031E-003
          17           5   2.4388168539968510E-003
          17           6   7.8322509195761829E-017
          17           7   6.4634604499619536E-017
          17           8  -2.4667556310510336E-016
          17           9   2.0866304224063613E-017
          17          10   2.2584679959572831E-016
          17          11  -2.5669573232177457E-016
          17          12   1.7018621679610221E-017
          17          13  -2.4236884027832374E-017
          17          14  -1.3849858553549593E-016
          17          15   1.5851263000962385E-004
          17          16   1.6484341477469429E-005
          17          17   2.0320371895703952E-004
          17          18  -1.4417744518731656E-004
          17          19   4.2123858568339982E-005
          17          20  -1.1169427402902071E-004
          17          21   5.4818906128908072E-004
          17          22   3.3626637392224673E-005
          17          23   6.3935503670433833E-004
          17          24  -2.9410956742218067E-004
          17          25   8.5929042868627779E-005
          17          26  -3.0097402638628473E-006
          17          27   1.8835474280831137E-017
          17          28  -2.6359483371325564E-017
          17          29   5.3401061441718639E-019
          17          30  -6.5626405400369343E-017
          17          31   2.8269637982624347E-018
          17          32  -6.5919016926182653E-018
          17          33   2.8904329833350620E-018
          17          34  -1.5538028534827248E-017
          17          35  -2.8592759862020495E-017
          17          36  -1.2360704391951562E-017
          18           1   2.2526089635068825E-005
          18           2  -1.1035037475011934E-004
          18           3   6.5326232852844831E-004
          18           4   8.8987316925528623E-004
          18           5  -3.5651855329700663E-004
          18           6  -2.8789580894829534E-016
          18           7  -4.3007085890464306E-017
          18           8  -2.4051163881455100E-016
          18           9  -2.4787486931695792E-016
          18          10  -3.0759828339537009E-017
          18          11  -2.1381646073740044E-016
          18          12  -8.6465919207535761E-017
          18          13   1.2179356521638614E-017
          18          14  -1.2701028311062697E-016
          18          15  -8.2166196571625567E-005
          18          16  -2.2872895316504678E-005
          18          17  -1.4417744518731656E-004
          18          18   2.0005382696138029E-004
          18          19  -5.8449080623025673E-005
          18          20   2.9276016489837320E-004
          18          21  -2.5343716981193894E-004
          18          22  -4.9072953211183671E-005
          18          23  -3.8648001843027957E-004
          18          24   4.2920810207124939E-004
          18          25  -1.2540034539849828E-004
          18          26   5.5095350486675037E-004
          18          27  -1.5364964187273564E-017
          18          28  -3.0392182962611153E-019
          18          29   3.2344483456958403E-018
          18          30   9.0411288941980895E-018
          18          31   7.0751187876269626E-018
          18          32   1.1493236881834006E-017
          18          33  -8.6429999505537233E-018
          18          34  -1.4876011025762086E-017
          18          35  -1.1024649912102759E-018
          18          36   2.3354710656307705E-018
          19           1  -6.5813744844193554E-006
          19           2   3.2240713458236720E-005
          19           3  -1.9086154669506797E-004
          19           4  -2.5999137194008507E-004
          19           5   1.0416287386694667E-004
          19           6  -8.4545162595203552E-017
          19           7   6.1841724050904480E-017
          19           8  -3.6071874169193600E-016
          19           9  -1.0538565782013836E-016
          19          10   6.0936138211086655E-017
          19          11  -3.9189410894788743E-016
          19          12  -6.6232790177426746E-017
          19          13   2.3173470759492717E-017
          19          14  -1.9669754685752591E-016
          19          15   2.4006232302821405E-005
          19          16   6.6826999650173762E-006
          19          17   4.2123858568339982E-005
          19          18  -5.8449080623025673E-005
          19          19   1.7076879145813390E-005
          19          20  -8.5534792041032151E-005
          19          21   7.4045919438502588E-005
          19          22   1.4337486277273035E-005
          19          23   1.1291661890804370E-004
          19          24  -1.2540034521783182E-004
          19          25   3.6637813982357241E-005
          19          26  -1.6097030650861978E-004
          19          27   5.1898910368548236E-018
          19          28   7.6837236365167264E-020
          19          29  -5.3026629146073603E-019
          19          30  -2.9276579915683295E-018
          19          31  -1.9625205423931710E-018
          19          32  -3.0056133199879095E-018
          19          33   3.5849978485623967E-018
          19          34   2.1271668783856072E-018
          19          35   9.7045362541538406E-019
          19          36  -3.1962730623162681E-018
          20           1   1.3029280335555660E-003
          20           2   9.2769518084198296E-005
          20           3   7.0049053137098242E-003
          20           4   6.7633160977530662E-003
          20           5   1.6601445642292182E-003
          20           6  -3.9493269455051918E-016
          20           7  -7.4740245987269900E-017
          20           8  -3.7451717110062819E-016
          20           9  -3.5654308746726603E-016
          20          10   1.1075644732466834E-016
          20          11  -3.0467498110199798E-016
          20          12  -8.7454143426321658E-017
          20          13  -2.2288241305896108E-017
          20          14  -2.0028474387889519E-016
          20          15  -2.0946580424177761E-005
          20          16  -3.3472354513470216E-005
          20          17  -1.1169427402902071E-004
          20          18   2.9276016489837320E-004
          20          19  -8.5534792041032151E-005
          20          20   5.2772326899438342E-004
          20          21  -5.3431252676036287E-006
          20          22  -7.3553611124763877E-005
          20          23  -2.0475606644936256E-004
          20          24   6.4332394809360331E-004
          20          25  -1.8795788066920780E-004
          20          26   1.2003279327493011E-003
          20          27  -1.5369391568820633E-017
          20          28  -2.7012250656048415E-017
          20          29   7.2159016906625812E-018
          20          30  -4.5615792978090220E-017
          20          31   1.8183275046752620E-017
          20          32   1.8185560115651607E-017
          20          33  -1.6964099397843252E-017
          20          34  -4.5982251699389478E-017
          20          35  -3.1598566111008277E-017
          20          36  -4.9414439837974340E-018
          21           1   6.5471785053807996E-003
          21           2   3.4084691505990843E-003
          21           3   2.1189548718249306E-002
          21           4   1.8377884237743759E-002
          21           5   8.3598714010255110E-003
          21           6  -1.5113249739810623E-015
          21           7   5.9049133577101077E-016
          21           8  -4.7963572392524914E-015
          21           9  -1.7051512722713241E-015
          21          10   1.2564535647524388E-015
          21          11  -4.9943340153965408E-015
          21          12  -8.3260327893477544E-016
          21          13   1.3532760139351624E-016
          21          14  -2.5984108510210221E-015
          21          15   4.6963042779800461E-004
          21          16   2.8976410481179603E-005
          21          17   5.4818906128908072E-004
          21          18  -2.5343716981193894E-004
          21          19   7.4045919438502588E-005
          21          20  -5.3431252676036287E-006
          21          21   1.7033483503753554E-003
          21          22   5.7165748197151125E-005
          21          23   1.8583317689518934E-003
          21          24  -4.9999032163918617E-004
          21          25   1.4608055848466659E-004
          21          26   7.6630279284102825E-004
          21          27   4.8286119952820189E-017
          21          28  -1.0668322041974833E-016
          21          29  -2.1929807690664372E-018
          21          30  -2.5371469682538363E-016
          21          31   2.3832317721652041E-017
          21          32  -2.4099729389513869E-018
          21          33   3.0050272002843171E-018
          21          34  -8.7520660512279364E-017
          21          35  -1.0048357432980602E-016
          21          36  -6.3979664375182540E-017
          22           1   5.3266935775310269E-005
          22           2   1.2239661683132905E-004
          22           3  -2.7858903994995837E-004
          22           4  -3.4064793372958250E-004
          22           5   4.3324543216735503E-005
          22           6   3.2033778224815867E-016
          22           7  -6.2234638735489723E-017
          22           8   6.9945861255596020E-016
          22           9   3.2563671253682437E-016
          22          10  -7.0488628275324151E-017
          22          11   7.2689830228516137E-016
          22          12   1.5567346678639780E-016
          22          13  -4.2635686521192428E-017
          22          14   3.7922568267704143E-016
          22          15   1.8415355764014438E-005
          22          16   5.6106925774104815E-006
          22          17   3.3626637392224673E-005
          22          18  -4.9072953211183671E-005
          22          19   1.4337486277273035E-005
          22          20  -7.3553611124763877E-005
          22          21   5.7165748197151125E-005
          22          22   1.2121940227916941E-005
          22          23   9.0029828159889042E-005
          22          24  -1.0602245476754679E-004
          22          25   3.0976238291916699E-005
          22          26  -1.4153384192727332E-004
          22          27   2.4647950676931052E-018
          22          28   1.5494871378072874E-019
