           1           1   2.6270151194373694     
           1           2  -1.3365436798721317     
           1           3 -0.65884484089192552     
           1           4  -7.1494835680002193     
           1           5  -1.0528430909007003     
           1           6   3.2666268347188612     
           1           7  -6.3198184590842363E-015
           1           8  -1.6638504603248933E-014
           1           9   3.1791169143905969E-014
           1          10   3.2380645232831350E-014
           1          11  -4.4072439359215365E-016
           1          12  -3.7419946637008800E-015
           1          13   3.4514101350436819E-014
           1          14  -3.7510773209782243E-014
           1          15  -3.9999160749145475E-014
           1          16  -1.3425808728284609E-013
           1          17  -2.7032243807654721E-014
           1          18  -4.4052492422144959E-014
           1          19   3.3655313826859688E-014
           1          20   5.2759906857604973E-015
           1          21   7.2787460158642359E-015
           1          22   3.4559337922580728     
           1          23   1.4732443488754183E-015
           1          24   3.4559337922581039     
           1          25  -2.4275447976486926E-014
           1          26  -2.7300069945784226E-014
           1          27   3.4559337922581204     
           1          28  0.33594467893126867     
           1          29   1.5181725804413195E-015
           1          30  0.33594467893120050     
           1          31   6.8580522948580567E-014
           1          32   3.7770869316393648E-015
           1          33  0.33594467893122726     
           1          34 -0.50511522973786960     
           1          35  -9.5458811569392297E-017
           1          36 -0.50511522973779011     
           1          37  -6.5701460950744935E-014
           1          38   2.5786730026524896E-015
           1          39 -0.50511522973783796     
           1          40 -0.76892302198766305     
           1          41  -7.3909095180048455E-015
           1          42 -0.76892302198769102     
           1          43   2.3483313702177248E-014
           1          44  -5.3524080095729463E-015
           1          45 -0.76892302198767248     
           1          46   5.5395246895854470E-014
           1          47   2.8003992180667608E-014
           1          48   2.5667366422215333E-014
           1          49   1.4040472542098332E-014
           1          50   2.0412863777904555E-014
           1          51   7.5448468546365301E-015
           1          52   1.4297694980476000E-014
           1          53   2.6405913539699891E-014
           1          54   6.8734904182022857E-015
           1          55   3.8171488572358472E-014
           2           1  -1.3365436798721317     
           2           2   3.9676131869863656     
           2           3   2.3345127217965365     
           2           4   7.0304811910629565     
           2           5   1.1693835826339396     
           2           6  -1.9444070894383803     
           2           7  -8.7488057940533618E-014
           2           8   1.4475951712064072E-013
           2           9  -9.6880833621499338E-014
           2          10  -5.1628778413733446E-014
           2          11  -2.7843908531054405E-013
           2          12   4.6972907525915164E-014
           2          13   2.8437268048862231E-013
           2          14   3.4129280332035731E-013
           2          15  -1.8341604657928554E-014
           2          16   4.8320740924721366E-013
           2          17   3.5770144092891582E-013
           2          18   1.8652662345812098E-016
           2          19  -8.7410116644537409E-014
           2          20  -4.6735433841970309E-014
           2          21   5.4279583500062646E-015
           2          22  -4.8598459190250978     
           2          23  -5.3273975900826433E-014
           2          24  -4.8598459190251884     
           2          25   1.4604407050423266E-013
           2          26  -3.6548884518498481E-014
           2          27  -4.8598459190250871     
           2          28 -0.35794011733328746     
           2          29   1.6296526845845539E-014
           2          30 -0.35794011733317527     
           2          31  -1.0342232936109744E-013
           2          32   2.0656298471071725E-015
           2          33 -0.35794011733328424     
           2          34  0.21628979214897798     
           2          35  -1.8570127183002525E-015
           2          36  0.21628979214887706     
           2          37   1.0078717487846463E-013
           2          38   7.7192849431678952E-015
           2          39  0.21628979214896668     
           2          40  0.45459428399901736     
           2          41  -8.1120261552719851E-015
           2          42  0.45459428399905949     
           2          43  -3.0483518132635776E-014
           2          44  -1.2674541201040818E-014
           2          45  0.45459428399901847     
           2          46  -3.4747406459364144E-013
           2          47  -1.3838130813362587E-013
           2          48  -1.5961008175212136E-013
           2          49  -3.0322624778133188E-013
           2          50   1.7441359594107689E-015
           2          51   1.4538812287716099E-015
           2          52   1.8720718030199001E-015
           2          53  -1.6213332085518989E-013
           2          54  -1.4562638336674639E-013
           2          55   2.7020141336740431E-015
           3           1 -0.65884484089192552     
           3           2   2.3345127217965365     
           3           3   1.9823325338563416     
           3           4  -4.1705089114152560     
           3           5 -0.36494422942165272     
           3           6   3.8587036772954746     
           3           7  -3.5353921721902367E-013
           3           8   4.3569136086552280E-014
           3           9   3.5777568908462173E-013
           3          10  -9.2869366111904261E-014
           3          11  -1.2744265182151502E-012
           3          12  -7.1776472651863650E-014
           3          13   1.1075849336195112E-012
           3          14   1.5583006400889381E-012
           3          15   2.3298229633796470E-013
           3          16   9.9702666982253674E-013
           3          17   1.6780182633335533E-012
           3          18   2.6515814834406297E-013
           3          19  -1.3543308125357320E-013
           3          20  -2.4281991548631343E-013
           3          21  -3.2511875047330899E-014
           3          22  0.12724478600493017     
           3          23  -1.2684721949043193E-013
           3          24  0.12724478600422584     
           3          25   4.4612572548137832E-013
           3          26  -1.9789174003804934E-013
           3          27  0.12724478600481071     
           3          28  0.14086487378183815     
           3          29   8.2255845890947248E-014
           3          30  0.14086487378216397     
           3          31  -1.8713699455882533E-013
           3          32   6.8235287660874235E-014
           3          33  0.14086487378188359     
           3          34 -0.73060998033510116     
           3          35  -5.6204139663941893E-014
           3          36 -0.73060998033529578     
           3          37   1.4764722198617902E-013
           3          38  -3.0644009112697515E-014
           3          39 -0.73060998033515090     
           3          40 -0.91397304593585016     
           3          41   2.0147953757918629E-015
           3          42 -0.91397304593580264     
           3          43  -4.2337220752178855E-014
           3          44  -1.3781400159441847E-014
           3          45 -0.91397304593584372     
           3          46  -9.0980217654036243E-013
           3          47  -6.1065794117490160E-013
           3          48  -4.0904881737867882E-013
           3          49  -1.4579077308744615E-012
           3          50  -9.7436997155447695E-014
           3          51   1.7465292422893279E-014
           3          52  -1.0319941029852738E-013
           3          53  -4.0888990787588578E-013
           3          54  -6.5506182550437073E-013
           3          55  -2.2039173667889463E-013
           4           1  -7.1494835680002193     
           4           2   7.0304811910629565     
           4           3  -4.1705089114152560     
           4           4   130.20244791640951     
           4           5   17.055162966799138     
           4           6  -74.007523072335189     
           4           7   1.0904237076796636E-012
           4           8  -1.2692490337888177E-012
           4           9   3.7893315328632237E-013
           4          10  -1.1220138864920647E-012
           4          11   2.6401408278178491E-012
           4          12  -4.4318768415516295E-013
           4          13  -3.0463724199597481E-012
           4          14  -2.3089937594607147E-012
           4          15   1.7205443186115072E-012
           4          16   6.7169171577218344E-014
           4          17  -2.9978935075466178E-012
           4          18   1.6571697142346171E-012
           4          19  -3.3023122663199539E-013
           4          20   3.9259907932219413E-013
           4          21  -2.9454281282464727E-013
           4          22  -51.259990372900496     
           4          23   8.4064618069771787E-013
           4          24  -51.259990372902109     
           4          25  -9.5631945460061276E-013
           4          26   1.7602211778895881E-012
           4          27  -51.259990372903957     
           4          28  -5.6295915735643005     
           4          29  -7.6292746350905575E-013
           4          30  -5.6295915735623980     
           4          31  -3.7394224731638103E-013
           4          32  -6.0563465134490558E-013
           4          33  -5.6295915735622595     
           4          34   12.463457337282211     
           4          35   6.0267806887402793E-013
           4          36   12.463457337280168     
           4          37   3.3165319280249195E-013
           4          38   2.7327694520447854E-013
           4          39   12.463457337280929     
           4          40   17.468521204916179     
           4          41  -6.0819416705577834E-014
           4          42   17.468521204916886     
           4          43  -7.3265483361790101E-014
           4          44   1.2382445610840411E-013
           4          45   17.468521204916570     
           4          46   1.1179831021839675E-012
           4          47   6.2667887622689309E-013
           4          48   4.8686112941380207E-013
           4          49   2.7525030108606803E-012
           4          50  -7.0051314499107910E-013
           4          51  -2.2901631789555864E-013
           4          52  -6.1454476963212900E-013
           4          53   4.6078076591327398E-013
           4          54   1.1775787554372698E-012
           4          55  -1.5341791531596540E-012
           5           1  -1.0528430909007003     
           5           2   1.1693835826339396     
           5           3 -0.36494422942165272     
           5           4   17.055162966799138     
           5           5   2.2561170923209044     
           5           6  -9.5388321732074495     
           5           7  -5.8814445151473845E-013
           5           8   5.9799719949541728E-013
           5           9  -1.0610726235266831E-013
           5          10   1.8173314135295117E-013
           5          11  -1.8324179521677334E-012
           5          12   1.5374034966903265E-013
           5          13   1.2871253417549396E-012
           5          14   2.4706512306923873E-012
           5          15  -7.3546124028343927E-014
           5          16   1.5023766944046365E-012
           5          17   2.5666186650998152E-012
           5          18  -1.0083944729759510E-013
           5          19  -2.5939901794611901E-013
           5          20  -3.9418457835125658E-013
           5          21   9.4332369128245464E-015
           5          22  -6.8244335428451715     
           5          23  -4.1267788933621960E-013
           5          24  -6.8244335428450524     
           5          25   8.8536724606535408E-013
           5          26  -6.8647043305868852E-013
           5          27  -6.8244335428440266     
           5          28 -0.74251816902037149     
           5          29   1.6421345510476040E-013
           5          30 -0.74251816902028756     
           5          31  -5.6041619257398098E-013
           5          32   3.8313439637116367E-013
           5          33 -0.74251816902091083     
           5          34   1.5978117245670944     
           5          35  -1.0686355044599539E-013
           5          36   1.5978117245669439     
           5          37   4.0461172417675306E-013
           5          38  -2.8875698046901816E-013
           5          39   1.5978117245674919     
           5          40   2.2510903214573807     
           5          41   3.8989606337970051E-014
           5          42   2.2510903214574434     
           5          43  -1.0146298822101598E-013
           5          44   9.7591938906876247E-014
           5          45   2.2510903214572888     
           5          46  -1.2060411057249463E-012
           5          47  -1.0565436183690988E-012
           5          48  -5.4081054487213200E-013
           5          49  -2.1883616432429727E-012
           5          50   3.0776354496001503E-014
           5          51  -2.9365353698053867E-014
           5          52   4.1969127886965101E-014
           5          53  -5.4431981102715397E-013
           5          54  -9.8566971730650745E-013
           5          55   7.3211722151196480E-014
           6           1   3.2666268347188612     
           6           2  -1.9444070894383803     
           6           3   3.8587036772954746     
           6           4  -74.007523072335189     
           6           5  -9.5388321732074495     
           6           6   43.284920106450564     
           6           7  -3.8217463183216703E-012
           6           8   4.0135126563204857E-012
           6           9  -7.8904135776440767E-013
           6          10   1.9448057749937683E-012
           6          11  -1.1187881082294836E-011
           6          12   1.0598859480099338E-012
           6          13   9.3456374833563255E-012
           6          14   1.3740634214704084E-011
           6          15  -1.9966938065872203E-012
           6          16   6.7635855860312505E-012
           6          17   1.4956594452675948E-011
           6          18  -2.0276291678561773E-012
           6          19  -7.9764625931777318E-013
           6          20  -2.2141806572503109E-012
           6          21   3.3505381642998583E-013
           6          22   28.000049980639020     
           6          23  -2.7406388310160184E-012
           6          24   28.000049980641229     
           6          25   4.9580848740390369E-012
           6          26  -4.8691631180233430E-012
           6          27   28.000049980647773     
           6          28   3.1654221596536387     
           6          29   1.5817995860675115E-012
           6          30   3.1654221596519028     
           6          31  -2.0139046554064387E-012
           6          32   2.2841116565390116E-012
           6          33   3.1654221596490482     
           6          34  -7.3560582327960535     
           6          35  -1.1478837768552154E-012
           6          36  -7.3560582327944246     
           6          37   1.3913018527615217E-012
           6          38  -1.5106407419068333E-012
           6          39  -7.3560582327929236     
           6          40  -10.219657067564189     
           6          41   2.3279508810885185E-013
           6          42  -10.219657067564707     
           6          43  -3.6200793232747505E-013
           6          44   2.6187431272089200E-013
           6          45  -10.219657067565018     
           6          46  -6.7768891418484975E-012
           6          47  -5.4473779613851473E-012
           6          48  -3.0242349375229086E-012
           6          49  -1.2984153705059835E-011
           6          50   8.1729931612048378E-013
           6          51   1.3756595485681926E-013
           6          52   7.6652588937475792E-013
           6          53  -3.0100002538580928E-012
           6          54  -5.7791753253429647E-012
           6          55   1.8087802027790552E-012
           7           1  -6.3198184590842363E-015
           7           2  -8.7488057940533618E-014
           7           3  -3.5353921721902367E-013
           7           4   1.0904237076796636E-012
           7           5  -5.8814445151473845E-013
           7           6  -3.8217463183216703E-012
           7           7   2.4768320014430563     
           7           8   1.4960181008595913E-003
           7           9   4.2478623994774613E-003
           7          10  -1.4260128712616684     
           7          11  -8.2909255664329155E-003
           7          12  -2.3541634255313484E-002
           7          13  0.88079162635715225     
           7          14   2.1297797964720495E-002
           7          15   6.0473944206990975E-002
           7          16   1.1398513241096400     
           7          17   2.1225520758849366E-002
           7          18   6.0268716994010041E-002
           7          19 -0.17759669649147164     
           7          20  -3.1552514360666658E-003
           7          21  -8.9591656198128606E-003
           7          22   1.2922209298638497E-013
           7          23   8.7068939429956655E-014
           7          24   1.4593155351458147E-013
           7          25  -9.0768337825243830E-014
           7          26   1.0007137917844592E-013
           7          27   8.4847523905342412E-014
           7          28   3.0153907270195904E-013
           7          29  -9.7694170556356692E-014
           7          30   2.0185915467608187E-013
           7          31   4.5049389891858470E-014
           7          32  -9.3217106677614740E-014
           7          33   3.4080703532234010E-013
           7          34   7.6320061721556196E-013
           7          35   5.4820427638771402E-014
           7          36   7.7775318261747436E-013
           7          37  -1.9659726235432609E-014
           7          38   3.2387133515037636E-014
           7          39   7.3127634742914174E-013
           7          40   9.2625381736170618E-013
           7          41  -2.1242979792448638E-014
           7          42   9.4288160982563646E-013
           7          43  -6.2785518793404112E-016
           7          44  -2.4338650151808672E-015
           7          45   9.5583762849515104E-013
           7          46 -0.93748035874406987     
           7          47  -8.3185732678925702E-003
           7          48 -0.41925396194452025     
           7          49  -1.8600895302812431E-002
           7          50  -2.3620138406648537E-002
           7          51  -1.4099904832201305E-014
           7          52  -2.3620138406656180E-002
           7          53 -0.41925396194450465     
           7          54  -8.3185732679043386E-003
           7          55  -5.2816235115242617E-002
           8           1  -1.6638504603248933E-014
           8           2   1.4475951712064072E-013
           8           3   4.3569136086552280E-014
           8           4  -1.2692490337888177E-012
           8           5   5.9799719949541728E-013
           8           6   4.0135126563204857E-012
           8           7   1.4960181008595913E-003
           8           8   2.4773137878550173     
           8           9  -3.6185768664118195E-003
           8          10  -8.2909255663629229E-003
           8          11  -1.4286829293833354     
           8          12   2.0054136669870881E-002
           8          13   2.1297797964641239E-002
           8          14  0.88765049367817517     
           8          15  -5.1515231650469916E-002
           8          16   2.1225520758819581E-002
           8          17   1.1466869148570649     
           8          18  -5.1340407144508736E-002
           8          19  -3.1552514360600570E-003
           8          20 -0.17861283210330769     
           8          21   7.6319396452562624E-003
           8          22   1.1856323235031245E-013
           8          23  -3.7206351517102066E-014
           8          24   5.9282902478933014E-014
           8          25   1.0573250406226410E-013
           8          26  -1.0730189049601629E-013
           8          27   1.1671968427934816E-013
           8          28  -4.3638126586305871E-013
           8          29   8.7373175709012279E-014
           8          30  -1.4974627826255739E-013
           8          31  -1.1973365058814462E-013
           8          32   1.7767450715640087E-013
           8          33  -4.4078481778087372E-013
           8          34  -7.1261699000605082E-013
           8          35  -1.7459367078154787E-014
           8          36  -8.0166062311514800E-013
           8          37   5.7050764038253552E-014
           8          38  -4.2853631479768231E-014
           8          39  -7.0936797136018546E-013
           8          40  -9.8041292993384067E-013
           8          41   2.5113356069440044E-014
           8          42  -1.0107692830411848E-012
           8          43  -5.4222122037085793E-015
           8          44  -6.8506758695013297E-015
           8          45  -1.0363918289904267E-012
           8          46  -1.8600895302733431E-002
           8          47 -0.42193292389357451     
           8          48  -8.3185732678660168E-003
           8          49 -0.94347069977124220     
           8          50   2.0121011083198689E-002
           8          51   4.7473384851527746E-014
           8          52   2.0121011083211880E-002
           8          53  -8.3185732679157826E-003
           8          54 -0.42193292389352793     
           8          55   4.4991948558104865E-002
           9           1   3.1791169143905969E-014
           9           2  -9.6880833621499338E-014
           9           3   3.5777568908462173E-013
           9           4   3.7893315328632237E-013
           9           5  -1.0610726235266831E-013
           9           6  -7.8904135776440767E-013
           9           7   4.2478623994774613E-003
           9           8  -3.6185768664118195E-003
           9           9   2.4683134302059897     
           9          10  -2.3541634255409456E-002
           9          11   2.0054136669934993E-002
           9          12  -1.3788029878938732     
           9          13   6.0473944207133534E-002
           9          14  -5.1515231650481726E-002
           9          15  0.75951848865394866     
           9          16   6.0268716994150880E-002
           9          17  -5.1340407144937435E-002
           9          18   1.0189897446134990     
           9          19  -8.9591656198472047E-003
           9          20   7.6319396453931728E-003
           9          21 -0.15963017983425809     
           9          22  -2.5852684582838131E-013
           9          23  -1.3588962622088660E-013
           9          24  -1.6748261872102246E-013
           9          25  -1.5757979034472244E-013
           9          26   5.2954967931943625E-014
           9          27  -3.2019590135964208E-013
           9          28   1.7217778425754292E-013
           9          29   1.8721348684809919E-013
           9          30   1.5971134720130024E-013
           9          31   7.4581227327610901E-014
           9          32   7.3287221546360138E-014
           9          33   4.5349734184548229E-014
           9          34   4.2371872836564565E-014
           9          35  -1.5128894991100574E-013
           9          36   6.3994688557188817E-014
           9          37  -3.3444045730104511E-014
           9          38  -7.9198491371096875E-014
           9          39   1.2090393039476365E-013
           9          40   2.0229456055209310E-013
           9          41   9.6323408977615445E-015
           9          42   2.4356147442681899E-013
           9          43  -6.7889595298062698E-015
           9          44   2.1688120655964757E-014
           9          45   2.3572948225009822E-013
           9          46  -5.2816235115436552E-002
           9          47   2.0121011083339989E-002
           9          48  -2.3620138406727886E-002
           9          49   4.4991948558318826E-002
           9          50 -0.37188664805214028     
           9          51  -3.7671593920131546E-014
           9          52 -0.37188664805214000     
           9          53  -2.3620138406673947E-002
           9          54   2.0121011083317111E-002
           9          55 -0.83156382496921855     
          10           1   3.2380645232831350E-014
          10           2  -5.1628778413733446E-014
          10           3  -9.2869366111904261E-014
          10           4  -1.1220138864920647E-012
          10           5   1.8173314135295117E-013
          10           6   1.9448057749937683E-012
          10           7  -1.4260128712616684     
          10           8  -8.2909255663629229E-003
          10           9  -2.3541634255409456E-002
          10          10   4.3662255931644189     
          10          11   4.5948272088187615E-002
          10          12  0.13046763084473792     
          10          13  -3.3148656163012742     
          10          14 -0.11803230024441780     
          10          15 -0.33514632599227168     
          10          16  -3.8379764890924828     
          10          17 -0.11763174029561278     
          10          18 -0.33400895770418032     
          10          19  0.58663234687652022     
          10          20   1.7486389225143107E-002
          10          21   4.9651655449623799E-002
          10          22   3.4704935690578858E-013
          10          23  -3.9146720834971514E-013
          10          24   2.4462484909590299E-013
          10          25   2.3759631579822054E-013
          10          26  -3.5567043052629460E-013
          10          27   4.7911496324815336E-013
          10          28  -1.4176812741005629E-013
          10          29   5.7561598315532111E-013
          10          30   2.8946680371622760E-013
          10          31  -6.5794608893331743E-014
          10          32   4.7091747866205866E-013
          10          33  -4.8261381779743820E-013
          10          34  -4.1816006129901422E-013
          10          35  -3.6710705351937482E-013
          10          36  -4.9387955624575369E-013
          10          37   2.3560367827996739E-014
          10          38  -2.2977743457646643E-013
          10          39  -1.7340896694626406E-013
          10          40  -4.4560978155043270E-013
          10          41   8.5389315865430225E-014
          10          42  -4.5970930009771694E-013
          10          43  -4.7557268974644530E-015
          10          44   3.9056644519488229E-014
          10          45  -5.3641479317454046E-013
          10          46   3.2405796464602097     
          10          47   4.6101495524933339E-002
          10          48   1.4492312751974488     
          10          49  0.10308607785814648     
          10          50  0.13090270049742286     
          10          51   1.9555555475495888E-014
          10          52  0.13090270049745922     
          10          53   1.4492312751974283     
          10          54   4.6101495524981974E-002
          10          55  0.29270733675055316     
          11           1  -4.4072439359215365E-016
          11           2  -2.7843908531054405E-013
          11           3  -1.2744265182151502E-012
          11           4   2.6401408278178491E-012
          11           5  -1.8324179521677334E-012
          11           6  -1.1187881082294836E-011
          11           7  -8.2909255664329155E-003
          11           8  -1.4286829293833354     
          11           9   2.0054136669934993E-002
          11          10   4.5948272088187615E-002
          11          11   4.3810230432296882     
          11          12 -0.11113993495863224     
          11          13 -0.11803230024453443     
          11          14  -3.3528774280535734     
          11          15  0.28549718141772495     
          11          16 -0.11763174029552027     
          11          17  -3.8758593021777097     
          11          18  0.28452830479449936     
          11          19   1.7486389225107101E-002
          11          20  0.59226376585309204     
          11          21  -4.2296175085909958E-002
          11          22   5.6724610959524644E-013
          11          23   3.8230932753639388E-013
          11          24   8.9984292167591332E-013
          11          25  -1.6044073235414888E-013
          11          26   3.7814867946003781E-013
          11          27   5.7303168819661007E-013
          11          28   1.0760887598661119E-012
          11          29  -9.0025756038324809E-013
          11          30  -1.2273212992806319E-013
          11          31   2.5537149078684074E-013
          11          32  -9.5602613117951224E-013
          11          33   1.6557214016922235E-012
          11          34   2.2033177106330338E-012
          11          35   5.2451780444226707E-013
          11          36   2.6465602775224115E-012
          11          37  -1.3420688551052939E-013
          11          38   4.6648392419273836E-013
          11          39   1.8676933648846648E-012
          11          40   2.7289476110445057E-012
          11          41  -1.1326659308738847E-013
          11          42   2.6577228365856913E-012
          11          43   4.8217874840370998E-014
          11          44  -6.7558598094444060E-014
          11          45   2.8668013534661487E-012
          11          46  0.10308607785820367     
          11          47   1.4640780702338012     
          11          48   4.6101495524951006E-002
          11          49   3.2737780894093889     
          11          50 -0.11151055265578097     
          11          51  -7.0865627121250260E-014
          11          52 -0.11151055265585785     
          11          53   4.6101495524994575E-002
          11          54   1.4640780702336496     
          11          55 -0.24934517594687072     
          12           1  -3.7419946637008800E-015
          12           2   4.6972907525915164E-014
          12           3  -7.1776472651863650E-014
          12           4  -4.4318768415516295E-013
          12           5   1.5374034966903265E-013
          12           6   1.0598859480099338E-012
          12           7  -2.3541634255313484E-002
          12           8   2.0054136669870881E-002
          12           9  -1.3788029878938732     
          12          10  0.13046763084473792     
          12          11 -0.11113993495863224     
          12          12   4.1045886325078449     
          12          13 -0.33514632599229843     
          12          14  0.28549718141755387     
          12          15  -2.6427704342235749     
          12          16 -0.33400895770441408     
          12          17  0.28452830479524804     
          12          18  -3.1681621607413666     
          12          19   4.9651655449641646E-002
          12          20  -4.2296175086058839E-002
          12          21  0.48706199261082067     
          12          22   1.3210964617261413E-013
          12          23   2.4172676598815554E-013
          12          24  -1.9115568815065429E-013
          12          25   3.0292248937333680E-013
          12          26  -8.1894265133478876E-014
          12          27   3.0745370810034576E-013
          12          28   1.0450484460021751E-013
          12          29  -3.5574834221324607E-013
          12          30  -4.8729712296366986E-013
          12          31   8.7208345687644122E-014
          12          32  -4.7068739367406821E-013
          12          33   2.0380252552196010E-013
          12          34  -2.3833811458652896E-013
          12          35   1.8422480594275415E-013
          12          36  -9.9968844826303509E-014
          12          37  -1.7025113408133201E-014
          12          38   2.0817436869748391E-013
          12          39  -3.0677489702515299E-013
          12          40  -2.6451369159031928E-013
          12          41  -5.2018697811965685E-014
          12          42  -2.6810615811065611E-013
          12          43   6.8809656343806372E-015
          12          44  -1.2719225971074025E-014
          12          45  -2.3711420388831574E-013
          12          46  0.29270733675074451     
          12          47 -0.11151055265595672     
          12          48  0.13090270049749364     
          12          49 -0.24934517594715422     
          12          50   1.1867218352839042     
          12          51  -3.3174211749624748E-014
          12          52   1.1867218352839006     
          12          53  0.13090270049748942     
          12          54 -0.11151055265598475     
          12          55   2.6535906940782614     
          13           1   3.4514101350436819E-014
          13           2   2.8437268048862231E-013
          13           3   1.1075849336195112E-012
          13           4  -3.0463724199597481E-012
          13           5   1.2871253417549396E-012
          13           6   9.3456374833563255E-012
          13           7  0.88079162635715225     
          13           8   2.1297797964641239E-002
          13           9   6.0473944207133534E-002
          13          10  -3.3148656163012742     
          13          11 -0.11803230024453443     
          13          12 -0.33514632599229843     
          13          13   5.5470317883109601     
          13          14  0.30320234620053566     
          13          15  0.86092664593402612     
          13          16   5.7305398815056767     
          13          17  0.30217338450109826     
          13          18  0.85800496489683131     
          13          19 -0.85796862088773729     
          13          20  -4.4919180840056777E-002
          13          21 -0.12754558196270341     
          13          22  -3.0279653949536164E-013
          13          23   2.8892250390356762E-013
          13          24  -6.4032105075678165E-014
          13          25  -3.4346420718329547E-014
          13          26   2.9335829280665004E-013
          13          27  -4.6116352470872059E-013
          13          28  -3.7711924090143421E-013
          13          29  -1.0824914689715919E-012
          13          30  -1.5680050972283751E-012
          13          31  -1.1982839290866163E-013
          13          32  -9.6206860999100910E-013
          13          33   3.8185530399265164E-013
          13          34  -1.9127926819011762E-012
          13          35   6.6069335429842638E-013
          13          36  -1.5671791712006636E-012
          13          37   1.2878993505719157E-013
          13          38   4.4320361543069766E-013
          13          39  -2.4059395300917950E-012
          13          40  -2.3015267398381931E-012
          13          41  -1.4211123786137119E-013
          13          42  -2.3311802130586085E-012
          13          43  -2.1373416366644921E-014
          13          44  -6.7563228600356222E-014
          13          45  -2.1151957821444435E-012
          13          46  -4.9754054710765860     
          13          47 -0.11842590187236354     
          13          48  -2.2250689697903239     
          13          49 -0.26480836688338133     
          13          50 -0.33626393650390285     
          13          51  -6.3340239122901171E-014
          13          52 -0.33626393650400438     
          13          53  -2.2250689697902661     
          13          54 -0.11842590187253760     
          13          55 -0.75190902040441843     
          14           1  -3.7510773209782243E-014
          14           2   3.4129280332035731E-013
          14           3   1.5583006400889381E-012
          14           4  -2.3089937594607147E-012
          14           5   2.4706512306923873E-012
          14           6   1.3740634214704084E-011
          14           7   2.1297797964720495E-002
          14           8  0.88765049367817517     
          14           9  -5.1515231650481726E-002
          14          10 -0.11803230024441780     
          14          11  -3.3528774280535734     
          14          12  0.28549718141755387     
          14          13  0.30320234620053566     
          14          14   5.6446768437981865     
          14          15 -0.73338751392780299     
          14          16  0.30217338450025655     
          14          17   5.8278535641530151     
          14          18 -0.73089865566885770     
          14          19  -4.4919180839832415E-002
          14          20 -0.87243465639325479     
          14          21  0.10865076334871880     
          14          22  -1.1372252054289726E-012
          14          23  -4.4569556759446658E-013
          14          24  -1.7171153420395781E-012
          14          25   8.5678677068490380E-014
          14          26  -5.1316329363848893E-013
          14          27  -8.8622987087324286E-013
          14          28  -1.6925152179987019E-012
          14          29   2.0487118568859094E-012
          14          30   1.2532346639857662E-012
          14          31  -5.0667604249486566E-013
          14          32   2.2684532395793099E-012
          14          33  -3.3087888901648708E-012
          14          34  -2.6447182313006717E-012
          14          35  -1.1731259379785690E-012
          14          36  -3.7248007189324711E-012
          14          37   2.5077626005382698E-013
          14          38  -1.0913737152930716E-012
          14          39  -1.7066295762493262E-012
          14          40  -3.3601191071301679E-012
          14          41   2.4191756019374573E-013
          14          42  -3.1659548193179346E-012
          14          43  -1.0264625268349365E-013
          14          44   1.5353108120650768E-013
          14          45  -3.7141076987770883E-012
          14          46 -0.26480836688312609     
          14          47  -2.2632075393112130     
          14          48 -0.11842590187224887     
          14          49  -5.0606859050896738     
          14          50  0.28644922721430266     
          14          51   1.7215701665422492E-013
          14          52  0.28644922721450627     
          14          53 -0.11842590187235680     
          14          54  -2.2632075393108186     
          14          55  0.64051994415339586     
          15           1  -3.9999160749145475E-014
          15           2  -1.8341604657928554E-014
          15           3   2.3298229633796470E-013
          15           4   1.7205443186115072E-012
          15           5  -7.3546124028343927E-014
          15           6  -1.9966938065872203E-012
          15           7   6.0473944206990975E-002
          15           8  -5.1515231650469916E-002
          15           9  0.75951848865394866     
          15          10 -0.33514632599227168     
          15          11  0.28549718141772495     
          15          12  -2.6427704342235749     
          15          13  0.86092664593402612     
          15          14 -0.73338751392780299     
