           1           1  0.61455528927243941     
           1           2  0.83247670348606828     
           1           3  -1.5468509740327356     
           1           4   1.3016719093824349     
           1           5  -4.4439235866113459E-002
           1           6   3.1346703119910335E-014
           1           7  -1.4280563662686541E-014
           1           8   1.3886729934885673E-014
           1           9   2.6212322405633023E-014
           1          10  -1.9327184894585931E-014
           1          11  -1.4934583471390955E-015
           1          12  -5.1753654036739031E-015
           1          13   7.1008155696686588E-015
           1          14  -3.2416149055537657E-016
           1          15  0.12228638449084644     
           1          16   2.9109939958614827E-015
           1          17  0.12228638449085361     
           1          18  -2.6723212886101767E-015
           1          19  -1.6736028647157341E-015
           1          20  0.12228638449084903     
           1          21 -0.29694165913332060     
           1          22  -2.2707679357173759E-015
           1          23 -0.29694165913332338     
           1          24   2.1085149092106878E-015
           1          25   4.6243363856959169E-016
           1          26 -0.29694165913332238     
           1          27  -1.6275465799172280E-014
           1          28   2.2481912715309192E-015
           1          29  -8.7360646252675502E-015
           1          30   1.1406254831669985E-014
           1          31  -2.4691351557901402E-015
           1          32   8.9898912698630975E-016
           1          33   7.3240562650450842E-016
           1          34  -5.9194509509433256E-015
           1          35   3.4250933466717544E-015
           1          36   3.0391209110651405E-016
           2           1  0.83247670348606828     
           2           2   1.2047638609751885     
           2           3  -3.2118868993094889     
           2           4   2.7401668681701028     
           2           5  -9.0131883263634499E-002
           2           6   7.0716424435186554E-014
           2           7  -3.5773039413754425E-014
           2           8   3.0479284376337015E-014
           2           9   3.1581472850439453E-014
           2          10  -2.6760202029269468E-014
           2          11  -2.0027452032121561E-015
           2          12  -4.7958854539366573E-015
           2          13   9.1871141756827571E-015
           2          14  -1.8363985637720539E-015
           2          15  0.22687002558729003     
           2          16   3.6596010353782765E-015
           2          17  0.22687002558729899     
           2          18  -4.7361651899407998E-015
           2          19  -3.2435622002928131E-015
           2          20  0.22687002558729139     
           2          21 -0.62963679985665277     
           2          22  -3.7174572493620016E-015
           2          23 -0.62963679985665177     
           2          24   4.2602935762240981E-015
           2          25   7.6298029503245420E-016
           2          26 -0.62963679985665333     
           2          27  -2.2819041960156440E-014
           2          28   4.6445463062036092E-015
           2          29  -1.3172289330345196E-014
           2          30   1.6584955098588303E-014
           2          31  -2.6515232967757412E-015
           2          32   1.8308680474576378E-015
           2          33  -1.1292871445868171E-015
           2          34  -8.9496868202520855E-015
           2          35   5.6461902312395477E-015
           2          36  -9.0176506493061018E-016
           3           1  -1.5468509740327356     
           3           2  -3.2118868993094889     
           3           3   20.064296092934001     
           3           4  -17.425311135349066     
           3           5  0.54540229945487573     
           3           6  -4.6409067420823223E-013
           3           7   1.2236313405010153E-013
           3           8  -2.8440260533738489E-013
           3           9  -4.9939925386692248E-015
           3          10   3.1017415957619528E-014
           3          11  -1.0353129793648057E-014
           3          12  -1.9627519242143356E-014
           3          13  -7.9717511187097770E-015
           3          14   2.2990972790783473E-014
           3          15  -1.1944729282309392     
           3          16  -3.2191416566007216E-015
           3          17  -1.1944729282309468     
           3          18   2.2893019732577027E-014
           3          19   1.8355352822850789E-014
           3          20  -1.1944729282309146     
           3          21   4.0408867433702138     
           3          22   1.5006194727717446E-014
           3          23   4.0408867433701490     
           3          24  -2.5643052401920508E-014
           3          25  -3.1418951404918375E-015
           3          26   4.0408867433701898     
           3          27   4.7377947245151507E-014
           3          28  -1.5354948898689337E-014
           3          29   3.9238848411820744E-014
           3          30  -1.5026658005635826E-014
           3          31   3.3250397322922840E-015
           3          32  -1.1142397490257749E-014
           3          33   3.6030729798841138E-014
           3          34   2.6251547959666259E-014
           3          35  -9.7346631096758757E-015
           3          36   3.4244627087191244E-014
           4           1   1.3016719093824349     
           4           2   2.7401668681701028     
           4           3  -17.425311135349066     
           4           4   15.136937782130605     
           4           5 -0.47346600561879149     
           4           6   3.8142515744803511E-013
           4           7   2.3237992941215457E-014
           4           8   3.2028229173166566E-013
           4           9  -1.6170436039533079E-015
           4          10  -3.3379692340570077E-015
           4          11   2.1655240347446368E-014
           4          12   1.8139322257887637E-014
           4          13   3.2673766795353701E-015
           4          14  -2.1837904898425863E-014
           4          15   1.0348240436314529     
           4          16   2.5714071599722394E-015
           4          17   1.0348240436314589     
           4          18  -1.9805538582605663E-014
           4          19  -1.5919361180896251E-014
           4          20   1.0348240436314309     
           4          21  -3.5106324873101999     
           4          22  -1.2938644306044663E-014
           4          23  -3.5106324873101435     
           4          24   2.2259229219517793E-014
           4          25   2.7101010412832481E-015
           4          26  -3.5106324873101786     
           4          27  -3.5711820096951119E-014
           4          28   1.7735489804138056E-015
           4          29  -3.1641896160110388E-014
           4          30  -1.3465580806164497E-014
           4          31  -9.1535537907606228E-015
           4          32   9.6735106164957146E-015
           4          33  -3.8039721235539352E-014
           4          34  -2.0515706289644002E-014
           4          35  -3.2431738463644559E-015
           4          36  -4.4416275709666474E-014
           5           1  -4.4439235866113459E-002
           5           2  -9.0131883263634499E-002
           5           3  0.54540229945487573     
           5           4 -0.47346600561879149     
           5           5   1.4837070344245759E-002
           5           6  -1.4778014131125150E-014
           5           7   4.3497557775387893E-015
           5           8  -1.7940231569972299E-015
           5           9  -6.3559579624244082E-016
           5          10   1.0966993396827458E-015
           5          11   7.4263520740060091E-016
           5          12  -4.4862609592027869E-016
           5          13  -2.7210355545220083E-016
           5          14   4.7590650817171981E-016
           5          15  -3.2614850346894160E-002
           5          16  -1.0036269497647593E-016
           5          17  -3.2614850346894403E-002
           5          18   6.2667614207795632E-016
           5          19   5.0019676169570672E-016
           5          20  -3.2614850346893515E-002
           5          21  0.10977187867173364     
           5          22   4.1328772756928365E-016
           5          23  0.10977187867173194     
           5          24  -6.9768341795433586E-016
           5          25  -8.6468585054484218E-017
           5          26  0.10977187867173302     
           5          27   1.7828157449168284E-015
           5          28  -5.1140896948425857E-016
           5          29   1.2882869398923170E-015
           5          30  -6.5668958529170627E-016
           5          31  -4.2304723911573016E-016
           5          32  -3.0307375347285386E-016
           5          33   4.3834872458417845E-016
           5          34   9.2649104947563035E-016
           5          35  -3.6640924897624635E-016
           5          36  -2.5531096240406261E-016
           6           1   3.1346703119910335E-014
           6           2   7.0716424435186554E-014
           6           3  -4.6409067420823223E-013
           6           4   3.8142515744803511E-013
           6           5  -1.4778014131125150E-014
           6           6  0.15428234992706857     
           6           7   4.4798696355881379E-002
           6           8 -0.40380747839379427     
           6           9   2.6498389038623251E-002
           6          10   7.6942909219522501E-003
           6          11  -6.9354969406690184E-002
           6          12  -3.7160010971232001E-003
           6          13  -1.0790087452448370E-003
           6          14   9.7259928530199422E-003
           6          15   2.9609557099326799E-014
           6          16  -1.7601277054602316E-016
           6          17   2.9750188909852381E-014
           6          18   3.2121930144349831E-016
           6          19  -4.2886865100420332E-016
           6          20   3.0086310454924475E-014
           6          21  -8.6947942413112436E-014
           6          22   3.3499410908502449E-016
           6          23  -8.6983533529007031E-014
           6          24  -3.1005962521150477E-016
           6          25   4.2241748885196671E-016
           6          26  -8.6823179346521786E-014
           6          27  -3.0656581015349373E-002
           6          28  -3.9809603061249470E-003
           6          29  -1.3710039821610521E-002
           6          30  -8.9016978602236910E-003
           6          31   3.5883667909258760E-002
           6          32  -7.8120705388560511E-017
           6          33   3.5883667909258822E-002
           6          34  -1.3710039821610511E-002
           6          35  -3.9809603061242999E-003
           6          36   8.0238320727130857E-002
           7           1  -1.4280563662686541E-014
           7           2  -3.5773039413754425E-014
           7           3   1.2236313405010153E-013
           7           4   2.3237992941215457E-014
           7           5   4.3497557775387893E-015
           7           6   4.4798696355881379E-002
           7           7   1.2223111984353168     
           7           8   1.6908094285080166E-002
           7           9   7.6942909219436459E-003
           7          10  0.20993508121775434     
           7          11   2.9040085303349977E-003
           7          12  -1.0790087452410323E-003
           7          13  -2.9440242234831202E-002
           7          14  -4.0724358258372589E-004
           7          15  -2.1807198572860834E-014
           7          16  -7.9169845842384123E-016
           7          17  -2.2667814915273526E-014
           7          18  -3.7677765089698929E-016
           7          19  -1.5733136549382267E-015
           7          20  -2.1998854975541748E-014
           7          21  -1.4463543078398589E-014
           7          22   1.8288015775814778E-016
           7          23  -1.2301246812641819E-014
           7          24  -1.6760085452288598E-015
           7          25   1.1850295487657576E-015
           7          26  -1.1003927368583643E-014
           7          27  -8.9016978602180739E-003
           7          28 -0.10861861523933183     
           7          29  -3.9809603061249348E-003
           7          30 -0.24287860729704427     
           7          31  -1.5025091727329173E-003
           7          32  -1.3988573138065650E-015
           7          33  -1.5025091727309259E-003
           7          34  -3.9809603061258247E-003
           7          35 -0.10861861523932970     
           7          36  -3.3597126470434752E-003
           8           1   1.3886729934885673E-014
           8           2   3.0479284376337015E-014
           8           3  -2.8440260533738489E-013
           8           4   3.2028229173166566E-013
           8           5  -1.7940231569972299E-015
           8           6 -0.40380747839379427     
           8           7   1.6908094285080166E-002
           8           8   1.0717804411476339     
           8           9  -6.9354969406691808E-002
           8          10   2.9040085303315005E-003
           8          11  0.18408103783059010     
           8          12   9.7259928530209587E-003
           8          13  -4.0724358258169280E-004
           8          14  -2.5814600938229387E-002
           8          15   8.8973623835962641E-015
           8          16   3.7852152347429830E-016
           8          17   8.4292751697431355E-015
           8          18  -8.9288383571757482E-016
           8          19   9.6176069490980770E-016
           8          20   7.6129221135855790E-015
           8          21  -7.9454200987988576E-014
           8          22  -8.6729191355404635E-016
           8          23  -7.9120014125996326E-014
           8          24   6.3557821242312461E-016
           8          25  -9.8774459561224492E-016
           8          26  -7.9400953610475833E-014
           8          27   8.0238320727129775E-002
           8          28  -1.5025091727317585E-003
           8          29   3.5883667909259225E-002
           8          30  -3.3597126470457511E-003
           8          31  -9.5241954346063112E-002
           8          32   5.1793794383318261E-017
           8          33  -9.5241954346063057E-002
           8          34   3.5883667909259100E-002
           8          35  -1.5025091727332296E-003
           8          36 -0.21296748422772954     
           9           1   2.6212322405633023E-014
           9           2   3.1581472850439453E-014
           9           3  -4.9939925386692248E-015
           9           4  -1.6170436039533079E-015
           9           5  -6.3559579624244082E-016
           9           6   2.6498389038623251E-002
           9           7   7.6942909219436459E-003
           9           8  -6.9354969406691808E-002
           9           9   4.5511662349850901E-003
           9          10   1.3215141869591090E-003
           9          11  -1.1911893758223586E-002
           9          12  -6.3823271285450727E-004
           9          13  -1.8532251758583143E-004
           9          14   1.6704642010445432E-003
           9          15   2.2587001478626790E-015
           9          16  -3.0230644476689651E-017
           9          17   2.2828540217719454E-015
           9          18   5.5170238335068197E-017
           9          19  -7.3659290036358749E-017
           9          20   2.3405837586458958E-015
           9          21   8.9696737038458541E-016
           9          22   5.7536096853447378E-017
           9          23   8.9085450500599007E-016
           9          24  -5.3253535339071104E-017
           9          25   7.2551286401897811E-017
           9          26   9.1839574684946297E-016
           9          27  -5.2653463647838444E-003
           9          28  -6.8374013611255087E-004
           9          29  -2.3547344793476807E-003
           9          30  -1.5288894232926122E-003
           9          31   6.1631119362765517E-003
           9          32  -1.3417431380458407E-017
           9          33   6.1631119362765630E-003
           9          34  -2.3547344793476786E-003
           9          35  -6.8374013611243985E-004
           9          36   1.3781137242454812E-002
          10           1  -1.9327184894585931E-014
          10           2  -2.6760202029269468E-014
          10           3   3.1017415957619528E-014
          10           4  -3.3379692340570077E-015
          10           5   1.0966993396827458E-015
          10           6   7.6942909219522501E-003
          10           7  0.20993508121775434     
          10           8   2.9040085303315005E-003
          10           9   1.3215141869591090E-003
          10          10   3.6056888280433588E-002
          10          11   4.9877090830335868E-004
          10          12  -1.8532251758538517E-004
          10          13  -5.0564370616512158E-003
          10          14  -6.9945129108338680E-005
          10          15  -5.3226744986699089E-015
          10          16  -1.3597623942417242E-016
          10          17  -5.4704875613116326E-015
          10          18  -6.4712527254351287E-017
          10          19  -2.7022065277095278E-016
          10          20  -5.3555919770619826E-015
          10          21  -9.4426626297177485E-016
          10          22   3.1410135832243629E-017
          10          23  -5.7288633718048806E-016
          10          24  -2.8785876339405179E-016
          10          25   2.0353186233099245E-016
          10          26  -3.5006839752467604E-016
          10          27  -1.5288894232933564E-003
          10          28  -1.8655525566008985E-002
          10          29  -6.8374013611331285E-004
          10          30  -4.1715023321581973E-002
          10          31  -2.5805980147436923E-004
          10          32  -2.4025732903532741E-016
          10          33  -2.5805980147402662E-004
          10          34  -6.8374013611346594E-004
          10          35  -1.8655525566008618E-002
          10          36  -5.7703925835605151E-004
          11           1  -1.4934583471390955E-015
          11           2  -2.0027452032121561E-015
          11           3  -1.0353129793648057E-014
          11           4   2.1655240347446368E-014
          11           5   7.4263520740060091E-016
          11           6  -6.9354969406690184E-002
          11           7   2.9040085303349977E-003
          11           8  0.18408103783059010     
          11           9  -1.1911893758223586E-002
          11          10   4.9877090830335868E-004
          11          11   3.1616390062598171E-002
          11          12   1.6704642010446791E-003
          11          13  -6.9945129108074135E-005
          11          14  -4.4337238761359542E-003
          11          15  -8.1901171003847744E-016
          11          16   6.5012041839222641E-017
          11          17  -8.9940688876471041E-016
          11          18  -1.5335508732087524E-016
          11          19   1.6518486442440420E-016
          11          20  -1.0396176185412997E-015
          11          21  -5.9207722194309747E-015
          11          22  -1.4895960909505166E-016
          11          23  -5.8633747693348526E-015
          11          24   1.0916218702407314E-016
          11          25  -1.6964766596894437E-016
          11          26  -5.9116268458656770E-015
          11          27   1.3781137242454305E-002
          11          28  -2.5805980147448285E-004
          11          29   6.1631119362764893E-003
          11          30  -5.7703925835714091E-004
          11          31  -1.6358049772081978E-002
          11          32   8.8957169371638429E-018
          11          33  -1.6358049772081971E-002
          11          34   6.1631119362764676E-003
          11          35  -2.5805980147473526E-004
          11          36  -3.6577711269700400E-002
          12           1  -5.1753654036739031E-015
          12           2  -4.7958854539366573E-015
          12           3  -1.9627519242143356E-014
          12           4   1.8139322257887637E-014
          12           5  -4.4862609592027869E-016
          12           6  -3.7160010971232001E-003
          12           7  -1.0790087452410323E-003
          12           8   9.7259928530209587E-003
          12           9  -6.3823271285450727E-004
          12          10  -1.8532251758538517E-004
          12          11   1.6704642010446791E-003
          12          12   8.9502552692180106E-005
          12          13   2.5988699828714601E-005
          12          14  -2.3425751636217996E-004
          12          15   7.0643849454693221E-016
          12          16   4.2393938694913639E-018
          12          17   7.0305127648561187E-016
          12          18  -7.7367973533533808E-018
          12          19   1.0329609176955882E-017
          12          20   6.9495554790195911E-016
          12          21  -4.3100817188127893E-015
          12          22  -8.0685734789454136E-018
          12          23  -4.3092244812492751E-015
          12          24   7.4680085441358143E-018
          12          25  -1.0174228307769738E-017
          12          26  -4.3130867267902786E-015
          12          27   7.3838575015830422E-004
          12          28   9.5884285351582606E-005
          12          29   3.3021614619423796E-004
          12          30   2.1440378002012450E-004
          12          31  -8.6428388848528998E-004
          12          32   1.8815932416841067E-018
          12          33  -8.6428388848529161E-004
          12          34   3.3021614619423769E-004
          12          35   9.5884285351567047E-005
          12          36  -1.9325975265109688E-003
          13           1   7.1008155696686588E-015
          13           2   9.1871141756827571E-015
          13           3  -7.9717511187097770E-015
          13           4   3.2673766795353701E-015
          13           5  -2.7210355545220083E-016
          13           6  -1.0790087452448370E-003
          13           7  -2.9440242234831202E-002
          13           8  -4.0724358258169280E-004
          13           9  -1.8532251758583143E-004
          13          10  -5.0564370616512158E-003
          13          11  -6.9945129108074135E-005
          13          12   2.5988699828714601E-005
          13          13   7.0908935789432267E-004
          13          14   9.8087538878431960E-006
          13          15   1.2127168399008560E-015
          13          16   1.9068625422740223E-017
          13          17   1.2334454020087893E-015
          13          18   9.0749600635704463E-018
          13          19   3.7894388247472107E-017
          13          20   1.2173330218748625E-015
          13          21  -4.7594725972050350E-016
          13          22  -4.4047998179674186E-018
          13          23  -5.2802771675054836E-016
          13          24   4.0367868364749101E-017
          13          25  -2.8542286952580765E-017
          13          26  -5.5927458640033004E-016
          13          27   2.1440378002074521E-004
          13          28   2.6161572829826924E-003
          13          29   9.5884285351920389E-005
          13          30   5.8499055245805429E-003
          13          31   3.6189011490522674E-005
          13          32   3.3692482097155596E-017
          13          33   3.6189011490474752E-005
          13          34   9.5884285351941802E-005
          13          35   2.6161572829826408E-003
          13          36   8.0921089731225996E-005
          14           1  -3.2416149055537657E-016
          14           2  -1.8363985637720539E-015
          14           3   2.2990972790783473E-014
          14           4  -2.1837904898425863E-014
          14           5   4.7590650817171981E-016
          14           6   9.7259928530199422E-003
          14           7  -4.0724358258372589E-004
          14           8  -2.5814600938229387E-002
          14           9   1.6704642010445432E-003
          14          10  -6.9945129108338680E-005
          14          11  -4.4337238761359542E-003
          14          12  -2.3425751636217996E-004
          14          13   9.8087538878431960E-006
          14          14   6.2176318583167741E-004
          14          15  -1.0987062180769014E-015
          14          16  -9.1169624858536416E-018
          14          17  -1.0874320016739792E-015
          14          18   2.1505747836358675E-017
          14          19  -2.3164696409807660E-017
          14          20  -1.0677695525749196E-015
          14          21   5.2014023190970896E-015
          14          22   2.0889348028582698E-017
          14          23   5.1933531887435166E-015
          14          24  -1.5308357279955927E-017
          14          25   2.3790537301946947E-017
          14          26   5.2001198178041376E-015
          14          27  -1.9325975265107405E-003
          14          28   3.6189011490675329E-005
          14          29  -8.6428388848521095E-004
          14          30   8.0921089731685047E-005
          14          31   2.2939708074799742E-003
          14          32  -1.2474907002958142E-018
          14          33   2.2939708074799729E-003
          14          34  -8.6428388848520780E-004
          14          35   3.6189011490711000E-005
          14          36   5.1294746639253272E-003
          15           1  0.12228638449084644     
          15           2  0.22687002558729003     
          15           3  -1.1944729282309392     
          15           4   1.0348240436314529     
          15           5  -3.2614850346894160E-002
          15           6   2.9609557099326799E-014
          15           7  -2.1807198572860834E-014
          15           8   8.8973623835962641E-015
          15           9   2.2587001478626790E-015
          15          10  -5.3226744986699089E-015
          15          11  -8.1901171003847744E-016
          15          12   7.0643849454693221E-016
          15          13   1.2127168399008560E-015
          15          14  -1.0987062180769014E-015
          15          15   7.2950918868986955E-002
          15          16   3.5399639582061151E-016
          15          17   7.2950918868987816E-002
          15          18  -1.4181974580730287E-015
          15          19  -1.1084967309581220E-015
          15          20   7.2950918868985762E-002
          15          21 -0.23967360770944490     
          15          22  -9.6126609407103725E-016
          15          23 -0.23967360770944157     
          15          24   1.5346109030548719E-015
          15          25   2.0047048387411991E-016
          15          26 -0.23967360770944371     
          15          27  -4.0375097087323538E-015
          15          28   2.2432812032910573E-015
          15          29  -2.8842473730642402E-015
          15          30   4.3463758626723588E-015
          15          31   3.3748779220373021E-016
          15          32   6.6576907867717427E-016
          15          33  -1.2606222482209470E-015
          15          34  -2.0004002010914781E-015
          15          35   2.0068676184089494E-015
          15          36  -3.6021406634128920E-016
          16           1   2.9109939958614827E-015
          16           2   3.6596010353782765E-015
          16           3  -3.2191416566007216E-015
          16           4   2.5714071599722394E-015
          16           5  -1.0036269497647593E-016
          16           6  -1.7601277054602316E-016
          16           7  -7.9169845842384123E-016
          16           8   3.7852152347429830E-016
          16           9  -3.0230644476689651E-017
          16          10  -1.3597623942417242E-016
          16          11   6.5012041839222641E-017
          16          12   4.2393938694913639E-018
          16          13   1.9068625422740223E-017
          16          14  -9.1169624858536416E-018
          16          15   3.5399639582061151E-016
          16          16   1.5486533232578285E-029
          16          17   3.5399639582064844E-016
          16          18  -8.6298558730125282E-030
          16          19  -2.9581801877984697E-030
          16          20   3.5399639582063133E-016
          16          21  -5.6989074979796044E-016
          16          22  -8.8305523466988856E-030
          16          23  -5.6989074979799347E-016
          16          24   6.1465523774853360E-030
          16          25   5.5545048944638597E-031
          16          26  -5.6989074979797848E-016
          16          27   3.4974511099424855E-017
          16          28   7.0352943138536544E-017
          16          29   1.5641076859625637E-017
          16          30   1.5731396327498651E-016
          16          31  -3.3636674335231276E-017
          16          32   2.9344887227844750E-030
          16          33  -3.3636674335207043E-017
          16          34   1.5641076859638016E-017
          16          35   7.0352943138542350E-017
          16          36  -7.5213890350564704E-017
          17           1  0.12228638449085361     
          17           2  0.22687002558729899     
          17           3  -1.1944729282309468     
          17           4   1.0348240436314589     
          17           5  -3.2614850346894403E-002
          17           6   2.9750188909852381E-014
          17           7  -2.2667814915273526E-014
          17           8   8.4292751697431355E-015
          17           9   2.2828540217719454E-015
          17          10  -5.4704875613116326E-015
          17          11  -8.9940688876471041E-016
          17          12   7.0305127648561187E-016
          17          13   1.2334454020087893E-015
          17          14  -1.0874320016739792E-015
          17          15   7.2950918868987816E-002
          17          16   3.5399639582064844E-016
          17          17   7.2950918868988676E-002
          17          18  -1.4181974580730488E-015
          17          19  -1.1084967309581317E-015
          17          20   7.2950918868986622E-002
          17          21 -0.23967360770944626     
          17          22  -9.6126609407105737E-016
          17          23 -0.23967360770944293     
          17          24   1.5346109030548845E-015
          17          25   2.0047048387412363E-016
          17          26 -0.23967360770944507     
          17          27  -4.0654538675734433E-015
          17          28   2.3197584175102192E-015
          17          29  -2.8967443808127920E-015
          17          30   4.5173841123963174E-015
          17          31   3.7908356997702821E-016
          17          32   6.6576907867717999E-016
          17          33  -1.2190264704475875E-015
          17          34  -2.0128972088400003E-015
          17          35   2.0833448326281291E-015
          17          36  -2.6720307966312890E-016
          18           1  -2.6723212886101767E-015
          18           2  -4.7361651899407998E-015
          18           3   2.2893019732577027E-014
          18           4  -1.9805538582605663E-014
          18           5   6.2667614207795632E-016
          18           6   3.2121930144349831E-016
          18           7  -3.7677765089698929E-016
          18           8  -8.9288383571757482E-016
          18           9   5.5170238335068197E-017
          18          10  -6.4712527254351287E-017
          18          11  -1.5335508732087524E-016
          18          12  -7.7367973533533808E-018
          18          13   9.0749600635704463E-018
          18          14   2.1505747836358675E-017
          18          15  -1.4181974580730287E-015
          18          16  -8.6298558730125282E-030
          18          17  -1.4181974580730488E-015
          18          18   2.8634374162252151E-029
          18          19   2.1086940576430139E-029
          18          20  -1.4181974580730078E-015
          18          21   4.5838552956857879E-015
          18          22   1.9826608681315306E-029
          18          23   4.5838552956857272E-015
          18          24  -2.9528414375893389E-029
          18          25  -3.5217291841358245E-030
          18          26   4.5838552956857666E-015
          18          27  -6.3827686984648674E-017
          18          28   3.3481708051059542E-017
          18          29  -2.8544609388829736E-017
          18          30   7.4867375204980330E-017
          18          31   7.9344610381835050E-017
          18          32  -1.2414247061472082E-029
          18          33   7.9344610381861267E-017
          18          34  -2.8544609388847504E-017
          18          35   3.3481708051063591E-017
          18          36   1.7741994246203434E-016
          19           1  -1.6736028647157341E-015
          19           2  -3.2435622002928131E-015
          19           3   1.8355352822850789E-014
          19           4  -1.5919361180896251E-014
          19           5   5.0019676169570672E-016
          19           6  -4.2886865100420332E-016
          19           7  -1.5733136549382267E-015
          19           8   9.6176069490980770E-016
          19           9  -7.3659290036358749E-017
          19          10  -2.7022065277095278E-016
          19          11   1.6518486442440420E-016
          19          12   1.0329609176955882E-017
          19          13   3.7894388247472107E-017
          19          14  -2.3164696409807660E-017
          19          15  -1.1084967309581220E-015
          19          16  -2.9581801877984697E-030
          19          17  -1.1084967309581317E-015
          19          18   2.1086940576430139E-029
          19          19   1.9854724174106512E-029
          19          20  -1.1084967309581027E-015
          19          21   3.6890965941751565E-015
          19          22   1.3275639375222539E-029
          19          23   3.6890965941750990E-015
          19          24  -2.0765671943149067E-029
          19          25  -5.4361972166168813E-030
          19          26   3.6890965941751313E-015
          19          27   8.5218085870889948E-017
          19          28   1.3980985427874221E-016
          19          29   3.8110686583965353E-017
          19          30   3.1262433809162522E-016
          19          31  -8.5465235863394672E-017
          19          32  -8.3483653773602718E-030
          19          33  -8.5465235863370266E-017
          19          34   3.8110686583953563E-017
          19          35   1.3980985427874235E-016
          19          36  -1.9110607710358944E-016
          20           1  0.12228638449084903     
          20           2  0.22687002558729139     
          20           3  -1.1944729282309146     
          20           4   1.0348240436314309     
          20           5  -3.2614850346893515E-002
          20           6   3.0086310454924475E-014
          20           7  -2.1998854975541748E-014
          20           8   7.6129221135855790E-015
          20           9   2.3405837586458958E-015
          20          10  -5.3555919770619826E-015
          20          11  -1.0396176185412997E-015
          20          12   6.9495554790195911E-016
          20          13   1.2173330218748625E-015
          20          14  -1.0677695525749196E-015
          20          15   7.2950918868985762E-002
          20          16   3.5399639582063133E-016
          20          17   7.2950918868986622E-002
          20          18  -1.4181974580730078E-015
          20          19  -1.1084967309581027E-015
          20          20   7.2950918868984568E-002
          20          21 -0.23967360770943982     
          20          22  -9.6126609407102779E-016
          20          23 -0.23967360770943646     
          20          24   1.5346109030548411E-015
          20          25   2.0047048387411907E-016
          20          26 -0.23967360770943863     
          20          27  -4.1322426958637835E-015
          20          28   2.2603124250352433E-015
          20          29  -2.9266132528517170E-015
          20          30   4.3844588322323269E-015
          20          31   4.5162740220216929E-016
          20          32   6.6576907867716106E-016
          20          33  -1.1464826382224167E-015
          20          34  -2.0427660808789541E-015
          20          35   2.0238988401531584E-015
          20          36  -1.0499013945936052E-016
          21           1 -0.29694165913332060     
          21           2 -0.62963679985665277     
          21           3   4.0408867433702138     
          21           4  -3.5106324873101999     
          21           5  0.10977187867173364     
          21           6  -8.6947942413112436E-014
          21           7  -1.4463543078398589E-014
          21           8  -7.9454200987988576E-014
          21           9   8.9696737038458541E-016
          21          10  -9.4426626297177485E-016
          21          11  -5.9207722194309747E-015
          21          12  -4.3100817188127893E-015
          21          13  -4.7594725972050350E-016
          21          14   5.2014023190970896E-015
          21          15 -0.23967360770944490     
          21          16  -5.6989074979796044E-016
          21          17 -0.23967360770944626     
          21          18   4.5838552956857879E-015
          21          19   3.6890965941751565E-015
          21          20 -0.23967360770943982     
          21          21  0.81425173918266414     
          21          22   2.9893913737279776E-015
          21          23  0.81425173918265081     
          21          24  -5.1605553985709379E-015
          21          25  -6.2628151204838060E-016
          21          26  0.81425173918265914     
          21          27   7.8487678855990510E-015
          21          28   4.0141253700568840E-016
          21          29   7.1435086454219383E-015
          21          30   5.0179134570093688E-015
          21          31   2.5540996628896278E-015
          21          32  -2.2428668394749656E-015
          21          33   9.3094964797061865E-015
          21          34   4.5813790299360917E-015
          21          35   1.5807496082906469E-015
          21          36   1.1342973471947141E-014
          22           1  -2.2707679357173759E-015
          22           2  -3.7174572493620016E-015
          22           3   1.5006194727717446E-014
          22           4  -1.2938644306044663E-014
          22           5   4.1328772756928365E-016
          22           6   3.3499410908502449E-016
          22           7   1.8288015775814778E-016
          22           8  -8.6729191355404635E-016
          22           9   5.7536096853447378E-017
          22          10   3.1410135832243629E-017
          22          11  -1.4895960909505166E-016
          22          12  -8.0685734789454136E-018
          22          13  -4.4047998179674186E-018
          22          14   2.0889348028582698E-017
          22          15  -9.6126609407103725E-016
          22          16  -8.8305523466988856E-030
          22          17  -9.6126609407105737E-016
          22          18   1.9826608681315306E-029
          22          19   1.3275639375222539E-029
          22          20  -9.6126609407102779E-016
          22          21   2.9893913737279776E-015
          22          22   1.4461600476410023E-029
          22          23   2.9893913737279476E-015
          22          24  -2.0259971859732053E-029
          22          25  -1.8526605019232646E-030
          22          26   2.9893913737279681E-015
          22          27  -6.6564801804515736E-017
          22          28  -1.6251335597574757E-017
