           1           1   2.0946312038991617     
           1           2  0.19287844895896755     
           1           3 -0.16725050832142463     
           1           4 -0.35536078762766099     
           1           5  -6.5049390392444256E-002
           1           6  -3.6980377363639004E-013
           1           7  -7.4905065257961706E-013
           1           8  -1.7641902897029901E-012
           1           9   5.2880803126530397E-013
           1          10   9.5703785349234211E-013
           1          11   2.2234146449925838E-012
           1          12   1.7313851783442098E-013
           1          13   3.0839568730776887E-013
           1          14   7.2348761596133779E-013
           1          15   2.9816965159726830E-014
           1          16   2.6086501920934258E-014
           1          17   4.9194469126659854E-014
           1          18  -3.8102653493597569E-015
           1          19  -1.2052678127539891E-015
           1          20  -7.4548116443890890E-016
           1          21  0.12739133492017360     
           1          22  -1.9568255878495828E-015
           1          23  0.12739133492016277     
           1          24  -2.0016899939523422E-015
           1          25  -4.3093559974311457E-015
           1          26  0.12739133492017277     
           1          27   4.1648504057261546E-002
           1          28  -2.4952198726885890E-015
           1          29   4.1648504057264349E-002
           1          30   2.8207957162882094E-015
           1          31   1.8316043286580522E-015
           1          32   4.1648504057258284E-002
           1          33  -2.6301974657904404E-014
           1          34  -1.3113089589485001E-014
           1          35  -9.2544135339982032E-015
           1          36  -3.0821456356861354E-014
           1          37  -3.1110390900676762E-014
           1          38  -4.6412927504531734E-016
           1          39  -2.9449779689562754E-014
           1          40  -1.4563255938851135E-014
           1          41  -1.5991301543346770E-014
           1          42  -6.8128651322072400E-014
           2           1  0.19287844895896755     
           2           2  0.83368737121781256     
           2           3 -0.80589644773383928     
           2           4   1.0500160859385379     
           2           5  0.98321695513837737     
           2           6   2.0600361473068845E-012
           2           7   3.4855824940763492E-012
           2           8   8.0896962435606934E-012
           2           9  -2.7748214393718771E-012
           2          10  -4.9983187640981813E-012
           2          11  -1.1687026629324141E-011
           2          12  -9.2045504420983877E-013
           2          13  -1.6552807638190742E-012
           2          14  -3.9282016057973279E-012
           2          15  -1.6005342952165765E-013
           2          16  -2.7199686007599705E-013
           2          17  -4.4721239500069803E-013
           2          18   1.4351557888090025E-014
           2          19   2.3009513920034682E-014
           2          20   2.3610481813537199E-014
           2          21 -0.23439427657903647     
           2          22   2.5089714406007149E-014
           2          23 -0.23439427657897860     
           2          24  -1.9241721333595268E-014
           2          25   3.9792059469196198E-014
           2          26 -0.23439427657904671     
           2          27 -0.45672172619054024     
           2          28   5.3223290460696717E-015
           2          29 -0.45672172619054696     
           2          30   2.4302416742131668E-015
           2          31  -1.4168007843163938E-014
           2          32 -0.45672172619053464     
           2          33   1.4946151275136038E-013
           2          34   1.1199823446389823E-013
           2          35   6.1827979629434506E-014
           2          36   2.4813286021768465E-013
           2          37   2.1936010686080427E-013
           2          38  -9.9328562489945377E-016
           2          39   2.0993724058899339E-013
           2          40   6.8364155230143304E-014
           2          41   1.1493408397426637E-013
           2          42   4.9167457904970087E-013
           3           1 -0.16725050832142463     
           3           2 -0.80589644773383928     
           3           3  0.78955904611942751     
           3           4 -0.82871847711831648     
           3           5 -0.83262299720804622     
           3           6  -1.2815507675770056E-012
           3           7  -2.0087221491809744E-012
           3           8  -4.7223477619103481E-012
           3           9   1.7537767287877565E-012
           3          10   3.0121723002989537E-012
           3          11   7.0685214922474491E-012
           3          12   5.8413396971527406E-013
           3          13   1.0061586345805531E-012
           3          14   2.3937447566314159E-012
           3          15   1.1773235175322810E-013
           3          16   1.9558351160018998E-013
           3          17   2.8820327197099222E-013
           3          18  -1.1292746409916036E-014
           3          19  -1.7951782348479895E-014
           3          20  -1.6008756928344368E-014
           3          21  0.17704342327247685     
           3          22  -2.0201535656613565E-014
           3          23  0.17704342327243014     
           3          24   1.5608567144004140E-014
           3          25  -3.2102600839174147E-014
           3          26  0.17704342327248540     
           3          27  0.38427503429034077     
           3          28  -4.8836548721646599E-015
           3          29  0.38427503429034643     
           3          30  -1.9854567949467198E-015
           3          31   1.1444751356949910E-014
           3          32  0.38427503429033660     
           3          33  -1.0535816750614265E-013
           3          34  -7.6445964147538156E-014
           3          35  -4.2963598545707541E-014
           3          36  -1.6868623496990645E-013
           3          37  -1.3826418213699470E-013
           3          38   8.0500103885451537E-016
           3          39  -1.3064831794157349E-013
           3          40  -4.8231944224788626E-014
           3          41  -7.8510718357451779E-014
           3          42  -3.1153729742695096E-013
           4           1 -0.35536078762766099     
           4           2   1.0500160859385379     
           4           3 -0.82871847711831648     
           4           4   5.0559776087395303     
           4           5   3.5595502226199600     
           4           6   9.4538543976772662E-012
           4           7   1.6835520814845675E-011
           4           8   3.9428992822029229E-011
           4           9  -1.3158870331194224E-011
           4          10  -2.3328763225646317E-011
           4          11  -5.4235900393760742E-011
           4          12  -4.3998859302657755E-012
           4          13  -7.6081203214765336E-012
           4          14  -1.8031952831516287E-011
           4          15  -7.5383021941049529E-013
           4          16  -1.0830478582267420E-012
           4          17  -1.7597443527172920E-012
           4          18   6.6859436098880981E-014
           4          19   8.7611059446393273E-014
           4          20   7.6861929657344123E-014
           4          21  -1.2984697242504952     
           4          22   1.1035704039259552E-013
           4          23  -1.2984697242502401     
           4          24  -8.0858974294032520E-014
           4          25   1.7441548658076288E-013
           4          26  -1.2984697242505343     
           4          27  -1.7050328974932860     
           4          28   1.3283362664974420E-014
           4          29  -1.7050328974933111     
           4          30   8.7558613962488488E-015
           4          31  -6.1968741131912039E-014
           4          32  -1.7050328974932529     
           4          33   7.0589908448279907E-013
           4          34   4.6026309034944118E-013
           4          35   2.9483017668728822E-013
           4          36   1.0272133105016271E-012
           4          37   9.2782703407275747E-013
           4          38  -4.0197432983525156E-015
           4          39   8.8648443252311003E-013
           4          40   3.2570976719158491E-013
           4          41   4.7995690780182358E-013
           4          42   2.0526612399302924E-012
           5           1  -6.5049390392444256E-002
           5           2  0.98321695513837737     
           5           3 -0.83262299720804622     
           5           4   3.5595502226199600     
           5           5   2.6059431297854045     
           5           6   4.2916509554127261E-012
           5           7   7.6437054548545911E-012
           5           8   1.8056379608407671E-011
           5           9  -5.9599370652288035E-012
           5          10  -1.0670990579032571E-011
           5          11  -2.5097759568993637E-011
           5          12  -1.9952267364325120E-012
           5          13  -3.4505141982490206E-012
           5          14  -8.3645762750684413E-012
           5          15  -4.0632124539838395E-013
           5          16  -5.6066802154824603E-013
           5          17  -7.8118947602174590E-013
           5          18   4.0493705993642249E-014
           5          19   5.1820988702625546E-014
           5          20   3.1455512756853511E-014
           5          21 -0.89933387633987460     
           5          22   7.8752385218054873E-014
           5          23 -0.89933387633969275     
           5          24  -5.8166884262536316E-014
           5          25   1.2446845713637223E-013
           5          26 -0.89933387633990314     
           5          27  -1.2424331866824208     
           5          28   1.0259223398038970E-014
           5          29  -1.2424331866824390     
           5          30   6.5357769883357161E-015
           5          31  -4.4222065687592812E-014
           5          32  -1.2424331866823979     
           5          33   3.6136214006938657E-013
           5          34   2.2330172736498094E-013
           5          35   1.4670605683887925E-013
           5          36   4.9714953295357412E-013
           5          37   4.2330365523480868E-013
           5          38  -2.9203814621985235E-015
           5          39   3.9382974370941065E-013
           5          40   1.6836519809653389E-013
           5          41   2.3666892285228347E-013
           5          42   9.3320164687352249E-013
           6           1  -3.6980377363639004E-013
           6           2   2.0600361473068845E-012
           6           3  -1.2815507675770056E-012
           6           4   9.4538543976772662E-012
           6           5   4.2916509554127261E-012
           6           6   3.1515349655486031     
           6           7  -3.6916303347567206E-013
           6           8   4.6926351693343723E-013
           6           9  -1.5981525079398897     
           6          10   7.5646433561615863E-013
           6          11  -4.1383563242902559E-013
           6          12 -0.32002305983022683     
           6          13  -1.3271328480613192E-013
           6          14  -1.7277845820728450E-014
           6          15  0.27858979777195525     
           6          16  -3.1107885364867161E-012
           6          17  -6.6427245648537485E-013
           6          18  -3.0244319994160530E-002
           6          19   4.3831431539853522E-013
           6          20   4.6395786518216338E-013
           6          21  -2.5532186297482917E-012
           6          22  -3.9699473732679666E-013
           6          23  -1.5272298105205439E-012
           6          24   3.5988057590456805E-013
           6          25   8.6232806788594827E-014
           6          26  -3.5702799857817060E-012
           6          27  -2.2509248829119747E-012
           6          28   2.2940569842737968E-013
           6          29  -2.7894893936059554E-012
           6          30  -6.1158156395367885E-013
           6          31  -6.4938824148730304E-014
           6          32  -2.1451100564085975E-012
           6          33 -0.16698485630635557     
           6          34   3.4286202349464950E-013
           6          35  -7.4677897983030594E-002
           6          36   1.7441230751313862E-012
           6          37   3.5934710068685851E-013
           6          38  -4.4984517475827089E-013
           6          39  -4.3615458467094314E-013
           6          40  -7.4677897981917554E-002
           6          41   6.8887170273645912E-013
           6          42   8.4403664613042182E-013
           7           1  -7.4905065257961706E-013
           7           2   3.4855824940763492E-012
           7           3  -2.0087221491809744E-012
           7           4   1.6835520814845675E-011
           7           5   7.6437054548545911E-012
           7           6  -3.6916303347567206E-013
           7           7   3.1515349655468348     
           7           8  -1.4385159730068155E-012
           7           9   8.4833529090388932E-013
           7          10  -1.5981525079371495     
           7          11   2.4046875601868582E-012
           7          12  -1.4289125438438077E-012
           7          13 -0.32002305982904861     
           7          14   1.0113021531310551E-012
           7          15   4.3831153984097434E-012
           7          16  0.27858979776371695     
           7          17  -8.9819471305041623E-013
           7          18  -2.4035480094934679E-013
           7          19  -3.0244319993194459E-002
           7          20   7.7402754344868551E-013
           7          21  -4.5098018954328211E-012
           7          22  -7.2714336362607523E-013
           7          23  -2.7578797757000794E-012
           7          24   6.3302798224731822E-013
           7          25   1.4201931707291836E-013
           7          26  -6.3543165516055947E-012
           7          27  -4.0194726916467517E-012
           7          28   4.0419853044729275E-013
           7          29  -4.9359423441009096E-012
           7          30  -1.1176616146854272E-012
           7          31  -1.2653128406644656E-013
           7          32  -3.8171075540675091E-012
           7          33  -2.1399011035372348E-012
           7          34  -7.4677897981662300E-002
           7          35  -1.3517607172497394E-012
           7          36 -0.16698485630195509     
           7          37   5.5854626479501255E-013
           7          38  -7.9851757788211609E-013
           7          39  -8.6901492946100904E-013
           7          40   6.6250347222074326E-013
           7          41  -7.4677897981022673E-002
           7          42   1.3243399432649742E-012
           8           1  -1.7641902897029901E-012
           8           2   8.0896962435606934E-012
           8           3  -4.7223477619103481E-012
           8           4   3.9428992822029229E-011
           8           5   1.8056379608407671E-011
           8           6   4.6926351693343723E-013
           8           7  -1.4385159730068155E-012
           8           8   3.1515349655506544     
           8           9   7.5939254884362411E-014
           8          10   3.0278557439089582E-012
           8          11  -1.5981525079419028     
           8          12  -3.8987563177883544E-012
           8          13  -5.6790683267138158E-013
           8          14 -0.32002305982938983     
           8          15   1.0392381399881853E-011
           8          16  -1.3040138413522587E-011
           8          17  0.27858979776657439     
           8          18  -5.9533335292766236E-013
           8          19   1.8636318616788165E-012
           8          20  -3.0244319992086575E-002
           8          21  -1.0632603221082882E-011
           8          22  -1.6356900201390698E-012
           8          23  -6.4284666049848384E-012
           8          24   1.4575793919460174E-012
           8          25   3.4831277847716315E-013
           8          26  -1.4863765192694337E-011
           8          27  -9.4563517967156838E-012
           8          28   9.5443655026822720E-013
           8          29  -1.1643379575259172E-011
           8          30  -2.5547561438423675E-012
           8          31  -2.8270087687807198E-013
           8          32  -9.0101289800032527E-012
           8          33  -5.0625302561169134E-012
           8          34   1.4392202707380623E-012
           8          35  -3.1743323247734874E-012
           8          36   7.2955322338863482E-012
           8          37  -7.4677897980749600E-002
           8          38  -1.8547684618475364E-012
           8          39  -7.4677897984039912E-002
           8          40   1.4755948199440824E-012
           8          41   2.8842137012041754E-012
           8          42 -0.16698485630155829     
           9           1   5.2880803126530397E-013
           9           2  -2.7748214393718771E-012
           9           3   1.7537767287877565E-012
           9           4  -1.3158870331194224E-011
           9           5  -5.9599370652288035E-012
           9           6  -1.5981525079398897     
           9           7   8.4833529090388932E-013
           9           8   7.5939254884362411E-014
           9           9   1.9291743901409915     
           9          10  -1.4993561947562747E-012
           9          11  -4.3359760226735792E-013
           9          12  0.62056866318445802     
           9          13   3.4867941867138335E-014
           9          14  -3.0844771181648523E-013
           9          15   3.8729991119151846E-002
           9          16   4.1723022606299167E-012
           9          17   8.7520962699373060E-013
           9          18  -5.1873342133437999E-004
           9          19  -5.9036992959213154E-013
           9          20  -6.3737069008057514E-013
           9          21   3.5868726078450148E-012
           9          22   5.4525099226249539E-013
           9          23   2.1669618359388708E-012
           9          24  -4.9526507490987271E-013
           9          25  -1.1668758092690261E-013
           9          26   4.9857376629536310E-012
           9          27   3.1227417019066911E-012
           9          28  -3.1401104664626410E-013
           9          29   3.8618402364049968E-012
           9          30   8.4371423863199825E-013
           9          31   8.8828976122611117E-014
           9          32   2.9753368293044430E-012
           9          33  -5.5896398455459309E-002
           9          34  -4.4129760609634593E-013
           9          35  -2.4997629328461488E-002
           9          36  -2.3365285400922511E-012
           9          37  -4.7513121909093141E-013
           9          38   6.1818427986545197E-013
           9          39   6.1736379897147884E-013
           9          40  -2.4997629329998803E-002
           9          41  -9.1516898226284676E-013
           9          42  -1.1222116985676371E-012
          10           1   9.5703785349234211E-013
          10           2  -4.9983187640981813E-012
          10           3   3.0121723002989537E-012
          10           4  -2.3328763225646317E-011
          10           5  -1.0670990579032571E-011
          10           6   7.5646433561615863E-013
          10           7  -1.5981525079371495     
          10           8   3.0278557439089582E-012
          10           9  -1.4993561947562747E-012
          10          10   1.9291743901367968     
          10          11  -4.7585269058458834E-012
          10          12   1.8877191476640576E-012
          10          13  0.62056866318272741     
          10          14  -1.8723911310303265E-012
          10          15  -6.1679368210110203E-012
          10          16   3.8729991130370733E-002
          10          17   1.1571785196728955E-012
          10          18   3.4840858496865115E-013
          10          19  -5.1873342265145567E-004
          10          20  -1.0623880247750961E-012
          10          21   6.2620943636183293E-012
          10          22   1.0070583559192540E-012
          10          23   3.8329897524768890E-012
          10          24  -8.7233158666539626E-013
          10          25  -2.0025522090892849E-013
          10          26   8.7937875433550465E-012
          10          27   5.6031610430220040E-012
          10          28  -5.5835035360395761E-013
          10          29   6.8611042260156416E-012
          10          30   1.5413900909413636E-012
          10          31   1.7220900511188077E-013
          10          32   5.3205483669833272E-012
          10          33   3.0123455813102487E-012
          10          34  -2.4997629330311581E-002
          10          35   1.8927702287452330E-012
          10          36  -5.5896398461457844E-002
          10          37  -7.4008160710903295E-013
          10          38   1.1029182969209100E-012
          10          39   1.2359956808039034E-012
          10          40  -8.8434728290343086E-013
          10          41  -2.4997629331195440E-002
          10          42  -1.7573546784443997E-012
          11           1   2.2234146449925838E-012
          11           2  -1.1687026629324141E-011
          11           3   7.0685214922474491E-012
          11           4  -5.4235900393760742E-011
          11           5  -2.5097759568993637E-011
          11           6  -4.1383563242902559E-013
          11           7   2.4046875601868582E-012
          11           8  -1.5981525079419028     
          11           9  -4.3359760226735792E-013
          11          10  -4.7585269058458834E-012
          11          11   1.9291743901426324     
          11          12   5.2725185328839067E-012
          11          13   6.2558291880065725E-013
          11          14  0.62056866318297155     
          11          15  -1.4327213027076619E-011
          11          16   1.7880169567163765E-011
          11          17   3.8729991126400583E-002
          11          18   8.1063454560048517E-013
          11          19  -2.5471966116213948E-012
          11          20  -5.1873342417622795E-004
          11          21   1.4607895119461723E-011
          11          22   2.2721487324082847E-012
          11          23   8.7852582145729116E-012
          11          24  -2.0048402242372562E-012
          11          25  -4.8249736304009129E-013
          11          26   2.0432356619676624E-011
          11          27   1.3121186752825438E-011
          11          28  -1.3185203330343880E-012
          11          29   1.6131137638029103E-011
          11          30   3.5221737986529581E-012
          11          31   3.8516901407053083E-013
          11          32   1.2494143387198583E-011
          11          33   6.9804457353272976E-012
          11          34  -1.9603606932205872E-012
          11          35   4.3793579873607761E-012
          11          36  -1.0018718493709501E-011
          11          37  -2.4997629331555100E-002
          11          38   2.5648951065719614E-012
          11          39  -2.4997629327014409E-002
          11          40  -2.0352868695949782E-012
          11          41  -3.9453405820122364E-012
          11          42  -5.5896398461989114E-002
          12           1   1.7313851783442098E-013
          12           2  -9.2045504420983877E-013
          12           3   5.8413396971527406E-013
          12           4  -4.3998859302657755E-012
          12           5  -1.9952267364325120E-012
          12           6 -0.32002305983022683     
          12           7  -1.4289125438438077E-012
          12           8  -3.8987563177883544E-012
          12           9  0.62056866318445802     
          12          10   1.8877191476640576E-012
          12          11   5.2725185328839067E-012
          12          12  0.22022853835184486     
          12          13   8.0770112820261041E-013
          12          14   1.6998139007462494E-012
          12          15   4.5447377847371864E-002
          12          16   1.4731393188638348E-012
          12          17   4.9546131086764190E-013
          12          18  -3.4239812275637044E-003
          12          19  -2.0046038939035247E-013
          12          20  -2.2289974228352519E-013
          12          21   1.2015982159189296E-012
          12          22   1.8120214029239741E-013
          12          23   7.2888952397224653E-013
          12          24  -1.6466683860458277E-013
          12          25  -3.8643358065426787E-014
          12          26   1.6666336885941920E-012
          12          27   1.0447336973849843E-012
          12          28  -1.0427227734137876E-013
          12          29   1.2903111043461166E-012
          12          30   2.8067894622635930E-013
          12          31   2.9492439585773984E-014
          12          32   9.9558660219004070E-013
          12          33  -4.0628687341914223E-002
          12          34  -1.8977657986751747E-013
          12          35  -1.8169701346520583E-002
          12          36  -8.7347186775166225E-013
          12          37  -2.5750235277399775E-013
          12          38   2.0546666331864781E-013
          12          39   1.0555792351318788E-013
          12          40  -1.8169701347032143E-002
          12          41  -3.4715069360813326E-013
          12          42  -5.9598159740659306E-013
          13           1   3.0839568730776887E-013
          13           2  -1.6552807638190742E-012
          13           3   1.0061586345805531E-012
          13           4  -7.6081203214765336E-012
          13           5  -3.4505141982490206E-012
          13           6  -1.3271328480613192E-013
          13           7 -0.32002305982904861     
          13           8  -5.6790683267138158E-013
          13           9   3.4867941867138335E-014
          13          10  0.62056866318272741     
          13          11   6.2558291880065725E-013
          13          12   8.0770112820261041E-013
          13          13  0.22022853835116268     
          13          14   1.1476930517062455E-013
          13          15  -2.0398422534428986E-012
          13          16   4.5447377851085373E-002
          13          17   4.7045353723796560E-013
          13          18   1.1604809452801901E-013
          13          19  -3.4239812280004375E-003
          13          20  -3.5809690716176542E-013
          13          21   2.0445722799528729E-012
          13          22   3.3532042286334287E-013
          13          23   1.2355398941779102E-012
          13          24  -2.9012449038154000E-013
          13          25  -6.6952377319291012E-014
          13          26   2.8857971892730714E-012
          13          27   1.8159773769652060E-012
          13          28  -1.8580323726800535E-013
          13          29   2.2339668384206054E-012
          13          30   5.1273729639744824E-013
          13          31   5.7108102180772257E-014
          13          32   1.7216958506710229E-012
          13          33   9.8358821087885386E-013
          13          34  -1.8169701347128826E-002
          13          35   6.2145796321522304E-013
          13          36  -4.0628687343894514E-002
          13          37  -2.8780190036714786E-013
          13          38   3.6700969055772886E-013
          13          39   3.7009371262053099E-013
          13          40  -3.0227708357199789E-013
          13          41  -1.8169701347422976E-002
          13          42  -6.7751707022445818E-013
          14           1   7.2348761596133779E-013
          14           2  -3.9282016057973279E-012
          14           3   2.3937447566314159E-012
          14           4  -1.8031952831516287E-011
          14           5  -8.3645762750684413E-012
          14           6  -1.7277845820728450E-014
          14           7   1.0113021531310551E-012
          14           8 -0.32002305982938983     
          14           9  -3.0844771181648523E-013
          14          10  -1.8723911310303265E-012
          14          11  0.62056866318297155     
          14          12   1.6998139007462494E-012
          14          13   1.1476930517062455E-013
          14          14  0.22022853835068143     
          14          15  -4.7704366498702006E-012
          14          16   5.9308512961875353E-012
          14          17   4.5447377849702347E-002
          14          18   2.6910339733475478E-013
          14          19  -8.4508338911784583E-013
          14          20  -3.4239812285042841E-003
          14          21   4.8553775187565163E-012
          14          22   7.5707896667671769E-013
          14          23   2.9166044125311324E-012
          14          24  -6.6649118880930049E-013
          14          25  -1.6066498961319029E-013
          14          26   6.7920283714442692E-012
          14          27   4.3712594063243889E-012
          14          28  -4.3877281444815894E-013
          14          29   5.3720284046625695E-012
          14          30   1.1715491402323041E-012
          14          31   1.2776233239769155E-013
          14          32   4.1617790624257758E-012
          14          33   2.3274125682259942E-012
          14          34  -6.4581586606271577E-013
          14          35   1.4593569408472003E-012
          14          36  -3.3195547005648866E-012
          14          37  -1.8169701347511696E-002
          14          38   8.5373696839291811E-013
          14          39  -1.8169701346001030E-002
          14          40  -6.7458972435874338E-013
          14          41  -1.3055103872949840E-012
          14          42  -4.0628687344003794E-002
          15           1   2.9816965159726830E-014
          15           2  -1.6005342952165765E-013
          15           3   1.1773235175322810E-013
          15           4  -7.5383021941049529E-013
          15           5  -4.0632124539838395E-013
          15           6  0.27858979777195525     
          15           7   4.3831153984097434E-012
          15           8   1.0392381399881853E-011
          15           9   3.8729991119151846E-002
          15          10  -6.1679368210110203E-012
          15          11  -1.4327213027076619E-011
          15          12   4.5447377847371864E-002
          15          13  -2.0398422534428986E-012
          15          14  -4.7704366498702006E-012
          15          15   5.3588983998720113E-002
          15          16  -9.9222279698043065E-014
          15          17  -5.0381194442035230E-013
          15          18  -5.2246884612494830E-003
          15          19  -6.9877778693610492E-015
          15          20   4.5079228978159104E-015
          15          21   2.0487857921172768E-013
          15          22   2.0244543841037336E-014
          15          23   1.5082591614330402E-013
          15          24  -1.8510956392264483E-014
          15          25  -4.1160592502312319E-015
          15          26   2.5706261381079714E-013
          15          27   2.0423858108048688E-013
          15          28  -1.1527008694591715E-014
          15          29   2.3160732023634514E-013
          15          30   3.1789005111909744E-014
          15          31   3.2534352182117722E-015
          15          32   1.9850892563537989E-013
          15          33  -3.7379318205059200E-002
          15          34   1.0263701509787552E-013
          15          35  -1.6716539291810498E-002
          15          36   1.7848824631835584E-013
          15          37   2.4427308049565777E-013
          15          38   2.2995302666103467E-014
          15          39   2.8482576540367813E-013
          15          40  -1.6716539291868639E-002
          15          41   8.5209901743048682E-014
          15          42   5.4347856510290222E-013
          16           1   2.6086501920934258E-014
          16           2  -2.7199686007599705E-013
          16           3   1.9558351160018998E-013
          16           4  -1.0830478582267420E-012
          16           5  -5.6066802154824603E-013
          16           6  -3.1107885364867161E-012
          16           7  0.27858979776371695     
          16           8  -1.3040138413522587E-011
          16           9   4.1723022606299167E-012
          16          10   3.8729991130370733E-002
          16          11   1.7880169567163765E-011
          16          12   1.4731393188638348E-012
          16          13   4.5447377851085373E-002
          16          14   5.9308512961875353E-012
          16          15  -9.9222279698043065E-014
          16          16   5.3588983999539215E-002
          16          17   7.0986033891272751E-013
          16          18   7.8928190209717020E-015
          16          19  -5.2246884613185154E-003
          16          20  -7.4892843933848714E-014
          16          21   2.8885186758196139E-013
          16          22   3.8426361488486262E-014
          16          23   1.9582355034693688E-013
          16          24  -3.2747796687094931E-014
          16          25  -8.0787578230724223E-015
          16          26   3.8264665727225668E-013
          16          27   2.8631633789552561E-013
          16          28  -2.1127628866505469E-014
          16          29   3.3292593902130834E-013
          16          30   5.8014959230942950E-014
          16          31   6.1989954890335720E-015
          16          32   2.7524463355531949E-013
          16          33  -4.5614608010924636E-014
          16          34  -1.6716539292080456E-002
          16          35   2.7964284533652986E-016
          16          36  -3.7379318205734445E-002
          16          37  -3.5569019517927882E-013
          16          38   4.1717111736611234E-014
          16          39  -2.8041506833567249E-013
          16          40  -1.0414621096945267E-013
          16          41  -1.6716539292113940E-002
          16          42  -7.9901623512012505E-013
          17           1   4.9194469126659854E-014
          17           2  -4.4721239500069803E-013
          17           3   2.8820327197099222E-013
          17           4  -1.7597443527172920E-012
          17           5  -7.8118947602174590E-013
          17           6  -6.6427245648537485E-013
          17           7  -8.9819471305041623E-013
          17           8  0.27858979776657439     
          17           9   8.7520962699373060E-013
          17          10   1.1571785196728955E-012
          17          11   3.8729991126400583E-002
          17          12   4.9546131086764190E-013
          17          13   4.7045353723796560E-013
          17          14   4.5447377849702347E-002
          17          15  -5.0381194442035230E-013
          17          16   7.0986033891272751E-013
          17          17   5.3588983999231628E-002
          17          18   2.7389250806602327E-014
          17          19  -9.5531377676102992E-014
          17          20  -5.2246884613672898E-003
          17          21   4.7537428468425485E-013
          17          22   8.7532757460048467E-014
          17          23   2.5318606979280693E-013
          17          24  -7.4800438659684746E-014
          17          25  -1.8423069196327450E-014
          17          26   6.9326203824730526E-013
          17          27   4.1392553137146371E-013
          17          28  -4.9902336342476581E-014
          17          29   5.2644712162491428E-013
          17          30   1.3242697871536174E-013
          17          31   1.3916521289388222E-014
          17          32   3.8888905887805422E-013
          17          33   2.2450498491506016E-013
          17          34  -9.5582938265668710E-014
          17          35   1.4800579381871411E-013
          17          36  -4.2732072220996377E-013
          17          37  -1.6716539292050085E-002
          17          38   9.7393858848448203E-014
          17          39  -1.6716539291878822E-002
          17          40  -9.3654901542335503E-014
          17          41  -1.6932728006194015E-013
          17          42  -3.7379318205584093E-002
          18           1  -3.8102653493597569E-015
          18           2   1.4351557888090025E-014
          18           3  -1.1292746409916036E-014
          18           4   6.6859436098880981E-014
          18           5   4.0493705993642249E-014
          18           6  -3.0244319994160530E-002
          18           7  -2.4035480094934679E-013
          18           8  -5.9533335292766236E-013
          18           9  -5.1873342133437999E-004
          18          10   3.4840858496865115E-013
          18          11   8.1063454560048517E-013
          18          12  -3.4239812275637044E-003
          18          13   1.1604809452801901E-013
          18          14   2.6910339733475478E-013
          18          15  -5.2246884612494830E-003
          18          16   7.8928190209717020E-015
          18          17   2.7389250806602327E-014
          18          18   5.1496460244480425E-004
          18          19   1.3018790520210953E-016
          18          20  -2.1539052584986203E-016
          18          21  -1.7926699309121599E-014
          18          22  -1.0646503232981833E-015
          18          23  -1.5022586502812188E-014
          18          24   9.7912677582302685E-016
          18          25   2.0647507326552547E-016
          18          26  -2.0682372640656098E-014
          18          27  -1.9883683834185596E-014
          18          28   6.0011491301347973E-016
          18          29  -2.1319616920496453E-014
          18          30  -1.6931262100101131E-015
          18          31  -1.6903465792793945E-016
          18          32  -1.9570519756557430E-014
          18          33   3.5948356260166268E-003
          18          34  -6.3576310963808810E-015
          18          35   1.6076593655416642E-003
          18          36  -1.1491855237592659E-014
          18          37  -1.3510292399253264E-014
          18          38  -1.2112876775006715E-015
          18          39  -1.5642462368806940E-014
          18          40   1.6076593655447709E-003
          18          41  -5.4489536323241077E-015
          18          42  -3.0042398554759036E-014
          19           1  -1.2052678127539891E-015
          19           2   2.3009513920034682E-014
          19           3  -1.7951782348479895E-014
          19           4   8.7611059446393273E-014
          19           5   5.1820988702625546E-014
          19           6   4.3831431539853522E-013
          19           7  -3.0244319993194459E-002
          19           8   1.8636318616788165E-012
          19           9  -5.9036992959213154E-013
          19          10  -5.1873342265145567E-004
          19          11  -2.5471966116213948E-012
          19          12  -2.0046038939035247E-013
          19          13  -3.4239812280004375E-003
          19          14  -8.4508338911784583E-013
          19          15  -6.9877778693610492E-015
          19          16  -5.2246884613185154E-003
          19          17  -9.5531377676102992E-014
          19          18   1.3018790520210953E-016
          19          19   5.1496460244974593E-004
          19          20   6.9567764634894229E-015
          19          21  -2.3057829917506693E-014
          19          22  -2.0686025780933315E-015
          19          23  -1.8034539472447884E-014
          19          24   1.7387616683521522E-015
          19          25   4.5455216545284557E-016
          19          26  -2.7981033633872262E-014
          19          27  -2.5720773826154206E-014
          19          28   1.1293977219067046E-015
