           1           1   2.1848378258715222     
           1           2   8.5408615397905091E-002
           1           3 -0.60022357023035366     
           1           4  0.16081394708821622     
           1           5   9.8154269310294487E-002
           1           6  -4.6924318228165470E-011
           1           7   1.6365345889136312E-010
           1           8   7.7614744559708688E-011
           1           9  -5.0975444352480627E-011
           1          10   4.7720192562296648E-011
           1          11   2.7656604756549465E-012
           1          12   2.8554386237546665E-011
           1          13  -4.8633567214254269E-011
           1          14  -3.0562170835412612E-011
           1          15   3.0698418164661125E-011
           1          16  -3.2286394144635212E-010
           1          17  -2.0850010583494495E-010
           1          18  -7.3810399404455653E-011
           1          19  -1.6816978279072056E-011
           1          20  -2.2497674943933978E-011
           1          21  -1.5632814202285360E-002
           1          22  -3.4873842852868998E-004
           1          23  -1.5439632661559764E-002
           1          24   3.2052577407124796E-004
           1          25   2.3400876071781151E-004
           1          26  -1.5405399957230174E-002
           1          27  -6.3190621718929489E-003
           1          28  -2.8984734687840033E-004
           1          29  -6.1585030051163683E-003
           1          30   2.6639842139628391E-004
           1          31   1.9449156255847439E-004
           1          32  -6.1300505523611756E-003
           1          33   3.6869164522943648E-011
           1          34   2.2101395680657933E-011
           1          35   8.4317920207807762E-012
           1          36   3.3572802340753818E-011
           1          37   2.0769342709853245E-011
           1          38  -1.3611762489943204E-011
           1          39   3.6477320478785106E-012
           1          40   5.3000623303667140E-012
           1          41   2.1809751559307249E-012
           1          42   2.1730635721029969E-011
           2           1   8.5408615397905091E-002
           2           2  0.11596517181634081     
           2           3 -0.45339452834649868     
           2           4  0.10591221499721656     
           2           5   7.3183226154504788E-002
           2           6  -2.1236435582345956E-012
           2           7   1.2852049125089276E-010
           2           8   7.9288961969291566E-011
           2           9  -2.1886869878744422E-011
           2          10   4.4922659878052668E-011
           2          11   1.4471698589333329E-011
           2          12   2.2170163689544134E-011
           2          13  -6.1108166421784019E-011
           2          14  -4.1240118924363143E-011
           2          15   1.0281033097284638E-011
           2          16  -3.1855188181497297E-010
           2          17  -2.1197987417226346E-010
           2          18  -7.2459667401630020E-011
           2          19  -3.1917268731719670E-011
           2          20  -3.7008806543431134E-011
           2          21  -6.2337371836150080E-004
           2          22  -3.0006273910676627E-004
           2          23  -4.5715577773061168E-004
           2          24   2.7578795226314138E-004
           2          25   2.0134666995573643E-004
           2          26  -4.2770120502534723E-004
           2          27   9.5043615347521792E-004
           2          28  -3.0410790017503572E-004
           2          29   1.1188948732701503E-003
           2          30   2.7950519539049826E-004
           2          31   2.0406052687694436E-004
           2          32   1.1487472995133142E-003
           2          33   3.2116333280044404E-011
           2          34   2.0641336778153199E-011
           2          35   7.0082382907310069E-012
           2          36   3.2983312557944288E-011
           2          37   1.9332792390561206E-011
           2          38  -1.2364019921909919E-011
           2          39   3.0414001869772146E-012
           2          40   4.6647269970688984E-012
           2          41   2.9463811900945494E-012
           2          42   1.9451100074220069E-011
           3           1 -0.60022357023035366     
           3           2 -0.45339452834649868     
           3           3   1.9003569162167575     
           3           4 -0.71519681233003407     
           3           5 -0.49059158961951788     
           3           6   1.0827975750886349E-010
           3           7  -5.9516380853604712E-010
           3           8  -3.0383165358760524E-010
           3           9   1.4807495790777527E-010
           3          10  -2.1115379749568843E-010
           3          11  -4.0036813719643062E-011
           3          12  -1.7447805319347409E-010
           3          13   3.1903945431714743E-010
           3          14   1.8984704098874883E-010
           3          15  -9.1514138564614060E-011
           3          16   1.8840778257341212E-009
           3          17   1.1904880932236551E-009
           3          18   4.7785708259008682E-010
           3          19   6.1704138697213803E-011
           3          20   1.0613347770599312E-010
           3          21   2.5708799286722076E-003
           3          22   1.0740205728120176E-003
           3          23   1.9759328638077008E-003
           3          24  -9.8713673979287670E-004
           3          25  -7.2068672843166124E-004
           3          26   1.8705095342226069E-003
           3          27  -3.4656531514356478E-003
           3          28   2.4012430017735578E-003
           3          29  -4.7958071482875862E-003
           3          30  -2.2069789064877599E-003
           3          31  -1.6112662055867630E-003
           3          32  -5.0315232839216800E-003
           3          33  -2.0342983706955978E-010
           3          34  -1.3763461928367131E-010
           3          35  -3.8602208010072846E-011
           3          36  -2.1527687154113103E-010
           3          37  -1.2451974968661311E-010
           3          38   8.2923240645366979E-011
           3          39  -1.7421644152490638E-011
           3          40  -2.7217628193836850E-011
           3          41  -1.6214515308182775E-011
           3          42  -1.2046223448442522E-010
           4           1  0.16081394708821622     
           4           2  0.10591221499721656     
           4           3 -0.71519681233003407     
           4           4  0.99651111220157185     
           4           5  0.68150059339204205     
           4           6  -7.5239697725621709E-010
           4           7   5.0833532271826042E-009
           4           8   4.0196272489941087E-009
           4           9  -4.4111071039627783E-010
           4          10   2.5584994110142908E-009
           4          11   1.9990255997501353E-009
           4          12   1.4144167050365459E-009
           4          13  -6.9634170201181167E-009
           4          14  -5.5189559029185633E-009
           4          15   2.4594611365436827E-009
           4          16  -1.6164431207420297E-008
           4          17  -1.2592044148605773E-008
           4          18   8.8174176457490082E-010
           4          19  -8.9816317621174795E-009
           4          20  -7.3429957322902495E-009
           4          21   4.3947229764127998E-003
           4          22   2.4101162281861717E-004
           4          23   4.2612155818534175E-003
           4          24  -2.2150301705221691E-004
           4          25  -1.6171419661347927E-004
           4          26   4.2375445503826173E-003
           4          27   2.7364559097815544E-003
           4          28  -3.7596943822664954E-003
           4          29   4.8191158618952901E-003
           4          30   3.4555289367518647E-003
           4          31   2.5228047942402344E-003
           4          32   5.1881840658819737E-003
           4          33   2.2958971093409033E-010
           4          34   2.1000939667056006E-010
           4          35   1.6409955213510254E-010
           4          36   3.2925565857618142E-010
           4          37   2.3680045832077691E-010
           4          38  -1.1217540223183480E-010
           4          39  -5.3682065562888121E-011
           4          40  -5.4423364715169967E-011
           4          41  -3.3071200076194104E-011
           4          42   1.6065691313145349E-010
           5           1   9.8154269310294487E-002
           5           2   7.3183226154504788E-002
           5           3 -0.49059158961951788     
           5           4  0.68150059339204205     
           5           5  0.46964776158899835     
           5           6   1.9621088988896176E-009
           5           7  -9.9862821090017515E-009
           5           8  -8.0965358270568832E-009
           5           9   9.6692824323285149E-010
           5          10  -5.1473959807495122E-009
           5          11  -4.1898112750863945E-009
           5          12  -2.3754345697504485E-009
           5          13   1.3747167917674995E-008
           5          14   1.1197340839461495E-008
           5          15  -5.3960984451397662E-009
           5          16   2.7692356684724257E-008
           5          17   2.2748922815538359E-008
           5          18  -4.0562650972011998E-009
           5          19   1.9385343263131213E-008
           5          20   1.5614108247411628E-008
           5          21   2.4270413052571928E-003
           5          22  -1.0116476756122312E-003
           5          23   2.9874373457815613E-003
           5          24   9.2981018667849958E-004
           5          25   6.7883395264103311E-004
           5          26   3.0867376208247458E-003
           5          27   5.3575709979816841E-004
           5          28  -4.2144856169928314E-003
           5          29   2.8703460826803306E-003
           5          30   3.8735256721834487E-003
           5          31   2.8279749186942904E-003
           5          32   3.2840600632808789E-003
           5          33   2.5802445795659223E-010
           5          34   8.7516577753848033E-011
           5          35  -2.4430265677439259E-010
           5          36   1.3715704779093338E-010
           5          37  -1.9009495067423576E-011
           5          38  -9.6676312572921577E-011
           5          39   1.5410917003293890E-010
           5          40   2.0986203105028493E-010
           5          41   1.1527880921967873E-010
           5          42   7.2527245712129547E-011
           6           1  -4.6924318228165470E-011
           6           2  -2.1236435582345956E-012
           6           3   1.0827975750886349E-010
           6           4  -7.5239697725621709E-010
           6           5   1.9621088988896176E-009
           6           6   1.0672879312025358     
           6           7  -1.6830723713096362E-002
           6           8   1.5469051215073065E-002
           6           9  0.52905008413445864     
           6          10  -7.0940498690526604E-003
           6          11   6.5201198080840003E-003
           6          12   1.8992469757287810E-003
           6          13   1.9839331855210997E-002
           6          14  -1.8234279491190154E-002
           6          15 -0.16143549629414605     
           6          16   3.7413208182688749E-002
           6          17  -3.4386385644181491E-002
           6          18 -0.10402171807299712     
           6          19   2.9691711807625337E-002
           6          20  -2.7289574081395183E-002
           6          21  -1.4457130975704686E-010
           6          22  -6.6309078095500638E-011
           6          23  -2.1050697490485849E-011
           6          24  -8.3957608962615569E-011
           6          25   4.3857069964149724E-012
           6          26  -1.0604958676774648E-010
           6          27  -9.0908627275109905E-010
           6          28  -8.3207151115615402E-011
           6          29  -2.8166043780801727E-010
           6          30  -3.2459795101572301E-010
           6          31  -4.5382884641130606E-011
           6          32  -4.8499297856147650E-010
           6          33  -1.1797709713748290E-002
           6          34  -2.0535229970673669E-003
           6          35  -4.7080495077043349E-003
           6          36   1.3797867655607201E-003
           6          37   1.8873875900905794E-003
           6          38   1.2778721556341438E-003
           6          39  -3.9300067459072905E-004
           6          40  -4.5211039271823503E-003
           6          41   4.7171833097853883E-004
           6          42  -1.2983866992025074E-003
           7           1   1.6365345889136312E-010
           7           2   1.2852049125089276E-010
           7           3  -5.9516380853604712E-010
           7           4   5.0833532271826042E-009
           7           5  -9.9862821090017515E-009
           7           6  -1.6830723713096362E-002
           7           7   1.0780535084557004     
           7           8   1.1293615630477889E-002
           7           9  -7.0940500293620807E-003
           7          10  0.53358770965583457     
           7          11   4.7601969806712642E-003
           7          12   1.9839331073082549E-002
           7          13  -1.0790772719061720E-002
           7          14  -1.3312441518201459E-002
           7          15   3.7413211739101782E-002
           7          16 -0.18536645720559708     
           7          17  -2.5104735096121052E-002
           7          18   2.9691710550030927E-002
           7          19 -0.12301370783622158     
           7          20  -1.9923510584009992E-002
           7          21   2.2079755225222292E-010
           7          22   1.0287424571375067E-010
           7          23  -2.5801966429683963E-011
           7          24   1.8048478323452055E-010
           7          25   1.1950842584528821E-010
           7          26   3.6793206704596614E-010
           7          27   2.1459985382182728E-009
           7          28   2.2783813825709126E-010
           7          29   2.5661881380715299E-009
           7          30   9.1491264810188903E-010
           7          31   2.7391022807545370E-010
           7          32   2.7444641666741433E-009
           7          33   1.1941968181213010E-003
           7          34  -5.8772170470155465E-003
           7          35  -1.8045305736223130E-003
           7          36  -1.0829794111875041E-002
           7          37  -1.1984351796194570E-004
           7          38   1.4860712887593266E-003
           7          39   1.2108621496544863E-003
           7          40   4.7171761174647338E-004
           7          41  -4.8228338185487170E-003
           7          42  -9.4792350408802819E-004
           8           1   7.7614744559708688E-011
           8           2   7.9288961969291566E-011
           8           3  -3.0383165358760524E-010
           8           4   4.0196272489941087E-009
           8           5  -8.0965358270568832E-009
           8           6   1.5469051215073065E-002
           8           7   1.1293615630477889E-002
           8           8   1.0799613336654135     
           8           9   6.5201213400822846E-003
           8          10   4.7601982352281982E-003
           8          11  0.53439183655733902     
           8          12  -1.8234276086463528E-002
           8          13  -1.3312438575315345E-002
           8          14  -1.3039598283163110E-002
           8          15  -3.4386382836356894E-002
           8          16  -2.5104735423356235E-002
           8          17 -0.18960730666678735     
           8          18  -2.7289578090193889E-002
           8          19  -1.9923511987975845E-002
           8          20 -0.12637931865730259     
           8          21   1.6897481858721649E-010
           8          22   6.6167909967258173E-011
           8          23   3.1939581886630386E-012
           8          24   7.1164572010358866E-011
           8          25   1.5980589987572808E-010
           8          26   2.7789927459914194E-010
           8          27   1.6988236764334267E-009
           8          28   5.0076701914389679E-010
           8          29   2.3125214307923697E-009
           8          30   2.8248830178098691E-010
           8          31   3.7789243147803785E-010
           8          32   2.0728227698838787E-009
           8          33  -1.0975861768099710E-003
           8          34  -1.1984359756777392E-004
           8          35  -3.9300143485748338E-004
           8          36  -9.2585469116768888E-004
           8          37  -5.8974617664406745E-003
           8          38  -1.5659303984007578E-003
           8          39  -5.0300238439108854E-003
           8          40   1.6179833046291270E-003
           8          41   1.1812539560438027E-003
           8          42  -1.0683032315278326E-002
           9           1  -5.0975444352480627E-011
           9           2  -2.1886869878744422E-011
           9           3   1.4807495790777527E-010
           9           4  -4.4111071039627783E-010
           9           5   9.6692824323285149E-010
           9           6  0.52905008413445864     
           9           7  -7.0940500293620807E-003
           9           8   6.5201213400822846E-003
           9           9  0.26228941825321961     
           9          10  -2.8924529698455366E-003
           9          11   2.6584494772409297E-003
           9          12  -8.2448709853772881E-004
           9          13   1.0075528846316059E-002
           9          14  -9.2603928836523363E-003
           9          15  -8.3721835647156864E-002
           9          16   1.8748474839533569E-002
           9          17  -1.7231677334928593E-002
           9          18  -5.3640785424837023E-002
           9          19   1.5001150711895178E-002
           9          20  -1.3787518977187926E-002
           9          21  -7.5170675900501223E-011
           9          22  -3.5629128155504260E-011
           9          23  -8.9038580123580271E-012
           9          24  -4.4060735667381595E-011
           9          25   2.5536798133657418E-012
           9          26  -5.2445798883614132E-011
           9          27  -4.6778431002238473E-010
           9          28  -4.3761630803550412E-011
           9          29  -1.4373446372675205E-010
           9          30  -1.6413938592303339E-010
           9          31  -2.3540639447806633E-011
           9          32  -2.4736365758751480E-010
           9          33  -5.8194862735684158E-003
           9          34  -1.0762427237378603E-003
           9          35  -2.3133619200039063E-003
           9          36   7.1524574050806577E-004
           9          37   9.8917182990808697E-004
           9          38   6.7464428504744275E-004
           9          39  -1.9822627862256946E-004
           9          40  -2.2146652640060932E-003
           9          41   2.3994010510760877E-004
           9          42  -6.7400403939498485E-004
          10           1   4.7720192562296648E-011
          10           2   4.4922659878052668E-011
          10           3  -2.1115379749568843E-010
          10           4   2.5584994110142908E-009
          10           5  -5.1473959807495122E-009
          10           6  -7.0940498690526604E-003
          10           7  0.53358770965583457     
          10           8   4.7601982352281982E-003
          10           9  -2.8924529698455366E-003
          10          10  0.26413954099084186     
          10          11   1.9408760837779670E-003
          10          12   1.0075528375690340E-002
          10          13  -7.2691929458834938E-003
          10          14  -6.7608067130134862E-003
          10          15   1.8748476477995879E-002
          10          16  -9.5714098144700610E-002
          10          17  -1.2580464283781170E-002
          10          18   1.5001149968411903E-002
          10          19  -6.3236112927018584E-002
          10          20  -1.0065960732324788E-002
          10          21   1.0976415882423767E-010
          10          22   5.0214010456776374E-011
          10          23  -1.7143475993019050E-011
          10          24   9.2142828255114167E-011
          10          25   5.8215618349968586E-011
          10          26   1.8814167384007808E-010
          10          27   1.0985949052002661E-009
          10          28   1.1526995125482473E-010
          10          29   1.3149810813072429E-009
          10          30   4.6748388785154113E-010
          10          31   1.4073350264004579E-010
          10          32   1.4060175184311885E-009
          10          33   6.1318422441036064E-004
          10          34  -2.9206729206770312E-003
          10          35  -9.3931416396211376E-004
          10          36  -5.3112143416821278E-003
          10          37  -5.2839549579585318E-005
          10          38   7.7875153168306210E-004
          10          39   6.3029130091436553E-004
          10          40   2.3993973925596622E-004
          10          41  -2.3681405435849205E-003
          10          42  -4.9207548228958633E-004
          11           1   2.7656604756549465E-012
          11           2   1.4471698589333329E-011
          11           3  -4.0036813719643062E-011
          11           4   1.9990255997501353E-009
          11           5  -4.1898112750863945E-009
          11           6   6.5201198080840003E-003
          11           7   4.7601969806712642E-003
          11           8  0.53439183655733902     
          11           9   2.6584494772409297E-003
          11          10   1.9408760837779670E-003
          11          11  0.26446740126237700     
          11          12  -9.2603898824299077E-003
          11          13  -6.7608042927761250E-003
          11          14  -8.4112739310399660E-003
          11          15  -1.7231673043297265E-002
          11          16  -1.2580462347333451E-002
          11          17  -9.7839268996411544E-002
          11          18  -1.3787519340789438E-002
          11          19  -1.0065960200676592E-002
          11          20  -6.4936521078666404E-002
          11          21   8.5290498567153337E-011
          11          22   3.3947210719216839E-011
          11          23   4.1014248848355847E-013
          11          24   3.4360056735312329E-011
          11          25   7.9682026575514268E-011
          11          26   1.3939615184941097E-010
          11          27   8.7198907746568656E-010
          11          28   2.5611361795252336E-010
          11          29   1.1836252814732488E-009
          11          30   1.4333359973672286E-010
          11          31   1.9459637061020565E-010
          11          32   1.0622686024779914E-009
          11          33  -5.6357767220347474E-004
          11          34  -5.2839578514733189E-005
          11          35  -1.9822666131877532E-004
          11          36  -4.7993920363375697E-004
          11          37  -2.9295988769282941E-003
          11          38  -8.1928097737663343E-004
          11          39  -2.4757630079643590E-003
          11          40   8.4101822916699974E-004
          11          41   6.1400887500947295E-004
          11          42  -5.2347610294317557E-003
          12           1   2.8554386237546665E-011
          12           2   2.2170163689544134E-011
          12           3  -1.7447805319347409E-010
          12           4   1.4144167050365459E-009
          12           5  -2.3754345697504485E-009
          12           6   1.8992469757287810E-003
          12           7   1.9839331073082549E-002
          12           8  -1.8234276086463528E-002
          12           9  -8.2448709853772881E-004
          12          10   1.0075528375690340E-002
          12          11  -9.2603898824299077E-003
          12          12  0.11045646063143627     
          12          13  -2.5015496107469254E-002
          12          14   2.2991683619099548E-002
          12          15  0.22854707394876536     
          12          16  -4.8902805504851148E-002
          12          17   4.4946446481857583E-002
          12          18  0.13204132909273891     
          12          19  -3.8930704080834176E-002
          12          20   3.5781108012184301E-002
          12          21   1.7963852192061204E-010
          12          22   1.2564103869305414E-010
          12          23  -1.1969052943789715E-010
          12          24   2.1030061190310510E-010
          12          25  -1.5269791648282854E-011
          12          26   4.7223937253607602E-011
          12          27   1.1070849954275410E-009
          12          28   8.7428782490481575E-011
          12          29   3.5985355310066341E-010
          12          30   3.7311862092025689E-010
          12          31   6.9898894832305042E-011
          12          32   6.2368486746879697E-010
          12          33  -1.3068516891473125E-003
          12          34   2.7093417330133845E-003
          12          35  -1.4226125642189851E-003
          12          36  -2.2321364783209250E-003
          12          37  -2.4901489741638383E-003
          12          38  -1.7319404873581525E-003
          12          39   7.0588832550016166E-004
          12          40  -1.6759859681252267E-003
          12          41  -8.2163875618109189E-004
          12          42   2.0882804102531397E-003
          13           1  -4.8633567214254269E-011
          13           2  -6.1108166421784019E-011
          13           3   3.1903945431714743E-010
          13           4  -6.9634170201181167E-009
          13           5   1.3747167917674995E-008
          13           6   1.9839331855210997E-002
          13           7  -1.0790772719061720E-002
          13           8  -1.3312438575315345E-002
          13           9   1.0075528846316059E-002
          13          10  -7.2691929458834938E-003
          13          11  -6.7608042927761250E-003
          13          12  -2.5015496107469254E-002
          13          13  0.12645735802463026     
          13          14   1.6785716341070588E-002
          13          15  -4.8902811313883972E-002
          13          16  0.25982723518485246     
          13          17   3.2814400327959244E-002
          13          18  -3.8930703791583539E-002
          13          19  0.15694294333624376     
          13          20   2.6122989949353879E-002
          13          21  -7.4496436545668857E-011
          13          22  -2.9866611257502990E-011
          13          23   3.0284200125584378E-010
          13          24  -2.1369628880020610E-010
          13          25   4.0365740824992444E-011
          13          26  -4.4178174326194404E-010
          13          27  -3.0091677737065401E-009
          13          28  -3.4213486004334393E-010
          13          29  -3.5513225004256581E-009
          13          30  -1.1012650724822952E-009
          13          31  -4.2761246352497004E-010
          13          32  -3.7565719727070733E-009
          13          33  -2.0066274184709514E-003
          13          34   3.0489912830215717E-004
          13          35   2.4067924374230288E-003
          13          36  -2.4584033501385727E-003
          13          37   3.1233825856033287E-004
          13          38  -2.0511774143763791E-003
          13          39  -1.6149876577834237E-003
          13          40  -8.2163805133665863E-004
          13          41  -1.1504331561612406E-003
          13          42   1.5246069512773611E-003
          14           1  -3.0562170835412612E-011
          14           2  -4.1240118924363143E-011
          14           3   1.8984704098874883E-010
          14           4  -5.5189559029185633E-009
          14           5   1.1197340839461495E-008
          14           6  -1.8234279491190154E-002
          14           7  -1.3312441518201459E-002
          14           8  -1.3039598283163110E-002
          14           9  -9.2603928836523363E-003
          14          10  -6.7608067130134862E-003
          14          11  -8.4112739310399660E-003
          14          12   2.2991683619099548E-002
          14          13   1.6785716341070588E-002
          14          14  0.12929290493489654     
          14          15   4.4946450317788093E-002
          14          16   3.2814406588349949E-002
          14          17  0.26537044740810872     
          14          18   3.5781115996182743E-002
          14          19   2.6122994274691717E-002
          14          20  0.16135581177723440     
          14          21  -9.7718226106499423E-011
          14          22  -9.8886923793093890E-011
          14          23   9.8785680791688221E-011
          14          24   5.9855561189101505E-011
          14          25  -5.4590380305236420E-011
          14          26  -1.7954773299330950E-010
          14          27  -2.3845146004109101E-009
          14          28  -6.2425951877155987E-010
          14          29  -3.1355582078000482E-009
          14          30  -3.4776046628892059E-010
          14          31  -5.4967755739537141E-010
          14          32  -2.9173559729273570E-009
          14          33   1.8442884762953186E-003
          14          34   3.1233840782207109E-004
          14          35   7.0588904768901107E-004
          14          36   1.4977912287702159E-003
          14          37   3.5766192257325532E-004
          14          38   2.1698201950262445E-003
          14          39  -8.4429715908800247E-004
          14          40  -2.1627976339957155E-003
          14          41  -1.5790109245370598E-003
          14          42  -2.6323798240785790E-003
          15           1   3.0698418164661125E-011
          15           2   1.0281033097284638E-011
          15           3  -9.1514138564614060E-011
          15           4   2.4594611365436827E-009
          15           5  -5.3960984451397662E-009
          15           6 -0.16143549629414605     
          15           7   3.7413211739101782E-002
          15           8  -3.4386382836356894E-002
          15           9  -8.3721835647156864E-002
          15          10   1.8748476477995879E-002
          15          11  -1.7231673043297265E-002
          15          12  0.22854707394876536     
          15          13  -4.8902811313883972E-002
          15          14   4.4946450317788093E-002
          15          15  0.49930732481772028     
          15          16  -9.3574682181508745E-002
          15          17   8.6004239226612336E-002
          15          18  0.28878556154895635     
          15          19  -7.7600238974855296E-002
          15          20   7.1322163501051528E-002
          15          21   4.1809432726455120E-010
          15          22   3.0836731312514688E-010
          15          23  -2.3616560060544008E-010
          15          24   4.0556558286351372E-010
          15          25  -4.8221004168463908E-011
          15          26   8.8972001153923180E-011
          15          27   2.4380506892294646E-009
          15          28   2.5211206290152588E-010
          15          29   7.4898051091300208E-010
          15          30   7.3116398397100743E-010
          15          31   1.2696261587407522E-010
          15          32   1.2936501738214414E-009
          15          33  -1.0736523048230206E-003
          15          34   6.0963194059066011E-003
          15          35  -2.1743698741975024E-003
          15          36  -5.0766082886007664E-003
          15          37  -5.6031114758385908E-003
          15          38  -4.0760696538149873E-003
          15          39   1.4891058017506762E-003
          15          40  -2.7706762514986012E-003
          15          41  -1.7715944382164645E-003
          15          42   4.7696234400751878E-003
          16           1  -3.2286394144635212E-010
          16           2  -3.1855188181497297E-010
          16           3   1.8840778257341212E-009
          16           4  -1.6164431207420297E-008
          16           5   2.7692356684724257E-008
          16           6   3.7413208182688749E-002
          16           7 -0.18536645720559708     
          16           8  -2.5104735423356235E-002
          16           9   1.8748474839533569E-002
          16          10  -9.5714098144700610E-002
          16          11  -1.2580462347333451E-002
          16          12  -4.8902805504851148E-002
          16          13  0.25982723518485246     
          16          14   3.2814406588349949E-002
          16          15  -9.3574682181508745E-002
          16          16  0.55916136794707461     
          16          17   6.2789789279716055E-002
          16          18  -7.7600230423280653E-002
          16          19  0.33842172987116087     
          16          20   5.2070728254537547E-002
          16          21  -1.7764574464584952E-010
          16          22  -5.1446131766221986E-011
          16          23   6.0689482007074103E-010
          16          24  -4.5398764322881255E-010
          16          25   6.9769051039220210E-011
          16          26  -9.5058894077928536E-010
          16          27  -6.2678405945585155E-009
          16          28  -6.6324715823086780E-010
          16          29  -7.4454322738630699E-009
          16          30  -2.3484668938830350E-009
          16          31  -8.8901401793304226E-010
          16          32  -7.8847828358443211E-009
          16          33  -4.4397631179451304E-003
          16          34   1.6803824067070294E-003
          16          35   5.2419079474741136E-003
          16          36  -3.6060912187990913E-003
          16          37   5.1384064972135029E-004
          16          38  -4.6762886443486957E-003
          16          39  -3.5173854216015814E-003
          16          40  -1.7715928577233223E-003
          16          41  -1.6374939394125044E-003
          16          42   3.4821957542458034E-003
          17           1  -2.0850010583494495E-010
          17           2  -2.1197987417226346E-010
          17           3   1.1904880932236551E-009
          17           4  -1.2592044148605773E-008
          17           5   2.2748922815538359E-008
          17           6  -3.4386385644181491E-002
          17           7  -2.5104735096121052E-002
          17           8 -0.18960730666678735     
          17           9  -1.7231677334928593E-002
          17          10  -1.2580464283781170E-002
          17          11  -9.7839268996411544E-002
          17          12   4.4946446481857583E-002
          17          13   3.2814400327959244E-002
          17          14  0.26537044740810872     
          17          15   8.6004239226612336E-002
          17          16   6.2789789279716055E-002
          17          17  0.56976820688948371     
          17          18   7.1322177465583128E-002
          17          19   5.2070730437096605E-002
          17          20  0.34721786141282657     
          17          21  -2.4044771784874881E-010
          17          22  -2.1634588918847621E-010
          17          23   1.8981140425040274E-010
          17          24   1.1772041404518345E-010
          17          25  -1.2622042838252401E-010
          17          26  -3.9252155283871562E-010
          17          27  -5.0285593941567350E-009
          17          28  -1.3289819970761774E-009
          17          29  -6.5723491140377758E-009
          17          30  -7.0574037951482313E-010
          17          31  -1.1557702255854614E-009
          17          32  -6.1030554171150555E-009
          17          33   4.0805803717622957E-003
          17          34   5.1384085984250763E-004
          17          35   1.4891073524089650E-003
          17          36   3.4064676136769515E-003
          17          37   1.7671851229746716E-003
          17          38   4.9130782734138805E-003
          17          39  -9.5438549563370279E-004
          17          40  -4.6786590623614580E-003
          17          41  -3.4157859290485674E-003
          17          42  -3.9698890544381570E-003
          18           1  -7.3810399404455653E-011
          18           2  -7.2459667401630020E-011
          18           3   4.7785708259008682E-010
          18           4   8.8174176457490082E-010
          18           5  -4.0562650972011998E-009
          18           6 -0.10402171807299712     
          18           7   2.9691710550030927E-002
          18           8  -2.7289578090193889E-002
          18           9  -5.3640785424837023E-002
          18          10   1.5001149968411903E-002
          18          11  -1.3787519340789438E-002
          18          12  0.13204132909273891     
          18          13  -3.8930703791583539E-002
          18          14   3.5781115996182743E-002
          18          15  0.28878556154895635     
          18          16  -7.7600230423280653E-002
          18          17   7.1322177465583128E-002
          18          18  0.16944818401410955     
          18          19  -5.8208998810740098E-002
          18          20   5.3499740605478532E-002
          18          21   2.2142169378297361E-010
          18          22   1.6100202187497858E-010
          18          23  -1.5826763290133391E-010
          18          24   2.6628989828686815E-010
          18          25  -3.2302607886784411E-011
          18          26   8.4606610727665383E-011
          18          27   1.4641217335268127E-009
          18          28   1.1993876946118078E-010
          18          29   5.1712636997402985E-010
          18          30   5.1742182212478535E-010
          18          31   6.8113037525837991E-011
          18          32   8.8438686337739390E-010
          18          33  -1.7242795433367280E-004
          18          34   3.2737757276684125E-003
          18          35  -1.2797354208304271E-003
          18          36  -2.5056852526552120E-003
          18          37  -3.0089188990463254E-003
          18          38  -1.8748549284156345E-003
          18          39   9.0647875613854626E-004
          18          40  -1.5540157931549893E-003
          18          41  -1.0175484110095734E-003
          18          42   2.3243964324962895E-003
          19           1  -1.6816978279072056E-011
          19           2  -3.1917268731719670E-011
          19           3   6.1704138697213803E-011
          19           4  -8.9816317621174795E-009
          19           5   1.9385343263131213E-008
          19           6   2.9691711807625337E-002
          19           7 -0.12301370783622158     
          19           8  -1.9923511987975845E-002
          19           9   1.5001150711895178E-002
          19          10  -6.3236112927018584E-002
          19          11  -1.0065960200676592E-002
          19          12  -3.8930704080834176E-002
          19          13  0.15694294333624376     
          19          14   2.6122994274691717E-002
          19          15  -7.7600238974855296E-002
          19          16  0.33842172987116087     
          19          17   5.2070730437096605E-002
          19          18  -5.8208998810740098E-002
          19          19  0.20668095704858414     
          19          20   3.9058966428569333E-002
          19          21  -1.4327005632272963E-010
          19          22  -1.0355091131357384E-010
          19          23   3.8842080006925832E-010
          19          24  -2.6817009187842290E-010
          19          25   4.9471864670644567E-011
          19          26  -5.9318212665139399E-010
          19          27  -4.1954473701592262E-009
          19          28  -5.5891317601590535E-010
