           1           1   2.2202764185976225     
           1           2 -0.76346403825021381     
           1           3  0.10328342944702198     
           1           4  0.15812727772907700     
           1           5  -3.6740507306711107E-002
           1           6  -2.7649956126346395E-002
           1           7   1.6482750240593807E-011
           1           8   2.1971621215927210E-010
           1           9  -1.2618790068458570E-011
           1          10   1.3311294708395965E-011
           1          11  -2.8954368991793005E-010
           1          12  -8.2283373844733516E-011
           1          13  -9.5675746165068867E-011
           1          14  -1.5709181469337132E-010
           1          15  -9.0044935876937923E-011
           1          16  -2.7751904003482219E-011
           1          17   4.7724899057345726E-010
           1          18  -2.7210507989584551E-010
           1          19   8.4658258921013370E-003
           1          20   2.3443712064310412E-009
           1          21   8.4654363121002343E-003
           1          22   1.0773438625109747E-008
           1          23   9.2904409968230664E-009
           1          24   8.4658659998729686E-003
           1          25  -6.0922292636384151E-003
           1          26   2.5533642825089980E-009
           1          27  -6.0926489994472923E-003
           1          28   1.2073871936096835E-008
           1          29   8.8557571272731477E-009
           1          30  -6.0921839977684088E-003
           1          31   3.1960579976955989E-003
           1          32  -1.4698376205555512E-008
           1          33   3.1975228470725063E-003
           1          34  -5.3934260792821782E-008
           1          35  -1.7466991463042840E-008
           1          36   3.1958625864427575E-003
           1          37   5.0644039251048531E-004
           1          38  -5.1033057489494807E-009
           1          39   5.0686707350351473E-004
           1          40  -1.6203415566899372E-008
           1          41  -3.6871772225251344E-009
           1          42   5.0638212165891351E-004
           1          43   8.6513234552776252E-011
           1          44   5.2413325069711257E-012
           1          45   2.7815697142208944E-011
           1          46   1.0916656672806457E-010
           1          47   3.1331160276610432E-011
           1          48  -1.3838855968281045E-011
           1          49   1.4301220690292939E-010
           1          50   8.1967227272992315E-012
           1          51   9.7635321232496422E-011
           1          52   1.1016965726369362E-010
           2           1 -0.76346403825021381     
           2           2   2.6148570976189176     
           2           3 -0.51043545504201360     
           2           4 -0.54007151338910164     
           2           5  0.13055263614248311     
           2           6  0.10278837179803772     
           2           7  -6.5067804521889872E-011
           2           8  -1.0728985756653740E-009
           2           9  -4.5400134394336288E-011
           2          10  -8.9484038702326904E-011
           2          11   1.1109795333586643E-009
           2          12   1.6179910467708156E-010
           2          13   3.4629053288382545E-010
           2          14   5.9556026775891183E-010
           2          15   2.8566087330355068E-010
           2          16   1.6830876897466694E-010
           2          17  -1.7391437367312930E-009
           2          18   1.0767903450098641E-009
           2          19  -1.5935202904450677E-002
           2          20  -1.3549297361129971E-008
           2          21  -1.5933418119913383E-002
           2          22  -5.2076028847557987E-008
           2          23  -3.8615294897121010E-008
           2          24  -1.5935399722939288E-002
           2          25   6.5868116294427867E-003
           2          26  -9.6672610301688158E-009
           2          27   6.5882635911810091E-003
           2          28  -4.1011893953777038E-008
           2          29  -3.0976761159802354E-008
           2          30   6.5866547787323988E-003
           2          31  -9.3063660210379456E-003
           2          32   5.5182704222374012E-008
           2          33  -9.3119476430265444E-003
           2          34   2.0518527863078509E-007
           2          35   6.7293959894732103E-008
           2          36  -9.3056238273032804E-003
           2          37  -1.6435356028666598E-003
           2          38   1.8855469380203953E-008
           2          39  -1.6451292121874824E-003
           2          40   6.0347761150869669E-008
           2          41   1.4096419381229878E-008
           2          42  -1.6433186205962774E-003
           2          43  -2.6364430759833398E-010
           2          44   2.2146208213665222E-011
           2          45  -7.5497145556748940E-011
           2          46  -3.3920007411900994E-010
           2          47  -3.9710069993760253E-011
           2          48   5.7845353436799817E-011
           2          49  -4.7980501021832225E-010
           2          50   2.5651559972029397E-012
           2          51  -3.4118896386321962E-010
           2          52  -2.4001272246382658E-010
           3           1  0.10328342944702198     
           3           2 -0.51043545504201360     
           3           3  0.79425073160068582     
           3           4  0.66184607309476229     
           3           5 -0.21570485212905380     
           3           6 -0.17678031897952842     
           3           7  -1.7006448516928236E-010
           3           8  -2.3703528281259663E-009
           3           9  -6.0638015329395322E-010
           3          10   5.3037472053033923E-010
           3          11  -4.9722802791267927E-010
           3          12  -2.3503036194000004E-012
           3          13  -3.9357580264597615E-010
           3          14  -4.7491529204808768E-010
           3          15  -2.6944612767652531E-010
           3          16  -1.7150354037251637E-010
           3          17   3.0790877818692867E-009
           3          18  -1.7778642220851588E-009
           3          19   2.2027480186512426E-002
           3          20   2.9687563483999480E-008
           3          21   2.2022917462949085E-002
           3          22   1.4316797674163263E-007
           3          23   8.9015330408914221E-008
           3          24   2.2028000193092132E-002
           3          25   1.4847089581121126E-003
           3          26  -7.2479502765536363E-009
           3          27   1.4843482717094673E-003
           3          28  -4.3614628500137325E-009
           3          29   2.5147787386512922E-008
           3          30   1.4846956489056803E-003
           3          31   1.0715307186089443E-002
           3          32  -8.1704687503822720E-008
           3          33   1.0723161957967155E-002
           3          34  -2.9125779139869397E-007
           3          35  -8.9978829635142431E-008
           3          36   1.0714250383945419E-002
           3          37  -9.9304532124749358E-006
           3          38  -3.7045535984612572E-008
           3          39  -6.7511987882145578E-006
           3          40  -1.1977794917008313E-007
           3          41  -2.9367706562301824E-008
           3          42  -1.0362096142752918E-005
           3          43   2.4386849819434418E-010
           3          44  -2.3678634002210475E-010
           3          45   3.0333417423549013E-011
           3          46   1.2298020425114549E-010
           3          47  -1.1756611858967616E-010
           3          48  -8.4802847845505897E-011
           3          49   5.7795686798939261E-010
           3          50  -1.0484287456170660E-010
           3          51   3.4669071340715242E-010
           3          52  -6.4870882961439622E-011
           4           1  0.15812727772907700     
           4           2 -0.54007151338910164     
           4           3  0.66184607309476229     
           4           4  0.59747091246955597     
           4           5 -0.32959138034244806     
           4           6 -0.28672916892845546     
           4           7  -1.1181535903130475E-010
           4           8  -6.9186744743580247E-010
           4           9   1.8206634771882338E-011
           4          10   1.8283839150672543E-010
           4          11  -8.1672158178722055E-010
           4          12   9.8908463956091563E-011
           4          13  -6.7030423472659881E-010
           4          14  -7.1943165328313173E-010
           4          15  -1.9918514201743153E-010
           4          16  -1.9119682373031017E-010
           4          17   5.1353973695941595E-009
           4          18  -2.7177887325553205E-009
           4          19   1.9113964633927269E-002
           4          20   3.5916810797514874E-008
           4          21   1.9107759227561208E-002
           4          22   1.7918436167844765E-007
           4          23   1.1583754622175728E-007
           4          24   1.9114619619184915E-002
           4          25  -1.9409342966472658E-003
           4          26  -4.9325220850161345E-009
           4          27  -1.9422947091279363E-003
           4          28   1.4927987768321106E-008
           4          29   4.3787219982536210E-008
           4          30  -1.9408747006022693E-003
           4          31   5.0199239056959227E-003
           4          32  -1.0181806786417229E-007
           4          33   5.0292282868571363E-003
           4          34  -3.5486405809520136E-007
           4          35  -1.0123426048410067E-007
           4          36   5.0186390420310697E-003
           4          37  -4.2472289361247988E-003
           4          38  -6.3593930484001314E-008
           4          39  -4.2417286712980373E-003
           4          40  -2.0703672606233396E-007
           4          41  -5.1899145491516554E-008
           4          42  -4.2479753355173337E-003
           4          43   3.0334608189374626E-010
           4          44  -2.8379785922113157E-010
           4          45   4.8435657257992130E-011
           4          46   1.7315976769272153E-010
           4          47  -9.5822610374224528E-011
           4          48  -9.2581597209610271E-011
           4          49   6.5787812064840921E-010
           4          50  -1.2604480494409757E-010
           4          51   3.3298700243088104E-010
           4          52  -1.4720826319289778E-010
           5           1  -3.6740507306711107E-002
           5           2  0.13055263614248311     
           5           3 -0.21570485212905380     
           5           4 -0.32959138034244806     
           5           5  0.62945930302350994     
           5           6  0.57942572472134346     
           5           7   1.1494249817180223E-009
           5           8  -2.9582303618869325E-009
           5           9   3.1233850432292541E-010
           5          10  -5.9723605075780195E-010
           5          11   5.3826030832172219E-010
           5          12  -2.0453907031918339E-009
           5          13   1.0082722039000455E-009
           5          14   9.4012723223335437E-010
           5          15  -6.0882156369889103E-010
           5          16   3.3471260126385461E-010
           5          17  -1.0615063455095513E-008
           5          18   5.2612834070312901E-009
           5          19  -8.3369443991509785E-003
           5          20  -1.4377984740628331E-008
           5          21  -8.3293274339131685E-003
           5          22  -1.7164946862545559E-007
           5          23  -1.5528523765239572E-007
           5          24  -8.3375485634392260E-003
           5          25   9.9217154060476272E-003
           5          26   2.5208635112741859E-008
           5          27   9.9236365382412602E-003
           5          28   6.6728971922908884E-009
           5          29  -7.0663151370269396E-008
           5          30   9.9217498840147959E-003
           5          31   1.2594412225773387E-002
           5          32   1.6160411950119676E-007
           5          33   1.2580992653674931E-002
           5          34   5.3216741019739839E-007
           5          35   1.3072122749483178E-007
           5          36   1.2596344297174216E-002
           5          37   1.6500581914508691E-002
           5          38   1.3618388111940649E-007
           5          39   1.6488719836736918E-002
           5          40   4.4535336542393182E-007
           5          41   1.1399185193215287E-007
           5          42   1.6502189024120349E-002
           5          43  -4.3169336678717276E-010
           5          44   4.4906719525772569E-010
           5          45  -8.0366653097635439E-011
           5          46  -1.9630136756275070E-010
           5          47   1.1340063860613873E-010
           5          48   7.0302004043189115E-011
           5          49  -8.5192135786272169E-010
           5          50   1.7553416531738833E-010
           5          51  -3.1929299264739700E-010
           5          52   4.1776148786682991E-010
           6           1  -2.7649956126346395E-002
           6           2  0.10278837179803772     
           6           3 -0.17678031897952842     
           6           4 -0.28672916892845546     
           6           5  0.57942572472134346     
           6           6  0.54755581134501230     
           6           7   8.5136085996063194E-011
           6           8  -1.2871808727937385E-009
           6           9  -2.2663935690988029E-010
           6          10   5.3337316341294990E-010
           6          11   2.1525786233208387E-009
           6          12   3.4697223437355567E-011
           6          13   1.0209492084511921E-009
           6          14   1.2212318765143441E-009
           6          15   1.1826573416912269E-011
           6          16  -2.6888889880945643E-009
           6          17  -1.0956429233529705E-008
           6          18   2.7495349678469276E-009
           6          19  -7.1806532204482312E-003
           6          20   2.9585132165190356E-008
           6          21  -7.1737301356054814E-003
           6          22  -1.6878290011163303E-007
           6          23  -1.7415097544250600E-007
           6          24  -7.1811682920998026E-003
           6          25   7.9644152667657214E-003
           6          26   4.8570163074818824E-008
           6          27   7.9665601421252813E-003
           6          28  -1.5367847314282552E-008
           6          29  -9.3815885668630422E-008
           6          30   7.9644217159326128E-003
           6          31   9.8382863297467524E-003
           6          32   1.5861006843356398E-007
           6          33   9.8269226776483802E-003
           6          34   4.5630629867169327E-007
           6          35   8.6816676975916890E-008
           6          36   9.8399688281134191E-003
           6          37   1.4137724793142310E-002
           6          38   1.2884432388581487E-007
           6          39   1.4127267506793124E-002
           6          40   4.0177838339329068E-007
           6          41   8.5916259223550590E-008
           6          42   1.4139173809625313E-002
           6          43  -3.6250882850325559E-010
           6          44   3.6450717493416210E-010
           6          45  -4.5844107962532512E-011
           6          46  -1.6541289411369957E-010
           6          47   7.6081956938044401E-011
           6          48   1.2399833843899873E-010
           6          49  -7.0418053241720189E-010
           6          50   2.0295446529987744E-010
           6          51  -2.1861242959547368E-010
           6          52   3.5011332803218777E-010
           7           1   1.6482750240593807E-011
           7           2  -6.5067804521889872E-011
           7           3  -1.7006448516928236E-010
           7           4  -1.1181535903130475E-010
           7           5   1.1494249817180223E-009
           7           6   8.5136085996063194E-011
           7           7   2.2496308932932001     
           7           8   5.5099332860943714E-009
           7           9   2.0788182950244626E-008
           7          10 -0.61038995194008883     
           7          11  -1.9708177769135708E-008
           7          12  -7.5736352935477101E-008
           7          13 -0.19975475267670406     
           7          14   2.3285891432782646E-008
           7          15   9.0007207612390901E-008
           7          16  -4.6632833848849718E-003
           7          17   4.2538478989696017E-009
           7          18   1.8653605065793889E-008
           7          19  -1.2031847053430375E-009
           7          20   1.3733188217500109E-009
           7          21  -2.5000197077448202E-010
           7          22   1.3538009700816481E-009
           7          23   3.8318423004041491E-009
           7          24   1.3158709807390854E-009
           7          25  -9.7590311226225306E-010
           7          26  -8.6035149200763228E-011
           7          27   5.0221661354909149E-011
           7          28   1.1213265239790770E-010
           7          29   1.7180847388364563E-009
           7          30   8.9026136732664355E-010
           7          31  -1.2762820643945109E-010
           7          32   2.1929827869648340E-010
           7          33  -4.1963220414681741E-010
           7          34   6.2990090675038104E-010
           7          35   9.2019582712385477E-010
           7          36  -2.4586088475651042E-010
           7          37  -2.0208125374298552E-010
           7          38  -1.0555213813908351E-010
           7          39  -1.8980874886239924E-010
           7          40  -4.0392187707122628E-011
           7          41   6.8504932356132286E-011
           7          42  -1.6067371009801662E-010
           7          43  -4.3047254112751751E-003
           7          44   1.8780223089874144E-004
           7          45  -3.6678376270747621E-003
           7          46   6.2860835797836788E-005
           7          47   9.3089366528355223E-005
           7          48   3.4231326781764032E-003
           7          49  -1.0234035321681291E-004
           7          50  -2.2405205972723151E-003
           7          51  -2.7215838065067672E-004
           7          52   6.8378402113093147E-006
           8           1   2.1971621215927210E-010
           8           2  -1.0728985756653740E-009
           8           3  -2.3703528281259663E-009
           8           4  -6.9186744743580247E-010
           8           5  -2.9582303618869325E-009
           8           6  -1.2871808727937385E-009
           8           7   5.5099332860943714E-009
           8           8   2.2496302136429978     
           8           9   8.2878578382472720E-009
           8          10  -1.9717596737583309E-008
           8          11 -0.61038747356327505     
           8          12  -3.0342376551267917E-008
           8          13   2.2789953564856804E-008
           8          14 -0.19975771290044381     
           8          15   3.5993985453469739E-008
           8          16   4.7410525989159991E-009
           8          17  -4.6639721937686684E-003
           8          18   9.9428570504422042E-009
           8          19   6.0748425066793553E-009
           8          20  -1.5745642028012758E-011
           8          21   2.1456626216387448E-009
           8          22   1.1967551501479125E-010
           8          23  -6.8769975474430021E-009
           8          24  -2.2265292536627263E-009
           8          25   2.3227931244970603E-009
           8          26  -5.9022967857149295E-010
           8          27  -1.7801718285649792E-010
           8          28  -6.3785430908012707E-011
           8          29  -4.1184810299278747E-009
           8          30  -1.7783315508489568E-009
           8          31   1.2201347395526293E-009
           8          32   1.7787799464081744E-010
           8          33   1.3031108076900038E-009
           8          34   2.5494791540218682E-011
           8          35  -4.9336931478622279E-010
           8          36  -2.3795845169164587E-010
           8          37   5.0080136365091055E-010
           8          38  -9.5662006548368379E-011
           8          39   3.8792408287255292E-010
           8          40   2.8447103693613346E-011
           8          41   1.7888775804508399E-011
           8          42   4.3006283984548969E-010
           8          43   1.4001182414380360E-004
           8          44  -3.6708717580514675E-003
           8          45   8.4285897530542343E-005
           8          46  -2.8208820315088487E-003
           8          47   2.9644909950715058E-003
           8          48  -1.1827662236662188E-004
           8          49  -4.4570835115055661E-004
           8          50  -2.7215007528861191E-004
           8          51  -4.2256972083814931E-003
           8          52  -1.8774132681977540E-003
           9           1  -1.2618790068458570E-011
           9           2  -4.5400134394336288E-011
           9           3  -6.0638015329395322E-010
           9           4   1.8206634771882338E-011
           9           5   3.1233850432292541E-010
           9           6  -2.2663935690988029E-010
           9           7   2.0788182950244626E-008
           9           8   8.2878578382472720E-009
           9           9   2.2496309805768249     
           9          10  -7.5639344744302843E-008
           9          11  -3.0116037699308732E-008
           9          12 -0.61039026998345136     
           9          13   9.0359450984460827E-008
           9          14   3.5691047961068990E-008
           9          15 -0.19975437267625806     
           9          16   1.9495382512147890E-008
           9          17   9.1142015439012655E-009
           9          18  -4.6632023159179463E-003
           9          19   7.0641602369970677E-011
           9          20   3.6195059981197933E-010
           9          21  -1.1771735520191721E-009
           9          22   3.9405772296318074E-010
           9          23   7.0631515149923860E-010
           9          24   1.9209573991686872E-009
           9          25   1.4501326526776634E-010
           9          26  -2.6924586058951481E-010
           9          27  -2.5019542954201645E-010
           9          28   8.5299019593802267E-011
           9          29  -4.5265227383547552E-010
           9          30  -3.2461090803905198E-010
           9          31  -4.7965910427910353E-010
           9          32  -3.4561451989858759E-011
           9          33   3.9091405333348813E-010
           9          34  -4.5535486421656142E-011
           9          35   1.0396056774847825E-009
           9          36   8.0840583105613411E-010
           9          37   3.1461136028510031E-011
           9          38  -7.7864003545534927E-011
           9          39   1.8123560656250416E-010
           9          40   6.7987206218145304E-011
           9          41   5.6485165189631515E-011
           9          42   1.4445750231760649E-010
           9          43   6.9525471303893057E-005
           9          44   2.9645646680477641E-003
           9          45  -1.0234025813660221E-004
           9          46  -3.3216387445694697E-004
           9          47  -2.2401237650060387E-003
           9          48  -3.1428580243940787E-004
           9          49  -4.2222834626031757E-003
           9          50   8.9846003173349580E-006
           9          51  -2.5189515800770595E-003
           9          52  -3.8920049518928199E-003
          10           1   1.3311294708395965E-011
          10           2  -8.9484038702326904E-011
          10           3   5.3037472053033923E-010
          10           4   1.8283839150672543E-010
          10           5  -5.9723605075780195E-010
          10           6   5.3337316341294990E-010
          10           7 -0.61038995194008883     
          10           8  -1.9717596737583309E-008
          10           9  -7.5639344744302843E-008
          10          10   1.5172201652204209     
          10          11   6.4028313525234099E-008
          10          12   2.4902931485011165E-007
          10          13  0.45233645717978999     
          10          14  -4.5129925782763231E-008
          10          15  -1.7452126841405225E-007
          10          16   1.2519576961897039E-002
          10          17  -1.0543646944152999E-008
          10          18  -4.6225460855108400E-008
          10          19   4.4819903008255017E-009
          10          20  -4.0764416821466157E-009
          10          21  -3.5020676863199444E-011
          10          22  -1.3504730781412884E-009
          10          23  -1.0542406661905537E-008
          10          24  -4.4833315734683946E-009
          10          25   2.4818903794714250E-009
          10          26  -2.0208887238667477E-009
          10          27  -1.8599660311843708E-010
          10          28  -5.9656870685352218E-010
          10          29  -5.6234443351855951E-009
          10          30  -2.7142256769799088E-009
          10          31  -7.1898597344520689E-011
          10          32  -6.7995188645906071E-010
          10          33   8.0553221744221829E-011
          10          34  -9.8323488982027267E-010
          10          35  -2.8766359006597241E-009
          10          36  -6.3283565886720475E-010
          10          37  -5.4961665448349012E-011
          10          38  -2.8585828714073968E-012
          10          39  -1.4386798732386729E-010
          10          40   1.5354105628215391E-012
          10          41  -3.3689830968651924E-010
          10          42  -1.6118660019813694E-010
          10          43   7.1668137271517843E-004
          10          44  -5.3638385847954925E-004
          10          45   5.2990189183019318E-003
          10          46  -1.7953215965343786E-004
          10          47  -2.6594947825815348E-004
          10          48  -9.7764620835371369E-003
          10          49   2.9227943330982698E-004
          10          50   1.2210837246436842E-003
          10          51   7.7728171895371395E-004
          10          52  -1.9537343123135745E-005
          11           1  -2.8954368991793005E-010
          11           2   1.1109795333586643E-009
          11           3  -4.9722802791267927E-010
          11           4  -8.1672158178722055E-010
          11           5   5.3826030832172219E-010
          11           6   2.1525786233208387E-009
          11           7  -1.9708177769135708E-008
          11           8 -0.61038747356327505     
          11           9  -3.0116037699308732E-008
          11          10   6.4028313525234099E-008
          11          11   1.5172119975482610     
          11          12   9.9666977747661356E-008
          11          13  -4.5101763956646246E-008
          11          14  0.45234221811884495     
          11          15  -7.0096817621897844E-008
          11          16  -1.1544950511556157E-008
          11          17   1.2521273939344246E-002
          11          18  -2.4402528851244136E-008
          11          19  -1.2466400393199850E-008
          11          20  -9.0008337494439351E-011
          11          21   4.0715739593243577E-010
          11          22   5.6256620497970595E-010
          11          23   2.0254682312281665E-008
          11          24   1.0686407918593242E-008
          11          25  -6.1704539265695582E-009
          11          26   2.1409415008079612E-010
          11          27   7.8380446242370985E-010
          11          28   7.6670907789662649E-010
          11          29   1.1750744358562359E-008
          11          30   7.1000342894447569E-009
          11          31  -1.6185383221088406E-009
          11          32  -3.3049666602496490E-010
          11          33  -4.4605115517995263E-010
          11          34   3.4552806844541809E-010
          11          35   2.5260929200844139E-009
          11          36   3.4925841927088294E-009
          11          37   2.6240970782881403E-012
          11          38  -2.0193682791952004E-011
          11          39   9.3796445575809250E-011
          11          40   1.8078690589230801E-011
          11          41   3.9990059406672450E-011
          11          42   2.2532679979842650E-010
          11          43  -3.9987409305184275E-004
          11          44   5.3064744853039284E-003
          11          45  -2.4074206202542766E-004
          11          46  -3.5178528438540727E-003
          11          47  -8.4665741861185088E-003
          11          48   3.3774976304848094E-004
          11          49   1.2729077396387704E-003
          11          50   7.7725948125355912E-004
          11          51   6.8908778059549479E-003
          11          52   5.3618791277875921E-003
          12           1  -8.2283373844733516E-011
          12           2   1.6179910467708156E-010
          12           3  -2.3503036194000004E-012
          12           4   9.8908463956091563E-011
          12           5  -2.0453907031918339E-009
          12           6   3.4697223437355567E-011
          12           7  -7.5736352935477101E-008
          12           8  -3.0342376551267917E-008
          12           9 -0.61039026998345136     
          12          10   2.4902931485011165E-007
          12          11   9.9666977747661356E-008
          12          12   1.5172212122074926     
          12          13  -1.7560067099487954E-007
          12          14  -6.9365413815905733E-008
          12          15  0.45233571895663033     
          12          16  -4.8187423287990526E-008
          12          17  -2.2248138423701977E-008
          12          18   1.2519376434667145E-002
          12          19   1.7804360248540604E-009
          12          20  -1.1174894115035570E-009
          12          21   2.8041985005478928E-009
          12          22  -6.4261030695000005E-010
          12          23  -2.0516862386235071E-009
          12          24  -4.0008503638987568E-009
          12          25   1.2041771412200760E-009
          12          26  -3.7897610270350223E-010
          12          27   1.0690330977957181E-009
          12          28  -2.4388382034876638E-011
          12          29  -1.0574161350306548E-009
          12          30  -9.7338272744050235E-010
          12          31   1.6364936362668418E-009
          12          32  -5.4385809702912296E-011
          12          33  -6.4545175700005855E-010
          12          34   1.1985626727203236E-010
          12          35  -2.8762397607561797E-009
          12          36  -1.6732967301092260E-009
          12          37   2.9331212392883342E-010
          12          38   3.2278717235689612E-011
          12          39  -2.0081976448544909E-010
          12          40   5.5518629411969378E-011
          12          41  -4.1396421259838722E-010
          12          42  -1.5598736497248200E-010
          12          43  -1.9857310215279668E-004
          12          44  -8.4667776663647411E-003
          12          45   2.9227900707533787E-004
          12          46   9.4865412039554873E-004
          12          47   1.2201077064125470E-003
          12          48   8.9758626638585079E-004
          12          49   6.8824938901434650E-003
          12          50  -2.5746845122071202E-005
          12          51   7.1940728611402747E-003
          12          52  -4.6247076234930302E-004
          13           1  -9.5675746165068867E-011
          13           2   3.4629053288382545E-010
          13           3  -3.9357580264597615E-010
          13           4  -6.7030423472659881E-010
          13           5   1.0082722039000455E-009
          13           6   1.0209492084511921E-009
          13           7 -0.19975475267670406     
          13           8   2.2789953564856804E-008
          13           9   9.0359450984460827E-008
          13          10  0.45233645717978999     
          13          11  -4.5101763956646246E-008
          13          12  -1.7560067099487954E-007
          13          13  0.13515389630379340     
          13          14  -3.2169930032261917E-008
          13          15  -1.2414939253704261E-007
          13          16   3.7412234083828684E-003
          13          17  -3.6590380830255743E-009
          13          18  -1.5707981334191348E-008
          13          19  -1.9948534420065264E-009
          13          20   8.6014765761846348E-009
          13          21   2.2465177074362055E-010
          13          22  -6.0583236267782122E-009
          13          23   2.7642763855751517E-009
          13          24   1.7093922253597937E-009
          13          25  -1.4178930389469929E-009
          13          26   5.8652207889970337E-009
          13          27   1.5144555878775461E-010
          13          28  -3.8859748938382376E-009
          13          29   2.2568093886238620E-009
          13          30   1.2707343241072498E-009
          13          31  -1.1364404387591008E-009
          13          32   3.0081862253283383E-009
          13          33   1.7824273446654549E-010
          13          34  -2.1386405553916465E-009
          13          35   1.2354142801991677E-009
          13          36   9.5481620258958408E-010
          13          37  -7.6004424666279912E-011
          13          38   2.1829990961181246E-010
          13          39   2.3467688385170559E-011
          13          40  -1.2614691336072069E-010
          13          41   9.6915801390553868E-011
          13          42   1.0874527562409609E-010
          13          43   1.9440865723843823E-004
          13          44  -1.6795396092187626E-004
          13          45   1.6459492019335713E-003
          13          46  -5.6214323617116964E-005
          13          47  -8.3281429069683853E-005
          13          48  -3.0612020257726122E-003
          13          49   9.1519270867513588E-005
          13          50   3.6891173454418793E-004
          13          51   2.4338199464836568E-004
          13          52  -6.1151534359215016E-006
          14           1  -1.5709181469337132E-010
          14           2   5.9556026775891183E-010
          14           3  -4.7491529204808768E-010
          14           4  -7.1943165328313173E-010
          14           5   9.4012723223335437E-010
          14           6   1.2212318765143441E-009
          14           7   2.3285891432782646E-008
          14           8 -0.19975771290044381     
          14           9   3.5691047961068990E-008
          14          10  -4.5129925782763231E-008
          14          11  0.45234221811884495     
          14          12  -6.9365413815905733E-008
          14          13  -3.2169930032261917E-008
          14          14  0.13515798692930808     
          14          15  -4.9222674092937327E-008
          14          16  -3.9572359908592748E-009
          14          17   3.7417942349155294E-003
          14          18  -8.0272164393472538E-009
          14          19   1.1954550426320942E-009
          14          20   1.5442600591225736E-009
          14          21  -4.8776416434871802E-010
          14          22  -1.1734078681162250E-009
          14          23  -6.9682575414302928E-010
          14          24  -1.1831922822231634E-009
          14          25   1.4518600407366965E-009
          14          26   1.0872283387919768E-009
          14          27  -1.2099820084255745E-010
          14          28  -6.5124837983365390E-010
          14          29  -9.7072061017568651E-010
          14          30  -7.4573822377182839E-010
          14          31   1.2286705276352413E-009
          14          32   3.7418734776637113E-010
          14          33  -2.9964730662954507E-010
          14          34  -3.1223208433102187E-010
          14          35  -1.5977463749535537E-009
          14          36  -4.2796625501024586E-010
          14          37   1.7033912675112922E-010
          14          38   1.4612734583746024E-011
          14          39   3.4850654485645800E-011
          14          40  -1.8763043071954077E-011
          14          41  -2.0329779715021680E-010
          14          42  -3.4986715833908839E-011
          14          43  -1.2520828435516268E-004
          14          44   1.6481170303152765E-003
          14          45  -7.5383273266897208E-005
          14          46  -1.1312792367059177E-003
          14          47  -2.6510595510872686E-003
          14          48   1.0575183119756103E-004
          14          49   3.9857068602583309E-004
          14          50   2.4337636376566753E-004
          14          51   2.1442087290789776E-003
          14          52   1.6789165153216913E-003
          15           1  -9.0044935876937923E-011
          15           2   2.8566087330355068E-010
          15           3  -2.6944612767652531E-010
          15           4  -1.9918514201743153E-010
          15           5  -6.0882156369889103E-010
          15           6   1.1826573416912269E-011
          15           7   9.0007207612390901E-008
          15           8   3.5993985453469739E-008
          15           9 -0.19975437267625806     
          15          10  -1.7452126841405225E-007
          15          11  -7.0096817621897844E-008
          15          12  0.45233571895663033     
          15          13  -1.2414939253704261E-007
          15          14  -4.9222674092937327E-008
          15          15  0.13515337325008184     
          15          16  -1.6279298936004764E-008
          15          17  -7.4028866983809201E-009
          15          18   3.7411555586308494E-003
          15          19  -4.9719020707300370E-009
          15          20   4.7047557214505598E-009
          15          21   7.6153246942337818E-010
          15          22  -3.1045631248055121E-009
          15          23   7.0151127773488160E-009
          15          24   4.3646008608494265E-009
          15          25  -3.3200701282153049E-009
          15          26   3.2300492445086050E-009
          15          27   2.8380428653799987E-010
          15          28  -1.9345300131409650E-009
          15          29   4.8289421956344877E-009
          15          30   3.4458252983969186E-009
          15          31  -1.5318832758288127E-009
          15          32   1.7194486454206345E-009
          15          33  -1.7984028134200268E-010
          15          34  -9.4761483469031798E-010
          15          35   2.0357611488884371E-009
          15          36   1.5004171282891391E-009
          15          37  -1.2554696237132669E-010
          15          38   1.5458029009871403E-010
          15          39  -4.8674297531078314E-011
          15          40  -6.2531614124867286E-011
          15          41   1.9792273121868146E-010
          15          42   1.4367297422698457E-010
          15          43  -6.2174899630832874E-005
          15          44  -2.6511111099618498E-003
          15          45   9.1519175549468926E-005
          15          46   2.9704268494414054E-004
          15          47   3.6862816305540877E-004
          15          48   2.8105066448883150E-004
          15          49   2.1417695436082851E-003
          15          50  -8.0691294152488930E-006
          15          51   2.2526002358268862E-003
          15          52  -1.7483661805556988E-004
          16           1  -2.7751904003482219E-011
          16           2   1.6830876897466694E-010
          16           3  -1.7150354037251637E-010
          16           4  -1.9119682373031017E-010
