           1           1   2.5331089329552086     
           1           2  -1.5636034523777740     
           1           3  -2.7052964932764052     
           1           4  -6.3601591649457712     
           1           5  0.56751291439270179     
           1           6   6.5451477349089543E-002
           1           7   4.3953704845233657E-013
           1           8   2.7066040811835666E-013
           1           9   7.1257433466971759E-014
           1          10  -2.3262346398213297E-013
           1          11   2.7265400579585345E-013
           1          12   2.3196517808346958E-013
           1          13  -4.6674958183164341E-014
           1          14   2.5277859117719174E-014
           1          15   2.8232372821750087E-014
           1          16   2.0053786824299257E-014
           1          17   2.6693109446681801E-015
           1          18  -7.4608119165643320E-015
           1          19   3.3948584199103586     
           1          20  -7.9970046331274025E-014
           1          21   3.3948584199106291     
           1          22   3.4714786950496177E-014
           1          23  -5.3754094250021846E-014
           1          24   3.3948584199104470     
           1          25   1.2690450065468455     
           1          26   5.4673202027188760E-014
           1          27   1.2690450065467427     
           1          28   7.3135092263963952E-015
           1          29  -1.2952498516894749E-014
           1          30   1.2690450065468233     
           1          31 -0.23002954054302047     
           1          32  -4.3487793598947381E-014
           1          33 -0.23002954054301383     
           1          34  -3.3340366681826067E-015
           1          35   5.6954749886021425E-015
           1          36 -0.23002954054302935     
           1          37  -7.2110217330831478E-002
           1          38   3.0489377959902001E-014
           1          39  -7.2110217330822707E-002
           1          40   5.6345168815579116E-015
           1          41   2.8626785141751001E-015
           1          42  -7.2110217330817128E-002
           1          43   8.3699962819893563E-014
           1          44  -3.5737348114307616E-014
           1          45   7.5247304135984841E-014
           1          46  -1.3918514403737323E-013
           1          47  -4.1195985856884992E-015
           1          48  -2.7833809897306783E-014
           1          49  -3.0106799602203597E-014
           1          50   7.8123933555873656E-014
           1          51  -1.0247177625919498E-013
           1          52  -6.8820348796774194E-014
           2           1  -1.5636034523777740     
           2           2   5.1064126961750080     
           2           3   7.0949880028632544     
           2           4   10.664576044440665     
           2           5  -1.0902310833131017     
           2           6  -8.4680742396095326E-002
           2           7  -1.5993353917687844E-012
           2           8  -1.1653040222879704E-012
           2           9  -3.5662272805365255E-013
           2          10   7.2926805883190238E-013
           2          11  -3.8661810979264911E-013
           2          12  -4.8640045009495400E-013
           2          13   1.4679890126893369E-013
           2          14   4.4903660859875811E-014
           2          15  -7.8396466138946518E-014
           2          16  -6.1115205977510170E-014
           2          17  -3.1225380166020241E-014
           2          18   2.8239464319212114E-014
           2          19  -7.2071848301876109     
           2          20   2.1078239513968681E-013
           2          21  -7.2071848301882282     
           2          22  -1.4226753614846837E-013
           2          23   1.5538073683098005E-013
           2          24  -7.2071848301878845     
           2          25  -2.2787723585315733     
           2          26  -1.1271763813778099E-013
           2          27  -2.2787723585313526     
           2          28   3.2637630553443264E-014
           2          29   9.3216981405190093E-015
           2          30  -2.2787723585315014     
           2          31  0.45598471759467551     
           2          32   8.0544266228780459E-014
           2          33  0.45598471759464293     
           2          34  -1.2587954472023962E-014
           2          35  -1.0261003644586697E-014
           2          36  0.45598471759466175     
           2          37  0.11796704472367907     
           2          38  -5.1717232092178377E-014
           2          39  0.11796704472367232     
           2          40  -1.1197827972512873E-014
           2          41  -1.1933141956020555E-014
           2          42  0.11796704472367228     
           2          43  -2.3766312405515815E-013
           2          44  -1.7582354960470670E-014
           2          45  -2.3336191122892170E-013
           2          46   5.4143011434111877E-014
           2          47   8.9007292528465493E-015
           2          48   4.4896479199491639E-014
           2          49   6.9648483550955590E-014
           2          50  -2.0311364310476773E-013
           2          51   1.3768305387836325E-013
           2          52   1.5232592243191092E-013
           3           1  -2.7052964932764052     
           3           2   7.0949880028632544     
           3           3   10.229503922794892     
           3           4   19.766673028164412     
           3           5  -1.9245570090245883     
           3           6 -0.17858718103424273     
           3           7  -2.0910210475210608E-012
           3           8  -9.5783650640679444E-013
           3           9  -4.6839260025152669E-013
           3          10   1.5115988975872970E-012
           3          11  -1.1442675464784580E-012
           3          12  -6.0544616044122441E-013
           3          13   2.6440856555064095E-013
           3          14  -2.3454327492133940E-014
           3          15  -1.1871108909190536E-013
           3          16  -1.1224940705462107E-013
           3          17  -3.7553576439724184E-014
           3          18   4.4603216040053645E-014
           3          19  -11.867596810914517     
           3          20   4.2856486372735591E-013
           3          21  -11.867596810916131     
           3          22  -4.8252539794879639E-013
           3          23   3.9743730469926120E-013
           3          24  -11.867596810915551     
           3          25  -4.1154324250121199     
           3          26  -2.2415434338968196E-013
           3          27  -4.1154324250115879     
           3          28   1.1388258013532989E-013
           3          29  -1.0815442437997668E-014
           3          30  -4.1154324250118481     
           3          31  0.79525894456153701     
           3          32   1.4839970710815150E-013
           3          33  0.79525894456142976     
           3          34  -4.4547652083741375E-014
           3          35  -1.2874559294699879E-014
           3          36  0.79525894456146551     
           3          37  0.22277370850900510     
           3          38  -9.9038094426386453E-014
           3          39  0.22277370850900527     
           3          40  -1.7025932799203640E-014
           3          41  -2.3390308927613855E-014
           3          42  0.22277370850900211     
           3          43  -4.8085975023831000E-013
           3          44   8.5284457758336699E-014
           3          45  -4.3105039149643234E-013
           3          46   3.7727465350397956E-013
           3          47  -3.0516820207676156E-014
           3          48   9.5343663366179530E-014
           3          49   8.2669295069669403E-014
           3          50  -3.9096154528771014E-013
           3          51   3.7220556438118375E-013
           3          52   1.8078498437772685E-013
           4           1  -6.3601591649457712     
           4           2   10.664576044440665     
           4           3   19.766673028164412     
           4           4   126.01094170744773     
           4           5  -10.333974051084938     
           4           6  -1.5353932102916383     
           4           7  -2.8717683894911860E-012
           4           8   4.0790182446845684E-013
           4           9   7.6544984971969518E-013
           4          10   3.9969313198926621E-012
           4          11  -7.2057740882662365E-012
           4          12  -4.9699383255732272E-012
           4          13   7.4015063773140933E-013
           4          14  -7.8436761661102146E-013
           4          15  -1.0170403121770062E-012
           4          16  -4.3822162295141356E-013
           4          17  -8.7377955895740878E-015
           4          18   2.2460533512619985E-013
           4          19  -50.196286796865756     
           4          20   1.7207274056460485E-012
           4          21  -50.196286796871576     
           4          22  -5.7671252211920358E-013
           4          23   1.1219698322886759E-012
           4          24  -50.196286796867597     
           4          25  -24.044856543911692     
           4          26  -1.0770826660927784E-012
           4          27  -24.044856543909678     
           4          28  -1.3823565814538157E-013
           4          29   1.4013759649713575E-013
           4          30  -24.044856543911322     
           4          31   4.0741336415216818     
           4          32   6.4656649273635755E-013
           4          33   4.0741336415213114     
           4          34   8.3527696164074924E-014
           4          35  -1.3211269813721453E-013
           4          36   4.0741336415216409     
           4          37   1.4845812517853427     
           4          38  -4.5729557268051029E-013
           4          39   1.4845812517853063     
           4          40  -1.8654641446570894E-013
           4          41  -9.4323374136066522E-014
           4          42   1.4845812517852224     
           4          43  -1.3725124389442698E-012
           4          44   1.3987699747663765E-012
           4          45  -1.3631875895451116E-012
           4          46   4.1432337725837001E-012
           4          47   2.1935229279515812E-013
           4          48   6.1824670695065877E-013
           4          49   8.1423308629393656E-013
           4          50  -1.3656030696016217E-012
           4          51   2.6345168575485293E-012
           4          52   1.6890611009875881E-012
           5           1  0.56751291439270179     
           5           2  -1.0902310833131017     
           5           3  -1.9245570090245883     
           5           4  -10.333974051084938     
           5           5  0.87046859276868893     
           5           6  0.12195284221735805     
           5           7   1.2901406284708118E-012
           5           8   1.5496259074354459E-012
           5           9   1.8144697844085725E-013
           5          10  -2.2064685201573890E-012
           5          11  -1.5053660395258564E-012
           5          12   2.8971143222837367E-013
           5          13  -3.5265192594847018E-013
           5          14  -2.9329185601468288E-013
           5          15   6.2104370258310993E-014
           5          16   8.3517935918850093E-014
           5          17   5.6774348041745970E-014
           5          18  -1.6839329404821327E-014
           5          19   4.3346335050906921     
           5          20  -2.2316493873155064E-013
           5          21   4.3346335050909852     
           5          22  -2.2005722677334511E-013
           5          23   2.4084633355079163E-014
           5          24   4.3346335050900056     
           5          25   1.9977789375785615     
           5          26   1.1447534966612125E-013
           5          27   1.9977789375784494     
           5          28   8.5746920134860770E-014
           5          29  -5.0337694978576654E-014
           5          30   1.9977789375787729     
           5          31 -0.34576200050591999     
           5          32  -6.5009590269217329E-014
           5          33 -0.34576200050591732     
           5          34  -3.6408848671987248E-014
           5          35   2.9102235910581794E-014
           5          36 -0.34576200050601924     
           5          37 -0.12134991252047764     
           5          38   4.4073191840152144E-014
           5          39 -0.12134991252046366     
           5          40   2.7024829299529725E-014
           5          41   2.9545642717054309E-015
           5          42 -0.12134991252043305     
           5          43   8.2872141653469272E-013
           5          44   2.7146548762902293E-013
           5          45   4.4404524431354390E-013
           5          46   5.1606784920383857E-013
           5          47   1.1022599490432528E-014
           5          48  -5.4005879359149020E-014
           5          49  -4.1774226672015192E-014
           5          50   4.4122379948305128E-013
           5          51   1.5443388354259675E-013
           5          52  -8.5393020564353252E-014
           6           1   6.5451477349089543E-002
           6           2  -8.4680742396095326E-002
           6           3 -0.17858718103424273     
           6           4  -1.5353932102916383     
           6           5  0.12195284221735805     
           6           6   1.9422974358177456E-002
           6           7   4.1856684961825827E-013
           6           8   2.8726713730093181E-013
           6           9   5.6858080268866795E-014
           6          10  -8.2417812744119291E-013
           6          11  -5.6965808233167587E-014
           6          12   7.5885689239374647E-015
           6          13  -1.3008912278686219E-013
           6          14  -1.9770679235596390E-014
           6          15   2.0710203981718805E-015
           6          16   2.2699397021622739E-014
           6          17   4.2074465988407902E-015
           6          18  -9.0458768829311838E-016
           6          19  0.57047000282519200     
           6          20  -8.5563031759716654E-014
           6          21  0.57047000282508231     
           6          22  -4.1710806837259383E-014
           6          23   1.4642246017137758E-013
           6          24  0.57047000282535343     
           6          25  0.28850767561993546     
           6          26   3.1166724398449747E-014
           6          27  0.28850767561996243     
           6          28   1.5909880946387329E-014
           6          29  -4.6544967500736047E-014
           6          30  0.28850767561989105     
           6          31  -4.7626604746502946E-002
           6          32  -1.4865690778048415E-014
           6          33  -4.7626604746518190E-002
           6          34  -6.8011192437695392E-015
           6          35   1.9288740841231950E-014
           6          36  -4.7626604746485612E-002
           6          37  -1.8173258148032043E-002
           6          38   7.4161474156296184E-015
           6          39  -1.8173258148025572E-002
           6          40   3.8149977690369565E-015
           6          41  -4.6794138295837545E-015
           6          42  -1.8173258148036241E-002
           6          43   3.1924974488957098E-013
           6          44   1.0430429413181949E-014
           6          45   1.5003141304274895E-013
           6          46   1.2042209751262550E-014
           6          47   6.5773922271894872E-015
           6          48  -7.1058438696734222E-015
           6          49  -8.5339501674051342E-017
           6          50   1.5057992284480122E-013
           6          51  -2.2818098855764340E-015
           6          52   1.8308661228927912E-015
           7           1   4.3953704845233657E-013
           7           2  -1.5993353917687844E-012
           7           3  -2.0910210475210608E-012
           7           4  -2.8717683894911860E-012
           7           5   1.2901406284708118E-012
           7           6   4.1856684961825827E-013
           7           7   2.7026233973715885     
           7           8  -5.7176485768567202E-015
           7           9  -5.9674487573486714E-016
           7          10  -1.9293770753658668     
           7          11  -8.3821838357765706E-015
           7          12  -2.7755575617519813E-016
           7          13 -0.36690158459830791     
           7          14  -8.8609675152865819E-015
           7          15  -7.5217609918552565E-015
           7          16   5.5667337226059099E-002
           7          17   1.6512832767825341E-014
           7          18  -1.6310737482868376E-014
           7          19   1.6657666768602474E-012
           7          20  -6.5532387358039585E-014
           7          21   1.6373400147422532E-012
           7          22   3.6863366919791173E-014
           7          23   1.5589633355340076E-013
           7          24   2.1651973898277899E-012
           7          25   5.4236960113904266E-013
           7          26   4.0356601694011190E-014
           7          27   5.5717949764870454E-013
           7          28  -1.5063247579643877E-014
           7          29  -4.5515588085493189E-014
           7          30   4.0754780090470947E-013
           7          31  -4.6456284937193164E-013
           7          32  -3.5569947404281107E-014
           7          33  -4.6327905950292278E-013
           7          34   8.8658152452028345E-015
           7          35   3.6525435071161771E-014
           7          36  -4.0869671367933861E-013
           7          37  -2.9755690160990494E-013
           7          38   1.6998084436256458E-014
           7          39  -2.9744226306232609E-013
           7          40  -9.9636562986262529E-015
           7          41  -1.9492853647079466E-014
           7          42  -2.9623634909541587E-013
           7          43  0.82492547466115107     
           7          44  -2.9282132274602802E-015
           7          45  0.36891788754270594     
           7          46  -1.4974133044684526E-014
           7          47   1.8290924330699145E-014
           7          48   6.8504355160212406E-015
           7          49  -1.5681900222831255E-015
           7          50  0.36891788754271782     
           7          51   2.5146551507730592E-014
           7          52   1.6847634398690777E-014
           8           1   2.7066040811835666E-013
           8           2  -1.1653040222879704E-012
           8           3  -9.5783650640679444E-013
           8           4   4.0790182446845684E-013
           8           5   1.5496259074354459E-012
           8           6   2.8726713730093181E-013
           8           7  -5.7176485768567202E-015
           8           8   2.7026233973716263     
           8           9   8.2035073178947941E-015
           8          10   2.4175106361346739E-014
           8          11  -1.9293770753659358     
           8          12  -3.2245039971451842E-014
           8          13   4.8138576458375197E-014
           8          14 -0.36690158459841438     
           8          15  -1.1365908214589988E-014
           8          16  -1.6962126148106657E-014
           8          17   5.5667337226100011E-002
           8          18  -1.4284905723584909E-014
           8          19   1.6004800648133518E-013
           8          20   6.8024224742205216E-014
           8          21   1.7815455814433211E-013
           8          22   3.5284722145770935E-014
           8          23  -9.6022592788856353E-014
           8          24   8.2875817332881112E-015
           8          25  -2.2679743280812593E-013
           8          26   5.2405060526298149E-015
           8          27  -2.1128700394762656E-013
           8          28  -4.2093608549524302E-015
           8          29   3.9805413178283311E-014
           8          30  -2.0830832661776082E-013
           8          31  -4.8953664358640205E-013
           8          32  -1.9647840246899277E-014
           8          33  -4.9220648838970451E-013
           8          34   2.0534026554575939E-015
           8          35  -2.7935849461118228E-015
           8          36  -4.6798342727585624E-013
           8          37  -2.8154105316089848E-013
           8          38   9.1885847016222962E-015
           8          39  -2.7994341024272152E-013
           8          40  -6.7196844033543229E-015
           8          41  -5.9841325197139078E-015
           8          42  -2.8551063178475396E-013
           8          43  -1.5334955527689040E-014
           8          44  0.36891788754274113     
           8          45  -1.1990408665974003E-014
           8          46  0.82492547466120569     
           8          47   2.0624127405888619E-014
           8          48   8.8154045613227600E-015
           8          49   9.0968899080233388E-015
           8          50  -9.2911789373536302E-015
           8          51  0.36891788754277266     
           8          52   2.6922908347159361E-014
           9           1   7.1257433466971759E-014
           9           2  -3.5662272805365255E-013
           9           3  -4.6839260025152669E-013
           9           4   7.6544984971969518E-013
           9           5   1.8144697844085725E-013
           9           6   5.6858080268866795E-014
           9           7  -5.9674487573486714E-016
           9           8   8.2035073178947941E-015
           9           9   2.7026233973716165     
           9          10   7.7715611723713405E-015
           9          11  -1.8034185256257424E-014
           9          12  -1.9293770753659305     
           9          13   4.4339532045946079E-015
           9          14  -2.6987960477510085E-014
           9          15 -0.36690158459837563     
           9          16  -3.0002042517015313E-015
           9          17   9.9474465123376065E-015
           9          18   5.5667337226069216E-002
           9          19  -2.6348384315681709E-013
           9          20   3.5730029050345157E-014
           9          21  -9.6234594568516104E-014
           9          22  -3.8227342874942200E-014
           9          23  -6.0059822644055811E-014
           9          24  -1.0613249451882275E-013
           9          25  -1.5230851513186771E-013
           9          26  -3.0276635807385065E-015
           9          27  -1.9679270849331898E-013
           9          28   1.8966280226127850E-014
           9          29   2.7617762205947852E-014
           9          30  -1.8795729672584147E-013
           9          31  -6.0858981356599744E-014
           9          32  -3.7394470302871274E-015
           9          33  -3.6050565323509940E-014
           9          34   1.4996721134747386E-015
           9          35  -3.6421030558704765E-015
           9          36  -5.1700351569083149E-014
           9          37  -4.5079721233505796E-014
           9          38  -4.0974486782241500E-015
           9          39  -5.2576857981801458E-014
           9          40  -7.7340568598944763E-015
           9          41  -2.6405441178452487E-015
           9          42  -3.8824053288009622E-014
           9          43  -1.2170819907452373E-014
           9          44   9.7231250828508999E-015
           9          45   9.8115959801268388E-015
           9          46   2.9811222934661783E-014
           9          47  0.36891788754273486     
           9          48   6.6475756583592228E-015
           9          49  0.36891788754274446     
           9          50  -1.0824674490071046E-015
           9          51   1.4908213552545804E-014
           9          52  0.82492547466120514     
          10           1  -2.3262346398213297E-013
          10           2   7.2926805883190238E-013
          10           3   1.5115988975872970E-012
          10           4   3.9969313198926621E-012
          10           5  -2.2064685201573890E-012
          10           6  -8.2417812744119291E-013
          10           7  -1.9293770753658668     
          10           8   2.4175106361346739E-014
          10           9   7.7715611723713405E-015
          10          10   5.2429791250517717     
          10          11  -2.1982415888094822E-014
          10          12  -2.0428103653032435E-014
          10          13  0.78821664554522397     
          10          14  -1.3669620990707987E-014
          10          15  -1.3433698597892991E-014
          10          16 -0.11651745685183071     
          10          17  -1.9741153156692454E-015
          10          18   3.1155633628416291E-015
          10          19  -1.3394333958562690E-012
          10          20   2.7579521486020903E-013
          10          21  -1.2980892563560643E-012
          10          22  -1.0706773325018219E-013
          10          23  -4.9286524019921795E-013
          10          24  -3.1294683307032692E-012
          10          25  -7.8787780891528823E-013
          10          26  -7.9915234018906183E-014
          10          27  -7.9540967526679710E-013
          10          28   3.2921252096422016E-014
          10          29   1.6368475284088129E-013
          10          30  -2.9989207497836919E-013
          10          31   8.2638922155345669E-013
          10          32   3.9256100447128238E-014
          10          33   8.2874917429048361E-013
          10          34  -1.3550627869678413E-014
          10          35  -7.4010855531365153E-014
          10          36   6.4008825330573296E-013
          10          37   5.3131316341018200E-013
          10          38  -2.0562241650171942E-014
          10          39   5.2721994754665078E-013
          10          40   7.1742613011900240E-015
          10          41   2.2098870202944281E-014
          10          42   5.7751132055185351E-013
          10          43  -1.9984089585480427     
          10          44   7.6744166577629281E-015
          10          45 -0.89371565563156696     
          10          46   4.2577052994566036E-014
          10          47  -4.1355807667280565E-015
          10          48   5.2707317343963802E-015
          10          49   2.0067281170099727E-014
          10          50 -0.89371565563158628     
          10          51  -2.6367796824289728E-016
          10          52   1.4710455076267799E-014
          11           1   2.7265400579585345E-013
          11           2  -3.8661810979264911E-013
          11           3  -1.1442675464784580E-012
          11           4  -7.2057740882662365E-012
          11           5  -1.5053660395258564E-012
          11           6  -5.6965808233167587E-014
          11           7  -8.3821838357765706E-015
          11           8  -1.9293770753659358     
          11           9  -1.8034185256257424E-014
          11          10  -2.1982415888094822E-014
          11          11   5.2429791250518738     
          11          12   6.0076943420012148E-014
          11          13  -2.5784929746991691E-014
          11          14  0.78821664554532755     
          11          15   3.4000580128756448E-015
          11          16   4.7462034302935042E-015
          11          17 -0.11651745685185079     
          11          18   3.5852397439836063E-015
          11          19   3.1325103766942531E-012
          11          20  -2.1511002908980084E-013
          11          21   2.9322149317448397E-012
          11          22  -1.0561828875027719E-013
          11          23   4.2782894816125157E-013
          11          24   3.7630460543843819E-012
          11          25   1.6619846933045481E-012
          11          26   5.6334536648586942E-014
          11          27   1.6927148640548289E-012
          11          28   7.8624422238413042E-015
          11          29  -1.3394902165340285E-013
          11          30   1.5452085696889221E-012
          11          31   4.1037905010696522E-013
          11          32  -2.3447910702142001E-014
          11          33   4.0214723395555923E-013
          11          34   1.4533566718396546E-016
          11          35   5.7183143711879527E-014
          11          36   3.9322370220697193E-013
          11          37   1.8879310271038788E-013
          11          38   6.5492710998494315E-015
          11          39   1.9206205317383518E-013
          11          40   2.5357997906354093E-015
          11          41  -1.9214636245104967E-014
          11          42   2.2048238217368569E-013
          11          43   1.8540724511450690E-014
          11          44 -0.89371565563161870     
          11          45   5.8564264549838049E-015
          11          46  -1.9984089585481455     
          11          47  -1.7714996136676624E-014
          11          48  -1.3188315100218407E-015
          11          49  -1.4196976927398462E-014
          11          50   1.0574874309638784E-014
          11          51 -0.89371565563163791     
          11          52  -1.9831358777365070E-014
          12           1   2.3196517808346958E-013
          12           2  -4.8640045009495400E-013
          12           3  -6.0544616044122441E-013
          12           4  -4.9699383255732272E-012
          12           5   2.8971143222837367E-013
          12           6   7.5885689239374647E-015
          12           7  -2.7755575617519813E-016
          12           8  -3.2245039971451842E-014
          12           9  -1.9293770753659305     
          12          10  -2.0428103653032435E-014
          12          11   6.0076943420012148E-014
          12          12   5.2429791250519155     
          12          13   1.2961853812514291E-014
          12          14   9.7508806584659406E-014
          12          15  0.78821664554530924     
          12          16  -5.5164206536412463E-016
          12          17  -2.4553276078977501E-014
          12          18 -0.11651745685182646     
          12          19   2.7012381142501341E-012
          12          20  -1.0736981776901309E-013
          12          21   2.0638842100354185E-012
          12          22   1.4532517830589844E-013
          12          23   2.1253851214244080E-013
          12          24   2.0262452401472315E-012
          12          25   9.4075246108117867E-013
          12          26   2.4555859697304515E-014
          12          27   1.1137540882176734E-012
          12          28  -7.4708265035682155E-014
          12          29  -9.0551261750344674E-014
          12          30   1.0979848066208050E-012
          12          31  -9.8134592252996415E-014
          12          32  -8.1685055414786021E-015
          12          33  -1.9142701796220782E-013
          12          34  -1.1815810917240196E-016
          12          35   2.1952274444754797E-014
          12          36  -1.4333324090339187E-013
          12          37  -2.3791686787323868E-014
          12          38   2.5605376442086869E-014
          12          39   9.3867255757274735E-015
          12          40   1.9693742191520371E-014
          12          41   8.5462702018112689E-016
          12          42  -2.9707916553900808E-014
          12          43   4.7850612361320859E-014
          12          44  -3.7261860263983369E-014
          12          45  -4.7989390239438775E-014
          12          46  -1.1955714196431337E-013
          12          47 -0.89371565563160960     
          12          48  -2.0255810192959685E-014
          12          49 -0.89371565563165312     
          12          50   3.7747582837074358E-015
          12          51  -4.4738518445441009E-014
          12          52  -1.9984089585481852     
          13           1  -4.6674958183164341E-014
          13           2   1.4679890126893369E-013
          13           3   2.6440856555064095E-013
          13           4   7.4015063773140933E-013
          13           5  -3.5265192594847018E-013
          13           6  -1.3008912278686219E-013
          13           7 -0.36690158459830791     
          13           8   4.8138576458375197E-014
          13           9   4.4339532045946079E-015
          13          10  0.78821664554522397     
          13          11  -2.5784929746991691E-014
          13          12   1.2961853812514291E-014
          13          13  0.12146196685138265     
          13          14  -6.3872518385488977E-015
          13          15   4.7184478547562358E-016
          13          16  -1.8010175042404080E-002
          13          17  -1.6002824065981968E-016
          13          18   7.6241096769021302E-016
          13          19  -2.1766797696894518E-013
          13          20   3.1651042905191659E-014
          13          21  -2.7330329810107952E-013
          13          22  -3.3065226007545366E-014
          13          23  -4.1267483827095134E-014
          13          24  -5.0434291097760489E-013
          13          25  -1.4757689541377552E-013
          13          26  -1.0032516426142532E-014
          13          27  -1.3137901021146822E-013
          13          28   9.9329773266671388E-015
          13          29   1.4953048290492161E-014
          13          30  -6.9175060799524204E-014
          13          31   1.3421614161483414E-013
          13          32   5.7490620868440365E-015
          13          33   1.2732835036015696E-013
          13          34  -4.1461981797081054E-015
          13          35  -7.8286088848586947E-015
          13          36   1.0397559400382442E-013
          13          37   8.3800986971941428E-014
          13          38  -3.1448039488789796E-015
          13          39   8.5535313115637933E-014
          13          40   1.9893617127450046E-015
          13          41   2.5878669101566076E-015
          13          42   9.0912673711286828E-014
          13          43 -0.30388839236904747     
          13          44   5.8217319853854419E-015
          13          45 -0.13590302058205903     
          13          46   1.6806001035295272E-014
          13          47  -3.7712888367748455E-015
          13          48   4.5340997855985396E-016
          13          49   2.9490299091520509E-016
          13          50 -0.13590302058206211     
          13          51   3.6672054282308184E-015
          13          52  -4.2257863874843993E-015
          14           1   2.5277859117719174E-014
          14           2   4.4903660859875811E-014
          14           3  -2.3454327492133940E-014
          14           4  -7.8436761661102146E-013
          14           5  -2.9329185601468288E-013
          14           6  -1.9770679235596390E-014
          14           7  -8.8609675152865819E-015
          14           8 -0.36690158459841438     
          14           9  -2.6987960477510085E-014
          14          10  -1.3669620990707987E-014
          14          11  0.78821664554532755     
          14          12   9.7508806584659406E-014
          14          13  -6.3872518385488977E-015
          14          14  0.12146196685141637     
          14          15   1.3824011380058243E-014
          14          16   1.4428562511442903E-015
          14          17  -1.8010175042410728E-002
          14          18  -8.6584385494632273E-016
          14          19   3.0422993469096085E-013
          14          20  -2.2699619361687193E-014
          14          21   2.8082802617108504E-013
          14          22  -6.9146727107449272E-015
          14          23   4.7437854369128533E-014
          14          24   2.5951005617398405E-013
          14          25   1.6942959022184177E-013
          14          26   4.8395545331760908E-015
          14          27   1.7171239050259388E-013
          14          28  -1.2855950698499085E-015
          14          29  -1.5630603220386530E-014
          14          30   1.9174445441510171E-013
          14          31   9.2252019767976015E-014
          14          32  -1.3772366771158104E-015
          14          33   9.1758450511540571E-014
          14          34   9.5386231482613788E-016
          14          35   6.2268299077384828E-015
          14          36   7.3423154649667248E-014
          14          37   3.7384208904225458E-014
          14          38   1.9820695269113868E-016
          14          39   3.7599545239728908E-014
          14          40   2.7943222800048031E-016
          14          41  -1.8508995277447021E-015
          14          42   4.6874368578172556E-014
          14          43   6.3074545586605650E-015
          14          44 -0.13590302058208353     
          14          45   2.6888213877663884E-015
          14          46 -0.30388839236909959     
          14          47  -1.8053700895359234E-014
          14          48  -5.1951164522280384E-016
          14          49  -1.7130394325271790E-014
          14          50   3.2300551122716512E-015
          14          51 -0.13590302058208734     
          14          52  -3.6934864888760693E-014
          15           1   2.8232372821750087E-014
          15           2  -7.8396466138946518E-014
          15           3  -1.1871108909190536E-013
          15           4  -1.0170403121770062E-012
          15           5   6.2104370258310993E-014
          15           6   2.0710203981718805E-015
          15           7  -7.5217609918552565E-015
          15           8  -1.1365908214589988E-014
          15           9 -0.36690158459837563     
          15          10  -1.3433698597892991E-014
          15          11   3.4000580128756448E-015
          15          12  0.78821664554530924     
          15          13   4.7184478547562358E-016
          15          14   1.3824011380058243E-014
          15          15  0.12146196685140770     
          15          16   1.9775847625848004E-016
          15          17  -3.6597786433339415E-015
          15          18  -1.8010175042405516E-002
          15          19   5.3653257877362523E-013
          15          20   9.2405954917553752E-015
          15          21   4.8771739111824246E-013
          15          22   5.3858421522791606E-014
          15          23  -2.7291782048516590E-014
          15          24   3.5504609473103626E-013
          15          25   1.9420172219567088E-013
          15          26  -3.7412462711833392E-015
          15          27   2.0679899053882818E-013
          15          28  -2.0204668731077113E-014
          15          29   3.3122452384132499E-015
          15          30   2.4081556136395360E-013
          15          31  -2.1637910344879799E-014
          15          32   1.9294908859899877E-015
          15          33  -3.0197571895393139E-014
          15          34   3.6687317616676169E-015
          15          35  -3.5922750010503953E-015
          15          36  -3.7733709805253960E-014
          15          37  -5.6491403067665570E-015
          15          38   2.7149185621932276E-015
          15          39  -2.4779426948483806E-015
          15          40   1.7792462346442483E-015
          15          41   2.3737018038264925E-015
          15          42  -3.6207448457758665E-015
          15          43   1.0422218643641085E-014
          15          44  -4.6898249172999721E-015
          15          45  -5.3741733285878582E-015
          15          46  -1.5726135671453451E-014
          15          47 -0.13590302058207740     
          15          48  -3.0141104482238796E-015
          15          49 -0.13590302058208370     
          15          50   2.0920765120164473E-015
          15          51  -5.9015292652650482E-015
          15          52 -0.30388839236909465     
          16           1   2.0053786824299257E-014
          16           2  -6.1115205977510170E-014
          16           3  -1.1224940705462107E-013
          16           4  -4.3822162295141356E-013
