           1           1   2.2119538053202170     
           1           2 -0.73793165391658433     
           1           3  0.10079095271007940     
           1           4  0.11165731917857993     
           1           5  -6.2097988009904748E-004
           1           6  -3.2721252236997095E-002
           1           7  -1.0521318461435924E-014
           1           8  -1.4729254879470200E-014
           1           9   4.9557813071399879E-016
           1          10   4.3222972424363817E-016
           1          11  -3.6365102175893621E-015
           1          12   1.8288620480629547E-015
           1          13   6.5727799891476313E-016
           1          14  -6.6448132808578667E-016
           1          15   3.3210421866742914E-015
           1          16   5.1635241325487693E-016
           1          17  -2.5172058344423504E-015
           1          18  -2.4827983737221813E-015
           1          19   1.5501984585279280E-002
           1          20  -7.9492824861740480E-006
           1          21   1.2607321235689761E-002
           1          22   4.9013948070996695E-005
           1          23  -2.4405644885423366E-004
           1          24   1.2288215664461706E-002
           1          25   8.9580670702922908E-004
           1          26  -3.5986263172833681E-005
           1          27  -7.7581459991596889E-004
           1          28   1.7965712263940395E-005
           1          29  -1.5077397367591820E-004
           1          30  -9.6962806855705472E-004
           1          31   1.4778435032633420E-003
           1          32  -6.6221209535742098E-005
           1          33   8.9491187779674217E-004
           1          34  -1.0819186266820211E-005
           1          35  -7.2639321863880892E-005
           1          36   8.0676423888868440E-004
           1          37   4.6460529144938109E-003
           1          38  -1.8702177860905537E-005
           1          39   4.7862415070425816E-003
           1          40  -8.5460563380579633E-006
           1          41   5.0823255263744166E-006
           1          42   4.7948852351284406E-003
           1          43  -1.9034374050980786E-016
           1          44   3.7904083914225831E-015
           1          45  -1.5924065750250842E-015
           1          46   2.4765800635918447E-015
           1          47  -5.1452087543004069E-016
           1          48  -3.1785965216144739E-016
           1          49  -2.9639528104998620E-016
           1          50  -1.5799613190219228E-015
           1          51  -1.6008441625939088E-015
           1          52   1.2924237764984980E-015
           2           1 -0.73793165391658433     
           2           2   2.5605772394177757     
           2           3 -0.47527419339068089     
           2           4 -0.43824211280938274     
           2           5   1.6783225447986442E-002
           2           6  0.11867233558763256     
           2           7   4.0931235333139394E-014
           2           8   6.1058306716072504E-014
           2           9   2.3104789856165041E-015
           2          10  -4.0655865933170320E-015
           2          11  -1.6283145265767955E-015
           2          12  -2.2012333713470761E-014
           2          13  -4.1280139123214866E-015
           2          14   2.8291325236939365E-015
           2          15  -1.9505945129214389E-014
           2          16  -5.8630281773487857E-016
           2          17   1.2982385646360368E-015
           2          18   9.1123467135092009E-015
           2          19  -3.2920304317283156E-002
           2          20   4.3669595270011050E-005
           2          21  -2.2432754909796994E-002
           2          22  -1.7065152256052750E-004
           2          23   8.7786031491177857E-004
           2          24  -2.1286015258744163E-002
           2          25  -7.0811207120456080E-003
           2          26   1.4147894205174632E-004
           2          27  -1.0245331089589296E-003
           2          28  -5.9961957195928596E-005
           2          29   5.4216964282059396E-004
           2          30  -3.2805876777463455E-004
           2          31  -1.0183397736312626E-002
           2          32   2.4259261483074705E-004
           2          33  -8.0438703169354725E-003
           2          34   4.0514313334161011E-005
           2          35   2.6162469298874350E-004
           2          36  -7.7260861045292221E-003
           2          37  -1.7948497620853644E-002
           2          38   6.7983325231750469E-005
           2          39  -1.8439506850730585E-002
           2          40   3.0794313189249495E-005
           2          41  -1.7301776049663448E-005
           2          42  -1.8469380013845321E-002
           2          43  -1.6545629907948571E-015
           2          44  -1.0131885870823006E-014
           2          45   3.5986635649266250E-015
           2          46  -7.5614667562205271E-015
           2          47   4.0164630279102489E-016
           2          48   1.9015552387860162E-015
           2          49   4.4521378064034287E-015
           2          50   9.3848061984354926E-015
           2          51   2.2799162598994609E-015
           2          52  -1.4471175785721688E-015
           3           1  0.10079095271007940     
           3           2 -0.47527419339068089     
           3           3  0.77026513263729202     
           3           4  0.56523232027641224     
           3           5  -2.8826722936477957E-002
           3           6 -0.21588916479217723     
           3           7  -2.6734500431037948E-014
           3           8   3.0858212777149578E-014
           3           9   2.6246109570215520E-015
           3          10  -3.0569767326371497E-014
           3          11  -1.5779088454145775E-014
           3          12  -4.1706646889245252E-014
           3          13  -6.7227872055660245E-015
           3          14   1.8947978558644128E-015
           3          15  -1.3507434690653802E-014
           3          16  -1.1441324267817744E-015
           3          17  -6.5458402549501880E-015
           3          18   2.4640911731321181E-015
           3          19   4.6149128552090093E-002
           3          20   4.0579226099355173E-005
           3          21   2.5901154824140061E-002
           3          22   3.8163875099020926E-004
           3          23  -1.7137568299348880E-003
           3          24   2.3653309397405526E-002
           3          25   1.8454901498356602E-002
           3          26  -1.9436050376233494E-004
           3          27   6.3965760365408304E-003
           3          28   1.5708353353670237E-004
           3          29  -1.1001896043491832E-003
           3          30   4.9769123055062202E-003
           3          31   1.1785860873148826E-002
           3          32  -4.2866039743000262E-004
           3          33   7.7033326636600889E-003
           3          34  -6.0624526794352072E-005
           3          35  -5.1535771800121104E-004
           3          36   7.0766441469043827E-003
           3          37   2.9370810938532249E-002
           3          38  -1.2863227259061832E-004
           3          39   3.0364218111456190E-002
           3          40  -5.8938358379117998E-005
           3          41   3.4992196791492810E-005
           3          42   3.0423569047054407E-002
           3          43   5.2637418544740052E-015
           3          44  -3.6694620820812035E-015
           3          45   1.1953308283541856E-015
           3          46  -9.5256724913174805E-016
           3          47   1.0730760543862043E-015
           3          48   9.5320678976337185E-016
           3          49  -7.2912760940858133E-016
           3          50  -1.3298200648364271E-015
           3          51  -8.8401690268426941E-016
           3          52   4.7958547741292632E-015
           4           1  0.11165731917857993     
           4           2 -0.43824211280938274     
           4           3  0.56523232027641224     
           4           4  0.43061926838440662     
           4           5  -3.5045247526944115E-002
           4           6 -0.28767669832776072     
           4           7   1.6882299431953538E-013
           4           8   7.7640115759036658E-014
           4           9   1.2442954107704442E-014
           4          10   2.4994174177545976E-014
           4          11  -5.9025371564883411E-015
           4          12  -6.1016090842103070E-014
           4          13   1.0144985487586152E-014
           4          14   2.7336209417788122E-015
           4          15  -1.6033801861283520E-014
           4          16   2.4178353063277349E-015
           4          17  -7.6007588719024654E-015
           4          18   2.4591811848892317E-015
           4          19   3.6466671051007177E-002
           4          20   4.0443587109821675E-004
           4          21   1.8137918567748108E-002
           4          22   5.0343678587486096E-004
           4          23  -1.6330456096912908E-003
           4          24   1.5973413570564105E-002
           4          25   1.4316714765243377E-002
           4          26   1.0018527168948724E-005
           4          27   3.7871633772239201E-003
           4          28   2.2205375711364001E-004
           4          29  -1.0405026708219243E-003
           4          30   2.4385137491193211E-003
           4          31   6.7908902944264528E-003
           4          32  -3.7500213466185766E-004
           4          33   4.4213113111250136E-003
           4          34  -5.9619623979843936E-005
           4          35  -4.3018387524309143E-004
           4          36   3.9110013816286123E-003
           4          37   3.6140387548238485E-002
           4          38  -1.3234315353077188E-004
           4          39   3.7790117647382562E-002
           4          40  -7.1346827615686287E-005
           4          41   8.3061909452511533E-005
           4          42   3.7912812893513129E-002
           4          43   4.2417146349056231E-015
           4          44  -3.4926278006008057E-015
           4          45  -7.7382859694414706E-016
           4          46   3.4304778946496547E-016
           4          47  -6.4386090098134199E-016
           4          48  -1.3528427171584359E-016
           4          49  -1.4736630119305598E-015
           4          50  -3.1636145293769617E-015
           4          51  -1.1755662016284118E-015
           4          52   3.3047018687372340E-015
           5           1  -6.2097988009904748E-004
           5           2   1.6783225447986442E-002
           5           3  -2.8826722936477957E-002
           5           4  -3.5045247526944115E-002
           5           5   2.1791750507056708E-002
           5           6  0.14973007985312303     
           5           7   1.0201262168496522E-013
           5           8  -7.3900435712955661E-013
           5           9  -1.6156279996519487E-013
           5          10  -4.3997908179113953E-013
           5          11   5.0208961554958845E-013
           5          12   4.7134618408664054E-013
           5          13  -1.3084842504434551E-013
           5          14   1.5108412048499458E-013
           5          15   1.3794369377823436E-013
           5          16  -5.5932840710090889E-015
           5          17   9.3229545163020628E-015
           5          18   8.1784713999810203E-015
           5          19  -4.6750460352785808E-002
           5          20   2.0840862911856647E-004
           5          21   1.7727897859461300E-002
           5          22  -1.2879345398298248E-003
           5          23   6.4332370877606274E-003
           5          24   2.6027560940834589E-002
           5          25  -2.9549662245006401E-002
           5          26   3.2281531275041211E-004
           5          27   1.2393183247231149E-002
           5          28  -7.8655833784738410E-004
           5          29   4.2901638710028537E-003
           5          30   1.7907102540843656E-002
           5          31  -1.2959697236634463E-002
           5          32   6.9868085666158469E-004
           5          33   7.2063098155494953E-003
           5          34  -2.2866881289945881E-004
           5          35   2.3649851108818762E-003
           5          36   1.0183175883982931E-002
           5          37  -1.7524567761847049E-002
           5          38   2.3877100444128071E-004
           5          39  -1.7195295031059581E-002
           5          40   5.9388953505849114E-005
           5          41   1.6042629260984363E-004
           5          42  -1.7014932599706965E-002
           5          43  -1.0492141783421650E-014
           5          44   5.8348518508853151E-015
           5          45   5.0144958964898014E-015
           5          46  -2.4219817036254174E-016
           5          47   6.1318014158030207E-015
           5          48   3.5130457946348021E-015
           5          49   2.3000744449316100E-015
           5          50   5.6565274247191522E-015
           5          51   4.3810996723276282E-015
           5          52  -1.1453110628142911E-015
           6           1  -3.2721252236997095E-002
           6           2  0.11867233558763256     
           6           3 -0.21588916479217723     
           6           4 -0.28767669832776072     
           6           5  0.14973007985312303     
           6           6   1.4520420582939932     
           6           7  -2.5673595832385289E-012
           6           8   4.5577075727873381E-013
           6           9  -7.7958974396975468E-014
           6          10   7.6983354364820659E-013
           6          11  -4.2806851808386820E-013
           6          12   1.4199390678422591E-013
           6          13   2.1252176079091656E-013
           6          14  -1.3410200075822392E-013
           6          15   1.7573156400690128E-014
           6          16  -2.5591334081022838E-014
           6          17   2.7284155728063207E-014
           6          18  -2.1288754148577067E-014
           6          19   2.2520482081700207E-002
           6          20  -4.1917276374227284E-003
           6          21  -1.9604168102571751E-002
           6          22  -6.1938985589981947E-004
           6          23  -4.6377927457664069E-003
           6          24  -2.5177114289676866E-002
           6          25   2.4836226325404075E-002
           6          26  -1.6961209927166695E-003
           6          27  -1.0276388189048130E-002
           6          28   6.8393829593325927E-005
           6          29  -3.3048804623356460E-003
           6          30  -1.4433781575223917E-002
           6          31   3.9346349371575329E-002
           6          32   3.6132447382284337E-004
           6          33   3.6383956236235022E-003
           6          34   7.6667206991855308E-004
           6          35  -2.8022907733400246E-003
           6          36  -1.0952534435355096E-004
           6          37 -0.16394676259073190     
           6          38   2.2692123151369406E-004
           6          39 -0.17612132507691891     
           6          40   3.0685471099652485E-004
           6          41  -9.6369825510778855E-004
           6          42 -0.17739791514281003     
           6          43   1.7774466152445679E-014
           6          44   1.2666591363289351E-014
           6          45   8.0181662272446325E-015
           6          46  -6.9805731030111909E-015
           6          47   1.8858955383446183E-014
           6          48   1.0104842883618186E-014
           6          49   4.1262388625828292E-015
           6          50   1.2009575345582641E-014
           6          51  -3.5927424105361994E-015
           6          52  -1.4382307952974372E-015
           7           1  -1.0521318461435924E-014
           7           2   4.0931235333139394E-014
           7           3  -2.6734500431037948E-014
           7           4   1.6882299431953538E-013
           7           5   1.0201262168496522E-013
           7           6  -2.5673595832385289E-012
           7           7   2.2300228285313057     
           7           8   2.5343186837289283E-006
           7           9   4.1383179984252200E-006
           7          10 -0.58467517697005933     
           7          11  -1.0070721870300559E-005
           7          12  -1.3542122215087077E-005
           7          13 -0.18416553466921387     
           7          14   2.0412084406367347E-005
           7          15   1.3625855529027578E-005
           7          16  -5.8981264755859873E-003
           7          17   1.9368431369720944E-007
           7          18   3.0717687235109516E-006
           7          19   4.6815936109631934E-014
           7          20   1.6311290349459433E-014
           7          21   4.5942124113816953E-014
           7          22  -2.4346230936952052E-014
           7          23   1.7340075983719903E-014
           7          24   6.5341329973170869E-014
           7          25   1.0299252565604913E-013
           7          26   3.9395096514538896E-015
           7          27   9.9715786965191605E-014
           7          28  -1.2007895451147618E-014
           7          29   1.5430282900938700E-014
           7          30   8.8380075854530133E-014
           7          31   4.0761778196770769E-013
           7          32   2.7776331085955724E-014
           7          33   4.1544251487508376E-013
           7          34   2.6321010901190337E-016
           7          35   2.7180369899491067E-015
           7          36   4.1604737841248922E-013
           7          37   7.6540849303228936E-013
           7          38  -2.1568576589997263E-014
           7          39   7.4263118856612415E-013
           7          40  -1.2086351557445240E-014
           7          41  -2.3978952763492975E-015
           7          42   7.7627105703713858E-013
           7          43  -9.5827938656463055E-003
           7          44   3.0251679419850694E-005
           7          45  -3.9216631715019304E-003
           7          46  -6.2621254195219462E-005
           7          47   1.1187656910048561E-005
           7          48   1.4066983709032821E-005
           7          49   1.8602034414861310E-005
           7          50  -3.9150862914283328E-003
           7          51   4.6379742060723237E-005
           7          52  -2.6456683195547829E-005
           8           1  -1.4729254879470200E-014
           8           2   6.1058306716072504E-014
           8           3   3.0858212777149578E-014
           8           4   7.7640115759036658E-014
           8           5  -7.3900435712955661E-013
           8           6   4.5577075727873381E-013
           8           7   2.5343186837289283E-006
           8           8   2.2297888893504414     
           8           9  -1.3810704664339200E-005
           8          10  -1.1428580998958104E-005
           8          11 -0.58395982056412099     
           8          12   4.1868931025178420E-005
           8          13   2.6677346501857713E-005
           8          14 -0.18458318172705890     
           8          15  -2.4075474171474250E-005
           8          16   4.1073800866968640E-006
           8          17  -6.0736583641149448E-003
           8          18  -1.4423207347460267E-005
           8          19  -5.9733867452905892E-016
           8          20  -1.5827836712206760E-014
           8          21  -6.8185495040822814E-015
           8          22  -1.0706730307384443E-014
           8          23   1.1371753145470354E-014
           8          24  -4.7131197717591563E-015
           8          25   5.0186786702864335E-014
           8          26  -3.2685303979776259E-015
           8          27   6.7385601017439159E-014
           8          28  -5.2014139438797090E-015
           8          29   5.8033676293897979E-015
           8          30   5.2716687179456003E-014
           8          31   1.7692596082105368E-013
           8          32  -2.1996788257231090E-015
           8          33   1.5393005939701267E-013
           8          34  -5.4025820073912567E-015
           8          35   2.0141736074734709E-015
           8          36   1.5321466216481881E-013
           8          37  -1.2021828437329216E-013
           8          38  -2.5799408198073268E-015
           8          39  -9.7320074786606311E-014
           8          40  -8.6395251812167125E-015
           8          41   2.6356716910706248E-015
           8          42  -1.0236854068193448E-013
           8          43  -1.8709104394807469E-005
           8          44  -4.1698747060205524E-003
           8          45   7.8559044771750615E-005
           8          46  -9.1523490511443688E-003
           8          47   7.6654477314298006E-006
           8          48  -6.1340983341397898E-005
           8          49  -9.9853065890881626E-007
           8          50  -6.2560338820758041E-005
           8          51  -4.0995269705530182E-003
           8          52   3.7023220049550482E-006
           9           1   4.9557813071399879E-016
           9           2   2.3104789856165041E-015
           9           3   2.6246109570215520E-015
           9           4   1.2442954107704442E-014
           9           5  -1.6156279996519487E-013
           9           6  -7.7958974396975468E-014
           9           7   4.1383179984252200E-006
           9           8  -1.3810704664339200E-005
           9           9   2.2297686017867036     
           9          10  -1.4128187142293386E-005
           9          11   4.1872049056227486E-005
           9          12 -0.58389854478764336     
           9          13   1.6331988741217010E-005
           9          14  -2.4089628275911039E-005
           9          15 -0.18461850561402154     
           9          16   4.7611616014620474E-006
           9          17  -1.4434361489205937E-005
           9          18  -6.0936290017260556E-003
           9          19  -1.3331299694007927E-015
           9          20  -2.9883858821835753E-015
           9          21   5.8610524668579398E-015
           9          22   5.2016643952726692E-015
           9          23  -2.1070659090511808E-014
           9          24   1.7652960559108666E-014
           9          25   2.3730766891727283E-014
           9          26   9.0636751099395077E-016
           9          27   2.4791618648345258E-014
           9          28   1.8682184066796380E-015
           9          29  -4.6731443604953187E-015
           9          30   2.0606377482982221E-014
           9          31   6.4987965549814256E-014
           9          32  -1.5283008270226641E-015
           9          33   6.5003618215454693E-014
           9          34   4.9196983398581070E-015
           9          35  -3.7404980087080678E-015
           9          36   6.3063733515742759E-014
           9          37   2.3698992510288786E-014
           9          38  -7.6440700828559056E-015
           9          39   3.1882099636687888E-014
           9          40  -1.0801563933567888E-014
           9          41  -7.0490892655890421E-015
           9          42   2.9530675532247873E-014
           9          43  -7.0528990229216048E-006
           9          44   7.9107032656146044E-006
           9          45  -2.6493770278337037E-005
           9          46   3.1684089103098086E-006
           9          47  -4.1591251306501258E-003
           9          48  -1.4775258386769737E-004
           9          49  -4.1029486298385679E-003
           9          50   2.9505733137050942E-005
           9          51  -5.2364262156717398E-007
           9          52  -9.1468027279054016E-003
          10           1   4.3222972424363817E-016
          10           2  -4.0655865933170320E-015
          10           3  -3.0569767326371497E-014
          10           4   2.4994174177545976E-014
          10           5  -4.3997908179113953E-013
          10           6   7.6983354364820659E-013
          10           7 -0.58467517697005933     
          10           8  -1.1428580998958104E-005
          10           9  -1.4128187142293386E-005
          10          10   1.5053027455401486     
          10          11   3.6717844489629614E-005
          10          12   4.3134614346039546E-005
          10          13  0.44330976115089482     
          10          14  -4.3348700338988536E-005
          10          15  -3.1022728906572594E-005
          10          16   1.4353686466365345E-002
          10          17  -2.1800091062119421E-006
          10          18  -8.0010399401469405E-006
          10          19  -2.1340587640281509E-014
          10          20  -6.8930028231112274E-014
          10          21   5.1640305468425817E-014
          10          22   5.8903899338760619E-014
          10          23  -6.0864521711911354E-014
          10          24  -2.0419283110922911E-014
          10          25  -4.7684831969701848E-015
          10          26  -3.1847900116830108E-014
          10          27   2.0285792804322353E-014
          10          28   3.6333925015537463E-014
          10          29  -3.5998254908817161E-014
          10          30  -8.1078069484895791E-015
          10          31   7.6488975019864817E-015
          10          32  -3.4365234000190888E-014
          10          33   3.0594899553926472E-014
          10          34   6.8204593783101792E-015
          10          35  -5.2162537763313468E-016
          10          36   1.5104849751553001E-014
          10          37  -1.9745909419379212E-013
          10          38  -8.9177024542242934E-016
          10          39  -2.0702139500849003E-013
          10          40   6.2879013764743795E-015
          10          41  -3.5265688942230022E-015
          10          42  -2.3164000392081562E-013
          10          43   8.4373278838416402E-003
          10          44  -7.6198004896261325E-005
          10          45   2.7039386852223263E-003
          10          46   1.8114275778637751E-004
          10          47  -2.8161111318554381E-005
          10          48  -3.5200286473185006E-005
          10          49  -6.0188319219646891E-005
          10          50   2.6904294871569114E-003
          10          51  -1.5077505384690146E-004
          10          52   7.7246665140402173E-005
          11           1  -3.6365102175893621E-015
          11           2  -1.6283145265767955E-015
          11           3  -1.5779088454145775E-014
          11           4  -5.9025371564883411E-015
          11           5   5.0208961554958845E-013
          11           6  -4.2806851808386820E-013
          11           7  -1.0070721870300559E-005
          11           8 -0.58395982056412099     
          11           9   4.1872049056227486E-005
          11          10   3.6717844489629614E-005
          11          11   1.5031766984571653     
          11          12  -1.2447839151371633E-004
          11          13  -6.0356020358474580E-005
          11          14  0.44431875368208895     
          11          15   6.1688566333321232E-005
          11          16  -1.1931831041324262E-005
          11          17   1.4782724130770877E-002
          11          18   3.4325505651501228E-005
          11          19  -1.9174388578142157E-014
          11          20   4.0522534887731195E-014
          11          21   1.3640090086331715E-015
          11          22   2.6425967298756198E-014
          11          23  -3.9106903401925508E-014
          11          24  -1.1023256091393235E-015
          11          25  -3.6172711731762481E-014
          11          26   1.5019733666981769E-014
          11          27  -6.0451422258121315E-014
          11          28   1.7129613426180544E-014
          11          29  -1.7748095780744936E-014
          11          30  -4.3996044926147941E-014
          11          31  -1.2154609476382900E-013
          11          32   1.1699801546157786E-014
          11          33  -7.9617068637712761E-014
          11          34   1.4722521407709585E-014
          11          35  -8.0343825620513962E-015
          11          36  -7.1583713080478091E-014
          11          37   1.3326580229545295E-013
          11          38   1.3233164903304067E-015
          11          39   8.1803305506062696E-014
          11          40   1.5644624701719436E-014
          11          41  -4.5982241844378980E-015
          11          42   9.6493330348818800E-014
          11          43   5.3777450295301558E-005
          11          44   3.3611397685147995E-003
          11          45  -1.9227466749152395E-004
          11          46   7.1947957199124390E-003
          11          47  -1.7726395406280552E-005
          11          48   1.5043257137886202E-004
          11          49  -3.2562412585539712E-006
          11          50   1.4048410044370952E-004
          11          51   3.2264695108568820E-003
          11          52  -1.4364208567496553E-005
          12           1   1.8288620480629547E-015
          12           2  -2.2012333713470761E-014
          12           3  -4.1706646889245252E-014
          12           4  -6.1016090842103070E-014
          12           5   4.7134618408664054E-013
          12           6   1.4199390678422591E-013
          12           7  -1.3542122215087077E-005
          12           8   4.1868931025178420E-005
          12           9 -0.58389854478764336     
          12          10   4.3134614346039546E-005
          12          11  -1.2447839151371633E-004
          12          12   1.5029951266878063     
          12          13  -3.8368088270016726E-005
          12          14   6.1727278274161228E-005
          12          15  0.44440983917081167     
          12          16  -1.2209895991687804E-005
          12          17   3.4353462286327655E-005
          12          18   1.4830377499437846E-002
          12          19   2.8281908083647425E-014
          12          20   7.5976483715337564E-015
          12          21   1.0418991931613709E-014
          12          22  -1.9711903731482009E-014
          12          23   5.3809324601217246E-014
          12          24  -2.1249294935429007E-014
          12          25  -5.8891363369534952E-014
          12          26  -1.0115589328038172E-015
          12          27  -6.6349226952241045E-014
          12          28  -4.2674907465012568E-015
          12          29   1.8294985149528126E-014
          12          30  -6.0203217068111468E-014
          12          31  -1.7406632697312516E-013
          12          32   3.0861102155899523E-015
          12          33  -1.6904571793305519E-013
          12          34  -1.4143141987042353E-014
          12          35   9.8478356073301195E-015
          12          36  -1.7156407593262439E-013
          12          37  -4.4815016197955891E-014
          12          38   1.7079372282201383E-014
          12          39  -7.0281906051099142E-014
          12          40   2.3727582241384359E-014
          12          41   1.8176560109092287E-014
          12          42  -5.7742254955358393E-014
          12          43   2.0375213376625607E-005
          12          44  -1.8336305121790771E-005
          12          45   6.0240670717829400E-005
          12          46  -1.2667648117655091E-005
          12          47   3.3377167338015414E-003
          12          48   3.6017984748256890E-004
          12          49   3.2358472457863154E-003
          12          50  -7.0424384645671788E-005
          12          51  -4.9321116254287620E-006
          12          52   7.1640350557821298E-003
          13           1   6.5727799891476313E-016
          13           2  -4.1280139123214866E-015
          13           3  -6.7227872055660245E-015
          13           4   1.0144985487586152E-014
          13           5  -1.3084842504434551E-013
          13           6   2.1252176079091656E-013
          13           7 -0.18416553466921387     
          13           8   2.6677346501857713E-005
          13           9   1.6331988741217010E-005
          13          10  0.44330976115089482     
          13          11  -6.0356020358474580E-005
          13          12  -3.8368088270016726E-005
          13          13  0.13064881315335464     
          13          14  -3.6112719060695138E-005
          13          15  -2.4817574977957502E-005
          13          16   4.2492265719305498E-003
          13          17  -7.2808677564566680E-007
          13          18  -2.4279177025708182E-006
          13          19   1.5405973304090811E-015
          13          20  -3.7787972736665351E-015
          13          21  -7.2850871285805670E-015
          13          22   1.6258489862901044E-014
          13          23   7.3839603448073240E-015
          13          24   7.7238311205285957E-015
          13          25   3.0126638295711930E-015
          13          26   1.9551108232648793E-015
          13          27  -9.5438376245780783E-015
          13          28   9.9819774460994719E-015
          13          29   6.3196669659003579E-015
          13          30   6.3823021832603834E-015
          13          31   1.4224824165220446E-015
          13          32  -2.5090455403306073E-015
          13          33  -2.1515611345875800E-015
          13          34   1.8727577465720031E-015
          13          35   9.2866382364320579E-015
          13          36   6.8955531545277177E-015
          13          37  -5.8991638174060674E-014
          13          38   1.0509197174691774E-015
          13          39  -6.2245272714919413E-014
          13          40   1.9573569420064386E-015
          13          41  -2.9139496913975752E-019
          13          42  -6.8423397875136364E-014
          13          43   2.3997949882747865E-003
          13          44  -4.4509550796685039E-005
          13          45   8.9825664773486753E-004
          13          46   3.0914745323160119E-005
          13          47  -1.5734485167702043E-005
          13          48  -2.0600650776468480E-005
          13          49   3.8164629293577354E-006
          13          50   8.7955942315674253E-004
          13          51   9.6165579811808427E-006
          13          52   1.2532506059077992E-005
          14           1  -6.6448132808578667E-016
          14           2   2.8291325236939365E-015
          14           3   1.8947978558644128E-015
          14           4   2.7336209417788122E-015
          14           5   1.5108412048499458E-013
          14           6  -1.3410200075822392E-013
          14           7   2.0412084406367347E-005
          14           8 -0.18458318172705890     
          14           9  -2.4089628275911039E-005
          14          10  -4.3348700338988536E-005
          14          11  0.44431875368208895     
          14          12   6.1727278274161228E-005
          14          13  -3.6112719060695138E-005
          14          14  0.13142796048952282     
          14          15   4.5951533155099734E-005
          14          16  -4.0236124143634689E-006
          14          17   4.3809751628428630E-003
          14          18   1.0341098021515527E-005
          14          19   2.4393245241877016E-015
          14          20  -3.6971415045954213E-016
          14          21  -1.2483125830818904E-014
          14          22  -1.7565830456180909E-015
          14          23   1.0296140852373036E-014
          14          24   5.5610221062788447E-015
          14          25  -5.8648403491188140E-015
          14          26  -3.9952042014883194E-015
          14          27  -2.6895284933566039E-014
          14          28  -1.3830443511527941E-015
          14          29   9.1953672658125503E-015
          14          30  -9.4620853722812121E-015
          14          31  -3.4355276697190494E-014
          14          32  -1.6844945880616960E-015
          14          33  -2.9337225526077415E-014
          14          34   5.7474846122636543E-016
          14          35   5.4755864663677816E-015
          14          36  -2.0233978869604116E-014
          14          37   4.0394664945616956E-014
          14          38  -2.3780415641613833E-016
          14          39   2.4700101973293514E-014
          14          40   4.2504639843633263E-015
          14          41  -6.9271507194482459E-016
          14          42   2.9645517205338346E-014
          14          43  -6.8189226240674382E-007
          14          44   1.1439645548750946E-003
          14          45  -8.0796379712896275E-005
          14          46   2.0740846665824189E-003
          14          47  -1.4546882374801473E-005
          14          48   7.0496656562572943E-005
          14          49   8.2439174193219163E-007
          14          50   8.9216191156922357E-005
          14          51   9.3985212170322055E-004
          14          52   2.5323444276354287E-006
          15           1   3.3210421866742914E-015
          15           2  -1.9505945129214389E-014
          15           3  -1.3507434690653802E-014
          15           4  -1.6033801861283520E-014
          15           5   1.3794369377823436E-013
          15           6   1.7573156400690128E-014
          15           7   1.3625855529027578E-005
          15           8  -2.4075474171474250E-005
          15           9 -0.18461850561402154     
          15          10  -3.1022728906572594E-005
          15          11   6.1688566333321232E-005
          15          12  0.44440983917081167     
          15          13  -2.4817574977957502E-005
          15          14   4.5951533155099734E-005
          15          15  0.13149592413120095     
          15          16  -3.8483577103862356E-006
          15          17   1.0350259018333028E-005
          15          18   4.3953307431254494E-003
          15          19   7.1535217187349306E-016
          15          20   1.8297334685022383E-015
          15          21   5.4750334361434581E-015
          15          22   1.5049409833289620E-014
          15          23   3.6834520655524700E-015
          15          24  -1.4129418673414379E-015
          15          25  -2.2756695530241138E-014
          15          26  -7.0069479989504154E-016
          15          27  -1.8288598813067705E-014
          15          28   1.2786525306983767E-014
          15          29  -2.6561388482826822E-015
          15          30  -1.4779662551893718E-014
          15          31  -5.5528902557563821E-014
          15          32   5.9147281043690274E-016
          15          33  -4.9998643841031142E-014
          15          34   4.6394606667116007E-015
          15          35  -1.2520504502896482E-015
          15          36  -4.9894298615624847E-014
          15          37  -1.1117746497481365E-014
          15          38   4.9865006336452142E-015
          15          39  -1.8344052674201150E-014
          15          40   8.2389312915841271E-015
          15          41   5.1622753178025814E-015
          15          42  -1.4494528183021087E-014
          15          43  -6.3322866317898699E-007
          15          44  -1.4874880574280546E-005
          15          45   3.7145136338103714E-005
          15          46   2.7561183767672496E-006
          15          47   1.1232906968274723E-003
          15          48   1.7145727241815170E-004
          15          49   9.4906994686775052E-004
          15          50  -3.0996554094332252E-005
          15          51   8.4994480018863762E-007
          15          52   2.0719120706769773E-003
          16           1   5.1635241325487693E-016
          16           2  -5.8630281773487857E-016
          16           3  -1.1441324267817744E-015
          16           4   2.4178353063277349E-015
