           1           1   2.3894578950418515     
           1           2  -1.0739501699694269     
           1           3  -1.0151080845350118     
           1           4  -3.4068452604320960     
           1           5 -0.47813071009741409     
           1           6  0.38211293375971278     
           1           7  -5.0068889677751712E-013
           1           8   1.7560119678772673E-013
           1           9   1.7768724309382098E-013
           1          10  -1.6676465182989534E-014
           1          11  -2.6903171372969086E-013
           1          12  -1.8177505641530307E-014
           1          13   5.2565770896512627E-014
           1          14  -6.9200170655574215E-014
           1          15   1.8303074024499634E-014
           1          16  -1.3414230267539805E-014
           1          17   1.0217871321200630E-014
           1          18   4.3454746224517560E-015
           1          19   1.8849429840364695     
           1          20  -4.8475996816761180E-014
           1          21   1.8849429840364942     
           1          22  -1.3517212266540061E-014
           1          23   8.2397319576610650E-014
           1          24   1.8849429840365122     
           1          25  0.55577813388780906     
           1          26   1.3102252969276192E-014
           1          27  0.55577813388781050     
           1          28  -6.0199898663645685E-016
           1          29  -2.9905682922190430E-014
           1          30  0.55577813388780339     
           1          31   2.6388501938945715E-002
           1          32   2.6899082592689242E-015
           1          33   2.6388501938962951E-002
           1          34   7.7884350580360504E-015
           1          35   9.7912114999464487E-015
           1          36   2.6388501938999005E-002
           1          37  -7.8979797979830998E-002
           1          38   1.1435400365814600E-014
           1          39  -7.8979797979849747E-002
           1          40   3.5840032083544532E-016
           1          41  -2.6277553831911695E-015
           1          42  -7.8979797979863625E-002
           1          43  -3.2342363357280015E-014
           1          44   5.2152264063324522E-014
           1          45  -1.4232634974567568E-014
           1          46   1.0848450856730910E-013
           1          47  -4.1230482823309397E-015
           1          48   1.8379176217286189E-014
           1          49   4.3521762459371695E-015
           1          50  -1.5342721019096193E-014
           1          51   5.4760395693522385E-014
           1          52  -2.3618043469181385E-014
           2           1  -1.0739501699694269     
           2           2   3.0935489746643969     
           2           3   2.3008860072354080     
           2           4   6.9392331373641767     
           2           5  0.98497413819669255     
           2           6 -0.78153612470709111     
           2           7   1.8461688761372717E-012
           2           8  -7.6740004422912848E-013
           2           9  -6.4260961840564266E-013
           2          10  -5.2365547439299597E-013
           2          11   1.5674830056509635E-012
           2          12   2.4683002508626688E-013
           2          13  -3.2428710849113007E-013
           2          14   4.5639889521935744E-013
           2          15   7.8437138588965132E-014
           2          16   5.1149167995372750E-014
           2          17  -6.4103725406522924E-014
           2          18  -3.0617130328742742E-014
           2          19  -3.8908777132226096     
           2          20   7.2805159610660232E-014
           2          21  -3.8908777132229466     
           2          22   2.7328210049221695E-014
           2          23  -1.1607794869614734E-013
           2          24  -3.8908777132229493     
           2          25  -1.1340772676369235     
           2          26  -1.9043581762187289E-014
           2          27  -1.1340772676368231     
           2          28  -7.1284283870812171E-015
           2          29   4.6517885080741658E-014
           2          30  -1.1340772676368185     
           2          31  -5.6250763731453629E-002
           2          32  -1.0401636445088157E-014
           2          33  -5.6250763731527494E-002
           2          34  -2.2198970642963086E-014
           2          35  -2.0381468508104310E-014
           2          36  -5.6250763731602899E-002
           2          37  0.16122293127450846     
           2          38  -2.2746701600324968E-014
           2          39  0.16122293127457293     
           2          40   1.5963545319681115E-014
           2          41   1.3201412734820457E-014
           2          42  0.16122293127460049     
           2          43   3.4593013315540493E-013
           2          44  -2.9624035163411283E-013
           2          45   1.3741109521841476E-013
           2          46  -6.5829315944560057E-013
           2          47  -4.7367889972623282E-014
           2          48  -3.5358338811571892E-014
           2          49  -5.9462276035455840E-014
           2          50   1.6725333669834988E-013
           2          51  -3.2473522944444063E-013
           2          52  -7.2386126742159656E-014
           3           1  -1.0151080845350118     
           3           2   2.3008860072354080     
           3           3   2.6763682193321312     
           3           4   1.1915773758063311     
           3           5   8.5258457288714895E-002
           3           6 -0.14826027880417714     
           3           7   2.6501294835205854E-012
           3           8  -2.9179034042546930E-012
           3           9  -9.2766012581617945E-013
           3          10  -3.8859847391991314E-012
           3          11   9.8718496941099849E-012
           3          12   1.5474402804377406E-012
           3          13  -1.2645693443858494E-012
           3          14   3.0427760890201534E-012
           3          15   5.2733976730513955E-013
           3          16   1.6020003806663433E-013
           3          17  -4.2915374569382818E-013
           3          18  -6.9749208164936398E-014
           3          19  -1.3742861593207838     
           3          20   2.6355160912251826E-013
           3          21  -1.3742861593239131     
           3          22  -7.0761895275257677E-014
           3          23   1.1714655153470220E-013
           3          24  -1.3742861593235545     
           3          25 -0.16093466243924429     
           3          26  -8.3290048202493724E-014
           3          27 -0.16093466243825202     
           3          28  -9.2345389921294675E-015
           3          29  -2.4459873007038995E-014
           3          30 -0.16093466243832721     
           3          31   1.4469525479563096E-002
           3          32   2.0442299701996094E-014
           3          33   1.4469525479210151E-002
           3          34   5.0410120927183246E-015
           3          35   1.0836697951941649E-014
           3          36   1.4469525479236764E-002
           3          37   3.6131121167594066E-002
           3          38  -7.6430669719054962E-015
           3          39   3.6131121167769398E-002
           3          40   2.6102001028916880E-014
           3          41  -3.2360844184223164E-015
           3          42   3.6131121167739241E-002
           3          43   1.7581802379806847E-012
           3          44  -1.8790348546875827E-012
           3          45   7.6617862892800556E-013
           3          46  -4.2838747025225473E-012
           3          47  -3.2724071144876475E-013
           3          48   2.0326566668046315E-014
           3          49  -2.9541596968150469E-013
           3          50   8.2546364377949889E-013
           3          51  -1.9470396515597379E-012
           3          52  -7.2999651999043400E-013
           4           1  -3.4068452604320960     
           4           2   6.9392331373641767     
           4           3   1.1915773758063311     
           4           4   33.704839582819844     
           4           5   5.1419923262875056     
           4           6  -3.7336619939820883     
           4           7   2.3712374760595441E-012
           4           8  -8.8505250052652962E-013
           4           9  -6.6843835154252280E-013
           4          10   2.4076153538167567E-012
           4          11   1.5146743341397475E-012
           4          12  -6.6081510329416864E-013
           4          13   2.5481817306957146E-013
           4          14  -1.5931804564361368E-013
           4          15  -4.9686864356412509E-013
           4          16   6.2338975805204492E-014
           4          17   6.7241471415400577E-014
           4          18  -5.1082173379340138E-014
           4          19  -15.817715465370455     
           4          20   1.2824062164022577E-012
           4          21  -15.817715465373135     
           4          22   3.0907022644801192E-013
           4          23  -1.3059510094339794E-012
           4          24  -15.817715465373338     
           4          25  -5.6537338454651209     
           4          26  -3.4084740096812996E-013
           4          27  -5.6537338454646324     
           4          28   4.8352226531110753E-014
           4          29   4.0988941231635394E-013
           4          30  -5.6537338454646839     
           4          31 -0.37647933004741851     
           4          32   8.3115411894062628E-014
           4          33 -0.37647933004792977     
           4          34  -1.6023844809782979E-013
           4          35  -1.7497798494066888E-013
           4          36 -0.37647933004830991     
           4          37  0.74635611175127237     
           4          38  -1.6697124921200728E-013
           4          39  0.74635611175138539     
           4          40  -2.6004433417854601E-014
           4          41   8.8742053670568384E-014
           4          42  0.74635611175162053     
           4          43  -7.4903349452645359E-013
           4          44  -3.0441636788646474E-013
           4          45  -3.3689081916171689E-013
           4          46  -2.9585562874470112E-013
           4          47   2.6973489493163281E-013
           4          48  -2.8698118443693877E-013
           4          49   6.1816600125515686E-014
           4          50  -4.3936102776831511E-013
           4          51  -1.5872874007201181E-013
           4          52   7.8144300671547799E-013
           5           1 -0.47813071009741409     
           5           2  0.98497413819669255     
           5           3   8.5258457288714895E-002
           5           4   5.1419923262875056     
           5           5  0.78804152787074944     
           5           6 -0.56901362705595848     
           5           7   5.1964047413802718E-013
           5           8  -6.8048935130706138E-013
           5           9  -5.1642121493341851E-014
           5          10  -3.9355142168633591E-013
           5          11   7.8155365624987916E-013
           5          12  -2.1594168549235768E-013
           5          13  -1.8259859889920529E-013
           5          14   1.5320196639679626E-013
           5          15  -1.1277303670391309E-013
           5          16   4.0431847462519050E-014
           5          17  -1.3860399206856802E-014
           5          18  -2.9882342202703597E-015
           5          19  -2.3832278062558188     
           5          20  -3.8617168851062187E-013
           5          21  -2.3832278062510905     
           5          22   1.6425776949833928E-013
           5          23  -1.8738525235906959E-013
           5          24  -2.3832278062510110     
           5          25 -0.86397016328673537     
           5          26   1.1993506978229093E-013
           5          27 -0.86397016328817966     
           5          28  -2.5906967544195046E-014
           5          29   5.8697347194343365E-014
           5          30 -0.86397016328822140     
           5          31  -5.8464733767981066E-002
           5          32  -5.3141007237256824E-014
           5          33  -5.8464733767475935E-002
           5          34  -1.1895243189208873E-014
           5          35  -2.5306716266362690E-014
           5          36  -5.8464733767521378E-002
           5          37  0.11350543644529872     
           5          38  -4.6708058263353283E-015
           5          39  0.11350543644512803     
           5          40  -9.0487768808333724E-015
           5          41   1.3149625897710023E-014
           5          42  0.11350543644516087     
           5          43   2.0828359834670812E-013
           5          44  -1.6064207244113058E-013
           5          45   9.3555293805425586E-014
           5          46  -2.9699305850630721E-013
           5          47   6.4516525458793008E-014
           5          48  -4.4899725643776001E-014
           5          49   3.1364974425908779E-014
           5          50   7.5667537234807341E-014
           5          51  -1.3577347639508057E-013
           5          52   1.7164217809973266E-013
           6           1  0.38211293375971278     
           6           2 -0.78153612470709111     
           6           3 -0.14826027880417714     
           6           4  -3.7336619939820883     
           6           5 -0.56901362705595848     
           6           6  0.41369811121533112     
           6           7  -1.6031332660685243E-012
           6           8  -7.5155234934635181E-012
           6           9  -1.2025156575869677E-012
           6          10  -5.6219493835233158E-012
           6          11   2.9994181218823717E-011
           6          12   4.4359283271106651E-012
           6          13  -1.4702936091977628E-012
           6          14   8.9001154178615614E-012
           6          15   1.3483836810076315E-012
           6          16   1.8837556105801428E-013
           6          17  -1.2231903823576784E-012
           6          18  -1.7156015702737975E-013
           6          19   1.7572391167108607     
           6          20   1.4953918324540248E-012
           6          21   1.7572391167115147     
           6          22  -8.8922464860656052E-013
           6          23  -2.4816524066888084E-012
           6          24   1.7572391167105617     
           6          25  0.62605448931213148     
           6          26  -4.4538014104127233E-013
           6          27  0.62605448931197161     
           6          28   2.4715133093551114E-013
           6          29   7.2951297284947227E-013
           6          30  0.62605448931226482     
           6          31   4.1534121426672163E-002
           6          32   1.7682623798382542E-013
           6          33   4.1534121426769280E-002
           6          34  -7.9484090867393108E-014
           6          35  -2.7891382261315530E-013
           6          36   4.1534121426700599E-002
           6          37  -8.2737840509504945E-002
           6          38  -4.0726938259711403E-014
           6          39  -8.2737840509530758E-002
           6          40   3.3632446648267413E-014
           6          41   8.5098460807247105E-014
           6          42  -8.2737840509521390E-002
           6          43   2.2408435278687573E-012
           6          44  -5.7233675637511372E-012
           6          45   1.0024744101633353E-012
           6          46  -1.2839877237087177E-011
           6          47  -8.6614459916487566E-013
           6          48   3.1602414594072215E-014
           6          49  -8.4335460788310380E-013
           6          50   1.0134326270040130E-012
           6          51  -5.7390510375676306E-012
           6          52  -1.9564819055197807E-012
           7           1  -5.0068889677751712E-013
           7           2   1.8461688761372717E-012
           7           3   2.6501294835205854E-012
           7           4   2.3712374760595441E-012
           7           5   5.1964047413802718E-013
           7           6  -1.6031332660685243E-012
           7           7   2.5636932782022335     
           7           8  -5.4733995114019997E-014
           7           9   1.1988673942475556E-014
           7          10  -1.5087237497423978     
           7          11   2.2021273693439924E-013
           7          12   1.0408340855861437E-014
           7          13 -0.55380684015214587     
           7          14   2.2666590826503317E-013
           7          15   9.2566579401598757E-014
           7          16   7.7603025500931455E-002
           7          17   3.1875543871073685E-014
           7          18  -3.9998386547335337E-014
           7          19  -1.6229194192834131E-012
           7          20  -3.1313145673887322E-013
           7          21  -2.1624212965370188E-012
           7          22  -1.0037528186937421E-012
           7          23   3.9295698771697876E-013
           7          24  -2.1351192923073721E-012
           7          25  -4.4197035033476135E-013
           7          26   7.0488009079193945E-014
           7          27  -3.1568087055645974E-013
           7          28   3.7783805425273280E-013
           7          29  -1.5680327172998484E-013
           7          30  -1.8561216537497099E-013
           7          31   1.8933732445654746E-013
           7          32   8.3216907406515151E-014
           7          33   2.5456382725025763E-013
           7          34  -1.7245499176131941E-013
           7          35  -1.7577639899424404E-014
           7          36   6.4979416092235632E-014
           7          37   3.3330282942965731E-013
           7          38  -6.4452778128133627E-014
           7          39   4.1026458581516677E-013
           7          40   6.1385487597765702E-014
           7          41   1.6012920207980537E-014
           7          42   4.9141816492301426E-013
           7          43  0.74740519027892960     
           7          44  -2.1733309596427827E-013
           7          45  0.33424976243980264     
           7          46  -1.6889267762110151E-013
           7          47  -1.6781714906599742E-014
           7          48  -9.8447762262412037E-016
           7          49   5.1807516610045877E-015
           7          50  0.33424976243983640     
           7          51  -1.6812246039776824E-013
           7          52  -6.0309396365810117E-014
           8           1   1.7560119678772673E-013
           8           2  -7.6740004422912848E-013
           8           3  -2.9179034042546930E-012
           8           4  -8.8505250052652962E-013
           8           5  -6.8048935130706138E-013
           8           6  -7.5155234934635181E-012
           8           7  -5.4733995114019997E-014
           8           8   2.5636932782022823     
           8           9  -5.3637649877203046E-014
           8          10   4.6185277824405856E-014
           8          11  -1.5087237497426691     
           8          12   1.5737411374062285E-014
           8          13  -3.3500979768064042E-014
           8          14 -0.55380684015277759     
           8          15  -3.0398600303627141E-013
           8          16   1.3531710474357086E-013
           8          17   7.7603025500847161E-002
           8          18   1.3794434344793761E-013
           8          19   8.4188934811377485E-013
           8          20   1.0079179694727142E-012
           8          21   2.6534531903634270E-012
           8          22   3.4114466223234669E-012
           8          23  -1.2829646898061172E-012
           8          24   2.6238113070754641E-012
           8          25   1.0420011395523911E-012
           8          26  -2.1192001139289840E-013
           8          27   6.4119305606658256E-013
           8          28  -1.2853238858511060E-012
           8          29   5.2598967382469063E-013
           8          30   1.8663794605002547E-013
           8          31   1.3584594322559687E-012
           8          32  -2.9473220273062772E-013
           8          33   1.0996671065867956E-012
           8          34   5.8762594000978601E-013
           8          35   5.0693039560729215E-014
           8          36   1.7571540151020488E-012
           8          37   2.6438737826483687E-012
           8          38   2.1589976757863358E-013
           8          39   2.4115184632810497E-012
           8          40  -2.1080021616439405E-013
           8          41  -4.8323800024061002E-014
           8          42   2.1232178627973838E-012
           8          43  -4.6475323589589834E-013
           8          44  0.33424976244055515     
           8          45   3.4731245657226850E-013
           8          46  0.74740519027915564     
           8          47   4.1005393525139627E-014
           8          48   1.1023163235406649E-015
           8          49  -2.4077961846558284E-014
           8          50   2.5009161408462448E-013
           8          51  0.33424976244038895     
           8          52   1.9183959976132274E-013
           9           1   1.7768724309382098E-013
           9           2  -6.4260961840564266E-013
           9           3  -9.2766012581617945E-013
           9           4  -6.6843835154252280E-013
           9           5  -5.1642121493341851E-014
           9           6  -1.2025156575869677E-012
           9           7   1.1988673942475556E-014
           9           8  -5.3637649877203046E-014
           9           9   2.5636932782022028     
           9          10  -6.5156213757688395E-014
           9          11   1.9895196601282853E-013
           9          12  -1.5087237497423289     
           9          13  -2.4031124312706750E-014
           9          14  -9.3466900885627132E-015
           9          15 -0.55380684015217752     
           9          16   1.9513687540828590E-014
           9          17  -2.7000970903578933E-014
           9          18   7.7603025500989534E-002
           9          19   5.3552262932658579E-013
           9          20   1.4256628667731841E-013
           9          21   7.7336385064038688E-013
           9          22   4.3607942381660496E-013
           9          23  -1.7343759608814191E-013
           9          24   7.6563714720015733E-013
           9          25   2.2523233853275401E-013
           9          26  -3.1012045599103693E-014
           9          27   1.7044305088157642E-013
           9          28  -1.6492203421746357E-013
           9          29   6.9524860428417457E-014
           9          30   1.1471087826456716E-013
           9          31   1.9274075580284931E-013
           9          32  -3.6539712794211310E-014
           9          33   1.6283052087423129E-013
           9          34   7.5654154282207789E-014
           9          35   5.6458728416934097E-015
           9          36   2.4473952538250136E-013
           9          37   4.1268733546160610E-013
           9          38   2.6689115601812332E-014
           9          39   3.8018117415082334E-013
           9          40  -2.6885751224367274E-014
           9          41  -5.1764929507375054E-015
           9          42   3.4423436896157455E-013
           9          43  -3.0146024565524928E-014
           9          44   3.7775338412870926E-014
           9          45   5.8031704441852102E-014
           9          46  -5.3693161028434474E-014
           9          47  0.33424976243990345     
           9          48   4.8813463443657627E-016
           9          49  0.33424976243989407     
           9          50   4.7046568030228871E-014
           9          51   1.7458257062230508E-014
           9          52  0.74740519027879770     
          10           1  -1.6676465182989534E-014
          10           2  -5.2365547439299597E-013
          10           3  -3.8859847391991314E-012
          10           4   2.4076153538167567E-012
          10           5  -3.9355142168633591E-013
          10           6  -5.6219493835233158E-012
          10           7  -1.5087237497423978     
          10           8   4.6185277824405856E-014
          10           9  -6.5156213757688395E-014
          10          10   4.0506978113492780     
          10          11  -2.3914203950425710E-013
          10          12   3.7386760354250348E-014
          10          13   1.2173938711668943     
          10          14  -6.4159788593087695E-013
          10          15  -3.2181896036931446E-013
          10          16 -0.16703679747598899     
          10          17  -1.4285100879973763E-013
          10          18   1.4648698920538583E-013
          10          19  -4.8411690703314616E-013
          10          20   1.1380028379563050E-012
          10          21   1.4915887101968658E-012
          10          22   3.6872698613587406E-012
          10          23  -1.4368995697649767E-012
          10          24   1.3884716408871529E-012
          10          25   4.1556072643052694E-013
          10          26  -2.4899593948731877E-013
          10          27  -4.1365369329659462E-014
          10          28  -1.3890549950362229E-012
          10          29   5.7872125926933788E-013
          10          30  -5.1113330081982166E-013
          10          31   9.8432924084607712E-013
          10          32  -3.1263059655682238E-013
          10          33   7.3223709993666884E-013
          10          34   6.3050791255091615E-013
          10          35   5.4492300963970544E-014
          10          36   1.4286732714676301E-012
          10          37   2.0887051786250455E-012
          10          38   2.3697143584784251E-013
          10          39   1.8211414309075907E-012
          10          40  -2.2309746615122799E-013
          10          41  -5.4584703391419785E-014
          10          42   1.5200231522037897E-012
          10          43  -1.7518778747587409     
          10          44   6.8486882831564334E-013
          10          45 -0.78346360324707520     
          10          46   3.6065594954948079E-013
          10          47   4.1171926978833861E-014
          10          48   4.5900447820174383E-015
          10          49  -3.1023794644368795E-014
          10          50 -0.78346360324719000     
          10          51   5.0659476613645903E-013
          10          52   1.9566293030237736E-013
          11           1  -2.6903171372969086E-013
          11           2   1.5674830056509635E-012
          11           3   9.8718496941099849E-012
          11           4   1.5146743341397475E-012
          11           5   7.8155365624987916E-013
          11           6   2.9994181218823717E-011
          11           7   2.2021273693439924E-013
          11           8  -1.5087237497426691     
          11           9   1.9895196601282853E-013
          11          10  -2.3914203950425710E-013
          11          11   4.0506978113506422     
          11          12  -4.7961634663808700E-014
          11          13   1.1662892873687254E-013
          11          14   1.2173938711692975     
          11          15   1.1185774528854598E-012
          11          16  -4.9212717234681246E-013
          11          17 -0.16703679747567862     
          11          18  -5.0387125027917504E-013
          11          19  -2.0115360724706391E-012
          11          20  -3.7143074617425189E-012
          11          21  -8.6737912730634759E-012
          11          22  -1.2529199818093107E-011
          11          23   4.7273059758169258E-012
          11          24  -8.5704437137743522E-012
          11          25  -3.5003385526236089E-012
          11          26   7.8751562674024277E-013
          11          27  -2.0000805948538162E-012
          11          28   4.7161975944665194E-012
          11          29  -1.9314148984950989E-012
          11          30  -3.3197847003985845E-013
          11          31  -4.8641738914999830E-012
          11          32   1.0796908545841214E-012
          11          33  -3.9395879251476325E-012
          11          34  -2.1512499512845494E-012
          11          35  -1.9170848344653720E-013
          11          36  -6.3551264644142383E-012
          11          37  -1.0360572877865372E-011
          11          38  -7.9848724949118607E-013
          11          39  -9.4845291576172685E-012
          11          40   7.6474807166260991E-013
          11          41   1.8724504410956086E-013
          11          42  -8.4443197764649663E-012
          11          43   1.7363332993625138E-012
          11          44 -0.78346360324990494     
          11          45  -1.2764789225627737E-012
          11          46  -1.7518778747597141     
          11          47  -1.4872825193634715E-013
          11          48  -9.0830722058887030E-015
          11          49   8.8234974882084897E-014
          11          50  -9.0047413969784935E-013
          11          51 -0.78346360324929065     
          11          52  -7.0782268934976744E-013
          12           1  -1.8177505641530307E-014
          12           2   2.4683002508626688E-013
          12           3   1.5474402804377406E-012
          12           4  -6.6081510329416864E-013
          12           5  -2.1594168549235768E-013
          12           6   4.4359283271106651E-012
          12           7   1.0408340855861437E-014
          12           8   1.5737411374062285E-014
          12           9  -1.5087237497423289     
          12          10   3.7386760354250348E-014
          12          11  -4.7961634663808700E-014
          12          12   4.0506978113492469     
          12          13   3.9329650647346335E-014
          12          14   2.4294455336359857E-013
          12          15   1.2173938711670815     
          12          16  -6.6605575221867446E-014
          12          17   6.7973404682674932E-014
          12          18 -0.16703679747620837     
          12          19   5.2343526550166291E-014
          12          20  -5.1553680609755311E-013
          12          21  -8.3353842870276001E-013
          12          22  -1.5997223601128322E-012
          12          23   6.4168009318716923E-013
          12          24  -8.0212042201205042E-013
          12          25  -3.1191871147700463E-013
          12          26   1.1140643876831664E-013
          12          27  -1.0932044966258257E-013
          12          28   6.0316574353329515E-013
          12          29  -2.5916265416146821E-013
          12          30   9.8954981365872593E-014
          12          31  -6.3792322061969901E-013
          12          32   1.3541273581558014E-013
          12          33  -5.2304625377072346E-013
          12          34  -2.7539885804096327E-013
          12          35  -1.9865939254372270E-014
          12          36  -8.3130660273079157E-013
          12          37  -1.4887546651719127E-012
          12          38  -1.0143095584015396E-013
          12          39  -1.3752332739163824E-012
          12          40   9.7497469146173726E-014
          12          41   2.1931883607373265E-014
          12          42  -1.2421545057615051E-012
          12          43   1.9141632723318468E-013
          12          44  -2.7096380694757717E-013
          12          45  -1.7699730570086553E-013
          12          46  -9.2648111404967950E-014
          12          47 -0.78346360324747943     
          12          48  -2.2456009153236936E-015
          12          49 -0.78346360324744446     
          12          50  -1.3070447502094803E-013
          12          51  -2.0101975639619208E-013
          12          52  -1.7518778747583528     
          13           1   5.2565770896512627E-014
          13           2  -3.2428710849113007E-013
          13           3  -1.2645693443858494E-012
          13           4   2.5481817306957146E-013
          13           5  -1.8259859889920529E-013
          13           6  -1.4702936091977628E-012
          13           7 -0.55380684015214587     
          13           8  -3.3500979768064042E-014
          13           9  -2.4031124312706750E-014
          13          10   1.2173938711668943     
          13          11   1.1662892873687254E-013
          13          12   3.9329650647346335E-014
          13          13  0.37090796159763145     
          13          14  -1.3476719740168644E-013
          13          15  -8.6847196101302795E-014
          13          16  -5.0972761802774325E-002
          13          17  -4.9725848438875144E-014
          13          18   4.2131012220614217E-014
          13          19   9.8001337536413341E-014
          13          20   3.1718919874869700E-013
          13          21   6.9062996349818307E-013
          13          22   1.0928239975650271E-012
          13          23  -4.0458607748758974E-013
          13          24   6.3646897682470573E-013
          13          25   1.8944654872091325E-013
          13          26  -6.8030131867855363E-014
          13          27   5.1756812300088657E-014
          13          28  -4.1140979630911036E-013
          13          29   1.6504366014675359E-013
          13          30  -8.0173979162510229E-014
          13          31   2.7133639244700648E-013
          13          32  -9.4480814190572194E-014
          13          33   1.9799829672162960E-013
          13          34   1.8672633735551765E-013
          13          35   1.8526824592173795E-014
          13          36   4.0110914066482175E-013
          13          37   5.6509324522737792E-013
          13          38   7.0721934669381767E-014
          13          39   4.8550345229679266E-013
          13          40  -6.6076192289755299E-014
          13          41  -1.6915817048191899E-014
          13          42   3.9741770602797428E-013
          13          43 -0.53126683560950283     
          13          44   1.6670692604137109E-013
          13          45 -0.23758975172263155     
          13          46   2.6867397195928914E-014
          13          47   6.9146077752434789E-015
          13          48   1.3431277947773578E-015
          13          49  -1.4545656346065625E-014
          13          50 -0.23758975172266555     
          13          51   1.1397827126558028E-013
          13          52   4.5793230318835665E-014
          14           1  -6.9200170655574215E-014
          14           2   4.5639889521935744E-013
          14           3   3.0427760890201534E-012
          14           4  -1.5931804564361368E-013
          14           5   1.5320196639679626E-013
          14           6   8.9001154178615614E-012
          14           7   2.2666590826503317E-013
          14           8 -0.55380684015277759     
          14           9  -9.3466900885627132E-015
          14          10  -6.4159788593087695E-013
          14          11   1.2173938711692975     
          14          12   2.4294455336359857E-013
          14          13  -1.3476719740168644E-013
          14          14  0.37090796159893336     
          14          15   4.0645958820917301E-013
          14          16  -1.2230667867374481E-013
          14          17  -5.0972761802763819E-002
          14          18  -1.5933435126846953E-013
          14          19  -3.6109936987191019E-013
          14          20  -1.0805582695067487E-012
          14          21  -2.3276418962400366E-012
          14          22  -3.7071335647569092E-012
          14          23   1.3755453709706971E-012
          14          24  -2.2842230952906288E-012
          14          25  -9.2938475712956455E-013
          14          26   2.2760874148252230E-013
          14          27  -4.8705066721640968E-013
          14          28   1.3951157692501926E-012
          14          29  -5.6450184890857267E-013
          14          30   2.1404183658464285E-015
          14          31  -1.4313106162721722E-012
          14          32   3.2102397006446295E-013
          14          33  -1.1574847116829218E-012
          14          34  -6.3634047198220952E-013
          14          35  -5.8989773950473368E-014
          14          36  -1.8698496459691791E-012
          14          37  -3.0660873803116696E-012
          14          38  -2.3650091873091277E-013
          14          39  -2.8075894112480809E-012
          14          40   2.2628897785555380E-013
          14          41   5.5968197917462124E-014
          14          42  -2.5003994467156364E-012
          14          43   7.5764394757982265E-013
          14          44 -0.23758975172385061     
          14          45  -2.6766089344931738E-013
          14          46 -0.53126683561064647     
          14          47  -9.3147711766050343E-014
          14          48  -2.6154532248271942E-015
          14          49  -2.3092638912202855E-014
          14          50  -1.5681900222830364E-013
          14          51 -0.23758975172366911     
          14          52  -3.1906421948946142E-013
          15           1   1.8303074024499634E-014
          15           2   7.8437138588965132E-014
          15           3   5.2733976730513955E-013
          15           4  -4.9686864356412509E-013
          15           5  -1.1277303670391309E-013
          15           6   1.3483836810076315E-012
          15           7   9.2566579401598757E-014
          15           8  -3.0398600303627141E-013
          15           9 -0.55380684015217752     
          15          10  -3.2181896036931446E-013
          15          11   1.1185774528854598E-012
          15          12   1.2173938711670815     
          15          13  -8.6847196101302795E-014
          15          14   4.0645958820917301E-013
          15          15  0.37090796159774458     
          15          16  -6.1827713088158116E-015
          15          17  -2.5704265105286503E-014
          15          18  -5.0972761802847141E-002
          15          19   1.2656147522135347E-013
          15          20  -1.6292356971029580E-013
          15          21  -1.2550450568268375E-013
          15          22  -4.6935772293369852E-013
          15          23   2.0210757808797781E-013
          15          24  -1.1933781630654639E-013
          15          25  -3.9093733251173101E-014
          15          26   3.6044150397687477E-014
          15          27   1.7938312147573886E-014
          15          28   1.7727321716915319E-013
          15          29  -8.0236332672548374E-014
          15          30   8.0345772430034532E-014
          15          31  -1.8565724541459235E-013
          15          32   3.8811478834663103E-014
          15          33  -1.5069233800240350E-013
          15          34  -8.1030815473914356E-014
          15          35  -4.4576535903762049E-015
          15          36  -2.4203608120087894E-013
          15          37  -4.4753722300069476E-013
          15          38  -2.9549670765795547E-014
          15          39  -4.1425524395332434E-013
          15          40   2.8705762793491712E-014
          15          41   5.9879084990216320E-015
          15          42  -3.7483160044858760E-013
          15          43   1.9896237435368389E-013
          15          44  -2.9673832835364062E-013
          15          45   1.1375449193717976E-014
          15          46  -5.1195159223027460E-013
          15          47 -0.23758975172278862     
          15          48  -6.5742803024971143E-016
          15          49 -0.23758975172277835     
          15          50   2.4964405542782518E-014
          15          51  -2.7601185226266963E-013
          15          52 -0.53126683560947197     
          16           1  -1.3414230267539805E-014
          16           2   5.1149167995372750E-014
          16           3   1.6020003806663433E-013
          16           4   6.2338975805204492E-014
