           1           1   2.2243175557384012     
           1           2 -0.76661332474552424     
           1           3  0.10993641280532046     
           1           4  0.13229133724533887     
           1           5  -1.8320760889836224E-002
           1           6  -1.2041431057091996E-002
           1           7  -1.3102116714473886E-010
           1           8  -1.3944758506986440E-009
           1           9  -1.2654402367435485E-009
           1          10  -1.4249758923397798E-010
           1          11  -4.4568455894911790E-011
           1          12   1.0818234350048007E-012
           1          13  -4.5040255710941747E-011
           1          14   8.6717459933951250E-013
           1          15   2.2715633257196463E-012
           1          16   2.2520263931966709E-012
           1          17   7.3395151038830768E-012
           1          18  -4.3592180889388301E-013
           1          19   9.4347319366249772E-003
           1          20   1.1198539437907195E-007
           1          21   9.4345217832258275E-003
           1          22  -1.3124427194883422E-007
           1          23   2.6026753222833774E-008
           1          24   9.4345357463786056E-003
           1          25  -2.8288277078148752E-003
           1          26   6.2019479957407043E-008
           1          27  -2.8289439675674368E-003
           1          28  -7.2667514035968390E-008
           1          29   1.4538564197964810E-008
           1          30  -2.8289362424637273E-003
           1          31   3.1253662117219647E-003
           1          32   2.6541116924867853E-008
           1          33   3.1253164659961075E-003
           1          34  -3.1098731100079123E-008
           1          35   6.2271384333956020E-009
           1          36   3.1253197717041586E-003
           1          37   6.5661092740337921E-004
           1          38  -1.0179713590355091E-008
           1          39   6.5663175183252351E-004
           1          40   1.2195114169794164E-008
           1          41  -6.8674664566521676E-010
           1          42   6.5663037161757488E-004
           1          43   8.8666217793584274E-013
           1          44   3.5958643279210963E-012
           1          45   1.0894521572120941E-012
           1          46   7.4086419263243054E-012
           1          47   2.2640000122542939E-012
           1          48  -1.0700726641349229E-012
           1          49   1.8190038963604449E-012
           1          50   2.9933942132183062E-014
           1          51   3.8873273668778827E-012
           1          52   4.9685453075146188E-012
           2           1 -0.76661332474552424     
           2           2   2.6055383439976758     
           2           3 -0.50453367686238615     
           2           4 -0.47512667913066542     
           2           5   6.3278594224612558E-002
           2           6   4.3698128418006965E-002
           2           7   9.8671986052802689E-010
           2           8   3.9968098093243330E-009
           2           9   3.7341213589863797E-009
           2          10   6.2995959565290205E-010
           2          11  -5.5243803836333068E-011
           2          12   4.4121159547974071E-010
           2          13   1.9304375904441897E-010
           2          14  -5.7062624304357536E-011
           2          15   1.3154866560210634E-010
           2          16  -6.9144238765595405E-012
           2          17  -2.7775637765713081E-011
           2          18   5.9351151243189414E-012
           2          19  -2.0632528886389827E-002
           2          20  -4.4100057664877807E-007
           2          21  -2.0631701237801656E-002
           2          22   5.1692683284298541E-007
           2          23  -1.0222154223663084E-007
           2          24  -2.0631756134585143E-002
           2          25   2.6987929835708981E-003
           2          26  -2.4582766285056615E-007
           2          27   2.6992538848597935E-003
           2          28   2.8809042933892187E-007
           2          29  -5.7415081586581914E-008
           2          30   2.6992233172954145E-003
           2          31  -1.0195856534793876E-002
           2          32  -1.0652520571034402E-007
           2          33  -1.0195656793402626E-002
           2          34   1.2485593841281837E-007
           2          35  -2.4838585818856828E-008
           2          36  -1.0195670032881968E-002
           2          37  -2.7874022876046567E-003
           2          38   3.4604380251683464E-008
           2          39  -2.7874732844332174E-003
           2          40  -4.1483874436964110E-008
           2          41   2.1419506982184641E-009
           2          42  -2.7874685746005238E-003
           2          43  -3.6666334900851051E-012
           2          44  -1.4404976976486291E-011
           2          45  -4.3642783329928890E-012
           2          46  -2.9745018688826022E-011
           2          47  -3.9552787556929302E-012
           2          48   4.2874112994990813E-012
           2          49  -2.2250393549733160E-012
           2          50  -2.9174616495993341E-013
           2          51  -1.5613273346229720E-011
           2          52  -8.2668750559099179E-012
           3           1  0.10993641280532046     
           3           2 -0.50453367686238615     
           3           3  0.80014341148111245     
           3           4  0.60052745535013718     
           3           5 -0.10415650992439493     
           3           6  -8.0039870690311404E-002
           3           7   2.3877226136936670E-009
           3           8  -4.2102492263098055E-009
           3           9  -5.6733440131725347E-009
           3          10  -3.9238292617380744E-010
           3          11  -1.0692588341197536E-009
           3          12   5.6695787611138955E-010
           3          13  -1.5875257303202518E-010
           3          14  -2.7410607998726634E-010
           3          15   1.6863849461064745E-010
           3          16   1.9367789601400905E-011
           3          17   4.3189087165556902E-011
           3          18  -1.9984331223979872E-012
           3          19   2.0809012910475606E-002
           3          20   6.7911983311128662E-007
           3          21   2.0807739335384136E-002
           3          22  -7.9561622435484946E-007
           3          23   1.5866678259005319E-007
           3          24   2.0807823665333791E-002
           3          25   3.0155590966031648E-003
           3          26   3.9364724198048477E-007
           3          27   3.0148213476680168E-003
           3          28  -4.6109435317608975E-007
           3          29   9.2414052102019864E-008
           3          30   3.0148701898573636E-003
           3          31   1.1523764909727782E-002
           3          32   1.6388833165302426E-007
           3          33   1.1523458084919669E-002
           3          34  -1.9192461001697632E-007
           3          35   3.8793698779443794E-008
           3          36   1.1523478373926251E-002
           3          37   2.1536458416639625E-003
           3          38  -6.9737867188677945E-008
           3          39   2.1537884087501273E-003
           3          40   8.3536274249505005E-008
           3          41  -4.7944313143375033E-009
           3          42   2.1537789485408499E-003
           3          43  -5.2370658185312469E-012
           3          44   1.2266025555290941E-011
           3          45   2.0908480123902659E-012
           3          46   2.3995528533705589E-011
           3          47  -1.3844897631844784E-013
           3          48  -7.0669240690036323E-012
           3          49  -1.9356313591410577E-012
           3          50  -3.0348955420779961E-012
           3          51   1.4963083510835021E-011
           3          52  -2.5946123594796584E-012
           4           1  0.13229133724533887     
           4           2 -0.47512667913066542     
           4           3  0.60052745535013718     
           4           4  0.46443636563139090     
           4           5 -0.12846549605750479     
           4           6 -0.10916530833355113     
           4           7   1.9642116362306277E-009
           4           8  -6.0743140570529352E-009
           4           9  -1.1491600374698112E-009
           4          10   1.0791455531231286E-010
           4          11   5.1460375252471758E-010
           4          12  -2.5387483855999899E-010
           4          13  -3.9191164764708361E-012
           4          14   2.0541080949906543E-010
           4          15  -9.8666143161934560E-011
           4          16   3.3210906339954462E-011
           4          17   7.6537891382604281E-011
           4          18  -7.2316955580865179E-012
           4          19   1.6038720491294813E-002
           4          20   9.0416009947968286E-007
           4          21   1.6037023044886696E-002
           4          22  -1.0590675729184099E-006
           4          23   2.1188322845494748E-007
           4          24   1.6037135203907819E-002
           4          25   1.6162487496837329E-003
           4          26   5.3653899366959284E-007
           4          27   1.6152418583175172E-003
           4          28  -6.2838930935319586E-007
           4          29   1.2614919470814036E-007
           4          30   1.6153083779686266E-003
           4          31   7.2704185808223510E-003
           4          32   2.3395467276960377E-007
           4          33   7.2699800848112367E-003
           4          34  -2.7389740021147859E-007
           4          35   5.5694949506699752E-008
           4          36   7.2700090105350754E-003
           4          37   1.1386568352110917E-004
           4          38  -9.8482333274496298E-008
           4          39   1.1406691449579150E-004
           4          40   1.1796749359385025E-007
           4          41  -6.7920341956951518E-009
           4          42   1.1405355592094732E-004
           4          43  -3.1416591675751461E-012
           4          44   1.2778489500083352E-011
           4          45   2.4325029987679861E-012
           4          46   2.5349958881388469E-011
           4          47  -3.4278381563207777E-012
           4          48  -5.5673405175834133E-012
           4          49  -4.5563996797943995E-012
           4          50  -2.0682146133023090E-012
           4          51   1.4699160480997527E-011
           4          52  -8.1019844995727078E-012
           5           1  -1.8320760889836224E-002
           5           2   6.3278594224612558E-002
           5           3 -0.10415650992439493     
           5           4 -0.12846549605750479     
           5           5  0.28204077886019274     
           5           6  0.27357743409853341     
           5           7  -5.6788474449616074E-009
           5           8   9.2092586954849584E-009
           5           9  -8.0385536384810096E-009
           5          10  -5.0455823522259887E-009
           5          11   9.7153936487724857E-010
           5          12  -9.3024363056991864E-009
           5          13  -1.4194819719792364E-009
           5          14   2.0057704637417914E-010
           5          15  -2.6650006821374967E-009
           5          16  -1.2324980931000636E-010
           5          17  -1.9099472869617993E-010
           5          18  -7.2310584582024243E-011
           5          19  -3.0388096011434566E-003
           5          20  -1.8968269333465042E-006
           5          21  -3.0352363463975172E-003
           5          22   2.2256762868291033E-006
           5          23  -4.4319517107186016E-007
           5          24  -3.0354729718921184E-003
           5          25   1.9185084374255576E-003
           5          26  -1.1605478488365874E-006
           5          27   1.9206942686037295E-003
           5          28   1.3616858368259231E-006
           5          29  -2.7156479924317376E-007
           5          30   1.9205495240998656E-003
           5          31   6.5467419063103514E-003
           5          32  -5.1815505290675171E-007
           5          33   6.5477164372197928E-003
           5          34   6.0781043181105349E-007
           5          35  -1.2352538730780125E-007
           5          36   6.5476519734961212E-003
           5          37   8.0511152472120540E-003
           5          38   2.6552001021223358E-007
           5          39   8.0505746965256475E-003
           5          40  -3.1767577044688900E-007
           5          41   1.9926019857004734E-008
           5          42   8.0506105604876057E-003
           5          43  -4.4204587371503445E-013
           5          44  -6.1999040221569808E-012
           5          45  -3.5841264035652344E-012
           5          46  -9.9032083523086304E-012
           5          47   2.6283635120444920E-012
           5          48   2.3195935252034556E-012
           5          49   1.4933960503826549E-012
           5          50   4.4909630569323057E-013
           5          51  -5.9363542139940104E-012
           5          52  -9.6303394776586437E-013
           6           1  -1.2041431057091996E-002
           6           2   4.3698128418006965E-002
           6           3  -8.0039870690311404E-002
           6           4 -0.10916530833355113     
           6           5  0.27357743409853341     
           6           6  0.26595630122419212     
           6           7  -7.9254525248379178E-009
           6           8   8.5508802936488955E-009
           6           9  -1.1175804770915186E-008
           6          10   2.0020220657929420E-009
           6          11  -1.9453812007721956E-009
           6          12  -4.3065700062041974E-009
           6          13   6.6791228281173905E-010
           6          14  -6.4537661864204699E-010
           6          15  -1.1721819607106247E-009
           6          16  -6.5504100694740707E-011
           6          17  -2.0376939262936946E-010
           6          18  -3.2812362461203398E-011
           6          19  -2.3857856044481509E-003
           6          20  -5.9962774926091666E-007
           6          21  -2.3846791471835082E-003
           6          22   6.8818947100291089E-007
           6          23  -1.6458303946383516E-007
           6          24  -2.3847580875279561E-003
           6          25   1.9541430547336228E-003
           6          26  -3.6847039141702646E-007
           6          27   1.9548225161480632E-003
           6          28   4.2284439166757529E-007
           6          29  -1.0156997664762413E-007
           6          30   1.9547740277959325E-003
           6          31   6.7411422664766050E-003
           6          32  -9.6802325050491644E-008
           6          33   6.7413144334567262E-003
           6          34   1.0806220490648900E-007
           6          35  -3.4124158261268774E-008
           6          36   6.7413009812510504E-003
           6          37   7.9535386745981426E-003
           6          38   2.9610535628419058E-007
           6          39   7.9529402498858277E-003
           6          40  -3.5405148716200534E-007
           6          41   2.6810591613318524E-008
           6          42   7.9529796114721305E-003
           6          43   1.6338219278385514E-011
           6          44  -8.2657795458263916E-012
           6          45   4.1085110353940462E-012
           6          46  -1.4695258898071068E-011
           6          47   9.0405640718884005E-012
           6          48   2.0789840002996603E-012
           6          49   7.8766394328558998E-012
           6          50   7.9192707853396737E-012
           6          51  -7.9325272013549480E-012
           6          52   1.3444607080346031E-011
           7           1  -1.3102116714473886E-010
           7           2   9.8671986052802689E-010
           7           3   2.3877226136936670E-009
           7           4   1.9642116362306277E-009
           7           5  -5.6788474449616074E-009
           7           6  -7.9254525248379178E-009
           7           7   2.2539950103955655     
           7           8   7.3638967561279095E-009
           7           9  -1.1308981036583189E-008
           7          10 -0.61849936621307244     
           7          11  -2.4706493558723835E-008
           7          12   3.1067615716863158E-008
           7          13 -0.20126534510751060     
           7          14   1.9483647174194011E-008
           7          15  -2.3264591982342886E-008
           7          16  -5.0830988688763297E-003
           7          17   1.8753776521589265E-008
           7          18  -2.2139124876513499E-008
           7          19  -9.3095901667009804E-010
           7          20  -7.4938680511316665E-010
           7          21  -1.8134147017607376E-009
           7          22   1.5154067368781735E-010
           7          23   2.0768249419825995E-011
           7          24  -1.3396868096471669E-009
           7          25   9.0302228308574875E-010
           7          26   5.3081466970155434E-010
           7          27   1.5128917801408132E-009
           7          28  -2.6533260490641028E-010
           7          29  -1.4818811635498401E-009
           7          30   1.9418519489016001E-010
           7          31   2.4988347604205798E-009
           7          32   3.7429220768995393E-010
           7          33   2.2268999289792043E-009
           7          34  -3.4969008880699679E-010
           7          35   7.4144309099233238E-010
           7          36   2.0564118655003602E-009
           7          37   2.4376053811794035E-009
           7          38  -8.7331656337403138E-010
           7          39   3.4433320089685178E-009
           7          40   4.9159055811786815E-010
           7          41  -3.6308559359143364E-010
           7          42   4.3100154546447525E-009
           7          43  -5.2140283629788127E-003
           7          44  -4.8988243122557122E-009
           7          45  -2.3317807812768547E-003
           7          46  -5.2329928702860038E-009
           7          47   4.8251419661585629E-009
           7          48  -1.9248252625301985E-009
           7          49   4.4294487323748915E-009
           7          50  -2.3317808524390094E-003
           7          51  -3.7060051991246190E-009
           7          52   5.6538609961976865E-009
           8           1  -1.3944758506986440E-009
           8           2   3.9968098093243330E-009
           8           3  -4.2102492263098055E-009
           8           4  -6.0743140570529352E-009
           8           5   9.2092586954849584E-009
           8           6   8.5508802936488955E-009
           8           7   7.3638967561279095E-009
           8           8   2.2539949915004849     
           8           9   6.0853029217395723E-010
           8          10  -2.4289956351423680E-008
           8          11 -0.61849930882312454     
           8          12  -5.4972263895375803E-009
           8          13   1.7253810151268493E-008
           8          14 -0.20126538735334260     
           8          15   3.0725898492246460E-009
           8          16   2.0780317378722834E-008
           8          17  -5.0831399871998865E-003
           8          18   5.8118022981142276E-009
           8          19   3.8917629719792087E-009
           8          20   1.7461916203748126E-009
           8          21   1.7496589502034436E-009
           8          22  -1.4101585667043069E-010
           8          23  -1.5281045907113899E-009
           8          24   3.3446530572294744E-009
           8          25   3.2950667101532950E-010
           8          26  -4.7355673174089681E-010
           8          27  -1.9726478529178126E-010
           8          28   2.4783559527687241E-010
           8          29   1.6891340259214932E-009
           8          30  -2.4645723751426579E-009
           8          31  -3.0382093870197067E-009
           8          32   1.3359344640542475E-009
           8          33  -3.1463337678661394E-009
           8          34   1.5314920183076573E-009
           8          35  -1.9659715889724711E-009
           8          36  -2.5048268124021610E-009
           8          37  -3.7511611768410026E-009
           8          38   1.8329437446396193E-010
           8          39  -5.2736948322032489E-009
           8          40  -1.0194842877011257E-009
           8          41  -3.3924570567206945E-010
           8          42  -4.0603401168029976E-009
           8          43  -4.1692702285299913E-009
           8          44  -2.3317794286976190E-003
           8          45  -4.3185376296129455E-009
           8          46  -5.2140113663138926E-003
           8          47  -1.2889292676400761E-009
           8          48   3.2355154784072204E-009
           8          49  -1.9304600756640383E-009
           8          50  -2.7938908271871524E-009
           8          51  -2.3317734599968823E-003
           8          52  -1.6486355791783443E-010
           9           1  -1.2654402367435485E-009
           9           2   3.7341213589863797E-009
           9           3  -5.6733440131725347E-009
           9           4  -1.1491600374698112E-009
           9           5  -8.0385536384810096E-009
           9           6  -1.1175804770915186E-008
           9           7  -1.1308981036583189E-008
           9           8   6.0853029217395723E-010
           9           9   2.2539949924425202     
           9          10   3.3389508367204690E-008
           9          11  -2.0621737306421147E-009
           9          12 -0.61849931175458661     
           9          13  -2.1343736413917222E-008
           9          14   5.0995586142125297E-009
           9          15 -0.20126538907013075     
           9          16  -2.1353419605069390E-008
           9          17   4.2792518437645345E-009
           9          18  -5.0831358934058934E-003
           9          19   4.4732345696036868E-009
           9          20   5.0282477876013383E-011
           9          21   2.1453239788700644E-009
           9          22   5.1805045648058298E-011
           9          23   5.9040039178767599E-010
           9          24   2.8702478286002120E-009
           9          25   8.9180834261260229E-010
           9          26   1.5362367939176103E-009
           9          27   3.1880399946059983E-009
           9          28   1.3557033129686757E-010
           9          29  -1.6262334191975513E-009
           9          30  -1.1978031209693996E-009
           9          31   3.4605552672107756E-009
           9          32   1.2188585889770470E-009
           9          33   4.4154704692044558E-009
           9          34  -1.0169058486952199E-009
           9          35   8.4178666006641625E-010
           9          36   2.6186707520901020E-009
           9          37   2.6006303988164469E-009
           9          38  -1.1812468983593982E-009
           9          39   3.6502408163090427E-009
           9          40   2.7839988589226504E-010
           9          41  -8.4908073754846012E-010
           9          42   6.2369510690969815E-009
           9          43   3.0447435754006208E-009
           9          44  -3.4502045982511757E-009
           9          45   3.9154599255995252E-009
           9          46  -1.7947736340997340E-009
           9          47  -2.3317792677700249E-003
           9          48  -4.9048771276378352E-009
           9          49  -2.3317737925252252E-003
           9          50   5.7487603424458876E-009
           9          51  -2.1890938954652995E-009
           9          52  -5.2140103202280566E-003
          10           1  -1.4249758923397798E-010
          10           2   6.2995959565290205E-010
          10           3  -3.9238292617380744E-010
          10           4   1.0791455531231286E-010
          10           5  -5.0455823522259887E-009
          10           6   2.0020220657929420E-009
          10           7 -0.61849936621307244     
          10           8  -2.4289956351423680E-008
          10           9   3.3389508367204690E-008
          10          10   1.5289925892463243     
          10          11   7.7287690329086459E-008
          10          12  -8.9888948009371958E-008
          10          13  0.45539761385756206     
          10          14  -4.6269469566428934E-008
          10          15   5.4201184943911165E-008
          10          16   1.3363274376759330E-002
          10          17  -4.4640264946095746E-008
          10          18   5.1789529245444699E-008
          10          19  -9.1282739156678699E-010
          10          20   3.8585484369321292E-010
          10          21   8.9845362931638565E-010
          10          22  -5.4705027538649991E-010
          10          23   1.1565666801507673E-009
          10          24  -3.1576415844781732E-010
          10          25  -1.5984144673758939E-010
          10          26   3.5904348415979982E-011
          10          27   6.4431386363970497E-010
          10          28  -1.4786111363885303E-010
          10          29   5.7445177083725582E-010
          10          30  -6.5938621362978801E-011
          10          31   6.2536814206457950E-010
          10          32   7.7076787915714471E-011
          10          33   1.9392026132800701E-009
          10          34  -4.0532173589086667E-010
          10          35   3.1333180239394708E-010
          10          36   1.5851876786896276E-009
          10          37   6.3766651951286180E-010
          10          38   6.1580255734213129E-010
          10          39  -1.2685338521619442E-011
          10          40   5.7727243144817558E-010
          10          41   5.2144302136682008E-011
          10          42  -9.1595376033493662E-010
          10          43   3.4966365994442698E-003
          10          44   1.0172280727197580E-008
          10          45   1.5637348757414752E-003
          10          46   1.2293650365682953E-008
          10          47  -1.1886400306225049E-008
          10          48   4.7505578539697882E-009
          10          49  -1.2383129033918469E-008
          10          50   1.5637356939816377E-003
          10          51   1.0572302868294984E-008
          10          52  -1.4850276847831316E-008
          11           1  -4.4568455894911790E-011
          11           2  -5.5243803836333068E-011
          11           3  -1.0692588341197536E-009
          11           4   5.1460375252471758E-010
          11           5   9.7153936487724857E-010
          11           6  -1.9453812007721956E-009
          11           7  -2.4706493558723835E-008
          11           8 -0.61849930882312454     
          11           9  -2.0621737306421147E-009
          11          10   7.7287690329086459E-008
          11          11   1.5289924200200615     
          11          12   1.6635360839701975E-008
          11          13  -4.5452573079591924E-008
          11          14  0.45539771491618442     
          11          15  -1.0222776684394422E-008
          11          16  -4.4952490044697686E-008
          11          17   1.3363369537860551E-002
          11          18  -1.1342839403669316E-008
          11          19   6.2618563725036407E-010
          11          20  -6.5835653117094596E-010
          11          21  -1.7562282511907247E-010
          11          22   9.1185325974984870E-011
          11          23  -6.8633231532113904E-010
          11          24   4.9947836652036424E-010
          11          25  -3.4638272830036838E-010
          11          26  -2.8023771529420634E-010
          11          27  -5.1401744689770229E-010
          11          28   8.2891416980560423E-011
          11          29  -3.8675147573515800E-010
          11          30   3.7002652251080632E-010
          11          31  -8.2265003416108717E-011
          11          32  -1.2284917916686016E-010
          11          33  -1.0914920510736272E-010
          11          34  -6.2583284560772531E-010
          11          35   5.4784823002336713E-010
          11          36   1.2839156735399395E-010
          11          37   2.9063253440929986E-010
          11          38  -4.1999573440560197E-011
          11          39   9.4240221573149217E-010
          11          40  -1.8198008431136182E-010
          11          41  -5.8742929868235556E-010
          11          42   4.5323711651519455E-010
          11          43   1.0988421854286141E-008
          11          44   1.5637288136583249E-003
          11          45   1.1642905704962048E-008
          11          46   3.4965968925711995E-003
          11          47   4.0951917415044088E-009
          11          48  -1.0850156530219172E-008
          11          49   2.6298831359523889E-009
          11          50   1.0805544823166546E-008
          11          51   1.5637140474743312E-003
          11          52   1.9893473942536040E-009
          12           1   1.0818234350048007E-012
          12           2   4.4121159547974071E-010
          12           3   5.6695787611138955E-010
          12           4  -2.5387483855999899E-010
          12           5  -9.3024363056991864E-009
          12           6  -4.3065700062041974E-009
          12           7   3.1067615716863158E-008
          12           8  -5.4972263895375803E-009
          12           9 -0.61849931175458661     
          12          10  -8.9888948009371958E-008
          12          11   1.6635360839701975E-008
          12          12   1.5289924324287876     
          12          13   5.3623569321749656E-008
          12          14  -9.0037914077464823E-009
          12          15  0.45539770771374960     
          12          16   5.2716952816722475E-008
          12          17  -1.1329383201989419E-008
          12          18   1.3363363285263122E-002
          12          19  -4.0927502909520373E-010
          12          20  -4.5045250348205257E-010
          12          21   9.3623061966901531E-010
          12          22  -6.0360763473810819E-011
          12          23  -1.4205331634728215E-009
          12          24   2.0733494621307955E-010
          12          25   1.3890406634274605E-009
          12          26  -4.4172106282614271E-011
          12          27   1.7218924198078374E-009
          12          28   2.6947972333215558E-010
          12          29  -4.8915066342448654E-010
          12          30   1.0482512105402482E-009
          12          31   3.1677816537746684E-009
          12          32   1.3204547240528218E-010
          12          33   2.4458271220203700E-009
          12          34  -5.8378691341062489E-010
          12          35  -4.4395612080798275E-010
          12          36   3.7978974185843238E-009
          12          37   2.6919709210301977E-009
          12          38   3.4716406680026191E-010
          12          39   3.5259915990424857E-009
          12          40   1.9198744905165107E-010
          12          41  -8.9919113802157607E-011
          12          42   2.2508076784473051E-009
          12          43  -1.3193915283817201E-008
          12          44   3.7408703541683528E-009
          12          45  -1.2807366261964663E-008
          12          46   1.1943665752680744E-009
          12          47   1.5637300489197226E-003
          12          48   9.2633379337285543E-009
          12          49   1.5637143542950693E-003
          12          50  -1.3441405657262648E-008
          12          51   2.0678402352564203E-009
          12          52   3.4965997065501443E-003
          13           1  -4.5040255710941747E-011
          13           2   1.9304375904441897E-010
          13           3  -1.5875257303202518E-010
          13           4  -3.9191164764708361E-012
          13           5  -1.4194819719792364E-009
          13           6   6.6791228281173905E-010
          13           7 -0.20126534510751060     
          13           8   1.7253810151268493E-008
          13           9  -2.1343736413917222E-008
          13          10  0.45539761385756206     
          13          11  -4.5452573079591924E-008
          13          12   5.3623569321749656E-008
          13          13  0.13578398532784841     
          13          14  -3.3603559171931895E-008
          13          15   3.9450386790475800E-008
          13          16   3.9801919206278649E-003
          13          17  -1.3521314980009199E-008
          13          18   1.5694272645135933E-008
          13          19  -2.4701928719073994E-010
          13          20  -3.0359735861991883E-011
          13          21   2.7569338711368794E-011
          13          22  -9.6507610079288636E-011
          13          23  -3.8821129574223059E-010
          13          24   1.5551240262747547E-010
          13          25  -4.5477476385961360E-011
          13          26  -8.6604363985145609E-011
          13          27   2.2022211686099940E-011
          13          28   1.8915735218672431E-013
          13          29  -2.6509796335524459E-010
          13          30   1.2434111489775612E-010
          13          31   1.7190513168746109E-010
          13          32  -3.7745127179555039E-011
          13          33   4.6047811330152453E-010
          13          34  -8.5109377918382393E-011
          13          35  -1.6692621691406642E-010
          13          36   5.2866231461397092E-010
          13          37   1.6977001452176696E-010
          13          38   1.7891810046806101E-010
          13          39  -4.4514283572745156E-011
          13          40   1.7285892448528017E-010
          13          41  -1.2600095205861195E-011
          13          42  -2.9620532238340677E-010
          13          43   1.0729834620921217E-003
          13          44   2.9147621038669418E-009
          13          45   4.7985026687505622E-004
          13          46   3.4195928491965246E-009
          13          47  -3.3937929155757255E-009
          13          48   1.4173140170110520E-009
          13          49  -3.5647577920638684E-009
          13          50   4.7985050981734202E-004
          13          51   3.0443905775027713E-009
          13          52  -4.1289309376495255E-009
          14           1   8.6717459933951250E-013
          14           2  -5.7062624304357536E-011
          14           3  -2.7410607998726634E-010
          14           4   2.0541080949906543E-010
          14           5   2.0057704637417914E-010
          14           6  -6.4537661864204699E-010
          14           7   1.9483647174194011E-008
          14           8 -0.20126538735334260     
          14           9   5.0995586142125297E-009
          14          10  -4.6269469566428934E-008
          14          11  0.45539771491618442     
          14          12  -9.0037914077464823E-009
          14          13  -3.3603559171931895E-008
          14          14  0.13578405935210294     
          14          15  -7.0653128681897417E-009
          14          16  -1.3636288134964702E-008
          14          17   3.9802207865152067E-003
          14          18  -3.4241427822484631E-009
          14          19   8.3415733045863230E-011
          14          20  -1.1688250725278580E-010
          14          21   2.2068936515403623E-010
          14          22  -3.5278605403396273E-010
          14          23   3.0779524887768021E-010
          14          24  -9.9442276660310731E-011
          14          25  -1.4439003876922944E-010
          14          26  -2.1656662367430957E-011
          14          27   2.7885837256457773E-011
          14          28  -2.1135776453887737E-010
          14          29   1.7798151700974975E-010
          14          30  -2.3394880228763295E-012
          14          31  -1.8686848653392866E-011
          14          32  -1.3324338113567771E-011
          14          33   1.0031836200657324E-010
          14          34  -3.3145510608219158E-010
          14          35   3.5483029445830493E-010
          14          36  -1.0473407052799998E-011
          14          37   1.1865869585654796E-010
          14          38  -8.4113026302074620E-012
          14          39   3.4160113553176312E-010
          14          40  -6.1415394900028390E-011
          14          41  -1.4577693302913180E-010
          14          42   1.6258456449771390E-010
          14          43   3.0320228781624986E-009
          14          44   4.7984868232118122E-004
          14          45   3.3243046990425530E-009
          14          46   1.0729722255069791E-003
          14          47   1.1958924785438343E-009
          14          48  -3.2163632831434666E-009
          14          49   7.6242010029120187E-010
          14          50   3.1026941419312868E-009
          14          51   4.7984428519645802E-004
          14          52   5.3246823783982966E-010
          15           1   2.2715633257196463E-012
          15           2   1.3154866560210634E-010
          15           3   1.6863849461064745E-010
          15           4  -9.8666143161934560E-011
          15           5  -2.6650006821374967E-009
          15           6  -1.1721819607106247E-009
          15           7  -2.3264591982342886E-008
          15           8   3.0725898492246460E-009
          15           9 -0.20126538907013075     
          15          10   5.4201184943911165E-008
          15          11  -1.0222776684394422E-008
          15          12  0.45539770771374960     
          15          13   3.9450386790475800E-008
          15          14  -7.0653128681897417E-009
          15          15  0.13578405412321612     
          15          16   1.5963638600220315E-008
          15          17  -3.4174656127018811E-009
          15          18   3.9802188681040216E-003
          15          19  -7.6789426013664874E-011
          15          20  -1.1173683375291115E-010
          15          21  -4.7310860681237158E-011
          15          22  -3.3442219475128258E-010
          15          23   1.2609819908456100E-010
          15          24   2.5719916231092868E-010
          15          25   4.5084611158794295E-010
          15          26  -1.2050069498952858E-011
          15          27   2.9338460305326979E-010
          15          28  -1.1492921596079673E-010
          15          29   2.0688366767820579E-010
          15          30   4.5461601388771030E-010
          15          31   9.2923092994898024E-010
          15          32   4.2325706120187056E-011
          15          33   5.7754411011058925E-010
          15          34  -2.6950182019374110E-010
          15          35   5.5720717271840536E-011
          15          36   1.1702040964958586E-009
          15          37   7.7212950811840832E-010
          15          38   1.1721866301319270E-010
          15          39   9.9539280231892462E-010
          15          40   4.3305020076600076E-011
          15          41   3.7844673259393137E-012
          15          42   6.1765251594288660E-010
          15          43  -3.6281606245585347E-009
          15          44   1.1100657409048567E-009
          15          45  -3.6835066104364559E-009
          15          46   3.1233781754801217E-010
          15          47   4.7984903614362360E-004
          15          48   2.7639895033822819E-009
          15          49   4.7984436863778013E-004
          15          50  -3.8421374180859663E-009
          15          51   6.0001937686117165E-010
          15          52   1.0729730139428287E-003
          16           1   2.2520263931966709E-012
          16           2  -6.9144238765595405E-012
          16           3   1.9367789601400905E-011
          16           4   3.3210906339954462E-011
