           1           1  0.47807601063176464     
           1           2  0.78550748024037731     
           1           3  -1.1923893875713243     
           1           4   1.0340810341634912     
           1           5  -3.1521834975232463E-002
           1           6   2.4972711761988990E-014
           1           7  -6.5254581876289515E-014
           1           8   3.1968808830921153E-014
           1           9   1.8252552441441878E-015
           1          10  -8.8236628285988148E-015
           1          11   6.4213703370510458E-015
           1          12  -1.0933331711404240E-015
           1          13   3.0402416611457043E-016
           1          14  -3.0852799559457428E-015
           1          15   7.0192403708538992E-002
           1          16   1.2505198968462261E-015
           1          17   7.0192403708541073E-002
           1          18  -1.4512051023570634E-015
           1          19   2.6145525467060085E-015
           1          20   7.0192403708544904E-002
           1          21 -0.24880457537430103     
           1          22  -1.1533822560239369E-015
           1          23 -0.24880457537430317     
           1          24  -3.8309524188676371E-016
           1          25  -9.5730312249132307E-017
           1          26 -0.24880457537430214     
           1          27  -3.1336474272480268E-015
           1          28   5.1602404030509396E-015
           1          29  -1.4237074141391469E-015
           1          30   8.1770533738999343E-015
           1          31  -3.6025908109817917E-015
           1          32  -4.1506894944304887E-016
           1          33  -1.4587635962727423E-015
           1          34  -2.3706995834906305E-016
           1          35   5.7346973401287574E-015
           1          36  -6.3141113362350715E-015
           2           1  0.78550748024037731     
           2           2   1.3653608768156316     
           2           3  -2.8807007575304722     
           2           4   2.4630491955427880     
           2           5  -7.3016450421162907E-002
           2           6   5.9022021802096041E-014
           2           7  -1.7626858135909308E-013
           2           8   8.4902901177388739E-014
           2           9   1.1285205336268412E-015
           2          10  -2.4515764448812048E-014
           2          11   1.2793938331785622E-014
           2          12  -1.3688482784653704E-015
           2          13   9.2518898644319178E-016
           2          14  -6.4464712479054991E-015
           2          15  0.14883730341001944     
           2          16   3.6409078647256798E-015
           2          17  0.14883730341002499     
           2          18  -1.0596500670450503E-015
           2          19   5.1044565664781486E-015
           2          20  0.14883730341003315     
           2          21 -0.59706420895882606     
           2          22  -1.3670529555624896E-015
           2          23 -0.59706420895883239     
           2          24  -3.3417971582774300E-015
           2          25  -2.9741421994344815E-016
           2          26 -0.59706420895882872     
           2          27  -5.3327111318938898E-015
           2          28   1.3145475934022978E-014
           2          29  -2.9165844954810515E-015
           2          30   2.4420936926774018E-014
           2          31  -8.5195980369657737E-015
           2          32  -1.1152850477051207E-015
           2          33  -3.3935654022428835E-015
           2          34   1.6160033740930012E-016
           2          35   1.3417025857958889E-014
           2          36  -1.4432695883632372E-014
           3           1  -1.1923893875713243     
           3           2  -2.8807007575304722     
           3           3   14.338633746056754     
           3           4  -12.000938912941965     
           3           5  0.34036337075098749     
           3           6  -5.5485480389071090E-013
           3           7   8.2577676207565543E-013
           3           8  -4.2843152878864714E-013
           3           9  -1.8020555178284385E-014
           3          10   1.2010592580214053E-013
           3          11  -3.6854109130042610E-014
           3          12   2.8534356803040823E-015
           3          13  -2.2471075222848003E-015
           3          14   2.3670060015468001E-014
           3          15 -0.58828858453141619     
           3          16  -2.2680851491252510E-014
           3          17 -0.58828858453144817     
           3          18  -1.2717931807286066E-014
           3          19  -1.6492857518982755E-014
           3          20 -0.58828858453148036     
           3          21   2.9422779717698719     
           3          22  -3.6350490554149597E-015
           3          23   2.9422779717699115     
           3          24   3.4405038831792109E-014
           3          25   1.9668135335025143E-015
           3          26   2.9422779717698835     
           3          27   5.1705213385192246E-014
           3          28  -5.7460073260336097E-014
           3          29   2.9284459709923836E-014
           3          30  -1.2688385817086082E-013
           3          31   3.7575778559091174E-014
           3          32   6.3788577231453013E-015
           3          33   1.2452711415830808E-014
           3          34   1.2408185995862686E-014
           3          35  -5.0601621671498697E-014
           3          36   5.8019476594866208E-014
           4           1   1.0340810341634912     
           4           2   2.4630491955427880     
           4           3  -12.000938912941965     
           4           4   10.047807316319265     
           4           5 -0.28517880162794673     
           4           6   7.3148715378346305E-013
           4           7  -5.1291027023038727E-013
           4           8   3.0354630204157938E-013
           4           9   5.1433633324139750E-014
           4          10  -7.6402124678945120E-014
           4          11   2.3784518159517323E-014
           4          12  -7.8372660225085851E-015
           4          13  -1.6565971436358716E-015
           4          14  -1.8826639811089282E-014
           4          15  0.49440320710345259     
           4          16   1.8922543692089318E-014
           4          17  0.49440320710347929     
           4          18   1.0405498949523223E-014
           4          19   1.3922348935540421E-014
           4          20  0.49440320710350638     
           4          21  -2.4629776793196765     
           4          22   2.9037551840509977E-015
           4          23  -2.4629776793197098     
           4          24  -2.8559790451255291E-014
           4          25  -1.6396939311845523E-015
           4          26  -2.4629776793196863     
           4          27  -8.4539861778859542E-014
           4          28   3.5895503905238095E-014
           4          29  -4.2917394783564756E-014
           4          30   7.8617479347514815E-014
           4          31  -2.7734882359392426E-014
           4          32  -5.3278913358374528E-015
           4          33  -6.7025449374920528E-015
           4          34  -2.8813187893958426E-014
           4          35   3.0264261843529456E-014
           4          36  -4.0293960453810718E-014
           5           1  -3.1521834975232463E-002
           5           2  -7.3016450421162907E-002
           5           3  0.34036337075098749     
           5           4 -0.28517880162794673     
           5           5   8.1066972545229717E-003
           5           6   5.6641789400428429E-015
           5           7   3.2221569599682053E-014
           5           8  -1.4079645011820200E-014
           5           9   2.0872480806458504E-015
           5          10   4.5482420691974030E-015
           5          11  -1.4351935497999113E-015
           5          12  -2.9708562145849107E-016
           5          13  -3.0661927401041662E-016
           5          14   6.4995336073563885E-016
           5          15  -1.4145118106902293E-002
           5          16  -5.3298973983547710E-016
           5          17  -1.4145118106903045E-002
           5          18  -2.8058894142121657E-016
           5          19  -4.0205406001993348E-016
           5          20  -1.4145118106903821E-002
           5          21   6.9877378127503442E-002
           5          22  -7.3926526926251045E-017
           5          23   6.9877378127504386E-002
           5          24   7.9564840477161058E-016
           5          25   4.6111295803686597E-017
           5          26   6.9877378127503734E-002
           5          27  -1.6507955129580861E-015
           5          28  -2.2369128884435740E-015
           5          29  -5.9616827486958620E-016
           5          30  -4.9364771475733177E-015
           5          31   1.1669792033176331E-015
           5          32   1.5043833749924470E-016
           5          33   5.7015657342616974E-016
           5          34  -9.9492814921787233E-016
           5          35  -2.0838311585218786E-015
           5          36   1.9957832553785575E-015
           6           1   2.4972711761988990E-014
           6           2   5.9022021802096041E-014
           6           3  -5.5485480389071090E-013
           6           4   7.3148715378346305E-013
           6           5   5.6641789400428429E-015
           6           6   2.3587604303594292     
           6           7   3.7180807579633768E-002
           6           8   1.4658749553896474E-002
           6           9  0.31834663062254343     
           6          10   5.0180529842770646E-003
           6          11   1.9783965635357280E-003
           6          12  -4.7046488797782039E-002
           6          13  -7.4158715940294889E-004
           6          14  -2.9237504911548711E-004
           6          15   6.4720038245884786E-017
           6          16   2.4052073279660046E-015
           6          17  -3.3632833225557691E-016
           6          18  -4.3984711745175142E-015
           6          19  -9.0975585509519892E-016
           6          20   1.8430906205685254E-015
           6          21  -1.9452805578990125E-013
           6          22  -1.4395819932380871E-015
           6          23  -1.9486548486859819E-013
           6          24   7.5865193616060744E-015
           6          25  -2.0693182836061500E-015
           6          26  -1.9523350983065184E-013
           6          27 -0.36265867829461773     
           6          28  -2.5565133045557659E-003
           6          29 -0.16218589145940163     
           6          30  -5.7165375343742348E-003
           6          31  -1.0079202336462536E-003
           6          32   1.2535936003940057E-015
           6          33  -1.0079202336443400E-003
           6          34 -0.16218589145940132     
           6          35  -2.5565133045548755E-003
           6          36  -2.2537781583289273E-003
           7           1  -6.5254581876289515E-014
           7           2  -1.7626858135909308E-013
           7           3   8.2577676207565543E-013
           7           4  -5.1291027023038727E-013
           7           5   3.2221569599682053E-014
           7           6   3.7180807579633768E-002
           7           7   1.3399803250461766     
           7           8 -0.40219424617410815     
           7           9   5.0180529842906892E-003
           7          10  0.18084847282010871     
           7          11  -5.4281554615443296E-002
           7          12  -7.4158715941006798E-004
           7          13  -2.6726482494851374E-002
           7          14   8.0219367993575805E-003
           7          15  -4.9821898581111699E-014
           7          16   8.2511370860234697E-016
           7          17  -4.8496395827777137E-014
           7          18  -3.0077978434611025E-015
           7          19  -3.0871038312979989E-017
           7          20  -4.8816586060064800E-014
           7          21   1.1373840922201255E-013
           7          22  -2.2224625030711544E-015
           7          23   1.1841134256121834E-013
           7          24   1.5080307104234472E-015
           7          25   3.4605906983546069E-016
           7          26   1.1326448496203742E-013
           7          27  -5.7165375343784328E-003
           7          28  -9.2135640719800585E-002
           7          29  -2.5565133045598884E-003
           7          30 -0.20602155579997067     
           7          31   2.7654454227743392E-002
           7          32   1.9188847840944197E-016
           7          33   2.7654454227742840E-002
           7          34  -2.5565133045578974E-003
           7          35  -9.2135640719799267E-002
           7          36   6.1837239533891433E-002
           8           1   3.1968808830921153E-014
           8           2   8.4902901177388739E-014
           8           3  -4.2843152878864714E-013
           8           4   3.0354630204157938E-013
           8           5  -1.4079645011820200E-014
           8           6   1.4658749553896474E-002
           8           7 -0.40219424617410815     
           8           8   2.2015481371493761     
           8           9   1.9783965635305641E-003
           8          10  -5.4281554615454801E-002
           8          11  0.29712870480366449     
           8          12  -2.9237504911765752E-004
           8          13   8.0219367993601392E-003
           8          14  -4.3910822158575571E-002
           8          15   2.3537341382629944E-014
           8          16   5.8149728580831538E-016
           8          17   2.2376799989897475E-014
           8          18  -2.7531883617831006E-016
           8          19   2.2330304255506843E-015
           8          20   2.3119452092706376E-014
           8          21  -7.2999879926260906E-014
           8          22   2.5377729148048284E-015
           8          23  -6.7513423369455056E-014
           8          24   2.9210939908640129E-015
           8          25  -1.5721265785587020E-015
           8          26  -7.0196113761006005E-014
           8          27  -2.2537781583249102E-003
           8          28   2.7654454227745890E-002
           8          29  -1.0079202336448414E-003
           8          30   6.1837239533892939E-002
           8          31 -0.15137613918677612     
           8          32   1.4992481822114556E-015
           8          33 -0.15137613918677389     
           8          34  -1.0079202336429882E-003
           8          35   2.7654454227744166E-002
           8          36 -0.33848733739310077     
           9           1   1.8252552441441878E-015
           9           2   1.1285205336268412E-015
           9           3  -1.8020555178284385E-014
           9           4   5.1433633324139750E-014
           9           5   2.0872480806458504E-015
           9           6  0.31834663062254343     
           9           7   5.0180529842906892E-003
           9           8   1.9783965635305641E-003
           9           9   4.2965184562335196E-002
           9          10   6.7725413707456520E-004
           9          11   2.6701138103279429E-004
           9          12  -6.3495601327825087E-003
           9          13  -1.0008721974054226E-004
           9          14  -3.9459968280746289E-005
           9          15  -2.1456015539529573E-015
           9          16   3.2461526781238971E-016
           9          17  -2.1997284571445048E-015
           9          18  -5.9363318982114863E-016
           9          19  -1.2278386029847725E-016
           9          20  -1.9055863851408370E-015
           9          21  -1.4620289495462106E-014
           9          22  -1.9429106540610096E-016
           9          23  -1.4665830114549289E-014
           9          24   1.0239034222531474E-015
           9          25  -2.7928249719333976E-016
           9          26  -1.4715500062012812E-014
           9          27  -4.8945694872252851E-002
           9          28  -3.4503605629943333E-004
           9          29  -2.1889180188064468E-002
           9          30  -7.7152407657464148E-004
           9          31  -1.3603247120274443E-004
           9          32   1.6918941564347685E-016
           9          33  -1.3603247120248709E-004
           9          34  -2.1889180188064433E-002
           9          35  -3.4503605629931358E-004
           9          36  -3.0417785275640774E-004
          10           1  -8.8236628285988148E-015
          10           2  -2.4515764448812048E-014
          10           3   1.2010592580214053E-013
          10           4  -7.6402124678945120E-014
          10           5   4.5482420691974030E-015
          10           6   5.0180529842770646E-003
          10           7  0.18084847282010871     
          10           8  -5.4281554615454801E-002
          10           9   6.7725413707456520E-004
          10          10   2.4407948019862541E-002
          10          11  -7.3260301446342836E-003
          10          12  -1.0008721974123128E-004
          10          13  -3.6071003825229120E-003
          10          14   1.0826688960327733E-003
          10          15  -7.0398141607119402E-015
          10          16   1.1136025754593165E-016
          10          17  -6.8609196320544971E-015
          10          18  -4.0594301003843448E-016
          10          19  -4.1664642599052159E-018
          10          20  -6.9041336356027881E-015
          10          21   1.7119120663264402E-014
          10          22  -2.9995138142533663E-016
          10          23   1.7749796235278070E-014
          10          24   2.0352914580029451E-016
          10          25   4.6705353142525836E-017
          10          26   1.7055158172885345E-014
          10          27  -7.7152407657311319E-004
          10          28  -1.2434951174304706E-002
          10          29  -3.4503605629905316E-004
          10          30  -2.7805396122636005E-002
          10          31   3.7323427219642918E-003
          10          32   2.5897946129107405E-017
          10          33   3.7323427219642172E-003
          10          34  -3.4503605629878438E-004
          10          35  -1.2434951174304529E-002
          10          36   8.3457720416388569E-003
          11           1   6.4213703370510458E-015
          11           2   1.2793938331785622E-014
          11           3  -3.6854109130042610E-014
          11           4   2.3784518159517323E-014
          11           5  -1.4351935497999113E-015
          11           6   1.9783965635357280E-003
          11           7  -5.4281554615443296E-002
          11           8  0.29712870480366449     
          11           9   2.6701138103279429E-004
          11          10  -7.3260301446342836E-003
          11          11   4.0101538425872246E-002
          11          12  -3.9459968281142342E-005
          11          13   1.0826688960328889E-003
          11          14  -5.9263594988821968E-003
          11          15   2.5325302841017471E-015
          11          16   7.8480925519396548E-017
          11          17   2.3758995227411286E-015
          11          18  -3.7158001599608989E-017
          11          19   3.0137766553228183E-016
          11          20   2.4761304710014619E-015
          11          21  -5.5915332384821636E-015
          11          22   3.4250678717299980E-016
          11          23  -4.8510617024855706E-015
          11          24   3.9424115215541048E-016
          11          25  -2.1217975032760558E-016
          11          26  -5.2131270636649942E-015
          11          27  -3.0417785275665900E-004
          11          28   3.7323427219638394E-003
          11          29  -1.3603247120290814E-004
          11          30   8.3457720416372939E-003
          11          31  -2.0430257878887449E-002
          11          32   2.0234382480347163E-016
          11          33  -2.0430257878887144E-002
          11          34  -1.3603247120265864E-004
          11          35   3.7323427219636066E-003
          11          36  -4.5683445415042948E-002
          12           1  -1.0933331711404240E-015
          12           2  -1.3688482784653704E-015
          12           3   2.8534356803040823E-015
          12           4  -7.8372660225085851E-015
          12           5  -2.9708562145849107E-016
          12           6  -4.7046488797782039E-002
          12           7  -7.4158715941006798E-004
          12           8  -2.9237504911765752E-004
          12           9  -6.3495601327825087E-003
          12          10  -1.0008721974123128E-004
          12          11  -3.9459968281142342E-005
          12          12   9.3836240413044264E-004
          12          13   1.4791274068448618E-005
          12          14   5.8315457967010583E-006
          12          15   2.6393360174810420E-016
          12          16  -4.7972892098335622E-017
          12          17   2.7193268356556055E-016
          12          18   8.7729394717628529E-017
          12          19   1.8145470856037405E-017
          12          20   2.2846323748278994E-016
          12          21   2.2084876876023008E-015
          12          22   2.8713080500525073E-017
          12          23   2.2152178553491358E-015
          12          24  -1.5131638362511969E-016
          12          25   4.1273440997095748E-017
          12          26   2.2225582711165580E-015
          12          27   7.2333829354625408E-003
          12          28   5.0990754718250004E-005
          12          29   3.2348671901963047E-003
          12          30   1.1401879377412334E-004
          12          31   2.0103401503348032E-005
          12          32  -2.5003462207873321E-017
          12          33   2.0103401503309929E-005
          12          34   3.2348671901962990E-003
          12          35   5.0990754718232271E-005
          12          36   4.4952572340426340E-005
          13           1   3.0402416611457043E-016
          13           2   9.2518898644319178E-016
          13           3  -2.2471075222848003E-015
          13           4  -1.6565971436358716E-015
          13           5  -3.0661927401041662E-016
          13           6  -7.4158715940294889E-004
          13           7  -2.6726482494851374E-002
          13           8   8.0219367993601392E-003
          13           9  -1.0008721974054226E-004
          13          10  -3.6071003825229120E-003
          13          11   1.0826688960328889E-003
          13          12   1.4791274068448618E-005
          13          13   5.3307116022243187E-004
          13          14  -1.6000097123480578E-004
          13          15   4.2056163400536633E-016
          13          16  -1.6457246928962736E-017
          13          17   3.9412391288979719E-016
          13          18   5.9991818468302511E-017
          13          19   6.1573610419908686E-019
          13          20   4.0051024444875966E-016
          13          21   6.4804517659304241E-016
          13          22   4.4327968160082635E-017
          13          23   5.5484151624413204E-016
          13          24  -3.0078319532296739E-017
          13          25  -6.9022966227779400E-018
          13          26   6.5749779929307417E-016
          13          27   1.1401879377311243E-004
          13          28   1.8376848844887383E-003
          13          29   5.0990754717842778E-005
          13          30   4.1091883229406462E-003
          13          31  -5.5157995457677609E-004
          13          32  -3.8272980306464795E-018
          13          33  -5.5157995457676503E-004
          13          34   5.0990754717803062E-005
          13          35   1.8376848844887125E-003
          13          36  -1.2333702734599326E-003
          14           1  -3.0852799559457428E-015
          14           2  -6.4464712479054991E-015
          14           3   2.3670060015468001E-014
          14           4  -1.8826639811089282E-014
          14           5   6.4995336073563885E-016
          14           6  -2.9237504911548711E-004
          14           7   8.0219367993575805E-003
          14           8  -4.3910822158575571E-002
          14           9  -3.9459968280746289E-005
          14          10   1.0826688960327733E-003
          14          11  -5.9263594988821968E-003
          14          12   5.8315457967010583E-006
          14          13  -1.6000097123480578E-004
          14          14   8.7582018766970294E-004
          14          15  -1.1568010727081137E-015
          14          16  -1.1598212853947946E-017
          14          17  -1.1336535767056608E-015
          14          18   5.4913523117282878E-018
          14          19  -4.4538749908077658E-017
          14          20  -1.1484660915273635E-015
          14          21   4.5725744874615214E-015
          14          22  -5.0616969604459984E-017
          14          23   4.4631447574995390E-015
          14          24  -5.8262472928407032E-017
          14          25   3.1356739122339785E-017
          14          26   4.5166521683537839E-015
          14          27   4.4952572340012453E-005
          14          28  -5.5157995457665000E-004
          14          29   2.0103401503170423E-005
          14          30  -1.2333702734595698E-003
          14          31   3.0192620432497510E-003
          14          32  -2.9903148239076562E-017
          14          33   3.0192620432497063E-003
          14          34   2.0103401503133685E-005
          14          35  -5.5157995457661563E-004
          14          36   6.7512751705913459E-003
          15           1   7.0192403708538992E-002
          15           2  0.14883730341001944     
          15           3 -0.58828858453141619     
          15           4  0.49440320710345259     
          15           5  -1.4145118106902293E-002
          15           6   6.4720038245884786E-017
          15           7  -4.9821898581111699E-014
          15           8   2.3537341382629944E-014
          15           9  -2.1456015539529573E-015
          15          10  -7.0398141607119402E-015
          15          11   2.5325302841017471E-015
          15          12   2.6393360174810420E-016
          15          13   4.2056163400536633E-016
          15          14  -1.1568010727081137E-015
          15          15   2.5330481355746174E-002
          15          16   8.9487500782877215E-016
          15          17   2.5330481355747451E-002
          15          18   3.8095998288665533E-016
          15          19   7.4645023543635850E-016
          15          20   2.5330481355748842E-002
          15          21 -0.12094809677424678     
          15          22   6.7424628572790137E-017
          15          23 -0.12094809677424835     
          15          24  -1.2724733019455244E-015
          15          25  -7.6887267027516151E-017
          15          26 -0.12094809677424728     
          15          27   1.2515008721712333E-015
          15          28   3.4882474830201109E-015
          15          29   3.3441566920440115E-016
          15          30   7.5530491512938408E-015
          15          31  -1.9923868769594609E-015
          15          32  -2.5523557152765586E-016
          15          33  -9.5856648254375669E-016
          15          34   1.0146500134702023E-015
          15          35   3.2711215262504300E-015
          15          36  -3.4118986233424206E-015
          16           1   1.2505198968462261E-015
          16           2   3.6409078647256798E-015
          16           3  -2.2680851491252510E-014
          16           4   1.8922543692089318E-014
          16           5  -5.3298973983547710E-016
          16           6   2.4052073279660046E-015
          16           7   8.2511370860234697E-016
          16           8   5.8149728580831538E-016
          16           9   3.2461526781238971E-016
          16          10   1.1136025754593165E-016
          16          11   7.8480925519396548E-017
          16          12  -4.7972892098335622E-017
          16          13  -1.6457246928962736E-017
          16          14  -1.1598212853947946E-017
          16          15   8.9487500782877215E-016
          16          16   4.0167942284334229E-029
          16          17   8.9487500782882343E-016
          16          18   1.7676948388818644E-029
          16          19   2.3928148900001068E-029
          16          20   8.9487500782887470E-016
          16          21  -4.6471726125765921E-015
          16          22   6.1587758534523154E-030
          16          23  -4.6471726125766529E-015
          16          24  -4.8756254961015784E-029
          16          25  -5.6703308235907282E-030
          16          26  -4.6471726125766111E-015
          16          27  -3.6979987427194068E-016
          16          28  -5.6733952572133616E-017
          16          29  -1.6537953138860111E-016
          16          30  -1.2686097458354236E-016
          16          31  -3.9983143038271122E-017
          16          32  -8.3085467454623310E-030
          16          33  -3.9983143038229059E-017
          16          34  -1.6537953138857162E-016
          16          35  -5.6733952572145240E-017
          16          36  -8.9405025787627611E-017
          17           1   7.0192403708541073E-002
          17           2  0.14883730341002499     
          17           3 -0.58828858453144817     
          17           4  0.49440320710347929     
          17           5  -1.4145118106903045E-002
          17           6  -3.3632833225557691E-016
          17           7  -4.8496395827777137E-014
          17           8   2.2376799989897475E-014
          17           9  -2.1997284571445048E-015
          17          10  -6.8609196320544971E-015
          17          11   2.3758995227411286E-015
          17          12   2.7193268356556055E-016
          17          13   3.9412391288979719E-016
          17          14  -1.1336535767056608E-015
          17          15   2.5330481355747451E-002
          17          16   8.9487500782882343E-016
          17          17   2.5330481355748731E-002
          17          18   3.8095998288668580E-016
          17          19   7.4645023543639252E-016
          17          20   2.5330481355750119E-002
          17          21 -0.12094809677425333     
          17          22   6.7424628572797878E-017
          17          23 -0.12094809677425490     
          17          24  -1.2724733019456061E-015
          17          25  -7.6887267027519393E-017
          17          26 -0.12094809677425383     
          17          27   1.3131619336789890E-015
          17          28   3.3971073049356816E-015
          17          29   3.6199133422361508E-016
          17          30   7.3492535176156255E-015
          17          31  -1.9125892688882062E-015
          17          32  -2.5523557152767085E-016
          17          33  -8.7876887447244708E-016
          17          34   1.0422256784894552E-015
          17          35   3.1799813481659846E-015
          17          36  -3.2334657472531501E-015
          18           1  -1.4512051023570634E-015
          18           2  -1.0596500670450503E-015
          18           3  -1.2717931807286066E-014
          18           4   1.0405498949523223E-014
          18           5  -2.8058894142121657E-016
          18           6  -4.3984711745175142E-015
          18           7  -3.0077978434611025E-015
          18           8  -2.7531883617831006E-016
          18           9  -5.9363318982114863E-016
          18          10  -4.0594301003843448E-016
          18          11  -3.7158001599608989E-017
          18          12   8.7729394717628529E-017
          18          13   5.9991818468302511E-017
          18          14   5.4913523117282878E-018
          18          15   3.8095998288665533E-016
          18          16   1.7676948388818644E-029
          18          17   3.8095998288668580E-016
          18          18   4.3154614426670875E-029
          18          19   6.9172333440987360E-030
          18          20   3.8095998288670315E-016
          18          21  -2.5823856140632420E-015
          18          22   1.9347651218973873E-029
          18          23  -2.5823856140632984E-015
          18          24  -6.5904877054002778E-029
          18          25   1.6200491248894619E-030
          18          26  -2.5823856140632503E-015
          18          27   6.7626356714171635E-016
          18          28   2.0681302276088099E-016
          18          29   3.0243426136707168E-016
          18          30   4.6244797752556917E-016
          18          31   1.8930634203637548E-017
          18          32  -9.9758880006294628E-030
          18          33   1.8930634203656049E-017
          18          34   3.0243426136708193E-016
          18          35   2.0681302276086356E-016
          18          36   4.2330184936537107E-017
          19           1   2.6145525467060085E-015
          19           2   5.1044565664781486E-015
          19           3  -1.6492857518982755E-014
          19           4   1.3922348935540421E-014
          19           5  -4.0205406001993348E-016
          19           6  -9.0975585509519892E-016
          19           7  -3.0871038312979989E-017
          19           8   2.2330304255506843E-015
          19           9  -1.2278386029847725E-016
          19          10  -4.1664642599052159E-018
          19          11   3.0137766553228183E-016
          19          12   1.8145470856037405E-017
          19          13   6.1573610419908686E-019
          19          14  -4.4538749908077658E-017
          19          15   7.4645023543635850E-016
          19          16   2.3928148900001068E-029
          19          17   7.4645023543639252E-016
          19          18   6.9172333440987360E-030
          19          19   2.5797643185155168E-029
          19          20   7.4645023543643324E-016
          19          21  -3.3978618919884434E-015
          19          22   2.0129372366010966E-030
          19          23  -3.3978618919884789E-015
          19          24  -3.0854871163029490E-029
          19          25  -2.7982612676908353E-030
          19          26  -3.3978618919884545E-015
          19          27   1.3987467812889233E-016
          19          28   2.1226601924594487E-018
          19          29   6.2553857725415842E-017
          19          30   4.7464124834584332E-018
          19          31  -1.5354082829375601E-016
          19          32  -5.7875180397353646E-030
          19          33  -1.5354082829372544E-016
          19          34   6.2553857725437017E-017
          19          35   2.1226601924535199E-018
          19          36  -3.4332772938643288E-016
          20           1   7.0192403708544904E-002
          20           2  0.14883730341003315     
          20           3 -0.58828858453148036     
          20           4  0.49440320710350638     
          20           5  -1.4145118106903821E-002
          20           6   1.8430906205685254E-015
          20           7  -4.8816586060064800E-014
          20           8   2.3119452092706376E-014
          20           9  -1.9055863851408370E-015
          20          10  -6.9041336356027881E-015
          20          11   2.4761304710014619E-015
          20          12   2.2846323748278994E-016
          20          13   4.0051024444875966E-016
          20          14  -1.1484660915273635E-015
          20          15   2.5330481355748842E-002
          20          16   8.9487500782887470E-016
          20          17   2.5330481355750119E-002
          20          18   3.8095998288670315E-016
          20          19   7.4645023543643324E-016
          20          20   2.5330481355751507E-002
          20          21 -0.12094809677425997     
          20          22   6.7424628572801428E-017
          20          23 -0.12094809677426153     
          20          24  -1.2724733019456684E-015
          20          25  -7.6887267027526061E-017
          20          26 -0.12094809677426045     
          20          27   9.7807695145346169E-016
          20          28   3.4191232492392210E-015
          20          29   2.1213677452448216E-016
          20          30   7.3984826656671694E-015
          20          31  -1.9636532479969091E-015
          20          32  -2.5523557152768327E-016
          20          33  -9.2983285358109132E-016
          20          34   8.9237111879035964E-016
          20          35   3.2019972924695122E-015
          20          36  -3.3476482757417807E-015
          21           1 -0.24880457537430103     
          21           2 -0.59706420895882606     
          21           3   2.9422779717698719     
          21           4  -2.4629776793196765     
          21           5   6.9877378127503442E-002
          21           6  -1.9452805578990125E-013
          21           7   1.1373840922201255E-013
          21           8  -7.2999879926260906E-014
          21           9  -1.4620289495462106E-014
          21          10   1.7119120663264402E-014
          21          11  -5.5915332384821636E-015
          21          12   2.2084876876023008E-015
          21          13   6.4804517659304241E-016
          21          14   4.5725744874615214E-015
          21          15 -0.12094809677424678     
          21          16  -4.6471726125765921E-015
          21          17 -0.12094809677425333     
          21          18  -2.5823856140632420E-015
          21          19  -3.3978618919884434E-015
          21          20 -0.12094809677425997     
          21          21  0.60379840601369705     
          21          22  -7.3005482405285200E-016
          21          23  0.60379840601370527     
          21          24   7.0329010044807262E-015
          21          25   4.0285004115117508E-016
          21          26  0.60379840601369961     
          21          27   2.3035952059583149E-014
          21          28  -7.9668960559277313E-015
          21          29   1.1560924391914282E-014
          21          30  -1.7450880147455146E-014
          21          31   6.6929994369355237E-015
          21          32   1.3076804833963324E-015
          21          33   1.5371681772312158E-015
          21          34   8.1002855241325336E-015
          21          35  -6.5720152921311400E-015
          21          36   9.6348859336777577E-015
          22           1  -1.1533822560239369E-015
          22           2  -1.3670529555624896E-015
          22           3  -3.6350490554149597E-015
          22           4   2.9037551840509977E-015
          22           5  -7.3926526926251045E-017
          22           6  -1.4395819932380871E-015
          22           7  -2.2224625030711544E-015
          22           8   2.5377729148048284E-015
          22           9  -1.9429106540610096E-016
          22          10  -2.9995138142533663E-016
          22          11   3.4250678717299980E-016
          22          12   2.8713080500525073E-017
          22          13   4.4327968160082635E-017
          22          14  -5.0616969604459984E-017
          22          15   6.7424628572790137E-017
          22          16   6.1587758534523154E-030
          22          17   6.7424628572797878E-017
          22          18   1.9347651218973873E-029
          22          19   2.0129372366010966E-030
          22          20   6.7424628572801428E-017
          22          21  -7.3005482405285200E-016
          22          22   1.2714394584178166E-029
          22          23  -7.3005482405286778E-016
          22          24  -2.2169228157098948E-029
          22          25  -1.4283641596710532E-030
          22          26  -7.3005482405285102E-016
          22          27   2.2133528112685144E-016
          22          28   1.5281418903604468E-016
