           1           1   2.4844152873701879     
           1           2  -1.5680144928018520     
           1           3  -2.7673911509612292     
           1           4  -4.8847389997425275     
           1           5  0.50601844832189846     
           1           6   4.4267203991291956E-002
           1           7   1.9645184364914698E-012
           1           8   2.7846329070077454E-012
           1           9   1.1604185752924932E-013
           1          10  -6.9172875201583431E-013
           1          11  -8.0266131015310027E-013
           1          12   1.0301239680251140E-013
           1          13  -2.2700837945148242E-013
           1          14  -3.3944970840121462E-013
           1          15  -2.2547063474402509E-014
           1          16   1.3670920557866153E-014
           1          17   5.6158527865669165E-014
           1          18   9.2447671356185863E-015
           1          19   3.0060379394593926     
           1          20   5.7068611825474964E-014
           1          21   3.0060379394595365     
           1          22  -1.1687287161234264E-013
           1          23   9.0762512780085969E-014
           1          24   3.0060379394591257     
           1          25   1.0068727851659216     
           1          26  -2.3721287228346114E-014
           1          27   1.0068727851658805     
           1          28   5.9517716447984632E-014
           1          29  -4.9059321149671366E-014
           1          30   1.0068727851659411     
           1          31 -0.20836126670532679     
           1          32   2.1846542083660060E-014
           1          33 -0.20836126670534683     
           1          34  -3.5040922444686799E-014
           1          35   2.2885595965407924E-014
           1          36 -0.20836126670535604     
           1          37  -5.5986911486382671E-002
           1          38  -1.2358626503611519E-014
           1          39  -5.5986911486402002E-002
           1          40   1.8962002764341503E-014
           1          41  -9.6123033965211832E-015
           1          42  -5.5986911486394460E-002
           1          43   3.7755620097442561E-013
           1          44   2.3137829037083052E-013
           1          45   1.5041037781270375E-013
           1          46   4.2892491814300772E-013
           1          47   3.4569230433722236E-014
           1          48   7.3325637635704660E-015
           1          49  -2.5239328019412967E-014
           1          50   1.4473062271413473E-013
           1          51   2.0066774015657376E-013
           1          52   2.2355261641589790E-015
           2           1  -1.5680144928018520     
           2           2   4.8660662751298798     
           2           3   7.0864275869119338     
           2           4   12.525553336846238     
           2           5  -1.3089400334139356     
           2           6 -0.11413565484067442     
           2           7  -6.7712931422587233E-012
           2           8  -9.8279079047529983E-012
           2           9  -4.6045433218569102E-013
           2          10   1.9824789499804187E-012
           2          11   2.5398245218450945E-012
           2          12  -1.9648170409356684E-013
           2          13   6.9567701807217064E-013
           2          14   1.0681319024308339E-012
           2          15   6.8099484952059300E-014
           2          16  -5.5390585607149812E-014
           2          17  -1.7368184753879192E-013
           2          18  -2.3744020712354111E-014
           2          19  -7.6648596236163886     
           2          20  -1.0405863867379453E-013
           2          21  -7.6648596236166711     
           2          22   2.6399494299486518E-013
           2          23  -2.4410584896536829E-013
           2          24  -7.6648596236157616     
           2          25  -2.5848917748484017     
           2          26   5.3234136092556208E-014
           2          27  -2.5848917748483276     
           2          28  -1.2417397812571362E-013
           2          29   1.2166683031084031E-013
           2          30  -2.5848917748484435     
           2          31  0.53898564601317933     
           2          32  -5.9681875098672048E-014
           2          33  0.53898564601324372     
           2          34   6.6103863103258518E-014
           2          35  -5.7407585907165433E-014
           2          36  0.53898564601324994     
           2          37  0.14464790257912935     
           2          38   3.6819323367519236E-014
           2          39  0.14464790257916355     
           2          40  -4.1608296440562397E-014
           2          41   2.4165091094291758E-014
           2          42  0.14464790257915708     
           2          43  -1.1234709240916921E-012
           2          44  -7.2343115385376231E-013
           2          45  -4.6322707206277875E-013
           2          46  -1.4094577306459181E-012
           2          47  -9.0890283927295402E-014
           2          48  -1.4372044673360389E-014
           2          49   4.6136494214375633E-014
           2          50  -4.4583609422201429E-013
           2          51  -6.5299586902901804E-013
           2          52  -2.7838845302882981E-014
           3           1  -2.7673911509612292     
           3           2   7.0864275869119338     
           3           3   10.652745085518054     
           3           4   21.201051007768612     
           3           5  -2.2069000550307423     
           3           6 -0.20066227316822555     
           3           7  -7.5989415450396301E-012
           3           8  -1.1813503871928468E-011
           3           9  -4.5746161069673059E-013
           3          10   2.5870858329249610E-012
           3          11   3.4899257745641370E-012
           3          12  -4.9769430634987947E-013
           3          13   8.6679109669098262E-013
           3          14   1.4849887366608802E-012
           3          15   9.1732311741222994E-014
           3          16  -3.8873967916304289E-014
           3          17  -2.5112342458277609E-013
           3          18  -4.1919261872396447E-014
           3          19  -12.453624974116755     
           3          20   6.6713376003024100E-014
           3          21  -12.453624974117721     
           3          22   5.6146950757786040E-013
           3          23  -7.5007576763715506E-013
           3          24  -12.453624974115822     
           3          25  -4.3617594646525566     
           3          26   2.2528800870915763E-014
           3          27  -4.3617594646522866     
           3          28  -2.6991158259404587E-013
           3          29   3.1463773783803941E-013
           3          30  -4.3617594646525610     
           3          31  0.90647504367662113     
           3          32  -8.2969733273753897E-014
           3          33  0.90647504367670639     
           3          34   1.4926551246579122E-013
           3          35  -1.3443049935865921E-013
           3          36  0.90647504367674303     
           3          37  0.24787962144838627     
           3          38   5.8175745548690600E-014
           3          39  0.24787962144846712     
           3          40  -9.1954457785030879E-014
           3          41   5.7500415926656555E-014
           3          42  0.24787962144844286     
           3          43  -1.4417778008530687E-012
           3          44  -1.0140180899603403E-012
           3          45  -5.7015069200621173E-013
           3          46  -1.8519691630522450E-012
           3          47  -1.5363197832283546E-013
           3          48  -2.9394888849656981E-014
           3          49   1.2290817315347790E-013
           3          50  -5.3295053759398019E-013
           3          51  -8.7140004932227123E-013
           3          52   6.9416634467970498E-015
           4           1  -4.8847389997425275     
           4           2   12.525553336846238     
           4           3   21.201051007768612     
           4           4   67.929840743383409     
           4           5  -6.9998991996508186     
           4           6 -0.71555811561131888     
           4           7  -1.1514116247356590E-011
           4           8  -1.5783590186296306E-011
           4           9  -2.0454975120429397E-014
           4          10   8.9019858180324716E-012
           4          11   8.2679940279088296E-012
           4          12  -2.6727419310980584E-012
           4          13   2.4123106044439242E-012
           4          14   3.6540100291011846E-012
           4          15   2.2907479675183021E-013
           4          16   2.4911192118777368E-014
           4          17  -6.8447551649343338E-013
           4          18  -1.7264041274719917E-013
           4          19  -34.848787475873891     
           4          20  -1.2339225033161952E-012
           4          21  -34.848787475877423     
           4          22   2.5000179794744269E-012
           4          23  -2.1729619847002453E-012
           4          24  -34.848787475868704     
           4          25  -13.848747738271772     
           4          26   5.3734721623443232E-013
           4          27  -13.848747738270788     
           4          28  -1.3028347971628157E-012
           4          29   1.0275979286610963E-012
           4          30  -13.848747738272159     
           4          31   2.8532972945392725     
           4          32  -5.5398533814257916E-013
           4          33   2.8532972945398289     
           4          34   7.6941547116291652E-013
           4          35  -3.7127115176329178E-013
           4          36   2.8532972945401021     
           4          37  0.82469268700907417     
           4          38   2.9973525841126348E-013
           4          39  0.82469268700937848     
           4          40  -4.8041391156285042E-013
           4          41   2.0900084703724542E-013
           4          42  0.82469268700921117     
           4          43  -4.3788908945096208E-012
           4          44  -2.5529188136455839E-012
           4          45  -1.6480384025799048E-012
           4          46  -3.7898024324252389E-012
           4          47  -5.9861332274052275E-013
           4          48  -1.3830569198918908E-013
           4          49   6.9967748360002382E-013
           4          50  -1.4511049478137315E-012
           4          51  -1.8794533266291988E-012
           4          52   2.8236366047486649E-013
           5           1  0.50601844832189846     
           5           2  -1.3089400334139356     
           5           3  -2.2069000550307423     
           5           4  -6.9998991996508186     
           5           5  0.72144395609768808     
           5           6   7.3611141447408268E-002
           5           7  -3.4412742959973279E-012
           5           8  -4.4121685319553939E-012
           5           9  -4.5662755456342301E-013
           5          10  -1.2480927879041654E-012
           5          11  -1.0015795495912787E-013
           5          12   4.4055602200095382E-013
           5          13  -1.0893009932575861E-013
           5          14   3.6358303622253045E-014
           5          15   2.9073231450103334E-014
           5          16  -2.5413384158138467E-014
           5          17   9.4404464086749618E-015
           5          18   1.0206980519498569E-014
           5          19   3.5996765448567105     
           5          20   6.1411067586104431E-013
           5          21   3.5996765448569952     
           5          22  -3.6988171245550735E-013
           5          23   7.0251735586232210E-013
           5          24   3.5996765448561452     
           5          25   1.4272785937671910     
           5          26  -1.9817418977057357E-013
           5          27   1.4272785937671131     
           5          28   1.6677407668711489E-013
           5          29  -2.4614974588025788E-013
           5          30   1.4272785937672410     
           5          31 -0.29411285863080705     
           5          32   1.1512641333559336E-013
           5          33 -0.29411285863087344     
           5          34  -9.2336513757165778E-014
           5          35   9.5541715282329395E-014
           5          36 -0.29411285863089598     
           5          37  -8.4929873539367470E-002
           5          38  -4.9586611291060005E-014
           5          39  -8.4929873539395656E-002
           5          40   5.3559598082023287E-014
           5          41  -3.9948492967242465E-014
           5          42  -8.4929873539380321E-002
           5          43   3.6239532295889446E-013
           5          44   8.7249717011104992E-015
           5          45   1.3022622641111992E-013
           5          46  -1.7717842044510992E-013
           5          47   2.3380706726351434E-014
           5          48   1.4172162694791748E-014
           5          49  -1.0968026400403567E-013
           5          50   1.1006417333324391E-013
           5          51  -6.0293619357519903E-014
           5          52  -1.1387611210826638E-013
           6           1   4.4267203991291956E-002
           6           2 -0.11413565484067442     
           6           3 -0.20066227316822555     
           6           4 -0.71555811561131888     
           6           5   7.3611141447408268E-002
           6           6   7.6648420878354774E-003
           6           7  -7.7154746788815801E-013
           6           8  -9.6617771066227622E-013
           6           9  -7.3291382559309437E-014
           6          10  -2.5631729091258972E-013
           6          11  -5.5857579934381725E-014
           6          12   6.1612759402572183E-014
           6          13  -1.7833152048702690E-014
           6          14   1.6697138389080314E-014
           6          15   6.9647809802209080E-015
           6          16  -2.2533323392808182E-015
           6          17  -1.1574884664944034E-015
           6          18   5.7584675898354806E-016
           6          19  0.35823016142811509     
           6          20   1.7377986024027738E-013
           6          21  0.35823016142805642     
           6          22  -8.1166594281525617E-015
           6          23   1.9732055128811333E-013
           6          24  0.35823016142798281     
           6          25  0.14565779606287249     
           6          26  -5.2902820210705093E-014
           6          27  0.14565779606289028     
           6          28   8.7852994528972166E-015
           6          29  -6.2152657581960020E-014
           6          30  0.14565779606289894     
           6          31  -2.9966615714675279E-002
           6          32   2.5263826716273995E-014
           6          33  -2.9966615714693206E-002
           6          34  -6.2888944203083550E-015
           6          35   2.4713269274987535E-014
           6          36  -2.9966615714693615E-002
           6          37  -8.7405790725913566E-003
           6          38  -9.4633299559222532E-015
           6          39  -8.7405790725909090E-003
           6          40   4.6354619412397117E-015
           6          41  -8.9922361408596922E-015
           6          42  -8.7405790725898751E-003
           6          43   6.6955883558279616E-014
           6          44  -1.5146765732585304E-015
           6          45   2.6551030155432178E-014
           6          46  -2.4627111467156279E-014
           6          47  -3.7604983162134158E-016
           6          48   1.5340232353206716E-015
           6          49  -1.4773779499787352E-014
           6          50   2.4340196326373639E-014
           6          51  -8.9879261641877951E-015
           6          52  -1.8787156217030225E-014
           7           1   1.9645184364914698E-012
           7           2  -6.7712931422587233E-012
           7           3  -7.5989415450396301E-012
           7           4  -1.1514116247356590E-011
           7           5  -3.4412742959973279E-012
           7           6  -7.7154746788815801E-013
           7           7   2.6468713139981230     
           7           8   1.6639467581569508E-013
           7           9   7.9117268292350660E-014
           7          10  -1.7424445242751045     
           7          11  -1.9900747716405522E-013
           7          12  -4.0500935938325408E-013
           7          13 -0.45535155968992846     
           7          14  -7.6980088969947991E-014
           7          15  -1.5248219353836781E-013
           7          16   6.3609814153881380E-002
           7          17  -2.3825212636108348E-013
           7          18  -2.7256755880111616E-013
           7          19   7.5872776971814065E-012
           7          20   2.4619391659360656E-014
           7          21   7.7529523296787805E-012
           7          22  -3.1788409828075596E-014
           7          23  -2.8114917211028901E-013
           7          24   7.9731111228162282E-012
           7          25   2.9466350844499751E-012
           7          26  -2.3410772853915379E-013
           7          27   3.0049921469174134E-012
           7          28  -2.0479653760585586E-013
           7          29   1.9482455141993501E-013
           7          30   2.7056915184560147E-012
           7          31   9.2041134843008459E-013
           7          32   1.4912620120874551E-014
           7          33   1.0268380115513209E-012
           7          34   1.5537795756762513E-013
           7          35  -2.3904357604377082E-013
           7          36   1.0763825204074589E-012
           7          37   7.1188938022764491E-013
           7          38  -1.2121966260906025E-013
           7          39   4.7895376267285262E-013
           7          40  -4.5067209911519311E-014
           7          41  -8.5372073447237501E-014
           7          42   8.3229811595777654E-013
           7          43  0.78857098035678908     
           7          44   1.2230494395027025E-013
           7          45  0.35265966343231853     
           7          46   1.3702927681436126E-013
           7          47   1.2682216388171206E-013
           7          48  -3.3046343145360104E-013
           7          49  -2.4119595209976553E-014
           7          50  0.35265966343247268     
           7          51   5.1320059313294851E-014
           7          52   2.6682822618084836E-013
           8           1   2.7846329070077454E-012
           8           2  -9.8279079047529983E-012
           8           3  -1.1813503871928468E-011
           8           4  -1.5783590186296306E-011
           8           5  -4.4121685319553939E-012
           8           6  -9.6617771066227622E-013
           8           7   1.6639467581569508E-013
           8           8   2.6468713139981630     
           8           9   1.0886083701144882E-013
           8          10  -5.3002047195604892E-013
           8          11  -1.7424445242749886     
           8          12  -5.7143179077456918E-013
           8          13  -2.5174307083375178E-014
           8          14 -0.45535155968997104     
           8          15  -2.1966456431599148E-013
           8          16   1.6564007110364548E-013
           8          17   6.3609814153421346E-002
           8          18  -3.8272683633433502E-013
           8          19   1.1270184938888588E-011
           8          20   1.0721219617767059E-015
           8          21   1.0927195797240024E-011
           8          22  -7.0311136557052945E-014
           8          23  -4.2994644579207297E-013
           8          24   1.1423840541355092E-011
           8          25   3.9324065840296476E-012
           8          26  -3.1663295252642252E-013
           8          27   4.1780123882470286E-012
           8          28  -2.7425955969409409E-013
           8          29   2.9330059093700846E-013
           8          30   3.6939289588075530E-012
           8          31   1.1979975891194540E-012
           8          32   2.2831753549189654E-014
           8          33   1.2764829745950231E-012
           8          34   2.1141659094776439E-013
           8          35  -3.3951035086118441E-013
           8          36   1.3708372938631284E-012
           8          37   8.9532572294997466E-013
           8          38  -1.6695022909972097E-013
           8          39   5.9642118237044004E-013
           8          40  -6.5194368561875059E-014
           8          41  -1.1942624566703457E-013
           8          42   1.0744739024635777E-012
           8          43   1.9911849946652135E-013
           8          44  0.35265966343238225     
           8          45   1.2612133559741778E-013
           8          46  0.78857098035679418     
           8          47   1.8175044802504221E-013
           8          48  -4.6943805430219792E-013
           8          49  -1.8953588698522301E-014
           8          50   3.4872105203476157E-013
           8          51  0.35265966343228256     
           8          52   3.8150732573072378E-013
           9           1   1.1604185752924932E-013
           9           2  -4.6045433218569102E-013
           9           3  -4.5746161069673059E-013
           9           4  -2.0454975120429397E-014
           9           5  -4.5662755456342301E-013
           9           6  -7.3291382559309437E-014
           9           7   7.9117268292350660E-014
           9           8   1.0886083701144882E-013
           9           9   2.6468713139980027     
           9          10  -4.1133763062363817E-014
           9          11  -3.6526337510168269E-014
           9          12  -1.7424445242747770     
           9          13  -6.9041994343880275E-015
           9          14  -8.8366813866264438E-015
           9          15 -0.45535155968991747     
           9          16   1.1618310480354740E-014
           9          17  -2.2323722731476574E-014
           9          18   6.3609814153738148E-002
           9          19   2.4190242328816401E-013
           9          20   1.9206744790618103E-014
           9          21   1.8125514986616098E-013
           9          22  -1.0772909687193903E-014
           9          23  -3.1817615580020353E-014
           9          24   2.4831829215371143E-013
           9          25   5.1994728750190687E-014
           9          26  -2.6835465254206771E-014
           9          27   7.8236483299739021E-014
           9          28  -1.4605275661158100E-014
           9          29   2.2575362785710326E-014
           9          30   3.3833648010713746E-014
           9          31   1.4263980898729529E-013
           9          32   4.2577620860624477E-015
           9          33   1.4333066747923572E-013
           9          34   1.3099258730050479E-014
           9          35  -2.1788302222395374E-014
           9          36   1.5553005231794723E-013
           9          37   7.6746585071574629E-014
           9          38  -1.2547494039171009E-014
           9          39   5.7499552805934051E-014
           9          40  -4.1599389685893137E-015
           9          41  -8.9965092963464633E-015
           9          42   8.6984650265500422E-014
           9          43   1.9734214262712571E-014
           9          44   1.4318407570712752E-014
           9          45   1.1067535776732586E-014
           9          46   1.5064338665383278E-014
           9          47  0.35265966343223287     
           9          48  -3.2444811429619515E-014
           9          49  0.35265966343222355     
           9          50   2.6305346789712738E-014
           9          51   9.9642516460108162E-015
           9          52  0.78857098035667805     
          10           1  -6.9172875201583431E-013
          10           2   1.9824789499804187E-012
          10           3   2.5870858329249610E-012
          10           4   8.9019858180324716E-012
          10           5  -1.2480927879041654E-012
          10           6  -2.5631729091258972E-013
          10           7  -1.7424445242751045     
          10           8  -5.3002047195604892E-013
          10           9  -4.1133763062363817E-014
          10          10   4.6718886970049294     
          10          11   1.6076029396570762E-013
          10          12   6.6169292267648450E-014
          10          13  0.98507828888523752     
          10          14   9.6145313932543189E-014
          10          15   1.5015766408079687E-014
          10          16 -0.13396218160642603     
          10          17   4.3784420533657779E-014
          10          18   5.4900528567707667E-014
          10          19  -3.5185347158261512E-012
          10          20  -1.2038092237096446E-013
          10          21  -4.9508831877018590E-012
          10          22   1.1402583927037582E-014
          10          23   2.3413028350327851E-014
          10          24  -4.5856472603027494E-012
          10          25  -2.0255153207741747E-012
          10          26   9.1169926380787821E-014
          10          27  -1.6610075741464621E-012
          10          28   6.2180327673440865E-014
          10          29  -5.2966283815761738E-015
          10          30  -1.7168831584202092E-012
          10          31   5.8723484604001386E-013
          10          32  -1.0550133812401906E-014
          10          33   4.1472925840934112E-013
          10          34  -3.6590152121836073E-014
          10          35   4.5036897943111157E-014
          10          36   4.4078123427553978E-013
          10          37   1.6715092165882508E-013
          10          38   4.2693797789620645E-014
          10          39   2.6685396126842059E-013
          10          40   1.7416641980439508E-015
          10          41   1.5235390608462158E-014
          10          42   1.6730520919990424E-013
          10          43  -1.8656050831532560     
          10          44  -6.0562665993307641E-014
          10          45 -0.83432395701999051     
          10          46  -1.5354384430566440E-013
          10          47  -1.4571677198203889E-014
          10          48   5.1273746990472781E-014
          10          49   3.9634961979099333E-014
          10          50 -0.83432395702000117     
          10          51  -4.2799097599288558E-014
          10          52  -3.0975222387041287E-014
          11           1  -8.0266131015310027E-013
          11           2   2.5398245218450945E-012
          11           3   3.4899257745641370E-012
          11           4   8.2679940279088296E-012
          11           5  -1.0015795495912787E-013
          11           6  -5.5857579934381725E-014
          11           7  -1.9900747716405522E-013
          11           8  -1.7424445242749886     
          11           9  -3.6526337510168269E-014
          11          10   1.6076029396570762E-013
          11          11   4.6718886970048690     
          11          12   1.1840528557627661E-013
          11          13   1.9761969838324574E-014
          11          14  0.98507828888516114     
          11          15   4.9904524956900446E-014
          11          16  -3.5797753650257334E-014
          11          17 -0.13396218160630219     
          11          18   7.9018389054219729E-014
          11          19  -4.6554271668123305E-012
          11          20  -1.7151101554329004E-015
          11          21  -4.4999514160473992E-012
          11          22   8.6445095816493787E-014
          11          23   1.5332341181519540E-013
          11          24  -4.6427807111714584E-012
          11          25  -1.7725652393384290E-012
          11          26   5.9243787738299391E-014
          11          27  -1.8419886105595380E-012
          11          28   3.7837410095347799E-014
          11          29  -7.2674131555816704E-014
          11          30  -1.7364770244325624E-012
          11          31   1.2658089874751647E-013
          11          32   1.9361027175126375E-015
          11          33   1.1161825843185459E-013
          11          34  -3.1441546212273668E-014
          11          35   7.4107898227063690E-014
          11          36   9.6737352056096716E-014
          11          37   5.0550789486848066E-015
          11          38   3.2509514170902914E-014
          11          39   6.7383209064436603E-014
          11          40   8.8001925536054756E-015
          11          41   2.2662080567058118E-014
          11          42  -3.7424220909121574E-014
          11          43  -6.7279515292279425E-014
          11          44 -0.83432395701995521     
          11          45  -3.9246383920496608E-014
          11          46  -1.8656050831532003     
          11          47  -3.8580250105724676E-014
          11          48   9.8423183515339593E-014
          11          49   1.3877787807838598E-016
          11          50  -8.3655304905502769E-014
          11          51 -0.83432395701993489     
          11          52  -8.0879747343944105E-014
          12           1   1.0301239680251140E-013
          12           2  -1.9648170409356684E-013
          12           3  -4.9769430634987947E-013
          12           4  -2.6727419310980584E-012
          12           5   4.4055602200095382E-013
          12           6   6.1612759402572183E-014
          12           7  -4.0500935938325408E-013
          12           8  -5.7143179077456918E-013
          12           9  -1.7424445242747770     
          12          10   6.6169292267648450E-014
          12          11   1.1840528557627661E-013
          12          12   4.6718886970048130     
          12          13   2.1982415887575989E-014
          12          14   3.3598124282720762E-014
          12          15  0.98507828888520943     
          12          16  -1.0859368959613927E-015
          12          17  -5.3776427755406880E-017
          12          18 -0.13396218160638762     
          12          19   1.1184466993748553E-012
          12          20  -7.8559331704405263E-014
          12          21   1.3577938512670079E-012
          12          22   2.5367644581190882E-014
          12          23   2.2412668065987484E-014
          12          24   1.2072015673286663E-012
          12          25   5.5073915389640363E-013
          12          26   2.4377282847116481E-014
          12          27   4.8591422610457128E-013
          12          28  -9.5136573346194383E-015
          12          29  -1.3310743772467597E-014
          12          30   5.3506836190625560E-013
          12          31  -1.7397081317624664E-013
          12          32  -9.8038473378560510E-015
          12          33  -1.5216448040120015E-013
          12          34   2.7239470304858414E-015
          12          35   3.2550325970572659E-015
          12          36  -1.6723696373089159E-013
          12          37  -5.9330498946577535E-014
          12          38   1.0598306119459652E-015
          12          39  -6.2742367339749457E-014
          12          40   2.6732718119448259E-016
          12          41   3.9136339042316429E-015
          12          42  -6.0766725095353195E-014
          12          43  -4.2410519540677780E-014
          12          44  -3.0087043967341988E-014
          12          45  -1.6597834218144472E-014
          12          46  -5.3651527665012974E-014
          12          47 -0.83432395701993678     
          12          48   9.8899877291525283E-015
          12          49 -0.83432395701994166     
          12          50  -2.0844437287335279E-014
          12          51  -2.9240498911066158E-014
          12          52  -1.8656050831532098     
          13           1  -2.2700837945148242E-013
          13           2   6.9567701807217064E-013
          13           3   8.6679109669098262E-013
          13           4   2.4123106044439242E-012
          13           5  -1.0893009932575861E-013
          13           6  -1.7833152048702690E-014
          13           7 -0.45535155968992846     
          13           8  -2.5174307083375178E-014
          13           9  -6.9041994343880275E-015
          13          10  0.98507828888523752     
          13          11   1.9761969838324574E-014
          13          12   2.1982415887575989E-014
          13          13  0.21157967032340966     
          13          14   1.4377388168896613E-014
          13          15   7.7368667028612439E-015
          13          16  -2.8847268953862738E-002
          13          17   2.0117588150903650E-014
          13          18   2.2937381161102126E-014
          13          19  -1.1074481314283205E-012
          13          20  -2.5080726270181264E-014
          13          21  -1.3778854871260977E-012
          13          22  -5.1559932023081871E-015
          13          23   1.8676091329971220E-014
          13          24  -1.3184762698298935E-012
          13          25  -5.5608547553113398E-013
          13          26   2.8209978434906538E-014
          13          27  -4.9228797041501375E-013
          13          28   2.3683130623477439E-014
          13          29  -1.0121301499513257E-014
          13          30  -4.8941052937671272E-013
          13          31   7.9714060671509499E-014
          13          32  -2.7787116575603974E-015
          13          33   4.3322154502129696E-014
          13          34  -1.5006397578633784E-014
          13          35   1.9492684948168308E-014
          13          36   4.5977375079525083E-014
          13          37   3.6922334958840636E-015
          13          38   1.3662429610322216E-014
          13          39   3.2743977465519453E-014
          13          40   2.6620730989815397E-015
          13          41   6.6549566538803983E-015
          13          42  -2.0995403342788199E-015
          13          43 -0.39745279794461519     
          13          44  -1.1927958620817499E-014
          13          45 -0.17774629481033591     
          13          46  -2.4175106361213692E-014
          13          47  -6.8348104953483793E-015
          13          48   2.4523415990171531E-014
          13          49   1.0359768598529896E-014
          13          50 -0.17774629481034473     
          13          51  -5.3498871999102540E-015
          13          52  -1.4224732503009689E-014
          14           1  -3.3944970840121462E-013
          14           2   1.0681319024308339E-012
          14           3   1.4849887366608802E-012
          14           4   3.6540100291011846E-012
          14           5   3.6358303622253045E-014
          14           6   1.6697138389080314E-014
          14           7  -7.6980088969947991E-014
          14           8 -0.45535155968997104     
          14           9  -8.8366813866264438E-015
          14          10   9.6145313932543189E-014
          14          11  0.98507828888516114     
          14          12   3.3598124282720762E-014
          14          13   1.4377388168896613E-014
          14          14  0.21157967032338790     
          14          15   1.6403545188837922E-014
          14          16  -1.5550061238656285E-014
          14          17  -2.8847268953817274E-002
          14          18   3.2621474965743681E-014
          14          19  -2.0164925405247994E-012
          14          20  -3.0810822778255763E-014
          14          21  -2.0119534193323136E-012
          14          22   2.3346387727481314E-014
          14          23   5.6743288601831963E-014
          14          24  -2.0559617939905974E-012
          14          25  -7.9941943650017918E-013
          14          26   3.4391695955025793E-014
          14          27  -8.1176535493927106E-013
          14          28   1.8425682669350117E-014
          14          29  -2.9393760694810876E-014
          14          30  -7.7158407307508716E-013
          14          31   3.1095396467370851E-014
          14          32  -4.2679704569787177E-015
          14          33   1.9851249533477365E-014
          14          34  -1.5012731955997179E-014
          14          35   3.0317730431380037E-014
          14          36   1.3476222545864330E-014
          14          37  -2.2702604443399560E-014
          14          38   1.4847989234290872E-014
          14          39   4.1545347150153000E-015
          14          40   4.4494596399171881E-015
          14          41   9.3573046391277533E-015
          14          42  -3.7494898879875260E-014
          14          43  -3.9163117193653407E-014
          14          44 -0.17774629481032297     
          14          45  -2.0899948438569866E-014
          14          46 -0.39745279794458477     
          14          47  -1.2947976024691314E-014
          14          48   3.9811294419438325E-014
          14          49   3.4191399711492179E-015
          14          50  -3.9364345116866830E-014
          14          51 -0.17774629481031465     
          14          52  -2.6804947150794557E-014
          15           1  -2.2547063474402509E-014
          15           2   6.8099484952059300E-014
          15           3   9.1732311741222994E-014
          15           4   2.2907479675183021E-013
          15           5   2.9073231450103334E-014
          15           6   6.9647809802209080E-015
          15           7  -1.5248219353836781E-013
          15           8  -2.1966456431599148E-013
          15           9 -0.45535155968991747     
          15          10   1.5015766408079687E-014
          15          11   4.9904524956900446E-014
          15          12  0.98507828888520943     
          15          13   7.7368667028612439E-015
          15          14   1.6403545188837922E-014
          15          15  0.21157967032340794     
          15          16  -1.2134390714463518E-015
          15          17  -3.9681799512932460E-016
          15          18  -2.8847268953849585E-002
          15          19  -6.0505996012786388E-014
          15          20  -2.0945651513644307E-014
          15          21  -1.5919018556668772E-013
          15          22   1.7001067738857184E-014
          15          23   1.6011025855553918E-014
          15          24  -1.6847547751942732E-013
          15          25  -7.3712102215378991E-014
          15          26   7.3372994382699953E-015
          15          27  -4.4082246860538214E-014
          15          28  -4.6081224504163836E-015
          15          29  -6.5900685191096084E-015
          15          30  -3.9302271682825064E-014
          15          31   1.9189397034298769E-015
          15          32  -2.6707089834006600E-015
          15          33  -1.1556488833583107E-014
          15          34   1.3391449610981798E-015
          15          35   2.8184189499665077E-015
          15          36  -1.2280219503432396E-014
          15          37  -9.1939905692059113E-015
          15          38   9.4492078603271244E-016
          15          39  -3.3021988571246400E-015
          15          40  -2.1226916077004504E-016
          15          41   7.6148846537870930E-016
          15          42  -5.1022790368804274E-015
          15          43  -1.2517764602655153E-014
          15          44  -1.2953180195119704E-014
          15          45  -5.2319260035515099E-015
          15          46  -2.5569824035899661E-014
          15          47 -0.17774629481032436     
          15          48   3.3518242530639513E-015
          15          49 -0.17774629481032492     
          15          50  -6.7237881928913384E-015
          15          51  -1.2597561882542499E-014
          15          52 -0.39745279794460731     
          16           1   1.3670920557866153E-014
          16           2  -5.5390585607149812E-014
          16           3  -3.8873967916304289E-014
          16           4   2.4911192118777368E-014
