           1           1   2.2167579467829510     
           1           2 -0.75379370303883375     
           1           3   9.3261942678252760E-002
           1           4  0.14468925304126889     
           1           5  -2.0204045399966918E-002
           1           6  -1.9447709140219396E-002
           1           7   3.4023578698391055E-013
           1           8   1.3204056777920574E-013
           1           9   2.3190705042409095E-013
           1          10  -1.1643248166939838E-012
           1          11  -1.8557862019461254E-013
           1          12  -4.8403888236905752E-013
           1          13   5.7447331786383781E-013
           1          14  -8.5016984284431979E-014
           1          15   7.1498866050726685E-014
           1          16   2.2565564962246176E-013
           1          17   3.2559437563159753E-015
           1          18   7.1060876091933088E-014
           1          19   1.0016602855640201E-002
           1          20  -3.2910447171432434E-014
           1          21   1.0018638303352288E-002
           1          22   9.2114527548933380E-011
           1          23   1.9245422475031778E-011
           1          24   8.6705895209150015E-003
           1          25  -3.3052729725484556E-003
           1          26  -2.7205679190412904E-014
           1          27  -3.3043710888323208E-003
           1          28   1.8713267320104510E-014
           1          29   9.6851271173371877E-013
           1          30  -4.1136117961730161E-003
           1          31   5.4929484452725837E-003
           1          32   1.4854399928502426E-013
           1          33   5.4962483988468197E-003
           1          34  -3.2597797712305961E-012
           1          35   1.3775061762926733E-012
           1          36   5.2452200992769253E-003
           1          37   2.0217480948274752E-003
           1          38   6.0435720661582483E-014
           1          39   2.0225879751260304E-003
           1          40  -2.2795862479693793E-012
           1          41  -7.3930643680829684E-014
           1          42   2.0787780451324896E-003
           1          43  -3.3837845701310788E-013
           1          44   2.7421315971939752E-014
           1          45  -1.3946171250418354E-013
           1          46   4.6731296586242973E-014
           1          47  -9.4050151096657526E-015
           1          48  -2.2730181464320330E-014
           1          49   4.6845671390730449E-014
           1          50  -8.1297260426845523E-014
           1          51   2.5338575919300877E-014
           1          52   9.7424795966440984E-014
           2           1 -0.75379370303883375     
           2           2   2.5902457442234348     
           2           3 -0.47519259355678445     
           2           4 -0.49452146450897261     
           2           5   6.6505157949386620E-002
           2           6   6.7216184490821340E-002
           2           7  -1.6693706107233717E-013
           2           8   2.5388954585728843E-013
           2           9  -4.4777426119588999E-013
           2          10   1.6026599623416704E-012
           2          11  -1.5195185554783483E-012
           2          12   1.2833477301024320E-012
           2          13  -2.8498004636089843E-012
           2          14  -4.0035050011573626E-013
           2          15  -4.5344155041892242E-013
           2          16  -9.8311236895509858E-013
           2          17  -2.3840611250643728E-014
           2          18  -2.6327709518498207E-013
           2          19  -1.9097499402760260E-002
           2          20   2.6785296639752662E-013
           2          21  -1.9105406519142998E-002
           2          22  -3.3184826747706878E-010
           2          23  -6.9460069295240089E-011
           2          24  -1.4065103771773257E-002
           2          25  -2.7923542078322127E-003
           2          26   2.6996921624171975E-013
           2          27  -2.7964269958770209E-003
           2          28   9.6605079147425867E-011
           2          29   1.2363377886395540E-011
           2          30   2.3462850728330972E-004
           2          31  -1.7874721335938898E-002
           2          32  -5.1402551851149715E-013
           2          33  -1.7887477281156028E-002
           2          34   3.2460743093522946E-011
           2          35  -1.6555908415464208E-012
           2          36  -1.6909620877795798E-002
           2          37  -7.2354416174510404E-003
           2          38  -1.5984938059797157E-013
           2          39  -7.2384596584986974E-003
           2          40   2.1063316624069390E-011
           2          41   2.5525998169579087E-012
           2          42  -7.4342561259271214E-003
           2          43  -9.9416407911250028E-014
           2          44  -9.8150048066285225E-014
           2          45  -1.3618367839792622E-013
           2          46  -6.2769554784414871E-014
           2          47  -8.8785622994117835E-015
           2          48   8.8243269776370255E-014
           2          49  -2.2622754537426953E-013
           2          50  -2.7617719598740202E-013
           2          51  -7.2759920749422037E-014
           2          52  -4.8470234789039559E-013
           3           1   9.3261942678252760E-002
           3           2 -0.47519259355678445     
           3           3  0.74409836197995893     
           3           4  0.59305872405419557     
           3           5 -0.10946621486171668     
           3           6 -0.12970430802159438     
           3           7   5.5991447709822216E-012
           3           8  -4.4113376223408485E-012
           3           9   8.3347558247763486E-013
           3          10  -1.0652393668415366E-011
           3          11   4.0626796305112637E-012
           3          12  -2.8045188854633315E-012
           3          13   8.5508334022788408E-013
           3          14   1.1867264945427021E-012
           3          15   1.0587844518911848E-013
           3          16   1.9958489650462041E-012
           3          17   3.3504537339796313E-014
           3          18   4.6044437327034454E-013
           3          19   2.5906921958853021E-002
           3          20  -3.3759520973450636E-013
           3          21   2.5914999071374616E-002
           3          22   5.1099397490791808E-010
           3          23   1.0774247923366832E-010
           3          24   1.7220513304861233E-002
           3          25   1.5589357053295547E-002
           3          26  -2.8908870525154367E-013
           3          27   1.5598313460903106E-002
           3          28   3.1080723975365594E-011
           3          29   1.6591536648213385E-011
           3          30   1.0351659243114368E-002
           3          31   2.4903767886377239E-002
           3          32   7.6503888952130237E-013
           3          33   2.4921653434560057E-002
           3          34   8.4749880016943128E-012
           3          35   1.2804505834819864E-011
           3          36   2.3227737722978262E-002
           3          37   9.8096135084251058E-003
           3          38   4.0163168509327024E-013
           3          39   9.8157476443238526E-003
           3          40  -9.9146727620804467E-012
           3          41   1.3873474217739890E-012
           3          42   1.0162421645852612E-002
           3          43   2.1522996628898644E-012
           3          44   3.5405189449204813E-014
           3          45   9.1975157947995092E-013
           3          46  -7.2771264485068603E-014
           3          47   1.4195516518415860E-013
           3          48  -3.7300713589347197E-014
           3          49   2.2494791555350524E-013
           3          50   9.6119100934921537E-013
           3          51   5.1796451265215446E-014
           3          52   4.6101656455658216E-013
           4           1  0.14468925304126889     
           4           2 -0.49452146450897261     
           4           3  0.59305872405419557     
           4           4  0.49441734792167313     
           4           5 -0.14330474705810764     
           4           6 -0.20044355515171011     
           4           7  -4.5925656955028565E-012
           4           8  -4.1243478653330725E-012
           4           9  -3.1890291100613775E-012
           4          10   1.9553034131116257E-011
           4          11   4.7723027962721706E-012
           4          12   3.1252631446098122E-012
           4          13   1.0029827008922321E-011
           4          14   1.4072345376081503E-012
           4          15   1.9034349448227575E-012
           4          16   3.1776832576728184E-012
           4          17   3.3672410008508002E-014
           4          18   7.3517135794300270E-013
           4          19   2.3120842990274275E-002
           4          20  -1.8443116806768985E-012
           4          21   2.3128001037189858E-002
           4          22  -3.6688740216914287E-010
           4          23  -2.3542027354816834E-011
           4          24   1.0489525613656901E-002
           4          25   1.4940903279010308E-002
           4          26  -1.2784740203085464E-012
           4          27   1.4948996950798947E-002
           4          28  -5.2262959214509266E-010
           4          29  -6.4520269012118526E-011
           4          30   7.1236317232837654E-003
           4          31   2.4863495798316294E-002
           4          32   1.2860611969607225E-013
           4          33   2.4881201998373671E-002
           4          34  -3.3568427406165794E-010
           4          35  -3.7677005297092414E-011
           4          36   2.1996944641292756E-002
           4          37   1.1011584466835717E-002
           4          38   6.2144667129133617E-013
           4          39   1.1020221418916273E-002
           4          40  -6.7541994599997533E-011
           4          41  -4.9036380164392142E-012
           4          42   1.1330158755783807E-002
           4          43   1.7607957992482791E-012
           4          44   5.8676837241839097E-014
           4          45   8.3172308281617660E-013
           4          46  -8.7462634882134020E-014
           4          47   6.8712545797563121E-014
           4          48  -3.3071038237007056E-014
           4          49   1.4279395268140430E-013
           4          50   4.4788196077632416E-013
           4          51   7.2795476629414203E-014
           4          52   4.3236212776973361E-013
           5           1  -2.0204045399966918E-002
           5           2   6.6505157949386620E-002
           5           3 -0.10946621486171668     
           5           4 -0.14330474705810764     
           5           5  0.22311783584566455     
           5           6  0.37938068178582690     
           5           7  -4.4000132056299239E-012
           5           8  -1.6955666128757430E-011
           5           9   8.8751229389469606E-013
           5          10   1.2293714067670162E-011
           5          11   3.9005279803303790E-011
           5          12  -1.3049439960520366E-012
           5          13   1.8470583148866118E-012
           5          14   1.2364338546832562E-011
           5          15  -8.4224796593048421E-013
           5          16  -4.7610889873583086E-012
           5          17   4.0606977305025298E-013
           5          18  -1.1950206746925126E-012
           5          19  -1.2085078032662920E-002
           5          20   3.9453525704460264E-012
           5          21  -1.2097424231634006E-002
           5          22   3.2364457471480585E-010
           5          23  -1.5340766715560995E-011
           5          24   1.0153357237355838E-002
           5          25  -1.3068306884187371E-002
           5          26   2.5779811475746500E-012
           5          27  -1.3079813673574931E-002
           5          28   2.6931697340712660E-010
           5          29  -2.6425252903958424E-012
           5          30   1.0311612483510368E-003
           5          31  -2.1467107319009939E-002
           5          32   1.0346760818435955E-012
           5          33  -2.1486496109279662E-002
           5          34   1.9541702451243976E-010
           5          35   7.5696046395294790E-013
           5          36  -1.6011397266785153E-002
           5          37  -1.2905352292976765E-002
           5          38  -1.0998989955293051E-012
           5          39  -1.2921031393249460E-002
           5          40   4.0550777779429260E-011
           5          41  -7.1645958654289294E-012
           5          42  -1.3324032674402166E-002
           5          43  -6.7398979083420866E-013
           5          44   5.3464407360123098E-013
           5          45   8.7306223517673461E-014
           5          46  -6.1860761729835807E-013
           5          47   1.7064601628698460E-014
           5          48   6.1559216799146032E-015
           5          49   4.4704195478639846E-015
           5          50   1.5290014672941209E-013
           5          51   4.4042113418512353E-013
           5          52  -8.7651477080339971E-014
           6           1  -1.9447709140219396E-002
           6           2   6.7216184490821340E-002
           6           3 -0.12970430802159438     
           6           4 -0.20044355515171011     
           6           5  0.37938068178582690     
           6           6  0.65184781338124109     
           6           7  -7.9096747041671276E-013
           6           8  -4.6040682090842857E-012
           6           9   2.4829690695828922E-014
           6          10   2.0081844482829760E-012
           6          11   8.6935583153781747E-012
           6          12   3.2371129764663489E-013
           6          13  -2.4031828715818727E-012
           6          14   2.8843329751308619E-012
           6          15  -5.6555300186038833E-013
           6          16  -8.2531970782158976E-012
           6          17   1.3834674163607365E-013
           6          18  -2.0244531553894061E-012
           6          19  -1.5021859767720523E-002
           6          20  -4.4548369089070561E-012
           6          21  -1.5005688833901229E-002
           6          22   2.1208821328091595E-011
           6          23  -9.0929900800546466E-011
           6          24   1.1378294077510842E-002
           6          25  -1.9052467793429066E-002
           6          26  -3.5974455750604056E-012
           6          27  -1.9046082654683986E-002
           6          28   5.1126047814491663E-011
           6          29  -5.6795183210413362E-011
           6          30  -2.9866195594466251E-003
           6          31  -3.4152122425392263E-002
           6          32  -4.1987337706859566E-012
           6          33  -3.4168221293789471E-002
           6          34   8.4364398016572485E-011
           6          35  -3.1543559187997527E-011
           6          36  -2.9546123379606121E-002
           6          37  -2.1697187315324853E-002
           6          38  -3.9206843297751774E-012
           6          39  -2.1721302757288497E-002
           6          40   2.4691986230371878E-011
           6          41  -2.0162922850374781E-011
           6          42  -2.2804518098742933E-002
           6          43  -4.2569948453432597E-013
           6          44   1.2145107141112274E-013
           6          45  -1.4452503998786515E-013
           6          46  -1.3316189916234659E-013
           6          47   2.6253634641221274E-014
           6          48   1.0162232553465377E-014
           6          49   4.7202690836411049E-015
           6          50  -1.4904809508877765E-013
           6          51   1.0346813254637586E-013
           6          52  -8.8413264404334978E-014
           7           1   3.4023578698391055E-013
           7           2  -1.6693706107233717E-013
           7           3   5.5991447709822216E-012
           7           4  -4.5925656955028565E-012
           7           5  -4.4000132056299239E-012
           7           6  -7.9096747041671276E-013
           7           7   2.2406148860259871     
           7           8  -6.2757320523246258E-013
           7           9  -4.8487264152845697E-010
           7          10 -0.59053875676743817     
           7          11   1.7143469503694972E-012
           7          12   7.0294155494903518E-010
           7          13 -0.20488934224198699     
           7          14   1.2067801081659568E-012
           7          15   2.9219079888310656E-010
           7          16  -7.2480785009010375E-003
           7          17   6.9869264080222449E-013
           7          18  -6.5217700733721610E-011
           7          19   4.0928931776938665E-012
           7          20   1.7354550718967726E-013
           7          21   9.1323603420932607E-013
           7          22   4.1203605331595938E-012
           7          23   3.0118137609877858E-012
           7          24  -3.9895773604429587E-012
           7          25   3.0841406386452241E-012
           7          26  -1.8390366516714473E-013
           7          27  -1.6815693658058420E-012
           7          28  -9.6034377809256263E-013
           7          29  -2.2172619587437721E-012
           7          30   3.7606583926677827E-013
           7          31  -1.1787501759829572E-012
           7          32   3.2441191453034346E-013
           7          33   1.5909513531353211E-012
           7          34  -1.1700884596869383E-012
           7          35   3.0732868659045581E-013
           7          36   3.0854657042233852E-012
           7          37   1.0524111525057322E-012
           7          38   5.9565657476623257E-013
           7          39   1.7018332992841629E-013
           7          40  -5.4284109050438487E-014
           7          41  -9.9767708063998073E-013
           7          42   3.9897006777786457E-013
           7          43  -3.9784845490628638E-003
           7          44  -6.5168318770031642E-010
           7          45  -5.8647199097899873E-003
           7          46   4.8220177518678544E-010
           7          47  -3.5758624464734098E-010
           7          48  -3.4188863612995457E-011
           7          49  -2.6710197517781824E-010
           7          50   2.4140850406099371E-004
           7          51  -1.0510365572681022E-012
           7          52  -5.9955952999181786E-010
           8           1   1.3204056777920574E-013
           8           2   2.5388954585728843E-013
           8           3  -4.4113376223408485E-012
           8           4  -4.1243478653330725E-012
           8           5  -1.6955666128757430E-011
           8           6  -4.6040682090842857E-012
           8           7  -6.2757320523246258E-013
           8           8   2.2406139217633907     
           8           9  -2.2043958387392882E-011
           8          10  -2.3076014641946693E-014
           8          11 -0.59053502627698196     
           8          12   8.3142122167242343E-011
           8          13  -3.1060252184381518E-012
           8          14 -0.20489439670696957     
           8          15   4.0868185808070830E-011
           8          16   1.8535378095885344E-012
           8          17  -7.2497189809346187E-003
           8          18  -1.5710397290976720E-011
           8          19   3.9591870317903177E-012
           8          20   9.5591311237746831E-013
           8          21   3.3397261471281123E-012
           8          22   1.1285124585408353E-012
           8          23   1.7643902192491068E-012
           8          24   3.8630386377608681E-012
           8          25   5.1649097385035218E-012
           8          26   2.3456860579504251E-012
           8          27   1.6510545009050924E-012
           8          28   1.0966074405162875E-012
           8          29  -2.5169015713228723E-013
           8          30   4.0569492637917608E-012
           8          31   2.8996778043392937E-012
           8          32  -2.7898406342687560E-012
           8          33   6.4470543948856798E-012
           8          34   2.3428426712482105E-013
           8          35   1.0842730845394317E-012
           8          36   3.0632870877510007E-012
           8          37   4.8807661279676993E-012
           8          38  -8.6723991276398936E-013
           8          39   3.1413627159691747E-012
           8          40  -1.3159761245002835E-012
           8          41   5.9033768792462483E-014
           8          42   7.9292500719047996E-012
           8          43  -4.8300636027285906E-010
           8          44  -5.8699653480514952E-003
           8          45   6.5037108127297942E-010
           8          46  -3.9739081311914656E-003
           8          47  -7.0843041500636734E-011
           8          48  -5.0632431274505391E-011
           8          49  -6.8142602951493787E-011
           8          50   1.4874661364381339E-012
           8          51   2.4537667920818216E-004
           8          52  -7.6796907220093336E-011
           9           1   2.3190705042409095E-013
           9           2  -4.4777426119588999E-013
           9           3   8.3347558247763486E-013
           9           4  -3.1890291100613775E-012
           9           5   8.8751229389469606E-013
           9           6   2.4829690695828922E-014
           9           7  -4.8487264152845697E-010
           9           8  -2.2043958387392882E-011
           9           9   2.2405222763901937     
           9          10   6.9665773815552435E-010
           9          11   8.3276261926690197E-011
           9          12 -0.59022431760830685     
           9          13   3.0612086938516737E-010
           9          14   3.8384976457516729E-011
           9          15 -0.20525101267755483     
           9          16  -6.0742864893395762E-011
           9          17  -1.0608069318472616E-011
           9          18  -7.4428901032932756E-003
           9          19   7.4056119038880682E-013
           9          20  -5.1212038949467334E-014
           9          21   7.7764919417716908E-013
           9          22   1.5270894610398073E-012
           9          23   3.3588058387323114E-014
           9          24   1.3998131801072790E-012
           9          25   4.8202488838874900E-014
           9          26  -3.1822741693057158E-014
           9          27   5.3120998721971409E-014
           9          28   2.8969752743696283E-012
           9          29  -8.9660981710327101E-014
           9          30   1.0996046459178909E-012
           9          31  -2.1577898564572323E-013
           9          32  -1.2069199714969221E-014
           9          33  -2.0152773144151680E-013
           9          34  -1.0465251570485425E-012
           9          35   5.2440083845540428E-014
           9          36  -7.3781908527900275E-013
           9          37  -1.7800758579784540E-013
           9          38   2.9342573546624986E-015
           9          39  -1.8464393097045143E-013
           9          40   2.6604634320323106E-013
           9          41  -1.4097037170286322E-014
           9          42  -1.4134622091018135E-013
           9          43  -5.9089748255611976E-010
           9          44  -7.1332118727385145E-011
           9          45  -2.6771701194335109E-010
           9          46  -1.0895388531529555E-010
           9          47   2.6092934794411039E-004
           9          48   5.6216858644639728E-013
           9          49   2.6978164098826179E-004
           9          50  -3.6317303741850227E-010
           9          51  -2.0185946957981529E-011
           9          52  -8.3781213682683955E-003
          10           1  -1.1643248166939838E-012
          10           2   1.6026599623416704E-012
          10           3  -1.0652393668415366E-011
          10           4   1.9553034131116257E-011
          10           5   1.2293714067670162E-011
          10           6   2.0081844482829760E-012
          10           7 -0.59053875676743817     
          10           8  -2.3076014641946693E-014
          10           9   6.9665773815552435E-010
          10          10   1.4731235645743159     
          10          11   2.4608953609311174E-013
          10          12  -2.5469489437752432E-011
          10          13  0.46905217779404829     
          10          14   2.3602918526732027E-012
          10          15  -8.5318129833205197E-011
          10          16   1.8081123880380971E-002
          10          17  -1.6455095747697799E-012
          10          18  -1.4903298009505881E-012
          10          19  -1.8046116981893985E-011
          10          20   5.0152454713775684E-013
          10          21  -1.7925895261650446E-012
          10          22  -4.4452704835181686E-012
          10          23  -1.9465769516380755E-012
          10          24   1.5603093716487911E-012
          10          25  -7.6774016747408272E-012
          10          26  -1.0378567567648468E-012
          10          27  -2.5849345577986808E-012
          10          28  -2.4120460540395803E-012
          10          29   4.4231243847163117E-013
          10          30  -6.6016538994406331E-013
          10          31   7.0545567656980991E-014
          10          32  -1.4245259388797568E-013
          10          33  -3.4802415086011001E-012
          10          34   7.3166280847502370E-013
          10          35  -1.3603213353981706E-012
          10          36  -4.3312016133578587E-012
          10          37  -1.4177666115541733E-012
          10          38  -1.3912965258087501E-012
          10          39  -2.0076172882800349E-013
          10          40   1.4444157312325004E-013
          10          41   1.8243815786515634E-012
          10          42  -4.5008103483281612E-013
          10          43  -1.6448724826680517E-003
          10          44   1.8333445832710848E-009
          10          45   1.0784114137474403E-002
          10          46  -1.3658934905335011E-009
          10          47   2.2002076867350714E-010
          10          48   9.4749391519127179E-011
          10          49  -2.6420398401000237E-011
          10          50  -6.3395299374891384E-003
          10          51  -3.3919006268496799E-013
          10          52  -4.5311452276228081E-011
          11           1  -1.8557862019461254E-013
          11           2  -1.5195185554783483E-012
          11           3   4.0626796305112637E-012
          11           4   4.7723027962721706E-012
          11           5   3.9005279803303790E-011
          11           6   8.6935583153781747E-012
          11           7   1.7143469503694972E-012
          11           8 -0.59053502627698196     
          11           9   8.3276261926690197E-011
          11          10   2.4608953609311174E-013
          11          11   1.4731110666033926     
          11          12   7.7590334516076950E-011
          11          13   6.7192549773607211E-012
          11          14  0.46906187526679416     
          11          15   3.2894781971677065E-012
          11          16  -4.4354718997302379E-012
          11          17   1.8085123602892259E-002
          11          18   1.0805166377083248E-011
          11          19  -4.8062925785081792E-012
          11          20  -9.7891578782078454E-012
          11          21  -2.0679656240746216E-012
          11          22  -2.8285914035310379E-012
          11          23  -5.6425309700330243E-012
          11          24  -5.0448571014041531E-012
          11          25  -1.1672515062395944E-011
          11          26  -8.2787630307490598E-013
          11          27  -3.1089885100123145E-012
          11          28  -2.5363710781148987E-012
          11          29   1.6342929314046502E-012
          11          30  -7.7129781564063299E-012
          11          31  -6.5100985393950088E-012
          11          32   4.7957260324054034E-012
          11          33  -1.4809058092783338E-011
          11          34  -4.3209354236499856E-013
          11          35  -3.2061066854168495E-012
          11          36  -7.0312581194352739E-012
          11          37  -1.0433382319111125E-011
          11          38   2.6301674761197708E-012
          11          39  -6.5032431528118073E-012
          11          40   3.0401286496682161E-012
          11          41   2.3160001332752923E-013
          11          42  -1.7456171472258851E-011
          11          43   1.3620448834120115E-009
          11          44   1.0796947788936221E-002
          11          45  -1.8340196062517350E-009
          11          46  -1.6522969772047400E-003
          11          47   6.7408488805267108E-011
          11          48   1.3784941580776604E-010
          11          49   6.1700212830929690E-011
          11          50  -3.4084012773682801E-012
          11          51  -6.3503383269530728E-003
          11          52  -7.4838512245135819E-011
          12           1  -4.8403888236905752E-013
          12           2   1.2833477301024320E-012
          12           3  -2.8045188854633315E-012
          12           4   3.1252631446098122E-012
          12           5  -1.3049439960520366E-012
          12           6   3.2371129764663489E-013
          12           7   7.0294155494903518E-010
          12           8   8.3142122167242343E-011
          12           9 -0.59022431760830685     
          12          10  -2.5469489437752432E-011
          12          11   7.7590334516076950E-011
          12          12   1.4721306408460015     
          12          13  -1.1886246672822355E-010
          12          14   9.2421566621593623E-012
          12          15  0.46986237381370055     
          12          16  -9.5824162703450352E-012
          12          17  -3.4643336151925429E-013
          12          18   1.8547229417138676E-002
          12          19   9.1067560634620054E-013
          12          20   3.7702197190706665E-013
          12          21   1.4603829336478014E-013
          12          22  -1.1902467000208645E-011
          12          23   1.3616929639436027E-013
          12          24  -3.7175177635832286E-012
          12          25  -9.3778950317316338E-014
          12          26  -8.6279513806321860E-014
          12          27   2.0759990134574873E-013
          12          28  -2.6702306542836917E-012
          12          29   5.9442067357315478E-014
          12          30  -7.2698298154010452E-013
          12          31   5.7227082308451589E-013
          12          32   8.2558791965746959E-014
          12          33   3.8093372328525666E-013
          12          34   9.4780251548333807E-014
          12          35  -5.4457478893906181E-014
          12          36   9.9632951078009802E-013
          12          37   2.0068744228243838E-013
          12          38  -3.3538222547857651E-014
          12          39   2.6986228169049218E-013
          12          40   1.1074604002596784E-013
          12          41   3.4181600850624150E-015
          12          42   4.3024394437189648E-013
          12          43  -4.6769211185848433E-011
          12          44   6.8185771064387255E-011
          12          45  -3.1899904142658965E-011
          12          46   1.9625235404718061E-011
          12          47  -6.4109391165365556E-003
          12          48  -1.4046613458548111E-012
          12          49  -6.4337144697974710E-003
          12          50   2.2077132839665755E-010
          12          51  -7.4974490526221074E-011
          12          52   1.0813152258514609E-002
          13           1   5.7447331786383781E-013
          13           2  -2.8498004636089843E-012
          13           3   8.5508334022788408E-013
          13           4   1.0029827008922321E-011
          13           5   1.8470583148866118E-012
          13           6  -2.4031828715818727E-012
          13           7 -0.20488934224198699     
          13           8  -3.1060252184381518E-012
          13           9   3.0612086938516737E-010
          13          10  0.46905217779404829     
          13          11   6.7192549773607211E-012
          13          12  -1.1886246672822355E-010
          13          13  0.14951391290791799     
          13          14   2.8386455614263992E-012
          13          15  -6.7934563213175296E-011
          13          16   5.7719030202061797E-003
          13          17  -4.4564436921966795E-013
          13          18  -2.5261477130431705E-012
          13          19  -1.3716385736777998E-012
          13          20   1.4329149288456354E-013
          13          21  -1.0846150572089451E-012
          13          22  -8.8383446213059351E-013
          13          23  -2.0804730155546984E-013
          13          24  -2.9662836277818583E-012
          13          25   6.4840194799796872E-013
          13          26  -3.2994095903756777E-013
          13          27  -1.1385096220054155E-012
          13          28  -3.6281218593680731E-013
          13          29   4.5120212762803894E-013
          13          30  -2.6245674647176673E-012
          13          31   2.3225002989654572E-012
          13          32  -5.5177916058903292E-014
          13          33  -1.1792384935102072E-012
          13          34   4.7384773731041333E-013
          13          35  -2.4233657118693370E-013
          13          36  -2.8237747021050528E-012
          13          37   1.9173280978198330E-013
          13          38  -4.4115985939078270E-013
          13          39  -1.7234465982388949E-014
          13          40   8.4900433639082208E-014
          13          41   6.0717970073835429E-013
          13          42  -4.1430459752439776E-013
          13          43  -3.9708435635006298E-004
          13          44   5.7103214466971607E-010
          13          45   3.4098782099391120E-003
          13          46  -4.2542625331468859E-010
          13          47   7.5131168023347178E-011
          13          48   3.0617563982594003E-011
          13          49  -3.5374223177905384E-012
          13          50  -2.0906985793018693E-003
          13          51  -5.1509974311597752E-014
          13          52  -1.5892014017246673E-011
          14           1  -8.5016984284431979E-014
          14           2  -4.0035050011573626E-013
          14           3   1.1867264945427021E-012
          14           4   1.4072345376081503E-012
          14           5   1.2364338546832562E-011
          14           6   2.8843329751308619E-012
          14           7   1.2067801081659568E-012
          14           8 -0.20489439670696957     
          14           9   3.8384976457516729E-011
          14          10   2.3602918526732027E-012
          14          11  0.46906187526679416     
          14          12   9.2421566621593623E-012
          14          13   2.8386455614263992E-012
          14          14  0.14952143416190236     
          14          15  -4.9039223359066305E-012
          14          16  -1.3652205955131674E-012
          14          17   5.7733689258250599E-003
          14          18   3.0796644724356803E-012
          14          19  -1.5052644265769053E-012
          14          20   1.9328961415279162E-012
          14          21  -6.8406288787354179E-013
          14          22  -1.1780894253129677E-012
          14          23  -1.3845891104048656E-012
          14          24  -1.6188435203644752E-012
          14          25  -3.6610589480117324E-012
          14          26   3.2465218768506959E-012
          14          27  -9.9326944146419477E-013
          14          28  -9.9811162421113708E-013
          14          29   7.8342453644470061E-013
          14          30  -2.4483143696676127E-012
          14          31  -2.0462251029132472E-012
          14          32   3.9663433753815405E-012
          14          33  -4.6775530572557211E-012
          14          34  -2.6054481882977216E-013
          14          35  -8.3497700750602229E-013
          14          36  -2.2315644509041540E-012
          14          37  -3.2892767200241649E-012
          14          38   1.4625283097653648E-012
          14          39  -2.0570037759556311E-012
          14          40   9.3656915820123549E-013
          14          41   9.9753198319253481E-014
          14          42  -5.5055400456664230E-012
          14          43   4.2415737269756479E-010
          14          44   3.4140662270640068E-003
          14          45  -5.7115716540216912E-010
          14          46  -3.9947302463329585E-004
          14          47   2.2644585021218953E-011
          14          48   4.3980666389481122E-011
          14          49   2.1062162095702952E-011
          14          50  -1.0772927039287073E-012
          14          51  -2.0942270924470697E-003
          14          52  -2.4765320361532982E-011
          15           1   7.1498866050726685E-014
          15           2  -4.5344155041892242E-013
          15           3   1.0587844518911848E-013
          15           4   1.9034349448227575E-012
          15           5  -8.4224796593048421E-013
          15           6  -5.6555300186038833E-013
          15           7   2.9219079888310656E-010
          15           8   4.0868185808070830E-011
          15           9 -0.20525101267755483     
          15          10  -8.5318129833205197E-011
          15          11   3.2894781971677065E-012
          15          12  0.46986237381370055     
          15          13  -6.7934563213175296E-011
          15          14  -4.9039223359066305E-012
          15          15  0.15015476856853505     
          15          16  -5.4299874331110480E-012
          15          17  -6.2003749143485134E-013
          15          18   5.9318904267270213E-003
          15          19  -2.7361545836685010E-013
          15          20  -1.0394085748841805E-013
          15          21  -7.6782255628248826E-013
          15          22  -5.4913630608761321E-013
          15          23   1.1079719707798943E-013
          15          24   2.6965675645158254E-013
          15          25  -4.0938409802872607E-013
          15          26  -1.7799146927662945E-013
          15          27  -4.9988886727783657E-013
          15          28   1.3706314466522117E-012
          15          29   6.6864476273035293E-014
          15          30   7.9319160756403294E-013
          15          31  -4.3070696487305793E-014
          15          32  -6.0367993342976995E-014
          15          33  -2.3012991185785501E-013
          15          34   1.4249580175492549E-012
          15          35   1.1248110192970440E-014
          15          36   1.0814150224388190E-012
          15          37   2.5103730889752954E-014
          15          38  -1.7363890680230980E-014
          15          39   1.4759162335015186E-014
          15          40   2.6327573099160766E-013
          15          41   6.0630774845834613E-015
          15          42   3.4219726990132321E-013
          15          43  -2.0584252334336316E-011
          15          44   2.2723885468351059E-011
          15          45  -6.7075203750595726E-012
          15          46   5.5552226298177298E-012
          15          47  -2.0785959506507143E-003
          15          48  -4.4414750303670786E-013
          15          49  -2.0857953839839641E-003
          15          50   7.9964594981842026E-011
          15          51  -2.3083252126261145E-011
          15          52   3.5417252437647344E-003
          16           1   2.2565564962246176E-013
          16           2  -9.8311236895509858E-013
          16           3   1.9958489650462041E-012
          16           4   3.1776832576728184E-012
