           1           1   2.6374542557334184     
           1           2  -1.2986084030405713     
           1           3  -1.0170922699942382     
           1           4  -8.6645982417062442     
           1           5 -0.30745591200229550     
           1           6 -0.13032622418966983     
           1           7   1.0156676858214342E-013
           1           8  -1.9268336030540369E-013
           1           9   1.2410900976496662E-014
           1          10  -1.1822386547735761E-013
           1          11   6.9631358615845641E-015
           1          12  -3.3531225959960138E-014
           1          13   9.4222768318875357E-014
           1          14  -7.9537923538368465E-015
           1          15   2.5108720575708123E-014
           1          16  -1.3648874151242897E-013
           1          17  -4.3709486546265712E-014
           1          18  -3.9523515424096258E-014
           1          19  -6.9825083613909087E-015
           1          20  -6.8714621603726069E-015
           1          21  -3.3197508891797694E-015
           1          22   4.4995817699324041     
           1          23  -5.8290833537632781E-015
           1          24   4.4995817699323739     
           1          25   7.3488080707609162E-015
           1          26  -4.6299230582418211E-014
           1          27   4.4995817699323819     
           1          28   8.7525760546761616E-002
           1          29   4.5004285616259378E-014
           1          30   8.7525760546819306E-002
           1          31  -1.3697951708393459E-016
           1          32   2.4216983086238505E-014
           1          33   8.7525760546688300E-002
           1          34   6.8743726521005966E-002
           1          35  -4.9216887602180786E-014
           1          36   6.8743726520943405E-002
           1          37  -7.7335736254630094E-015
           1          38  -2.0146013196836371E-014
           1          39   6.8743726521099502E-002
           1          40   4.8046153027918675E-002
           1          41   2.0237997047711521E-014
           1          42   4.8046153027937522E-002
           1          43   2.9248530406282114E-015
           1          44   9.7007306763303942E-015
           1          45   4.8046153027887173E-002
           1          46   7.4086164374070268E-014
           1          47   1.5192258152730887E-014
           1          48   3.3907440792014315E-014
           1          49   2.9796440697929344E-014
           1          50   1.0866466249705334E-014
           1          51   4.2633988914361695E-016
           1          52   8.6836059592498215E-015
           1          53   3.8610945561956740E-014
           1          54   1.1099187101655773E-014
           1          55   2.2783765945964892E-014
           2           1  -1.2986084030405713     
           2           2   3.6750443202538121     
           2           3   2.4327486269530580     
           2           4   8.2305371516979591     
           2           5   3.5515818945331077     
           2           6  0.97550798016197793     
           2           7  -2.6421354716463769E-013
           2           8   6.2450675373662390E-013
           2           9  -2.9383707080872624E-014
           2          10   1.7941363628194703E-013
           2          11  -9.2068699501293281E-014
           2          12   5.9088164025101611E-014
           2          13  -1.4303796017959427E-013
           2          14   1.4087809911792872E-013
           2          15  -5.2930813034236545E-014
           2          16   2.2420625507650215E-013
           2          17  -2.2159972763217621E-013
           2          18   8.0418111344776309E-014
           2          19   9.4407559770443527E-015
           2          20  -1.0356497806822765E-014
           2          21   5.8393119257060986E-015
           2          22  -5.9824432020456912     
           2          23  -1.1610043633363016E-015
           2          24  -5.9824432020454621     
           2          25  -1.5346682023612813E-014
           2          26   1.8455086202071250E-013
           2          27  -5.9824432020453315     
           2          28 -0.49976618081875412     
           2          29  -3.6981147339718840E-014
           2          30 -0.49976618081897728     
           2          31  -2.6534880781593201E-015
           2          32  -1.2294350172490261E-013
           2          33 -0.49976618081893620     
           2          34 -0.91961249205757822     
           2          35   4.2623748812803288E-014
           2          36 -0.91961249205735074     
           2          37   1.8217083765843911E-014
           2          38   9.9262206873727866E-014
           2          39 -0.91961249205745177     
           2          40 -0.36919481916115005     
           2          41  -2.0632245176554671E-014
           2          42 -0.36919481916122759     
           2          43  -5.9397042667894504E-015
           2          44  -3.1502096566158195E-014
           2          45 -0.36919481916118169     
           2          46  -1.2236080886887801E-013
           2          47   5.4366522964130502E-014
           2          48  -5.3951434365548772E-014
           2          49   1.2823176505039759E-013
           2          50  -2.4587558207795022E-014
           2          51  -1.8813143831798977E-015
           2          52  -1.5678780466102153E-014
           2          53  -6.4123379035176948E-014
           2          54   5.7853969652530973E-014
           2          55  -4.5814102460902746E-014
           3           1  -1.0170922699942382     
           3           2   2.4327486269530580     
           3           3   1.6370390922417677     
           3           4   4.3039495012946585     
           3           5   2.6247192196031830     
           3           6  0.71312160625450172     
           3           7  -1.7084704946088477E-013
           3           8   3.2325388163449705E-013
           3           9  -2.6493666925364669E-014
           3          10  -2.5208195813991155E-014
           3          11   2.8991966328193353E-014
           3          12  -2.1234091663593388E-014
           3          13  -3.1797771972958641E-014
           3          14   9.8014918336791745E-014
           3          15  -1.1281112548717876E-014
           3          16   5.7507161627679658E-014
           3          17  -1.0454371731818585E-013
           3          18   1.8068764486050570E-014
           3          19   4.5958350821955650E-015
           3          20  -4.3583232454531584E-015
           3          21   3.0794882565093877E-015
           3          22  -3.5187102787434617     
           3          23  -2.1673776046484764E-014
           3          24  -3.5187102787415405     
           3          25  -1.7243763745823462E-013
           3          26   8.4366793310946405E-013
           3          27  -3.5187102787409850     
           3          28 -0.36055646895363619     
           3          29  -1.0740803270222846E-014
           3          30 -0.36055646895481819     
           3          31   9.8781685847461383E-014
           3          32  -5.1781328980431978E-013
           3          33 -0.36055646895510479     
           3          34 -0.68174408438574852     
           3          35   1.7019334062497701E-014
           3          36 -0.68174408438482159     
           3          37  -6.6454200507546276E-014
           3          38   4.0034975730681872E-013
           3          39 -0.68174408438463407     
           3          40 -0.27009927293948716     
           3          41  -1.0393716027721914E-014
           3          42 -0.27009927293970115     
           3          43   1.3217389922303098E-014
           3          44  -9.2908680834830458E-014
           3          45 -0.27009927293972991     
           3          46  -3.2229688366453284E-014
           3          47   2.5386508522444702E-014
           3          48  -1.4247291556053049E-014
           3          49   5.9585852310480283E-014
           3          50  -7.8990830063551715E-015
           3          51  -8.5414555565513922E-016
           3          52  -1.7389636155380732E-015
           3          53  -1.9791223767700987E-014
           3          54   2.6898588668913702E-014
           3          55  -1.1289676249348541E-014
           4           1  -8.6645982417062442     
           4           2   8.2305371516979591     
           4           3   4.3039495012946585     
           4           4   193.14741352442428     
           4           5  -29.574106371086629     
           4           6  -6.8632812480382093     
           4           7  -1.0852804348079531E-012
           4           8   8.8929485367910228E-013
           4           9  -1.5863960500614436E-013
           4          10   2.6162217023461384E-012
           4          11  -2.3616718060097965E-013
           4          12   6.6321056395618592E-013
           4          13  -2.0343994652350723E-012
           4          14   1.5055659744765925E-012
           4          15  -4.5398445383604569E-013
           4          16   2.9067623485113000E-012
           4          17  -2.8157604895768005E-012
           4          18   7.3120686530236531E-013
           4          19   1.2758918203789996E-013
           4          20  -1.1230440826366944E-013
           4          21   6.3943782998405274E-014
           4          22  -82.421091893148258     
           4          23   6.4780180990757619E-014
           4          24  -82.421091893146780     
           4          25  -2.9040422755103987E-013
           4          26   2.6746933850828727E-013
           4          27  -82.421091893148798     
           4          28   2.8185346030662526     
           4          29  -5.2748672734316330E-013
           4          30   2.8185346030619955     
           4          31  -1.6718238825144670E-013
           4          32   2.0696043758702404E-013
           4          33   2.8185346030676297     
           4          34   7.9840725734721243     
           4          35   6.0432537798256355E-013
           4          36   7.9840725734768920     
           4          37   3.5705826202934908E-013
           4          38  -2.6387278085798137E-013
           4          39   7.9840725734706659     
           4          40   2.6316632622155058     
           4          41  -2.9886701378170698E-013
           4          42   2.6316632622139737     
           4          43  -1.1001034167187908E-013
           4          44   7.8763425477675434E-015
           4          45   2.6316632622158989     
           4          46  -1.5797762828412691E-012
           4          47   6.3918008062968104E-013
           4          48  -6.8015193996590981E-013
           4          49   1.6250973994954002E-012
           4          50  -1.7868559464931350E-013
           4          51  -4.1762729563965109E-014
           4          52  -1.9588977644028465E-013
           4          53  -8.3535000867202540E-013
           4          54   7.5719267823580197E-013
           4          55  -4.2824772504588663E-013
           5           1 -0.30745591200229550     
           5           2   3.5515818945331077     
           5           3   2.6247192196031830     
           5           4  -29.574106371086629     
           5           5   13.220055721140996     
           5           6   3.3010334239332320     
           5           7  -8.4313290573850590E-014
           5           8   2.4927003657850800E-013
           5           9  -7.5016286087396011E-014
           5          10  -8.7353832645565509E-013
           5          11   2.2756540235137972E-013
           5          12  -1.9085490614590375E-013
           5          13   4.6465176008476878E-013
           5          14  -7.0323836258597933E-014
           5          15   3.5549451961561997E-014
           5          16  -6.4036932447618792E-013
           5          17   3.5369021029250607E-013
           5          18  -5.6623095451847751E-014
           5          19  -1.5875367876839967E-014
           5          20   8.7866189767373148E-015
           5          21   2.5537440063843180E-015
           5          22   7.9140838483178166     
           5          23  -5.8420889201906213E-014
           5          24   7.9140838483197777     
           5          25  -7.1513704754796760E-014
           5          26   2.6630312039262214E-012
           5          27   7.9140838483244398     
           5          28  -1.5325857314445148     
           5          29   1.0055744279180330E-013
           5          30  -1.5325857314450371     
           5          31   1.0898396108124936E-013
           5          32  -1.7117133542196918E-012
           5          33  -1.5325857314486717     
           5          34  -3.5033397926270147     
           5          35  -1.0126959979517236E-013
           5          36  -3.5033397926268832     
           5          37  -1.0387586631374467E-013
           5          38   1.3511480301816646E-012
           5          39  -3.5033397926237795     
           5          40  -1.2584407383826715     
           5          41   4.1802500991506600E-014
           5          42  -1.2584407383826446     
           5          43   3.3704648698797155E-014
           5          44  -3.0736611917644353E-013
           5          45  -1.2584407383833942     
           5          46   3.4853693218957943E-013
           5          47  -7.3799470834192746E-014
           5          48   1.5039319255150213E-013
           5          49  -1.9658771239784836E-013
           5          50  -6.1386858528248836E-015
           5          51   4.6918671009453346E-015
           5          52   3.2426285968076711E-014
           5          53   1.5861886903181922E-013
           5          54  -9.7505659403598693E-014
           5          55   2.8695749817170260E-014
           6           1 -0.13032622418966983     
           6           2  0.97550798016197793     
           6           3  0.71312160625450172     
           6           4  -6.8632812480382093     
           6           5   3.3010334239332320     
           6           6  0.82726168837431746     
           6           7   5.6067732020131661E-013
           6           8   5.2969641521223496E-013
           6           9  -3.0963585332895294E-014
           6          10  -1.3639399998364434E-012
           6          11  -9.5608850635475140E-013
           6          12  -5.3192976376696209E-014
           6          13   6.7502178484327258E-013
           6          14   7.6549424355759935E-013
           6          15  -1.2692733048884228E-014
           6          16  -9.3409093864172639E-013
           6          17  -8.4562390966663258E-013
           6          18   4.1151783002988831E-015
           6          19  -1.3855934819562567E-014
           6          20  -8.2107916236586169E-015
           6          21   8.3620725393860455E-016
           6          22   1.7155734218328611     
           6          23   2.0060773330575682E-014
           6          24   1.7155734218339285     
           6          25   3.0872771024945590E-013
           6          26   8.8548598372917803E-013
           6          27   1.7155734218348451     
           6          28 -0.38558633898762101     
           6          29   2.3716760588780361E-015
           6          30 -0.38558633898810613     
           6          31  -1.6983576474002402E-013
           6          32  -5.5929780918507006E-013
           6          33 -0.38558633898885430     
           6          34 -0.87406750030054281     
           6          35  -7.1999788697011094E-015
           6          36 -0.87406750030023506     
           6          37   1.2530635919940031E-013
           6          38   4.3796807301097273E-013
           6          39 -0.87406750029958669     
           6          40 -0.31528231555238750     
           6          41   5.9887687421180055E-015
           6          42 -0.31528231555244129     
           6          43  -2.4363622836436558E-014
           6          44  -9.8604251944668812E-014
           6          45 -0.31528231555259978     
           6          46   5.0046690501161138E-013
           6          47   2.0304954900236522E-013
           6          48   2.2250828006337290E-013
           6          49   4.4660562234994763E-013
           6          50  -5.7562499085983287E-015
           6          51   1.0843652323623355E-015
           6          52   3.7860460447007661E-015
           6          53   2.2420754222729565E-013
           6          54   1.9744868373750505E-013
           6          55  -2.3955841256804148E-015
           7           1   1.0156676858214342E-013
           7           2  -2.6421354716463769E-013
           7           3  -1.7084704946088477E-013
           7           4  -1.0852804348079531E-012
           7           5  -8.4313290573850590E-014
           7           6   5.6067732020131661E-013
           7           7   2.5588008376655509     
           7           8  -4.4992775167391041E-003
           7           9   4.2618684101588194E-004
           7          10  -1.5824488293750432     
           7          11   2.8370293717615614E-002
           7          12  -2.6873305354519518E-003
           7          13  0.95605596964597472     
           7          14  -6.1534270797082714E-002
           7          15   5.8287350330512170E-003
           7          16  -1.3185458244022592     
           7          17   5.9563415353538103E-002
           7          18  -5.6420489145877556E-003
           7          19  -1.8032609565039104E-002
           7          20   4.4017423579513710E-004
           7          21  -4.1694797969026303E-005
           7          22   5.0161617422954462E-013
           7          23   3.9205409479828363E-015
           7          24   5.9567987637172412E-013
           7          25  -3.1789140909481682E-014
           7          26  -2.4707412872924882E-014
           7          27   6.4614355321149363E-013
           7          28   2.0009233884206876E-014
           7          29  -3.1029681737205891E-014
           7          30  -7.2477454692254653E-014
           7          31   5.8268322439154855E-015
           7          32   1.7501921156322144E-014
           7          33  -8.2608941004912719E-014
           7          34  -8.8669107244442529E-014
           7          35   3.4384550444195789E-014
           7          36   6.3286206839613531E-015
           7          37  -4.1814804680440771E-015
           7          38  -1.4357643649647106E-014
           7          39   6.4901128761818544E-015
           7          40  -1.5501133135136703E-013
           7          41  -1.0514300511499126E-014
           7          42  -1.8206182352512364E-013
           7          43  -4.3648929408540226E-016
           7          44   6.3137567961455207E-015
           7          45  -1.7816547347719457E-013
           7          46  0.70549033608347833     
           7          47  -1.3968683369277677E-002
           7          48  0.31550486979037151     
           7          49  -3.1234925569876594E-002
           7          50   1.3231611111285161E-003
           7          51   2.4677380258050737E-015
           7          52   1.3231611111292120E-003
           7          53  0.31550486979036046     
           7          54  -1.3968683369280161E-002
           7          55   2.9586781896780820E-003
           8           1  -1.9268336030540369E-013
           8           2   6.2450675373662390E-013
           8           3   3.2325388163449705E-013
           8           4   8.8929485367910228E-013
           8           5   2.4927003657850800E-013
           8           6   5.2969641521223496E-013
           8           7  -4.4992775167391041E-003
           8           8   2.5813617741650825     
           8           9  -2.2189064868281053E-003
           8          10   2.8370293717637680E-002
           8          11  -1.7247073125771788     
           8          12   1.3991363842087160E-002
           8          13  -6.1534270797077940E-002
           8          14   1.2646101254707816     
           8          15  -3.0346826157267928E-002
           8          16   5.9563415353469477E-002
           8          17  -1.6172174281181884     
           8          18   2.9374860344562367E-002
           8          19   4.4017423578028515E-004
           8          20  -2.0239795706750580E-002
           8          21   2.1708051204687544E-004
           8          22  -5.6980616140411542E-013
           8          23   1.0851459666572832E-014
           8          24  -6.6048332428827008E-013
           8          25   1.7150206107459554E-015
           8          26   1.3518276904771520E-014
           8          27  -6.5776386217644053E-013
           8          28  -9.2386239427252102E-014
           8          29   1.0205164244117719E-014
           8          30  -5.2542306480615574E-014
           8          31   2.5707800147029672E-014
           8          32  -2.1718815949503454E-014
           8          33  -7.9440822038686247E-014
           8          34  -8.5726130998976261E-014
           8          35  -8.9056917998086171E-015
           8          36  -1.3237882193855239E-013
           8          37  -2.9054231320095971E-014
           8          38   3.1359576116542516E-014
           8          39  -8.3756543781990834E-014
           8          40  -1.8022384682555913E-013
           8          41  -2.7207216687128475E-015
           8          42  -1.6531506714260993E-013
           8          43   1.3384044106236318E-014
           8          44  -1.7313351089048380E-014
           8          45  -1.8897769927066914E-013
           8          46  -3.1234925569830194E-002
           8          47  0.38554868844883938     
           8          48  -1.3968683369252822E-002
           8          49  0.86211307600750309     
           8          50  -6.8889287280581649E-003
           8          51  -9.2284056871299169E-016
           8          52  -6.8889287280486560E-003
           8          53  -1.3968683369256486E-002
           8          54  0.38554868844884121     
           8          55  -1.5404112928087127E-002
           9           1   1.2410900976496662E-014
           9           2  -2.9383707080872624E-014
           9           3  -2.6493666925364669E-014
           9           4  -1.5863960500614436E-013
           9           5  -7.5016286087396011E-014
           9           6  -3.0963585332895294E-014
           9           7   4.2618684101588194E-004
           9           8  -2.2189064868281053E-003
           9           9   2.5581468408033698     
           9          10  -2.6873305354518087E-003
           9          11   1.3991363842087124E-002
           9          12  -1.5783250377214986     
           9          13   5.8287350330505803E-003
           9          14  -3.0346826157276841E-002
           9          15  0.94711159582859539     
           9          16  -5.6420489145633740E-003
           9          17   2.9374860344546894E-002
           9          18  -1.3098879261960683     
           9          19  -4.1694797965072577E-005
           9          20   2.1708051204106295E-004
           9          21  -1.7968627610633746E-002
           9          22   6.8111722183912411E-014
           9          23   6.3734066307542001E-015
           9          24   1.2041997402621075E-013
           9          25  -5.8930788292229011E-015
           9          26  -7.9918037537477436E-015
           9          27   1.4663578693673560E-013
           9          28   3.6058912420873077E-014
           9          29  -2.5060563151627116E-016
           9          30   2.8158694988174429E-015
           9          31   6.6607220104096219E-015
           9          32  -2.4138951063952850E-018
           9          33  -2.4159583371364805E-015
           9          34   2.5812693488402025E-015
           9          35  -2.7398183808356196E-016
           9          36   2.8296329425578715E-014
           9          37  -6.7257203340699092E-015
           9          38   4.6776178713735883E-015
           9          39   2.8650683050390775E-014
           9          40   1.2783956314954961E-014
           9          41  -7.8925367487162845E-016
           9          42   9.3362046958444824E-015
           9          43   3.4720300937231063E-016
           9          44  -2.6778179749150817E-015
           9          45   1.0358157074943531E-014
           9          46   2.9586781896554603E-003
           9          47  -6.8889287280498772E-003
           9          48   1.3231611111244486E-003
           9          49  -1.5404112928068361E-002
           9          50  0.31347443822482512     
           9          51   2.2693416853439106E-015
           9          52  0.31347443822482723     
           9          53   1.3231611111256716E-003
           9          54  -6.8889287280537830E-003
           9          55  0.70095015307926345     
          10           1  -1.1822386547735761E-013
          10           2   1.7941363628194703E-013
          10           3  -2.5208195813991155E-014
          10           4   2.6162217023461384E-012
          10           5  -8.7353832645565509E-013
          10           6  -1.3639399998364434E-012
          10           7  -1.5824488293750432     
          10           8   2.8370293717637680E-002
          10           9  -2.6873305354518087E-003
          10          10   4.3106026120131604     
          10          11 -0.17888951340082634     
          10          12   1.6945022022656225E-002
          10          13  -2.3071294287435680     
          10          14  0.38800570307549409     
          10          15  -3.6753217438743109E-002
          10          16   3.0635020760698581     
          10          17 -0.37557843056321732     
          10          18   3.5576063996949382E-002
          10          19   3.8172253415765349E-002
          10          20  -2.7755283620689904E-003
          10          21   2.6290746911902373E-004
          10          22  -7.0536683376715457E-013
          10          23   2.2504609641392966E-014
          10          24  -1.1342423242762706E-012
          10          25   8.5772526725434630E-014
          10          26   8.5514276004235356E-014
          10          27  -1.3407128520457932E-012
          10          28   3.2524120032946485E-014
          10          29   2.2512642809465246E-014
          10          30   3.1784368577084880E-013
          10          31  -5.8080746293314850E-014
          10          32  -4.6521096318652643E-014
          10          33   4.3297228097797292E-013
          10          34   4.6941510879511078E-013
          10          35  -2.9680125405250452E-014
          10          36   2.3827714902152373E-013
          10          37   5.2904133388246112E-014
          10          38   2.8859266757903216E-014
          10          39   1.6055111297047904E-013
          10          40   4.0635615604608675E-013
          10          41   1.0358799400708073E-014
          10          42   4.6096101021100249E-013
          10          43  -2.0575185268007788E-014
          10          44  -2.0133650312967989E-015
          10          45   4.7254558096036795E-013
          10          46  -1.6330944411912216     
          10          47   8.8079841388011365E-002
          10          48 -0.73034203683612908     
          10          49  0.19695251279099552     
          10          50  -8.3432215991770201E-003
          10          51   1.4224142342697390E-015
          10          52  -8.3432215991764806E-003
          10          53 -0.73034203683612042     
          10          54   8.8079841388013697E-002
          10          55  -1.8656010647117683E-002
          11           1   6.9631358615845641E-015
          11           2  -9.2068699501293281E-014
          11           3   2.8991966328193353E-014
          11           4  -2.3616718060097965E-013
          11           5   2.2756540235137972E-013
          11           6  -9.5608850635475140E-013
          11           7   2.8370293717615614E-002
          11           8  -1.7247073125771788     
          11           9   1.3991363842087124E-002
          11          10 -0.17888951340082634     
          11          11   5.2076166186520654     
          11          12  -8.8222853610065682E-002
          11          13  0.38800570307546717     
          11          14  -4.2527244706096887     
          11          15  0.19135258233722924     
          11          16 -0.37557843056315482     
          11          17   4.9467824674241241     
          11          18 -0.18522383044573013     
          11          19  -2.7755283620689215E-003
          11          20   5.2089714362887680E-002
          11          21  -1.3688059614199220E-003
          11          22  -3.3946302531244297E-014
          11          23  -5.9188068379854946E-014
          11          24   1.6496095378256550E-013
          11          25   2.1001888297555323E-014
          11          26  -2.9063407082111904E-014
          11          27   1.7440464191657480E-013
          11          28   1.0076902551267510E-013
          11          29   1.6100871306445322E-014
          11          30  -5.5912390196089324E-015
          11          31  -1.6943869530261328E-014
          11          32   2.7905866728847476E-014
          11          33   3.2693049279306033E-014
          11          34   1.3841644937589485E-014
          11          35  -6.1207337449776560E-015
          11          36   9.6048389944719030E-014
          11          37   1.5238393551298014E-014
          11          38  -2.1835679229408428E-014
          11          39   1.5135321075773538E-014
          11          40   2.9499012869515621E-013
          11          41   4.0671890317990382E-015
          11          42   2.8192325219078223E-013
          11          43  -4.2043443889902005E-015
          11          44   3.7328017017127495E-015
          11          45   3.1997525048850917E-013
          11          46  0.19695251279095183     
          11          47  -1.1720048818266842     
          11          48   8.8079841387978086E-002
          11          49  -2.6206825857260814     
          11          50   4.3438292189672309E-002
          11          51  -4.5224811258297396E-015
          11          52   4.3438292189649952E-002
          11          53   8.8079841388020719E-002
          11          54  -1.1720048818266851     
          11          55   9.7130974162588771E-002
          12           1  -3.3531225959960138E-014
          12           2   5.9088164025101611E-014
          12           3  -2.1234091663593388E-014
          12           4   6.6321056395618592E-013
          12           5  -1.9085490614590375E-013
          12           6  -5.3192976376696209E-014
          12           7  -2.6873305354519518E-003
          12           8   1.3991363842087160E-002
          12           9  -1.5783250377214986     
          12          10   1.6945022022656225E-002
          12          11  -8.8222853610065682E-002
          12          12   4.2845999526958494     
          12          13  -3.6753217438734193E-002
          12          14  0.19135258233725033     
          12          15  -2.2507304821622665     
          12          16   3.5576063996912856E-002
          12          17 -0.18522383044578700     
          12          18   3.0089095077790962     
          12          19   2.6290746911453085E-004
          12          20  -1.3688059614186006E-003
          12          21   3.7768813789545566E-002
          12          22  -1.0200588327684658E-013
          12          23  -1.7395908147205079E-014
          12          24  -3.4022587030700311E-013
          12          25   2.5919606181053744E-014
          12          26   3.1873400455101184E-014
          12          27  -4.7686383640736827E-013
          12          28  -8.4413588174428860E-014
          12          29   3.9971924018594944E-015
          12          30   5.1202785483090766E-014
          12          31  -2.1069618899473648E-014
          12          32  -1.4759918617486374E-014
          12          33   1.2702825203511211E-013
          12          34   1.3143548374355707E-013
          12          35  -1.5048302612595884E-015
          12          36   2.8653246115113668E-014
          12          37   1.7429583866167577E-014
          12          38   1.0295727154784080E-014
          12          39  -1.7964904177236678E-014
          12          40   3.8203233432189650E-015
          12          41   8.8504600463731566E-016
          12          42   2.4971452727785515E-014
          12          43  -2.0969824115455662E-015
          12          44  -2.5231157644686862E-015
          12          45   3.0762765812790080E-014
          12          46  -1.8656010647091586E-002
          12          47   4.3438292189676167E-002
          12          48  -8.3432215991689901E-003
          12          49   9.7130974162615250E-002
          12          50 -0.71753910577110236     
          12          51  -2.1439912555815626E-015
          12          52 -0.71753910577110225     
          12          53  -8.3432215991720311E-003
          12          54   4.3438292189680983E-002
          12          55  -1.6044662170185744     
          13           1   9.4222768318875357E-014
          13           2  -1.4303796017959427E-013
          13           3  -3.1797771972958641E-014
          13           4  -2.0343994652350723E-012
          13           5   4.6465176008476878E-013
          13           6   6.7502178484327258E-013
          13           7  0.95605596964597472     
          13           8  -6.1534270797077940E-002
          13           9   5.8287350330505803E-003
          13          10  -2.3071294287435680     
          13          11  0.38800570307546717     
          13          12  -3.6753217438734193E-002
          13          13   1.3346680305478840     
          13          14 -0.84157211206548210     
          13          15   7.9716567514230716E-002
          13          16  -1.7307156545233060     
          13          17  0.81461775058965302     
          13          18  -7.7163358887678474E-002
          13          19  -2.1056287641627282E-002
          13          20   6.0200333326325952E-003
          13          21  -5.7023799472424581E-004
          13          22   5.2570452642722851E-013
          13          23  -4.1185613953973292E-014
          13          24   9.7671488330089535E-013
          13          25  -6.0133562052442862E-014
          13          26  -5.7339987743048831E-014
          13          27   1.1265047452956241E-012
          13          28   8.9342047131254279E-014
          13          29   5.2575574895790345E-015
          13          30  -1.9859352536369947E-013
          13          31   4.0748113660369760E-014
          13          32   3.1198459403468762E-014
          13          33  -2.8039846691247615E-013
          13          34  -3.2180392898068926E-013
          13          35   3.4559309641262513E-015
          13          36  -9.2734744065709353E-014
          13          37  -3.6365367944104498E-014
          13          38  -1.9479609673536847E-014
          13          39  -4.1412541743785135E-014
          13          40  -1.8342203755350717E-013
          13          41  -2.6046228838660799E-015
          13          42  -2.3568139394709987E-013
          13          43   1.2175858093627187E-014
          13          44   2.1283444786557883E-015
          13          45  -2.4219517626713580E-013
          13          46  0.92173080558560139     
          13          47 -0.19104239334563780     
          13          48  0.41221054764901133     
          13          49 -0.42718377810510255     
          13          50   1.8096184068933301E-002
          13          51  -9.1656218815813625E-016
          13          52   1.8096184068930349E-002
          13          53  0.41221054764901260     
          13          54 -0.19104239334563899     
          13          55   4.0464297711486782E-002
          14           1  -7.9537923538368465E-015
          14           2   1.4087809911792872E-013
          14           3   9.8014918336791745E-014
          14           4   1.5055659744765925E-012
          14           5  -7.0323836258597933E-014
          14           6   7.6549424355759935E-013
          14           7  -6.1534270797082714E-002
          14           8   1.2646101254707816     
          14           9  -3.0346826157276841E-002
          14          10  0.38800570307549409     
          14          11  -4.2527244706096887     
          14          12  0.19135258233725033     
          14          13 -0.84157211206548210     
          14          14   5.5546022109711259     
          14          15 -0.41503770586435940     
          14          16  0.81461775058959052     
          14          17  -5.8154913266351427     
          14          18  0.40174463663166776     
          14          19   6.0200333326298162E-003
          14          20  -5.1242820754436008E-002
          14          21   2.9688968868934905E-003
          14          22  -5.0282072488655538E-013
          14          23   3.6712946581160710E-014
          14          24  -7.7106836022801913E-013
          14          25  -2.8944154048439359E-015
          14          26   2.7075643251950964E-014
          14          27  -9.5221888228439230E-013
          14          28  -1.8875780906277188E-013
          14          29  -1.2732927134361080E-014
          14          30  -2.9887735373404965E-014
          14          31  -5.7261845306091318E-015
          14          32  -1.7181338236233771E-014
          14          33   4.2443727246834941E-014
          14          34   3.2992885192919252E-014
          14          35   3.5087684036906766E-015
          14          36  -9.5072201392921640E-014
          14          37   7.7943558922628576E-015
          14          38   8.6681145895310533E-015
          14          39  -9.3637020238081426E-014
          14          40  -2.5638310288108445E-013
          14          41  -4.0190769284378515E-015
          14          42  -2.3033999992219091E-013
          14          43   6.1750301272083385E-017
          14          44  -1.1640072854838098E-015
          14          45  -2.5073869768879073E-013
          14          46 -0.42718377810505803     
          14          47   1.3701633053877509     
          14          48 -0.19104239334559794     
          14          49   3.0637782911228273     
          14          50  -9.4216283453612854E-002
          14          51   4.0612009960994406E-015
          14          52  -9.4216283453586860E-002
          14          53 -0.19104239334565185     
          14          54   1.3701633053877504     
          14          55 -0.21067401438963665     
          15           1   2.5108720575708123E-014
          15           2  -5.2930813034236545E-014
          15           3  -1.1281112548717876E-014
          15           4  -4.5398445383604569E-013
          15           5   3.5549451961561997E-014
          15           6  -1.2692733048884228E-014
          15           7   5.8287350330512170E-003
          15           8  -3.0346826157267928E-002
          15           9  0.94711159582859539     
          15          10  -3.6753217438743109E-002
          15          11  0.19135258233722924     
          15          12  -2.2507304821622665     
          15          13   7.9716567514230716E-002
          15          14 -0.41503770586435940     
