           1           1   2.2291947455980070     
           1           2 -0.77847810040869125     
           1           3  0.13363026213304380     
           1           4  0.17406918142431835     
           1           5  -8.0857379985329603E-002
           1           6  -5.1203761060965997E-002
           1           7  -2.5151931960293640E-011
           1           8  -2.0867005938541823E-011
           1           9   3.8465700731055139E-011
           1          10  -6.5930810466357117E-012
           1          11   1.7648598998746402E-011
           1          12   1.2138286512122703E-011
           1          13   8.6372582066604592E-012
           1          14   2.6358534783718332E-012
           1          15  -5.7384098737898007E-012
           1          16   1.1555127377673390E-011
           1          17  -2.6117642735756978E-011
           1          18   1.3950413788585280E-011
           1          19   8.4154916320838207E-012
           1          20  -1.8196474479238652E-011
           1          21   1.3650310110971951E-012
           1          22  -2.6888100739880464E-003
           1          23  -3.7533386449339207E-004
           1          24  -2.3241042388150055E-003
           1          25   2.3033933287313847E-005
           1          26  -3.9333121288737718E-005
           1          27  -2.8770726338834380E-003
           1          28   8.5566672673255094E-003
           1          29   1.7060760116809320E-004
           1          30   8.3908950911852423E-003
           1          31  -1.0470451558367045E-005
           1          32   1.7879288699391670E-005
           1          33   8.6422431660388294E-003
           1          34   1.1478684796280772E-002
           1          35  -3.8372475310003166E-004
           1          36   1.1851539775164812E-002
           1          37   2.3550806118641507E-005
           1          38  -4.0215515243446209E-005
           1          39   1.1286213305156154E-002
           1          40   7.0504047772408504E-003
           1          41   4.4460588775118120E-004
           1          42   6.6183932945147834E-003
           1          43  -2.7286981985380159E-005
           1          44   4.6595444492044649E-005
           1          45   7.2734136582932795E-003
           1          46  -7.5706639983146323E-013
           1          47   8.4150757818839113E-013
           1          48  -2.7772817012503265E-012
           1          49   3.9891839134097340E-013
           1          50  -1.4810538640140782E-012
           1          51  -7.3570054869508896E-013
           1          52  -1.6950711748135865E-012
           1          53   8.3342234508894090E-013
           1          54   2.1841229595622239E-012
           1          55  -5.4296777254575600E-012
           2           1 -0.77847810040869125     
           2           2   2.6384989348131276     
           2           3 -0.54444146925303716     
           2           4 -0.58063990387619602     
           2           5  0.23250547993979515     
           2           6  0.16303731089442702     
           2           7   9.0694349630937643E-011
           2           8   6.3218295315696047E-011
           2           9  -2.3173322597193583E-010
           2          10   5.3308826531053271E-011
           2          11  -2.5609686200062038E-011
           2          12   1.3270530211605935E-010
           2          13  -1.9946661716233615E-011
           2          14   4.9419149074761762E-012
           2          15   8.3896831589956588E-011
           2          16  -4.1586013740579417E-011
           2          17   9.5086872313164591E-011
           2          18  -4.0066154216387385E-011
           2          19  -3.1681823566250430E-011
           2          20   6.7048441494846573E-011
           2          21  -5.4792767875261093E-012
           2          22  -1.3668867462004172E-002
           2          23   9.6103580068457903E-004
           2          24  -1.4602705843766429E-002
           2          25  -5.8976067858144057E-005
           2          26   1.0070923568479494E-004
           2          27  -1.3186828253094283E-002
           2          28  -2.3150259384131740E-002
           2          29  -7.3259007713453485E-004
           2          30  -2.2438433837569764E-002
           2          31   4.4960329928524689E-005
           2          32  -7.6773988100448256E-005
           2          33  -2.3517723029863612E-002
           2          34  -2.7335229923004439E-002
           2          35   1.3887897536247504E-003
           2          36  -2.8684678925821293E-002
           2          37  -8.5235732286875689E-005
           2          38   1.4554909328136961E-004
           2          39  -2.6638630232236629E-002
           2          40  -1.8820763924234502E-002
           2          41  -1.5761304360608569E-003
           2          42  -1.7289281000398282E-002
           2          43   9.6732498060771806E-005
           2          44  -1.6518109054706207E-004
           2          45  -1.9611331795169933E-002
           2          46   3.1087079000731312E-012
           2          47  -3.4737205882621514E-012
           2          48   9.7060771909835069E-012
           2          49  -1.6462489295521694E-012
           2          50   3.3213999142308640E-012
           2          51   2.4286031279772142E-012
           2          52   4.7013444750569183E-012
           2          53  -2.7783608932248702E-012
           2          54  -7.7148689148603865E-012
           2          55   1.5646453574440113E-011
           3           1  0.13363026213304380     
           3           2 -0.54444146925303716     
           3           3  0.82499769670403245     
           3           4  0.72539910781681605     
           3           5 -0.32689881760839257     
           3           6 -0.27984257444349464     
           3           7   5.3793918950186521E-011
           3           8  -2.7909609631308018E-011
           3           9  -2.4204443175119684E-010
           3          10   1.4402651222122201E-010
           3          11   2.3728214628039708E-010
           3          12   3.3144354732558481E-010
           3          13   1.0240869884192101E-010
           3          14   7.6639784229746311E-011
           3          15   9.2350230570753369E-011
           3          16   9.4164551489486090E-011
           3          17  -1.7901298451348731E-010
           3          18   6.8546889186908845E-011
           3          19   5.0776664036838765E-011
           3          20  -1.1363571530745195E-010
           3          21   7.0150334777784628E-012
           3          22   2.0805453771531139E-002
           3          23  -3.3677611925850533E-003
           3          24   2.4077808962196884E-002
           3          25   2.0668305065487435E-004
           3          26  -3.5293330764624766E-004
           3          27   1.9116218400643665E-002
           3          28   2.5089840894295827E-002
           3          29   5.9167724563443129E-004
           3          30   2.4514932928138836E-002
           3          31  -3.6310311275750689E-005
           3          32   6.2003309750323016E-005
           3          33   2.5386625177043751E-002
           3          34   2.1341997218126352E-002
           3          35  -2.2626306406016705E-003
           3          36   2.3540534864611246E-002
           3          37   1.3886707378247970E-004
           3          38  -2.3713039443913720E-004
           3          39   2.0207089949364120E-002
           3          40   2.3163476533836665E-002
           3          41   2.8858229995662437E-003
           3          42   2.0359399984801348E-002
           3          43  -1.7711267169940914E-004
           3          44   3.0243889028032226E-004
           3          45   2.4610970080821689E-002
           3          46  -1.3377750673647170E-011
           3          47   7.3392047927607774E-012
           3          48  -2.3196208034500944E-011
           3          49   9.6770243235135495E-012
           3          50  -4.3837071746625350E-012
           3          51  -5.6713995690640849E-012
           3          52  -3.4077962163293243E-012
           3          53   1.7009346097075456E-012
           3          54   1.7908489716540749E-011
           3          55  -2.1450081190837888E-011
           4           1  0.17406918142431835     
           4           2 -0.58063990387619602     
           4           3  0.72539910781681605     
           4           4  0.70166215183534741     
           4           5 -0.50749535027417858     
           4           6 -0.45627621054600509     
           4           7  -1.9791442429272411E-010
           4           8  -6.7520549511332491E-011
           4           9   1.5767690687692728E-009
           4          10   2.8830303580529662E-010
           4          11   1.9237705207812490E-010
           4          12  -2.6247102524967307E-009
           4          13   1.6155531504248904E-010
           4          14   6.2925651028836692E-011
           4          15  -1.0299042415821128E-009
           4          16   2.2931578121222193E-010
           4          17  -4.0344526094285729E-010
           4          18  -7.6533658165626295E-012
           4          19   1.6355127838407166E-010
           4          20  -3.2552658413587610E-010
           4          21   2.8514887986421331E-011
           4          22   1.7986973705203392E-002
           4          23  -3.0922477276070859E-003
           4          24   2.0991986000067811E-002
           4          25   1.8972820769959931E-004
           4          26  -3.2399947260392512E-004
           4          27   1.6436021803464936E-002
           4          28   2.7911021604679745E-002
           4          29   9.6520494285111369E-004
           4          30   2.6973251297094526E-002
           4          31  -5.9244167565624642E-005
           4          32   1.0116109696167835E-004
           4          33   2.8395184364407980E-002
           4          34   2.5101609645169207E-002
           4          35  -3.2416432333314329E-003
           4          36   2.8251426212050762E-002
           4          37   1.9895511323804503E-004
           4          38  -3.3973704825397764E-004
           4          39   2.3475642840733699E-002
           4          40   3.2123659000761744E-002
           4          41   4.8843415594684459E-003
           4          42   2.7377681278201588E-002
           4          43  -2.9976949643144789E-004
           4          44   5.1188829981910005E-004
           4          45   3.4573586025889516E-002
           4          46  -2.9664082072112386E-011
           4          47   1.0418162613294198E-011
           4          48  -4.3755775323235077E-011
           4          49   2.2459683430689804E-011
           4          50   5.4266260107093830E-012
           4          51  -1.3005243264183791E-011
           4          52   1.5821805951451858E-011
           4          53  -5.5767230613116256E-013
           4          54   3.2885796106294872E-011
           4          55  -6.9584800538003982E-013
           5           1  -8.0857379985329603E-002
           5           2  0.23250547993979515     
           5           3 -0.32689881760839257     
           5           4 -0.50749535027417858     
           5           5  0.94417347958766296     
           5           6  0.89444791407349644     
           5           7   1.2317354085998849E-009
           5           8   1.0329683646537247E-009
           5           9  -2.3099650394838317E-009
           5          10  -1.4859734958228850E-009
           5          11  -1.8105423876988089E-009
           5          12   3.0267892154313242E-009
           5          13  -6.2146400523199086E-010
           5          14  -6.7734604998803972E-010
           5          15   1.1811467359487446E-009
           5          16  -1.3319538834320493E-009
           5          17   2.1634612499411497E-009
           5          18  -8.0452688581103755E-011
           5          19  -1.4634419864573220E-009
           5          20   2.6005028235130142E-009
           5          21  -1.6141157147770236E-010
           5          22  -5.6043188470148147E-003
           5          23   1.3011258132501030E-002
           5          24  -1.8246371110085299E-002
           5          25  -7.9860263227013320E-004
           5          26   1.3636654312327440E-003
           5          27   9.2212550799414348E-004
           5          28  -3.0114710887237432E-002
           5          29   7.1562180057669288E-004
           5          30  -3.0809929245902111E-002
           5          31  -4.3941905070409154E-005
           5          32   7.5028389190775460E-005
           5          33  -2.9755740312303561E-002
           5          34  -2.9867974103645216E-002
           5          35   5.8318338123507221E-003
           5          36  -3.5534631779486500E-002
           5          37  -3.5792839191388582E-004
           5          38   6.1120195783067113E-004
           5          39  -2.6942808979499955E-002
           5          40  -5.2071098089438821E-002
           5          41  -8.8782584855559531E-003
           5          42  -4.3444320580965520E-002
           5          43   5.4488733992543218E-004
           5          44  -9.3045428839450516E-004
           5          45  -5.6524320565003193E-002
           5          46   1.0424334693360312E-010
           5          47  -2.6994573524288158E-011
           5          48   9.8465501653963491E-011
           5          49  -7.6311549498357399E-011
           5          50  -5.1489536475072895E-012
           5          51   2.9335781185452439E-011
           5          52  -3.8471132074135951E-011
           5          53   2.6532622165448769E-011
           5          54  -9.0816955109204523E-011
           5          55   4.3147175958467700E-012
           6           1  -5.1203761060965997E-002
           6           2  0.16303731089442702     
           6           3 -0.27984257444349464     
           6           4 -0.45627621054600509     
           6           5  0.89444791407349644     
           6           6  0.85154190789820472     
           6           7  -7.2110178975506069E-010
           6           8  -1.0384176893528102E-009
           6           9  -3.5948674986594310E-009
           6          10   5.0210678109419272E-010
           6          11   1.7797568344111638E-009
           6          12   7.5597310354795580E-009
           6          13   1.6809319449239025E-010
           6          14   6.5452184318206327E-010
           6          15   2.8737089361501991E-009
           6          16   1.2810115007262716E-009
           6          17  -2.0930284303027150E-009
           6          18   2.6954022154237951E-010
           6          19   2.0827710805796961E-009
           6          20  -3.4730382100907648E-009
           6          21   1.7479787706004847E-010
           6          22  -6.5706649305432956E-003
           6          23  -4.6935041987039051E-004
           6          24  -6.1184519371283389E-003
           6          25   2.9326720037853651E-005
           6          26  -4.9878413062420584E-005
           6          27  -6.8069689736692234E-003
           6          28  -2.8365771172404602E-002
           6          29  -2.3188237961802392E-003
           6          30  -2.6113519789399707E-002
           6          31   1.4242485309034450E-004
           6          32  -2.4315948434252264E-004
           6          33  -2.9529076688428468E-002
           6          34  -2.7436888614807954E-002
           6          35   4.7677074912245787E-003
           6          36  -3.2069503904069756E-002
           6          37  -2.9262542297037967E-004
           6          38   4.9968710636333607E-004
           6          39  -2.5045461629353866E-002
           6          40  -4.9491070557797126E-002
           6          41  -1.0758789482903087E-002
           6          42  -3.9037105862747071E-002
           6          43   6.6031437004441824E-004
           6          44  -1.1275543317430905E-003
           6          45  -5.4887559761438963E-002
           6          46   1.7210153898216391E-012
           6          47   1.4921009551081915E-011
           6          48   9.1993512997395689E-011
           6          49   1.7989277010063987E-011
           6          50  -2.0310606645822381E-011
           6          51   2.9873922691395301E-011
           6          52  -5.3392276283907506E-011
           6          53  -3.2535639644949390E-011
           6          54  -1.4551202396119205E-011
           6          55  -4.3473808795494988E-011
           7           1  -2.5151931960293640E-011
           7           2   9.0694349630937643E-011
           7           3   5.3793918950186521E-011
           7           4  -1.9791442429272411E-010
           7           5   1.2317354085998849E-009
           7           6  -7.2110178975506069E-010
           7           7   2.2626765519355665     
           7           8  -2.2611675362221003E-003
           7           9   1.3877792594229989E-004
           7          10 -0.58885568512070785     
           7          11   5.8548426446582268E-003
           7          12  -3.5933752854219411E-004
           7          13 -0.25969553454378369     
           7          14   1.3011530790898757E-003
           7          15  -7.9857917623137270E-005
           7          16   4.8778675820600427E-003
           7          17  -1.4152447591350996E-002
           7          18   8.6859643510542512E-004
           7          19   1.3008422104786985E-002
           7          20  -1.9034235806550656E-002
           7          21   1.1682156520606193E-003
           7          22  -1.2656642739823251E-008
           7          23   7.9747202583914607E-009
           7          24   1.3325036839544278E-008
           7          25  -5.1997947393299609E-009
           7          26   6.9769181552550798E-009
           7          27  -8.1975387881591670E-010
           7          28  -3.2661908005521502E-009
           7          29   1.9236537481379925E-009
           7          30   3.2143741871936742E-009
           7          31  -9.8041573757858185E-010
           7          32   1.5066900924647148E-009
           7          33  -8.0418337190555646E-010
           7          34   2.0525945055809845E-010
           7          35  -2.9237364652660607E-010
           7          36  -8.5138563344495172E-010
           7          37  -1.5467381636814689E-010
           7          38  -1.3169112683742080E-010
           7          39   2.7731316670146010E-010
           7          40  -9.4502363208661864E-011
           7          41   2.1515831708266912E-010
           7          42   5.5387850986729162E-010
           7          43  -1.9786806004852766E-011
           7          44   2.2442807098378405E-010
           7          45   2.1529303497065516E-011
           7          46  -4.7593107474886778E-003
           7          47   1.3233421246345087E-004
           7          48  -1.8829724959500422E-003
           7          49   7.1959683984053986E-004
           7          50  -8.1211135096087751E-006
           7          51  -2.2559396162201824E-005
           7          52  -8.6587334241073867E-006
           7          53  -2.2000962599157763E-003
           7          54   4.1116397953761544E-004
           7          55  -5.6520257257404840E-005
           8           1  -2.0867005938541823E-011
           8           2   6.3218295315696047E-011
           8           3  -2.7909609631308018E-011
           8           4  -6.7520549511332491E-011
           8           5   1.0329683646537247E-009
           8           6  -1.0384176893528102E-009
           8           7  -2.2611675362221003E-003
           8           8   2.2652136072727211     
           8           9  -2.3698011032349575E-004
           8          10   5.8548427393259137E-003
           8          11 -0.59542486188759125     
           8          12   6.1361143107179373E-004
           8          13   1.3011528004009309E-003
           8          14 -0.26115546036473747     
           8          15   1.3636759726003714E-004
           8          16  -1.4152447936050970E-002
           8          17   2.0756813247812738E-002
           8          18  -1.4832215044566939E-003
           8          19  -1.9034234075189706E-002
           8          20   3.4364706369615750E-002
           8          21  -1.9948541655436993E-003
           8          22  -3.2854515815202393E-009
           8          23   2.0425231751163192E-009
           8          24   3.3469131070264821E-009
           8          25  -1.5411902919677179E-009
           8          26   2.1607691282364350E-009
           8          27  -2.0116498852595999E-010
           8          28  -9.8030439903107328E-010
           8          29   5.1962537813641180E-010
           8          30   9.6401027978166410E-010
           8          31  -3.0175926999624357E-010
           8          32   4.9722820731282803E-010
           8          33  -3.7921152886126989E-010
           8          34   8.6927253917752936E-011
           8          35  -1.2754177755886177E-010
           8          36  -4.6276153307258033E-010
           8          37  -6.4488385925158211E-011
           8          38  -1.0860069651491593E-010
           8          39   1.8445919861311890E-010
           8          40   1.7042799723849057E-010
           8          41   1.0685291340968535E-010
           8          42   4.4678721011891481E-010
           8          43   6.4363100521735941E-012
           8          44   9.7892893256738839E-011
           8          45   2.0718825252721932E-010
           8          46   8.5237326686279870E-004
           8          47  -2.4502767357327164E-003
           8          48  -4.5804071038350804E-005
           8          49  -5.2545165279935958E-003
           8          50   3.3454115551188913E-005
           8          51   2.5835130852261036E-005
           8          52  -4.8011763782197097E-006
           8          53   4.1116393968083941E-004
           8          54  -2.6614202030827133E-003
           8          55   9.6514263913977794E-005
           9           1   3.8465700731055139E-011
           9           2  -2.3173322597193583E-010
           9           3  -2.4204443175119684E-010
           9           4   1.5767690687692728E-009
           9           5  -2.3099650394838317E-009
           9           6  -3.5948674986594310E-009
           9           7   1.3877792594229989E-004
           9           8  -2.3698011032349575E-004
           9           9   2.2613669336727411     
           9          10  -3.5933762207705550E-004
           9          11   6.1361144554979304E-004
           9          12 -0.58546468390709849     
           9          13  -7.9857569988701398E-005
           9          14   1.3636741754694995E-004
           9          15 -0.25894194050439473     
           9          16   8.6859682659078997E-004
           9          17  -1.4832223788185340E-003
           9          18  -3.3189839043823522E-003
           9          19   1.1682129527206889E-003
           9          20  -1.9948495109302303E-003
           9          21   1.9841303513409023E-003
           9          22  -6.1015886656892743E-010
           9          23   5.1764201550206923E-010
           9          24   7.4690532820220508E-010
           9          25  -5.4344507878759540E-010
           9          26   6.4157633628361648E-010
           9          27  -1.1669725506033827E-010
           9          28   9.7017786680930927E-010
           9          29   2.1580220189410618E-010
           9          30   1.0234512782646424E-009
           9          31   4.0774522594113478E-011
           9          32   3.8020297022670496E-010
           9          33   7.8109663098731503E-010
           9          34   4.1897904528780681E-010
           9          35  -2.4597591909464305E-010
           9          36   5.5384018676887561E-010
           9          37   1.0480772851575214E-011
           9          38  -3.0113923356772990E-010
           9          39   4.7295450872376054E-010
           9          40   1.2054481749375824E-009
           9          41   6.6558331168603294E-011
           9          42   1.4392196774517325E-009
           9          43  -9.0613773995057666E-011
           9          44   1.2186050474279766E-010
           9          45   1.1313079190574045E-009
           9          46  -5.2313218943228949E-005
           9          47   3.3453684950139589E-005
           9          48  -8.6587184260203876E-006
           9          49   7.5415772220379894E-005
           9          50  -1.9072480366031999E-003
           9          51  -1.0907121243899330E-004
           9          52  -1.8012672839410110E-003
           9          53  -1.3765462834094961E-005
           9          54   2.3506278031419158E-005
           9          55  -4.3870794846106688E-003
          10           1  -6.5930810466357117E-012
          10           2   5.3308826531053271E-011
          10           3   1.4402651222122201E-010
          10           4   2.8830303580529662E-010
          10           5  -1.4859734958228850E-009
          10           6   5.0210678109419272E-010
          10           7 -0.58885568512070785     
          10           8   5.8548427393259137E-003
          10           9  -3.5933762207705550E-004
          10          10   1.3616736877035205     
          10          11  -1.4943988995562213E-002
          10          12   9.1717823571573365E-004
          10          13  0.51179509992651639     
          10          14  -3.8657078174551903E-003
          10          15   2.3725640672676545E-004
          10          16   2.6688596767903021E-002
          10          17   3.6236439410566888E-002
          10          18  -2.2239860904370071E-003
          10          19  -3.2166429893185980E-002
          10          20   4.8940281580145253E-002
          10          21  -3.0036826178621119E-003
          10          22   3.3840897398027792E-008
          10          23  -2.1424857079512024E-008
          10          24  -3.6054355609666486E-008
          10          25   1.4072621696975920E-008
          10          26  -1.9023946163405343E-008
          10          27   2.0354840582750571E-009
          10          28   8.4423820050438758E-009
          10          29  -4.9824619305732319E-009
          10          30  -8.5838058504208557E-009
          10          31   2.7523055244763519E-009
          10          32  -4.2261105200494020E-009
          10          33   1.7156932174095408E-009
          10          34  -6.5680984359580442E-010
          10          35   5.7606856173462727E-010
          10          36   1.7267473513035866E-009
          10          37   3.8329518109261676E-010
          10          38   3.6546339061469963E-010
          10          39  -6.7020893625648365E-010
          10          40   6.2268567670389095E-010
          10          41  -5.2914034413120794E-010
          10          42  -1.0183856820498057E-009
          10          43   6.0879463943477225E-011
          10          44  -4.9884271830776964E-010
          10          45   1.9353364943792780E-010
          10          46  -1.1283150017499157E-002
          10          47  -3.9130840078109146E-004
          10          48  -5.6291857706427580E-003
          10          49  -1.7735285015925400E-003
          10          50   2.4014689211693492E-005
          10          51   5.2838083637147078E-005
          10          52   2.0160107079920807E-005
          10          53  -4.8864257537086127E-003
          10          54  -1.0228671512720251E-003
          10          55   1.4061534508759944E-004
          11           1   1.7648598998746402E-011
          11           2  -2.5609686200062038E-011
          11           3   2.3728214628039708E-010
          11           4   1.9237705207812490E-010
          11           5  -1.8105423876988089E-009
          11           6   1.7797568344111638E-009
          11           7   5.8548426446582268E-003
          11           8 -0.59542486188759125     
          11           9   6.1361144554979304E-004
          11          10  -1.4943988995562213E-002
          11          11   1.3784409125023127     
          11          12  -1.5661885867339278E-003
          11          13  -3.8657072557733039E-003
          11          14  0.51613247937406670     
          11          15  -4.0514408185095128E-004
          11          16   3.6236440357992304E-002
          11          17  -1.3968430569893810E-002
          11          18   3.7976946809410790E-003
          11          19   4.8940276828514255E-002
          11          20  -8.7077095148250433E-002
          11          21   5.1291118365861454E-003
          11          22   1.1929877487241636E-008
          11          23  -7.4683709342431368E-009
          11          24  -1.2560007675679041E-008
          11          25   5.5180958570593894E-009
          11          26  -7.7741888623470128E-009
          11          27   5.6097774956306352E-010
          11          28   3.1879127903719428E-009
          11          29  -1.7459573302396435E-009
          11          30  -3.2309259901679374E-009
          11          31   1.1241512254705304E-009
          11          32  -1.8080506384450216E-009
          11          33   8.1461209506023454E-010
          11          34  -3.0137547167036131E-010
          11          35   2.4646186842073545E-010
          11          36   9.4770497645563220E-010
          11          37   1.7515630632874843E-010
          11          38   2.8490083090507202E-010
          11          39  -4.0977645977463930E-010
          11          40  -1.3735726851626925E-010
          11          41  -2.8919535855448482E-010
          11          42  -9.1499028400459534E-010
          11          43  -3.3337278378678459E-012
          11          44  -2.2894946186633183E-010
          11          45  -3.5874271005921338E-010
          11          46  -2.1148980840668104E-003
          11          47  -4.2569196357300793E-003
          11          48   6.6686779753136766E-005
          11          49  -9.9888514417264401E-003
          11          50  -8.2422557451669967E-005
          11          51  -6.3399416495200247E-005
          11          52   6.9904919736510429E-006
          11          53  -1.0228670644269469E-003
          11          54  -3.7387745262496097E-003
          11          55  -2.4011548133601347E-004
          12           1   1.2138286512122703E-011
          12           2   1.3270530211605935E-010
          12           3   3.3144354732558481E-010
          12           4  -2.6247102524967307E-009
          12           5   3.0267892154313242E-009
          12           6   7.5597310354795580E-009
          12           7  -3.5933752854219411E-004
          12           8   6.1361143107179373E-004
          12           9 -0.58546468390709849     
          12          10   9.1717823571573365E-004
          12          11  -1.5661885867339278E-003
          12          12   1.3530184346915346     
          12          13   2.3725562167276111E-004
          12          14  -4.0514359154716711E-004
          12          15  0.50955617142815535     
          12          16  -2.2239869917680755E-003
          12          17   3.7976968919602385E-003
          12          18   4.7676110958823237E-002
          12          19  -3.0036754509959098E-003
          12          20   5.1290996261683297E-003
          12          21  -3.8210866275319678E-003
          12          22  -5.8166039829247865E-009
          12          23   3.4833424470584879E-009
          12          24   6.1016597138591652E-009
          12          25  -1.2547408144870547E-009
          12          26   1.9355645554637729E-009
          12          27  -1.7495046149651261E-010
          12          28  -3.3603155474369549E-009
          12          29   6.0273295667721372E-010
          12          30  -6.7541999719287572E-011
          12          31  -6.8634813577057300E-010
          12          32   2.0942277769779199E-011
          12          33  -1.4853917160481452E-009
          12          34  -4.4829801212796681E-010
          12          35   4.3374437776538038E-010
          12          36  -9.5567851857440692E-010
          12          37   1.0911841902774477E-010
          12          38   5.3447368148714364E-010
          12          39  -5.3616324816041105E-010
          12          40  -2.5981310890109680E-009
          12          41  -3.5149522700711842E-011
          12          42  -2.8379731075984191E-009
          12          43   9.9681983596055699E-011
          12          44  -2.4430562189352658E-010
          12          45  -2.3784623499632496E-009
          12          46   1.2979931212185722E-004
          12          47  -8.2421657193036335E-005
          12          48   2.0160085385176926E-005
          12          49  -1.8587130194076671E-004
          12          50  -5.5948036056032591E-003
          12          51   2.3116608481664155E-004
          12          52  -5.8194196899578471E-003
          12          53   3.8526128024858886E-005
          12          54  -6.5788130119643780E-005
          12          55  -1.2251061913161816E-002
          13           1   8.6372582066604592E-012
          13           2  -1.9946661716233615E-011
          13           3   1.0240869884192101E-010
          13           4   1.6155531504248904E-010
          13           5  -6.2146400523199086E-010
          13           6   1.6809319449239025E-010
          13           7 -0.25969553454378369     
          13           8   1.3011528004009309E-003
          13           9  -7.9857569988701398E-005
          13          10  0.51179509992651639     
          13          11  -3.8657072557733039E-003
          13          12   2.3725562167276111E-004
          13          13  0.19310038047029154     
          13          14  -7.9698384604719760E-004
          13          15   4.8914818586818894E-005
          13          16   1.0086704267088225E-002
          13          17   1.3020474151074924E-002
          13          18  -7.9912250300827651E-004
          13          19  -1.1559085360870318E-002
          13          20   1.7472186440227914E-002
          13          21  -1.0723457443805426E-003
          13          22  -6.4047305572909861E-009
          13          23   4.0825527710567417E-009
          13          24   6.9049807386794809E-009
          13          25  -2.3372608963347041E-009
          13          26   3.2594655688504022E-009
          13          27  -5.5896723617126931E-010
          13          28  -1.1802752677124277E-009
          13          29   8.9186234498190476E-010
          13          30   1.4366552722315429E-009
          13          31  -7.0360127947690778E-010
          13          32   7.8473886834833864E-010
          13          33   3.4707066653865581E-010
          13          34   1.5587275173101190E-012
          13          35   6.1740879184553994E-011
          13          36   3.9219279431037064E-010
          13          37   2.4099915673824308E-010
          13          38   5.1593081579875237E-012
          13          39  -2.3376725527762263E-010
          13          40  -1.0056408818460423E-010
          13          41   1.2255794826971575E-011
          13          42  -3.0264076482145486E-011
          13          43  -1.1036870772651320E-010
          13          44  -5.9421639437237328E-012
          13          45   4.7998398747262844E-011
          13          46  -4.0711869339294868E-003
          13          47  -1.4481839653741928E-004
          13          48  -2.0333349582848490E-003
          13          49  -6.6256318859339862E-004
          13          50   8.8875271377429170E-006
          13          51   1.9343932643158951E-005
          13          52   8.0098390908729734E-006
          13          53  -1.7614118183368463E-003
          13          54  -3.7827481751227565E-004
          13          55   5.1998994584828435E-005
          14           1   2.6358534783718332E-012
          14           2   4.9419149074761762E-012
          14           3   7.6639784229746311E-011
          14           4   6.2925651028836692E-011
          14           5  -6.7734604998803972E-010
          14           6   6.5452184318206327E-010
          14           7   1.3011530790898757E-003
          14           8 -0.26115546036473747     
          14           9   1.3636741754694995E-004
          14          10  -3.8657078174551903E-003
          14          11  0.51613247937406670     
          14          12  -4.0514359154716711E-004
          14          13  -7.9698384604719760E-004
          14          14  0.19399462842889403     
          14          15  -8.3528934246722956E-005
          14          16   1.3020474745779297E-002
          14          17  -4.5221748957035533E-003
          14          18   1.3645873218403610E-003
          14          19   1.7472185123401866E-002
          14          20  -3.1162761200898576E-002
          14          21   1.8311459912252399E-003
          14          22  -4.2659682792732855E-009
          14          23   2.6934587765009982E-009
          14          24   4.4851621687639268E-009
          14          25  -1.4102453789658591E-009
          14          26   1.9132531913616784E-009
          14          27  -2.4297703728490663E-010
          14          28  -7.9596872938443165E-010
          14          29   5.9651126095913140E-010
          14          30   8.8236146106252056E-010
          14          31  -3.7159367360049032E-010
          14          32   4.2241388214465191E-010
          14          33   2.0359699528196044E-010
          14          34  -2.0779338712891777E-012
          14          35   2.4274032580592610E-011
          14          36   2.4025090154572258E-010
          14          37   1.1160957478490937E-010
          14          38   4.3210412667231849E-011
          14          39  -1.4822125702792011E-010
          14          40  -2.0286314059532601E-010
          14          41  -1.1241366902361472E-011
          14          42  -1.8155197819906815E-010
          14          43  -6.1088614251087089E-011
          14          44  -3.6166112843168646E-012
          14          45  -1.3887128018339098E-010
          14          46  -7.8436844383093513E-004
          14          47  -1.5242187322417901E-003
          14          48   1.8600443539496423E-005
          14          49  -3.5861616579443145E-003
          14          50  -3.0803583642749090E-005
          14          51  -2.2909041507390295E-005
          14          52   1.9499533281988982E-006
          14          53  -3.7827479479933220E-004
          14          54  -1.3369896207268933E-003
          14          55  -8.8793740346197937E-005
          15           1  -5.7384098737898007E-012
          15           2   8.3896831589956588E-011
          15           3   9.2350230570753369E-011
          15           4  -1.0299042415821128E-009
          15           5   1.1811467359487446E-009
          15           6   2.8737089361501991E-009
          15           7  -7.9857917623137270E-005
          15           8   1.3636759726003714E-004
          15           9 -0.25894194050439473     
          15          10   2.3725640672676545E-004
          15          11  -4.0514408185095128E-004
          15          12  0.50955617142815535     
          15          13   4.8914818586818894E-005
          15          14  -8.3528934246722956E-005
