           1           1   2.6413028073087697     
           1           2  -1.3055357225362696     
           1           3 -0.90090712054831379     
           1           4  -8.7967932651399803     
           1           5  0.63014179913866386     
           1           6   1.2133381876582905     
           1           7  -1.4050236410643402E-014
           1           8  -1.4464142018822085E-013
           1           9  -8.1318264798576930E-014
           1          10  -7.4831104474020887E-015
           1          11   2.0909010557327516E-013
           1          12   2.3103889059938303E-014
           1          13   6.8609654790708200E-014
           1          14  -5.6272055844759419E-013
           1          15  -2.0115398353390269E-014
           1          16  -1.0857155187245361E-013
           1          17   9.2435407537099750E-013
           1          18   1.8011767034071008E-014
           1          19  -2.3229508435099280E-015
           1          20   9.4013124216802038E-014
           1          21   7.0297910769129861E-015
           1          22   4.2338858679972944     
           1          23   6.3695651235303377E-014
           1          24   4.2338858679971372     
           1          25   1.3124496607751098E-014
           1          26  -3.0135374829184292E-014
           1          27   4.2338858679971842     
           1          28  -1.7370795352730312E-002
           1          29  -1.6654709995982593E-013
           1          30  -1.7370795352079166E-002
           1          31  -4.1035504136319642E-014
           1          32   4.0985824501489106E-014
           1          33  -1.7370795352391916E-002
           1          34 -0.37588955265178758     
           1          35   1.5143660483064323E-013
           1          36 -0.37588955265248392     
           1          37   5.3740451953551757E-014
           1          38  -2.8358563808300683E-014
           1          39 -0.37588955265215351     
           1          40 -0.32140030159156130     
           1          41  -3.4346914083921321E-014
           1          42 -0.32140030159131888     
           1          43  -2.7305439864213950E-014
           1          44   1.8478628097280423E-016
           1          45 -0.32140030159143373     
           1          46   5.9794610347226777E-014
           1          47  -2.4080646831691712E-013
           1          48   2.2967685114412097E-014
           1          49  -5.2282666836249870E-013
           1          50  -6.7320788886515012E-015
           1          51  -3.1666801633126900E-015
           1          52  -4.8847211410512842E-015
           1          53   2.5942740509637195E-014
           1          54  -2.3178121634167238E-013
           1          55  -1.2733448450364693E-014
           2           1  -1.3055357225362696     
           2           2   3.7467117167326056     
           2           3   2.4102495646375064     
           2           4   8.0544839945851194     
           2           5   1.5025096199980206     
           2           6  0.99766143136706931     
           2           7   1.6637728564229807E-013
           2           8  -5.3773624566534210E-013
           2           9   2.4608652998816085E-013
           2          10  -3.7479515439985477E-013
           2          11   2.1826023820524056E-012
           2          12  -4.8369543123910276E-014
           2          13   3.8653175061828749E-013
           2          14  -2.4151772274864656E-012
           2          15   2.0250296223778444E-014
           2          16  -4.1033387134161244E-013
           2          17   2.1952578542922471E-012
           2          18  -2.5192328317427466E-014
           2          19  -2.9478684582889438E-014
           2          20   1.1706203991673735E-013
           2          21  -4.6981963751573955E-015
           2          22  -5.6034061311633785     
           2          23   1.2218287391634032E-013
           2          24  -5.6034061311637560     
           2          25   5.0232831687704545E-014
           2          26   1.4384488700314459E-013
           2          27  -5.6034061311637160     
           2          28 -0.34786460530152896     
           2          29   4.5930660412779935E-015
           2          30 -0.34786460530163954     
           2          31  -2.2751079844398148E-014
           2          32  -9.5215518608516886E-014
           2          33 -0.34786460530146174     
           2          34 -0.44678816265051957     
           2          35  -2.3562306006933609E-014
           2          36 -0.44678816265025906     
           2          37   2.3855667379416119E-015
           2          38   7.4442865600649540E-014
           2          39 -0.44678816265049914     
           2          40 -0.28338093624925814     
           2          41   3.0676053920873987E-015
           2          42 -0.28338093624938271     
           2          43   6.4468883131332778E-015
           2          44  -1.6963196838347806E-014
           2          45 -0.28338093624928384     
           2          46   2.2610243899598094E-013
           2          47  -5.1260197518495583E-013
           2          48   9.1624651041608280E-014
           2          49  -1.1301150727000352E-012
           2          50   7.3116807538816402E-015
           2          51   6.6761542869785859E-016
           2          52   9.9773523012762546E-015
           2          53   9.8741049737974743E-014
           2          54  -5.1017442836695444E-013
           2          55   9.7350888141605727E-015
           3           1 -0.90090712054831379     
           3           2   2.4102495646375064     
           3           3   1.6689600267146800     
           3           4  0.97080344479907410     
           3           5   1.9507753276478712     
           3           6   1.9103650506721173     
           3           7   5.3651062077987826E-013
           3           8  -4.1676059462437433E-012
           3           9   2.0883202101212469E-013
           3          10  -1.6701618105450619E-012
           3          11   9.8490929776465911E-012
           3          12   6.9774031310603974E-016
           3          13   1.5286912917383886E-012
           3          14  -1.0404876810024542E-011
           3          15  -2.6409767809356132E-014
           3          16  -1.5031953901587266E-012
           3          17   9.5541922511704801E-012
           3          18   1.3607446631697280E-014
           3          19  -8.1009708407754858E-014
           3          20   4.9470609719492128E-013
           3          21  -2.2518204982307746E-015
           3          22  -2.0974907501911599     
           3          23   4.0660734626118302E-013
           3          24  -2.0974907501925122     
           3          25   2.1720310676607432E-013
           3          26   6.6574918654721738E-013
           3          27  -2.0974907501927769     
           3          28 -0.35357352381919371     
           3          29  -2.4293033308134091E-013
           3          30 -0.35357352381834584     
           3          31  -1.3419154139152808E-013
           3          32  -3.5475762307219665E-013
           3          33 -0.35357352381821805     
           3          34 -0.72507243124554333     
           3          35   1.7479126920346974E-013
           3          36 -0.72507243124614884     
           3          37   9.8158273186919579E-014
           3          38   2.6107140099043965E-013
           3          39 -0.72507243124627074     
           3          40 -0.52482342798275594     
           3          41  -4.3337259752309915E-014
           3          42 -0.52482342798261694     
           3          43  -2.2860869235928412E-014
           3          44  -6.3670797611131739E-014
           3          45 -0.52482342798257620     
           3          46   7.8999239072736947E-013
           3          47  -2.2150259750329594E-012
           3          48   3.4462201871412382E-013
           3          49  -4.9278229184599268E-012
           3          50  -2.5004885249582637E-015
           3          51   6.7187253217157349E-016
           3          52  -8.7218227007896684E-016
           3          53   3.4799029175037097E-013
           3          54  -2.2085030590037308E-012
           3          55  -7.8006288204733664E-015
           4           1  -8.7967932651399803     
           4           2   8.0544839945851194     
           4           3  0.97080344479907410     
           4           4   198.05507369568045     
           4           5  -37.819555109841822     
           4           6  -51.121760109484285     
           4           7  -1.0733352623289643E-012
           4           8   9.9254017837328308E-012
           4           9   5.2367840579181862E-013
           4          10   3.9675516157329095E-012
           4          11  -2.7991517044356160E-011
           4          12  -3.9512252664837051E-013
           4          13  -6.6155933154950877E-012
           4          14   4.2526463805573015E-011
           4          15   3.7256615108129192E-013
           4          16   8.6121797384281080E-012
           4          17  -5.1790543078949639E-011
           4          18  -3.1773738365116721E-013
           4          19   4.8675443375564585E-013
           4          20  -3.8958612220652830E-012
           4          21  -2.2646373123342864E-014
           4          22  -77.580729347204937     
           4          23  -4.3887191596900083E-012
           4          24  -77.580729347193881     
           4          25  -7.8247262318565798E-013
           4          26  -2.0278684458857839E-013
           4          27  -77.580729347196524     
           4          28   4.6067516114479909     
           4          29   5.5863241291804112E-012
           4          30   4.6067516114273106     
           4          31   1.3585864531082020E-012
           4          32  -3.6173021990689149E-013
           4          33   4.6067516114352287     
           4          34   17.379172363304935     
           4          35  -4.6430033041087351E-012
           4          36   17.379172363325022     
           4          37  -1.4769101260381772E-012
           4          38   1.8929710059671610E-013
           4          39   17.379172363317249     
           4          40   13.767464095521284     
           4          41   1.1048859033249708E-012
           4          42   13.767464095514823     
           4          43   5.6608405545766323E-013
           4          44   6.8972600395883819E-014
           4          45   13.767464095517406     
           4          46  -4.7708615352887227E-012
           4          47   1.2824367452798124E-011
           4          48  -2.0314468473825598E-012
           4          49   2.8076855835807107E-011
           4          50   1.0161185684360915E-013
           4          51   3.1982433220148496E-015
           4          52   9.9580387001468913E-014
           4          53  -1.9920054675649145E-012
           4          54   1.2606668371234099E-011
           4          55   1.3757485812180427E-013
           5           1  0.63014179913866386     
           5           2   1.5025096199980206     
           5           3   1.9507753276478712     
           5           4  -37.819555109841822     
           5           5   10.378932433210412     
           5           6   12.950018329923134     
           5           7   2.1480081965518900E-012
           5           8  -1.8952552127438547E-011
           5           9   1.7769579099916178E-014
           5          10  -6.6460164842994677E-012
           5          11   4.6754368401318779E-011
           5          12   1.8183439621949532E-013
           5          13   7.2071216493776817E-012
           5          14  -5.3820247133945119E-011
           5          15  -1.8694334183984089E-013
           5          16  -7.0717375018252815E-012
           5          17   5.0116957216688878E-011
           5          18   1.5692741565722596E-013
           5          19  -3.6053116785578146E-013
           5          20   2.7028934520521826E-012
           5          21   5.3095209138719417E-015
           5          22   12.101668859561887     
           5          23   5.4237724119937931E-012
           5          24   12.101668859548127     
           5          25   1.1626956215102193E-012
           5          26   1.7556286651483796E-012
           5          27   12.101668859550125     
           5          28  -1.4288303282995647     
           5          29  -3.5716437500638715E-012
           5          30  -1.4288303282890991     
           5          31  -8.3554042551337193E-013
           5          32  -8.3893305739771602E-013
           5          33  -1.4288303282914772     
           5          34  -4.5187124920391488     
           5          35   2.6948314370896439E-012
           5          36  -4.5187124920477064     
           5          37   7.0330803076418410E-013
           5          38   6.2515527468482453E-013
           5          39  -4.5187124920456281     
           5          40  -3.5021835967947696     
           5          41  -6.4176333423402436E-013
           5          42  -3.5021835967924115     
           5          43  -2.0972048042835117E-013
           5          44  -1.7325152972085399E-013
           5          45  -3.5021835967930364     
           5          46   3.7156321695920774E-012
           5          47  -1.1685990153702447E-011
           5          48   1.6293030231070681E-012
           5          49  -2.5978687532089492E-011
           5          50  -4.1307207339087557E-014
           5          51  -2.4700306170199537E-016
           5          52  -3.9543939124402852E-014
           5          53   1.6250398631042537E-012
           5          54  -1.1633501084835575E-011
           5          55  -7.5301110826399130E-014
           6           1   1.2133381876582905     
           6           2  0.99766143136706931     
           6           3   1.9103650506721173     
           6           4  -51.121760109484285     
           6           5   12.950018329923134     
           6           6   16.414922247132374     
           6           7   1.9983905953407887E-012
           6           8  -1.8040536251071135E-011
           6           9  -1.1316510949051251E-014
           6          10  -6.2813276445192997E-012
           6          11   4.4483604966986438E-011
           6          12   1.9609975955428065E-013
           6          13   7.0385857615616845E-012
           6          14  -5.2036075831950328E-011
           6          15  -2.0155893932159009E-013
           6          16  -7.1104736243100600E-012
           6          17   4.9634140111475305E-011
           6          18   1.6873526682412334E-013
           6          19  -3.6781529609667273E-013
           6          20   2.7806569953893751E-012
           6          21   6.3466782750186932E-015
           6          22   17.287682253633232     
           6          23   5.3919599145530303E-012
           6          24   17.287682253619455     
           6          25   1.1551906074812432E-012
           6          26   1.6795679490030429E-012
           6          27   17.287682253621544     
           6          28  -1.7437013433745836     
           6          29  -3.7748149923721122E-012
           6          30  -1.7437013433631090     
           6          31  -8.9538351900836972E-013
           6          32  -7.6722123286679957E-013
           6          33  -1.7437013433659734     
           6          34  -5.6977161082926395     
           6          35   2.8828994005087627E-012
           6          36  -5.6977161083022745     
           6          37   7.7996516208488639E-013
           6          38   5.7840294624386425E-013
           6          39  -5.6977161082997068     
           6          40  -4.4354583499623912     
           6          41  -6.8674038929849702E-013
           6          42  -4.4354583499596645     
           6          43  -2.4243695943115795E-013
           6          44  -1.6988214650855841E-013
           6          45  -4.4354583499604541     
           6          46   3.7604518737732201E-012
           6          47  -1.1644042150215665E-011
           6          48   1.6423407980333742E-012
           6          49  -2.5844212815548715E-011
           6          50  -4.5945454041927592E-014
           6          51  -4.5870347480586863E-016
           6          52  -4.4011990227233815E-014
           6          53   1.6354963940298457E-012
           6          54  -1.1576811755597184E-011
           6          55  -7.9691462564005774E-014
           7           1  -1.4050236410643402E-014
           7           2   1.6637728564229807E-013
           7           3   5.3651062077987826E-013
           7           4  -1.0733352623289643E-012
           7           5   2.1480081965518900E-012
           7           6   1.9983905953407887E-012
           7           7   2.5760226333287095     
           7           8  -3.0870730180532564E-003
           7           9  -4.8126999166720190E-004
           7          10  -1.6156128723099661     
           7          11   1.9325147131863958E-002
           7          12   3.0127610667953410E-003
           7          13  0.94075852173284658     
           7          14  -3.9685908423734512E-002
           7          15  -6.1869728071639440E-003
           7          16  -1.0644893421173109     
           7          17   3.0186588824987762E-002
           7          18   4.7060433191217273E-003
           7          19  -5.6836002499791524E-002
           7          20   1.3182749679873391E-003
           7          21   2.0551706394735707E-004
           7          22  -2.5901718334031714E-013
           7          23   1.0770109588328923E-014
           7          24  -2.2354594943183423E-013
           7          25  -1.3365775569342810E-014
           7          26  -4.7341862380977665E-015
           7          27  -3.3021786004583707E-013
           7          28  -4.8979751995351293E-013
           7          29  -7.2112674142534439E-015
           7          30  -4.7555886803493719E-013
           7          31   2.0844150472142434E-014
           7          32  -1.0375840905510152E-015
           7          33  -4.1005290846430072E-013
           7          34  -6.9501580409373947E-013
           7          35   6.6718652206342909E-015
           7          36  -7.2169240056422381E-013
           7          37  -2.2150129039013471E-014
           7          38   1.2311459662569077E-015
           7          39  -7.7489827346118514E-013
           7          40  -5.7450364199181479E-013
           7          41  -4.2879814443287333E-016
           7          42  -5.6270344884850056E-013
           7          43   7.5624863260019254E-015
           7          44  -6.9364064010746440E-016
           7          45  -5.4685521543872222E-013
           7          46  0.55384558881794232     
           7          47  -6.8275826947992628E-003
           7          48  0.24768727712706395     
           7          49  -1.5266939027574198E-002
           7          50  -1.0644097653068306E-003
           7          51  -5.0366922159928503E-016
           7          52  -1.0644097653056727E-003
           7          53  0.24768727712706431     
           7          54  -6.8275826947974362E-003
           7          55  -2.3800925911404824E-003
           8           1  -1.4464142018822085E-013
           8           2  -5.3773624566534210E-013
           8           3  -4.1676059462437433E-012
           8           4   9.9254017837328308E-012
           8           5  -1.8952552127438547E-011
           8           6  -1.8040536251071135E-011
           8           7  -3.0870730180532564E-003
           8           8   2.6021969007571779     
           8           9  -5.5994086673254802E-005
           8          10   1.9325147131852398E-002
           8          11  -1.7794643802482160     
           8          12   3.5052425294227352E-004
           8          13  -3.9685908423701947E-002
           8          14   1.2772421663207647     
           8          15  -7.1983272920556063E-004
           8          16   3.0186588824912056E-002
           8          17  -1.3204314089348093     
           8          18   5.4753174313556825E-004
           8          19   1.3182749679751175E-003
           8          20  -6.8013218378548568E-002
           8          21   2.3911194309607001E-005
           8          22   1.8954881772863678E-012
           8          23   4.2171768783129423E-015
           8          24   1.8391288515833414E-012
           8          25   1.3291785251491381E-014
           8          26   2.2986542476606232E-016
           8          27   1.9813523144316416E-012
           8          28   4.1941463063764839E-012
           8          29  -2.7742154696451084E-015
           8          30   4.2399783863840063E-012
           8          31  -1.2881111437680435E-015
           8          32   6.2904250760642231E-015
           8          33   4.0374516972424469E-012
           8          34   6.4052372460575497E-012
           8          35   4.1745084315251556E-015
           8          36   6.3705498872593648E-012
           8          37  -2.1789906814232654E-015
           8          38   2.9170600856770321E-016
           8          39   6.5669024499931524E-012
           8          40   5.0903108587463182E-012
           8          41  -3.5977276202043369E-015
           8          42   5.0984636468865671E-012
           8          43   4.9677067378652393E-015
           8          44  -6.8106652552459504E-016
           8          45   5.0300341472957912E-012
           8          46  -1.5266939027519837E-002
           8          47  0.30557608451782470     
           8          48  -6.8275826947839591E-003
           8          49  0.68328889728008146     
           8          50  -1.2384036752668645E-004
           8          51  -1.5707834317950723E-015
           8          52  -1.2384036750949067E-004
           8          53  -6.8275826947759690E-003
           8          54  0.30557608451783252     
           8          55  -2.7691548012513515E-004
           9           1  -8.1318264798576930E-014
           9           2   2.4608652998816085E-013
           9           3   2.0883202101212469E-013
           9           4   5.2367840579181862E-013
           9           5   1.7769579099916178E-014
           9           6  -1.1316510949051251E-014
           9           7  -4.8126999166720190E-004
           9           8  -5.5994086673254802E-005
           9           9   2.6025473415537128     
           9          10   3.0127610667834951E-003
           9          11   3.5052425294606129E-004
           9          12  -1.7816581475853170     
           9          13  -6.1869728071528201E-003
           9          14  -7.1983272921559427E-004
           9          15   1.2817472626623307     
           9          16   4.7060433190986867E-003
           9          17   5.4753174319651342E-004
           9          18  -1.3238581540008694     
           9          19   2.0551706394211967E-004
           9          20   2.3911194314498460E-005
           9          21  -6.8162867359043644E-002
           9          22  -3.4052157813223697E-013
           9          23   8.5055402273674447E-015
           9          24  -2.6835906629054561E-013
           9          25  -1.8348107582214726E-014
           9          26   9.8025613951180012E-015
           9          27  -4.1869776538348320E-013
           9          28   8.4449347062876171E-015
           9          29  -4.7688924625463010E-016
           9          30  -3.2506223145708381E-014
           9          31   2.1602549307717113E-014
           9          32  -1.2070595201251723E-014
           9          33   5.2806582063767112E-014
           9          34  -1.1456218429088232E-014
           9          35  -3.2316666407884800E-015
           9          36   1.9880394951001563E-014
           9          37  -1.9693950340792125E-014
           9          38  -2.7550050048246464E-015
           9          39  -5.1245616648144569E-014
           9          40  -2.2865330177287302E-015
           9          41   3.3342879279865607E-015
           9          42  -4.0229172882987781E-015
           9          43   1.1766441213996029E-015
           9          44   4.2632360193225477E-015
           9          45   2.2680048675478822E-014
           9          46  -2.3800925911225063E-003
           9          47  -1.2384036753064899E-004
           9          48  -1.0644097652940281E-003
           9          49  -2.7691548017342270E-004
           9          50  0.30635114345040887     
           9          51  -1.1415103149664527E-015
           9          52  0.30635114345039516     
           9          53  -1.0644097652976439E-003
           9          54  -1.2384036753080902E-004
           9          55  0.68502198173986639     
          10           1  -7.4831104474020887E-015
          10           2  -3.7479515439985477E-013
          10           3  -1.6701618105450619E-012
          10           4   3.9675516157329095E-012
          10           5  -6.6460164842994677E-012
          10           6  -6.2813276445192997E-012
          10           7  -1.6156128723099661     
          10           8   1.9325147131852398E-002
          10           9   3.0127610667834951E-003
          10          10   4.3441428074968371     
          10          11 -0.12097585949015985     
          10          12  -1.8859952630991637E-002
          10          13  -2.2164635890260915     
          10          14  0.24843468711773820     
          10          15   3.8730590141543259E-002
          10          16   2.4160723613360116     
          10          17 -0.18896873091099017     
          10          18  -2.9459937947428072E-002
          10          19  0.12458373469519188     
          10          20  -8.2524312083182075E-003
          10          21  -1.2865414830309943E-003
          10          22   5.4798051776974629E-013
          10          23  -3.8007358022054383E-014
          10          24   4.0438971806057383E-013
          10          25   4.9032074702666415E-014
          10          26   1.5023102744809056E-014
          10          27   7.9163010006488257E-013
          10          28   1.4662440506757647E-012
          10          29   2.6358896777826853E-014
          10          30   1.4951272341903925E-012
          10          31  -6.4353218079020096E-014
          10          32  -7.8348034169243619E-015
          10          33   1.2550678358852616E-012
          10          34   2.2180417559349517E-012
          10          35  -2.0661066135840823E-014
          10          36   2.2211451953934624E-012
          10          37   6.6340272933753600E-014
          10          38   3.2714101578229281E-015
          10          39   2.4115451765506803E-012
          10          40   1.7848258522414109E-012
          10          41   2.9664712119639474E-015
          10          42   1.7784133440478702E-012
          10          43  -2.1738239054436204E-014
          10          44  -2.6690979469374627E-016
          10          45   1.7228985418606704E-012
          10          46  -1.2506880288912154     
          10          47   4.2740822572103154E-002
          10          48 -0.55932469024919929     
          10          49   9.5571384685479904E-002
          10          50   6.6632292799243091E-003
          10          51   2.6649334641622774E-016
          10          52   6.6632292799219152E-003
          10          53 -0.55932469024919595     
          10          54   4.2740822572100788E-002
          10          55   1.4899433619576257E-002
          11           1   2.0909010557327516E-013
          11           2   2.1826023820524056E-012
          11           3   9.8490929776465911E-012
          11           4  -2.7991517044356160E-011
          11           5   4.6754368401318779E-011
          11           6   4.4483604966986438E-011
          11           7   1.9325147131863958E-002
          11           8  -1.7794643802482160     
          11           9   3.5052425294606129E-004
          11          10 -0.12097585949015985     
          11          11   5.3698569646175613     
          11          12  -2.1942897760434815E-003
          11          13  0.24843468711768724     
          11          14  -4.3228588382140014     
          11          15   4.5061692163548377E-003
          11          16 -0.18896873091088484     
          11          17   4.0182755063711166     
          11          18  -3.4275611346739916E-003
          11          19  -8.2524312083011829E-003
          11          20  0.19455335968242213     
          11          21  -1.4968461892037694E-004
          11          22  -3.0671603758039067E-012
          11          23  -6.5822815119337488E-015
          11          24  -2.8908493973573728E-012
          11          25  -5.5407253176935124E-014
          11          26  -2.5209030590850342E-014
          11          27  -3.3836578593491533E-012
          11          28  -1.0225624723300092E-011
          11          29   2.0913668217885318E-014
          11          30  -1.0368485721842780E-011
          11          31   4.2572888349051260E-014
          11          32   1.5019692586608105E-014
          11          33  -9.6821375228062503E-012
          11          34  -1.5856186314388021E-011
          11          35  -2.2080605904799345E-014
          11          36  -1.5745225338283932E-011
          11          37  -2.7486769521476457E-014
          11          38  -1.9341880017353582E-014
          11          39  -1.6388547935180928E-011
          11          40  -1.2535810809679504E-011
          11          41   8.5257642556422976E-015
          11          42  -1.2568329005705396E-011
          11          43   2.5490226426715138E-015
          11          44   2.5739412921313712E-015
          11          45  -1.2352628284088195E-011
          11          46   9.5571384685414471E-002
          11          47 -0.92170993788396915     
          11          48   4.2740822572077251E-002
          11          49  -2.0610060766456404     
          11          50   7.7524351042930961E-004
          11          51  -3.3204187690991168E-015
          11          52   7.7524351041985797E-004
          11          53   4.2740822572068911E-002
          11          54 -0.92170993788396438     
          11          55   1.7334971884196103E-003
          12           1   2.3103889059938303E-014
          12           2  -4.8369543123910276E-014
          12           3   6.9774031310603974E-016
          12           4  -3.9512252664837051E-013
          12           5   1.8183439621949532E-013
          12           6   1.9609975955428065E-013
          12           7   3.0127610667953410E-003
          12           8   3.5052425294227352E-004
          12           9  -1.7816581475853170     
          12          10  -1.8859952630991637E-002
          12          11  -2.1942897760434815E-003
          12          12   5.3835899979195521     
          12          13   3.8730590141561813E-002
          12          14   4.5061692163674508E-003
          12          15  -4.3510608435226725     
          12          16  -2.9459937947470510E-002
          12          17  -3.4275611347280334E-003
          12          18   4.0397270082295176     
          12          19  -1.2865414830326740E-003
          12          20  -1.4968461892147665E-004
          12          21  0.19549016569549840     
          12          22   1.2577532893743982E-013
          12          23  -3.4350003480696904E-014
          12          24  -8.3250491584952647E-014
          12          25   5.6720171706045604E-014
          12          26   1.1969638239298476E-014
          12          27   3.8574415529990563E-013
          12          28  -3.7205901505180471E-014
          12          29   1.5218237482524556E-014
          12          30   8.6480324314056450E-014
          12          31  -3.2229039071013121E-014
          12          32   1.1517780101371225E-015
          12          33  -1.7740264004314280E-013
          12          34  -6.6821640654022761E-014
          12          35  -7.7133249822284441E-015
          12          36  -1.5524313983217071E-013
          12          37   2.2338411458867184E-014
          12          38   2.2811799118855457E-015
          12          39   3.9239216540417097E-014
          12          40  -5.3080141364955201E-014
          12          41   1.1911541852271703E-016
          12          42  -3.3498988428031618E-014
          12          43  -5.5573609498849043E-015
          12          44  -3.2018391534989915E-016
          12          45  -8.4336746026827029E-014
          12          46   1.4899433619601134E-002
          12          47   7.7524351043222004E-004
          12          48   6.6632292799326982E-003
          12          49   1.7334971884589235E-003
          12          50 -0.92656182438612411     
          12          51  -3.8292612136914758E-016
          12          52 -0.92656182438611923     
          12          53   6.6632292799313026E-003
          12          54   7.7524351042790275E-004
          12          55  -2.0718552246835791     
          13           1   6.8609654790708200E-014
          13           2   3.8653175061828749E-013
          13           3   1.5286912917383886E-012
          13           4  -6.6155933154950877E-012
          13           5   7.2071216493776817E-012
          13           6   7.0385857615616845E-012
          13           7  0.94075852173284658     
          13           8  -3.9685908423701947E-002
          13           9  -6.1869728071528201E-003
          13          10  -2.2164635890260915     
          13          11  0.24843468711768724     
          13          12   3.8730590141561813E-002
          13          13   1.1727744639851698     
          13          14 -0.51018272590404556     
          13          15  -7.9536711574122329E-002
          13          16  -1.2655551663820832     
          13          17  0.38806409590089891     
          13          18   6.0498602756978929E-002
          13          19  -6.5099645171065812E-002
          13          20   1.6947101461715307E-002
          13          21   2.6420273610597610E-003
          13          22   4.7666564097273376E-013
          13          23   3.6331363278900153E-014
          13          24   5.8390027087095674E-013
          13          25  -3.6831228438762636E-014
          13          26  -1.3025664316508729E-014
          13          27   2.4190192931267794E-013
          13          28  -1.5337324204641670E-012
          13          29  -2.0473709155926065E-014
          13          30  -1.5722255759174087E-012
          13          31   4.0199655824194125E-014
          13          32   7.2491374949620863E-015
          13          33  -1.3301685880504642E-012
          13          34  -2.4860779565114376E-012
          13          35   1.4800627616861976E-014
          13          36  -2.4704135432110446E-012
          13          37  -3.7659749680856982E-014
          13          38  -4.8920204854604637E-015
          13          39  -2.6650575558071918E-012
          13          40  -1.9827386812615453E-012
          13          41  -2.2055870352050117E-015
          13          42  -1.9840328643899740E-012
          13          43   1.0850221767359170E-014
          13          44   7.3138458291264390E-016
          13          45  -1.9270190867293628E-012
          13          46  0.65487278728328135     
          13          47  -8.7772080542339287E-002
          13          48  0.29286801379603733     
          13          49 -0.19626433861925463     
          13          50  -1.3683533957341072E-002
          13          51  -8.6561452393261159E-016
          13          52  -1.3683533957338375E-002
          13          53  0.29286801379603483     
          13          54  -8.7772080542337413E-002
          13          55  -3.0597312101039078E-002
          14           1  -5.6272055844759419E-013
          14           2  -2.4151772274864656E-012
          14           3  -1.0404876810024542E-011
          14           4   4.2526463805573015E-011
          14           5  -5.3820247133945119E-011
          14           6  -5.2036075831950328E-011
          14           7  -3.9685908423734512E-002
          14           8   1.2772421663207647     
          14           9  -7.1983272921559427E-004
          14          10  0.24843468711773820     
          14          11  -4.3228588382140014     
          14          12   4.5061692163674508E-003
          14          13 -0.51018272590404556     
          14          14   5.4984444520607427     
          14          15  -9.2538192668235666E-003
          14          16  0.38806409590091917     
          14          17  -4.5558218254766905     
          14          18   7.0388016392077587E-003
          14          19   1.6947101461700632E-002
          14          20 -0.20878849321645881     
          14          21   3.0739067799262314E-004
          14          22  -1.1366536370808057E-012
          14          23   8.1903370761655509E-015
          14          24  -1.3527412420104988E-012
          14          25   6.0666424767296044E-014
          14          26   4.5089278379921525E-014
          14          27  -6.7194049872467606E-013
          14          28   1.1513933583990940E-011
          14          29  -2.8627699509963245E-014
          14          30   1.1711567438797607E-011
          14          31  -4.9484111376154823E-014
          14          32  -2.8930186577896150E-014
          14          33   1.0763434710059095E-011
          14          34   1.8537679754565799E-011
          14          35   3.2044323010623501E-014
          14          36   1.8387444254880660E-011
          14          37   2.2136262040911530E-014
          14          38   3.2578395631174732E-014
          14          39   1.9243086997938748E-011
          14          40   1.4620563184426376E-011
          14          41  -1.2131528348264216E-014
          14          42   1.4664859833850846E-011
          14          43   6.2835076848549622E-015
          14          44  -5.7582179668009366E-015
          14          45   1.4381329999159150E-011
          14          46 -0.19626433861925910     
          14          47   1.0370583505428090     
          14          48  -8.7772080542345018E-002
          14          49   2.3189329684474931     
          14          50  -1.5920314992363860E-003
          14          51   7.6005465696447695E-015
          14          52  -1.5920314992443358E-003
          14          53  -8.7772080542332917E-002
          14          54   1.0370583505428015     
          14          55  -3.5598906546176951E-003
          15           1  -2.0115398353390269E-014
          15           2   2.0250296223778444E-014
          15           3  -2.6409767809356132E-014
          15           4   3.7256615108129192E-013
          15           5  -1.8694334183984089E-013
          15           6  -2.0155893932159009E-013
          15           7  -6.1869728071639440E-003
          15           8  -7.1983272920556063E-004
          15           9   1.2817472626623307     
          15          10   3.8730590141543259E-002
          15          11   4.5061692163548377E-003
          15          12  -4.3510608435226725     
          15          13  -7.9536711574122329E-002
          15          14  -9.2538192668235666E-003
