           1           1   5.6096021456114427E-002
           1           2  0.11914327107143828     
           1           3   9.1294011110987131E-002
           1           4  -8.0169454595841146E-017
           1           5   3.5506818967032160E-017
           1           6  -1.0314049252878724E-016
           2           1  0.11914327107143828     
           2           2  0.25305037100906491     
           2           3  0.19390086552759697     
           2           4  -1.7027323529591493E-016
           2           5   7.5413522158307866E-017
           2           6  -2.1906180404278057E-016
           3           1   9.1294011110987131E-002
           3           2  0.19390086552759697     
           3           3  0.14857731882560413     
           3           4  -1.3047255203936991E-016
           3           5   5.7785914957052903E-017
           3           6  -1.6785698925693489E-016
           4           1  -8.0169454595841146E-017
           4           2  -1.7027323529591493E-016
           4           3  -1.3047255203936991E-016
           4           4   1.1457392669501127E-031
           4           5  -5.0744459894489770E-032
           4           6   1.4740291411304745E-031
           5           1   3.5506818967032160E-017
           5           2   7.5413522158307866E-017
           5           3   5.7785914957052903E-017
           5           4  -5.0744459894489770E-032
           5           5   2.2474574139699095E-032
           5           6  -6.5284323225225904E-032
           6           1  -1.0314049252878724E-016
           6           2  -2.1906180404278057E-016
           6           3  -1.6785698925693489E-016
           6           4   1.4740291411304745E-031
           6           5  -6.5284323225225904E-032
           6           6   1.8963842573761152E-031
