           1           1  0.13891929146999954     
           1           2  0.25692424713434048     
           1           3  0.20952740474378645     
           1           4  -2.2522035192578577E-017
           1           5  -1.4144156257808919E-016
           1           6   3.0444128705517015E-016
           2           1  0.25692424713434048     
           2           2  0.47516848140465051     
           2           3  0.38751040368588868     
           2           4  -4.1653227125404359E-017
           2           5  -2.6158944634566430E-016
           2           6   5.6304886717373517E-016
           3           1  0.20952740474378645     
           3           2  0.38751040368588868     
           3           3  0.31602330301531589     
           3           4  -3.3970442589153517E-017
           3           5  -2.1332848034936000E-016
           3           6   4.5917872203017154E-016
           4           1  -2.2522035192578577E-017
           4           2  -4.1653227125404359E-017
           4           3  -3.3970442589153517E-017
           4           4   5.0674344199104111E-032
           4           5  -1.0215372948895234E-031
           4           6  -4.6513801116933969E-032
           5           1  -1.4144156257808919E-016
           5           2  -2.6158944634566430E-016
           5           3  -2.1332848034936000E-016
           5           4  -1.0215372948895234E-031
           5           5   4.7674420131015202E-031
           5           6  -3.1753191878827620E-031
           6           1   3.0444128705517015E-016
           6           2   5.6304886717373517E-016
           6           3   4.5917872203017154E-016
           6           4  -4.6513801116933969E-032
           6           5  -3.1753191878827620E-031
           6           6   6.6735424440140112E-031
