           1           1   2.1262787151080680     
           1           2  0.16421671094974052     
           1           3 -0.39394745487241101     
           1           4   6.6447878925114112E-002
           1           5   4.4583120488581984E-002
           1           6  -8.7384051167975408E-014
           1           7   4.1614806251977538E-014
           1           8   2.4845207277796940E-014
           1           9  -1.9222628112092161E-014
           1          10   3.9751606765938907E-015
           1          11   1.0842453173406774E-014
           1          12   8.8841215501719009E-015
           1          13  -2.7315176093756934E-015
           1          14  -4.6068275564662980E-015
           1          15  -1.0529649588941463E-014
           1          16   7.0641296933192907E-015
           1          17   3.9924747900536085E-015
           1          18  -1.9146591899033730E-003
           1          19  -8.1883025356524610E-016
           1          20  -1.9146591898999156E-003
           1          21  -4.0177237996265921E-015
           1          22  -2.0494883570605958E-015
           1          23  -1.9146591899026665E-003
           1          24   3.7416191205927622E-004
           1          25   3.1517397688593137E-015
           1          26   3.7416191205193877E-004
           1          27   2.2172533894193894E-016
           1          28   3.4176681019478657E-015
           1          29   3.7416191206077827E-004
           1          30  -1.4107565397712750E-004
           1          31  -3.5217830426847544E-015
           1          32  -1.4107565397574579E-004
           1          33   8.4398033826002912E-017
           1          34   7.3427284926711004E-016
           1          35  -1.4107565398899452E-004
           2           1  0.16421671094974052     
           2           2  0.30616135734890093     
           2           3 -0.57032915680832530     
           2           4  0.10737761719727065     
           2           5   6.5905544910248318E-002
           2           6   5.9742152280774677E-014
           2           7  -1.5903323409790296E-014
           2           8  -6.9210242384853930E-014
           2           9   1.7104207152670666E-014
           2          10  -3.7005701540069488E-015
           2          11  -2.0284109375174252E-014
           2          12   5.8184834982985461E-015
           2          13  -7.9566880379737002E-015
           2          14  -8.6539438480303923E-015
           2          15  -4.7735083968089322E-015
           2          16   4.4611189271501449E-015
           2          17   1.4600088436981634E-014
           2          18  -3.3369838245531389E-005
           2          19   1.3210781433208176E-015
           2          20  -3.3369838247656805E-005
           2          21  -3.8187912786225584E-016
           2          22  -1.5235850484588944E-015
           2          23  -3.3369838244523244E-005
           2          24   2.1659263155996626E-003
           2          25   3.2906567572336513E-015
           2          26   2.1659263155996674E-003
           2          27  -2.2616875847562245E-015
           2          28   2.4512634120109213E-015
           2          29   2.1659263155978103E-003
           2          30   3.4563617718392568E-003
           2          31  -1.6760381539555531E-015
           2          32   3.4563617718420675E-003
           2          33   3.5652390173505441E-015
           2          34   1.5614223991448827E-015
           2          35   3.4563617718415185E-003
           3           1 -0.39394745487241101     
           3           2 -0.57032915680832530     
           3           3   1.0962199931212147     
           3           4 -0.34905752437958282     
           3           5 -0.21158990782579434     
           3           6   3.6099183142413920E-013
           3           7  -1.4208985082007631E-013
           3           8  -1.8069272071161703E-013
           3           9   8.6071292002072572E-014
           3          10  -3.5410838317296704E-014
           3          11  -4.1012791437035949E-014
           3          12  -1.0511950628186027E-014
           3          13   1.7436201253669134E-014
           3          14   9.4236927950293056E-015
           3          15   8.6256081941035886E-015
           3          16  -7.6337979723832284E-015
           3          17  -2.9246636300239654E-014
           3          18  -3.4709721775758636E-004
           3          19  -2.3152383303121128E-015
           3          20  -3.4709721775379426E-004
           3          21   9.6390311521035703E-016
           3          22   2.7633783626096432E-015
           3          23  -3.4709721775934039E-004
           3          24  -1.0763233820652897E-002
           3          25  -6.0647734782381094E-015
           3          26  -1.0763233820651388E-002
           3          27   4.1467180482593169E-015
           3          28  -4.4377989405618013E-015
           3          29  -1.0763233820648673E-002
           3          30  -1.3997120560288311E-002
           3          31   2.9647437995873932E-015
           3          32  -1.3997120560292930E-002
           3          33  -6.4941349382574437E-015
           3          34  -2.5672209259045594E-015
           3          35  -1.3997120560291532E-002
           4           1   6.6447878925114112E-002
           4           2  0.10737761719727065     
           4           3 -0.34905752437958282     
           4           4  0.77457868631898052     
           4           5  0.46147052074082345     
           4           6   5.6495494390204084E-013
           4           7  -3.2529368499060678E-013
           4           8  -4.7643218340975754E-013
           4           9   1.4331980672613289E-013
           4          10  -8.3327514972377621E-014
           4          11  -1.1520649616889138E-013
           4          12   1.2919344137832931E-014
           4          13  -2.1633488439817989E-014
           4          14   2.0695390531078794E-014
           4          15   9.2560145790496035E-015
           4          16  -5.9888671843369343E-015
           4          17   1.0605410374077499E-014
           4          18   2.4149882258434211E-003
           4          19   6.1392203223403639E-017
           4          20   2.4149882258425398E-003
           4          21  -5.8588799705560113E-016
           4          22   9.5013652193268075E-017
           4          23   2.4149882258431253E-003
           4          24   3.4279323960547031E-002
           4          25   5.4001585891913553E-016
           4          26   3.4279323960541057E-002
           4          27  -7.6488033060062445E-016
           4          28  -2.1849638985782001E-016
           4          29   3.4279323960542035E-002
           4          30   3.9099755414711307E-002
           4          31   7.4288551308241684E-016
           4          32   3.9099755414709274E-002
           4          33   9.0350038370807177E-016
           4          34  -1.1234008975855016E-015
           4          35   3.9099755414709940E-002
           5           1   4.4583120488581984E-002
           5           2   6.5905544910248318E-002
           5           3 -0.21158990782579434     
           5           4  0.46147052074082345     
           5           5  0.27495071098539198     
           5           6  -6.6311385340664277E-013
           5           7   3.4866569853448830E-013
           5           8   7.0199732682400859E-013
           5           9  -1.6485471589681271E-013
           5          10   8.6143205416320254E-014
           5          11   1.7813950417104148E-013
           5          12   2.9451919655106546E-015
           5          13  -1.0320154364863059E-014
           5          14   1.6978148591371871E-014
           5          15   2.6855223378029927E-015
           5          16  -2.0197366573531214E-015
           5          17   9.1338942721013399E-015
           5          18   1.4325850097918575E-003
           5          19   4.2345770054959654E-017
           5          20   1.4325850097913284E-003
           5          21  -3.5845184638389888E-016
           5          22   4.4016093690836627E-017
           5          23   1.4325850097916886E-003
           5          24   2.0403102115717713E-002
           5          25   3.4584385250407300E-016
           5          26   2.0403102115714142E-002
           5          27  -4.6714740882358710E-016
           5          28  -1.0952044811664870E-016
           5          29   2.0403102115714729E-002
           5          30   2.3276646601282491E-002
           5          31   4.2561278730362838E-016
           5          32   2.3276646601281294E-002
           5          33   5.5757237706107560E-016
           5          34  -6.5805684554207708E-016
           5          35   2.3276646601281665E-002
           6           1  -8.7384051167975408E-014
           6           2   5.9742152280774677E-014
           6           3   3.6099183142413920E-013
           6           4   5.6495494390204084E-013
           6           5  -6.6311385340664277E-013
           6           6   1.5011821895225905     
           6           7   1.5773493622361909E-013
           6           8   2.3925306180672259E-014
           6           9  0.37579350739881723     
           6          10  -3.3975600111091353E-013
           6          11   4.2819914281011500E-014
           6          12   7.1949611899313022E-003
           6          13   3.2521403105223460E-013
           6          14   1.5969593269299345E-013
           6          15   4.1655736399506260E-003
           6          16  -5.6379380330984213E-014
           6          17  -2.0826889475175644E-013
           6          18   2.3541832298443901E-014
           6          19   8.7143724607738599E-015
           6          20   7.0364713550007126E-015
           6          21  -8.6552416217050447E-014
           6          22   7.9714948082401609E-014
           6          23  -6.1275154207926929E-014
           6          24   4.2724158600300615E-014
           6          25   3.3008814494849025E-013
           6          26  -3.5141972090904527E-013
           6          27  -9.8290526859190566E-014
           6          28  -2.9748087924632482E-013
           6          29  -2.6504128793320620E-013
           6          30  -2.4091105681329727E-014
           6          31  -4.0743616363191022E-014
           6          32   3.9863471754295718E-013
           6          33  -3.0090436211412979E-013
           6          34   1.0416514319494402E-013
           6          35   5.7784325416332084E-013
           7           1   4.1614806251977538E-014
           7           2  -1.5903323409790296E-014
           7           3  -1.4208985082007631E-013
           7           4  -3.2529368499060678E-013
           7           5   3.4866569853448830E-013
           7           6   1.5773493622361909E-013
           7           7   1.5011821895226269     
           7           8  -7.5633943552588840E-014
           7           9   2.2093438190040634E-014
           7          10  0.37579350739889911     
           7          11  -1.6608242559001929E-014
           7          12  -9.1186823716893275E-014
           7          13   7.1949611895966723E-003
           7          14  -7.4278690836981694E-014
           7          15   1.9033158295961308E-013
           7          16   4.1655736403454369E-003
           7          17   8.0733380050657262E-014
           7          18   3.3547258482745450E-015
           7          19  -3.2386613295360447E-015
           7          20  -4.0272874159692226E-015
           7          21   4.6858864128562843E-014
           7          22  -2.8395977791425081E-014
           7          23   1.3622862136901452E-014
           7          24  -1.1958521837566290E-014
           7          25  -1.5781934189343891E-013
           7          26   2.1314344215068628E-013
           7          27   6.5917915723584598E-014
           7          28   1.3924797080329243E-013
           7          29   1.0809005415011415E-013
           7          30   2.4730285244682844E-014
           7          31   2.0769238687234928E-014
           7          32  -1.7919486748237010E-013
           7          33   1.3639461444345908E-013
           7          34  -3.7564316658164960E-014
           7          35  -2.7550845162224519E-013
           8           1   2.4845207277796940E-014
           8           2  -6.9210242384853930E-014
           8           3  -1.8069272071161703E-013
           8           4  -4.7643218340975754E-013
           8           5   7.0199732682400859E-013
           8           6   2.3925306180672259E-014
           8           7  -7.5633943552588840E-014
           8           8   1.5011821895228590     
           8           9  -8.2427120684513979E-014
           8          10   1.9372004000928200E-013
           8          11  0.37579350739873746     
           8          12  -1.4038217203277155E-013
           8          13  -1.2618356880211810E-013
           8          14   7.1949611896263256E-003
           8          15   2.2366868556930584E-013
           8          16  -8.3413636241257233E-015
           8          17   4.1655736404444723E-003
           8          18   1.1035658779069562E-014
           8          19   7.2987385682006708E-015
           8          20  -6.0419682525444095E-015
           8          21   6.9652975851849580E-014
           8          22  -3.0310050664646144E-014
           8          23   3.6339727917390800E-014
           8          24   1.2927747290309936E-014
           8          25  -1.8851467805028409E-013
           8          26   2.0923131739798340E-013
           8          27   7.7001017649185534E-014
           8          28   2.3706582047466176E-013
           8          29   1.6958313853606673E-013
           8          30  -1.0264524428510389E-013
           8          31   2.1275639820814614E-014
           8          32  -2.7337637650919100E-013
           8          33   1.8567645586820442E-013
           8          34  -9.1997793682803907E-014
           8          35  -4.4436455697132638E-013
           9           1  -1.9222628112092161E-014
           9           2   1.7104207152670666E-014
           9           3   8.6071292002072572E-014
           9           4   1.4331980672613289E-013
           9           5  -1.6485471589681271E-013
           9           6  0.37579350739881723     
           9           7   2.2093438190040634E-014
           9           8  -8.2427120684513979E-014
           9           9   9.4073032033517912E-002
           9          10  -8.9409382675320614E-014
           9          11  -1.1414480471927369E-014
           9          12   1.8011269518355718E-003
           9          13   8.1328010732156660E-014
           9          14   3.9553213135312852E-014
           9          15   1.0427751803946676E-003
           9          16  -1.4161794566897151E-014
           9          17  -5.2381588107851117E-014
           9          18   5.8953829923891593E-015
           9          19   2.1814839697288987E-015
           9          20   1.7635677922294018E-015
           9          21  -2.1666815758906377E-014
           9          22   1.9955180350349701E-014
           9          23  -1.5336999077545013E-014
           9          24   1.0761401444782147E-014
           9          25   8.2631534508956192E-014
           9          26  -8.7905315675305506E-014
           9          27  -2.4605237227964764E-014
           9          28  -7.4468901399615742E-014
           9          29  -6.6282053246516318E-014
           9          30  -5.9496898330791449E-015
           9          31  -1.0199419657828093E-014
           9          32   9.9871994486583204E-014
           9          33  -7.5325907560906980E-014
           9          34   2.6075839683024403E-014
           9          35   1.4473357629839780E-013
          10           1   3.9751606765938907E-015
          10           2  -3.7005701540069488E-015
          10           3  -3.5410838317296704E-014
          10           4  -8.3327514972377621E-014
          10           5   8.6143205416320254E-014
          10           6  -3.3975600111091353E-013
          10           7  0.37579350739889911     
          10           8   1.9372004000928200E-013
          10           9  -8.9409382675320614E-014
          10          10   9.4073032033556644E-002
          10          11   4.9073592411907896E-014
          10          12  -2.4644782742333514E-014
          10          13   1.8011269517521520E-003
          10          14  -1.7575106951370231E-014
          10          15   4.6593642572673165E-014
          10          16   1.0427751804937032E-003
          10          17   2.0800188286172746E-014
          10          18   8.3940267625811206E-016
          10          19  -8.1073973364499086E-016
          10          20  -1.0085492761427411E-015
          10          21   1.1730260266580900E-014
          10          22  -7.1084142176932752E-015
          10          23   3.4098433255620531E-015
          10          24  -3.0785022766428843E-015
          10          25  -3.9507187942326595E-014
          10          26   5.3271659590277429E-014
          10          27   1.6501345215141443E-014
          10          28   3.4858184884638976E-014
          10          29   2.6973465138946711E-014
          10          30   6.0992909202616687E-015
          10          31   5.1991992664679154E-015
          10          32  -4.4949643847598265E-014
          10          33   3.4143899114176785E-014
          10          34  -9.4035404682290748E-015
          10          35  -6.9059989456824548E-014
          11           1   1.0842453173406774E-014
          11           2  -2.0284109375174252E-014
          11           3  -4.1012791437035949E-014
          11           4  -1.1520649616889138E-013
          11           5   1.7813950417104148E-013
          11           6   4.2819914281011500E-014
          11           7  -1.6608242559001929E-014
          11           8  0.37579350739873746     
          11           9  -1.1414480471927369E-014
          11          10   4.9073592411907896E-014
          11          11   9.4073032033461179E-002
          11          12  -3.4965682692983328E-014
          11          13  -3.1576683542228346E-014
          11          14   1.8011269517585224E-003
          11          15   5.6093557533262740E-014
          11          16  -2.0816817236994291E-015
          11          17   1.0427751805178853E-003
          11          18   2.7738734525023926E-015
          11          19   1.8271057752245285E-015
          11          20  -1.5011983637121431E-015
          11          21   1.7436349376294392E-014
          11          22  -7.5875671857464747E-015
          11          23   9.1082841780890127E-015
          11          24   3.4435583474174609E-015
          11          25  -4.7191204387400033E-014
          11          26   5.2584570015938467E-014
          11          27   1.9275797586673931E-014
          11          28   5.9345095416545102E-014
          11          29   4.2659372203830239E-014
          11          30  -2.5474092971687661E-014
          11          31   5.3259676881035986E-015
          11          32  -6.8213511779912319E-014
          11          33   4.6480707376880487E-014
          11          34  -2.3029966279579768E-014
          11          35  -1.1101727782389110E-013
          12           1   8.8841215501719009E-015
          12           2   5.8184834982985461E-015
          12           3  -1.0511950628186027E-014
          12           4   1.2919344137832931E-014
          12           5   2.9451919655106546E-015
          12           6   7.1949611899313022E-003
          12           7  -9.1186823716893275E-014
          12           8  -1.4038217203277155E-013
          12           9   1.8011269518355718E-003
          12          10  -2.4644782742333514E-014
          12          11  -3.4965682692983328E-014
          12          12   3.4484466241445222E-005
          12          13   1.1180529971890468E-015
          12          14   9.2019118291510616E-017
          12          15   1.9965025484495193E-005
          12          16  -5.2535185674403835E-016
          12          17  -1.3880777834113882E-015
          12          18   1.3357538978243116E-016
          12          19   4.1767967129335795E-017
          12          20   5.4467815843699057E-017
          12          21  -4.1484139471253686E-016
          12          22   3.8206849654737205E-016
          12          23  -2.7294470478712701E-016
          12          24   6.1649764608997886E-016
          12          25   1.5820922129798716E-015
          12          26  -1.2726105245297585E-015
          12          27  -4.7110138706409849E-016
          12          28  -1.4258072264987875E-015
          12          29  -8.5860184272900529E-016
          12          30   3.6472735394643731E-016
          12          31  -1.9528115435030678E-016
          12          32   2.3908266897882228E-015
          12          33  -1.4422145094031839E-015
          12          34   4.9925575004086154E-016
          12          35   3.2497611338699169E-015
          13           1  -2.7315176093756934E-015
          13           2  -7.9566880379737002E-015
          13           3   1.7436201253669134E-014
          13           4  -2.1633488439817989E-014
          13           5  -1.0320154364863059E-014
          13           6   3.2521403105223460E-013
          13           7   7.1949611895966723E-003
          13           8  -1.2618356880211810E-013
          13           9   8.1328010732156660E-014
          13          10   1.8011269517521520E-003
          13          11  -3.1576683542228346E-014
          13          12   1.1180529971890468E-015
          13          13   3.4484466238236661E-005
          13          14  -9.5906745409029476E-016
          13          15   1.8125666508622045E-015
          13          16   1.9965025485458466E-005
          13          17   3.7818115269713021E-017
          13          18  -4.1489369090606621E-017
          13          19  -1.5523058735903464E-017
          13          20  -7.6869954482328064E-017
          13          21   2.2459171098168460E-016
          13          22  -1.3610098189370838E-016
          13          23   7.7275160213559960E-018
          13          24  -9.0133636673456731E-016
          13          25  -7.5641812442425807E-016
          13          26   1.7755789360497922E-016
          13          27   3.1593875045949293E-016
          13          28   6.6740844204479237E-016
          13          29  -3.2594858930441042E-016
          13          30  -8.6220433387247124E-016
          13          31   9.9545278268267233E-017
          13          32  -1.8396029478479721E-015
          13          33   6.5373155587310424E-016
          13          34  -1.8004531214079119E-016
          13          35  -2.3012281282816670E-015
          14           1  -4.6068275564662980E-015
          14           2  -8.6539438480303923E-015
          14           3   9.4236927950293056E-015
          14           4   2.0695390531078794E-014
          14           5   1.6978148591371871E-014
          14           6   1.5969593269299345E-013
          14           7  -7.4278690836981694E-014
          14           8   7.1949611896263256E-003
          14           9   3.9553213135312852E-014
          14          10  -1.7575106951370231E-014
          14          11   1.8011269517585224E-003
          14          12   9.2019118291510616E-017
          14          13  -9.5906745409029476E-016
          14          14   3.4484466238515600E-005
          14          15   1.5148451578146348E-015
          14          16  -2.4508623043187807E-016
          14          17   1.9965025486012338E-005
          14          18   1.3962646258484072E-016
          14          19   3.4982187648995017E-017
          14          20   5.7774482423296435E-017
          14          21   3.3384138353083818E-016
          14          22  -1.4527383707830552E-016
          14          23   2.6090407702829299E-016
          14          24   1.1814080227153456E-015
          14          25  -9.0353908328109975E-016
          14          26   2.1222818236866881E-015
          14          27   3.6906152943368168E-016
          14          28   1.1362406836168850E-015
          14          29   1.9322455093202928E-015
          14          30   7.4620431353602640E-016
          14          31   1.0197335190493759E-016
          14          32  -7.2100006442590063E-017
          14          33   8.8993591507528846E-016
          14          34  -4.4093948375251007E-016
          14          35  -8.9163578049373621E-016
          15           1  -1.0529649588941463E-014
          15           2  -4.7735083968089322E-015
          15           3   8.6256081941035886E-015
          15           4   9.2560145790496035E-015
          15           5   2.6855223378029927E-015
          15           6   4.1655736399506260E-003
          15           7   1.9033158295961308E-013
          15           8   2.2366868556930584E-013
          15           9   1.0427751803946676E-003
          15          10   4.6593642572673165E-014
          15          11   5.6093557533262740E-014
          15          12   1.9965025484495193E-005
          15          13   1.8125666508622045E-015
          15          14   1.5148451578146348E-015
          15          15   1.1558892632415414E-005
          15          16   3.7048247025006916E-016
          15          17   4.2547947248380102E-017
          15          18   1.0421053688542080E-016
          15          19   2.4180937728458746E-017
          15          20   5.8410358877603040E-017
          15          21  -2.4016945921644795E-016
          15          22   2.2119681379942909E-016
          15          23  -1.3114410128831421E-016
          15          24   5.1664850225306454E-016
          15          25   9.1594391218449916E-016
          15          26  -5.7704007889112129E-016
          15          27  -2.7274092440114389E-016
          15          28  -8.2546383324139979E-016
          15          29  -3.3735364268747781E-016
          15          30   3.7105693828094520E-016
          15          31  -1.1305738257340463E-016
          15          32   1.5440560943334674E-015
          15          33  -8.3496373590097429E-016
          15          34   2.8904256592184845E-016
          15          35   2.0413324867640211E-015
          16           1   7.0641296933192907E-015
          16           2   4.4611189271501449E-015
          16           3  -7.6337979723832284E-015
          16           4  -5.9888671843369343E-015
          16           5  -2.0197366573531214E-015
          16           6  -5.6379380330984213E-014
          16           7   4.1655736403454369E-003
          16           8  -8.3413636241257233E-015
          16           9  -1.4161794566897151E-014
          16          10   1.0427751804937032E-003
          16          11  -2.0816817236994291E-015
          16          12  -5.2535185674403835E-016
          16          13   1.9965025485458466E-005
          16          14  -2.4508623043187807E-016
          16          15   3.7048247025006916E-016
          16          16   1.1558892634606212E-005
          16          17   2.0145884556983825E-016
          16          18  -1.7493909368847674E-017
          16          19  -8.9867138950969111E-018
          16          20  -3.7978061319813636E-017
          16          21   1.3002614120245781E-016
          16          22  -7.8794309773513555E-017
          16          23   1.0998103289842879E-017
          16          24  -3.0723081622373031E-016
          16          25  -4.3792449931308714E-016
          16          26   3.1739374348028425E-016
          16          27   1.8291246395677499E-016
          16          28   3.8639142878113821E-016
          16          29   2.5885061386476501E-017
          16          30  -2.2876869819459869E-016
          16          31   5.7631533135743651E-017
          16          32  -7.9463012507036741E-016
          16          33   3.7847399624920955E-016
          16          34  -1.0423482379135421E-016
          16          35  -1.0618855129714862E-015
          17           1   3.9924747900536085E-015
          17           2   1.4600088436981634E-014
          17           3  -2.9246636300239654E-014
          17           4   1.0605410374077499E-014
          17           5   9.1338942721013399E-015
          17           6  -2.0826889475175644E-013
          17           7   8.0733380050657262E-014
          17           8   4.1655736404444723E-003
          17           9  -5.2381588107851117E-014
          17          10   2.0800188286172746E-014
          17          11   1.0427751805178853E-003
          17          12  -1.3880777834113882E-015
          17          13   3.7818115269713021E-017
          17          14   1.9965025486012338E-005
          17          15   4.2547947248380102E-017
          17          16   2.0145884556983825E-016
          17          17   1.1558892635154046E-005
          17          18   5.5070894450092563E-017
          17          19   2.0252924302817671E-017
          17          20   7.6830940698244008E-018
          17          21   1.9327653196476686E-016
          17          22  -8.4105814423461145E-017
          17          23   1.2528647674404278E-016
          17          24   4.4946480357380075E-016
          17          25  -5.2309932325153386E-016
          17          26   9.9417647160901766E-016
          17          27   2.1366592011365533E-016
          17          28   6.5782150605378479E-016
          17          29   8.8415991452225979E-016
          17          30   2.3355255849090736E-016
          17          31   5.9036525389176679E-017
          17          32  -2.4020001390949450E-016
          17          33   5.1522363893357006E-016
          17          34  -2.5527981118756148E-016
          17          35  -7.1466597316138214E-016
          18           1  -1.9146591899033730E-003
          18           2  -3.3369838245531389E-005
          18           3  -3.4709721775758636E-004
          18           4   2.4149882258434211E-003
          18           5   1.4325850097918575E-003
          18           6   2.3541832298443901E-014
          18           7   3.3547258482745450E-015
          18           8   1.1035658779069562E-014
          18           9   5.8953829923891593E-015
          18          10   8.3940267625811206E-016
          18          11   2.7738734525023926E-015
          18          12   1.3357538978243116E-016
          18          13  -4.1489369090606621E-017
          18          14   1.3962646258484072E-016
          18          15   1.0421053688542080E-016
          18          16  -1.7493909368847674E-017
          18          17   5.5070894450092563E-017
          18          18   9.8147044355375723E-006
          18          19  -2.8757561481580578E-020
          18          20   9.8147044355330119E-006
          18          21   2.1512429466793703E-018
          18          22   3.4102351320707041E-018
          18          23   9.8147044355351600E-006
          18          24   1.1126983030502128E-004
          18          25  -3.6981390167060446E-018
          18          26   1.1126983030500847E-004
          18          27  -1.0155352977214786E-018
          18          28  -5.8169626979545682E-018
          18          29   1.1126983030500473E-004
          18          30   1.2670313007407676E-004
          18          31   7.0582157495048306E-018
          18          32   1.2670313007406657E-004
          18          33   1.9235519246515915E-019
          18          34  -5.5943733828556993E-018
          18          35   1.2670313007408172E-004
          19           1  -8.1883025356524610E-016
          19           2   1.3210781433208176E-015
          19           3  -2.3152383303121128E-015
          19           4   6.1392203223403639E-017
          19           5   4.2345770054959654E-017
          19           6   8.7143724607738599E-015
          19           7  -3.2386613295360447E-015
          19           8   7.2987385682006708E-015
          19           9   2.1814839697288987E-015
          19          10  -8.1073973364499086E-016
          19          11   1.8271057752245285E-015
          19          12   4.1767967129335795E-017
          19          13  -1.5523058735903464E-017
          19          14   3.4982187648995017E-017
          19          15   2.4180937728458746E-017
          19          16  -8.9867138950969111E-018
          19          17   2.0252924302817671E-017
          19          18  -2.8757561481580578E-020
          19          19   3.3127959228430553E-028
          19          20  -2.8757561695528284E-020
          19          21  -1.4274184472725509E-027
          19          22   1.3196814677375381E-027
          19          23  -2.8757562706064304E-020
          19          24  -8.0475438687997864E-018
          19          25   5.2067514718011368E-027
          19          26  -8.0475438750766109E-018
          19          27  -1.5337022690977359E-027
          19          28  -4.2313003302167965E-027
          19          29  -8.0475438736555812E-018
          19          30  -3.9216608509764238E-018
          19          31  -5.5095410847344874E-028
          19          32  -3.9216608438469547E-018
          19          33  -4.3453389267743837E-027
          19          34   1.2498853656095272E-027
          19          35  -3.9216608416096342E-018
          20           1  -1.9146591898999156E-003
          20           2  -3.3369838247656805E-005
          20           3  -3.4709721775379426E-004
          20           4   2.4149882258425398E-003
          20           5   1.4325850097913284E-003
          20           6   7.0364713550007126E-015
          20           7  -4.0272874159692226E-015
          20           8  -6.0419682525444095E-015
          20           9   1.7635677922294018E-015
          20          10  -1.0085492761427411E-015
          20          11  -1.5011983637121431E-015
          20          12   5.4467815843699057E-017
          20          13  -7.6869954482328064E-017
          20          14   5.7774482423296435E-017
          20          15   5.8410358877603040E-017
          20          16  -3.7978061319813636E-017
          20          17   7.6830940698244008E-018
          20          18   9.8147044355330119E-006
          20          19  -2.8757561695528284E-020
          20          20   9.8147044355284515E-006
          20          21   2.1512429457941701E-018
          20          22   3.4102351320902538E-018
          20          23   9.8147044355306013E-006
          20          24   1.1126983030499740E-004
          20          25  -3.6981390147842732E-018
          20          26   1.1126983030498458E-004
          20          27  -1.0155352989205086E-018
          20          28  -5.8169627009799507E-018
          20          29   1.1126983030498085E-004
          20          30   1.2670313007404028E-004
          20          31   7.0582157492218514E-018
          20          32   1.2670313007403009E-004
          20          33   1.9235519028035187E-019
          20          34  -5.5943733817637633E-018
          20          35   1.2670313007404524E-004
          21           1  -4.0177237996265921E-015
          21           2  -3.8187912786225584E-016
          21           3   9.6390311521035703E-016
          21           4  -5.8588799705560113E-016
          21           5  -3.5845184638389888E-016
          21           6  -8.6552416217050447E-014
          21           7   4.6858864128562843E-014
          21           8   6.9652975851849580E-014
          21           9  -2.1666815758906377E-014
          21          10   1.1730260266580900E-014
          21          11   1.7436349376294392E-014
          21          12  -4.1484139471253686E-016
          21          13   2.2459171098168460E-016
          21          14   3.3384138353083818E-016
          21          15  -2.4016945921644795E-016
          21          16   1.3002614120245781E-016
          21          17   1.9327653196476686E-016
          21          18   2.1512429466793703E-018
          21          19  -1.4274184472725509E-027
          21          20   2.1512429457941701E-018
          21          21   2.0288827845990313E-026
          21          22  -1.4331371993587682E-026
          21          23   2.1512429572904639E-018
          21          24  -2.1035651358766150E-017
          21          25  -6.7767304334322878E-026
          21          26  -2.1035651277968791E-017
          21          27   2.3501102934026920E-026
          21          28   6.6459743484856746E-026
          21          29  -2.1035651300126440E-017
          21          30  -2.2970857407284062E-017
          21          31   7.9411557659910654E-027
          21          32  -2.2970857488167398E-017
          21          33   6.1456657747037131E-026
          21          34  -2.2822091105783435E-026
          21          35  -2.2970857530581623E-017
          22           1  -2.0494883570605958E-015
          22           2  -1.5235850484588944E-015
          22           3   2.7633783626096432E-015
          22           4   9.5013652193268075E-017
          22           5   4.4016093690836627E-017
          22           6   7.9714948082401609E-014
          22           7  -2.8395977791425081E-014
          22           8  -3.0310050664646144E-014
          22           9   1.9955180350349701E-014
          22          10  -7.1084142176932752E-015
          22          11  -7.5875671857464747E-015
          22          12   3.8206849654737205E-016
          22          13  -1.3610098189370838E-016
          22          14  -1.4527383707830552E-016
          22          15   2.2119681379942909E-016
          22          16  -7.8794309773513555E-017
          22          17  -8.4105814423461145E-017
          22          18   3.4102351320707041E-018
          22          19   1.3196814677375381E-027
          22          20   3.4102351320902538E-018
          22          21  -1.4331371993587682E-026
          22          22   1.0798739216686126E-026
          22          23   3.4102351233683469E-018
          22          24   1.8573196305063135E-017
          22          25   4.8916916718504636E-026
          22          26   1.8573196246693730E-017
          22          27  -1.6347856001224625E-026
          22          28  -4.6632892376819098E-026
          22          29   1.8573196261911531E-017
          22          30   1.6647066320624339E-017
          22          31  -5.6634511493879234E-027
          22          32   1.6647066380523984E-017
          22          33  -4.4037996406956953E-026
          22          34   1.5777988551886140E-026
          22          35   1.6647066409545409E-017
          23           1  -1.9146591899026665E-003
          23           2  -3.3369838244523244E-005
          23           3  -3.4709721775934039E-004
          23           4   2.4149882258431253E-003
          23           5   1.4325850097916886E-003
          23           6  -6.1275154207926929E-014
          23           7   1.3622862136901452E-014
          23           8   3.6339727917390800E-014
          23           9  -1.5336999077545013E-014
          23          10   3.4098433255620531E-015
          23          11   9.1082841780890127E-015
          23          12  -2.7294470478712701E-016
          23          13   7.7275160213559960E-018
          23          14   2.6090407702829299E-016
