           1           1   2.1765476219511326     
           1           2  0.50116765386689410     
           1           3 -0.36318942397253257     
           1           4   4.0592496697501930E-002
           1           5   8.3728859992831847E-002
           1           6  -1.6989269286115585E-013
           1           7  -8.5724377858307689E-015
           1           8   8.2943734533466702E-014
           1           9   4.6156304069856794E-014
           1          10   5.5025433131440208E-015
           1          11  -2.1448845946534071E-014
           1          12  -2.0254740841434023E-014
           1          13  -1.0859531621985791E-015
           1          14   9.6765114071640936E-015
           1          15   2.1802300136212103E-015
           1          16   1.3127156019395299E-015
           1          17  -2.2331072749678194E-015
           1          18  0.11894064365757606     
           1          19  -2.2401061490244030E-015
           1          20  0.11894064365757295     
           1          21  -1.8743692598499416E-015
           1          22   2.7462853034519614E-015
           1          23  0.11894064365757427     
           1          24  -1.9598272059582710E-002
           1          25  -1.3117133226434101E-015
           1          26  -1.9598272059584573E-002
           1          27   1.8152942385604491E-018
           1          28   3.8419632040148325E-016
           1          29  -1.9598272059585378E-002
           1          30  -3.6974049311834990E-002
           1          31  -1.0357980264637133E-016
           1          32  -3.6974049311835053E-002
           1          33  -1.4151555206179616E-015
           1          34   2.4404352758766121E-015
           1          35  -3.6974049311832805E-002
           2           1  0.50116765386689410     
           2           2   6.8805340590224287     
           2           3   2.8007370409748020     
           2           4   1.9485123789898153     
           2           5   3.3372072376452566     
           2           6  -6.1626310760646263E-013
           2           7   5.7259650244851526E-015
           2           8   3.0470693806850898E-013
           2           9   1.8664591059580613E-013
           2          10  -4.8679417468088565E-014
           2          11  -1.1876613642080688E-013
           2          12  -8.0925694585706031E-014
           2          13   1.5609297884950218E-014
           2          14   4.1278165886663291E-014
           2          15   1.3942920412313055E-014
           2          16   1.1013448073748868E-015
           2          17  -4.5345293194207498E-015
           2          18  0.78545130758777881     
           2          19   4.3716415986722780E-014
           2          20  0.78545130758770643     
           2          21   1.3460786184877042E-014
           2          22   3.9524236271145231E-014
           2          23  0.78545130758775161     
           2          24 -0.78028097939169960     
           2          25   1.2139016698544431E-014
           2          26 -0.78028097939171714     
           2          27   1.0258165313678379E-014
           2          28   1.1554849006164326E-014
           2          29 -0.78028097939173380     
           2          30  -1.5078723737134823     
           2          31  -7.7263224375577103E-015
           2          32  -1.5078723737134743     
           2          33  -9.5869847646784155E-015
           2          34   3.6568047132721806E-015
           2          35  -1.5078723737134667     
           3           1 -0.36318942397253257     
           3           2   2.8007370409748020     
           3           3   3.0084031396938000     
           3           4   1.2358414759385652     
           3           5   2.0895479344567072     
           3           6   2.1884810269493306E-013
           3           7   2.7335712677137358E-014
           3           8  -1.0344166444079999E-013
           3           9  -4.4039029520815751E-014
           3          10  -4.6997316093184042E-014
           3          11   6.0695813555023593E-015
           3          12   1.5610399388818887E-014
           3          13   6.6567485867274186E-015
           3          14  -1.2615818419906968E-014
           3          15  -1.5507193158193261E-015
           3          16  -1.2130747836025482E-015
           3          17   5.7169656101000657E-015
           3          18  0.25679286612758340     
           3          19   3.9492078471943132E-014
           3          20  0.25679286612754282     
           3          21   1.7899020589419480E-014
           3          22   1.9073345219910724E-014
           3          23  0.25679286612756758     
           3          24 -0.48605395930409634     
           3          25   1.0035397003643765E-014
           3          26 -0.48605395930410700     
           3          27   6.7259829938193323E-015
           3          28   1.8142885974582215E-015
           3          29 -0.48605395930411632     
           3          30 -0.94590909230265641     
           3          31  -2.6423115865454202E-015
           3          32 -0.94590909230265707     
           3          33  -4.7288784059764267E-015
           3          34  -1.2401620379648312E-015
           3          35 -0.94590909230266351     
           4           1   4.0592496697501930E-002
           4           2   1.9485123789898153     
           4           3   1.2358414759385652     
           4           4  0.65725225275061205     
           4           5   1.1193587708251207     
           4           6  -1.9943109748304936E-013
           4           7  -1.0319243579563231E-014
           4           8   1.1402798571147645E-013
           4           9   6.3219611512151202E-014
           4          10  -1.5132808918982439E-014
           4          11  -4.3961701124154759E-014
           4          12  -2.9027673838494537E-014
           4          13   2.1531888049751682E-015
           4          14   1.5237555591685748E-014
           4          15   7.4629104969339551E-015
           4          16   6.1591405996644880E-016
           4          17  -2.6271767705253380E-015
           4          18  0.20823951046270991     
           4          19   1.7540682600253351E-014
           4          20  0.20823951046268677     
           4          21   6.7701533335780293E-015
           4          22   1.1913199784854271E-014
           4          23  0.20823951046270106     
           4          24 -0.26111331354819195     
           4          25   4.6337967987563808E-015
           4          26 -0.26111331354819772     
           4          27   3.5098100052184834E-015
           4          28   2.5652596808776774E-015
           4          29 -0.26111331354820311     
           4          30 -0.50618244539221546     
           4          31  -2.0586423775280805E-015
           4          32 -0.50618244539221413     
           4          33  -2.9270427082777181E-015
           4          34   4.1164321828822083E-016
           4          35 -0.50618244539221435     
           5           1   8.3728859992831847E-002
           5           2   3.3372072376452566     
           5           3   2.0895479344567072     
           5           4   1.1193587708251207     
           5           5   1.9067168988149445     
           5           6   7.0391797518883663E-014
           5           7   3.4452188055213976E-014
           5           8  -5.1313950338890265E-014
           5           9  -9.2140906227568161E-015
           5          10  -4.0467566236279050E-014
           5          11  -4.9228570426442454E-015
           5          12   3.6330423725230966E-015
           5          13   1.0453112860750740E-014
           5          14  -5.7402217612356785E-015
           5          15  -3.2023818005378563E-015
           5          16  -9.3545651127230786E-016
           5          17   4.9917639858334195E-015
           5          18  0.35769223450269649     
           5          19   2.9730994238222527E-014
           5          20  0.35769223450265702     
           5          21   1.1418037230809831E-014
           5          22   2.0362780714213275E-014
           5          23  0.35769223450268145     
           5          24 -0.44480914716161768     
           5          25   7.8604921313271154E-015
           5          26 -0.44480914716162756     
           5          27   5.9743680373799962E-015
           5          28   4.4313084375916275E-015
           5          29 -0.44480914716163666     
           5          30 -0.86220887747015940     
           5          31  -3.5312485922067364E-015
           5          32 -0.86220887747015718     
           5          33  -5.0041007732869105E-015
           5          34   7.4865112075840017E-016
           5          35 -0.86220887747015729     
           6           1  -1.6989269286115585E-013
           6           2  -6.1626310760646263E-013
           6           3   2.1884810269493306E-013
           6           4  -1.9943109748304936E-013
           6           5   7.0391797518883663E-014
           6           6   2.5248165652842012     
           6           7   2.0539125955565361E-014
           6           8   4.6185277824406487E-014
           6           9 -0.71888045288871383     
           6          10  -6.5697447482193537E-014
           6          11  -1.2478906796786752E-013
           6          12  0.32592753628126314     
           6          13   2.9892754938032321E-014
           6          14   5.5511151231257772E-015
           6          15  -9.6996570510285096E-002
           6          16   1.1657341758564145E-014
           6          17  -2.4209800830732326E-014
           6          18  -1.2048448475725720E-014
           6          19  -4.3061053121840499E-015
           6          20  -1.3480039150342243E-014
           6          21   9.5595626879132284E-015
           6          22  -2.5427875930674843E-014
           6          23  -1.0604419779153667E-013
           6          24   3.7162724633914618E-014
           6          25   2.2935140696205613E-014
           6          26   6.0094157817240399E-014
           6          27   1.3068753110743273E-014
           6          28   8.6363235044291412E-014
           6          29   2.2592711560882586E-014
           6          30   6.2781758769089729E-017
           6          31   2.6434986159693391E-014
           6          32   1.8156458241739765E-014
           6          33  -3.2659002125276760E-014
           6          34  -2.9474010559720078E-014
           6          35   4.1130364062182991E-014
           7           1  -8.5724377858307689E-015
           7           2   5.7259650244851526E-015
           7           3   2.7335712677137358E-014
           7           4  -1.0319243579563231E-014
           7           5   3.4452188055213976E-014
           7           6   2.0539125955565361E-014
           7           7   2.5248165652841950     
           7           8  -6.2727600891320816E-015
           7           9  -6.3282712403632976E-015
           7          10 -0.71888045288871305     
           7          11  -1.1449174941447070E-014
           7          12   1.8596235662470824E-015
           7          13  0.32592753628121224     
           7          14  -5.0168202925249143E-015
           7          15  -1.2767564783189144E-015
           7          16  -9.6996570510218608E-002
           7          17   2.5552476801138503E-015
           7          18   7.4658054789527885E-015
           7          19  -1.2177233001478091E-015
           7          20   6.3189379825547352E-015
           7          21   2.0850716412361213E-015
           7          22  -3.6548332628773012E-015
           7          23  -4.0165292370153534E-015
           7          24  -8.8238216406918708E-016
           7          25   3.0085174370325051E-015
           7          26  -1.0152222915842701E-015
           7          27   1.3745460291684092E-015
           7          28   1.3150226483309090E-014
           7          29  -3.3710600006040758E-015
           7          30  -1.1637164703213680E-014
           7          31   2.9002644804766403E-015
           7          32  -9.5683402426069671E-015
           7          33  -2.8440912834143626E-015
           7          34  -3.7505475164510976E-015
           7          35  -6.0752764081012720E-015
           8           1   8.2943734533466702E-014
           8           2   3.0470693806850898E-013
           8           3  -1.0344166444079999E-013
           8           4   1.1402798571147645E-013
           8           5  -5.1313950338890265E-014
           8           6   4.6185277824406487E-014
           8           7  -6.2727600891320816E-015
           8           8   2.5248165652841292     
           8           9  -3.7747582837254707E-015
           8          10   4.1286418728247857E-014
           8          11 -0.71888045288862068     
           8          12  -1.8790524691780809E-014
           8          13  -1.2524703496552520E-014
           8          14  0.32592753628121163     
           8          15   2.8574365096289979E-014
           8          16  -1.0401401961956937E-014
           8          17  -9.6996570510208907E-002
           8          18  -4.5629266249883288E-015
           8          19   4.9107195716905143E-015
           8          20  -2.4574057960526116E-015
           8          21  -7.2020160422572783E-015
           8          22   1.3420116679745692E-014
           8          23   5.5499493824002197E-014
           8          24  -1.8541200175569319E-014
           8          25  -1.4013674906978364E-014
           8          26  -3.3142478781049769E-014
           8          27  -8.7587741157038053E-015
           8          28  -5.1868083159298446E-014
           8          29  -1.1062776385457303E-014
           8          30   3.1486763237627194E-015
           8          31  -1.6098857668943843E-014
           8          32  -7.3950247013907538E-015
           8          33   1.9641880306371448E-014
           8          34   1.6418194738732917E-014
           8          35  -2.0604253900933932E-014
           9           1   4.6156304069856794E-014
           9           2   1.8664591059580613E-013
           9           3  -4.4039029520815751E-014
           9           4   6.3219611512151202E-014
           9           5  -9.2140906227568161E-015
           9           6 -0.71888045288871383     
           9           7  -6.3282712403632976E-015
           9           8  -3.7747582837254707E-015
           9           9  0.20468382244129918     
           9          10   1.8839096949107857E-014
           9          11   3.2848723741096649E-014
           9          12  -9.2799983219534726E-002
           9          13  -8.5730034182773333E-015
           9          14  -3.6082248300316197E-016
           9          15   2.7617427537448412E-002
           9          16  -3.3011787747838663E-015
           9          17   6.5329686105286713E-015
           9          18   4.2691755387700606E-015
           9          19   1.2260593421215725E-015
           9          20   4.6767863595598313E-015
           9          21  -2.7218542721068292E-015
           9          22   7.2399726841083587E-015
           9          23   3.1032191817601580E-014
           9          24  -1.3094122041629986E-014
           9          25  -6.5302266142644521E-015
           9          26  -1.9623293031270260E-014
           9          27  -3.7210113733091688E-015
           9          28  -2.4589842436567937E-014
           9          29  -8.9456632028562607E-015
           9          30  -4.9233361359151117E-015
           9          31  -7.5267229643070468E-015
           9          32  -1.0075072908933250E-014
           9          33   9.2988609792608078E-015
           9          34   8.3920116617396341E-015
           9          35  -1.6616336954768646E-014
          10           1   5.5025433131440208E-015
          10           2  -4.8679417468088565E-014
          10           3  -4.6997316093184042E-014
          10           4  -1.5132808918982439E-014
          10           5  -4.0467566236279050E-014
          10           6  -6.5697447482193537E-014
          10           7 -0.71888045288871305     
          10           8   4.1286418728247857E-014
          10           9   1.8839096949107857E-014
          10          10  0.20468382244129921     
          10          11  -7.9866668833968097E-015
          10          12  -8.2572837456494456E-015
          10          13  -9.2799983219520349E-002
          10          14   6.5260297166247144E-015
          10          15   2.6628005356243543E-015
          10          16   2.7617427537429518E-002
          10          17  -2.2464669013900038E-015
          10          18  -6.8122803397317765E-015
          10          19   3.4671725840961001E-016
          10          20  -6.4857375577523286E-015
          10          21  -5.9367372123920647E-016
          10          22   1.0406253774541103E-015
          10          23  -3.5429632359308343E-015
          10          24   7.3927070673757981E-015
          10          25  -8.5660257754857883E-016
          10          26   7.4305300808736260E-015
          10          27  -3.9136873765525105E-016
          10          28  -3.7442089456719158E-015
          10          29   8.1012978912889195E-015
          10          30   1.7184993676447399E-014
          10          31  -8.2578016632646315E-016
          10          32   1.6595945946945382E-014
          10          33   8.0978620704294078E-016
          10          34   1.0678776962578824E-015
          10          35   1.5601380501737380E-014
          11           1  -2.1448845946534071E-014
          11           2  -1.1876613642080688E-013
          11           3   6.0695813555023593E-015
          11           4  -4.3961701124154759E-014
          11           5  -4.9228570426442454E-015
          11           6  -1.2478906796786752E-013
          11           7  -1.1449174941447070E-014
          11           8 -0.71888045288862068     
          11           9   3.2848723741096649E-014
          11          10  -7.9866668833968097E-015
          11          11  0.20468382244125199     
          11          12  -9.0621954385027424E-015
          11          13   1.8596235662470650E-015
          11          14  -9.2799983219510662E-002
          11          15  -3.8493513931925626E-015
          11          16   3.4672785476086467E-015
          11          17   2.7617427537423928E-002
          11          18  -1.9766447460157685E-015
          11          19  -1.3982086295876854E-015
          11          20  -2.5761408788765015E-015
          11          21   2.0505998833166571E-015
          11          22  -3.8210536516602976E-015
          11          23  -1.9077966326218189E-014
          11          24   9.8328885877629102E-015
          11          25   3.9900550013327404E-015
          11          26   1.3990249530725982E-014
          11          27   2.4938490936810185E-015
          11          28   1.4768182221513239E-014
          11          29   7.7035882833181704E-015
          11          30   7.9393893297049739E-015
          11          31   4.5837603615114552E-015
          11          32   1.0941453191413470E-014
          11          33  -5.5925503675692068E-015
          11          34  -4.6746838687912124E-015
          11          35   1.4702461733515622E-014
          12           1  -2.0254740841434023E-014
          12           2  -8.0925694585706031E-014
          12           3   1.5610399388818887E-014
          12           4  -2.9027673838494537E-014
          12           5   3.6330423725230966E-015
          12           6  0.32592753628126314     
          12           7   1.8596235662470824E-015
          12           8  -1.8790524691780809E-014
          12           9  -9.2799983219534726E-002
          12          10  -8.2572837456494456E-015
          12          11  -9.0621954385027424E-015
          12          12   4.2073852162965622E-002
          12          13   3.7574110489657366E-015
          12          14  -2.4841240175987960E-015
          12          15  -1.2521247558667887E-002
          12          16   1.5347965953704815E-015
          12          17  -2.1736085153989484E-015
          12          18  -1.3460552821281153E-015
          12          19  -5.5587337102659043E-016
          12          20  -1.5308587359538011E-015
          12          21   1.2340400319130104E-015
          12          22  -3.2824740889712914E-015
          12          23  -1.3479928061898318E-014
          12          24   6.0555558322548580E-015
          12          25   2.9606879185447898E-015
          12          26   9.0157651494806071E-015
          12          27   1.6870399862785117E-015
          12          28   1.1148594638636024E-014
          12          29   4.1747188123406406E-015
          12          30   2.4835044136099137E-015
          12          31   3.4124815359363411E-015
          12          32   4.8192096998675610E-015
          12          33  -4.2159372076593922E-015
          12          34  -3.8047879509918131E-015
          12          35   7.7849017924225938E-015
          13           1  -1.0859531621985791E-015
          13           2   1.5609297884950218E-014
          13           3   6.6567485867274186E-015
          13           4   2.1531888049751682E-015
          13           5   1.0453112860750740E-014
          13           6   2.9892754938032321E-014
          13           7  0.32592753628121224     
          13           8  -1.2524703496552520E-014
          13           9  -8.5730034182773333E-015
          13          10  -9.2799983219520349E-002
          13          11   1.8596235662470650E-015
          13          12   3.7574110489657366E-015
          13          13   4.2073852162952570E-002
          13          14  -2.1605980893291073E-015
          13          15  -1.2117043479697919E-015
          13          16  -1.2521247558657378E-002
          13          17   7.7997504288607869E-016
          13          18   2.7175309315758033E-015
          13          19  -1.5719540205280351E-016
          13          20   2.5694822762073071E-015
          13          21   2.6916104414967088E-016
          13          22  -4.7180092893393527E-016
          13          23   1.2352810461018961E-015
          13          24  -1.5227738786522785E-015
          13          25   3.8836828369808156E-016
          13          26  -1.5399221563033641E-015
          13          27   1.7743958390975625E-016
          13          28   1.6975573505734991E-015
          13          29  -1.8440362812414400E-015
          13          30  -4.2133667175081397E-015
          13          31   3.7439395387526843E-016
          13          32  -3.9463030152511667E-015
          13          33  -3.6714257887441408E-016
          13          34  -4.8415664272461658E-016
          13          35  -3.4953848355670280E-015
          14           1   9.6765114071640936E-015
          14           2   4.1278165886663291E-014
          14           3  -1.2615818419906968E-014
          14           4   1.5237555591685748E-014
          14           5  -5.7402217612356785E-015
          14           6   5.5511151231257772E-015
          14           7  -5.0168202925249143E-015
          14           8  0.32592753628121163     
          14           9  -3.6082248300316197E-016
          14          10   6.5260297166247144E-015
          14          11  -9.2799983219510662E-002
          14          12  -2.4841240175987960E-015
          14          13  -2.1605980893291073E-015
          14          14   4.2073852162953507E-002
          14          15   3.7062367064244507E-015
          14          16  -1.1798288040987263E-015
          14          17  -1.2521247558656428E-002
          14          18  -3.9108057210918764E-016
          14          19   6.3392277814405705E-016
          14          20  -1.1927975069524750E-016
          14          21  -9.2970530104491996E-016
          14          22   1.7323973654869200E-015
          14          23   7.3623526828816905E-015
          14          24  -2.6006562381356194E-015
          14          25  -1.8090195539268068E-015
          14          26  -4.4855293128273961E-015
          14          27  -1.1306665631187104E-015
          14          28  -6.6956296105562041E-015
          14          29  -1.6352695741330757E-015
          14          30   6.9526771781460875E-018
          14          31  -2.0781949426057849E-015
          14          32  -1.3541293695990785E-015
          14          33   2.5355622836963167E-015
          14          34   2.1194180341486361E-015
          14          35  -3.0593033566433515E-015
          15           1   2.1802300136212103E-015
          15           2   1.3942920412313055E-014
          15           3  -1.5507193158193261E-015
          15           4   7.4629104969339551E-015
          15           5  -3.2023818005378563E-015
          15           6  -9.6996570510285096E-002
          15           7  -1.2767564783189144E-015
          15           8   2.8574365096289979E-014
          15           9   2.7617427537448412E-002
          15          10   2.6628005356243543E-015
          15          11  -3.8493513931925626E-015
          15          12  -1.2521247558667887E-002
          15          13  -1.2117043479697919E-015
          15          14   3.7062367064244507E-015
          15          15   3.7263438540921000E-003
          15          16  -4.2901879965251450E-016
          15          17  -2.3592239273284315E-016
          15          18  -1.0201425007644362E-015
          15          19   1.6542882888257214E-016
          15          20  -9.6514468915239172E-016
          15          21  -3.6725234183552616E-016
          15          22   9.7686968413848608E-016
          15          23   2.5909179824171320E-015
          15          24  -1.2968310808504706E-015
          15          25  -8.8110559091361200E-016
          15          26  -2.1777942392248738E-015
          15          27  -5.0206587283115971E-016
          15          28  -3.3178400889209415E-015
          15          29  -7.3709089227351927E-016
          15          30   2.1232306045586645E-016
          15          31  -1.0155601140429552E-015
          15          32  -4.8278667183219188E-016
          15          33   1.2546698425530962E-015
          15          34   1.1323111479805339E-015
          15          35  -1.3653815131564386E-015
          16           1   1.3127156019395299E-015
          16           2   1.1013448073748868E-015
          16           3  -1.2130747836025482E-015
          16           4   6.1591405996644880E-016
          16           5  -9.3545651127230786E-016
          16           6   1.1657341758564145E-014
          16           7  -9.6996570510218608E-002
          16           8  -1.0401401961956937E-014
          16           9  -3.3011787747838663E-015
          16          10   2.7617427537429518E-002
          16          11   3.4672785476086467E-015
          16          12   1.5347965953704815E-015
          16          13  -1.2521247558657378E-002
          16          14  -1.1798288040987263E-015
          16          15  -4.2901879965251450E-016
          16          16   3.7263438540869999E-003
          16          17   3.1029866176535102E-016
          16          18  -9.7769425772317384E-017
          16          19   4.6781610026122339E-017
          16          20  -5.3709902593585245E-017
          16          21  -8.0102769147136324E-017
          16          22   1.4040873192917476E-016
          16          23   3.4335057645333042E-016
          16          24  -5.7531793181728176E-017
          16          25  -1.1557903957235152E-016
          16          26  -5.2428437566629503E-017
          16          27  -5.2806311821115975E-017
          16          28  -5.0519585773092647E-016
          16          29   3.8076425873674716E-017
          16          30   2.7248415036955647E-016
          16          31  -1.1142025604805607E-016
          16          32   1.9300555361709372E-016
          16          33   1.0926223492894713E-016
          16          34   1.4408581266175657E-016
          16          35   5.8811562188749780E-017
          17           1  -2.2331072749678194E-015
          17           2  -4.5345293194207498E-015
          17           3   5.7169656101000657E-015
          17           4  -2.6271767705253380E-015
          17           5   4.9917639858334195E-015
          17           6  -2.4209800830732326E-014
          17           7   2.5552476801138503E-015
          17           8  -9.6996570510208907E-002
          17           9   6.5329686105286713E-015
          17          10  -2.2464669013900038E-015
          17          11   2.7617427537423928E-002
          17          12  -2.1736085153989484E-015
          17          13   7.7997504288607869E-016
          17          14  -1.2521247558656428E-002
          17          15  -2.3592239273284315E-016
          17          16   3.1029866176535102E-016
          17          17   3.7263438540863520E-003
          17          18   1.0351746904827834E-015
          17          19  -1.8865646072690617E-016
          17          20   9.5428631928274049E-016
          17          21   2.7668182570707132E-016
          17          22  -5.1556430343486570E-016
          17          23  -1.2722597901828230E-015
          17          24   4.5384165385543342E-018
          17          25   5.3836719265521077E-016
          17          26   5.6547974165052551E-016
          17          27   3.3648822761149133E-016
          17          28   1.9926303774160456E-015
          17          29  -2.8276224143259297E-016
          17          30  -1.4845714426905299E-015
          17          31   6.1847423075790649E-016
          17          32  -1.0795111884183957E-015
          17          33  -7.5458750322122482E-016
          17          34  -6.3074229055763873E-016
          17          35  -5.7204860715386613E-016
          18           1  0.11894064365757606     
          18           2  0.78545130758777881     
          18           3  0.25679286612758340     
          18           4  0.20823951046270991     
          18           5  0.35769223450269649     
          18           6  -1.2048448475725720E-014
          18           7   7.4658054789527885E-015
          18           8  -4.5629266249883288E-015
          18           9   4.2691755387700606E-015
          18          10  -6.8122803397317765E-015
          18          11  -1.9766447460157685E-015
          18          12  -1.3460552821281153E-015
          18          13   2.7175309315758033E-015
          18          14  -3.9108057210918764E-016
          18          15  -1.0201425007644362E-015
          18          16  -9.7769425772317384E-017
          18          17   1.0351746904827834E-015
          18          18   9.2706386008494401E-002
          18          19   4.2848831921682470E-015
          18          20   9.2706386008486477E-002
          18          21   1.1381531617981923E-015
          18          22   4.4281350841033857E-015
          18          23   9.2706386008491418E-002
          18          24  -8.3701396350713692E-002
          18          25   1.2000952998633547E-015
          18          26  -8.3701396350715607E-002
          18          27   1.0857544991977690E-015
          18          28   1.3874501292335288E-015
          18          29  -8.3701396350717425E-002
          18          30 -0.16155175756311640     
          18          31  -8.8568157345271988E-016
          18          32 -0.16155175756311543     
          18          33  -1.0875346166196467E-015
          18          34   5.3849722534989638E-016
          18          35 -0.16155175756311427     
          19           1  -2.2401061490244030E-015
          19           2   4.3716415986722780E-014
          19           3   3.9492078471943132E-014
          19           4   1.7540682600253351E-014
          19           5   2.9730994238222527E-014
          19           6  -4.3061053121840499E-015
          19           7  -1.2177233001478091E-015
          19           8   4.9107195716905143E-015
          19           9   1.2260593421215725E-015
          19          10   3.4671725840961001E-016
          19          11  -1.3982086295876854E-015
          19          12  -5.5587337102659043E-016
          19          13  -1.5719540205280351E-016
          19          14   6.3392277814405705E-016
          19          15   1.6542882888257214E-016
          19          16   4.6781610026122339E-017
          19          17  -1.8865646072690617E-016
          19          18   4.2848831921682470E-015
          19          19   5.4789713396267482E-028
          19          20   4.2848831921676633E-015
          19          21   1.9897916888947728E-028
          19          22   3.5747554379442743E-028
          19          23   4.2848831921683007E-015
          19          24  -6.9219104178745638E-015
          19          25   6.8078483780395395E-029
          19          26  -6.9219104178747839E-015
          19          27   5.4823664608289015E-029
          19          28  -2.1544289388506200E-028
          19          29  -6.9219104178748107E-015
          19          30  -1.3453974383673775E-014
          19          31  -1.2068689268859202E-028
          19          32  -1.3453974383673823E-014
          19          33   2.4193386386082065E-029
          19          34   7.6351138688145031E-029
          19          35  -1.3453974383673954E-014
          20           1  0.11894064365757295     
          20           2  0.78545130758770643     
          20           3  0.25679286612754282     
          20           4  0.20823951046268677     
          20           5  0.35769223450265702     
          20           6  -1.3480039150342243E-014
          20           7   6.3189379825547352E-015
          20           8  -2.4574057960526116E-015
          20           9   4.6767863595598313E-015
          20          10  -6.4857375577523286E-015
          20          11  -2.5761408788765015E-015
          20          12  -1.5308587359538011E-015
          20          13   2.5694822762073071E-015
          20          14  -1.1927975069524750E-016
          20          15  -9.6514468915239172E-016
          20          16  -5.3709902593585245E-017
          20          17   9.5428631928274049E-016
          20          18   9.2706386008486477E-002
          20          19   4.2848831921676633E-015
          20          20   9.2706386008478553E-002
          20          21   1.1381531617979645E-015
          20          22   4.4281350841029787E-015
          20          23   9.2706386008483493E-002
          20          24  -8.3701396350704463E-002
          20          25   1.2000952998631711E-015
          20          26  -8.3701396350706378E-002
          20          27   1.0857544991976306E-015
          20          28   1.3874501292333271E-015
          20          29  -8.3701396350708210E-002
          20          30 -0.16155175756309856     
          20          31  -8.8568157345267176E-016
          20          32 -0.16155175756309753     
          20          33  -1.0875346166195041E-015
          20          34   5.3849722534990545E-016
          20          35 -0.16155175756309639     
          21           1  -1.8743692598499416E-015
          21           2   1.3460786184877042E-014
          21           3   1.7899020589419480E-014
          21           4   6.7701533335780293E-015
          21           5   1.1418037230809831E-014
          21           6   9.5595626879132284E-015
          21           7   2.0850716412361213E-015
          21           8  -7.2020160422572783E-015
          21           9  -2.7218542721068292E-015
          21          10  -5.9367372123920647E-016
          21          11   2.0505998833166571E-015
          21          12   1.2340400319130104E-015
          21          13   2.6916104414967088E-016
          21          14  -9.2970530104491996E-016
          21          15  -3.6725234183552616E-016
          21          16  -8.0102769147136324E-017
          21          17   2.7668182570707132E-016
          21          18   1.1381531617981923E-015
          21          19   1.9897916888947728E-028
          21          20   1.1381531617979645E-015
          21          21   1.6778010105737674E-028
          21          22  -4.0049628192256015E-029
          21          23   1.1381531617975700E-015
          21          24  -2.6526604595798159E-015
          21          25   1.8660572382274437E-028
          21          26  -2.6526604595797461E-015
          21          27   1.1263641396006107E-028
          21          28   4.8858425585380611E-028
          21          29  -2.6526604595800029E-015
          21          30  -5.1707370007226311E-015
          21          31   1.3691707428509621E-028
          21          32  -5.1707370007225420E-015
          21          33  -2.0673160328125800E-028
          21          34  -1.7188432699624819E-028
          21          35  -5.1707370007224639E-015
          22           1   2.7462853034519614E-015
          22           2   3.9524236271145231E-014
          22           3   1.9073345219910724E-014
          22           4   1.1913199784854271E-014
          22           5   2.0362780714213275E-014
          22           6  -2.5427875930674843E-014
          22           7  -3.6548332628773012E-015
          22           8   1.3420116679745692E-014
          22           9   7.2399726841083587E-015
          22          10   1.0406253774541103E-015
          22          11  -3.8210536516602976E-015
          22          12  -3.2824740889712914E-015
          22          13  -4.7180092893393527E-016
          22          14   1.7323973654869200E-015
          22          15   9.7686968413848608E-016
          22          16   1.4040873192917476E-016
          22          17  -5.1556430343486570E-016
          22          18   4.4281350841033857E-015
          22          19   3.5747554379442743E-028
          22          20   4.4281350841029787E-015
          22          21  -4.0049628192256015E-029
          22          22   5.6482509023629484E-028
          22          23   4.4281350841045043E-015
          22          24  -4.7567752379096243E-015
          22          25  -2.3221146413336318E-028
          22          26  -4.7567752379100401E-015
          22          27  -1.1715043396250499E-028
          22          28  -1.1032740098661491E-027
          22          29  -4.7567752379096409E-015
          22          30  -9.2033597937649008E-015
          22          31  -3.9933887482566736E-028
          22          32  -9.2033597937651027E-015
          22          33   3.8066192382574031E-028
          22          34   4.0671012760497638E-028
          22          35  -9.2033597937653820E-015
          23           1  0.11894064365757427     
          23           2  0.78545130758775161     
          23           3  0.25679286612756758     
          23           4  0.20823951046270106     
          23           5  0.35769223450268145     
          23           6  -1.0604419779153667E-013
          23           7  -4.0165292370153534E-015
          23           8   5.5499493824002197E-014
          23           9   3.1032191817601580E-014
          23          10  -3.5429632359308343E-015
          23          11  -1.9077966326218189E-014
          23          12  -1.3479928061898318E-014
          23          13   1.2352810461018961E-015
          23          14   7.3623526828816905E-015
