           1           1   2.4924922759590458     
           1           2  -1.5256727150723770     
           1           3  -2.8639389187582029     
           1           4  -5.4688829170575906     
           1           5  0.58785866539377984     
           1           6   5.8942576264292439E-002
           1           7  -1.3003821866999827E-014
           1           8  -4.8564385612405291E-013
           1           9  -4.6019166446924250E-014
           1          10  -1.3089266459889955E-013
           1          11   1.4431200219012603E-013
           1          12  -4.4090101260227251E-014
           1          13  -3.0899251913265648E-014
           1          14   1.2081785484061041E-013
           1          15   3.3681449809103997E-014
           1          16   1.5155128721517511E-014
           1          17  -1.9833435890303270E-014
           1          18   2.1128004538570343E-015
           1          19   3.1929412284591043     
           1          20  -3.6538520786517202E-014
           1          21   3.1929412284592082     
           1          22  -3.1179966760397509E-014
           1          23  -3.9733666913151899E-014
           1          24   3.1929412284591914     
           1          25   1.1372996782344353     
           1          26   1.1965017922076423E-016
           1          27   1.1372996782343936     
           1          28   2.6411903253648429E-014
           1          29  -1.7303257915289621E-016
           1          30   1.1372996782344194     
           1          31 -0.23519086030327460     
           1          32   1.0992291165094883E-014
           1          33 -0.23519086030324232     
           1          34  -6.3340432933385454E-015
           1          35   1.8035211731384691E-014
           1          36 -0.23519086030329359     
           1          37  -7.1791493066215795E-002
           1          38  -7.0935567659057368E-015
           1          39  -7.1791493066235099E-002
           1          40  -2.8079535974299049E-016
           1          41  -2.1485036265191446E-016
           1          42  -7.1791493066239220E-002
           1          43   6.2184943273135824E-014
           1          44  -7.5398204935990931E-014
           1          45   8.1381137052096557E-015
           1          46  -1.0806139286312687E-013
           1          47  -8.5702293684735034E-015
           1          48  -3.1224266892819198E-016
           1          49  -1.9117677542585441E-014
           1          50   3.3839376176111881E-014
           1          51  -6.0339964997401099E-014
           1          52  -1.0422143750765658E-014
           2           1  -1.5256727150723770     
           2           2   4.6117172714419512     
           2           3   7.0565789261626062     
           2           4   13.057734892237232     
           2           5  -1.4183760936883292     
           2           6 -0.14063666443182210     
           2           7   9.8531275439174026E-014
           2           8   1.7561705291917241E-012
           2           9   2.2156934295136892E-013
           2          10   1.2920110057360825E-013
           2          11  -6.2513627969395641E-013
           2          12  -3.4680866351844995E-014
           2          13   1.2891653653308404E-015
           2          14  -3.7202207067474452E-013
           2          15  -1.1921283931079431E-013
           2          16  -2.4092016222899908E-014
           2          17   5.8301522001854851E-014
           2          18   4.4671386948677069E-015
           2          19  -7.6705612130300063     
           2          20   1.3308448241959152E-013
           2          21  -7.6705612130305729     
           2          22   1.5741407415597150E-013
           2          23   3.5787302036626292E-014
           2          24  -7.6705612130306076     
           2          25  -2.7207930635406781     
           2          26  -3.7797573990611099E-014
           2          27  -2.7207930635405866     
           2          28  -8.0336833650962993E-014
           2          29   3.5717481470132070E-015
           2          30  -2.7207930635405773     
           2          31  0.56785326701222094     
           2          32   1.6130137164184201E-014
           2          33  0.56785326701222050     
           2          34   2.6147799062891910E-014
           2          35  -4.2310914412655851E-014
           2          36  0.56785326701226446     
           2          37  0.17244162871381274     
           2          38  -1.2107250931165848E-014
           2          39  0.17244162871381163     
           2          40   2.1368840681633307E-016
           2          41   8.8117645956210522E-015
           2          42  0.17244162871387098     
           2          43  -4.7020659274217239E-014
           2          44   2.3871844640893515E-013
           2          45   1.9488087144559636E-014
           2          46   3.8437819103779886E-013
           2          47   4.9621041368853527E-014
           2          48  -6.8544673320558149E-015
           2          49   5.9451435536503004E-014
           2          50  -4.0805546236504853E-014
           2          51   2.0074043158609095E-013
           2          52   8.8363923683297592E-014
           3           1  -2.8639389187582029     
           3           2   7.0565789261626062     
           3           3   11.190308218749291     
           3           4   23.603400556601159     
           3           5  -2.5488637953733138     
           3           6 -0.26307302245192299     
           3           7   1.1758544292626806E-013
           3           8   2.5158410371900352E-012
           3           9   3.8952882381723026E-013
           3          10  -3.1324039769731953E-013
           3          11  -1.4497073326871049E-012
           3          12  -2.5865396373938548E-013
           3          13  -1.0111161763429774E-013
           3          14  -7.5458921068524043E-013
           3          15  -2.6726150209526341E-013
           3          16  -3.7098143492732569E-014
           3          17   1.1805491456288621E-013
           3          18   3.8931518001304313E-015
           3          19  -13.264354040369579     
           3          20   1.3404235494426077E-013
           3          21  -13.264354040371860     
           3          22   4.3848914574268920E-013
           3          23  -6.2015073869377092E-014
           3          24  -13.264354040372185     
           3          25  -4.9003694177297481     
           3          26  -3.1162191392325828E-014
           3          27  -4.9003694177291148     
           3          28  -1.9687688884273876E-013
           3          29   5.3654419581864400E-014
           3          30  -4.9003694177290544     
           3          31   1.0173956746141637     
           3          32   1.1425589826826686E-016
           3          33   1.0173956746139363     
           3          34   5.7573448150351952E-014
           3          35  -8.9499476802386755E-014
           3          36   1.0173956746140258     
           3          37  0.31498645211712012     
           3          38  -1.7122876834711944E-015
           3          39  0.31498645211719856     
           3          40   5.1031589013707713E-016
           3          41   8.7540396060563256E-015
           3          42  0.31498645211729481     
           3          43   1.0089477965569040E-013
           3          44   4.8924087923607698E-013
           3          45   1.2250067934578310E-013
           3          46   8.0817808189182390E-013
           3          47   1.1898649398334114E-013
           3          48  -2.9534928975769247E-015
           3          49   1.6251782217849663E-013
           3          50   1.6732031046747429E-014
           3          51   4.1569127557654165E-013
           3          52   2.3425569089718331E-013
           4           1  -5.4688829170575906     
           4           2   13.057734892237232     
           4           3   23.603400556601159     
           4           4   81.348686998399359     
           4           5  -8.6566107372663410     
           4           6 -0.99273248165228967     
           4           7  -4.3120748603839427E-013
           4           8   3.2198220843577136E-012
           4           9  -4.7223454421570319E-014
           4          10   2.8981112048788481E-012
           4          11  -1.4238237265115553E-012
           4          12   1.4366810203260350E-012
           4          13   1.1174031286491297E-012
           4          14  -1.6355848060642882E-012
           4          15  -2.2373688714372008E-013
           4          16  -3.6010327565489675E-013
           4          17   3.1816560521250411E-013
           4          18  -1.6775124003530300E-013
           4          19  -39.923687555298841     
           4          20   6.0947180810118403E-013
           4          21  -39.923687555300802     
           4          22   3.5019075391343073E-013
           4          23   1.0444241277105322E-012
           4          24  -39.923687555300312     
           4          25  -16.722498709202391     
           4          26  -1.3430037029352392E-013
           4          27  -16.722498709201282     
           4          28  -3.6405518047567111E-013
           4          29  -1.3038685481817532E-013
           4          30  -16.722498709201858     
           4          31   3.4259480314388013     
           4          32  -8.8056114192568859E-014
           4          33   3.4259480314382356     
           4          34  -3.5693797603738729E-014
           4          35  -1.1110991310198972E-013
           4          36   3.4259480314390887     
           4          37   1.1187557196288271     
           4          38   1.0866202017865923E-013
           4          39   1.1187557196290654     
           4          40   1.1521292595626991E-013
           4          41  -1.3419973237232407E-013
           4          42   1.1187557196291760     
           4          43  -1.6128708058217285E-012
           4          44   1.0450063767383357E-012
           4          45  -4.2223846450109889E-013
           4          46   1.1927728453963808E-012
           4          47  -1.0237059353063167E-013
           4          48   7.2319359928985836E-014
           4          49   2.7949839540829104E-013
           4          50  -7.5412530676231455E-013
           4          51   7.4135210598630555E-013
           4          52  -2.5275101129145024E-013
           5           1  0.58785866539377984     
           5           2  -1.4183760936883292     
           5           3  -2.5488637953733138     
           5           4  -8.6566107372663410     
           5           5  0.92151370926992338     
           5           6  0.10542799697201546     
           5           7   6.7444514616912776E-014
           5           8  -4.9687017869873244E-013
           5           9  -2.7225265197713719E-015
           5          10  -6.0100592632040982E-013
           5          11   5.1581297826492772E-013
           5          12  -3.2194947797176354E-013
           5          13  -1.9726605249132171E-013
           5          14   2.7845507070753199E-013
           5          15  -2.0972621325221899E-014
           5          16   4.7671369273957193E-014
           5          17  -4.6528801310446402E-014
           5          18   2.3015427977752503E-014
           5          19   4.2627579666167961     
           5          20  -2.6991949983400099E-013
           5          21   4.2627579666181337     
           5          22   7.5649947852782571E-015
           5          23  -2.8933984849152212E-013
           5          24   4.2627579666173077     
           5          25   1.7799187111379906     
           5          26   7.6630323616182114E-014
           5          27   1.7799187111375319     
           5          28   2.5024825953022067E-014
           5          29   6.8166924288437208E-014
           5          30   1.7799187111378276     
           5          31 -0.36477314709472874     
           5          32  -1.6778670940988444E-014
           5          33 -0.36477314709452779     
           5          34   9.2311406681190324E-015
           5          35  -1.0548340353423594E-014
           5          36 -0.36477314709471509     
           5          37 -0.11897027150171696     
           5          38  -2.8569265564744791E-015
           5          39 -0.11897027150178782     
           5          40  -1.3932399363301507E-014
           5          41   2.1276366907552879E-014
           5          42 -0.11897027150176842     
           5          43   2.9106040415114785E-013
           5          44  -1.8056457988669350E-013
           5          45   9.8429229016802583E-014
           5          46  -2.8241105602206348E-013
           5          47   4.1369094782298053E-014
           5          48  -7.4838431281276962E-015
           5          49   1.3218480198750140E-015
           5          50   1.3382580350180136E-013
           5          51  -1.4837304502517085E-013
           5          52   9.5254790392176324E-014
           6           1   5.8942576264292439E-002
           6           2 -0.14063666443182210     
           6           3 -0.26307302245192299     
           6           4 -0.99273248165228967     
           6           5  0.10542799697201546     
           6           6   1.2258448839434043E-002
           6           7   6.3133938178856870E-014
           6           8  -3.4084450279243885E-014
           6           9   4.2400230310101598E-014
           6          10  -2.0736265487877492E-013
           6          11  -1.8248256258132315E-014
           6          12  -2.2965947359510770E-013
           6          13  -6.3098431158185748E-014
           6          14   1.0615885894483342E-014
           6          15  -5.6060591803833956E-014
           6          16   1.0512928750485290E-014
           6          17  -2.8034498600999978E-015
           6          18   9.3480791054251365E-015
           6          19  0.47753764412243604     
           6          20  -5.2740872667346518E-014
           6          21  0.47753764412290900     
           6          22   3.0940139812317803E-017
           6          23  -5.1661839591717492E-014
           6          24  0.47753764412267191     
           6          25  0.20379413851938716     
           6          26   1.5367948527110501E-014
           6          27  0.20379413851923611     
           6          28   3.1984536133293364E-015
           6          29   1.3298293466106121E-014
           6          30  0.20379413851931388     
           6          31  -4.1674505503754587E-002
           6          32  -4.4598923990775995E-015
           6          33  -4.1674505503690236E-002
           6          34   1.1246438735879792E-015
           6          35  -3.6142929176772054E-015
           6          36  -4.1674505503730322E-002
           6          37  -1.3708135622778870E-002
           6          38   3.2627434082450507E-016
           6          39  -1.3708135622800469E-002
           6          40  -1.6924125228840145E-015
           6          41   3.4158003720375184E-015
           6          42  -1.3708135622792116E-002
           6          43   9.3021998954675275E-014
           6          44  -6.3648338531752312E-015
           6          45   3.7897737394005343E-014
           6          46  -6.3772335474347610E-018
           6          47   4.0882547917478971E-014
           6          48  -1.0195611255327388E-015
           6          49   3.5836785729001477E-014
           6          50   4.1893267906228587E-014
           6          51  -2.5752239628145651E-015
           6          52   9.1564044593667316E-014
           7           1  -1.3003821866999827E-014
           7           2   9.8531275439174026E-014
           7           3   1.1758544292626806E-013
           7           4  -4.3120748603839427E-013
           7           5   6.7444514616912776E-014
           7           6   6.3133938178856870E-014
           7           7   2.5910234896041731     
           7           8   7.2858385991209259E-016
           7           9  -4.8155923693114832E-015
           7          10  -1.5598947057520023     
           7          11   4.5241588253421281E-015
           7          12   1.0713652187629877E-014
           7          13 -0.54668138107815456     
           7          14   1.0214051826552840E-014
           7          15  -7.0637939941774181E-015
           7          16   6.8307747416265038E-002
           7          17  -6.9935376933998068E-015
           7          18   3.3211280947579956E-015
           7          19   2.5414381461326577E-013
           7          20  -5.3302617804873166E-014
           7          21   1.2680791348259141E-013
           7          22   1.3164150293187621E-014
           7          23  -4.8023650433441801E-014
           7          24   2.4241582499819921E-014
           7          25   4.3463705643177034E-014
           7          26   1.2112708077429967E-014
           7          27   7.7858828968066190E-014
           7          28  -4.3994240628197471E-015
           7          29   6.9710413698407648E-015
           7          30   9.8573960981542172E-014
           7          31  -1.6894146497075288E-014
           7          32  -5.8534940940947636E-015
           7          33  -2.5949497139182391E-014
           7          34   2.7109336714083161E-015
           7          35  -1.3810697605956628E-015
           7          36  -3.1134175646692584E-014
           7          37  -3.3200000133519290E-014
           7          38   1.3688765750104292E-015
           7          39  -3.1487023590055373E-014
           7          40  -3.3920531593852689E-015
           7          41   5.9125615638340759E-017
           7          42  -2.8655482801225000E-014
           7          43  0.76065917334841981     
           7          44  -5.7870375158585953E-015
           7          45  0.34017712386316934     
           7          46  -2.4424906541751850E-015
           7          47   1.1726730697603240E-015
           7          48   1.1753445109683673E-015
           7          49  -1.3530843112289958E-016
           7          50  0.34017712386316989     
           7          51  -2.8067825841316883E-015
           7          52  -2.5951463200619676E-015
           8           1  -4.8564385612405291E-013
           8           2   1.7561705291917241E-012
           8           3   2.5158410371900352E-012
           8           4   3.2198220843577136E-012
           8           5  -4.9687017869873244E-013
           8           6  -3.4084450279243885E-014
           8           7   7.2858385991209259E-016
           8           8   2.5910234896041633     
           8           9   3.6082248300650191E-016
           8          10  -1.7486012637852993E-014
           8          11  -1.5598947057519954     
           8          12   4.4408920984886079E-015
           8          13  -8.2503448517472013E-015
           8          14 -0.54668138107809283     
           8          15  -7.0665695517394294E-014
           8          16  -8.7178528285209155E-015
           8          17   6.8307747416247788E-002
           8          18   1.9803603201751747E-014
           8          19  -2.2986561306296103E-012
           8          20  -2.2205790710943913E-013
           8          21  -2.0840468561599017E-012
           8          22   1.4246115555770121E-013
           8          23  -1.0680280013050679E-013
           8          24  -2.2048373744742050E-012
           8          25  -6.2707281076993133E-013
           8          26   5.7474649256810887E-014
           8          27  -6.9222768503215223E-013
           8          28  -3.7009109101455718E-014
           8          29   1.5177980660481529E-014
           8          30  -6.7963813248462487E-013
           8          31   1.7929102124950527E-013
           8          32  -3.0657722703292082E-014
           8          33   1.8279338885199936E-013
           8          34   1.4029275527706231E-014
           8          35  -4.1729758431914009E-015
           8          36   1.9014131658158004E-013
           8          37   5.1446894331857427E-014
           8          38   2.0499766330607657E-014
           8          39   7.2366913762553586E-014
           8          40  -2.6602776879588567E-015
           8          41   1.9418405604363828E-015
           8          42   6.2145148968458288E-014
           8          43   3.1613600626202279E-014
           8          44  0.34017712386314025     
           8          45   9.6901653368073374E-015
           8          46  0.76065917334837840     
           8          47   1.8762769116167651E-014
           8          48  -1.6279807714258404E-015
           8          49   1.1241008124332616E-014
           8          50   1.3770234952305319E-014
           8          51  0.34017712386316157     
           8          52   3.0198066269808890E-014
           9           1  -4.6019166446924250E-014
           9           2   2.2156934295136892E-013
           9           3   3.8952882381723026E-013
           9           4  -4.7223454421570319E-014
           9           5  -2.7225265197713719E-015
           9           6   4.2400230310101598E-014
           9           7  -4.8155923693114832E-015
           9           8   3.6082248300650191E-016
           9           9   2.5910234896041544     
           9          10  -7.1609385088331369E-015
           9          11  -3.9968028886619271E-015
           9          12  -1.5598947057519630     
           9          13  -4.4339532045963845E-015
           9          14   2.5535129566374789E-014
           9          15 -0.54668138107811037     
           9          16  -9.1541357827294564E-015
           9          17  -6.3733740507380872E-015
           9          18   6.8307747416260195E-002
           9          19  -2.3363820955855193E-013
           9          20  -1.9023699122530165E-013
           9          21  -7.7060566484665375E-014
           9          22   1.1885843415752704E-013
           9          23  -9.8488081486215154E-014
           9          24  -1.7510235898163551E-013
           9          25   3.0216959934358917E-014
           9          26   4.7677429141753799E-014
           9          27  -1.3057639345551762E-014
           9          28  -3.6064864770552347E-014
           9          29   1.2604135621130254E-014
           9          30   1.3990811878413252E-015
           9          31  -5.8450397663426129E-015
           9          32  -2.4767748140321628E-014
           9          33  -3.4774892287035388E-015
           9          34   1.5935662850684216E-014
           9          35  -1.6490502528888073E-016
           9          36  -2.0528951756904576E-016
           9          37  -2.1222120485282907E-014
           9          38   1.4082502571633615E-014
           9          39  -5.9223383626200597E-015
           9          40  -3.7688827990884169E-015
           9          41   4.0843475465085001E-016
           9          42  -1.3383686922627869E-014
           9          43   2.3016311079259380E-014
           9          44  -1.5029644195860526E-014
           9          45   3.9204750557074278E-015
           9          46   1.3600232051709209E-015
           9          47  0.34017712386315141     
           9          48   3.5804274522558323E-015
           9          49  0.34017712386313770     
           9          50   7.4211470302287823E-015
           9          51   1.8457457784418542E-015
           9          52  0.76065917334836730     
          10           1  -1.3089266459889955E-013
          10           2   1.2920110057360825E-013
          10           3  -3.1324039769731953E-013
          10           4   2.8981112048788481E-012
          10           5  -6.0100592632040982E-013
          10           6  -2.0736265487877492E-013
          10           7  -1.5598947057520023     
          10           8  -1.7486012637852993E-014
          10           9  -7.1609385088331369E-015
          10          10   4.1274457694021631     
          10          11   6.1839422471641364E-014
          10          12   2.5757174171315029E-014
          10          13   1.1811189911724371     
          10          14  -2.2731816429204296E-014
          10          15   9.3258734068512108E-015
          10          16 -0.14409689194005246     
          10          17   1.6538853619960396E-014
          10          18  -5.8147930914756663E-015
          10          19  -1.3192659463235768E-012
          10          20   2.0795375265705168E-013
          10          21  -8.8882701989723424E-013
          10          22  -4.9066769863517686E-014
          10          23   1.5521373112240212E-013
          10          24  -5.2979197457253901E-013
          10          25  -4.3439566286409969E-013
          10          26  -5.2127777393912982E-014
          10          27  -5.5628077099024983E-013
          10          28   1.8401005758703524E-014
          10          29  -1.6213801203343339E-014
          10          30  -6.4995449858096595E-013
          10          31   1.7909426333620474E-013
          10          32   2.0360307916012049E-014
          10          33   2.1742960674071464E-013
          10          34  -1.3306505517916249E-014
          10          35   1.5314057788977122E-015
          10          36   2.5170237636034283E-013
          10          37   1.5103664084400062E-013
          10          38  -1.2221517777910251E-014
          10          39   1.3393250280700247E-013
          10          40   2.7052025227644836E-015
          10          41  -6.5690858370294949E-016
          10          42   1.2685118462790864E-013
          10          43  -1.7562587948525903     
          10          44   2.8727020762171165E-015
          10          45 -0.78542281027444760     
          10          46  -1.9650947535866590E-014
          10          47  -1.9012569296709032E-015
          10          48   3.4692511317738680E-015
          10          49  -1.1796119636758618E-015
          10          50 -0.78542281027444083     
          10          51  -1.0241807402163260E-014
          10          52  -1.8041124150141944E-015
          11           1   1.4431200219012603E-013
          11           2  -6.2513627969395641E-013
          11           3  -1.4497073326871049E-012
          11           4  -1.4238237265115553E-012
          11           5   5.1581297826492772E-013
          11           6  -1.8248256258132315E-014
          11           7   4.5241588253421281E-015
          11           8  -1.5598947057519954     
          11           9  -3.9968028886619271E-015
          11          10   6.1839422471641364E-014
          11          11   4.1274457694021649     
          11          12  -3.9968028886096824E-015
          11          13   3.3667513221762088E-014
          11          14   1.1811189911722804     
          11          15   2.7289281945287398E-013
          11          16   2.2516710718177303E-014
          11          17 -0.14409689193998826     
          11          18  -7.5023320889046645E-014
          11          19   1.5571316425555451E-012
          11          20   7.9002705911728521E-013
          11          21   8.1359786930712075E-013
          11          22  -5.1283963031727697E-013
          11          23   3.7463316134648492E-013
          11          24   1.2096679502394858E-012
          11          25   1.1965372655353208E-013
          11          26  -2.0693750507186443E-013
          11          27   3.4948474871395897E-013
          11          28   1.3581443008908936E-013
          11          29  -4.2315198405469971E-014
          11          30   3.1195680064633904E-013
          11          31  -1.3109118995106366E-013
          11          32   1.0752128495472738E-013
          11          33  -1.5353690824296123E-013
          11          34  -5.6310331627747841E-014
          11          35   4.1147591318683997E-015
          11          36  -1.8543562110477407E-013
          11          37  -2.7707170839257765E-014
          11          38  -7.4108642796784089E-014
          11          39  -9.7181419891170194E-014
          11          40   8.7946950318500256E-015
          11          41  -5.0314496304316468E-015
          11          42  -5.9135964204183464E-014
          11          43  -1.1163292512606176E-013
          11          44 -0.78542281027436389     
          11          45  -3.1474822748125655E-014
          11          46  -1.7562587948525006     
          11          47  -7.4551476103587832E-014
          11          48   3.7925355403689628E-015
          11          49  -4.4353409833784659E-014
          11          50  -5.2319260035464642E-014
          11          51 -0.78542281027443372     
          11          52  -1.2323475573340830E-013
          12           1  -4.4090101260227251E-014
          12           2  -3.4680866351844995E-014
          12           3  -2.5865396373938548E-013
          12           4   1.4366810203260350E-012
          12           5  -3.2194947797176354E-013
          12           6  -2.2965947359510770E-013
          12           7   1.0713652187629877E-014
          12           8   4.4408920984886079E-015
          12           9  -1.5598947057519630     
          12          10   2.5757174171315029E-014
          12          11  -3.9968028886096824E-015
          12          12   4.1274457694020503     
          12          13   1.6875389974304115E-014
          12          14  -9.5701224722675392E-014
          12          15   1.1811189911723909     
          12          16   2.5694724126167356E-014
          12          17   3.4305891460914705E-014
          12          18 -0.14409689194005110     
          12          19  -1.0037542732649743E-013
          12          20   6.9306411622658349E-013
          12          21  -6.2312118453460532E-013
          12          22  -4.2015111659134923E-013
          12          23   3.4883222734328601E-013
          12          24  -2.5581892111263250E-013
          12          25  -3.4822891672473097E-013
          12          26  -1.7540441414285942E-013
          12          27  -2.0187456756413278E-013
          12          28   1.2618941476813646E-013
          12          29  -4.2806498593230736E-014
          12          30  -2.5716598398613975E-013
          12          31   1.3684619249391639E-013
          12          32   8.8728076814112024E-014
          12          33   1.2875484636609955E-013
          12          34  -5.5179366416980791E-014
          12          35   6.3376436245261773E-016
          12          36   1.1848036195944600E-013
          12          37   1.3919713581554901E-013
          12          38  -5.0971848713663987E-014
          12          39   8.4660745032184516E-014
          12          40   1.2869261773844897E-014
          12          41  -2.5215704296083806E-015
          12          42   1.1120759415109028E-013
          12          43  -7.5772721430666833E-014
          12          44   5.1736392947523466E-014
          12          45  -1.5654144647215600E-014
          12          46   9.7699626166834168E-015
          12          47 -0.78542281027441418     
          12          48  -1.2537054986473823E-014
          12          49 -0.78542281027437777     
          12          50  -2.9323765637914093E-014
          12          51   6.6613381476651881E-016
          12          52  -1.7562587948524757     
          13           1  -3.0899251913265648E-014
          13           2   1.2891653653308404E-015
          13           3  -1.0111161763429774E-013
          13           4   1.1174031286491297E-012
          13           5  -1.9726605249132171E-013
          13           6  -6.3098431158185748E-014
          13           7 -0.54668138107815456     
          13           8  -8.2503448517472013E-015
          13           9  -4.4339532045963845E-015
          13          10   1.1811189911724371     
          13          11   3.3667513221762088E-014
          13          12   1.6875389974304115E-014
          13          13  0.34301776680102453     
          13          14  -1.7624790515942565E-015
          13          15   5.8009153036657235E-015
          13          16  -4.1929079202272512E-002
          13          17   4.1858877475312845E-015
          13          18  -2.0799334476964812E-015
          13          19  -5.2266753234946301E-013
          13          20   6.7155280727019277E-014
          13          21  -3.3335666338458929E-013
          13          22  -9.7576879585075672E-015
          13          23   4.6735961657318778E-014
          13          24  -2.4755009517534099E-013
          13          25  -1.7094744618665940E-013
          13          26  -1.7243552293603369E-014
          13          27  -2.2586170382840433E-013
          13          28   3.9188399984165759E-015
          13          29  -5.5482662979411760E-015
          13          30  -2.4729303060084697E-013
          13          31   5.6604450560523021E-014
          13          32   6.8575215344920012E-015
          13          33   7.5860582308987982E-014
          13          34  -3.1858022999126914E-015
          13          35   8.3795835772062054E-016
          13          36   8.3353676314024941E-014
          13          37   4.8315465073173051E-014
          13          38  -3.6986812219822356E-015
          13          39   4.0884493179929218E-014
          13          40   7.2888156359007466E-016
          13          41  -2.9505822331083150E-016
          13          42   3.9474439039294169E-014
          13          43 -0.50743136017164414     
          13          44  -2.1753432388745311E-015
          13          45 -0.22693020305179437     
          13          46  -1.2351231148954557E-014
          13          47  -2.5465740627335726E-015
          13          48   8.6816594686507998E-016
          13          49  -2.2863655413409516E-015
          13          50 -0.22693020305179257     
          13          51  -5.8321403262322852E-015
          13          52  -4.7808978997906241E-015
          14           1   1.2081785484061041E-013
          14           2  -3.7202207067474452E-013
          14           3  -7.5458921068524043E-013
          14           4  -1.6355848060642882E-012
          14           5   2.7845507070753199E-013
          14           6   1.0615885894483342E-014
          14           7   1.0214051826552840E-014
          14           8 -0.54668138107809283     
          14           9   2.5535129566374789E-014
          14          10  -2.2731816429204296E-014
          14          11   1.1811189911722804     
          14          12  -9.5701224722675392E-014
          14          13  -1.7624790515942565E-015
          14          14  0.34301776680093454     
          14          15   4.9904524956904220E-014
          14          16   7.8105924505855329E-015
          14          17  -4.1929079202249010E-002
          14          18  -1.7805201757426153E-014
          14          19   1.0679688406202615E-012
          14          20   2.5187550192398672E-013
          14          21   8.6266143645526251E-013
          14          22  -1.4358524803502274E-013
          14          23   1.1692265344658637E-013
          14          24   8.7825631035497853E-013
          14          25   2.7847402718244135E-013
          14          26  -6.7177217793413428E-014
          14          27   3.4189916215717131E-013
          14          28   3.7966262360241062E-014
          14          29  -1.5548038870139078E-014
          14          30   3.6048103958362903E-013
          14          31  -8.5962293706741751E-014
          14          32   3.4003295828185596E-014
          14          33  -9.1614484235670391E-014
          14          34  -1.5675295725139101E-014
          14          35   2.7529597289567316E-015
          14          36  -1.1264312837561457E-013
          14          37  -2.6389533534128938E-014
          14          38  -2.2041621890069549E-014
          14          39  -4.6172027038338162E-014
          14          40   2.4590893777850423E-015
          14          41  -1.9100536368141904E-015
          14          42  -3.1558670842985390E-014
          14          43  -1.4641066137241658E-014
          14          44 -0.22693020305174061     
          14          45  -1.3947176746840256E-015
          14          46 -0.50743136017155122     
          14          47  -3.1086244689533366E-015
          14          48   1.0950350996303006E-015
          14          49   5.3568260938141281E-015
          14          50  -7.1782857435908287E-015
          14          51 -0.22693020305176037     
          14          52   5.3013149425794490E-015
          15           1   3.3681449809103997E-014
          15           2  -1.1921283931079431E-013
          15           3  -2.6726150209526341E-013
          15           4  -2.2373688714372008E-013
          15           5  -2.0972621325221899E-014
          15           6  -5.6060591803833956E-014
          15           7  -7.0637939941774181E-015
          15           8  -7.0665695517394294E-014
          15           9 -0.54668138107811037     
          15          10   9.3258734068512108E-015
          15          11   2.7289281945287398E-013
          15          12   1.1811189911723909     
          15          13   5.8009153036657235E-015
          15          14   4.9904524956904220E-014
          15          15  0.34301776680100460     
          15          16   7.1886940844478492E-015
          15          17   1.4571677198143789E-016
          15          18  -4.1929079202271236E-002
          15          19   2.9576092603972501E-013
          15          20   1.8441251883696088E-013
          15          21   1.3056928683591751E-013
          15          22  -1.1912501490807513E-013
          15          23   9.2552392409697870E-014
          15          24   2.3638790632573314E-013
          15          25   2.7551320871903765E-014
          15          26  -4.6126577079738369E-014
          15          27   7.4190322110920068E-014
          15          28   3.5799687578166743E-014
          15          29  -1.0370309901721618E-014
          15          30   5.7854499368807372E-014
          15          31   1.2531755973821054E-014
          15          32   2.3650298510569542E-014
          15          33   8.0258098022377572E-015
          15          34  -1.5656528290141425E-014
          15          35  -5.2803805005886456E-016
          15          36   5.4633176350951613E-015
          15          37   2.9431631570693568E-014
          15          38  -1.3904771759203120E-014
          15          39   1.4812895291934612E-014
          15          40   3.6643848312544708E-015
          15          41  -4.6552186352702894E-016
          15          42   2.2168218871318536E-014
          15          43  -2.2738755323102713E-014
          15          44  -3.6831648841941935E-014
          15          45  -4.9786563760531587E-015
          15          46  -1.1241008124330174E-013
          15          47 -0.22693020305178127     
          15          48  -3.5296152735102027E-015
          15          49 -0.22693020305177083     
          15          50  -8.8054563640580109E-015
          15          51  -5.1320059313300221E-014
          15          52 -0.50743136017160362     
          16           1   1.5155128721517511E-014
          16           2  -2.4092016222899908E-014
          16           3  -3.7098143492732569E-014
          16           4  -3.6010327565489675E-013
