           1           1   2.2215108124133334     
           1           2 -0.76440826961518415     
           1           3   9.7045217917602844E-002
           1           4  0.14998071581549594     
           1           5  -1.9617729035393282E-002
           1           6  -1.8702296594272725E-002
           1           7   1.4636573435059765E-014
           1           8  -9.9235068202468519E-017
           1           9  -2.6932081826305661E-015
           1          10  -2.0191806261272619E-014
           1          11  -4.4385715296462310E-016
           1          12  -3.1469604211334023E-015
           1          13  -5.9186521294215500E-015
           1          14  -5.8919600138790969E-015
           1          15  -2.0245034726178584E-015
           1          16   6.0439657037041661E-015
           1          17  -3.1748574855098630E-015
           1          18   1.5421190194726702E-015
           1          19   8.4338816279328245E-003
           1          20   4.4966036610575933E-015
           1          21   8.6513553533057660E-003
           1          22  -1.0520930801846497E-013
           1          23   8.2748632538530053E-014
           1          24   8.5335222377966972E-003
           1          25  -4.7332296307874416E-003
           1          26  -1.4763860807319592E-014
           1          27  -4.2623301320166632E-003
           1          28  -2.1464101497505802E-013
           1          29   1.5524988893728877E-013
           1          30  -4.5702753025100070E-003
           1          31   5.6210942222601357E-003
           1          32   6.2139073703965320E-014
           1          33   4.3208870693602179E-003
           1          34   6.7157947694629323E-013
           1          35  -4.0958728051442204E-013
           1          36   5.2499542125048811E-003
           1          37   2.0534203648519631E-003
           1          38   1.2187136245489689E-014
           1          39   1.6675580570863734E-003
           1          40   2.1738465760372643E-013
           1          41  -1.1807348031671685E-013
           1          42   1.9371392780602253E-003
           1          43   6.5026617560693549E-015
           1          44   2.5319188726345179E-015
           1          45   2.5558522112665780E-015
           1          46   1.3594048668190899E-015
           1          47  -3.0630288981623917E-015
           1          48  -2.1751591111364052E-015
           1          49   4.0318365256852112E-015
           1          50   1.7007439576488645E-015
           1          51   2.5017314714370686E-015
           1          52   3.3673163898559701E-015
           2           1 -0.76440826961518415     
           2           2   2.6053677308193586     
           2           3 -0.48623443678371159     
           2           4 -0.50412796941287152     
           2           5   6.4525319123262634E-002
           2           6   6.5074245048236223E-002
           2           7  -1.0219199364192042E-013
           2           8   1.1754949832647380E-014
           2           9   5.7608672640229001E-015
           2          10   4.8037753329415248E-014
           2          11   1.5812740692518014E-014
           2          12   1.9112437112004409E-014
           2          13   9.4409316376544908E-015
           2          14   1.1887061873836298E-014
           2          15   5.9400337226281103E-015
           2          16  -2.2652469792819725E-014
           2          17   7.3809036728266959E-015
           2          18  -1.0869956463600560E-014
           2          19  -1.5524397655394191E-002
           2          20  -3.1432171908581458E-014
           2          21  -1.6443538827583093E-002
           2          22   4.4234049530431331E-013
           2          23  -3.6039760526223072E-013
           2          24  -1.5910659069554703E-002
           2          25   5.6116953731544391E-004
           2          26   1.3308060540793040E-014
           2          27  -9.7486210493866112E-004
           2          28   7.2159327245034201E-013
           2          29  -5.1310977436088261E-013
           2          30   2.9377322070275533E-005
           2          31  -1.8428741668151102E-002
           2          32  -2.2974847896294763E-013
           2          33  -1.3466229661159229E-002
           2          34  -2.5638658755768487E-012
           2          35   1.5487641083599654E-012
           2          36  -1.6997093550011753E-002
           2          37  -7.2220769217980346E-003
           2          38  -4.6337253809685720E-014
           2          39  -5.8710084973561437E-003
           2          40  -7.6740127092625905E-013
           2          41   4.1559979491074458E-013
           2          42  -6.8040233692632625E-003
           2          43  -1.0669693937734658E-014
           2          44  -1.4749449894316819E-015
           2          45  -8.3926886557303767E-016
           2          46  -3.0445924653736846E-015
           2          47  -3.8264684814389702E-015
           2          48   9.6006300646021458E-016
           2          49  -3.4109833126219459E-015
           2          50  -8.6802543577211897E-015
           2          51  -4.0526337423353279E-015
           2          52  -2.5411678212482559E-015
           3           1   9.7045217917602844E-002
           3           2 -0.48623443678371159     
           3           3  0.75374827445489834     
           3           4  0.60362771041791308     
           3           5 -0.10647002054114485     
           3           6 -0.12232295428647867     
           3           7  -2.2357256541196913E-013
           3           8   8.7040396694063003E-015
           3           9  -1.6061104462790775E-015
           3          10  -1.0181145593511132E-013
           3          11   4.4155607251806730E-014
           3          12  -2.9504089583772522E-014
           3          13  -2.1755988129514896E-014
           3          14   2.0183957347953212E-015
           3          15  -1.3057125661800294E-015
           3          16   3.8285508412924667E-014
           3          17  -8.8790014900099592E-015
           3          18   1.2595780686374430E-014
           3          19   1.8096509580783959E-002
           3          20   1.7623088706377335E-015
           3          21   2.1729411486846380E-002
           3          22  -1.8807670488960990E-012
           3          23   1.2485374627709002E-012
           3          24   1.9366277463799396E-002
           3          25   1.0573130735530002E-002
           3          26   1.2049009394374982E-013
           3          27   1.1233862081684400E-002
           3          28  -5.2526923806527425E-013
           3          29   2.6180309438875562E-013
           3          30   1.0916912214982312E-002
           3          31   2.5547800734530435E-002
           3          32   3.3042900937653761E-013
           3          33   1.8912172724626190E-002
           3          34   3.3540306789340754E-012
           3          35  -2.0731725509003808E-012
           3          36   2.3668001471428925E-002
           3          37   1.0244642547592992E-002
           3          38   1.1076676989049126E-013
           3          39   7.3189593479262320E-003
           3          40   1.5254789247754702E-012
           3          41  -9.1649247255453814E-013
           3          42   9.3845818204993450E-003
           3          43   9.9956802341410290E-015
           3          44   1.6003990186895144E-015
           3          45   1.8922464250469930E-015
           3          46   5.2321639267330811E-015
           3          47   1.3115191306997835E-016
           3          48   6.9490768163405625E-018
           3          49  -8.3493087774946580E-016
           3          50   4.3979200272283682E-015
           3          51   3.0303743620681546E-015
           3          52   1.2716804105701351E-015
           4           1  0.14998071581549594     
           4           2 -0.50412796941287152     
           4           3  0.60362771041791308     
           4           4  0.50435716166162925     
           4           5 -0.14031483453947327     
           4           6 -0.18884567587772838     
           4           7   8.5655272491507439E-014
           4           8   2.5829484412343309E-013
           4           9  -2.1987674720416047E-014
           4          10   1.7940220583738846E-014
           4          11   1.2727247824930276E-013
           4          12   3.5723915682000129E-015
           4          13   5.8989995188839802E-015
           4          14   2.3435714917067331E-014
           4          15   7.5935186953795389E-015
           4          16   5.8679031143691960E-014
           4          17  -1.4752412170185846E-014
           4          18   2.0012853498602481E-014
           4          19   1.4574241471821884E-002
           4          20   3.0543181142355891E-013
           4          21   1.8642154762902943E-002
           4          22  -2.3068414712148978E-012
           4          23   1.5431126384989902E-012
           4          24   1.5807095065857358E-002
           4          25   8.9367987611787339E-003
           4          26   3.1042219571374809E-013
           4          27   9.9809898503658880E-003
           4          28  -8.3000294053985278E-013
           4          29   4.8891351266752638E-013
           4          30   9.2874076526239576E-003
           4          31   2.4631493911496168E-002
           4          32   4.6030037121053060E-013
           4          33   1.7920026403269475E-002
           4          34   3.2486037217113543E-012
           4          35  -2.0488075225239942E-012
           4          36   2.2703365810680644E-002
           4          37   1.1692250519856713E-002
           4          38   1.8930091018006462E-013
           4          39   7.1627320073707080E-003
           4          40   2.2280781910041230E-012
           4          41  -1.4413328153163281E-012
           4          42   1.0410126862677498E-002
           4          43   7.6359658466211100E-015
           4          44   5.9453114931133055E-016
           4          45   1.9844045271562902E-015
           4          46   5.2784867274471318E-015
           4          47   1.4645962149938101E-016
           4          48  -7.4159563393285072E-018
           4          49  -8.5425716850500122E-017
           4          50   3.6389561070543470E-015
           4          51   1.8863477453376577E-015
           4          52   1.0397304157158873E-015
           5           1  -1.9617729035393282E-002
           5           2   6.4525319123262634E-002
           5           3 -0.10647002054114485     
           5           4 -0.14031483453947327     
           5           5  0.22452319444532085     
           5           6  0.36478571859156106     
           5           7  -5.0605146167022858E-013
           5           8  -9.4987561317671642E-013
           5           9   9.1571064060048148E-014
           5          10   7.8279375541345851E-014
           5          11  -5.9395006252842600E-013
           5          12  -1.7599218492631248E-013
           5          13   4.9713878260083792E-014
           5          14  -1.5870625142194651E-013
           5          15  -5.8126551517183467E-014
           5          16  -1.0664401238308727E-013
           5          17   2.8069948923987654E-014
           5          18  -3.9914193081212555E-014
           5          19  -2.1644579221914168E-003
           5          20  -5.0136443535940625E-013
           5          21  -6.2522571933839137E-003
           5          22   1.4705231735796825E-012
           5          23  -1.8821810695126310E-012
           5          24  -3.2287810466224559E-003
           5          25  -5.1999940925405901E-003
           5          26  -4.1236101591914596E-013
           5          27  -6.2935360099276314E-003
           5          28   2.1125901984472632E-013
           5          29  -7.3318012303487552E-013
           5          30  -5.4597814150472539E-003
           5          31  -1.9131259650825117E-002
           5          32  -5.0805845628373858E-013
           5          33  -1.2558284802600359E-002
           5          34  -3.4363568917388502E-012
           5          35   1.9072925094213116E-012
           5          36  -1.7282793358056554E-002
           5          37  -1.4574392942179257E-002
           5          38  -3.4282197147498600E-013
           5          39  -5.6806073096343380E-003
           5          40  -4.2977027734320324E-012
           5          41   2.8756807233580656E-012
           5          42  -1.2166109436079096E-002
           5          43  -1.9487192261527959E-015
           5          44   3.5297906127427092E-016
           5          45  -4.9199765351161465E-017
           5          46  -2.6751922247647518E-016
           5          47   4.8368119786188726E-016
           5          48  -3.1285549228232571E-016
           5          49  -2.1509414903265670E-015
           5          50  -7.2699557732659929E-016
           5          51  -1.2052706201904908E-015
           5          52   9.2814495478343424E-016
           6           1  -1.8702296594272725E-002
           6           2   6.5074245048236223E-002
           6           3 -0.12232295428647867     
           6           4 -0.18884567587772838     
           6           5  0.36478571859156106     
           6           6  0.59637800424879928     
           6           7  -3.0061085797243824E-013
           6           8  -3.2019924071458138E-013
           6           9   2.0310434500657967E-015
           6          10   1.3549590048312238E-013
           6          11  -2.5821294146891380E-013
           6          12  -3.0821159040789550E-014
           6          13   7.9812196027754271E-014
           6          14  -5.0518863862784624E-014
           6          15  -1.2262391076845703E-014
           6          16  -1.7339544684538474E-013
           6          17   5.3421621463051266E-014
           6          18  -6.2294076114386955E-014
           6          19   1.0983178495744330E-004
           6          20  -4.5588735555679243E-014
           6          21  -1.1159711109238558E-002
           6          22   6.5610707744831677E-012
           6          23  -3.6439945503613870E-012
           6          24  -3.9338148949424551E-003
           6          25  -6.3107766592014119E-003
           6          26  -1.4705639837084345E-013
           6          27  -1.1237518458024119E-002
           6          28   3.1743367194778546E-012
           6          29  -1.5942850127121438E-012
           6          30  -8.3070733921294451E-003
           6          31  -2.8886783102041541E-002
           6          32  -4.8584126169692354E-013
           6          33  -2.0410306742765970E-002
           6          34  -3.5425906714234146E-012
           6          35   2.8061791078623315E-012
           6          36  -2.7017986760692229E-002
           6          37  -2.3222726424092358E-002
           6          38  -4.9647601858485816E-013
           6          39  -9.0583605360606036E-003
           6          40  -6.5421769737665297E-012
           6          41   4.6866270984888882E-012
           6          42  -1.9553397773476821E-002
           6          43  -3.0498954476503172E-015
           6          44  -7.7409616955642371E-016
           6          45  -2.0688421578878296E-016
           6          46  -2.7920258660954609E-015
           6          47   1.9547154404017225E-016
           6          48  -4.1862844950097107E-016
           6          49  -7.1680376544098867E-016
           6          50  -1.3822204516893777E-015
           6          51  -1.6357108611852428E-015
           6          52   4.8035773259439410E-017
           7           1   1.4636573435059765E-014
           7           2  -1.0219199364192042E-013
           7           3  -2.2357256541196913E-013
           7           4   8.5655272491507439E-014
           7           5  -5.0605146167022858E-013
           7           6  -3.0061085797243824E-013
           7           7   2.2494860483759078     
           7           8   1.3172706999887395E-011
           7           9  -4.1538046095898347E-011
           7          10 -0.60308414237198205     
           7          11   9.3088912488383321E-013
           7          12  -5.1459464927230875E-013
           7          13 -0.21241343795391182     
           7          14  -4.0415391911267678E-015
           7          15  -1.3196635667007290E-012
           7          16  -7.0761828629571089E-003
           7          17  -1.9266129628295329E-014
           7          18  -4.8777407679048846E-013
           7          19   2.1518785459456506E-013
           7          20   2.8786025965594373E-014
           7          21   1.1050003769221031E-013
           7          22   1.1103773025426057E-014
           7          23   1.5296580526849785E-014
           7          24   1.4931305971626907E-013
           7          25   3.3490848416386853E-014
           7          26   1.8843001451290349E-014
           7          27   2.2548556342622341E-014
           7          28   1.6896426555347127E-015
           7          29  -4.6355927868105229E-015
           7          30   6.8283265348265138E-015
           7          31   1.9115077557711743E-013
           7          32  -1.8845097027863652E-014
           7          33   1.6609832419222076E-013
           7          34  -5.9854753572600846E-015
           7          35   3.7056802958378913E-014
           7          36   1.3227447416974138E-013
           7          37   1.8619931331869556E-013
           7          38   3.4537257862570338E-014
           7          39   1.6177240028022684E-013
           7          40  -2.6536278880015298E-014
           7          41  -1.9816539957355431E-014
           7          42   1.7408041682423366E-013
           7          43  -2.1594546267303155E-004
           7          44   3.7669155083527114E-013
           7          45  -4.5043569772902888E-003
           7          46  -1.9091036137719514E-013
           7          47   1.7574533779557190E-012
           7          48  -1.6564537306670942E-012
           7          49   9.5819890277243625E-013
           7          50  -8.0129463636320272E-004
           7          51   1.0108563201677742E-013
           7          52  -1.2350369199310810E-012
           8           1  -9.9235068202468519E-017
           8           2   1.1754949832647380E-014
           8           3   8.7040396694063003E-015
           8           4   2.5829484412343309E-013
           8           5  -9.4987561317671642E-013
           8           6  -3.2019924071458138E-013
           8           7   1.3172706999887395E-011
           8           8   2.2500839706383147     
           8           9   1.7085995577574477E-013
           8          10   8.9706038609479557E-013
           8          11 -0.60528867204241688     
           8          12  -1.1857153471078007E-013
           8          13   3.0973402343094476E-014
           8          14 -0.20956174629790181     
           8          15   9.6260597199994534E-013
           8          16  -5.9572287216259230E-015
           8          17  -6.0394038095822142E-003
           8          18   2.8850291210880415E-013
           8          19  -9.4922181014399747E-015
           8          20   3.9452181176963668E-014
           8          21   3.7563501478209236E-014
           8          22  -2.9168733379266720E-014
           8          23   3.8967536099288946E-015
           8          24  -4.9656787844206305E-014
           8          25   1.9161942945451920E-014
           8          26  -2.8147456576711775E-015
           8          27   7.3026420583117316E-014
           8          28  -1.4100367634628181E-015
           8          29  -1.6522579391344233E-015
           8          30   2.3879536583658301E-014
           8          31   3.0092761097618695E-013
           8          32   1.5071219995760065E-014
           8          33   3.3250003273646912E-013
           8          34   2.1662587691488452E-015
           8          35  -1.8334725970258557E-015
           8          36   2.9105159578889804E-013
           8          37   2.3533062008230031E-013
           8          38  -7.1069029297904443E-016
           8          39   2.3894931343677691E-013
           8          40   1.6881092458885805E-015
           8          41  -3.4971647558081282E-015
           8          42   2.3355364359221760E-013
           8          43   1.4354822980345232E-013
           8          44  -1.4364819214755734E-003
           8          45  -9.6013884775716685E-014
           8          46  -2.9692001665415318E-003
           8          47  -5.9772188627015528E-013
           8          48   2.6819798453162923E-012
           8          49   2.7824544807594517E-012
           8          50   9.4603304461365585E-014
           8          51  -2.9666930809802332E-003
           8          52  -2.2261126130827241E-012
           9           1  -2.6932081826305661E-015
           9           2   5.7608672640229001E-015
           9           3  -1.6061104462790775E-015
           9           4  -2.1987674720416047E-014
           9           5   9.1571064060048148E-014
           9           6   2.0310434500657967E-015
           9           7  -4.1538046095898347E-011
           9           8   1.7085995577574477E-013
           9           9   2.2496620598789732     
           9          10  -5.2098147651835899E-013
           9          11  -1.2127744062745453E-013
           9          12 -0.60372995703002741     
           9          13  -1.2670930761106331E-012
           9          14   9.6200226597063804E-013
           9          15 -0.21158669921573803     
           9          16  -5.0172104099225901E-013
           9          17   2.9210749898342545E-013
           9          18  -6.7717414623604481E-003
           9          19  -1.1001135059458767E-014
           9          20   5.3357104413877136E-015
           9          21   2.9353457947111122E-014
           9          22   4.2805451664714748E-014
           9          23   2.2162839204988646E-014
           9          24   2.7254509288126235E-015
           9          25  -2.1812271379997960E-014
           9          26   4.2405065190626469E-015
           9          27   6.5415002745817028E-015
           9          28   2.7720769640176789E-015
           9          29   4.0018745878265814E-015
           9          30  -7.9898191481715453E-015
           9          31  -2.2418303378016438E-014
           9          32  -2.8404415523465928E-015
           9          33  -1.7802083612397136E-014
           9          34   2.0951239981110561E-014
           9          35   1.7671831467468932E-014
           9          36  -3.4762558757389774E-014
           9          37  -2.6695417214926297E-014
           9          38   3.6349757388887194E-016
           9          39  -1.1949640469458126E-014
           9          40  -3.1857972185058315E-015
           9          41  -2.1435764792773646E-015
           9          42  -9.6219284437585791E-015
           9          43  -7.1905146888927996E-013
           9          44  -5.9817126829709578E-013
           9          45   9.3268320158950616E-013
           9          46   3.3152821699691098E-012
           9          47   9.7191132651902427E-005
           9          48   1.9593592102907162E-013
           9          49  -5.1356686355596409E-003
           9          50   1.0704961104810164E-012
           9          51  -4.6416878819964654E-012
           9          52  -1.0191430055017934E-003
          10           1  -2.0191806261272619E-014
          10           2   4.8037753329415248E-014
          10           3  -1.0181145593511132E-013
          10           4   1.7940220583738846E-014
          10           5   7.8279375541345851E-014
          10           6   1.3549590048312238E-013
          10           7 -0.60308414237198205     
          10           8   8.9706038609479557E-013
          10           9  -5.2098147651835899E-013
          10          10   1.4831250051885410     
          10          11  -1.6447873767935285E-012
          10          12  -1.5357849791138107E-012
          10          13  0.47445933692696329     
          10          14  -1.9975091177611390E-013
          10          15   2.8258164884489520E-012
          10          16   1.8268071552053927E-002
          10          17   4.5672448098941766E-014
          10          18   1.1086422335045887E-012
          10          19  -1.3088530863067612E-013
          10          20  -3.2279514933710334E-014
          10          21   4.2250058507179564E-014
          10          22  -2.6922012122648217E-015
          10          23  -4.0020465143522356E-014
          10          24   3.5157507215058111E-014
          10          25  -7.6360015746251113E-014
          10          26  -1.3058469883348176E-014
          10          27   2.7507776791733947E-014
          10          28   1.3190331222684496E-014
          10          29  -2.6811054621388606E-015
          10          30   1.6153674420556526E-014
          10          31  -7.7965570633577609E-014
          10          32  -3.6699710040297476E-014
          10          33  -7.3586390609557762E-015
          10          34  -1.9727839494041913E-014
          10          35  -1.8173399716487669E-014
          10          36   1.7535585706546428E-014
          10          37  -6.2731191183703006E-014
          10          38  -2.1064848663692884E-016
          10          39  -4.1496177485828830E-014
          10          40   1.8227679880930729E-014
          10          41   2.1628611530853605E-014
          10          42  -5.2062347857328915E-014
          10          43  -6.6472232600989240E-003
          10          44  -9.1588446954078556E-013
          10          45   8.2075191703702699E-003
          10          46   7.6843379364665105E-013
          10          47  -3.8960651949981245E-012
          10          48   4.2839244758881383E-012
          10          49  -2.7861874199566188E-012
          10          50  -1.3711156294176827E-003
          10          51  -1.7777669540807067E-013
          10          52   3.3538879433553708E-012
          11           1  -4.4385715296462310E-016
          11           2   1.5812740692518014E-014
          11           3   4.4155607251806730E-014
          11           4   1.2727247824930276E-013
          11           5  -5.9395006252842600E-013
          11           6  -2.5821294146891380E-013
          11           7   9.3088912488383321E-013
          11           8 -0.60528867204241688     
          11           9  -1.2127744062745453E-013
          11          10  -1.6447873767935285E-012
          11          11   1.4905156434816109     
          11          12   9.8659697260772675E-013
          11          13  -2.1389623400587886E-013
          11          14  0.46891408998205020     
          11          15  -1.9273947681789082E-012
          11          16   4.8097429585008355E-014
          11          17   1.5791809811702841E-002
          11          18  -7.0184643414007075E-013
          11          19  -2.5399428809004211E-015
          11          20  -9.0086441881701328E-014
          11          21  -1.0494791649149425E-013
          11          22   5.7486967060213399E-014
          11          23  -5.9022271064575919E-015
          11          24   7.6795983586325635E-014
          11          25   6.6159449762385658E-014
          11          26  -3.6503685462029491E-014
          11          27  -2.8345012137161318E-014
          11          28   2.0661011676590737E-014
          11          29  -4.7756112891388677E-015
          11          30   9.9933535918476896E-014
          11          31   2.1366663144087083E-013
          11          32  -4.0863636033357151E-014
          11          33   1.3769518024588695E-013
          11          34   8.4161977113468287E-015
          11          35   1.1712729482127252E-014
          11          36   2.2340789299026321E-013
          11          37   1.5460990354154494E-013
          11          38  -1.0556323682636386E-014
          11          39   1.4320122768712079E-013
          11          40  -6.2694252556026423E-015
          11          41  -6.1346331957289977E-016
          11          42   1.5964499205324377E-013
          11          43  -2.5422084349486853E-013
          11          44   7.1135464694848348E-004
          11          45   4.3867924290608551E-013
          11          46  -2.2840117741301028E-003
          11          47   1.6717424961104707E-012
          11          48  -6.9348843727444127E-012
          11          49  -8.8025122442357878E-012
          11          50  -1.5932304541493642E-013
          11          51   4.6760997586567567E-003
          11          52   6.2311331423727119E-012
          12           1  -3.1469604211334023E-015
          12           2   1.9112437112004409E-014
          12           3  -2.9504089583772522E-014
          12           4   3.5723915682000129E-015
          12           5  -1.7599218492631248E-013
          12           6  -3.0821159040789550E-014
          12           7  -5.1459464927230875E-013
          12           8  -1.1857153471078007E-013
          12           9 -0.60372995703002741     
          12          10  -1.5357849791138107E-012
          12          11   9.8659697260772675E-013
          12          12   1.4852842501960113     
          12          13   2.7939396068900610E-012
          12          14  -1.9176083870084166E-012
          12          15  0.47285447681645310     
          12          16   1.1055999010825038E-012
          12          17  -7.0186637011844132E-013
          12          18   1.7542101702018278E-002
          12          19   6.1686340224993634E-014
          12          20  -2.6491494418592491E-015
          12          21  -5.2018394669619696E-014
          12          22  -1.0205269677613733E-013
          12          23  -6.2215721153007984E-014
          12          24   1.2922419590214067E-014
          12          25   5.2012673959831571E-014
          12          26  -1.7427330268393205E-014
          12          27  -1.1857821792796812E-014
          12          28  -4.7254805325921827E-014
          12          29  -2.6719306908330113E-014
          12          30   3.0625378541367266E-014
          12          31   5.4121401135563419E-014
          12          32   7.6839467525330635E-015
          12          33   3.7211765307694525E-014
          12          34  -4.2017581757453387E-014
          12          35  -4.4159535409816099E-014
          12          36   6.2263662030611932E-014
          12          37   6.8607918405890588E-014
          12          38  -3.3181357166329601E-015
          12          39   2.6950716588228383E-014
          12          40   1.9839360011095388E-016
          12          41   3.7261351032552427E-015
          12          42   3.5712352947304564E-014
          12          43   1.8671042973991241E-012
          12          44   1.6581674288543504E-012
          12          45  -2.7838461168101695E-012
          12          46  -9.5964548872326934E-012
          12          47  -3.5699509320110470E-003
          12          48  -5.1224701250431923E-013
          12          49   9.9723592335185102E-003
          12          50  -1.8926893476520314E-012
          12          51   1.2436179695030421E-011
          12          52  -5.3708957785587805E-003
          13           1  -5.9186521294215500E-015
          13           2   9.4409316376544908E-015
          13           3  -2.1755988129514896E-014
          13           4   5.8989995188839802E-015
          13           5   4.9713878260083792E-014
          13           6   7.9812196027754271E-014
          13           7 -0.21241343795391182     
          13           8   3.0973402343094476E-014
          13           9  -1.2670930761106331E-012
          13          10  0.47445933692696329     
          13          11  -2.1389623400587886E-013
          13          12   2.7939396068900610E-012
          13          13  0.15197280640958882     
          13          14   3.5828275013150998E-014
          13          15   1.9437551623767018E-012
          13          16   5.8389702528646274E-003
          13          17   1.7979180592347385E-014
          13          18   3.9617838684526227E-013
          13          19   2.6773823912128729E-014
          13          20   2.3758897411650378E-014
          13          21   1.8553018641855312E-014
          13          22   3.4909487090151552E-015
          13          23   1.7687229644709665E-014
          13          24  -6.6479779223233468E-014
          13          25   2.2419099574430000E-014
          13          26   1.8756689282333791E-014
          13          27   1.2225475755348288E-014
          13          28   7.0716878589779715E-015
          13          29   1.9700886269169645E-014
          13          30  -4.6544185577115789E-014
          13          31   3.6047313009401860E-015
          13          32   3.2722451716241316E-015
          13          33  -2.8701905840144817E-015
          13          34  -4.3883259227313291E-015
          13          35   6.6865005248277798E-015
          13          36  -3.0261129527956919E-014
          13          37  -1.5230072020879619E-014
          13          38   2.5573933486996138E-015
          13          39  -1.5167601552118885E-014
          13          40   6.4272427442604470E-015
          13          41   9.4433735987162318E-015
          13          42  -2.6811309185881326E-014
          13          43  -2.0983812788996016E-003
          13          44  -2.9364992032843764E-013
          13          45   2.6398815589692075E-003
          13          46   2.4535775380779760E-013
          13          47  -1.2511243601722622E-012
          13          48   1.3717759722172688E-012
          13          49  -8.8485567793163629E-013
          13          50  -4.2730347376932414E-004
          13          51  -5.6748893715965016E-014
          13          52   1.0689999807307594E-012
          14           1  -5.8919600138790969E-015
          14           2   1.1887061873836298E-014
          14           3   2.0183957347953212E-015
          14           4   2.3435714917067331E-014
          14           5  -1.5870625142194651E-013
          14           6  -5.0518863862784624E-014
          14           7  -4.0415391911267678E-015
          14           8 -0.20956174629790181     
          14           9   9.6200226597063804E-013
          14          10  -1.9975091177611390E-013
          14          11  0.46891408998205020     
          14          12  -1.9176083870084166E-012
          14          13   3.5828275013150998E-014
          14          14  0.14772042448998043     
          14          15  -1.3127049287395344E-012
          14          16   1.8982268924395987E-014
          14          17   4.9582077000137137E-003
          14          18  -2.4837861674508192E-013
          14          19   2.6895536299510950E-014
          14          20   5.7196457416441930E-014
          14          21  -7.1243414461371496E-014
          14          22  -1.4782909206985876E-014
          14          23   7.4305745902776084E-016
          14          24   3.4235148827081182E-014
          14          25   3.8591221049557054E-014
          14          26   4.6051792804222661E-014
          14          27  -3.5124945419484542E-014
          14          28  -1.5873597503189300E-014
          14          29   1.9556567715887340E-016
          14          30   3.6884336259571442E-014
          14          31   7.3553335123938049E-014
          14          32   2.3884348380899312E-014
          14          33   2.3508597210476694E-014
          14          34  -1.2243646823612636E-014
          14          35   4.8021158541783059E-015
          14          36   6.8319186119517338E-014
          14          37   4.7027825665096325E-014
          14          38   4.4065511656062416E-015
          14          39   3.9053359363599221E-014
          14          40  -5.5147064277887352E-015
          14          41   2.1948610542211873E-016
          14          42   4.6425576370165942E-014
          14          43  -8.4109120437777137E-014
          14          44   2.7052469168814086E-004
          14          45   1.4452718315944934E-013
          14          46  -7.4145627069137484E-004
          14          47   5.4419876422758199E-013
          14          48  -2.1933332017177037E-012
          14          49  -2.8472025143105179E-012
          14          50  -5.1942237528327296E-014
          14          51   1.5244239145331289E-003
          14          52   2.0069617123097864E-012
          15           1  -2.0245034726178584E-015
          15           2   5.9400337226281103E-015
          15           3  -1.3057125661800294E-015
          15           4   7.5935186953795389E-015
          15           5  -5.8126551517183467E-014
          15           6  -1.2262391076845703E-014
          15           7  -1.3196635667007290E-012
          15           8   9.6260597199994534E-013
          15           9 -0.21158669921573803     
          15          10   2.8258164884489520E-012
          15          11  -1.9273947681789082E-012
          15          12  0.47285447681645310     
          15          13   1.9437551623767018E-012
          15          14  -1.3127049287395344E-012
          15          15  0.15072957750753865     
          15          16   3.9554910417008005E-013
          15          17  -2.4841318378174547E-013
          15          18   5.5782925452943586E-003
          15          19   1.3973979169264091E-015
          15          20   3.7104358203416986E-015
          15          21   2.6125046069340438E-014
          15          22   5.1525601789041068E-014
          15          23   3.6677535075814074E-014
          15          24  -2.0038416712450365E-014
          15          25   4.5879163633624664E-015
          15          26  -2.4468271996962460E-015
          15          27   2.4665002381492602E-014
          15          28   4.1726165376623141E-014
          15          29   2.9546999614008158E-014
          15          30  -6.2744159405941320E-015
          15          31   1.0380386990842485E-014
          15          32   4.4256259950274532E-015
          15          33   2.9011930316835090E-014
          15          34   2.3991290002992640E-014
          15          35   9.7007801635391856E-015
          15          36   1.0771707675846767E-014
          15          37   2.0807730427555296E-014
          15          38  -6.6150155152449866E-016
          15          39   1.1546875118293873E-014
          15          40   8.9841792011746266E-015
          15          41   5.6555130355865265E-015
          15          42   9.9761307287672594E-015
          15          43   5.7759349959001525E-013
          15          44   5.3905897253533372E-013
          15          45  -8.8177602595956700E-013
          15          46  -3.0792166667699830E-012
          15          47  -1.1231390877691240E-003
          15          48  -1.6337929848289053E-013
          15          49   3.1976093021308669E-003
          15          50  -5.9127967704836748E-013
          15          51   3.9785021053179176E-012
          15          52  -1.6878657064508275E-003
          16           1   6.0439657037041661E-015
          16           2  -2.2652469792819725E-014
          16           3   3.8285508412924667E-014
          16           4   5.8679031143691960E-014
