           1           1  0.50828530103666092     
           1           2  0.79911036550869263     
           1           3  -1.2635416679315512     
           1           4   1.0714499705651035     
           1           5  -3.1575627051990483E-002
           1           6   1.0386202245367040E-014
           1           7  -7.0109764629845854E-014
           1           8  -6.7342596785468115E-014
           1           9  -2.3703561253739772E-014
           1          10  -6.1682552445943676E-015
           1          11  -1.6595457030474678E-015
           1          12   3.7616342211186122E-015
           1          13  -5.8368461079378790E-015
           1          14   3.0010460209888084E-015
           1          15   8.1887426962749116E-002
           1          16  -2.2995817650470878E-015
           1          17   8.1887426962745188E-002
           1          18  -5.8064283052014761E-015
           1          19   5.4145967714165424E-015
           1          20   8.1887426962741178E-002
           1          21 -0.25385277681943463     
           1          22   5.0111494150937935E-015
           1          23 -0.25385277681943125     
           1          24   4.2425807893080209E-015
           1          25  -2.0689114688689068E-015
           1          26 -0.25385277681944107     
           1          27   1.0465298269498453E-014
           1          28   6.7888689619377686E-015
           1          29   4.9844187907143460E-015
           1          30   1.1617821846750260E-014
           1          31   5.4863512594820208E-015
           1          32  -2.5214258676158040E-015
           1          33   3.6293469653339448E-015
           1          34   2.3269715809129761E-015
           1          35   6.4853681234512920E-015
           1          36   3.6986347862310220E-015
           2           1  0.79911036550869263     
           2           2   1.3326740480293862     
           2           3  -2.9552013803850943     
           2           4   2.4901165591473795     
           2           5  -7.1010402369166323E-002
           2           6   2.0127254920842311E-014
           2           7  -1.4989935269777434E-013
           2           8  -1.5934376814306515E-013
           2           9  -3.7985512587493485E-014
           2          10  -1.6672967106281118E-014
           2          11  -1.2360208197391263E-014
           2          12   6.5018758083557021E-015
           2          13  -8.3100607809100109E-015
           2          14   5.2605920693114800E-015
           2          15  0.16890436473346016     
           2          16  -3.8709721211617857E-015
           2          17  0.16890436473345466     
           2          18  -9.6178526110990467E-015
           2          19   7.4753249351036438E-015
           2          20  0.16890436473344750     
           2          21 -0.59423827910607485     
           2          22   6.6646649784819125E-015
           2          23 -0.59423827910606797     
           2          24   7.9233935169782246E-015
           2          25  -2.7042679207555533E-015
           2          26 -0.59423827910608473     
           2          27   1.5794555130558990E-014
           2          28   1.3187402508956379E-014
           2          29   8.4431726474258220E-015
           2          30   2.4687243422861749E-014
           2          31   1.2855095111746418E-014
           2          32  -4.0074943995401146E-015
           2          33   9.2115984705028423E-015
           2          34   5.1868923160913636E-015
           2          35   1.3338932630945304E-014
           2          36   1.6348960074591297E-014
           3           1  -1.2635416679315512     
           3           2  -2.9552013803850943     
           3           3   15.433541821498142     
           3           4  -12.886533406779893     
           3           5  0.34964932825438771     
           3           6   2.8691068991394025E-014
           3           7   2.0737516683542639E-013
           3           8   6.0621154520445330E-013
           3           9   8.3649459524692774E-014
           3          10   3.2432403943115925E-014
           3          11   9.1468701033517994E-014
           3          12  -1.8932324675739690E-014
           3          13   1.3225348549490010E-014
           3          14  -9.3950118406574446E-015
           3          15 -0.71322580151533255     
           3          16   8.9605168549579566E-015
           3          17 -0.71322580151533099     
           3          18   2.0641518843772742E-014
           3          19  -2.9661558034120836E-016
           3          20 -0.71322580151531023     
           3          21   3.1073029752895596     
           3          22   2.9444248040692890E-015
           3          23   3.1073029752895316     
           3          24  -2.6451094512558390E-014
           3          25  -1.8160751095871238E-015
           3          26   3.1073029752895724     
           3          27  -3.4426012708537078E-014
           3          28  -1.4437020132415080E-014
           3          29  -2.7590301930325263E-014
           3          30  -3.3580932755051769E-014
           3          31  -4.9809194663575194E-014
           3          32   6.8185562663062243E-015
           3          33  -3.6005897190014898E-014
           3          34  -3.2679964187812326E-014
           3          35  -2.1660369269985015E-014
           3          36  -1.0373321519492911E-013
           4           1   1.0714499705651035     
           4           2   2.4901165591473795     
           4           3  -12.886533406779893     
           4           4   10.760526523078969     
           4           5 -0.29206617942458080     
           4           6  -1.0353724089313226E-013
           4           7   5.0725655695507619E-013
           4           8  -1.3949431120928554E-013
           4           9  -8.2690202517355581E-014
           4          10   7.6411917969370596E-014
           4          11  -2.0355360575045430E-014
           4          12   1.7551244551395997E-014
           4          13  -2.5326816746696479E-014
           4          14   3.5055708665899544E-016
           4          15  0.59647527617392460     
           4          16  -7.5453160748263591E-015
           4          17  0.59647527617392315     
           4          18  -1.7402113828094181E-014
           4          19   4.6644513706078000E-016
           4          20  0.59647527617390561     
           4          21  -2.5944805653287264     
           4          22  -2.2453293558602905E-015
           4          23  -2.5944805653287037     
           4          24   2.2170153479892954E-014
           4          25   1.4263599972277363E-015
           4          26  -2.5944805653287375     
           4          27   4.2131931339122334E-014
           4          28  -3.7553859117207679E-014
           4          29   2.8995848330050586E-014
           4          30  -8.3037456446493628E-014
           4          31   1.4821994696604523E-014
           4          32  -5.7729664390053508E-015
           4          33   3.2671608363871132E-015
           4          34   3.3120787936276244E-014
           4          35  -3.1558905342947328E-014
           4          36   2.6438469012573354E-014
           5           1  -3.1575627051990483E-002
           5           2  -7.1010402369166323E-002
           5           3  0.34964932825438771     
           5           4 -0.29206617942458080     
           5           5   7.9428553636779961E-003
           5           6  -6.6123982919876339E-015
           5           7   7.0113317568181995E-014
           5           8   5.7833822498957045E-014
           5           9   9.2933975617243572E-016
           5          10   1.0633637263016809E-014
           5          11   8.7059197390023285E-015
           5          12  -2.9701844100255813E-016
           5          13  -1.0081974754560868E-015
           5          14  -1.1368590937035851E-015
           5          15  -1.6329446621918760E-002
           5          16   2.1441259187842222E-016
           5          17  -1.6329446621918698E-002
           5          18   4.9763211900262341E-016
           5          19  -4.5996775005651285E-017
           5          20  -1.6329446621918212E-002
           5          21   7.0392493158812838E-002
           5          22   2.8435810814393303E-017
           5          23   7.0392493158812200E-002
           5          24  -6.1438818106111509E-016
           5          25  -2.4984815957651005E-017
           5          26   7.0392493158813171E-002
           5          27   3.3487290792115620E-016
           5          28  -5.1158005927664089E-015
           5          29  -1.2145097480003155E-016
           5          30  -1.1441968257093363E-014
           5          31  -4.3491347292318606E-015
           5          32   1.6878040699786053E-016
           5          33  -4.0311220130960175E-015
           5          34  -2.1435815676479468E-016
           5          35  -5.2729261354465751E-015
           5          36  -9.4939150362700995E-015
           6           1   1.0386202245367040E-014
           6           2   2.0127254920842311E-014
           6           3   2.8691068991394025E-014
           6           4  -1.0353724089313226E-013
           6           5  -6.6123982919876339E-015
           6           6   2.0542553937888934     
           6           7 -0.36416139407571801     
           6           8  0.33742592246266417     
           6           9  0.31189978498183901     
           6          10  -5.5291012429316250E-002
           6          11   5.1231737291082449E-002
           6          12  -4.2408736244359535E-002
           6          13   7.5178697636438477E-003
           6          14  -6.9659337349156445E-003
           6          15   1.1065755837624551E-014
           6          16  -1.8132984747058547E-015
           6          17   4.3022972835468206E-015
           6          18   1.2901747548372676E-015
           6          19   4.8383198192519770E-015
           6          20   9.8006042335169312E-015
           6          21   2.9381059358960365E-014
           6          22  -9.1971200297980073E-016
           6          23   3.7046972622200906E-014
           6          24  -6.1925720697591821E-015
           6          25   1.2815311410176408E-015
           6          26   2.5170320352871771E-014
           6          27 -0.33538045403103728     
           6          28   2.6588400575381199E-002
           6          29 -0.14998669870762288     
           6          30   5.9453471099544741E-002
           6          31  -2.4636372050694501E-002
           6          32  -3.5673390626589498E-015
           6          33  -2.4636372050702637E-002
           6          34 -0.14998669870762657     
           6          35   2.6588400575377993E-002
           6          36  -5.5088602624349281E-002
           7           1  -7.0109764629845854E-014
           7           2  -1.4989935269777434E-013
           7           3   2.0737516683542639E-013
           7           4   5.0725655695507619E-013
           7           5   7.0113317568181995E-014
           7           6 -0.36416139407571801     
           7           7   1.3151108798274598     
           7           8 -0.13831101082541070     
           7           9  -5.5291012429383321E-002
           7          10  0.19967468596424173     
           7          11  -2.0999908126150386E-002
           7          12   7.5178697636534911E-003
           7          13  -2.7149589385633534E-002
           7          14   2.8553388227924199E-003
           7          15  -1.6586170495388506E-014
           7          16  -2.5957193128001767E-014
           7          17  -7.2375181111706560E-014
           7          18  -2.3371936569008309E-014
           7          19   1.1464159179632547E-014
           7          20  -2.8208508418047961E-014
           7          21  -1.9052712791476706E-013
           7          22  -1.7946856296734283E-014
           7          23  -1.2485067159337600E-013
           7          24  -4.8034891124720310E-015
           7          25   2.2249389701116591E-014
           7          26  -2.2655224808565260E-013
           7          27   5.9453471099555608E-002
           7          28  -9.6019774316364076E-002
           7          29   2.6588400575432693E-002
           7          30 -0.21470674255555053     
           7          31   1.0098458045422152E-002
           7          32  -3.0310524811563514E-014
           7          33   1.0098458045375503E-002
           7          34   2.6588400575409583E-002
           7          35  -9.6019774316369641E-002
           7          36   2.2580838657359274E-002
           8           1  -6.7342596785468115E-014
           8           2  -1.5934376814306515E-013
           8           3   6.0621154520445330E-013
           8           4  -1.3949431120928554E-013
           8           5   5.7833822498957045E-014
           8           6  0.33742592246266417     
           8           7 -0.13831101082541070     
           8           8   1.2939976834519631     
           8           9   5.1231737291019736E-002
           8          10  -2.0999908126195930E-002
           8          11  0.19646904686526440     
           8          12  -6.9659337348986737E-003
           8          13   2.8553388228190297E-003
           8          14  -2.6713721489655909E-002
           8          15  -2.3378406865141849E-014
           8          16  -1.9147384563303188E-014
           8          17  -6.7598366331970656E-014
           8          18  -1.5724500526139931E-014
           8          19   1.1500052369256783E-014
           8          20  -3.2070197727518707E-014
           8          21  -9.5728798803421853E-015
           8          22  -1.1758606706355509E-014
           8          23   3.9747588467133224E-014
           8          24  -6.9680933299743732E-015
           8          25   1.6477256012078238E-014
           8          26  -3.9806051077092127E-014
           8          27  -5.5088602624337429E-002
           8          28   1.0098458045359377E-002
           8          29  -2.4636372050662589E-002
           8          30   2.2580838657374938E-002
           8          31  -9.4478243193605399E-002
           8          32  -2.3167331497139860E-014
           8          33  -9.4478243193642550E-002
           8          34  -2.4636372050678548E-002
           8          35   1.0098458045358178E-002
           8          36 -0.21125977417576861     
           9           1  -2.3703561253739772E-014
           9           2  -3.7985512587493485E-014
           9           3   8.3649459524692774E-014
           9           4  -8.2690202517355581E-014
           9           5   9.2933975617243572E-016
           9           6  0.31189978498183901     
           9           7  -5.5291012429383321E-002
           9           8   5.1231737291019736E-002
           9           9   4.7356076642588382E-002
           9          10  -8.3948933225658426E-003
           9          11   7.7785692536698767E-003
           9          12  -6.4389636049930069E-003
           9          13   1.1414461755319650E-003
           9          14  -1.0576451402702714E-003
           9          15  -3.0746794596992241E-015
           9          16  -2.7531503924554163E-016
           9          17  -4.1015825775455542E-015
           9          18   1.9588860754420325E-016
           9          19   7.3460725275772108E-016
           9          20  -3.2667687756039987E-015
           9          21   2.0400282240027471E-014
           9          22  -1.3964085324431046E-016
           9          23   2.1564206017813339E-014
           9          24  -9.4022481473381195E-016
           9          25   1.9457623844318789E-016
           9          26   1.9760961250741710E-014
           9          27  -5.0921171639937715E-002
           9          28   4.0369451858621661E-003
           9          29  -2.2772640256166179E-002
           9          30   9.0268838570280001E-003
           9          31  -3.7405666153129034E-003
           9          32  -5.4163289041672451E-016
           9          33  -3.7405666153141389E-003
           9          34  -2.2772640256166737E-002
           9          35   4.0369451858616777E-003
           9          36  -8.3641612262090673E-003
          10           1  -6.1682552445943676E-015
          10           2  -1.6672967106281118E-014
          10           3   3.2432403943115925E-014
          10           4   7.6411917969370596E-014
          10           5   1.0633637263016809E-014
          10           6  -5.5291012429316250E-002
          10           7  0.19967468596424173     
          10           8  -2.0999908126195930E-002
          10           9  -8.3948933225658426E-003
          10          10   3.0316820297425735E-002
          10          11  -3.1884384234916823E-003
          10          12   1.1414461755320441E-003
          10          13  -4.1221510807862242E-003
          10          14   4.3352913546045041E-004
          10          15  -2.2977268469998296E-015
          10          16  -3.9411082866440944E-015
          10          17  -1.0768231764823469E-014
          10          18  -3.5485860290371139E-015
          10          19   1.7406155018166251E-015
          10          20  -4.0623587958895285E-015
          10          21  -2.8731298745023331E-014
          10          22  -2.7248903115788226E-015
          10          23  -1.8759572412008446E-014
          10          24  -7.2931886944019836E-016
          10          25   3.3781485421568634E-015
          10          26  -3.4201031120657379E-014
          10          27   9.0268838570187020E-003
          10          28  -1.4578784631066839E-002
          10          29   4.0369451858650856E-003
          10          30  -3.2599153464390400E-002
          10          31   1.5332596436432688E-003
          10          32  -4.6020792740689321E-015
          10          33   1.5332596436361846E-003
          10          34   4.0369451858615780E-003
          10          35  -1.4578784631067683E-002
          10          36   3.4284727903230597E-003
          11           1  -1.6595457030474678E-015
          11           2  -1.2360208197391263E-014
          11           3   9.1468701033517994E-014
          11           4  -2.0355360575045430E-014
          11           5   8.7059197390023285E-015
          11           6   5.1231737291082449E-002
          11           7  -2.0999908126150386E-002
          11           8  0.19646904686526440     
          11           9   7.7785692536698767E-003
          11          10  -3.1884384234916823E-003
          11          11   2.9830104697848484E-002
          11          12  -1.0576451402689896E-003
          11          13   4.3352913546354987E-004
          11          14  -4.0559727937810207E-003
          11          15  -3.0287118691464512E-015
          11          16  -2.9071677973002295E-015
          11          17  -9.7426754256246501E-015
          11          18  -2.3874676672988556E-015
          11          19   1.7460652030382673E-015
          11          20  -4.3483957357566677E-015
          11          21  -1.5574374208217146E-015
          11          22  -1.7853217834954838E-015
          11          23   5.9309418329352336E-015
          11          24  -1.0579730338895469E-015
          11          25   2.5017593346921517E-015
          11          26  -6.1477720131458193E-015
          11          27  -8.3641612262175102E-003
          11          28   1.5332596436304119E-003
          11          29  -3.7405666153126375E-003
          11          30   3.4284727903179982E-003
          11          31  -1.4344732318403244E-002
          11          32  -3.5175206229965871E-015
          11          33  -1.4344732318408885E-002
          11          34  -3.7405666153150613E-003
          11          35   1.5332596436302289E-003
          11          36  -3.2075796583004537E-002
          12           1   3.7616342211186122E-015
          12           2   6.5018758083557021E-015
          12           3  -1.8932324675739690E-014
          12           4   1.7551244551395997E-014
          12           5  -2.9701844100255813E-016
          12           6  -4.2408736244359535E-002
          12           7   7.5178697636534911E-003
          12           8  -6.9659337348986737E-003
          12           9  -6.4389636049930069E-003
          12          10   1.1414461755320441E-003
          12          11  -1.0576451402689896E-003
          12          12   8.7550015216290942E-004
          12          13  -1.5520142086074989E-004
          12          14   1.4380706865960120E-004
          12          15   7.6271302059826321E-016
          12          16   3.7434340918269895E-017
          12          17   9.0234012382155990E-016
          12          18  -2.6634799671986181E-017
          12          19  -9.9883894524480313E-017
          12          20   7.8883123396599861E-016
          12          21  -4.2957180769836293E-015
          12          22   1.8986842566876262E-017
          12          23  -4.4539757574216435E-015
          12          24   1.2784153147377821E-016
          12          25  -2.6456358012337716E-017
          12          26  -4.2087901709207871E-015
          12          27   6.9237063996617394E-003
          12          28  -5.4889984496270857E-004
          12          29   3.0963756331786785E-003
          12          30  -1.2273773661756675E-003
          12          31   5.0860151443295448E-004
          12          32   7.3645342179840320E-017
          12          33   5.0860151443312253E-004
          12          34   3.0963756331787544E-003
          12          35  -5.4889984496264222E-004
          12          36   1.1372675597318496E-003
          13           1  -5.8368461079378790E-015
          13           2  -8.3100607809100109E-015
          13           3   1.3225348549490010E-014
          13           4  -2.5326816746696479E-014
          13           5  -1.0081974754560868E-015
          13           6   7.5178697636438477E-003
          13           7  -2.7149589385633534E-002
          13           8   2.8553388228190297E-003
          13           9   1.1414461755319650E-003
          13          10  -4.1221510807862242E-003
          13          11   4.3352913546354987E-004
          13          12  -1.5520142086074989E-004
          13          13   5.6048521468030988E-004
          13          14  -5.8946570807099518E-005
          13          15  -8.0618455274278573E-016
          13          16   5.3586898704711678E-016
          13          17   3.4554246411532793E-016
          13          18   4.8249808493571711E-016
          13          19  -2.3666994103100336E-016
          13          20  -5.6624911677230149E-016
          13          21   7.4501327551449072E-015
          13          22   3.7050091113416306E-016
          13          23   6.0942859982080242E-015
          13          24   9.9164837750088996E-017
          13          25  -4.5932385149496471E-016
          13          26   8.1938473994450009E-015
          13          27  -1.2273773661743176E-003
          13          28   1.9822643744932793E-003
          13          29  -5.4889984496306733E-004
          13          30   4.4324778907424960E-003
          13          31  -2.0847594949689670E-004
          13          32   6.2574062409375292E-016
          13          33  -2.0847594949593347E-004
          13          34  -5.4889984496259039E-004
          13          35   1.9822643744933938E-003
          13          36  -4.6616639474610132E-004
          14           1   3.0010460209888084E-015
          14           2   5.2605920693114800E-015
          14           3  -9.3950118406574446E-015
          14           4   3.5055708665899544E-016
          14           5  -1.1368590937035851E-015
          14           6  -6.9659337349156445E-003
          14           7   2.8553388227924199E-003
          14           8  -2.6713721489655909E-002
          14           9  -1.0576451402702714E-003
          14          10   4.3352913546045041E-004
          14          11  -4.0559727937810207E-003
          14          12   1.4380706865960120E-004
          14          13  -5.8946570807099518E-005
          14          14   5.5148701188026178E-004
          14          15   4.4676652883167096E-016
          14          16   3.9528501868291120E-016
          14          17   1.3596581797104072E-015
          14          18   3.2462185442113115E-016
          14          19  -2.3741093205747134E-016
          14          20   6.2620276995710164E-016
          14          21   8.2825012470097564E-016
          14          22   2.4274861437289424E-016
          14          23  -1.8993813948349778E-016
          14          24   1.4385165206339631E-016
          14          25  -3.4016199074314496E-016
          14          26   1.4523938348688878E-015
          14          27   1.1372675597343756E-003
          14          28  -2.0847594949365789E-004
          14          29   5.0860151443353485E-004
          14          30  -4.6616639474208018E-004
          14          31   1.9504404897952405E-003
          14          32   4.7827414931809968E-016
          14          33   1.9504404897960079E-003
          14          34   5.0860151443386434E-004
          14          35  -2.0847594949363328E-004
          14          36   4.3613175212524171E-003
          15           1   8.1887426962749116E-002
          15           2  0.16890436473346016     
          15           3 -0.71322580151533255     
          15           4  0.59647527617392460     
          15           5  -1.6329446621918760E-002
          15           6   1.1065755837624551E-014
          15           7  -1.6586170495388506E-014
          15           8  -2.3378406865141849E-014
          15           9  -3.0746794596992241E-015
          15          10  -2.2977268469998296E-015
          15          11  -3.0287118691464512E-015
          15          12   7.6271302059826321E-016
          15          13  -8.0618455274278573E-016
          15          14   4.4676652883167096E-016
          15          15   3.4323724583908310E-002
          15          16  -5.0497519311221192E-016
          15          17   3.4323724583908012E-002
          15          18  -1.1928112692382202E-015
          15          19   3.2654607425489170E-016
          15          20   3.4323724583906923E-002
          15          21 -0.14356545815878255     
          15          22   1.6875365031174749E-016
          15          23 -0.14356545815878119     
          15          24   1.3429219998823120E-015
          15          25  -4.4777148387472462E-017
          15          26 -0.14356545815878344     
          15          27   1.3231238881362749E-016
          15          28   1.2787324364101355E-015
          15          29   5.8242617858784479E-016
          15          30   2.7064209523001683E-015
          15          31   1.9700011114684534E-015
          15          32  -4.2904211694512991E-016
          15          33   1.2899243111673278E-015
          15          34   6.3921896171498573E-016
          15          35   1.5606069228942842E-015
          15          36   3.5908128632198627E-015
          16           1  -2.2995817650470878E-015
          16           2  -3.8709721211617857E-015
          16           3   8.9605168549579566E-015
          16           4  -7.5453160748263591E-015
          16           5   2.1441259187842222E-016
          16           6  -1.8132984747058547E-015
          16           7  -2.5957193128001767E-014
          16           8  -1.9147384563303188E-014
          16           9  -2.7531503924554163E-016
          16          10  -3.9411082866440944E-015
          16          11  -2.9071677973002295E-015
          16          12   3.7434340918269895E-017
          16          13   5.3586898704711678E-016
          16          14   3.9528501868291120E-016
          16          15  -5.0497519311221192E-016
          16          16   9.0569214775682828E-028
          16          17  -5.0497519311021690E-016
          16          18   8.0203783362497150E-028
          16          19  -4.7495751649280803E-028
          16          20  -5.0497519311177194E-016
          16          21   1.8019652071003769E-015
          16          22   5.7452477029885510E-028
          16          23   1.8019652070980723E-015
          16          24   2.1112021600399686E-028
          16          25  -7.5966160505615181E-028
          16          26   1.8019652071017113E-015
          16          27   2.9604150855719455E-016
          16          28   1.8952043240367852E-015
          16          29   1.3239378745743442E-016
          16          30   4.2378056997968314E-015
          16          31   1.3980019272254562E-015
          16          32   1.0724215309420368E-027
          16          33   1.3980019272271305E-015
          16          34   1.3239378745822595E-016
          16          35   1.8952043240369335E-015
          16          36   3.1260273419567041E-015
          17           1   8.1887426962745188E-002
          17           2  0.16890436473345466     
          17           3 -0.71322580151533099     
          17           4  0.59647527617392315     
          17           5  -1.6329446621918698E-002
          17           6   4.3022972835468206E-015
          17           7  -7.2375181111706560E-014
          17           8  -6.7598366331970656E-014
          17           9  -4.1015825775455542E-015
          17          10  -1.0768231764823469E-014
          17          11  -9.7426754256246501E-015
          17          12   9.0234012382155990E-016
          17          13   3.4554246411532793E-016
          17          14   1.3596581797104072E-015
          17          15   3.4323724583908012E-002
          17          16  -5.0497519311021690E-016
          17          17   3.4323724583907721E-002
          17          18  -1.1928112692364709E-015
          17          19   3.2654607425382945E-016
          17          20   3.4323724583906631E-002
          17          21 -0.14356545815878222     
          17          22   1.6875365031300922E-016
          17          23 -0.14356545815878086     
          17          24   1.3429219998828186E-015
          17          25  -4.4777148389149402E-017
          17          26 -0.14356545815878313     
          17          27   1.2365235825831767E-015
          17          28   5.3520378062314826E-015
          17          29   1.0762444367411638E-015
          17          30   1.1814608652333505E-014
          17          31   5.1986190123666618E-015
          17          32  -4.2904211694276086E-016
          17          33   4.5185422120692333E-015
          17          34   1.1330372198700660E-015
          17          35   5.6339122927159681E-015
          17          36   1.0810221963011733E-014
          18           1  -5.8064283052014761E-015
          18           2  -9.6178526110990467E-015
          18           3   2.0641518843772742E-014
          18           4  -1.7402113828094181E-014
          18           5   4.9763211900262341E-016
          18           6   1.2901747548372676E-015
          18           7  -2.3371936569008309E-014
          18           8  -1.5724500526139931E-014
          18           9   1.9588860754420325E-016
          18          10  -3.5485860290371139E-015
          18          11  -2.3874676672988556E-015
          18          12  -2.6634799671986181E-017
          18          13   4.8249808493571711E-016
          18          14   3.2462185442113115E-016
          18          15  -1.1928112692382202E-015
          18          16   8.0203783362497150E-028
          18          17  -1.1928112692364709E-015
          18          18   7.4368252342485837E-028
          18          19  -4.4200142003205869E-028
          18          20  -1.1928112692377794E-015
          18          21   4.1503404583077926E-015
          18          22   4.6474174367976236E-028
          18          23   4.1503404583057715E-015
          18          24   1.3792824742433224E-028
          18          25  -6.4421165374703280E-028
          18          26   4.1503404583089925E-015
          18          27  -2.1063563779196023E-016
          18          28   1.7064478053643878E-015
          18          29  -9.4199120918808427E-017
          18          30   3.8157332928492894E-015
          18          31   1.1480879786751900E-015
          18          32   9.4515853076248493E-028
          18          33   1.1480879786766486E-015
          18          34  -9.4199120918109052E-017
          18          35   1.7064478053645134E-015
          18          36   2.5672027644723119E-015
          19           1   5.4145967714165424E-015
          19           2   7.4753249351036438E-015
          19           3  -2.9661558034120836E-016
          19           4   4.6644513706078000E-016
          19           5  -4.5996775005651285E-017
          19           6   4.8383198192519770E-015
          19           7   1.1464159179632547E-014
          19           8   1.1500052369256783E-014
          19           9   7.3460725275772108E-016
          19          10   1.7406155018166251E-015
          19          11   1.7460652030382673E-015
          19          12  -9.9883894524480313E-017
          19          13  -2.3666994103100336E-016
          19          14  -2.3741093205747134E-016
          19          15   3.2654607425489170E-016
          19          16  -4.7495751649280803E-028
          19          17   3.2654607425382945E-016
          19          18  -4.4200142003205869E-028
          19          19   3.1138679152189213E-028
          19          20   3.2654607425460461E-016
          19          21  -5.2507224585531108E-017
          19          22  -2.2931182819502599E-028
          19          23  -5.2507224584350911E-017
          19          24  -1.0338571213024209E-028
          19          25   3.5947568975202350E-028
          19          26  -5.2507224586272268E-017
          19          27  -7.8991049634494667E-016
          19          28  -8.3702902473095346E-016
          19          29  -3.5325871319274430E-016
          19          30  -1.8716537984383253E-015
          19          31  -8.3964968282045463E-016
          19          32  -5.6774167214139232E-028
          19          33  -8.3964968282131912E-016
          19          34  -3.5325871319318478E-016
          19          35  -8.3702902473104280E-016
          19          36  -1.8775137680752612E-015
          20           1   8.1887426962741178E-002
          20           2  0.16890436473344750     
          20           3 -0.71322580151531023     
          20           4  0.59647527617390561     
          20           5  -1.6329446621918212E-002
          20           6   9.8006042335169312E-015
          20           7  -2.8208508418047961E-014
          20           8  -3.2070197727518707E-014
          20           9  -3.2667687756039987E-015
          20          10  -4.0623587958895285E-015
          20          11  -4.3483957357566677E-015
          20          12   7.8883123396599861E-016
          20          13  -5.6624911677230149E-016
          20          14   6.2620276995710164E-016
          20          15   3.4323724583906923E-002
          20          16  -5.0497519311177194E-016
          20          17   3.4323724583906631E-002
          20          18  -1.1928112692377794E-015
          20          19   3.2654607425460461E-016
          20          20   3.4323724583905535E-002
          20          21 -0.14356545815877805     
          20          22   1.6875365031194007E-016
          20          23 -0.14356545815877669     
          20          24   1.3429219998823495E-015
          20          25  -4.4777148387787661E-017
          20          26 -0.14356545815877894     
          20          27   3.3886271390248785E-016
          20          28   2.1273105156277449E-015
          20          29   6.7479829212176481E-016
          20          30   4.6038992216465608E-015
          20          31   2.6046120859579725E-015
          20          32  -4.2904211694461163E-016
          20          33   1.9245352856576295E-015
          20          34   7.3159107524929831E-016
          20          35   2.4091850021119650E-015
          20          36   5.0098461414481276E-015
          21           1 -0.25385277681943463     
          21           2 -0.59423827910607485     
          21           3   3.1073029752895596     
          21           4  -2.5944805653287264     
          21           5   7.0392493158812838E-002
          21           6   2.9381059358960365E-014
          21           7  -1.9052712791476706E-013
          21           8  -9.5728798803421853E-015
          21           9   2.0400282240027471E-014
          21          10  -2.8731298745023331E-014
          21          11  -1.5574374208217146E-015
          21          12  -4.2957180769836293E-015
          21          13   7.4501327551449072E-015
          21          14   8.2825012470097564E-016
          21          15 -0.14356545815878255     
          21          16   1.8019652071003769E-015
          21          17 -0.14356545815878222     
          21          18   4.1503404583077926E-015
          21          19  -5.2507224585531108E-017
          21          20 -0.14356545815877805     
          21          21  0.62560772348097615     
          21          22   5.9984094695647181E-016
          21          23  0.62560772348097060     
          21          24  -5.3227365395041615E-015
          21          25  -3.6860532044393812E-016
          21          26  0.62560772348097882     
          21          27  -1.0771840114016605E-014
          21          28   1.4054947102868596E-014
          21          29  -7.2734187189360980E-015
          21          30   3.1161420586289174E-014
          21          31  -4.1792010995171094E-016
          21          32   1.3701834224530855E-015
          21          33   2.3601860279604811E-015
          21          34  -8.3022557328812381E-015
          21          35   1.2599441141585755E-014
          21          36   5.9378026154864115E-016
          22           1   5.0111494150937935E-015
          22           2   6.6646649784819125E-015
          22           3   2.9444248040692890E-015
          22           4  -2.2453293558602905E-015
          22           5   2.8435810814393303E-017
          22           6  -9.1971200297980073E-016
          22           7  -1.7946856296734283E-014
          22           8  -1.1758606706355509E-014
          22           9  -1.3964085324431046E-016
          22          10  -2.7248903115788226E-015
          22          11  -1.7853217834954838E-015
          22          12   1.8986842566876262E-017
          22          13   3.7050091113416306E-016
          22          14   2.4274861437289424E-016
          22          15   1.6875365031174749E-016
          22          16   5.7452477029885510E-028
          22          17   1.6875365031300922E-016
          22          18   4.6474174367976236E-028
          22          19  -2.2931182819502599E-028
          22          20   1.6875365031194007E-016
          22          21   5.9984094695647181E-016
          22          22   4.6302690165757604E-028
          22          23   5.9984094695496656E-016
          22          24   1.7543450421607101E-028
          22          25  -5.3780358145225802E-028
          22          26   5.9984094695726718E-016
          22          27   1.5015339868111195E-016
          22          28   1.3103481369773550E-015
