           1           1  0.40214902773929823     
           1           2  0.61631480060748500     
           1           3  -5.6495494949960923E-002
           1           4 -0.14303560238752860     
           1           5  -4.3898812563145255E-002
           1           6   2.1180604681269602E-012
           1           7   8.8355900344721518E-013
           1           8  -1.1850584497359639E-012
           1           9   4.8845117720838955E-013
           1          10   1.9806579581388568E-012
           1          11  -1.3551838011790139E-012
           1          12  -1.1438358919592654E-012
           1          13   2.3034741447047669E-013
           1          14  -1.7476059380578026E-012
           1          15   1.5293620942719039E-003
           1          16   4.8187088019759333E-005
           1          17   1.6121378453137049E-003
           1          18   4.3324220384171735E-005
           1          19   1.0398590398577790E-004
           1          20   1.5929418400540628E-003
           1          21   6.6084353684569743E-003
           1          22  -2.0873269161943283E-004
           1          23   6.2498744675759388E-003
           1          24  -1.8766813843885044E-004
           1          25  -4.5043721898632943E-004
           1          26   6.3330260812883114E-003
           1          27  -2.5875670237284727E-013
           1          28   3.6808434815149525E-013
           1          29  -1.0686923230794031E-013
           1          30   6.8298408232971841E-013
           1          31   6.5828649689137702E-013
           1          32   1.1029050877245218E-013
           1          33   1.5536417884308814E-013
           1          34  -7.7126481968296819E-013
           1          35   3.6178376035318353E-013
           1          36   4.8867017346531034E-013
           2           1  0.61631480060748500     
           2           2  0.96274228578692567     
           2           3 -0.16143076802707829     
           2           4 -0.30918368170591937     
           2           5 -0.10631094656078380     
           2           6   6.1140717647989590E-011
           2           7  -1.8874819974258125E-011
           2           8  -4.4158789304769690E-012
           2           9   5.0733223644421210E-011
           2          10  -1.4061198669920911E-011
           2          11  -5.0158218340493528E-012
           2          12   2.0377248809987211E-011
           2          13  -8.3930363382424090E-012
           2          14  -5.1883482143965018E-012
           2          15   1.2178723505489480E-003
           2          16   6.6881652715145034E-005
           2          17   1.3327616062419709E-003
           2          18   6.0132196854644306E-005
           2          19   1.4432806333987717E-004
           2          20   1.3061183596972763E-003
           2          21   7.7842792293462771E-003
           2          22  -5.6050787493616065E-004
           2          23   6.8214391144133749E-003
           2          24  -5.0394343448575550E-004
           2          25  -1.2095546999341617E-003
           2          26   7.0447253366709315E-003
           2          27   3.4337883604614084E-013
           2          28   1.0908224212038317E-013
           2          29  -1.2407543035924717E-013
           2          30   1.3899956192521970E-012
           2          31   9.9266443253766300E-013
           2          32  -2.1823905683244738E-013
           2          33   6.0331129105356066E-013
           2          34  -1.8100163804029331E-012
           2          35   7.5853351602409820E-013
           2          36   8.2237557368484083E-013
           3           1  -5.6495494949960923E-002
           3           2 -0.16143076802707829     
           3           3  0.31579828219425332     
           3           4  0.38987151851110202     
           3           5  0.16626278293142899     
           3           6   1.6518803176515421E-009
           3           7  -4.6709848253331468E-010
           3           8  -2.5800791490509383E-010
           3           9   1.4537189158864881E-009
           3          10  -4.1297082024058300E-010
           3          11  -2.2376122426582785E-010
           3          12   6.7687159879665141E-010
           3          13  -1.8814716544067621E-010
           3          14  -9.9105141329105866E-011
           3          15   4.4360396245962420E-003
           3          16  -7.6200274284779577E-006
           3          17   4.4229499753719332E-003
           3          18  -6.8510417195299499E-006
           3          19  -1.6443727768887789E-005
           3          20   4.4259855132975237E-003
           3          21   8.7873939049645348E-003
           3          22   9.5818912932377773E-004
           3          23   1.0433370657023475E-002
           3          24   8.6149212605032095E-004
           3          25   2.0677357367452987E-003
           3          26   1.0051662495794946E-002
           3          27   1.4049205927151888E-011
           3          28  -1.6518982865824360E-011
           3          29  -3.8510706474990300E-012
           3          30   3.9390715210607028E-012
           3          31  -1.5592705388674604E-011
           3          32  -1.4785954994293939E-011
           3          33   9.7405460469943119E-012
           3          34   4.7634263523410943E-014
           3          35   5.3812939254514175E-012
           3          36   1.0921156923738471E-012
           4           1 -0.14303560238752860     
           4           2 -0.30918368170591937     
           4           3  0.38987151851110202     
           4           4  0.49609480104823345     
           4           5  0.20744364482133587     
           4           6  -3.3158135149012144E-009
           4           7   9.6692763633337441E-010
           4           8   4.5217368183271021E-010
           4           9  -2.9058897989003446E-009
           4          10   8.4500400097690311E-010
           4          11   4.0030699472005607E-010
           4          12  -1.3389050761937546E-009
           4          13   3.9495946682319416E-010
           4          14   1.9117883593296808E-010
           4          15   5.1269949398252126E-003
           4          16  -5.0356303739366873E-005
           4          17   5.0404929451513328E-003
           4          18  -4.5274526710975711E-005
           4          19  -1.0866698750223655E-004
           4          20   5.0605530797416809E-003
           4          21   9.3135918878009070E-003
           4          22   1.0821473383588790E-003
           4          23   1.1172503978517835E-002
           4          24   9.7294091786317028E-004
           4          25   2.3352328433314112E-003
           4          26   1.0741415314930287E-002
           4          27  -3.0935191553482699E-011
           4          28   3.1499711605911481E-011
           4          29   5.8302209274350928E-012
           4          30  -1.0449493632496938E-011
           4          31   2.4922629651277313E-011
           4          32   2.8073760092542953E-011
           4          33  -1.9781251855840104E-011
           4          34   7.3882754771595879E-012
           4          35  -1.1334216367296240E-011
           4          36  -2.9490403636428913E-012
           5           1  -4.3898812563145255E-002
           5           2 -0.10631094656078380     
           5           3  0.16626278293142899     
           5           4  0.20744364482133587     
           5           5   9.2492557338163223E-002
           5           6  -8.2889311382628566E-010
           5           7   1.4440551662240178E-010
           5           8   2.3901846912788862E-010
           5           9  -7.2622882399672300E-010
           5          10   1.2565395556671978E-010
           5          11   2.1128310525213907E-010
           5          12  -3.3408516305054592E-010
           5          13   6.3293112880632037E-011
           5          14   1.0243901157234863E-010
           5          15   1.9010652935672859E-003
           5          16   2.8787479758002365E-004
           5          17   2.3955764764668911E-003
           5          18   2.5882350812323217E-004
           5          19   6.2122287450124664E-004
           5          20   2.2808974877971846E-003
           5          21   3.7872126701504194E-003
           5          22   1.2122099604980666E-003
           5          23   5.8695462881401522E-003
           5          24   1.0898780894555440E-003
           5          25   2.6159030338529232E-003
           5          26   5.3866453471016207E-003
           5          27  -7.8121406562169019E-012
           5          28   7.2256728083407184E-012
           5          29   2.3473413024680463E-012
           5          30  -1.9940198732337278E-012
           5          31   6.0702144389548148E-012
           5          32   6.8191796925985982E-012
           5          33  -3.4555611478608783E-012
           5          34   1.7716491912169354E-012
           5          35  -4.9385907158675984E-012
           5          36  -1.4387618374131083E-012
           6           1   2.1180604681269602E-012
           6           2   6.1140717647989590E-011
           6           3   1.6518803176515421E-009
           6           4  -3.3158135149012144E-009
           6           5  -8.2889311382628566E-010
           6           6  0.28873226468743401     
           6           7   4.5622224238666811E-002
           6           8   4.1018193523258251E-002
           6           9  0.25364666186408275     
           6          10   4.0514779441452153E-002
           6          11   3.6426173695795441E-002
           6          12  0.12372355244996036     
           6          13   3.4003830166373386E-002
           6          14   3.0572285862322936E-002
           6          15   1.2192842255018315E-010
           6          16  -1.4775711838461633E-011
           6          17   6.9606858370493694E-011
           6          18   8.6551509044075866E-011
           6          19   4.6486062757189857E-011
           6          20   5.6653884064168910E-011
           6          21   1.2149409750791759E-009
           6          22   9.7361203506142721E-011
           6          23   1.4217570554050020E-009
           6          24   2.1166044752880269E-010
           6          25   3.0444615408870034E-011
           6          26   1.1739974351057924E-009
           6          27   2.6730408652561465E-003
           6          28  -2.0142384354637434E-003
           6          29  -9.8630633017514108E-004
           6          30   7.3429881643677418E-004
           6          31  -1.8109687327000799E-003
           6          32  -2.7563332777706382E-003
           6          33   4.4932202121377107E-004
           6          34  -4.7748168195781073E-004
           6          35   4.5049220011140036E-004
           6          36   6.2718261792424476E-004
           7           1   8.8355900344721518E-013
           7           2  -1.8874819974258125E-011
           7           3  -4.6709848253331468E-010
           7           4   9.6692763633337441E-010
           7           5   1.4440551662240178E-010
           7           6   4.5622224238666811E-002
           7           7  0.37922595292028421     
           7           8   9.8451025724324528E-002
           7           9   4.0514779069510044E-002
           7          10  0.33400950845779925     
           7          11   8.7429353181672761E-002
           7          12   3.4003830584580105E-002
           7          13  0.19117164433502398     
           7          14   7.3378974134346242E-002
           7          15  -2.9557509989562257E-012
           7          16  -4.0691284342295815E-012
           7          17   1.6416433602974069E-011
           7          18  -2.5018767691280509E-011
           7          19  -3.0640724387564530E-011
           7          20  -6.5860659948082719E-011
           7          21  -2.7669717008705450E-010
           7          22  -4.9004028039846257E-011
           7          23  -3.3503512109325240E-010
           7          24   7.9207893238384608E-011
           7          25  -1.9938388643224744E-012
           7          26  -2.1922069916967402E-010
           7          27   5.7596253931728328E-004
           7          28   1.7777355818594826E-003
           7          29  -1.8018079454899618E-003
           7          30  -9.0858409149073842E-004
           7          31   6.2003664060299168E-004
           7          32  -9.2784687953911338E-004
           7          33  -3.8882330388498882E-003
           7          34   4.5049219651321362E-004
           7          35   4.1608924465655079E-004
           7          36   1.5053514726371751E-003
           8           1  -1.1850584497359639E-012
           8           2  -4.4158789304769690E-012
           8           3  -2.5800791490509383E-010
           8           4   4.5217368183271021E-010
           8           5   2.3901846912788862E-010
           8           6   4.1018193523258251E-002
           8           7   9.8451025724324528E-002
           8           8  0.35824012908490566     
           8           9   3.6426173648287624E-002
           8          10   8.7429352970125357E-002
           8          11  0.31537306455265707     
           8          12   3.0572286132491980E-002
           8          13   7.3378974335952946E-002
           8          14  0.17553018026897685     
           8          15  -5.0191821533790804E-011
           8          16   1.1968820459532598E-011
           8          17  -5.3277771116766303E-011
           8          18  -1.0979139987683337E-011
           8          19   7.4563208853555928E-012
           8          20   4.5169204337571048E-011
           8          21  -2.5104239352387672E-010
           8          22   8.3277763523102777E-012
           8          23  -2.9373084720023593E-010
           8          24  -1.8157507321723169E-010
           8          25  -2.5023721199656071E-011
           8          26  -3.0264478100892211E-010
           8          27   5.1783843463634456E-004
           8          28   6.2003664506039499E-004
           8          29   4.4932203908376654E-004
           8          30   1.5845893491033766E-003
           8          31   1.6455685553209076E-003
           8          32  -1.0888762015445336E-003
           8          33  -2.2490238014278682E-004
           8          34  -1.6642679693835785E-003
           8          35  -3.9945416483080313E-003
           8          36  -1.3393483645307813E-004
           9           1   4.8845117720838955E-013
           9           2   5.0733223644421210E-011
           9           3   1.4537189158864881E-009
           9           4  -2.9058897989003446E-009
           9           5  -7.2622882399672300E-010
           9           6  0.25364666186408275     
           9           7   4.0514779069510044E-002
           9           8   3.6426173648287624E-002
           9           9  0.22282750662936956     
           9          10   3.5981810475924803E-002
           9          11   3.2350655913511106E-002
           9          12  0.10873595398094606     
           9          13   3.0161394672886515E-002
           9          14   2.7117615270516416E-002
           9          15   1.0713864523616348E-010
           9          16  -1.3005701666173758E-011
           9          17   6.1116136125583540E-011
           9          18   7.5945996391167697E-011
           9          19   4.0702734439440095E-011
           9          20   4.9771512892309156E-011
           9          21   1.0666712286458271E-009
           9          22   8.5387875154497069E-011
           9          23   1.2480110795745514E-009
           9          24   1.8573941791761005E-010
           9          25   2.6499724636583286E-011
           9          26   1.0305949588647594E-009
           9          27   2.3438907153037710E-003
           9          28  -1.7700679661936984E-003
           9          29  -8.6431916528407658E-004
           9          30   6.4258340779290715E-004
           9          31  -1.5914390682945484E-003
           9          32  -2.4166691839851472E-003
           9          33   3.9759210978552068E-004
           9          34  -4.1819719226566767E-004
           9          35   3.9770494373945835E-004
           9          36   5.4790531023340256E-004
          10           1   1.9806579581388568E-012
          10           2  -1.4061198669920911E-011
          10           3  -4.1297082024058300E-010
          10           4   8.4500400097690311E-010
          10           5   1.2565395556671978E-010
          10           6   4.0514779441452153E-002
          10           7  0.33400950845779925     
          10           8   8.7429352970125357E-002
          10           9   3.5981810475924803E-002
          10          10  0.29419901037263685     
          10          11   7.7647378364783470E-002
          10          12   3.0161395185496424E-002
          10          13  0.16856240634791431     
          10          14   6.5087144153866877E-002
          10          15  -2.6332966589300813E-012
          10          16  -3.5330745453874145E-012
          10          17   1.4358719658275201E-011
          10          18  -2.1921787398487201E-011
          10          19  -2.6877037659144407E-011
          10          20  -5.7852777409510910E-011
          10          21  -2.4295113901341526E-010
          10          22  -4.2939100565741598E-011
          10          23  -2.9420471693090863E-010
          10          24   6.9624710843931103E-011
          10          25  -1.7259609626095960E-012
          10          26  -1.9247843476094284E-010
          10          27   4.9951083389864869E-004
          10          28   1.5558345498898115E-003
          10          29  -1.5781158957185158E-003
          10          30  -8.0234369357149783E-004
          10          31   5.4006719677926452E-004
          10          32  -8.0759088131294673E-004
          10          33  -3.4055140958627905E-003
          10          34   3.9770494667797329E-004
          10          35   3.7066792562837959E-004
          10          36   1.3150716331541512E-003
          11           1  -1.3551838011790139E-012
          11           2  -5.0158218340493528E-012
          11           3  -2.2376122426582785E-010
          11           4   4.0030699472005607E-010
          11           5   2.1128310525213907E-010
          11           6   3.6426173695795441E-002
          11           7   8.7429353181672761E-002
          11           8  0.31537306455265707     
          11           9   3.2350655913511106E-002
          11          10   7.7647378364783470E-002
          11          11  0.27764769238638443     
          11          12   2.7117615523027095E-002
          11          13   6.5087144419323506E-002
          11          14  0.15468842889923282     
          11          15  -4.3989777633975864E-011
          11          16   1.0516099474761131E-011
          11          17  -4.6753660485676318E-011
          11          18  -9.6243285662106923E-012
          11          19   6.5086095105631891E-012
          11          20   3.9685019352727288E-011
          11          21  -2.2023980538894238E-010
          11          22   7.3349453995471579E-012
          11          23  -2.5782827161655150E-010
          11          24  -1.5934286097488486E-010
          11          25  -2.2040502791163512E-011
          11          26  -2.6557838911422552E-010
          11          27   4.4910196518292597E-004
          11          28   5.4006720155646052E-004
          11          29   3.9759212512357187E-004
          11          30   1.3866709317371358E-003
          11          31   1.4407138113273132E-003
          11          32  -9.4963854682512017E-004
          11          33  -1.9057474854987003E-004
          11          34  -1.4588803405457562E-003
          11          35  -3.5015744960415051E-003
          11          36  -1.2327020184557154E-004
          12           1  -1.1438358919592654E-012
          12           2   2.0377248809987211E-011
          12           3   6.7687159879665141E-010
          12           4  -1.3389050761937546E-009
          12           5  -3.3408516305054592E-010
          12           6  0.12372355244996036     
          12           7   3.4003830584580105E-002
          12           8   3.0572286132491980E-002
          12           9  0.10873595398094606     
          12          10   3.0161395185496424E-002
          12          11   2.7117615523027095E-002
          12          12   5.4058948567150024E-002
          12          13   2.2944467327941080E-002
          12          14   2.0628994101884384E-002
          12          15   4.9892490607666890E-011
          12          16  -6.0242123034851001E-012
          12          17   2.8140138632851079E-011
          12          18   3.5170837888782018E-011
          12          19   1.8443820642941396E-011
          12          20   2.3023753305172693E-011
          12          21   4.9408905498412602E-010
          12          22   3.9430809258590122E-011
          12          23   5.7697863167772546E-010
          12          24   8.6085722120942345E-011
          12          25   1.1320886417872613E-011
          12          26   4.7686567830100392E-010
          12          27   1.1093924968659224E-003
          12          28  -8.0359775459481325E-004
          12          29  -4.2684904714602274E-004
          12          30   2.9727548907010663E-004
          12          31  -7.2250155846660495E-004
          12          32  -1.1601299948332535E-003
          12          33   1.2589677143798463E-004
          12          34  -2.1268672314125799E-004
          12          35   1.3799196235665215E-004
          12          36   2.6591109264844954E-004
          13           1   2.3034741447047669E-013
          13           2  -8.3930363382424090E-012
          13           3  -1.8814716544067621E-010
          13           4   3.9495946682319416E-010
          13           5   6.3293112880632037E-011
          13           6   3.4003830166373386E-002
          13           7  0.19117164433502398     
          13           8   7.3378974335952946E-002
          13           9   3.0161394672886515E-002
          13          10  0.16856240634791431     
          13          11   6.5087144419323506E-002
          13          12   2.2944467327941080E-002
          13          13   9.9570307627222687E-002
          13          14   4.9513289022919404E-002
          13          15  -8.9570964982339414E-013
          13          16  -1.3667425765389111E-012
          13          17   6.3564008417505564E-012
          13          18  -9.8189945473351029E-012
          13          19  -1.2761986983675119E-011
          13          20  -2.6850763942612130E-011
          13          21  -1.1185131838533310E-010
          13          22  -1.9395901144220783E-011
          13          23  -1.3687384954860919E-010
          13          24   3.3151428191596039E-011
          13          25  -1.6239628722037526E-012
          13          26  -8.8892936524699925E-011
          13          27   2.9073181067884195E-004
          13          28   7.5698491356027597E-004
          13          29  -7.9481845303225600E-004
          13          30  -3.7140251536880450E-004
          13          31   2.8322950425183849E-004
          13          32  -4.7423693218648778E-004
          13          33  -1.7151880068178962E-003
          13          34   1.3799195502870647E-004
          13          35   6.1026325023885134E-005
          13          36   6.3823458894679032E-004
          14           1  -1.7476059380578026E-012
          14           2  -5.1883482143965018E-012
          14           3  -9.9105141329105866E-011
          14           4   1.9117883593296808E-010
          14           5   1.0243901157234863E-010
          14           6   3.0572285862322936E-002
          14           7   7.3378974134346242E-002
          14           8  0.17553018026897685     
          14           9   2.7117615270516416E-002
          14          10   6.5087144153866877E-002
          14          11  0.15468842889923282     
          14          12   2.0628994101884384E-002
          14          13   4.9513289022919404E-002
          14          14   8.9016053720729071E-002
          14          15  -1.9966892459948034E-011
          14          16   5.0471502851451038E-012
          14          17  -2.1897437657186522E-011
          14          18  -4.2153174793622081E-012
          14          19   2.5898264374616222E-012
          14          20   1.8308775656638811E-011
          14          21  -1.0124617632586135E-010
          14          22   3.6791220305348320E-012
          14          23  -1.2005423053675953E-010
          14          24  -7.3016286929047593E-011
          14          25  -1.1242680021902486E-011
          14          26  -1.2276616154441575E-010
          14          27   2.6139218723793527E-004
          14          28   2.8322950683359112E-004
          14          29   1.2589677827444198E-004
          14          30   6.4150936717841285E-004
          14          31   6.9661170799280824E-004
          14          32  -5.2981788752415662E-004
          14          33  -2.1350917991422148E-004
          14          34  -7.1643875280430589E-004
          14          35  -1.7195815214401135E-003
          14          36  -3.0312604588235084E-005
          15           1   1.5293620942719039E-003
          15           2   1.2178723505489480E-003
          15           3   4.4360396245962420E-003
          15           4   5.1269949398252126E-003
          15           5   1.9010652935672859E-003
          15           6   1.2192842255018315E-010
          15           7  -2.9557509989562257E-012
          15           8  -5.0191821533790804E-011
          15           9   1.0713864523616348E-010
          15          10  -2.6332966589300813E-012
          15          11  -4.3989777633975864E-011
          15          12   4.9892490607666890E-011
          15          13  -8.9570964982339414E-013
          15          14  -1.9966892459948034E-011
          15          15   1.0597322175944734E-004
          15          16  -2.3048575732789544E-005
          15          17   6.6380391599042105E-005
          15          18  -2.0722596349142467E-005
          15          19  -4.9737950528857164E-005
          15          20   7.5562116629826937E-005
          15          21   2.1185726639243261E-004
          15          22  -4.4050931389656006E-005
          15          23   1.3618659908676744E-004
          15          24  -3.9605469837408357E-005
          15          25  -9.5060235867334996E-005
          15          26   1.5373490899789086E-004
          15          27   1.0559719543534480E-012
          15          28  -1.0571720215806078E-012
          15          29  -5.0756507787741593E-013
          15          30   5.1394466706424858E-014
          15          31  -1.1507062848047478E-012
          15          32  -1.0100774601638402E-012
          15          33   3.2183204423106785E-013
          15          34   1.0019845588170665E-013
          15          35   9.7122899362691480E-013
          15          36   2.6895848677846690E-013
          16           1   4.8187088019759333E-005
          16           2   6.6881652715145034E-005
          16           3  -7.6200274284779577E-006
          16           4  -5.0356303739366873E-005
          16           5   2.8787479758002365E-004
          16           6  -1.4775711838461633E-011
          16           7  -4.0691284342295815E-012
          16           8   1.1968820459532598E-011
          16           9  -1.3005701666173758E-011
          16          10  -3.5330745453874145E-012
          16          11   1.0516099474761131E-011
          16          12  -6.0242123034851001E-012
          16          13  -1.3667425765389111E-012
          16          14   5.0471502851451038E-012
          16          15  -2.3048575732789544E-005
          16          16   1.9390267603768879E-005
          16          17   1.0260015187818388E-005
          16          18   1.7433471521122803E-005
          16          19   4.1843460630121136E-005
          16          20   2.5356286769835342E-006
          16          21  -3.5043767138104786E-005
          16          22   4.6661275767298346E-005
          16          23   4.5110947929231915E-005
          16          24   4.1952387618717296E-005
          16          25   1.0069325993938338E-004
          16          26   2.6522770457401306E-005
          16          27  -1.3520485737148593E-013
          16          28   9.3752827247708566E-014
          16          29   1.1493560492355727E-013
          16          30   1.8958093801386456E-014
          16          31   1.3880463026142594E-013
          16          32   1.3181006644318753E-013
          16          33   4.6462193530943692E-014
          16          34  -2.6043102392527526E-014
          16          35  -1.9944469719157250E-013
          16          36  -7.2113440628383304E-014
          17           1   1.6121378453137049E-003
          17           2   1.3327616062419709E-003
          17           3   4.4229499753719332E-003
          17           4   5.0404929451513328E-003
          17           5   2.3955764764668911E-003
          17           6   6.9606858370493694E-011
          17           7   1.6416433602974069E-011
          17           8  -5.3277771116766303E-011
          17           9   6.1116136125583540E-011
          17          10   1.4358719658275201E-011
          17          11  -4.6753660485676318E-011
          17          12   2.8140138632851079E-011
          17          13   6.3564008417505564E-012
          17          14  -2.1897437657186522E-011
          17          15   6.6380391599042105E-005
          17          16   1.0260015187818388E-005
          17          17   8.4005040422823745E-005
          17          18   9.2246113474795370E-006
          17          19   2.2140722902156564E-005
          17          20   7.9917818595337702E-005
          17          21   1.5165910356416449E-004
          17          22   3.6103782300929673E-005
          17          23   2.1367816144332865E-004
          17          24   3.2460318397456577E-005
          17          25   7.7910590332608512E-005
          17          26   1.9929571038009047E-004
          17          27   6.3518685842800638E-013
          17          28  -5.2628695191547739E-013
          17          29  -4.7576822876159191E-013
          17          30  -1.7871792758960317E-013
          17          31  -7.7076083870852584E-013
          17          32  -5.9048755191793623E-013
          17          33  -1.0854041006267963E-013
          17          34   2.6047058684804873E-013
          17          35   8.9620859334429888E-013
          17          36   3.0162322144992012E-013
          18           1   4.3324220384171735E-005
          18           2   6.0132196854644306E-005
          18           3  -6.8510417195299499E-006
          18           4  -4.5274526710975711E-005
          18           5   2.5882350812323217E-004
          18           6   8.6551509044075866E-011
          18           7  -2.5018767691280509E-011
          18           8  -1.0979139987683337E-011
          18           9   7.5945996391167697E-011
          18          10  -2.1921787398487201E-011
          18          11  -9.6243285662106923E-012
          18          12   3.5170837888782018E-011
          18          13  -9.8189945473351029E-012
          18          14  -4.2153174793622081E-012
          18          15  -2.0722596349142467E-005
          18          16   1.7433471521122803E-005
          18          17   9.2246113474795370E-006
          18          18   1.5674148262849480E-005
          18          19   3.7620769044912641E-005
          18          20   2.2797421478089597E-006
          18          21  -3.1507276171220572E-005
          18          22   4.1952387602237186E-005
          18          23   4.0558513273149095E-005
          18          24   3.7718703513314370E-005
          18          25   9.0531658220763137E-005
          18          26   2.3846187832104564E-005
          18          27   7.7630896166355597E-013
          18          28  -8.5504727472824514E-013
          18          29  -1.5216967232235912E-013
          18          30   2.3082080863953368E-013
          18          31  -7.2997549743220592E-013
          18          32  -7.3501269126025467E-013
          18          33   5.4080551154377853E-013
          18          34  -9.9602215657103967E-014
          18          35   2.8143929007711715E-013
          18          36   5.5243888402074913E-014
          19           1   1.0398590398577790E-004
          19           2   1.4432806333987717E-004
          19           3  -1.6443727768887789E-005
          19           4  -1.0866698750223655E-004
          19           5   6.2122287450124664E-004
          19           6   4.6486062757189857E-011
          19           7  -3.0640724387564530E-011
          19           8   7.4563208853555928E-012
          19           9   4.0702734439440095E-011
          19          10  -2.6877037659144407E-011
          19          11   6.5086095105631891E-012
          19          12   1.8443820642941396E-011
          19          13  -1.2761986983675119E-011
          19          14   2.5898264374616222E-012
          19          15  -4.9737950528857164E-005
          19          16   4.1843460630121136E-005
          19          17   2.2140722902156564E-005
          19          18   3.7620769044912641E-005
          19          19   9.0296597926486647E-005
          19          20   5.4717903498727560E-006
          19          21  -7.5623117726331970E-005
          19          22   1.0069325991472105E-004
          19          23   9.7347711402222953E-005
          19          24   9.0531658234153196E-005
          19          25   2.1729222847015922E-004
          19          26   5.7235130793705731E-005
          19          27   4.5710475138104211E-013
          19          28  -5.2983602068927962E-013
          19          29   3.7662593340771428E-014
          19          30   2.5040432693591974E-013
          19          31  -3.5355910579869391E-013
          19          32  -4.3695788702405008E-013
          19          33   4.7665904128834116E-013
          19          34  -1.4439161267821973E-013
          19          35  -1.2427005847796142E-013
          19          36  -3.8151828187928925E-014
          20           1   1.5929418400540628E-003
          20           2   1.3061183596972763E-003
          20           3   4.4259855132975237E-003
          20           4   5.0605530797416809E-003
          20           5   2.2808974877971846E-003
          20           6   5.6653884064168910E-011
          20           7  -6.5860659948082719E-011
          20           8   4.5169204337571048E-011
          20           9   4.9771512892309156E-011
          20          10  -5.7852777409510910E-011
          20          11   3.9685019352727288E-011
          20          12   2.3023753305172693E-011
          20          13  -2.6850763942612130E-011
          20          14   1.8308775656638811E-011
          20          15   7.5562116629826937E-005
          20          16   2.5356286769835342E-006
          20          17   7.9917818595337702E-005
          20          18   2.2797421478089597E-006
          20          19   5.4717903498727560E-006
          20          20   7.8907715051519469E-005
          20          21   1.6561928211368749E-004
          20          22   1.7515605131950954E-005
          20          23   1.9570757899028059E-004
          20          24   1.5747993222136084E-005
          20          25   3.7798010367809590E-005
          20          26   1.8872999053341278E-004
          20          27   4.9777386610501812E-013
          20          28  -7.5592362052182738E-013
          20          29   2.9643636137950805E-013
          20          30   6.3759811162380404E-013
          20          31  -2.7825669996280366E-013
          20          32  -5.4851933464373706E-013
          20          33   1.0009946976185826E-012
          20          34  -4.6163048001718221E-013
          20          35  -6.8702111399083439E-013
          20          36  -2.5430163001770669E-013
          21           1   6.6084353684569743E-003
          21           2   7.7842792293462771E-003
          21           3   8.7873939049645348E-003
          21           4   9.3135918878009070E-003
          21           5   3.7872126701504194E-003
          21           6   1.2149409750791759E-009
          21           7  -2.7669717008705450E-010
          21           8  -2.5104239352387672E-010
          21           9   1.0666712286458271E-009
          21          10  -2.4295113901341526E-010
          21          11  -2.2023980538894238E-010
          21          12   4.9408905498412602E-010
          21          13  -1.1185131838533310E-010
          21          14  -1.0124617632586135E-010
          21          15   2.1185726639243261E-004
          21          16  -3.5043767138104786E-005
          21          17   1.5165910356416449E-004
          21          18  -3.1507276171220572E-005
          21          19  -7.5623117726331970E-005
          21          20   1.6561928211368749E-004
          21          21   4.8552181626098810E-004
          21          22  -5.8435498165754821E-005
          21          23   3.8514134726337477E-004
          21          24  -5.2538397890511511E-005
          21          25  -1.2610158425697227E-004
          21          26   4.0841995223409364E-004
          21          27   1.0878464834096515E-011
          21          28  -1.1497741559897903E-011
          21          29  -3.0087040533706287E-012
          21          30   2.7670400827658866E-012
          21          31  -1.0368229351992388E-011
          21          32  -1.0410269422608297E-011
          21          33   6.2844135011114964E-012
          21          34  -1.0324482341897812E-012
          21          35   5.3697148210196700E-012
          21          36   1.3644852396307218E-012
          22           1  -2.0873269161943283E-004
          22           2  -5.6050787493616065E-004
          22           3   9.5818912932377773E-004
          22           4   1.0821473383588790E-003
          22           5   1.2122099604980666E-003
          22           6   9.7361203506142721E-011
          22           7  -4.9004028039846257E-011
          22           8   8.3277763523102777E-012
          22           9   8.5387875154497069E-011
          22          10  -4.2939100565741598E-011
          22          11   7.3349453995471579E-012
          22          12   3.9430809258590122E-011
          22          13  -1.9395901144220783E-011
          22          14   3.6791220305348320E-012
          22          15  -4.4050931389656006E-005
          22          16   4.6661275767298346E-005
          22          17   3.6103782300929673E-005
          22          18   4.1952387602237186E-005
          22          19   1.0069325991472105E-004
          22          20   1.7515605131950954E-005
          22          21  -5.8435498165754821E-005
          22          22   1.1625842308520969E-004
          22          23   1.4127316000193938E-004
          22          24   1.0452604110570466E-004
          22          25   2.5088125912715604E-004
          22          26   9.4959977047961400E-005
          22          27   8.7281732990138428E-013
          22          28  -1.0706803218723285E-012
