           1           1   2.0925839886739075     
           1           2  0.22405857459341150     
           1           3  -9.9434895706041512E-002
           1           4 -0.45828966061180643     
           1           5 -0.14440547054283076     
           1           6  -1.9418587485733408E-013
           1           7  -2.3473301324406610E-013
           1           8  -3.9287435971781175E-013
           1           9   4.4880016521170162E-014
           1          10   6.8933372929458450E-014
           1          11   8.0867522673680238E-014
           1          12  -7.7791319077036869E-015
           1          13  -1.8490658527276216E-014
           1          14  -1.7106861917030323E-014
           1          15  -4.0523454441664866E-014
           1          16  -3.1141416939170643E-014
           1          17  -9.1118852997510070E-014
           1          18   5.7521101586402589E-016
           1          19   1.5800103009067792E-015
           1          20   1.0335839122709967E-014
           1          21  0.16066268905553008     
           1          22  -3.8845918002036124E-016
           1          23  0.16066268905552675     
           1          24  -2.4641413165543481E-016
           1          25  -5.5250202419690189E-015
           1          26  0.16066268905552947     
           1          27   8.1362952381118236E-002
           1          28  -1.2410590836859479E-015
           1          29   8.1362952381115891E-002
           1          30   8.4237920237127046E-016
           1          31   3.9253314742053772E-015
           1          32   8.1362952381114545E-002
           1          33   2.6286956615378916E-014
           1          34   1.3127305605562829E-014
           1          35   1.2734795495753299E-014
           1          36   2.3869689601411451E-014
           1          37   2.7206353578190102E-014
           1          38   3.1679959467022397E-015
           1          39   2.4103751568848419E-014
           1          40   1.4930725823062081E-014
           1          41   1.0788513270980412E-014
           1          42   5.6132469949542481E-014
           2           1  0.22405857459341150     
           2           2   1.5987414092228491     
           2           3 -0.47998685269881963     
           2           4   1.7310410549464161     
           2           5   1.3214293115741158     
           2           6  -5.4170562533381869E-013
           2           7  -6.1278949970340907E-013
           2           8  -1.2179627192791047E-012
           2           9  -3.5727531104761447E-014
           2          10  -9.5696120333109899E-014
           2          11   4.8061119048030850E-014
           2          12  -5.9801385381984819E-014
           2          13  -5.7052701084202868E-014
           2          14  -1.0121930343123651E-013
           2          15  -1.5663731480684476E-013
           2          16  -1.9776911043118097E-013
           2          17  -2.5486693894633202E-013
           2          18   1.7299396930777494E-014
           2          19   2.5111172276409774E-014
           2          20   2.0517527872085542E-014
           2          21 -0.47813544858920998     
           2          22   6.4578513058695539E-015
           2          23 -0.47813544858921608     
           2          24  -4.7303421178775783E-015
           2          25   6.9942966674050995E-015
           2          26 -0.47813544858921636     
           2          27 -0.63797305607224886     
           2          28  -1.0910068542585977E-015
           2          29 -0.63797305607224830     
           2          30   2.3421886468648760E-015
           2          31  -3.5098817683601994E-015
           2          32 -0.63797305607224575     
           2          33   9.7823760288381002E-014
           2          34   5.1249857356359435E-014
           2          35   4.5113580289374244E-014
           2          36   1.1628505960674722E-013
           2          37   7.4553345628724835E-014
           2          38  -7.4991293779320013E-016
           2          39   7.4930882180600145E-014
           2          40   4.6951315562370471E-014
           2          41   5.3254393141553117E-014
           2          42   1.6698248095542379E-013
           3           1  -9.9434895706041512E-002
           3           2 -0.47998685269881963     
           3           3  0.26109174629850668     
           3           4  0.15098730568531121     
           3           5  -2.6969456230777095E-002
           3           6   2.7351030969592254E-013
           3           7   3.6809407337489840E-013
           3           8   6.5134651930495969E-013
           3           9  -7.1227637845777976E-016
           3          10  -6.3427452522595465E-014
           3          11  -7.0878019502173321E-014
           3          12   2.0271131919173081E-014
           3          13   1.5203967377987205E-014
           3          14   4.6567751004270456E-014
           3          15   9.7440616246503195E-014
           3          16   1.1522526155165853E-013
           3          17   1.4384289397136192E-013
           3          18  -1.1092093551032386E-014
           3          19  -1.3015404390432062E-014
           3          20  -1.3664234326699067E-014
           3          21  -6.1841666926104627E-002
           3          22  -1.6567591492927974E-016
           3          23  -6.1841666926101296E-002
           3          24  -6.3576096538371351E-016
           3          25   6.2554994197368097E-016
           3          26  -6.1841666926101588E-002
           3          27   4.7752945045781113E-003
           3          28  -1.2837985485110295E-016
           3          29   4.7752945045765674E-003
           3          30  -2.8824074279454803E-016
           3          31  -1.1464553326761390E-015
           3          32   4.7752945045753704E-003
           3          33  -5.7923525593755191E-014
           3          34  -3.0316860980358002E-014
           3          35  -2.5697832576325160E-014
           3          36  -6.8453087616908319E-014
           3          37  -4.1128829549953869E-014
           3          38  -9.8565568489094068E-017
           3          39  -4.1149811156807034E-014
           3          40  -2.5957204780572908E-014
           3          41  -3.0141641593947284E-014
           3          42  -9.2571830205003860E-014
           4           1 -0.45828966061180643     
           4           2   1.7310410549464161     
           4           3  0.15098730568531121     
           4           4   5.8494198652540748     
           4           5   3.6080150978340426     
           4           6   5.8790776975962391E-013
           4           7   5.7422010148208320E-013
           4           8   6.1612468342417899E-013
           4           9  -7.2508320036071911E-013
           4          10  -7.4407154486956206E-013
           4          11  -7.1134441225473479E-013
           4          12  -1.3153894311595966E-013
           4          13  -7.5852110863590859E-014
           4          14  -8.2226356861151494E-014
           4          15   1.9145097280100657E-013
           4          16   1.3161087116666769E-013
           4          17   1.4574599370403447E-013
           4          18  -2.1630137536032158E-014
           4          19  -6.1364288446260149E-015
           4          20  -2.5195227914686280E-014
           4          21  -1.7383139129452490     
           4          22   1.7360735212092387E-014
           4          23  -1.7383139129452465     
           4          24  -1.6871274657412059E-014
           4          25   2.4646759339160482E-014
           4          26  -1.7383139129452496     
           4          27  -1.7915453352462485     
           4          28  -3.4898008366081260E-015
           4          29  -1.7915453352462554     
           4          30   4.7568652748591501E-015
           4          31  -1.7373784746734884E-014
           4          32  -1.7915453352462549     
           4          33  -9.7641675483270437E-014
           4          34  -3.8313249224634717E-014
           4          35  -3.8895711201080114E-014
           4          36  -8.3288997942363596E-014
           4          37  -3.5089363850710793E-014
           4          38  -3.4691198054952973E-015
           4          39  -3.3363341717454536E-014
           4          40  -3.5737756274988412E-014
           4          41  -3.1082506316100694E-014
           4          42  -7.9926960936989430E-014
           5           1 -0.14440547054283076     
           5           2   1.3214293115741158     
           5           3  -2.6969456230777095E-002
           5           4   3.6080150978340426     
           5           5   2.2862412553430329     
           5           6   1.0599516031919817E-013
           5           7   2.1500188236680259E-013
           5           8   4.0775630886149337E-014
           5           9  -2.9329180669257822E-013
           5          10  -4.3934828595641833E-013
           5          11  -3.2345795051024139E-013
           5          12  -7.0914069980220919E-014
           5          13  -5.3138771735809386E-014
           5          14  -5.8162742457862480E-014
           5          15   5.7388652396027358E-014
           5          16   3.6439782846136273E-014
           5          17   2.1739071972969202E-014
           5          18  -6.7726855636682159E-015
           5          19   1.4388536177120628E-015
           5          20  -9.0428980199793135E-015
           5          21  -1.0633966773195755     
           5          22   1.1031635643435903E-014
           5          23  -1.0633966773195758     
           5          24  -1.0391562477562103E-014
           5          25   1.5034657290432226E-014
           5          26  -1.0633966773195773     
           5          27  -1.1308773488382038     
           5          28  -2.2080597930341163E-015
           5          29  -1.1308773488382073     
           5          30   3.1776897261504789E-015
           5          31  -1.0278730330937515E-014
           5          32  -1.1308773488382067     
           5          33  -2.4766031739307105E-014
           5          34  -1.1849013838333155E-014
           5          35  -8.1054044212155908E-015
           5          36  -2.4954155090748520E-014
           5          37  -2.4676250803981084E-015
           5          38  -1.9966150843650650E-015
           5          39  -1.5160053479637788E-015
           5          40  -5.8865486214793742E-015
           5          41  -7.4689670546928342E-015
           5          42  -6.3971263263670192E-015
           6           1  -1.9418587485733408E-013
           6           2  -5.4170562533381869E-013
           6           3   2.7351030969592254E-013
           6           4   5.8790776975962391E-013
           6           5   1.0599516031919817E-013
           6           6   2.9000858523782536     
           6           7 -0.14767526092923902     
           6           8  0.14762998142249334     
           6           9  -1.3460034889094721     
           6          10  0.24018739950676707     
           6          11 -0.24011375435514465     
           6          12  -1.1421120607693881E-002
           6          13   3.6713259234290294E-002
           6          14  -3.6702002384170838E-002
           6          15  0.56217312513385465     
           6          16  -1.4996344555847098E-002
           6          17   1.4991746445873090E-002
           6          18  -5.4282499791527314E-002
           6          19   1.7171013546094175E-003
           6          20  -1.7165748648894162E-003
           6          21  -1.9924143998680036E-013
           6          22  -6.1252594126225600E-015
           6          23  -2.3132608901247526E-013
           6          24  -2.5200798809138907E-014
           6          25  -1.0587361229981519E-014
           6          26  -1.7723279970274562E-013
           6          27  -8.8876807189532046E-014
           6          28   1.9156434869329257E-014
           6          29  -6.5021629358708446E-014
           6          30   7.8626425190048771E-015
           6          31   5.3220321369143554E-015
           6          32  -8.3566428457696646E-014
           6          33 -0.34767460360393909     
           6          34   3.0786771377135994E-003
           6          35 -0.15548480954177168     
           6          36   6.8841313606914818E-003
           6          37  -3.0777331679264388E-003
           6          38  -8.6034258488063282E-015
           6          39  -3.0777331679400829E-003
           6          40 -0.15548480954177754     
           6          41   3.0786771377001388E-003
           6          42  -6.8820205800956833E-003
           7           1  -2.3473301324406610E-013
           7           2  -6.1278949970340907E-013
           7           3   3.6809407337489840E-013
           7           4   5.7422010148208320E-013
           7           5   2.1500188236680259E-013
           7           6 -0.14767526092923902     
           7           7   2.9666696745703955     
           7           8 -0.18461670646657749     
           7           9  0.24018739950681625     
           7          10  -1.4542991844845632     
           7          11  0.30027105659199055     
           7          12   3.6713259234276652E-002
           7          13  -2.7974395066618918E-002
           7          14   4.5897200118995320E-002
           7          15  -1.4996344556138342E-002
           7          16  0.56893467702314460     
           7          17  -1.8747728790582580E-002
           7          18   1.7171013546194089E-003
           7          19  -5.5056706456673953E-002
           7          20   2.1466398282579120E-003
           7          21  -2.0498557522379220E-013
           7          22  -1.4023698928148702E-014
           7          23  -2.4220821155528342E-013
           7          24  -3.4506729533301083E-014
           7          25  -1.0517021342476809E-014
           7          26  -1.7771206240277822E-013
           7          27  -1.3710358159601023E-013
           7          28   2.3566369813577597E-014
           7          29  -1.0358534590814386E-013
           7          30   1.8774316669860772E-014
           7          31   7.2977803774950037E-015
           7          32  -1.0861262629428712E-013
           7          33   6.8841313608666846E-003
           7          34 -0.15687292350109938     
           7          35   3.0786771377583678E-003
           7          36 -0.35077852077759131     
           7          37   3.8488182101064365E-003
           7          38   8.8950097877254681E-016
           7          39   3.8488182101012965E-003
           7          40   3.0786771377566235E-003
           7          41 -0.15687292350110466     
           7          42   8.6062191508360607E-003
           8           1  -3.9287435971781175E-013
           8           2  -1.2179627192791047E-012
           8           3   6.5134651930495969E-013
           8           4   6.1612468342417899E-013
           8           5   4.0775630886149337E-014
           8           6  0.14762998142249334     
           8           7 -0.18461670646657749     
           8           8   2.9665564445641022     
           8           9 -0.24011375435523080     
           8          10  0.30027105659187209     
           8          11  -1.4541150207960043     
           8          12  -3.6702002384172705E-002
           8          13   4.5897200118907272E-002
           8          14  -2.7946245175095662E-002
           8          15   1.4991746445905840E-002
           8          16  -1.8747728790132145E-002
           8          17  0.56892317857551045     
           8          18  -1.7165748648860684E-003
           8          19   2.1466398282203323E-003
           8          20  -5.5055389869165090E-002
           8          21  -2.0600927946786980E-013
           8          22  -1.8101071945764045E-014
           8          23  -2.8339448386178838E-013
           8          24  -4.0268697709918531E-014
           8          25  -2.6504366896717367E-014
           8          26  -1.9315007575935865E-013
           8          27  -8.6578823187316523E-014
           8          28   4.1617098303627939E-014
           8          29  -1.9244018241897013E-014
           8          30   1.7040967712152054E-014
           8          31  -8.7959474355484076E-015
           8          32  -4.5085055297900151E-014
           8          33  -6.8820205801061367E-003
           8          34   3.8488182100165935E-003
           8          35  -3.0777331679656323E-003
           8          36   8.6062191506571014E-003
           8          37 -0.15687056292530130     
           8          38  -8.9204643126512714E-015
           8          39 -0.15687056292530815     
           8          40  -3.0777331679704843E-003
           8          41   3.8488182099864687E-003
           8          42 -0.35077324236967011     
           9           1   4.4880016521170162E-014
           9           2  -3.5727531104761447E-014
           9           3  -7.1227637845777976E-016
           9           4  -7.2508320036071911E-013
           9           5  -2.9329180669257822E-013
           9           6  -1.3460034889094721     
           9           7  0.24018739950681625     
           9           8 -0.24011375435523080     
           9           9   1.6584300611697402     
           9          10 -0.39065437581642742     
           9          11  0.39053459517507627     
           9          12  0.22289721303946572     
           9          13  -5.9712521971640363E-002
           9          14   5.9694213193668043E-002
           9          15 -0.17883424328702940     
           9          16   2.4390903244912290E-002
           9          17  -2.4383424618462077E-002
           9          18   1.8888416825255057E-002
           9          19  -2.7927907928534091E-003
           9          20   2.7919344801677678E-003
           9          21   2.3272311352610192E-013
           9          22   2.3810257596795397E-014
           9          23   2.6159820478119788E-013
           9          24   3.6148356210799022E-014
           9          25   1.4091258052681788E-014
           9          26   2.0560523079377702E-013
           9          27   1.8153340315440947E-013
           9          28  -2.0790680047287942E-014
           9          29   1.6217096876213438E-013
           9          30  -1.1843141090192937E-014
           9          31  -1.6619913746840626E-014
           9          32   1.6727361119381993E-013
           9          33   9.6204334569475775E-002
           9          34  -5.0073346813681030E-003
           9          35   4.3023886365528147E-002
           9          36  -1.1196740733604603E-002
           9          37   5.0057993554531591E-003
           9          38   5.7594790835542298E-015
           9          39   5.0057993554692660E-003
           9          40   4.3023886365535273E-002
           9          41  -5.0073346813553077E-003
           9          42   1.1193307640510757E-002
          10           1   6.8933372929458450E-014
          10           2  -9.5696120333109899E-014
          10           3  -6.3427452522595465E-014
          10           4  -7.4407154486956206E-013
          10           5  -4.3934828595641833E-013
          10           6  0.24018739950676707     
          10           7  -1.4542991844845632     
          10           8  0.30027105659187209     
          10           9 -0.39065437581642742     
          10          10   1.8345683075780932     
          10          11 -0.48837783509676819     
          10          12  -5.9712521971586462E-002
          10          13  0.24982039516615073     
          10          14  -7.4649803033096623E-002
          10          15   2.4390903245371021E-002
          10          16 -0.18983161383265396     
          10          17   3.0492366809215313E-002
          10          18  -2.7927907928588253E-003
          10          19   2.0147630348242712E-002
          10          20  -3.4914164687073865E-003
          10          21   2.4700189818178254E-013
          10          22   3.0905486684134012E-014
          10          23   2.7426043042818115E-013
          10          24   4.2981502984241252E-014
          10          25   7.5684927217857897E-015
          10          26   2.0536407021683328E-013
          10          27   2.4173415785165108E-013
          10          28  -2.4341222096556358E-014
          10          29   2.2220670341379661E-013
          10          30  -2.2224236193575495E-014
          10          31  -2.8206098321170259E-014
          10          32   2.1588944887127334E-013
          10          33  -1.1196740733916053E-002
          10          34   4.5281593445251456E-002
          10          35  -5.0073346814583789E-003
          10          36  0.10125272107313882     
          10          37  -6.2599356943731236E-003
          10          38  -4.7564233361833958E-015
          10          39  -6.2599356943608625E-003
          10          40  -5.0073346814576633E-003
          10          41   4.5281593445254703E-002
          10          42  -1.3997641747426726E-002
          11           1   8.0867522673680238E-014
          11           2   4.8061119048030850E-014
          11           3  -7.0878019502173321E-014
          11           4  -7.1134441225473479E-013
          11           5  -3.2345795051024139E-013
          11           6 -0.24011375435514465     
          11           7  0.30027105659199055     
          11           8  -1.4541150207960043     
          11           9  0.39053459517507627     
          11          10 -0.48837783509676819     
          11          11   1.8342687733354759     
          11          12   5.9694213193750019E-002
          11          13  -7.4649803032989667E-002
          11          14  0.24977461058987832     
          11          15  -2.4383424618578578E-002
          11          16   3.0492366808705193E-002
          11          17 -0.18981291210681500     
          11          18   2.7919344801785343E-003
          11          19  -3.4914164686917540E-003
          11          20   2.0145488975868826E-002
          11          21   2.1809716921664819E-013
          11          22   3.6387196484536969E-014
          11          23   2.6361865194458779E-013
          11          24   4.5601245461786596E-014
          11          25   3.0097637988275364E-014
          11          26   2.0405734686592812E-013
          11          27   2.0332130860258904E-013
          11          28  -3.2533734691530790E-014
          11          29   1.7215653022956403E-013
          11          30  -1.8212309913365291E-014
          11          31  -1.8306510460753690E-014
          11          32   1.7357476852431973E-013
          11          33   1.1193307640540835E-002
          11          34  -6.2599356942692128E-003
          11          35   5.0057993554990209E-003
          11          36  -1.3997641747141285E-002
          11          37   4.5277754071209486E-002
          11          38   8.3301704021331589E-015
          11          39   4.5277754071225931E-002
          11          40   5.0057993554987711E-003
          11          41  -6.2599356942466379E-003
          11          42  0.10124413597173518     
          12           1  -7.7791319077036869E-015
          12           2  -5.9801385381984819E-014
          12           3   2.0271131919173081E-014
          12           4  -1.3153894311595966E-013
          12           5  -7.0914069980220919E-014
          12           6  -1.1421120607693881E-002
          12           7   3.6713259234276652E-002
          12           8  -3.6702002384172705E-002
          12           9  0.22289721303946572     
          12          10  -5.9712521971586462E-002
          12          11   5.9694213193750019E-002
          12          12   4.5848855650674945E-002
          12          13  -9.1272119319240827E-003
          12          14   9.1244133883175704E-003
          12          15   1.5064792574972393E-002
          12          16   3.7282120362229425E-003
          12          17  -3.7270689089888222E-003
          12          18  -1.1135213295083988E-003
          12          19  -4.2688522618542348E-004
          12          20   4.2675433659596865E-004
          12          21   4.0678125437135318E-014
          12          22   4.4377381763421140E-015
          12          23   4.3748058851039798E-014
          12          24   5.2463790675533779E-015
          12          25   1.9735299721507373E-015
          12          26   3.7033358039848724E-014
          12          27   3.9505827227576135E-014
          12          28  -2.5803182734677225E-015
          12          29   3.7666707045101783E-014
          12          30  -1.7557722366732660E-015
          12          31  -2.9994865922835953E-015
          12          32   3.7002051901310796E-014
          12          33  -1.2346977783151962E-002
          12          34  -7.6538393191188047E-004
          12          35  -5.5217363279577063E-003
          12          36  -1.7114505006364028E-003
          12          37   7.6514925340716105E-004
          12          38   4.0571015685467718E-016
          12          39   7.6514925340927145E-004
          12          40  -5.5217363279567539E-003
          12          41  -7.6538393191044900E-004
          12          42   1.7109257435495213E-003
          13           1  -1.8490658527276216E-014
          13           2  -5.7052701084202868E-014
          13           3   1.5203967377987205E-014
          13           4  -7.5852110863590859E-014
          13           5  -5.3138771735809386E-014
          13           6   3.6713259234290294E-002
          13           7  -2.7974395066618918E-002
          13           8   4.5897200118907272E-002
          13           9  -5.9712521971640363E-002
          13          10  0.24982039516615073     
          13          11  -7.4649803032989667E-002
          13          12  -9.1272119319240827E-003
          13          13   4.9964133000177373E-002
          13          14  -1.1410413602760443E-002
          13          15   3.7282120362930903E-003
          13          16   1.3383816318256685E-002
          13          17   4.6608363704086029E-003
          13          18  -4.2688522618578771E-004
          13          19  -9.2104731715412201E-004
          13          20  -5.3367195020957681E-004
          13          21   2.5105832605560011E-014
          13          22   5.1907221327943044E-015
          13          23   2.7353744622870866E-014
          13          24   5.8122287254583696E-015
          13          25   6.0708775966200049E-016
          13          26   1.8898261156939262E-014
          13          27   2.8689604977412638E-014
          13          28  -2.9142299023378390E-015
          13          29   2.7721755059914731E-014
          13          30  -2.9179081255725376E-015
          13          31  -5.2531240015642565E-015
          13          32   2.5920620600169896E-014
          13          33  -1.7114505006854300E-003
          13          34  -5.1766400178983908E-003
          13          35  -7.6538393192663809E-004
          13          36  -1.1575318975057322E-002
          13          37  -9.5684720518058393E-004
          13          38  -9.1782410952929108E-016
          13          39  -9.5684720517848405E-004
          13          40  -7.6538393192665131E-004
          13          41  -5.1766400178982017E-003
          13          42  -2.1395753948711088E-003
          14           1  -1.7106861917030323E-014
          14           2  -1.0121930343123651E-013
          14           3   4.6567751004270456E-014
          14           4  -8.2226356861151494E-014
          14           5  -5.8162742457862480E-014
          14           6  -3.6702002384170838E-002
          14           7   4.5897200118995320E-002
          14           8  -2.7946245175095662E-002
          14           9   5.9694213193668043E-002
          14          10  -7.4649803033096623E-002
          14          11  0.24977461058987832     
          14          12   9.1244133883175704E-003
          14          13  -1.1410413602760443E-002
          14          14   4.9957134710406748E-002
          14          15  -3.7270689090198946E-003
          14          16   4.6608363703504021E-003
          14          17   1.3386674924953695E-002
          14          18   4.2675433659934996E-004
          14          19  -5.3367195021058588E-004
          14          20  -9.2137463140387621E-004
          14          21   2.3719959366212289E-014
          14          22   5.9623240991929743E-015
          14          23   2.6046572543335322E-014
          14          24   5.8234412999920660E-015
          14          25   3.8504850149967492E-015
          14          26   2.1970264182905857E-014
          14          27   3.1657685238339070E-014
          14          28  -2.9463141253696930E-015
          14          29   3.1410823739813976E-014
          14          30  -2.2359191553191696E-015
          14          31  -4.6782136084511750E-015
          14          32   2.9286510072973197E-014
          14          33   1.7109257435619560E-003
          14          34  -9.5684720516864177E-004
          14          35   7.6514925341630814E-004
          14          36  -2.1395753948311759E-003
          14          37  -5.1772268760541511E-003
          14          38   9.1711329590245296E-016
          14          39  -5.1772268760513305E-003
          14          40   7.6514925341579921E-004
          14          41  -9.5684720516671449E-004
          14          42  -1.1576631229801029E-002
          15           1  -4.0523454441664866E-014
          15           2  -1.5663731480684476E-013
          15           3   9.7440616246503195E-014
          15           4   1.9145097280100657E-013
          15           5   5.7388652396027358E-014
          15           6  0.56217312513385465     
          15           7  -1.4996344556138342E-002
          15           8   1.4991746445905840E-002
          15           9 -0.17883424328702940     
          15          10   2.4390903245371021E-002
          15          11  -2.4383424618578578E-002
          15          12   1.5064792574972393E-002
          15          13   3.7282120362930903E-003
          15          14  -3.7270689090198946E-003
          15          15  0.11549372492252263     
          15          16  -1.5228708493529941E-003
          15          17   1.5224039137212749E-003
          15          18  -1.1023203553664377E-002
          15          19   1.7437073338653588E-004
          15          20  -1.7431726863314912E-004
          15          21  -6.3073659616784789E-014
          15          22   4.7759883362133770E-016
          15          23  -6.8182759383216847E-014
          15          24  -2.9434312660324520E-015
          15          25  -1.3235766428172135E-015
          15          26  -6.0149580139003099E-014
          15          27  -3.4994115983820079E-014
          15          28   2.7684960943701208E-015
          15          29  -3.1028197288588061E-014
          15          30   8.7349547424805850E-016
          15          31  -9.1939119652568728E-017
          15          32  -3.4901332645304693E-014
          15          33  -7.2569903188615476E-002
          15          34   3.1263803323011209E-004
          15          35  -3.2454247330069304E-002
          15          36   6.9907989465404835E-004
          15          37  -3.1254217360000559E-004
          15          38  -1.5274829134582522E-015
          15          39  -3.1254217360187329E-004
          15          40  -3.2454247330070088E-002
          15          41   3.1263803322802277E-004
          15          42  -6.9886554600719335E-004
          16           1  -3.1141416939170643E-014
          16           2  -1.9776911043118097E-013
          16           3   1.1522526155165853E-013
          16           4   1.3161087116666769E-013
          16           5   3.6439782846136273E-014
          16           6  -1.4996344555847098E-002
          16           7  0.56893467702314460     
          16           8  -1.8747728790132145E-002
          16           9   2.4390903244912290E-002
          16          10 -0.18983161383265396     
          16          11   3.0492366808705193E-002
          16          12   3.7282120362229425E-003
          16          13   1.3383816318256685E-002
          16          14   4.6608363703504021E-003
          16          15  -1.5228708493529941E-003
          16          16  0.11618035693688655     
          16          17  -1.9038219320125247E-003
          16          18   1.7437073338491719E-004
          16          19  -1.1101823830596352E-002
          16          20   2.1799013794478804E-004
          16          21  -4.6901943515057835E-014
          16          22  -7.8117399974599616E-016
          16          23  -5.3324753893255068E-014
          16          24  -4.5477264047589565E-015
          16          25  -1.8253043375160706E-015
          16          26  -4.3916237140935611E-014
          16          27  -2.4244597159966178E-014
          16          28   3.5039379662399930E-015
          16          29  -1.8062495372139193E-014
          16          30   2.5665058197070217E-015
          16          31  -5.5615777461460374E-016
          16          32  -1.9723935261913453E-014
          16          33   6.9907989465534462E-004
          16          34  -3.2595209567687466E-002
          16          35   3.1263803322683801E-004
          16          36  -7.2885104334198952E-002
          16          37   3.9084545133322228E-004
          16          38  -1.7248511648564265E-016
          16          39   3.9084545133301162E-004
          16          40   3.1263803322649118E-004
          16          41  -3.2595209567688424E-002
          16          42   8.7395699787497618E-004
          17           1  -9.1118852997510070E-014
          17           2  -2.5486693894633202E-013
          17           3   1.4384289397136192E-013
          17           4   1.4574599370403447E-013
          17           5   2.1739071972969202E-014
          17           6   1.4991746445873090E-002
          17           7  -1.8747728790582580E-002
          17           8  0.56892317857551045     
          17           9  -2.4383424618462077E-002
          17          10   3.0492366809215313E-002
          17          11 -0.18981291210681500     
          17          12  -3.7270689089888222E-003
          17          13   4.6608363704086029E-003
          17          14   1.3386674924953695E-002
          17          15   1.5224039137212749E-003
          17          16  -1.9038219320125247E-003
          17          17  0.11617918927557913     
          17          18  -1.7431726863150062E-004
          17          19   2.1799013794398880E-004
          17          20  -1.1101690131823780E-002
          17          21  -4.7938586020908617E-014
          17          22  -1.2865443297800618E-015
          17          23  -6.2176769892196131E-014
          17          24  -5.6689973537320135E-015
          17          25  -3.7246383039564167E-015
          17          26  -4.6086806376454714E-014
          17          27  -2.2637198968179018E-014
          17          28   7.0177319616154082E-015
          17          29  -9.5776351995179839E-015
          17          30   2.4851950010680281E-015
          17          31  -3.4829135215415523E-015
          17          32  -1.5426595954768121E-014
          17          33  -6.9886554600990711E-004
          17          34   3.9084545133627019E-004
          17          35  -3.1254217360660616E-004
          17          36   8.7395699789105446E-004
          17          37  -3.2594969852457488E-002
          17          38  -1.3964926426940758E-015
          17          39  -3.2594969852457766E-002
          17          40  -3.1254217360774766E-004
          17          41   3.9084545133111020E-004
          17          42  -7.2884568314660586E-002
          18           1   5.7521101586402589E-016
          18           2   1.7299396930777494E-014
          18           3  -1.1092093551032386E-014
          18           4  -2.1630137536032158E-014
          18           5  -6.7726855636682159E-015
          18           6  -5.4282499791527314E-002
          18           7   1.7171013546194089E-003
          18           8  -1.7165748648860684E-003
          18           9   1.8888416825255057E-002
          18          10  -2.7927907928588253E-003
          18          11   2.7919344801785343E-003
          18          12  -1.1135213295083988E-003
          18          13  -4.2688522618578771E-004
          18          14   4.2675433659934996E-004
          18          15  -1.1023203553664377E-002
          18          16   1.7437073338491719E-004
          18          17  -1.7431726863150062E-004
          18          18   1.0544975352127111E-003
          18          19  -1.9965680395272468E-005
          18          20   1.9959558609721840E-005
          18          21   7.1161870003198333E-015
          18          22  -1.3247136467579304E-017
          18          23   7.6314345225956587E-015
          18          24   3.2254446779630759E-016
          18          25   1.4218908467863058E-016
          18          26   6.8073449854689287E-015
          18          27   4.0676879476988817E-015
          18          28  -2.8597564451271565E-016
          18          29   3.6717488191527618E-015
          18          30  -9.7188227230519266E-017
          18          31  -1.3304154995030157E-017
          18          32   4.0402386116196054E-015
          18          33   6.9050818735276881E-003
          18          34  -3.5797469733966028E-005
          18          35   3.0880464918823865E-003
          18          36  -8.0045575747574125E-005
          18          37   3.5786493677975716E-005
          18          38   1.5026027651622468E-016
          18          39   3.5786493678171408E-005
          18          40   3.0880464918824693E-003
          18          41  -3.5797469733754020E-005
          18          42   8.0021032540501298E-005
          19           1   1.5800103009067792E-015
          19           2   2.5111172276409774E-014
          19           3  -1.3015404390432062E-014
          19           4  -6.1364288446260149E-015
          19           5   1.4388536177120628E-015
          19           6   1.7171013546094175E-003
          19           7  -5.5056706456673953E-002
          19           8   2.1466398282203323E-003
          19           9  -2.7927907928534091E-003
          19          10   2.0147630348242712E-002
          19          11  -3.4914164686917540E-003
          19          12  -4.2688522618542348E-004
          19          13  -9.2104731715412201E-004
          19          14  -5.3367195021058588E-004
          19          15   1.7437073338653588E-004
          19          16  -1.1101823830596352E-002
          19          17   2.1799013794398880E-004
          19          18  -1.9965680395272468E-005
          19          19   1.0634996612649116E-003
          19          20  -2.4960160108443215E-005
          19          21   2.7253146565939740E-015
          19          22   1.1367383095939938E-016
          19          23   3.3611394509172138E-015
          19          24   4.8139358973835689E-016
          19          25   1.8046099002054413E-016
          19          26   2.3915907873414482E-015
          19          27  -3.5578268169967630E-017
          19          28  -3.5934605036695821E-016
