           1           1   2.1620376471165268     
           1           2  0.11360596090133104     
           1           3 -0.53356734473279743     
           1           4  0.14124930062379321     
           1           5   8.7114235708647181E-002
           1           6   1.1003146070526470E-014
           1           7   1.9994952672782405E-015
           1           8  -4.5464943150633221E-015
           1           9   8.5905429792460174E-015
           1          10   9.9515918104393341E-015
           1          11   6.8043291976578972E-016
           1          12   1.8089594178088308E-014
           1          13   2.0439181543365315E-015
           1          14  -3.0633972340304976E-015
           1          15  -4.0463317982282482E-014
           1          16  -3.9861451917859344E-014
           1          17  -1.4024299184726915E-014
           1          18   2.5541740476775394E-015
           1          19   2.1776349769788234E-014
           1          20   1.3109997764326689E-015
           1          21  -1.4707197785319637E-002
           1          22   4.7939920201917422E-015
           1          23  -1.4707197785304681E-002
           1          24   9.6909460082012750E-016
           1          25   4.0320877836774605E-015
           1          26  -1.4707197785305973E-002
           1          27  -6.3106986189351106E-003
           1          28  -4.5353358326274030E-015
           1          29  -6.3106986189400641E-003
           1          30  -4.3940763184279103E-015
           1          31   3.1568426500222192E-015
           1          32  -6.3106986189397519E-003
           1          33   1.3422075839530432E-014
           1          34   4.1507708866886491E-015
           1          35   6.9558149249898249E-015
           1          36   1.0051888087848825E-014
           1          37   1.9056694283226160E-015
           1          38  -8.8232540376885224E-015
           1          39   7.4297342722868290E-015
           1          40   1.4235927296421978E-014
           1          41   9.8883133393956633E-015
           1          42   9.1034262035091550E-015
           2           1  0.11360596090133104     
           2           2  0.16705747468713861     
           2           3 -0.50553929652272322     
           2           4  0.11271524439524844     
           2           5   8.1498614485065124E-002
           2           6   1.2830195569371341E-014
           2           7   7.3622017093175841E-015
           2           8  -1.2029194542214364E-015
           2           9   7.8179571926592172E-015
           2          10   1.2611647850590593E-014
           2          11   2.8337688336931558E-015
           2          12   2.2483398151597085E-014
           2          13   4.6535575128037279E-015
           2          14  -9.5809885196274247E-015
           2          15  -5.2031236854300671E-014
           2          16  -5.8388658922323037E-014
           2          17  -1.0988568775544212E-016
           2          18   5.6057244505558163E-015
           2          19   2.0752111660251588E-014
           2          20  -2.3591959120728852E-015
           2          21  -7.9844881200277740E-004
           2          22   4.5167799767886482E-015
           2          23  -7.9844881198976817E-004
           2          24   1.2930006625754242E-015
           2          25   5.1105548480538716E-015
           2          26  -7.9844881199236310E-004
           2          27   2.9674550658349841E-004
           2          28  -3.2074825228125835E-015
           2          29   2.9674550657978480E-004
           2          30  -6.8594564920975672E-015
           2          31   5.9980882803420516E-016
           2          32   2.9674550658261240E-004
           2          33   1.7055014940769401E-014
           2          34   9.2809967486283457E-015
           2          35   8.9725775065424021E-015
           2          36   2.0729627417371454E-014
           2          37   4.2919651179592408E-016
           2          38  -8.2028089836428696E-015
           2          39   3.9174315221734758E-015
           2          40   1.6888095373983995E-014
           2          41   1.6444489869761977E-014
           2          42   5.0466692832777042E-015
           3           1 -0.53356734473279743     
           3           2 -0.50553929652272322     
           3           3   1.6263783687766455     
           3           4 -0.60278443706500173     
           3           5 -0.43525998528148224     
           3           6  -3.5391262764992550E-014
           3           7  -7.8070877084748140E-015
           3           8   2.0506578275417857E-014
           3           9  -2.2103445348170762E-014
           3          10  -3.0128206469058437E-014
           3          11   3.3615950176229674E-016
           3          12  -6.3291682144626579E-014
           3          13  -1.1844250403834774E-014
           3          14   2.7490736350626327E-014
           3          15   1.4446424538151649E-013
           3          16   1.5901914409348642E-013
           3          17   2.5689868754939900E-016
           3          18  -1.7402026621122592E-014
           3          19  -6.0127148167696002E-014
           3          20   6.8720534844845104E-015
           3          21   3.0872912870970326E-004
           3          22  -1.3101983219199141E-014
           3          23   3.0872912867348397E-004
           3          24  -3.4597960225877429E-015
           3          25  -1.4094453411573938E-014
           3          26   3.0872912867979403E-004
           3          27  -3.2448625980154369E-004
           3          28   9.4342753991365894E-015
           3          29  -3.2448625979319100E-004
           3          30   1.9101959761353297E-014
           3          31  -2.4101849703533607E-015
           3          32  -3.2448625980122624E-004
           3          33  -4.7343489861595117E-014
           3          34  -2.5206997520369469E-014
           3          35  -2.5005410807501835E-014
           3          36  -5.6419033610320703E-014
           3          37  -1.5848111081964104E-015
           3          38   2.3389527285138503E-014
           3          39  -1.0863294031765923E-014
           3          40  -4.7218071279027069E-014
           3          41  -4.5241529066028592E-014
           3          42  -1.4348419010644262E-014
           4           1  0.14124930062379321     
           4           2  0.11271524439524844     
           4           3 -0.60278443706500173     
           4           4  0.90401916131534299     
           4           5  0.65498832307165356     
           4           6   8.9518320699765367E-015
           4           7  -8.6194159344777653E-015
           4           8  -2.9857714359022948E-014
           4           9   4.7739785939051752E-015
           4          10  -2.5324604455994436E-015
           4          11  -1.4916844657510628E-014
           4          12   5.0326670779389505E-016
           4          13  -1.3135465502938570E-015
           4          14  -2.9735031296547796E-016
           4          15   1.5245997035851793E-014
           4          16   1.7657446419402725E-014
           4          17   5.9009369254608113E-015
           4          18   7.5907662905946906E-015
           4          19   2.4155410298100486E-015
           4          20  -1.3077630580157908E-015
           4          21   1.0063161840824793E-002
           4          22   8.8199241524550704E-016
           4          23   1.0063161840821002E-002
           4          24  -5.6030863191051874E-016
           4          25  -1.4085239399507397E-015
           4          26   1.0063161840823998E-002
           4          27   2.6182038259939949E-004
           4          28  -6.4345568680692317E-016
           4          29   2.6182038260703921E-004
           4          30   8.1970432021199089E-016
           4          31   1.5016541562311925E-015
           4          32   2.6182038260809046E-004
           4          33  -4.1290692281605412E-015
           4          34  -2.8994249750174370E-015
           4          35  -2.0094547811418386E-015
           4          36  -5.7145082845092135E-015
           4          37   4.0284784644739521E-016
           4          38   3.4375430907221140E-017
           4          39  -2.1573554667862249E-015
           4          40  -2.9361609279355043E-015
           4          41  -3.5208818557349914E-015
           4          42  -1.8495784528198344E-015
           5           1   8.7114235708647181E-002
           5           2   8.1498614485065124E-002
           5           3 -0.43525998528148224     
           5           4  0.65498832307165356     
           5           5  0.49940824833718145     
           5           6   3.5855079042866519E-014
           5           7   3.0544772698066834E-014
           5           8   2.9142752210448588E-014
           5           9   1.7572060165134155E-014
           5          10   1.4764138156108976E-014
           5          11   1.4150914281292061E-014
           5          12  -4.5755244569693406E-015
           5          13   3.9318766506909650E-015
           5          14  -2.2338790531678296E-015
           5          15  -4.1538654187093847E-015
           5          16   1.9949493569327787E-014
           5          17  -4.4483423900503873E-015
           5          18  -2.8112081685709577E-015
           5          19   3.4316585349708623E-015
           5          20  -8.7574225428497464E-015
           5          21   5.3859017543816216E-003
           5          22   9.8787418184792151E-016
           5          23   5.3859017543801411E-003
           5          24  -2.2139315657523553E-016
           5          25  -1.0237018150599573E-015
           5          26   5.3859017543819668E-003
           5          27  -6.1452513648336659E-003
           5          28  -3.0863076464212458E-016
           5          29  -6.1452513648270791E-003
           5          30   6.0116803076648883E-016
           5          31   1.4809061170005711E-015
           5          32  -6.1452513648262395E-003
           5          33  -2.9179587973162491E-015
           5          34  -2.3292170699428543E-015
           5          35  -1.5602398494156902E-015
           5          36  -5.5013778823732106E-015
           5          37  -8.8087431281223397E-017
           5          38   8.1460706281539440E-017
           5          39  -2.4932205140619910E-015
           5          40  -2.4237589389242974E-015
           5          41  -2.9417428542334128E-015
           5          42  -2.9795528735176991E-015
           6           1   1.1003146070526470E-014
           6           2   1.2830195569371341E-014
           6           3  -3.5391262764992550E-014
           6           4   8.9518320699765367E-015
           6           5   3.5855079042866519E-014
           6           6   1.0636045283946309     
           6           7   1.5322812463303124E-014
           6           8  -6.0359703346613003E-015
           6           9  0.51636546933415595     
           6          10   1.2455314557513418E-015
           6          11   7.8713077722447740E-016
           6          12   3.9048977284722362E-002
           6          13  -8.9503057743023299E-015
           6          14  -9.2113816574369246E-016
           6          15  -8.4146734664579004E-002
           6          16   1.4876771689542645E-014
           6          17   3.4082545813385348E-014
           6          18  -6.8336790397472133E-002
           6          19   7.0837704192056552E-016
           6          20   6.9194324749111096E-015
           6          21  -7.2992450820750999E-015
           6          22   3.0827330704900528E-015
           6          23  -8.8613796710097945E-015
           6          24  -1.6585456540547207E-015
           6          25   2.1849841470304312E-015
           6          26  -2.8407712550798678E-015
           6          27  -5.7050277605721268E-015
           6          28  -4.7535515218907685E-015
           6          29  -1.2256702433878364E-014
           6          30   6.4974346110203761E-015
           6          31  -6.7528992876367288E-015
           6          32  -1.1403083754251401E-014
           6          33  -1.4556733392436318E-002
           6          34   6.8006581269153242E-015
           6          35  -6.5099691053573262E-003
           6          36  -4.3822367609691722E-015
           6          37  -5.7496325409078794E-015
           6          38   3.9291230893865917E-015
           6          39  -1.7572586181319189E-014
           6          40  -6.5099691053598840E-003
           6          41  -1.5982766325695105E-015
           6          42  -2.1898444429319110E-014
           7           1   1.9994952672782405E-015
           7           2   7.3622017093175841E-015
           7           3  -7.8070877084748140E-015
           7           4  -8.6194159344777653E-015
           7           5   3.0544772698066834E-014
           7           6   1.5322812463303124E-014
           7           7   1.0636045283946267     
           7           8  -7.8470216435810869E-015
           7           9  -1.4142333137900932E-014
           7          10  0.51636546933415817     
           7          11   1.1058862159352090E-015
           7          12  -2.7649757483594287E-014
           7          13   3.9048977284708720E-002
           7          14  -5.9396931817445567E-015
           7          15   1.2874922482308815E-013
           7          16  -8.4146734664544504E-002
           7          17   9.8820257532494692E-014
           7          18  -1.3151399457303539E-014
           7          19  -6.8336790397475672E-002
           7          20   7.4130155139351552E-015
           7          21   4.0724257886565657E-015
           7          22   7.5600382880608213E-015
           7          23  -2.2132311595924828E-015
           7          24  -2.1058430850460961E-015
           7          25   5.6928872072615299E-015
           7          26   8.8582184545533715E-015
           7          27  -2.0643709556861345E-015
           7          28  -2.1034633398722240E-014
           7          29  -6.6410216922681318E-015
           7          30   1.5270322800521096E-014
           7          31  -2.0279152159687050E-014
           7          32  -6.1805783303676788E-015
           7          33  -5.4578954203354784E-014
           7          34  -6.5099691053456775E-003
           7          35  -1.9693123000374951E-014
           7          36  -1.4556733392442553E-002
           7          37  -1.2111432733455382E-014
           7          38   1.0311786495728535E-014
           7          39  -4.2571279617806236E-014
           7          40  -2.6818337047623803E-014
           7          41  -6.5099691053647699E-003
           7          42  -5.6805742835314099E-014
           8           1  -4.5464943150633221E-015
           8           2  -1.2029194542214364E-015
           8           3   2.0506578275417857E-014
           8           4  -2.9857714359022948E-014
           8           5   2.9142752210448588E-014
           8           6  -6.0359703346613003E-015
           8           7  -7.8470216435810869E-015
           8           8   1.0636045283946176     
           8           9  -4.2240516640035253E-015
           8          10  -1.4684434224143672E-015
           8          11  0.51636546933415506     
           8          12  -9.6025618012696157E-015
           8          13   5.0411064211886014E-015
           8          14   3.9048977284714098E-002
           8          15   5.2907764974685634E-014
           8          16  -5.8073771486144565E-014
           8          17  -8.4146734664515249E-002
           8          18  -5.2954602508537008E-015
           8          19   1.5991710993618069E-014
           8          20  -6.8336790397482500E-002
           8          21   1.0566140673934922E-014
           8          22  -4.6086487930999487E-016
           8          23   4.5436169613417862E-015
           8          24   8.2354864136282396E-016
           8          25   7.8602923045672208E-016
           8          26   7.9645564602624399E-015
           8          27  -1.1066705564718985E-014
           8          28  -3.6388117091769516E-015
           8          29  -2.1857088666419808E-015
           8          30   6.4097942269982361E-016
           8          31  -2.2967021267630647E-015
           8          32  -7.8558779213949819E-015
           8          33  -2.2674462134275597E-014
           8          34   1.3156413892351226E-014
           8          35  -1.0377197148456196E-014
           8          36   3.0695823487192353E-014
           8          37  -6.5099691053767368E-003
           8          38   8.7762841722790226E-016
           8          39  -6.5099691053759276E-003
           8          40  -1.5003785974049277E-014
           8          41   1.0114305226682774E-014
           8          42  -1.4556733392469694E-002
           9           1   8.5905429792460174E-015
           9           2   7.8179571926592172E-015
           9           3  -2.2103445348170762E-014
           9           4   4.7739785939051752E-015
           9           5   1.7572060165134155E-014
           9           6  0.51636546933415595     
           9           7  -1.4142333137900932E-014
           9           8  -4.2240516640035253E-015
           9           9  0.25075780630579830     
           9          10  -9.7890445749371287E-015
           9          11  -2.4568021228521397E-016
           9          12   1.7403836352184825E-002
           9          13  -5.6851225116449847E-015
           9          14  -3.4781205693335791E-016
           9          15  -4.4861920353262669E-002
           9          16   7.5672974830798741E-015
           9          17   1.7193711732144149E-014
           9          18  -3.5662226139348434E-002
           9          19   7.9956522089017448E-016
           9          20   3.5889395838886689E-015
           9          21  -3.6260899224267789E-015
           9          22   1.5586179659661882E-015
           9          23  -4.3447703057644872E-015
           9          24  -8.2331624744225964E-016
           9          25   1.0893564457624213E-015
           9          26  -1.4524074252280387E-015
           9          27  -2.7142681544013352E-015
           9          28  -2.1863812396778631E-015
           9          29  -5.9445845745420789E-015
           9          30   3.0569228111139693E-015
           9          31  -3.2380567341053909E-015
           9          32  -5.4643818774302922E-015
           9          33  -6.9782211823900594E-003
           9          34   3.4014945807930828E-015
           9          35  -3.1207553988640349E-003
           9          36  -1.8578888427711722E-015
           9          37  -2.7794064792752157E-015
           9          38   1.8992661009721268E-015
           9          39  -8.5107431085224085E-015
           9          40  -3.1207553988652258E-003
           9          41  -6.4225426192610483E-016
           9          42  -1.0645916656906740E-014
          10           1   9.9515918104393341E-015
          10           2   1.2611647850590593E-014
          10           3  -3.0128206469058437E-014
          10           4  -2.5324604455994436E-015
          10           5   1.4764138156108976E-014
          10           6   1.2455314557513418E-015
          10           7  0.51636546933415817     
          10           8  -1.4684434224143672E-015
          10           9  -9.7890445749371287E-015
          10          10  0.25075780630580141     
          10          11   1.6067876196235152E-015
          10          12  -1.3531710474357063E-014
          10          13   1.7403836352179368E-002
          10          14  -2.7009644520958737E-015
          10          15   6.1324968540776847E-014
          10          16  -4.4861920353243413E-002
          10          17   4.8049238199343547E-014
          10          18  -6.0941242286880199E-015
          10          19  -3.5662226139349003E-002
          10          20   3.3414568854917075E-015
          10          21   1.6498345156351074E-015
          10          22   3.6587494234019601E-015
          10          23  -1.2322635965071663E-015
          10          24  -1.0038206063338389E-015
          10          25   2.7342719464356592E-015
          10          26   4.0011661052841455E-015
          10          27  -7.0309869271373848E-016
          10          28  -1.0089502909233005E-014
          10          29  -3.0748630582992923E-015
          10          30   7.3016127112551466E-015
          10          31  -9.7815786548834372E-015
          10          32  -2.7794446011330985E-015
          10          33  -2.5888362634174375E-014
          10          34  -3.1207553988585853E-003
          10          35  -9.3290446982058319E-015
          10          36  -6.9782211823934273E-003
          10          37  -5.8879631855898713E-015
          10          38   4.9826636556414643E-015
          10          39  -2.0618367581846918E-014
          10          40  -1.2658331414311379E-014
          10          41  -3.1207553988677516E-003
          10          42  -2.7589123477098058E-014
          11           1   6.8043291976578972E-016
          11           2   2.8337688336931558E-015
          11           3   3.3615950176229674E-016
          11           4  -1.4916844657510628E-014
          11           5   1.4150914281292061E-014
          11           6   7.8713077722447740E-016
          11           7   1.1058862159352090E-015
          11           8  0.51636546933415506     
          11           9  -2.4568021228521397E-016
          11          10   1.6067876196235152E-015
          11          11  0.25075780630580036     
          11          12  -4.4001260968151759E-015
          11          13   2.8657631823136881E-015
          11          14   1.7403836352183132E-002
          11          15   2.5485039426009770E-014
          11          16  -2.8336057458777634E-014
          11          17  -4.4861920353223603E-002
          11          18  -2.6762175375089007E-015
          11          19   7.6999360663562753E-015
          11          20  -3.5662226139350064E-002
          11          21   5.0537656456011129E-015
          11          22  -2.2532951723876787E-016
          11          23   2.1495829350828158E-015
          11          24   3.9671990400868586E-016
          11          25   3.9905764094210172E-016
          11          26   3.7452476818646119E-015
          11          27  -5.4373439440941575E-015
          11          28  -1.7526061505783287E-015
          11          29  -1.0907005466278591E-015
          11          30   3.0475949527989735E-016
          11          31  -1.0409081773950656E-015
          11          32  -3.9564609215677437E-015
          11          33  -1.0996168168728171E-014
          11          34   6.3528961822059677E-015
          11          35  -5.0474083463161742E-015
          11          36   1.4869751480475751E-014
          11          37  -3.1207553988739380E-003
          11          38   4.2991180023404654E-016
          11          39  -3.1207553988734974E-003
          11          40  -7.2736006670806612E-015
          11          41   4.9111512382890561E-015
          11          42  -6.9782211824072982E-003
          12           1   1.8089594178088308E-014
          12           2   2.2483398151597085E-014
          12           3  -6.3291682144626579E-014
          12           4   5.0326670779389505E-016
          12           5  -4.5755244569693406E-015
          12           6   3.9048977284722362E-002
          12           7  -2.7649757483594287E-014
          12           8  -9.6025618012696157E-015
          12           9   1.7403836352184825E-002
          12          10  -1.3531710474357063E-014
          12          11  -4.4001260968151759E-015
          12          12   5.2112956345130912E-002
          12          13  -1.4959279474868978E-015
          12          14   7.3075226425551546E-017
          12          15  0.12765561710556345     
          12          16   4.7257662193045672E-017
          12          17   6.5908650065384979E-016
          12          18   7.8567878108569786E-002
          12          19   8.8986486229809060E-016
          12          20   2.3524002299053912E-015
          12          21  -6.7339986626727613E-016
          12          22  -1.4076393841087186E-015
          12          23  -9.3118991260407744E-016
          12          24   9.1904926035642880E-016
          12          25  -4.4923250519568133E-016
          12          26  -9.1976114536367826E-016
          12          27   9.2596576030238430E-017
          12          28  -3.0579319100677774E-015
          12          29   5.9776361829917853E-016
          12          30   2.2183636309686669E-015
          12          31  -9.4973659410887585E-016
          12          32  -5.8537655124001380E-016
          12          33  -3.4471458837575211E-003
          12          34   8.2120860675842020E-016
          12          35  -1.5416104740024372E-003
          12          36   9.7445380757570145E-016
          12          37  -1.7126328567123910E-016
          12          38   7.8673247561002835E-017
          12          39  -7.5617680519998647E-016
          12          40  -1.5416104740029841E-003
          12          41   4.0667068237217144E-016
          12          42  -4.1573732303952723E-016
          13           1   2.0439181543365315E-015
          13           2   4.6535575128037279E-015
          13           3  -1.1844250403834774E-014
          13           4  -1.3135465502938570E-015
          13           5   3.9318766506909650E-015
          13           6  -8.9503057743023299E-015
          13           7   3.9048977284708720E-002
          13           8   5.0411064211886014E-015
          13           9  -5.6851225116449847E-015
          13          10   1.7403836352179368E-002
          13          11   2.8657631823136881E-015
          13          12  -1.4959279474868978E-015
          13          13   5.2112956345125021E-002
          13          14  -1.9397461067938325E-015
          13          15   1.2525394675437508E-014
          13          16  0.12765561710556267     
          13          17  -4.4728760625884279E-016
          13          18  -5.9900814777105358E-016
          13          19   7.8567878108566830E-002
          13          20  -8.0446784758888572E-016
          13          21   7.6046344128416153E-016
          13          22   9.5568414609934021E-016
          13          23  -5.3923732926796622E-016
          13          24   1.0607667746823585E-016
          13          25   1.3131250064502038E-015
          13          26   9.3590306089260511E-016
          13          27  -1.5507534735578459E-015
          13          28  -1.2985640800127387E-015
          13          29  -6.9117164645868965E-016
          13          30   1.2607346817027904E-015
          13          31  -8.4412427000413286E-016
          13          32  -4.4635380015821587E-016
          13          33  -4.2146055525757485E-015
          13          34  -1.5416104740007780E-003
          13          35  -1.5909650441688108E-015
          13          36  -3.4471458837577987E-003
          13          37  -4.6986611650090686E-016
          13          38   8.2754489451900009E-016
          13          39  -2.9539223714639295E-015
          13          40  -1.5916358942630405E-015
          13          41  -1.5416104740029984E-003
          13          42  -2.9276169162540066E-015
          14           1  -3.0633972340304976E-015
          14           2  -9.5809885196274247E-015
          14           3   2.7490736350626327E-014
          14           4  -2.9735031296547796E-016
          14           5  -2.2338790531678296E-015
          14           6  -9.2113816574369246E-016
          14           7  -5.9396931817445567E-015
          14           8   3.9048977284714098E-002
          14           9  -3.4781205693335791E-016
          14          10  -2.7009644520958737E-015
          14          11   1.7403836352183132E-002
          14          12   7.3075226425551546E-017
          14          13  -1.9397461067938325E-015
          14          14   5.2112956345160694E-002
          14          15   1.7957098481791144E-015
          14          16   2.0315238206935030E-016
          14          17  0.12765561710554285     
          14          18   1.2863787725996998E-015
          14          19   4.0608114744085454E-016
          14          20   7.8567878108607270E-002
          14          21   9.7745180914054039E-016
          14          22  -6.7554181195773109E-016
          14          23   1.6129560245904427E-016
          14          24   3.7100079640895776E-016
          14          25  -1.1053590169939099E-015
          14          26   1.6217598230896487E-015
          14          27  -4.8698267917543632E-017
          14          28  -1.9073490395082412E-016
          14          29  -2.4466404180154983E-016
          14          30   1.4955034028673639E-017
          14          31  -1.6716610837267787E-015
          14          32   2.4958793527109911E-015
          14          33  -5.2342570382168566E-016
          14          34   4.1930163768161928E-016
          14          35  -7.0215643195588093E-017
          14          36   5.4093556890736107E-016
          14          37  -1.5416104739908350E-003
          14          38   1.3379750552602035E-017
          14          39  -1.5416104739911373E-003
          14          40  -3.8846963840154658E-016
          14          41   2.8866882842534038E-018
          14          42  -3.4471458837314474E-003
          15           1  -4.0463317982282482E-014
          15           2  -5.2031236854300671E-014
          15           3   1.4446424538151649E-013
          15           4   1.5245997035851793E-014
          15           5  -4.1538654187093847E-015
          15           6  -8.4146734664579004E-002
          15           7   1.2874922482308815E-013
          15           8   5.2907764974685634E-014
          15           9  -4.4861920353262669E-002
          15          10   6.1324968540776847E-014
          15          11   2.5485039426009770E-014
          15          12  0.12765561710556345     
          15          13   1.2525394675437508E-014
          15          14   1.7957098481791144E-015
          15          15  0.34395948223851447     
          15          16   6.6218664124090279E-016
          15          17  -1.3804821001606174E-014
          15          18  0.21457224216786380     
          15          19   9.3376700347077414E-016
          15          20  -2.2361186998733606E-015
          15          21   1.2986472451244785E-015
          15          22  -4.1680622149556886E-015
          15          23   9.0362271337418251E-016
          15          24   2.6587765365718606E-015
          15          25  -1.5393252827815125E-015
          15          26  -1.1179339352495669E-016
          15          27   6.6139439692396340E-016
          15          28  -7.0641738602295450E-015
          15          29   3.1047343882837975E-015
          15          30   4.5952453997352322E-015
          15          31  -1.2771647935707978E-015
          15          32  -9.7259103833950087E-017
          15          33  -6.3626864775957453E-003
          15          34  -4.7720142182412851E-016
          15          35  -2.8454798124513156E-003
          15          36   1.1223186551119125E-016
          15          37   1.2576406387652930E-016
          15          38  -4.7957424131057490E-016
          15          39   6.7171406783160289E-016
          15          40  -2.8454798124522831E-003
          15          41  -8.8137166293600200E-017
          15          42   1.7699600465825826E-015
          16           1  -3.9861451917859344E-014
          16           2  -5.8388658922323037E-014
          16           3   1.5901914409348642E-013
          16           4   1.7657446419402725E-014
          16           5   1.9949493569327787E-014
          16           6   1.4876771689542645E-014
          16           7  -8.4146734664544504E-002
          16           8  -5.8073771486144565E-014
          16           9   7.5672974830798741E-015
          16          10  -4.4861920353243413E-002
          16          11  -2.8336057458777634E-014
          16          12   4.7257662193045672E-017
          16          13  0.12765561710556267     
          16          14   2.0315238206935030E-016
          16          15   6.6218664124090279E-016
          16          16  0.34395948223852535     
          16          17   5.0657720206130206E-015
          16          18  -5.6746468316695963E-015
          16          19  0.21457224216786752     
          16          20   1.2253001585094673E-014
          16          21   2.3686421264561885E-015
          16          22   1.1509365420430801E-015
          16          23   1.0209187622757654E-016
          16          24   6.3863359273282828E-016
          16          25   2.3978706118529916E-015
          16          26   1.9880754888536460E-015
          16          27  -3.9942174013880735E-015
          16          28   3.0157482344946323E-016
          16          29  -9.7573188100415568E-016
          16          30   6.0212773581638347E-016
          16          31   1.3446966981141437E-015
          16          32  -4.2773122541890035E-016
          16          33  -1.8246648224480790E-015
          16          34  -2.8454798124497266E-003
          16          35  -8.7605737822494173E-016
          16          36  -6.3626864775968668E-003
          16          37   1.1618717056169247E-015
          16          38   3.4287637770265242E-016
          16          39   4.7569370317680294E-017
          16          40   3.5482887786834819E-016
          16          41  -2.8454798124521374E-003
          16          42   2.9229751757028629E-015
          17           1  -1.4024299184726915E-014
          17           2  -1.0988568775544212E-016
          17           3   2.5689868754939900E-016
          17           4   5.9009369254608113E-015
          17           5  -4.4483423900503873E-015
          17           6   3.4082545813385348E-014
          17           7   9.8820257532494692E-014
          17           8  -8.4146734664515249E-002
          17           9   1.7193711732144149E-014
          17          10   4.8049238199343547E-014
          17          11  -4.4861920353223603E-002
          17          12   6.5908650065384979E-016
          17          13  -4.4728760625884279E-016
          17          14  0.12765561710554285     
          17          15  -1.3804821001606174E-014
          17          16   5.0657720206130206E-015
          17          17  0.34395948223818079     
          17          18  -2.0344562487579876E-015
          17          19  -6.9078857217741027E-015
          17          20  0.21457224216779391     
          17          21   1.4022853726119418E-016
          17          22  -1.6617017895541577E-015
          17          23  -9.1849515854436282E-016
          17          24   8.1363677569932335E-016
          17          25  -2.9875142742114802E-015
          17          26   2.2557081007972698E-015
          17          27   5.9865726595364266E-016
          17          28   1.3991903035228496E-016
          17          29  -1.4515526385984786E-015
          17          30  -7.2538812229780475E-017
          17          31  -3.9145408627898852E-015
          17          32   6.6053000751866069E-015
          17          33   2.2453894754810463E-015
          17          34  -1.9293648709922874E-015
          17          35   1.4683248378017380E-015
          17          36  -5.5600665673124616E-015
          17          37  -2.8454798124158964E-003
          17          38  -1.1818783509309799E-016
          17          39  -2.8454798124168193E-003
          17          40   1.4510250368869998E-015
          17          41  -2.4757350032892143E-015
          17          42  -6.3626864775179533E-003
          18           1   2.5541740476775394E-015
          18           2   5.6057244505558163E-015
          18           3  -1.7402026621122592E-014
          18           4   7.5907662905946906E-015
          18           5  -2.8112081685709577E-015
          18           6  -6.8336790397472133E-002
          18           7  -1.3151399457303539E-014
          18           8  -5.2954602508537008E-015
          18           9  -3.5662226139348434E-002
          18          10  -6.0941242286880199E-015
          18          11  -2.6762175375089007E-015
          18          12   7.8567878108569786E-002
          18          13  -5.9900814777105358E-016
          18          14   1.2863787725996998E-015
          18          15  0.21457224216786380     
          18          16  -5.6746468316695963E-015
          18          17  -2.0344562487579876E-015
          18          18  0.13409730278619855     
          18          19  -1.6092181277260799E-015
          18          20   3.4529939722278901E-015
          18          21   1.5138976277507799E-016
          18          22  -2.6308630561871952E-015
          18          23  -6.8448379529188193E-017
          18          24   1.6744331379021350E-015
          18          25  -9.8723495903450206E-016
          18          26  -7.9111059557086535E-016
          18          27   6.3650509995012886E-017
          18          28  -4.3070170340003224E-015
          18          29   1.6772119596279333E-015
          18          30   2.7493527276326946E-015
          18          31  -6.8862784714402603E-016
          18          32  -3.2017088421101936E-016
          18          33  -3.7244912185075102E-003
          18          34   2.9125333770456301E-016
          18          35  -1.6656430566047524E-003
          18          36   1.6816433093041113E-015
          18          37   3.5814268251629683E-016
          18          38  -3.5750098662421009E-016
          18          39   8.7657745645449119E-016
          18          40  -1.6656430566053125E-003
          18          41   6.6122409417543256E-016
          18          42   1.8602986515060448E-015
          19           1   2.1776349769788234E-014
          19           2   2.0752111660251588E-014
          19           3  -6.0127148167696002E-014
          19           4   2.4155410298100486E-015
          19           5   3.4316585349708623E-015
          19           6   7.0837704192056552E-016
          19           7  -6.8336790397475672E-002
          19           8   1.5991710993618069E-014
          19           9   7.9956522089017448E-016
          19          10  -3.5662226139349003E-002
          19          11   7.6999360663562753E-015
          19          12   8.8986486229809060E-016
          19          13   7.8567878108566830E-002
          19          14   4.0608114744085454E-016
          19          15   9.3376700347077414E-016
          19          16  0.21457224216786752     
          19          17  -6.9078857217741027E-015
          19          18  -1.6092181277260799E-015
          19          19  0.13409730278619972     
          19          20   1.3902765750637737E-015
          19          21   5.8949667876265503E-016
          19          22   5.9925812709726485E-016
          19          23  -7.1486886662202979E-016
          19          24   4.2901622822384931E-016
          19          25   1.4006565401976069E-015
          19          26   2.8196281801487910E-016
          19          27  -1.8702507155985058E-015
          19          28   5.1094349097849364E-016
