           1           1   2.0909900986430761     
           1           2  0.20754200248052040     
           1           3 -0.12734668005655467     
           1           4 -0.39913259232165016     
           1           5 -0.10766668125356790     
           1           6   3.9849502113862591E-013
           1           7   3.7075210572792621E-013
           1           8   1.2548407413293619E-014
           1           9  -2.2592803712359189E-014
           1          10  -4.7840541897044468E-014
           1          11  -1.0578187980260924E-015
           1          12   4.2828251396999935E-014
           1          13   2.1999372672683978E-014
           1          14   1.9179569182393231E-015
           1          15  -8.7515431264247487E-014
           1          16   7.4949941203280951E-014
           1          17  -1.7755100625372288E-015
           1          18   1.5679270589526667E-014
           1          19  -6.2019775762251794E-015
           1          20   6.5076584328679072E-016
           1          21  0.14031609943420670     
           1          22  -3.0996799757463862E-015
           1          23  0.14031609943421766     
           1          24  -2.3048090727073827E-015
           1          25   2.0266514066580449E-015
           1          26  0.14031609943421372     
           1          27   6.0789715502116017E-002
           1          28   2.0134694049271077E-015
           1          29   6.0789715502116884E-002
           1          30  -3.9231937652678141E-016
           1          31  -1.4548657132292943E-015
           1          32   6.0789715502114643E-002
           1          33   3.8067397167358410E-014
           1          34  -2.2073413348468307E-014
           1          35   1.4526511489090331E-014
           1          36  -5.0126488317366440E-014
           1          37   5.8048013949476101E-016
           1          38   5.5368716808819880E-016
           1          39   5.0082396919400927E-016
           1          40   1.5527104300440798E-014
           1          41  -2.0630231542923887E-014
           1          42  -7.1368183629112988E-016
           2           1  0.20754200248052040     
           2           2   1.1475444527564096     
           2           3 -0.74733645121423331     
           2           4   1.5008580385135095     
           2           5   1.2092834031465021     
           2           6   1.2510007468081706E-012
           2           7   1.1032218841579901E-012
           2           8   3.4510909096872703E-014
           2           9  -1.8129931227146503E-013
           2          10  -1.5308569307905090E-013
           2          11   1.5423712586225404E-015
           2          12   7.3647267986409536E-014
           2          13   7.6060285114248414E-014
           2          14   7.4601645683792988E-015
           2          15   1.6011716362602829E-013
           2          16   2.3173523271728618E-013
           2          17   9.5685276227992293E-015
           2          18  -1.3137352505666915E-014
           2          19  -2.2103804259848427E-014
           2          20  -3.2381728628020539E-015
           2          21 -0.40612262968982182     
           2          22   1.9287685025814912E-015
           2          23 -0.40612262968992280     
           2          24   1.4103715568898631E-014
           2          25  -6.3887866930279803E-015
           2          26 -0.40612262968988172     
           2          27 -0.56528376062351993     
           2          28  -1.2581889672326048E-015
           2          29 -0.56528376062348829     
           2          30  -3.5676060157453832E-015
           2          31  -6.8079950181113868E-016
           2          32 -0.56528376062350150     
           2          33  -1.1126269680664505E-013
           2          34  -6.8418181533844256E-014
           2          35  -5.3555418515554591E-014
           2          36  -1.4977555996110260E-013
           2          37  -1.2681653620629512E-018
           2          38   4.6612840356462886E-016
           2          39  -1.8607355647111128E-015
           2          40  -4.9088955274452094E-014
           2          41  -6.7490571270739463E-014
           2          42  -7.4556204041126681E-015
           3           1 -0.12734668005655467     
           3           2 -0.74733645121423331     
           3           3  0.51996899610010350     
           3           4 -0.61211672887038526     
           3           5 -0.57275424727021707     
           3           6  -8.3998262838097123E-013
           3           7  -6.9459399716099573E-013
           3           8  -1.5827527048681443E-014
           3           9   1.6501955988438610E-013
           3          10   9.3102053837782719E-014
           3          11  -3.3938001078122087E-015
           3          12  -3.1675351860653030E-014
           3          13  -4.6542587978410332E-014
           3          14  -4.4002528956880720E-015
           3          15  -1.2844322534799103E-013
           3          16  -1.6101292725792222E-013
           3          17  -2.6392968346568486E-015
           3          18   1.2174052145641877E-014
           3          19   1.5908088812065099E-014
           3          20   1.3491912017140357E-015
           3          21  0.15640189986701161     
           3          22  -1.0409412250030262E-015
           3          23  0.15640189986705397     
           3          24  -6.4794687466872833E-015
           3          25   1.8690254013208888E-015
           3          26  0.15640189986703562     
           3          27  0.26372566736509806     
           3          28   2.0164986250542264E-016
           3          29  0.26372566736508291     
           3          30   1.8196803636061581E-015
           3          31   1.2791430305338188E-015
           3          32  0.26372566736508973     
           3          33   8.3297874905028916E-014
           3          34   4.6231923088989767E-014
           3          35   4.0189940486427129E-014
           3          36   1.0228766573356950E-013
           3          37  -1.0348276181261299E-015
           3          38  -2.9651476165373082E-016
           3          39   5.5920300042544407E-016
           3          40   3.6611783699135054E-014
           3          41   4.6239543535623012E-014
           3          42   3.0923257865436251E-015
           4           1 -0.39913259232165016     
           4           2   1.5008580385135095     
           4           3 -0.61211672887038526     
           4           4   6.2534004922552748     
           4           5   4.0791770207795590     
           4           6  -4.9566232911746362E-013
           4           7  -9.0666761575812483E-013
           4           8  -2.0452607565439437E-014
           4           9  -3.0342171867540634E-013
           4          10   1.4713750370138418E-013
           4          11  -3.0258543527994278E-014
           4          12  -7.6630749213416418E-014
           4          13   8.5231664934671011E-015
           4          14  -2.8514429986697098E-016
           4          15  -4.5348590820572929E-013
           4          16  -2.7527311975729912E-013
           4          17   2.5275189950151512E-014
           4          18   5.5148518617368955E-014
           4          19   3.0336173678472003E-014
           4          20  -1.0545281454072336E-014
           4          21  -1.8062323155051960     
           4          22   6.1754156058395173E-015
           4          23  -1.8062323155055984     
           4          24   5.0180673206716992E-014
           4          25  -3.4892591408366568E-014
           4          26  -1.8062323155054469     
           4          27  -1.9550674015466190     
           4          28  -9.3088370652726056E-015
           4          29  -1.9550674015465166     
           4          30  -1.0334297825369323E-014
           4          31   8.8507320676799196E-015
           4          32  -1.9550674015465537     
           4          33   2.4794589926952952E-013
           4          34   6.3862789311765796E-014
           4          35   1.1173328810659741E-013
           4          36   1.5858851627529160E-013
           4          37  -3.3348172714069079E-015
           4          38   5.1462545778153664E-016
           4          39  -1.6218343577160636E-015
           4          40   1.1009528511832377E-013
           4          41   7.1376218111548145E-014
           4          42  -1.0842868629927834E-014
           5           1 -0.10766668125356790     
           5           2   1.2092834031465021     
           5           3 -0.57275424727021707     
           5           4   4.0791770207795590     
           5           5   2.7303401693617988     
           5           6   2.3302334058593860E-013
           5           7   2.7021005691607825E-013
           5           8  -6.9730763982466460E-014
           5           9  -1.2688727783233154E-013
           5          10  -7.7371447071955349E-014
           5          11   8.6319816246380130E-014
           5          12   2.2700946602044599E-014
           5          13   3.7647925256352535E-014
           5          14   2.6152079797782138E-014
           5          15  -1.7801251732896947E-013
           5          16  -1.4198420413130015E-014
           5          17   1.8116180450538291E-014
           5          18   2.5159465907876746E-014
           5          19   4.0133804846273426E-015
           5          20  -7.0020991569247868E-015
           5          21  -1.1697453431228733     
           5          22   4.0644385028854257E-015
           5          23  -1.1697453431231375     
           5          24   3.3339403874260860E-014
           5          25  -2.2211897718057673E-014
           5          26  -1.1697453431230371     
           5          27  -1.3042938804363235     
           5          28  -5.7525947465564208E-015
           5          29  -1.3042938804362547     
           5          30  -7.0799670937765054E-015
           5          31   4.9593842895050203E-015
           5          32  -1.3042938804362798     
           5          33   8.4024121641305963E-014
           5          34  -5.2599964311395097E-015
           5          35   3.6930549971539649E-014
           5          36  -1.6172095241456891E-015
           5          37  -2.6942946494602332E-015
           5          38   4.5081878659089324E-016
           5          39  -2.2112287288234330E-015
           5          40   3.7251189615713661E-014
           5          41  -5.4076410210841357E-016
           5          42  -1.0164401250744111E-014
           6           1   3.9849502113862591E-013
           6           2   1.2510007468081706E-012
           6           3  -8.3998262838097123E-013
           6           4  -4.9566232911746362E-013
           6           5   2.3302334058593860E-013
           6           6   3.1470060925174028     
           6           7  0.15805518630047793     
           6           8  -6.4335559103542300E-002
           6           9  -1.6701366790569727     
           6          10 -0.23699284104043983     
           6          11   9.6466729683195571E-002
           6          12 -0.19350453527700512     
           6          13  -5.4942047634828753E-002
           6          14   2.2363880841964882E-002
           6          15  0.40130005734131169     
           6          16  -8.6935471407796822E-004
           6          17   3.5386641140106582E-004
           6          18  -3.8506889444859811E-002
           6          19  -2.2888054190175572E-004
           6          20   9.3164659630580712E-005
           6          21   1.8523075575700338E-013
           6          22   2.8598828819636315E-014
           6          23   2.2573386820907992E-013
           6          24   1.1771475549334949E-014
           6          25  -2.2136417080469608E-014
           6          26   2.5245746872071574E-013
           6          27  -5.9363153308226578E-014
           6          28  -1.7871147864745619E-014
           6          29  -1.0072722581302111E-013
           6          30   7.5836905227750396E-016
           6          31   3.4221980121214906E-015
           6          32  -7.9001264568036212E-014
           6          33 -0.24330189433851906     
           6          34   1.5408557020362647E-003
           6          35 -0.10880791495909048     
           6          36   3.4454580932431955E-003
           6          37  -6.2719747075234273E-004
           6          38   4.7931983429472626E-015
           6          39  -6.2719747071410920E-004
           6          40 -0.10880791495904954     
           6          41   1.5408557020481081E-003
           6          42  -1.4024561799260058E-003
           7           1   3.7075210572792621E-013
           7           2   1.1032218841579901E-012
           7           3  -6.9459399716099573E-013
           7           4  -9.0666761575812483E-013
           7           5   2.7021005691607825E-013
           7           6  0.15805518630047793     
           7           7   2.8457167002625972     
           7           8  0.15019605568229885     
           7           9 -0.23699284104046831     
           7          10  -1.2183740338877789     
           7          11 -0.22520861720756341     
           7          12  -5.4942047634765609E-002
           7          13  -8.8772406401135484E-002
           7          14  -5.2210111158071393E-002
           7          15  -8.6935471428106769E-004
           7          16  0.40295724657730203     
           7          17  -8.2612695045801627E-004
           7          18  -2.2888054186841276E-004
           7          19  -3.8070590700173962E-002
           7          20  -2.1749969373760980E-004
           7          21   3.2160389475119771E-013
           7          22   1.4752472978358857E-014
           7          23   3.5810996348285733E-013
           7          24  -4.3306292763006392E-015
           7          25  -1.7109894844097037E-014
           7          26   3.7587227203776888E-013
           7          27  -5.3699032619243112E-014
           7          28  -1.2307711736506762E-014
           7          29  -8.4030047302852645E-014
           7          30   3.2681461256975013E-015
           7          31   1.6764575648616711E-015
           7          32  -5.4872065784778403E-014
           7          33   3.4454580933464688E-003
           7          34 -0.11174513890519577     
           7          35   1.5408557020649160E-003
           7          36 -0.24986972674718849     
           7          37   1.4642382464059469E-003
           7          38   7.5430175707232400E-015
           7          39   1.4642382464566243E-003
           7          40   1.5408557020835207E-003
           7          41 -0.11174513890519180     
           7          42   3.2741362542249379E-003
           8           1   1.2548407413293619E-014
           8           2   3.4510909096872703E-014
           8           3  -1.5827527048681443E-014
           8           4  -2.0452607565439437E-014
           8           5  -6.9730763982466460E-014
           8           6  -6.4335559103542300E-002
           8           7  0.15019605568229885     
           8           8   3.1535715220236287     
           8           9   9.6466729683206909E-002
           8          10 -0.22520861720755289     
           8          11  -1.6799810873788230     
           8          12   2.2363880841992447E-002
           8          13  -5.2210111158059146E-002
           8          14 -0.19578676434596193     
           8          15   3.5386641140379112E-004
           8          16  -8.2612695028084885E-004
           8          17  0.40126394535241844     
           8          18   9.3164659624983044E-005
           8          19  -2.1749969376533244E-004
           8          20  -3.8516396877631476E-002
           8          21  -2.8620605430474530E-015
           8          22  -2.8118740722880766E-015
           8          23   4.2106654416247114E-015
           8          24   1.0194082383883097E-014
           8          25   1.9868540906680898E-015
           8          26   4.0318448229995124E-014
           8          27   3.2707498280304882E-014
           8          28   3.1913082631893170E-015
           8          29   1.7559021106875651E-014
           8          30   5.0079344267950910E-015
           8          31  -5.5822769142928724E-015
           8          32   2.6402586897915272E-014
           8          33  -1.4024561799205301E-003
           8          34   1.4642382463698944E-003
           8          35  -6.2719747075376368E-004
           8          36   3.2741362541527279E-003
           8          37 -0.10874390959653607     
           8          38   2.3456704199591765E-015
           8          39 -0.10874390959652463     
           8          40  -6.2719747073825677E-004
           8          41   1.4642382463675970E-003
           8          42 -0.24315877399692998     
           9           1  -2.2592803712359189E-014
           9           2  -1.8129931227146503E-013
           9           3   1.6501955988438610E-013
           9           4  -3.0342171867540634E-013
           9           5  -1.2688727783233154E-013
           9           6  -1.6701366790569727     
           9           7 -0.23699284104046831     
           9           8   9.6466729683206909E-002
           9           9   2.1213313794206861     
           9          10  0.35535440512311484     
           9          11 -0.14464520189828767     
           9          12  0.46746025499641730     
           9          13   8.2381807685847783E-002
           9          14  -3.3533095505980146E-002
           9          15  -4.3394014972242573E-002
           9          16   1.3035373806053472E-003
           9          17  -5.3059825600315787E-004
           9          18   6.6828536438489350E-003
           9          19   3.4319057259173070E-004
           9          20  -1.3969397578638863E-004
           9          21   1.3250210565889534E-013
           9          22  -1.2316484276996245E-014
           9          23   1.1154684564702334E-013
           9          24  -7.0490490603091086E-015
           9          25   1.4826828660544496E-015
           9          26   7.7444029299403356E-014
           9          27   5.4218693219380429E-014
           9          28   3.2104883949923781E-015
           9          29   7.4342531167689974E-014
           9          30  -8.3826381212879476E-015
           9          31  -1.3772050477008886E-015
           9          32   6.7430537841100455E-014
           9          33   2.7698530969777892E-003
           9          34  -2.3104067572963828E-003
           9          35   1.2387159625163670E-003
           9          36  -5.1662265649738267E-003
           9          37   9.4043931090900107E-004
           9          38  -7.5672732314215986E-016
           9          39   9.4043931090400051E-004
           9          40   1.2387159624858252E-003
           9          41  -2.3104067572933804E-003
           9          42   2.1028862279089061E-003
          10           1  -4.7840541897044468E-014
          10           2  -1.5308569307905090E-013
          10           3   9.3102053837782719E-014
          10           4   1.4713750370138418E-013
          10           5  -7.7371447071955349E-014
          10           6 -0.23699284104043983     
          10           7  -1.2183740338877789     
          10           8 -0.22520861720755289     
          10           9  0.35535440512311484     
          10          10   1.4439444789298228     
          10          11  0.33768477497057331     
          10          12   8.2381807685868211E-002
          10          13  0.31042165758315371     
          10          14   7.8285457529148242E-002
          10          15   1.3035373805767008E-003
          10          16  -4.5878855832844137E-002
          10          17   1.2387203330902247E-003
          10          18   3.4319057260695420E-004
          10          19   6.0286537945946992E-003
          10          20   3.2612577642160775E-004
          10          21  -4.7955038346939804E-014
          10          22   9.6310379025392438E-017
          10          23  -5.6759941822355946E-014
          10          24   8.2425920575914358E-015
          10          25   1.5643239281123567E-015
          10          26  -5.5008230406151317E-014
          10          27   2.1681103676260603E-014
          10          28   6.0026488538442387E-016
          10          29   2.5014144174466653E-014
          10          30  -2.6996758705119034E-015
          10          31   1.3042556183066071E-015
          10          32   1.9470144758149970E-014
          10          33  -5.1662265649726332E-003
          10          34   5.6428805081381265E-003
          10          35  -2.3104067572850772E-003
          10          36   1.2617864405102954E-002
          10          37  -2.1955241716124572E-003
          10          38  -4.7946246233295284E-016
          10          39  -2.1955241716173348E-003
          10          40  -2.3104067572843269E-003
          10          41   5.6428805081399419E-003
          10          42  -4.9093412939719807E-003
          11           1  -1.0578187980260924E-015
          11           2   1.5423712586225404E-015
          11           3  -3.3938001078122087E-015
          11           4  -3.0258543527994278E-014
          11           5   8.6319816246380130E-014
          11           6   9.6466729683195571E-002
          11           7 -0.22520861720756341     
          11           8  -1.6799810873788230     
          11           9 -0.14464520189828767     
          11          10  0.33768477497057331     
          11          11   2.1360923901231343     
          11          12  -3.3533095505986293E-002
          11          13   7.8285457529122707E-002
          11          14  0.47088229993911490     
          11          15  -5.3059825592245984E-004
          11          16   1.2387203330182651E-003
          11          17  -4.3339867537725243E-002
          11          18  -1.3969397578387591E-004
          11          19   3.2612577642088377E-004
          11          20   6.6971093829526372E-003
          11          21   2.4659228197917646E-014
          11          22  -1.3186147821570872E-016
          11          23   1.8999592861529149E-014
          11          24  -1.9242756802254897E-014
          11          25  -5.5565093926910090E-015
          11          26  -2.6636231215964813E-014
          11          27  -3.9892012834878379E-014
          11          28  -1.9163926531377458E-015
          11          29  -2.1196425771253461E-014
          11          30  -4.1257355180730967E-015
          11          31   8.1653052302369354E-015
          11          32  -2.7448160535860956E-014
          11          33   2.1028862278573241E-003
          11          34  -2.1955241715922889E-003
          11          35   9.4043931089562148E-004
          11          36  -4.9093412939345531E-003
          11          37   1.1427443397713905E-003
          11          38   6.5448848596257566E-016
          11          39   1.1427443397660059E-003
          11          40   9.4043931087314824E-004
          11          41  -2.1955241715880046E-003
          11          42   2.5552540246188056E-003
          12           1   4.2828251396999935E-014
          12           2   7.3647267986409536E-014
          12           3  -3.1675351860653030E-014
          12           4  -7.6630749213416418E-014
          12           5   2.2700946602044599E-014
          12           6 -0.19350453527700512     
          12           7  -5.4942047634765609E-002
          12           8   2.2363880841992447E-002
          12           9  0.46746025499641730     
          12          10   8.2381807685868211E-002
          12          11  -3.3533095505986293E-002
          12          12  0.11963643377894964     
          12          13   1.9098573536017845E-002
          12          14  -7.7739771486094317E-003
          12          15   2.5411777882531794E-002
          12          16   3.0219905608128703E-004
          12          17  -1.2300858764005532E-004
          12          18  -1.6943888870379340E-003
          12          19   7.9561866528954405E-005
          12          20  -3.2385252812218475E-005
          12          21   3.9300736961688617E-014
          12          22  -9.1343659172712135E-016
          12          23   3.6969760682599181E-014
          12          24  -9.6064606201703180E-016
          12          25  -1.6708355275244111E-015
          12          26   2.9442826052635925E-014
          12          27  -7.9271607152028712E-015
          12          28  -7.5418805374529710E-016
          12          29  -5.9237720702539383E-015
          12          30  -2.4036707828617354E-015
          12          31  -8.0768204294638931E-017
          12          32  -5.8956507229732066E-015
          12          33  -2.2359366534851578E-002
          12          34  -5.3562157218957937E-004
          12          35  -9.9994127011503869E-003
          12          36  -1.1976862456292278E-003
          12          37   2.1802203472001035E-004
          12          38   2.3310200415202059E-016
          12          39   2.1802203472217528E-004
          12          40  -9.9994127011555044E-003
          12          41  -5.3562157218756329E-004
          12          42   4.8751209022699743E-004
          13           1   2.1999372672683978E-014
          13           2   7.6060285114248414E-014
          13           3  -4.6542587978410332E-014
          13           4   8.5231664934671011E-015
          13           5   3.7647925256352535E-014
          13           6  -5.4942047634828753E-002
          13           7  -8.8772406401135484E-002
          13           8  -5.2210111158059146E-002
          13           9   8.2381807685847783E-002
          13          10  0.31042165758315371     
          13          11   7.8285457529122707E-002
          13          12   1.9098573536017845E-002
          13          13   8.3230177532094995E-002
          13          14   1.8148916725901149E-002
          13          15   3.0219905603671109E-004
          13          16   2.4835717254164717E-002
          13          17   2.8717252067528797E-004
          13          18   7.9561866538122527E-005
          13          19  -1.8460520306288739E-003
          13          20   7.5605735029762308E-005
          13          21   1.7688280922563815E-015
          13          22   1.4337996498930861E-015
          13          23   2.6458410010369902E-015
          13          24   2.0220050559566205E-015
          13          25  -1.1678842167506626E-015
          13          26   4.8553071876008090E-015
          13          27  -1.5296731410217740E-014
          13          28  -9.9516426327245911E-016
          13          29  -1.7201676669923753E-014
          13          30  -4.8605146015024340E-016
          13          31   5.4493090419475248E-016
          13          32  -1.6061510902144862E-014
          13          33  -1.1976862456078115E-003
          13          34  -8.9783952847786470E-003
          13          35  -5.3562157217848885E-004
          13          36  -2.0076302185630720E-002
          13          37  -5.0898834365594402E-004
          13          38   5.7694943292950739E-016
          13          39  -5.0898834365255719E-004
          13          40  -5.3562157217649457E-004
          13          41  -8.9783952847777293E-003
          13          42  -1.1381325361699002E-003
          14           1   1.9179569182393231E-015
          14           2   7.4601645683792988E-015
          14           3  -4.4002528956880720E-015
          14           4  -2.8514429986697098E-016
          14           5   2.6152079797782138E-014
          14           6   2.2363880841964882E-002
          14           7  -5.2210111158071393E-002
          14           8 -0.19578676434596193     
          14           9  -3.3533095505980146E-002
          14          10   7.8285457529148242E-002
          14          11  0.47088229993911490     
          14          12  -7.7739771486094317E-003
          14          13   1.8148916725901149E-002
          14          14  0.12042976641895442     
          14          15  -1.2300858762011367E-004
          14          16   2.8717252067244508E-004
          14          17   2.5424330881651330E-002
          14          18  -3.2385252811627016E-005
          14          19   7.5605735026800416E-005
          14          20  -1.6910839792048267E-003
          14          21   3.9990801262484571E-015
          14          22  -3.0681224304616133E-016
          14          23   3.0012011263384963E-015
          14          24  -4.7124727444481746E-015
          14          25  -1.4519108953129127E-015
          14          26  -7.0381904380646749E-015
          14          27  -1.2141470633506365E-014
          14          28  -2.6201892638849140E-016
          14          29  -8.0625777681715346E-015
          14          30  -7.4151953782286199E-016
          14          31   1.8799427241586994E-015
          14          32  -9.0666464598624137E-015
          14          33   4.8751209021494717E-004
          14          34  -5.0898834365400568E-004
          14          35   2.1802203471711488E-004
          14          36  -1.1381325361670299E-003
          14          37  -1.0021661801352923E-002
          14          38   4.1676493101302001E-016
          14          39  -1.0021661801353424E-002
          14          40   2.1802203471195386E-004
          14          41  -5.0898834365295845E-004
          14          42  -2.2409117035340442E-002
          15           1  -8.7515431264247487E-014
          15           2   1.6011716362602829E-013
          15           3  -1.2844322534799103E-013
          15           4  -4.5348590820572929E-013
          15           5  -1.7801251732896947E-013
          15           6  0.40130005734131169     
          15           7  -8.6935471428106769E-004
          15           8   3.5386641140379112E-004
          15           9  -4.3394014972242573E-002
          15          10   1.3035373805767008E-003
          15          11  -5.3059825592245984E-004
          15          12   2.5411777882531794E-002
          15          13   3.0219905603671109E-004
          15          14  -1.2300858762011367E-004
          15          15   7.4458320487979707E-002
          15          16   4.7817324059853272E-006
          15          17  -1.9463798866209516E-006
          15          18  -6.7987880974573599E-003
          15          19   1.2589171165153954E-006
          15          20  -5.1243579880496951E-007
          15          21   1.4450292582250378E-013
          15          22   4.0397327487330541E-015
          15          23   1.4974195326595838E-013
          15          24   1.3909711509524233E-015
          15          25  -4.2323449990568162E-015
          15          26   1.5041436279293880E-013
          15          27   9.4711578693774743E-014
          15          28  -3.1403738762923674E-015
          15          29   8.9185857713993188E-014
          15          30  -9.9907413370637375E-016
          15          31   4.9666930630079601E-016
          15          32   9.2590436710272862E-014
          15          33  -4.8375148438110596E-002
          15          34  -8.4752053758229318E-006
          15          35  -2.1634024065852318E-002
          15          36  -1.8951135347067022E-005
          15          37   3.4497892229523175E-006
          15          38   8.5660489192037879E-016
          15          39   3.4497892299266314E-006
          15          40  -2.1634024065848301E-002
          15          41  -8.4752053730380653E-006
          15          42   7.7139632094549626E-006
          16           1   7.4949941203280951E-014
          16           2   2.3173523271728618E-013
          16           3  -1.6101292725792222E-013
          16           4  -2.7527311975729912E-013
          16           5  -1.4198420413130015E-014
          16           6  -8.6935471407796822E-004
          16           7  0.40295724657730203     
          16           8  -8.2612695028084885E-004
          16           9   1.3035373806053472E-003
          16          10  -4.5878855832844137E-002
          16          11   1.2387203330182651E-003
          16          12   3.0219905608128703E-004
          16          13   2.4835717254164717E-002
          16          14   2.8717252067244508E-004
          16          15   4.7817324059853272E-006
          16          16   7.4449205410518776E-002
          16          17   4.5439657622397266E-006
          16          18   1.2589171212904464E-006
          16          19  -6.8011878818645781E-003
          16          20   1.1963187618113990E-006
          16          21   9.2611142753422262E-014
          16          22   2.9694859609331065E-015
          16          23   9.8717599765951998E-014
          16          24   2.6399556890422355E-016
          16          25  -3.2138653245682386E-015
          16          26   1.0251753730465855E-013
          16          27   2.0909838097128114E-014
          16          28  -2.3839292882326110E-015
          16          29   1.5289448309361361E-014
          16          30   2.8420640053032204E-016
          16          31   5.1503796365875863E-016
          16          32   2.0371179737029028E-014
          16          33  -1.8951135355939580E-005
          16          34  -2.1617868382881329E-002
          16          35  -8.4752053818245668E-006
          16          36  -4.8339023232769299E-002
          16          37  -8.0537845750569836E-006
          16          38   1.4457156788052679E-015
          16          39  -8.0537845655719561E-006
          16          40  -8.4752053779923475E-006
          16          41  -2.1617868382880281E-002
          16          42  -1.8008809785091112E-005
          17           1  -1.7755100625372288E-015
          17           2   9.5685276227992293E-015
          17           3  -2.6392968346568486E-015
          17           4   2.5275189950151512E-014
          17           5   1.8116180450538291E-014
          17           6   3.5386641140106582E-004
          17           7  -8.2612695045801627E-004
          17           8  0.40126394535241844     
          17           9  -5.3059825600315787E-004
          17          10   1.2387203330902247E-003
          17          11  -4.3339867537725243E-002
          17          12  -1.2300858764005532E-004
          17          13   2.8717252067528797E-004
          17          14   2.5424330881651330E-002
          17          15  -1.9463798866209516E-006
          17          16   4.5439657622397266E-006
          17          17   7.4458519115626925E-002
          17          18  -5.1243579863655098E-007
          17          19   1.1963187585671444E-006
          17          20  -6.7987358035011729E-003
          17          21  -7.0657399543363009E-015
          17          22  -5.8158025207535926E-016
          17          23  -6.4255710124346849E-015
          17          24  -5.9947750966101630E-016
          17          25  -3.6483296951427217E-016
          17          26  -5.4562875655404689E-015
          17          27  -8.7240156781750706E-015
          17          28   3.7636368600966238E-016
          17          29  -9.1924872539535248E-015
          17          30   4.3702774757239341E-016
          17          31   2.5642964020326781E-018
          17          32  -8.2787610259309319E-015
          17          33   7.7139632121076021E-006
          17          34  -8.0537845723655449E-006
          17          35   3.4497892246945279E-006
          17          36  -1.8008809778442554E-005
          17          37  -2.1634376116079192E-002
          17          38   5.5992071615386162E-016
          17          39  -2.1634376116077637E-002
          17          40   3.4497892247158850E-006
          17          41  -8.0537845722367824E-006
          17          42  -4.8375935646349469E-002
          18           1   1.5679270589526667E-014
          18           2  -1.3137352505666915E-014
          18           3   1.2174052145641877E-014
          18           4   5.5148518617368955E-014
          18           5   2.5159465907876746E-014
          18           6  -3.8506889444859811E-002
          18           7  -2.2888054186841276E-004
          18           8   9.3164659624983044E-005
          18           9   6.6828536438489350E-003
          18          10   3.4319057260695420E-004
          18          11  -1.3969397578387591E-004
          18          12  -1.6943888870379340E-003
          18          13   7.9561866538122527E-005
          18          14  -3.2385252811627016E-005
          18          15  -6.7987880974573599E-003
          18          16   1.2589171212904464E-006
          18          17  -5.1243579863655098E-007
          18          18   6.2432835688644385E-004
          18          19   3.3144310850737131E-007
          18          20  -1.3491223116078242E-007
          18          21  -1.7090204457546378E-014
          18          22  -3.8179825100850057E-016
          18          23  -1.7591815754037176E-014
          18          24  -1.3510665059644191E-016
          18          25   3.8517829415237309E-016
          18          26  -1.7696968405109644E-014
          18          27  -1.2933932649383834E-014
          18          28   2.8853903210932998E-016
          18          29  -1.2407439376369728E-014
          18          30   7.9589502837738809E-017
          18          31  -4.6762704070975781E-017
          18          32  -1.2724707469480975E-014
          18          33   4.3841364110698893E-003
          18          34  -2.2313212046846736E-006
          18          35   1.9606454075569235E-003
          18          36  -4.9893858929786450E-006
          18          37   9.0824793710099712E-007
          18          38  -7.8550802142107704E-017
          18          39   9.0824793646288379E-007
          18          40   1.9606454075565194E-003
          18          41  -2.2313212049332092E-006
          18          42   2.0309041278866861E-006
          19           1  -6.2019775762251794E-015
          19           2  -2.2103804259848427E-014
          19           3   1.5908088812065099E-014
          19           4   3.0336173678472003E-014
          19           5   4.0133804846273426E-015
          19           6  -2.2888054190175572E-004
          19           7  -3.8070590700173962E-002
          19           8  -2.1749969376533244E-004
          19           9   3.4319057259173070E-004
          19          10   6.0286537945946992E-003
          19          11   3.2612577642088377E-004
          19          12   7.9561866528954405E-005
          19          13  -1.8460520306288739E-003
          19          14   7.5605735026800416E-005
          19          15   1.2589171165153954E-006
          19          16  -6.8011878818645781E-003
          19          17   1.1963187585671444E-006
          19          18   3.3144310850737131E-007
          19          19   6.2369655039325807E-004
          19          20   3.1496244373959707E-007
          19          21  -1.0017827345393506E-014
          19          22  -2.6877248193431009E-016
          19          23  -1.0582216970777720E-014
          19          24  -1.3207303327522701E-017
          19          25   2.9305731235714135E-016
          19          26  -1.0924041169313898E-014
          19          27  -3.2568074713577269E-015
          19          28   2.1665236450328402E-016
