           1           1   2.2023032126591033     
           1           2 -0.71796989558098501     
           1           3   9.8126488458744374E-002
           1           4  0.11270316678680065     
           1           5  -3.5964416950332589E-002
           1           6  -2.8777436891680365E-002
           1           7   8.7655589199174203E-015
           1           8  -1.0451177914104954E-015
           1           9   1.1320956798375731E-014
           1          10  -9.4401332166385371E-016
           1          11  -3.1626707512312601E-015
           1          12  -2.7683931312547834E-014
           1          13   2.0684441226800390E-014
           1          14  -3.8362981657495109E-015
           1          15   3.3416267144882727E-016
           1          16   8.4970363898457339E-015
           1          17  -1.0561310139280823E-014
           1          18  -1.6384980064100838E-016
           1          19   1.6069393467416728E-002
           1          20  -6.3921973366512595E-004
           1          21   1.6067192034753468E-002
           1          22  -6.0964712919061778E-004
           1          23   6.1005232568504440E-004
           1          24   1.6224872794463548E-002
           1          25   1.1565742492848034E-003
           1          26  -6.7911294042226678E-005
           1          27   1.1562123005861387E-003
           1          28  -5.3809315208911313E-005
           1          29   5.4000130381328101E-005
           1          30   1.1801153463273880E-003
           1          31   2.0121189693076396E-003
           1          32   6.4929064105956401E-004
           1          33   2.0140850618571410E-003
           1          34   6.4236117740133943E-004
           1          35  -6.4246119621484590E-004
           1          36   1.8689974207901296E-003
           1          37   2.4993753186567654E-004
           1          38   1.5496100004746554E-004
           1          39   2.5043305892733203E-004
           1          40   1.5105677436340030E-004
           1          41  -1.5111098562856350E-004
           1          42   2.1433787439425301E-004
           1          43  -7.9399994994669940E-015
           1          44  -4.7112075146436932E-016
           1          45  -1.4264509826792248E-015
           1          46  -7.7423555942698444E-015
           1          47  -1.5005717262710978E-015
           1          48  -1.5970229654850281E-015
           1          49   3.8819128530848306E-015
           1          50  -2.5872031705276723E-015
           1          51  -4.3090725947074075E-015
           1          52  -9.9799570516457140E-015
           2           1 -0.71796989558098501     
           2           2   2.5389865128624947     
           2           3 -0.47153093941402158     
           2           4 -0.46012768230482726     
           2           5  0.21096704494444837     
           2           6   7.2154313760817629E-002
           2           7  -1.9353949616204616E-014
           2           8   9.1381700578303682E-017
           2           9  -7.8838485438811461E-014
           2          10   1.3584961729965939E-014
           2          11  -3.4866854501184726E-015
           2          12   2.0323398419478919E-013
           2          13  -6.7409465079861364E-014
           2          14   1.3229283637278572E-014
           2          15   2.9773814237976682E-014
           2          16  -2.9919787331448259E-014
           2          17   3.9359920017102736E-014
           2          18  -2.7073416024333086E-016
           2          19  -3.2861988368607542E-002
           2          20   2.6742458886609079E-003
           2          21  -3.2852793264596974E-002
           2          22   2.5517949022625728E-003
           2          23  -2.5534729737788260E-003
           2          24  -3.3511639910433641E-002
           2          25  -1.4328801594192120E-002
           2          26   2.9665301696174296E-004
           2          27  -1.4327256711362410E-002
           2          28   2.3814994604964677E-004
           2          29  -2.3894170802547191E-004
           2          30  -1.4429649879052058E-002
           2          31  -2.4386788425631568E-002
           2          32  -2.3840250557233466E-003
           2          33  -2.4393974338296761E-002
           2          34  -2.3614115651178339E-003
           2          35   2.3617406578438859E-003
           2          36  -2.3863096760065081E-002
           2          37   6.3787248074241229E-003
           2          38  -5.6045465991368636E-004
           2          39   6.3769309372545459E-003
           2          40  -5.4619076473793487E-004
           2          41   5.4638876512639028E-004
           2          42   6.5075715668724207E-003
           2          43   2.8462473817310968E-014
           2          44  -2.9998676855564080E-015
           2          45  -3.8033972161226981E-015
           2          46   3.1850549059930773E-014
           2          47   7.0198507869601810E-015
           2          48   7.5513294234080894E-015
           2          49  -1.6282654226023508E-014
           2          50   9.0228596788908080E-015
           2          51   1.5830576475868506E-014
           2          52   3.7852979675086328E-014
           3           1   9.8126488458744374E-002
           3           2 -0.47153093941402158     
           3           3  0.79226711422656804     
           3           4  0.61518224940957167     
           3           5 -0.33203060945435359     
           3           6 -0.18855706184701476     
           3           7   2.8106316298333904E-015
           3           8   5.1005358217031877E-014
           3           9   6.9502095124131333E-015
           3          10  -1.0901719652729925E-013
           3          11   1.1581284373150573E-013
           3          12  -2.0067529637284482E-014
           3          13   2.4370257802943614E-014
           3          14  -1.2685897252074967E-014
           3          15   3.6903747982298876E-015
           3          16   4.0197405877024002E-014
           3          17  -9.2373486327550376E-014
           3          18  -4.3698451867022734E-015
           3          19   4.7650066435639807E-002
           3          20  -4.3405413298641992E-003
           3          21   4.7634847751365991E-002
           3          22  -4.1166136158693120E-003
           3          23   4.1196767376343755E-003
           3          24   4.8720642799599825E-002
           3          25   2.3781679559870452E-002
           3          26   6.0115347359067416E-004
           3          27   2.3782301903899423E-002
           3          28   6.9726359898689941E-004
           3          29  -6.9597393058077695E-004
           3          30   2.3714863231446465E-002
           3          31   2.4309883744525574E-002
           3          32   4.3786505654568849E-003
           3          33   2.4323058762851082E-002
           3          34   4.3390925523571853E-003
           3          35  -4.3396703532119982E-003
           3          36   2.3349304370807442E-002
           3          37  -3.8052981976860771E-003
           3          38   1.3413203935206642E-003
           3          39  -3.8010244980578181E-003
           3          40   1.3088535389485815E-003
           3          41  -1.3093048853360714E-003
           3          42  -4.1125931205908683E-003
           3          43  -1.4594376879785526E-014
           3          44   3.2184555559652627E-016
           3          45   1.5758462404562853E-014
           3          46  -3.9005736298132770E-014
           3          47  -5.3203244919857455E-015
           3          48  -1.3571519118213893E-014
           3          49   2.4965781578246178E-014
           3          50  -5.8551658923853537E-015
           3          51  -1.7942610233159680E-014
           3          52  -4.1927072706984017E-014
           4           1  0.11270316678680065     
           4           2 -0.46012768230482726     
           4           3  0.61518224940957167     
           4           4  0.53001749296678002     
           4           5 -0.40047382019399469     
           4           6 -0.33919245399519671     
           4           7  -1.3576219626892821E-013
           4           8   4.3047550455983656E-014
           4           9  -1.1461859596097052E-013
           4          10   3.1978867381216706E-013
           4          11   8.4639022261289354E-015
           4          12   1.6810636554877274E-013
           4          13   1.3759713342966166E-013
           4          14  -3.9376111817753837E-014
           4          15   5.7073376178627696E-014
           4          16   5.5926787630656617E-014
           4          17  -1.5155455564734844E-013
           4          18  -1.9796844084094796E-014
           4          19   3.5326704717351443E-002
           4          20  -2.6361202965719081E-003
           4          21   3.5317200499805371E-002
           4          22  -2.4777414567490651E-003
           4          23   2.4799035241555019E-003
           4          24   3.5991234139162442E-002
           4          25   1.3603103566516336E-002
           4          26   1.7552535270255250E-003
           4          27   1.3607632449746339E-002
           4          28   1.8037995350335418E-003
           4          29  -1.8031628563402193E-003
           4          30   1.3259306792561673E-002
           4          31   1.2935128874870170E-002
           4          32   6.3154003759833596E-003
           4          33   1.2954665695684642E-002
           4          34   6.2126208663137745E-003
           4          35  -6.2140706995949396E-003
           4          36   1.1520370954545124E-002
           4          37   6.2889493802097867E-003
           4          38   2.1355959953690724E-003
           4          39   6.2958014466995785E-003
           4          40   2.0798251785218748E-003
           4          41  -2.0805987798578097E-003
           4          42   5.7970735695201392E-003
           4          43  -1.7035954448251111E-014
           4          44  -3.1766016895792236E-015
           4          45   1.0479876102287711E-014
           4          46  -3.5345739565119542E-014
           4          47  -1.0648648528034104E-014
           4          48  -1.1319818120154797E-014
           4          49   1.5841486375472272E-014
           4          50  -7.5915529156832809E-015
           4          51  -2.0413440249279526E-014
           4          52  -3.8252033570021709E-014
           5           1  -3.5964416950332589E-002
           5           2  0.21096704494444837     
           5           3 -0.33203060945435359     
           5           4 -0.40047382019399469     
           5           5  0.55709289426888864     
           5           6  0.65018436206856411     
           5           7   1.0999759894672952E-013
           5           8   6.7524064848300552E-014
           5           9   6.0239730207291229E-013
           5          10  -8.4714572356030420E-013
           5          11   2.0414712654499638E-013
           5          12  -1.4084001198436994E-012
           5          13  -2.5508326438539576E-013
           5          14   9.7139268425801655E-014
           5          15  -4.3740521299849341E-013
           5          16  -8.7804204325882406E-014
           5          17   2.7331020807691733E-013
           5          18   3.7086578025460840E-014
           5          19  -1.4381328474492978E-002
           5          20  -3.8046646263420686E-004
           5          21  -1.4381678482140507E-002
           5          22  -4.4504851413432536E-004
           5          23   4.4418167378753540E-004
           5          24  -1.4341446463700207E-002
           5          25   4.2775110746236800E-003
           5          26  -4.1857525532962856E-003
           5          27   4.2650678280437351E-003
           5          28  -4.1608904459230463E-003
           5          29   4.1612681546620359E-003
           5          30   5.1874730610239530E-003
           5          31   8.3886409241783304E-003
           5          32  -1.0573895681512971E-002
           5          33   8.3553905693152138E-003
           5          34  -1.0355615026198930E-002
           5          35   1.0358665315144372E-002
           5          36   1.0786975717318813E-002
           5          37  -2.5905333445927617E-002
           5          38  -3.8577514100898136E-003
           5          39  -2.5917709409640530E-002
           5          40  -3.7571474367264720E-003
           5          41   3.7585429772147086E-003
           5          42  -2.5016896659160230E-002
           5          43   1.8724696720625871E-014
           5          44   1.5412442507392096E-014
           5          45  -2.4255300394598080E-015
           5          46   2.7961924442615524E-014
           5          47   2.4486904083064368E-014
           5          48   1.3370212888876353E-014
           5          49   7.6607090569865474E-015
           5          50   4.1243789726473276E-015
           5          51   2.6279799000402998E-014
           5          52   3.7568835520921679E-014
           6           1  -2.8777436891680365E-002
           6           2   7.2154313760817629E-002
           6           3 -0.18855706184701476     
           6           4 -0.33919245399519671     
           6           5  0.65018436206856411     
           6           6  0.82755631233256188     
           6           7   1.9897659310473195E-013
           6           8   1.5069052289104622E-013
           6           9   1.1599602392430038E-012
           6          10  -1.8725106858489758E-012
           6          11   7.5801779678114688E-013
           6          12  -2.7998741803214325E-012
           6          13  -5.5556182277673516E-013
           6          14   2.6792900492506556E-013
           6          15  -8.7878096961653619E-013
           6          16  -1.1949865535478240E-013
           6          17   3.4392931630639259E-013
           6          18   3.1827683002421181E-014
           6          19  -3.7842792178757784E-003
           6          20  -2.2596222905985810E-003
           6          21  -3.7926871351666681E-003
           6          22  -2.1015158855237498E-003
           6          23   2.1036704524778488E-003
           6          24  -3.2003400043568303E-003
           6          25   1.3749006868094292E-002
           6          26  -5.8170698015355777E-003
           6          27   1.3729841277266217E-002
           6          28  -5.6222377818608915E-003
           6          29   5.6249236196648199E-003
           6          30   1.5116310477414178E-002
           6          31   1.9953351265115243E-002
           6          32  -1.3303108222660716E-002
           6          33   1.9910656069356325E-002
           6          34  -1.2954660774643717E-002
           6          35   1.2959493710991307E-002
           6          36   2.3018021902821859E-002
           6          37  -3.6642197073054168E-002
           6          38  -4.9295985734355598E-003
           6          39  -3.6657988538594380E-002
           6          40  -4.8030166366762952E-003
           6          41   4.8047733025546680E-003
           6          42  -3.5508179747420501E-002
           6          43   3.5452257726036105E-014
           6          44   2.4146962088075359E-014
           6          45  -2.1313327375574119E-015
           6          46   1.1842252436369940E-014
           6          47   4.0123023402326397E-014
           6          48   2.7460494337611219E-014
           6          49   2.6131402966308727E-014
           6          50  -1.2706451969255230E-015
           6          51   3.6961279368761403E-014
           6          52   3.7783305837119663E-014
           7           1   8.7655589199174203E-015
           7           2  -1.9353949616204616E-014
           7           3   2.8106316298333904E-015
           7           4  -1.3576219626892821E-013
           7           5   1.0999759894672952E-013
           7           6   1.9897659310473195E-013
           7           7   2.2104233150368797     
           7           8  -3.2657875494138122E-004
           7           9  -3.1898470637438864E-004
           7          10 -0.54572708756115684     
           7          11   9.1844765773947679E-004
           7          12   8.9724976547365639E-004
           7          13 -0.21054126924978955     
           7          14   4.2560544924053964E-004
           7          15   4.1747385292162896E-004
           7          16  -7.9832025312556593E-003
           7          17  -1.1349322727840952E-004
           7          18  -1.1110066533121727E-004
           7          19   3.1208565161942548E-014
           7          20  -6.3868743545170604E-014
           7          21  -5.2257589360406587E-014
           7          22   5.7330457374747710E-014
           7          23   9.6103090114582732E-015
           7          24   9.8928377484594272E-014
           7          25  -7.7064501352201308E-014
           7          26   3.7723786336136909E-014
           7          27  -1.0403080926380473E-013
           7          28  -1.2789125573990492E-014
           7          29   7.6711667699459733E-014
           7          30   5.8997493624937431E-014
           7          31  -1.0854872392918117E-014
           7          32   6.2267103188377807E-014
           7          33  -4.4444165258573773E-014
           7          34  -7.2931828498583541E-014
           7          35  -3.8334078989646463E-014
           7          36  -9.4942254797161333E-014
           7          37  -8.4879432133363349E-014
           7          38   7.0953826469770123E-014
           7          39   1.5044248135058298E-014
           7          40   1.8100168051249767E-014
           7          41   2.0161690419821835E-014
           7          42  -3.6690571664720304E-014
           7          43   1.3467883889220128E-002
           7          44  -3.8332062767657210E-004
           7          45   3.1301551243435098E-003
           7          46  -2.1206008450245879E-003
           7          47   2.3718268751719987E-003
           7          48   2.2782935160441955E-004
           7          49  -1.2671131911342955E-003
           7          50   5.9827665575691736E-003
           7          51   1.6305844547555991E-003
           7          52  -1.9900832163471721E-003
           8           1  -1.0451177914104954E-015
           8           2   9.1381700578303682E-017
           8           3   5.1005358217031877E-014
           8           4   4.3047550455983656E-014
           8           5   6.7524064848300552E-014
           8           6   1.5069052289104622E-013
           8           7  -3.2657875494138122E-004
           8           8   2.2104221177090499     
           8           9   3.1909041405217461E-004
           8          10   9.1844765768658854E-004
           8          11 -0.54572372242181999     
           8          12  -8.9754490648039434E-004
           8          13   4.2560544939972828E-004
           8          14 -0.21053973270946427     
           8          15  -4.1758779553120956E-004
           8          16  -1.1349322707936518E-004
           8          17  -7.9836153029577070E-003
           8          18   1.1113407718694448E-004
           8          19  -1.1587375147359375E-013
           8          20   7.5388776245666830E-015
           8          21   4.4742699199145216E-014
           8          22  -7.0136868178252954E-014
           8          23  -8.7476291732649317E-014
           8          24  -1.0499131791403205E-013
           8          25   4.6255627411960521E-014
           8          26  -2.8298326504028995E-014
           8          27   8.7948653690185301E-014
           8          28  -5.6511536277208141E-015
           8          29  -8.2629716203979094E-014
           8          30  -8.8001476933594279E-014
           8          31  -7.4325075189074529E-014
           8          32  -3.3486173964459000E-014
           8          33  -3.5427655724477492E-014
           8          34   4.7250911972481263E-014
           8          35   5.8817848427923080E-014
           8          36  -3.5227541035273353E-014
           8          37  -3.8952768110350844E-015
           8          38  -6.2352577715762748E-014
           8          39  -9.1072586614483731E-014
           8          40  -1.6898910695968315E-014
           8          41  -3.7447785737113613E-014
           8          42  -5.7694810399215945E-014
           8          43  -2.0458054445050152E-003
           8          44   3.1258483843920673E-003
           8          45  -4.8366276018730692E-004
           8          46   1.3405606051617745E-002
           8          47   1.3527893608147306E-003
           8          48  -1.2931395709648566E-004
           8          49  -2.3801755647206531E-003
           8          50   1.6305780270690355E-003
           8          51   6.0648318093415171E-003
           8          52   1.9327859791390531E-003
           9           1   1.1320956798375731E-014
           9           2  -7.8838485438811461E-014
           9           3   6.9502095124131333E-015
           9           4  -1.1461859596097052E-013
           9           5   6.0239730207291229E-013
           9           6   1.1599602392430038E-012
           9           7  -3.1898470637438864E-004
           9           8   3.1909041405217461E-004
           9           9   2.2105094783610979     
           9          10   8.9724976562293346E-004
           9          11  -8.9754490653802597E-004
           9          12 -0.54596928966835101     
           9          13   4.1747385249483277E-004
           9          14  -4.1758779536007996E-004
           9          15 -0.21065225341642874     
           9          16  -1.1110066579202166E-004
           9          17   1.1113407746432411E-004
           9          18  -7.9534413091887739E-003
           9          19   6.8169626288159131E-014
           9          20  -3.6797977525857314E-014
           9          21  -1.6346110837413774E-013
           9          22   1.5758685616706802E-013
           9          23   1.4267127990136889E-015
           9          24   9.4252651612367917E-014
           9          25  -2.0625963754275183E-013
           9          26   1.1670452735105585E-014
           9          27  -3.4561499149870764E-013
           9          28  -7.0817612118632812E-014
           9          29  -1.5428620391967224E-014
           9          30  -8.9076781426992160E-014
           9          31  -3.4402518655871026E-013
           9          32   1.0977534512729824E-013
           9          33  -4.2769237416562480E-013
           9          34   3.4214644658050138E-015
           9          35   6.6780310988268750E-014
           9          36  -3.5236979389940150E-013
           9          37  -2.8768929329681731E-013
           9          38   6.6111247714688598E-014
           9          39  -2.7949562857217490E-013
           9          40   2.2907284326089549E-014
           9          41  -8.9042884894273324E-014
           9          42  -3.9120162428854406E-013
           9          43   4.6254441531598956E-005
           9          44   1.3523129542752383E-003
           9          45  -1.2666432074101102E-003
           9          46  -5.1934362066704751E-005
           9          47   6.2930720912490077E-003
           9          48   3.2459933434376108E-003
           9          49   6.3794442844951867E-003
           9          50  -3.6067676581020506E-004
           9          51   2.8308260189448611E-004
           9          52   1.1126398087038466E-002
          10           1  -9.4401332166385371E-016
          10           2   1.3584961729965939E-014
          10           3  -1.0901719652729925E-013
          10           4   3.1978867381216706E-013
          10           5  -8.4714572356030420E-013
          10           6  -1.8725106858489758E-012
          10           7 -0.54572708756115684     
          10           8   9.1844765768658854E-004
          10           9   8.9724976562293346E-004
          10          10   1.4576607935587536     
          10          11  -3.1088020801567917E-003
          10          12  -3.0401384462515686E-003
          10          13  0.46742176629032262     
          10          14  -1.3525982960634064E-004
          10          15  -1.3138528128877269E-004
          10          16   1.7757266491822254E-002
          10          17   4.0880429351819372E-004
          10          18   4.0086778956099391E-004
          10          19   1.1201707566003937E-013
          10          20   2.0590515956326731E-013
          10          21   2.7005039487748511E-013
          10          22  -1.1402291707744315E-013
          10          23  -1.5109891636036995E-014
          10          24  -1.2267123554686936E-013
          10          25   3.4438059743143278E-013
          10          26  -8.6830755225046117E-014
          10          27   4.4195289000177727E-013
          10          28  -4.0274430067919150E-015
          10          29  -1.7325990318432628E-013
          10          30   4.8533121199810638E-015
          10          31   4.7520688663692525E-013
          10          32  -1.4197182207257698E-013
          10          33   5.3768208814569795E-013
          10          34   1.8843860436065812E-013
          10          35   8.7491443481553614E-014
          10          36   6.6849563093565070E-013
          10          37   5.8502388162820701E-013
          10          38  -1.7214401402569509E-013
          10          39   3.5397530567440078E-013
          10          40  -5.0381756798526782E-014
          10          41  -4.4467304564295655E-014
          10          42   4.6275924255210253E-013
          10          43  -1.5588613569826324E-002
          10          44   9.8929468253395594E-004
          10          45   7.1958253402632302E-004
          10          46   4.8761328603982076E-003
          10          47  -6.3329955613076515E-003
          10          48  -7.8290649410275946E-004
          10          49   3.0340964358287754E-003
          10          50  -6.9043897162482061E-003
          10          51  -4.6751000020742251E-003
          10          52   4.5423041719838912E-003
          11           1  -3.1626707512312601E-015
          11           2  -3.4866854501184726E-015
          11           3   1.1581284373150573E-013
          11           4   8.4639022261289354E-015
          11           5   2.0414712654499638E-013
          11           6   7.5801779678114688E-013
          11           7   9.1844765773947679E-004
          11           8 -0.54572372242181999     
          11           9  -8.9754490653802597E-004
          11          10  -3.1088020801567917E-003
          11          11   1.4576494447734276     
          11          12   3.0410958086610463E-003
          11          13  -1.3525982996027974E-004
          11          14  0.46742126057965738     
          11          15   1.3143887273674170E-004
          11          16   4.0880429302143787E-004
          11          17   1.7758744099820339E-002
          11          18  -4.0097894754673500E-004
          11          19   3.4370872069996824E-014
          11          20  -1.0988653414397147E-014
          11          21  -3.0485583374683659E-013
          11          22   1.7726354761762906E-013
          11          23   2.4147238726592843E-013
          11          24   3.0713839637555079E-014
          11          25  -2.3370629848243867E-013
          11          26   3.7989396977516453E-014
          11          27  -3.7095031642885273E-013
          11          28   2.2449890788235035E-014
          11          29   1.8319485297831981E-013
          11          30   9.3969862328034759E-014
          11          31  -1.7194756798142749E-013
          11          32   8.5375818415315911E-014
          11          33  -2.4719302890767019E-013
          11          34  -1.1287175143041797E-013
          11          35  -1.4599409205057337E-013
          11          36  -2.4029418110786001E-013
          11          37  -2.9677739511567376E-013
          11          38   1.4626002402794009E-013
          11          39  -9.5554133744677968E-014
          11          40   4.1764419717002571E-014
          11          41   9.1793644836524947E-014
          11          42  -1.7853969128955979E-013
          11          43   4.6772933666198438E-003
          11          44   7.2926272054206443E-004
          11          45   1.2560474666379867E-003
          11          46  -1.5424561213606152E-002
          11          47  -3.2617762622941127E-003
          11          48   5.2097848465011568E-004
          11          49   6.3552154252402397E-003
          11          50  -4.6750816108825114E-003
          11          51  -7.1237711087516371E-003
          11          52  -4.3897976817949937E-003
          12           1  -2.7683931312547834E-014
          12           2   2.0323398419478919E-013
          12           3  -2.0067529637284482E-014
          12           4   1.6810636554877274E-013
          12           5  -1.4084001198436994E-012
          12           6  -2.7998741803214325E-012
          12           7   8.9724976547365639E-004
          12           8  -8.9754490648039434E-004
          12           9 -0.54596928966835101     
          12          10  -3.0401384462515686E-003
          12          11   3.0410958086610463E-003
          12          12   1.4584783252220910     
          12          13  -1.3138528016713301E-004
          12          14   1.3143887225015643E-004
          12          15  0.46745799236024210     
          12          16   4.0086779074206439E-004
          12          17  -4.0097894827988021E-004
          12          18   1.7650570383515703E-002
          12          19  -1.4509885876321815E-013
          12          20   1.1073798293784082E-013
          12          21   4.1363632753628812E-013
          12          22  -3.6946542487496575E-013
          12          23   3.6867351015501226E-014
          12          24  -1.6605632902760458E-013
          12          25   5.2326621042237775E-013
          12          26  -1.1986483403831873E-014
          12          27   8.7231809779507796E-013
          12          28   1.4584073905234554E-013
          12          29   3.0288197162141277E-014
          12          30   1.7911319808883730E-013
          12          31   8.0497548036327408E-013
          12          32  -2.6187011623181987E-013
          12          33   1.0051739753969311E-012
          12          34  -2.9055308760656000E-015
          12          35  -1.5243226099052943E-013
          12          36   8.3544490874664064E-013
          12          37   6.9171149000839839E-013
          12          38  -1.6013212392835958E-013
          12          39   6.7598561279447804E-013
          12          40  -6.0716738203742854E-014
          12          41   2.1691345713140985E-013
          12          42   9.3847138527247444E-013
          12          43  -8.7097201207577421E-004
          12          44  -3.2604131652544930E-003
          12          45   3.0327517160202953E-003
          12          46   8.8625579545132793E-004
          12          47  -7.6011748761021340E-003
          12          48  -8.4495939019641839E-003
          12          49  -7.8302370319199392E-003
          12          50   9.3102127664592598E-004
          12          51  -7.2471621000466451E-004
          12          52  -9.2552787883510880E-003
          13           1   2.0684441226800390E-014
          13           2  -6.7409465079861364E-014
          13           3   2.4370257802943614E-014
          13           4   1.3759713342966166E-013
          13           5  -2.5508326438539576E-013
          13           6  -5.5556182277673516E-013
          13           7 -0.21054126924978955     
          13           8   4.2560544939972828E-004
          13           9   4.1747385249483277E-004
          13          10  0.46742176629032262     
          13          11  -1.3525982996027974E-004
          13          12  -1.3138528016713301E-004
          13          13  0.15053745096792220     
          13          14   2.2633176226279084E-004
          13          15   2.2121985560792678E-004
          13          16   5.7250961910706340E-003
          13          17   1.4353289834931446E-004
          13          18   1.4049339440899152E-004
          13          19   5.1758036669972936E-015
          13          20  -2.2598987836578791E-014
          13          21   5.5255121455704899E-014
          13          22   4.7417095994780379E-015
          13          23  -4.5161728572276895E-014
          13          24   3.2629967978925280E-014
          13          25   8.8679306248230867E-014
          13          26  -9.5696213998899039E-014
          13          27   1.1898862769805012E-013
          13          28   3.1486402077231633E-014
          13          29  -8.6641678793127265E-014
          13          30   5.6737096043351616E-014
          13          31   1.4149661518046930E-013
          13          32  -8.3652770502599396E-014
          13          33   1.6142604217128903E-013
          13          34   7.7870538144948488E-014
          13          35   1.1440584904191783E-014
          13          36   2.4697168579173695E-013
          13          37   1.8314972379668379E-013
          13          38  -5.8515847470900492E-014
          13          39   1.0846591850135731E-013
          13          40  -1.5286236432451727E-014
          13          41  -1.4833598626003314E-014
          13          42   1.4716331637185526E-013
          13          43  -5.1590811198592799E-003
          13          44   3.4692526851796903E-004
          13          45   2.0969904148476380E-004
          13          46   1.5663657973813429E-003
          13          47  -2.0516774641901846E-003
          13          48  -2.7349307659307409E-004
          13          49   9.7944741371952201E-004
          13          50  -2.2900235172466348E-003
          13          51  -1.5434782531216747E-003
          13          52   1.4592533673821930E-003
          14           1  -3.8362981657495109E-015
          14           2   1.3229283637278572E-014
          14           3  -1.2685897252074967E-014
          14           4  -3.9376111817753837E-014
          14           5   9.7139268425801655E-014
          14           6   2.6792900492506556E-013
          14           7   4.2560544924053964E-004
          14           8 -0.21053973270946427     
          14           9  -4.1758779536007996E-004
          14          10  -1.3525982960634064E-004
          14          11  0.46742126057965738     
          14          12   1.3143887225015643E-004
          14          13   2.2633176226279084E-004
          14          14  0.15053827874290449     
          14          15  -2.2129109230752423E-004
          14          16   1.4353289819873005E-004
          14          17   5.7256183990285273E-003
          14          18  -1.4053583334991255E-004
          14          19   2.2817479234701225E-014
          14          20   2.7811447293712118E-014
          14          21  -8.8261224126684929E-014
          14          22   4.2928404779614815E-014
          14          23   9.2408627155035107E-014
          14          24  -1.5212455994771943E-014
          14          25  -6.7229104557674417E-014
          14          26   3.5947477038720310E-014
          14          27  -1.1172965504160922E-013
          14          28  -4.6219753476618733E-015
          14          29   7.0267639369994901E-014
          14          30   1.1477258372790432E-014
          14          31  -5.0178416694497574E-014
          14          32   4.0531068882343045E-014
          14          33  -7.4725465393110155E-014
          14          34  -4.2677756188747954E-014
          14          35  -4.0647021623464846E-014
          14          36  -8.7097614296778323E-014
          14          37  -9.4773862006959061E-014
          14          38   4.8165554071020987E-014
          14          39  -2.9890128778401678E-014
          14          40   1.3007112104247863E-014
          14          41   2.9738691736282320E-014
          14          42  -5.8145654431223377E-014
          14          43   1.5013202329859591E-003
          14          44   2.1272201038519882E-004
          14          45   4.3419087465023645E-004
          14          46  -5.1053397232245206E-003
          14          47  -1.0539139898955423E-003
          14          48   1.8777917616594024E-004
          14          49   2.0589012713558524E-003
          14          50  -1.5434760769130035E-003
          14          51  -2.3618527679768954E-003
          14          52  -1.4093351992683371E-003
          15           1   3.3416267144882727E-016
          15           2   2.9773814237976682E-014
          15           3   3.6903747982298876E-015
          15           4   5.7073376178627696E-014
          15           5  -4.3740521299849341E-013
          15           6  -8.7878096961653619E-013
          15           7   4.1747385292162896E-004
          15           8  -4.1758779553120956E-004
          15           9 -0.21065225341642874     
          15          10  -1.3138528128877269E-004
          15          11   1.3143887273674170E-004
          15          12  0.46745799236024210     
          15          13   2.2121985560792678E-004
          15          14  -2.2129109230752423E-004
          15          15  0.15047784821733148     
          15          16   1.4049339475264718E-004
          15          17  -1.4053583355526402E-004
          15          18   5.6874475765776051E-003
          15          19  -6.5915446353176849E-014
          15          20  -1.6416157597541006E-014
          15          21   1.1529746062563985E-013
          15          22  -9.5039324143546065E-014
          15          23  -1.3372361598681375E-014
          15          24  -1.2681631353269329E-014
          15          25   1.5656601646202108E-013
          15          26  -4.4117132769480074E-014
          15          27   2.6923191576723569E-013
          15          28   6.6626751046277270E-014
          15          29  -9.4002155857487974E-015
          15          30   9.0437885155160546E-014
          15          31   2.5537414022125636E-013
          15          32  -1.0708959468620050E-013
          15          33   3.2004776434437301E-013
          15          34   9.9811700688595134E-015
          15          35  -5.8832743440495151E-014
          15          36   2.9099411850355173E-013
          15          37   2.2298968957552388E-013
          15          38  -5.3973285441787235E-014
          15          39   2.1695923732682080E-013
          15          40  -1.9082970373288315E-014
          15          41   6.9239362909577113E-014
          15          42   3.0413785512489581E-013
          15          43  -3.1169863306228858E-004
          15          44  -1.0537526444668382E-003
          15          45   9.7928824289803896E-004
          15          46   3.1672846874333457E-004
          15          47  -2.5081392212564289E-003
          15          48  -2.7448052452937592E-003
          15          49  -2.5829915088516086E-003
          15          50   3.2446314157756726E-004
          15          51  -2.5701749149128648E-004
          15          52  -3.0920030767703135E-003
          16           1   8.4970363898457339E-015
          16           2  -2.9919787331448259E-014
          16           3   4.0197405877024002E-014
          16           4   5.5926787630656617E-014
