           1           1   2.6315010445669960     
           1           2  -1.3437540076900507     
           1           3 -0.79256848309811367     
           1           4  -7.5500143488020690     
           1           5  -1.0710073739383403     
           1           6   3.2870247439562728     
           1           7  -8.7301002759627614E-014
           1           8  -1.2692887496267499E-013
           1           9  -2.8315909974763955E-013
           1          10   4.5269686310655910E-014
           1          11  -6.3678257558194608E-015
           1          12   1.0155730690809879E-013
           1          13   2.7765703364197966E-015
           1          14   2.1665146646508684E-014
           1          15  -8.8507060377667643E-014
           1          16  -1.4951077465591246E-013
           1          17   1.6199479699380653E-013
           1          18  -8.9807423052008982E-014
           1          19   3.6450454306697336E-014
           1          20  -1.3952283711595036E-014
           1          21   1.2495768296304668E-014
           1          22   3.7051074709853733     
           1          23   3.1384319300755328E-014
           1          24   3.7051074709853271     
           1          25  -1.1167199055362196E-014
           1          26  -3.4334420506988070E-014
           1          27   3.7051074709852481     
           1          28  0.29652927076504432     
           1          29  -6.1315475741706528E-015
           1          30  0.29652927076498692     
           1          31   6.9309340574599981E-015
           1          32   6.3699908541366272E-014
           1          33  0.29652927076509306     
           1          34 -0.49542337070291781     
           1          35   1.7110228378389827E-014
           1          36 -0.49542337070291592     
           1          37   4.3149816137618229E-016
           1          38  -8.0707165228134576E-014
           1          39 -0.49542337070301545     
           1          40 -0.76974790077969346     
           1          41  -1.6363192323681070E-014
           1          42 -0.76974790077968502     
           1          43   2.4530569218249203E-015
           1          44   4.1143371806405589E-014
           1          45 -0.76974790077965838     
           1          46   8.2077111150347761E-014
           1          47  -5.3531948856546562E-014
           1          48   3.6301948811408730E-014
           1          49  -1.0951958801283589E-013
           1          50   4.3691322792021577E-014
           1          51  -1.1543366491400208E-014
           1          52   3.3871077400631853E-014
           1          53   2.9068177498236561E-014
           1          54  -3.3674482786924489E-014
           1          55   8.0791380399746258E-014
           2           1  -1.3437540076900507     
           2           2   3.9129343300349282     
           2           3   2.3835330142968187     
           2           4   7.8109678643543612     
           2           5   1.2809041968341970     
           2           6  -1.6065247932839624     
           2           7   2.1897530987881692E-013
           2           8   5.2850674223699364E-013
           2           9   8.6005604327494752E-013
           2          10  -4.5496572357074223E-014
           2          11  -1.0291102971137237E-013
           2          12  -2.0724390553627840E-013
           2          13  -2.8720167532392157E-014
           2          14   1.4665701486434309E-014
           2          15   8.2586696884771176E-014
           2          16   1.7619645914608281E-013
           2          17  -8.2129088831916188E-014
           2          18   1.6153690863017633E-013
           2          19  -4.1543453508257258E-014
           2          20   6.6143004416034577E-015
           2          21  -3.1762780711739856E-014
           2          22  -5.2578870843867858     
           2          23   2.8469019241155735E-014
           2          24  -5.2578870843864900     
           2          25  -8.4542970433895530E-014
           2          26   7.2290353690266602E-014
           2          27  -5.2578870843865158     
           2          28 -0.36371181859485463     
           2          29   1.0490415122514812E-014
           2          30 -0.36371181859499674     
           2          31   5.9066626483650857E-014
           2          32   6.8378270333522146E-015
           2          33 -0.36371181859503726     
           2          34  0.12678437797294970     
           2          35  -7.4752277347133218E-015
           2          36  0.12678437797306200     
           2          37  -3.4019941774123710E-014
           2          38  -1.1291045607879328E-014
           2          39  0.12678437797311731     
           2          40  0.37162387405614539     
           2          41   3.3702662704968910E-015
           2          42  0.37162387405609948     
           2          43  -2.3503281446269374E-015
           2          44   2.4708438605926978E-015
           2          45  0.37162387405608938     
           2          46  -7.5801159949077409E-014
           2          47   1.2779954989566367E-014
           2          48  -4.2617325945360541E-014
           2          49   3.3257438884153191E-014
           2          50  -4.0245566716227555E-014
           2          51  -1.3469739893112359E-014
           2          52  -4.9987748709291167E-014
           2          53  -3.8432841319677248E-014
           2          54   2.2104093597896345E-014
           2          55  -1.2850791494162712E-013
           3           1 -0.79256848309811367     
           3           2   2.3835330142968187     
           3           3   1.7552818360991338     
           3           4  -1.2342228879141652     
           3           5   5.8831506509452902E-002
           3           6   2.7496310123831398     
           3           7  -1.0561473286639319E-014
           3           8   6.4882184173225113E-013
           3           9   5.0552555867954682E-013
           3          10   1.5096925360461747E-013
           3          11   1.1120338675073093E-013
           3          12  -1.4700810343316362E-013
           3          13  -4.5267437973701750E-014
           3          14  -3.4125517474188819E-013
           3          15   8.4118184972828593E-014
           3          16  -7.1260251963555392E-014
           3          17  -3.5876477908313774E-013
           3          18   1.8812515023509176E-013
           3          19   1.3523605853016258E-014
           3          20   5.1255424956667931E-014
           3          21  -3.7254670690899644E-014
           3          22 -0.99489407868259216     
           3          23   4.0638867827625722E-013
           3          24 -0.99489407868231772     
           3          25  -5.0866009687896509E-013
           3          26   7.9805026990691702E-014
           3          27 -0.99489407868272361     
           3          28  -2.8512642440980812E-002
           3          29  -1.6063236836492006E-013
           3          30  -2.8512642441203495E-002
           3          31   2.5991194042252024E-013
           3          32   6.1809398109815861E-014
           3          33  -2.8512642440979868E-002
           3          34 -0.55863835061437050     
           3          35   1.2550113064855156E-013
           3          36 -0.55863835061425160     
           3          37  -1.6816669606179279E-013
           3          38  -8.7298586284590337E-014
           3          39 -0.55863835061440947     
           3          40 -0.64998174995991942     
           3          41  -4.1573670776991113E-014
           3          42 -0.64998174995995184     
           3          43   3.9058147006192759E-014
           3          44   4.4170186813329409E-014
           3          45 -0.64998174995990543     
           3          46   7.2399958370241195E-014
           3          47   1.2438279113220312E-013
           3          48   2.3229570707464872E-014
           3          49   2.8227609885038915E-013
           3          50  -3.9611004713476161E-014
           3          51  -2.5256206819423850E-014
           3          52  -5.7397995267498254E-014
           3          53   1.3624767634262611E-014
           3          54   1.5435766678129144E-013
           3          55  -1.3799576270163602E-013
           4           1  -7.5500143488020690     
           4           2   7.8109678643543612     
           4           3  -1.2342228879141652     
           4           4   142.95084159816128     
           4           5   17.982183649078323     
           4           6  -81.744094412744545     
           4           7   9.7360160505863467E-013
           4           8  -3.7862289977723503E-013
           4           9   1.7533366993988190E-012
           4          10  -1.3821423685990857E-012
           4          11   1.2902067381264388E-012
           4          12  -1.7448571038302189E-012
           4          13   7.2496679100495010E-013
           4          14  -1.2190554657916393E-012
           4          15   2.1311873019565431E-012
           4          16   3.7979937666804091E-012
           4          17  -4.0662080818963562E-012
           4          18   1.7410669763523361E-012
           4          19  -8.4067737626213919E-013
           4          20   4.6715139637783535E-013
           4          21  -1.5531852753834913E-013
           4          22  -57.970888322849646     
           4          23  -1.3850238022256178E-012
           4          24  -57.970888322850890     
           4          25   1.0769215750132502E-012
           4          26   4.9496670966482046E-013
           4          27  -57.970888322848083     
           4          28  -4.8576462158636531     
           4          29   2.5388540871767295E-013
           4          30  -4.8576462158611520     
           4          31  -5.2076264793597011E-013
           4          32  -1.7108810040443116E-012
           4          33  -4.8576462158638742     
           4          34   13.613213128135353     
           4          35  -4.6406749926975051E-013
           4          36   13.613213128134563     
           4          37   2.0300794330548310E-013
           4          38   2.0292482816691411E-012
           4          39   13.613213128136916     
           4          40   19.201273786904949     
           4          41   3.2274513412772735E-013
           4          42   19.201273786904952     
           4          43  -1.0885830819580070E-013
           4          44  -9.9170293278665377E-013
           4          45   19.201273786904292     
           4          46  -2.4883537618927151E-012
           4          47   1.3952133075236333E-012
           4          48  -1.0506091517337791E-012
           4          49   3.0718660193292674E-012
           4          50  -9.6740763365381156E-013
           4          51   3.2944063815152754E-013
           4          52  -7.3838293282781279E-013
           4          53  -7.9451751324143182E-013
           4          54   8.9535257742307787E-013
           4          55  -1.7005189334784602E-012
           5           1  -1.0710073739383403     
           5           2   1.2809041968341970     
           5           3   5.8831506509452902E-002
           5           4   17.982183649078323     
           5           5   2.2884417554230589     
           5           6  -10.031764956495214     
           5           7  -1.8006580849431863E-013
           5           8   6.0038555677913840E-013
           5           9   1.0301215683885651E-013
           5          10   3.3103061924767405E-013
           5          11  -2.1639102137996399E-013
           5          12  -1.8796258936924447E-014
           5          13  -4.4917965199090460E-013
           5          14  -8.8785571250877422E-014
           5          15   1.2375506115808080E-013
           5          16  -2.2762483805402674E-013
           5          17  -3.4385939540401899E-013
           5          18   2.0580272772032660E-014
           5          19  -5.2383109747595334E-015
           5          20   3.2844408848500750E-014
           5          21   7.9827042342835890E-015
           5          22  -7.4750747982415486     
           5          23   5.7258617264862814E-013
           5          24  -7.4750747982412271     
           5          25  -5.2309383444225006E-013
           5          26   2.0986489392178080E-014
           5          27  -7.4750747982413674     
           5          28 -0.61974915913512729     
           5          29  -3.2767952596108754E-013
           5          30 -0.61974915913505457     
           5          31   2.5666147121232754E-013
           5          32  -1.8442001148720866E-013
           5          33 -0.61974915913515516     
           5          34   1.6582515841754453     
           5          35   1.9324238371577664E-013
           5          36   1.6582515841755108     
           5          37  -1.9729848219638071E-013
           5          38   2.2937488320283237E-013
           5          39   1.6582515841756389     
           5          40   2.3559038231638914     
           5          41  -2.6667152334583605E-014
           5          42   2.3559038231638474     
           5          43   4.4495128356470371E-014
           5          44  -1.1583736467958717E-013
           5          45   2.3559038231638096     
           5          46   2.5752118240152066E-013
           5          47   1.2043848495574569E-013
           5          48   1.2194809920699828E-013
           5          49   2.6365267270500730E-013
           5          50  -4.8598145421620300E-014
           5          51   3.8734654221231280E-014
           5          52  -2.1681929731370542E-014
           5          53   1.5323133227720840E-013
           5          54   6.0655462902000132E-014
           5          55  -5.5917662750633710E-014
           6           1   3.2870247439562728     
           6           2  -1.6065247932839624     
           6           3   2.7496310123831398     
           6           4  -81.744094412744545     
           6           5  -10.031764956495214     
           6           6   49.177500939940721     
           6           7  -1.9638767399868406E-012
           6           8   3.7292431891998854E-012
           6           9  -1.3096516118098168E-012
           6          10   3.1367418652647673E-012
           6          11  -2.4789848518520982E-012
           6          12   1.8567184338124055E-012
           6          13  -2.9078759768104076E-012
           6          14   6.8621039223952224E-013
           6          15  -1.8562063593343727E-012
           6          16  -5.4002563162175477E-012
           6          17   2.7722016965932405E-012
           6          18  -1.8307014070551328E-012
           6          19   9.4140073827072920E-013
           6          20  -3.4151258296245466E-013
           6          21   1.9776409605685501E-013
           6          22   31.272305898302143     
           6          23   4.7277469369268840E-012
           6          24   31.272305898305216     
           6          25  -4.1334527290671500E-012
           6          26  -4.1536540249756366E-013
           6          27   31.272305898301077     
           6          28   2.6957459525944141     
           6          29  -2.0201672440012368E-012
           6          30   2.6957459525917349     
           6          31   2.0284524708383955E-012
           6          32   1.1620677168881192E-012
           6          33   2.6957459525945420     
           6          34  -8.3097829781834633     
           6          35   1.5871362056879765E-012
           6          36  -8.3097829781821773     
           6          37  -1.3046875943637722E-012
           6          38  -1.3379582551879216E-012
           6          39  -8.3097829781843906     
           6          40  -11.556250980801178     
           6          41  -5.4437694402270374E-013
           6          42  -11.556250980801398     
           6          43   3.6748459366621408E-013
           6          44   6.3603619847491504E-013
           6          45  -11.556250980800788     
           6          46   4.0512379564057760E-012
           6          47  -9.3511394308552223E-013
           6          48   1.7651627402651807E-012
           6          49  -2.0625443725617893E-012
           6          50   8.8109391563691089E-013
           6          51  -2.1869561147410768E-013
           6          52   7.2761252566320206E-013
           6          53   1.6091038054743296E-012
           6          54  -6.1759601287041620E-013
           6          55   1.6408689333070649E-012
           7           1  -8.7301002759627614E-014
           7           2   2.1897530987881692E-013
           7           3  -1.0561473286639319E-014
           7           4   9.7360160505863467E-013
           7           5  -1.8006580849431863E-013
           7           6  -1.9638767399868406E-012
           7           7   2.4456597930160577     
           7           8  -3.2936534038831887E-003
           7           9   1.2736661444982163E-004
           7          10  -1.3092410292581906     
           7          11   1.8182241651000419E-002
           7          12  -7.0311301105573467E-004
           7          13  0.63248703310503718     
           7          14  -4.6252324593232218E-002
           7          15   1.7885919589184832E-003
           7          16   1.0472436488905528     
           7          17  -5.5150042167567206E-002
           7          18   2.1326694999775652E-003
           7          19 -0.15480700413182852     
           7          20   7.7150863921244105E-003
           7          21  -2.9834482063049279E-004
           7          22  -2.8103301478801882E-013
           7          23   5.4873616658791143E-014
           7          24  -4.5906160013445015E-013
           7          25  -1.9545908020643848E-013
           7          26   4.9473664011967802E-014
           7          27   1.0296903851259951E-014
           7          28   1.0074119959223652E-013
           7          29   1.8322402184460994E-014
           7          30   2.5093467945246948E-013
           7          31   1.1669657714372533E-013
           7          32  -5.2583514044390995E-014
           7          33   1.4986944498329993E-014
           7          34   4.0582249858083990E-013
           7          35  -3.0325664382482157E-014
           7          36   2.6815567879043789E-013
           7          37  -8.9867027097664828E-014
           7          38   4.7872132652528717E-014
           7          39   4.3849980559218774E-013
           7          40   4.4793223894263779E-013
           7          41   8.3856544488255526E-015
           7          42   5.1943470860064013E-013
           7          43   3.1186325197573877E-014
           7          44  -2.2260160719924295E-014
           7          45   4.7695277995300886E-013
           7          46 -0.80416799685239082     
           7          47   2.0284165516229836E-002
           7          48 -0.35963486125837840     
           7          49   4.5356772961146652E-002
           7          50  -7.8439506894025749E-004
           7          51  -6.9016086392443367E-015
           7          52  -7.8439506894175976E-004
           7          53 -0.35963486125836874     
           7          54   2.0284165516238791E-002
           7          55  -1.7539606953545399E-003
           8           1  -1.2692887496267499E-013
           8           2   5.2850674223699364E-013
           8           3   6.4882184173225113E-013
           8           4  -3.7862289977723503E-013
           8           5   6.0038555677913840E-013
           8           6   3.7292431891998854E-012
           8           7  -3.2936534038831887E-003
           8           8   2.4552570740777622     
           8           9  -4.1063515561646981E-004
           8          10   1.8182241650965138E-002
           8          11  -1.3622217355009232     
           8          12   2.2668650019289469E-003
           8          13  -4.6252324593288971E-002
           8          14  0.76726033935383620     
           8          15  -5.7664933669057828E-003
           8          16  -5.5150042167079215E-002
           8          17   1.2079437561401487     
           8          18  -6.8758133814696637E-003
           8          19   7.7150863920100116E-003
           8          20 -0.17728777045447619     
           8          21   9.6187586030812883E-004
           8          22   3.3792419388213030E-014
           8          23   1.2262345912774309E-013
           8          24  -1.3211545051276862E-012
           8          25  -1.5381384729993393E-013
           8          26   5.8467216673399549E-014
           8          27  -4.5576260663024980E-013
           8          28  -5.8954174456960707E-013
           8          29  -5.9362109913745429E-014
           8          30   4.7803182016950087E-014
           8          31   8.5150773487890226E-014
           8          32  -4.0479099491282427E-014
           8          33  -3.5927770785344635E-013
           8          34  -5.6073889085427903E-013
           8          35   4.0379617076146983E-014
           8          36  -1.0002609505846704E-012
           8          37  -6.7799851753979389E-014
           8          38   2.8125797640023099E-014
           8          39  -7.2556116394905358E-013
           8          40  -9.5905119203530197E-013
           8          41  -1.2647654051433514E-014
           8          42  -8.3989266828806233E-013
           8          43   1.8036902905789586E-014
           8          44  -9.0397215787620609E-015
           8          45  -9.0653772215140484E-013
           8          46   4.5356772960908905E-002
           8          47 -0.41874030244777249     
           8          48   2.0284165516131963E-002
           8          49 -0.93633178119203975     
           8          50   2.5289216690283570E-003
           8          51  -4.9185188732241103E-015
           8          52   2.5289216690312167E-003
           8          53   2.0284165516132543E-002
           8          54 -0.41874030244776717     
           8          55   5.6548407617264609E-003
           9           1  -2.8315909974763955E-013
           9           2   8.6005604327494752E-013
           9           3   5.0552555867954682E-013
           9           4   1.7533366993988190E-012
           9           5   1.0301215683885651E-013
           9           6  -1.3096516118098168E-012
           9           7   1.2736661444982163E-004
           9           8  -4.1063515561646981E-004
           9           9   2.4446540806666262     
           9          10  -7.0311301104250329E-004
           9          11   2.2668650019125537E-003
           9          12  -1.3036891078122157     
           9          13   1.7885919589372074E-003
           9          14  -5.7664933669650011E-003
           9          15  0.61836395203697958     
           9          16   2.1326694998774444E-003
           9          17  -6.8758133811777089E-003
           9          18   1.0304036625053303     
           9          19  -2.9834482063114304E-004
           9          20   9.6187586023899327E-004
           9          21 -0.15245121355218705     
           9          22  -2.6453389360010069E-013
           9          23   2.0852530305208359E-013
           9          24  -1.5287537037763570E-012
           9          25  -5.7579341453019633E-013
           9          26   1.7622634884980890E-013
           9          27  -1.0970709830820034E-012
           9          28  -3.4371522696296133E-013
           9          29  -7.7807355152984478E-014
           9          30   3.1202756631624727E-013
           9          31   3.0741540399035359E-013
           9          32  -7.5798864183669379E-014
           9          33   1.0885912464956735E-013
           9          34   4.7082117481162595E-013
           9          35   4.9572300803280260E-014
           9          36   3.0040288248762493E-014
           9          37  -2.2743775919366923E-013
           9          38   4.5343953883577207E-014
           9          39   1.4087329616515142E-013
           9          40   2.4907792518715320E-013
           9          41  -1.4350495574650121E-014
           9          42   3.6295925840584540E-013
           9          43   7.3218301692574486E-014
           9          44  -5.7872012925680653E-015
           9          45   3.4080918113390560E-013
           9          46  -1.7539606952915619E-003
           9          47   2.5289216689678988E-003
           9          48  -7.8439506891613095E-004
           9          49   5.6548407615945274E-003
           9          50 -0.35344112037070519     
           9          51   2.7742877457402371E-015
           9          52 -0.35344112037071229     
           9          53  -7.8439506891158088E-004
           9          54   2.5289216689699566E-003
           9          55 -0.79031837119258763     
          10           1   4.5269686310655910E-014
          10           2  -4.5496572357074223E-014
          10           3   1.5096925360461747E-013
          10           4  -1.3821423685990857E-012
          10           5   3.3103061924767405E-013
          10           6   3.1367418652647673E-012
          10           7  -1.3092410292581906     
          10           8   1.8182241650965138E-002
          10           9  -7.0311301104250329E-004
          10          10   3.8723610457170192     
          10          11 -0.10037301164263243     
          10          12   3.8814559721724352E-003
          10          13  -2.1619587304657126     
          10          14  0.25533073446109883     
          10          15  -9.8737199165917170E-003
          10          16  -3.1827583622771916     
          10          17  0.30444957947626505     
          10          18  -1.1773161123254309E-002
          10          19  0.46185456470611619     
          10          20  -4.2590263132879835E-002
          10          21   1.6469788889424423E-003
          10          22   3.8570203035067183E-013
          10          23  -1.7434360989575655E-013
          10          24   9.6133219722695410E-013
          10          25   6.9748973364191162E-013
          10          26  -1.4917602732591299E-013
          10          27  -5.7420273192877508E-013
          10          28  -1.7657965723894394E-013
          10          29   4.4706884422128456E-014
          10          30  -5.6627923724216103E-013
          10          31  -3.8944917082690966E-013
          10          32   8.7213366807871015E-014
          10          33   1.7138746636596396E-013
          10          34  -6.3863303677875809E-013
          10          35  -2.2316833421843813E-014
          10          36  -3.6578557920138303E-013
          10          37   2.8555899680788465E-013
          10          38  -6.6499404355836172E-014
          10          39  -8.6817565726379280E-013
          10          40  -7.5080235592342616E-013
          10          41   1.3610036219541624E-014
          10          42  -8.2588420732770205E-013
          10          43  -9.1868461809687095E-014
          10          44   1.6788470285861086E-014
          10          45  -6.8738825386371789E-013
          10          46   2.5019532535443560     
          10          47 -0.11197644496225978     
          10          48   1.1189075102904433     
          10          49 -0.25038694281437812     
          10          50   4.3301643930947261E-003
          10          51  -9.9315600528123459E-015
          10          52   4.3301643931054016E-003
          10          53   1.1189075102904460     
          10          54 -0.11197644496224958     
          10          55   9.6825419367173177E-003
          11           1  -6.3678257558194608E-015
          11           2  -1.0291102971137237E-013
          11           3   1.1120338675073093E-013
          11           4   1.2902067381264388E-012
          11           5  -2.1639102137996399E-013
          11           6  -2.4789848518520982E-012
          11           7   1.8182241651000419E-002
          11           8  -1.3622217355009232     
          11           9   2.2668650019125537E-003
          11          10 -0.10037301164263243     
          11          11   4.1648350512117869     
          11          12  -1.2513972237078499E-002
          11          13  0.25533073446113597     
          11          14  -2.9059595471357778     
          11          15   3.1833275399495646E-002
          11          16  0.30444957947576556     
          11          17  -4.0698851558579312     
          11          18   3.7957151258410780E-002
          11          19  -4.2590263132761201E-002
          11          20  0.58595709634965487     
          11          21  -5.3099270580779763E-003
          11          22  -2.5535650850074661E-012
          11          23  -4.5407861153297803E-013
          11          24   2.3949169349450636E-012
          11          25   5.5434813853381733E-013
          11          26  -1.8858712523728963E-013
          11          27  -7.4254357946204167E-013
          11          28   1.1659854437383693E-012
          11          29   2.4328954958971277E-013
          11          30  -1.1391669967494514E-012
          11          31  -2.5547226581677455E-013
          11          32   8.3608113253564850E-014
          11          33   3.7197514604883486E-013
          11          34  -2.2655486880857045E-013
          11          35  -1.6751507851582650E-013
          11          36   1.3564200683321787E-012
          11          37   1.7953477098222935E-013
          11          38  -4.3580211668229598E-014
          11          39   3.2495369279453809E-013
          11          40   7.8920516188316112E-013
          11          41   4.5077230599594647E-014
          11          42   3.7598629352975092E-013
          11          43  -4.0081423221643163E-014
          11          44   6.6292393890072987E-015
          11          45   6.2762258678015878E-013
          11          46 -0.25038694281409152     
          11          47   1.4451924233681197     
          11          48 -0.11197644496217017     
          11          49   3.2315484992187775     
          11          50  -1.3960626472542708E-002
          11          51   1.2559751295883531E-014
          11          52  -1.3960626472541924E-002
          11          53 -0.11197644496216888     
          11          54   1.4451924233681090     
          11          55  -3.1216909801090396E-002
          12           1   1.0155730690809879E-013
          12           2  -2.0724390553627840E-013
          12           3  -1.4700810343316362E-013
          12           4  -1.7448571038302189E-012
          12           5  -1.8796258936924447E-014
          12           6   1.8567184338124055E-012
          12           7  -7.0311301105573467E-004
          12           8   2.2668650019289469E-003
          12           9  -1.3036891078122157     
          12          10   3.8814559721724352E-003
          12          11  -1.2513972237078499E-002
          12          12   3.8417122903746899     
          12          13  -9.8737199166110366E-003
          12          14   3.1833275399636617E-002
          12          15  -2.0839938564043297     
          12          16  -1.1773161123276078E-002
          12          17   3.7957151258002766E-002
          12          18  -3.0897951192427695     
          12          19   1.6469788889953594E-003
          12          20  -5.3099270579820132E-003
          12          21  0.44884968885985699     
          12          22  -1.6034823000534396E-012
          12          23  -7.0215069794613981E-013
          12          24   2.6800993134439462E-012
          12          25   2.0321202169183616E-012
          12          26  -6.2597769520377064E-013
          12          27   1.2357287848151718E-012
          12          28   1.2071699205474228E-012
          12          29   2.5368728844837262E-013
          12          30  -1.0145816833786862E-012
          12          31  -1.0977643986280156E-012
          12          32   2.5502212283755729E-013
          12          33  -4.0933428020286485E-013
          12          34  -1.2033118132653128E-012
          12          35  -1.7440069984024301E-013
          12          36   2.4658015639825469E-013
          12          37   8.0158872841076706E-013
          12          38  -1.4291751691436497E-013
          12          39  -4.4119282714610561E-014
          12          40  -2.2736878443771081E-013
          12          41   5.4038342038716799E-014
          12          42  -5.7878416326072936E-013
          12          43  -2.5361595481608182E-013
          12          44   1.2268412297045836E-014
          12          45  -5.2878415440248086E-013
          12          46   9.6825419366913107E-003
          12          47  -1.3960626472452914E-002
          12          48   4.3301643931154092E-003
          12          49  -3.1216909800925476E-002
          12          50   1.0847156632033759     
          12          51  -1.3796422612350393E-014
          12          52   1.0847156632034030     
          12          53   4.3301643931105303E-003
          12          54  -1.3960626472459936E-002
          12          55   2.4254979591815351     
          13           1   2.7765703364197966E-015
          13           2  -2.8720167532392157E-014
          13           3  -4.5267437973701750E-014
          13           4   7.2496679100495010E-013
          13           5  -4.4917965199090460E-013
          13           6  -2.9078759768104076E-012
          13           7  0.63248703310503718     
          13           8  -4.6252324593288971E-002
          13           9   1.7885919589372074E-003
          13          10  -2.1619587304657126     
          13          11  0.25533073446113597     
          13          12  -9.8737199166110366E-003
          13          13   2.8995821518435649     
          13          14 -0.64951507276207565     
          13          15   2.5116952424861921E-002
          13          16   3.6633722725159195     
          13          17 -0.77446450457019711     
          13          18   2.9948786305146493E-002
          13          19 -0.51813974033467847     
          13          20  0.10834190375123028     
          13          21  -4.1896155397557625E-003
          13          22   5.0139657003183155E-014
          13          23   7.2141919097072121E-014
          13          24  -2.0447105012113545E-013
          13          25  -2.4849607551669269E-013
          13          26   4.7220833156207171E-014
          13          27   2.1698974991191160E-013
          13          28   5.9369606389110323E-014
          13          29  -2.6762830647463217E-016
          13          30   3.0636868164301866E-013
          13          31   2.0346345463297923E-013
          13          32  -5.3352448597046671E-014
          13          33   2.6134577670091349E-013
          13          34   6.9413964484583519E-013
          13          35   1.7598387585397474E-014
          13          36   5.4252158798061799E-013
          13          37  -1.4151862480270564E-013
          13          38   4.2348825378686601E-014
          13          39   5.8366411527869790E-013
          13          40   6.7719973823010961E-013
          13          41  -9.1885991400607072E-015
          13          42   7.1738700147347779E-013
          13          43   4.6857878474053641E-014
          13          44  -1.5828629313349146E-014
          13          45   6.9792484319190480E-013
          13          46  -2.9734548258719045     
          13          47  0.28484776402190637     
          13          48  -1.3297694237349154     
          13          49  0.63693896359178759     
          13          50  -1.1015152745973141E-002
          13          51   3.0928346251888081E-015
          13          52  -1.1015152745982085E-002
          13          53  -1.3297694237349369     
          13          54  0.28484776402186918     
          13          55  -2.4630630322543399E-002
          14           1   2.1665146646508684E-014
          14           2   1.4665701486434309E-014
          14           3  -3.4125517474188819E-013
          14           4  -1.2190554657916393E-012
          14           5  -8.8785571250877422E-014
          14           6   6.8621039223952224E-013
          14           7  -4.6252324593232218E-002
          14           8  0.76726033935383620     
          14           9  -5.7664933669650011E-003
          14          10  0.25533073446109883     
          14          11  -2.9059595471357778     
          14          12   3.1833275399636617E-002
          14          13 -0.64951507276207565     
          14          14   4.7921852714581545     
          14          15  -8.0978078220870303E-002
          14          16 -0.77446450457019966     
          14          17   5.9200619150623002     
          14          18  -9.6556107564674545E-002
          14          19  0.10834190375121419     
          14          20 -0.83383406926304704     
          14          21   1.3507491241548351E-002
          14          22   1.3276181936969691E-012
          14          23   1.6349162181713184E-013
          14          24  -3.2644748186941136E-013
          14          25  -1.8722443572964986E-013
          14          26   6.0209517162410401E-014
          14          27   7.4841497589277434E-013
          14          28  -1.9859285508151037E-013
          14          29  -9.7058251925368045E-014
          14          30   4.8262416281801560E-013
          14          31   6.6475714804234251E-014
          14          32   2.1705110698807008E-014
          14          33  -1.3521276783652481E-013
          14          34   3.6989581585917749E-014
          14          35   4.2789358508085369E-014
          14          36  -4.3246090299492052E-013
          14          37  -5.5757928957103682E-014
          14          38  -2.9456276919556026E-014
          14          39  -2.4382021261881899E-014
          14          40  -2.0515926507393528E-013
          14          41  -1.0298913100031915E-014
          14          42  -8.8259161255838876E-014
          14          43   8.5017027854448753E-015
          14          44   1.8629931943911931E-014
          14          45  -1.7248073979791775E-013
          14          46  0.63693896359172864     
          14          47  -2.1597790561679782     
          14          48  0.28484776402192918     
          14          49  -4.8294127859719378     
          14          50   3.5513301358723028E-002
          14          51  -9.9917251218006007E-015
          14          52   3.5513301358729939E-002
          14          53  0.28484776402193912     
          14          54  -2.1597790561679346     
          14          55   7.9410155943540006E-002
          15           1  -8.8507060377667643E-014
          15           2   8.2586696884771176E-014
          15           3   8.4118184972828593E-014
          15           4   2.1311873019565431E-012
          15           5   1.2375506115808080E-013
          15           6  -1.8562063593343727E-012
          15           7   1.7885919589184832E-003
          15           8  -5.7664933669057828E-003
          15           9  0.61836395203697958     
          15          10  -9.8737199165917170E-003
          15          11   3.1833275399495646E-002
          15          12  -2.0839938564043297     
          15          13   2.5116952424861921E-002
          15          14  -8.0978078220870303E-002
