           1           1   2.2363936370059676     
           1           2 -0.79816942679195058     
           1           3  0.14334517031824145     
           1           4  0.18124023443808546     
           1           5   1.2401720095470681E-002
           1           6 -0.16010672468870665     
           1           7   7.7472280808190668E-011
           1           8   4.4965018065592974E-012
           1           9  -5.1010700735090721E-011
           1          10   5.1766400939899754E-011
           1          11  -6.2271079395567771E-012
           1          12   1.2225335745854970E-010
           1          13  -3.3787985432653886E-011
           1          14   2.1868217158610690E-011
           1          15  -3.2476639877863557E-011
           1          16   7.8653602784376242E-012
           1          17   1.7735427096441267E-012
           1          18  -1.3800680726194584E-010
           1          19   2.7823472599157932E-011
           1          20  -4.0514903868922609E-012
           1          21  -1.4565032560636390E-011
           1          22  -5.1952315327325853E-003
           1          23  -3.3689888251189441E-005
           1          24  -4.4455908558839966E-003
           1          25   2.5822433349797870E-006
           1          26  -6.6447084433124035E-005
           1          27  -5.1919547587218583E-003
           1          28  -5.3382397411382470E-003
           1          29   2.1277855571495503E-005
           1          30  -5.8117075118238985E-003
           1          31  -1.6308667517480456E-006
           1          32   4.1966849135849875E-005
           1          33  -5.3403092782211333E-003
           1          34   9.5217526907419824E-003
           1          35  -2.5271918238522411E-005
           1          36   1.0084089411992929E-002
           1          37   1.9369782747454030E-006
           1          38  -4.9843256118587727E-005
           1          39   9.5242106184353081E-003
           1          40   2.8344145242463675E-002
           1          41   5.7339301988770966E-005
           1          42   2.7068271365123069E-002
           1          43  -4.3948272138031162E-006
           1          44   1.1308972782285917E-004
           1          45   2.8338568409310323E-002
           1          46  -1.4293398618273495E-012
           1          47  -4.8542193669433213E-012
           1          48   7.2925933105934606E-013
           1          49  -5.5409080961859996E-012
           1          50   5.2661585695005235E-011
           1          51  -3.8493060512181850E-012
           1          52   5.0922254003828023E-011
           1          53   1.4714945071503796E-012
           1          54   4.9242696090384242E-012
           1          55   8.9411011051517067E-011
           2           1 -0.79816942679195058     
           2           2   2.6885030183298602     
           2           3 -0.58037880113043383     
           2           4 -0.59694016327725397     
           2           5  -5.9422618372599156E-002
           2           6  0.43883574619857374     
           2           7  -1.7753198305956581E-010
           2           8  -1.4204663956877043E-011
           2           9   8.8813237927137417E-011
           2          10  -2.1596398277546213E-010
           2          11   1.8424731835670436E-011
           2          12  -3.6744294657205444E-010
           2          13   1.4765664312256918E-010
           2          14  -8.6212369291936979E-011
           2          15   8.5007419035787209E-011
           2          16   6.1409322390112963E-011
           2          17  -2.2778071002793546E-011
           2          18   3.5471186060565040E-010
           2          19  -1.0220336127640009E-010
           2          20   1.1453990030232430E-011
           2          21   4.2221457108905454E-011
           2          22  -4.2411335566519999E-003
           2          23   6.9154138469866780E-005
           2          24  -5.7799049572589663E-003
           2          25  -5.3004707850149371E-006
           2          26   1.3639399819464937E-004
           2          27  -4.2478596283066711E-003
           2          28   2.1016861777193099E-002
           2          29  -8.8197055698278180E-005
           2          30   2.2979384007224685E-002
           2          31   6.7599896738459426E-006
           2          32  -1.7395290587925844E-004
           2          33   2.1025440048701691E-002
           2          34  -9.7451499605729179E-003
           2          35   9.5584762344721867E-005
           2          36  -1.1872048049021026E-002
           2          37  -7.3261565006680502E-006
           2          38   1.8852008789239401E-004
           2          39  -9.7544465006105686E-003
           2          40  -7.1796001587874261E-002
           2          41  -1.8987602386510454E-004
           2          42  -6.7571013394916099E-002
           2          43   1.4553237304195333E-005
           2          44  -3.7449067085256577E-004
           2          45  -7.1777534190411399E-002
           2          46  -5.2344301424200505E-011
           2          47   2.0228028288081180E-011
           2          48  -2.8400509246163638E-011
           2          49   2.8306766713221521E-011
           2          50  -1.5697106936191250E-010
           2          51   1.5187776682647784E-011
           2          52  -1.5137607528990280E-010
           2          53  -3.4380603238117892E-011
           2          54  -1.8042949977662459E-011
           2          55  -2.4094292236438735E-010
           3           1  0.14334517031824145     
           3           2 -0.58037880113043383     
           3           3  0.85146034291133899     
           3           4  0.74425683026371736     
           3           5  -2.5283850409648704E-002
           3           6 -0.69844255734962912     
           3           7  -2.4230136018326356E-010
           3           8   4.2569893120028997E-011
           3           9   1.0769687249423246E-010
           3          10   1.4528330220796158E-010
           3          11  -3.6282534835943485E-011
           3          12   9.6315442782571814E-010
           3          13  -3.4236732481100174E-010
           3          14   1.4408360728741295E-010
           3          15   1.4923324563148945E-010
           3          16  -1.9927571296123858E-010
           3          17   4.0518472479855567E-011
           3          18  -2.4696548392209849E-010
           3          19   2.9266217685949201E-010
           3          20  -4.0140233876138876E-011
           3          21  -3.6764271865207962E-010
           3          22   1.3042419868170299E-002
           3          23  -3.1114253040261510E-004
           3          24   1.9965711773749211E-002
           3          25   2.3848073313912398E-005
           3          26  -6.1366619441901834E-004
           3          27   1.3072682062684282E-002
           3          28  -2.6027563265480114E-002
           3          29   8.3557135740065184E-005
           3          30  -2.7886817382711305E-002
           3          31  -6.4044576719701243E-006
           3          32   1.6480267583161097E-004
           3          33  -2.6035690423744637E-002
           3          34   8.6423650616472263E-003
           3          35  -1.2510019842301452E-004
           3          36   1.1425993440755809E-002
           3          37   9.5883837040790897E-006
           3          38  -2.4673026090727302E-004
           3          39   8.6545321221692534E-003
           3          40  0.10030171487276422     
           3          41   3.9037742996766197E-004
           3          42   9.1615322472259855E-002
           3          43  -2.9920881646766886E-005
           3          44   7.6993696036031019E-004
           3          45  0.10026374669592358     
           3          46   2.4438519083161306E-010
           3          47  -4.3925608807708550E-011
           3          48   1.1435919534826730E-010
           3          49  -5.9373673351820974E-011
           3          50   4.4951826345370684E-011
           3          51  -1.8778651356427501E-011
           3          52   3.8299648063358665E-011
           3          53   1.1137415980839281E-010
           3          54   5.2366164570301591E-012
           3          55  -4.6017225142294847E-011
           4           1  0.18124023443808546     
           4           2 -0.59694016327725397     
           4           3  0.74425683026371736     
           4           4  0.69553220213569722     
           4           5  -9.9217682724668105E-002
           4           6 -0.90447901442918921     
           4           7  -1.1437928309130873E-009
           4           8   1.4305472093687740E-011
           4           9   1.5522832177908936E-010
           4          10   1.1082374677435059E-009
           4          11   8.6299877092879641E-011
           4          12   2.8630623844663982E-009
           4          13  -7.3252749581783715E-010
           4          14   2.9024731365029543E-010
           4          15   9.1871837565534729E-010
           4          16  -7.6551847835874381E-010
           4          17   2.5116453862353842E-010
           4          18   6.9838825479888663E-010
           4          19   9.7630036348533066E-011
           4          20   7.7565455737134303E-011
           4          21  -9.3108033430242328E-011
           4          22   1.0910671786281988E-002
           4          23  -1.1636229589472385E-004
           4          24   1.3499923418064122E-002
           4          25   8.9185868966805143E-006
           4          26  -2.2949708634416945E-004
           4          27   1.0921988377597907E-002
           4          28  -3.1313320685781312E-002
           4          29   1.2742790255222856E-004
           4          30  -3.4148748912406518E-002
           4          31  -9.7670749189287300E-006
           4          32   2.5133164400902616E-004
           4          33  -3.1325715126610088E-002
           4          34   1.4465010501431863E-002
           4          35  -1.6899013081291675E-004
           4          36   1.8225240432716727E-002
           4          37   1.2952291211946234E-005
           4          38  -3.3329146917778591E-004
           4          39   1.4481446074506046E-002
           4          40  0.12513439498076270     
           4          41   4.9395438987196903E-004
           4          42  0.11414328356660793     
           4          43  -3.7859651962910041E-005
           4          44   9.7422085288950569E-004
           4          45  0.12508635287968897     
           4          46   2.4649734265433880E-010
           4          47  -5.2893206405972425E-011
           4          48   1.4484500034780696E-010
           4          49  -6.6210752264090727E-011
           4          50   1.1308079783487401E-011
           4          51  -1.4854772787697418E-011
           4          52  -5.0904486861776832E-011
           4          53   9.2045634629758173E-011
           4          54  -1.0912742752751144E-014
           4          55  -1.1048510696192588E-010
           5           1   1.2401720095470681E-002
           5           2  -5.9422618372599156E-002
           5           3  -2.5283850409648704E-002
           5           4  -9.9217682724668105E-002
           5           5  0.15979532467410440     
           5           6  0.59806130783501299     
           5           7   3.1278122174222041E-010
           5           8   1.6871697770508937E-011
           5           9   6.6119621311052835E-010
           5          10  -1.1573169248533241E-009
           5          11   5.7834121830917443E-011
           5          12  -5.8506390050154044E-010
           5          13   7.9831349745721494E-010
           5          14  -2.1950328089961242E-010
           5          15  -1.6022906247428439E-009
           5          16   1.0233253700531512E-009
           5          17  -2.5585999478176004E-010
           5          18  -2.1208091811736856E-009
           5          19   2.2684833605399033E-010
           5          20  -1.0460803379636378E-010
           5          21  -5.8315581805606339E-010
           5          22   3.5503464990746299E-003
           5          23   2.0603641015796617E-004
           5          24  -1.0341969287290696E-003
           5          25  -1.5792266015505278E-005
           5          26   4.0636782520280478E-004
           5          27   3.5303069243171809E-003
           5          28   1.7942266162286960E-002
           5          29  -1.6458596592455939E-005
           5          30   1.8308506247006084E-002
           5          31   1.2615156900990559E-006
           5          32  -3.2465009368958553E-005
           5          33   1.7943867270415165E-002
           5          34  -1.3693240464513383E-002
           5          35   6.9330736137563113E-005
           5          36  -1.5235924019557827E-002
           5          37  -5.3137646574903904E-006
           5          38   1.3673483310798192E-004
           5          39  -1.3699983116887762E-002
           5          40  -7.5793948697250924E-002
           5          41  -3.6429242666917260E-004
           5          42  -6.7687980347192311E-002
           5          43   2.7921562056582546E-005
           5          44  -7.1848959442587029E-004
           5          45  -7.5758517604448739E-002
           5          46  -9.0908996435621888E-011
           5          47   3.0535586741345544E-011
           5          48  -9.1203627903440085E-011
           5          49   2.9776572896736904E-011
           5          50   6.6369802568361694E-011
           5          51  -3.5696708535109271E-012
           5          52   1.8344076059735439E-010
           5          53  -2.6168013688146236E-012
           5          54   1.1531126308787743E-011
           5          55   1.5970291925512658E-010
           6           1 -0.16010672468870665     
           6           2  0.43883574619857374     
           6           3 -0.69844255734962912     
           6           4 -0.90447901442918921     
           6           5  0.59806130783501299     
           6           6   2.6948576079174460     
           6           7   2.1588920851430305E-009
           6           8   2.6116123085050468E-010
           6           9   5.1700282636030348E-009
           6          10  -4.4743889720073577E-009
           6          11  -3.8657814819192603E-010
           6          12  -1.2357831967745609E-008
           6          13   2.0748484704965558E-009
           6          14  -7.8929195734482025E-010
           6          15  -2.6741481716768012E-009
           6          16   1.7797215226467433E-009
           6          17  -6.8252260258180165E-010
           6          18  -6.3053294727184274E-010
           6          19  -4.2710187218857758E-010
           6          20  -2.4328331898348888E-010
           6          21   1.5793679973045903E-009
           6          22   3.1697775831117762E-003
           6          23   8.0356411063849369E-004
           6          24  -1.4710470925194034E-002
           6          25  -6.1591409140967200E-005
           6          26   1.5848724828608067E-003
           6          27   3.0916222540580199E-003
           6          28   8.4624396679341574E-002
           6          29  -1.5149718232054541E-004
           6          30   8.7995452863389140E-002
           6          31   1.1611896244989542E-005
           6          32  -2.9881479861630677E-004
           6          33   8.4639133123475541E-002
           6          34  -5.6811257737679415E-002
           6          35   3.6942598745820900E-004
           6          36  -6.5031400427739985E-002
           6          37  -2.8314400649097896E-005
           6          38   7.2859235041837890E-004
           6          39  -5.6847186292230636E-002
           6          40 -0.35070939373854770     
           6          41  -1.5868174788252574E-003
           6          42 -0.31540069240749824     
           6          43   1.2162324513736804E-004
           6          44  -3.1296616088682546E-003
           6          45 -0.35055505974736251     
           6          46  -5.4715752726124021E-010
           6          47   1.4049669722233672E-010
           6          48  -3.4115848338385009E-010
           6          49   1.2014766256099759E-010
           6          50   2.7798871801809658E-010
           6          51   5.4902337620717328E-012
           6          52   4.1956019827025383E-010
           6          53  -1.0753781361398418E-010
           6          54   8.6759567154963636E-011
           6          55   7.6792151450414658E-010
           7           1   7.7472280808190668E-011
           7           2  -1.7753198305956581E-010
           7           3  -2.4230136018326356E-010
           7           4  -1.1437928309130873E-009
           7           5   3.1278122174222041E-010
           7           6   2.1588920851430305E-009
           7           7   2.3225235253363863     
           7           8  -3.8604700213386946E-004
           7           9   2.9579824095829130E-005
           7          10 -0.86991742757663149     
           7          11   1.2677445787107374E-003
           7          12  -9.7167635796063082E-005
           7          13  -7.6743013605246810E-003
           7          14  -1.1467451513309530E-003
           7          15   8.7893205036688522E-005
           7          16   4.5422966459583707E-002
           7          17  -1.8646189344026813E-003
           7          18   1.4291518406530173E-004
           7          19   3.1333577046120609E-002
           7          20  -1.5455683347756436E-003
           7          21   1.1846139143366034E-004
           7          22  -4.2852338623063875E-011
           7          23   1.4422559233210959E-010
           7          24   4.8889898072902472E-010
           7          25   1.9395465050883278E-010
           7          26   8.9983751267950089E-012
           7          27   4.6519715068995412E-010
           7          28   8.9813495811687642E-011
           7          29  -4.4156500157344663E-011
           7          30  -2.7514692399715122E-010
           7          31   4.1009306793488670E-011
           7          32   4.0471807664611401E-011
           7          33  -3.0265554349227988E-010
           7          34  -3.7692104863082459E-010
           7          35  -5.3647802531479843E-012
           7          36  -4.4770329573937649E-010
           7          37  -1.2260825141885871E-010
           7          38   8.2377010061701725E-011
           7          39  -4.7635546671356415E-010
           7          40  -3.6225478441994785E-010
           7          41   1.2564531734404603E-011
           7          42  -6.2805747207999559E-010
           7          43  -5.0529806122507274E-011
           7          44  -3.8586702886195221E-011
           7          45  -4.6792872331175618E-010
           7          46   1.4038217653386548E-002
           7          47   2.0297213522010082E-004
           7          48   3.9532616968274686E-003
           7          49  -3.8674681549166160E-006
           7          50  -1.5556803570778086E-005
           7          51   2.0606486095910923E-004
           7          52   3.7548457909189510E-006
           7          53   6.2679230504560854E-003
           7          54   2.1482680377786224E-005
           7          55  -3.7291091794276339E-006
           8           1   4.4965018065592974E-012
           8           2  -1.4204663956877043E-011
           8           3   4.2569893120028997E-011
           8           4   1.4305472093687740E-011
           8           5   1.6871697770508937E-011
           8           6   2.6116123085050468E-010
           8           7  -3.8604700213386946E-004
           8           8   2.3324494273759404     
           8           9  -7.6169428806882632E-004
           8          10   1.2677446738278582E-003
           8          11 -0.90248991335900342     
           8          12   2.5003259720464315E-003
           8          13  -1.1467453270099656E-003
           8          14   2.1789520289850470E-002
           8          15  -2.2616940135724941E-003
           8          16  -1.8646194456071520E-003
           8          17   9.3331436789167901E-002
           8          18  -3.6775392339820539E-003
           8          19  -1.5455687754922212E-003
           8          20   7.1044716691358978E-002
           8          21  -3.0482986312055211E-003
           8          22  -5.8864155028852970E-011
           8          23  -6.9128601406146351E-011
           8          24  -5.3259206515747208E-012
           8          25   1.9512801384779179E-011
           8          26   1.3684298583413604E-010
           8          27  -7.1684585298732629E-011
           8          28  -5.2723501444695708E-011
           8          29   1.9794666683262110E-011
           8          30  -6.9734317158198982E-011
           8          31  -9.7506654996421264E-012
           8          32  -2.3688517116173563E-011
           8          33  -1.0128856849940310E-011
           8          34  -4.2884313611311805E-011
           8          35   1.1048613488529036E-010
           8          36  -1.0097484416095502E-010
           8          37  -2.1962272331726856E-011
           8          38  -1.7260171145643634E-010
           8          39  -1.1237263285149460E-011
           8          40  -3.3383118770361520E-011
           8          41   4.0636351646776639E-011
           8          42  -9.5071017976938031E-011
           8          43   1.1416089534932857E-012
           8          44  -8.0797903273273209E-011
           8          45  -5.4401690218520213E-011
           8          46   4.8888665494408438E-005
           8          47   5.7182281415449933E-003
           8          48   1.3219257478367991E-004
           8          49   8.9351672156998477E-003
           8          50   4.2973084943984867E-005
           8          51  -1.7437666695266718E-006
           8          52   2.6071201681365059E-004
           8          53   2.1483029147121380E-005
           8          54   5.7160153664609263E-003
           8          55   9.5950134887691214E-005
           9           1  -5.1010700735090721E-011
           9           2   8.8813237927137417E-011
           9           3   1.0769687249423246E-010
           9           4   1.5522832177908936E-010
           9           5   6.6119621311052835E-010
           9           6   5.1700282636030348E-009
           9           7   2.9579824095829130E-005
           9           8  -7.6169428806882632E-004
           9           9   2.3225668963380164     
           9          10  -9.7167643538384054E-005
           9          11   2.5003258348311090E-003
           9          12 -0.87005980075501621     
           9          13   8.7893334719454526E-005
           9          14  -2.2616933570410824E-003
           9          15  -7.5455162221857459E-003
           9          16   1.4291603696320372E-004
           9          17  -3.6775391954917457E-003
           9          18   4.5632373207687413E-002
           9          19   1.1846134680781764E-004
           9          20  -3.0483011356121819E-003
           9          21   3.1507153614472601E-002
           9          22  -5.0582013513484615E-010
           9          23  -2.5443697979998974E-011
           9          24  -9.1674132425722582E-010
           9          25   1.6388127433257138E-010
           9          26   1.0383656838718146E-010
           9          27  -7.9446189580177358E-010
           9          28  -9.0110786857638073E-010
           9          29  -1.7054622018956419E-010
           9          30  -4.3791341111836637E-010
           9          31   5.8491474900777942E-012
           9          32  -1.3981583233573313E-010
           9          33  -4.6567815141493506E-010
           9          34  -8.3447250811421580E-010
           9          35   4.3137794913033201E-010
           9          36  -1.2048914336445993E-009
           9          37  -2.7506998956386599E-010
           9          38  -3.6415872012329375E-010
           9          39  -6.2647150517853959E-010
           9          40  -1.4734209139068325E-009
           9          41  -1.7590257561462024E-011
           9          42  -1.3929176457810297E-009
           9          43   1.8595180481227510E-011
           9          44  -1.3393792701084879E-010
           9          45  -1.3007398411644626E-009
           9          46  -3.7472712060812403E-006
           9          47   4.2973062699182323E-005
           9          48   3.7546109778118094E-006
           9          49  -7.6448636505242621E-006
           9          50   6.2756378123834874E-003
           9          51   1.0412320406484050E-004
           9          52   3.9587638435327433E-003
           9          53  -1.5533467287186869E-005
           9          54   3.9969913108190737E-004
           9          55   1.4010014357515517E-002
          10           1   5.1766400939899754E-011
          10           2  -2.1596398277546213E-010
          10           3   1.4528330220796158E-010
          10           4   1.1082374677435059E-009
          10           5  -1.1573169248533241E-009
          10           6  -4.4743889720073577E-009
          10           7 -0.86991742757663149     
          10           8   1.2677446738278582E-003
          10           9  -9.7167643538384054E-005
          10          10   2.3597390866677017     
          10          11  -4.1492578953171433E-003
          10          12   3.1802391384226967E-004
          10          13  -2.4952811723452040E-002
          10          14   3.7049042811704339E-003
          10          15  -2.8396536070610643E-004
          10          16 -0.19348430532768440     
          10          17   6.0468185826254720E-003
          10          18  -4.6346375844001826E-004
          10          19  -9.6883598641040639E-002
          10          20   5.1171705721082322E-003
          10          21  -3.9220964377202438E-004
          10          22   1.3560905321762178E-009
          10          23  -4.5345678044997817E-010
          10          24  -4.1545731486573335E-010
          10          25  -8.9251721444925491E-010
          10          26  -7.2748323182012281E-011
          10          27  -3.8013838957639197E-010
          10          28  -6.7512345993143164E-010
          10          29   6.5558034705690082E-011
          10          30   9.1188061410233089E-010
          10          31   5.0995479083537603E-010
          10          32  -3.7881445774703709E-011
          10          33   1.0447388408079444E-009
          10          34   1.1081737554133434E-009
          10          35   2.0009445911717062E-010
          10          36   8.6995628324017827E-010
          10          37   4.7116573359795061E-011
          10          38  -3.5550826871987316E-010
          10          39   8.8904991485535328E-010
          10          40   4.8096750362895392E-010
          10          41  -5.5255570566869213E-011
          10          42   1.4433295822471871E-009
          10          43   2.6745635722484890E-010
          10          44   1.1963939090907698E-010
          10          45   1.0760780088165857E-009
          10          46  -1.0436670692765963E-002
          10          47  -6.4089955948385031E-004
          10          48   3.1466018132273710E-003
          10          49   1.0128798369334959E-004
          10          50   4.9121888440318892E-005
          10          51  -6.9261070547378158E-004
          10          52  -1.5367025332784011E-005
          10          53  -4.6332757376251737E-003
          10          54  -3.0930553850303839E-005
          10          55   5.4566247071008650E-006
          11           1  -6.2271079395567771E-012
          11           2   1.8424731835670436E-011
          11           3  -3.6282534835943485E-011
          11           4   8.6299877092879641E-011
          11           5   5.7834121830917443E-011
          11           6  -3.8657814819192603E-010
          11           7   1.2677445787107374E-003
          11           8 -0.90248991335900342     
          11           9   2.5003258348311090E-003
          11          10  -4.1492578953171433E-003
          11          11   2.4663476057602605     
          11          12  -8.1834597750960573E-003
          11          13   3.7049045969121132E-003
          11          14 -0.12014471995146872     
          11          15   7.3070990868651341E-003
          11          16   6.0468200152161830E-003
          11          17 -0.34884818218608715     
          11          18   1.1926011827639520E-002
          11          19   5.1171716351738755E-003
          11          20 -0.22836181712073939     
          11          21   1.0092502786397749E-002
          11          22   2.2666352538853806E-011
          11          23   4.3323673938322849E-010
          11          24  -1.7426387748682524E-010
          11          25  -6.4141070327291608E-011
          11          26  -7.1198394153507623E-010
          11          27   6.1378741805503972E-011
          11          28   7.0728054062735677E-011
          11          29  -4.5374451923247607E-010
          11          30   2.4526812103614264E-010
          11          31   3.4923409014764622E-011
          11          32   7.4066871474627336E-010
          11          33  -5.9017881223013714E-011
          11          34   7.2870699964869103E-011
          11          35  -4.7498293276904611E-011
          11          36   1.6117218519838566E-010
          11          37   4.8102257787741492E-011
          11          38   6.2270959680755155E-011
          11          39  -5.3693750022512862E-012
          11          40  -1.5283839888242353E-011
          11          41  -2.2072633376909983E-010
          11          42   2.0012125841134929E-010
          11          43   4.6730467926283372E-012
          11          44   4.0532497339649532E-010
          11          45   6.8274955922736657E-011
          11          46  -7.1960102623012771E-005
          11          47  -3.8466913944155945E-003
          11          48  -4.0846364525317876E-004
          11          49   4.4468461735720569E-003
          11          50  -6.2995219709624615E-005
          11          51   6.3445219624769556E-006
          11          52  -8.0558691003920226E-004
          11          53  -3.0931704800665657E-005
          11          54  -3.8386404546316218E-003
          11          55  -1.4040016764568769E-004
          12           1   1.2225335745854970E-010
          12           2  -3.6744294657205444E-010
          12           3   9.6315442782571814E-010
          12           4   2.8630623844663982E-009
          12           5  -5.8506390050154044E-010
          12           6  -1.2357831967745609E-008
          12           7  -9.7167635796063082E-005
          12           8   2.5003259720464315E-003
          12           9 -0.87005980075501621     
          12          10   3.1802391384226967E-004
          12          11  -8.1834597750960573E-003
          12          12   2.3602050685611093     
          12          13  -2.8396591314584172E-004
          12          14   7.3070974011995582E-003
          12          15  -2.5368892441161944E-002
          12          16  -4.6346620785246229E-004
          12          17   1.1926012579049900E-002
          12          18 -0.19416339905349445     
          12          19  -3.9220986729042071E-004
          12          20   1.0092511234550228E-002
          12          21  -9.7458286554243226E-002
          12          22  -8.8042823144295434E-010
          12          23  -3.5083860610452586E-011
          12          24   4.1357051247326439E-010
          12          25  -2.5844469264229136E-010
          12          26  -1.5740211947530598E-010
          12          27  -6.7339611748941105E-010
          12          28   1.4868979049407037E-009
          12          29   4.3909649754046829E-010
          12          30   5.0331919363925119E-010
          12          31  -3.2658599976863818E-010
          12          32   7.7387424599362758E-011
          12          33   1.7112326479756106E-009
          12          34   2.1202886949977373E-009
          12          35  -1.1782896371033104E-009
          12          36   2.9559622468835674E-009
          12          37   8.3066995179407272E-010
          12          38   1.2322041990907757E-009
          12          39   5.9709183739745041E-010
          12          40   3.5282966593117753E-009
          12          41   5.7794012403578320E-012
          12          42   3.1763705943131875E-009
          12          43  -1.1939881509826302E-011
          12          44   3.7362553895401917E-010
          12          45   3.4118036467577602E-009
          12          46   5.5164463224770671E-006
          12          47  -6.2995210678007824E-005
          12          48  -1.5366394827699589E-005
          12          49   1.9979969188538919E-004
          12          50  -4.6638431512016579E-003
          12          51  -3.4999945445905647E-004
          12          52   3.1240850237989333E-003
          12          53   4.9045086239993813E-005
          12          54  -1.2620127145213215E-003
          12          55  -1.0352245198900576E-002
          13           1  -3.3787985432653886E-011
          13           2   1.4765664312256918E-010
          13           3  -3.4236732481100174E-010
          13           4  -7.3252749581783715E-010
          13           5   7.9831349745721494E-010
          13           6   2.0748484704965558E-009
          13           7  -7.6743013605246810E-003
          13           8  -1.1467453270099656E-003
          13           9   8.7893334719454526E-005
          13          10  -2.4952811723452040E-002
          13          11   3.7049045969121132E-003
          13          12  -2.8396591314584172E-004
          13          13   8.6366297302022388E-002
          13          14  -3.1071703857789026E-003
          13          15   2.3815186694641177E-004
          13          16  0.16764335166898897     
          13          17  -5.1927368516579810E-003
          13          18   3.9800219620800400E-004
          13          19   8.3702263912239755E-002
          13          20  -4.6194684676340927E-003
          13          21   3.5406262062153364E-004
          13          22  -1.0218232676972026E-009
          13          23  -2.1701030987327440E-010
          13          24   5.1869564903883654E-010
          13          25   9.4767402913205206E-010
          13          26  -1.5752285697368697E-010
          13          27   4.2968085388203701E-010
          13          28  -1.9137215685155562E-010
          13          29  -4.3602944844774347E-011
          13          30  -6.0509710030963122E-011
          13          31  -4.2770760272447468E-012
          13          32  -7.5008961562317855E-011
          13          33   1.1894835485034991E-011
          13          34   1.4954645663636384E-010
          13          35  -1.0710122157301834E-010
          13          36  -3.2841222504364830E-010
          13          37  -4.2607072646478826E-010
          13          38   2.0580641866897630E-010
          13          39  -5.4453035744191876E-010
          13          40  -2.8674693606933465E-010
          13          41  -6.8421918892155576E-011
          13          42  -7.5266248258505827E-010
          13          43  -2.3691516323190083E-010
          13          44   5.2029492759275086E-011
          13          45  -4.2298030883100009E-010
          13          46   3.9561724929636066E-003
          13          47   4.9141107903861157E-004
          13          48  -5.4966280789313137E-003
          13          49  -3.1017717271688763E-004
          13          50  -3.7664522898679594E-005
          13          51   6.4402434647996905E-004
          13          52   2.0481668941117023E-005
          13          53   1.7375027031888987E-003
          13          54  -7.5593279154908627E-005
          13          55   1.2826104409244456E-005
          14           1   2.1868217158610690E-011
          14           2  -8.6212369291936979E-011
          14           3   1.4408360728741295E-010
          14           4   2.9024731365029543E-010
          14           5  -2.1950328089961242E-010
          14           6  -7.8929195734482025E-010
          14           7  -1.1467451513309530E-003
          14           8   2.1789520289850470E-002
          14           9  -2.2616933570410824E-003
          14          10   3.7049042811704339E-003
          14          11 -0.12014471995146872     
          14          12   7.3070974011995582E-003
          14          13  -3.1071703857789026E-003
          14          14  0.16620049942041498     
          14          15  -6.1282297680384391E-003
          14          16  -5.1927376013390326E-003
          14          17  0.30106311806156694     
          14          18  -1.0241558707879505E-002
          14          19  -4.6194688872575936E-003
          14          20  0.20239269335831281     
          14          21  -9.1108844604408726E-003
          14          22  -1.4721837014270570E-010
          14          23  -4.9757083052882724E-011
          14          24   1.1572032341013165E-010
          14          25  -2.9486738414516080E-011
          14          26   6.0845610258272958E-010
          14          27   3.7412081170432451E-011
          14          28   2.4592380057602408E-011
          14          29   1.7135944236973140E-010
          14          30  -4.1582669001848435E-011
          14          31  -3.0775897467957688E-011
          14          32  -1.8533576387251587E-010
          14          33   6.0279229842721745E-011
          14          34   9.6220966568843842E-011
          14          35   9.7342915242300051E-011
          14          36   5.7070649346655720E-011
          14          37   5.0169922831974428E-011
          14          38  -1.7262412800811586E-010
          14          39   8.3595904632478531E-011
          14          40   2.7551793679936480E-010
          14          41   1.7627798350059158E-010
          14          42   1.1357741454235997E-010
          14          43  -3.7586624290820010E-011
          14          44  -2.5859805046576474E-010
          14          45   1.7353493582252222E-010
          14          46  -1.6671747851165473E-004
          14          47   3.6899098668126051E-003
          14          48   2.9894052308565843E-004
          14          49  -4.3324699297145530E-003
          14          50  -1.4743180029739168E-004
          14          51  -7.9933936797658898E-006
          14          52   5.8959271752146239E-004
          14          53  -7.5592369060062110E-005
          14          54   3.6797667052753491E-003
          14          55  -3.3004810665933219E-004
          15           1  -3.2476639877863557E-011
          15           2   8.5007419035787209E-011
          15           3   1.4923324563148945E-010
          15           4   9.1871837565534729E-010
          15           5  -1.6022906247428439E-009
          15           6  -2.6741481716768012E-009
          15           7   8.7893205036688522E-005
          15           8  -2.2616940135724941E-003
          15           9  -7.5455162221857459E-003
          15          10  -2.8396536070610643E-004
          15          11   7.3070990868651341E-003
          15          12  -2.5368892441161944E-002
          15          13   2.3815186694641177E-004
          15          14  -6.1282297680384391E-003
