           1           1   2.0841917118812292     
           1           2  0.35104868296831609     
           1           3  -5.8982957284122138E-002
           1           4 -0.17095820467978179     
           1           5   1.1042334116645805E-003
           1           6  -1.5504127825988582E-014
           1           7  -1.0253811448352146E-013
           1           8  -6.3425136014017324E-016
           1           9   3.8594071815763041E-015
           1          10   5.4201194088218339E-014
           1          11  -8.7731408872509233E-015
           1          12  -8.6309963678516879E-015
           1          13   1.4814914220976721E-014
           1          14  -5.5495866511124920E-015
           1          15   2.4155270178469052E-014
           1          16  -6.3096452687216164E-014
           1          17   1.0100608539469198E-014
           1          18  -2.8682952123416643E-016
           1          19   5.0436994387707248E-015
           1          20   5.3543516298934172E-016
           1          21   6.9193619299879203E-002
           1          22  -4.5723549943517198E-016
           1          23   6.9193619299882131E-002
           1          24  -1.3026122413265052E-015
           1          25   2.4595034885283618E-015
           1          26   6.9193619299877301E-002
           1          27   6.2586184062909025E-003
           1          28  -2.2402284870581947E-016
           1          29   6.2586184062872266E-003
           1          30  -2.9881888233483195E-016
           1          31  -1.8088728332589643E-015
           1          32   6.2586184062926944E-003
           1          33  -1.2081588280737857E-014
           1          34   1.6088800908907289E-014
           1          35  -7.5745126172930881E-015
           1          36   3.1814550306136136E-014
           1          37  -1.6965534098927250E-016
           1          38   1.0199928365101994E-015
           1          39  -3.7941848829739484E-015
           1          40  -5.3455534093259369E-015
           1          41   1.3458867292744905E-014
           1          42  -4.5750142862545967E-015
           2           1  0.35104868296831609     
           2           2   1.2332342137398415     
           2           3 -0.41037124030589495     
           2           4 -0.15154390717520849     
           2           5  0.10098355602101912     
           2           6  -2.5768413550638110E-014
           2           7  -1.4516978818364095E-013
           2           8  -5.8936458461402604E-014
           2           9   7.0099904691643195E-015
           2          10  -2.2991907881180201E-013
           2          11   7.1038495958556226E-014
           2          12  -9.8589419242917280E-015
           2          13  -3.9801291320448634E-014
           2          14   8.5261514196100862E-015
           2          15   2.8102681503596248E-014
           2          16  -1.7705247066897896E-014
           2          17  -1.7676613598556332E-014
           2          18  -2.3889168063725477E-015
           2          19   1.7048893931935063E-015
           2          20   2.2803471442049408E-015
           2          21   6.8459702163813141E-002
           2          22   6.6090263678200214E-016
           2          23   6.8459702163813363E-002
           2          24   1.8307902510294914E-015
           2          25  -3.8545979879126915E-016
           2          26   6.8459702163814320E-002
           2          27  -3.5667057085109199E-002
           2          28  -1.8573043757738075E-015
           2          29  -3.5667057085111815E-002
           2          30  -1.4574650466242359E-015
           2          31   1.2120589375901309E-015
           2          32  -3.5667057085110782E-002
           2          33  -1.3147335745168309E-014
           2          34   5.5967889432831596E-015
           2          35  -5.5713878937751613E-015
           2          36   1.2257049402183565E-014
           2          37   2.9773561061474714E-015
           2          38  -3.4547573038841758E-016
           2          39   4.1324845390004852E-015
           2          40  -6.5501570648098077E-015
           2          41   5.1825722470114444E-015
           2          42   1.0192571464693769E-014
           3           1  -5.8982957284122138E-002
           3           2 -0.41037124030589495     
           3           3  0.13824074459266045     
           3           4   4.6702412937984203E-002
           3           5  -3.4408926007724952E-002
           3           6   7.6275461055475129E-014
           3           7   1.4549609787436631E-013
           3           8  -1.2710169819699811E-014
           3           9  -2.0761751127131219E-014
           3          10  -5.6908129293721172E-014
           3          11   1.9456399062240051E-014
           3          12   4.4748360054068091E-015
           3          13   1.6172888376764044E-015
           3          14   8.4961989103646976E-016
           3          15   7.2697992642724202E-015
           3          16   1.9279916457170028E-014
           3          17   1.2175963428372599E-015
           3          18  -6.9566946581702991E-017
           3          19  -1.1278377231026000E-015
           3          20  -5.2487026889721588E-016
           3          21  -2.1331961042686622E-002
           3          22  -2.3873150583972213E-016
           3          23  -2.1331961042686611E-002
           3          24  -6.6236821865508197E-016
           3          25   2.0314672538770537E-016
           3          26  -2.1331961042687086E-002
           3          27   1.2346895262691839E-002
           3          28   6.2691670779973533E-016
           3          29   1.2346895262692623E-002
           3          30   4.8836890434297066E-016
           3          31  -4.6610096126187063E-016
           3          32   1.2346895262692430E-002
           3          33  -5.6285090611328222E-015
           3          34  -5.4004199504365709E-015
           3          35  -2.6855745431172777E-015
           3          36  -1.2109075208529305E-014
           3          37   3.2277306886865800E-016
           3          38   1.4755483926557742E-016
           3          39  -1.7682933474407753E-016
           3          40  -2.2867950304344905E-015
           3          41  -5.3357989686057718E-015
           3          42  -6.0617669882426290E-016
           4           1 -0.17095820467978179     
           4           2 -0.15154390717520849     
           4           3   4.6702412937984203E-002
           4           4   2.6856003077130538E-002
           4           5  -1.0628617075966362E-002
           4           6  -2.0675942772211065E-013
           4           7   5.4789322105885611E-013
           4           8  -8.2956937773718382E-014
           4           9   7.7493591643433284E-014
           4          10  -9.8758458208043878E-013
           4          11   2.2955247144146641E-013
           4          12   1.3546940066118921E-016
           4          13  -9.9302174997399028E-014
           4          14   2.5409061999083562E-014
           4          15  -5.2892719558674075E-014
           4          16   6.4540091817975917E-014
           4          17  -3.7012743669293671E-015
           4          18   2.8692392583012872E-015
           4          19  -2.7031587873197612E-015
           4          20  -2.4748068578692539E-016
           4          21  -1.1614469560389747E-002
           4          22  -3.9641398142959487E-017
           4          23  -1.1614469560389959E-002
           4          24  -1.0749256308837903E-016
           4          25  -1.1813519787389096E-016
           4          26  -1.1614469560389747E-002
           4          27   3.3257078656650564E-003
           4          28   2.0860569400371146E-016
           4          29   3.3257078656655668E-003
           4          30   1.7162199030474673E-016
           4          31  -1.0194557340524235E-017
           4          32   3.3257078656651054E-003
           4          33   3.1352425330143204E-014
           4          34  -1.6559364419525079E-014
           4          35   1.4128880257210664E-014
           4          36  -3.6732872011592840E-014
           4          37   8.0124597601589615E-016
           4          38  -2.9586515995566969E-017
           4          39   9.1396236813541024E-016
           4          40   1.4087624485342896E-014
           4          41  -1.6346647188245599E-014
           4          42   1.6923393902548008E-015
           5           1   1.1042334116645805E-003
           5           2  0.10098355602101912     
           5           3  -3.4408926007724952E-002
           5           4  -1.0628617075966362E-002
           5           5   8.6541068741917884E-003
           5           6  -6.1444323052145611E-014
           5           7   3.2511591240053592E-013
           5           8  -5.6229525978622097E-015
           5           9   3.1487001932353483E-014
           5          10  -7.1156048073996492E-013
           5          11   7.7481650203613969E-014
           5          12   1.0492057395963173E-017
           5          13  -7.5255434837300311E-014
           5          14   1.0092551255181181E-014
           5          15  -1.0921656571434910E-014
           5          16   3.3210834086668922E-014
           5          17   3.6674966207614428E-015
           5          18   4.8715612253006449E-016
           5          19  -1.0808547650158900E-015
           5          20  -1.8107748303345209E-016
           5          21   4.9134101775678944E-003
           5          22   6.3108264843769989E-017
           5          23   4.9134101775678727E-003
           5          24   1.7532008134419477E-016
           5          25  -6.7353607128126930E-017
           5          26   4.9134101775680237E-003
           5          27  -3.1492194403943846E-003
           5          28  -1.5632980557273161E-016
           5          29  -3.1492194403945576E-003
           5          30  -1.2096146435249062E-016
           5          31   1.2925406190302269E-016
           5          32  -3.1492194403945450E-003
           5          33   6.8601130930947822E-015
           5          34  -8.2643150292544841E-015
           5          35   3.1246509614319275E-015
           5          36  -1.8443732741185899E-014
           5          37  -1.2559488628871367E-015
           5          38  -4.3868099871214804E-017
           5          39  -1.1062896209641909E-015
           5          40   3.0095730028358161E-015
           5          41  -8.2632399050087822E-015
           5          42  -2.4464586049281302E-015
           6           1  -1.5504127825988582E-014
           6           2  -2.5768413550638110E-014
           6           3   7.6275461055475129E-014
           6           4  -2.0675942772211065E-013
           6           5  -6.1444323052145611E-014
           6           6   2.9205119589359017     
           6           7  -3.9633771911199676E-002
           6           8 -0.19543148342044256     
           6           9  -1.3971673599376484     
           6          10   6.8412016569609296E-002
           6          11  0.33733508665131950     
           6          12  -2.0140868764205351E-002
           6          13   6.7375278177304954E-003
           6          14   3.3222299884642245E-002
           6          15  0.64797468018321425     
           6          16  -4.9950928330521069E-003
           6          17  -2.4630469295951508E-002
           6          18  -3.4462285909342000E-002
           6          19   2.0565505920596398E-004
           6          20   1.0140713677093862E-003
           6          21   8.8646115414508608E-014
           6          22   5.6803556947386211E-015
           6          23   8.1055098468355905E-014
           6          24   2.1369766570500066E-015
           6          25   9.9232632574608741E-015
           6          26   8.5458161297937573E-014
           6          27   3.0919921097873049E-014
           6          28  -4.6358415852516763E-015
           6          29   4.4007169849528921E-014
           6          30   1.1621506421242084E-018
           6          31  -6.2286094784494893E-015
           6          32   2.2108730709565946E-014
           6          33 -0.39018649302964803     
           6          34   1.2896217683537696E-003
           6          35 -0.17449670446330326     
           6          36   2.8836819392994571E-003
           6          37   6.3590388468467663E-003
           6          38   3.9125256386556135E-015
           6          39   6.3590388468590621E-003
           6          40 -0.17449670446330473     
           6          41   1.2896217683586073E-003
           6          42   1.4219243133136196E-002
           7           1  -1.0253811448352146E-013
           7           2  -1.4516978818364095E-013
           7           3   1.4549609787436631E-013
           7           4   5.4789322105885611E-013
           7           5   3.2511591240053592E-013
           7           6  -3.9633771911199676E-002
           7           7   2.8240822411792736     
           7           8   7.0015060280279581E-002
           7           9   6.8412016569600262E-002
           7          10  -1.2307196278432233     
           7          11 -0.12085328327438093     
           7          12   6.7375278178100099E-003
           7          13  -3.7483359695252849E-003
           7          14  -1.1902183253038899E-002
           7          15  -4.9950928332834930E-003
           7          16  0.63582152471026865     
           7          17   8.8240838293228135E-003
           7          18   2.0565505923008355E-004
           7          19  -3.3961923255095131E-002
           7          20  -3.6330005132559199E-004
           7          21  -1.9640895102666543E-013
           7          22  -3.8183281997762699E-014
           7          23  -2.4497136780528057E-013
           7          24  -3.6808293921605705E-015
           7          25  -3.2208570357100476E-014
           7          26  -2.6211541970152532E-013
           7          27  -1.6122920445033303E-013
           7          28   2.6957832574874662E-014
           7          29  -1.4986061373294790E-013
           7          30  -3.3403337120028601E-014
           7          31  -1.7105256053871982E-015
           7          32  -1.0187937768006185E-013
           7          33   2.8836819393729222E-003
           7          34 -0.17135903027461807     
           7          35   1.2896217684234563E-003
           7          36 -0.38317044025253411     
           7          37  -2.2781820022980221E-003
           7          38   2.1361208108968560E-014
           7          39  -2.2781820022425847E-003
           7          40   1.2896217683908370E-003
           7          41 -0.17135903027459987     
           7          42  -5.0941698222632843E-003
           8           1  -6.3425136014017324E-016
           8           2  -5.8936458461402604E-014
           8           3  -1.2710169819699811E-014
           8           4  -8.2956937773718382E-014
           8           5  -5.6229525978622097E-015
           8           6 -0.19543148342044256     
           8           7   7.0015060280279581E-002
           8           8   3.1551226794453626     
           8           9  0.33733508665131373     
           8          10 -0.12085328327438151     
           8          11  -1.8021298887341080     
           8          12   3.3222299884656414E-002
           8          13  -1.1902183252955533E-002
           8          14  -6.0023427994585321E-002
           8          15  -2.4630469295950436E-002
           8          16   8.8240838286682589E-003
           8          17  0.67754295673282827     
           8          18   1.0140713677008585E-003
           8          19  -3.6330005123348701E-004
           8          20  -3.5679653807745626E-002
           8          21   2.2179551889682749E-014
           8          22   7.3639634504909058E-015
           8          23   1.5912169834663030E-014
           8          24   7.3682434461605573E-015
           8          25   1.3620197502354417E-014
           8          26   4.0095100220871479E-014
           8          27   1.0829586765173298E-014
           8          28  -3.6698148862516464E-015
           8          29   2.3389430977327235E-014
           8          30   2.1438063517453081E-015
           8          31  -4.7669824863217265E-015
           8          32  -1.0596885773469238E-014
           8          33   1.4219243133140382E-002
           8          34  -2.2781820021530019E-003
           8          35   6.3590388468508976E-003
           8          36  -5.0941698219122639E-003
           8          37 -0.18213057521717435     
           8          38  -1.7998578276914976E-015
           8          39 -0.18213057521717207     
           8          40   6.3590388468700463E-003
           8          41  -2.2781820021492405E-003
           8          42 -0.40725634696670820     
           9           1   3.8594071815763041E-015
           9           2   7.0099904691643195E-015
           9           3  -2.0761751127131219E-014
           9           4   7.7493591643433284E-014
           9           5   3.1487001932353483E-014
           9           6  -1.3971673599376484     
           9           7   6.8412016569600262E-002
           9           8  0.33733508665131373     
           9           9   1.7967710927637164     
           9          10 -0.11808626293772603     
           9          11 -0.58227547933635715     
           9          12  0.15713404929218608     
           9          13  -1.1629674453775369E-002
           9          14  -5.7345148356894922E-002
           9          15 -0.22331738549394511     
           9          16   8.6220502661229857E-003
           9          17   4.2514754270050678E-002
           9          18   1.0507822172712435E-002
           9          19  -3.5498204281441775E-004
           9          20  -1.7503927551163470E-003
           9          21  -3.3825146308137787E-014
           9          22  -3.4738952291674520E-015
           9          23  -3.4486730417732011E-014
           9          24   3.2089696341457743E-015
           9          25  -2.3433687356665586E-015
           9          26  -2.6780988583511920E-014
           9          27  -1.4424891493710033E-014
           9          28   2.4188621062019239E-015
           9          29  -1.8857911776788640E-014
           9          30  -3.5968835927207035E-015
           9          31   4.5169828084366242E-016
           9          32  -1.2801809635964773E-014
           9          33  0.13164001643435819     
           9          34  -2.2260214339744882E-003
           9          35   5.8871205061281309E-002
           9          36  -4.9775352457369264E-003
           9          37  -1.0976363085867897E-002
           9          38  -8.1677436981044319E-016
           9          39  -1.0976363085866116E-002
           9          40   5.8871205061281191E-002
           9          41  -2.2260214339728957E-003
           9          42  -2.4543894005720455E-002
          10           1   5.4201194088218339E-014
          10           2  -2.2991907881180201E-013
          10           3  -5.6908129293721172E-014
          10           4  -9.8758458208043878E-013
          10           5  -7.1156048073996492E-013
          10           6   6.8412016569609296E-002
          10           7  -1.2307196278432233     
          10           8 -0.12085328327438151     
          10           9 -0.11808626293772603     
          10          10   1.5094649783841192     
          10          11  0.20860534890249949     
          10          12  -1.1629674453993200E-002
          10          13  0.12883883107047991     
          10          14   2.0544407424697750E-002
          10          15   8.6220502667477671E-003
          10          16 -0.20233977388825436     
          10          17  -1.5231287360064049E-002
          10          18  -3.5498204287644984E-004
          10          19   9.6441441388980080E-003
          10          20   6.2709371156294085E-004
          10          21   3.5976127206677963E-013
          10          22   6.1930118526418972E-014
          10          23   4.4754836230913384E-013
          10          24  -5.1209276134351199E-015
          10          25   6.3708869110435512E-014
          10          26   4.8796801768727886E-013
          10          27   3.4216911394871984E-013
          10          28  -4.8884055431062444E-014
          10          29   3.1549984716633810E-013
          10          30   5.7685041350165594E-014
          10          31  -2.3729888309182715E-016
          10          32   2.2728801678398490E-013
          10          33  -4.9775352459664381E-003
          10          34   5.3455252749835591E-002
          10          35  -2.2260214341436736E-003
          10          36  0.11952957890315012     
          10          37   3.9323793162745306E-003
          10          38  -3.5393012625603978E-014
          10          39   3.9323793161838306E-003
          10          40  -2.2260214340852451E-003
          10          41   5.3455252749804248E-002
          10          42   8.7930674645290020E-003
          11           1  -8.7731408872509233E-015
          11           2   7.1038495958556226E-014
          11           3   1.9456399062240051E-014
          11           4   2.2955247144146641E-013
          11           5   7.7481650203613969E-014
          11           6  0.33733508665131950     
          11           7 -0.12085328327438093     
          11           8  -1.8021298887341080     
          11           9 -0.58227547933635715     
          11          10  0.20860534890249949     
          11          11   2.4957785778995585     
          11          12  -5.7345148356773408E-002
          11          13   2.0544407424518144E-002
          11          14  0.22597549867546254     
          11          15   4.2514754269643580E-002
          11          16  -1.5231287358749727E-002
          11          17 -0.27435530915493078     
          11          18  -1.7503927550653040E-003
          11          19   6.2709371137021470E-004
          11          20   1.2609125904756610E-002
          11          21  -6.9259275876277735E-014
          11          22  -1.1017566637704182E-014
          11          23  -8.6609992040305969E-014
          11          24   1.3590320083194645E-015
          11          25  -1.1202607967912134E-014
          11          26  -1.0512959890366499E-013
          11          27  -5.0445459854841628E-014
          11          28   9.2309027376970646E-015
          11          29  -4.4763697165750140E-014
          11          30  -1.0529310556056776E-014
          11          31  -4.0477256476661604E-016
          11          32  -2.0149935746772324E-014
          11          33  -2.4543894005545044E-002
          11          34   3.9323793159891885E-003
          11          35  -1.0976363085775605E-002
          11          36   8.7930674638376418E-003
          11          37   7.2048060740410785E-002
          11          38   1.0975984656387627E-014
          11          39   7.2048060740421915E-002
          11          40  -1.0976363085790813E-002
          11          41   3.9323793159902354E-003
          11          42  0.16110436146257248     
          12           1  -8.6309963678516879E-015
          12           2  -9.8589419242917280E-015
          12           3   4.4748360054068091E-015
          12           4   1.3546940066118921E-016
          12           5   1.0492057395963173E-017
          12           6  -2.0140868764205351E-002
          12           7   6.7375278178100099E-003
          12           8   3.3222299884656414E-002
          12           9  0.15713404929218608     
          12          10  -1.1629674453993200E-002
          12          11  -5.7345148356773408E-002
          12          12   1.9419707731802804E-002
          12          13  -1.1453434509526165E-003
          12          14  -5.6476120955921737E-003
          12          15   6.8610362136524361E-003
          12          16   8.4913888563646991E-004
          12          17   4.1870471580875285E-003
          12          18  -5.4388498998088211E-004
          12          19  -3.4960252718378306E-005
          12          20  -1.7238667226718532E-004
          12          21  -1.4857478801926699E-016
          12          22  -1.3805231361517452E-016
          12          23  -6.5741369911919942E-016
          12          24   5.3837125332998056E-016
          12          25   2.4580013226830815E-016
          12          26   5.9485197770464593E-016
          12          27   5.8499379441240825E-017
          12          28   5.8255821899193104E-017
          12          29   2.0718480123635327E-016
          12          30  -4.7011459080686895E-016
          12          31  -2.8750912513443045E-016
          12          32  -2.1958080425194816E-016
          12          33  -4.5018529868511735E-003
          12          34  -2.1922875667708806E-004
          12          35  -2.0132898606618696E-003
          12          36  -4.9021040255269152E-004
          12          37  -1.0810023638598053E-003
          12          38   1.1092202022600287E-016
          12          39  -1.0810023638588885E-003
          12          40  -2.0132898606619663E-003
          12          41  -2.1922875667661074E-004
          12          42  -2.4171947694271601E-003
          13           1   1.4814914220976721E-014
          13           2  -3.9801291320448634E-014
          13           3   1.6172888376764044E-015
          13           4  -9.9302174997399028E-014
          13           5  -7.5255434837300311E-014
          13           6   6.7375278177304954E-003
          13           7  -3.7483359695252849E-003
          13           8  -1.1902183252955533E-002
          13           9  -1.1629674453775369E-002
          13          10  0.12883883107047991     
          13          11   2.0544407424518144E-002
          13          12  -1.1453434509526165E-003
          13          13   1.6633065421919203E-002
          13          14   2.0233070659433560E-003
          13          15   8.4913888570116696E-004
          13          16   8.9270072057158912E-003
          13          17  -1.5000467378832418E-003
          13          18  -3.4960252725145143E-005
          13          19  -6.2894394702100770E-004
          13          20   6.1759052543720246E-005
          13          21   3.6355206622523374E-014
          13          22   5.9709277907259672E-015
          13          23   4.5128633050938540E-014
          13          24  -8.7419817746110188E-016
          13          25   6.5358712043176716E-015
          13          26   4.9458349806425801E-014
          13          27   3.5920514909047432E-014
          13          28  -4.8901402122794532E-015
          13          29   3.3066886746728372E-014
          13          30   5.6819696447374509E-015
          13          31  -1.2619152241880859E-016
          13          32   2.4205602528056483E-014
          13          33  -4.9021040257658940E-004
          13          34  -2.5466775780118960E-003
          13          35  -2.1922875669442445E-004
          13          36  -5.6945441812004142E-003
          13          37   3.8727867356525681E-004
          13          38  -3.4380025933330945E-015
          13          39   3.8727867355648529E-004
          13          40  -2.1922875668860156E-004
          13          41  -2.5466775780149803E-003
          13          42   8.6598144033066986E-004
          14           1  -5.5495866511124920E-015
          14           2   8.5261514196100862E-015
          14           3   8.4961989103646976E-016
          14           4   2.5409061999083562E-014
          14           5   1.0092551255181181E-014
          14           6   3.3222299884642245E-002
          14           7  -1.1902183253038899E-002
          14           8  -6.0023427994585321E-002
          14           9  -5.7345148356894922E-002
          14          10   2.0544407424697750E-002
          14          11  0.22597549867546254     
          14          12  -5.6476120955921737E-003
          14          13   2.0233070659433560E-003
          14          14   2.6199528054117655E-002
          14          15   4.1870471580212031E-003
          14          16  -1.5000467377556325E-003
          14          17   1.8345884100735713E-003
          14          18  -1.7238667226013155E-004
          14          19   6.1759052523895921E-005
          14          20  -3.3693900215705700E-004
          14          21  -7.8069373535811188E-015
          14          22  -1.0304752939281506E-015
          14          23  -1.0423708782461307E-014
          14          24   5.8761333380819081E-016
          14          25  -7.0657216302083601E-016
          14          26  -1.1499046782833690E-014
          14          27  -6.1065217722649799E-015
          14          28   1.0024644913962673E-015
          14          29  -4.6649913581164414E-015
          14          30  -1.2570962188301924E-015
          14          31  -3.1814205206883693E-016
          14          32  -3.3384865221130694E-015
          14          33  -2.4171947693957486E-003
          14          34   3.8727867353796337E-004
          14          35  -1.0810023638438214E-003
          14          36   8.6598144026416046E-004
          14          37  -7.1557293693923999E-004
          14          38   1.3346217888950167E-015
          14          39  -7.1557293693766269E-004
          14          40  -1.0810023638447440E-003
          14          41   3.8727867353831032E-004
          14          42  -1.6000697298561221E-003
          15           1   2.4155270178469052E-014
          15           2   2.8102681503596248E-014
          15           3   7.2697992642724202E-015
          15           4  -5.2892719558674075E-014
          15           5  -1.0921656571434910E-014
          15           6  0.64797468018321425     
          15           7  -4.9950928332834930E-003
          15           8  -2.4630469295950436E-002
          15           9 -0.22331738549394511     
          15          10   8.6220502667477671E-003
          15          11   4.2514754269643580E-002
          15          12   6.8610362136524361E-003
          15          13   8.4913888570116696E-004
          15          14   4.1870471580212031E-003
          15          15  0.15042379647897752     
          15          16  -6.2953766974957795E-004
          15          17  -3.1042082223450697E-003
          15          18  -8.1054055261365523E-003
          15          19   2.5918959081202096E-005
          15          20   1.2780465690087522E-004
          15          21   2.2681346123938257E-014
          15          22   1.2021993007170736E-015
          15          23   2.0667362116522891E-014
          15          24   7.9914650106571432E-016
          15          25   2.3863256714242476E-015
          15          26   2.2397963953811135E-014
          15          27   6.0483824830007159E-015
          15          28  -1.0131095469853137E-015
          15          29   9.0924580222268043E-015
          15          30  -2.7598389721128671E-016
          15          31  -1.5761285870738369E-015
          15          32   3.8943309982616733E-015
          15          33  -9.0797317960908661E-002
          15          34   1.6253261151277643E-004
          15          35  -4.0605795027049724E-002
          15          36   3.6343396790246957E-004
          15          37   8.0143745689108118E-004
          15          38   9.4910756394883160E-016
          15          39   8.0143745689439710E-004
          15          40  -4.0605795027050105E-002
          15          41   1.6253261151414884E-004
          15          42   1.7920686333294327E-003
          16           1  -6.3096452687216164E-014
          16           2  -1.7705247066897896E-014
          16           3   1.9279916457170028E-014
          16           4   6.4540091817975917E-014
          16           5   3.3210834086668922E-014
          16           6  -4.9950928330521069E-003
          16           7  0.63582152471026865     
          16           8   8.8240838286682589E-003
          16           9   8.6220502661229857E-003
          16          10 -0.20233977388825436     
          16          11  -1.5231287358749727E-002
          16          12   8.4913888563646991E-004
          16          13   8.9270072057158912E-003
          16          14  -1.5000467377556325E-003
          16          15  -6.2953766974957795E-004
          16          16  0.14889211940501018     
          16          17   1.1121100961789081E-003
          16          18   2.5918959082665809E-005
          16          19  -8.0423442077976904E-003
          16          20  -4.5787150580111348E-005
          16          21  -2.2366990629887639E-014
          16          22  -5.1178601142405895E-015
          16          23  -2.8182941588289395E-014
          16          24  -1.3452747669835732E-015
          16          25  -3.4360682062960166E-015
          16          26  -2.9511963842679077E-014
          16          27  -1.6923638740779073E-014
          16          28   3.2168641418844408E-015
          16          29  -1.6032051886434990E-014
          16          30  -4.2077585512208702E-015
          16          31  -4.6059850313374719E-016
          16          32  -1.0399029377628780E-014
          16          33   3.6343396789798033E-004
          16          34  -4.0210350104856851E-002
          16          35   1.6253261151518699E-004
          16          36  -8.9913076233530453E-002
          16          37  -2.8712206895347884E-004
          16          38   2.8057580482217762E-015
          16          39  -2.8712206894610849E-004
          16          40   1.6253261151123895E-004
          16          41  -4.0210350104854561E-002
          16          42  -6.4202446402058871E-004
          17           1   1.0100608539469198E-014
          17           2  -1.7676613598556332E-014
          17           3   1.2175963428372599E-015
          17           4  -3.7012743669293671E-015
          17           5   3.6674966207614428E-015
          17           6  -2.4630469295951508E-002
          17           7   8.8240838293228135E-003
          17           8  0.67754295673282827     
          17           9   4.2514754270050678E-002
          17          10  -1.5231287360064049E-002
          17          11 -0.27435530915493078     
          17          12   4.1870471580875285E-003
          17          13  -1.5000467378832418E-003
          17          14   1.8345884100735713E-003
          17          15  -3.1042082223450697E-003
          17          16   1.1121100961789081E-003
          17          17  0.15415032259959977     
          17          18   1.2780465690044699E-004
          17          19  -4.5787150573514954E-005
          17          20  -8.2588318939007307E-003
          17          21   3.0827379651368197E-016
          17          22   1.0581631436236086E-015
          17          23  -2.6453241994070395E-015
          17          24   2.0099434749944009E-015
          17          25   2.6619184161125084E-015
          17          26   2.1862622803399870E-015
          17          27  -7.3683283954997385E-016
          17          28  -2.4003093468204883E-016
          17          29   2.9477853735123682E-015
          17          30  -2.5435439512917822E-016
          17          31  -1.2639143362303880E-015
          17          32  -3.9510185571291761E-015
          17          33   1.7920686333243009E-003
          17          34  -2.8712206895516700E-004
          17          35   8.0143745689043380E-004
          17          36  -6.4202446402155430E-004
          17          37  -4.1567901111184073E-002
          17          38   3.7761535134157734E-016
          17          39  -4.1567901111182637E-002
          17          40   8.0143745689421745E-004
          17          41  -2.8712206895411326E-004
          17          42  -9.2948652566589823E-002
          18           1  -2.8682952123416643E-016
          18           2  -2.3889168063725477E-015
          18           3  -6.9566946581702991E-017
          18           4   2.8692392583012872E-015
          18           5   4.8715612253006449E-016
          18           6  -3.4462285909342000E-002
          18           7   2.0565505923008355E-004
          18           8   1.0140713677008585E-003
          18           9   1.0507822172712435E-002
          18          10  -3.5498204287644984E-004
          18          11  -1.7503927550653040E-003
          18          12  -5.4388498998088211E-004
          18          13  -3.4960252725145143E-005
          18          14  -1.7238667226013155E-004
          18          15  -8.1054055261365523E-003
          18          16   2.5918959082665809E-005
          18          17   1.2780465690044699E-004
          18          18   4.3833800190810353E-004
          18          19  -1.0671203204732491E-006
          18          20  -5.2618990594419306E-006
          18          21  -1.2354046666496717E-015
          18          22  -6.3020622467589746E-017
          18          23  -1.1230821871851602E-015
          18          24  -4.7636798369421297E-017
          18          25  -1.2983285183941341E-016
          18          26  -1.2270302225880766E-015
          18          27  -2.8573757643804869E-016
          18          28   5.3637837084041992E-017
          18          29  -4.4985364389633975E-016
          18          30   1.9042088905620270E-017
          18          31   8.6893486278290087E-017
          18          32  -1.6802967682162503E-016
          18          33   4.8957905233388329E-003
          18          34  -6.6916982252377126E-006
          18          35   2.1894640827569175E-003
          18          36  -1.4963092116510812E-005
          18          37  -3.2996317214739956E-005
          18          38  -5.1758085131893539E-017
          18          39  -3.2996317214925660E-005
          18          40   2.1894640827569392E-003
          18          41  -6.6916982253153940E-006
          18          42  -7.3782008299660268E-005
          19           1   5.0436994387707248E-015
          19           2   1.7048893931935063E-015
          19           3  -1.1278377231026000E-015
          19           4  -2.7031587873197612E-015
          19           5  -1.0808547650158900E-015
          19           6   2.0565505920596398E-004
          19           7  -3.3961923255095131E-002
          19           8  -3.6330005123348701E-004
          19           9  -3.5498204281441775E-004
          19          10   9.6441441388980080E-003
          19          11   6.2709371137021470E-004
          19          12  -3.4960252718378306E-005
          19          13  -6.2894394702100770E-004
          19          14   6.1759052523895921E-005
          19          15   2.5918959081202096E-005
          19          16  -8.0423442077976904E-003
          19          17  -4.5787150573514954E-005
          19          18  -1.0671203204732491E-006
          19          19   4.3574167795847323E-004
          19          20   1.8851219543871548E-006
          19          21   9.2883421357615417E-016
          19          22   2.1920786571155592E-016
          19          23   1.1598186892422583E-015
          19          24   7.9898732223804028E-017
          19          25   1.2413555285376871E-016
          19          26   1.1914070885588528E-015
          19          27   5.7996848903867429E-016
          19          28  -1.2741841374250311E-016
