           1           1   2.1506310664709796     
           1           2  0.13091155391585813     
           1           3 -0.49380180728338186     
           1           4  0.12902802265448662     
           1           5   7.5464224834763033E-002
           1           6  -7.1527947245670705E-012
           1           7   5.8758663456117739E-011
           1           8  -6.7533162696972110E-011
           1           9   5.0781454018665224E-012
           1          10   6.7342199198898554E-012
           1          11  -1.0060264895274592E-011
           1          12   7.7310215106379114E-012
           1          13  -4.0023777086167744E-011
           1          14   4.7062128172510931E-011
           1          15   2.2772065314016281E-012
           1          16  -1.6240386887241259E-010
           1          17   2.2614558167703073E-010
           1          18   2.8882439090749197E-011
           1          19  -1.0905303136235476E-010
           1          20   1.2274355167704180E-010
           1          21  -1.3575343648382749E-002
           1          22  -1.3764872116032317E-005
           1          23  -1.3481911933701110E-002
           1          24   1.6642737849081836E-004
           1          25   2.0899217463811313E-005
           1          26  -1.3699248295261498E-002
           1          27  -4.8472331944668942E-003
           1          28  -2.4568891221022965E-006
           1          29  -4.8305565684177796E-003
           1          30   2.9705562357700433E-005
           1          31   3.7302924805923915E-006
           1          32  -4.8693487792566955E-003
           1          33   1.1685491193995188E-011
           1          34   1.4605730239462741E-011
           1          35   1.2419628736327228E-011
           1          36   8.8677152191356895E-012
           1          37  -1.1718023626941091E-011
           1          38   1.3122030926224823E-011
           1          39  -2.1208398655882387E-011
           1          40  -2.2531568040465701E-011
           1          41  -6.6722774798232426E-012
           1          42  -9.2631963040088846E-012
           2           1  0.13091155391585813     
           2           2  0.20551380648173095     
           2           3 -0.53337818267093340     
           2           4  0.11725642274910514     
           2           5   7.9772683478954415E-002
           2           6  -2.4413777303677893E-011
           2           7   1.0662223507578345E-010
           2           8  -1.2428732345391219E-010
           2           9  -3.8189394320582970E-012
           2          10   3.5122510015450098E-011
           2          11  -4.2944306690482961E-011
           2          12   8.9002632814379602E-012
           2          13  -5.4700475296417231E-011
           2          14   6.3559962671282531E-011
           2          15   8.1928760132976318E-012
           2          16  -2.3794338255984712E-010
           2          17   3.1925284698389345E-010
           2          18   4.1386915913963163E-011
           2          19  -1.4993681092018545E-010
           2          20   1.6309776828580164E-010
           2          21  -8.1380359592524197E-004
           2          22  -4.8692989897788550E-006
           2          23  -7.8075229005340968E-004
           2          24   5.8873365057045875E-005
           2          25   7.3930513627177782E-006
           2          26  -8.5763457771984594E-004
           2          27   9.1957078011136589E-004
           2          28   1.0708559236749092E-005
           2          29   8.4688440273197624E-004
           2          30  -1.2947437442070806E-004
           2          31  -1.6258831637075508E-005
           2          32   1.0159642183679763E-003
           2          33   1.3613276190354885E-011
           2          34   1.9186849603813174E-011
           2          35   1.4363505920334425E-011
           2          36   1.6921828001632467E-011
           2          37  -1.6532157318676046E-011
           2          38   1.5575885398729207E-011
           2          39  -2.8613327973813921E-011
           2          40  -2.8064972596893826E-011
           2          41  -5.4413529892760155E-012
           2          42  -1.6998843330625833E-011
           3           1 -0.49380180728338186     
           3           2 -0.53337818267093340     
           3           3   1.4657047147504363     
           3           4 -0.54895248992350509     
           3           5 -0.37748094553678435     
           3           6   3.4534367602155591E-011
           3           7  -3.1087086998255045E-010
           3           8   3.6769046844652216E-010
           3           9  -4.7752784318371705E-012
           3          10  -1.1021726082846564E-010
           3          11   1.3792037363295832E-010
           3          12  -4.3068159796560781E-011
           3          13   2.4609768355638789E-010
           3          14  -2.8057952315269241E-010
           3          15  -3.4337054683788621E-011
           3          16   1.0233060106846910E-009
           3          17  -1.3986134327930537E-009
           3          18  -1.8227322901092101E-010
           3          19   6.5482720390144083E-010
           3          20  -7.3067898768502044E-010
           3          21  -2.8321715187595766E-004
           3          22  -3.9545974356545847E-005
           3          23  -1.4791289755738610E-005
           3          24   4.7814010727706500E-004
           3          25   6.0042802620084929E-005
           3          26  -6.3919160925014502E-004
           3          27  -2.7568217896170050E-003
           3          28   4.9086658851598113E-005
           3          29  -3.0900070307621069E-003
           3          30  -5.9349361923702673E-004
           3          31  -7.4528327740406783E-005
           3          32  -2.3149681144190195E-003
           3          33  -6.3422555574370404E-011
           3          34  -9.4419270226647398E-011
           3          35  -7.0093318910611267E-011
           3          36  -7.2641908338717443E-011
           3          37   7.7133852413444719E-011
           3          38  -7.6086187863724206E-011
           3          39   1.3229158544215975E-010
           3          40   1.3332938270774955E-010
           3          41   2.8856540140800342E-011
           3          42   7.3633134377108534E-011
           4           1  0.12902802265448662     
           4           2  0.11725642274910514     
           4           3 -0.54895248992350509     
           4           4  0.89629494805252263     
           4           5  0.62728742365359991     
           4           6  -1.3678879393238937E-010
           4           7   5.5113321671851496E-010
           4           8  -6.8223482182136950E-010
           4           9  -6.4010450324819747E-011
           4          10   2.7542665124814866E-010
           4          11  -3.4845245336786403E-010
           4          12   1.0136124256794813E-010
           4          13  -4.0329475789040806E-010
           4          14   4.4583623962034435E-010
           4          15   2.3336840127290347E-010
           4          16  -1.6955383359878402E-009
           4          17   2.3190877573827183E-009
           4          18   4.1257526528101015E-010
           4          19  -1.1016393699996206E-009
           4          20   1.2497340751727199E-009
           4          21   1.0655368750996805E-002
           4          22   2.0095674642833566E-004
           4          23   9.2913363269294062E-003
           4          24  -2.4297151320223920E-003
           4          25  -3.0511313727000578E-004
           4          26   1.2464285871005804E-002
           4          27   2.7433839758618517E-003
           4          28  -2.1819998657984590E-004
           4          29   4.2244584864130075E-003
           4          30   2.6381978821706960E-003
           4          31   3.3129337370043505E-004
           4          32   7.7925418130287295E-004
           4          33   9.5881576802617886E-011
           4          34   1.6247103527959986E-010
           4          35   1.1586088763449384E-010
           4          36   1.1387042226623926E-010
           4          37  -1.2596005938759622E-010
           4          38   1.2888572418868563E-010
           4          39  -2.1647273899880471E-010
           4          40  -2.2588504708793062E-010
           4          41  -4.9860343844636405E-011
           4          42  -1.1601188709493467E-010
           5           1   7.5464224834763033E-002
           5           2   7.9772683478954415E-002
           5           3 -0.37748094553678435     
           5           4  0.62728742365359991     
           5           5  0.44755082029393206     
           5           6   2.3895794299975270E-011
           5           7   5.1175716478644925E-010
           5           8  -5.7610663269627427E-010
           5           9   2.2773227619094021E-011
           5          10   2.6395724512572154E-010
           5          11  -3.0512087510340579E-010
           5          12  -3.0911238072124828E-011
           5          13  -3.8601564808580096E-010
           5          14   4.3464117263161117E-010
           5          15  -2.5021568795126245E-010
           5          16  -1.6758963399023685E-009
           5          17   2.1659386740909716E-009
           5          18   8.7489655156138549E-011
           5          19  -9.6227165132728609E-010
           5          20   9.6421025529100413E-010
           5          21   6.2937704612403833E-003
           5          22   3.5017792333670551E-004
           5          23   3.9168706666339531E-003
           5          24  -4.2339083823843609E-003
           5          25  -5.3167583468418322E-004
           5          26   9.4459037388555638E-003
           5          27  -1.0650611498167831E-003
           5          28   2.2096003652584601E-004
           5          29  -2.5648696767873944E-003
           5          30  -2.6715690643259373E-003
           5          31  -3.3548403178088786E-004
           5          32   9.2391481528147099E-004
           5          33   9.5252866249762346E-011
           5          34   9.9955561489033727E-011
           5          35   7.7681222294960358E-011
           5          36   1.3453756395723613E-010
           5          37  -1.0244194949423058E-010
           5          38   7.7501575724398525E-011
           5          39  -1.7342896940878721E-010
           5          40  -1.4739711559671848E-010
           5          41  -1.1695969642052604E-011
           5          42  -1.2421957573835453E-010
           6           1  -7.1527947245670705E-012
           6           2  -2.4413777303677893E-011
           6           3   3.4534367602155591E-011
           6           4  -1.3678879393238937E-010
           6           5   2.3895794299975270E-011
           6           6   1.0394059424579103     
           6           7  -1.2550480960701080E-003
           6           8   1.5174462421608975E-002
           6           9  0.51269261765462759     
           6          10  -5.2892071880013942E-004
           6          11   6.3950444476697449E-003
           6          12   6.0219785837903751E-002
           6          13   9.4505005755098905E-004
           6          14  -1.1426348630537434E-002
           6          15  -3.1489454002909062E-002
           6          16   3.9885019046904235E-003
           6          17  -4.8223912475437773E-002
           6          18  -4.9644079850583576E-002
           6          19   2.5570434492157754E-003
           6          20  -3.0916533659209246E-002
           6          21  -3.4969046400043403E-011
           6          22  -8.8958141601335039E-011
           6          23  -5.0388812751991736E-011
           6          24   5.0812947251839207E-011
           6          25  -6.2792408268693535E-011
           6          26   1.3831550079177204E-010
           6          27  -4.2390355857265275E-011
           6          28  -3.6143475234748556E-010
           6          29  -1.5794774498719051E-010
           6          30   2.4019095778381022E-010
           6          31  -1.2553477388034704E-010
           6          32   2.2169409522499044E-010
           6          33  -2.0063759544139650E-002
           6          34  -6.4709003833186420E-005
           6          35  -9.2598867725343544E-003
           6          36  -2.8601386459916933E-004
           6          37   7.8237878935917798E-004
           6          38  -3.0030231068701549E-005
           6          39   1.5501761551162117E-003
           6          40  -8.9475946246928579E-003
           6          41  -1.9412812100103727E-004
           6          42   4.0521462036411148E-003
           7           1   5.8758663456117739E-011
           7           2   1.0662223507578345E-010
           7           3  -3.1087086998255045E-010
           7           4   5.5113321671851496E-010
           7           5   5.1175716478644925E-010
           7           6  -1.2550480960701080E-003
           7           7   1.0492427030392470     
           7           8   1.9055419195880062E-003
           7           9  -5.2892071496673360E-004
           7          10  0.51683816991174747     
           7          11   8.0306126919803245E-004
           7          12   9.4505012249807149E-004
           7          13   5.2812718404534650E-002
           7          14  -1.4348712893251521E-003
           7          15   3.9885017554473672E-003
           7          16  -6.2750339706042477E-002
           7          17  -6.0557488506136634E-003
           7          18   2.5570434998403112E-003
           7          19  -6.9685552573491225E-002
           7          20  -3.8823637793165334E-003
           7          21  -1.3556012668482782E-010
           7          22  -7.8566597629139693E-011
           7          23  -5.4443899152130874E-011
           7          24  -5.5424611492886677E-011
           7          25   9.3547289362245676E-011
           7          26   8.8356956358050866E-012
           7          27  -2.0773967105360388E-010
           7          28  -1.1380303043495306E-010
           7          29  -1.8138182277110353E-010
           7          30  -1.0778831652814499E-010
           7          31   3.3064187387545141E-010
           7          32   1.3597520986929579E-010
           7          33  -3.0713494372153059E-004
           7          34  -7.8986427556314749E-003
           7          35  -3.6371987632476752E-005
           7          36  -1.8458641969369673E-002
           7          37   2.3768847332270655E-004
           7          38  -6.3475832918174113E-004
           7          39   5.5223625635027369E-005
           7          40  -1.9412810188799444E-004
           7          41  -7.4260669813086128E-003
           7          42   5.0885087248456358E-004
           8           1  -6.7533162696972110E-011
           8           2  -1.2428732345391219E-010
           8           3   3.6769046844652216E-010
           8           4  -6.8223482182136950E-010
           8           5  -5.7610663269627427E-010
           8           6   1.5174462421608975E-002
           8           7   1.9055419195880062E-003
           8           8   1.0263608902885399     
           8           9   6.3950443585549417E-003
           8          10   8.0306127011641631E-004
           8          11  0.50719498185237999     
           8          12  -1.1426349164170442E-002
           8          13  -1.4348713288569765E-003
           8          14   7.0042689526170543E-002
           8          15  -4.8223911878597724E-002
           8          16  -6.0557487948308614E-003
           8          17   9.9672522698173120E-003
           8          18  -3.0916533788285568E-002
           8          19  -3.8823637490998622E-003
           8          20  -2.3066027323311932E-002
           8          21   7.3332225664008605E-011
           8          22  -9.8863197899249718E-011
           8          23   7.9949338927667313E-011
           8          24   1.0805572382926542E-010
           8          25   2.1463585480918693E-011
           8          26   4.6755608404122319E-011
           8          27   3.7175487888629625E-011
           8          28  -2.4336885936717793E-010
           8          29   3.2815350448550707E-011
           8          30   2.4419778295186322E-010
           8          31  -6.9676242015564787E-011
           8          32   2.1346067039679920E-010
           8          33   3.7134861577235744E-003
           8          34   2.3768845942195892E-004
           8          35   1.5501760710093762E-003
           8          36   4.3425515085806609E-004
           8          37  -1.0752812115632357E-002
           8          38  -2.3613855101352162E-005
           8          39  -1.0592528522145123E-002
           8          40   1.2367385076026056E-003
           8          41   1.5530424034053064E-004
           8          42  -2.2703060921008066E-002
           9           1   5.0781454018665224E-012
           9           2  -3.8189394320582970E-012
           9           3  -4.7752784318371705E-012
           9           4  -6.4010450324819747E-011
           9           5   2.2773227619094021E-011
           9           6  0.51269261765462759     
           9           7  -5.2892071496673360E-004
           9           8   6.3950443585549417E-003
           9           9  0.25296307791814210     
           9          10  -2.2029325468580997E-004
           9          11   2.6635094257826987E-003
           9          12   2.8723547705009653E-002
           9          13   5.2606762217658159E-004
           9          14  -6.3605435785747929E-003
           9          15  -1.9688100124084496E-002
           9          16   2.1959450960108450E-003
           9          17  -2.6550586264361846E-002
           9          18  -2.7189241524265467E-002
           9          19   1.4072541208420396E-003
           9          20  -1.7014735989551243E-002
           9          21  -1.9501813742058341E-011
           9          22  -5.1123134373207620E-011
           9          23  -2.9902786345802565E-011
           9          24   2.9974515688678786E-011
           9          25  -3.4492256339129658E-011
           9          26   7.4763382280686276E-011
           9          27  -2.5427771210930315E-011
           9          28  -1.9802083770214954E-010
           9          29  -8.9288851640631246E-011
           9          30   1.2950277268203775E-010
           9          31  -6.9451293383403817E-011
           9          32   1.2162535934862999E-010
           9          33  -9.6185705735865115E-003
           9          34  -3.6969451310080871E-005
           9          35  -4.4539144404089279E-003
           9          36  -1.5717821188131621E-004
           9          37   4.4698750375623029E-004
           9          38  -1.5201035633707471E-005
           9          39   8.5190515655659031E-004
           9          40  -4.2958349331884233E-003
           9          41  -1.0685771130972997E-004
           9          42   2.2284175581694680E-003
          10           1   6.7342199198898554E-012
          10           2   3.5122510015450098E-011
          10           3  -1.1021726082846564E-010
          10           4   2.7542665124814866E-010
          10           5   2.6395724512572154E-010
          10           6  -5.2892071880013942E-004
          10           7  0.51683816991174747     
          10           8   8.0306127011641631E-004
          10           9  -2.2029325468580997E-004
          10          10  0.25468968344651038     
          10          11   3.3447160543799735E-004
          10          12   5.2606765414639728E-004
          10          13   2.4600360453060445E-002
          10          14  -7.9872946477371255E-004
          10          15   2.1959450103432327E-003
          10          16  -3.6899371508340370E-002
          10          17  -3.3341069575295252E-003
          10          18   1.4072541444467689E-003
          10          19  -3.8218950485325025E-002
          10          20  -2.1366365172976664E-003
          10          21  -7.0710315335358073E-011
          10          22  -4.2014474070150451E-011
          10          23  -3.1206790270989399E-011
          10          24  -3.1009816901603075E-011
          10          25   5.4130969944110381E-011
          10          26   8.5998055996485732E-012
          10          27  -1.1411654679931229E-010
          10          28  -6.3099511578518413E-011
          10          29  -9.7162622833056392E-011
          10          30  -6.0713475403146013E-011
          10          31   1.8054088572962269E-010
          10          32   7.6365755150496506E-011
          10          33  -1.6884109378814457E-004
          10          34  -3.7110733667164069E-003
          10          35  -2.1321991534280267E-005
          10          36  -8.7243560685481471E-003
          10          37   1.3073608308947305E-004
          10          38  -3.3950760047167278E-004
          10          39   3.2373201804277251E-005
          10          40  -1.0685770088431529E-004
          10          41  -3.4583109210960770E-003
          10          42   2.7983496971033332E-004
          11           1  -1.0060264895274592E-011
          11           2  -4.2944306690482961E-011
          11           3   1.3792037363295832E-010
          11           4  -3.4845245336786403E-010
          11           5  -3.0512087510340579E-010
          11           6   6.3950444476697449E-003
          11           7   8.0306126919803245E-004
          11           8  0.50719498185237999     
          11           9   2.6635094257826987E-003
          11          10   3.3447160543799735E-004
          11          11  0.25067333620310256     
          11          12  -6.3605438725515906E-003
          11          13  -7.9872948970338632E-004
          11          14   3.4191524354159938E-002
          11          15  -2.6550586017043576E-002
          11          16  -3.3341069528716755E-003
          11          17   3.1366728633629758E-003
          11          18  -1.7014736119674953E-002
          11          19  -2.1366365137533961E-003
          11          20  -1.2562163645479938E-002
          11          21   3.6929254058807117E-011
          11          22  -5.4311300183359852E-011
          11          23   4.1461380345564549E-011
          11          24   6.1943499223561838E-011
          11          25   9.7118836749535185E-012
          11          26   2.5863678461323835E-011
          11          27   2.1090044283305325E-011
          11          28  -1.3442205139118693E-010
          11          29   2.0349841525097411E-011
          11          30   1.3701671850101289E-010
          11          31  -3.6680372786032931E-011
          11          32   1.1353036229152687E-010
          11          33   2.0414123547243938E-003
          11          34   1.3073607737489255E-004
          11          35   8.5190511166901716E-004
          11          36   2.3864384730800980E-004
          11          37  -5.2809556711410693E-003
          11          38  -1.3949205580905945E-005
          11          39  -5.1862727500809301E-003
          11          40   6.9788109188529117E-004
          11          41   8.7636870816902704E-005
          11          42  -1.1086423420940072E-002
          12           1   7.7310215106379114E-012
          12           2   8.9002632814379602E-012
          12           3  -4.3068159796560781E-011
          12           4   1.0136124256794813E-010
          12           5  -3.0911238072124828E-011
          12           6   6.0219785837903751E-002
          12           7   9.4505012249807149E-004
          12           8  -1.1426349164170442E-002
          12           9   2.8723547705009653E-002
          12          10   5.2606765414639728E-004
          12          11  -6.3605438725515906E-003
          12          12   1.9405750164191247E-002
          12          13  -7.2860102359082477E-004
          12          14   8.8093220214319132E-003
          12          15   6.5533516707542955E-002
          12          16  -3.3709515080302828E-003
          12          17   4.0757277870054648E-002
          12          18   4.0882284285509281E-002
          12          19  -2.2217441455426924E-003
          12          20   2.6862519874876898E-002
          12          21   2.6786459119303946E-011
          12          22   1.1214292528609329E-010
          12          23   6.7164431765746771E-011
          12          24  -8.5775423912367796E-011
          12          25   5.0478152512291419E-011
          12          26  -9.3387278781318662E-011
          12          27   5.9655108055478032E-011
          12          28   2.9975144747240950E-010
          12          29   1.5380267538655642E-010
          12          30  -1.8186799110513897E-010
          12          31   1.1312451552980180E-010
          12          32  -1.8531284511700538E-010
          12          33  -5.7055120404916598E-003
          12          34   5.3002779285099156E-005
          12          35  -2.4027315102655333E-003
          12          36   1.8346491969883146E-004
          12          37  -6.4084229480640626E-004
          12          38   2.9216891153816221E-006
          12          39  -9.9527147220633463E-004
          12          40  -2.4331149435080678E-003
          12          41   1.4087644353673722E-004
          12          42  -2.7459577941351412E-003
          13           1  -4.0023777086167744E-011
          13           2  -5.4700475296417231E-011
          13           3   2.4609768355638789E-010
          13           4  -4.0329475789040806E-010
          13           5  -3.8601564808580096E-010
          13           6   9.4505005755098905E-004
          13           7   5.2812718404534650E-002
          13           8  -1.4348713288569765E-003
          13           9   5.2606762217658159E-004
          13          10   2.4600360453060445E-002
          13          11  -7.9872948970338632E-004
          13          12  -7.2860102359082477E-004
          13          13   2.5116344493506811E-002
          13          14   1.1062363475138714E-003
          13          15  -3.3709512991408272E-003
          13          16   9.1954196954233125E-002
          13          17   5.1181213639706251E-003
          13          18  -2.2217441061269053E-003
          13          19   5.8295764294448174E-002
          13          20   3.3732784497584136E-003
          13          21   5.0965929899050628E-011
          13          22   4.8367847811205262E-011
          13          23   5.5625455492478424E-011
          13          24   4.6763231539036627E-011
          13          25  -1.2338116387066705E-010
          13          26  -6.4481023825163283E-011
          13          27   1.6378131299274341E-010
          13          28   1.0754219884659268E-010
          13          29   9.3300617890868729E-011
          13          30   9.8605300110954631E-011
          13          31  -2.6542704704854500E-010
          13          32  -1.4239407294986192E-010
          13          33   2.0222878080574096E-004
          13          34  -3.2582832701977022E-003
          13          35   2.7828341195686530E-005
          13          36  -6.8154111673174034E-003
          13          37  -1.6320419310638911E-004
          13          38   3.7473092478561119E-004
          13          39  -4.2251788015367334E-005
          13          40   1.4087642974749091E-004
          13          41  -3.5372693948916996E-003
          13          42  -3.4482536234887973E-004
          14           1   4.7062128172510931E-011
          14           2   6.3559962671282531E-011
          14           3  -2.8057952315269241E-010
          14           4   4.4583623962034435E-010
          14           5   4.3464117263161117E-010
          14           6  -1.1426348630537434E-002
          14           7  -1.4348712893251521E-003
          14           8   7.0042689526170543E-002
          14           9  -6.3605435785747929E-003
          14          10  -7.9872946477371255E-004
          14          11   3.4191524354159938E-002
          14          12   8.8093220214319132E-003
          14          13   1.1062363475138714E-003
          14          14   1.1832629645101548E-002
          14          15   4.0757276054326670E-002
          14          16   5.1181213388609851E-003
          14          17   3.0495660541081219E-002
          14          18   2.6862519191966219E-002
          14          19   3.3732783799583525E-003
          14          20   1.7789349985559012E-002
          14          21   3.2448813570713940E-012
          14          22   8.0657349622954705E-011
          14          23  -5.5280852781140505E-012
          14          24  -1.1162955945529690E-010
          14          25   1.9085423110918112E-011
          14          26  -4.8687972258037720E-011
          14          27  -1.5526615138044219E-011
          14          28   2.1597462685603278E-010
          14          29  -1.7437636111235635E-011
          14          30  -2.1731894402040439E-010
          14          31   3.7274360639418750E-011
          14          32  -1.2010063594689090E-010
          14          33  -2.4450940470932812E-003
          14          34  -1.6320419977196705E-004
          14          35  -9.9527136925928509E-004
          14          36  -2.7855496424930283E-004
          14          37  -1.2985227775600635E-003
          14          38   3.6625505637713465E-005
          14          39  -1.5471254403080200E-003
          14          40  -1.0444928802607121E-003
          14          41  -1.3116285691050966E-004
          14          42  -3.7799400076065567E-003
          15           1   2.2772065314016281E-012
          15           2   8.1928760132976318E-012
          15           3  -3.4337054683788621E-011
          15           4   2.3336840127290347E-010
          15           5  -2.5021568795126245E-010
          15           6  -3.1489454002909062E-002
          15           7   3.9885017554473672E-003
          15           8  -4.8223911878597724E-002
          15           9  -1.9688100124084496E-002
          15          10   2.1959450103432327E-003
          15          11  -2.6550586017043576E-002
          15          12   6.5533516707542955E-002
          15          13  -3.3709512991408272E-003
          15          14   4.0757276054326670E-002
          15          15  0.28602267378562052     
          15          16  -1.5379992417710674E-002
          15          17  0.18595538249154969     
          15          18  0.18670001430358105     
          15          19  -1.0106553852327485E-002
          15          20  0.12219565611882353     
          15          21   1.1293659608172079E-010
          15          22   5.0029585542574930E-010
          15          23   2.7991544794220014E-010
          15          24  -3.9155630917028934E-010
          15          25   2.2930840713311660E-010
          15          26  -4.3297872668768388E-010
          15          27   2.4548256007518797E-010
          15          28   1.3704973278600549E-009
          15          29   6.6022323154281503E-010
          15          30  -8.6358407370745325E-010
          15          31   5.0976438531492275E-010
          15          32  -8.4320970161968326E-010
          15          33  -1.8615936009957219E-002
          15          34   2.4610106569080016E-004
          15          35  -7.6162732103122735E-003
          15          36   8.6415718501397848E-004
          15          37  -2.9755410983691231E-003
          15          38   2.0747001073746025E-005
          15          39  -4.6873728742296179E-003
          15          40  -7.8320268298722184E-003
          15          41   6.5345359233063638E-004
          15          42  -1.2843387541934813E-002
          16           1  -1.6240386887241259E-010
          16           2  -2.3794338255984712E-010
          16           3   1.0233060106846910E-009
          16           4  -1.6955383359878402E-009
          16           5  -1.6758963399023685E-009
          16           6   3.9885019046904235E-003
          16           7  -6.2750339706042477E-002
          16           8  -6.0557487948308614E-003
          16           9   2.1959450960108450E-003
          16          10  -3.6899371508340370E-002
          16          11  -3.3341069528716755E-003
          16          12  -3.3709515080302828E-003
          16          13   9.1954196954233125E-002
          16          14   5.1181213388609851E-003
          16          15  -1.5379992417710674E-002
          16          16  0.40656722940234025     
          16          17   2.3351465859690671E-002
          16          18  -1.0106554312162376E-002
          16          19  0.26591267693961312     
          16          20   1.5344798622044655E-002
          16          21   2.5716227813062924E-010
          16          22   2.2592849119150950E-010
          16          23   2.5709004485587793E-010
          16          24   2.1736676042263572E-010
          16          25  -5.4752291388081196E-010
          16          26  -2.7435476217638881E-010
          16          27   7.5636973603890142E-010
          16          28   4.8580418672519006E-010
          16          29   4.5559538415044392E-010
          16          30   4.5577532749633437E-010
          16          31  -1.2132905195731304E-009
          16          32  -6.4063707017952771E-010
          16          33   9.4931634841730658E-004
          16          34  -1.1643076422331167E-002
          16          35   1.3184779759507854E-004
          16          36  -2.3825282519193563E-002
          16          37  -7.6209057343919618E-004
          16          38   1.7603244799710871E-003
          16          39  -2.0018450807761907E-004
          16          40   6.5345354916710916E-004
          16          41  -1.2953633066628188E-002
          16          42  -1.6128163735123345E-003
          17           1   2.2614558167703073E-010
          17           2   3.1925284698389345E-010
          17           3  -1.3986134327930537E-009
          17           4   2.3190877573827183E-009
          17           5   2.1659386740909716E-009
          17           6  -4.8223912475437773E-002
          17           7  -6.0557488506136634E-003
          17           8   9.9672522698173120E-003
          17           9  -2.6550586264361846E-002
          17          10  -3.3341069575295252E-003
          17          11   3.1366728633629758E-003
          17          12   4.0757277870054648E-002
          17          13   5.1181213639706251E-003
          17          14   3.0495660541081219E-002
          17          15  0.18595538249154969     
          17          16   2.3351465859690671E-002
          17          17  0.12616220015757582     
          17          18  0.12219565844207930     
          17          19   1.5344798403191558E-002
          17          20   8.1651933229488771E-002
          17          21  -3.0514601565824881E-012
          17          22   3.6874571840463170E-010
          17          23  -4.1655343232959582E-011
          17          24  -5.0202097294189304E-010
          17          25   7.4704579892192199E-011
          17          26  -2.1532592238177785E-010
          17          27  -7.3960112235721539E-011
          17          28   9.8081331689144115E-010
          17          29  -7.9437480607639671E-011
          17          30  -9.8431265302490696E-010
          17          31   1.7739240086567187E-010
          17          32  -5.6726893724990103E-010
          17          33  -1.1477928746696724E-002
          17          34  -7.6209058906582996E-004
          17          35  -4.6873726042778912E-003
          17          36  -1.3120505648732724E-003
          17          37  -2.4918715681454253E-003
          17          38   1.6129235339039567E-004
          17          39  -3.5866744900684114E-003
          17          40  -4.8074949558046080E-003
          17          41  -6.0370418700977696E-004
          17          42  -9.6485540261764223E-003
          18           1   2.8882439090749197E-011
          18           2   4.1386915913963163E-011
          18           3  -1.8227322901092101E-010
          18           4   4.1257526528101015E-010
          18           5   8.7489655156138549E-011
          18           6  -4.9644079850583576E-002
          18           7   2.5570434998403112E-003
          18           8  -3.0916533788285568E-002
          18           9  -2.7189241524265467E-002
          18          10   1.4072541444467689E-003
          18          11  -1.7014736119674953E-002
          18          12   4.0882284285509281E-002
          18          13  -2.2217441061269053E-003
          18          14   2.6862519191966219E-002
          18          15  0.18670001430358105     
          18          16  -1.0106554312162376E-002
          18          17  0.12219565844207930     
          18          18  0.12268518354367369     
          18          19  -6.6374432761845490E-003
          18          20   8.0251567752962230E-002
          18          21   6.6778924585898671E-011
          18          22   3.2933290785968751E-010
          18          23   1.6337486043191627E-010
          18          24  -2.7773523756693157E-010
          18          25   1.4802035329688778E-010
          18          26  -2.7650631909258701E-010
          18          27   1.3618977429865414E-010
          18          28   9.0358840727511117E-010
          18          29   3.8796967961235295E-010
          18          30  -6.0502241609717149E-010
          18          31   3.3000012935457264E-010
          18          32  -5.5073714165198130E-010
          18          33  -1.1529801595698313E-002
          18          34   1.6245615439086791E-004
          18          35  -4.6875586451812631E-003
          18          36   5.7116944382168161E-004
          18          37  -1.9642134389630957E-003
          18          38   1.4353679215541896E-005
          18          39  -3.0980786638183395E-003
          18          40  -4.8368263590385886E-003
          18          41   4.3070175800407489E-004
          18          42  -8.4781254567683415E-003
          19           1  -1.0905303136235476E-010
          19           2  -1.4993681092018545E-010
          19           3   6.5482720390144083E-010
          19           4  -1.1016393699996206E-009
          19           5  -9.6227165132728609E-010
          19           6   2.5570434492157754E-003
          19           7  -6.9685552573491225E-002
          19           8  -3.8823637490998622E-003
          19           9   1.4072541208420396E-003
          19          10  -3.8218950485325025E-002
          19          11  -2.1366365137533961E-003
          19          12  -2.2217441455426924E-003
          19          13   5.8295764294448174E-002
          19          14   3.3732783799583525E-003
          19          15  -1.0106553852327485E-002
          19          16  0.26591267693961312     
          19          17   1.5344798403191558E-002
          19          18  -6.6374432761845490E-003
          19          19  0.17470782008807406     
          19          20   1.0077642957102831E-002
          19          21   1.5122019957534554E-010
          19          22   1.5220620721922801E-010
          19          23   1.2699635262100224E-010
          19          24   1.0367979574303188E-010
          19          25  -3.6326209715523524E-010
          19          26  -1.6904020215312193E-010
          19          27   4.5068603824290249E-010
          19          28   3.2458987643483848E-010
