           1           1   2.4143856682211799     
           1           2  -1.0393394773452009     
           1           3  -1.3241707509493439     
           1           4  -4.6383745145655944     
           1           5  0.31120010253462654     
           1           6 -0.29993141036010379     
           1           7  -5.2450657355151425E-013
           1           8   3.3378805574969126E-013
           1           9   1.2222774477132298E-013
           1          10   2.3588288490626149E-013
           1          11  -1.4298590518837764E-013
           1          12  -1.4300208948800929E-013
           1          13  -4.8735804152848028E-013
           1          14   4.4068930111165543E-013
           1          15   3.0032890780585471E-013
           1          16   3.2432000409209831E-014
           1          17  -2.5114208975307959E-014
           1          18  -1.7918486986541640E-014
           1          19   2.3360488761675779     
           1          20   1.1445062501746989E-014
           1          21   2.3360488761676224     
           1          22  -1.7223384413778375E-014
           1          23   5.3614568519657892E-015
           1          24   2.3360488761676548     
           1          25  0.78626799413478909     
           1          26   8.3540660702376384E-015
           1          27  0.78626799413477688     
           1          28   4.8755052782336666E-015
           1          29   7.4454376659712355E-015
           1          30  0.78626799413477411     
           1          31 -0.13289299327106174     
           1          32  -9.7190899381804497E-015
           1          33 -0.13289299327104773     
           1          34  -8.0413985729127412E-016
           1          35  -8.1101274050216775E-015
           1          36 -0.13289299327105941     
           1          37  0.10042895851837039     
           1          38  -2.5466636360131455E-015
           1          39  0.10042895851835745     
           1          40   1.7117580908616607E-015
           1          41   7.8386341551488251E-015
           1          42  0.10042895851837012     
           1          43   2.3842267298412514E-013
           1          44  -9.6642365076981164E-014
           1          45   9.7853752807866559E-014
           1          46  -2.2513840599819689E-013
           1          47  -6.6493338526147651E-014
           1          48  -4.9726683059993825E-015
           1          49  -6.5373236598617873E-014
           1          50   1.0698876661560955E-013
           1          51  -1.0473710442954253E-013
           1          52  -1.4741517253523617E-013
           2           1  -1.0393394773452009     
           2           2   2.9053585305471792     
           2           3   2.9772068376693106     
           2           4   8.0165935260962744     
           2           5 -0.51903261712421767     
           2           6  0.53880303163580623     
           2           7   1.8485881827357192E-012
           2           8  -1.0852151686265804E-012
           2           9  -3.4776101355779043E-013
           2          10  -1.6360572091810281E-012
           2          11   5.5393814887678960E-013
           2          12   2.3066784486306535E-013
           2          13   3.7514742052962205E-012
           2          14  -1.5543193181127155E-012
           2          15  -4.9538438613479208E-013
           2          16  -2.0465964743065379E-013
           2          17   8.3531598890146822E-014
           2          18   3.1269357129201783E-014
           2          19  -4.2502689468412793     
           2          20  -1.1038349996796846E-014
           2          21  -4.2502689468417483     
           2          22   9.3491232326802758E-015
           2          23   2.3342047820041177E-014
           2          24  -4.2502689468416799     
           2          25  -1.3636338565849309     
           2          26  -1.8970342975201869E-014
           2          27  -1.3636338565847805     
           2          28   1.9749029252344708E-015
           2          29  -2.7467391744030714E-014
           2          30  -1.3636338565848058     
           2          31  0.22182223219074498     
           2          32   3.6076228428870176E-014
           2          33  0.22182223219065267     
           2          34  -1.0484539009758081E-015
           2          35   3.0616864619575775E-014
           2          36  0.22182223219069064     
           2          37 -0.18136292684207300     
           2          38  -6.3868642744781060E-015
           2          39 -0.18136292684201732     
           2          40   2.7636980166454584E-015
           2          41  -2.3104395171451756E-014
           2          42 -0.18136292684205502     
           2          43  -1.8544381907954824E-012
           2          44   3.5502539421402759E-013
           2          45  -8.2381111395714866E-013
           2          46   7.7998270073614623E-013
           2          47   1.0930249032076232E-013
           2          48   6.9886905261067066E-015
           2          49   1.0482039211724198E-013
           2          50  -8.3283404206085630E-013
           2          51   3.6583290219128977E-013
           2          52   2.3778383246522638E-013
           3           1  -1.3241707509493439     
           3           2   2.9772068376693106     
           3           3   3.9953694805433799     
           3           4   2.8046843433689004     
           3           5  -7.1935275167323398E-002
           3           6  0.26890129168652571     
           3           7   2.0375967151954410E-012
           3           8  -7.6869346307834577E-013
           3           9  -3.0036157535102321E-013
           3          10  -4.3184336349681305E-013
           3          11   4.5528549027186375E-013
           3          12  -7.4945160070610159E-015
           3          13   1.8328226242763173E-012
           3          14  -1.2056700478074573E-012
           3          15  -1.1658998372797591E-016
           3          16  -7.0702756429588305E-014
           3          17   5.9331540709690558E-014
           3          18   4.7576574614670436E-015
           3          19  -2.5001664356619000     
           3          20   5.5032744887183448E-014
           3          21  -2.5001664356642941     
           3          22  -9.1641019551162575E-014
           3          23   1.6273801058769167E-013
           3          24  -2.5001664356636359     
           3          25 -0.48727227325920008     
           3          26  -2.4685988095529045E-014
           3          27 -0.48727227325841627     
           3          28   3.8420892026978177E-014
           3          29  -6.8765554284253543E-014
           3          30 -0.48727227325862305     
           3          31   3.2145420671368496E-002
           3          32   3.5130096862677844E-014
           3          33   3.2145420670993144E-002
           3          34  -1.6493204723862646E-014
           3          35   5.1943125723417134E-014
           3          36   3.2145420671109523E-002
           3          37  -9.4966879282250394E-002
           3          38  -1.3090327145320623E-014
           3          39  -9.4966879282092145E-002
           3          40   8.5346044207790556E-015
           3          41  -2.0910222482326357E-014
           3          42  -9.4966879282165517E-002
           3          43  -9.5274630512828800E-013
           3          44   2.8729923916764353E-013
           3          45  -4.4911025288871628E-013
           3          46   5.9484488839412137E-013
           3          47  -2.4088216842027220E-015
           3          48  -2.5446365961196312E-015
           3          49  -7.9270160086205725E-015
           3          50  -4.3377405472782419E-013
           3          51   2.9496289919742604E-013
           3          52  -1.4372959674553764E-014
           4           1  -4.6383745145655944     
           4           2   8.0165935260962744     
           4           3   2.8046843433689004     
           4           4   58.481787108174409     
           4           5  -4.4821107298976282     
           4           6   3.4141991940984244     
           4           7   6.1497200201659955E-012
           4           8  -1.6081153205215149E-012
           4           9  -1.0701675564948427E-012
           4          10  -1.0792828729974134E-011
           4          11  -1.3233207495847615E-012
           4          12   2.5866241600253770E-012
           4          13   2.0338096607735768E-011
           4          14   1.5229874851596408E-012
           4          15  -5.3289375020950238E-012
           4          16  -1.2840111763460181E-012
           4          17  -5.3514983057559428E-014
           4          18   3.0312678548118070E-013
           4          19  -24.540647623275298     
           4          20  -4.7223068353694950E-013
           4          21  -24.540647623276712     
           4          22   2.1203698799760483E-013
           4          23  -2.7923857248500194E-013
           4          24  -24.540647623277387     
           4          25  -9.8803424850711963     
           4          26  -1.6160025809884445E-014
           4          27  -9.8803424850707540     
           4          28  -7.7069433308113470E-014
           4          29   3.0319725610940355E-015
           4          30  -9.8803424850706278     
           4          31   1.9067065564605215     
           4          32   1.0299380687282022E-013
           4          33   1.9067065564603669     
           4          34   3.0997252184549121E-014
           4          35   2.6247852672167747E-014
           4          36   1.9067065564603840     
           4          37  -1.1208298690789948     
           4          38   3.1668490873909091E-014
           4          39  -1.1208298690789382     
           4          40  -1.1554612693314263E-014
           4          41  -1.0398007128523506E-013
           4          42  -1.1208298690789538     
           4          43  -9.8146487084560199E-012
           4          44  -3.6768404581533702E-013
           4          45  -4.1855014932122681E-012
           4          46  -6.3118445528391130E-013
           4          47   1.1867706229151282E-012
           4          48   8.3357087496766347E-014
           4          49   1.1809200913647060E-012
           4          50  -4.3720876572490022E-012
           4          51  -3.0979908304998270E-013
           4          52   2.6508314570065893E-012
           5           1  0.31120010253462654     
           5           2 -0.51903261712421767     
           5           3  -7.1935275167323398E-002
           5           4  -4.4821107298976282     
           5           5  0.34881894290082083     
           5           6 -0.25777430251232902     
           5           7  -1.0269470958342739E-011
           5           8  -5.3628385671732192E-013
           5           9  -1.0086064924500240E-013
           5          10   4.6431255447711483E-011
           5          11   4.8414352795813916E-012
           5          12  -1.2607010389075073E-013
           5          13  -9.6578065003104039E-011
           5          14  -9.8864952640472058E-012
           5          15   2.0954691918211906E-013
           5          16   5.4876113016698767E-012
           5          17   5.5997894191672785E-013
           5          18  -1.2718833432119142E-014
           5          19   1.8317818252244469     
           5          20   5.7955898556326780E-013
           5          21   1.8317818252262796     
           5          22   1.3743444427678197E-013
           5          23   2.0782613860269853E-013
           5          24   1.8317818252260452     
           5          25  0.75674568575023227     
           5          26  -1.7695524522456257E-013
           5          27  0.75674568574963264     
           5          28  -4.4189786327917992E-014
           5          29  -6.1800296569016525E-014
           5          30  0.75674568574971746     
           5          31 -0.14833154954345176     
           5          32   6.7282149196156969E-014
           5          33 -0.14833154954320540     
           5          34   1.8536182001208095E-014
           5          35   2.4513011134404690E-014
           5          36 -0.14833154954324512     
           5          37   8.4375440207063279E-002
           5          38  -2.6954964828409062E-014
           5          39   8.4375440206984315E-002
           5          40  -5.7723616274607052E-015
           5          41  -6.0058365248620334E-016
           5          42   8.4375440206996610E-002
           5          43   4.7046217676809209E-011
           5          44   2.1544892975099776E-012
           5          45   2.1022882009497534E-011
           5          46   4.8008660453523117E-012
           5          47  -4.6356329423278820E-014
           5          48  -6.6304716997537282E-015
           5          49  -4.6100272244470369E-014
           5          50   2.1038079221603775E-011
           5          51   2.1502382164022485E-012
           5          52  -1.0376089081336515E-013
           6           1 -0.29993141036010379     
           6           2  0.53880303163580623     
           6           3  0.26890129168652571     
           6           4   3.4141991940984244     
           6           5 -0.25777430251232902     
           6           6  0.20218769208097781     
           6           7  -2.9807603041516382E-012
           6           8   1.7299318708406104E-014
           6           9  -1.8822881935258858E-013
           6          10   1.6643254791328528E-011
           6          11   6.5915437796172904E-013
           6          12   2.5530655351886296E-013
           6          13  -3.4683339734064605E-011
           6          14  -1.3644483539735563E-012
           6          15  -5.5808034444684118E-013
           6          16   1.9621173222793268E-012
           6          17   8.0700927695854346E-014
           6          18   3.1258890303974583E-014
           6          19  -1.4687330318319505     
           6          20  -8.5189941630663590E-014
           6          21  -1.4687330318295486     
           6          22   2.5323288224283945E-013
           6          23   2.9729161557570027E-014
           6          24  -1.4687330318301197     
           6          25 -0.57718624337438218     
           6          26   1.8001685948457935E-014
           6          27 -0.57718624337517133     
           6          28  -8.3274664289539216E-014
           6          29  -1.5227447536334748E-014
           6          30 -0.57718624337498925     
           6          31  0.10970016496087093     
           6          32  -1.3477801556823410E-015
           6          33  0.10970016496120108     
           6          34   3.4708634134047181E-014
           6          35   8.5658207954786941E-015
           6          36  0.10970016496112973     
           6          37  -6.6557367992436195E-002
           6          38   4.1007700189621933E-015
           6          39  -6.6557367992541777E-002
           6          40  -1.1241994963037765E-014
           6          41  -8.3364878923538145E-015
           6          42  -6.6557367992520211E-002
           6          43   1.6895633937309999E-011
           6          44   2.9338014353488133E-013
           6          45   7.5669574174406969E-012
           6          46   6.6561718271220585E-013
           6          47   1.2385282278330968E-013
           6          48   4.6881193616724556E-015
           6          49   1.2336818294965668E-013
           6          50   7.5567265113317167E-012
           6          51   2.9689157121516075E-013
           6          52   2.7653410000390011E-013
           7           1  -5.2450657355151425E-013
           7           2   1.8485881827357192E-012
           7           3   2.0375967151954410E-012
           7           4   6.1497200201659955E-012
           7           5  -1.0269470958342739E-011
           7           6  -2.9807603041516382E-012
           7           7   2.7290568996642230     
           7           8  -2.5951463200610762E-014
           7           9   8.5992411108444049E-015
           7          10  -3.7748918577819590     
           7          11   3.7841951794346239E-013
           7          12  -4.2970835223360525E-014
           7          13   8.4497727219908310     
           7          14  -1.2546630401288397E-012
           7          15   1.2926812398270218E-013
           7          16 -0.46771348427511544     
           7          17   5.7225058025521675E-014
           7          18  -1.0412894504977210E-014
           7          19  -2.0822964468812085E-012
           7          20  -5.7387301327246522E-014
           7          21  -2.1585166009193398E-012
           7          22  -1.7405676071809946E-014
           7          23   5.0672440766158911E-014
           7          24  -2.1825319375954023E-012
           7          25   3.0458537200364150E-013
           7          26   1.6585938188252947E-014
           7          27   2.8949876796950756E-013
           7          28   2.9256697882631469E-015
           7          29  -5.3626639966598291E-014
           7          30   2.7313753099391265E-013
           7          31   3.6720773768082030E-012
           7          32  -3.7836981721163412E-014
           7          33   3.6806205755639571E-012
           7          34   1.9951498651408261E-014
           7          35   5.0431456294227090E-014
           7          36   3.7698644230109557E-012
           7          37   1.4691639358323861E-012
           7          38   2.5778084190772299E-014
           7          39   1.4766492572386516E-012
           7          40  -6.3935156865724567E-015
           7          41  -1.6446957175341824E-014
           7          42   1.4086042541248368E-012
           7          43  -4.1551680947040728     
           7          44   2.8183011480108518E-013
           7          45  -1.8582476635393155     
           7          46   6.5364380574803012E-013
           7          47  -7.5963541012739083E-015
           7          48  -2.8884073496229403E-015
           7          49  -1.9483546720400800E-014
           7          50  -1.8582476635392893     
           7          51   3.0961344599233255E-013
           7          52  -6.8325553548230293E-014
           8           1   3.3378805574969126E-013
           8           2  -1.0852151686265804E-012
           8           3  -7.6869346307834577E-013
           8           4  -1.6081153205215149E-012
           8           5  -5.3628385671732192E-013
           8           6   1.7299318708406104E-014
           8           7  -2.5951463200610762E-014
           8           8   2.7290568996644446     
           8           9  -6.1145749921680787E-015
           8          10   1.6964207816270807E-013
           8          11  -3.7748918577839894     
           8          12   6.2766849009978926E-014
           8          13  -5.3079762807325766E-013
           8          14   8.4497727219972809     
           8          15  -2.1594228141744459E-013
           8          16   2.6256774532383166E-014
           8          17 -0.46771348427541382     
           8          18   1.2179520629889273E-014
           8          19   9.7280275132831981E-013
           8          20  -8.6113424878517699E-014
           8          21   9.4151246256763020E-013
           8          22  -3.7061403698933048E-014
           8          23  -4.5138313781054128E-014
           8          24   9.4066340607699233E-013
           8          25   3.4568280837123370E-013
           8          26   2.8468340300853677E-014
           8          27   3.4475970592927255E-013
           8          28   1.5673564897990605E-015
           8          29   3.1184344076843168E-014
           8          30   3.4403911270997206E-013
           8          31   1.2723025724234612E-013
           8          32  -6.3377365209325032E-015
           8          33   1.2887057187937131E-013
           8          34  -1.8674532096492947E-015
           8          35  -3.8504007474780459E-014
           8          36   1.4587309141432080E-013
           8          37   2.9575395765268765E-014
           8          38  -1.2646843153057849E-014
           8          39   3.8974525407385678E-014
           8          40  -7.9369755688204879E-015
           8          41   1.5682007357025673E-014
           8          42   2.7182527468848157E-014
           8          43   2.7466917629224949E-013
           8          44  -1.8582476635407945     
           8          45   1.1776690733710783E-013
           8          46  -4.1551680947073883     
           8          47   4.9950928809889502E-014
           8          48   6.8817824850979007E-016
           8          49   4.7077250951717657E-014
           8          50   9.9698027611332494E-014
           8          51  -1.8582476635408143     
           8          52   1.0955472640185450E-013
           9           1   1.2222774477132298E-013
           9           2  -3.4776101355779043E-013
           9           3  -3.0036157535102321E-013
           9           4  -1.0701675564948427E-012
           9           5  -1.0086064924500240E-013
           9           6  -1.8822881935258858E-013
           9           7   8.5992411108444049E-015
           9           8  -6.1145749921680787E-015
           9           9   2.7290568996645015     
           9          10  -2.3588769826283038E-014
           9          11   3.3379332284326548E-014
           9          12  -3.7748918577845076     
           9          13   5.9018762099590123E-014
           9          14  -7.5434016672016743E-014
           9          15   8.4497727219989915     
           9          16  -5.6747141707330609E-016
           9          17   7.9191752981608713E-015
           9          18 -0.46771348427550197     
           9          19   4.4193273076681543E-013
           9          20  -2.0687570630302252E-014
           9          21   6.3090822186230539E-013
           9          22   1.2457269682349962E-014
           9          23  -7.8207185831392373E-015
           9          24   5.7977681022912806E-013
           9          25   2.4466386408919995E-013
           9          26   5.9057703768787405E-015
           9          27   1.8510368901081141E-013
           9          28  -4.1199182617610038E-015
           9          29   3.6311099853782461E-015
           9          30   2.0292679972850462E-013
           9          31   2.2445268860118924E-014
           9          32  -8.7301092374524434E-016
           9          33   4.7932818950244632E-014
           9          34   1.1574448748222858E-015
           9          35  -4.3311335978093822E-015
           9          36   4.1842686956105877E-014
           9          37   7.5958582882123805E-014
           9          38  -1.6111579432310527E-015
           9          39   6.6957351685586419E-014
           9          40  -4.3980156296643884E-016
           9          41   2.0113684798222188E-015
           9          42   6.9403507878652934E-014
           9          43  -3.1094918306839693E-014
           9          44   1.8474805019160506E-014
           9          45  -1.3526506303911495E-014
           9          46   3.6084416704683814E-014
           9          47  -1.8582476635412015     
           9          48   3.1205749734614816E-016
           9          49  -1.8582476635412035     
           9          50  -1.4757292610114102E-014
           9          51   1.3507099085047136E-014
           9          52  -4.1551680947082756     
          10           1   2.3588288490626149E-013
          10           2  -1.6360572091810281E-012
          10           3  -4.3184336349681305E-013
          10           4  -1.0792828729974134E-011
          10           5   4.6431255447711483E-011
          10           6   1.6643254791328528E-011
          10           7  -3.7748918577819590     
          10           8   1.6964207816270807E-013
          10           9  -2.3588769826283038E-014
          10          10   17.119786093027241     
          10          11  -1.9948487306463270E-012
          10          12  -7.1442851635053142E-014
          10          13  -35.706611445766434     
          10          14   6.0476068597378070E-012
          10          15   2.9304336735076741E-013
          10          16   2.0241916041051513     
          10          17  -3.4222624734069582E-013
          10          18  -3.8458819462461974E-014
          10          19  -6.9912495891779640E-013
          10          20   4.1090370630893340E-013
          10          21  -2.2446279657570873E-013
          10          22  -9.2336510358461145E-014
          10          23  -4.2728114327739939E-013
          10          24  -6.0649331474438985E-014
          10          25  -4.4468457015438855E-012
          10          26  -1.1223222229283906E-013
          10          27  -4.5625686233280519E-012
          10          28   1.6339126282228140E-014
          10          29   3.4587792159295882E-013
          10          30  -4.4604770328426479E-012
          10          31  -1.6834344619623153E-011
          10          32   1.7553355724275983E-013
          10          33  -1.6714978234324549E-011
          10          34  -7.7931314616672341E-014
          10          35  -1.8114429301143624E-013
          10          36  -1.7189077563818491E-011
          10          37  -7.7333335038149607E-012
          10          38  -8.3558433083501694E-014
          10          39  -7.8027370259825167E-012
          10          40   2.8985899797147067E-014
          10          41   2.7944802596435963E-014
          10          42  -7.4690279563416034E-012
          10          43   17.398817241448366     
          10          44  -1.3957723865586713E-012
          10          45   7.7809876159947677     
          10          46  -3.1565861036140310E-012
          10          47  -1.2573275753899752E-013
          10          48  -7.4417635824189621E-014
          10          49  -1.1737139038481841E-013
          10          50   7.7809876159946327     
          10          51  -1.4643841694805263E-012
          10          52  -1.1796119636689761E-013
          11           1  -1.4298590518837764E-013
          11           2   5.5393814887678960E-013
          11           3   4.5528549027186375E-013
          11           4  -1.3233207495847615E-012
          11           5   4.8414352795813916E-012
          11           6   6.5915437796172904E-013
          11           7   3.7841951794346239E-013
          11           8  -3.7748918577839894     
          11           9   3.3379332284326548E-014
          11          10  -1.9948487306463270E-012
          11          11   17.119786093042144     
          11          12  -3.0284282026573472E-013
          11          13   5.3681503686672677E-012
          11          14  -35.706611445808633     
          11          15   1.0652694004689910E-012
          11          16  -2.9037883209069222E-013
          11          17   2.0241916041071559     
          11          18  -1.7285652076388309E-014
          11          19  -3.8720029972982948E-013
          11          20   5.7987253206112418E-013
          11          21   4.8546012525041043E-015
          11          22   3.8031412253332119E-013
          11          23   3.5759838159844012E-013
          11          24  -2.2340663441240294E-014
          11          25  -4.1257972933059963E-013
          11          26  -1.8637296711678688E-013
          11          27  -3.2238458181968491E-013
          11          28  -6.2756975406757405E-014
          11          29  -1.7798261773293654E-013
          11          30  -3.5905449831530708E-013
          11          31  -1.5547713222628515E-012
          11          32   4.9008691006937388E-014
          11          33  -1.5843913414123230E-012
          11          34   2.4964114650144107E-014
          11          35   1.8259325462947901E-013
          11          36  -1.6580186955551606E-012
          11          37  -4.5850011487071113E-013
          11          38   7.5526357559931994E-014
          11          39  -5.1662860602255531E-013
          11          40   2.1324240294934744E-014
          11          41  -8.9300425032383688E-014
          11          42  -4.5121566123996607E-013
          11          43  -2.6796342922351389E-012
          11          44   7.7809876160043396     
          11          45  -1.2241319069516427E-012
          11          46   17.398817241469782     
          11          47  -2.9601841811117179E-013
          11          48   7.1467071534386757E-015
          11          49  -2.6281407605750911E-013
          11          50  -1.1055600879216671E-012
          11          51   7.7809876160044089     
          11          52  -5.5024561296261055E-013
          12           1  -1.4300208948800929E-013
          12           2   2.3066784486306535E-013
          12           3  -7.4945160070610159E-015
          12           4   2.5866241600253770E-012
          12           5  -1.2607010389075073E-013
          12           6   2.5530655351886296E-013
          12           7  -4.2970835223360525E-014
          12           8   6.2766849009978926E-014
          12           9  -3.7748918577845076     
          12          10  -7.1442851635053142E-014
          12          11  -3.0284282026573472E-013
          12          12   17.119786093045715     
          12          13   1.5817902543426329E-013
          12          14   6.8678049358646452E-013
          12          15  -35.706611445818794     
          12          16  -6.0975530181064460E-015
          12          17  -4.1357976071639600E-014
          12          18   2.0241916041077159     
          12          19  -1.2716540747072070E-013
          12          20   1.6741955380924902E-013
          12          21  -1.7245771252076816E-012
          12          22  -7.5846819220038498E-014
          12          23   8.7106375109053933E-014
          12          24  -1.3038021755187351E-012
          12          25  -7.6000534610210589E-013
          12          26  -4.8535517461096021E-014
          12          27  -2.3246111898635155E-013
          12          28   2.3968085000607993E-014
          12          29  -3.0107390864779604E-014
          12          30  -3.6810633036594985E-013
          12          31   1.8107416632304223E-013
          12          32   1.2245181784876389E-014
          12          33  -3.8636863342189752E-014
          12          34  -6.7482089116223921E-015
          12          35   2.0753228659483299E-014
          12          36   8.3949474933824763E-015
          12          37  -1.2861559697381819E-013
          12          38   1.3193092858631671E-015
          12          39  -6.0449943378212408E-014
          12          40   1.1949193328482529E-015
          12          41  -9.2334066324696988E-015
          12          42  -7.5000738989821128E-014
          12          43  -7.8492767841379972E-014
          12          44  -1.5330271774256290E-013
          12          45  -3.8385961076565857E-014
          12          46  -3.4907320090056742E-013
          12          47   7.7809876160066738     
          12          48  -3.2226297725060968E-015
          12          49   7.7809876160066649     
          12          50  -3.8732905771786368E-014
          12          51  -1.3306196422484804E-013
          12          52   17.398817241474912     
          13           1  -4.8735804152848028E-013
          13           2   3.7514742052962205E-012
          13           3   1.8328226242763173E-012
          13           4   2.0338096607735768E-011
          13           5  -9.6578065003104039E-011
          13           6  -3.4683339734064605E-011
          13           7   8.4497727219908310     
          13           8  -5.3079762807325766E-013
          13           9   5.9018762099590123E-014
          13          10  -35.706611445766434     
          13          11   5.3681503686672677E-012
          13          12   1.5817902543426329E-013
          13          13   74.648247874364486     
          13          14  -1.5120349416974286E-011
          13          15  -6.0407234770033936E-013
          13          16  -4.2283405376352512     
          13          17   8.5231821600471652E-013
          13          18   7.7507444906748830E-014
          13          19   1.7933418279130580E-012
          13          20  -8.8382293903258720E-013
          13          21   1.1637332658205710E-012
          13          22   2.0236992297703942E-013
          13          23   8.6081265183179890E-013
          13          24   7.4033178580989589E-013
          13          25   9.6957441022064316E-012
          13          26   2.4370665852237719E-013
          13          27   9.8093731451622774E-012
          13          28  -3.9069612898957014E-014
          13          29  -7.0889437791906921E-013
          13          30   9.6263319959938469E-012
          13          31   3.4955054899265444E-011
          13          32  -3.7090232591435658E-013
          13          33   3.4764895962198118E-011
          13          34   1.6629612399630492E-013
          13          35   3.7865203675412782E-013
          13          36   3.5737366528083931E-011
          13          37   1.6125008437339192E-011
          13          38   1.7815057120854923E-013
          13          39   1.6251770472665804E-011
          13          40  -6.1400340173079854E-014
          13          41  -6.0650002292640321E-014
          13          42   1.5561231189296841E-011
          13          43  -36.385470009992773     
          13          44   3.4536817850037956E-012
          13          45  -16.272076867124728     
          13          46   7.8026474170651995E-012
          13          47   2.6266488983887581E-013
          13          48   1.4934679277421332E-013
          13          49   2.4223678618582745E-013
          13          50  -16.272076867124447     
          13          51   3.6011194026740544E-012
          13          52   2.4236168627656014E-013
          14           1   4.4068930111165543E-013
          14           2  -1.5543193181127155E-012
          14           3  -1.2056700478074573E-012
          14           4   1.5229874851596408E-012
          14           5  -9.8864952640472058E-012
          14           6  -1.3644483539735563E-012
          14           7  -1.2546630401288397E-012
          14           8   8.4497727219972809     
          14           9  -7.5434016672016743E-014
          14          10   6.0476068597378070E-012
          14          11  -35.706611445808633     
          14          12   6.8678049358646452E-013
          14          13  -1.5120349416974286E-011
          14          14   74.648247874475544     
          14          15  -2.3319957076501913E-012
          14          16   8.2744922025309019E-013
          14          17  -4.2283405376407455     
          14          18   4.5201689613566613E-014
          14          19   1.4237855177682335E-012
          14          20  -1.1908832291495719E-012
          14          21   5.1613685524957196E-013
          14          22  -7.8310496930817547E-013
          14          23  -7.2919637212416957E-013
          14          24   5.9686817658544130E-013
          14          25   1.0289621859927603E-012
          14          26   3.8295533309532064E-013
          14          27   8.8161331162157863E-013
          14          28   1.2851068811991766E-013
          14          29   3.6666836940832885E-013
          14          30   9.4685947756374187E-013
          14          31   3.1646184649216745E-012
          14          32  -1.0005526973943423E-013
          14          33   3.2102860856916962E-012
          14          34  -5.1525340452031330E-014
          14          35  -3.7942246926852867E-013
          14          36   3.3676591991290359E-012
          14          37   9.4464791393573556E-013
          14          38  -1.5656724014601230E-013
          14          39   1.0695845133433471E-012
          14          40  -4.5276598179892306E-014
          14          41   1.8475079334043899E-013
          14          42   9.3279472842558434E-013
          14          43   7.5033312896263478E-012
          14          44  -16.272076867149710     
          14          45   3.4057201503400074E-012
          14          46  -36.385470010048671     
          14          47   6.3786823045766536E-013
          14          48  -1.4217677192799357E-014
          14          49   5.7006482867565678E-013
          14          50   3.1605829065027527E-012
          14          51  -16.272076867149853     
          14          52   1.2005535454665504E-012
          15           1   3.0032890780585471E-013
          15           2  -4.9538438613479208E-013
          15           3  -1.1658998372797591E-016
          15           4  -5.3289375020950238E-012
          15           5   2.0954691918211906E-013
          15           6  -5.5808034444684118E-013
          15           7   1.2926812398270218E-013
          15           8  -2.1594228141744459E-013
          15           9   8.4497727219989915     
          15          10   2.9304336735076741E-013
          15          11   1.0652694004689910E-012
          15          12  -35.706611445818794     
          15          13  -6.0407234770033936E-013
          15          14  -2.3319957076501913E-012
          15          15   74.648247874502388     
          15          16   2.9736629825302646E-014
          15          17   1.3824011380060882E-013
          15          18  -4.2283405376422332     
          15          19   9.2148581800715150E-014
          15          20  -3.6040350389851304E-013
          15          21   3.6898062127687091E-012
          15          22   1.7139305002251458E-013
          15          23  -1.9404405202633629E-013
          15          24   2.7488447239213166E-012
          15          25   1.6322240875850324E-012
          15          26   1.0507055103587435E-013
          15          27   4.4565835786621944E-013
          15          28  -5.4391700945209431E-014
          15          29   6.7072992908966457E-014
          15          30   7.4983547699731137E-013
          15          31  -3.7796136970279546E-013
          15          32  -2.7197721176123131E-014
          15          33   1.1655785487220844E-013
          15          34   1.5960976143381235E-014
          15          35  -4.5379564934911037E-014
          15          36   9.3475088304660556E-015
          15          37   2.8605799237728877E-013
          15          38  -2.4359581330137711E-015
          15          39   1.3170804959490373E-013
          15          40  -3.1894275012587983E-015
          15          41   1.9953262875063806E-014
          15          42   1.6519952950395345E-013
          15          43   2.9504176879499585E-013
          15          44   5.1592410899040800E-013
          15          45   1.3868073356383073E-013
          15          46   1.1648980391414055E-012
          15          47  -16.272076867155818     
          15          48   6.6002808683686631E-015
          15          49  -16.272076867155796     
          15          50   1.3899992268346718E-013
          15          51   4.7379114520584383E-013
          15          52  -36.385470010062129     
          16           1   3.2432000409209831E-014
          16           2  -2.0465964743065379E-013
          16           3  -7.0702756429588305E-014
          16           4  -1.2840111763460181E-012
