           1           1   2.5822752532485462     
           1           2  -1.6133698047493485     
           1           3  -2.4745674645660349     
           1           4  -7.3424975003537938     
           1           5  0.45992785271749070     
           1           6   5.8634692170790759E-002
           1           7   1.2056482189617828E-013
           1           8  -1.6456497832577321E-013
           1           9  -1.4144771553452528E-014
           1          10  -1.7662320118463198E-013
           1          11  -1.0053712718471636E-013
           1          12   5.5424681062562345E-014
           1          13  -2.3976760692794819E-015
           1          14  -9.8953570303987460E-015
           1          15   6.8072754941751707E-015
           1          16   8.4930454898449421E-016
           1          17   6.2719490766739225E-015
           1          18  -6.5280672704204973E-016
           1          19   3.3832257353678714E-017
           1          20  -1.5371146330959698E-015
           1          21  -8.3344639334130302E-016
           1          22   3.5524095931515585     
           1          23  -1.5236484608928238E-014
           1          24   3.5524095931515332     
           1          25  -2.0346210222467838E-014
           1          26  -5.6335464410065558E-015
           1          27   3.5524095931515376     
           1          28   1.4844847199620546     
           1          29   3.2346913356147137E-014
           1          30   1.4844847199620532     
           1          31   5.0244764425794669E-015
           1          32  -6.1449304639858990E-015
           1          33   1.4844847199620619     
           1          34 -0.17835033165955005     
           1          35  -2.4548399852256703E-014
           1          36 -0.17835033165954250     
           1          37  -2.9943686390003953E-015
           1          38   8.9958367715772955E-015
           1          39 -0.17835033165955505     
           1          40  -7.0416086534872219E-002
           1          41   1.2330685585073672E-014
           1          42  -7.0416086534879851E-002
           1          43   7.3361397251992927E-016
           1          44  -3.6621258332875669E-015
           1          45  -7.0416086534867556E-002
           1          46   1.5874576255381438E-013
           1          47   6.1066787441972919E-014
           1          48   6.4805530437289746E-014
           1          49   1.2196680619517036E-013
           1          50  -2.1693574583367553E-014
           1          51  -6.5982030304098551E-016
           1          52  -3.2130554013717565E-014
           1          53   6.1957039841304459E-014
           1          54   5.2275505181028704E-014
           1          55  -6.1680582571864081E-014
           2           1  -1.6133698047493485     
           2           2   5.3839591061545313     
           2           3   6.5594504591227745     
           2           4   9.5396254167653947     
           2           5 -0.81793310064223301     
           2           6  -6.4516598065813169E-002
           2           7  -3.6098256756475909E-013
           2           8   7.5342085264610243E-013
           2           9   7.9715011928569616E-015
           2          10   2.2186055087173983E-013
           2          11  -2.2082584237089688E-013
           2          12  -5.0989184611897765E-015
           2          13   2.5624597700963746E-014
           2          14  -5.1362762796141286E-014
           2          15  -3.0083042063573835E-015
           2          16  -5.3092834968168842E-015
           2          17   1.3857975521671898E-014
           2          18  -1.0791465257671684E-015
           2          19   5.2214965447396932E-015
           2          20  -5.0814512735679354E-015
           2          21   7.7219687956417979E-017
           2          22  -6.7050221152531755     
           2          23   1.6930091897758622E-013
           2          24  -6.7050221152527625     
           2          25   2.1379882450751453E-013
           2          26   1.4848121957258206E-013
           2          27  -6.7050221152530183     
           2          28  -2.1438566614638139     
           2          29  -6.4030045769148146E-014
           2          30  -2.1438566614639178     
           2          31  -7.0536256292631449E-014
           2          32  -2.4171039906399992E-014
           2          33  -2.1438566614638739     
           2          34  0.33707543795151490     
           2          35   3.3447723662047998E-014
           2          36  0.33707543795154604     
           2          37   3.0835646401579065E-014
           2          38  -6.7996833528874576E-015
           2          39  0.33707543795154349     
           2          40  0.10335956381574091     
           2          41  -1.5028375947144277E-014
           2          42  0.10335956381573227     
           2          43  -1.1152896762074973E-014
           2          44   4.5559863315380231E-015
           2          45  0.10335956381573019     
           2          46  -7.3741176225916838E-014
           2          47   6.0781238601659743E-014
           2          48  -2.6027969984682764E-014
           2          49   1.3453359180152920E-013
           2          50  -6.4970290365552779E-015
           2          51  -1.7294399439484965E-015
           2          52  -2.9902242617115338E-016
           2          53  -2.4293116975183149E-014
           2          54   7.0211198740396873E-014
           2          55  -1.2466684530359536E-014
           3           1  -2.4745674645660349     
           3           2   6.5594504591227745     
           3           3   8.2463579159805764     
           3           4   16.640236991268285     
           3           5  -1.2606102160289467     
           3           6 -0.12213404986006940     
           3           7  -6.0684737919747378E-013
           3           8   7.2118644772990989E-013
           3           9   3.6922063975259734E-014
           3          10   7.5125967829539344E-013
           3          11  -2.4282221985163422E-013
           3          12  -6.3053752162143228E-014
           3          13   7.3815756857420581E-014
           3          14  -4.6689271249876532E-014
           3          15  -1.0790028726131418E-014
           3          16  -1.3831683408170050E-014
           3          17   1.0883507610524532E-014
           3          18   8.0083311093711387E-016
           3          19   8.4568741119351647E-015
           3          20  -4.5131627461571561E-015
           3          21  -3.8502369685487268E-016
           3          22  -9.8654278224280727     
           3          23   8.3153650755025796E-013
           3          24  -9.8654278224259873     
           3          25   8.6256865545385205E-013
           3          26   6.2161754655865646E-013
           3          27  -9.8654278224273426     
           3          28  -3.5789792137331817     
           3          29  -2.6135224905081967E-013
           3          30  -3.5789792137337173     
           3          31  -2.4949118810454242E-013
           3          32  -1.4053217917151194E-013
           3          33  -3.5789792137333958     
           3          34  0.50833468269859716     
           3          35   1.1707667330725297E-013
           3          36  0.50833468269879523     
           3          37   1.0096050566636199E-013
           3          38   2.9123439436664935E-014
           3          39  0.50833468269868676     
           3          40  0.17175913328905698     
           3          41  -4.3873747621776821E-014
           3          42  0.17175913328899858     
           3          43  -3.4359336723746229E-014
           3          44  -6.0741809475599691E-015
           3          45  0.17175913328902895     
           3          46  -3.5107169387584283E-013
           3          47   1.3935059091938496E-014
           3          48  -1.4325621628773749E-013
           3          49   5.6451413490166972E-014
           3          50   1.5971724145021799E-014
           3          51  -2.1932377768671262E-016
           3          52   3.1038972421450146E-014
           3          53  -1.4158201303875336E-013
           3          54   3.6006896556073586E-014
           3          55   4.5915474258400038E-014
           4           1  -7.3424975003537938     
           4           2   9.5396254167653947     
           4           3   16.640236991268285     
           4           4   165.09418608176134     
           4           5  -8.7682700612316768     
           4           6  -1.4224567059023487     
           4           7  -1.2868471740215288E-012
           4           8  -4.1460423471761786E-013
           4           9   3.9650231567136387E-013
           4          10   4.2866431678216061E-012
           4          11   4.3679616029415330E-012
           4          12  -1.8238227272058235E-012
           4          13   2.3343126442876735E-013
           4          14   6.3449755302777556E-013
           4          15  -2.0509122304755064E-013
           4          16  -5.3376286412889926E-015
           4          17  -1.9121675374544972E-013
           4          18   7.5522472265420304E-014
           4          19  -1.2872616995609134E-014
           4          20   5.8719272622502566E-014
           4          21  -2.2480072281229726E-014
           4          22  -58.778880565957778     
           4          23   1.3420091598933868E-013
           4          24  -58.778880565957408     
           4          25   4.5454766339012013E-013
           4          26   6.9306904326858520E-014
           4          27  -58.778880565957337     
           4          28  -31.842856743261777     
           4          29  -5.2461851266246989E-013
           4          30  -31.842856743261507     
           4          31  -2.6538533838714023E-013
           4          32   2.0393349183824532E-013
           4          33  -31.842856743261795     
           4          34   3.2511027666740624     
           4          35   3.2510195059310406E-013
           4          36   3.2511027666738861     
           4          37   6.4475301655087211E-014
           4          38  -2.9976962182541281E-013
           4          39   3.2511027666740073     
           4          40   1.5095046194935293     
           4          41  -1.4443449295100413E-013
           4          42   1.5095046194936685     
           4          43  -3.7509396200049683E-014
           4          44   9.8220428511217594E-014
           4          45   1.5095046194936654     
           4          46  -4.4629452058304849E-012
           4          47  -2.4600408106232299E-012
           4          48  -1.8284197147775964E-012
           4          49  -4.5050623721898594E-012
           4          50   7.9069361039433461E-013
           4          51   8.0440125380612391E-014
           4          52   1.0264356595070838E-012
           4          53  -1.8653727828482240E-012
           4          54  -2.1005462865270731E-012
           4          55   1.9977816954040409E-012
           5           1  0.45992785271749070     
           5           2 -0.81793310064223301     
           5           3  -1.2606102160289467     
           5           4  -8.7682700612316768     
           5           5  0.50111245837313811     
           5           6   7.3784702636375168E-002
           5           7  -2.3752355330300480E-013
           5           8  -3.1133612688982022E-013
           5           9  -4.0682667194050325E-014
           5          10   2.8516374618268912E-013
           5          11  -3.4626017270102242E-014
           5          12   1.1388930487661915E-013
           5          13   4.8363915374620354E-014
           5          14  -1.7892339776524164E-015
           5          15   1.3601717103548678E-014
           5          16  -1.1583897678687653E-014
           5          17   2.9228125632506459E-015
           5          18  -4.0169676271615443E-015
           5          19   4.3696445739011244E-015
           5          20  -4.5904293400982684E-016
           5          21   1.3024341128363752E-015
           5          22   3.4099267811758995     
           5          23  -1.0067485944441800E-013
           5          24   3.4099267811757050     
           5          25  -1.2332970505578644E-013
           5          26  -3.3004752769773378E-013
           5          27   3.4099267811769387     
           5          28   1.7271664480484454     
           5          29   5.1529904277190413E-014
           5          30   1.7271664480484785     
           5          31   4.1000957808218271E-014
           5          32   7.5663036347344329E-014
           5          33   1.7271664480481659     
           5          34 -0.18961698288759049     
           5          35  -2.6213783833736309E-014
           5          36 -0.18961698288759982     
           5          37  -1.4600521155462983E-014
           5          38  -1.7344188703407007E-014
           5          39 -0.18961698288747852     
           5          40  -8.2132133998621931E-002
           5          41   1.0366685256368477E-014
           5          42  -8.2132133998623152E-002
           5          43   5.7844472177458229E-015
           5          44   4.9495346717286827E-015
           5          45  -8.2132133998663037E-002
           5          46   2.1649998769713852E-014
           5          47   7.9076090214504924E-014
           5          48   8.4372877892528137E-016
           5          49   1.3124641038159451E-013
           5          50  -4.0253660465375563E-014
           5          51  -3.2560262081899678E-015
           5          52  -5.1922696657161273E-014
           5          53   2.3301158769847709E-015
           5          54   6.0894024367228838E-014
           5          55  -1.0058774438111869E-013
           6           1   5.8634692170790759E-002
           6           2  -6.4516598065813169E-002
           6           3 -0.12213404986006940     
           6           4  -1.4224567059023487     
           6           5   7.3784702636375168E-002
           6           6   1.2346103898253238E-002
           6           7  -8.3730783600179126E-014
           6           8  -7.5027279497403976E-014
           6           9  -1.4200402496091502E-014
           6          10   1.2338145881761033E-013
           6          11   1.3325863570079842E-014
           6          12   2.6165233518354623E-014
           6          13   1.6808224965872755E-014
           6          14   2.1017284863834291E-015
           6          15   3.1347335557759336E-015
           6          16  -3.7032152701167525E-015
           6          17   1.4810940760040726E-016
           6          18  -9.5165019253142305E-016
           6          19   1.4722637376470501E-015
           6          20   3.0906945699852449E-017
           6          21   2.9675133607131250E-016
           6          22  0.49124741791127824     
           6          23  -2.7139328296779841E-014
           6          24  0.49124741791127957     
           6          25  -1.5977569129569650E-014
           6          26  -6.7041534629669872E-014
           6          27  0.49124741791152421     
           6          28  0.27258142328019935     
           6          29   1.1525393531607544E-014
           6          30  0.27258142328019586     
           6          31   5.4905234144422044E-015
           6          32   1.6030862443650654E-014
           6          33  0.27258142328013274     
           6          34  -2.7167734030422851E-002
           6          35  -5.5707621049335127E-015
           6          36  -2.7167734030420852E-002
           6          37  -1.7870711879222081E-015
           6          38  -4.4544196699051091E-015
           6          39  -2.7167734030395983E-002
           6          40  -1.2909554683213314E-002
           6          41   2.1327660768928126E-015
           6          42  -1.2909554683214676E-002
           6          43   7.0729592399265886E-016
           6          44   1.4218185102272882E-015
           6          45  -1.2909554683222968E-002
           6          46  -1.9968088942192461E-014
           6          47   1.2499532453915334E-014
           6          48  -1.0378194206618993E-014
           6          49   1.9007302557305840E-014
           6          50  -8.8708908620722649E-015
           6          51  -7.4144141756319201E-016
           6          52  -1.0943912235898686E-014
           6          53  -1.0035415028745015E-014
           6          54   9.3520479874306372E-015
           6          55  -2.1891474301586252E-014
           7           1   1.2056482189617828E-013
           7           2  -3.6098256756475909E-013
           7           3  -6.0684737919747378E-013
           7           4  -1.2868471740215288E-012
           7           5  -2.3752355330300480E-013
           7           6  -8.3730783600179126E-014
           7           7   2.7531687195898247     
           7           8   5.7176485768254277E-015
           7           9   7.4246164771536538E-016
           7          10  -2.0662570445701762     
           7          11   2.8865798639999031E-015
           7          12  -2.4980018052917840E-016
           7          13 -0.29494282649930703     
           7          14   9.2842400434238137E-015
           7          15   1.1657341758576201E-015
           7          16   5.9624981505220991E-002
           7          17  -1.0390993621090220E-015
           7          18  -1.1635657715119906E-015
           7          19  -2.1392021049874650E-002
           7          20  -1.1015494072456415E-015
           7          21  -2.9592214095818029E-015
           7          22   6.8378456432209668E-013
           7          23  -7.9065533841289154E-015
           7          24   7.0814420887348819E-013
           7          25  -8.9976709116650668E-015
           7          26  -8.1564117872406427E-015
           7          27   7.1204494017541541E-013
           7          28   2.9778283728099559E-013
           7          29   3.5352340812237103E-015
           7          30   2.7904169419780527E-013
           7          31   6.1564912266924906E-015
           7          32   5.0944254222195732E-015
           7          33   2.8654475728728457E-013
           7          34   6.0245864769268310E-014
           7          35  -1.3673976163175416E-015
           7          36   8.2459357532472142E-014
           7          37  -2.7049388311999631E-015
           7          38   1.1009543096334825E-015
           7          39   6.4567580228854711E-014
           7          40   7.0600604518383171E-014
           7          41   1.1563549050737982E-015
           7          42   5.5827886188647013E-014
           7          43  -9.6595420892854316E-016
           7          44  -3.1997070439157290E-015
           7          45   6.7435505341069360E-014
           7          46  0.83437851436382693     
           7          47  -1.6792123247300602E-015
           7          48  0.37314541541655982     
           7          49  -7.7160500211163285E-015
           7          50  -3.0010716134449234E-015
           7          51  -1.9021215424071021E-015
           7          52   3.6463887464966923E-015
           7          53  0.37314541541655799     
           7          54  -2.9976021664743748E-015
           7          55  -1.8179902028365846E-015
           8           1  -1.6456497832577321E-013
           8           2   7.5342085264610243E-013
           8           3   7.2118644772990989E-013
           8           4  -4.1460423471761786E-013
           8           5  -3.1133612688982022E-013
           8           6  -7.5027279497403976E-014
           8           7   5.7176485768254277E-015
           8           8   2.7531687195898535     
           8           9   4.0210890173110747E-015
           8          10  -1.6209256159553135E-014
           8          11  -2.0662570445702286     
           8          12  -9.4091401336848131E-015
           8          13   8.9789287116542748E-015
           8          14 -0.29494282649933712     
           8          15  -3.4616406963115803E-014
           8          16   3.1485231088980378E-015
           8          17   5.9624981505209347E-002
           8          18   2.2900735127672719E-014
           8          19   6.6856242764147360E-015
           8          20  -2.1392021049860488E-002
           8          21  -2.3362388412716218E-015
           8          22  -2.6723446644080452E-013
           8          23   1.1854150460017522E-014
           8          24  -2.2746214361824523E-013
           8          25  -5.4814632206984361E-015
           8          26   5.9374013721640872E-015
           8          27  -2.2271065198847372E-013
           8          28   9.9136442997073917E-014
           8          29  -8.1408123336344709E-015
           8          30   1.1363301035387015E-013
           8          31   2.6994746066860172E-014
           8          32  -1.4047451030238749E-016
           8          33   7.1974835401782083E-014
           8          34   9.3550080266849746E-014
           8          35  -1.7817547348696103E-014
           8          36   6.6201449155653827E-014
           8          37  -6.3240398511341707E-015
           8          38  -1.4262161326001322E-014
           8          39   1.0986687077958938E-013
           8          40   6.9366779263003479E-014
           8          41   1.4336055003829988E-014
           8          42   7.4746394014029761E-014
           8          43  -8.2847949078230975E-015
           8          44   1.5928565952613385E-014
           8          45   7.0802009744276087E-014
           8          46  -4.5519144009329442E-015
           8          47  0.37314541541658164     
           8          48   1.6917023337738479E-014
           8          49  0.83437851436388211     
           8          50  -4.4061976289868550E-015
           8          51  -1.3258322392152537E-014
           8          52   3.1389821297793023E-014
           8          53   8.0074835651218205E-015
           8          54  0.37314541541655855     
           8          55   3.1433189384552886E-015
           9           1  -1.4144771553452528E-014
           9           2   7.9715011928569616E-015
           9           3   3.6922063975259734E-014
           9           4   3.9650231567136387E-013
           9           5  -4.0682667194050325E-014
           9           6  -1.4200402496091502E-014
           9           7   7.4246164771536538E-016
           9           8   4.0210890173110747E-015
           9           9   2.7531687195898193     
           9          10   5.7731597280623692E-015
           9          11  -2.2620794126601648E-015
           9          12  -2.0662570445701727     
           9          13  -8.8123952579546060E-016
           9          14   4.7375298128943113E-015
           9          15 -0.29494282649931763     
           9          16   1.6987279638502244E-015
           9          17  -2.5637044570594664E-015
           9          18   5.9624981505219707E-002
           9          19   1.1505553454415710E-015
           9          20   2.4579947452418658E-015
           9          21  -2.1392021049871264E-002
           9          22  -9.4483618553985305E-014
           9          23  -1.7776197344881475E-014
           9          24  -1.6305583213623990E-013
           9          25  -3.5017372311717835E-015
           9          26  -5.9435311603669193E-015
           9          27  -1.4449619542462449E-013
           9          28  -8.0592194948560213E-014
           9          29   4.3819415006212288E-015
           9          30  -6.1417595559735614E-014
           9          31   2.5226140698209880E-015
           9          32   1.7014151676973251E-015
           9          33  -6.6535088538177735E-014
           9          34   1.7284031161630146E-014
           9          35  -2.9854881286696763E-015
           9          36   9.3024361939001193E-015
           9          37  -1.9235414424121363E-016
           9          38  -9.4411190002152774E-016
           9          39   1.2021849741013863E-014
           9          40   9.8744204103538112E-015
           9          41   1.5633019128345238E-015
           9          42   1.0554721695161243E-014
           9          43  -1.1202206248411187E-015
           9          44   2.1750528033122849E-015
           9          45   1.2244395890986425E-014
           9          46  -3.0808688933483526E-015
           9          47   1.1171619185212801E-015
           9          48   1.6063539387488451E-015
           9          49  -3.1918911958114192E-015
           9          50  0.37314541541655966     
           9          51  -1.9292093326774457E-015
           9          52  0.37314541541656238     
           9          53  -2.3869795029497431E-015
           9          54  -2.3106516700078222E-015
           9          55  0.83437851436383381     
          10           1  -1.7662320118463198E-013
          10           2   2.2186055087173983E-013
          10           3   7.5125967829539344E-013
          10           4   4.2866431678216061E-012
          10           5   2.8516374618268912E-013
          10           6   1.2338145881761033E-013
          10           7  -2.0662570445701762     
          10           8  -1.6209256159553135E-014
          10           9   5.7731597280623692E-015
          10          10   5.5908422880425999     
          10          11  -3.9968028885381911E-015
          10          12  -4.4408920985502021E-015
          10          13  0.61455325536431449     
          10          14  -2.1954660311944750E-014
          10          15  -1.6792123247460690E-014
          10          16 -0.12122181289179954     
          10          17   4.6351811278049775E-015
          10          18   4.8867160318290085E-015
          10          19   4.3044096592239359E-002
          10          20  -4.0141501234086103E-015
          10          21  -1.8630930131996884E-015
          10          22  -1.6176824926866953E-012
          10          23   2.0556648374290910E-014
          10          24  -1.6757055594820792E-012
          10          25   2.9716838370436175E-014
          10          26   2.8149122511717212E-014
          10          27  -1.6903792589978347E-012
          10          28  -8.9072909382301895E-013
          10          29   5.9274466723528789E-015
          10          30  -8.4741431450245158E-013
          10          31  -1.5410532794529514E-014
          10          32  -1.5001929544041734E-014
          10          33  -8.5952739328170267E-013
          10          34  -6.7561969990477076E-014
          10          35   6.4314786618772870E-016
          10          36  -1.0426653687929520E-013
          10          37   8.2874164940854301E-015
          10          38   3.8411698556981885E-015
          10          39  -7.2155295599944445E-014
          10          40  -9.3202742185567798E-014
          10          41  -1.0851291340164937E-015
          10          42  -6.8950175786223269E-014
          10          43  -1.6564007930836285E-016
          10          44   4.0852729393511379E-015
          10          45  -9.8224689202681381E-014
          10          46  -2.0254619363060815     
          10          47  -1.0547118734625326E-015
          10          48 -0.90581411508373999     
          10          49   1.4210854715075814E-014
          10          50   8.3266726847110903E-015
          10          51  -8.2065051789509714E-015
          10          52  -2.5951463200325116E-015
          10          53 -0.90581411508374177     
          10          54   7.7160500210847220E-015
          10          55   1.5348833315499704E-014
          11           1  -1.0053712718471636E-013
          11           2  -2.2082584237089688E-013
          11           3  -2.4282221985163422E-013
          11           4   4.3679616029415330E-012
          11           5  -3.4626017270102242E-014
          11           6   1.3325863570079842E-014
          11           7   2.8865798639999031E-015
          11           8  -2.0662570445702286     
          11           9  -2.2620794126601648E-015
          11          10  -3.9968028885381911E-015
          11          11   5.5908422880426043     
          11          12  -3.3306690744520643E-016
          11          13  -3.3306690738682125E-015
          11          14  0.61455325536431160     
          11          15  -6.4115379672162239E-015
          11          16  -4.8017145815043345E-015
          11          17 -0.12122181289178921     
          11          18   2.5621865740203461E-015
          11          19   3.1225022567576962E-015
          11          20   4.3044096592236208E-002
          11          21  -2.9980358473575476E-015
          11          22  -1.0999453292172276E-012
          11          23  -3.0813641061933720E-014
          11          24  -1.1415495499627089E-012
          11          25  -6.0350442050474322E-015
          11          26   9.1858535055084368E-016
          11          27  -1.1481175264388291E-012
          11          28  -8.6256987967714440E-013
          11          29   1.7705054976016453E-014
          11          30  -8.6047737142813565E-013
          11          31   4.7301437274740056E-016
          11          32  -7.6756478659631254E-015
          11          33  -8.3199839253672735E-013
          11          34   3.1761045425452821E-014
          11          35  -1.1477056482113542E-015
          11          36   3.0399095598773776E-014
          11          37  -6.5482659178853133E-015
          11          38   3.4685128634146707E-015
          11          39   1.2150811114890166E-014
          11          40  -8.9778306850901874E-015
          11          41  -2.1955584205103243E-016
          11          42  -5.4220511239201973E-015
          11          43   5.2209244658645320E-015
          11          44   9.0333217449942834E-016
          11          45  -5.9395974394163007E-015
          11          46   1.2212453269563265E-015
          11          47 -0.90581411508375009     
          11          48   1.8873791418077805E-015
          11          49  -2.0254619363060651     
          11          50   3.2404634531497038E-015
          11          51  -8.4202533067945946E-016
          11          52  -7.5495165674193538E-015
          11          53   2.8310687127381018E-015
          11          54 -0.90581411508374188     
          11          55   7.7854389602475634E-015
          12           1   5.5424681062562345E-014
          12           2  -5.0989184611897765E-015
          12           3  -6.3053752162143228E-014
          12           4  -1.8238227272058235E-012
          12           5   1.1388930487661915E-013
          12           6   2.6165233518354623E-014
          12           7  -2.4980018052917840E-016
          12           8  -9.4091401336848131E-015
          12           9  -2.0662570445701727     
          12          10  -4.4408920985502021E-015
          12          11  -3.3306690744520643E-016
          12          12   5.5908422880425821     
          12          13  -2.3453461395238464E-015
          12          14  -1.2836953722235701E-014
          12          15  0.61455325536434602     
          12          16   1.7676832220205824E-015
          12          17   3.8710354366436618E-015
          12          18 -0.12122181289180696     
          12          19  -2.3939183968477291E-015
          12          20  -1.8925833122908161E-015
          12          21   4.3044096592244244E-002
          12          22   4.1662894483707467E-013
          12          23   5.4112223759831985E-014
          12          24   6.5669830278487927E-013
          12          25   6.7510468785848937E-015
          12          26   2.4732112380479193E-014
          12          27   5.8402834799785956E-013
          12          28   3.7121114372910677E-013
          12          29  -1.2271276417511688E-014
          12          30   3.1161080593371144E-013
          12          31  -1.8556389260249509E-015
          12          32  -8.3141721294425163E-015
          12          33   3.2974343861032320E-013
          12          34  -5.3443789941496059E-014
          12          35   5.2971080432744939E-015
          12          36  -3.0697187064764956E-014
          12          37   9.9797185430472776E-016
          12          38   3.1654041780543603E-015
          12          39  -3.6290623866308628E-014
          12          40  -2.0559236206494747E-014
          12          41  -2.7156713326940574E-015
          12          42  -2.3865906579811963E-014
          12          43  -2.3321814879940755E-016
          12          44  -7.9262980288671309E-016
          12          45  -2.5472222367007636E-014
          12          46   2.0539125956150376E-015
          12          47   2.2204460495859803E-016
          12          48   7.3552275383868716E-016
          12          49   1.0852430065771812E-014
          12          50 -0.90581411508374710     
          12          51  -3.2836178964485240E-015
          12          52 -0.90581411508374710     
          12          53   5.0098813986455588E-015
          12          54   6.5850103148370229E-015
          12          55  -2.0254619363060891     
          13           1  -2.3976760692794819E-015
          13           2   2.5624597700963746E-014
          13           3   7.3815756857420581E-014
          13           4   2.3343126442876735E-013
          13           5   4.8363915374620354E-014
          13           6   1.6808224965872755E-014
          13           7 -0.29494282649930703     
          13           8   8.9789287116542748E-015
          13           9  -8.8123952579546060E-016
          13          10  0.61455325536431449     
          13          11  -3.3306690738682125E-015
          13          12  -2.3453461395238464E-015
          13          13   6.9864236690002565E-002
          13          14  -3.0947466811414457E-015
          13          15  -1.8127860323961239E-015
          13          16  -1.3830177118254655E-002
          13          17   6.2103100439938692E-016
          13          18   5.4123372450491882E-016
          13          19   4.9183952516274731E-003
          13          20  -4.0202216555752594E-016
          13          21  -8.9446679230089405E-017
          13          22  -9.7381127639017360E-014
          13          23   4.8628253230383879E-015
          13          24  -1.0095282479924596E-013
          13          25   9.4482931493286381E-015
          13          26  -2.5821028865747988E-015
          13          27  -1.1202960659782752E-013
          13          28  -5.2781184578928078E-014
          13          29  -2.3648773691186957E-016
          13          30  -4.8703312725060505E-014
          13          31  -3.3797595339454251E-015
          13          32  -1.3723514047953173E-016
          13          33  -4.7594984900602037E-014
          13          34  -1.3184799793689374E-014
          13          35   3.8196526958360774E-016
          13          36  -1.7208521111616641E-014
          13          37   1.5562358198256964E-015
          13          38  -2.5280799706957434E-016
          13          39  -1.4474563359407861E-014
          13          40  -1.3626620840075102E-014
          13          41  -2.3212421854826780E-016
          13          42  -1.0860330335601160E-014
          13          43  -1.9313980178265222E-016
          13          44   6.9477997077788827E-016
          13          45  -1.3785425498920558E-014
          13          46 -0.22556665638431139     
          13          47   5.9674487573166240E-016
          13          48 -0.10087647542653051     
          13          49   3.0947466811345948E-015
          13          50   1.1813466871415974E-015
          13          51  -7.3384868401903088E-016
          13          52  -1.0581813203272963E-016
          13          53 -0.10087647542653061     
          13          54   1.5057399771440856E-015
          13          55   2.1579960041187440E-015
          14           1  -9.8953570303987460E-015
          14           2  -5.1362762796141286E-014
          14           3  -4.6689271249876532E-014
          14           4   6.3449755302777556E-013
          14           5  -1.7892339776524164E-015
          14           6   2.1017284863834291E-015
          14           7   9.2842400434238137E-015
          14           8 -0.29494282649933712     
          14           9   4.7375298128943113E-015
          14          10  -2.1954660311944750E-014
          14          11  0.61455325536431160     
          14          12  -1.2836953722235701E-014
          14          13  -3.0947466811414457E-015
          14          14   6.9864236690003634E-002
          14          15  -8.9598467534281880E-016
          14          16  -8.8470897274930437E-017
          14          17  -1.3830177118253335E-002
          14          18  -2.4459601011237269E-016
          14          19  -9.7578195523745726E-017
          14          20   4.9183952516267167E-003
          14          21  -3.1398494915188965E-016
          14          22  -1.6283365833603130E-013
          14          23  -2.4880471995605997E-015
          14          24  -1.3516739634425908E-013
          14          25  -2.5452599329809688E-015
          14          26   1.3785752480416400E-014
          14          27  -1.7937190144019597E-013
          14          28  -1.2162569491774542E-013
          14          29   1.7561129975461727E-015
          14          30  -1.3075406880931371E-013
          14          31  -3.0097269816671999E-016
          14          32  -4.4565204482238844E-015
          14          33  -1.1496332393284091E-013
          14          34   2.3091095352886736E-015
          14          35   5.9190225358561687E-016
          14          36   6.5880289397321424E-015
          14          37  -6.4737153284275910E-016
          14          38   2.2859378584062756E-015
          14          39  -1.2426241823070542E-015
          14          40  -1.2705874483331295E-015
          14          41  -5.4077745106193147E-016
          14          42  -2.2189004264506810E-015
          14          43   8.6257451796303631E-016
          14          44  -9.2196042638585804E-016
          14          45  -6.7671308982475074E-016
          14          46   8.3127948968606932E-015
          14          47 -0.10087647542653191     
          14          48   3.2127078775006635E-015
          14          49 -0.22556665638431095     
          14          50   2.5968810435409338E-015
          14          51   3.6998782515338914E-016
          14          52   3.2699537522628138E-016
          14          53   3.6082248300230395E-015
          14          54 -0.10087647542653030     
          14          55   5.4192761389607048E-015
          15           1   6.8072754941751707E-015
          15           2  -3.0083042063573835E-015
          15           3  -1.0790028726131418E-014
          15           4  -2.0509122304755064E-013
          15           5   1.3601717103548678E-014
          15           6   3.1347335557759336E-015
          15           7   1.1657341758576201E-015
          15           8  -3.4616406963115803E-014
          15           9 -0.29494282649931763     
          15          10  -1.6792123247460690E-014
          15          11  -6.4115379672162239E-015
          15          12  0.61455325536434602     
          15          13  -1.8127860323961239E-015
          15          14  -8.9598467534281880E-016
