           1           1  0.37923105545893354     
           1           2  0.61365110092345310     
           1           3 -0.13101856745334178     
           1           4 -0.14226201730021448     
           1           5   2.6734168118912570E-002
           1           6   1.9223800180119110E-002
           1           7  -4.0738886964676748E-013
           1           8   6.5010582464308897E-012
           1           9  -6.1003243226316826E-012
           1          10  -6.4705954995898777E-012
           1          11   5.9916247668100446E-012
           1          12   8.2726796759889438E-013
           1          13   2.9507232815504355E-003
           1          14  -3.9935072914321586E-012
           1          15   2.9497459467867132E-012
           1          16  -4.7796920303271532E-013
           1          17   1.3525983486289868E-011
           1          18  -1.4311105417118689E-011
           1          19   1.8844516885534265E-012
           1          20   9.7809351494902622E-012
           1          21  -2.0674315199587186E-011
           1          22   1.9454060203804972E-012
           1          23   7.0736032807934910E-012
           1          24  -7.5753057465602929E-012
           1          25   6.1242849636277657E-013
           1          26   1.9355342473343856E-004
           1          27   4.5806114102128070E-005
           1          28   5.0012100543401019E-005
           1          29   1.2664865765172749E-004
           1          30   3.2671534905317908E-005
           1          31   1.1800934179418641E-004
           1          32   3.2201060069608663E-003
           1          33   4.3799302606908246E-005
           1          34   3.0828534758249489E-003
           1          35   1.2109992507862519E-004
           1          36   3.1240149405505362E-005
           1          37   3.1478715799810974E-003
           2           1  0.61365110092345310     
           2           2   1.0229830461400677     
           2           3 -0.35267989832061319     
           2           4 -0.37299840835837561     
           2           5   7.5546573331087080E-002
           2           6   5.4135921441874679E-002
           2           7  -4.0047726920045025E-012
           2           8   1.7346205225873958E-011
           2           9  -1.2974099383111316E-011
           2          10  -1.7434523079897794E-011
           2          11   1.8583877531555759E-011
           2          12   7.9216894885908978E-013
           2          13   7.7498778296582384E-003
           2          14  -8.8690343347999543E-012
           2          15   7.9259224212419307E-012
           2          16  -1.2007179675338224E-012
           2          17   3.6198481982577028E-011
           2          18  -3.9861245196779114E-011
           2          19   5.8589724021090983E-012
           2          20   2.8159972776298681E-011
           2          21  -5.6774824428753478E-011
           2          22   5.1277514879942007E-012
           2          23   1.6773740330474169E-011
           2          24  -2.0676029690795256E-011
           2          25   1.7561695823526069E-012
           2          26  -1.7893431841489732E-004
           2          27   1.1869415847442312E-004
           2          28  -5.5088279495577540E-004
           2          29   3.2817571764442500E-004
           2          30   8.4659450116405144E-005
           2          31  -3.7468634970254106E-004
           2          32   8.0086453102622482E-003
           2          33   1.2196641975075416E-004
           2          34   7.6264428628284933E-003
           2          35   3.3722283238588578E-004
           2          36   8.6993375221669543E-005
           2          37   7.8074965620430811E-003
           3           1 -0.13101856745334178     
           3           2 -0.35267989832061319     
           3           3  0.70554788069799934     
           3           4  0.72465290925320347     
           3           5 -0.18475364360143764     
           3           6 -0.13176206616976829     
           3           7   1.6201369359365226E-011
           3           8  -4.1515365010677941E-011
           3           9   2.4976973112091753E-011
           3          10   3.5405942060290436E-011
           3          11  -5.5161208746627179E-011
           3          12   1.5766520846136770E-011
           3          13  -1.6384010787395438E-002
           3          14   1.3840590048130522E-011
           3          15  -1.8699327573800589E-011
           3          16   1.5785489149708852E-012
           3          17  -8.1230715446830914E-011
           3          18   9.7306682593852616E-011
           3          19  -1.3985017368189252E-011
           3          20  -7.0754007868786202E-011
           3          21   1.3332218582783432E-010
           3          22  -1.3702292598006960E-011
           3          23  -3.0709948587394872E-011
           3          24   4.8926513299711410E-011
           3          25  -3.3658417403603691E-012
           3          26   2.1225709334339767E-003
           3          27  -2.0821294565025986E-004
           3          28   2.7750411884289727E-003
           3          29  -5.7568435251913045E-004
           3          30  -1.4850935885436854E-004
           3          31   2.4659582752395333E-003
           3          32  -1.4880913386950297E-002
           3          33  -2.8903423608026479E-004
           3          34  -1.3975175506413130E-002
           3          35  -7.9914582208006485E-004
           3          36  -2.0615562861124571E-004
           3          37  -1.4404233977185214E-002
           4           1 -0.14226201730021448     
           4           2 -0.37299840835837561     
           4           3  0.72465290925320347     
           4           4  0.77931356392047890     
           4           5 -0.34873754201660140     
           4           6 -0.24833770745397943     
           4           7   1.5866725611275282E-011
           4           8  -4.3271365064951077E-011
           4           9   1.9504023502438018E-011
           4          10   3.4720798832722547E-011
           4          11  -5.6109878008651968E-011
           4          12   7.5185440457865503E-012
           4          13  -2.6100982451568083E-002
           4          14   2.2002908460265756E-011
           4          15  -4.1114571419893167E-011
           4          16  -9.1042552096893807E-013
           4          17  -1.4314432747806615E-010
           4          18   1.7630480347019713E-010
           4          19  -1.3776663603688375E-011
           4          20  -1.2838865803428276E-010
           4          21   2.1066814152858701E-010
           4          22  -2.4661062217264314E-011
           4          23  -4.9543169699323549E-011
           4          24   9.4741014625598925E-011
           4          25   1.1169814669172580E-012
           4          26   1.3368754327893015E-003
           4          27  -1.3956783713092778E-004
           4          28   1.7742310469621005E-003
           4          29  -3.8588565515265379E-004
           4          30  -9.9547702362468384E-005
           4          31   1.5670509882262955E-003
           4          32  -1.9900366634551175E-002
           4          33  -7.5138950601311497E-004
           4          34  -1.7545758532515165E-002
           4          35  -2.0775053502273544E-003
           4          36  -5.3593371229758132E-004
           4          37  -1.8661163857048406E-002
           5           1   2.6734168118912570E-002
           5           2   7.5546573331087080E-002
           5           3 -0.18475364360143764     
           5           4 -0.34873754201660140     
           5           5  0.77517142282410512     
           5           6  0.55097590025340759     
           5           7  -3.7178130512643996E-011
           5           8   1.2454600286445942E-010
           5           9  -6.6206912488396370E-011
           5          10  -6.0260758596189953E-011
           5          11   1.8978913944076440E-010
           5          12  -1.0638188123072047E-010
           5          13   4.6675314146418581E-002
           5          14  -3.7306594327693516E-011
           5          15   9.9660871644872436E-011
           5          16   1.4069387809877498E-011
           5          17   3.2357442593776749E-010
           5          18  -3.9532286628188498E-010
           5          19   2.5613853008620718E-011
           5          20   3.5394949198138926E-010
           5          21  -4.2385820553415683E-010
           5          22   1.2526905426939965E-010
           5          23   1.3643557589731543E-010
           5          24  -2.0612525145311328E-010
           5          25   1.2547100597662728E-011
           5          26   3.1674345161322990E-003
           5          27  -3.5409118642643262E-004
           5          28   4.2770559160994846E-003
           5          29  -9.7903475640483042E-004
           5          30  -2.5255825362923453E-004
           5          31   3.7514128037920776E-003
           5          32   2.4201204861665528E-002
           5          33   1.7314377580248709E-003
           5          34   1.8775445943388942E-002
           5          35   4.7872268817749190E-003
           5          36   1.2349598863553215E-003
           5          37   2.1345691493903647E-002
           6           1   1.9223800180119110E-002
           6           2   5.4135921441874679E-002
           6           3 -0.13176206616976829     
           6           4 -0.24833770745397943     
           6           5  0.55097590025340759     
           6           6  0.39168159312846118     
           6           7  -3.5971570667710570E-011
           6           8  -9.2465775561495617E-012
           6           9   2.1288324553700543E-011
           6          10  -5.6955298733033955E-011
           6          11  -2.1722606494328843E-011
           6          12   3.4123529219236714E-011
           6          13   3.3164744635226652E-002
           6          14  -2.7627374421938063E-011
           6          15   7.3988040875423092E-011
           6          16   7.9183315217469272E-012
           6          17   2.0043211135576773E-010
           6          18  -2.7995625424514372E-010
           6          19  -7.3517579235967125E-013
           6          20   1.8050277469047781E-010
           6          21  -2.8658618505635396E-010
           6          22   3.0725765763387111E-011
           6          23   5.4506602002802447E-011
           6          24  -1.5789156675246681E-010
           6          25  -2.0340801429244843E-011
           6          26   2.2739461984823970E-003
           6          27  -2.2139591663069311E-004
           6          28   2.9677395001713649E-003
           6          29  -6.1214365022490115E-004
           6          30  -1.5791235581005749E-004
           6          31   2.6390797621075883E-003
           6          32   1.7524855991307285E-002
           6          33   1.4160036079215663E-003
           6          34   1.3087564008612631E-002
           6          35   3.9150880186898489E-003
           6          36   1.0099743248559679E-003
           6          37   1.5189561303604032E-002
           7           1  -4.0738886964676748E-013
           7           2  -4.0047726920045025E-012
           7           3   1.6201369359365226E-011
           7           4   1.5866725611275282E-011
           7           5  -3.7178130512643996E-011
           7           6  -3.5971570667710570E-011
           7           7  0.37343413411956239     
           7           8   1.4794129533514456E-003
           7           9   4.0904386898840961E-003
           7          10  0.59414854740921696     
           7          11   2.1068049419103174E-003
           7          12   5.8250996757683608E-003
           7          13   2.3018230451300476E-011
           7          14  -4.9915298040059198E-003
           7          15   1.6397336673021167E-004
           7          16   4.5338816020027453E-004
           7          17   1.7005724228753544E-002
           7          18  -3.4623291211183863E-003
           7          19  -9.5729792300660588E-003
           7          20  -3.4393921416156138E-002
           7          21  -7.1815331302953799E-003
           7          22  -1.9856130136571580E-002
           7          23  -1.0896123526586456E-002
           7          24  -4.9263334447767464E-003
           7          25  -1.3620783214804337E-002
           7          26  -3.2463047000004451E-011
           7          27   3.4722410863170982E-011
           7          28  -1.4307118764312059E-011
           7          29  -8.3906220883155488E-012
           7          30   1.7377686068902042E-013
           7          31   1.6321942377250176E-011
           7          32  -4.9376215559198431E-012
           7          33  -2.5468979842657245E-011
           7          34  -2.8418781910347114E-011
           7          35   7.9521329304966217E-012
           7          36  -1.2719291945014126E-011
           7          37  -1.0293356572516895E-011
           8           1   6.5010582464308897E-012
           8           2   1.7346205225873958E-011
           8           3  -4.1515365010677941E-011
           8           4  -4.3271365064951077E-011
           8           5   1.2454600286445942E-010
           8           6  -9.2465775561495617E-012
           8           7   1.4794129533514456E-003
           8           8  0.36808090381673669     
           8           9   1.0552020592992717E-003
           8          10   2.1068050439467302E-003
           8          11  0.58652513721555810     
           8          12   1.5026936825690983E-003
           8          13   4.9057920743900855E-011
           8          14   1.6397587148078940E-004
           8          15  -5.5848883825803507E-003
           8          16   1.1695729120388628E-004
           8          17  -3.4623289974971875E-003
           8          18   2.9534049296169276E-002
           8          19  -2.4695309511142270E-003
           8          20  -7.1815339672832764E-003
           8          21  -8.4078620616657145E-003
           8          22  -5.1222789772754559E-003
           8          23  -4.9263334565045509E-003
           8          24   6.9296325066592898E-003
           8          25  -3.5137422114348781E-003
           8          26  -3.6717101037040744E-011
           8          27  -3.4605157669508672E-011
           8          28   6.0361307472305987E-011
           8          29  -8.4502968046505580E-011
           8          30  -3.0405889873557541E-011
           8          31   1.4479043805511516E-011
           8          32  -4.8098716683082883E-012
           8          33  -4.6315016954566786E-012
           8          34   4.4750199912182454E-011
           8          35  -6.5380243747670645E-011
           8          36  -1.2558831340833994E-011
           8          37  -2.8976913037862801E-011
           9           1  -6.1003243226316826E-012
           9           2  -1.2974099383111316E-011
           9           3   2.4976973112091753E-011
           9           4   1.9504023502438018E-011
           9           5  -6.6206912488396370E-011
           9           6   2.1288324553700543E-011
           9           7   4.0904386898840961E-003
           9           8   1.0552020592992717E-003
           9           9  0.37061679775703149     
           9          10   5.8250996719177847E-003
           9          11   1.5026936921129362E-003
           9          12  0.59013644117827591     
           9          13   9.2957135791684646E-012
           9          14   4.5338802948226834E-004
           9          15   1.1695532806460714E-004
           9          16  -5.3038045883238389E-003
           9          17  -9.5729792911740559E-003
           9          18  -2.4695308044648222E-003
           9          19   2.3599226924718008E-002
           9          20  -1.9856129954174514E-002
           9          21  -5.1222784824987259E-003
           9          22  -2.0717767371329358E-002
           9          23  -1.3620783266513396E-002
           9          24  -3.5137419979229135E-003
           9          25  -1.5146449276805174E-003
           9          26   5.3364506375809149E-011
           9          27  -2.3539113833575457E-011
           9          28  -6.2310115491686130E-012
           9          29   4.0613180839822423E-011
           9          30   1.1463003800343904E-011
           9          31  -4.4117646116661615E-011
           9          32   2.4618015732021955E-011
           9          33  -3.0182604035059718E-011
           9          34  -9.5902316827334793E-012
           9          35   2.5970603289250860E-011
           9          36  -2.7044356597972062E-011
           9          37   3.3539755206527039E-011
          10           1  -6.4705954995898777E-012
          10           2  -1.7434523079897794E-011
          10           3   3.5405942060290436E-011
          10           4   3.4720798832722547E-011
          10           5  -6.0260758596189953E-011
          10           6  -5.6955298733033955E-011
          10           7  0.59414854740921696     
          10           8   2.1068050439467302E-003
          10           9   5.8250996719177847E-003
          10          10  0.94536225172038724     
          10          11   2.9708230457038774E-003
          10          12   8.2139861725463847E-003
          10          13   3.9342465418907790E-011
          10          14  -7.9950496240531743E-003
          10          15   2.5092143482619944E-004
          10          16   6.9380283983688817E-004
          10          17   2.5902431047943562E-002
          10          18  -5.8269394528279493E-003
          10          19  -1.6110880217351003E-002
          10          20  -5.7561417242996821E-002
          10          21  -1.2154148362816797E-002
          10          22  -3.3604852000568140E-002
          10          23  -1.9040580767741518E-002
          10          24  -8.2832024347949066E-003
          10          25  -2.2902164585431827E-002
          10          26  -5.1732132796961192E-011
          10          27   5.4867231657276582E-011
          10          28  -2.3150049134684857E-011
          10          29  -1.3078276082218192E-011
          10          30  -6.7763024564442389E-014
          10          31   2.6201446017592599E-011
          10          32  -6.2792327389509282E-012
          10          33  -4.2324120146721855E-011
          10          34  -4.7144748124718065E-011
          10          35   1.4573544687106667E-011
          10          36  -2.1569393688933795E-011
          10          37  -1.6129192320418639E-011
          11           1   5.9916247668100446E-012
          11           2   1.8583877531555759E-011
          11           3  -5.5161208746627179E-011
          11           4  -5.6109878008651968E-011
          11           5   1.8978913944076440E-010
          11           6  -2.1722606494328843E-011
          11           7   2.1068049419103174E-003
          11           8  0.58652513721555810     
          11           9   1.5026936921129362E-003
          11          10   2.9708230457038774E-003
          11          11  0.93461246736923265     
          11          12   2.1189601675759605E-003
          11          13   7.8574306831868617E-011
          11          14   2.5092568838460408E-004
          11          15  -8.9030441140857675E-003
          11          16   1.7897507446578556E-004
          11          17  -5.8269391429401820E-003
          11          18   4.6987021366355047E-002
          11          19  -4.1561060436315330E-003
          11          20  -1.2154149389848221E-002
          11          21  -1.3582168718763145E-002
          11          22  -8.6690314900496508E-003
          11          23  -8.2832022552580247E-003
          11          24   1.0931880552819925E-002
          11          25  -5.9080526116712228E-003
          11          26  -5.8934189263660827E-011
          11          27  -5.5784634868068964E-011
          11          28   9.7252562602023270E-011
          11          29  -1.3600134142714435E-010
          11          30  -4.8907188270386854E-011
          11          31   2.3534879407530252E-011
          11          32  -1.2914271495339068E-011
          11          33  -1.0948333538026757E-011
          11          34   7.4984535320368961E-011
          11          35  -1.1235845746008258E-010
          11          36  -2.2580827141394170E-011
          11          37  -4.6634647098245655E-011
          12           1   8.2726796759889438E-013
          12           2   7.9216894885908978E-013
          12           3   1.5766520846136770E-011
          12           4   7.5185440457865503E-012
          12           5  -1.0638188123072047E-010
          12           6   3.4123529219236714E-011
          12           7   5.8250996757683608E-003
          12           8   1.5026936825690983E-003
          12           9  0.59013644117827591     
          12          10   8.2139861725463847E-003
          12          11   2.1189601675759605E-003
          12          12  0.93970476755664745     
          12          13   1.6949996328499698E-011
          12          14   6.9380261912215619E-004
          12          15   1.7897175717121228E-004
          12          16  -8.4729118006872089E-003
          12          17  -1.6110880302902308E-002
          12          18  -4.1561058941816439E-003
          12          19   3.6998990515502865E-002
          12          20  -3.3604851669978002E-002
          12          21  -8.6690309086727198E-003
          12          22  -3.4415661898649953E-002
          12          23  -2.2902164656738038E-002
          12          24  -5.9080524117204524E-003
          12          25  -3.2664387221633959E-003
          12          26   8.4956483276641110E-011
          12          27  -3.7859542985378568E-011
          12          28  -1.0326728324517375E-011
          12          29   6.4966002379602581E-011
          12          30   1.8016749988291117E-011
          12          31  -7.0332873806256835E-011
          12          32   4.0689905124846099E-011
          12          33  -4.9422132694661275E-011
          12          34  -1.6042611305511280E-011
          12          35   4.2543212380429555E-011
          12          36  -4.4088373774643132E-011
          12          37   5.4109264390271680E-011
          13           1   2.9507232815504355E-003
          13           2   7.7498778296582384E-003
          13           3  -1.6384010787395438E-002
          13           4  -2.6100982451568083E-002
          13           5   4.6675314146418581E-002
          13           6   3.3164744635226652E-002
          13           7   2.3018230451300476E-011
          13           8   4.9057920743900855E-011
          13           9   9.2957135791684646E-012
          13          10   3.9342465418907790E-011
          13          11   7.8574306831868617E-011
          13          12   1.6949996328499698E-011
          13          13   2.8563239170863895E-003
          13          14  -6.1071936931500140E-012
          13          15   3.9441193155266991E-012
          13          16  -1.8075916933381343E-012
          13          17  -6.4481716979692337E-011
          13          18  -4.6762197306139684E-011
          13          19  -5.7678019488054050E-011
          13          20  -1.8858133077746643E-010
          13          21  -8.8383651058631186E-011
          13          22  -1.4055603687902684E-010
          13          23  -1.1811518647283229E-010
          13          24  -4.4644314118051446E-011
          13          25  -8.9285352468639552E-011
          13          26   1.6235721018505704E-004
          13          27  -2.6546910708644808E-005
          13          28   2.4554746802167820E-004
          13          29  -7.3399958267230682E-005
          13          30  -1.8934783392872022E-005
          13          31   2.0613912039441805E-004
          13          32   1.4508378116374579E-003
          13          33   5.6746223322867132E-005
          13          34   1.2730138356628912E-003
          13          35   1.5689669622103082E-004
          13          36   4.0474629991572668E-005
          13          37   1.3572511070281620E-003
          14           1  -3.9935072914321586E-012
          14           2  -8.8690343347999543E-012
          14           3   1.3840590048130522E-011
          14           4   2.2002908460265756E-011
          14           5  -3.7306594327693516E-011
          14           6  -2.7627374421938063E-011
          14           7  -4.9915298040059198E-003
          14           8   1.6397587148078940E-004
          14           9   4.5338802948226834E-004
          14          10  -7.9950496240531743E-003
          14          11   2.5092568838460408E-004
          14          12   6.9380261912215619E-004
          14          13  -6.1071936931500140E-012
          14          14   1.2823763330543084E-004
          14          15   1.0860321479438704E-005
          14          16   3.0026281230734684E-005
          14          17   1.1690961782393318E-003
          14          18   4.2171988615515092E-004
          14          19   1.1660099957793227E-003
          14          20   3.8834345388509420E-003
          14          21   9.7592185789414346E-004
          14          22   2.6983154153459241E-003
          14          23   2.2067762427176491E-003
          14          24   6.0166372342366538E-004
          14          25   1.6635338894793561E-003
          14          26   4.1629254648281581E-013
          14          27   3.3874364167474774E-014
          14          28   3.8959485019733103E-013
          14          29  -5.8460814495289490E-014
          14          30   4.0550849794064208E-013
          14          31  -5.9215747879086043E-013
          14          32  -2.8623712020748815E-012
          14          33   2.7038503549579855E-012
          14          34   1.1190043494571798E-012
          14          35  -1.9316004876327587E-012
          14          36   1.9222037156117102E-012
          14          37  -1.4882820331346569E-012
          15           1   2.9497459467867132E-012
          15           2   7.9259224212419307E-012
          15           3  -1.8699327573800589E-011
          15           4  -4.1114571419893167E-011
          15           5   9.9660871644872436E-011
          15           6   7.3988040875423092E-011
          15           7   1.6397336673021167E-004
          15           8  -5.5848883825803507E-003
          15           9   1.1695532806460714E-004
          15          10   2.5092143482619944E-004
          15          11  -8.9030441140857675E-003
          15          12   1.7897175717121228E-004
          15          13   3.9441193155266991E-012
          15          14   1.0860321479438704E-005
          15          15   8.8941904376640160E-005
          15          16   7.7461888628414884E-006
          15          17   4.2172687191836540E-004
          15          18  -3.5687956599130991E-004
          15          19   3.0079966024838806E-004
          15          20   9.7593956105016845E-004
          15          21   3.5210711964999043E-004
          15          22   6.9609570879187923E-004
          15          23   6.0167428483082739E-004
          15          24   2.9683367119682439E-005
          15          25   4.2914839615177812E-004
          15          26   1.8175370225346575E-012
          15          27   1.6195579015350921E-012
          15          28  -2.5353103275584367E-012
          15          29   3.8461676552470904E-012
          15          30   1.2408004725951404E-012
          15          31  -5.8023376682388813E-013
          15          32   1.3137822187114611E-011
          15          33   6.9999528393392053E-012
          15          34  -6.5464084156839281E-012
          15          35   1.8058649842783942E-011
          15          36   5.1578361493083053E-012
          15          37   3.4051380000156726E-012
          16           1  -4.7796920303271532E-013
          16           2  -1.2007179675338224E-012
          16           3   1.5785489149708852E-012
          16           4  -9.1042552096893807E-013
          16           5   1.4069387809877498E-011
          16           6   7.9183315217469272E-012
          16           7   4.5338816020027453E-004
          16           8   1.1695729120388628E-004
          16           9  -5.3038045883238389E-003
          16          10   6.9380283983688817E-004
          16          11   1.7897507446578556E-004
          16          12  -8.4729118006872089E-003
          16          13  -1.8075916933381343E-012
          16          14   3.0026281230734684E-005
          16          15   7.7461888628414884E-006
          16          16   1.0755658416601928E-004
          16          17   1.1660096551412990E-003
          16          18   3.0079459768423284E-004
          16          19   3.6599247504011167E-004
          16          20   2.6983145226794560E-003
          16          21   6.9608285135498976E-004
          16          22   2.0249361635923972E-003
          16          23   1.6635333746509154E-003
          16          24   4.2914073017945401E-004
          16          25   1.0609966233202500E-003
          16          26  -7.7507186175140216E-013
          16          27   6.9144302417617028E-013
          16          28   5.9783298196367491E-013
          16          29  -9.9340302092384369E-013
          16          30   6.2186979908420594E-014
          16          31   7.0159933809855906E-013
          16          32  -1.8863295844872607E-012
          16          33   1.8296732027185158E-012
          16          34   2.1195393738212399E-012
          16          35  -2.4882001599414120E-012
          16          36   1.4459281415061088E-012
          16          37  -6.3535905030815698E-013
          17           1   1.3525983486289868E-011
          17           2   3.6198481982577028E-011
          17           3  -8.1230715446830914E-011
          17           4  -1.4314432747806615E-010
          17           5   3.2357442593776749E-010
          17           6   2.0043211135576773E-010
          17           7   1.7005724228753544E-002
          17           8  -3.4623289974971875E-003
          17           9  -9.5729792911740559E-003
          17          10   2.5902431047943562E-002
          17          11  -5.8269391429401820E-003
          17          12  -1.6110880302902308E-002
          17          13  -6.4481716979692337E-011
          17          14   1.1690961782393318E-003
          17          15   4.2172687191836540E-004
          17          16   1.1660096551412990E-003
          17          17   3.4724740330012840E-002
          17          18   8.3083891523786420E-003
          17          19   2.2971767543109489E-002
          17          20   8.1258673239897591E-002
          17          21   2.1102196701016970E-002
          17          22   5.8345237917089031E-002
          17          23   4.9558549293474016E-002
          17          24   1.2609531145237060E-002
          17          25   3.4863950425296428E-002
          17          26   8.9759466048727114E-013
          17          27   1.5621987767043345E-011
          17          28   6.1823620557753604E-012
          17          29  -2.8808049405240257E-012
          17          30   9.4402167826004167E-012
          17          31  -9.7520684931778202E-013
          17          32  -1.9010641684634163E-011
          17          33   6.6938332332122616E-011
          17          34   3.7002805220588427E-011
          17          35  -1.5816113623466473E-011
          17          36   5.0149262687750347E-011
          17          37  -4.6911078244303142E-012
          18           1  -1.4311105417118689E-011
          18           2  -3.9861245196779114E-011
          18           3   9.7306682593852616E-011
          18           4   1.7630480347019713E-010
          18           5  -3.9532286628188498E-010
          18           6  -2.7995625424514372E-010
          18           7  -3.4623291211183863E-003
          18           8   2.9534049296169276E-002
          18           9  -2.4695308044648222E-003
          18          10  -5.8269394528279493E-003
          18          11   4.6987021366355047E-002
          18          12  -4.1561058941816439E-003
          18          13  -4.6762197306139684E-011
          18          14   4.2171988615515092E-004
          18          15  -3.5687956599130991E-004
          18          16   3.0079459768423284E-004
          18          17   8.3083891523786420E-003
          18          18   4.6611917214367943E-003
          18          19   5.9260165116682313E-003
          18          20   2.1102200179508954E-002
          18          21   4.9012526367696336E-003
          18          22   1.5051291880607234E-002
          18          23   1.2609531808421606E-002
          18          24   3.9314952495054720E-003
          18          25   8.9938365819833017E-003
          18          26   2.7634623440363458E-012
          18          27   9.1318940274939743E-012
          18          28  -1.5535601224160346E-011
          18          29   1.6524771062108232E-011
          18          30   6.1285246945972267E-012
          18          31  -8.8931845365107999E-012
          18          32   6.8788747368624635E-011
          18          33   6.8637800829176113E-011
          18          34  -7.2616759809335703E-011
          18          35   1.3191220452359485E-010
          18          36   4.8691445944379086E-011
          18          37  -1.3864402857716934E-011
          19           1   1.8844516885534265E-012
          19           2   5.8589724021090983E-012
          19           3  -1.3985017368189252E-011
          19           4  -1.3776663603688375E-011
          19           5   2.5613853008620718E-011
          19           6  -7.3517579235967125E-013
          19           7  -9.5729792300660588E-003
          19           8  -2.4695309511142270E-003
          19           9   2.3599226924718008E-002
          19          10  -1.6110880217351003E-002
          19          11  -4.1561060436315330E-003
          19          12   3.6998990515502865E-002
          19          13  -5.7678019488054050E-011
          19          14   1.1660099957793227E-003
          19          15   3.0079966024838806E-004
          19          16   3.6599247504011167E-004
          19          17   2.2971767543109489E-002
          19          18   5.9260165116682313E-003
          19          19   1.8902653760807631E-002
          19          20   5.8345237217442440E-002
          19          21   1.5051289211207674E-002
          19          22   4.1072678021423815E-002
          19          23   3.4863950447016200E-002
          19          24   8.9938361270154917E-003
          19          25   2.5545576599664086E-002
          19          26   4.4592289336117692E-012
          19          27   5.1432724400109491E-012
          19          28   8.4482363743041871E-012
          19          29  -3.6982185583971449E-012
          19          30   6.2456704245296737E-012
          19          31  -4.5687200666329651E-012
          19          32  -3.9470724277354802E-011
          19          33   3.3411642029046288E-011
          19          34   4.0822458239564137E-011
          19          35  -4.6463622612906038E-011
          19          36   2.4767140089066520E-011
          19          37  -6.2048420342445168E-012
          20           1   9.7809351494902622E-012
          20           2   2.8159972776298681E-011
          20           3  -7.0754007868786202E-011
          20           4  -1.2838865803428276E-010
          20           5   3.5394949198138926E-010
          20           6   1.8050277469047781E-010
          20           7  -3.4393921416156138E-002
          20           8  -7.1815339672832764E-003
          20           9  -1.9856129954174514E-002
          20          10  -5.7561417242996821E-002
          20          11  -1.2154149389848221E-002
          20          12  -3.3604851669978002E-002
          20          13  -1.8858133077746643E-010
          20          14   3.8834345388509420E-003
          20          15   9.7593956105016845E-004
          20          16   2.6983145226794560E-003
          20          17   8.1258673239897591E-002
          20          18   2.1102200179508954E-002
          20          19   5.8345237217442440E-002
          20          20  0.20530027019804281     
          20          21   5.2931046451399941E-002
          20          22  0.14634847983644975     
          20          23  0.12312806269293135     
          20          24   3.1801006626329377E-002
          20          25   8.7926250247944496E-002
          20          26   7.1283380332762643E-012
          20          27   3.0369274573231345E-011
          20          28   1.7317181767575389E-011
          20          29  -6.3603022030887081E-012
          20          30   2.2851900402382906E-011
          20          31  -7.7560132760199905E-012
          20          32  -6.5640206651101773E-011
          20          33   1.6373030277842950E-010
          20          34   9.0389197632069986E-011
          20          35  -5.3078467785052562E-011
          20          36   1.2143942502730267E-010
          20          37  -2.1887314428638491E-011
          21           1  -2.0674315199587186E-011
          21           2  -5.6774824428753478E-011
          21           3   1.3332218582783432E-010
          21           4   2.1066814152858701E-010
          21           5  -4.2385820553415683E-010
          21           6  -2.8658618505635396E-010
          21           7  -7.1815331302953799E-003
          21           8  -8.4078620616657145E-003
          21           9  -5.1222784824987259E-003
          21          10  -1.2154148362816797E-002
          21          11  -1.3582168718763145E-002
          21          12  -8.6690309086727198E-003
          21          13  -8.8383651058631186E-011
          21          14   9.7592185789414346E-004
          21          15   3.5210711964999043E-004
          21          16   6.9608285135498976E-004
          21          17   2.1102196701016970E-002
          21          18   4.9012526367696336E-003
          21          19   1.5051289211207674E-002
          21          20   5.2931046451399941E-002
          21          21   1.3771485005651254E-002
          21          22   3.7753439020623919E-002
          21          23   3.1801003009491263E-002
          21          24   8.0574585913896577E-003
          21          25   2.2682287507866515E-002
          21          26   1.3301782586433560E-011
          21          27   2.4842030424483377E-011
          21          28  -3.6551415072094149E-011
          21          29   4.4694301603375276E-011
          21          30   1.8011421762615544E-011
          21          31  -1.7983728838195294E-011
          21          32   1.3510838041474234E-010
          21          33   1.3961953425723829E-010
          21          34  -1.3092310940483080E-010
          21          35   2.5687431556487208E-010
          21          36   1.0097998662280848E-010
          21          37  -1.3851999532708922E-011
          22           1   1.9454060203804972E-012
          22           2   5.1277514879942007E-012
          22           3  -1.3702292598006960E-011
          22           4  -2.4661062217264314E-011
          22           5   1.2526905426939965E-010
          22           6   3.0725765763387111E-011
          22           7  -1.9856130136571580E-002
