           1           1  0.37026268400304041     
           1           2  0.62922069981567508     
           1           3 -0.13929564544215556     
           1           4 -0.17691286004208795     
           1           5   4.8030852156227467E-002
           1           6   2.4934479441331169E-002
           1           7  -6.7411846966056579E-014
           1           8   6.7985668672103111E-015
           1           9  -1.4835657391006253E-014
           1          10  -5.8876562822351595E-014
           1          11  -2.7173282962135420E-014
           1          12  -6.8189414657916131E-014
           1          13   2.4497041682388105E-003
           1          14   6.3005945429345278E-014
           1          15   3.6242696591168222E-015
           1          16   2.4864415713892736E-013
           1          17  -5.6775779268765562E-014
           1          18  -2.2119581310099677E-014
           1          19  -3.3132501990792696E-013
           1          20   1.1086781460891625E-014
           1          21  -1.0082749567282570E-015
           1          22   1.3964288949397839E-013
           1          23   4.8785726915869246E-014
           1          24   3.4620562519313995E-014
           1          25   3.7188856055394048E-014
           1          26   6.3104799251377454E-005
           1          27  -5.7265493326585135E-014
           1          28   6.3104799246185752E-005
           1          29   3.9669591791048588E-014
           1          30   8.5623731202149162E-015
           1          31   6.3104799214276273E-005
           1          32   5.6111988138286889E-003
           1          33  -6.0072221237259978E-014
           1          34   5.6111988137747095E-003
           1          35   7.1116519390669422E-014
           1          36  -6.9091756954364207E-015
           1          37   5.6111988137194750E-003
           2           1  0.62922069981567508     
           2           2   1.1093963736216204     
           2           3 -0.39505106588047939     
           2           4 -0.48767365885334502     
           2           5  0.14212591839807537     
           2           6   7.4544627530762936E-002
           2           7  -1.1874707620686038E-013
           2           8   2.4841033532463694E-014
           2           9   1.2807179990628407E-014
           2          10  -9.8618813798562196E-014
           2          11  -4.3306542181006342E-014
           2          12  -1.2135098242880898E-013
           2          13   7.0819632769808360E-003
           2          14   1.2237147329938995E-013
           2          15   3.6579973821670486E-015
           2          16   4.3947145759096900E-013
           2          17  -1.1178161960330183E-013
           2          18  -4.1560607071501513E-014
           2          19  -5.7285087616396038E-013
           2          20   3.4585531392207314E-014
           2          21   1.6034828408883979E-015
           2          22   2.0530130517152934E-013
           2          23   8.2194508634090987E-014
           2          24   6.1255630486620386E-014
           2          25   1.1474853631746350E-013
           2          26  -5.7282973387119034E-005
           2          27  -1.0509616503612090E-013
           2          28  -5.7282973429104438E-005
           2          29   6.8822492943347723E-014
           2          30   1.9153115753515229E-014
           2          31  -5.7282973501998602E-005
           2          32   1.5778052951700719E-002
           2          33  -1.1137707371472375E-013
           2          34   1.5778052951628246E-002
           2          35   1.3611274487656197E-013
           2          36  -1.6881323923224587E-014
           2          37   1.5778052951520398E-002
           3           1 -0.13929564544215556     
           3           2 -0.39505106588047939     
           3           3  0.68053972202939694     
           3           4  0.81875172769419302     
           3           5 -0.30826443202529502     
           3           6 -0.16575111626136035     
           3           7   9.5740229269904866E-014
           3           8  -7.1662793123549744E-014
           3           9  -1.8376326794545461E-013
           3          10   2.6479686111543251E-014
           3          11  -4.5475997208947063E-015
           3          12   3.9647301084039239E-014
           3          13  -1.4482020501045991E-002
           3          14  -8.4622176002869140E-014
           3          15   8.6679949978154270E-015
           3          16  -1.5491664816096507E-013
           3          17   8.1136442594901218E-014
           3          18   2.4160294165644769E-014
           3          19   1.5872694678050030E-013
           3          20  -7.0222870304632905E-014
           3          21  -1.1325644895109565E-014
           3          22   8.8243007243679228E-014
           3          23  -1.6150212244724383E-014
           3          24  -2.0811613610806446E-014
           3          25  -2.2428575381774041E-013
           3          26  -9.4969446063854993E-005
           3          27   5.1872823877256336E-014
           3          28  -9.4969445929238283E-005
           3          29  -2.0258104980212946E-014
           3          30  -2.1286182593525417E-014
           3          31  -9.4969445842803518E-005
           3          32  -2.9909279433506311E-002
           3          33   5.9276284744980992E-014
           3          34  -2.9909279433564893E-002
           3          35  -8.7098697808966070E-014
           3          36   2.3136073209048963E-014
           3          37  -2.9909279433487770E-002
           4           1 -0.17691286004208795     
           4           2 -0.48767365885334502     
           4           3  0.81875172769419302     
           4           4   1.0194631994648495     
           4           5 -0.53827269937918387     
           4           6 -0.29530679420735750     
           4           7  -2.6748187239343470E-014
           4           8  -1.1857599417162010E-013
           4           9   3.3267772432011116E-013
           4          10   4.8832001992055635E-015
           4          11  -1.1733421843608632E-014
           4          12   1.5383370565672988E-013
           4          13  -2.4033414514411038E-002
           4          14  -1.0346287772381464E-013
           4          15   1.0626728163356054E-014
           4          16  -1.7388720755853150E-013
           4          17   8.5817931098878155E-014
           4          18   3.0612112689139723E-014
           4          19   1.9518759897556208E-013
           4          20  -8.8223335392541365E-014
           4          21  -9.0508222586897937E-015
           4          22   1.1642222683311761E-013
           4          23  -1.9922073066208923E-014
           4          24  -1.9877632132854750E-014
           4          25  -3.0221138843003401E-013
           4          26  -2.5368757400924600E-003
           4          27   6.1893036917865851E-014
           4          28  -2.5368757399274250E-003
           4          29  -2.4494954481552266E-014
           4          30  -2.5077874317546466E-014
           4          31  -2.5368757398217989E-003
           4          32  -4.6116368931157614E-002
           4          33   7.2014154902402309E-014
           4          34  -4.6116368931234636E-002
           4          35  -1.0561621302195341E-013
           4          36   2.8381742794606157E-014
           4          37  -4.6116368931137852E-002
           5           1   4.8030852156227467E-002
           5           2  0.14212591839807537     
           5           3 -0.30826443202529502     
           5           4 -0.53827269937918387     
           5           5  0.96432892741410603     
           5           6  0.54755408328080413     
           5           7   2.0537285963359443E-013
           5           8   3.2078078616486246E-013
           5           9  -1.1133304004583153E-014
           5          10   4.2007646214504094E-014
           5          11   6.2717659764252012E-014
           5          12  -2.9219239763913519E-014
           5          13   3.9110315777457383E-002
           5          14   3.8564623797234717E-014
           5          15  -5.7834425035238688E-015
           5          16  -3.3986549386980651E-014
           5          17   5.4914795575585835E-015
           5          18  -3.3243391207281502E-015
           5          19  -1.7307567010705430E-014
           5          20   4.7491157069446992E-014
           5          21  -6.2732112307274913E-015
           5          22  -2.8043048303091615E-013
           5          23  -1.9273824021499116E-015
           5          24  -1.5460567628080403E-014
           5          25   1.9053394380442547E-013
           5          26   1.1931248956926641E-002
           5          27  -1.2661155062326843E-014
           5          28   1.1931248956846566E-002
           5          29   3.4515087149521755E-015
           5          30   6.2838421630850587E-015
           5          31   1.1931248956801909E-002
           5          32   6.3394819433426147E-002
           5          33  -2.1746289200030694E-014
           5          34   6.3394819433496563E-002
           5          35   3.4030390227679691E-014
           5          36  -1.2778445447845142E-014
           5          37   6.3394819433449073E-002
           6           1   2.4934479441331169E-002
           6           2   7.4544627530762936E-002
           6           3 -0.16575111626136035     
           6           4 -0.29530679420735750     
           6           5  0.54755408328080413     
           6           6  0.31105429798301815     
           6           7   1.6715578285362841E-013
           6           8   4.2414403922648378E-014
           6           9  -7.7913535140374972E-013
           6          10   3.4649243714938119E-014
           6          11   8.0887941208368847E-015
           6          12  -1.5920705912517944E-013
           6          13   2.2175501274920791E-002
           6          14   2.1199453942502170E-014
           6          15  -3.5833930251853029E-015
           6          16  -1.8648667984170554E-014
           6          17   2.7574767449132185E-014
           6          18  -2.7195870026649305E-014
           6          19   7.5940489824956261E-014
           6          20   6.0846182124779462E-014
           6          21  -3.5837972058567906E-014
           6          22   3.7116127469821498E-014
           6          23   1.6479191378893007E-014
           6          24  -2.6125233187938403E-014
           6          25   2.0241982409345896E-013
           6          26   6.8337144893320725E-003
           6          27  -6.3770963335412038E-015
           6          28   6.8337144892883211E-003
           6          29   1.6168362028160498E-015
           6          30   3.2561195734869212E-015
           6          31   6.8337144892641321E-003
           6          32   3.5841848261306597E-002
           6          33  -1.1462485641153258E-014
           6          34   3.5841848261346065E-002
           6          35   1.8050698634887711E-014
           6          36  -6.9494579566561159E-015
           6          37   3.5841848261320128E-002
           7           1  -6.7411846966056579E-014
           7           2  -1.1874707620686038E-013
           7           3   9.5740229269904866E-014
           7           4  -2.6748187239343470E-014
           7           5   2.0537285963359443E-013
           7           6   1.6715578285362841E-013
           7           7   2.0559673151731763     
           7           8  -1.2649603586822877E-014
           7           9  -3.7806129754569540E-014
           7          10  0.38740397280872674     
           7          11  -3.7704214750355902E-015
           7          12  -4.9071613742943110E-014
           7          13  -4.9132817174981108E-015
           7          14  -6.3210819484781008E-003
           7          15  -7.0847733062151530E-014
           7          16  -3.7587120915727468E-014
           7          17 -0.10120438236573118     
           7          18   3.2619740242267881E-014
           7          19   1.2853607067597750E-013
           7          20 -0.32452198103017127     
           7          21  -3.3265057375331253E-014
           7          22  -1.1859263571167844E-013
           7          23 -0.15663260391217726     
           7          24   4.6254666763445584E-014
           7          25   6.2605248676156355E-014
           7          26  -3.0209187197483480E-013
           7          27  -3.7278159867493781E-014
           7          28  -6.2218429258014110E-014
           7          29   6.8457627479190033E-014
           7          30  -4.1708077716263606E-014
           7          31  -6.4233890402577873E-014
           7          32   2.3346991375566185E-013
           7          33  -5.5005657088352494E-016
           7          34  -1.3577794155492269E-013
           7          35  -1.5278184245515104E-014
           7          36  -5.0536072785253285E-014
           7          37  -2.9790607598075216E-013
           8           1   6.7985668672103111E-015
           8           2   2.4841033532463694E-014
           8           3  -7.1662793123549744E-014
           8           4  -1.1857599417162010E-013
           8           5   3.2078078616486246E-013
           8           6   4.2414403922648378E-014
           8           7  -1.2649603586822877E-014
           8           8   2.0559673151731941     
           8           9  -8.1339015384207514E-015
           8          10  -1.9467500528280723E-014
           8          11  0.38740397280877403     
           8          12  -1.9195663938584295E-014
           8          13  -6.8449057931818784E-014
           8          14  -7.1517227903661329E-015
           8          15  -6.3210819485106477E-003
           8          16   1.9696897379187922E-014
           8          17   5.3783366649184927E-014
           8          18 -0.10120438236576829     
           8          19   3.2636653796158654E-014
           8          20  -2.8158031462055533E-014
           8          21 -0.32452198103018665     
           8          22  -1.7749690606194690E-014
           8          23  -1.8908485888147197E-014
           8          24 -0.15663260391212214     
           8          25  -1.8539423468633132E-014
           8          26   1.0765647656542596E-013
           8          27  -1.6851651288033284E-014
           8          28  -1.6064240016199238E-013
           8          29   2.5793958924679072E-014
           8          30   5.0782936891496771E-014
           8          31  -2.2364314237705978E-013
           8          32  -2.6723946045476339E-013
           8          33   8.3979164507387620E-014
           8          34   3.3462700543579788E-014
           8          35  -5.8229983941656237E-014
           8          36  -8.1813403544729540E-014
           8          37   1.2735406734658644E-013
           9           1  -1.4835657391006253E-014
           9           2   1.2807179990628407E-014
           9           3  -1.8376326794545461E-013
           9           4   3.3267772432011116E-013
           9           5  -1.1133304004583153E-014
           9           6  -7.7913535140374972E-013
           9           7  -3.7806129754569540E-014
           9           8  -8.1339015384207514E-015
           9           9   2.0559673151731594     
           9          10  -1.0585756988860939E-014
           9          11   1.2509497561083438E-014
           9          12  0.38740397280874361     
           9          13  -9.2964843154801540E-014
           9          14  -2.1344383237861114E-015
           9          15   4.2700082835897546E-014
           9          16  -6.3210819485402647E-003
           9          17  -1.4830801517429215E-015
           9          18  -1.4616563168146079E-014
           9          19 -0.10120438236573656     
           9          20  -6.7242218737550985E-016
           9          21  -1.1640428204673370E-014
           9          22 -0.32452198103024021     
           9          23   1.7158312531212472E-014
           9          24  -1.5915654211218211E-014
           9          25 -0.15663260391202646     
           9          26   2.2067195448730359E-013
           9          27  -1.8567418843406757E-014
           9          28   1.2344569877635904E-013
           9          29   1.9498598608188334E-014
           9          30   1.6788427178151244E-014
           9          31   1.8288915803445063E-013
           9          32   1.1535537051781419E-013
           9          33  -9.5592982690088776E-015
           9          34   1.7597188016551894E-013
           9          35   5.4872840310839675E-014
           9          36  -2.8802817595457788E-014
           9          37   2.6218162848387903E-013
          10           1  -5.8876562822351595E-014
          10           2  -9.8618813798562196E-014
          10           3   2.6479686111543251E-014
          10           4   4.8832001992055635E-015
          10           5   4.2007646214504094E-014
          10           6   3.4649243714938119E-014
          10           7  0.38740397280872674     
          10           8  -1.9467500528280723E-014
          10           9  -1.0585756988860939E-014
          10          10   7.3363825473348493E-002
          10          11  -4.0245584642661925E-015
          10          12  -1.0063386688091529E-014
          10          13  -1.6220756548595127E-015
          10          14  -9.6960442943664206E-004
          10          15  -1.2264508527683182E-014
          10          16  -7.3218167470536898E-015
          10          17  -1.0410769327794771E-002
          10          18   4.1130293615410096E-015
          10          19   2.3652602229237707E-014
          10          20  -4.6751620242191906E-002
          10          21  -8.9329585395425681E-015
          10          22  -2.3735516590378536E-014
          10          23  -2.2185951499368625E-002
          10          24   6.8803469865930111E-015
          10          25   1.1538594515622669E-014
          10          26  -5.6987162162466685E-014
          10          27  -7.2037336316543913E-015
          10          28  -1.2565083112757536E-014
          10          29   1.2800236202848054E-014
          10          30  -7.8851048997078211E-015
          10          31  -1.2863086165385242E-014
          10          32   4.1811070450605134E-014
          10          33   1.5038506993628781E-016
          10          34  -2.5762437203719642E-014
          10          35  -3.7647986411469125E-015
          10          36  -9.5528070738258701E-015
          10          37  -5.6034034595707942E-014
          11           1  -2.7173282962135420E-014
          11           2  -4.3306542181006342E-014
          11           3  -4.5475997208947063E-015
          11           4  -1.1733421843608632E-014
          11           5   6.2717659764252012E-014
          11           6   8.0887941208368847E-015
          11           7  -3.7704214750355902E-015
          11           8  0.38740397280877403     
          11           9   1.2509497561083438E-014
          11          10  -4.0245584642661925E-015
          11          11   7.3363825473365701E-002
          11          12  -1.1264589521581270E-015
          11          13  -1.1994361735743337E-014
          11          14  -1.3473786973292046E-015
          11          15  -9.6960442944412164E-004
          11          16   3.6027157277428168E-015
          11          17   1.1686832057655749E-014
          11          18  -1.0410769327803984E-002
          11          19   7.5073411029413784E-015
          11          20  -4.5345671662033737E-015
          11          21  -4.6751620242201322E-002
          11          22  -4.3308455779933475E-015
          11          23  -2.3427440543066780E-015
          11          24  -2.2185951499360777E-002
          11          25  -3.1242640852885417E-015
          11          26   2.0594558619275302E-014
          11          27  -2.9986506856472117E-015
          11          28  -3.0623200890845567E-014
          11          29   4.8836307700478380E-015
          11          30   9.4386830484760967E-015
          11          31  -4.2772020757259787E-014
          11          32  -5.0367358410386016E-014
          11          33   1.6025487368424735E-014
          11          34   6.1389641599034299E-015
          11          35  -1.0844551763538531E-014
          11          36  -1.6099572917666307E-014
          11          37   2.4589551510527962E-014
          12           1  -6.8189414657916131E-014
          12           2  -1.2135098242880898E-013
          12           3   3.9647301084039239E-014
          12           4   1.5383370565672988E-013
          12           5  -2.9219239763913519E-014
          12           6  -1.5920705912517944E-013
          12           7  -4.9071613742943110E-014
          12           8  -1.9195663938584295E-014
          12           9  0.38740397280874361     
          12          10  -1.0063386688091529E-014
          12          11  -1.1264589521581270E-015
          12          12   7.3363825473355626E-002
          12          13  -1.8225203121185993E-014
          12          14  -6.3677819392210164E-016
          12          15   8.0397402738062798E-015
          12          16  -9.6960442944819434E-004
          12          17  -1.1421663311320107E-015
          12          18  -6.6531795264029858E-015
          12          19  -1.0410769327794887E-002
          12          20   1.3251118952117835E-015
          12          21  -7.4051550481846196E-015
          12          22  -4.6751620242204431E-002
          12          23   4.1158753922437841E-015
          12          24  -5.7330171426145382E-015
          12          25  -2.2185951499339860E-002
          12          26   4.3210195704872875E-014
          12          27  -3.4806985217924598E-015
          12          28   2.3758572899137068E-014
          12          29   3.6076759055449777E-015
          12          30   3.2553274847379756E-015
          12          31   3.4032917826918288E-014
          12          32   1.7716791541919781E-014
          12          33  -1.7479860770536571E-015
          12          34   3.1180229672760449E-014
          12          35   1.0526115869706283E-014
          12          36  -5.2315871237921956E-015
          12          37   4.7008611271326636E-014
          13           1   2.4497041682388105E-003
          13           2   7.0819632769808360E-003
          13           3  -1.4482020501045991E-002
          13           4  -2.4033414514411038E-002
          13           5   3.9110315777457383E-002
          13           6   2.2175501274920791E-002
          13           7  -4.9132817174981108E-015
          13           8  -6.8449057931818784E-014
          13           9  -9.2964843154801540E-014
          13          10  -1.6220756548595127E-015
          13          11  -1.1994361735743337E-014
          13          12  -1.8225203121185993E-014
          13          13   1.5929512681526919E-003
          13          14   1.3825518699901874E-015
          13          15   5.0872891395457903E-016
          13          16  -9.7952850391423289E-017
          13          17  -1.8099383317698060E-014
          13          18   2.3924765484349275E-014
          13          19   1.8138124863328216E-014
          13          20  -2.6904080075020304E-014
          13          21   4.6114713010492925E-014
          13          22   2.8054138038351840E-014
          13          23  -1.4832181352016169E-014
          13          24   2.2708084084927670E-014
          13          25   2.7941697199726552E-014
          13          26   4.7130639345121150E-004
          13          27  -6.8707651061242630E-016
          13          28   4.7130639344759829E-004
          13          29   2.1345092645687424E-016
          13          30   3.2139980711433743E-016
          13          31   4.7130639344553831E-004
          13          32   2.6040045681134895E-003
          13          33  -1.0711769574349126E-015
          13          34   2.6040045681164524E-003
          13          35   1.6519234408088372E-015
          13          36  -5.8357987786770654E-016
          13          37   2.6040045681143061E-003
          14           1   6.3005945429345278E-014
          14           2   1.2237147329938995E-013
          14           3  -8.4622176002869140E-014
          14           4  -1.0346287772381464E-013
          14           5   3.8564623797234717E-014
          14           6   2.1199453942502170E-014
          14           7  -6.3210819484781008E-003
          14           8  -7.1517227903661329E-015
          14           9  -2.1344383237861114E-015
          14          10  -9.6960442943664206E-004
          14          11  -1.3473786973292046E-015
          14          12  -6.3677819392210164E-016
          14          13   1.3825518699901874E-015
          14          14   1.5357290029720006E-004
          14          15   8.9762453112790519E-016
          14          16  -1.8716108823957985E-016
          14          17   5.5557091054043014E-003
          14          18  -2.2724877535296173E-016
          14          19  -6.9165559510222380E-015
          14          20   9.7180505189837334E-003
          14          21   8.3917248150378043E-017
          14          22  -1.0730718207454040E-014
          14          23   4.9200383653426501E-003
          14          24  -4.2847669856627135E-016
          14          25  -5.5697566242289553E-015
          14          26   9.0975745616972480E-016
          14          27   5.9181778853451054E-018
          14          28  -2.9838510028555068E-016
          14          29  -2.7054112578494160E-016
          14          30   1.1244285527179240E-016
          14          31  -2.4265143630461032E-016
          14          32   1.7758191860003177E-015
          14          33   1.5553366083588566E-016
          14          34   4.1244347670446712E-015
          14          35  -4.8959857175178946E-016
          14          36   1.3704038915797552E-016
          14          37   4.7913921392147650E-015
          15           1   3.6242696591168222E-015
          15           2   3.6579973821670486E-015
          15           3   8.6679949978154270E-015
          15           4   1.0626728163356054E-014
          15           5  -5.7834425035238688E-015
          15           6  -3.5833930251853029E-015
          15           7  -7.0847733062151530E-014
          15           8  -6.3210819485106477E-003
          15           9   4.2700082835897546E-014
          15          10  -1.2264508527683182E-014
          15          11  -9.6960442944412164E-004
          15          12   8.0397402738062798E-015
          15          13   5.0872891395457903E-016
          15          14   8.9762453112790519E-016
          15          15   1.5357290029592907E-004
          15          16  -2.1282867470066771E-016
          15          17   3.0035652784365929E-014
          15          18   5.5557091053771521E-003
          15          19  -2.3318478224731987E-016
          15          20   5.4529731424723948E-014
          15          21   9.7180505189412222E-003
          15          22  -4.7282734368450652E-015
          15          23   2.7979571784464419E-014
          15          24   4.9200383653210493E-003
          15          25  -1.7082486141774267E-015
          15          26  -1.9718317252138868E-016
          15          27   1.5881269772735123E-016
          15          28   2.2643854192705935E-016
          15          29  -6.5187114881974780E-017
          15          30  -2.3504236109489633E-016
          15          31   2.5201133079542431E-016
          15          32   4.1633599063662348E-016
          15          33  -1.3626793440884146E-016
          15          34  -6.0184951898937372E-016
          15          35   2.5634738793678177E-016
          15          36  -1.6248621380606725E-016
          15          37  -4.3099406430640597E-016
          16           1   2.4864415713892736E-013
          16           2   4.3947145759096900E-013
          16           3  -1.5491664816096507E-013
          16           4  -1.7388720755853150E-013
          16           5  -3.3986549386980651E-014
          16           6  -1.8648667984170554E-014
          16           7  -3.7587120915727468E-014
          16           8   1.9696897379187922E-014
          16           9  -6.3210819485402647E-003
          16          10  -7.3218167470536898E-015
          16          11   3.6027157277428168E-015
          16          12  -9.6960442944819434E-004
          16          13  -9.7952850391423289E-017
          16          14  -1.8716108823957985E-016
          16          15  -2.1282867470066771E-016
          16          16   1.5357290029778688E-004
          16          17  -3.4074170351602873E-015
          16          18  -3.2052268825188968E-015
          16          19   5.5557091054112342E-003
          16          20  -2.9862722537854491E-015
          16          21  -6.9088072936207556E-015
          16          22   9.7180505190004717E-003
          16          23  -1.5378543843100681E-015
          16          24  -3.4082640681075416E-015
          16          25   4.9200383653503583E-003
          16          26  -1.0390594511367676E-015
          16          27   6.7959756976358586E-017
          16          28  -1.4253708542311771E-015
          16          29  -1.0017352709464196E-016
          16          30   4.0585279387655865E-018
          16          31  -2.1692873571890522E-015
          16          32  -2.4364581713646005E-016
          16          33   6.1670826301314735E-017
          16          34   8.0649249256564897E-016
          16          35  -5.5746853419604610E-017
          16          36   2.0710689988661551E-016
          16          37   2.8949588734788935E-016
          17           1  -5.6775779268765562E-014
          17           2  -1.1178161960330183E-013
          17           3   8.1136442594901218E-014
          17           4   8.5817931098878155E-014
          17           5   5.4914795575585835E-015
          17           6   2.7574767449132185E-014
          17           7 -0.10120438236573118     
          17           8   5.3783366649184927E-014
          17           9  -1.4830801517429215E-015
          17          10  -1.0410769327794771E-002
          17          11   1.1686832057655749E-014
          17          12  -1.1421663311320107E-015
          17          13  -1.8099383317698060E-014
          17          14   5.5557091054043014E-003
          17          15   3.0035652784365929E-014
          17          16  -3.4074170351602873E-015
          17          17  0.21003342728467628     
          17          18   1.5848433676524110E-014
          17          19   1.7578169822507483E-015
          17          20  0.35692107725834021     
          17          21   1.2788381464901022E-014
          17          22   2.9803633519454031E-015
          17          23  0.18124554509871071     
          17          24  -6.0298988024953815E-015
          17          25   6.3678446196591132E-015
          17          26   1.2484864233685100E-014
          17          27  -2.4143338664825777E-015
          17          28  -1.7723680779951285E-014
          17          29  -5.7181904103564806E-015
          17          30   1.4351913133994218E-015
          17          31  -1.5688179007754080E-014
          17          32  -6.3874912703483167E-014
          17          33   6.0427048486226687E-015
          17          34   1.7457538259288180E-015
          17          35  -2.0227627690716199E-014
          17          36   1.7689996325359009E-015
          17          37   1.6310774082671179E-014
          18           1  -2.2119581310099677E-014
          18           2  -4.1560607071501513E-014
          18           3   2.4160294165644769E-014
          18           4   3.0612112689139723E-014
          18           5  -3.3243391207281502E-015
          18           6  -2.7195870026649305E-014
          18           7   3.2619740242267881E-014
          18           8 -0.10120438236576829     
          18           9  -1.4616563168146079E-014
          18          10   4.1130293615410096E-015
          18          11  -1.0410769327803984E-002
          18          12  -6.6531795264029858E-015
          18          13   2.3924765484349275E-014
          18          14  -2.2724877535296173E-016
          18          15   5.5557091053771521E-003
          18          16  -3.2052268825188968E-015
          18          17   1.5848433676524110E-014
          18          18  0.21003342728467175     
          18          19   1.9207942528187694E-014
          18          20  -1.5619450177695171E-014
          18          21  0.35692107725834504     
          18          22  -1.4947244830754158E-014
          18          23   1.2163881013549371E-014
          18          24  0.18124554509872420     
          18          25   1.2022284209822764E-014
          18          26   6.6342929937873727E-016
          18          27   5.0136620226804672E-015
          18          28  -1.8169073763079924E-015
          18          29  -7.1795886384629718E-016
          18          30  -5.5853007350334991E-015
          18          31  -5.2906824435943924E-015
          18          32   1.4265225561146518E-014
          18          33   6.3482716832139927E-016
          18          34  -4.2001615893557165E-015
          18          35   5.8896323735690440E-015
          18          36  -1.2159610871401013E-014
          18          37   9.1451284255284736E-015
          19           1  -3.3132501990792696E-013
          19           2  -5.7285087616396038E-013
          19           3   1.5872694678050030E-013
          19           4   1.9518759897556208E-013
          19           5  -1.7307567010705430E-014
          19           6   7.5940489824956261E-014
          19           7   1.2853607067597750E-013
          19           8   3.2636653796158654E-014
          19           9 -0.10120438236573656     
          19          10   2.3652602229237707E-014
          19          11   7.5073411029413784E-015
          19          12  -1.0410769327794887E-002
          19          13   1.8138124863328216E-014
          19          14  -6.9165559510222380E-015
          19          15  -2.3318478224731987E-016
          19          16   5.5557091054112342E-003
          19          17   1.7578169822507483E-015
          19          18   1.9207942528187694E-014
          19          19  0.21003342728466567     
          19          20  -1.3836479705042759E-014
          19          21   2.7074696651308017E-014
          19          22  0.35692107725833766     
          19          23   1.7401444868392346E-016
          19          24   1.4236875567341656E-014
          19          25  0.18124554509870097     
          19          26   2.7111833533100277E-014
          19          27   1.3388516645385001E-015
          19          28   5.1062578992029387E-015
          19          29  -2.5328379638102553E-015
          19          30   1.3498165644136540E-015
          19          31  -1.9760593753363584E-014
          19          32  -3.5421169973128803E-014
          19          33   1.7318358765620646E-015
          19          34   9.9394497529633807E-015
          19          35   1.7147801853235259E-015
          19          36   6.0520724081082091E-015
          19          37  -4.1562966981788348E-015
          20           1   1.1086781460891625E-014
          20           2   3.4585531392207314E-014
          20           3  -7.0222870304632905E-014
          20           4  -8.8223335392541365E-014
          20           5   4.7491157069446992E-014
          20           6   6.0846182124779462E-014
          20           7 -0.32452198103017127     
          20           8  -2.8158031462055533E-014
          20           9  -6.7242218737550985E-016
          20          10  -4.6751620242191906E-002
          20          11  -4.5345671662033737E-015
          20          12   1.3251118952117835E-015
          20          13  -2.6904080075020304E-014
          20          14   9.7180505189837334E-003
          20          15   5.4529731424723948E-014
          20          16  -2.9862722537854491E-015
          20          17  0.35692107725834021     
          20          18  -1.5619450177695171E-014
          20          19  -1.3836479705042759E-014
          20          20  0.61812761743075928     
          20          21  -3.2848723741096819E-014
          20          22   2.4470443032997835E-015
          20          23  0.31326679970489069     
          20          24  -4.2875425432242764E-014
          20          25  -3.8814437774981059E-017
          20          26   4.3275763207003367E-014
          20          27  -1.1814056144725656E-015
          20          28  -2.5182554198317673E-014
          20          29  -1.4710365948498996E-014
          20          30   5.5560181226931296E-015
          20          31  -2.1644871898001708E-014
          20          32  -1.1733994691741078E-013
          20          33   1.0089199876243791E-014
          20          34   1.9831172323274384E-014
          20          35  -3.2472074870191056E-014
          20          36   6.7819847017883585E-015
          20          37   5.6370176498736207E-014
          21           1  -1.0082749567282570E-015
          21           2   1.6034828408883979E-015
          21           3  -1.1325644895109565E-014
          21           4  -9.0508222586897937E-015
          21           5  -6.2732112307274913E-015
          21           6  -3.5837972058567906E-014
          21           7  -3.3265057375331253E-014
          21           8 -0.32452198103018665     
          21           9  -1.1640428204673370E-014
          21          10  -8.9329585395425681E-015
          21          11  -4.6751620242201322E-002
          21          12  -7.4051550481846196E-015
          21          13   4.6114713010492925E-014
          21          14   8.3917248150378043E-017
          21          15   9.7180505189412222E-003
          21          16  -6.9088072936207556E-015
          21          17   1.2788381464901022E-014
          21          18  0.35692107725834504     
          21          19   2.7074696651308017E-014
          21          20  -3.2848723741096819E-014
          21          21  0.61812761743078082     
          21          22  -2.8347983682674993E-014
          21          23   1.6708856520608606E-014
          21          24  0.31326679970491533     
          21          25   1.8981777955007217E-014
          21          26  -7.0828005682159411E-015
          21          27   9.6170379235314740E-015
          21          28   9.1827413122229820E-015
          21          29  -3.1540157654110244E-015
          21          30  -1.3146182046650653E-014
          21          31   8.1946449954415381E-015
          21          32   4.6429281170885581E-014
          21          33  -5.3266009764105875E-015
          21          34  -7.1259922294283449E-015
          21          35   1.4218153966479608E-014
          21          36  -1.4000708796010587E-014
          21          37   7.9282756622618838E-015
          22           1   1.3964288949397839E-013
          22           2   2.0530130517152934E-013
          22           3   8.8243007243679228E-014
          22           4   1.1642222683311761E-013
          22           5  -2.8043048303091615E-013
          22           6   3.7116127469821498E-014
          22           7  -1.1859263571167844E-013
