           1           1  0.85458099099393714     
           1           2  0.60509536728899793     
           1           3  -5.1582547951647566E-016
           1           4  -1.7069185739370097E-016
           1           5   1.7796315566594531E-015
           1           6 -0.33043888481558770     
           1           7   1.1068029050129371E-015
           1           8   5.1495429443052558E-016
           1           9  -4.8194657352912973E-015
           1          10 -0.43914903413449391     
           1          11  -1.3443370322917098E-016
           1          12  -8.7531763300409989E-016
           1          13   5.8198661418705229E-015
           1          14   5.3148658309875328E-002
           1          15  -1.2328252188007520E-015
           1          16   1.0448464510648355E-015
           1          17  -3.7587413027940307E-015
           1          18   3.5063765386699669E-002
           1          19   1.1020660835501479E-015
           1          20   3.5063765386698274E-002
           1          21   6.8645975472839239E-016
           1          22   1.8382467934420944E-015
           1          23   3.5063765386696776E-002
           1          24  0.13622325129785040     
           1          25  -8.0563143087352853E-016
           1          26  0.13622325129784918     
           1          27  -1.6150899927509956E-016
           1          28  -1.0350410523049525E-015
           1          29  0.13622325129785218     
           2           1  0.60509536728899793     
           2           2  0.45651033195094781     
           2           3  -2.6643561126786079E-016
           2           4  -1.0367453939705294E-016
           2           5   1.6857334992153238E-015
           2           6 -0.37786486962276877     
           2           7   6.7717004117415153E-016
           2           8   4.9320730626543867E-016
           2           9  -2.9564004730190748E-015
           2          10 -0.47982725316490982     
           2          11   1.5859806538642490E-018
           2          12  -3.7880476756522341E-016
           2          13   3.6077600294061306E-015
           2          14   5.2163296573987362E-002
           2          15  -8.4829778968171040E-016
           2          16   9.8471586668380143E-016
           2          17  -2.5787027183144083E-015
           2          18   3.1794802028854756E-002
           2          19   7.3564488738272386E-016
           2          20   3.1794802028853771E-002
           2          21   5.2211670577900694E-016
           2          22   9.5039288468295081E-016
           2          23   3.1794802028852757E-002
           2          24  0.13813952281102540     
           2          25  -8.8376988487103513E-016
           2          26  0.13813952281102387     
           2          27  -1.3613409374368350E-016
           2          28  -4.8413824078237808E-016
           2          29  0.13813952281102654     
           3           1  -5.1582547951647566E-016
           3           2  -2.6643561126786079E-016
           3           3   6.8424098597883689E-030
           3           4   3.9798272442395595E-030
           3           5   1.0237918168204382E-029
           3           6  -1.3815738682206451E-015
           3           7   8.9558930030275914E-030
           3           8  -2.1752306514167931E-030
           3           9   5.7892024101994192E-030
           3          10  -1.8517494969945297E-015
           3          11  -6.7219589142194309E-030
           3          12   1.2092346782572281E-031
           3          13  -4.6811433935447097E-030
           3          14   4.1725826178946457E-016
           3          15   4.5460123012601079E-030
           3          16  -5.7191994085403661E-030
           3          17   3.9165598189222512E-031
           3          18   1.7521615871824223E-016
           3          19  -1.1934171758248926E-030
           3          20   1.7521615871824141E-016
           3          21  -8.9581373541443057E-031
           3          22  -2.9865474339409948E-030
           3          23   1.7521615871824284E-016
           3          24   8.0722584961055679E-016
           3          25   5.9845763321858076E-031
           3          26   8.0722584961055955E-016
           3          27  -1.8162180584143375E-030
           3          28   4.7140835852311717E-030
           3          29   8.0722584961056260E-016
           4           1  -1.7069185739370097E-016
           4           2  -1.0367453939705294E-016
           4           3   3.9798272442395595E-030
           4           4   2.5290477589069156E-030
           4           5   6.5255477933307802E-030
           4           6  -8.9263705767909941E-016
           4           7   6.1042370897867429E-030
           4           8  -1.2060808539240073E-030
           4           9   1.3953228770399275E-030
           4          10  -1.2191022496509533E-015
           4          11  -4.6268340290002191E-030
           4          12  -2.7845082478812971E-031
           4          13   6.3371215006280311E-032
           4          14   2.6635296279080069E-016
           4          15   2.2519328301739470E-030
           4          16  -3.0263096610782001E-030
           4          17  -1.5902941741420536E-030
           4          18   1.1800111275350355E-016
           4          19  -4.0594927410646154E-031
           4          20   1.1800111275350338E-016
           4          21  -5.5427188944136739E-031
           4          22  -5.6366644237978078E-031
           4          23   1.1800111275350345E-016
           4          24   5.2454399720941915E-016
           4          25   5.1475102369089463E-031
           4          26   5.2454399720942093E-016
           4          27  -1.0144530985996174E-030
           4          28   2.0871208408077800E-030
           4          29   5.2454399720942310E-016
           5           1   1.7796315566594531E-015
           5           2   1.6857334992153238E-015
           5           3   1.0237918168204382E-029
           5           4   6.5255477933307802E-030
           5           5   2.8197056430137432E-029
           5           6  -5.4812253654515860E-015
           5           7   1.7516395367470688E-029
           5           8   4.2850315518210991E-031
           5           9  -3.8618517340885899E-030
           5          10  -7.0439802829455006E-015
           5          11  -1.1477124834704407E-029
           5          12   5.9937184421372217E-031
           5          13   1.0356460853613555E-029
           5          14   1.0604547988144336E-015
           5          15   2.3820960939760477E-030
           5          16  -4.7535409448531382E-031
           5          17  -1.4614335175660684E-029
           5          18   5.1550457085294635E-016
           5          19   1.3363109057915451E-030
           5          20   5.1550457085294319E-016
           5          21   7.3250673613457620E-031
           5          22  -7.0733758775792124E-031
           5          23   5.1550457085293935E-016
           5          24   2.3908427335679137E-015
           5          25  -5.3931847041781049E-030
           5          26   2.3908427335679050E-015
           5          27  -3.1436344311634891E-030
           5          28   5.6021140270317454E-030
           5          29   2.3908427335679263E-015
           6           1 -0.33043888481558770     
           6           2 -0.37786486962276877     
           6           3  -1.3815738682206451E-015
           6           4  -8.9263705767909941E-016
           6           5  -5.4812253654515860E-015
           6           6   1.3855105418318390     
           6           7  -1.9717244676348700E-015
           6           8  -8.5455706878230648E-016
           6           9   3.2160963266103750E-016
           6          10   1.7242615793615577     
           6          11   1.2855225743181839E-015
           6          12  -9.5876559652649516E-016
           6          13  -1.5731543992534628E-015
           6          14 -0.20010344387243090     
           6          15   1.9093495536239089E-016
           6          16  -1.7589384391684807E-015
           6          17   3.0992396713917911E-015
           6          18 -0.10272346049086011     
           6          19  -2.4582765865553738E-016
           6          20 -0.10272346049086016     
           6          21  -2.4216224941800565E-016
           6          22   5.3577067757251298E-016
           6          23 -0.10272346049085912     
           6          24 -0.50447510958027741     
           6          25   2.0352021012544782E-015
           6          26 -0.50447510958027308     
           6          27   3.3187974103922961E-016
           6          28  -1.0229541526074654E-015
           6          29 -0.50447510958027852     
           7           1   1.1068029050129371E-015
           7           2   6.7717004117415153E-016
           7           3   8.9558930030275914E-030
           7           4   6.1042370897867429E-030
           7           5   1.7516395367470688E-029
           7           6  -1.9717244676348700E-015
           7           7   1.8379361293457520E-029
           7           8  -3.1464074554519189E-030
           7           9  -6.9875083934650436E-030
           7          10  -2.8378227379308387E-015
           7          11  -1.2609746229776280E-029
           7          12  -3.7828410611486538E-030
           7          13   1.2463774666768902E-029
           7          14   6.9550214413139696E-016
           7          15   3.8039386694138321E-030
           7          16  -8.0008655683668857E-030
           7          17  -1.0478218882001732E-029
           7          18   3.2179938469351840E-016
           7          19   1.1168409406146094E-030
           7          20   3.2179938469351490E-016
           7          21  -3.3993894156652943E-031
           7          22   3.3809699774472509E-030
           7          23   3.2179938469351249E-016
           7          24   1.3345040328199450E-015
           7          25   1.7636771523450098E-030
           7          26   1.3345040328199517E-015
           7          27  -2.9265540861112510E-030
           7          28   2.4784049807184786E-030
           7          29   1.3345040328199596E-015
           8           1   5.1495429443052558E-016
           8           2   4.9320730626543867E-016
           8           3  -2.1752306514167931E-030
           8           4  -1.2060808539240073E-030
           8           5   4.2850315518210991E-031
           8           6  -8.5455706878230648E-016
           8           7  -3.1464074554519189E-030
           8           8   2.2449601253402214E-030
           8           9  -2.5102085961657095E-030
           8          10  -9.7536690359359400E-016
           8          11   2.4550660218836850E-030
           8          12   1.3821718804512037E-030
           8          13   3.1219332274164539E-030
           8          14  -7.7021304179295274E-018
           8          15  -2.6039320188265958E-030
           8          16   5.3377941633612769E-030
           8          17  -3.0994932864569156E-030
           8          18   1.6868376878018518E-017
           8          19   7.3385807291093321E-031
           8          20   1.6868376878019346E-017
           8          21   6.8428988406143227E-031
           8          22   5.3488822424789416E-031
           8          23   1.6868376878017615E-017
           8          24   1.2521151743840686E-016
           8          25  -2.7693891660897024E-030
           8          26   1.2521151743839994E-016
           8          27   6.8449862652707669E-031
           8          28  -1.1796362890191621E-030
           8          29   1.2521151743840428E-016
           9           1  -4.8194657352912973E-015
           9           2  -2.9564004730190748E-015
           9           3   5.7892024101994192E-030
           9           4   1.3953228770399275E-030
           9           5  -3.8618517340885899E-030
           9           6   3.2160963266103750E-016
           9           7  -6.9875083934650436E-030
           9           8  -2.5102085961657095E-030
           9           9   3.7962367271573772E-029
           9          10   7.1354106957196117E-016
           9          11   2.3493797336482392E-030
           9          12   7.7383631707933034E-030
           9          13  -4.6654159427641012E-029
           9          14  -9.1040962319910570E-017
           9          15   9.6029733363969371E-030
           9          16  -6.6009664674561397E-030
           9          17   2.7265795887922883E-029
           9          18  -1.2110878094044584E-016
           9          19  -7.3636356619925833E-030
           9          20  -1.2110878094044108E-016
           9          21  -3.0979247261063369E-030
           9          22  -1.8238030444999854E-029
           9          23  -1.2110878094042934E-016
           9          24  -2.7070258665798473E-016
           9          25   7.0517560929521655E-031
           9          26  -2.7070258665798359E-016
           9          27  -3.1478245777455693E-031
           9          28   1.1795451275961222E-029
           9          29  -2.7070258665799415E-016
          10           1 -0.43914903413449391     
          10           2 -0.47982725316490982     
          10           3  -1.8517494969945297E-015
          10           4  -1.2191022496509533E-015
          10           5  -7.0439802829455006E-015
          10           6   1.7242615793615577     
          10           7  -2.8378227379308387E-015
          10           8  -9.7536690359359400E-016
          10           9   7.1354106957196117E-016
          10          10   2.1562506949886826     
          10          11   1.8668544194990867E-015
          10          12  -1.0472817393568194E-015
          10          13  -2.4047085698432843E-015
          10          14 -0.25840825061367595     
          10          15   1.8915712221904761E-016
          10          16  -1.9876327188740117E-015
          10          17   4.1219514742602090E-015
          10          18 -0.13225661572575531     
          10          19  -3.5021698113728524E-016
          10          20 -0.13225661572575531     
          10          21  -2.8962940055163139E-016
          10          22   4.7979663973523515E-016
          10          23 -0.13225661572575392     
          10          24 -0.64240447825575209     
          10          25   2.4181039706956196E-015
          10          26 -0.64240447825574698     
          10          27   4.6088903225981932E-016
          10          28  -1.2336850016919787E-015
          10          29 -0.64240447825575386     
          11           1  -1.3443370322917098E-016
          11           2   1.5859806538642490E-018
          11           3  -6.7219589142194309E-030
          11           4  -4.6268340290002191E-030
          11           5  -1.1477124834704407E-029
          11           6   1.2855225743181839E-015
          11           7  -1.2609746229776280E-029
          11           8   2.4550660218836850E-030
          11           9   2.3493797336482392E-030
          11          10   1.8668544194990867E-015
          11          11   9.3237679658155691E-030
          11          12   2.0091811106500081E-030
          11          13  -6.1209087924401394E-030
          11          14  -4.7083818816290033E-016
          11          15  -3.3013861952476276E-030
          11          16   5.8945379706633105E-030
          11          17   5.8623203739653930E-030
          11          18  -2.1458806239709283E-016
          11          19  -6.4842248352931282E-032
          11          20  -2.1458806239709202E-016
          11          21   8.6935598089671744E-031
          11          22  -1.7347809790385296E-030
          11          23  -2.1458806239709086E-016
          11          24  -8.9550708363014773E-016
          11          25  -1.8764834675390682E-030
          11          26  -8.9550708363015286E-016
          11          27   1.8362028853710971E-030
          11          28  -2.0909716862032788E-030
          11          29  -8.9550708363015641E-016
          12           1  -8.7531763300409989E-016
          12           2  -3.7880476756522341E-016
          12           3   1.2092346782572281E-031
          12           4  -2.7845082478812971E-031
          12           5   5.9937184421372217E-031
          12           6  -9.5876559652649516E-016
          12           7  -3.7828410611486538E-030
          12           8   1.3821718804512037E-030
          12           9   7.7383631707933034E-030
          12          10  -1.0472817393568194E-015
          12          11   2.0091811106500081E-030
          12          12   3.4557332625534524E-030
          12          13  -8.9480762363516039E-030
          12          14   1.9580304511852859E-017
          12          15   3.1131112706267444E-031
          12          16   3.1930479296156832E-030
          12          17   3.5782130029040104E-030
          12          18   8.8151738602322467E-018
          12          19  -1.3420176571359456E-030
          12          20   8.8151738602347334E-018
          12          21  -3.5598017158363132E-031
          12          22  -4.2092046662919357E-030
          12          23   8.8151738602359753E-018
          12          24   1.5912643005087303E-016
          12          25  -2.3877396587557884E-030
          12          26   1.5912643005086672E-016
          12          27   4.8714962427230591E-031
          12          28   2.1982631872910427E-030
          12          29   1.5912643005086850E-016
          13           1   5.8198661418705229E-015
          13           2   3.6077600294061306E-015
          13           3  -4.6811433935447097E-030
          13           4   6.3371215006280311E-032
          13           5   1.0356460853613555E-029
          13           6  -1.5731543992534628E-015
          13           7   1.2463774666768902E-029
          13           8   3.1219332274164539E-030
          13           9  -4.6654159427641012E-029
          13          10  -2.4047085698432843E-015
          13          11  -6.1209087924401394E-030
          13          12  -8.9480762363516039E-030
          13          13   5.9264223292478584E-029
          13          14   3.3563235269398357E-016
          13          15  -1.1149520519925709E-029
          13          16   8.2902943673229207E-030
          13          17  -3.6693357977202433E-029
          13          18   2.5949991883389727E-016
          13          19   8.9099295592041982E-030
          13          20   2.5949991883389259E-016
          13          21   3.3866994063314093E-030
          13          22   2.2550946807074519E-029
          13          23   2.5949991883387716E-016
          13          24   8.4497245333214694E-016
          13          25  -1.4486803032121667E-030
          13          26   8.4497245333214378E-016
          13          27   1.1350756481707370E-033
          13          28  -1.3533796162859176E-029
          13          29   8.4497245333216015E-016
          14           1   5.3148658309875328E-002
          14           2   5.2163296573987362E-002
          14           3   4.1725826178946457E-016
          14           4   2.6635296279080069E-016
          14           5   1.0604547988144336E-015
          14           6 -0.20010344387243090     
          14           7   6.9550214413139696E-016
          14           8  -7.7021304179295274E-018
          14           9  -9.1040962319910570E-017
          14          10 -0.25840825061367595     
          14          11  -4.7083818816290033E-016
          14          12   1.9580304511852859E-017
          14          13   3.3563235269398357E-016
          14          14   4.0329102807370565E-002
          14          15   1.2302635003975703E-016
          14          16  -6.9484816396152462E-017
          14          17  -5.1274819113539392E-016
          14          18   1.9392018469884222E-002
          14          19   3.3704693776121850E-017
          14          20   1.9392018469884125E-002
          14          21   1.1161802688750901E-017
          14          22  -3.7171170289487775E-017
          14          23   1.9392018469883993E-002
          14          24   8.9612579500878267E-002
          14          25  -1.6940706848579442E-016
          14          26   8.9612579500877990E-002
          14          27  -1.2224971330145592E-016
          14          28   2.2719038761670500E-016
          14          29   8.9612579500878753E-002
          15           1  -1.2328252188007520E-015
          15           2  -8.4829778968171040E-016
          15           3   4.5460123012601079E-030
          15           4   2.2519328301739470E-030
          15           5   2.3820960939760477E-030
          15           6   1.9093495536239089E-016
          15           7   3.8039386694138321E-030
          15           8  -2.6039320188265958E-030
          15           9   9.6029733363969371E-030
          15          10   1.8915712221904761E-016
          15          11  -3.3013861952476276E-030
          15          12   3.1131112706267444E-031
          15          13  -1.1149520519925709E-029
          15          14   1.2302635003975703E-016
          15          15   4.7412356769696439E-030
          15          16  -6.5208755928028990E-030
          15          17   6.6613878307833182E-030
          15          18   2.4397792966473387E-017
          15          19  -2.0170621320019049E-030
          15          20   2.4397792966473116E-017
          15          21  -1.1748428386054651E-030
          15          22  -4.3152134728584045E-030
          15          23   2.4397792966476659E-017
          15          24   1.2730798393501094E-016
          15          25   2.0964685622928475E-030
          15          26   1.2730798393501673E-016
          15          27  -1.1253482325852472E-030
          15          28   4.2410299652963587E-030
          15          29   1.2730798393501319E-016
          16           1   1.0448464510648355E-015
          16           2   9.8471586668380143E-016
          16           3  -5.7191994085403661E-030
          16           4  -3.0263096610782001E-030
          16           5  -4.7535409448531382E-031
          16           6  -1.7589384391684807E-015
          16           7  -8.0008655683668857E-030
          16           8   5.3377941633612769E-030
          16           9  -6.6009664674561397E-030
          16          10  -1.9876327188740117E-015
          16          11   5.8945379706633105E-030
          16          12   3.1930479296156832E-030
          16          13   8.2902943673229207E-030
          16          14  -6.9484816396152462E-017
          16          15  -6.5208755928028990E-030
          16          16   1.2995523714010626E-029
          16          17  -7.5449253094733226E-030
          16          18   1.8466943369195554E-017
          16          19   1.6995844239443721E-030
          16          20   1.8466943369198432E-017
          16          21   1.3911546502193068E-030
          16          22   2.0622245023662636E-030
          16          23   1.8466943369194056E-017
          16          24   1.8626872310086421E-016
          16          25  -6.0053869637079390E-030
          16          26   1.8626872310084836E-016
          16          27   1.9294768803825964E-030
          16          28  -3.5839977681600212E-030
          16          29   1.8626872310085721E-016
          17           1  -3.7587413027940307E-015
          17           2  -2.5787027183144083E-015
          17           3   3.9165598189222512E-031
          17           4  -1.5902941741420536E-030
          17           5  -1.4614335175660684E-029
          17           6   3.0992396713917911E-015
          17           7  -1.0478218882001732E-029
          17           8  -3.0994932864569156E-030
          17           9   2.7265795887922883E-029
          17          10   4.1219514742602090E-015
          17          11   5.8623203739653930E-030
          17          12   3.5782130029040104E-030
          17          13  -3.6693357977202433E-029
          17          14  -5.1274819113539392E-016
          17          15   6.6613878307833182E-030
          17          16  -7.5449253094733226E-030
          17          17   2.6137902267041184E-029
          17          18  -3.1374215608405715E-016
          17          19  -5.4242118607236452E-030
          17          20  -3.1374215608405493E-016
          17          21  -2.1792835584933093E-030
          17          22  -1.2275765214638837E-029
          17          23  -3.1374215608404433E-016
          17          24  -1.2905983862242703E-015
          17          25   3.8621977401429466E-030
          17          26  -1.2905983862242616E-015
          17          27   4.7023113947911060E-031
          17          28   6.2441941934137599E-030
          17          29  -1.2905983862242794E-015
          18           1   3.5063765386699669E-002
          18           2   3.1794802028854756E-002
          18           3   1.7521615871824223E-016
          18           4   1.1800111275350355E-016
          18           5   5.1550457085294635E-016
          18           6 -0.10272346049086011     
          18           7   3.2179938469351840E-016
          18           8   1.6868376878018518E-017
          18           9  -1.2110878094044584E-016
          18          10 -0.13225661572575531     
          18          11  -2.1458806239709283E-016
          18          12   8.8151738602322467E-018
          18          13   2.5949991883389727E-016
          18          14   1.9392018469884222E-002
          18          15   2.4397792966473387E-017
          18          16   1.8466943369195554E-017
          18          17  -3.1374215608405715E-016
          18          18   9.6130255441833207E-003
          18          19   3.1828418253900031E-017
          18          20   9.6130255441832808E-003
          18          21   1.2961351578725617E-017
          18          22   1.7505032765725390E-017
          18          23   9.6130255441831854E-003
          18          24   4.4293307148516058E-002
          18          25  -1.0030180556903412E-016
          18          26   4.4293307148515877E-002
          18          27  -5.1668239892604420E-017
          18          28   7.9555438538549557E-017
          18          29   4.4293307148516287E-002
          19           1   1.1020660835501479E-015
          19           2   7.3564488738272386E-016
          19           3  -1.1934171758248926E-030
          19           4  -4.0594927410646154E-031
          19           5   1.3363109057915451E-030
          19           6  -2.4582765865553738E-016
          19           7   1.1168409406146094E-030
          19           8   7.3385807291093321E-031
          19           9  -7.3636356619925833E-030
          19          10  -3.5021698113728524E-016
          19          11  -6.4842248352931282E-032
          19          12  -1.3420176571359456E-030
          19          13   8.9099295592041982E-030
          19          14   3.3704693776121850E-017
          19          15  -2.0170621320019049E-030
          19          16   1.6995844239443721E-030
          19          17  -5.4242118607236452E-030
          19          18   3.1828418253900031E-017
          19          19   1.5530967860830352E-030
          19          20   3.1828418253898638E-017
          19          21   8.2953306905877689E-031
          19          22   3.1942703954868776E-030
          19          23   3.1828418253896340E-017
          19          24   1.0179737993909371E-016
          19          25  -7.2455168990101576E-031
          19          26   1.0179737993909247E-016
          19          27  -8.5576663418694229E-033
          19          28  -2.0630820881758097E-030
          19          29   1.0179737993909564E-016
          20           1   3.5063765386698274E-002
          20           2   3.1794802028853771E-002
          20           3   1.7521615871824141E-016
          20           4   1.1800111275350338E-016
          20           5   5.1550457085294319E-016
          20           6 -0.10272346049086016     
          20           7   3.2179938469351490E-016
          20           8   1.6868376878019346E-017
          20           9  -1.2110878094044108E-016
          20          10 -0.13225661572575531     
          20          11  -2.1458806239709202E-016
          20          12   8.8151738602347334E-018
          20          13   2.5949991883389259E-016
          20          14   1.9392018469884125E-002
          20          15   2.4397792966473116E-017
          20          16   1.8466943369198432E-017
          20          17  -3.1374215608405493E-016
          20          18   9.6130255441832808E-003
          20          19   3.1828418253898638E-017
          20          20   9.6130255441832409E-003
          20          21   1.2961351578724381E-017
          20          22   1.7505032765724358E-017
          20          23   9.6130255441831472E-003
          20          24   4.4293307148515926E-002
          20          25  -1.0030180556903399E-016
          20          26   4.4293307148515738E-002
          20          27  -5.1668239892603231E-017
          20          28   7.9555438538549274E-017
          20          29   4.4293307148516148E-002
          21           1   6.8645975472839239E-016
          21           2   5.2211670577900694E-016
          21           3  -8.9581373541443057E-031
          21           4  -5.5427188944136739E-031
          21           5   7.3250673613457620E-031
          21           6  -2.4216224941800565E-016
          21           7  -3.3993894156652943E-031
          21           8   6.8428988406143227E-031
          21           9  -3.0979247261063369E-030
          21          10  -2.8962940055163139E-016
          21          11   8.6935598089671744E-031
          21          12  -3.5598017158363132E-031
          21          13   3.3866994063314093E-030
          21          14   1.1161802688750901E-017
          21          15  -1.1748428386054651E-030
          21          16   1.3911546502193068E-030
          21          17  -2.1792835584933093E-030
          21          18   1.2961351578725617E-017
          21          19   8.2953306905877689E-031
          21          20   1.2961351578724381E-017
          21          21   6.8909442180972694E-031
          21          22   8.8391168607590000E-031
          21          23   1.2961351578723450E-017
          21          24   5.6398251277874174E-017
          21          25  -1.0683783708258946E-030
          21          26   5.6398251277872326E-017
          21          27  -2.6573076151203804E-032
          21          28  -7.0186932161668941E-031
          21          29   5.6398251277874840E-017
          22           1   1.8382467934420944E-015
          22           2   9.5039288468295081E-016
          22           3  -2.9865474339409948E-030
          22           4  -5.6366644237978078E-031
          22           5  -7.0733758775792124E-031
          22           6   5.3577067757251298E-016
          22           7   3.3809699774472509E-030
          22           8   5.3488822424789416E-031
          22           9  -1.8238030444999854E-029
          22          10   4.7979663973523515E-016
          22          11  -1.7347809790385296E-030
          22          12  -4.2092046662919357E-030
          22          13   2.2550946807074519E-029
          22          14  -3.7171170289487775E-017
          22          15  -4.3152134728584045E-030
          22          16   2.0622245023662636E-030
          22          17  -1.2275765214638837E-029
          22          18   1.7505032765725390E-017
          22          19   3.1942703954868776E-030
          22          20   1.7505032765724358E-017
          22          21   8.8391168607590000E-031
          22          22   9.7434846883245075E-030
          22          23   1.7505032765718916E-017
          22          24  -8.7903667768577175E-017
          22          25   1.4063643235476780E-030
          22          26  -8.7903667768574685E-017
          22          27   4.3771813701419016E-031
          22          28  -6.4914815046559714E-030
          22          29  -8.7903667768573329E-017
          23           1   3.5063765386696776E-002
          23           2   3.1794802028852757E-002
          23           3   1.7521615871824284E-016
          23           4   1.1800111275350345E-016
          23           5   5.1550457085293935E-016
          23           6 -0.10272346049085912     
          23           7   3.2179938469351249E-016
          23           8   1.6868376878017615E-017
          23           9  -1.2110878094042934E-016
          23          10 -0.13225661572575392     
          23          11  -2.1458806239709086E-016
          23          12   8.8151738602359753E-018
          23          13   2.5949991883387716E-016
          23          14   1.9392018469883993E-002
          23          15   2.4397792966476659E-017
          23          16   1.8466943369194056E-017
          23          17  -3.1374215608404433E-016
          23          18   9.6130255441831854E-003
          23          19   3.1828418253896340E-017
          23          20   9.6130255441831472E-003
          23          21   1.2961351578723450E-017
          23          22   1.7505032765718916E-017
          23          23   9.6130255441830501E-003
          23          24   4.4293307148515544E-002
          23          25  -1.0030180556903230E-016
          23          26   4.4293307148515357E-002
          23          27  -5.1668239892603465E-017
          23          28   7.9555438538552663E-017
          23          29   4.4293307148515773E-002
          24           1  0.13622325129785040     
          24           2  0.13813952281102540     
          24           3   8.0722584961055679E-016
          24           4   5.2454399720941915E-016
          24           5   2.3908427335679137E-015
          24           6 -0.50447510958027741     
          24           7   1.3345040328199450E-015
          24           8   1.2521151743840686E-016
          24           9  -2.7070258665798473E-016
          24          10 -0.64240447825575209     
          24          11  -8.9550708363014773E-016
          24          12   1.5912643005087303E-016
          24          13   8.4497245333214694E-016
          24          14   8.9612579500878267E-002
          24          15   1.2730798393501094E-016
          24          16   1.8626872310086421E-016
          24          17  -1.2905983862242703E-015
          24          18   4.4293307148516058E-002
          24          19   1.0179737993909371E-016
          24          20   4.4293307148515926E-002
          24          21   5.6398251277874174E-017
          24          22  -8.7903667768577175E-017
          24          23   4.4293307148515544E-002
          24          24  0.20850035350033638     
          24          25  -5.5525975184302492E-016
          24          26  0.20850035350033530     
          24          27  -2.2593630020279425E-016
          24          28   4.5617001701612403E-016
          24          29  0.20850035350033730     
          25           1  -8.0563143087352853E-016
          25           2  -8.8376988487103513E-016
          25           3   5.9845763321858076E-031
          25           4   5.1475102369089463E-031
          25           5  -5.3931847041781049E-030
          25           6   2.0352021012544782E-015
          25           7   1.7636771523450098E-030
          25           8  -2.7693891660897024E-030
          25           9   7.0517560929521655E-031
          25          10   2.4181039706956196E-015
          25          11  -1.8764834675390682E-030
          25          12  -2.3877396587557884E-030
          25          13  -1.4486803032121667E-030
          25          14  -1.6940706848579442E-016
          25          15   2.0964685622928475E-030
          25          16  -6.0053869637079390E-030
          25          17   3.8621977401429466E-030
          25          18  -1.0030180556903412E-016
          25          19  -7.2455168990101576E-031
          25          20  -1.0030180556903399E-016
          25          21  -1.0683783708258946E-030
          25          22   1.4063643235476780E-030
          25          23  -1.0030180556903230E-016
          25          24  -5.5525975184302492E-016
          25          25   4.8200159712463260E-030
          25          26  -5.5525975184301427E-016
          25          27  -1.2474766632656869E-031
          25          28  -7.6503374486818665E-031
          25          29  -5.5525975184302354E-016
          26           1  0.13622325129784918     
          26           2  0.13813952281102387     
          26           3   8.0722584961055955E-016
          26           4   5.2454399720942093E-016
          26           5   2.3908427335679050E-015
          26           6 -0.50447510958027308     
          26           7   1.3345040328199517E-015
          26           8   1.2521151743839994E-016
          26           9  -2.7070258665798359E-016
          26          10 -0.64240447825574698     
          26          11  -8.9550708363015286E-016
          26          12   1.5912643005086672E-016
          26          13   8.4497245333214378E-016
          26          14   8.9612579500877990E-002
          26          15   1.2730798393501673E-016
          26          16   1.8626872310084836E-016
          26          17  -1.2905983862242616E-015
          26          18   4.4293307148515877E-002
          26          19   1.0179737993909247E-016
          26          20   4.4293307148515738E-002
          26          21   5.6398251277872326E-017
          26          22  -8.7903667768574685E-017
          26          23   4.4293307148515357E-002
          26          24  0.20850035350033530     
          26          25  -5.5525975184301427E-016
          26          26  0.20850035350033425     
          26          27  -2.2593630020279549E-016
          26          28   4.5617001701612354E-016
          26          29  0.20850035350033624     
          27           1  -1.6150899927509956E-016
          27           2  -1.3613409374368350E-016
          27           3  -1.8162180584143375E-030
          27           4  -1.0144530985996174E-030
          27           5  -3.1436344311634891E-030
          27           6   3.3187974103922961E-016
          27           7  -2.9265540861112510E-030
          27           8   6.8449862652707669E-031
          27           9  -3.1478245777455693E-031
          27          10   4.6088903225981932E-016
          27          11   1.8362028853710971E-030
          27          12   4.8714962427230591E-031
          27          13   1.1350756481707370E-033
          27          14  -1.2224971330145592E-016
          27          15  -1.1253482325852472E-030
          27          16   1.9294768803825964E-030
          27          17   4.7023113947911060E-031
          27          18  -5.1668239892604420E-017
          27          19  -8.5576663418694229E-033
          27          20  -5.1668239892603231E-017
          27          21  -2.6573076151203804E-032
          27          22   4.3771813701419016E-031
          27          23  -5.1668239892603465E-017
          27          24  -2.2593630020279425E-016
          27          25  -1.2474766632656869E-031
          27          26  -2.2593630020279549E-016
          27          27   6.7141145484718242E-031
          27          28  -1.1510393241864906E-030
          27          29  -2.2593630020279682E-016
          28           1  -1.0350410523049525E-015
