           1           1  0.72233786787504084     
           1           2  0.60117513239977194     
           1           3   2.0026973892500927E-015
           1           4   3.3052472439811912E-015
           1           5  -1.2803435360624915E-014
           1           6 -0.25744172975572921     
           1           7   7.9255529324885184E-015
           1           8  -8.7661892682297282E-015
           1           9   5.1927869963780093E-015
           1          10 -0.23966500666896678     
           1          11  -1.0519903254997059E-014
           1          12   1.1467509890583263E-014
           1          13   1.3086813742213867E-015
           1          14  -1.2431042922287812E-003
           1          15   5.4584222355109646E-015
           1          16  -7.3904287541099912E-015
           1          17   2.8600452442354877E-015
           1          18   2.9271295022557209E-002
           1          19  -2.4144317347872570E-004
           1          20   2.9480339918099709E-002
           1          21  -4.1296660194600835E-004
           1          22  -2.5321409334698306E-004
           1          23   2.9237835995265332E-002
           1          24   5.5996617037620461E-002
           1          25  -1.0812192156278233E-003
           1          26   5.6937642605448195E-002
           1          27  -1.8494787083557221E-003
           1          28  -1.1339440017036424E-003
           1          29   5.5845974496885206E-002
           2           1  0.60117513239977194     
           2           2  0.52499953655175435     
           2           3   4.1423475656737957E-015
           2           4   2.0268700257438135E-015
           2           5  -1.2216643902295701E-014
           2           6 -0.36811647524298502     
           2           7   7.5780619047459524E-015
           2           8  -7.7474835998557556E-015
           2           9   3.8459922993335675E-015
           2          10 -0.33057942538674223     
           2          11  -8.6962150394822974E-015
           2          12   9.0643700655115363E-015
           2          13   6.9703481498099962E-016
           2          14  -6.4318314818996511E-003
           2          15   4.5594532822539907E-015
           2          16  -6.3369878857137551E-015
           2          17   2.6764978392064170E-015
           2          18   3.2903561320387478E-002
           2          19  -6.2776587803497943E-004
           2          20   3.3450819712412462E-002
           2          21  -1.0738106029234893E-003
           2          22  -6.5837720538878533E-004
           2          23   3.2815956646434073E-002
           2          24   6.9503651932457486E-002
           2          25  -1.6078703440865405E-003
           2          26   7.0902196768668185E-002
           2          27  -2.7503304178935930E-003
           2          28  -1.6862759204063782E-003
           2          29   6.9279769980272507E-002
           3           1   2.0026973892500927E-015
           3           2   4.1423475656737957E-015
           3           3  0.23177620928130505     
           3           4  -9.6283901100510799E-002
           3           5 -0.16471341654297145     
           3           6  -1.2443230610899404E-015
           3           7  0.15260908791855468     
           3           8  -6.3396490838093039E-002
           3           9 -0.10845273699365404     
           3          10  -4.7255101768071414E-014
           3          11   4.9022033260840689E-002
           3          12  -2.0364612126795838E-002
           3          13  -3.4837857644302743E-002
           3          14   9.7644920602783841E-015
           3          15  -3.4644706375318436E-003
           3          16   1.4392018458884708E-003
           3          17   2.4620507729970582E-003
           3          18   2.4933667005029248E-015
           3          19   1.2121075586064501E-015
           3          20   2.5630415517281793E-015
           3          21   9.6124087493874895E-016
           3          22  -1.2573968432387815E-015
           3          23   2.3001749286533146E-015
           3          24   1.4076538557491597E-014
           3          25  -1.4147721775687637E-015
           3          26   1.5366036670710736E-014
           3          27  -2.8118466405969251E-015
           3          28   3.2289079400479515E-015
           3          29   9.2332894944976746E-015
           4           1   3.3052472439811912E-015
           4           2   2.0268700257438135E-015
           4           3  -9.6283901100510799E-002
           4           4  0.32980049900467934     
           4           5 -0.10098038244057657     
           4           6   1.6801276561236420E-015
           4           7  -6.3396490838088987E-002
           4           8  0.21715150793196042     
           4           9  -6.6488808794089499E-002
           4          10   1.3346660087005397E-014
           4          11  -2.0364612126796321E-002
           4          12   6.9754747831035524E-002
           4          13  -2.1357945589171458E-002
           4          14  -2.7986381712751120E-015
           4          15   1.4392018458848509E-003
           4          16  -4.9296869104444273E-003
           4          17   1.5094024145818814E-003
           4          18  -8.3310465888726142E-016
           4          19  -2.5740772946303322E-016
           4          20  -9.0066177142552688E-016
           4          21  -2.3528484774034404E-016
           4          22   2.8313556780786974E-016
           4          23  -7.6311031774523539E-016
           4          24  -4.0580225117112057E-015
           4          25   5.1362700929605018E-016
           4          26  -4.2164647340742889E-015
           4          27   6.4889990280274576E-016
           4          28  -6.9429144903475002E-016
           4          29  -2.7196500659669024E-015
           5           1  -1.2803435360624915E-014
           5           2  -1.2216643902295701E-014
           5           3 -0.16471341654297145     
           5           4 -0.10098038244057657     
           5           5  0.21608128058743481     
           5           6  -3.4484736040128443E-015
           5           7 -0.10845273699365562     
           5           8  -6.6488808794086113E-002
           5           9  0.14227503007739201     
           5          10   3.4395038686337671E-014
           5          11  -3.4837857644293695E-002
           5          12  -2.1357945589174109E-002
           5          13   4.5702463410072967E-002
           5          14  -7.4040411473156263E-015
           5          15   2.4620507729851853E-003
           5          16   1.5094024145827496E-003
           5          17  -3.2298709787304809E-003
           5          18  -1.4942130583187293E-015
           5          19  -1.0153586646704268E-015
           5          20  -1.5122657639259801E-015
           5          21  -7.9626510454179726E-016
           5          22   1.0228227953465602E-015
           5          23  -1.3523454346400465E-015
           5          24  -1.0136518382549089E-014
           5          25   1.0524733993643949E-015
           5          26  -1.1276717774251791E-014
           5          27   2.3081575419483863E-015
           5          28  -2.6689582456939560E-015
           5          29  -6.3003472110756146E-015
           6           1 -0.25744172975572921     
           6           2 -0.36811647524298502     
           6           3  -1.2443230610899404E-015
           6           4   1.6801276561236420E-015
           6           5  -3.4484736040128443E-015
           6           6   1.1981279505676445     
           6           7   3.9318747577959365E-015
           6           8  -3.8187997360061677E-016
           6           9  -5.0710297027220528E-015
           6          10  0.98485129158877305     
           6          11   1.3917115738091612E-015
           6          12   3.7691173432789174E-015
           6          13   1.1645380129749025E-015
           6          14  -2.2706199536725452E-004
           6          15  -6.7961557833134875E-016
           6          16   6.8905818700900975E-016
           6          17  -1.8891734080925612E-015
           6          18  -8.6631861614259037E-002
           6          19   2.1936051541701727E-003
           6          20  -8.8550446081995152E-002
           6          21   3.7523464099390555E-003
           6          22   2.3005810418216623E-003
           6          23  -8.6324715522617293E-002
           6          24 -0.21307889366728219     
           6          25   3.5868014492835827E-003
           6          26 -0.21619624237393695     
           6          27   6.1353435995623387E-003
           6          28   3.7617041258587768E-003
           6          29 -0.21257986738926385     
           7           1   7.9255529324885184E-015
           7           2   7.5780619047459524E-015
           7           3  0.15260908791855468     
           7           4  -6.3396490838088987E-002
           7           5 -0.10845273699365562     
           7           6   3.9318747577959365E-015
           7           7  0.10048284846641364     
           7           8  -4.1742337032943874E-002
           7           9  -7.1408853075100448E-002
           7          10  -2.6477939879489398E-014
           7          11   3.2277720854300723E-002
           7          12  -1.3408731172721448E-002
           7          13  -2.2938392584032671E-002
           7          14   6.7464207046534782E-015
           7          15  -2.2811215428614473E-003
           7          16   9.4761788413395701E-004
           7          17   1.6210952972323038E-003
           7          18   1.2998276640954304E-015
           7          19   8.2529416764589222E-016
           7          20   1.3218636202254796E-015
           7          21   6.7944600636004181E-016
           7          22  -7.9938216792336330E-016
           7          23   1.1764405837099769E-015
           7          24   8.4872542316750555E-015
           7          25  -9.0257780618084487E-016
           7          26   9.3111670224837664E-015
           7          27  -1.8018846846051206E-015
           7          28   2.1563859712643877E-015
           7          29   5.3023231659939024E-015
           8           1  -8.7661892682297282E-015
           8           2  -7.7474835998557556E-015
           8           3  -6.3396490838093039E-002
           8           4  0.21715150793196042     
           8           5  -6.6488808794086113E-002
           8           6  -3.8187997360061677E-016
           8           7  -4.1742337032943874E-002
           8           8  0.14297970300055618     
           8           9  -4.3778420996357696E-002
           8          10   7.2235061758104067E-015
           8          11  -1.3408731172722626E-002
           8          12   4.5928822796317520E-002
           8          13  -1.4062774631979375E-002
           8          14  -1.7623470998431609E-015
           8          15   9.4761788413163378E-004
           8          16  -3.2458681823288151E-003
           8          17   9.9384025006564024E-004
           8          18  -2.8543207368385668E-016
           8          19  -1.8462623188208386E-016
           8          20  -3.1659313352955638E-016
           8          21  -1.8081996372262012E-016
           8          22   1.7054678213254055E-016
           8          23  -2.4147827249428845E-016
           8          24  -2.1624274692380751E-015
           8          25   3.3875354539939390E-016
           8          26  -2.2672904495098978E-015
           8          27   4.2822347970064932E-016
           8          28  -4.5655215533732935E-016
           8          29  -1.2811125295583242E-015
           9           1   5.1927869963780093E-015
           9           2   3.8459922993335675E-015
           9           3 -0.10845273699365404     
           9           4  -6.6488808794089499E-002
           9           5  0.14227503007739201     
           9           6  -5.0710297027220528E-015
           9           7  -7.1408853075100448E-002
           9           8  -4.3778420996357696E-002
           9           9   9.3678564512820139E-002
           9          10   2.0298652318324405E-014
           9          11  -2.2938392584026378E-002
           9          12  -1.4062774631981837E-002
           9          13   3.0092006760613171E-002
           9          14  -5.2044856152382907E-015
           9          15   1.6210952972244624E-003
           9          16   9.9384025006626258E-004
           9          17  -2.1266534028107596E-003
           9          18  -9.8582809200981311E-016
           9          19  -6.6713473050304949E-016
           9          20  -9.9903680015489239E-016
           9          21  -5.2187203670417697E-016
           9          22   6.7494000564481173E-016
           9          23  -8.9220581570876857E-016
           9          24  -6.5535748834572804E-015
           9          25   6.6681856614156744E-016
           9          26  -7.2815248898763050E-015
           9          27   1.4750108365080316E-015
           9          28  -1.7847704846052843E-015
           9          29  -4.0313625899318144E-015
          10           1 -0.23966500666896678     
          10           2 -0.33057942538674223     
          10           3  -4.7255101768071414E-014
          10           4   1.3346660087005397E-014
          10           5   3.4395038686337671E-014
          10           6  0.98485129158877305     
          10           7  -2.6477939879489398E-014
          10           8   7.2235061758104067E-015
          10           9   2.0298652318324405E-014
          10          10  0.87924492161038159     
          10          11  -7.7699131958587527E-015
          10          12   5.9870628328105041E-015
          10          13   7.7559702490517368E-015
          10          14   4.0893819251391600E-002
          10          15   1.1083168012392962E-015
          10          16   3.1835438636090900E-016
          10          17  -1.8843872973109758E-015
          10          18  -6.4666541276208120E-002
          10          19   3.0580746274150306E-003
          10          20  -6.7341197504604655E-002
          10          21   5.2310939533442135E-003
          10          22   3.2072082071990232E-003
          10          23  -6.4238355746037146E-002
          10          24 -0.15601655691249652     
          10          25   5.0054275838823346E-003
          10          26 -0.16036686699264560     
          10          27   8.5619510816739193E-003
          10          28   5.2495065308190512E-003
          10          29 -0.15532015772276100     
          11           1  -1.0519903254997059E-014
          11           2  -8.6962150394822974E-015
          11           3   4.9022033260840689E-002
          11           4  -2.0364612126796321E-002
          11           5  -3.4837857644293695E-002
          11           6   1.3917115738091612E-015
          11           7   3.2277720854300723E-002
          11           8  -1.3408731172722626E-002
          11           9  -2.2938392584026378E-002
          11          10  -7.7699131958587527E-015
          11          11   1.0368448739750825E-002
          11          12  -4.3072353979709058E-003
          11          13  -7.3684120620966928E-003
          11          14   2.8439175715583935E-015
          11          15  -7.3275594311823452E-004
          11          16   3.0439966628577461E-004
          11          17   5.2073823822552977E-004
          11          18   6.7031924441932792E-016
          11          19   2.6952792299815461E-016
          11          20   6.7361783507507676E-016
          11          21   2.2581802391307347E-016
          11          22  -2.5214514524694946E-016
          11          23   6.3128892816138941E-016
          11          24   3.2444778134940091E-015
          11          25  -2.5446550509776249E-016
          11          26   3.4782616845225979E-015
          11          27  -5.1814585195319190E-016
          11          28   7.2988321055763350E-016
          11          29   2.2263377512152913E-015
          12           1   1.1467509890583263E-014
          12           2   9.0643700655115363E-015
          12           3  -2.0364612126795838E-002
          12           4   6.9754747831035524E-002
          12           5  -2.1357945589174109E-002
          12           6   3.7691173432789174E-015
          12           7  -1.3408731172721448E-002
          12           8   4.5928822796317520E-002
          12           9  -1.4062774631981837E-002
          12          10   5.9870628328105041E-015
          12          11  -4.3072353979709058E-003
          12          12   1.4753539972364685E-002
          12          13  -4.5173312752949842E-003
          12          14  -6.2952660905725680E-016
          12          15   3.0439966628500163E-004
          12          16  -1.0426578139262571E-003
          12          17   3.1924749999613655E-004
          12          18  -5.5094532896650826E-016
          12          19  -3.4869404836612938E-017
          12          20  -5.8243103807324460E-016
          12          21  -1.6279884600652139E-017
          12          22   8.0413376552179794E-017
          12          23  -5.3338779714291992E-016
          12          24  -1.6662448389871994E-015
          12          25   1.1573887061032008E-016
          12          26  -1.7058823890910894E-015
          12          27   1.4939670163792395E-016
          12          28  -1.3939665143915106E-016
          12          29  -1.3821906213955294E-015
          13           1   1.3086813742213867E-015
          13           2   6.9703481498099962E-016
          13           3  -3.4837857644302743E-002
          13           4  -2.1357945589171458E-002
          13           5   4.5702463410072967E-002
          13           6   1.1645380129749025E-015
          13           7  -2.2938392584032671E-002
          13           8  -1.4062774631979375E-002
          13           9   3.0092006760613171E-002
          13          10   7.7559702490517368E-015
          13          11  -7.3684120620966928E-003
          13          12  -4.5173312752949842E-003
          13          13   9.6663401663980991E-003
          13          14  -2.3284225609978736E-015
          13          15   5.2073823822315374E-004
          13          16   3.1924749999628064E-004
          13          17  -6.8313673365590988E-004
          13          18  -6.4242427226958311E-016
          13          19  -2.2880880211520931E-016
          13          20  -6.3398014345845848E-016
          13          21  -1.9245550840815942E-016
          13          22   2.0159323430497964E-016
          13          23  -6.1438142034363587E-016
          13          24  -2.9298954488777004E-015
          13          25   1.8993822075108422E-016
          13          26  -3.1426450590411037E-015
          13          27   4.3231221452690790E-016
          13          28  -5.9875940160124426E-016
          13          29  -2.1230704607261085E-015
          14           1  -1.2431042922287812E-003
          14           2  -6.4318314818996511E-003
          14           3   9.7644920602783841E-015
          14           4  -2.7986381712751120E-015
          14           5  -7.4040411473156263E-015
          14           6  -2.2706199536725452E-004
          14           7   6.7464207046534782E-015
          14           8  -1.7623470998431609E-015
          14           9  -5.2044856152382907E-015
          14          10   4.0893819251391600E-002
          14          11   2.8439175715583935E-015
          14          12  -6.2952660905725680E-016
          14          13  -2.3284225609978736E-015
          14          14   2.5852096148705192E-002
          14          15   3.3321951590790155E-016
          14          16   1.7227604318951567E-016
          14          17   1.8598642670689181E-016
          14          18   5.1688216142684274E-003
          14          19   7.7158886106446097E-004
          14          20   4.4940281279290369E-003
          14          21   1.3198665879278321E-003
          14          22   8.0921695837777783E-004
          14          23   5.2768490790287984E-003
          14          24   1.3264359646844075E-002
          14          25   1.2804544192123633E-003
          14          26   1.2151459263056238E-002
          14          27   2.1902604933154140E-003
          14          28   1.3428930713019335E-003
          14          29   1.3442513209689007E-002
          15           1   5.4584222355109646E-015
          15           2   4.5594532822539907E-015
          15           3  -3.4644706375318436E-003
          15           4   1.4392018458848509E-003
          15           5   2.4620507729851853E-003
          15           6  -6.7961557833134875E-016
          15           7  -2.2811215428614473E-003
          15           8   9.4761788413163378E-004
          15           9   1.6210952972244624E-003
          15          10   1.1083168012392962E-015
          15          11  -7.3275594311823452E-004
          15          12   3.0439966628500163E-004
          15          13   5.2073823822315374E-004
          15          14   3.3321951590790155E-016
          15          15   5.1785111317240005E-005
          15          16  -2.1512443196930083E-005
          15          17  -3.6801458776157250E-005
          15          18   4.5230884143535094E-017
          15          19   1.8663937234982787E-018
          15          20   2.6674765096419044E-017
          15          21   1.9817494451851756E-017
          15          22   3.9753905611351737E-017
          15          23   5.0922652104487157E-017
          15          24   6.5293316581369742E-017
          15          25   4.2267248800190002E-017
          15          26   2.7685076003592775E-017
          15          27   7.8156146899332021E-017
          15          28  -2.6114229118294403E-017
          15          29   1.4062247708842573E-016
          16           1  -7.3904287541099912E-015
          16           2  -6.3369878857137551E-015
          16           3   1.4392018458884708E-003
          16           4  -4.9296869104444273E-003
          16           5   1.5094024145827496E-003
          16           6   6.8905818700900975E-016
          16           7   9.4761788413395701E-004
          16           8  -3.2458681823288151E-003
          16           9   9.9384025006626258E-004
          16          10   3.1835438636090900E-016
          16          11   3.0439966628577461E-004
          16          12  -1.0426578139262571E-003
          16          13   3.1924749999628064E-004
          16          14   1.7227604318951567E-016
          16          15  -2.1512443196930083E-005
          16          16   7.3686404685101238E-005
          16          17  -2.2561764910007360E-005
          16          18   6.7968523284518120E-017
          16          19  -1.4028496122178069E-019
          16          20   7.2515445296401074E-017
          16          21  -3.3056706140583929E-018
          16          22  -8.4146064024228601E-018
          16          23   6.6355866900720390E-017
          16          24   1.2105994416773725E-016
          16          25   1.6775325110860218E-018
          16          26   1.1526717439842206E-016
          16          27   6.3029534096055581E-018
          16          28   2.0189079760734605E-017
          16          29   1.0236114106184806E-016
          17           1   2.8600452442354877E-015
          17           2   2.6764978392064170E-015
          17           3   2.4620507729970582E-003
          17           4   1.5094024145818814E-003
          17           5  -3.2298709787304809E-003
          17           6  -1.8891734080925612E-015
          17           7   1.6210952972323038E-003
          17           8   9.9384025006564024E-004
          17           9  -2.1266534028107596E-003
          17          10  -1.8843872973109758E-015
          17          11   5.2073823822552977E-004
          17          12   3.1924749999613655E-004
          17          13  -6.8313673365590988E-004
          17          14   1.8598642670689181E-016
          17          15  -3.6801458776157250E-005
          17          16  -2.2561764910007360E-005
          17          17   4.8278437219943167E-005
          17          18   1.4533896088878587E-016
          17          19   1.6964951701073308E-017
          17          20   1.4402898053820053E-016
          17          21   1.4960825555936081E-017
          17          22  -1.3413510614871972E-017
          17          23   1.4347136354873411E-016
          17          24   4.8900277371785535E-016
          17          25  -1.7996792742907293E-017
          17          26   5.0802437984573679E-016
          17          27  -3.8375571948876346E-017
          17          28   3.7518781352236652E-017
          17          29   4.3134493560817061E-016
          18           1   2.9271295022557209E-002
          18           2   3.2903561320387478E-002
          18           3   2.4933667005029248E-015
          18           4  -8.3310465888726142E-016
          18           5  -1.4942130583187293E-015
          18           6  -8.6631861614259037E-002
          18           7   1.2998276640954304E-015
          18           8  -2.8543207368385668E-016
          18           9  -9.8582809200981311E-016
          18          10  -6.4666541276208120E-002
          18          11   6.7031924441932792E-016
          18          12  -5.5094532896650826E-016
          18          13  -6.4242427226958311E-016
          18          14   5.1688216142684274E-003
          18          15   4.5230884143535094E-017
          18          16   6.7968523284518120E-017
          18          17   1.4533896088878587E-016
          18          18   7.9041588291669674E-003
          18          19  -1.4148878439673238E-005
          18          20   7.9165676343473587E-003
          18          21  -2.4203520781677590E-005
          18          22  -1.4838935894701619E-005
          18          23   7.9021721935185283E-003
          18          24   1.8740505196170321E-002
          18          25  -1.2221887686143044E-005
          18          26   1.8751106455928729E-002
          18          27  -2.0905674156415761E-005
          18          28  -1.2817838747194326E-005
          18          29   1.8738808187875763E-002
          19           1  -2.4144317347872570E-004
          19           2  -6.2776587803497943E-004
          19           3   1.2121075586064501E-015
          19           4  -2.5740772946303322E-016
          19           5  -1.0153586646704268E-015
          19           6   2.1936051541701727E-003
          19           7   8.2529416764589222E-016
          19           8  -1.8462623188208386E-016
          19           9  -6.6713473050304949E-016
          19          10   3.0580746274150306E-003
          19          11   2.6952792299815461E-016
          19          12  -3.4869404836612938E-017
          19          13  -2.2880880211520931E-016
          19          14   7.7158886106446097E-004
          19          15   1.8663937234982787E-018
          19          16  -1.4028496122178069E-019
          19          17   1.6964951701073308E-017
          19          18  -1.4148878439673238E-005
          19          19   2.7615964829204177E-005
          19          20  -3.8303445620394930E-005
          19          21   4.7239452583931011E-005
          19          22   2.8962718480357987E-005
          19          23  -1.0281971970792482E-005
          19          24  -7.3472571181819440E-006
          19          25   4.4857966332029207E-005
          19          26  -4.6333488787821617E-005
          19          27   7.6731041253853951E-005
          19          28   4.7045368181101778E-005
          19          29  -1.1063286614075488E-006
          20           1   2.9480339918099709E-002
          20           2   3.3450819712412462E-002
          20           3   2.5630415517281793E-015
          20           4  -9.0066177142552688E-016
          20           5  -1.5122657639259801E-015
          20           6  -8.8550446081995152E-002
          20           7   1.3218636202254796E-015
          20           8  -3.1659313352955638E-016
          20           9  -9.9903680015489239E-016
          20          10  -6.7341197504604655E-002
          20          11   6.7361783507507676E-016
          20          12  -5.8243103807324460E-016
          20          13  -6.3398014345845848E-016
          20          14   4.4940281279290369E-003
          20          15   2.6674765096419044E-017
          20          16   7.2515445296401074E-017
          20          17   1.4402898053820053E-016
          20          18   7.9165676343473587E-003
          20          19  -3.8303445620394930E-005
          20          20   7.9501034765593302E-003
          20          21  -6.5521959081586134E-005
          20          22  -4.0171454032761331E-005
          20          23   7.9111987697114503E-003
          20          24   1.8746994664309694E-002
          20          25  -5.1452710601604233E-005
          20          26   1.8791691574722755E-002
          20          27  -8.8011299588680749E-005
          20          28  -5.3961668006038404E-005
          20          29   1.8739839613353411E-002
          21           1  -4.1296660194600835E-004
          21           2  -1.0738106029234893E-003
          21           3   9.6124087493874895E-016
          21           4  -2.3528484774034404E-016
          21           5  -7.9626510454179726E-016
          21           6   3.7523464099390555E-003
          21           7   6.7944600636004181E-016
          21           8  -1.8081996372262012E-016
          21           9  -5.2187203670417697E-016
          21          10   5.2310939533442135E-003
          21          11   2.2581802391307347E-016
          21          12  -1.6279884600652139E-017
          21          13  -1.9245550840815942E-016
          21          14   1.3198665879278321E-003
          21          15   1.9817494451851756E-017
          21          16  -3.3056706140583929E-018
          21          17   1.4960825555936081E-017
          21          18  -2.4203520781677590E-005
          21          19   4.7239452583931011E-005
          21          20  -6.5521959081586134E-005
          21          21   8.0807094533447314E-005
          21          22   4.9543189051319192E-005
          21          23  -1.7588848899003624E-005
          21          24  -1.2569361607912763E-005
          21          25   7.6733268163834209E-005
          21          26  -7.9258540945170784E-005
          21          27   1.3125480369167997E-004
          21          28   8.0475000265905290E-005
          21          29  -1.8937364129280677E-006
          22           1  -2.5321409334698306E-004
          22           2  -6.5837720538878533E-004
          22           3  -1.2573968432387815E-015
          22           4   2.8313556780786974E-016
          22           5   1.0228227953465602E-015
          22           6   2.3005810418216623E-003
          22           7  -7.9938216792336330E-016
          22           8   1.7054678213254055E-016
          22           9   6.7494000564481173E-016
          22          10   3.2072082071990232E-003
          22          11  -2.5214514524694946E-016
          22          12   8.0413376552179794E-017
          22          13   2.0159323430497964E-016
          22          14   8.0921695837777783E-004
          22          15   3.9753905611351737E-017
          22          16  -8.4146064024228601E-018
          22          17  -1.3413510614871972E-017
          22          18  -1.4838935894701619E-005
          22          19   2.8962718480357987E-005
          22          20  -4.0171454032761331E-005
          22          21   4.9543189051319192E-005
          22          22   3.0375149554308099E-005
          22          23  -1.0783451168765828E-005
          22          24  -7.7056685023921890E-006
          22          25   4.7045556573462307E-005
          22          26  -4.8593143278867707E-005
          22          27   8.0472987016858935E-005
          22          28   4.9339631536134419E-005
          22          29  -1.1603884399539686E-006
          23           1   2.9237835995265332E-002
          23           2   3.2815956646434073E-002
          23           3   2.3001749286533146E-015
          23           4  -7.6311031774523539E-016
          23           5  -1.3523454346400465E-015
          23           6  -8.6324715522617293E-002
          23           7   1.1764405837099769E-015
          23           8  -2.4147827249428845E-016
          23           9  -8.9220581570876857E-016
          23          10  -6.4238355746037146E-002
          23          11   6.3128892816138941E-016
          23          12  -5.3338779714291992E-016
          23          13  -6.1438142034363587E-016
          23          14   5.2768490790287984E-003
          23          15   5.0922652104487157E-017
          23          16   6.6355866900720390E-017
          23          17   1.4347136354873411E-016
          23          18   7.9021721935185283E-003
          23          19  -1.0281971970792482E-005
          23          20   7.9111987697114503E-003
          23          21  -1.7588848899003624E-005
          23          22  -1.0783451168765828E-005
          23          23   7.9007270191696483E-003
          23          24   1.8739466090269309E-002
          23          25  -5.9414374371344230E-006
          23          26   1.8744608987939403E-002
          23          27  -1.0162755435357800E-005
          23          28  -6.2311359071992436E-006
          23          29   1.8738642858323551E-002
          24           1   5.5996617037620461E-002
          24           2   6.9503651932457486E-002
          24           3   1.4076538557491597E-014
          24           4  -4.0580225117112057E-015
          24           5  -1.0136518382549089E-014
          24           6 -0.21307889366728219     
          24           7   8.4872542316750555E-015
          24           8  -2.1624274692380751E-015
          24           9  -6.5535748834572804E-015
          24          10 -0.15601655691249652     
          24          11   3.2444778134940091E-015
          24          12  -1.6662448389871994E-015
          24          13  -2.9298954488777004E-015
          24          14   1.3264359646844075E-002
          24          15   6.5293316581369742E-017
          24          16   1.2105994416773725E-016
          24          17   4.8900277371785535E-016
          24          18   1.8740505196170321E-002
          24          19  -7.3472571181819440E-006
          24          20   1.8746994664309694E-002
          24          21  -1.2569361607912763E-005
          24          22  -7.7056685023921890E-006
          24          23   1.8739466090269309E-002
          24          24   4.5458633295709670E-002
          24          25   8.4296640355760832E-006
          24          26   4.5451267622733153E-002
          24          27   1.4419732489305776E-005
          24          28   8.8407617268412151E-006
          24          29   4.5459812479712848E-002
          25           1  -1.0812192156278233E-003
          25           2  -1.6078703440865405E-003
          25           3  -1.4147721775687637E-015
          25           4   5.1362700929605018E-016
          25           5   1.0524733993643949E-015
          25           6   3.5868014492835827E-003
          25           7  -9.0257780618084487E-016
          25           8   3.3875354539939390E-016
          25           9   6.6681856614156744E-016
          25          10   5.0054275838823346E-003
          25          11  -2.5446550509776249E-016
          25          12   1.1573887061032008E-016
          25          13   1.8993822075108422E-016
          25          14   1.2804544192123633E-003
          25          15   4.2267248800190002E-017
          25          16   1.6775325110860218E-018
          25          17  -1.7996792742907293E-017
          25          18  -1.2221887686143044E-005
          25          19   4.4857966332029207E-005
          25          20  -5.1452710601604233E-005
          25          21   7.6733268163834209E-005
          25          22   4.7045556573462307E-005
          25          23  -5.9414374371344230E-006
          25          24   8.4296640355760832E-006
          25          25   7.4357288051372434E-005
          25          26  -5.6197430661460484E-005
          25          27   1.2719064833273362E-004
          25          28   7.7983163790121631E-005
          25          29   1.8775196268910269E-005
          26           1   5.6937642605448195E-002
          26           2   7.0902196768668185E-002
          26           3   1.5366036670710736E-014
          26           4  -4.2164647340742889E-015
          26           5  -1.1276717774251791E-014
          26           6 -0.21619624237393695     
          26           7   9.3111670224837664E-015
          26           8  -2.2672904495098978E-015
          26           9  -7.2815248898763050E-015
          26          10 -0.16036686699264560     
          26          11   3.4782616845225979E-015
          26          12  -1.7058823890910894E-015
          26          13  -3.1426450590411037E-015
          26          14   1.2151459263056238E-002
          26          15   2.7685076003592775E-017
          26          16   1.1526717439842206E-016
          26          17   5.0802437984573679E-016
          26          18   1.8751106455928729E-002
          26          19  -4.6333488787821617E-005
          26          20   1.8791691574722755E-002
          26          21  -7.9258540945170784E-005
          26          22  -4.8593143278867707E-005
          26          23   1.8744608987939403E-002
          26          24   4.5451267622733153E-002
          26          25  -5.6197430661460484E-005
          26          26   4.5500072123331708E-002
          26          27  -9.6127092106985636E-005
          26          28  -5.8937736434692364E-005
          26          29   4.5443455061946351E-002
          27           1  -1.8494787083557221E-003
          27           2  -2.7503304178935930E-003
          27           3  -2.8118466405969251E-015
          27           4   6.4889990280274576E-016
          27           5   2.3081575419483863E-015
          27           6   6.1353435995623387E-003
          27           7  -1.8018846846051206E-015
          27           8   4.2822347970064932E-016
          27           9   1.4750108365080316E-015
          27          10   8.5619510816739193E-003
          27          11  -5.1814585195319190E-016
          27          12   1.4939670163792395E-016
          27          13   4.3231221452690790E-016
          27          14   2.1902604933154140E-003
          27          15   7.8156146899332021E-017
          27          16   6.3029534096055581E-018
          27          17  -3.8375571948876346E-017
          27          18  -2.0905674156415761E-005
          27          19   7.6731041253853951E-005
          27          20  -8.8011299588680749E-005
          27          21   1.3125480369167997E-004
          27          22   8.0472987016858935E-005
          27          23  -1.0162755435357800E-005
          27          24   1.4419732489305776E-005
          27          25   1.2719064833273362E-004
          27          26  -9.6127092106985636E-005
          27          27   2.1756389248883191E-004
          27          28   1.3339283103838364E-004
          27          29   3.2116114208535426E-005
          28           1  -1.1339440017036424E-003
