           1           1  0.33872352402045547     
           1           2  0.64671166046775552     
           1           3 -0.22946354704371999     
           1           4 -0.14787541956897995     
           1           5  0.13862305633362570     
           1           6  -3.6336825592755053E-003
           1           7  -7.5926636741909161E-003
           1           8   2.3417937835434272E-003
           1           9   1.7794348775656262E-014
           1          10   8.3192629959938617E-014
           1          11   7.3881649057394133E-014
           1          12   3.3556813928425099E-013
           1          13   8.4591111582401945E-013
           1          14   7.9607802902472719E-013
           1          15  -3.6400852726121920E-004
           1          16  -1.7017681975600417E-013
           1          17  -6.7872110585077741E-013
           1          18  -2.1820852017543466E-013
           1          19  -1.0243544047042235E-012
           1          20  -1.1259595363872192E-012
           1          21  -6.7816447381072326E-013
           1          22   3.7969320467826829E-013
           1          23  -7.9206009199323157E-013
           1          24  -1.7804587457140694E-012
           1          25   4.0752969582331922E-013
           1          26  -7.4535338377389908E-013
           1          27   5.2420218459633491E-013
           1          28  -2.7581374337878197E-014
           1          29   3.5009414554768780E-015
           1          30  -7.3803008628686671E-013
           1          31   4.9622574975693491E-015
           1          32   4.7800375743750585E-013
           1          33   7.8392641267928415E-013
           1          34  -6.7183566841652591E-003
           1          35  -4.0777365938856404E-004
           1          36  -6.5642035669759985E-003
           1          37  -3.6307540793970136E-004
           1          38  -4.5417010634415744E-004
           1          39  -6.6426787640362795E-003
           1          40   9.1421117740176742E-003
           1          41  -1.6799376684734766E-004
           1          42   9.2022560249046242E-003
           1          43  -1.5116508472555365E-004
           1          44  -1.8360447543975950E-004
           1          45   9.1714935547422931E-003
           1          46   2.5426547309908001E-003
           1          47   8.7634504006373208E-006
           1          48   2.5381441758073222E-003
           1          49   8.7302791173636986E-006
           1          50   1.2959344727565550E-005
           1          51   2.5400387706747160E-003
           2           1  0.64671166046775552     
           2           2   1.2754627195951240     
           2           3 -0.67770857448386290     
           2           4 -0.41325394006699989     
           2           5  0.41081391812231038     
           2           6  -1.3438494026395029E-002
           2           7  -2.3592247585037862E-002
           2           8   7.2623816489562282E-003
           2           9   5.4707188590315100E-014
           2          10   2.5612305595738200E-013
           2          11   2.2865992008576604E-013
           2          12   1.0386125469773768E-012
           2          13   2.6091389373047548E-012
           2          14   2.4590305507157420E-012
           2          15  -1.1302312828490604E-003
           2          16  -5.2606000385520205E-013
           2          17  -2.0979136270486157E-012
           2          18  -6.7335697681962836E-013
           2          19  -3.1678394796374181E-012
           2          20  -3.4797373334401103E-012
           2          21  -2.0941082932927015E-012
           2          22   1.1752775041908673E-012
           2          23  -2.4468096530095577E-012
           2          24  -5.5021243887713605E-012
           2          25   1.2583414732030831E-012
           2          26  -2.3032013027537053E-012
           2          27   1.6195217740851713E-012
           2          28  -8.4782803860810295E-014
           2          29   1.0168039779044262E-014
           2          30  -2.2800523191939356E-012
           2          31   1.4977918938815508E-014
           2          32   1.4778467090315197E-012
           2          33   2.4211687448489637E-012
           2          34  -1.6749440079388681E-002
           2          35  -1.2960461651408579E-003
           2          36  -1.6252843883538808E-002
           2          37  -1.1586484391476156E-003
           2          38  -1.4666109748283191E-003
           2          39  -1.6502750592307373E-002
           2          40   2.8470539579907979E-002
           2          41  -4.9249779368751550E-004
           2          42   2.8649573879880839E-002
           2          43  -4.4509038571235857E-004
           2          44  -5.4898077106162332E-004
           2          45   2.8559251815936312E-002
           2          46   7.8934648090588852E-003
           2          47   2.3578673434872530E-005
           2          48   7.8826020840195021E-003
           2          49   2.2660714495614688E-005
           2          50   2.9807741436476703E-005
           2          51   7.8876067764563750E-003
           3           1 -0.22946354704371999     
           3           2 -0.67770857448386290     
           3           3   1.7281423548257493     
           3           4  0.80901002191215066     
           3           5  -1.5736195203573131     
           3           6   7.9133458852105654E-002
           3           7   8.1815742326488167E-002
           3           8  -2.5686179083534676E-002
           3           9  -1.2529951248013447E-013
           3          10  -6.0465208211708960E-013
           3          11  -5.4164963019965118E-013
           3          12  -2.4350888693014478E-012
           3          13  -6.1711413089611887E-012
           3          14  -5.8069706384125436E-012
           3          15   4.2175206841917326E-003
           3          16   1.2415551745098574E-012
           3          17   4.9527291922484477E-012
           3          18   1.5913201643029258E-012
           3          19   7.4555078184817166E-012
           3          20   8.2209035551150941E-012
           3          21   4.9448851393708151E-012
           3          22  -2.7759551185284776E-012
           3          23   5.7739984143214191E-012
           3          24   1.2992867922707340E-011
           3          25  -2.9733168488406974E-012
           3          26   5.4341516151382388E-012
           3          27  -3.8189625196147060E-012
           3          28   2.0218212851252878E-013
           3          29  -1.7879481302213604E-014
           3          30   5.3795803544768091E-012
           3          31  -3.5461118376753823E-014
           3          32  -3.4932752786819993E-012
           3          33  -5.7160520102942131E-012
           3          34  0.10606262138202414     
           3          35   3.4626307966607274E-003
           3          36  0.10477997078726473     
           3          37   3.0740170952235223E-003
           3          38   3.7704704533777934E-003
           3          39  0.10544274424673808     
           3          40  -9.0066965182791059E-002
           3          41   1.0108207127172400E-003
           3          42  -9.0410312365437978E-002
           3          43   8.9924026878134965E-004
           3          44   1.0485934103590330E-003
           3          45  -9.0228074295781252E-002
           3          46  -2.5477980560764536E-002
           3          47   5.5875326488370677E-006
           3          48  -2.5464235955270521E-002
           3          49  -5.3670703409132856E-006
           3          50  -4.2193671013909470E-005
           3          51  -2.5465623395414971E-002
           4           1 -0.14787541956897995     
           4           2 -0.41325394006699989     
           4           3  0.80901002191215066     
           4           4  0.56142552758093689     
           4           5 -0.47204027521176506     
           4           6  -1.8253686642541202E-002
           4           7   4.8057121690998190E-002
           4           8  -1.4251816489466551E-002
           4           9  -1.4959855715181548E-013
           4          10  -6.8407052464460903E-013
           4          11  -6.1372888512686165E-013
           4          12  -2.8186233157733926E-012
           4          13  -6.9895662974139207E-012
           4          14  -6.5894670848804068E-012
           4          15   2.0918505802973498E-003
           4          16   1.4148640894983581E-012
           4          17   5.6410163360780289E-012
           4          18   1.8029972764314568E-012
           4          19   8.5717245620968181E-012
           4          20   9.3467871325333046E-012
           4          21   5.6196056211245482E-012
           4          22  -3.1762340707421799E-012
           4          23   6.5723687997100994E-012
           4          24   1.4779631257630404E-011
           4          25  -3.3667708132086202E-012
           4          26   6.1921698117213986E-012
           4          27  -4.3525977689262868E-012
           4          28   2.2124366074953847E-013
           4          29  -2.5311302685597303E-014
           4          30   6.1236971785723619E-012
           4          31  -3.9328218858976699E-014
           4          32  -3.9749890048042598E-012
           4          33  -6.4967191546215830E-012
           4          34  -2.3148235492619434E-002
           4          35   4.0607649436961522E-003
           4          36  -2.4710557004551499E-002
           4          37   3.6426768549545833E-003
           4          38   4.6219854327369829E-003
           4          39  -2.3928489795282663E-002
           4          40  -5.3937117415920173E-002
           4          41   1.0171520368387982E-003
           4          42  -5.4305859408168650E-002
           4          43   9.2090712392454337E-004
           4          44   1.1441226312720570E-003
           4          45  -5.4120978324747562E-002
           4          46  -1.7188346694805314E-002
           4          47   1.1765992318433146E-005
           4          48  -1.7189877701457752E-002
           4          49   8.6814727691377322E-006
           4          50   1.2553231152108564E-005
           4          51  -1.7188829349254219E-002
           5           1  0.13862305633362570     
           5           2  0.41081391812231038     
           5           3  -1.5736195203573131     
           5           4 -0.47204027521176506     
           5           5   3.6503977975502835     
           5           6  -9.4327371050433026E-002
           5           7 -0.21126333653539475     
           5           8   6.6206571898629246E-002
           5           9   2.8528580907153028E-013
           5          10   1.3401771734968761E-012
           5          11   1.1938674595027030E-012
           5          12   5.4372271670662715E-012
           5          13   1.3686552111313559E-011
           5          14   1.2822911531067351E-011
           5          15  -1.1059473018036980E-002
           5          16  -2.7509656470791843E-012
           5          17  -1.0980677598518645E-011
           5          18  -3.5321247871685139E-012
           5          19  -1.6596166198872313E-011
           5          20  -1.8220786710131736E-011
           5          21  -1.0962634607844549E-011
           5          22   6.1785266132798435E-012
           5          23  -1.2804688447616620E-011
           5          24  -2.8794404542579265E-011
           5          25   6.5714641527555760E-012
           5          26  -1.2048041706433559E-011
           5          27   8.4647735458082365E-012
           5          28  -4.4209078792079763E-013
           5          29   2.8173464400663264E-014
           5          30  -1.1919956368203987E-011
           5          31   8.2602839705970995E-014
           5          32   7.7555155155916052E-012
           5          33   1.2670825068762277E-011
           5          34 -0.30563389338715102     
           5          35  -9.4961959799662703E-003
           5          36 -0.30205919811639004     
           5          37  -8.4894199691777743E-003
           5          38  -1.0549811695644932E-002
           5          39 -0.30387764789028804     
           5          40  0.19142216851022484     
           5          41  -1.2539407563894622E-003
           5          42  0.19182794866242320     
           5          43  -1.1111824774607546E-003
           5          44  -1.2811580628415366E-003
           5          45  0.19160963061704089     
           5          46   6.4155658082880207E-002
           5          47  -2.4783494651139649E-004
           5          48   6.4225158927776915E-002
           5          49  -2.0856967578058468E-004
           5          50  -2.1013594283174754E-004
           5          51   6.4182411480607937E-002
           6           1  -3.6336825592755053E-003
           6           2  -1.3438494026395029E-002
           6           3   7.9133458852105654E-002
           6           4  -1.8253686642541202E-002
           6           5  -9.4327371050433026E-002
           6           6   3.1626902860353016E-002
           6           7  -6.6688667461184481E-003
           6           8   1.6730329497888171E-003
           6           9   4.8114678133865158E-014
           6          10   2.1813316321000587E-013
           6          11   1.9132633937027092E-013
           6          12   8.9974575257860788E-013
           6          13   2.2303896730003235E-012
           6          14   2.0681842854609463E-012
           6          15  -1.4179046281647301E-004
           6          16  -4.5289604534362475E-013
           6          17  -1.8063932796374227E-012
           6          18  -5.7625904016679572E-013
           6          19  -2.7667082947290346E-012
           6          20  -2.9898119823984477E-012
           6          21  -1.7841993279531536E-012
           6          22   1.0191792730974978E-012
           6          23  -2.1004566475705534E-012
           6          24  -4.7327797404632237E-012
           6          25   1.0733227186089514E-012
           6          26  -1.9824696398132642E-012
           6          27   1.3952341544292382E-012
           6          28  -6.9253009137562362E-014
           6          29   7.9961009645773217E-015
           6          30  -1.9602389275917971E-012
           6          31   1.2779214284053782E-014
           6          32   1.2727868037135797E-012
           6          33   2.0781769544357635E-012
           6          34   3.2152893835696590E-002
           6          35  -1.5132921744820795E-003
           6          36   3.2770865780412203E-002
           6          37  -1.3823931775240013E-003
           6          38  -1.8466385137854769E-003
           6          39   3.2476770198518926E-002
           6          40   7.0442326343082336E-003
           6          41  -1.6880989458185628E-004
           6          42   7.1211489622923048E-003
           6          43  -1.6443373464179408E-004
           6          44  -2.5457373791398503E-004
           6          45   7.0899587286859999E-003
           6          46   3.2387120073941907E-003
           6          47  -2.5520702299595530E-005
           6          48   3.2572283111291971E-003
           6          49  -2.8895489005574722E-005
           6          50  -6.3738967813149519E-005
           6          51   3.2517281253716568E-003
           7           1  -7.5926636741909161E-003
           7           2  -2.3592247585037862E-002
           7           3   8.1815742326488167E-002
           7           4   4.8057121690998190E-002
           7           5 -0.21126333653539475     
           7           6  -6.6688667461184481E-003
           7           7   1.7653663736208448E-002
           7           8  -5.3517419477576728E-003
           7           9  -5.1661511675908295E-014
           7          10  -2.0240089889961483E-013
           7          11  -1.3542875162202643E-013
           7          12  -8.4315165607913080E-013
           7          13  -2.0511134401944824E-012
           7          14  -1.5319673090593207E-012
           7          15   8.3757164131242011E-004
           7          16   3.8066954562925471E-013
           7          17   1.5373086668465488E-012
           7          18   4.9042675568973832E-013
           7          19   2.4177724295799245E-012
           7          20   2.5553476710794740E-012
           7          21   1.4495024042561425E-012
           7          22  -8.5987359470885188E-013
           7          23   1.7907935888831402E-012
           7          24   4.0281391058401897E-012
           7          25  -9.0131988639797457E-013
           7          26   1.6902091360844933E-012
           7          27  -1.1959092845420491E-012
           7          28   5.9428089738176089E-014
           7          29  -3.2594793635760362E-015
           7          30   1.6679915818938520E-012
           7          31  -6.5229221670325493E-015
           7          32  -1.0860671690572724E-012
           7          33  -1.7691083602969987E-012
           7          34   7.8344638789625606E-003
           7          35  -7.9647941998939602E-004
           7          36   6.4502811603363748E-003
           7          37   3.1290726414174799E-004
           7          38   4.8788133474021505E-003
           7          39   6.4488478949568037E-003
           7          40  -1.6024948093008445E-002
           7          41  -9.0490542726989656E-004
           7          42  -1.6522411450956537E-002
           7          43  -2.7942339084275188E-004
           7          44   1.9635641117620489E-003
           7          45  -1.6613585328181874E-002
           7          46  -5.6927594695163498E-003
           7          47  -5.5508976002532104E-004
           7          48  -5.9275873832281278E-003
           7          49  -2.1217726701443042E-004
           7          50   9.8169449969422997E-004
           7          51  -5.9860300142381660E-003
           8           1   2.3417937835434272E-003
           8           2   7.2623816489562282E-003
           8           3  -2.5686179083534676E-002
           8           4  -1.4251816489466551E-002
           8           5   6.6206571898629246E-002
           8           6   1.6730329497888171E-003
           8           7  -5.3517419477576728E-003
           8           8   1.6268113455404232E-003
           8           9   1.0579264721162215E-014
           8          10   5.8395161227323197E-014
           8          11   3.9493716863080679E-014
           8          12   2.0967160799812225E-013
           8          13   5.9125966975504288E-013
           8          14   4.4675213430359040E-013
           8          15  -2.5615648620465581E-004
           8          16  -1.1140278499542598E-013
           8          17  -4.5025783680566791E-013
           8          18  -1.4357420019246695E-013
           8          19  -7.2211169049376798E-013
           8          20  -7.4653926937833501E-013
           8          21  -4.3006284901007884E-013
           8          22   2.4733735471695071E-013
           8          23  -5.2046349835577415E-013
           8          24  -1.1828622806434930E-012
           8          25   2.6396201581382025E-013
           8          26  -4.9393975796381985E-013
           8          27   3.4894418586388079E-013
           8          28  -1.7547176606000987E-014
           8          29   8.9877118794019286E-016
           8          30  -4.8838327806326181E-013
           8          31   1.8720484885338211E-015
           8          32   3.1817350372720879E-013
           8          33   5.1801703392050500E-013
           8          34  -2.8351121610264208E-003
           8          35   2.8575761097433317E-004
           8          36  -2.4074250770595861E-003
           8          37  -7.0319907958866717E-005
           8          38  -1.5145043237428672E-003
           8          39  -2.4007259848121795E-003
           8          40   4.8351993814331603E-003
           8          41   2.9230011817065236E-004
           8          42   4.9917847751538812E-003
           8          43   9.2966675552367658E-005
           8          44  -6.1929759873528682E-004
           8          45   5.0215835521034580E-003
           8          46   1.7099127775438024E-003
           8          47   1.7722158518312733E-004
           8          48   1.7843384026825549E-003
           8          49   6.8098254601878301E-005
           8          50  -3.1138061457719918E-004
           8          51   1.8030488258264075E-003
           9           1   1.7794348775656262E-014
           9           2   5.4707188590315100E-014
           9           3  -1.2529951248013447E-013
           9           4  -1.4959855715181548E-013
           9           5   2.8528580907153028E-013
           9           6   4.8114678133865158E-014
           9           7  -5.1661511675908295E-014
           9           8   1.0579264721162215E-014
           9           9   3.3132987008262345E-002
           9          10   4.9986733415043885E-006
           9          11   4.5203821183687843E-006
           9          12  0.27052050001765865     
           9          13  -1.6482267440924613E-005
           9          14  -1.5101048355101176E-005
           9          15   8.4596001496238370E-016
           9          16   9.4870785061217826E-004
           9          17   3.1810795187349759E-006
           9          18   2.8671096740386071E-006
           9          19  -9.9438392726528602E-002
           9          20   9.1174264443189858E-005
           9          21   8.2824068079069731E-005
           9          22  -1.0838180370019814E-002
           9          23   1.7241774276283641E-004
           9          24   1.5715819351415144E-004
           9          25  -1.9258642806834828E-002
           9          26  -1.7215066947895002E-004
           9          27  -1.5653298884886696E-004
           9          28   3.4440933027125829E-003
           9          29   4.9875386902232758E-006
           9          30   4.3926112578413754E-006
           9          31  -2.2750133454115589E-003
           9          32  -8.0038559208806575E-006
           9          33  -7.2197640600753135E-006
           9          34   2.6966598402859379E-014
           9          35  -1.0289798545312525E-014
           9          36   2.6982015026178052E-014
           9          37  -6.9636044346556194E-015
           9          38   1.4263562971388191E-015
           9          39   2.4559605913228112E-014
           9          40   4.2214717376456787E-014
           9          41  -1.4766174918628828E-015
           9          42   4.2247323533450828E-014
           9          43   3.3714210910212069E-016
           9          44   2.2368032866275216E-015
           9          45   4.1211342375466754E-014
           9          46   1.8789087966137629E-014
           9          47  -2.0457759157634559E-015
           9          48   1.9608308001788934E-014
           9          49  -1.7176300589377164E-015
           9          50   2.1367755689820602E-015
           9          51   1.8878020662841632E-014
          10           1   8.3192629959938617E-014
          10           2   2.5612305595738200E-013
          10           3  -6.0465208211708960E-013
          10           4  -6.8407052464460903E-013
          10           5   1.3401771734968761E-012
          10           6   2.1813316321000587E-013
          10           7  -2.0240089889961483E-013
          10           8   5.8395161227323197E-014
          10           9   4.9986733415043885E-006
          10          10   3.3130761609689217E-002
          10          11   5.6584484519204881E-006
          10          12  -1.6482267440291439E-005
          10          13  0.27052739602572079     
          10          14  -1.8414324570081224E-005
          10          15  -8.7370587899491029E-015
          10          16   3.1810795167088697E-006
          10          17   9.4727000056621293E-004
          10          18   3.6128727318133380E-006
          10          19   9.1174264442318159E-005
          10          20  -9.9478140286543365E-002
          10          21   1.0274390573861755E-004
          10          22   1.7241774276491914E-004
          10          23  -1.0912147489579227E-002
          10          24   1.9363646502977441E-004
          10          25  -1.7215066947885233E-004
          10          26  -1.9183929011533186E-002
          10          27  -1.9381101760587862E-004
          10          28   4.9875386902711976E-006
          10          29   3.4416073324860679E-003
          10          30   5.7921333926631412E-006
          10          31  -8.0038559200563928E-006
          10          32  -2.2714088665496991E-003
          10          33  -9.0829723884313163E-006
          10          34   1.1937263191617845E-013
          10          35  -2.7933282492689102E-014
          10          36   1.2230574297823759E-013
          10          37  -2.1600761743589815E-014
          10          38  -1.3177426073963696E-014
          10          39   1.1964878232370985E-013
          10          40   1.8617266670357319E-013
          10          41  -3.4983393444723137E-015
          10          42   1.8617833587848840E-013
          10          43  -3.0695423701096932E-015
          10          44   4.8676541764256170E-015
          10          45   1.8485906961912860E-013
          10          46   7.2781131787740380E-014
          10          47  -2.5542424773621282E-015
          10          48   7.1435184334533890E-014
          10          49  -3.3665796069387945E-015
          10          50   1.0548567522514808E-015
          10          51   7.3351819188710717E-014
          11           1   7.3881649057394133E-014
          11           2   2.2865992008576604E-013
          11           3  -5.4164963019965118E-013
          11           4  -6.1372888512686165E-013
          11           5   1.1938674595027030E-012
          11           6   1.9132633937027092E-013
          11           7  -1.3542875162202643E-013
          11           8   3.9493716863080679E-014
          11           9   4.5203821183687843E-006
          11          10   5.6584484519204881E-006
          11          11   3.3131874095411740E-002
          11          12  -1.5101048353531252E-005
          11          13  -1.8414324567067575E-005
          11          14  0.27052394868241614     
          11          15  -4.2519818677587797E-015
          11          16   2.8671096750843337E-006
          11          17   3.6128727339304325E-006
          11          18   9.4798878765623980E-004
          11          19   8.2824068078437424E-005
          11          20   1.0274390574121941E-004
          11          21  -9.9458270319422032E-002
          11          22   1.5715819351115688E-004
          11          23   1.9363646503053560E-004
          11          24  -1.0875171025264634E-002
          11          25  -1.5653298884462253E-004
          11          26  -1.9381101760797509E-004
          11          27  -1.9221278742118091E-002
          11          28   4.3926112563134058E-006
          11          29   5.7921333957729177E-006
          11          30   3.4428500791235019E-003
          11          31  -7.2197640610695811E-006
          11          32  -9.0829723926130366E-006
          11          33  -2.2732107602087292E-003
          11          34   1.0739642723974575E-013
          11          35  -1.6494008533579823E-014
          11          36   1.1611985648483049E-013
          11          37  -1.2572274531611055E-014
          11          38  -2.4388134076663029E-014
          11          39   1.1235146562634185E-013
          11          40   1.6154473736181542E-013
          11          41   2.2146053479491486E-016
          11          42   1.6243422267550970E-013
          11          43  -2.8669919678973194E-015
          11          44  -4.9729203123406760E-015
          11          45   1.6407335448024372E-013
          11          46   5.1569813045527596E-014
          11          47  -8.7174395587873526E-016
          11          48   5.2437644846061484E-014
          11          49   1.0242139005244620E-015
          11          50  -1.3034412771377577E-015
          11          51   5.3340632165749606E-014
          12           1   3.3556813928425099E-013
          12           2   1.0386125469773768E-012
          12           3  -2.4350888693014478E-012
          12           4  -2.8186233157733926E-012
          12           5   5.4372271670662715E-012
          12           6   8.9974575257860788E-013
          12           7  -8.4315165607913080E-013
          12           8   2.0967160799812225E-013
          12           9  0.27052050001765865     
          12          10  -1.6482267440291439E-005
          12          11  -1.5101048353531252E-005
          12          12   2.2211221991775632     
          12          13  -7.0149126575794370E-004
          12          14  -6.3774978493392337E-004
          12          15  -1.0266387221712636E-014
          12          16   7.5308557062512046E-003
          12          17   2.7737393281803807E-005
          12          18   2.4978099713446366E-005
          12          19 -0.78141612843748098     
          12          20   1.0464320143260160E-003
          12          21   9.4994206626822231E-004
          12          22 -0.11543563653373208     
          12          23   1.7804464508397717E-003
          12          24   1.6216874470365242E-003
          12          25 -0.16259685623847767     
          12          26  -1.5213522426541367E-003
          12          27  -1.3829010449959329E-003
          12          28   2.6922024602033773E-002
          12          29   4.1408358281489919E-005
          12          30   3.6319569112511338E-005
          12          31  -1.8104664023095171E-002
          12          32  -6.9803302834528134E-005
          12          33  -6.2914078020677661E-005
          12          34   5.0503239471290466E-013
          12          35  -1.4241384440499602E-013
          12          36   5.1647888967138041E-013
          12          37  -1.0181324500841174E-013
          12          38  -1.6807287473005542E-014
          12          39   4.8713486707154820E-013
          12          40   7.7340266558546228E-013
          12          41  -2.6028611556974505E-014
          12          42   7.7117307108742954E-013
          12          43  -7.2220100745777590E-015
          12          44   2.4359388838880274E-014
          12          45   7.6208364578772551E-013
          12          46   3.0871993372399501E-013
          12          47  -2.1651978921359679E-014
          12          48   3.1452140490630599E-013
          12          49  -1.6023445696168817E-014
          12          50   2.2268094676207742E-014
          12          51   3.0939150004234607E-013
          13           1   8.4591111582401945E-013
          13           2   2.6091389373047548E-012
          13           3  -6.1711413089611887E-012
          13           4  -6.9895662974139207E-012
          13           5   1.3686552111313559E-011
          13           6   2.2303896730003235E-012
          13           7  -2.0511134401944824E-012
          13           8   5.9125966975504288E-013
          13           9  -1.6482267440924613E-005
          13          10  0.27052739602572079     
          13          11  -1.8414324567067575E-005
          13          12  -7.0149126575794370E-004
          13          13   2.2214268769850549     
          13          14  -7.8988045894655065E-004
          13          15  -8.7626923517384049E-014
          13          16   2.7737393265086331E-005
          13          17   7.5182695754519250E-003
          13          18   3.1529301747243934E-005
          13          19   1.0464320143158852E-003
          13          20 -0.78187379398341950     
          13          21   1.1800308847947534E-003
          13          22   1.7804464508567031E-003
          13          23 -0.11620211705802869     
          13          24   2.0010294339166128E-003
          13          25  -1.5213522426538138E-003
          13          26 -0.16193560985731748     
          13          27  -1.7133095580649622E-003
          13          28   4.1408358280730436E-005
          13          29   2.6901047942262085E-002
          13          30   4.8274188861645675E-005
          13          31  -6.9803302826236860E-005
          13          32  -1.8073113565009385E-002
          13          33  -7.9277884977631020E-005
          13          34   1.2196078162428984E-012
          13          35  -2.7012894577483164E-013
          13          36   1.2574461637023210E-012
          13          37  -2.1372458280755678E-013
          13          38  -1.5021331229001004E-013
          13          39   1.2294728098682760E-012
          13          40   1.8988125319801348E-012
          13          41  -3.3655383882010904E-014
          13          42   1.9006641827756376E-012
          13          43  -2.9276808037236106E-014
          13          44   3.6041112709030301E-014
          13          45   1.8878448562697707E-012
          13          46   7.3876757747375290E-013
          13          47  -2.2293192741450931E-014
          13          48   7.2744633980130209E-013
          13          49  -3.0205982437254438E-014
          13          50   8.0028687032140150E-015
          13          51   7.4378261340993379E-013
          14           1   7.9607802902472719E-013
          14           2   2.4590305507157420E-012
          14           3  -5.8069706384125436E-012
          14           4  -6.5894670848804068E-012
          14           5   1.2822911531067351E-011
          14           6   2.0681842854609463E-012
          14           7  -1.5319673090593207E-012
          14           8   4.4675213430359040E-013
          14           9  -1.5101048355101176E-005
          14          10  -1.8414324570081224E-005
          14          11  0.27052394868241614     
          14          12  -6.3774978493392337E-004
          14          13  -7.8988045894655065E-004
          14          14   2.2212745673011218     
          14          15  -5.1446549856132206E-014
          14          16   2.4978099724615220E-005
          14          17   3.1529301765833122E-005
          14          18   7.5245614334650017E-003
          14          19   9.4994206626311528E-004
          14          20   1.1800308848221135E-003
          14          21 -0.78164500511311574     
          14          22   1.6216874470091260E-003
          14          23   2.0010294339234853E-003
          14          24 -0.11581895032224004     
          14          25  -1.3829010449603156E-003
          14          26  -1.7133095580826765E-003
          14          27 -0.16226616961655432     
          14          28   3.6319569100798810E-005
          14          29   4.8274188888465638E-005
          14          30   2.6911534259882772E-002
          14          31  -6.2914078031656509E-005
          14          32  -7.9277885014488229E-005
          14          33  -1.8088885767466988E-002
          14          34   1.1512286009565885E-012
          14          35  -1.6688591748332312E-013
          14          36   1.2474152188471053E-012
          14          37  -1.3811303887735419E-013
          14          38  -2.7639782444273005E-013
          14          39   1.2081035301371471E-012
          14          40   1.7404064649582146E-012
          14          41   3.1753452501783803E-015
          14          42   1.7519146838020463E-012
          14          43  -2.5973118535013899E-014
          14          44  -5.8736140571780784E-014
          14          45   1.7659910313788425E-012
          14          46   5.7498148098463980E-013
          14          47  -4.6055218888034025E-015
          14          48   5.8504524631374139E-013
          14          49   9.4822459234363765E-015
          14          50  -1.8201313868461093E-014
          14          51   5.9263290809931567E-013
          15           1  -3.6400852726121920E-004
          15           2  -1.1302312828490604E-003
          15           3   4.2175206841917326E-003
          15           4   2.0918505802973498E-003
          15           5  -1.1059473018036980E-002
          15           6  -1.4179046281647301E-004
          15           7   8.3757164131242011E-004
          15           8  -2.5615648620465581E-004
          15           9   8.4596001496238370E-016
          15          10  -8.7370587899491029E-015
          15          11  -4.2519818677587797E-015
          15          12  -1.0266387221712636E-014
          15          13  -8.7626923517384049E-014
          15          14  -5.1446549856132206E-014
          15          15   4.0943469535952549E-005
          15          16   1.5873986320105740E-014
          15          17   6.4688737706421426E-014
          15          18   2.0528888491369950E-014
          15          19   1.0544263179127867E-013
          15          20   1.0657857773698310E-013
          15          21   6.6100728212743933E-014
          15          22  -3.4619078934492079E-014
          15          23   7.3490837276203912E-014
          15          24   1.7047669922551478E-013
          15          25  -3.8272485604313180E-014
          15          26   7.0712784657938280E-014
          15          27  -5.0018173704543159E-014
          15          28   2.6831355051392869E-015
          15          29  -4.2166853182587280E-017
          15          30   7.0017407463490196E-014
          15          31  -2.1102564746095362E-016
          15          32  -4.5788651362334349E-014
          15          33  -7.4274688685237510E-014
          15          34   6.2378948356071775E-004
          15          35  -1.2189485394746899E-004
          15          36   5.2820058788444852E-004
          15          37  -2.2857528943560188E-005
          15          38   3.4879431237069651E-004
          15          39   5.1755011244693791E-004
          15          40  -7.3514841628294033E-004
          15          41  -8.3768023010471311E-005
          15          42  -7.7441062474170770E-004
          15          43  -3.0347879906436988E-005
          15          44   1.5699970906966088E-004
          15          45  -7.8342520207584925E-004
          15          46  -2.5651080627806129E-004
          15          47  -4.7986672271333265E-005
          15          48  -2.7586873427985921E-004
          15          49  -1.8957794359048014E-005
          15          50   8.1351303921508444E-005
          15          51  -2.8101025654497140E-004
          16           1  -1.7017681975600417E-013
          16           2  -5.2606000385520205E-013
          16           3   1.2415551745098574E-012
          16           4   1.4148640894983581E-012
          16           5  -2.7509656470791843E-012
          16           6  -4.5289604534362475E-013
          16           7   3.8066954562925471E-013
          16           8  -1.1140278499542598E-013
          16           9   9.4870785061217826E-004
          16          10   3.1810795167088697E-006
          16          11   2.8671096750843337E-006
          16          12   7.5308557062512046E-003
          16          13   2.7737393265086331E-005
          16          14   2.4978099724615220E-005
          16          15   1.5873986320105740E-014
          16          16   4.8123626796883568E-005
          16          17   2.6728649413566556E-007
          16          18   2.4158658966310683E-007
          16          19  -7.4610681235536304E-003
