           1           1  0.63335675397481650     
           1           2  0.57138912838792955     
           1           3   1.5845944955590114E-014
           1           4  -3.7888774304153517E-015
           1           5   1.8961255421678526E-014
           1           6 -0.15737687592456037     
           1           7   3.1746322367220693E-014
           1           8  -3.8076561274689983E-014
           1           9   2.0891673378273235E-014
           1          10 -0.10268788138063191     
           1          11  -3.5885761739288809E-014
           1          12   5.0901345490457260E-014
           1          13   2.1278739374266482E-015
           1          14  -2.2474812511978394E-003
           1          15  -2.9597121457232296E-014
           1          16   1.1636393879509411E-014
           1          17  -5.7654876719402398E-015
           1          18  -3.2585150906892877E-003
           1          19   3.0778096059815913E-005
           1          20  -3.1783412502667001E-003
           1          21   6.4628224663615787E-005
           1          22  -1.9525179019271141E-005
           1          23  -3.2057948406855582E-003
           1          24  -7.5442616852244987E-003
           1          25  -1.0017621229663665E-004
           1          26  -7.8052106289848190E-003
           1          27  -2.1035124265568646E-004
           1          28   6.3550340323811829E-005
           1          29  -7.7158549815123396E-003
           2           1  0.57138912838792955     
           2           2  0.53179348159756834     
           2           3   1.6440069315672098E-014
           2           4  -4.6573574428971209E-015
           2           5   1.9393311607265923E-014
           2           6 -0.25375109512536564     
           2           7   3.0353037877178434E-014
           2           8  -3.5656949811793429E-014
           2           9   2.1705475694666568E-014
           2          10 -0.16323947658156579     
           2          11  -3.0667677747583984E-014
           2          12   4.6583511104957723E-014
           2          13   4.3150782232020000E-015
           2          14  -3.4971808027292692E-003
           2          15  -3.1337932550107629E-014
           2          16   1.0087800388467869E-014
           2          17  -6.9576168062448653E-015
           2          18  -5.0216562184365529E-003
           2          19   1.2831500279246618E-005
           2          20  -4.9882314525290742E-003
           2          21   2.6943742115676287E-005
           2          22  -8.1401182046305590E-006
           2          23  -4.9996769543064513E-003
           2          24  -1.1477819459774871E-002
           2          25  -2.1995337665770779E-004
           2          26  -1.2050775853321611E-002
           2          27  -4.6186080552235598E-004
           2          28   1.3953524113920570E-004
           2          29  -1.1854580809250247E-002
           3           1   1.5845944955590114E-014
           3           2   1.6440069315672098E-014
           3           3  0.13983063282715411     
           3           4   1.9221904253985275E-002
           3           5   4.0362390963221945E-002
           3           6  -2.5430489956637523E-014
           3           7  0.21317031208945786     
           3           8   2.8504393072104978E-002
           3           9   5.9853875149083816E-002
           3          10  -6.1982787086854426E-015
           3          11  0.16698267625566957     
           3          12   2.6496646603385271E-002
           3          13   5.5637984420743525E-002
           3          14   2.2650919684441134E-014
           3          15   1.1470929762874267E-002
           3          16   4.2159633224511193E-003
           3          17   8.8527316367212477E-003
           3          18  -4.4929140271558611E-016
           3          19   3.3304401556803330E-016
           3          20  -5.2138281154139318E-016
           3          21   2.6539054082928274E-016
           3          22   2.3227965856748481E-017
           3          23  -6.8174999761213528E-016
           3          24   1.0687874606765850E-018
           3          25   3.1314138757103352E-016
           3          26   2.8914088573973660E-016
           3          27  -5.8887445196962991E-016
           3          28   3.8556076103994696E-016
           3          29  -8.9971330739250959E-016
           4           1  -3.7888774304153517E-015
           4           2  -4.6573574428971209E-015
           4           3   1.9221904253985275E-002
           4           4  0.19764778741176139     
           4           5  -1.2194098065882307E-002
           4           6   1.4381648053902327E-014
           4           7   2.8504393072104083E-002
           4           8  0.29890806620654259     
           4           9  -1.8082774726008055E-002
           4          10   3.0785286628012993E-015
           4          11   2.6496646603387998E-002
           4          12  0.24668137272192592     
           4          13  -1.6809089402872707E-002
           4          14  -1.5587757829430538E-014
           4          15   4.2159633224436877E-003
           4          16   2.4152035646895317E-002
           4          17  -2.6745461592603409E-003
           4          18   8.3319693930480644E-016
           4          19   1.2089460960628133E-017
           4          20  -6.6238188358292188E-017
           4          21  -3.3138977876289500E-016
           4          22   4.7014505148914926E-016
           4          23   1.8458622940424716E-016
           4          24   7.7911878120073569E-016
           4          25   7.4020098072802346E-016
           4          26   1.1797457559806348E-015
           4          27   5.8018447626427826E-016
           4          28   4.7591759960360300E-016
           4          29   1.4282866265656964E-015
           5           1   1.8961255421678526E-014
           5           2   1.9393311607265923E-014
           5           3   4.0362390963221945E-002
           5           4  -1.2194098065882307E-002
           5           5  0.17784970274084744     
           5           6  -2.2315007209659882E-014
           5           7   5.9853875149082789E-002
           5           8  -1.8082774726008957E-002
           5           9  0.26954924826229371     
           5          10  -1.3045344927336562E-014
           5          11   5.5637984420746210E-002
           5          12  -1.6809089402874355E-002
           5          13  0.21939048384757076     
           5          14   1.6913179444828595E-014
           5          15   8.8527316367171937E-003
           5          16  -2.6745461592575185E-003
           5          17   1.9809697982298501E-002
           5          18  -4.8606613101093288E-016
           5          19   2.1192942104687737E-016
           5          20  -4.7827847888063145E-016
           5          21  -5.5611415159520269E-017
           5          22   1.2124804038679004E-016
           5          23  -6.3361191353730013E-016
           5          24  -9.5180111013078229E-018
           5          25   9.2529119334595380E-016
           5          26   1.6126932959080459E-015
           5          27  -1.9066888930000321E-015
           5          28   1.5138158614842297E-015
           5          29  -3.9393488851166193E-016
           6           1 -0.15737687592456037     
           6           2 -0.25375109512536564     
           6           3  -2.5430489956637523E-014
           6           4   1.4381648053902327E-014
           6           5  -2.2315007209659882E-014
           6           6  0.80525438270077521     
           6           7  -3.0229444694654019E-014
           6           8   2.6004670512307554E-014
           6           9  -2.7663890710101095E-014
           6          10  0.50906798735580172     
           6          11  -1.0650349515720093E-014
           6          12  -1.1112134909232270E-014
           6          13  -1.9579434218665053E-014
           6          14   1.0553669928178838E-002
           6          15   3.8547180229882518E-014
           6          16   3.0901325553990279E-016
           6          17   1.2919996048494389E-014
           6          18   1.5138853908734814E-002
           6          19   5.6763643448384457E-005
           6          20   1.5286717482957433E-002
           6          21   1.1919299665052313E-004
           6          22  -3.6010034473097177E-005
           6          23   1.5236085182154590E-002
           6          24   3.4047981667063201E-002
           6          25   8.1327391971574604E-004
           6          26   3.6166478318914154E-002
           6          27   1.7077225790931546E-003
           6          28  -5.1592921286171137E-004
           6          29   3.5441050435274457E-002
           7           1   3.1746322367220693E-014
           7           2   3.0353037877178434E-014
           7           3  0.21317031208945786     
           7           4   2.8504393072104083E-002
           7           5   5.9853875149082789E-002
           7           6  -3.0229444694654019E-014
           7           7  0.32499853000643203     
           7           8   4.2240515868904843E-002
           7           9   8.8697154738741582E-002
           7          10  -3.7345543570149684E-015
           7          11  0.25445864804726059     
           7          12   3.9418099198514620E-002
           7          13   8.2770609501284925E-002
           7          14   3.4708614903027350E-014
           7          15   1.7409902829238176E-002
           7          16   6.3460543616877321E-003
           7          17   1.3325522998953510E-002
           7          18  -5.8831717892215230E-016
           7          19   5.5176598533213936E-016
           7          20  -5.7630254671729719E-016
           7          21   5.0215693557944656E-016
           7          22   4.0427092725148327E-018
           7          23  -8.6071357795736734E-016
           7          24   2.4267469835982092E-016
           7          25   5.5917913299909534E-016
           7          26   9.0679857272154757E-016
           7          27  -6.8178219331529998E-016
           7          28   5.1076509742538816E-016
           7          29  -9.7474858647973204E-016
           8           1  -3.8076561274689983E-014
           8           2  -3.5656949811793429E-014
           8           3   2.8504393072104978E-002
           8           4  0.29890806620654259     
           8           5  -1.8082774726008957E-002
           8           6   2.6004670512307554E-014
           8           7   4.2240515868904843E-002
           8           8  0.45205287402231464     
           8           9  -2.6796772372443559E-002
           8          10   7.4348505809355800E-015
           8          11   3.9418099198519949E-002
           8          12  0.37302350534123940     
           8          13  -2.5006272055368161E-002
           8          14  -2.3578045861575668E-014
           8          15   6.3460543616766290E-003
           8          16   3.6498063980396282E-002
           8          17  -4.0258451085486424E-003
           8          18   1.3630451211176875E-015
           8          19   3.2345602795331306E-018
           8          20  -3.0558018258584211E-017
           8          21  -5.2969083926382631E-016
           8          22   7.2062076601481958E-016
           8          23   3.6171949341858088E-016
           8          24   1.3891527883370739E-015
           8          25   1.1140298160710425E-015
           8          26   1.9802869809821589E-015
           8          27   8.6782694425154988E-016
           8          28   7.2675634546735272E-016
           8          29   2.3617145120640520E-015
           9           1   2.0891673378273235E-014
           9           2   2.1705475694666568E-014
           9           3   5.9853875149083816E-002
           9           4  -1.8082774726008055E-002
           9           5  0.26954924826229371     
           9           6  -2.7663890710101095E-014
           9           7   8.8697154738741582E-002
           9           8  -2.6796772372443559E-002
           9           9  0.40854619025854189     
           9          10  -1.5655798909553619E-014
           9          11   8.2770609501290421E-002
           9          12  -2.5006272055369563E-002
           9          13  0.33242384075094594     
           9          14   2.5525366346127036E-014
           9          15   1.3325522998947573E-002
           9          16  -4.0258451085442995E-003
           9          17   2.9961785372470757E-002
           9          18  -6.5823041355129360E-016
           9          19   3.4099702472308454E-016
           9          20  -5.9059364780094751E-016
           9          21  -4.2514948902028210E-017
           9          22   1.7218198282381661E-016
           9          23  -8.4334278943565720E-016
           9          24   1.1040082282605828E-016
           9          25   1.4867117410729673E-015
           9          26   2.7836934451875665E-015
           9          27  -2.7120023212220468E-015
           9          28   2.2433066601494871E-015
           9          29  -3.2410901258474125E-016
          10           1 -0.10268788138063191     
          10           2 -0.16323947658156579     
          10           3  -6.1982787086854426E-015
          10           4   3.0785286628012993E-015
          10           5  -1.3045344927336562E-014
          10           6  0.50906798735580172     
          10           7  -3.7345543570149684E-015
          10           8   7.4348505809355800E-015
          10           9  -1.5655798909553619E-014
          10          10  0.32294130263962761     
          10          11   4.6663897027281340E-015
          10          12  -1.4820020598758718E-014
          10          13  -1.0675777668876147E-014
          10          14   6.9008219972216062E-003
          10          15   2.5573885513714892E-014
          10          16   1.7620079310218667E-016
          10          17   8.9052563869212058E-015
          10          18   9.4018979921030449E-003
          10          19   1.4444127056029892E-004
          10          20   9.7781529544883929E-003
          10          21   3.0329955640948634E-004
          10          22  -9.1631453092496252E-005
          10          23   9.6493135528115705E-003
          10          24   2.1074396786878682E-002
          10          25   8.0874905296881563E-004
          10          26   2.3181106616579902E-002
          10          27   1.6982212082477669E-003
          10          28  -5.1305870283705835E-004
          10          29   2.2459714844792925E-002
          11           1  -3.5885761739288809E-014
          11           2  -3.0667677747583984E-014
          11           3  0.16698267625566957     
          11           4   2.6496646603387998E-002
          11           5   5.5637984420746210E-002
          11           6  -1.0650349515720093E-014
          11           7  0.25445864804726059     
          11           8   3.9418099198519949E-002
          11           9   8.2770609501290421E-002
          11          10   4.6663897027281340E-015
          11          11  0.19991357575889163     
          11          12   3.5992633592637102E-002
          11          13   7.5577774692170738E-002
          11          14   2.7247987179074228E-014
          11          15   1.4069968563395908E-002
          11          16   5.4116992392370606E-003
          11          17   1.1363552621174966E-002
          11          18  -6.8182365976339430E-017
          11          19   3.6842615535233023E-016
          11          20  -2.6365866384539850E-016
          11          21   2.3517865748269447E-016
          11          22   5.6848574035985781E-017
          11          23  -4.2910913486113789E-016
          11          24   1.1067574158421162E-015
          11          25   3.5247912452269544E-016
          11          26   1.3548039199338622E-015
          11          27  -9.6098152096203482E-016
          11          28   5.8647288089143345E-016
          11          29  -5.8575416264584553E-017
          12           1   5.0901345490457260E-014
          12           2   4.6583511104957723E-014
          12           3   2.6496646603385271E-002
          12           4  0.24668137272192592     
          12           5  -1.6809089402874355E-002
          12           6  -1.1112134909232270E-014
          12           7   3.9418099198514620E-002
          12           8  0.37302350534123940     
          12           9  -2.5006272055369563E-002
          12          10  -1.4820020598758718E-014
          12          11   3.5992633592637102E-002
          12          12  0.30817504833913340     
          12          13  -2.2833206215090249E-002
          12          14  -1.9752623876826986E-014
          12          15   5.4116992392276384E-003
          12          16   3.0347702930719998E-002
          12          17  -3.4331037317845764E-003
          12          18   5.3375865286781603E-016
          12          19   5.5019864563191525E-018
          12          20  -6.5913115355234648E-016
          12          21  -4.6273088870475938E-016
          12          22   5.9204639233359629E-016
          12          23  -3.3503105158194877E-016
          12          24  -1.3888365781071785E-016
          12          25   8.1292723134418505E-016
          12          26   7.4011437875473071E-017
          12          27   4.3608248794278523E-016
          12          28   6.5323198348495023E-016
          12          29   4.8379183013780255E-016
          13           1   2.1278739374266482E-015
          13           2   4.3150782232020000E-015
          13           3   5.5637984420743525E-002
          13           4  -1.6809089402872707E-002
          13           5  0.21939048384757076     
          13           6  -1.9579434218665053E-014
          13           7   8.2770609501284925E-002
          13           8  -2.5006272055368161E-002
          13           9  0.33242384075094594     
          13          10  -1.0675777668876147E-014
          13          11   7.5577774692170738E-002
          13          12  -2.2833206215090249E-002
          13          13  0.27110352837002510     
          13          14   2.2005426268844622E-014
          13          15   1.1363552621169703E-002
          13          16  -3.4331037317807591E-003
          13          17   2.4773786926549399E-002
          13          18  -4.1811265108239769E-016
          13          19   2.5286166827555625E-016
          13          20  -4.4241282678869369E-016
          13          21  -7.6537893551034554E-017
          13          22   1.4358826180502582E-016
          13          23  -6.3267128952997325E-016
          13          24   4.3364712750091171E-016
          13          25   1.1107130621200523E-015
          13          26   2.3975952704564541E-015
          13          27  -2.4234269792055301E-015
          13          28   1.8753164771065013E-015
          13          29  -8.4250086978832803E-017
          14           1  -2.2474812511978394E-003
          14           2  -3.4971808027292692E-003
          14           3   2.2650919684441134E-014
          14           4  -1.5587757829430538E-014
          14           5   1.6913179444828595E-014
          14           6   1.0553669928178838E-002
          14           7   3.4708614903027350E-014
          14           8  -2.3578045861575668E-014
          14           9   2.5525366346127036E-014
          14          10   6.9008219972216062E-003
          14          11   2.7247987179074228E-014
          14          12  -1.9752623876826986E-014
          14          13   2.2005426268844622E-014
          14          14   1.8578718903973905E-004
          14          15   2.5003230396383694E-015
          14          16  -1.6922958992927573E-015
          14          17   2.9382076808641897E-015
          14          18   1.6312058442652816E-004
          14          19   2.3437158595973427E-005
          14          20   2.2417202209229113E-004
          14          21   4.9213633874066508E-005
          14          22  -1.4868194458224372E-005
          14          23   2.0326643549130281E-004
          14          24   3.5257848234012225E-004
          14          25   7.1795809126864657E-005
          14          26   5.3959933419028046E-004
          14          27   1.5075772302309328E-004
          14          28  -4.5546222977940325E-005
          14          29   4.7555857177712045E-004
          15           1  -2.9597121457232296E-014
          15           2  -3.1337932550107629E-014
          15           3   1.1470929762874267E-002
          15           4   4.2159633224436877E-003
          15           5   8.8527316367171937E-003
          15           6   3.8547180229882518E-014
          15           7   1.7409902829238176E-002
          15           8   6.3460543616766290E-003
          15           9   1.3325522998947573E-002
          15          10   2.5573885513714892E-014
          15          11   1.4069968563395908E-002
          15          12   5.4116992392276384E-003
          15          13   1.1363552621169703E-002
          15          14   2.5003230396383694E-015
          15          15   1.2140467692444835E-003
          15          16   6.2444414727215469E-004
          15          17   1.3112155004973063E-003
          15          18   6.7691739629023766E-016
          15          19   7.8426577685073670E-017
          15          20   7.7963830056493139E-016
          15          21   1.1368851795938099E-016
          15          22  -2.2041699211596719E-017
          15          23   7.2124205131460750E-016
          15          24   1.5701231674640390E-015
          15          25   2.4079484620432745E-016
          15          26   2.1225509817859523E-015
          15          27   2.4718595252293289E-016
          15          28  -2.1212720864140971E-017
          15          29   1.8230496148781624E-015
          16           1   1.1636393879509411E-014
          16           2   1.0087800388467869E-014
          16           3   4.2159633224511193E-003
          16           4   2.4152035646895317E-002
          16           5  -2.6745461592575185E-003
          16           6   3.0901325553990279E-016
          16           7   6.3460543616877321E-003
          16           8   3.6498063980396282E-002
          16           9  -4.0258451085442995E-003
          16          10   1.7620079310218667E-016
          16          11   5.4116992392370606E-003
          16          12   3.0347702930719998E-002
          16          13  -3.4331037317807591E-003
          16          14  -1.6922958992927573E-015
          16          15   6.2444414727215469E-004
          16          16   3.0922989608752833E-003
          16          17  -3.9613833613476513E-004
          16          18   2.3129304968035918E-018
          16          19   5.6520325480891415E-017
          16          20   4.6256646150706175E-018
          16          21   5.5549313687136523E-017
          16          22   2.1997126383776573E-017
          16          23  -1.2013757062056262E-017
          16          24  -2.0677888113175572E-016
          16          25   2.3603414191104444E-016
          16          26   2.2290462441438624E-016
          16          27   3.4190179306791957E-016
          16          28  -4.3125633363473547E-017
          16          29   1.2337429141074223E-016
          17           1  -5.7654876719402398E-015
          17           2  -6.9576168062448653E-015
          17           3   8.8527316367212477E-003
          17           4  -2.6745461592603409E-003
          17           5   1.9809697982298501E-002
          17           6   1.2919996048494389E-014
          17           7   1.3325522998953510E-002
          17           8  -4.0258451085486424E-003
          17           9   2.9961785372470757E-002
          17          10   8.9052563869212058E-015
          17          11   1.1363552621174966E-002
          17          12  -3.4331037317845764E-003
          17          13   2.4773786926549399E-002
          17          14   2.9382076808641897E-015
          17          15   1.3112155004973063E-003
          17          16  -3.9613833613476513E-004
          17          17   2.4491369756412334E-003
          17          18   1.9536500616273460E-016
          17          19   5.7720248685180935E-017
          17          20   2.7547895469678443E-016
          17          21   7.1456958897835762E-017
          17          22  -1.5687179945866730E-017
          17          23   2.2371218700939117E-016
          17          24   5.6915429416474165E-016
          17          25   1.9011629018777505E-016
          17          26   1.0057350950166550E-015
          17          27  -3.4212107510019996E-017
          17          28   1.0486028775265496E-016
          17          29   6.7870273153266470E-016
          18           1  -3.2585150906892877E-003
          18           2  -5.0216562184365529E-003
          18           3  -4.4929140271558611E-016
          18           4   8.3319693930480644E-016
          18           5  -4.8606613101093288E-016
          18           6   1.5138853908734814E-002
          18           7  -5.8831717892215230E-016
          18           8   1.3630451211176875E-015
          18           9  -6.5823041355129360E-016
          18          10   9.4018979921030449E-003
          18          11  -6.8182365976339430E-017
          18          12   5.3375865286781603E-016
          18          13  -4.1811265108239769E-016
          18          14   1.6312058442652816E-004
          18          15   6.7691739629023766E-016
          18          16   2.3129304968035918E-018
          18          17   1.9536500616273460E-016
          18          18   3.1116502654848647E-004
          18          19  -1.5888998934249346E-005
          18          20   2.6977578458748264E-004
          18          21  -3.3363915381370596E-005
          18          22   1.0079751132471439E-005
          18          23   2.8394852834650285E-004
          18          24   7.1070581981195840E-004
          18          25  -3.0392689037603324E-005
          18          26   6.3153592587285215E-004
          18          27  -6.3818942241700575E-005
          18          28   1.9280682377388256E-005
          18          29   6.5864573912563116E-004
          19           1   3.0778096059815913E-005
          19           2   1.2831500279246618E-005
          19           3   3.3304401556803330E-016
          19           4   1.2089460960628133E-017
          19           5   2.1192942104687737E-016
          19           6   5.6763643448384457E-005
          19           7   5.5176598533213936E-016
          19           8   3.2345602795331306E-018
          19           9   3.4099702472308454E-016
          19          10   1.4444127056029892E-004
          19          11   3.6842615535233023E-016
          19          12   5.5019864563191525E-018
          19          13   2.5286166827555625E-016
          19          14   2.3437158595973427E-005
          19          15   7.8426577685073670E-017
          19          16   5.6520325480891415E-017
          19          17   5.7720248685180935E-017
          19          18  -1.5888998934249346E-005
          19          19   1.0921605424232651E-005
          19          20   1.2560683224855704E-005
          19          21   2.2933321394929064E-005
          19          22  -6.9285085296628894E-006
          19          23   2.8187784166177501E-006
          19          24  -4.2316710176395141E-005
          19          25   2.9261207530174479E-005
          19          26   3.3905788392995414E-005
          19          27   6.1443043456217494E-005
          19          28  -1.8562886872925904E-005
          19          29   7.8052393198257879E-006
          20           1  -3.1783412502667001E-003
          20           2  -4.9882314525290742E-003
          20           3  -5.2138281154139318E-016
          20           4  -6.6238188358292188E-017
          20           5  -4.7827847888063145E-016
          20           6   1.5286717482957433E-002
          20           7  -5.7630254671729719E-016
          20           8  -3.0558018258584211E-017
          20           9  -5.9059364780094751E-016
          20          10   9.7781529544883929E-003
          20          11  -2.6365866384539850E-016
          20          12  -6.5913115355234648E-016
          20          13  -4.4241282678869369E-016
          20          14   2.2417202209229113E-004
          20          15   7.7963830056493139E-016
          20          16   4.6256646150706175E-018
          20          17   2.7547895469678443E-016
          20          18   2.6977578458748264E-004
          20          19   1.2560683224855704E-005
          20          20   3.0249509933722156E-004
          20          21   2.6375077119741146E-005
          20          22  -7.9683157815927697E-006
          20          23   2.9129116222809001E-004
          20          24   6.0047505173577360E-004
          20          25   4.5829809531870938E-005
          20          26   7.1985708981026997E-004
          20          27   9.6233997716985959E-005
          20          28  -2.9073768362822543E-005
          20          29   6.7897760144791154E-004
          21           1   6.4628224663615787E-005
          21           2   2.6943742115676287E-005
          21           3   2.6539054082928274E-016
          21           4  -3.3138977876289500E-016
          21           5  -5.5611415159520269E-017
          21           6   1.1919299665052313E-004
          21           7   5.0215693557944656E-016
          21           8  -5.2969083926382631E-016
          21           9  -4.2514948902028210E-017
          21          10   3.0329955640948634E-004
          21          11   2.3517865748269447E-016
          21          12  -4.6273088870475938E-016
          21          13  -7.6537893551034554E-017
          21          14   4.9213633874066508E-005
          21          15   1.1368851795938099E-016
          21          16   5.5549313687136523E-017
          21          17   7.1456958897835762E-017
          21          18  -3.3363915381370596E-005
          21          19   2.2933321394929064E-005
          21          20   2.6375077119741146E-005
          21          21   4.8155670322622308E-005
          21          22  -1.4548567424503002E-005
          21          23   5.9189055874480476E-006
          21          24  -8.8857148482745379E-005
          21          25   6.1443043456234462E-005
          21          26   7.1195791475809600E-005
          21          27   1.2901885833900044E-004
          21          28  -3.8978578161211979E-005
          21          29   1.6389537520616865E-005
          22           1  -1.9525179019271141E-005
          22           2  -8.1401182046305590E-006
          22           3   2.3227965856748481E-017
          22           4   4.7014505148914926E-016
          22           5   1.2124804038679004E-016
          22           6  -3.6010034473097177E-005
          22           7   4.0427092725148327E-018
          22           8   7.2062076601481958E-016
          22           9   1.7218198282381661E-016
          22          10  -9.1631453092496252E-005
          22          11   5.6848574035985781E-017
          22          12   5.9204639233359629E-016
          22          13   1.4358826180502582E-016
          22          14  -1.4868194458224372E-005
          22          15  -2.2041699211596719E-017
          22          16   2.1997126383776573E-017
          22          17  -1.5687179945866730E-017
          22          18   1.0079751132471439E-005
          22          19  -6.9285085296628894E-006
          22          20  -7.9683157815927697E-006
          22          21  -1.4548567424503002E-005
          22          22   4.3953456090897167E-006
          22          23  -1.7881922615395887E-006
          22          24   2.6845108939089308E-005
          22          25  -1.8562886872944044E-005
          22          26  -2.1509341801115636E-005
          22          27  -3.8978578161239308E-005
          22          28   1.1776026970248785E-005
          22          29  -4.9515309429222848E-006
          23           1  -3.2057948406855582E-003
          23           2  -4.9996769543064513E-003
          23           3  -6.8174999761213528E-016
          23           4   1.8458622940424716E-016
          23           5  -6.3361191353730013E-016
          23           6   1.5236085182154590E-002
          23           7  -8.6071357795736734E-016
          23           8   3.6171949341858088E-016
          23           9  -8.4334278943565720E-016
          23          10   9.6493135528115705E-003
          23          11  -4.2910913486113789E-016
          23          12  -3.3503105158194877E-016
          23          13  -6.3267128952997325E-016
          23          14   2.0326643549130281E-004
          23          15   7.2124205131460750E-016
          23          16  -1.2013757062056262E-017
          23          17   2.2371218700939117E-016
          23          18   2.8394852834650285E-004
          23          19   2.8187784166177501E-006
          23          20   2.9129116222809001E-004
          23          21   5.9189055874480476E-006
          23          22  -1.7881922615395887E-006
          23          23   2.8877685504114891E-004
          23          24   6.3822090926506515E-004
          23          25   1.9729260458694163E-005
          23          26   6.8961364572448012E-004
          23          27   4.1427743761793359E-005
          23          28  -1.2515957504640826E-005
          23          29   6.7201544748723432E-004
          24           1  -7.5442616852244987E-003
          24           2  -1.1477819459774871E-002
          24           3   1.0687874606765850E-018
          24           4   7.7911878120073569E-016
          24           5  -9.5180111013078229E-018
          24           6   3.4047981667063201E-002
          24           7   2.4267469835982092E-016
          24           8   1.3891527883370739E-015
          24           9   1.1040082282605828E-016
          24          10   2.1074396786878682E-002
          24          11   1.1067574158421162E-015
          24          12  -1.3888365781071785E-016
          24          13   4.3364712750091171E-016
          24          14   3.5257848234012225E-004
          24          15   1.5701231674640390E-015
          24          16  -2.0677888113175572E-016
          24          17   5.6915429416474165E-016
          24          18   7.1070581981195840E-004
          24          19  -4.2316710176395141E-005
          24          20   6.0047505173577360E-004
          24          21  -8.8857148482745379E-005
          24          22   2.6845108939089308E-005
          24          23   6.3822090926506515E-004
          24          24   1.6296052400442082E-003
          24          25  -8.7538445083574422E-005
          24          26   1.4015764070480791E-003
          24          27  -1.8381430362428169E-004
          24          28   5.5533123554139899E-005
          24          29   1.4796593596856989E-003
          25           1  -1.0017621229663665E-004
          25           2  -2.1995337665770779E-004
          25           3   3.1314138757103352E-016
          25           4   7.4020098072802346E-016
          25           5   9.2529119334595380E-016
          25           6   8.1327391971574604E-004
          25           7   5.5917913299909534E-016
          25           8   1.1140298160710425E-015
          25           9   1.4867117410729673E-015
          25          10   8.0874905296881563E-004
          25          11   3.5247912452269544E-016
          25          12   8.1292723134418505E-016
          25          13   1.1107130621200523E-015
          25          14   7.1795809126864657E-005
          25          15   2.4079484620432745E-016
          25          16   2.3603414191104444E-016
          25          17   1.9011629018777505E-016
          25          18  -3.0392689037603324E-005
          25          19   2.9261207530174479E-005
          25          20   4.5829809531870938E-005
          25          21   6.1443043456234462E-005
          25          22  -1.8562886872944044E-005
          25          23   1.9729260458694163E-005
          25          24  -8.7538445083574422E-005
          25          25   7.9889056388552797E-005
          25          26   1.2056450077085277E-004
          25          27   1.6775202316229073E-004
          25          28  -5.0680461993806657E-005
          25          29   4.9304685722948002E-005
          26           1  -7.8052106289848190E-003
          26           2  -1.2050775853321611E-002
          26           3   2.8914088573973660E-016
          26           4   1.1797457559806348E-015
          26           5   1.6126932959080459E-015
          26           6   3.6166478318914154E-002
          26           7   9.0679857272154757E-016
          26           8   1.9802869809821589E-015
          26           9   2.7836934451875665E-015
          26          10   2.3181106616579902E-002
          26          11   1.3548039199338622E-015
          26          12   7.4011437875473071E-017
          26          13   2.3975952704564541E-015
          26          14   5.3959933419028046E-004
          26          15   2.1225509817859523E-015
          26          16   2.2290462441438624E-016
          26          17   1.0057350950166550E-015
          26          18   6.3153592587285215E-004
          26          19   3.3905788392995414E-005
          26          20   7.1985708981026997E-004
          26          21   7.1195791475809600E-005
          26          22  -2.1509341801115636E-005
          26          23   6.8961364572448012E-004
          26          24   1.4015764070480791E-003
          26          25   1.2056450077085277E-004
          26          26   1.7156347888847446E-003
          26          27   2.5316282154445375E-004
          26          28  -7.6484375649740204E-005
          26          29   1.6080931002650481E-003
          27           1  -2.1035124265568646E-004
          27           2  -4.6186080552235598E-004
          27           3  -5.8887445196962991E-016
          27           4   5.8018447626427826E-016
          27           5  -1.9066888930000321E-015
          27           6   1.7077225790931546E-003
          27           7  -6.8178219331529998E-016
          27           8   8.6782694425154988E-016
          27           9  -2.7120023212220468E-015
          27          10   1.6982212082477669E-003
          27          11  -9.6098152096203482E-016
          27          12   4.3608248794278523E-016
          27          13  -2.4234269792055301E-015
          27          14   1.5075772302309328E-004
          27          15   2.4718595252293289E-016
          27          16   3.4190179306791957E-016
          27          17  -3.4212107510019996E-017
          27          18  -6.3818942241700575E-005
          27          19   6.1443043456217494E-005
          27          20   9.6233997716985959E-005
          27          21   1.2901885833900044E-004
          27          22  -3.8978578161239308E-005
          27          23   4.1427743761793359E-005
          27          24  -1.8381430362428169E-004
          27          25   1.6775202316229073E-004
          27          26   2.5316282154445375E-004
          27          27   3.5224776142272693E-004
          27          28  -1.0641945741493141E-004
          27          29   1.0353058548052220E-004
          28           1   6.3550340323811829E-005
