           1           1  0.66393861657064401     
           1           2  0.58644378737864677     
           1           3   1.9041276837131042E-016
           1           4   1.9213328197491256E-015
           1           5   7.4081674058140436E-016
           1           6 -0.22872574205092724     
           1           7   2.8905432438512448E-016
           1           8   6.0374099962137284E-016
           1           9   4.0243174442121832E-016
           1          10 -0.15127597840793083     
           1          11  -2.2150077448330006E-016
           1          12   1.7131578609834887E-015
           1          13  -5.2028039066943562E-016
           1          14   4.8251569418670346E-003
           1          15   3.7166051465140435E-016
           1          16   3.7745353286958252E-016
           1          17   1.4756347768147284E-015
           1          18   7.8515920251331812E-003
           1          19  -3.8981817246318216E-016
           1          20   7.8515920251331500E-003
           1          21   2.4660838564823636E-016
           1          22  -9.0791473751826716E-018
           1          23   7.8515920251325602E-003
           1          24   1.9363998094711562E-002
           1          25  -2.8970067416611297E-016
           1          26   1.9363998094711114E-002
           1          27  -7.4258303970363282E-016
           1          28  -2.5507031566697446E-016
           1          29   1.9363998094712748E-002
           2           1  0.58644378737864677     
           2           2  0.53598318431223524     
           2           3   7.5341840337848745E-016
           2           4   2.6778414844151916E-015
           2           5   7.5931192716970468E-016
           2           6 -0.33355632839952953     
           2           7   3.8467671423435919E-016
           2           8   1.3030236845999051E-015
           2           9   6.2555108912198921E-016
           2          10 -0.21576022138679513     
           2          11  -3.1012999846074780E-016
           2          12   2.5227416284428400E-015
           2          13  -7.4350466259550818E-016
           2          14   4.5208338611715040E-003
           2          15   3.6399348086718098E-016
           2          16   5.8009616722875826E-016
           2          17   2.2987477302669783E-015
           2          18   7.1177877021721707E-003
           2          19  -3.5750791831222030E-016
           2          20   7.1177877021719616E-003
           2          21   2.7580298356932025E-016
           2          22   3.4235176314026178E-017
           2          23   7.1177877021712894E-003
           2          24   2.2663610856149256E-002
           2          25  -5.1594170291945494E-016
           2          26   2.2663610856148354E-002
           2          27  -9.2917246613687362E-016
           2          28  -1.7772512204125147E-016
           2          29   2.2663610856150519E-002
           3           1   1.9041276837131042E-016
           3           2   7.5341840337848745E-016
           3           3  0.35421836561014575     
           3           4  -2.3817750134903278E-002
           3           5  -9.4247052724155955E-003
           3           6  -3.7494909159521211E-015
           3           7  0.35274411725343086     
           3           8  -3.3216967173054390E-002
           3           9  -1.3143983956350688E-002
           3          10  -4.2227396636068998E-015
           3          11  0.19034483606197600     
           3          12  -3.6793852728928017E-002
           3          13  -1.4559360806235494E-002
           3          14   3.4272068362600457E-015
           3          15   4.7423659297153350E-002
           3          16  -1.9236220202781491E-002
           3          17  -7.6117897341104208E-003
           3          18   2.0417224153546536E-016
           3          19   1.2989830098763083E-017
           3          20   1.7486406542562717E-016
           3          21   7.3899415309512445E-017
           3          22   2.9993663900268420E-017
           3          23   1.2132457115950255E-016
           3          24   2.1400792661346251E-016
           3          25   1.3380022470703773E-016
           3          26   8.0660979691666413E-016
           3          27   2.8871587664181833E-016
           3          28  -3.9147208413214389E-016
           3          29   5.2777532765214329E-016
           4           1   1.9213328197491256E-015
           4           2   2.6778414844151916E-015
           4           3  -2.3817750134903278E-002
           4           4  0.30779908232934367     
           4           5  -2.2343571810429605E-002
           4           6  -8.7708489611538971E-015
           4           7  -3.3216967173053488E-002
           4           8  0.28800635654128287     
           4           9  -3.1161032723580520E-002
           4          10  -5.2327037222267344E-015
           4          11  -3.6793852728928517E-002
           4          12  0.11863595242928514     
           4          13  -3.4516530149774266E-002
           4          14   4.1588083960850185E-016
           4          15  -1.9236220202781165E-002
           4          16   9.9334870605946504E-003
           4          17  -1.8045611572362893E-002
           4          18   1.2405217360946113E-017
           4          19   2.1240110968782347E-016
           4          20   4.0635577782179435E-017
           4          21   5.8907572333408475E-017
           4          22   2.8732968807166016E-017
           4          23  -2.0012029860663229E-017
           4          24   2.5977757983588971E-016
           4          25   8.5284131937346067E-017
           4          26   7.3380586114351378E-016
           4          27  -4.7838466281480305E-017
           4          28  -1.8297771693055132E-016
           4          29   5.8390460854635550E-016
           5           1   7.4081674058140436E-016
           5           2   7.5931192716970468E-016
           5           3  -9.4247052724155955E-003
           5           4  -2.2343571810429605E-002
           5           5  0.35542352004076117     
           5           6  -1.5184842939925110E-015
           5           7  -1.3143983956351031E-002
           5           8  -3.1161032723580555E-002
           5           9  0.35442486270308360     
           5          10   9.1129263392852946E-016
           5          11  -1.4559360806235431E-002
           5          12  -3.4516530149775432E-002
           5          13  0.19220656835761660     
           5          14  -1.4164172839734030E-015
           5          15  -7.6117897341128260E-003
           5          16  -1.8045611572361689E-002
           5          17   4.8396992877121077E-002
           5          18   2.0741427380611998E-017
           5          19  -1.8511582048895743E-017
           5          20   1.0181537045089915E-016
           5          21   4.3506062918951304E-017
           5          22   8.9010528936165769E-017
           5          23  -1.8706655662366865E-016
           5          24  -5.2823430925257610E-016
           5          25   6.2388691920861541E-017
           5          26  -2.2852389466632417E-016
           5          27   2.5860107255363988E-016
           5          28   3.8462465648522025E-016
           5          29  -2.6994999433185866E-016
           6           1 -0.22872574205092724     
           6           2 -0.33355632839952953     
           6           3  -3.7494909159521211E-015
           6           4  -8.7708489611538971E-015
           6           5  -1.5184842939925110E-015
           6           6   1.1082668345278008     
           6           7  -6.8297835291007535E-016
           6           8  -5.6286068768044258E-015
           6           9  -2.8506159740530597E-015
           6          10  0.67137865758986814     
           6          11   1.4892302078789369E-015
           6          12  -8.2806303912771490E-015
           6          13   1.5963929213175432E-015
           6          14  -1.6998008507188925E-002
           6          15  -8.9681639813693941E-016
           6          16  -1.8367462338496298E-015
           6          17  -6.5785077008351340E-015
           6          18  -8.8299180250081301E-003
           6          19   4.7808996357442643E-016
           6          20  -8.8299180250070060E-003
           6          21  -5.5945054389574437E-016
           6          22  -3.4325493671453372E-016
           6          23  -8.8299180250051446E-003
           6          24  -6.3591735144193667E-002
           6          25   1.8528922706783971E-015
           6          26  -6.3591735144189948E-002
           6          27   2.4187361439926201E-015
           6          28  -8.4966551530774852E-016
           6          29  -6.3591735144195041E-002
           7           1   2.8905432438512448E-016
           7           2   3.8467671423435919E-016
           7           3  0.35274411725343086     
           7           4  -3.3216967173053488E-002
           7           5  -1.3143983956351031E-002
           7           6  -6.8297835291007535E-016
           7           7  0.36400992573770363     
           7           8  -4.6325404453665127E-002
           7           9  -1.8331004445354432E-002
           7          10  -3.0919314665067348E-015
           7          11  0.22172144128534466     
           7          12  -5.1313839105060655E-002
           7          13  -2.0304932549135141E-002
           7          14   4.1985944582290864E-015
           7          15   6.8740220694492260E-002
           7          16  -2.6827424563206134E-002
           7          17  -1.0615636166054763E-002
           7          18   2.1054137258741165E-016
           7          19   3.5514393209216591E-017
           7          20   1.1508264047729192E-016
           7          21   6.5063263478619222E-017
           7          22   1.7490093418181256E-017
           7          23   1.6702948544923969E-016
           7          24   8.9191971531987209E-017
           7          25   1.2910260957415485E-016
           7          26   6.4807490569046934E-016
           7          27   3.5745464085692148E-016
           7          28  -4.4787817259916379E-016
           7          29   3.9149822509106228E-016
           8           1   6.0374099962137284E-016
           8           2   1.3030236845999051E-015
           8           3  -3.3216967173054390E-002
           8           4  0.28800635654128287     
           8           5  -3.1161032723580555E-002
           8           6  -5.6286068768044258E-015
           8           7  -4.6325404453665127E-002
           8           8  0.27372465276890373     
           8           9  -4.3458135012541442E-002
           8          10  -3.9512003053819759E-015
           8          11  -5.1313839105062153E-002
           8          12  0.12171402580100804     
           8          13  -4.8137814966518568E-002
           8          14  -2.5907329950292482E-016
           8          15  -2.6827424563206047E-002
           8          16   1.6455272979428757E-002
           8          17  -2.5166965134059128E-002
           8          18  -9.4706981179699456E-017
           8          19   1.8851310482595028E-016
           8          20  -5.1290740288639885E-017
           8          21   4.6649534592211791E-017
           8          22   1.3911719912988124E-017
           8          23  -1.3454691587660936E-016
           8          24  -2.5308032777750899E-016
           8          25   7.2792642480020607E-017
           8          26   2.2229970382116495E-016
           8          27  -8.4310101836469743E-017
           8          28  -1.9191059396833080E-016
           8          29   3.3860487536994281E-017
           9           1   4.0243174442121832E-016
           9           2   6.2555108912198921E-016
           9           3  -1.3143983956350688E-002
           9           4  -3.1161032723580520E-002
           9           5  0.35442486270308360     
           9           6  -2.8506159740530597E-015
           9           7  -1.8331004445354432E-002
           9           8  -4.3458135012541442E-002
           9           9  0.36635394505569818     
           9          10   3.8865823568747622E-016
           9          11  -2.0304932549135055E-002
           9          12  -4.8137814966520316E-002
           9          13  0.22431787042743676     
           9          14  -1.8770305254050303E-015
           9          15  -1.0615636166058146E-002
           9          16  -2.5166965134057903E-002
           9          17   7.0097661653067897E-002
           9          18   6.2812909911898138E-018
           9          19  -3.2335081569830623E-017
           9          20   1.0806540559174549E-016
           9          21   5.8331770398634556E-017
           9          22   1.2153720610935387E-016
           9          23  -1.8904694688871254E-016
           9          24  -2.9240624307553806E-016
           9          25   5.9303876000303388E-017
           9          26  -1.6098244477650255E-016
           9          27   2.3548563050254306E-016
           9          28   5.1401778400364651E-016
           9          29  -6.1079311783968483E-017
          10           1 -0.15127597840793083     
          10           2 -0.21576022138679513     
          10           3  -4.2227396636068998E-015
          10           4  -5.2327037222267344E-015
          10           5   9.1129263392852946E-016
          10           6  0.67137865758986814     
          10           7  -3.0919314665067348E-015
          10           8  -3.9512003053819759E-015
          10           9   3.8865823568747622E-016
          10          10  0.43671065292161876     
          10          11  -2.1737716079111874E-015
          10          12  -4.5822088909026124E-015
          10          13   2.9035749948294339E-015
          10          14   2.5065836797505334E-003
          10          15  -1.4677818578222562E-015
          10          16  -8.8557474455138481E-016
          10          17  -5.3917674244952151E-015
          10          18  -3.0980388680816309E-003
          10          19   1.9458452245884991E-016
          10          20  -3.0980388680807141E-003
          10          21  -2.9429812206407222E-016
          10          22  -1.6767174880850678E-016
          10          23  -3.0980388680800601E-003
          10          24  -2.8692230805895367E-002
          10          25   1.2862947219461508E-015
          10          26  -2.8692230805892734E-002
          10          27   1.4916798632789243E-015
          10          28   1.8149978416204506E-016
          10          29  -2.8692230805897050E-002
          11           1  -2.2150077448330006E-016
          11           2  -3.1012999846074780E-016
          11           3  0.19034483606197600     
          11           4  -3.6793852728928517E-002
          11           5  -1.4559360806235431E-002
          11           6   1.4892302078789369E-015
          11           7  0.22172144128534466     
          11           8  -5.1313839105062153E-002
          11           9  -2.0304932549135055E-002
          11          10  -2.1737716079111874E-015
          11          11  0.18355063946572045     
          11          12  -5.6839440793956628E-002
          11          13  -2.2491418135540842E-002
          11          14   3.7409192696036189E-015
          11          15   7.9833011318725181E-002
          11          16  -2.9716268295433206E-002
          11          17  -1.1758754243962518E-002
          11          18   7.6669152211841278E-017
          11          19   6.4019098431165242E-017
          11          20  -1.0649974072790155E-016
          11          21   1.8165851548161482E-017
          11          22  -1.5153971380775475E-017
          11          23   1.3064982127828130E-016
          11          24  -1.4535481008202865E-016
          11          25   6.1439198066422063E-017
          11          26   9.4138055486320883E-017
          11          27   3.3183157067478020E-016
          11          28  -3.5697445466857779E-016
          11          29  -2.4014510289656150E-018
          12           1   1.7131578609834887E-015
          12           2   2.5227416284428400E-015
          12           3  -3.6793852728928017E-002
          12           4  0.11863595242928514     
          12           5  -3.4516530149775432E-002
          12           6  -8.2806303912771490E-015
          12           7  -5.1313839105060655E-002
          12           8  0.12171402580100804     
          12           9  -4.8137814966520316E-002
          12          10  -4.5822088909026124E-015
          12          11  -5.6839440793956628E-002
          12          12   7.2774177004195473E-002
          12          13  -5.3321414485046896E-002
          12          14  -4.0411089117946007E-016
          12          15  -2.9716268295432391E-002
          12          16   2.1917890526831282E-002
          12          17  -2.7877006469388902E-002
          12          18   3.2934306049364958E-017
          12          19   5.6023701973408631E-017
          12          20   8.6764183202691412E-017
          12          21   1.3076504345694651E-018
          12          22  -2.1699670084505148E-017
          12          23  -3.5778697180712344E-018
          12          24   2.4588859580623448E-016
          12          25   1.5169084799655282E-017
          12          26   5.0901400098464892E-016
          12          27  -1.1834548168274603E-016
          12          28  -1.2281631904931327E-016
          12          29   3.2953034845463030E-016
          13           1  -5.2028039066943562E-016
          13           2  -7.4350466259550818E-016
          13           3  -1.4559360806235494E-002
          13           4  -3.4516530149774266E-002
          13           5  0.19220656835761660     
          13           6   1.5963929213175432E-015
          13           7  -2.0304932549135141E-002
          13           8  -4.8137814966518568E-002
          13           9  0.22431787042743676     
          13          10   2.9035749948294339E-015
          13          11  -2.2491418135540842E-002
          13          12  -5.3321414485046896E-002
          13          13  0.18642665854890564     
          13          14  -1.9245689422811623E-015
          13          15  -1.1758754243966151E-002
          13          16  -2.7877006469387004E-002
          13          17   8.1336624892410489E-002
          13          18  -4.2400078363670995E-017
          13          19  -4.5063465828819826E-017
          13          20   5.4337367055805839E-017
          13          21   6.1289247801492882E-017
          13          22   1.3093695473963012E-016
          13          23  -1.2472718674368838E-016
          13          24   6.2911613201047844E-017
          13          25   2.6388555877958354E-017
          13          26  -1.9801380294361181E-016
          13          27   8.3287405036678413E-017
          13          28   5.3760494853838086E-016
          13          29   1.3631984427049954E-016
          14           1   4.8251569418670346E-003
          14           2   4.5208338611715040E-003
          14           3   3.4272068362600457E-015
          14           4   4.1588083960850185E-016
          14           5  -1.4164172839734030E-015
          14           6  -1.6998008507188925E-002
          14           7   4.1985944582290864E-015
          14           8  -2.5907329950292482E-016
          14           9  -1.8770305254050303E-015
          14          10   2.5065836797505334E-003
          14          11   3.7409192696036189E-015
          14          12  -4.0411089117946007E-016
          14          13  -1.9245689422811623E-015
          14          14   5.9793776737116309E-003
          14          15   2.0746017525339387E-015
          14          16  -4.0679779358015965E-016
          14          17  -1.8489355227913067E-015
          14          18   1.3351499992399496E-003
          14          19  -6.0793885676919214E-017
          14          20   1.3351499992400428E-003
          14          21   2.8301739307417738E-017
          14          22   2.0891285984836648E-017
          14          23   1.3351499992398030E-003
          14          24   5.6026677366946952E-003
          14          25   5.1980804660928686E-017
          14          26   5.6026677366948045E-003
          14          27  -3.0747590956493376E-017
          14          28   3.0978316076062309E-016
          14          29   5.6026677366943570E-003
          15           1   3.7166051465140435E-016
          15           2   3.6399348086718098E-016
          15           3   4.7423659297153350E-002
          15           4  -1.9236220202781165E-002
          15           5  -7.6117897341128260E-003
          15           6  -8.9681639813693941E-016
          15           7   6.8740220694492260E-002
          15           8  -2.6827424563206047E-002
          15           9  -1.0615636166058146E-002
          15          10  -1.4677818578222562E-015
          15          11   7.9833011318725181E-002
          15          12  -2.9716268295432391E-002
          15          13  -1.1758754243966151E-002
          15          14   2.0746017525339387E-015
          15          15   4.2696960743969239E-002
          15          16  -1.5535983272728133E-002
          15          17  -6.1476026338891515E-003
          15          18   8.6617148786611834E-017
          15          19   3.9885661880783304E-017
          15          20  -2.9274039155107943E-017
          15          21  -4.5151858416584982E-018
          15          22  -1.6898227339691082E-017
          15          23   1.4140047273398687E-016
          15          24   2.5193924496908459E-016
          15          25   1.0917739657377812E-017
          15          26   2.7847718220086844E-016
          15          27   1.5681819108703194E-016
          15          28  -1.5046196607790038E-016
          15          29   2.7678994001407719E-016
          16           1   3.7745353286958252E-016
          16           2   5.8009616722875826E-016
          16           3  -1.9236220202781491E-002
          16           4   9.9334870605946504E-003
          16           5  -1.8045611572361689E-002
          16           6  -1.8367462338496298E-015
          16           7  -2.6827424563206134E-002
          16           8   1.6455272979428757E-002
          16           9  -2.5166965134057903E-002
          16          10  -8.8557474455138481E-016
          16          11  -2.9716268295433206E-002
          16          12   2.1917890526831282E-002
          16          13  -2.7877006469387004E-002
          16          14  -4.0679779358015965E-016
          16          15  -1.5535983272728133E-002
          16          16   1.2418315427013060E-002
          16          17  -1.4574397494879545E-002
          16          18   4.7503408301360035E-018
          16          19  -1.0428409290896060E-017
          16          20   3.4384918332320065E-017
          16          21  -1.2409019783500282E-017
          16          22  -2.0991590842991817E-017
          16          23  -1.2358327399189511E-017
          16          24  -2.6506107332727293E-018
          16          25  -9.0866041292774961E-018
          16          26   6.6430487382341162E-017
          16          27  -6.8359884439746078E-017
          16          28  -4.0876239748382341E-017
          16          29  -1.9802551231892166E-017
          17           1   1.4756347768147284E-015
          17           2   2.2987477302669783E-015
          17           3  -7.6117897341104208E-003
          17           4  -1.8045611572362893E-002
          17           5   4.8396992877121077E-002
          17           6  -6.5785077008351340E-015
          17           7  -1.0615636166054763E-002
          17           8  -2.5166965134059128E-002
          17           9   7.0097661653067897E-002
          17          10  -5.3917674244952151E-015
          17          11  -1.1758754243962518E-002
          17          12  -2.7877006469388902E-002
          17          13   8.1336624892410489E-002
          17          14  -1.8489355227913067E-015
          17          15  -6.1476026338891515E-003
          17          16  -1.4574397494879545E-002
          17          17   4.3483066021291386E-002
          17          18  -1.6627634906355030E-016
          17          19  -2.5963323325788224E-017
          17          20  -1.1986207996674065E-016
          17          21   3.1178629331346763E-017
          17          22   6.7496612568734159E-017
          17          23  -1.7447493646587179E-016
          17          24  -1.7633046560856301E-016
          17          25   3.5796617680903779E-018
          17          26  -4.1841695713304321E-016
          17          27  -2.6129347302647198E-018
          17          28   2.7280854212020672E-016
          17          29  -1.8547898962011993E-016
          18           1   7.8515920251331812E-003
          18           2   7.1177877021721707E-003
          18           3   2.0417224153546536E-016
          18           4   1.2405217360946113E-017
          18           5   2.0741427380611998E-017
          18           6  -8.8299180250081301E-003
          18           7   2.1054137258741165E-016
          18           8  -9.4706981179699456E-017
          18           9   6.2812909911898138E-018
          18          10  -3.0980388680816309E-003
          18          11   7.6669152211841278E-017
          18          12   3.2934306049364958E-017
          18          13  -4.2400078363670995E-017
          18          14   1.3351499992399496E-003
          18          15   8.6617148786611834E-017
          18          16   4.7503408301360035E-018
          18          17  -1.6627634906355030E-016
          18          18   4.6546988322150866E-004
          18          19  -2.3086059526832256E-017
          18          20   4.6546988322152677E-004
          18          21   8.6346321794134707E-018
          18          22   4.2521716736760872E-018
          18          23   4.6546988322146746E-004
          18          24   1.6492855885298213E-003
          18          25   7.2381896348838551E-018
          18          26   1.6492855885298281E-003
          18          27  -2.2085031171090601E-017
          18          28   5.8426644034313613E-017
          18          29   1.6492855885297721E-003
          19           1  -3.8981817246318216E-016
          19           2  -3.5750791831222030E-016
          19           3   1.2989830098763083E-017
          19           4   2.1240110968782347E-016
          19           5  -1.8511582048895743E-017
          19           6   4.7808996357442643E-016
          19           7   3.5514393209216591E-017
          19           8   1.8851310482595028E-016
          19           9  -3.2335081569830623E-017
          19          10   1.9458452245884991E-016
          19          11   6.4019098431165242E-017
          19          12   5.6023701973408631E-017
          19          13  -4.5063465828819826E-017
          19          14  -6.0793885676919214E-017
          19          15   3.9885661880783304E-017
          19          16  -1.0428409290896060E-017
          19          17  -2.5963323325788224E-017
          19          18  -2.3086059526832256E-017
          19          19   1.3827985534813953E-030
          19          20  -2.3086059526833159E-017
          19          21  -3.8489547741535592E-031
          19          22  -2.0729429939850231E-031
          19          23  -2.3086059526830207E-017
          19          24  -8.0548986347023440E-017
          19          25  -1.8697416791275839E-031
          19          26  -8.0548986347023058E-017
          19          27   1.3700808593831369E-030
          19          28  -2.8860156975620684E-030
          19          29  -8.0548986347021221E-017
          20           1   7.8515920251331500E-003
          20           2   7.1177877021719616E-003
          20           3   1.7486406542562717E-016
          20           4   4.0635577782179435E-017
          20           5   1.0181537045089915E-016
          20           6  -8.8299180250070060E-003
          20           7   1.1508264047729192E-016
          20           8  -5.1290740288639885E-017
          20           9   1.0806540559174549E-016
          20          10  -3.0980388680807141E-003
          20          11  -1.0649974072790155E-016
          20          12   8.6764183202691412E-017
          20          13   5.4337367055805839E-017
          20          14   1.3351499992400428E-003
          20          15  -2.9274039155107943E-017
          20          16   3.4384918332320065E-017
          20          17  -1.1986207996674065E-016
          20          18   4.6546988322152677E-004
          20          19  -2.3086059526833159E-017
          20          20   4.6546988322154482E-004
          20          21   8.6346321794133505E-018
          20          22   4.2521716736761027E-018
          20          23   4.6546988322148552E-004
          20          24   1.6492855885298511E-003
          20          25   7.2381896348874297E-018
          20          26   1.6492855885298576E-003
          20          27  -2.2085031171088499E-017
          20          28   5.8426644034318728E-017
          20          29   1.6492855885298018E-003
          21           1   2.4660838564823636E-016
          21           2   2.7580298356932025E-016
          21           3   7.3899415309512445E-017
          21           4   5.8907572333408475E-017
          21           5   4.3506062918951304E-017
          21           6  -5.5945054389574437E-016
          21           7   6.5063263478619222E-017
          21           8   4.6649534592211791E-017
          21           9   5.8331770398634556E-017
          21          10  -2.9429812206407222E-016
          21          11   1.8165851548161482E-017
          21          12   1.3076504345694651E-018
          21          13   6.1289247801492882E-017
          21          14   2.8301739307417738E-017
          21          15  -4.5151858416584982E-018
          21          16  -1.2409019783500282E-017
          21          17   3.1178629331346763E-017
          21          18   8.6346321794134707E-018
          21          19  -3.8489547741535592E-031
          21          20   8.6346321794133505E-018
          21          21   4.5275855988349314E-031
          21          22   2.9793068302385015E-031
          21          23   8.6346321794115216E-018
          21          24   4.7549304076511346E-017
          21          25  -6.3926386360006283E-031
          21          26   4.7549304076510194E-017
          21          27  -1.1808945250831935E-030
          21          28   1.5332061672577817E-030
          21          29   4.7549304076511081E-017
          22           1  -9.0791473751826716E-018
          22           2   3.4235176314026178E-017
          22           3   2.9993663900268420E-017
          22           4   2.8732968807166016E-017
          22           5   8.9010528936165769E-017
          22           6  -3.4325493671453372E-016
          22           7   1.7490093418181256E-017
          22           8   1.3911719912988124E-017
          22           9   1.2153720610935387E-016
          22          10  -1.6767174880850678E-016
          22          11  -1.5153971380775475E-017
          22          12  -2.1699670084505148E-017
          22          13   1.3093695473963012E-016
          22          14   2.0891285984836648E-017
          22          15  -1.6898227339691082E-017
          22          16  -2.0991590842991817E-017
          22          17   6.7496612568734159E-017
          22          18   4.2521716736760872E-018
          22          19  -2.0729429939850231E-031
          22          20   4.2521716736761027E-018
          22          21   2.9793068302385015E-031
          22          22   2.9594529809512095E-031
          22          23   4.2521716736747899E-018
          22          24   3.0287660406424988E-017
          22          25  -3.6893387351653551E-031
          22          26   3.0287660406424076E-017
          22          27  -6.7204776318420532E-031
          22          28   1.5930080464361341E-030
          22          29   3.0287660406424334E-017
          23           1   7.8515920251325602E-003
          23           2   7.1177877021712894E-003
          23           3   1.2132457115950255E-016
          23           4  -2.0012029860663229E-017
          23           5  -1.8706655662366865E-016
          23           6  -8.8299180250051446E-003
          23           7   1.6702948544923969E-016
          23           8  -1.3454691587660936E-016
          23           9  -1.8904694688871254E-016
          23          10  -3.0980388680800601E-003
          23          11   1.3064982127828130E-016
          23          12  -3.5778697180712344E-018
          23          13  -1.2472718674368838E-016
          23          14   1.3351499992398030E-003
          23          15   1.4140047273398687E-016
          23          16  -1.2358327399189511E-017
          23          17  -1.7447493646587179E-016
          23          18   4.6546988322146746E-004
          23          19  -2.3086059526830207E-017
          23          20   4.6546988322148552E-004
          23          21   8.6346321794115216E-018
          23          22   4.2521716736747899E-018
          23          23   4.6546988322142626E-004
          23          24   1.6492855885295735E-003
          23          25   7.2381896348875190E-018
          23          26   1.6492855885295802E-003
          23          27  -2.2085031171084308E-017
          23          28   5.8426644034305712E-017
          23          29   1.6492855885295247E-003
          24           1   1.9363998094711562E-002
          24           2   2.2663610856149256E-002
          24           3   2.1400792661346251E-016
          24           4   2.5977757983588971E-016
          24           5  -5.2823430925257610E-016
          24           6  -6.3591735144193667E-002
          24           7   8.9191971531987209E-017
          24           8  -2.5308032777750899E-016
          24           9  -2.9240624307553806E-016
          24          10  -2.8692230805895367E-002
          24          11  -1.4535481008202865E-016
          24          12   2.4588859580623448E-016
          24          13   6.2911613201047844E-017
          24          14   5.6026677366946952E-003
          24          15   2.5193924496908459E-016
          24          16  -2.6506107332727293E-018
          24          17  -1.7633046560856301E-016
          24          18   1.6492855885298213E-003
          24          19  -8.0548986347023440E-017
          24          20   1.6492855885298511E-003
          24          21   4.7549304076511346E-017
          24          22   3.0287660406424988E-017
          24          23   1.6492855885295735E-003
          24          24   7.6067112851503143E-003
          24          25  -3.4523114112907717E-017
          24          26   7.6067112851502354E-003
          24          27  -1.3826582094307566E-016
          24          28   2.7650233044258171E-016
          24          29   7.6067112851501192E-003
          25           1  -2.8970067416611297E-016
          25           2  -5.1594170291945494E-016
          25           3   1.3380022470703773E-016
          25           4   8.5284131937346067E-017
          25           5   6.2388691920861541E-017
          25           6   1.8528922706783971E-015
          25           7   1.2910260957415485E-016
          25           8   7.2792642480020607E-017
          25           9   5.9303876000303388E-017
          25          10   1.2862947219461508E-015
          25          11   6.1439198066422063E-017
          25          12   1.5169084799655282E-017
          25          13   2.6388555877958354E-017
          25          14   5.1980804660928686E-017
          25          15   1.0917739657377812E-017
          25          16  -9.0866041292774961E-018
          25          17   3.5796617680903779E-018
          25          18   7.2381896348838551E-018
          25          19  -1.8697416791275839E-031
          25          20   7.2381896348874297E-018
          25          21  -6.3926386360006283E-031
          25          22  -3.6893387351653551E-031
          25          23   7.2381896348875190E-018
          25          24  -3.4523114112907717E-017
          25          25   4.5517411063105803E-030
          25          26  -3.4523114112898750E-017
          25          27   4.1636436364407809E-030
          25          28   2.2735573759209843E-030
          25          29  -3.4523114112914392E-017
          26           1   1.9363998094711114E-002
          26           2   2.2663610856148354E-002
          26           3   8.0660979691666413E-016
          26           4   7.3380586114351378E-016
          26           5  -2.2852389466632417E-016
          26           6  -6.3591735144189948E-002
          26           7   6.4807490569046934E-016
          26           8   2.2229970382116495E-016
          26           9  -1.6098244477650255E-016
          26          10  -2.8692230805892734E-002
          26          11   9.4138055486320883E-017
          26          12   5.0901400098464892E-016
          26          13  -1.9801380294361181E-016
          26          14   5.6026677366948045E-003
          26          15   2.7847718220086844E-016
          26          16   6.6430487382341162E-017
          26          17  -4.1841695713304321E-016
          26          18   1.6492855885298281E-003
          26          19  -8.0548986347023058E-017
          26          20   1.6492855885298576E-003
          26          21   4.7549304076510194E-017
          26          22   3.0287660406424076E-017
          26          23   1.6492855885295802E-003
          26          24   7.6067112851502354E-003
          26          25  -3.4523114112898750E-017
          26          26   7.6067112851501565E-003
          26          27  -1.3826582094306669E-016
          26          28   2.7650233044258531E-016
          26          29   7.6067112851500402E-003
          27           1  -7.4258303970363282E-016
          27           2  -9.2917246613687362E-016
          27           3   2.8871587664181833E-016
          27           4  -4.7838466281480305E-017
          27           5   2.5860107255363988E-016
          27           6   2.4187361439926201E-015
          27           7   3.5745464085692148E-016
          27           8  -8.4310101836469743E-017
          27           9   2.3548563050254306E-016
          27          10   1.4916798632789243E-015
          27          11   3.3183157067478020E-016
          27          12  -1.1834548168274603E-016
          27          13   8.3287405036678413E-017
          27          14  -3.0747590956493376E-017
          27          15   1.5681819108703194E-016
          27          16  -6.8359884439746078E-017
          27          17  -2.6129347302647198E-018
          27          18  -2.2085031171090601E-017
          27          19   1.3700808593831369E-030
          27          20  -2.2085031171088499E-017
          27          21  -1.1808945250831935E-030
          27          22  -6.7204776318420532E-031
          27          23  -2.2085031171084308E-017
          27          24  -1.3826582094307566E-016
          27          25   4.1636436364407809E-030
          27          26  -1.3826582094306669E-016
          27          27   6.2871495366472540E-030
          27          28  -1.6690762771740689E-030
          27          29  -1.3826582094307911E-016
          28           1  -2.5507031566697446E-016
