           1           1   3.1517936798085511E-002
           1           2   6.1533431764314250E-002
           1           3   7.3774444364388542E-002
           1           4   4.1719138526278551E-002
           1           5   2.8571041741245731E-018
           1           6  -3.6772827860761130E-018
           1           7  -5.8867415226897953E-018
           1           8  -1.3988345744479445E-017
           1           9   1.5172417548465255E-017
           1          10   1.7833023700183994E-017
           2           1   6.1533431764314250E-002
           2           2  0.12013360039872636     
           2           3  0.14403210360273483     
           2           4   8.1449549829945386E-002
           2           5   5.5780118434881462E-018
           2           6  -7.1792716269691403E-018
           2           7  -1.1492865479144906E-017
           2           8  -2.7309875131669342E-017
           2           9   2.9621574721061090E-017
           2          10   3.4815957466902637E-017
           3           1   7.3774444364388542E-002
           3           2  0.14403210360273483     
           3           3  0.17268480091643765     
           3           4   9.7652529854813042E-002
           3           5   6.6876608798206310E-018
           3           6  -8.6074636183030479E-018
           3           7  -1.3779172403810210E-017
           3           8  -3.2742702718364979E-017
           3           9   3.5514274981683257E-017
           3          10   4.1741990386184194E-017
           4           1   4.1719138526278551E-002
           4           2   8.1449549829945386E-002
           4           3   9.7652529854813042E-002
           4           4   5.5222095612570091E-002
           4           5   3.7818441476014393E-018
           4           6  -4.8674845354067602E-018
           4           7  -7.7920641388052187E-018
           4           8  -1.8515860908219902E-017
           4           9   2.0083173385937198E-017
           4          10   2.3604920298449736E-017
           5           1   2.8571041741245731E-018
           5           2   5.5780118434881462E-018
           5           3   6.6876608798206310E-018
           5           4   3.7818441476014393E-018
           5           5   2.5899678377094483E-034
           5           6  -3.3334605830457432E-034
           5           7  -5.3363371734063172E-034
           5           8  -1.2680449634659331E-033
           5           9   1.3753811928423612E-033
           5          10   1.6165654109108126E-033
           6           1  -3.6772827860761130E-018
           6           2  -7.1792716269691403E-018
           6           3  -8.6074636183030479E-018
           6           4  -4.8674845354067602E-018
           6           5  -3.3334605830457432E-034
           6           6   4.2903851148001188E-034
           6           7   6.8682202791845134E-034
           6           8   1.6320580671695448E-033
           6           9  -1.7702069215875660E-033
           6          10  -2.0806270250645750E-033
           7           1  -5.8867415226897953E-018
           7           2  -1.1492865479144906E-017
           7           3  -1.3779172403810210E-017
           7           4  -7.7920641388052187E-018
           7           5  -5.3363371734063172E-034
           7           6   6.8682202791845134E-034
           7           7   1.0994922027086854E-033
           7           8   2.6126639016793184E-033
           7           9  -2.8338181193244553E-033
           7          10  -3.3307510502197917E-033
           8           1  -1.3988345744479445E-017
           8           2  -2.7309875131669342E-017
           8           3  -3.2742702718364979E-017
           8           4  -1.8515860908219902E-017
           8           5  -1.2680449634659331E-033
           8           6   1.6320580671695448E-033
           8           7   2.6126639016793184E-033
           8           8   6.2083320339351018E-033
           8           9  -6.7338488495360869E-033
           8          10  -7.9146837175846626E-033
           9           1   1.5172417548465255E-017
           9           2   2.9621574721061090E-017
           9           3   3.5514274981683257E-017
           9           4   2.0083173385937198E-017
           9           5   1.3753811928423612E-033
           9           6  -1.7702069215875660E-033
           9           7  -2.8338181193244553E-033
           9           8  -6.7338488495360869E-033
           9           9   7.3038490983635559E-033
           9          10   8.5846381209604941E-033
          10           1   1.7833023700183994E-017
          10           2   3.4815957466902637E-017
          10           3   4.1741990386184194E-017
          10           4   2.3604920298449736E-017
          10           5   1.6165654109108126E-033
          10           6  -2.0806270250645750E-033
          10           7  -3.3307510502197917E-033
          10           8  -7.9146837175846626E-033
          10           9   8.5846381209604941E-033
          10          10   1.0090023859386674E-032
