           1           1   5.6453262417111669E-002
           1           2  0.12032155806383411     
           1           3   8.9151066560861233E-002
           1           4   1.9874835698527791E-003
           1           5   2.9536679810181628E-017
           1           6   1.4824491672279293E-016
           1           7  -1.9637479582548852E-017
           1           8   2.8776391285315084E-016
           1           9  -5.9739800204087237E-017
           1          10  -4.7668634279430155E-016
           2           1  0.12032155806383411     
           2           2  0.25644713370046729     
           2           3  0.19001196339016155     
           2           4   4.2360194878387067E-003
           2           5   6.2952948733684080E-017
           2           6   3.1596153333599286E-016
           2           7  -4.1854306352768225E-017
           2           8   6.1332509170526646E-016
           2           9  -1.2732631439204772E-016
           2          10  -1.0159845687744716E-015
           3           1   8.9151066560861233E-002
           3           2  0.19001196339016155     
           3           3  0.14078748204514752     
           3           4   3.1386366781675297E-003
           3           5   4.6644363762158511E-017
           3           6   2.3410856825976908E-016
           3           7  -3.1011533689870635E-017
           3           8   4.5443715119657900E-016
           3           9  -9.4341171374230414E-017
           3          10  -7.5278370204920011E-016
           4           1   1.9874835698527791E-003
           4           2   4.2360194878387067E-003
           4           3   3.1386366781675297E-003
           4           4   6.9970994966580123E-005
           4           5   1.0398631242424796E-018
           4           6   5.2190843130340899E-018
           4           7  -6.9135363223587668E-019
           4           8   1.0130965409340570E-017
           4           9  -2.1031888377795865E-018
           4          10  -1.6782135056728161E-017
           5           1   2.9536679810181628E-017
           5           2   6.2952948733684080E-017
           5           3   4.6644363762158511E-017
           5           4   1.0398631242424796E-018
           5           5   1.5453765059019004E-032
           5           6   7.7562614652380994E-032
           5           7  -1.0274445122819186E-032
           5           8   1.5055977619270764E-031
           5           9  -3.1256215761544754E-032
           5          10  -2.4940510564246909E-031
           6           1   1.4824491672279293E-016
           6           2   3.1596153333599286E-016
           6           3   2.3410856825976908E-016
           6           4   5.2190843130340899E-018
           6           5   7.7562614652380994E-032
           6           6   3.8928760523654787E-031
           6           7  -5.1567551647433122E-032
           6           8   7.5566115172486064E-031
           6           9  -1.5687528633609672E-031
           6          10  -1.2517669336504835E-030
           7           1  -1.9637479582548852E-017
           7           2  -4.1854306352768225E-017
           7           3  -3.1011533689870635E-017
           7           4  -6.9135363223587668E-019
           7           5  -1.0274445122819186E-032
           7           6  -5.1567551647433122E-032
           7           7   6.8309711050132992E-033
           7           8  -1.0009975900941455E-031
           7           9   2.0780714108343864E-032
           7          10   1.6581713656756837E-031
           8           1   2.8776391285315084E-016
           8           2   6.1332509170526646E-016
           8           3   4.5443715119657900E-016
           8           4   1.0130965409340570E-017
           8           5   1.5055977619270764E-031
           8           6   7.5566115172486064E-031
           8           7  -1.0009975900941455E-031
           8           8   1.4668429421973614E-030
           8           9  -3.0451665543748657E-031
           8          10  -2.4298529674445841E-030
           9           1  -5.9739800204087237E-017
           9           2  -1.2732631439204772E-016
           9           3  -9.4341171374230414E-017
           9           4  -2.1031888377795865E-018
           9           5  -3.1256215761544754E-032
           9           6  -1.5687528633609672E-031
           9           7   2.0780714108343864E-032
           9           8  -3.0451665543748657E-031
           9           9   6.3217670257131176E-032
           9          10   5.0443757648834916E-031
          10           1  -4.7668634279430155E-016
          10           2  -1.0159845687744716E-015
          10           3  -7.5278370204920011E-016
          10           4  -1.6782135056728161E-017
          10           5  -2.4940510564246909E-031
          10           6  -1.2517669336504835E-030
          10           7   1.6581713656756837E-031
          10           8  -2.4298529674445841E-030
          10           9   5.0443757648834916E-031
          10          10   4.0250972163077373E-030
