           1           1  0.69807586399660626     
           1           2  0.59222197174795099     
           1           3   8.7231833008887903E-016
           1           4  -1.2783989892208675E-015
           1           5   1.6049348086977462E-015
           1           6 -0.23416231556784425     
           1           7  -4.3033171500538883E-015
           1           8  -2.8627699600159529E-015
           1           9   2.2854691143484520E-016
           1          10 -0.20011050817478579     
           1          11   2.4313286038751300E-015
           1          12   2.4375378422368902E-015
           1          13   1.7741890254930039E-015
           1          14  -7.7638324301197333E-003
           1          15  -3.0944052494647703E-017
           1          16  -7.1879287635925296E-017
           1          17  -1.0995460229859667E-015
           1          18   2.2043177161325304E-002
           1          19  -1.6038732431735200E-015
           1          20   2.2043177161325388E-002
           1          21   1.0674071620661177E-015
           1          22  -1.4995808846706216E-015
           1          23   2.2043177161326540E-002
           1          24   4.2042882760087816E-002
           1          25   8.3972107509866073E-016
           1          26   4.2042882760087753E-002
           1          27  -2.3652154345262569E-015
           1          28  -1.1715747294940607E-015
           1          29   4.2042882760086893E-002
           2           1  0.59222197174795099     
           2           2  0.52353626103933193     
           2           3   7.3268071055411856E-016
           2           4  -1.5851634317347798E-015
           2           5   7.3569413905635726E-016
           2           6 -0.33646414915297501     
           2           7  -3.5175443538205224E-015
           2           8  -1.8486722947475445E-015
           2           9   1.0179734236400145E-017
           2          10 -0.27769882097822918     
           2          11   3.4202144143821480E-015
           2          12   2.3865518622739473E-015
           2          13   7.5058561915289832E-016
           2          14  -1.5807316436103256E-002
           2          15  -1.2118993587340496E-015
           2          16  -1.8246524527626032E-015
           2          17  -2.4823048561872718E-017
           2          18   2.4028295725222078E-002
           2          19  -1.2834414175403502E-015
           2          20   2.4028295725222148E-002
           2          21   7.6843275572810209E-016
           2          22  -1.1902074455553523E-015
           2          23   2.4028295725223331E-002
           2          24   5.1587383696457816E-002
           2          25   1.1198487842483485E-015
           2          26   5.1587383696457767E-002
           2          27  -1.8860978026113024E-015
           2          28  -1.1582540246237184E-015
           2          29   5.1587383696457587E-002
           3           1   8.7231833008887903E-016
           3           2   7.3268071055411856E-016
           3           3  0.34594097075903590     
           3           4  -3.6082248300317533E-016
           3           5   5.2735593669694354E-016
           3           6  -1.1347901301098087E-015
           3           7  0.26237153535034397     
           3           8   2.3592239273284715E-016
           3           9  -1.3877787807827045E-017
           3          10  -8.9451901067933523E-016
           3          11   8.1672111477962342E-002
           3          12  -6.2103100439968195E-016
           3          13  -6.9388939039103884E-018
           3          14   3.8029503564899951E-016
           3          15  -4.3868333859541893E-003
           3          16   7.6653093594719927E-016
           3          17  -6.1409211049578685E-016
           3          18   6.1272731149222584E-017
           3          19   1.2788714525380923E-016
           3          20   1.9245651088937193E-016
           3          21  -5.9054278631629510E-017
           3          22  -3.0503163629857372E-016
           3          23   1.0968840495307554E-016
           3          24  -6.0148703098176067E-017
           3          25  -1.0770630753128870E-016
           3          26  -5.5439072199684981E-016
           3          27  -2.8951259782736034E-016
           3          28   7.7508933979895757E-017
           3          29   8.3958210290029619E-017
           4           1  -1.2783989892208675E-015
           4           2  -1.5851634317347798E-015
           4           3  -3.6082248300317533E-016
           4           4  0.34594097075903579     
           4           5   2.3939183968479884E-016
           4           6   4.1693465289645881E-015
           4           7  -3.7470027081099058E-016
           4           8  0.26237153535034469     
           4           9   2.4633073358870557E-016
           4          10   2.4579677944505611E-015
           4          11  -2.4633073358870340E-016
           4          12   8.1672111477962481E-002
           4          13  -2.8622937353617662E-017
           4          14   5.2501802359708568E-017
           4          15  -8.1965684239907722E-017
           4          16  -4.3868333859532179E-003
           4          17  -4.6024382222009404E-017
           4          18  -4.3427017308388878E-016
           4          19  -6.3269981264468048E-017
           4          20  -1.8148843562738219E-016
           4          21   4.0816030365607746E-017
           4          22  -6.2707288408774266E-017
           4          23  -2.6810729549508070E-016
           4          24  -6.5758782665256450E-016
           4          25   1.1915961615569776E-016
           4          26  -8.4106246587023413E-016
           4          27  -1.6052055302676127E-016
           4          28   1.2766151913974258E-016
           4          29  -6.1489475799655624E-016
           5           1   1.6049348086977462E-015
           5           2   7.3569413905635726E-016
           5           3   5.2735593669694354E-016
           5           4   2.3939183968479884E-016
           5           5  0.34594097075903585     
           5           6   1.9027660248435834E-015
           5           7   2.8449465006019908E-016
           5           8  -7.6327832942979670E-016
           5           9  0.26237153535034563     
           5          10   2.6014262223518050E-015
           5          11  -4.7184478546572427E-016
           5          12   1.0816000872715250E-015
           5          13   8.1672111477960982E-002
           5          14   1.5007512524772449E-015
           5          15   2.3635607360221018E-017
           5          16  -3.8630123405653459E-016
           5          17  -4.3868333859542778E-003
           5          18  -4.8261999658408362E-016
           5          19  -2.3264120845062483E-017
           5          20   5.6246255791178836E-017
           5          21  -2.0109692110778601E-017
           5          22   1.6396013680409216E-016
           5          23  -1.4402262588747125E-016
           5          24  -9.3244186385493751E-016
           5          25   7.6810055573582909E-017
           5          26  -5.7571366613236582E-016
           5          27  -5.8292423199577455E-016
           5          28  -8.8326203246747372E-017
           5          29  -1.8242508193217707E-016
           6           1 -0.23416231556784425     
           6           2 -0.33646414915297501     
           6           3  -1.1347901301098087E-015
           6           4   4.1693465289645881E-015
           6           5   1.9027660248435834E-015
           6           6   1.0898479153546985     
           6           7   8.5214237256077162E-016
           6           8  -2.8216973399916879E-015
           6           9  -1.8060797986140408E-015
           6          10  0.80984004084930306     
           6          11  -9.5294943078653954E-015
           6          12  -2.3408890395679652E-015
           6          13   4.1278252006282677E-015
           6          14   2.1232286666301808E-002
           6          15   5.9428369336486993E-015
           6          16   8.2898225588949658E-015
           6          17  -5.6257387135830386E-015
           6          18  -5.7016194517116231E-002
           6          19   3.7328628481489623E-016
           6          20  -5.7016194517116370E-002
           6          21  -4.3507418654524739E-016
           6          22  -1.2713022970352558E-017
           6          23  -5.7016194517118292E-002
           6          24 -0.15260050062150221     
           6          25  -2.5444865394829446E-015
           6          26 -0.15260050062150238     
           6          27   8.8298395912550645E-016
           6          28   1.1079172887900086E-015
           6          29 -0.15260050062150413     
           7           1  -4.3033171500538883E-015
           7           2  -3.5175443538205224E-015
           7           3  0.26237153535034397     
           7           4  -3.7470027081099058E-016
           7           5   2.8449465006019908E-016
           7           6   8.5214237256077162E-016
           7           7  0.19899008322447662     
           7           8   8.3266726846886174E-017
           7           9  -9.7144514654694985E-017
           7          10   1.6698678835843000E-015
           7          11   6.1942467342798027E-002
           7          12  -4.9613091412937403E-016
           7          13  -3.2959746043557942E-017
           7          14   8.2063118223266783E-016
           7          15  -3.3271000201958159E-003
           7          16   5.8286708792823193E-016
           7          17  -4.6436379047554293E-016
           7          18  -1.7330346953001202E-016
           7          19   9.6993271939432114E-017
           7          20  -7.3809935624602904E-017
           7          21  -4.4788455439668172E-017
           7          22  -2.3134472499883048E-016
           7          23  -1.3658363653924323E-016
           7          24  -3.4108425545982972E-016
           7          25  -8.1687546901137254E-017
           7          26  -7.1593155107959441E-016
           7          27  -2.1957464196436085E-016
           7          28   5.8784994350506661E-017
           7          29  -2.3178944704987948E-016
           8           1  -2.8627699600159529E-015
           8           2  -1.8486722947475445E-015
           8           3   2.3592239273284715E-016
           8           4  0.26237153535034469     
           8           5  -7.6327832942979670E-016
           8           6  -2.8216973399916879E-015
           8           7   8.3266726846886174E-017
           8           8  0.19899008322447781     
           8           9  -5.2909066017292695E-016
           8          10  -1.8571489800740606E-015
           8          11  -6.9388939039063865E-017
           8          12   6.1942467342798326E-002
           8          13  -2.4459601011273123E-016
           8          14   2.9389087964794614E-016
           8          15  -6.8304736866596048E-017
           8          16  -3.3271000201950899E-003
           8          17  -2.2903770893755699E-017
           8          18  -8.3187614178299851E-017
           8          19  -4.7985764997765511E-017
           8          20   1.0852929179982494E-016
           8          21   3.0956045854962172E-017
           8          22  -4.7559002628003008E-017
           8          23   4.2835068869487563E-017
           8          24   3.3368864133580297E-016
           8          25   9.0374064031601167E-017
           8          26   1.9453622269117082E-016
           8          27  -1.2174338257912757E-016
           8          28   9.6822150635587668E-017
           8          29   3.6606828676351666E-016
           9           1   2.2854691143484520E-016
           9           2   1.0179734236400145E-017
           9           3  -1.3877787807827045E-017
           9           4   2.4633073358870557E-016
           9           5  0.26237153535034563     
           9           6  -1.8060797986140408E-015
           9           7  -9.7144514654694985E-017
           9           8  -5.2909066017292695E-016
           9           9  0.19899008322447917     
           9          10   9.6076302748104732E-016
           9          11  -4.5796699765794472E-016
           9          12   8.3613671542078631E-016
           9          13   6.1942467342797396E-002
           9          14   2.1694705447844063E-015
           9          15   2.3201926491267455E-017
           9          16  -2.9390010390639546E-016
           9          17  -3.3271000201959048E-003
           9          18  -8.3980770279051541E-017
           9          19  -1.7644175222441826E-017
           9          20   3.2471082145110333E-016
           9          21  -1.5251766169670631E-017
           9          22   1.2435206137959768E-016
           9          23   1.7282116856138444E-016
           9          24   8.6124937901759826E-017
           9          25   5.8254944960599449E-017
           9          26   3.5667781498328375E-016
           9          27  -4.4210642470615242E-016
           9          28  -6.6989121024505777E-017
           9          29   6.5495913577032835E-016
          10           1 -0.20011050817478579     
          10           2 -0.27769882097822918     
          10           3  -8.9451901067933523E-016
          10           4   2.4579677944505611E-015
          10           5   2.6014262223518050E-015
          10           6  0.80984004084930306     
          10           7   1.6698678835843000E-015
          10           8  -1.8571489800740606E-015
          10           9   9.6076302748104732E-016
          10          10  0.68177589277327089     
          10          11  -1.0096379727265833E-014
          10          12  -3.4896586158857443E-015
          10          13   3.0372705329586974E-015
          10          14   7.5749741618070465E-002
          10          15   8.3680931962078219E-015
          10          16   1.1582189612329378E-014
          10          17  -3.7778660795199071E-015
          10          18  -3.7339953989205026E-002
          10          19   5.4919232568311315E-016
          10          20  -3.7339953989205005E-002
          10          21  -3.5703595943488521E-016
          10          22   4.0494169050199038E-016
          10          23  -3.7339953989206351E-002
          10          24  -9.6451216350862040E-002
          10          25  -2.6055006939384241E-015
          10          26  -9.6451216350862373E-002
          10          27   8.4804992765638207E-016
          10          28   1.5237568670010446E-015
          10          29  -9.6451216350865371E-002
          11           1   2.4313286038751300E-015
          11           2   3.4202144143821480E-015
          11           3   8.1672111477962342E-002
          11           4  -2.4633073358870340E-016
          11           5  -4.7184478546572427E-016
          11           6  -9.5294943078653954E-015
          11           7   6.1942467342798027E-002
          11           8  -6.9388939039063865E-017
          11           9  -4.5796699765794472E-016
          11          10  -1.0096379727265833E-014
          11          11   1.9281710919158250E-002
          11          12  -1.8648277366742494E-016
          11          13  -1.4268100589911063E-016
          11          14  -2.3106524713077027E-015
          11          15  -1.0356736426644813E-003
          11          16   1.8312174693251236E-016
          11          17  -1.3742262536252206E-016
          11          18   3.2779347932482634E-016
          11          19   3.0192472319325106E-017
          11          20   3.5876424367091823E-016
          11          21  -1.3941938178261208E-017
          11          22  -7.2013955876421743E-017
          11          23   3.3922378288070701E-016
          11          24   6.7628572831788129E-016
          11          25  -2.5428042062372861E-017
          11          26   5.5960169064516846E-016
          11          27  -6.8350115085113711E-017
          11          28   1.8298839488837275E-017
          11          29   7.1030747448224205E-016
          12           1   2.4375378422368902E-015
          12           2   2.3865518622739473E-015
          12           3  -6.2103100439968195E-016
          12           4   8.1672111477962481E-002
          12           5   1.0816000872715250E-015
          12           6  -2.3408890395679652E-015
          12           7  -4.9613091412937403E-016
          12           8   6.1942467342798326E-002
          12           9   8.3613671542078631E-016
          12          10  -3.4896586158857443E-015
          12          11  -1.8648277366742494E-016
          12          12   1.9281710919158323E-002
          12          13   2.3505503099485061E-016
          12          14  -1.1943494564613276E-015
          12          15  -1.2468324983676653E-017
          12          16  -1.0356736426642540E-003
          12          17  -2.3866000321830011E-017
          12          18   9.0202303106527018E-018
          12          19  -1.4937210101787526E-017
          12          20   6.8698672548479082E-017
          12          21   9.6361277324155176E-018
          12          22  -1.4804365722189279E-017
          12          23   4.8249099421350580E-017
          12          24   2.3481138158983986E-017
          12          25   2.8132017531759294E-017
          12          26  -1.9834810092776554E-017
          12          27  -3.7896790520491968E-017
          12          28   3.0139204962464207E-017
          12          29   3.3560409934666796E-017
          13           1   1.7741890254930039E-015
          13           2   7.5058561915289832E-016
          13           3  -6.9388939039103884E-018
          13           4  -2.8622937353617662E-017
          13           5   8.1672111477960982E-002
          13           6   4.1278252006282677E-015
          13           7  -3.2959746043557942E-017
          13           8  -2.4459601011273123E-016
          13           9   6.1942467342797396E-002
          13          10   3.0372705329586974E-015
          13          11  -1.4268100589911063E-016
          13          12   2.3505503099485061E-016
          13          13   1.9281710919157612E-002
          13          14   3.0122032766210833E-016
          13          15   7.2912596099854214E-018
          13          16  -9.0137858114987149E-017
          13          17  -1.0356736426644850E-003
          13          18  -2.5517914434418255E-016
          13          19  -5.4923528338613081E-018
          13          20  -1.2795991229098184E-016
          13          21  -4.7476337140783876E-018
          13          22   3.8708830993974465E-017
          13          23  -1.7524076021754856E-016
          13          24  -7.0190339570851563E-016
          13          25   1.8133843492626490E-017
          13          26  -6.1768456187739930E-016
          13          27  -1.3762074134875624E-016
          13          28  -2.0852654434558057E-017
          13          29  -5.2483430184220509E-016
          14           1  -7.7638324301197333E-003
          14           2  -1.5807316436103256E-002
          14           3   3.8029503564899951E-016
          14           4   5.2501802359708568E-017
          14           5   1.5007512524772449E-015
          14           6   2.1232286666301808E-002
          14           7   8.2063118223266783E-016
          14           8   2.9389087964794614E-016
          14           9   2.1694705447844063E-015
          14          10   7.5749741618070465E-002
          14          11  -2.3106524713077027E-015
          14          12  -1.1943494564613276E-015
          14          13   3.0122032766210833E-016
          14          14   4.7215769980787789E-002
          14          15   3.1720887013623080E-015
          14          16   4.4623930150015160E-015
          14          17   2.6412079863905608E-017
          14          18   3.8248230612638054E-003
          14          19   1.0894620057835043E-016
          14          20   3.8248230612639043E-003
          14          21   1.2313280109607774E-016
          14          22   2.3778118320866977E-016
          14          23   3.8248230612639316E-003
          14          24   1.1435353030550086E-002
          14          25  -6.1911555449714091E-016
          14          26   1.1435353030549947E-002
          14          27  -2.0251641132780381E-017
          14          28   5.3804379434002158E-016
          14          29   1.1435353030548472E-002
          15           1  -3.0944052494647703E-017
          15           2  -1.2118993587340496E-015
          15           3  -4.3868333859541893E-003
          15           4  -8.1965684239907722E-017
          15           5   2.3635607360221018E-017
          15           6   5.9428369336486993E-015
          15           7  -3.3271000201958159E-003
          15           8  -6.8304736866596048E-017
          15           9   2.3201926491267455E-017
          15          10   8.3680931962078219E-015
          15          11  -1.0356736426644813E-003
          15          12  -1.2468324983676653E-017
          15          13   7.2912596099854214E-018
          15          14   3.1720887013623080E-015
          15          15   5.5628875394255799E-005
          15          16  -8.6261835345089321E-018
          15          17   7.4013738930903131E-018
          15          18   3.8116682491472290E-018
          15          19  -1.6217205993265382E-018
          15          20   2.1481434478060857E-018
          15          21   7.4885978529020039E-019
          15          22   3.8680673265028151E-018
          15          23   3.1977152565902844E-018
          15          24   9.8138164460792359E-017
          15          25   1.3658099666604646E-018
          15          26   1.0440558454834371E-016
          15          27   3.6712723763760608E-018
          15          28  -9.8288091905834713E-019
          15          29   9.6310763047623719E-017
          16           1  -7.1879287635925296E-017
          16           2  -1.8246524527626032E-015
          16           3   7.6653093594719927E-016
          16           4  -4.3868333859532179E-003
          16           5  -3.8630123405653459E-016
          16           6   8.2898225588949658E-015
          16           7   5.8286708792823193E-016
          16           8  -3.3271000201950899E-003
          16           9  -2.9390010390639546E-016
          16          10   1.1582189612329378E-014
          16          11   1.8312174693251236E-016
          16          12  -1.0356736426642540E-003
          16          13  -9.0137858114987149E-017
          16          14   4.4623930150015160E-015
          16          15  -8.6261835345089321E-018
          16          16   5.5628875394231180E-005
          16          17   5.4438807519786455E-018
          16          18   6.5204770290496792E-017
          16          19   8.0231857340560330E-019
          16          20   6.1999277275900866E-017
          16          21  -5.1758288210940623E-019
          16          22   7.9518313698445005E-019
          16          23   6.3097680004796598E-017
          16          24   2.0972746716169424E-016
          16          25  -1.5110479145821515E-018
          16          26   2.1205408569151036E-016
          16          27   2.0355406866164544E-018
          16          28  -1.6188594632676927E-018
          16          29   2.0918608179593360E-016
          17           1  -1.0995460229859667E-015
          17           2  -2.4823048561872718E-017
          17           3  -6.1409211049578685E-016
          17           4  -4.6024382222009404E-017
          17           5  -4.3868333859542778E-003
          17           6  -5.6257387135830386E-015
          17           7  -4.6436379047554293E-016
          17           8  -2.2903770893755699E-017
          17           9  -3.3271000201959048E-003
          17          10  -3.7778660795199071E-015
          17          11  -1.3742262536252206E-016
          17          12  -2.3866000321830011E-017
          17          13  -1.0356736426644850E-003
          17          14   2.6412079863905608E-017
          17          15   7.4013738930903131E-018
          17          16   5.4438807519786455E-018
          17          17   5.5628875394258042E-005
          17          18   2.2359059455545912E-016
          17          19   2.9500935317702132E-019
          17          20   2.1675730024719310E-016
          17          21   2.5500844417350423E-019
          17          22  -2.0791576103754823E-018
          17          23   2.1929688442651400E-016
          17          24   7.3850171916372427E-016
          17          25  -9.7401853103369537E-019
          17          26   7.3397809432666816E-016
          17          27   7.3919879359609914E-018
          17          28   1.1200533328188297E-018
          17          29   7.2899085188558295E-016
          18           1   2.2043177161325304E-002
          18           2   2.4028295725222078E-002
          18           3   6.1272731149222584E-017
          18           4  -4.3427017308388878E-016
          18           5  -4.8261999658408362E-016
          18           6  -5.7016194517116231E-002
          18           7  -1.7330346953001202E-016
          18           8  -8.3187614178299851E-017
          18           9  -8.3980770279051541E-017
          18          10  -3.7339953989205026E-002
          18          11   3.2779347932482634E-016
          18          12   9.0202303106527018E-018
          18          13  -2.5517914434418255E-016
          18          14   3.8248230612638054E-003
          18          15   3.8116682491472290E-018
          18          16   6.5204770290496792E-017
          18          17   2.2359059455545912E-016
          18          18   4.0391549514391771E-003
          18          19  -6.8168908753339734E-017
          18          20   4.0391549514391971E-003
          18          21   1.1893824176274123E-016
          18          22  -2.0796375806833936E-017
          18          23   4.0391549514393115E-003
          18          24   1.0127315442250581E-002
          18          25   6.7643813050452452E-017
          18          26   1.0127315442250588E-002
          18          27  -1.4991705450083817E-016
          18          28  -2.0784526469564575E-017
          18          29   1.0127315442250472E-002
          19           1  -1.6038732431735200E-015
          19           2  -1.2834414175403502E-015
          19           3   1.2788714525380923E-016
          19           4  -6.3269981264468048E-017
          19           5  -2.3264120845062483E-017
          19           6   3.7328628481489623E-016
          19           7   9.6993271939432114E-017
          19           8  -4.7985764997765511E-017
          19           9  -1.7644175222441826E-017
          19          10   5.4919232568311315E-016
          19          11   3.0192472319325106E-017
          19          12  -1.4937210101787526E-017
          19          13  -5.4923528338613081E-018
          19          14   1.0894620057835043E-016
          19          15  -1.6217205993265382E-018
          19          16   8.0231857340560330E-019
          19          17   2.9500935317702132E-019
          19          18  -6.8168908753339734E-017
          19          19   7.3268811738175183E-030
          19          20  -6.8168908753339845E-017
          19          21  -8.5131318395015029E-030
          19          22   6.0829026176519134E-030
          19          23  -6.8168908753341608E-017
          19          24  -8.8795439263980071E-017
          19          25  -1.8843408553804314E-030
          19          26  -8.8795439263981833E-017
          19          27   1.1488597154113649E-029
          19          28   3.9220386682946137E-030
          19          29  -8.8795439263979048E-017
          20           1   2.2043177161325388E-002
          20           2   2.4028295725222148E-002
          20           3   1.9245651088937193E-016
          20           4  -1.8148843562738219E-016
          20           5   5.6246255791178836E-017
          20           6  -5.7016194517116370E-002
          20           7  -7.3809935624602904E-017
          20           8   1.0852929179982494E-016
          20           9   3.2471082145110333E-016
          20          10  -3.7339953989205005E-002
          20          11   3.5876424367091823E-016
          20          12   6.8698672548479082E-017
          20          13  -1.2795991229098184E-016
          20          14   3.8248230612639043E-003
          20          15   2.1481434478060857E-018
          20          16   6.1999277275900866E-017
          20          17   2.1675730024719310E-016
          20          18   4.0391549514391971E-003
          20          19  -6.8168908753339845E-017
          20          20   4.0391549514392170E-003
          20          21   1.1893824176274183E-016
          20          22  -2.0796375806833548E-017
          20          23   4.0391549514393306E-003
          20          24   1.0127315442250633E-002
          20          25   6.7643813050451712E-017
          20          26   1.0127315442250640E-002
          20          27  -1.4991705450083990E-016
          20          28  -2.0784526469563699E-017
          20          29   1.0127315442250524E-002
          21           1   1.0674071620661177E-015
          21           2   7.6843275572810209E-016
          21           3  -5.9054278631629510E-017
          21           4   4.0816030365607746E-017
          21           5  -2.0109692110778601E-017
          21           6  -4.3507418654524739E-016
          21           7  -4.4788455439668172E-017
          21           8   3.0956045854962172E-017
          21           9  -1.5251766169670631E-017
          21          10  -3.5703595943488521E-016
          21          11  -1.3941938178261208E-017
          21          12   9.6361277324155176E-018
          21          13  -4.7476337140783876E-018
          21          14   1.2313280109607774E-016
          21          15   7.4885978529020039E-019
          21          16  -5.1758288210940623E-019
          21          17   2.5500844417350423E-019
          21          18   1.1893824176274123E-016
          21          19  -8.5131318395015029E-030
          21          20   1.1893824176274183E-016
          21          21   1.3920354366569189E-029
          21          22  -5.6811310609760989E-030
          21          23   1.1893824176274303E-016
          21          24   1.9931432665149573E-016
          21          25  -1.8366369031319551E-030
          21          26   1.9931432665149807E-016
          21          27  -1.5351416531426465E-029
          21          28  -9.2024279168310297E-031
          21          29   1.9931432665148658E-016
          22           1  -1.4995808846706216E-015
          22           2  -1.1902074455553523E-015
          22           3  -3.0503163629857372E-016
          22           4  -6.2707288408774266E-017
          22           5   1.6396013680409216E-016
          22           6  -1.2713022970352558E-017
          22           7  -2.3134472499883048E-016
          22           8  -4.7559002628003008E-017
          22           9   1.2435206137959768E-016
          22          10   4.0494169050199038E-016
          22          11  -7.2013955876421743E-017
          22          12  -1.4804365722189279E-017
          22          13   3.8708830993974465E-017
          22          14   2.3778118320866977E-016
          22          15   3.8680673265028151E-018
          22          16   7.9518313698445005E-019
          22          17  -2.0791576103754823E-018
          22          18  -2.0796375806833936E-017
          22          19   6.0829026176519134E-030
          22          20  -2.0796375806833548E-017
          22          21  -5.6811310609760989E-030
          22          22   6.4196342428358705E-030
          22          23  -2.0796375806834577E-017
          22          24   2.2871441220868219E-017
          22          25  -2.7602839659639049E-030
          22          26   2.2871441220867455E-017
          22          27   8.8651698756980114E-030
          22          28   4.7415254761864342E-030
          22          29   2.2871441220864916E-017
          23           1   2.2043177161326540E-002
          23           2   2.4028295725223331E-002
          23           3   1.0968840495307554E-016
          23           4  -2.6810729549508070E-016
          23           5  -1.4402262588747125E-016
          23           6  -5.7016194517118292E-002
          23           7  -1.3658363653924323E-016
          23           8   4.2835068869487563E-017
          23           9   1.7282116856138444E-016
          23          10  -3.7339953989206351E-002
          23          11   3.3922378288070701E-016
          23          12   4.8249099421350580E-017
          23          13  -1.7524076021754856E-016
          23          14   3.8248230612639316E-003
          23          15   3.1977152565902844E-018
          23          16   6.3097680004796598E-017
          23          17   2.1929688442651400E-016
          23          18   4.0391549514393115E-003
          23          19  -6.8168908753341608E-017
          23          20   4.0391549514393306E-003
          23          21   1.1893824176274303E-016
          23          22  -2.0796375806834577E-017
          23          23   4.0391549514394443E-003
          23          24   1.0127315442250928E-002
          23          25   6.7643813050455767E-017
          23          26   1.0127315442250935E-002
          23          27  -1.4991705450084266E-016
          23          28  -2.0784526469565918E-017
          23          29   1.0127315442250819E-002
          24           1   4.2042882760087816E-002
          24           2   5.1587383696457816E-002
          24           3  -6.0148703098176067E-017
          24           4  -6.5758782665256450E-016
          24           5  -9.3244186385493751E-016
          24           6 -0.15260050062150221     
          24           7  -3.4108425545982972E-016
          24           8   3.3368864133580297E-016
          24           9   8.6124937901759826E-017
          24          10  -9.6451216350862040E-002
          24          11   6.7628572831788129E-016
          24          12   2.3481138158983986E-017
          24          13  -7.0190339570851563E-016
          24          14   1.1435353030550086E-002
          24          15   9.8138164460792359E-017
          24          16   2.0972746716169424E-016
          24          17   7.3850171916372427E-016
          24          18   1.0127315442250581E-002
          24          19  -8.8795439263980071E-017
          24          20   1.0127315442250633E-002
          24          21   1.9931432665149573E-016
          24          22   2.2871441220868219E-017
          24          23   1.0127315442250928E-002
          24          24   2.6535922101784851E-002
          24          25   1.7341304085511480E-016
          24          26   2.6535922101784851E-002
          24          27  -2.5044286943881190E-016
          24          28  -1.4321600847831826E-017
          24          29   2.6535922101784584E-002
          25           1   8.3972107509866073E-016
          25           2   1.1198487842483485E-015
          25           3  -1.0770630753128870E-016
          25           4   1.1915961615569776E-016
          25           5   7.6810055573582909E-017
          25           6  -2.5444865394829446E-015
          25           7  -8.1687546901137254E-017
          25           8   9.0374064031601167E-017
          25           9   5.8254944960599449E-017
          25          10  -2.6055006939384241E-015
          25          11  -2.5428042062372861E-017
          25          12   2.8132017531759294E-017
          25          13   1.8133843492626490E-017
          25          14  -6.1911555449714091E-016
          25          15   1.3658099666604646E-018
          25          16  -1.5110479145821515E-018
          25          17  -9.7401853103369537E-019
          25          18   6.7643813050452452E-017
          25          19  -1.8843408553804314E-030
          25          20   6.7643813050451712E-017
          25          21  -1.8366369031319551E-030
          25          22  -2.7602839659639049E-030
          25          23   6.7643813050455767E-017
          25          24   1.7341304085511480E-016
          25          25   1.3296282206587860E-029
          25          26   1.7341304085511658E-016
          25          27  -9.2077450726091865E-031
          25          28  -9.1432597149772175E-030
          25          29   1.7341304085513845E-016
          26           1   4.2042882760087753E-002
          26           2   5.1587383696457767E-002
          26           3  -5.5439072199684981E-016
          26           4  -8.4106246587023413E-016
          26           5  -5.7571366613236582E-016
          26           6 -0.15260050062150238     
          26           7  -7.1593155107959441E-016
          26           8   1.9453622269117082E-016
          26           9   3.5667781498328375E-016
          26          10  -9.6451216350862373E-002
          26          11   5.5960169064516846E-016
          26          12  -1.9834810092776554E-017
          26          13  -6.1768456187739930E-016
          26          14   1.1435353030549947E-002
          26          15   1.0440558454834371E-016
          26          16   2.1205408569151036E-016
          26          17   7.3397809432666816E-016
          26          18   1.0127315442250588E-002
          26          19  -8.8795439263981833E-017
          26          20   1.0127315442250640E-002
          26          21   1.9931432665149807E-016
          26          22   2.2871441220867455E-017
          26          23   1.0127315442250935E-002
          26          24   2.6535922101784851E-002
          26          25   1.7341304085511658E-016
          26          26   2.6535922101784848E-002
          26          27  -2.5044286943881447E-016
          26          28  -1.4321600847833748E-017
          26          29   2.6535922101784584E-002
          27           1  -2.3652154345262569E-015
          27           2  -1.8860978026113024E-015
          27           3  -2.8951259782736034E-016
          27           4  -1.6052055302676127E-016
          27           5  -5.8292423199577455E-016
          27           6   8.8298395912550645E-016
          27           7  -2.1957464196436085E-016
          27           8  -1.2174338257912757E-016
          27           9  -4.4210642470615242E-016
          27          10   8.4804992765638207E-016
          27          11  -6.8350115085113711E-017
          27          12  -3.7896790520491968E-017
          27          13  -1.3762074134875624E-016
          27          14  -2.0251641132780381E-017
          27          15   3.6712723763760608E-018
          27          16   2.0355406866164544E-018
          27          17   7.3919879359609914E-018
          27          18  -1.4991705450083817E-016
          27          19   1.1488597154113649E-029
          27          20  -1.4991705450083990E-016
          27          21  -1.5351416531426465E-029
          27          22   8.8651698756980114E-030
          27          23  -1.4991705450084266E-016
          27          24  -2.5044286943881190E-016
          27          25  -9.2077450726091865E-031
          27          26  -2.5044286943881447E-016
          27          27   2.0809529785618281E-029
          27          28   4.0935369255921152E-030
          27          29  -2.5044286943880564E-016
          28           1  -1.1715747294940607E-015
