           1           1  0.33269140724407031     
           1           2  0.61110408558065621     
           1           3 -0.31909886971444068     
           1           4   5.2460049982528865E-002
           1           5   7.7665696267934389E-002
           1           6  -2.9907105807753984E-003
           1           7  -1.8586702515467182E-015
           1           8   4.0516198641575819E-015
           1           9   8.0538496134170959E-016
           1          10  -2.3986976436408851E-015
           1          11  -9.4209460642883383E-016
           1          12   1.4167055666197445E-015
           1          13   1.0310783902511857E-004
           1          14  -2.9960485119114069E-015
           1          15   3.1937086050384836E-015
           1          16   3.5070672224190047E-016
           1          17   1.3977905443336106E-015
           1          18  -6.4912831529477550E-016
           1          19  -1.6276197101382103E-015
           1          20  -2.3478163028607613E-015
           1          21   2.6921843232120064E-015
           1          22   4.7722681593998481E-015
           1          23   4.8568149067670761E-015
           1          24  -4.9005796030153290E-015
           1          25  -4.4116899907123277E-015
           1          26  -9.3572487102585918E-003
           1          27   1.1573351816018354E-015
           1          28  -9.3572487102567235E-003
           1          29   6.1341628866685120E-016
           1          30   3.9928570032986028E-016
           1          31  -9.3572487102566871E-003
           1          32  -2.2216195634819070E-002
           1          33   1.8588766499248657E-016
           1          34  -2.2216195634821898E-002
           1          35  -2.5271516500526592E-016
           1          36  -5.9772007207250677E-016
           1          37  -2.2216195634820142E-002
           2           1  0.61110408558065621     
           2           2   1.1437639576533434     
           2           3 -0.80704085439957229     
           2           4  0.12089051757903907     
           2           5  0.18048907840956349     
           2           6  -7.0684940236535659E-003
           2           7  -5.2483682015940623E-015
           2           8   9.7584781564419631E-015
           2           9   1.6143959225868312E-015
           2          10  -5.1676780306896687E-015
           2          11  -1.5253743279747627E-015
           2          12   2.7530356144338387E-015
           2          13   2.7709119435046013E-004
           2          14  -5.7014235853720020E-015
           2          15   5.6843215603853031E-015
           2          16   6.0539834759617244E-016
           2          17   2.6025179495530739E-015
           2          18  -9.5045526024803713E-016
           2          19  -2.9336603900638575E-015
           2          20  -4.4087139629891374E-015
           2          21   4.6013464945300901E-015
           2          22   9.2128412753519501E-015
           2          23   9.2465279449029145E-015
           2          24  -8.7831089064113174E-015
           2          25  -8.5049062753210296E-015
           2          26  -1.9897786637210681E-002
           2          27   2.2472985762428720E-015
           2          28  -1.9897786637206896E-002
           2          29   9.2499661391149428E-016
           2          30   6.1422988758298535E-016
           2          31  -1.9897786637206684E-002
           2          32  -5.1487750388888899E-002
           2          33   5.7927285237976559E-016
           2          34  -5.1487750388894089E-002
           2          35  -1.0428291325849199E-016
           2          36  -1.0792251282851857E-015
           2          37  -5.1487750388891050E-002
           3           1 -0.31909886971444068     
           3           2 -0.80704085439957229     
           3           3   3.4279904061610891     
           3           4  -1.3465967999733977     
           3           5 -0.69372145748970426     
           3           6   3.0477367766417955E-002
           3           7   3.0398616131166785E-014
           3           8  -3.4916213273949643E-014
           3           9  -6.3021376573263681E-015
           3          10   1.0674440927869466E-014
           3          11  -3.5798940265537988E-015
           3          12  -2.7909612171978798E-015
           3          13  -3.2197864470633023E-003
           3          14   3.4763414893983158E-015
           3          15   4.8029660701943161E-016
           3          16   2.0531466511867127E-015
           3          17  -3.2064507470554849E-015
           3          18  -2.7934878830189067E-015
           3          19  -7.2983028027805870E-016
           3          20   2.7646313640363921E-015
           3          21   4.3263046766152085E-015
           3          22  -5.9880067805656423E-015
           3          23  -6.4027172252071523E-015
           3          24   4.0196130421160382E-016
           3          25   3.8209370231009845E-015
           3          26  -1.7035821387131486E-002
           3          27  -3.8340235092543459E-015
           3          28  -1.7035821387137145E-002
           3          29   2.1841950277505966E-015
           3          30   1.3050861853308340E-015
           3          31  -1.7035821387138567E-002
           3          32  0.18788819223904951     
           3          33  -2.4216087501431926E-015
           3          34  0.18788819223905037     
           3          35  -4.3648183912388115E-015
           3          36   1.1521600241233353E-015
           3          37  0.18788819223905059     
           4           1   5.2460049982528865E-002
           4           2  0.12089051757903907     
           4           3  -1.3465967999733977     
           4           4   1.8151136448633647     
           4           5  0.20003511520405204     
           4           6  -1.3999889164269134E-002
           4           7  -5.6333244865082527E-016
           4           8  -4.7292110279480797E-016
           4           9   1.4761597562774442E-015
           4          10   1.5078105219772742E-015
           4          11  -2.2463206547183546E-015
           4          12   4.7938365538014856E-016
           4          13   4.4023103183866187E-003
           4          14  -1.9179823615091782E-016
           4          15   2.5902466454914407E-016
           4          16  -1.0654928980846167E-015
           4          17   6.8725203834885822E-016
           4          18  -1.6657530796610807E-018
           4          19  -9.0700630798940227E-017
           4          20   8.4245190676010474E-017
           4          21  -1.7165650279737088E-017
           4          22  -1.0345546989392246E-015
           4          23   2.8744370005086956E-016
           4          24  -7.5292783038152073E-016
           4          25   2.0592784852987875E-015
           4          26  0.15464095265031694     
           4          27   2.2478945873918112E-015
           4          28  0.15464095265031985     
           4          29   7.7324857139476264E-016
           4          30   1.5026556879868500E-016
           4          31  0.15464095265032002     
           4          32  -3.8015489279100499E-002
           4          33  -9.9448503945590352E-016
           4          34  -3.8015489279100201E-002
           4          35   2.7610894631671244E-016
           4          36  -7.4110046299907962E-016
           4          37  -3.8015489279100256E-002
           5           1   7.7665696267934389E-002
           5           2  0.18048907840956349     
           5           3 -0.69372145748970426     
           5           4  0.20003511520405204     
           5           5  0.22471936557821839     
           5           6  -8.2693878325269324E-003
           5           7  -1.4183709019367298E-014
           5           8   2.0286785674197224E-014
           5           9   3.4413141038628443E-015
           5          10   3.1053502945208236E-015
           5          11   7.4134847416987479E-015
           5          12  -1.1453316646206862E-015
           5          13   2.1307377665209768E-004
           5          14  -1.1749079911649663E-015
           5          15   1.7566217411133005E-016
           5          16  -1.4304523083862692E-015
           5          17   1.5360671219589056E-015
           5          18   5.0662077526779135E-016
           5          19   3.7739518170422015E-016
           5          20  -6.8364474153323946E-016
           5          21  -1.2407482160472868E-015
           5          22   1.3019611160709382E-015
           5          23   2.1637702759308874E-015
           5          24  -9.0755496517636388E-016
           5          25   6.4732326400881771E-017
           5          26  -3.1396977171001837E-002
           5          27   1.0706653839610760E-015
           5          28  -3.1396977171000783E-002
           5          29  -6.4222360372902316E-016
           5          30  -3.8291621286661049E-016
           5          31  -3.1396977171000345E-002
           5          32  -6.4517210376141235E-002
           5          33   9.7836761487970758E-016
           5          34  -6.4517210376141540E-002
           5          35   9.3934172644366504E-016
           5          36  -6.3962000937011362E-016
           5          37  -6.4517210376140735E-002
           6           1  -2.9907105807753984E-003
           6           2  -7.0684940236535659E-003
           6           3   3.0477367766417955E-002
           6           4  -1.3999889164269134E-002
           6           5  -8.2693878325269324E-003
           6           6   3.3536317757362961E-004
           6           7   7.1001760794850173E-016
           6           8  -1.3181963221265245E-015
           6           9  -1.7350558446633222E-015
           6          10  -1.6213819961262052E-016
           6          11  -7.7814409054054259E-016
           6          12  -1.4444442565379233E-015
           6          13  -2.6349279874572199E-005
           6          14   4.0727231744974292E-017
           6          15  -1.3941583402543733E-017
           6          16   2.3664700925892540E-017
           6          17  -6.2899184667440298E-017
           6          18   2.1562437688505935E-017
           6          19   8.7149309608117306E-017
           6          20   2.6847929202449016E-017
           6          21   1.4099873764188953E-017
           6          22  -1.1769882171324918E-016
           6          23  -7.5458342377968161E-017
           6          24   4.8829433971985255E-017
           6          25   5.1129103041546817E-017
           6          26   3.4711329032704075E-004
           6          27  -4.4561846782809879E-017
           6          28   3.4711329032699126E-004
           6          29   1.9986164040102300E-017
           6          30   1.2853421780085423E-017
           6          31   3.4711329032697608E-004
           6          32   2.2899470477648130E-003
           6          33  -2.8843690692807801E-017
           6          34   2.2899470477648221E-003
           6          35  -3.5941189859178825E-017
           6          36   2.2371589900070953E-017
           6          37   2.2899470477648004E-003
           7           1  -1.8586702515467182E-015
           7           2  -5.2483682015940623E-015
           7           3   3.0398616131166785E-014
           7           4  -5.6333244865082527E-016
           7           5  -1.4183709019367298E-014
           7           6   7.1001760794850173E-016
           7           7   1.0537573829352973     
           7           8  -1.3496148643099559E-015
           7           9   1.7694179454963427E-016
           7          10  0.52798861151447463     
           7          11  -8.4296718910747960E-016
           7          12  -7.2337968948232846E-016
           7          13   4.5295478997004214E-016
           7          14   1.1418011712309281E-002
           7          15  -2.3477855944087356E-015
           7          16  -7.5406261096366833E-016
           7          17  -5.9189172935732032E-002
           7          18   1.1033383408298736E-015
           7          19   7.1925972122688364E-016
           7          20   3.5608049423333496E-002
           7          21   3.2370211112270342E-016
           7          22  -6.5366548979151062E-016
           7          23  -2.5409497468557453E-002
           7          24   2.2092584380829783E-015
           7          25   1.2969768488357847E-015
           7          26   3.8279939562947245E-015
           7          27   1.8607269843410089E-016
           7          28   3.0317341640020059E-015
           7          29  -1.1469530492077690E-016
           7          30  -5.3932409117916868E-016
           7          31   2.8207540087465371E-015
           7          32   4.1769798475414830E-015
           7          33  -4.7664864295059302E-016
           7          34   3.3221119809028563E-015
           7          35   2.0391743614483684E-016
           7          36   5.9504989615294703E-016
           7          37   4.1463420636659225E-015
           8           1   4.0516198641575819E-015
           8           2   9.7584781564419631E-015
           8           3  -3.4916213273949643E-014
           8           4  -4.7292110279480797E-016
           8           5   2.0286785674197224E-014
           8           6  -1.3181963221265245E-015
           8           7  -1.3496148643099559E-015
           8           8   1.0537573829352960     
           8           9  -7.4940054162198066E-016
           8          10   2.6216008530699507E-016
           8          11  0.52798861151447263     
           8          12  -5.4817261840867104E-016
           8          13   5.3896185837276696E-016
           8          14  -1.0822878780247097E-015
           8          15   1.1418011712303623E-002
           8          16  -7.1730815731640973E-016
           8          17   2.9639647940865599E-015
           8          18  -5.9189172935730658E-002
           8          19   1.1041514924592377E-015
           8          20  -1.3938774180016766E-015
           8          21   3.5608049423333975E-002
           8          22  -1.9793194860895369E-015
           8          23   1.7516912399762052E-015
           8          24  -2.5409497468552887E-002
           8          25   2.2037493357940363E-015
           8          26  -4.9798668078657021E-015
           8          27   1.3245464843687622E-016
           8          28  -3.4089798541742812E-015
           8          29   2.0450144643065391E-016
           8          30  -1.0599746727645137E-016
           8          31  -4.8437319491555323E-015
           8          32  -6.0691274851290171E-015
           8          33  -2.7243160920091351E-016
           8          34  -6.1813563849992243E-015
           8          35   6.7945698134293211E-016
           8          36   5.5667345038813672E-016
           8          37  -6.1498766490855716E-015
           9           1   8.0538496134170959E-016
           9           2   1.6143959225868312E-015
           9           3  -6.3021376573263681E-015
           9           4   1.4761597562774442E-015
           9           5   3.4413141038628443E-015
           9           6  -1.7350558446633222E-015
           9           7   1.7694179454963427E-016
           9           8  -7.4940054162198066E-016
           9           9   1.0537573829352982     
           9          10  -1.4823212102221817E-015
           9          11   2.7755575615628904E-016
           9          12  0.52798861151447063     
           9          13   4.0635497950772011E-016
           9          14  -3.1939782849793596E-015
           9          15  -1.5802246663976227E-015
           9          16   1.1418011712308258E-002
           9          17   3.0995171707015601E-015
           9          18   3.4043948216044839E-015
           9          19  -5.9189172935729915E-002
           9          20  -3.0190693695031356E-015
           9          21  -5.5120838449163045E-015
           9          22   3.5608049423337125E-002
           9          23   4.9839689666986153E-015
           9          24   4.2008497375123355E-015
           9          25  -2.5409497468559784E-002
           9          26  -4.0037912982298101E-016
           9          27  -8.7943994866811521E-016
           9          28  -1.9398843989519804E-015
           9          29   4.6483341496070889E-016
           9          30   5.7028799302852163E-016
           9          31  -2.7589295174737689E-016
           9          32  -2.6871255543160256E-015
           9          33   6.6254782590924530E-016
           9          34   2.1074065075923286E-015
           9          35  -2.1833517699178779E-016
           9          36  -8.0543997554727603E-016
           9          37  -1.2314283026717669E-016
          10           1  -2.3986976436408851E-015
          10           2  -5.1676780306896687E-015
          10           3   1.0674440927869466E-014
          10           4   1.5078105219772742E-015
          10           5   3.1053502945208236E-015
          10           6  -1.6213819961262052E-016
          10           7  0.52798861151447463     
          10           8   2.6216008530699507E-016
          10           9  -1.4823212102221817E-015
          10          10  0.41482501363084601     
          10          11  -5.0748793188615259E-016
          10          12  -1.5066073388858570E-015
          10          13   3.8809813718430292E-016
          10          14   7.0505137219629655E-003
          10          15  -1.6468861593465361E-015
          10          16  -5.2804711558190887E-016
          10          17  -3.1466009118621560E-002
          10          18   1.9489889303142549E-016
          10          19   5.3781848766143447E-016
          10          20   2.1977417062639868E-002
          10          21   4.3788215241258310E-016
          10          22   8.6465123255718486E-018
          10          23  -1.5597028750436276E-002
          10          24   1.6909013794176586E-015
          10          25   2.5462488020822077E-016
          10          26  -3.7594067299579378E-017
          10          27   3.8354422672212521E-016
          10          28   3.5240688517584667E-016
          10          29   5.9765930912839593E-017
          10          30   3.0847488548533338E-016
          10          31  -3.2128020319381493E-016
          10          32  -7.8599700176184027E-016
          10          33  -2.6719677136512392E-016
          10          34  -1.7797354693805328E-015
          10          35  -1.7191897884796543E-016
          10          36   6.8970215426811985E-017
          10          37  -8.6106768812069788E-016
          11           1  -9.4209460642883383E-016
          11           2  -1.5253743279747627E-015
          11           3  -3.5798940265537988E-015
          11           4  -2.2463206547183546E-015
          11           5   7.4134847416987479E-015
          11           6  -7.7814409054054259E-016
          11           7  -8.4296718910747960E-016
          11           8  0.52798861151447263     
          11           9   2.7755575615628904E-016
          11          10  -5.0748793188615259E-016
          11          11  0.41482501363084279     
          11          12  -7.8843181983145873E-016
          11          13   8.7321303351206056E-017
          11          14  -1.1295387639543436E-015
          11          15   7.0505137219600902E-003
          11          16   1.5688405435865249E-016
          11          17   2.3614058842005847E-015
          11          18  -3.1466009118619277E-002
          11          19   9.2048764444019326E-016
          11          20  -1.5752949346446027E-015
          11          21   2.1977417062640059E-002
          11          22  -1.0773716987988458E-015
          11          23   2.0984834692410609E-015
          11          24  -1.5597028750433797E-002
          11          25   5.9387173997893505E-016
          11          26  -1.9116652649132953E-015
          11          27  -2.3997242957862510E-016
          11          28  -6.7563650884178210E-016
          11          29   2.5986818458989774E-016
          11          30   3.7039359248881773E-017
          11          31  -2.0326988813746227E-015
          11          32  -2.5438098194434601E-015
          11          33  -5.3446613242584541E-017
          11          34  -1.8726494111617581E-015
          11          35   3.9884804401571120E-016
          11          36   3.2524325701901528E-016
          11          37  -2.1974483501480275E-015
          12           1   1.4167055666197445E-015
          12           2   2.7530356144338387E-015
          12           3  -2.7909612171978798E-015
          12           4   4.7938365538014856E-016
          12           5  -1.1453316646206862E-015
          12           6  -1.4444442565379233E-015
          12           7  -7.2337968948232846E-016
          12           8  -5.4817261840867104E-016
          12           9  0.52798861151447063     
          12          10  -1.5066073388858570E-015
          12          11  -7.8843181983145873E-016
          12          12  0.41482501363083990     
          12          13   9.6255453415319056E-016
          12          14  -3.2150592409706247E-015
          12          15  -1.4368660341407269E-015
          12          16   7.0505137219612100E-003
          12          17   4.0761664876765025E-015
          12          18   2.8436454579949810E-015
          12          19  -3.1466009118618257E-002
          12          20  -3.5250123132934963E-015
          12          21  -3.4580628291425164E-015
          12          22   2.1977417062639788E-002
          12          23   5.5242133567209861E-015
          12          24   2.6809609220135311E-015
          12          25  -1.5597028750434502E-002
          12          26  -3.5980841200560235E-016
          12          27  -7.5907509004396213E-016
          12          28  -6.0486363125019807E-016
          12          29   1.9739268306951221E-016
          12          30   2.4422483683964244E-016
          12          31   1.7993044563583186E-016
          12          32  -8.9740324413321734E-016
          12          33   3.3042856036703414E-016
          12          34   2.5587284463876942E-015
          12          35   2.3181516566799708E-016
          12          36  -4.1529741540335315E-016
          12          37   8.2869060071664094E-016
          13           1   1.0310783902511857E-004
          13           2   2.7709119435046013E-004
          13           3  -3.2197864470633023E-003
          13           4   4.4023103183866187E-003
          13           5   2.1307377665209768E-004
          13           6  -2.6349279874572199E-005
          13           7   4.5295478997004214E-016
          13           8   5.3896185837276696E-016
          13           9   4.0635497950772011E-016
          13          10   3.8809813718430292E-016
          13          11   8.7321303351206056E-017
          13          12   9.6255453415319056E-016
          13          13   1.1533075499858519E-005
          13          14   7.3320819507493036E-018
          13          15   4.3508508621594587E-018
          13          16   1.1899710196392772E-017
          13          17  -2.7511093914645048E-017
          13          18  -3.0183869057426069E-017
          13          19  -3.2892114843286906E-017
          13          20   2.0095040984487133E-017
          13          21   1.5584064763788699E-017
          13          22   3.2110116681812620E-017
          13          23  -1.5878352429795255E-017
          13          24  -9.5649721040787527E-018
          13          25  -2.2445698605637244E-017
          13          26   4.6343262600035778E-004
          13          27   4.3240210225001542E-018
          13          28   4.6343262600036488E-004
          13          29   2.2309055336240107E-018
          13          30   6.4377982835882547E-019
          13          31   4.6343262600036472E-004
          13          32  -9.3294995049334042E-006
          13          33  -3.7378464403810073E-018
          13          34  -9.3294995049322708E-006
          13          35   7.0243215163532766E-019
          13          36  -4.1133074808389686E-019
          13          37  -9.3294995049352083E-006
          14           1  -2.9960485119114069E-015
          14           2  -5.7014235853720020E-015
          14           3   3.4763414893983158E-015
          14           4  -1.9179823615091782E-016
          14           5  -1.1749079911649663E-015
          14           6   4.0727231744974292E-017
          14           7   1.1418011712309281E-002
          14           8  -1.0822878780247097E-015
          14           9  -3.1939782849793596E-015
          14          10   7.0505137219629655E-003
          14          11  -1.1295387639543436E-015
          14          12  -3.2150592409706247E-015
          14          13   7.3320819507493036E-018
          14          14   1.3548206120787826E-004
          14          15  -4.6395197364449835E-017
          14          16  -5.8156858642006634E-017
          14          17  -6.5735055419527681E-004
          14          18   7.6169014265369331E-017
          14          19   2.0738754680574290E-016
          14          20   4.2242206224836292E-004
          14          21  -4.6383312433408673E-017
          14          22  -1.5573124251743939E-016
          14          23  -3.0067644106835929E-004
          14          24   6.6113250873803091E-017
          14          25   1.1784599988559630E-016
          14          26   2.6898709432166195E-016
          14          27   4.5845882232748464E-018
          14          28   2.6733922814597010E-016
          14          29  -2.0560923979403076E-019
          14          30  -7.2404702804421196E-019
          14          31   2.6002826706833381E-016
          14          32   3.4835068694116990E-016
          14          33  -5.4157303409181613E-018
          14          34   3.3408560901041454E-016
          14          35  -2.1534808710986260E-019
          14          36   4.4201045559923304E-018
          14          37   3.4749037108569845E-016
          15           1   3.1937086050384836E-015
          15           2   5.6843215603853031E-015
          15           3   4.8029660701943161E-016
          15           4   2.5902466454914407E-016
          15           5   1.7566217411133005E-016
          15           6  -1.3941583402543733E-017
          15           7  -2.3477855944087356E-015
          15           8   1.1418011712303623E-002
          15           9  -1.5802246663976227E-015
          15          10  -1.6468861593465361E-015
          15          11   7.0505137219600902E-003
          15          12  -1.4368660341407269E-015
          15          13   4.3508508621594587E-018
          15          14  -4.6395197364449835E-017
          15          15   1.3548206120775545E-004
          15          16  -2.5928525548401385E-017
          15          17   1.7655512400921274E-016
          15          18  -6.5735055419493117E-004
          15          19   1.1150341717655610E-016
          15          20  -1.1472415407937217E-016
          15          21   4.2242206224817698E-004
          15          22  -9.3004217608522177E-017
          15          23   9.5054354978232804E-017
          15          24  -3.0067644106817210E-004
          15          25   6.9527852442421989E-017
          15          26  -4.3046372031568069E-017
          15          27  -1.2749724840902079E-018
          15          28  -2.2053295374921615E-017
          15          29   3.6084182337767634E-018
          15          30  -3.5098191978158217E-019
          15          31  -4.3245527900096469E-017
          15          32  -5.4504713120297619E-017
          15          33  -2.2171399411460654E-018
          15          34  -4.9285515215338562E-017
          15          35   7.8789713021465362E-018
          15          36   6.4416429944844658E-018
          15          37  -5.1957460769865208E-017
          16           1   3.5070672224190047E-016
          16           2   6.0539834759617244E-016
          16           3   2.0531466511867127E-015
          16           4  -1.0654928980846167E-015
          16           5  -1.4304523083862692E-015
          16           6   2.3664700925892540E-017
          16           7  -7.5406261096366833E-016
          16           8  -7.1730815731640973E-016
          16           9   1.1418011712308258E-002
          16          10  -5.2804711558190887E-016
          16          11   1.5688405435865249E-016
          16          12   7.0505137219612100E-003
          16          13   1.1899710196392772E-017
          16          14  -5.8156858642006634E-017
          16          15  -2.5928525548401385E-017
          16          16   1.3548206120783500E-004
          16          17   9.9548394159008889E-017
          16          18   8.0488458779892635E-017
          16          19  -6.5735055419516406E-004
          16          20  -7.9400021442670859E-017
          16          21  -7.5589220212973762E-017
          16          22   4.2242206224831944E-004
          16          23   1.0132546928234841E-016
          16          24   5.7835409638523627E-017
          16          25  -3.0067644106831213E-004
          16          26   2.9565535787104827E-016
          16          27  -1.2346335336193733E-017
          16          28   2.8363036538142664E-016
          16          29   4.7225232714782996E-018
          16          30   5.8120416861441322E-018
          16          31   3.0122748236104977E-016
          16          32   3.9762028303967241E-016
          16          33   7.1653989762365507E-018
          16          34   4.5889466381276591E-016
          16          35   6.5293806659213911E-019
          16          36  -8.8311300410186131E-018
          16          37   4.2930746355635524E-016
          17           1   1.3977905443336106E-015
          17           2   2.6025179495530739E-015
          17           3  -3.2064507470554849E-015
          17           4   6.8725203834885822E-016
          17           5   1.5360671219589056E-015
          17           6  -6.2899184667440298E-017
          17           7  -5.9189172935732032E-002
          17           8   2.9639647940865599E-015
          17           9   3.0995171707015601E-015
          17          10  -3.1466009118621560E-002
          17          11   2.3614058842005847E-015
          17          12   4.0761664876765025E-015
          17          13  -2.7511093914645048E-017
          17          14  -6.5735055419527681E-004
          17          15   1.7655512400921274E-016
          17          16   9.9548394159008889E-017
          17          17   3.3464131161529934E-003
          17          18  -2.3076396208406708E-016
          17          19  -2.4597836788264882E-016
          17          20  -2.0498811435013956E-003
          17          21   1.0025227853817723E-016
          17          22   2.0522591872434992E-016
          17          23   1.4617388130261292E-003
          17          24  -2.1746935646043720E-016
          17          25  -1.8980991908432163E-016
          17          26  -3.5635464671296572E-016
          17          27  -1.3946552922741014E-017
          17          28  -3.2112702186287851E-016
          17          29   5.0310690798535227E-018
          17          30   2.3326906402014690E-017
          17          31  -3.0243878434978319E-016
          17          32  -4.5134023020267662E-016
          17          33   2.7114719429867608E-017
          17          34  -3.9651599881032396E-016
          17          35  -8.1543096985550517E-018
          17          36  -3.0664739599787492E-017
          17          37  -4.4890038408888990E-016
          18           1  -6.4912831529477550E-016
          18           2  -9.5045526024803713E-016
          18           3  -2.7934878830189067E-015
          18           4  -1.6657530796610807E-018
          18           5   5.0662077526779135E-016
          18           6   2.1562437688505935E-017
          18           7   1.1033383408298736E-015
          18           8  -5.9189172935730658E-002
          18           9   3.4043948216044839E-015
          18          10   1.9489889303142549E-016
          18          11  -3.1466009118619277E-002
          18          12   2.8436454579949810E-015
          18          13  -3.0183869057426069E-017
          18          14   7.6169014265369331E-017
          18          15  -6.5735055419493117E-004
          18          16   8.0488458779892635E-017
          18          17  -2.3076396208406708E-016
          18          18   3.3464131161528065E-003
          18          19  -2.6920739942815075E-016
          18          20   1.1478905797895553E-016
          18          21  -2.0498811435013375E-003
          18          22   2.5682038960750386E-016
          18          23  -1.3185465428376154E-016
          18          24   1.4617388130258105E-003
          18          25  -2.2022856628611809E-016
          18          26  -1.0935981501338124E-016
          18          27  -3.7520680682729382E-018
          18          28  -2.0300041665574695E-016
          18          29  -1.3381655593329460E-017
          18          30   4.8685729497533534E-018
          18          31  -1.1472824399318493E-016
          18          32  -1.4510467002554882E-016
          18          33   1.4302514986121086E-017
          18          34  -1.4755752646004558E-016
          18          35  -3.8867948589023580E-017
          18          36  -3.1825772432368244E-017
          18          37  -1.4522576009894204E-016
          19           1  -1.6276197101382103E-015
          19           2  -2.9336603900638575E-015
          19           3  -7.2983028027805870E-016
          19           4  -9.0700630798940227E-017
          19           5   3.7739518170422015E-016
          19           6   8.7149309608117306E-017
          19           7   7.1925972122688364E-016
          19           8   1.1041514924592377E-015
          19           9  -5.9189172935729915E-002
          19          10   5.3781848766143447E-016
          19          11   9.2048764444019326E-016
          19          12  -3.1466009118618257E-002
          19          13  -3.2892114843286906E-017
          19          14   2.0738754680574290E-016
          19          15   1.1150341717655610E-016
          19          16  -6.5735055419516406E-004
          19          17  -2.4597836788264882E-016
          19          18  -2.6920739942815075E-016
          19          19   3.3464131161527050E-003
          19          20   2.2046573551134929E-016
          19          21   3.6464429566118728E-016
          19          22  -2.0498811435014511E-003
          19          23  -3.3538438953123473E-016
          19          24  -2.7595655795187302E-016
          19          25   1.4617388130261362E-003
          19          26  -1.1336244652469397E-016
          19          27   5.3231226996800912E-017
          19          28  -3.3225074731359581E-017
          19          29  -2.5681995151065209E-017
          19          30  -3.1533035150518100E-017
          19          31  -1.2610153933106763E-016
          19          32  -1.4898126906761004E-017
          19          33  -3.7196494972628815E-017
          19          34  -2.9689161443821693E-016
          19          35   8.1561227107445990E-018
          19          36   4.5382473690428425E-017
          19          37  -1.6422992490304833E-016
          20           1  -2.3478163028607613E-015
          20           2  -4.4087139629891374E-015
          20           3   2.7646313640363921E-015
          20           4   8.4245190676010474E-017
          20           5  -6.8364474153323946E-016
          20           6   2.6847929202449016E-017
          20           7   3.5608049423333496E-002
          20           8  -1.3938774180016766E-015
          20           9  -3.0190693695031356E-015
          20          10   2.1977417062639868E-002
          20          11  -1.5752949346446027E-015
          20          12  -3.5250123132934963E-015
          20          13   2.0095040984487133E-017
          20          14   4.2242206224836292E-004
          20          15  -1.1472415407937217E-016
          20          16  -7.9400021442670859E-017
          20          17  -2.0498811435013956E-003
          20          18   1.1478905797895553E-016
          20          19   2.2046573551134929E-016
          20          20   1.3170783127437566E-003
          20          21  -5.1468262974013058E-017
          20          22  -1.6793614025442660E-016
          20          23  -9.3749049945765625E-004
          20          24   1.4015197727682786E-016
          20          25   1.4250651711195800E-016
          20          26   1.7731761704337524E-016
          20          27   1.4277697599099850E-017
          20          28   1.7212497399924592E-016
          20          29  -6.4917917890508891E-019
          20          30  -2.2973408173016271E-018
          20          31   1.4936372307481829E-016
          20          32   2.0535508314590925E-016
          20          33  -1.6887491343645380E-017
          20          34   1.6090664726520312E-016
          20          35  -6.5294979393518035E-019
          20          36   1.3800054223124394E-017
          20          37   2.0267617380932724E-016
          21           1   2.6921843232120064E-015
          21           2   4.6013464945300901E-015
          21           3   4.3263046766152085E-015
          21           4  -1.7165650279737088E-017
          21           5  -1.2407482160472868E-015
          21           6   1.4099873764188953E-017
          21           7   3.2370211112270342E-016
          21           8   3.5608049423333975E-002
          21           9  -5.5120838449163045E-015
          21          10   4.3788215241258310E-016
          21          11   2.1977417062640059E-002
          21          12  -3.4580628291425164E-015
          21          13   1.5584064763788699E-017
          21          14  -4.6383312433408673E-017
          21          15   4.2242206224817698E-004
          21          16  -7.5589220212973762E-017
          21          17   1.0025227853817723E-016
          21          18  -2.0498811435013375E-003
          21          19   3.6464429566118728E-016
          21          20  -5.1468262974013058E-017
          21          21   1.3170783127437913E-003
          21          22  -2.7359841822671704E-016
          21          23   7.8792698819489526E-017
          21          24  -9.3749049945751075E-004
          21          25   2.0587644002784122E-016
          21          26   2.8487617244534955E-016
          21          27  -3.9552874074491592E-018
          21          28   3.5031436714479715E-016
          21          29   1.1242462383289609E-017
          21          30  -1.1006952525088529E-018
          21          31   2.8426795184803856E-016
          21          32   3.5923016065365344E-016
          21          33  -6.9199870026004025E-018
          21          34   3.7545723199894489E-016
          21          35   2.4567278122915556E-017
          21          36   2.0085667843930604E-017
          21          37   3.6714769118257219E-016
          22           1   4.7722681593998481E-015
          22           2   9.2128412753519501E-015
          22           3  -5.9880067805656423E-015
          22           4  -1.0345546989392246E-015
          22           5   1.3019611160709382E-015
          22           6  -1.1769882171324918E-016
          22           7  -6.5366548979151062E-016
