           1           1  0.65313817429975285     
           1           2  0.58410228298870015     
           1           3   2.0242841683875788E-015
           1           4  -1.9598600250209370E-015
           1           5   5.9246888896528316E-015
           1           6 -0.22084185661967951     
           1           7   1.4292835072537847E-015
           1           8  -2.0839997788520906E-015
           1           9   3.3747785409686106E-015
           1          10 -0.13666632769108522     
           1          11  -9.8712419725741717E-015
           1          12   1.8014811044925526E-015
           1          13  -1.0076249450080104E-015
           1          14   5.3248114551854124E-003
           1          15   5.7414082690603640E-015
           1          16  -1.0647422242957914E-017
           1          17   1.1123653363959221E-015
           1          18   2.8372046081563433E-003
           1          19  -1.3225482461526848E-015
           1          20   2.8372046081556268E-003
           1          21   1.6593482902314326E-015
           1          22  -2.5130819053173925E-015
           1          23   2.8372046081509865E-003
           1          24   1.2134346344370266E-002
           1          25  -1.0223037575844337E-015
           1          26   1.2134346344361672E-002
           1          27  -2.8055176999540286E-015
           1          28   5.9261330668188890E-016
           1          29   1.2134346344361609E-002
           2           1  0.58410228298870015     
           2           2  0.53886910185636905     
           2           3   1.6895369256625349E-015
           2           4  -2.3860864825338101E-015
           2           5   4.6951489522500111E-015
           2           6 -0.32242824138417397     
           2           7   1.1627580706419953E-015
           2           8  -2.2622888219294431E-015
           2           9   2.5210753665421647E-015
           2          10 -0.19604386407522423     
           2          11  -7.9921314269271080E-015
           2          12   1.1094090870197227E-015
           2          13  -7.2306813939961381E-016
           2          14   6.0123160572108612E-003
           2          15   4.8791269968836963E-015
           2          16   1.9464475451118651E-016
           2          17   6.6684218688035055E-016
           2          18   1.2580211892168009E-003
           2          19  -1.0862621768190040E-015
           2          20   1.2580211892161911E-003
           2          21   1.2735143652472851E-015
           2          22  -2.1028819135931703E-015
           2          23   1.2580211892124311E-003
           2          24   1.3754401932323166E-002
           2          25  -8.4703937521659968E-016
           2          26   1.3754401932316154E-002
           2          27  -2.1301253846374942E-015
           2          28   6.1731981933817013E-016
           2          29   1.3754401932316153E-002
           3           1   2.0242841683875788E-015
           3           2   1.6895369256625349E-015
           3           3  0.36400954688084808     
           3           4  -1.5265566588595902E-016
           3           5   1.5265566588595902E-016
           3           6  -2.6520900077008480E-015
           3           7  0.39101658670471495     
           3           8  -8.8123952579621800E-016
           3           9  -4.8919202022545960E-016
           3          10   1.0339773627750529E-015
           3          11  0.22456016442387883     
           3          12  -4.4755865680201623E-016
           3          13   1.7971735211119721E-015
           3          14   8.1468669011331241E-016
           3          15   3.3381001923169902E-002
           3          16   1.3131856713144430E-015
           3          17  -2.1365288010999350E-015
           3          18  -4.5904214205963523E-016
           3          19  -1.6109082889856410E-016
           3          20  -3.3779174604005857E-016
           3          21   1.2285445889768867E-016
           3          22  -7.8600223147736494E-017
           3          23  -1.6983734979978804E-016
           3          24  -1.6564156904779615E-015
           3          25   3.1570492803164106E-016
           3          26  -5.2798339982022760E-016
           3          27   8.9527886384563630E-017
           3          28  -3.5422771660813137E-016
           3          29  -7.0766304352596704E-016
           4           1  -1.9598600250209370E-015
           4           2  -2.3860864825338101E-015
           4           3  -1.5265566588595902E-016
           4           4  0.36400954688084636     
           4           5  -1.8041124150158794E-016
           4           6   4.8874090956666589E-015
           4           7   3.0531133177191805E-016
           4           8  0.39101658670471373     
           4           9   8.0144224590128488E-016
           4          10   2.8140073265928571E-015
           4          11   1.1692036228083680E-015
           4          12  0.22456016442387752     
           4          13  -9.9920072216264089E-016
           4          14  -7.1392725376699566E-016
           4          15  -3.2612801348363973E-016
           4          16   3.3381001923170006E-002
           4          17  -1.4710455076283324E-015
           4          18   2.3646094740381136E-016
           4          19   1.5758559790831136E-017
           4          20  -5.5693347268247124E-016
           4          21  -2.8998511102991116E-016
           4          22  -1.1417045972694063E-016
           4          23  -1.9565496000044958E-016
           4          24  -1.2233373739161455E-015
           4          25  -5.0587540262608096E-016
           4          26  -1.9036692900860755E-015
           4          27   3.1781223965248594E-016
           4          28   2.3944036691561493E-016
           4          29  -3.4617652499713241E-016
           5           1   5.9246888896528316E-015
           5           2   4.6951489522500111E-015
           5           3   1.5265566588595902E-016
           5           4  -1.8041124150158794E-016
           5           5  0.36400954688084475     
           5           6   7.0303061234230473E-016
           5           7  -2.0122792321330962E-016
           5           8   1.7694179454963432E-016
           5           9  0.39101658670471295     
           5          10  -2.1399011774124010E-015
           5          11   1.1796119636642288E-016
           5          12  -2.5673907444456745E-016
           5          13  0.22456016442387733     
           5          14   1.8676307375980588E-015
           5          15   6.5366548979151062E-016
           5          16   1.2880321809127793E-016
           5          17   3.3381001923169791E-002
           5          18  -5.2822009914623078E-017
           5          19   6.6168891649802525E-018
           5          20   1.8172773078438028E-017
           5          21   1.2419847847348500E-017
           5          22  -7.0114482522780529E-017
           5          23  -1.8001184973101071E-016
           5          24   5.9857520876917241E-016
           5          25  -7.0969971959390740E-017
           5          26   4.9078812753029963E-016
           5          27   1.2813729511004900E-016
           5          28  -2.4431474463164500E-016
           5          29   4.0258378691760419E-016
           6           1 -0.22084185661967951     
           6           2 -0.32242824138417397     
           6           3  -2.6520900077008480E-015
           6           4   4.8874090956666589E-015
           6           5   7.0303061234230473E-016
           6           6   1.0766586457589220     
           6           7  -2.8570497919629145E-015
           6           8   4.6954884062682276E-015
           6           9   1.9262427329401590E-015
           6          10  0.61975595309575593     
           6          11  -1.1447502931642517E-015
           6          12   2.8845229913583432E-015
           6          13  -9.4300924858952523E-016
           6          14  -2.0027377418174903E-002
           6          15  -2.0316547367968793E-015
           6          16  -1.1792419871093786E-015
           6          17   2.4917501726011997E-015
           6          18   6.4355128391378191E-003
           6          19  -2.5031593755761977E-016
           6          20   6.4355128391375208E-003
           6          21   2.8123359329079660E-016
           6          22   2.7705272975904159E-016
           6          23   6.4355128391377523E-003
           6          24  -3.7224350151196912E-002
           6          25  -1.3205183460387469E-018
           6          26  -3.7224350151196857E-002
           6          27  -1.1250386455051641E-015
           6          28  -8.8766241805632371E-016
           6          29  -3.7224350151198252E-002
           7           1   1.4292835072537847E-015
           7           2   1.1627580706419953E-015
           7           3  0.39101658670471495     
           7           4   3.0531133177191805E-016
           7           5  -2.0122792321330962E-016
           7           6  -2.8570497919629145E-015
           7           7  0.43249676903059298     
           7           8  -4.7878367936959876E-016
           7           9  -1.0200174038743626E-015
           7          10  -3.4623655090025882E-017
           7          11  0.27063789327785759     
           7          12  -5.6898930012039273E-016
           7          13   2.2065682614424986E-015
           7          14   1.9535102795387436E-015
           7          15   4.8320876657026821E-002
           7          16   1.8416258101838778E-015
           7          17  -2.7219979742421074E-015
           7          18  -4.8744851791161276E-016
           7          19  -1.6006295774068266E-016
           7          20  -3.6130297586717826E-016
           7          21   1.2331612738927303E-016
           7          22  -5.6298473428934821E-017
           7          23  -1.4448732303675185E-016
           7          24  -1.5086501419853512E-015
           7          25   4.3421687324283014E-016
           7          26  -4.9091099889959775E-016
           7          27   3.5043146821522452E-017
           7          28  -4.1698195212358966E-016
           7          29  -4.9442289161800620E-016
           8           1  -2.0839997788520906E-015
           8           2  -2.2622888219294431E-015
           8           3  -8.8123952579621800E-016
           8           4  0.39101658670471373     
           8           5   1.7694179454963432E-016
           8           6   4.6954884062682276E-015
           8           7  -4.7878367936959876E-016
           8           8  0.43249676903059209     
           8           9   1.1587952819525071E-015
           8          10   1.4246908853187003E-015
           8          11   4.1633363423443370E-016
           8          12  0.27063789327785670     
           8          13  -5.9674487573602164E-016
           8          14   2.7278125096421585E-016
           8          15   4.1416522988946269E-017
           8          16   4.8320876657026834E-002
           8          17  -1.4090291433621616E-015
           8          18   2.0690026438409682E-016
           8          19   4.0736521015002633E-017
           8          20  -5.7181623680550587E-016
           8          21  -2.6184092476142461E-016
           8          22  -1.7601575712707372E-016
           8          23  -2.3349396243818673E-016
           8          24  -8.6392348391907597E-016
           8          25  -4.2945677691246475E-016
           8          26  -1.9178333396025135E-015
           8          27   1.4104978466667455E-016
           8          28   1.7850546026299394E-016
           8          29  -3.4209703308922444E-016
           9           1   3.3747785409686106E-015
           9           2   2.5210753665421647E-015
           9           3  -4.8919202022545960E-016
           9           4   8.0144224590128488E-016
           9           5  0.39101658670471295     
           9           6   1.9262427329401590E-015
           9           7  -1.0200174038743626E-015
           9           8   1.1587952819525071E-015
           9           9  0.43249676903059248     
           9          10  -2.1699336712408800E-015
           9          11  -5.2215176626901894E-016
           9          12  -4.8572257327350599E-017
           9          13  0.27063789327785714     
           9          14   2.1904300870363825E-015
           9          15   5.5305152818485581E-016
           9          16   7.7628875549962117E-017
           9          17   4.8320876657026439E-002
           9          18  -8.0087171836333159E-017
           9          19   8.1846022676731170E-018
           9          20  -2.6372407983756607E-018
           9          21   5.0973244015458055E-017
           9          22  -1.0025110905624202E-016
           9          23  -2.3702809521852312E-016
           9          24   6.2133644488085144E-016
           9          25  -1.1180942311607995E-016
           9          26   4.1996483014718896E-016
           9          27   1.8843315002552812E-016
           9          28  -2.4623395592580715E-016
           9          29   2.9363268305782219E-016
          10           1 -0.13666632769108522     
          10           2 -0.19604386407522423     
          10           3   1.0339773627750529E-015
          10           4   2.8140073265928571E-015
          10           5  -2.1399011774124010E-015
          10           6  0.61975595309575593     
          10           7  -3.4623655090025882E-017
          10           8   1.4246908853187003E-015
          10           9  -2.1699336712408800E-015
          10          10  0.37777800979121590     
          10          11  -1.5937729425978078E-015
          10          12  -1.5906798387441785E-015
          10          13  -2.8131823855229991E-015
          10          14  -4.2835028255542654E-003
          10          15  -2.0779640605933074E-015
          10          16  -1.5330572676213635E-015
          10          17   7.7166905901205027E-016
          10          18   5.1377247990309479E-003
          10          19  -8.9498439666157772E-017
          10          20   5.1377247990307927E-003
          10          21   8.0105343565789870E-017
          10          22   2.0877449241196620E-016
          10          23   5.1377247990310260E-003
          10          24  -1.4572689460771946E-002
          10          25   7.7656216736711147E-017
          10          26  -1.4572689460771568E-002
          10          27  -4.9689750471713144E-016
          10          28  -5.0038493897339491E-016
          10          29  -1.4572689460772443E-002
          11           1  -9.8712419725741717E-015
          11           2  -7.9921314269271080E-015
          11           3  0.22456016442387883     
          11           4   1.1692036228083680E-015
          11           5   1.1796119636642288E-016
          11           6  -1.1447502931642517E-015
          11           7  0.27063789327785759     
          11           8   4.1633363423443370E-016
          11           9  -5.2215176626901894E-016
          11          10  -1.5937729425978078E-015
          11          11  0.20793094567313003     
          11          12  -1.0165479569224090E-015
          11          13   2.3401419690927128E-015
          11          14   2.8518808109089200E-015
          11          15   4.9995311138436402E-002
          11          16   1.5773515306405361E-015
          11          17  -2.2430516645466358E-015
          11          18  -4.8389012376985448E-016
          11          19  -6.8757331669635157E-017
          11          20  -4.1876419154302994E-016
          11          21   5.5375599503754318E-017
          11          22   1.7881056309038875E-017
          11          23  -2.2927929820226323E-016
          11          24  -8.3425108138472689E-016
          11          25   4.1908705878016358E-016
          11          26  -5.9676270006690415E-016
          11          27  -8.8976094250218025E-017
          11          28  -3.0456992768887559E-016
          11          29  -2.6055702733420725E-016
          12           1   1.8014811044925526E-015
          12           2   1.1094090870197227E-015
          12           3  -4.4755865680201623E-016
          12           4  0.22456016442387752     
          12           5  -2.5673907444456745E-016
          12           6   2.8845229913583432E-015
          12           7  -5.6898930012039273E-016
          12           8  0.27063789327785670     
          12           9  -4.8572257327350599E-017
          12          10  -1.5906798387441785E-015
          12          11  -1.0165479569224090E-015
          12          12  0.20793094567313067     
          12          13  -3.7296554733501353E-016
          12          14   2.1023180613923736E-015
          12          15   5.9593172410665751E-016
          12          16   4.9995311138436721E-002
          12          17  -7.0993558254350830E-016
          12          18   1.9952223017640767E-016
          12          19   6.5889478781285131E-017
          12          20  -1.1643285493263116E-016
          12          21  -6.1741860640918477E-017
          12          22  -1.9635003205636910E-016
          12          23  -1.0949114077754025E-017
          12          24   5.8756003559621981E-016
          12          25  -4.3253187567805904E-017
          12          26  -5.9437971954221303E-016
          12          27  -2.7657114287145751E-016
          12          28  -3.7950085759047968E-017
          12          29   1.3687812155232440E-016
          13           1  -1.0076249450080104E-015
          13           2  -7.2306813939961381E-016
          13           3   1.7971735211119721E-015
          13           4  -9.9920072216264089E-016
          13           5  0.22456016442387733     
          13           6  -9.4300924858952523E-016
          13           7   2.2065682614424986E-015
          13           8  -5.9674487573602164E-016
          13           9  0.27063789327785714     
          13          10  -2.8131823855229991E-015
          13          11   2.3401419690927128E-015
          13          12  -3.7296554733501353E-016
          13          13  0.20793094567313025     
          13          14   1.9289277112252264E-015
          13          15   1.1173787589635609E-015
          13          16   1.5265566588595902E-016
          13          17   4.9995311138435576E-002
          13          18  -1.4327222193343017E-017
          13          19   6.6222780494873405E-018
          13          20   3.2272189604836824E-017
          13          21   9.6440336328521017E-017
          13          22  -1.0207800816883256E-016
          13          23  -1.4071593002337369E-016
          13          24   7.8026830499304626E-016
          13          25  -1.2770533531161015E-016
          13          26   5.1186209436055804E-016
          13          27   1.9886631536570124E-016
          13          28  -1.1248453952176237E-016
          13          29   3.8293841130193831E-016
          14           1   5.3248114551854124E-003
          14           2   6.0123160572108612E-003
          14           3   8.1468669011331241E-016
          14           4  -7.1392725376699566E-016
          14           5   1.8676307375980588E-015
          14           6  -2.0027377418174903E-002
          14           7   1.9535102795387436E-015
          14           8   2.7278125096421585E-016
          14           9   2.1904300870363825E-015
          14          10  -4.2835028255542654E-003
          14          11   2.8518808109089200E-015
          14          12   2.1023180613923736E-015
          14          13   1.9289277112252264E-015
          14          14   2.9725685177193501E-003
          14          15   1.2951260841053559E-015
          14          16   1.1729965914100395E-015
          14          17   4.3231647594110114E-016
          14          18   4.7182780894175589E-004
          14          19   9.1303830606924553E-018
          14          20   4.7182780894177264E-004
          14          21   1.5182499344841170E-017
          14          22  -3.0379029457097404E-017
          14          23   4.7182780894169588E-004
          14          24   3.2595605473747652E-003
          14          25   9.6982214335062326E-018
          14          26   3.2595605473747123E-003
          14          27   8.1078701566050850E-018
          14          28   2.2112565968870235E-017
          14          29   3.2595605473747491E-003
          15           1   5.7414082690603640E-015
          15           2   4.8791269968836963E-015
          15           3   3.3381001923169902E-002
          15           4  -3.2612801348363973E-016
          15           5   6.5366548979151062E-016
          15           6  -2.0316547367968793E-015
          15           7   4.8320876657026821E-002
          15           8   4.1416522988946269E-017
          15           9   5.5305152818485581E-016
          15          10  -2.0779640605933074E-015
          15          11   4.9995311138436402E-002
          15          12   5.9593172410665751E-016
          15          13   1.1173787589635609E-015
          15          14   1.2951260841053559E-015
          15          15   1.5518220810501191E-002
          15          16   9.9243462297997354E-016
          15          17  -5.1049998104658878E-016
          15          18   5.8221674419319050E-017
          15          19  -1.7993229648134472E-018
          15          20   6.5241996445627865E-017
          15          21   2.6171858626329421E-018
          15          22   2.0911499950214426E-017
          15          23   1.1702618739815926E-016
          15          24   3.9399769821968689E-016
          15          25   1.2399300258719982E-016
          15          26   3.0316011860301663E-016
          15          27  -5.2886809389439350E-017
          15          28  -6.8938858983017642E-017
          15          29   4.7608779799244860E-016
          16           1  -1.0647422242957914E-017
          16           2   1.9464475451118651E-016
          16           3   1.3131856713144430E-015
          16           4   3.3381001923170006E-002
          16           5   1.2880321809127793E-016
          16           6  -1.1792419871093786E-015
          16           7   1.8416258101838778E-015
          16           8   4.8320876657026834E-002
          16           9   7.7628875549962117E-017
          16          10  -1.5330572676213635E-015
          16          11   1.5773515306405361E-015
          16          12   4.9995311138436721E-002
          16          13   1.5265566588595902E-016
          16          14   1.1729965914100395E-015
          16          15   9.9243462297997354E-016
          16          16   1.5518220810501174E-002
          16          17  -2.5546513689189698E-017
          16          18   2.6504218030567976E-017
          16          19   2.5242114630103879E-017
          16          20   2.7253058411699753E-017
          16          21   2.3041841585767932E-017
          16          22  -6.3818049552988148E-017
          16          23   1.0647592850467687E-017
          16          24   5.8301065755577361E-016
          16          25   6.7504124671636472E-017
          16          26   1.9767975662971956E-016
          16          27  -1.7109825529966859E-016
          16          28  -5.6703246424799975E-017
          16          29   2.4324383002936967E-016
          17           1   1.1123653363959221E-015
          17           2   6.6684218688035055E-016
          17           3  -2.1365288010999350E-015
          17           4  -1.4710455076283324E-015
          17           5   3.3381001923169791E-002
          17           6   2.4917501726011997E-015
          17           7  -2.7219979742421074E-015
          17           8  -1.4090291433621616E-015
          17           9   4.8320876657026439E-002
          17          10   7.7166905901205027E-016
          17          11  -2.2430516645466358E-015
          17          12  -7.0993558254350830E-016
          17          13   4.9995311138435576E-002
          17          14   4.3231647594110114E-016
          17          15  -5.1049998104658878E-016
          17          16  -2.5546513689189698E-017
          17          17   1.5518220810500374E-002
          17          18   4.5743181906568462E-017
          17          19   1.6830446246480814E-018
          17          20   5.3440890833226614E-017
          17          21   3.8752244655305820E-017
          17          22  -3.1352017982988632E-017
          17          23   1.3775006053877751E-017
          17          24   1.4292132149686191E-016
          17          25  -4.2064555960526910E-017
          17          26   4.7491757333233794E-017
          17          27   6.2514452252047573E-017
          17          28  -6.2052892954612619E-018
          17          29   7.8350896584835307E-018
          18           1   2.8372046081563433E-003
          18           2   1.2580211892168009E-003
          18           3  -4.5904214205963523E-016
          18           4   2.3646094740381136E-016
          18           5  -5.2822009914623078E-017
          18           6   6.4355128391378191E-003
          18           7  -4.8744851791161276E-016
          18           8   2.0690026438409682E-016
          18           9  -8.0087171836333159E-017
          18          10   5.1377247990309479E-003
          18          11  -4.8389012376985448E-016
          18          12   1.9952223017640767E-016
          18          13  -1.4327222193343017E-017
          18          14   4.7182780894175589E-004
          18          15   5.8221674419319050E-017
          18          16   2.6504218030567976E-017
          18          17   4.5743181906568462E-017
          18          18   2.2882271936948938E-004
          18          19  -1.2270060428777487E-017
          18          20   2.2882271936949260E-004
          18          21   4.1174405110005415E-017
          18          22  -3.5503465878921003E-017
          18          23   2.2882271936940031E-004
          18          24   4.3602766170322164E-004
          18          25  -1.1293416657896179E-017
          18          26   4.3602766170308216E-004
          18          27  -5.7527429491820712E-017
          18          28  -2.2817667036002736E-018
          18          29   4.3602766170310167E-004
          19           1  -1.3225482461526848E-015
          19           2  -1.0862621768190040E-015
          19           3  -1.6109082889856410E-016
          19           4   1.5758559790831136E-017
          19           5   6.6168891649802525E-018
          19           6  -2.5031593755761977E-016
          19           7  -1.6006295774068266E-016
          19           8   4.0736521015002633E-017
          19           9   8.1846022676731170E-018
          19          10  -8.9498439666157772E-017
          19          11  -6.8757331669635157E-017
          19          12   6.5889478781285131E-017
          19          13   6.6222780494873405E-018
          19          14   9.1303830606924553E-018
          19          15  -1.7993229648134472E-018
          19          16   2.5242114630103879E-017
          19          17   1.6830446246480814E-018
          19          18  -1.2270060428777487E-017
          19          19   3.6052354104833994E-030
          19          20  -1.2270060428776296E-017
          19          21  -6.1945055219753844E-030
          19          22   6.9145443581222138E-030
          19          23  -1.2270060428761613E-017
          19          24   4.2960665312749083E-019
          19          25   3.1651120662965114E-030
          19          26   4.2960665315251174E-019
          19          27   9.4019719302130404E-030
          19          28  -6.4946507010844274E-031
          19          29   4.2960665315114279E-019
          20           1   2.8372046081556268E-003
          20           2   1.2580211892161911E-003
          20           3  -3.3779174604005857E-016
          20           4  -5.5693347268247124E-016
          20           5   1.8172773078438028E-017
          20           6   6.4355128391375208E-003
          20           7  -3.6130297586717826E-016
          20           8  -5.7181623680550587E-016
          20           9  -2.6372407983756607E-018
          20          10   5.1377247990307927E-003
          20          11  -4.1876419154302994E-016
          20          12  -1.1643285493263116E-016
          20          13   3.2272189604836824E-017
          20          14   4.7182780894177264E-004
          20          15   6.5241996445627865E-017
          20          16   2.7253058411699753E-017
          20          17   5.3440890833226614E-017
          20          18   2.2882271936949260E-004
          20          19  -1.2270060428776296E-017
          20          20   2.2882271936949583E-004
          20          21   4.1174405110009945E-017
          20          22  -3.5503465878921946E-017
          20          23   2.2882271936940351E-004
          20          24   4.3602766170325162E-004
          20          25  -1.1293416657894648E-017
          20          26   4.3602766170311208E-004
          20          27  -5.7527429491825199E-017
          20          28  -2.2817667036018722E-018
          20          29   4.3602766170313171E-004
          21           1   1.6593482902314326E-015
          21           2   1.2735143652472851E-015
          21           3   1.2285445889768867E-016
          21           4  -2.8998511102991116E-016
          21           5   1.2419847847348500E-017
          21           6   2.8123359329079660E-016
          21           7   1.2331612738927303E-016
          21           8  -2.6184092476142461E-016
          21           9   5.0973244015458055E-017
          21          10   8.0105343565789870E-017
          21          11   5.5375599503754318E-017
          21          12  -6.1741860640918477E-017
          21          13   9.6440336328521017E-017
          21          14   1.5182499344841170E-017
          21          15   2.6171858626329421E-018
          21          16   2.3041841585767932E-017
          21          17   3.8752244655305820E-017
          21          18   4.1174405110005415E-017
          21          19  -6.1945055219753844E-030
          21          20   4.1174405110009945E-017
          21          21   2.4123026271596748E-029
          21          22  -1.9453851865328685E-029
          21          23   4.1174405109958940E-017
          21          24   6.0971770035096912E-017
          21          25  -7.3746383836235464E-030
          21          26   6.0971770035015326E-017
          21          27  -3.1776361010950542E-029
          21          28  -2.6080402687832193E-031
          21          29   6.0971770035033421E-017
          22           1  -2.5130819053173925E-015
          22           2  -2.1028819135931703E-015
          22           3  -7.8600223147736494E-017
          22           4  -1.1417045972694063E-016
          22           5  -7.0114482522780529E-017
          22           6   2.7705272975904159E-016
          22           7  -5.6298473428934821E-017
          22           8  -1.7601575712707372E-016
          22           9  -1.0025110905624202E-016
          22          10   2.0877449241196620E-016
          22          11   1.7881056309038875E-017
          22          12  -1.9635003205636910E-016
          22          13  -1.0207800816883256E-016
          22          14  -3.0379029457097404E-017
          22          15   2.0911499950214426E-017
          22          16  -6.3818049552988148E-017
          22          17  -3.1352017982988632E-017
          22          18  -3.5503465878921003E-017
          22          19   6.9145443581222138E-030
          22          20  -3.5503465878921946E-017
          22          21  -1.9453851865328685E-029
          22          22   1.8622853492337856E-029
          22          23  -3.5503465878878097E-017
          22          24  -7.4997652507799827E-017
          22          25   7.4735103672091316E-030
          22          26  -7.4997652507726377E-017
          22          27   2.7055161239154397E-029
          22          28  -1.2171523106821295E-030
          22          29  -7.4997652507738986E-017
          23           1   2.8372046081509865E-003
          23           2   1.2580211892124311E-003
          23           3  -1.6983734979978804E-016
          23           4  -1.9565496000044958E-016
          23           5  -1.8001184973101071E-016
          23           6   6.4355128391377523E-003
          23           7  -1.4448732303675185E-016
          23           8  -2.3349396243818673E-016
          23           9  -2.3702809521852312E-016
          23          10   5.1377247990310260E-003
          23          11  -2.2927929820226323E-016
          23          12  -1.0949114077754025E-017
          23          13  -1.4071593002337369E-016
          23          14   4.7182780894169588E-004
          23          15   1.1702618739815926E-016
          23          16   1.0647592850467687E-017
          23          17   1.3775006053877751E-017
          23          18   2.2882271936940031E-004
          23          19  -1.2270060428761613E-017
          23          20   2.2882271936940351E-004
          23          21   4.1174405109958940E-017
          23          22  -3.5503465878878097E-017
          23          23   2.2882271936931122E-004
          23          24   4.3602766170306448E-004
          23          25  -1.1293416657876900E-017
          23          26   4.3602766170292495E-004
          23          27  -5.7527429491757258E-017
          23          28  -2.2817667036035654E-018
          23          29   4.3602766170294446E-004
          24           1   1.2134346344370266E-002
          24           2   1.3754401932323166E-002
          24           3  -1.6564156904779615E-015
          24           4  -1.2233373739161455E-015
          24           5   5.9857520876917241E-016
          24           6  -3.7224350151196912E-002
          24           7  -1.5086501419853512E-015
          24           8  -8.6392348391907597E-016
          24           9   6.2133644488085144E-016
          24          10  -1.4572689460771946E-002
          24          11  -8.3425108138472689E-016
          24          12   5.8756003559621981E-016
          24          13   7.8026830499304626E-016
          24          14   3.2595605473747652E-003
          24          15   3.9399769821968689E-016
          24          16   5.8301065755577361E-016
          24          17   1.4292132149686191E-016
          24          18   4.3602766170322164E-004
          24          19   4.2960665312749083E-019
          24          20   4.3602766170325162E-004
          24          21   6.0971770035096912E-017
          24          22  -7.4997652507799827E-017
          24          23   4.3602766170306448E-004
          24          24   3.9316193395086841E-003
          24          25  -7.9155556939374297E-018
          24          26   3.9316193395084577E-003
          24          27  -3.9386145774384508E-017
          24          28   3.6958006325999651E-017
          24          29   3.9316193395085618E-003
          25           1  -1.0223037575844337E-015
          25           2  -8.4703937521659968E-016
          25           3   3.1570492803164106E-016
          25           4  -5.0587540262608096E-016
          25           5  -7.0969971959390740E-017
          25           6  -1.3205183460387469E-018
          25           7   4.3421687324283014E-016
          25           8  -4.2945677691246475E-016
          25           9  -1.1180942311607995E-016
          25          10   7.7656216736711147E-017
          25          11   4.1908705878016358E-016
          25          12  -4.3253187567805904E-017
          25          13  -1.2770533531161015E-016
          25          14   9.6982214335062326E-018
          25          15   1.2399300258719982E-016
          25          16   6.7504124671636472E-017
          25          17  -4.2064555960526910E-017
          25          18  -1.1293416657896179E-017
          25          19   3.1651120662965114E-030
          25          20  -1.1293416657894648E-017
          25          21  -7.3746383836235464E-030
          25          22   7.4735103672091316E-030
          25          23  -1.1293416657876900E-017
          25          24  -7.9155556939374297E-018
          25          25   6.1790717177328813E-030
          25          26  -7.9155556939090184E-018
          25          27   8.6225621352917073E-030
          25          28  -2.1124436343481371E-030
          25          29  -7.9155556939161875E-018
          26           1   1.2134346344361672E-002
          26           2   1.3754401932316154E-002
          26           3  -5.2798339982022760E-016
          26           4  -1.9036692900860755E-015
          26           5   4.9078812753029963E-016
          26           6  -3.7224350151196857E-002
          26           7  -4.9091099889959775E-016
          26           8  -1.9178333396025135E-015
          26           9   4.1996483014718896E-016
          26          10  -1.4572689460771568E-002
          26          11  -5.9676270006690415E-016
          26          12  -5.9437971954221303E-016
          26          13   5.1186209436055804E-016
          26          14   3.2595605473747123E-003
          26          15   3.0316011860301663E-016
          26          16   1.9767975662971956E-016
          26          17   4.7491757333233794E-017
          26          18   4.3602766170308216E-004
          26          19   4.2960665315251174E-019
          26          20   4.3602766170311208E-004
          26          21   6.0971770035015326E-017
          26          22  -7.4997652507726377E-017
          26          23   4.3602766170292495E-004
          26          24   3.9316193395084577E-003
          26          25  -7.9155556939090184E-018
          26          26   3.9316193395082322E-003
          26          27  -3.9386145774268687E-017
          26          28   3.6958006325996785E-017
          26          29   3.9316193395083354E-003
          27           1  -2.8055176999540286E-015
          27           2  -2.1301253846374942E-015
          27           3   8.9527886384563630E-017
          27           4   3.1781223965248594E-016
          27           5   1.2813729511004900E-016
          27           6  -1.1250386455051641E-015
          27           7   3.5043146821522452E-017
          27           8   1.4104978466667455E-016
          27           9   1.8843315002552812E-016
          27          10  -4.9689750471713144E-016
          27          11  -8.8976094250218025E-017
          27          12  -2.7657114287145751E-016
          27          13   1.9886631536570124E-016
          27          14   8.1078701566050850E-018
          27          15  -5.2886809389439350E-017
          27          16  -1.7109825529966859E-016
          27          17   6.2514452252047573E-017
          27          18  -5.7527429491820712E-017
          27          19   9.4019719302130404E-030
          27          20  -5.7527429491825199E-017
          27          21  -3.1776361010950542E-029
          27          22   2.7055161239154397E-029
          27          23  -5.7527429491757258E-017
          27          24  -3.9386145774384508E-017
          27          25   8.6225621352917073E-030
          27          26  -3.9386145774268687E-017
          27          27   4.6691795464359145E-029
          27          28   1.1984288039632360E-030
          27          29  -3.9386145774289105E-017
          28           1   5.9261330668188890E-016
