           1           1  0.40646049597722611     
           1           2  0.66061043780900242     
           1           3 -0.27124463659584697     
           1           4  -9.3185263274082095E-002
           1           5   5.3804808602375319E-002
           1           6   1.4367820926018831E-002
           1           7   4.9119308767160990E-015
           1           8   2.2574803254669639E-015
           1           9  -4.4349611589103728E-015
           1          10   3.0162206587985812E-015
           1          11   1.6709669787261140E-015
           1          12  -3.4963470285085116E-015
           1          13   1.7599848599161806E-003
           1          14  -9.8513143821495059E-016
           1          15  -2.5732856012306834E-015
           1          16   1.3025936330264403E-015
           1          17  -3.4138035269361425E-016
           1          18   7.7688912008610589E-017
           1          19   4.2466297000697126E-015
           1          20   3.6483566966170526E-015
           1          21  -4.1635589316155307E-015
           1          22  -5.7888367024623585E-015
           1          23  -8.2261958931363719E-016
           1          24   6.6914045095968162E-016
           1          25   1.6584875426851702E-015
           1          26   1.2713262816348971E-002
           1          27  -3.0395857387971277E-016
           1          28   1.2713262816351000E-002
           1          29  -1.8084624774943566E-015
           1          30   8.2769215669603345E-016
           1          31   1.2713262816349713E-002
           1          32   2.7944856634104019E-003
           1          33   1.1335264549107094E-015
           1          34   2.7944856634104249E-003
           1          35   1.1446937075242663E-015
           1          36   2.1522858445307142E-015
           1          37   2.7944856634169713E-003
           2           1  0.66061043780900242     
           2           2   1.1149711592166773     
           2           3 -0.68936983317879241     
           2           4 -0.23519695176580513     
           2           5  0.14319774623490811     
           2           6   3.7607649107962646E-002
           2           7   8.9080758176883498E-015
           2           8   4.6750001825667219E-015
           2           9  -1.0406675424799553E-014
           2          10   6.4993029665236927E-015
           2          11   3.9448893874350647E-015
           2          12  -8.6643859695732755E-015
           2          13   5.1872562884473540E-003
           2          14  -2.4861704250867919E-015
           2          15  -3.7735720959706885E-015
           2          16   3.8482238802027090E-016
           2          17   4.2532445302125623E-016
           2          18   1.3920283680318928E-015
           2          19   7.9855847264758813E-015
           2          20   5.0535887469434673E-015
           2          21  -6.5310209377952679E-015
           2          22  -1.0296781974197344E-014
           2          23   4.4599420312648652E-016
           2          24   9.7083342864507757E-016
           2          25   3.6014580405315135E-015
           2          26   3.7227142332494141E-002
           2          27  -1.9747834619358674E-016
           2          28   3.7227142332497271E-002
           2          29  -2.6124554473252459E-015
           2          30   1.1943969477286927E-015
           2          31   3.7227142332495446E-002
           2          32   9.2234512412152150E-003
           2          33   1.4311838515384673E-015
           2          34   9.2234512412161726E-003
           2          35   2.2909644382962794E-015
           2          36   3.1743457944510360E-015
           2          37   9.2234512412250960E-003
           3           1 -0.27124463659584697     
           3           2 -0.68936983317879241     
           3           3   1.8397967864842872     
           3           4  0.35170136691212134     
           3           5 -0.47894756174864173     
           3           6  -9.5955102514219390E-002
           3           7  -7.7772819200333401E-015
           3           8  -6.8059404485133989E-015
           3           9   2.2551614114453464E-014
           3          10  -1.2105791123696513E-014
           3          11  -7.7234574320247724E-015
           3          12   2.1098541553638339E-014
           3          13  -1.6665580934621373E-002
           3          14   6.3905848937121275E-015
           3          15  -1.7690760825487124E-015
           3          16   8.6716111979298644E-015
           3          17  -7.0819238310668387E-015
           3          18  -5.8565046847215593E-015
           3          19  -1.0603318345824929E-014
           3          20   1.9202710518357552E-015
           3          21   1.7598899054532786E-015
           3          22   9.7742336458070769E-015
           3          23  -1.0449297957933244E-014
           3          24   2.2867599261725152E-015
           3          25  -6.3645185780953630E-015
           3          26 -0.17295078614575460     
           3          27  -1.7614932319976421E-015
           3          28 -0.17295078614575601     
           3          29  -4.0894512840879528E-016
           3          30   5.2443805579448149E-016
           3          31 -0.17295078614575377     
           3          32  -3.3604855060280631E-002
           3          33   7.1880273395919927E-016
           3          34  -3.3604855060284704E-002
           3          35  -3.2323646253363327E-015
           3          36  -6.7260355666748716E-016
           3          37  -3.3604855060281345E-002
           4           1  -9.3185263274082095E-002
           4           2 -0.23519695176580513     
           4           3  0.35170136691212134     
           4           4  0.55803438135902161     
           4           5  -1.8250840319513767E-002
           4           6  -6.7794253596953069E-002
           4           7  -8.6797599365624468E-015
           4           8  -6.0897898097172036E-015
           4           9   8.9321652951317905E-015
           4          10  -7.1014472501082333E-015
           4          11  -6.0072787536133516E-015
           4          12   8.6437699765864565E-015
           4          13  -6.0112709207527284E-003
           4          14   2.5164779438155918E-015
           4          15   2.8719347354898866E-015
           4          16   3.1729191461644191E-015
           4          17   2.6542879459595226E-015
           4          18  -4.7377878385675323E-015
           4          19   8.0790917319624814E-016
           4          20   5.7812949406684350E-016
           4          21   8.6222979513146125E-016
           4          22   4.3559892058784938E-015
           4          23  -3.9499406825790951E-015
           4          24  -3.5286232712783743E-015
           4          25  -1.4176972751685137E-015
           4          26   7.4262891867210287E-002
           4          27   1.0894507639831751E-018
           4          28   7.4262891867212383E-002
           4          29  -1.4931649932690430E-016
           4          30  -7.9975766365246468E-016
           4          31   7.4262891867207415E-002
           4          32  -8.2274470888726928E-003
           4          33   1.4788849221710850E-015
           4          34  -8.2274470888781086E-003
           4          35  -1.2400205958316111E-015
           4          36   1.3091901055260890E-015
           4          37  -8.2274470888742696E-003
           5           1   5.3804808602375319E-002
           5           2  0.14319774623490811     
           5           3 -0.47894756174864173     
           5           4  -1.8250840319513767E-002
           5           5  0.49873692894638472     
           5           6  0.16592368224263337     
           5           7   8.4386686237813162E-015
           5           8   1.0020661532116517E-014
           5           9  -3.4925638174621944E-015
           5          10   9.2292610150174167E-015
           5          11   1.0692452288122805E-014
           5          12   3.2069264473495260E-016
           5          13   2.5306136379509656E-002
           5          14  -1.2567664963301577E-015
           5          15   1.9154162194966604E-016
           5          16  -3.7150759792802397E-015
           5          17   5.7792324012234659E-015
           5          18   7.0095937997014892E-015
           5          19   5.1169056341495769E-016
           5          20   1.4972288481457305E-015
           5          21   1.3367101567600681E-015
           5          22  -7.4052547005869986E-015
           5          23   3.6126367080935449E-015
           5          24  -2.2802781784589409E-016
           5          25   2.7912812009013064E-015
           5          26  0.11720968592861009     
           5          27   2.5438477334585801E-016
           5          28  0.11720968592860978     
           5          29  -5.4125412931130837E-016
           5          30  -2.9317029057970236E-016
           5          31  0.11720968592860845     
           5          32   4.9439494538412343E-002
           5          33  -1.1643401976870876E-016
           5          34   4.9439494538410483E-002
           5          35   4.1946479428981978E-016
           5          36   7.6555180854413832E-016
           5          37   4.9439494538411552E-002
           6           1   1.4367820926018831E-002
           6           2   3.7607649107962646E-002
           6           3  -9.5955102514219390E-002
           6           4  -6.7794253596953069E-002
           6           5  0.16592368224263337     
           6           6   7.3379197457162051E-002
           6           7   2.1532658522426802E-015
           6           8  -8.5091458825654630E-015
           6           9  -7.2952371585067505E-016
           6          10   1.3551482308235105E-015
           6          11  -3.4295832005293787E-015
           6          12   2.1716071070700423E-015
           6          13   9.7987571511345198E-003
           6          14  -3.6744335429366864E-016
           6          15  -1.7611464136187518E-015
           6          16  -1.7127843142003930E-015
           6          17  -3.0881689138916663E-015
           6          18   1.9193570347796450E-014
           6          19   3.8127387757725251E-015
           6          20   3.8782811252364835E-016
           6          21  -8.5786302791406929E-016
           6          22  -3.0880600573982653E-015
           6          23   1.2144991213239228E-015
           6          24   2.9257004963790575E-015
           6          25   1.4181692935553155E-015
           6          26   1.6739378838486495E-002
           6          27  -9.5690778266305317E-017
           6          28   1.6739378838485895E-002
           6          29  -2.4670118117584681E-016
           6          30   8.7386104941877160E-017
           6          31   1.6739378838486436E-002
           6          32   1.7884154574430301E-002
           6          33  -2.5220012658950997E-016
           6          34   1.7884154574430204E-002
           6          35   1.0629233627689448E-016
           6          36   7.0349155439211538E-017
           6          37   1.7884154574430228E-002
           7           1   4.9119308767160990E-015
           7           2   8.9080758176883498E-015
           7           3  -7.7772819200333401E-015
           7           4  -8.6797599365624468E-015
           7           5   8.4386686237813162E-015
           7           6   2.1532658522426802E-015
           7           7  0.70189632213492470     
           7           8  -4.0245584642661925E-015
           7           9   7.9797279894930858E-017
           7          10  0.64436521153873771     
           7          11  -4.6056908287184228E-015
           7          12   2.8228287762832570E-015
           7          13  -1.7004834459161676E-015
           7          14   3.2131098049263451E-002
           7          15  -8.3917248150378027E-015
           7          16  -3.8901173948779860E-015
           7          17 -0.40245433041029144     
           7          18   1.2195648137203197E-014
           7          19  -2.0929438737660099E-015
           7          20   6.1792988588836764E-002
           7          21  -1.1804793254022172E-014
           7          22   2.4611389315421720E-016
           7          23  -6.3958249718349736E-002
           7          24   1.3688702948932983E-014
           7          25   4.2396641752873150E-015
           7          26  -2.1569502662528523E-015
           7          27  -6.5314854100483755E-016
           7          28  -8.0861089145920731E-015
           7          29   4.4601767677666319E-016
           7          30  -2.0388473596723120E-015
           7          31  -2.4123497921978819E-015
           7          32  -4.4378807358198711E-015
           7          33  -1.6853899448162577E-015
           7          34   6.3591521498215642E-016
           7          35  -1.1578905404655359E-015
           7          36   2.7849020136685140E-015
           7          37  -1.1274595107584159E-015
           8           1   2.2574803254669639E-015
           8           2   4.6750001825667219E-015
           8           3  -6.8059404485133989E-015
           8           4  -6.0897898097172036E-015
           8           5   1.0020661532116517E-014
           8           6  -8.5091458825654630E-015
           8           7  -4.0245584642661925E-015
           8           8  0.70189632213492237     
           8           9  -9.1940344226770737E-016
           8          10  -1.7134731133960912E-015
           8          11  0.64436521153873416     
           8          12   9.8835870043778624E-016
           8          13   3.6661349981293664E-015
           8          14  -1.1878952682620181E-014
           8          15   3.2131098049257394E-002
           8          16  -1.2684948577645905E-014
           8          17   1.2905366879312208E-014
           8          18 -0.40245433041027617     
           8          19  -1.1119035379925103E-015
           8          20  -1.2469192345321289E-014
           8          21   6.1792988588822914E-002
           8          22  -3.7066703872934441E-015
           8          23   1.9422397717905326E-014
           8          24  -6.3958249718338578E-002
           8          25   1.4348982071976657E-014
           8          26  -6.6322997870346050E-016
           8          27   1.3356711205232385E-015
           8          28  -1.0721899300890806E-014
           8          29   4.3092316424473523E-015
           8          30  -1.3258332366375821E-015
           8          31   3.5973992410990179E-015
           8          32  -5.6930514616931797E-015
           8          33  -1.9964419970633724E-015
           8          34   3.6343947004858021E-015
           8          35  -4.0687095163292463E-015
           8          36   3.2013156222761581E-015
           8          37  -2.3730323960076099E-016
           9           1  -4.4349611589103728E-015
           9           2  -1.0406675424799553E-014
           9           3   2.2551614114453464E-014
           9           4   8.9321652951317905E-015
           9           5  -3.4925638174621944E-015
           9           6  -7.2952371585067505E-016
           9           7   7.9797279894930858E-017
           9           8  -9.1940344226770737E-016
           9           9  0.70189632213492870     
           9          10   1.5085589027963299E-015
           9          11   2.5212037318977932E-015
           9          12  0.64436521153873783     
           9          13   1.9851626704383909E-015
           9          14   1.9234830742065279E-015
           9          15   4.5625395822534934E-015
           9          16   3.2131098049269523E-002
           9          17  -6.5872871393701714E-015
           9          18  -3.9544105837063787E-015
           9          19 -0.40245433041028772     
           9          20   6.6348836147422945E-015
           9          21   5.1213373819525311E-015
           9          22   6.1792988588835099E-002
           9          23  -4.3414707592836888E-015
           9          24  -4.7800305380540856E-015
           9          25  -6.3958249718356022E-002
           9          26   1.2142727888893245E-015
           9          27   3.3627017811594150E-015
           9          28   4.2801383171790528E-015
           9          29  -2.0841363834809705E-015
           9          30   6.1825319504236041E-016
           9          31  -1.8890253441444728E-015
           9          32   4.0917343475681279E-016
           9          33   3.0939881909205560E-015
           9          34  -2.2812525132299449E-015
           9          35   1.7432904113001141E-015
           9          36  -3.4063870224644569E-015
           9          37  -9.6211689367052967E-016
          10           1   3.0162206587985812E-015
          10           2   6.4993029665236927E-015
          10           3  -1.2105791123696513E-014
          10           4  -7.1014472501082333E-015
          10           5   9.2292610150174167E-015
          10           6   1.3551482308235105E-015
          10           7  0.64436521153873771     
          10           8  -1.7134731133960912E-015
          10           9   1.5085589027963299E-015
          10          10  0.73533785180278477     
          10          11  -3.3953688385185421E-015
          10          12   2.7464873908131226E-015
          10          13  -1.5449784528438714E-015
          10          14   1.3844700233137622E-002
          10          15  -7.0222690509713629E-015
          10          16  -2.6600629251388714E-015
          10          17  -7.9215357111943954E-002
          10          18   7.4504204888858894E-015
          10          19  -5.9114497151513369E-015
          10          20   4.6673057473022445E-002
          10          21  -1.0269562977782698E-014
          10          22   2.3636691562356518E-015
          10          23  -2.6292237841272534E-002
          10          24   1.0679391398982219E-014
          10          25   1.7153162570893158E-015
          10          26  -2.0838985564276423E-015
          10          27  -1.0793617212505009E-015
          10          28  -6.4425308718129728E-015
          10          29   8.5454483088576911E-016
          10          30  -1.3613878066324709E-015
          10          31  -3.8908827786939560E-016
          10          32  -3.1736636417376039E-015
          10          33  -1.7409862601720052E-015
          10          34   8.4560382987780256E-016
          10          35  -1.1355642683817251E-015
          10          36   3.7503206522636400E-015
          10          37   5.7123717764686303E-017
          11           1   1.6709669787261140E-015
          11           2   3.9448893874350647E-015
          11           3  -7.7234574320247724E-015
          11           4  -6.0072787536133516E-015
          11           5   1.0692452288122805E-014
          11           6  -3.4295832005293787E-015
          11           7  -4.6056908287184228E-015
          11           8  0.64436521153873416     
          11           9   2.5212037318977932E-015
          11          10  -3.3953688385185421E-015
          11          11  0.73533785180277866     
          11          12   3.0508907032655864E-015
          11          13   5.6106863849473754E-016
          11          14  -7.6395053477673613E-015
          11          15   1.3844700233131859E-002
          11          16  -1.1316034914665710E-014
          11          17   1.5801162461803742E-014
          11          18  -7.9215357111934476E-002
          11          19  -5.0737409065804198E-015
          11          20  -1.4355812545663316E-014
          11          21   4.6673057473012119E-002
          11          22   2.8388749684360409E-015
          11          23   1.4707419310200368E-014
          11          24  -2.6292237841264873E-002
          11          25   1.0463418326223106E-014
          11          26  -1.0116817271084171E-015
          11          27  -1.7356802818509903E-015
          11          28  -8.0907993582225352E-015
          11          29   3.9949933577111304E-015
          11          30  -1.8973776276585825E-015
          11          31   1.4478149118421382E-015
          11          32  -3.5203370743074555E-015
          11          33  -3.0494893181114480E-015
          11          34   3.3039398836058148E-015
          11          35  -3.6579571828249974E-015
          11          36   4.0207661181435736E-015
          11          37   9.2037702107609830E-016
          12           1  -3.4963470285085116E-015
          12           2  -8.6643859695732755E-015
          12           3   2.1098541553638339E-014
          12           4   8.6437699765864565E-015
          12           5   3.2069264473495260E-016
          12           6   2.1716071070700423E-015
          12           7   2.8228287762832570E-015
          12           8   9.8835870043778624E-016
          12           9  0.64436521153873783     
          12          10   2.7464873908131226E-015
          12          11   3.0508907032655864E-015
          12          12  0.73533785180278066     
          12          13   5.2126295088661199E-016
          12          14   3.1821062711906375E-015
          12          15   4.5048058165686395E-015
          12          16   1.3844700233145461E-002
          12          17  -6.5670667688533160E-015
          12          18  -7.3513244103207127E-015
          12          19  -7.9215357111944065E-002
          12          20   5.7787975793477410E-015
          12          21   7.7696096084656250E-015
          12          22   4.6673057473026400E-002
          12          23  -5.8447170714348392E-015
          12          24  -7.7169173828828200E-015
          12          25  -2.6292237841283744E-002
          12          26   1.0046715745829952E-015
          12          27   1.2669971372851652E-015
          12          28   4.4160799445555611E-015
          12          29  -1.2997532592156378E-015
          12          30   1.6045297366176885E-016
          12          31  -2.9604079114668473E-015
          12          32   4.5908811196258878E-016
          12          33   1.2477273580594479E-015
          12          34  -2.1526531347466638E-015
          12          35   1.4322412160868061E-015
          12          36  -1.8991832740922369E-015
          12          37  -4.0922796342410077E-016
          13           1   1.7599848599161806E-003
          13           2   5.1872562884473540E-003
          13           3  -1.6665580934621373E-002
          13           4  -6.0112709207527284E-003
          13           5   2.5306136379509656E-002
          13           6   9.7987571511345198E-003
          13           7  -1.7004834459161676E-015
          13           8   3.6661349981293664E-015
          13           9   1.9851626704383909E-015
          13          10  -1.5449784528438714E-015
          13          11   5.6106863849473754E-016
          13          12   5.2126295088661199E-016
          13          13   1.4309816018702778E-003
          13          14  -1.1457144578847911E-016
          13          15   5.9640224149492768E-016
          13          16   7.1916022011555983E-017
          13          17   8.6322316095102564E-016
          13          18  -1.0685048604408039E-014
          13          19  -4.3577042652327106E-015
          13          20  -1.0216181099799800E-016
          13          21   5.6674024323556257E-016
          13          22  -1.1044040169550900E-016
          13          23   3.0096784473326146E-016
          13          24  -1.2479593519692974E-015
          13          25  -4.0657672885102191E-016
          13          26   4.4067537145170387E-003
          13          27   1.3002372173671086E-018
          13          28   4.4067537145169753E-003
          13          29  -2.9777218028950400E-017
          13          30  -4.1641322735889665E-018
          13          31   4.4067537145169883E-003
          13          32   2.7559007827390922E-003
          13          33  -2.4641757113797985E-017
          13          34   2.7559007827390189E-003
          13          35   1.3132753101881910E-017
          13          36   1.5383369000326812E-017
          13          37   2.7559007827390454E-003
          14           1  -9.8513143821495059E-016
          14           2  -2.4861704250867919E-015
          14           3   6.3905848937121275E-015
          14           4   2.5164779438155918E-015
          14           5  -1.2567664963301577E-015
          14           6  -3.6744335429366864E-016
          14           7   3.2131098049263451E-002
          14           8  -1.1878952682620181E-014
          14           9   1.9234830742065279E-015
          14          10   1.3844700233137622E-002
          14          11  -7.6395053477673613E-015
          14          12   3.1821062711906375E-015
          14          13  -1.1457144578847911E-016
          14          14   3.7095025318730711E-003
          14          15  -1.1983584968528571E-015
          14          16  -4.6559198824905161E-016
          14          17  -6.0591208369660365E-002
          14          18   1.2955028421009727E-014
          14          19   4.2313361473499312E-015
          14          20   3.9449128762383719E-003
          14          21  -1.6541265969796675E-015
          14          22  -3.5214886562327345E-016
          14          23  -7.5732027089751089E-003
          14          24   2.3925766966595390E-015
          14          25   9.4303396743020409E-016
          14          26   1.3739480433244344E-016
          14          27   7.9316638099073977E-017
          14          28  -1.5340193108508146E-016
          14          29  -9.4389105227611139E-017
          14          30  -1.3467476347701129E-016
          14          31  -2.1357491518200329E-016
          14          32  -2.8509394995914839E-016
          14          33   3.6549808144619791E-017
          14          34  -8.5827998762937981E-017
          14          35  -3.1008654953958712E-017
          14          36  -1.2620392012648753E-016
          14          37  -2.2852354784093249E-016
          15           1  -2.5732856012306834E-015
          15           2  -3.7735720959706885E-015
          15           3  -1.7690760825487124E-015
          15           4   2.8719347354898866E-015
          15           5   1.9154162194966604E-016
          15           6  -1.7611464136187518E-015
          15           7  -8.3917248150378027E-015
          15           8   3.2131098049257394E-002
          15           9   4.5625395822534934E-015
          15          10  -7.0222690509713629E-015
          15          11   1.3844700233131859E-002
          15          12   4.5048058165686395E-015
          15          13   5.9640224149492768E-016
          15          14  -1.1983584968528571E-015
          15          15   3.7095025318726023E-003
          15          16  -4.7768253653815801E-016
          15          17   3.8266170288882232E-015
          15          18  -6.0591208369657201E-002
          15          19  -2.2459502112919207E-016
          15          20  -7.6184176155125321E-016
          15          21   3.9449128762370916E-003
          15          22  -8.6512557100763070E-016
          15          23   1.6888142902356120E-015
          15          24  -7.5732027089737419E-003
          15          25   9.3692855394639450E-016
          15          26   1.1696830310784787E-015
          15          27   5.7547867179422723E-016
          15          28   6.8969010482825182E-016
          15          29   1.2044044423396728E-016
          15          30   1.1612269575463867E-016
          15          31   1.5375392522599286E-015
          15          32  -3.2558008402882845E-016
          15          33   2.0595067047374704E-016
          15          34   1.3532308472455266E-016
          15          35  -1.8706763825800038E-016
          15          36  -1.1217266480350973E-016
          15          37  -3.5419366077041366E-017
          16           1   1.3025936330264403E-015
          16           2   3.8482238802027090E-016
          16           3   8.6716111979298644E-015
          16           4   3.1729191461644191E-015
          16           5  -3.7150759792802397E-015
          16           6  -1.7127843142003930E-015
          16           7  -3.8901173948779860E-015
          16           8  -1.2684948577645905E-014
          16           9   3.2131098049269523E-002
          16          10  -2.6600629251388714E-015
          16          11  -1.1316034914665710E-014
          16          12   1.3844700233145461E-002
          16          13   7.1916022011555983E-017
          16          14  -4.6559198824905161E-016
          16          15  -4.7768253653815801E-016
          16          16   3.7095025318726557E-003
          16          17   3.7323786842755444E-015
          16          18   7.6590023521472593E-015
          16          19  -6.0591208369654009E-002
          16          20  -7.3315783782546302E-017
          16          21  -1.4609116054473863E-015
          16          22   3.9449128762377465E-003
          16          23   7.6124375629046387E-016
          16          24   1.5183201104804788E-015
          16          25  -7.5732027089739050E-003
          16          26  -3.9984037859633575E-016
          16          27   4.1172931427116940E-016
          16          28  -4.3576770667257420E-016
          16          29  -1.5749870366115127E-016
          16          30   6.3679014092571993E-017
          16          31  -3.9083405469457105E-016
          16          32  -4.0870413309627798E-016
          16          33   3.1353542098511254E-016
          16          34  -4.0728803241964305E-016
          16          35   1.0260768754192369E-016
          16          36  -2.8544682663938215E-016
          16          37  -4.8457801161319140E-016
          17           1  -3.4138035269361425E-016
          17           2   4.2532445302125623E-016
          17           3  -7.0819238310668387E-015
          17           4   2.6542879459595226E-015
          17           5   5.7792324012234659E-015
          17           6  -3.0881689138916663E-015
          17           7 -0.40245433041029144     
          17           8   1.2905366879312208E-014
          17           9  -6.5872871393701714E-015
          17          10  -7.9215357111943954E-002
          17          11   1.5801162461803742E-014
          17          12  -6.5670667688533160E-015
          17          13   8.6322316095102564E-016
          17          14  -6.0591208369660365E-002
          17          15   3.8266170288882232E-015
          17          16   3.7323786842755444E-015
          17          17   1.0256697651318334     
          17          18   2.1687634869406459E-015
          17          19   3.4464580542486305E-015
          17          20  -5.6154992827271315E-002
          17          21   4.5278112314160758E-015
          17          22   7.5875500408486487E-015
          17          23  0.12418244535797353     
          17          24  -8.1305981099264533E-015
          17          25  -8.3743538633555068E-015
          17          26  -1.0644497308274772E-015
          17          27  -1.7207149919352572E-015
          17          28   2.5732562643527028E-015
          17          29   1.9546482821534635E-015
          17          30   1.9181750073784666E-015
          17          31   5.5320550566279954E-015
          17          32   3.4005567906307057E-015
          17          33  -1.2557998042136714E-015
          17          34   1.2291970583710648E-015
          17          35   2.3870932210320667E-016
          17          36   3.2594057315090627E-015
          17          37   3.3545403105816313E-015
          18           1   7.7688912008610589E-017
          18           2   1.3920283680318928E-015
          18           3  -5.8565046847215593E-015
          18           4  -4.7377878385675323E-015
          18           5   7.0095937997014892E-015
          18           6   1.9193570347796450E-014
          18           7   1.2195648137203197E-014
          18           8 -0.40245433041027617     
          18           9  -3.9544105837063787E-015
          18          10   7.4504204888858894E-015
          18          11  -7.9215357111934476E-002
          18          12  -7.3513244103207127E-015
          18          13  -1.0685048604408039E-014
          18          14   1.2955028421009727E-014
          18          15  -6.0591208369657201E-002
          18          16   7.6590023521472593E-015
          18          17   2.1687634869406459E-015
          18          18   1.0256697651318247     
          18          19  -1.5488307454603580E-014
          18          20  -2.6713725090506120E-015
          18          21  -5.6154992827259491E-002
          18          22   2.2524361119758554E-014
          18          23  -1.3944971073058877E-014
          18          24  0.12418244535795873     
          18          25  -1.8164936650124849E-014
          18          26  -2.2916819468640632E-015
          18          27  -1.0538972608247178E-014
          18          28   3.5737658866636505E-015
          18          29  -9.5708465860626808E-016
          18          30  -2.6447567355215079E-015
          18          31  -7.9573154226153127E-015
          18          32   4.7322244212906240E-015
          18          33  -4.5715038897038753E-015
          18          34  -1.0540311653014404E-015
          18          35   2.3386471781343920E-015
          18          36   3.1350699006491078E-015
          18          37   8.8096717851817647E-016
          19           1   4.2466297000697126E-015
          19           2   7.9855847264758813E-015
          19           3  -1.0603318345824929E-014
          19           4   8.0790917319624814E-016
          19           5   5.1169056341495769E-016
          19           6   3.8127387757725251E-015
          19           7  -2.0929438737660099E-015
          19           8  -1.1119035379925103E-015
          19           9 -0.40245433041028772     
          19          10  -5.9114497151513369E-015
          19          11  -5.0737409065804198E-015
          19          12  -7.9215357111944065E-002
          19          13  -4.3577042652327106E-015
          19          14   4.2313361473499312E-015
          19          15  -2.2459502112919207E-016
          19          16  -6.0591208369654009E-002
          19          17   3.4464580542486305E-015
          19          18  -1.5488307454603580E-014
          19          19   1.0256697651318150     
          19          20  -4.1835787357178266E-015
          19          21   7.9731380731636647E-015
          19          22  -5.6154992827252621E-002
          19          23  -5.2988551589063528E-015
          19          24  -9.0167555090144582E-015
          19          25  0.12418244535795629     
          19          26  -3.3233357229449904E-016
          19          27  -6.7816915191645913E-015
          19          28   1.3151750798597917E-015
          19          29   2.3406147941168303E-015
          19          30  -9.9950948333078870E-016
          19          31  -1.3905486958502009E-015
          19          32   1.5568670633656949E-015
          19          33  -4.9597944083909841E-015
          19          34   6.5539275338583517E-016
          19          35  -1.4279561522953765E-015
          19          36   4.3495766873977188E-015
          19          37   2.5499102235417208E-015
          20           1   3.6483566966170526E-015
          20           2   5.0535887469434673E-015
          20           3   1.9202710518357552E-015
          20           4   5.7812949406684350E-016
          20           5   1.4972288481457305E-015
          20           6   3.8782811252364835E-016
          20           7   6.1792988588836764E-002
          20           8  -1.2469192345321289E-014
          20           9   6.6348836147422945E-015
          20          10   4.6673057473022445E-002
          20          11  -1.4355812545663316E-014
          20          12   5.7787975793477410E-015
          20          13  -1.0216181099799800E-016
          20          14   3.9449128762383719E-003
          20          15  -7.6184176155125321E-016
          20          16  -7.3315783782546302E-017
          20          17  -5.6154992827271315E-002
          20          18  -2.6713725090506120E-015
          20          19  -4.1835787357178266E-015
          20          20   6.1440995656076849E-003
          20          21  -1.9128849979704868E-015
          20          22   4.9817734572992671E-016
          20          23  -7.9431307854139783E-003
          20          24   1.2399884721445167E-015
          20          25  -1.3377699555755370E-016
          20          26   2.4172258937564079E-016
          20          27  -2.1651494436212904E-017
          20          28  -3.5212054672089557E-016
          20          29   5.4621723722438474E-018
          20          30  -2.1460866042036149E-016
          20          31   7.9105112893075791E-017
          20          32  -3.3059484418388901E-016
          20          33  -1.3108926785230731E-016
          20          34   1.5660893231709021E-016
          20          35  -9.6292747031458130E-017
          20          36   1.5670439511771231E-016
          20          37  -5.5552756770191109E-017
          21           1  -4.1635589316155307E-015
          21           2  -6.5310209377952679E-015
          21           3   1.7598899054532786E-015
          21           4   8.6222979513146125E-016
          21           5   1.3367101567600681E-015
          21           6  -8.5786302791406929E-016
          21           7  -1.1804793254022172E-014
          21           8   6.1792988588822914E-002
          21           9   5.1213373819525311E-015
          21          10  -1.0269562977782698E-014
          21          11   4.6673057473012119E-002
          21          12   7.7696096084656250E-015
          21          13   5.6674024323556257E-016
          21          14  -1.6541265969796675E-015
          21          15   3.9449128762370916E-003
          21          16  -1.4609116054473863E-015
          21          17   4.5278112314160758E-015
          21          18  -5.6154992827259491E-002
          21          19   7.9731380731636647E-015
          21          20  -1.9128849979704868E-015
          21          21   6.1440995656049362E-003
          21          22  -5.1154013750582613E-016
          21          23   2.6642913136115716E-015
          21          24  -7.9431307854112825E-003
          21          25   2.1523852578725375E-015
          21          26   1.6215107189490965E-016
          21          27   3.3246035034937276E-016
          21          28  -8.6540628446016589E-016
          21          29   3.7371675667870313E-016
          21          30  -6.5005690707374712E-017
          21          31   6.3937239686797079E-016
          21          32  -5.2088821847843098E-016
          21          33  -8.4020477900834963E-017
          21          34   4.1558364772512293E-016
          21          35  -3.6329371527600828E-016
          21          36   2.0049023167799438E-016
          21          37  -1.7340861820429210E-018
          22           1  -5.7888367024623585E-015
          22           2  -1.0296781974197344E-014
          22           3   9.7742336458070769E-015
          22           4   4.3559892058784938E-015
          22           5  -7.4052547005869986E-015
          22           6  -3.0880600573982653E-015
          22           7   2.4611389315421720E-016
