           1           1  0.36906896900640884     
           1           2  0.62332279889037046     
           1           3 -0.13271228004823499     
           1           4 -0.16601700149346188     
           1           5   3.9114493977814427E-002
           1           6   2.0267628617314015E-002
           1           7  -5.9622411075159167E-015
           1           8   1.2318463122405004E-014
           1           9  -1.0114791890544574E-014
           1          10   5.5991154492391462E-015
           1          11   2.7356909118893510E-014
           1          12  -3.1948664342829767E-014
           1          13   1.5803815811889746E-003
           1          14  -2.5839549127504004E-014
           1          15  -1.7603205448163056E-014
           1          16   1.9495443019900229E-015
           1          17   1.9010999820581317E-014
           1          18  -6.3853242462816807E-015
           1          19   2.1891931658017172E-015
           1          20  -2.3708067407446735E-014
           1          21   1.2092428414508301E-014
           1          22   4.9023905507622150E-015
           1          23   2.1673677341144758E-014
           1          24  -5.7245003747692627E-015
           1          25   1.7812425699977133E-014
           1          26   1.4844182093438536E-003
           1          27   1.0571155794227591E-004
           1          28   1.8100014652666150E-003
           1          29  -3.0894485633852501E-005
           1          30  -1.1796392790568047E-004
           1          31   1.4902982237054150E-003
           1          32   5.9064297948196202E-003
           1          33   1.3023936389290164E-004
           1          34   6.3075567574781225E-003
           1          35  -3.8062802521752478E-005
           1          36  -1.4533459952963319E-004
           1          37   5.9136741240835072E-003
           2           1  0.62332279889037046     
           2           2   1.0895017830600531     
           2           3 -0.37440249592521002     
           2           4 -0.45382808490708026     
           2           5  0.11535170793555544     
           2           6   5.9553818722547516E-002
           2           7  -9.1961621982617335E-015
           2           8   2.2145894003771033E-014
           2           9  -1.8445168189770410E-014
           2          10   1.1578118108979972E-014
           2          11   4.8481284566971436E-014
           2          12  -5.3938216630401507E-014
           2          13   4.4442156124226027E-003
           2          14  -4.5670229380527801E-014
           2          15  -3.0132374195967597E-014
           2          16   4.7811568689493970E-015
           2          17   3.5573151545590585E-014
           2          18  -1.3686456181491642E-014
           2          19   5.2953520052183062E-015
           2          20  -4.0566875322588270E-014
           2          21   2.2972448576029871E-014
           2          22   1.0914939659803723E-014
           2          23   3.7806341185832495E-014
           2          24  -1.1653515532384346E-014
           2          25   3.0518562881845504E-014
           2          26   3.7673373907393341E-003
           2          27   2.9330213636357284E-004
           2          28   4.6706848238666603E-003
           2          29  -8.5718333941778494E-005
           2          30  -3.2729696488795668E-004
           2          31   3.7836517920450266E-003
           2          32   1.6423906899021741E-002
           2          33   3.8840096210871985E-004
           2          34   1.7620151210599913E-002
           2          35  -1.1351122009607538E-004
           2          36  -4.3341810485472785E-004
           2          37   1.6445511000707305E-002
           3           1 -0.13271228004823499     
           3           2 -0.37440249592521002     
           3           3  0.66381011616401930     
           3           4  0.77868468416967240     
           3           5 -0.25715940346491628     
           3           6 -0.13169600045519692     
           3           7  -7.1578708318997943E-015
           3           8  -9.5043595386951544E-015
           3           9   1.2579017229128986E-014
           3          10  -2.1488216565788826E-014
           3          11  -1.8268784181964086E-014
           3          12   1.7803206337284252E-014
           3          13  -8.7849954169046465E-003
           3          14   1.5829027187118708E-014
           3          15   7.0931977060789603E-015
           3          16  -7.0494337564978338E-015
           3          17  -2.2095568629862911E-014
           3          18   1.4344874029080832E-014
           3          19  -6.8686702502246987E-015
           3          20   8.8010083548773922E-015
           3          21  -1.5900496574129480E-014
           3          22  -1.3627381851290388E-014
           3          23  -1.1286176930155217E-014
           3          24   1.2599971151749910E-014
           3          25  -8.5448854112704951E-015
           3          26  -6.7366092886995740E-003
           3          27  -5.2198766088837930E-004
           3          28  -8.3442900897403929E-003
           3          29   1.5255228991912557E-004
           3          30   5.8248800786783197E-004
           3          31  -6.7656439091597189E-003
           3          32  -3.1430443741399486E-002
           3          33  -9.2157882030379076E-004
           3          34  -3.4268833778521177E-002
           3          35   2.6933387487535995E-004
           3          36   1.0283932962524070E-003
           3          37  -3.1481704898155521E-002
           4           1 -0.16601700149346188     
           4           2 -0.45382808490708026     
           4           3  0.77868468416967240     
           4           4  0.94515926355283031     
           4           5 -0.46427610059427427     
           4           6 -0.23527087580889056     
           4           7  -6.6266442319014619E-014
           4           8  -4.7672514435792552E-015
           4           9  -2.0857370842832350E-015
           4          10  -1.3578879856758822E-013
           4          11  -9.2449104501656147E-015
           4          12  -1.0690536306527210E-014
           4          13  -1.3909583404730495E-002
           4          14   1.0096919848142823E-014
           4          15   4.0476149325051755E-015
           4          16  -8.2703928914133778E-015
           4          17  -2.6081972660411441E-014
           4          18   2.7191405232688473E-014
           4          19  -1.5785927697485193E-014
           4          20   2.2492800563104636E-014
           4          21  -4.8604104449608366E-015
           4          22  -3.2420355689819325E-014
           4          23   8.0272182711365362E-016
           4          24   3.5450313358104219E-014
           4          25  -1.8171817754573651E-014
           4          26  -1.2078443805610472E-002
           4          27  -5.3405171236668605E-004
           4          28  -1.3723280933065013E-002
           4          29   1.5607804124698373E-004
           4          30   5.9595032859149997E-004
           4          31  -1.2108149467106897E-002
           4          32  -4.8713753709818702E-002
           4          33  -1.4353243367844675E-003
           4          34  -5.3134439393755194E-002
           4          35   4.1947737596244187E-004
           4          36   1.6016838639907969E-003
           4          37  -4.8793591032745380E-002
           5           1   3.9114493977814427E-002
           5           2  0.11535170793555544     
           5           3 -0.25715940346491628     
           5           4 -0.46427610059427427     
           5           5  0.94681460439089493     
           5           6  0.47305899902456572     
           5           7   1.7531643108794602E-013
           5           8  -5.8938750381169812E-014
           5           9   1.2154567005411815E-014
           5          10   3.3480447353486882E-013
           5          11  -1.1469643070800509E-013
           5          12   2.5275568511636083E-014
           5          13   2.2332134322637677E-002
           5          14   3.6942381478767867E-014
           5          15   1.3733177495234134E-014
           5          16   8.3955871433718788E-015
           5          17   1.6523613584840351E-014
           5          18  -1.1926363253136791E-014
           5          19   3.7291778323660636E-015
           5          20  -6.0146123629711346E-015
           5          21   3.7104471958385142E-014
           5          22   2.9099996161981042E-014
           5          23  -4.4571955804891393E-014
           5          24  -5.0649688666053643E-014
           5          25   1.0285465664704096E-014
           5          26   2.4198205108511367E-002
           5          27  -2.0273514932855376E-005
           5          28   2.4135764282185616E-002
           5          29   5.9249889243359003E-006
           5          30   2.2623292170474707E-005
           5          31   2.4197077430783035E-002
           5          32   7.3146062120494279E-002
           5          33   2.7316231907477569E-003
           5          34   8.1559245972783329E-002
           5          35  -7.9832418250606928E-004
           5          36  -3.0482286650017100E-003
           5          37   7.3298003725355804E-002
           6           1   2.0267628617314015E-002
           6           2   5.9553818722547516E-002
           6           3 -0.13169600045519692     
           6           4 -0.23527087580889056     
           6           5  0.47305899902456572     
           6           6  0.23876348549074800     
           6           7   3.0773934516600263E-013
           6           8  -1.5438169269836950E-014
           6           9   2.3460839121880262E-015
           6          10   5.8775731061537134E-013
           6          11  -2.7676292041069298E-014
           6          12   5.2770887657729261E-015
           6          13   1.1520691272076120E-002
           6          14   2.2575205925443786E-014
           6          15   2.4491098699249622E-014
           6          16  -6.4544093799600316E-015
           6          17   4.5425326737084465E-015
           6          18  -8.9370592926343100E-014
           6          19   5.2674803733536138E-014
           6          20  -7.2874355752027312E-014
           6          21  -1.5971999664140064E-013
           6          22   1.1940891056599051E-013
           6          23  -5.7072403163154074E-014
           6          24  -1.3027817010350884E-013
           6          25   6.0601785745790389E-014
           6          26   1.1948115129427683E-002
           6          27   3.6310511675857683E-004
           6          28   1.3066450233262798E-002
           6          29  -1.0611844141028657E-004
           6          30  -4.0519037507463600E-004
           6          31   1.1968312195508771E-002
           6          32   3.5315251798294367E-002
           6          33   2.4331112241551952E-003
           6          34   4.2809042351615423E-002
           6          35  -7.1108326195646362E-004
           6          36  -2.7151180308226689E-003
           6          37   3.5450589214361526E-002
           7           1  -5.9622411075159167E-015
           7           2  -9.1961621982617335E-015
           7           3  -7.1578708318997943E-015
           7           4  -6.6266442319014619E-014
           7           5   1.7531643108794602E-013
           7           6   3.0773934516600263E-013
           7           7  0.29260252868461711     
           7           8   2.5174310933556792E-003
           7           9  -7.3572596955129006E-004
           7          10  0.55853082007494570     
           7          11   4.5287393077571934E-003
           7          12  -1.3235361742153322E-003
           7          13  -6.2869193851467735E-014
           7          14   5.4336614057063862E-003
           7          15   1.2054606172705081E-003
           7          16  -3.5229908906130080E-004
           7          17   4.7003676568574092E-003
           7          18  -6.2792232144600300E-003
           7          19   1.8351197763943324E-003
           7          20  -7.2021677158763800E-002
           7          21  -1.2103513569936407E-002
           7          22   3.5372842082435660E-003
           7          23  -2.9526601388694108E-002
           7          24  -8.9054343884359399E-003
           7          25   2.6026370150799534E-003
           7          26  -7.1594069973513118E-014
           7          27   7.9405473349534735E-015
           7          28  -8.7793645945193552E-014
           7          29   3.2287883655025190E-015
           7          30   2.6148792964517870E-015
           7          31  -7.3007831754643150E-014
           7          32  -1.0364217276435590E-013
           7          33   5.0104929523589861E-015
           7          34  -1.3314488429952317E-013
           7          35   8.0521667880984877E-015
           7          36   6.3567131937138587E-015
           7          37  -1.4306874963777762E-013
           8           1   1.2318463122405004E-014
           8           2   2.2145894003771033E-014
           8           3  -9.5043595386951544E-015
           8           4  -4.7672514435792552E-015
           8           5  -5.8938750381169812E-014
           8           6  -1.5438169269836950E-014
           8           7   2.5174310933556792E-003
           8           8  0.30155548671926069     
           8           9  -2.8092108938719868E-003
           8          10   4.5287393077602604E-003
           8          11  0.57463676755393289     
           8          12  -5.0536373498640133E-003
           8          13   1.6982385835390730E-014
           8          14   1.2054606172652168E-003
           8          15   9.7207453088890491E-003
           8          16  -1.3451780686684733E-003
           8          17  -6.2792232144394519E-003
           8          18  -1.7630977209588596E-002
           8          19   7.0070089684041749E-003
           8          20  -1.2103513569932159E-002
           8          21 -0.11506644979901079     
           8          22   1.3506356636610041E-002
           8          23  -8.9054343884315580E-003
           8          24  -6.1197768302299102E-002
           8          25   9.9376079647642071E-003
           8          26   5.0677021654933810E-014
           8          27   3.4457983806114705E-015
           8          28   7.0994342824459322E-015
           8          29  -2.4748463878926159E-015
           8          30  -1.1454051222383421E-014
           8          31  -3.5403669046151242E-014
           8          32   7.0724902523666608E-014
           8          33  -7.9843016487759700E-017
           8          34   1.7268070457291931E-014
           8          35   8.8421360402227464E-015
           8          36  -6.2954587074955680E-015
           8          37  -1.9359787738398192E-014
           9           1  -1.0114791890544574E-014
           9           2  -1.8445168189770410E-014
           9           3   1.2579017229128986E-014
           9           4  -2.0857370842832350E-015
           9           5   1.2154567005411815E-014
           9           6   2.3460839121880262E-015
           9           7  -7.3572596955129006E-004
           9           8  -2.8092108938719868E-003
           9           9  0.29276421858043933     
           9          10  -1.3235361742157759E-003
           9          11  -5.0536373498537663E-003
           9          12  0.55882169253972813     
           9          13  -1.5114877250628557E-014
           9          14  -3.5229908902418433E-004
           9          15  -1.3451780686654675E-003
           9          16   5.5110858885899791E-003
           9          17   1.8351197764024548E-003
           9          18   7.0070089684153127E-003
           9          19   4.2970648836322262E-003
           9          20   3.5372842082517339E-003
           9          21   1.3506356636611474E-002
           9          22  -7.2799063217922261E-002
           9          23   2.6026370150360732E-003
           9          24   9.9376079647584582E-003
           9          25  -3.0098580798192019E-002
           9          26   4.3835377940228891E-014
           9          27  -4.6059660080347322E-016
           9          28  -1.2608169002641025E-014
           9          29  -2.2041887689860489E-015
           9          30  -1.5693038646361888E-015
           9          31  -1.3358663376465203E-015
           9          32   2.1369797641327877E-014
           9          33  -4.1837537713185316E-015
           9          34  -4.0992792290487539E-014
           9          35  -1.6104290360823158E-015
           9          36   3.6441724601556965E-015
           9          37  -2.4555000551091652E-014
          10           1   5.5991154492391462E-015
          10           2   1.1578118108979972E-014
          10           3  -2.1488216565788826E-014
          10           4  -1.3578879856758822E-013
          10           5   3.3480447353486882E-013
          10           6   5.8775731061537134E-013
          10           7  0.55853082007494570     
          10           8   4.5287393077602604E-003
          10           9  -1.3235361742157759E-003
          10          10   1.0662749301976611     
          10          11   8.1265570682883710E-003
          10          12  -2.3750080367086587E-003
          10          13  -1.2114793461966094E-013
          10          14   1.1004526762370154E-002
          10          15   2.3789841878213099E-003
          10          16  -6.9526449081144521E-004
          10          17   5.7570388324090956E-003
          10          18  -1.2426815027264143E-002
          10          19   3.6317699236419424E-003
          10          20 -0.14438366195393684     
          10          21  -2.3919882906622631E-002
          10          22   6.9906497464227238E-003
          10          23  -5.9471611048744676E-002
          10          24  -1.7648273071786014E-002
          10          25   5.1577550005271850E-003
          10          26  -1.3654456540185637E-013
          10          27   1.4927957823636463E-014
          10          28  -1.6762776494888379E-013
          10          29   6.1419706849359490E-015
          10          30   5.1186790121453506E-015
          10          31  -1.3921533956113405E-013
          10          32  -1.9723404343045852E-013
          10          33   8.8626809692641645E-015
          10          34  -2.5434614394535459E-013
          10          35   1.5406739669417504E-014
          10          36   1.2561719810100787E-014
          10          37  -2.7304056885356811E-013
          11           1   2.7356909118893510E-014
          11           2   4.8481284566971436E-014
          11           3  -1.8268784181964086E-014
          11           4  -9.2449104501656147E-015
          11           5  -1.1469643070800509E-013
          11           6  -2.7676292041069298E-014
          11           7   4.5287393077571934E-003
          11           8  0.57463676755393289     
          11           9  -5.0536373498537663E-003
          11          10   8.1265570682883710E-003
          11          11   1.0951761083026201     
          11          12  -9.0684558187007994E-003
          11          13   3.2113188826552113E-014
          11          14   2.3789841878072747E-003
          11          15   1.9465114085925606E-002
          11          16  -2.6547174659300142E-003
          11          17  -1.2426815027204472E-002
          11          18  -3.8437518756536351E-002
          11          19   1.3867129957114543E-002
          11          20  -2.3919882906573486E-002
          11          21 -0.22945201135070048     
          11          22   2.6692287935659077E-002
          11          23  -1.7648273071753852E-002
          11          24 -0.12223569170029444     
          11          25   1.9693774766328626E-002
          11          26   9.6268073987681207E-014
          11          27   6.6267573143938820E-015
          11          28   1.3360436800430389E-014
          11          29  -4.6948833512114329E-015
          11          30  -2.1860543062715822E-014
          11          31  -6.8189569769525274E-014
          11          32   1.3379000266432647E-013
          11          33   5.0814346615612119E-017
          11          34   3.2219927315201240E-014
          11          35   1.7010517731880668E-014
          11          36  -1.2208535864564568E-014
          11          37  -3.9048788848432474E-014
          12           1  -3.1948664342829767E-014
          12           2  -5.3938216630401507E-014
          12           3   1.7803206337284252E-014
          12           4  -1.0690536306527210E-014
          12           5   2.5275568511636083E-014
          12           6   5.2770887657729261E-015
          12           7  -1.3235361742153322E-003
          12           8  -5.0536373498640133E-003
          12           9  0.55882169253972813     
          12          10  -2.3750080367086587E-003
          12          11  -9.0684558187007994E-003
          12          12   1.0667968837756014     
          12          13  -2.8626450701675224E-014
          12          14  -6.9526449074055173E-004
          12          15  -2.6547174659283549E-003
          12          16   1.1157324471301706E-002
          12          17   3.6317699236577106E-003
          12          18   1.3867129957158183E-002
          12          19   4.9588877249102589E-003
          12          20   6.9906497464385410E-003
          12          21   2.6692287935709710E-002
          12          22 -0.14591999133471176     
          12          23   5.1577550004437561E-003
          12          24   1.9693774766341800E-002
          12          25  -6.0605126649430484E-002
          12          26   8.3613281474403813E-014
          12          27  -7.8083521498267302E-016
          12          28  -2.4306824039426751E-014
          12          29  -4.1710394618090554E-015
          12          30  -3.0202521798083779E-015
          12          31  -2.6052168662004474E-015
          12          32   4.1284401916583536E-014
          12          33  -7.8590675019627204E-015
          12          34  -7.8531488668840494E-014
          12          35  -2.8296692163202753E-015
          12          36   6.8908220854852897E-015
          12          37  -4.6791566241966457E-014
          13           1   1.5803815811889746E-003
          13           2   4.4442156124226027E-003
          13           3  -8.7849954169046465E-003
          13           4  -1.3909583404730495E-002
          13           5   2.2332134322637677E-002
          13           6   1.1520691272076120E-002
          13           7  -6.2869193851467735E-014
          13           8   1.6982385835390730E-014
          13           9  -1.5114877250628557E-014
          13          10  -1.2114793461966094E-013
          13          11   3.2113188826552113E-014
          13          12  -2.8626450701675224E-014
          13          13   5.8991898203049461E-004
          13          14  -6.8131288877859740E-015
          13          15  -2.0830037125773516E-016
          13          16   3.4072340832953887E-015
          13          17   3.0593523095012416E-014
          13          18   5.2199361412837418E-015
          13          19  -1.8282148993983443E-014
          13          20   8.3080896645342646E-014
          13          21   7.1194953946392719E-015
          13          22  -3.3839770509592793E-014
          13          23   3.5984572687619581E-014
          13          24   5.2414082660969123E-015
          13          25  -1.6151642478481743E-014
          13          26   5.5084825212358313E-004
          13          27   5.5861905666439439E-005
          13          28   7.2289851304259336E-004
          13          29  -1.6325791319100341E-005
          13          30  -6.2336512117283470E-005
          13          31   5.5395546970219800E-004
          13          32   1.5900004525780515E-003
          13          33   2.2067793260531764E-004
          13          34   2.2696710694720865E-003
          13          35  -6.4493715946611967E-005
          13          36  -2.4625534084664807E-004
          13          37   1.6022752638932658E-003
          14           1  -2.5839549127504004E-014
          14           2  -4.5670229380527801E-014
          14           3   1.5829027187118708E-014
          14           4   1.0096919848142823E-014
          14           5   3.6942381478767867E-014
          14           6   2.2575205925443786E-014
          14           7   5.4336614057063862E-003
          14           8   1.2054606172652168E-003
          14           9  -3.5229908902418433E-004
          14          10   1.1004526762370154E-002
          14          11   2.3789841878072747E-003
          14          12  -6.9526449074055173E-004
          14          13  -6.8131288877859740E-015
          14          14   3.6684779225492820E-003
          14          15   6.3827385711562269E-004
          14          16  -1.8653724162899228E-004
          14          17  -1.8048834323070452E-002
          14          18  -3.2214320063241007E-003
          14          19   9.4147211867232029E-004
          14          20  -4.0137855855133880E-002
          14          21  -6.8561897664214206E-003
          14          22   2.0037397941967293E-003
          14          23  -1.8120869897807611E-002
          14          24  -4.9301283352376629E-003
          14          25   1.4408431902110156E-003
          14          26   4.6420963076659863E-016
          14          27  -1.2926912542478888E-015
          14          28  -1.5032343565974845E-015
          14          29   6.5807042364931550E-017
          14          30   8.9712660620291138E-016
          14          31  -2.2968698708317955E-016
          14          32   3.5796355535288935E-015
          14          33  -3.9928711168674991E-015
          14          34  -2.2814566634505360E-015
          14          35   5.1148843134869039E-016
          14          36   2.6742102797767331E-015
          14          37  -9.6727105995477110E-016
          15           1  -1.7603205448163056E-014
          15           2  -3.0132374195967597E-014
          15           3   7.0931977060789603E-015
          15           4   4.0476149325051755E-015
          15           5   1.3733177495234134E-014
          15           6   2.4491098699249622E-014
          15           7   1.2054606172705081E-003
          15           8   9.7207453088890491E-003
          15           9  -1.3451780686654675E-003
          15          10   2.3789841878213099E-003
          15          11   1.9465114085925606E-002
          15          12  -2.6547174659283549E-003
          15          13  -2.0830037125773516E-016
          15          14   6.3827385711562269E-004
          15          15   5.9384264712197023E-003
          15          16  -7.1225221471424998E-004
          15          17  -3.2214320063251489E-003
          15          18  -2.9505491721544132E-002
          15          19   3.5948081775263340E-003
          15          20  -6.8561897664404696E-003
          15          21  -6.4521116795881975E-002
          15          22   7.6508481292316393E-003
          15          23  -4.9301283352446755E-003
          15          24  -3.5654311906401615E-002
          15          25   5.5015488829193342E-003
          15          26   4.9164129863207318E-017
          15          27   3.8196727880164255E-016
          15          28  -2.9489788579065813E-016
          15          29   1.9654056334552846E-016
          15          30  -4.3628029456390360E-016
          15          31  -5.1269306499006932E-015
          15          32  -1.8845850006389736E-015
          15          33   1.2585601798630199E-015
          15          34  -1.1836661714107441E-015
          15          35   1.2677182478962927E-015
          15          36  -1.3692688669833025E-015
          15          37  -1.1479097066338088E-014
          16           1   1.9495443019900229E-015
          16           2   4.7811568689493970E-015
          16           3  -7.0494337564978338E-015
          16           4  -8.2703928914133778E-015
          16           5   8.3955871433718788E-015
          16           6  -6.4544093799600316E-015
          16           7  -3.5229908906130080E-004
          16           8  -1.3451780686684733E-003
          16           9   5.5110858885899791E-003
          16          10  -6.9526449081144521E-004
          16          11  -2.6547174659300142E-003
          16          12   1.1157324471301706E-002
          16          13   3.4072340832953887E-015
          16          14  -1.8653724162899228E-004
          16          15  -7.1225221471424998E-004
          16          16   3.7094730596807825E-003
          16          17   9.4147211867352592E-004
          16          18   3.5948081775342574E-003
          16          19  -1.8255740881077374E-002
          16          20   2.0037397942080978E-003
          16          21   7.6508481292269122E-003
          16          22  -4.0578216111954640E-002
          16          23   1.4408431902200307E-003
          16          24   5.5015488829176029E-003
          16          25  -1.8437522828042521E-002
          16          26   2.3493015202334818E-015
          16          27   1.4716891857787196E-016
          16          28   4.5540264321962375E-016
          16          29   5.5987409776373722E-016
          16          30   1.3623469264173806E-016
          16          31   1.1807998956862390E-015
          16          32   5.5131432610680598E-015
          16          33   8.7262658715825911E-016
          16          34   1.2672493115504292E-015
          16          35   1.1242202494243178E-015
          16          36  -1.0189409310938964E-016
          16          37   4.0405427521844374E-015
          17           1   1.9010999820581317E-014
          17           2   3.5573151545590585E-014
          17           3  -2.2095568629862911E-014
          17           4  -2.6081972660411441E-014
          17           5   1.6523613584840351E-014
          17           6   4.5425326737084465E-015
          17           7   4.7003676568574092E-003
          17           8  -6.2792232144394519E-003
          17           9   1.8351197764024548E-003
          17          10   5.7570388324090956E-003
          17          11  -1.2426815027204472E-002
          17          12   3.6317699236577106E-003
          17          13   3.0593523095012416E-014
          17          14  -1.8048834323070452E-002
          17          15  -3.2214320063251489E-003
          17          16   9.4147211867352592E-004
          17          17   9.2280768133885582E-002
          17          18   1.6225202132881502E-002
          17          19  -4.7418587130871100E-003
          17          20  0.19609469252999084     
          17          21   3.4750714916094549E-002
          17          22  -1.0155989365249347E-002
          17          23   8.8917213023538291E-002
          17          24   2.4836591991365592E-002
          17          25  -7.2585604279197437E-003
          17          26  -5.3411386620819468E-015
          17          27   6.4261990015746614E-015
          17          28  -3.0780432919668401E-016
          17          29   3.2751766198659145E-016
          17          30  -3.1022848110820469E-015
          17          31  -1.9028745689094720E-015
          17          32  -1.4311228779571409E-014
          17          33   1.8707238169757378E-014
          17          34   5.4370777576374941E-015
          17          35  -1.0909821538190506E-015
          17          36  -1.0448566337919849E-014
          17          37   4.4954220758572603E-015
          18           1  -6.3853242462816807E-015
          18           2  -1.3686456181491642E-014
          18           3   1.4344874029080832E-014
          18           4   2.7191405232688473E-014
          18           5  -1.1926363253136791E-014
          18           6  -8.9370592926343100E-014
          18           7  -6.2792232144600300E-003
          18           8  -1.7630977209588596E-002
          18           9   7.0070089684153127E-003
          18          10  -1.2426815027264143E-002
          18          11  -3.8437518756536351E-002
          18          12   1.3867129957158183E-002
          18          13   5.2199361412837418E-015
          18          14  -3.2214320063241007E-003
          18          15  -2.9505491721544132E-002
          18          16   3.5948081775342574E-003
          18          17   1.6225202132881502E-002
          18          18  0.14998385846511328     
          18          19  -1.8105764515598505E-002
          18          20   3.4750714916178656E-002
          18          21  0.31968166700732420     
          18          22  -3.8778454398745527E-002
          18          23   2.4836591991394097E-002
          18          24  0.17724573426272058     
          18          25  -2.7715247075682754E-002
          18          26   6.5232362969501901E-015
          18          27  -4.5666827506535663E-016
          18          28   6.7002450851178669E-015
          18          29  -1.5660611843844387E-015
          18          30  -1.6879509914729451E-016
          18          31   2.3820852987769662E-014
          18          32   1.7402235138490504E-014
          18          33  -2.8283572848678995E-015
          18          34   1.8068372004638649E-014
          18          35  -6.5152337418958316E-015
          18          36   2.5065767005878118E-015
          18          37   5.7129738392502339E-014
          19           1   2.1891931658017172E-015
          19           2   5.2953520052183062E-015
          19           3  -6.8686702502246987E-015
          19           4  -1.5785927697485193E-014
          19           5   3.7291778323660636E-015
          19           6   5.2674803733536138E-014
          19           7   1.8351197763943324E-003
          19           8   7.0070089684041749E-003
          19           9   4.2970648836322262E-003
          19          10   3.6317699236419424E-003
          19          11   1.3867129957114543E-002
          19          12   4.9588877249102589E-003
          19          13  -1.8282148993983443E-014
          19          14   9.4147211867232029E-004
          19          15   3.5948081775263340E-003
          19          16  -1.8255740881077374E-002
          19          17  -4.7418587130871100E-003
          19          18  -1.8105764515598505E-002
          19          19   9.3322882547411515E-002
          19          20  -1.0155989365239388E-002
          19          21  -3.8778454398624422E-002
          19          22  0.19832666601157653     
          19          23  -7.2585604279415492E-003
          19          24  -2.7715247075628509E-002
          19          25   9.0512420915862896E-002
          19          26  -5.7077244859711228E-015
          19          27  -1.3432931468356340E-015
          19          28  -3.9777843582354149E-015
          19          29  -2.9321175020188138E-015
          19          30  -2.9129253600604307E-016
          19          31  -4.9625315764597069E-015
          19          32  -1.9652133191515187E-014
          19          33  -6.4168400891655788E-015
          19          34  -9.4527988591982739E-015
          19          35  -5.4343547001514159E-015
          19          36   2.5561841505941682E-015
          19          37  -1.7577051414999016E-014
          20           1  -2.3708067407446735E-014
          20           2  -4.0566875322588270E-014
          20           3   8.8010083548773922E-015
          20           4   2.2492800563104636E-014
          20           5  -6.0146123629711346E-015
          20           6  -7.2874355752027312E-014
          20           7  -7.2021677158763800E-002
          20           8  -1.2103513569932159E-002
          20           9   3.5372842082517339E-003
          20          10 -0.14438366195393684     
          20          11  -2.3919882906573486E-002
          20          12   6.9906497464385410E-003
          20          13   8.3080896645342646E-014
          20          14  -4.0137855855133880E-002
          20          15  -6.8561897664404696E-003
          20          16   2.0037397942080978E-003
          20          17  0.19609469252999084     
          20          18   3.4750714916178656E-002
          20          19  -1.0155989365239388E-002
          20          20  0.43976817082238179     
          20          21   7.3601928833839286E-002
          20          22  -2.1510360529263192E-002
          20          23  0.19838089725078217     
          20          24   5.3295554526901948E-002
          20          25  -1.5575768334332239E-002
          20          26   8.9939335643805808E-015
          20          27   1.1359323408584664E-014
          20          28   2.3622055421895895E-014
          20          29  -1.3703825894156104E-016
          20          30  -7.2346712353713691E-015
          20          31   1.6103090171574143E-014
          20          32  -1.5086148629584128E-015
          20          33   3.8295965241113814E-014
          20          34   4.7872885246459010E-014
          20          35  -4.3909635792883410E-015
          20          36  -2.3823528385131211E-014
          20          37   4.8982513716402660E-014
          21           1   1.2092428414508301E-014
          21           2   2.2972448576029871E-014
          21           3  -1.5900496574129480E-014
          21           4  -4.8604104449608366E-015
          21           5   3.7104471958385142E-014
          21           6  -1.5971999664140064E-013
          21           7  -1.2103513569936407E-002
          21           8 -0.11506644979901079     
          21           9   1.3506356636611474E-002
          21          10  -2.3919882906622631E-002
          21          11 -0.22945201135070048     
          21          12   2.6692287935709710E-002
          21          13   7.1194953946392719E-015
          21          14  -6.8561897664214206E-003
          21          15  -6.4521116795881975E-002
          21          16   7.6508481292269122E-003
          21          17   3.4750714916094549E-002
          21          18  0.31968166700732420     
          21          19  -3.8778454398624422E-002
          21          20   7.3601928833839286E-002
          21          21  0.70152507919781526     
          21          22  -8.2132671164406701E-002
          21          23   5.3295554526872964E-002
          21          24  0.38792048954350639     
          21          25  -5.9472711161753303E-002
          21          26   1.2289130334122541E-015
          21          27  -2.1093963359996672E-015
          21          28   1.2731122056200874E-014
          21          29  -2.5988043334851014E-015
          21          30   2.8448202062743286E-015
          21          31   6.0166189507297751E-014
          21          32   2.2413534867488774E-014
          21          33  -6.6544385310745181E-015
          21          34   3.6942308154841707E-014
          21          35  -1.5913158582230183E-014
          21          36   7.5278862059615252E-015
          21          37   1.2937946799549162E-013
          22           1   4.9023905507622150E-015
          22           2   1.0914939659803723E-014
          22           3  -1.3627381851290388E-014
          22           4  -3.2420355689819325E-014
          22           5   2.9099996161981042E-014
          22           6   1.1940891056599051E-013
          22           7   3.5372842082435660E-003
