           1           1  0.37830110890775315     
           1           2  0.61827341453922580     
           1           3 -0.13172078872036452     
           1           4 -0.15232672725262375     
           1           5   2.8036130618059853E-002
           1           6   2.3512467144287660E-002
           1           7  -3.6139369412559124E-013
           1           8   1.1317229170681688E-012
           1           9  -4.3336494006801746E-013
           1          10  -5.9563075651291468E-013
           1          11   1.6907816555689894E-012
           1          12  -5.4176455343700573E-013
           1          13   2.5514969589780700E-003
           1          14   1.5952316962799254E-015
           1          15   2.8683406651172924E-014
           1          16  -8.4244015884680374E-014
           1          17   3.8369327035658892E-014
           1          18  -1.0361331996465321E-012
           1          19   7.3311076158905274E-013
           1          20  -3.7043488793067821E-014
           1          21  -2.2315135706237554E-012
           1          22   1.6038056577201955E-012
           1          23   5.2156584930848912E-013
           1          24  -1.7602259938280203E-012
           1          25   1.0767794932498991E-012
           1          26   9.4642839410733262E-004
           1          27  -9.6015720237186401E-006
           1          28   9.6071513017311795E-004
           1          29   7.6851489427745700E-005
           1          30   3.5294946241754708E-005
           1          31   7.1987956136701503E-004
           1          32   3.9976015899534246E-003
           1          33   4.6602948444392006E-006
           1          34   3.9906672656510852E-003
           1          35  -3.7301237934251837E-005
           1          36  -1.7131030619137579E-005
           1          37   4.1075610936284783E-003
           2           1  0.61827341453922580     
           2           2   1.0430990675320335     
           2           3 -0.35944009095786544     
           2           4 -0.40387780335161327     
           2           5   8.0691447466771399E-002
           2           6   6.6840344490790418E-002
           2           7  -9.6856704719168254E-013
           2           8   2.8347451425811825E-012
           2           9  -1.1883345797109213E-012
           2          10  -1.6128984899868398E-012
           2          11   4.3064322004559158E-012
           2          12  -1.5961957670207141E-012
           2          13   6.9097180046832551E-003
           2          14   2.0308789748229653E-014
           2          15   6.2504293813814976E-014
           2          16  -2.3582461323298541E-013
           2          17   1.3762563087556874E-013
           2          18  -2.9193580280561010E-012
           2          19   2.0634272841793742E-012
           2          20  -9.6795864242122429E-014
           2          21  -6.2554829694999554E-012
           2          22   4.4783331681692606E-012
           2          23   1.4463054792739812E-012
           2          24  -4.8972282487842270E-012
           2          25   3.0203446794918919E-012
           2          26   1.8569367708439184E-003
           2          27  -2.5008174142240973E-005
           2          28   1.8941478838158689E-003
           2          29   2.0016674683974288E-004
           2          30   9.1928922039158652E-005
           2          31   1.2668695738769493E-003
           2          32   1.0274754492073617E-002
           2          33   1.2593365423663313E-005
           2          34   1.0256016089672165E-002
           2          35  -1.0079793952125779E-004
           2          36  -4.6292634956805094E-005
           2          37   1.0571894534017209E-002
           3           1 -0.13172078872036452     
           3           2 -0.35944009095786544     
           3           3  0.68396967133004205     
           3           4  0.74530557580111756     
           3           5 -0.19227995198570075     
           3           6 -0.15533492138216015     
           3           7   2.6271349200619579E-012
           3           8  -6.3241127304381169E-012
           3           9   2.8668412923200350E-012
           3          10   4.4758750590776873E-012
           3          11  -1.0189603245222421E-011
           3          12   4.3996841919565612E-012
           3          13  -1.4465359170106528E-002
           3          14  -9.6559204730498134E-014
           3          15  -7.6024621864356871E-014
           3          16   5.2216638644727920E-013
           3          17  -3.3326587788844073E-013
           3          18   6.5276242729396458E-012
           3          19  -4.6454836672637693E-012
           3          20   1.4194613429142013E-013
           3          21   1.4386246402020196E-011
           3          22  -1.0232066241367736E-011
           3          23  -3.2076117125381356E-012
           3          24   1.0992852153791617E-011
           3          25  -6.8071901944466134E-012
           3          26  -1.9696075151503429E-003
           3          27   3.9903033816127620E-005
           3          28  -2.0289815521716600E-003
           3          29  -3.1938599598634043E-004
           3          30  -1.4668175876303787E-004
           3          31  -1.0280964811398251E-003
           3          32  -1.8818638342545543E-002
           3          33  -2.7696435029366819E-005
           3          34  -1.8777427202464236E-002
           3          35   2.2168367985509699E-004
           3          36   1.0181082764549286E-004
           3          37  -1.9472134815536116E-002
           4           1 -0.15232672725262375     
           4           2 -0.40387780335161327     
           4           3  0.74530557580111756     
           4           4  0.84966390057277796     
           4           5 -0.36977033569229351     
           4           6 -0.29060551446203475     
           4           7   5.0048352612250332E-012
           4           8  -9.1563728549513179E-012
           4           9   3.5344125327940075E-012
           4          10   8.5940024866193598E-012
           4          11  -1.5162102311997684E-011
           4          12   5.6110218047538028E-012
           4          13  -2.3877418798725368E-002
           4          14  -1.8684117440572696E-013
           4          15  -7.3895486718201572E-014
           4          16   8.6805181168002931E-013
           4          17  -2.9310933040493208E-013
           4          18   1.0482785951179498E-011
           4          19  -7.5329198213151350E-012
           4          20   5.9646347432729259E-013
           4          21   2.3278548913851222E-011
           4          22  -1.6842737476580549E-011
           4          23  -5.5534399156392685E-012
           4          24   1.8213091828761427E-011
           4          25  -1.1667249585783444E-011
           4          26  -3.7040614760340544E-003
           4          27   3.0189240205298515E-005
           4          28  -3.7489817909096292E-003
           4          29  -2.4163630119916580E-004
           4          30  -1.1097430193664941E-004
           4          31  -2.9917470598274710E-003
           4          32  -2.6009929474746292E-002
           4          33   1.0060216785533096E-005
           4          34  -2.6024898648114459E-002
           4          35  -8.0522581685354803E-005
           4          36  -3.6980929161289401E-005
           4          37  -2.5772558691777157E-002
           5           1   2.8036130618059853E-002
           5           2   8.0691447466771399E-002
           5           3 -0.19227995198570075     
           5           4 -0.36977033569229351     
           5           5  0.74510344130336104     
           5           6  0.56724329848229527     
           5           7  -1.3021498319529269E-011
           5           8   2.1234133345425436E-011
           5           9  -6.6285983111606319E-012
           5          10  -2.2343575283276928E-011
           5          11   3.7399392662716582E-011
           5          12  -1.1886064978774722E-011
           5          13   3.9190986238286402E-002
           5          14   1.9215034423511088E-013
           5          15  -6.8082798878321531E-014
           5          16  -1.5316111908912394E-012
           5          17  -4.4359600299255266E-012
           5          18  -1.7778114911291367E-011
           5          19   1.1451218244344903E-011
           5          20  -1.2696318078330809E-011
           5          21  -4.3416130123922525E-011
           5          22   2.7010040393239469E-011
           5          23   2.6411802896384792E-012
           5          24  -3.3363728603268471E-011
           5          25   1.8758785760384962E-011
           5          26   7.1599763458512350E-003
           5          27   6.1340093969300283E-005
           5          28   7.0687048385160607E-003
           5          29  -4.9096925581005322E-004
           5          30  -2.2548337422528949E-004
           5          31   8.6072938587924506E-003
           5          32   2.8303283399501885E-002
           5          33  -9.3776091055596499E-005
           5          34   2.8442818280938233E-002
           5          35   7.5058890479601063E-004
           5          36   3.4471672037093577E-004
           5          37   2.6090638698924827E-002
           6           1   2.3512467144287660E-002
           6           2   6.6840344490790418E-002
           6           3 -0.15533492138216015     
           6           4 -0.29060551446203475     
           6           5  0.56724329848229527     
           6           6  0.43235451589673324     
           6           7  -9.6686403487862894E-012
           6           8  -4.9281297018727148E-012
           6           9  -8.1884574443584563E-012
           6          10  -1.7131460654034329E-011
           6          11  -8.1638358515274004E-012
           6          12  -1.4741978527098360E-011
           6          13   3.0072448041736061E-002
           6          14   6.4453219047819729E-013
           6          15   1.3565085751737300E-013
           6          16  -1.0713692053426853E-012
           6          17   6.6370556376883333E-012
           6          18  -1.4891766293319930E-011
           6          19   1.2717065874452525E-011
           6          20   1.7283726140680287E-011
           6          21  -3.0234121096382829E-011
           6          22   3.1859523880598712E-011
           6          23   1.9111407715374215E-011
           6          24  -2.2972389493455714E-011
           6          25   2.0276273241347086E-011
           6          26   5.4298733736215955E-003
           6          27   6.2241645068973812E-005
           6          28   5.3372604002828450E-003
           6          29  -4.9818534144689891E-004
           6          30  -2.2879744546670040E-004
           6          31   6.8984630386148679E-003
           6          32   2.1019753900550081E-002
           6          33   7.7443244761248552E-006
           6          34   2.1008230657357404E-002
           6          35  -6.1985879039735611E-005
           6          36  -2.8467748701627507E-005
           6          37   2.1202480689855967E-002
           7           1  -3.6139369412559124E-013
           7           2  -9.6856704719168254E-013
           7           3   2.6271349200619579E-012
           7           4   5.0048352612250332E-012
           7           5  -1.3021498319529269E-011
           7           6  -9.6686403487862894E-012
           7           7  0.32866702955306826     
           7           8  -3.2362605385319668E-004
           7           9   2.5903195359479225E-003
           7          10  0.57325308136588271     
           7          11  -5.3188678687998443E-004
           7          12   4.2572490643915176E-003
           7          13  -1.0130936185081272E-012
           7          14  -1.7052571788482183E-003
           7          15   1.7056749552761690E-005
           7          16  -1.3652299874206808E-004
           7          17   1.8886078317949827E-002
           7          18   6.4910604682597700E-004
           7          19  -5.1954790495886615E-003
           7          20  -5.0760237154311383E-002
           7          21   1.5482743692480604E-003
           7          22  -1.2392469553702852E-002
           7          23  -2.8520147051564252E-002
           7          24   1.0464469854914137E-003
           7          25  -8.3758165741944571E-003
           7          26   4.3454713994425340E-012
           7          27  -4.7821625271761245E-013
           7          28   2.6356892814467905E-012
           7          29   4.6721268267646703E-013
           7          30   5.3932497296779981E-013
           7          31   6.1586793240541220E-012
           7          32   7.0042964989861168E-012
           7          33  -5.5018423393224781E-012
           7          34   3.6881109113373567E-012
           7          35   5.3135026931909625E-012
           7          36  -2.8050670033866799E-012
           7          37   5.7497663793114208E-012
           8           1   1.1317229170681688E-012
           8           2   2.8347451425811825E-012
           8           3  -6.3241127304381169E-012
           8           4  -9.1563728549513179E-012
           8           5   2.1234133345425436E-011
           8           6  -4.9281297018727148E-012
           8           7  -3.2362605385319668E-004
           8           8  0.32922306626729159     
           8           9   1.1896347084643160E-003
           8          10  -5.3188679030070083E-004
           8          11  0.57416694033956528     
           8          12   1.9551917338112425E-003
           8          13   6.3074121257027458E-012
           8          14   1.7056749773948847E-005
           8          15  -1.7345631980667272E-003
           8          16  -6.2699802841484242E-005
           8          17   6.4910604642894889E-004
           8          18   1.7770819278866340E-002
           8          19  -2.3860844517341511E-003
           8          20   1.5482743684365240E-003
           8          21  -5.3420398697043819E-002
           8          22  -5.6913865651800084E-003
           8          23   1.0464469879722922E-003
           8          24  -3.0318095885073462E-002
           8          25  -3.8466916831868731E-003
           8          26  -1.0383089815840439E-012
           8          27  -1.1078373822443902E-012
           8          28  -7.9429836424199251E-013
           8          29  -9.8975747753301341E-013
           8          30  -8.5670254646926602E-013
           8          31  -3.0824432698776451E-012
           8          32  -1.7797026297583602E-012
           8          33   1.0952962092342366E-012
           8          34  -3.8203903322823295E-012
           8          35  -2.0045409324957285E-013
           8          36   5.4752257682539288E-012
           8          37   3.7246738392923840E-012
           9           1  -4.3336494006801746E-013
           9           2  -1.1883345797109213E-012
           9           3   2.8668412923200350E-012
           9           4   3.5344125327940075E-012
           9           5  -6.6285983111606319E-012
           9           6  -8.1884574443584563E-012
           9           7   2.5903195359479225E-003
           9           8   1.1896347084643160E-003
           9           9  0.31984979832222310     
           9          10   4.2572490628795708E-003
           9          11   1.9551917314905259E-003
           9          12  0.55876176124016963     
           9          13  -5.7563200922615605E-014
           9          14  -1.3652300404242275E-004
           9          15  -6.2699793683529439E-005
           9          16  -1.2405442490465066E-003
           9          17  -5.1954790508534953E-003
           9          18  -2.3860844595255679E-003
           9          19   3.6571055276324531E-002
           9          20  -1.2392469553333459E-002
           9          21  -5.6913865572733461E-003
           9          22  -8.5773051318320248E-003
           9          23  -8.3758165661678742E-003
           9          24  -3.8466916919880734E-003
           9          25  -9.5665905316000971E-006
           9          26   1.2289287199129993E-012
           9          27  -4.5933701367454066E-013
           9          28   6.3028500488573954E-013
           9          29   1.4411603666186894E-013
           9          30   1.0025147536896887E-012
           9          31  -8.6116774543522314E-014
           9          32   2.1833526742864460E-012
           9          33  -1.4025853680987703E-012
           9          34   1.2873444010574407E-012
           9          35   2.2839437878090386E-012
           9          36   3.3501050423592466E-014
           9          37   4.2515501467206252E-013
          10           1  -5.9563075651291468E-013
          10           2  -1.6128984899868398E-012
          10           3   4.4758750590776873E-012
          10           4   8.5940024866193598E-012
          10           5  -2.2343575283276928E-011
          10           6  -1.7131460654034329E-011
          10           7  0.57325308136588271     
          10           8  -5.3188679030070083E-004
          10           9   4.2572490628795708E-003
          10          10  0.99997301288334217     
          10          11  -8.7475517862634772E-004
          10          12   7.0015850613192555E-003
          10          13  -2.0750621520661424E-012
          10          14  -3.0776786708308986E-003
          10          15   3.3086658913682339E-005
          10          16  -2.6482713142165126E-004
          10          17   3.0871833861813094E-002
          10          18   1.2053007097377086E-003
          10          19  -9.6472904783144429E-003
          10          20  -9.4157472430474620E-002
          10          21   2.8881608782666858E-003
          10          22  -2.3116991705923517E-002
          10          23  -5.3354480772931201E-002
          10          24   1.9462926367754454E-003
          10          25  -1.5578228378986630E-002
          10          26   7.5686455507483411E-012
          10          27  -9.8905069727677876E-013
          10          28   4.5459415150019556E-012
          10          29   9.3368263557805698E-013
          10          30   8.9322188663994086E-013
          10          31   1.0709429472746058E-011
          10          32   1.2346728708914813E-011
          10          33  -1.0450771636311138E-011
          10          34   6.3294260362851093E-012
          10          35   9.8447428038946017E-012
          10          36  -5.1329154379004355E-012
          10          37   1.0105081068989789E-011
          11           1   1.6907816555689894E-012
          11           2   4.3064322004559158E-012
          11           3  -1.0189603245222421E-011
          11           4  -1.5162102311997684E-011
          11           5   3.7399392662716582E-011
          11           6  -8.1638358515274004E-012
          11           7  -5.3188678687998443E-004
          11           8  0.57416694033956528     
          11           9   1.9551917314905259E-003
          11          10  -8.7475517862634772E-004
          11          11   1.0014759696419349     
          11          12   3.2155603996997474E-003
          11          13   1.1120234273878626E-011
          11          14   3.3086659509031332E-005
          11          15  -3.1345264434171102E-003
          11          16  -1.2162499117780139E-004
          11          17   1.2053007094535802E-003
          11          18   2.8800951118981670E-002
          11          19  -4.4306308640157084E-003
          11          20   2.8881608769922317E-003
          11          21  -9.9119754730578616E-002
          11          22  -1.0616748778157397E-002
          11          23   1.9462926411058087E-003
          11          24  -5.6698495925951567E-002
          11          25  -7.1544835103658066E-003
          11          26  -1.7840385844002353E-012
          11          27  -1.9148468902767782E-012
          11          28  -1.4257125370997133E-012
          11          29  -1.7584759218663677E-012
          11          30  -1.3743862374539162E-012
          11          31  -5.1986381535070781E-012
          11          32  -3.2093915196901903E-012
          11          33   1.9328572451558744E-012
          11          34  -7.0730550402127050E-012
          11          35  -5.5528279968664610E-013
          11          36   1.0094659776497026E-011
          11          37   6.9907232313274169E-012
          12           1  -5.4176455343700573E-013
          12           2  -1.5961957670207141E-012
          12           3   4.3996841919565612E-012
          12           4   5.6110218047538028E-012
          12           5  -1.1886064978774722E-011
          12           6  -1.4741978527098360E-011
          12           7   4.2572490643915176E-003
          12           8   1.9551917338112425E-003
          12           9  0.55876176124016963     
          12          10   7.0015850613192555E-003
          12          11   3.2155603996997474E-003
          12          12  0.97614020214489972     
          12          13  -2.3057015410481147E-013
          12          14  -2.6482714075868100E-004
          12          15  -1.2162497501746878E-004
          12          16  -2.1762291533817097E-003
          12          17  -9.6472904810226984E-003
          12          18  -4.4306308774268634E-003
          12          19   6.3710405273510198E-002
          12          20  -2.3116991707049051E-002
          12          21  -1.0616748764787525E-002
          12          22  -1.5469162128703660E-002
          12          23  -1.5578228365872703E-002
          12          24  -7.1544835252882657E-003
          12          25  -3.2749173433523375E-004
          12          26   2.1462570045616443E-012
          12          27  -8.4559099685885060E-013
          12          28   1.0879358835548977E-012
          12          29   3.1147090599907155E-013
          12          30   1.7681443689283979E-012
          12          31  -2.3301283482763678E-013
          12          32   3.9921612119676581E-012
          12          33  -2.6944974819860040E-012
          12          34   2.3561118847934853E-012
          12          35   4.2645980430989492E-012
          12          36   1.2875027872691055E-013
          12          37   5.4646424023967156E-013
          13           1   2.5514969589780700E-003
          13           2   6.9097180046832551E-003
          13           3  -1.4465359170106528E-002
          13           4  -2.3877418798725368E-002
          13           5   3.9190986238286402E-002
          13           6   3.0072448041736061E-002
          13           7  -1.0130936185081272E-012
          13           8   6.3074121257027458E-012
          13           9  -5.7563200922615605E-014
          13          10  -2.0750621520661424E-012
          13          11   1.1120234273878626E-011
          13          12  -2.3057015410481147E-013
          13          13   2.1701728726968936E-003
          13          14   3.2537870603644572E-013
          13          15  -1.0280849376009115E-013
          13          16  -3.6288015599912916E-014
          13          17   6.1048117792882335E-012
          13          18  -3.2208922872297435E-012
          13          19   2.6918882522101054E-012
          13          20   1.6521405072107743E-011
          13          21  -9.8835175377349525E-012
          13          22   6.7771120257236957E-012
          13          23   1.1094679736620026E-011
          13          24  -6.2440305987092294E-012
          13          25   3.8757603155507053E-012
          13          26   3.6734272617306178E-004
          13          27   1.0199357195604050E-005
          13          28   3.5216650910699311E-004
          13          29  -8.1636188685029964E-005
          13          30  -3.7492374423964015E-005
          13          31   6.0799626333804654E-004
          13          32   1.2568779198857008E-003
          13          33   3.0753384907893232E-005
          13          34   1.2111181696429279E-003
          13          35  -2.4615170520404881E-004
          13          36  -1.1304804976837988E-004
          13          37   1.9825031600251126E-003
          14           1   1.5952316962799254E-015
          14           2   2.0308789748229653E-014
          14           3  -9.6559204730498134E-014
          14           4  -1.8684117440572696E-013
          14           5   1.9215034423511088E-013
          14           6   6.4453219047819729E-013
          14           7  -1.7052571788482183E-003
          14           8   1.7056749773948847E-005
          14           9  -1.3652300404242275E-004
          14          10  -3.0776786708308986E-003
          14          11   3.3086659509031332E-005
          14          12  -2.6482714075868100E-004
          14          13   3.2537870603644572E-013
          14          14   1.0683754861964649E-004
          14          15  -3.4251045853699654E-006
          14          16   2.7414687071526767E-005
          14          17   1.8985959055191164E-003
          14          18  -6.8339005125200094E-005
          14          19   5.4698869206130582E-004
          14          20   5.6657689341604459E-003
          14          21  -1.8904123832848196E-004
          14          22   1.5130951630302975E-003
          14          23   3.6237362014587388E-003
          14          24  -1.2161455401710199E-004
          14          25   9.7340871863997732E-004
          14          26  -2.8501107482393241E-014
          14          27   1.4959659389151833E-013
          14          28   2.4658114213973511E-014
          14          29  -1.1469423138588015E-013
          14          30   3.8494423897159852E-014
          14          31  -1.3890260876345420E-014
          14          32  -1.7361438729486422E-013
          14          33   8.4648347346903654E-013
          14          34   6.6559989930317200E-014
          14          35  -5.9317753848467279E-013
          14          36   2.4514232479443217E-013
          14          37  -8.8442340716274691E-014
          15           1   2.8683406651172924E-014
          15           2   6.2504293813814976E-014
          15           3  -7.6024621864356871E-014
          15           4  -7.3895486718201572E-014
          15           5  -6.8082798878321531E-014
          15           6   1.3565085751737300E-013
          15           7   1.7056749552761690E-005
          15           8  -1.7345631980667272E-003
          15           9  -6.2699793683529439E-005
          15          10   3.3086658913682339E-005
          15          11  -3.1345264434171102E-003
          15          12  -1.2162497501746878E-004
          15          13  -1.0280849376009115E-013
          15          14  -3.4251045853699654E-006
          15          15   1.1272238595827917E-004
          15          16   1.2590516903491227E-005
          15          17  -6.8339001329119809E-005
          15          18   2.0160123655562066E-003
          15          19   2.5121096141797450E-004
          15          20  -1.8904122789873182E-004
          15          21   5.9905695865190862E-003
          15          22   6.9490667226280891E-004
          15          23  -1.2161454726254891E-004
          15          24   3.8326878973545028E-003
          15          25   4.4704935367255536E-004
          15          26  -1.5647524783479321E-014
          15          27  -2.7797070748286067E-015
          15          28   3.8941629851974195E-014
          15          29  -1.8781242342593557E-015
          15          30  -1.2084808615582359E-013
          15          31  -1.4311804014983770E-014
          15          32  -8.6881523494089019E-014
          15          33  -7.9679633273204466E-015
          15          34   1.7631306718465549E-013
          15          35   2.7713327387880701E-015
          15          36  -6.4027993086347031E-013
          15          37  -1.3962536179444014E-013
          16           1  -8.4244015884680374E-014
          16           2  -2.3582461323298541E-013
          16           3   5.2216638644727920E-013
          16           4   8.6805181168002931E-013
          16           5  -1.5316111908912394E-012
          16           6  -1.0713692053426853E-012
          16           7  -1.3652299874206808E-004
          16           8  -6.2699802841484242E-005
          16           9  -1.2405442490465066E-003
          16          10  -2.6482713142165126E-004
          16          11  -1.2162499117780139E-004
          16          12  -2.1762291533817097E-003
          16          13  -3.6288015599912916E-014
          16          14   2.7414687071526767E-005
          16          15   1.2590516903491227E-005
          16          16   1.3520240049707091E-005
          16          17   5.4698869152012522E-004
          16          18   2.5121096578407926E-004
          16          19   3.6692039209565113E-005
          16          20   1.5130951592957833E-003
          16          21   6.9490668673507930E-004
          16          22   5.1531924946543299E-004
          16          23   9.7340871609170496E-004
          16          24   4.4704936242505658E-004
          16          25   3.1033414306084719E-004
          16          26  -2.1900018625342788E-014
          16          27   3.8221882373270138E-014
          16          28   4.2248547997218350E-015
          16          29  -9.2820476060266889E-015
          16          30   2.1562514340430747E-015
          16          31  -7.8609064463650432E-014
          16          32  -8.7904871048019134E-015
          16          33   2.1660945351938144E-013
          16          34   1.0751905697784465E-013
          16          35  -6.1603091928393716E-014
          16          36   3.3455522763306597E-014
          16          37  -2.8701690414976909E-013
          17           1   3.8369327035658892E-014
          17           2   1.3762563087556874E-013
          17           3  -3.3326587788844073E-013
          17           4  -2.9310933040493208E-013
          17           5  -4.4359600299255266E-012
          17           6   6.6370556376883333E-012
          17           7   1.8886078317949827E-002
          17           8   6.4910604642894889E-004
          17           9  -5.1954790508534953E-003
          17          10   3.0871833861813094E-002
          17          11   1.2053007094535802E-003
          17          12  -9.6472904810226984E-003
          17          13   6.1048117792882335E-012
          17          14   1.8985959055191164E-003
          17          15  -6.8339001329119809E-005
          17          16   5.4698869152012522E-004
          17          17   4.1922284395862069E-002
          17          18  -1.2491885053506654E-003
          17          19   9.9985706376386953E-003
          17          20  0.10747687170694810     
          17          21  -3.6147885405156881E-003
          17          22   2.8932957926852854E-002
          17          23   6.9414279923934299E-002
          17          24  -2.3119183643545088E-003
          17          25   1.8504715977670911E-002
          17          26  -1.2883306454264431E-014
          17          27   2.9667459386928943E-012
          17          28   8.2431142860548497E-013
          17          29  -2.2202910194163857E-012
          17          30   8.7108840396716919E-013
          17          31   4.8134405483883943E-013
          17          32  -2.5832649737719022E-012
          17          33   1.6364174220242187E-011
          17          34   1.8074805901473587E-012
          17          35  -1.1142824060174090E-011
          17          36   4.6220053970544965E-012
          17          37  -1.3960103780815051E-012
          18           1  -1.0361331996465321E-012
          18           2  -2.9193580280561010E-012
          18           3   6.5276242729396458E-012
          18           4   1.0482785951179498E-011
          18           5  -1.7778114911291367E-011
          18           6  -1.4891766293319930E-011
          18           7   6.4910604682597700E-004
          18           8   1.7770819278866340E-002
          18           9  -2.3860844595255679E-003
          18          10   1.2053007097377086E-003
          18          11   2.8800951118981670E-002
          18          12  -4.4306308774268634E-003
          18          13  -3.2208922872297435E-012
          18          14  -6.8339005125200094E-005
          18          15   2.0160123655562066E-003
          18          16   2.5121096578407926E-004
          18          17  -1.2491885053506654E-003
          18          18   4.4068572711458864E-002
          18          19   4.5919604838816535E-003
          18          20  -3.6147885390662984E-003
          18          21  0.11368760645663323     
          18          22   1.3287799224979390E-002
          18          23  -2.3119183619301539E-003
          18          24   7.3386493483276069E-002
          18          25   8.4985072021135991E-003
          18          26  -5.1565110352980723E-013
          18          27  -3.1682074754718672E-013
          18          28   7.7259127656145686E-013
          18          29   5.5447660575864173E-013
          18          30  -2.2345968412235180E-012
          18          31  -2.9461196296392176E-012
          18          32   1.0323007562647028E-012
          18          33  -4.3979936687126870E-013
          18          34   6.7097424949451068E-012
          18          35   3.5018593296479640E-012
          18          36  -1.0584592167067875E-011
          18          37  -9.5044118058786693E-012
          19           1   7.3311076158905274E-013
          19           2   2.0634272841793742E-012
          19           3  -4.6454836672637693E-012
          19           4  -7.5329198213151350E-012
          19           5   1.1451218244344903E-011
          19           6   1.2717065874452525E-011
          19           7  -5.1954790495886615E-003
          19           8  -2.3860844517341511E-003
          19           9   3.6571055276324531E-002
          19          10  -9.6472904783144429E-003
          19          11  -4.4306308640157084E-003
          19          12   6.3710405273510198E-002
          19          13   2.6918882522101054E-012
          19          14   5.4698869206130582E-004
          19          15   2.5121096141797450E-004
          19          16   3.6692039209565113E-005
          19          17   9.9985706376386953E-003
          19          18   4.5919604838816535E-003
          19          19   7.8879844762845836E-003
          19          20   2.8932957912882400E-002
          19          21   1.3287799225645141E-002
          19          22   8.9914979278052313E-003
          19          23   1.8504715965743958E-002
          19          24   8.4985071910296146E-003
          19          25   6.4257712874781136E-003
          19          26   1.3793989591983253E-014
          19          27   8.0840753086390464E-013
          19          28   2.8784286888890612E-013
          19          29  -1.0285735263545361E-012
          19          30  -1.6117568682819162E-013
          19          31   1.1634319078571088E-012
          19          32  -2.5431403015813155E-012
          19          33   4.6908047192310563E-012
          19          34  -1.0531889921397188E-012
          19          35  -4.8848469692863275E-012
          19          36  -1.1514090555128834E-012
          19          37   3.2703204228063962E-012
          20           1  -3.7043488793067821E-014
          20           2  -9.6795864242122429E-014
          20           3   1.4194613429142013E-013
          20           4   5.9646347432729259E-013
          20           5  -1.2696318078330809E-011
          20           6   1.7283726140680287E-011
          20           7  -5.0760237154311383E-002
          20           8   1.5482743684365240E-003
          20           9  -1.2392469553333459E-002
          20          10  -9.4157472430474620E-002
          20          11   2.8881608769922317E-003
          20          12  -2.3116991707049051E-002
          20          13   1.6521405072107743E-011
          20          14   5.6657689341604459E-003
          20          15  -1.8904122789873182E-004
          20          16   1.5130951592957833E-003
          20          17  0.10747687170694810     
          20          18  -3.6147885390662984E-003
          20          19   2.8932957912882400E-002
          20          20  0.30633444210192057     
          20          21  -1.0249416202646655E-002
          20          22   8.2036866996351279E-002
          20          23  0.19650718805803563     
          20          24  -6.5774494471477936E-003
          20          25   5.2646250546492933E-002
          20          26  -1.3616912712641611E-012
          20          27   8.1693158997263618E-012
          20          28   1.4237244102751160E-012
          20          29  -6.1121771239857306E-012
          20          30   2.2231805306783899E-012
          20          31  -7.1895162041483801E-013
          20          32  -9.0548070831989712E-012
          20          33   4.5938745634315276E-011
          20          34   3.8807122718286812E-012
          20          35  -3.1562713540400120E-011
          20          36   1.3449945309144970E-011
          20          37  -6.0660018951341590E-012
          21           1  -2.2315135706237554E-012
          21           2  -6.2554829694999554E-012
          21           3   1.4386246402020196E-011
          21           4   2.3278548913851222E-011
          21           5  -4.3416130123922525E-011
          21           6  -3.0234121096382829E-011
          21           7   1.5482743692480604E-003
          21           8  -5.3420398697043819E-002
          21           9  -5.6913865572733461E-003
          21          10   2.8881608782666858E-003
          21          11  -9.9119754730578616E-002
          21          12  -1.0616748764787525E-002
          21          13  -9.8835175377349525E-012
          21          14  -1.8904123832848196E-004
          21          15   5.9905695865190862E-003
          21          16   6.9490668673507930E-004
          21          17  -3.6147885405156881E-003
          21          18  0.11368760645663323     
          21          19   1.3287799225645141E-002
          21          20  -1.0249416202646655E-002
          21          21  0.32394443641281134     
          21          22   3.7676390396080041E-002
          21          23  -6.5774494440121170E-003
          21          24  0.20780820733048422     
          21          25   2.4178406192256120E-002
          21          26  -1.0014288381944004E-012
          21          27  -5.1213821865015920E-013
          21          28   2.3936293362662676E-012
          21          29   1.7110513076587770E-012
          21          30  -5.8379872089016160E-012
          21          31  -6.7276266876354874E-012
          21          32   3.3477392172753690E-012
          21          33  -1.4687853815300231E-012
          21          34   1.9272193367653401E-011
          21          35   9.1659193392563591E-012
          21          36  -3.0487910147857382E-011
          21          37  -2.5702673061901833E-011
          22           1   1.6038056577201955E-012
          22           2   4.4783331681692606E-012
          22           3  -1.0232066241367736E-011
          22           4  -1.6842737476580549E-011
          22           5   2.7010040393239469E-011
          22           6   3.1859523880598712E-011
          22           7  -1.2392469553702852E-002
