           1           1  0.39142965362115073     
           1           2  0.66463851161206244     
           1           3 -0.27407552173564764     
           1           4 -0.10461868847029770     
           1           5   6.4909696815759199E-002
           1           6   1.3367858592028770E-002
           1           7   3.6041997696656276E-015
           1           8  -7.5422489837058011E-015
           1           9   6.2676488989119228E-015
           1          10   2.2604355604639975E-016
           1          11  -2.5634561814624364E-016
           1          12   2.3449053736921650E-015
           1          13   2.1517598208434367E-003
           1          14  -7.8481555805272339E-016
           1          15  -1.5064454841565808E-015
           1          16   1.2418919998600111E-015
           1          17  -1.0053053135828305E-015
           1          18  -9.4036515489307268E-016
           1          19  -1.7756206852529060E-015
           1          20  -7.8820236221551224E-016
           1          21   8.9952750104611920E-016
           1          22   1.3870705634474870E-015
           1          23   4.8472777581406619E-016
           1          24   8.0175195521535390E-016
           1          25  -1.9983260508365895E-015
           1          26   1.0758496291511918E-002
           1          27  -3.0235677377667152E-016
           1          28   1.0758496291509944E-002
           1          29  -2.3433425867135400E-016
           1          30   3.6256456240373766E-016
           1          31   1.0758496291511564E-002
           1          32   4.3629820300436235E-003
           1          33   6.6476233868116040E-016
           1          34   4.3629820300458352E-003
           1          35  -7.0577885261419611E-016
           1          36  -1.0047787159863082E-015
           1          37   4.3629820300447320E-003
           2           1  0.66463851161206244     
           2           2   1.1755804935621330     
           2           3 -0.73339371876329684     
           2           4 -0.27394457102947184     
           2           5  0.18287075376690881     
           2           6   3.2490256740922027E-002
           2           7   1.0257619749607756E-014
           2           8  -1.7552304811558163E-014
           2           9   1.5771365402348242E-014
           2          10  -8.3528562914184477E-017
           2          11  -4.2868979420819364E-016
           2          12   4.0812835635245225E-015
           2          13   6.5936720949231510E-003
           2          14  -1.0161150685557313E-016
           2          15  -3.4415332485471647E-015
           2          16   1.8338436640155714E-015
           2          17  -5.1217133300663846E-015
           2          18  -1.2735769092447324E-015
           2          19  -1.6858866906174788E-015
           2          20  -3.7913816206499066E-016
           2          21   1.2469847468861391E-016
           2          22   1.4857457198832404E-015
           2          23  -1.7045158806887603E-015
           2          24   2.7552422399197703E-015
           2          25  -2.6163647080885850E-015
           2          26   3.5249722386866363E-002
           2          27  -4.9732107239204771E-016
           2          28   3.5249722386862276E-002
           2          29  -4.2718134799741144E-016
           2          30   2.8110281926075722E-016
           2          31   3.5249722386866002E-002
           2          32   1.5239597640097913E-002
           2          33   9.7749779433451833E-016
           2          34   1.5239597640101615E-002
           2          35  -1.2980551054147942E-015
           2          36  -1.9974721957189230E-015
           2          37   1.5239597640099070E-002
           3           1 -0.27407552173564764     
           3           2 -0.73339371876329684     
           3           3   1.8325152496644173     
           3           4  0.45407688575685534     
           3           5 -0.57909492434426857     
           3           6  -4.3773564719574776E-002
           3           7  -2.2835242125293602E-014
           3           8   2.8389142920418711E-014
           3           9  -3.3777584365512271E-014
           3          10   4.0735845072562489E-015
           3          11  -2.5803514454611348E-016
           3          12  -2.4689119654636504E-015
           3          13  -2.2257521562382053E-002
           3          14  -6.7564829465691082E-015
           3          15   6.2377139427534821E-015
           3          16   5.3858771363512130E-016
           3          17   2.6418826692497001E-014
           3          18   4.4994744561993878E-016
           3          19  -7.6293549951311780E-015
           3          20  -4.2954623450936119E-015
           3          21   8.5493015251350648E-015
           3          22   3.2789654602678255E-015
           3          23   1.4999586010239526E-014
           3          24  -7.9636026634143302E-015
           3          25  -3.2388259679260750E-015
           3          26 -0.16696952235731330     
           3          27   1.2936529313150246E-016
           3          28 -0.16696952235730525     
           3          29   2.8921167590008779E-016
           3          30   1.6593133099538835E-015
           3          31 -0.16696952235731186     
           3          32  -6.6362596738859997E-002
           3          33   5.1678837062035012E-016
           3          34  -6.6362596738860982E-002
           3          35   1.1554416857428904E-015
           3          36   2.4812905718834520E-015
           3          37  -6.6362596738856194E-002
           4           1 -0.10461868847029770     
           4           2 -0.27394457102947184     
           4           3  0.45407688575685534     
           4           4  0.51987662015956304     
           4           5  -4.4887452078773940E-002
           4           6  -9.4514202509179662E-002
           4           7  -3.3625331774636474E-014
           4           8   4.2542174827694288E-014
           4           9  -1.6246274284327242E-014
           4          10  -2.5065754547525894E-015
           4          11   2.9649406781554581E-015
           4          12  -1.5350590377128224E-015
           4          13  -4.3268983726052817E-003
           4          14  -2.4312098404984772E-015
           4          15   2.7592706978473018E-015
           4          16   2.3977878824705487E-016
           4          17   2.8681897625921565E-015
           4          18   3.7753414091070490E-016
           4          19  -1.5536707873331107E-015
           4          20  -2.6795249310881860E-015
           4          21   4.8381203327357512E-015
           4          22   2.5169656197518263E-015
           4          23   5.5054048804121252E-015
           4          24  -3.8092253743302806E-015
           4          25  -4.5396479574627199E-016
           4          26   6.4567682463232801E-002
           4          27   7.1105676112675377E-017
           4          28   6.4567682463230136E-002
           4          29   1.4733538511034378E-016
           4          30   4.5861023232824164E-016
           4          31   6.4567682463227749E-002
           4          32   7.4595040414000176E-003
           4          33  -1.2341815249953862E-016
           4          34   7.4595040413983349E-003
           4          35   3.9417425647217565E-016
           4          36   1.0589720225733727E-015
           4          37   7.4595040414009092E-003
           5           1   6.4909696815759199E-002
           5           2  0.18287075376690881     
           5           3 -0.57909492434426857     
           5           4  -4.4887452078773940E-002
           5           5  0.59522775409755790     
           5           6  0.10533858612732852     
           5           7   5.6824474325845201E-014
           5           8  -6.6952724265617049E-014
           5           9   5.9641312077030160E-015
           5          10   3.6325773905358362E-015
           5          11  -7.1674268799431077E-015
           5          12   1.9497547301989299E-015
           5          13   2.9399273277259819E-002
           5          14   1.8838777302636316E-015
           5          15  -6.0991658916141964E-016
           5          16   8.3424227373489421E-016
           5          17  -1.1837687425042790E-014
           5          18  -2.1443903554514423E-015
           5          19   4.2486089104365560E-015
           5          20   2.7497673921489496E-015
           5          21  -3.1243788186340738E-017
           5          22  -2.8453719027812029E-015
           5          23  -4.6387940441053827E-015
           5          24   3.8049951708428058E-015
           5          25  -1.0951080063971065E-015
           5          26  0.13748664083989287     
           5          27  -1.7769002499609465E-016
           5          28  0.13748664083988965     
           5          29  -6.8903058823670548E-017
           5          30  -5.0450709157161023E-016
           5          31  0.13748664083988929     
           5          32   7.4547430873398879E-002
           5          33  -8.6303243997349161E-017
           5          34   7.4547430873400128E-002
           5          35  -4.4978022432919345E-016
           5          36   4.1828112516298375E-016
           5          37   7.4547430873396048E-002
           6           1   1.3367858592028770E-002
           6           2   3.2490256740922027E-002
           6           3  -4.3773564719574776E-002
           6           4  -9.4514202509179662E-002
           6           5  0.10533858612732852     
           6           6   5.7611635138093628E-002
           6           7   2.7601105406772990E-014
           6           8  -3.3610231714665569E-015
           6           9  -8.9855652532694213E-015
           6          10  -1.2484361864071415E-014
           6          11  -1.9662688162481240E-015
           6          12   2.0897801533853632E-015
           6          13   6.6534668182842392E-003
           6          14   3.0712704141302854E-015
           6          15  -5.2272126366087993E-016
           6          16  -2.2250782731012551E-016
           6          17  -7.9551548526323248E-014
           6          18  -2.4944155097738303E-014
           6          19   2.0683655362286123E-014
           6          20  -6.1120071714063278E-015
           6          21  -2.4479808838247085E-014
           6          22   6.9896630912636774E-015
           6          23  -1.0353952702812238E-014
           6          24  -9.6788924575447242E-015
           6          25   4.3423461453079239E-015
           6          26  -5.9572537750079875E-003
           6          27  -3.6110421309400469E-017
           6          28  -5.9572537750067264E-003
           6          29   1.3102503085016804E-017
           6          30  -7.8673438117838796E-017
           6          31  -5.9572537750068565E-003
           6          32   8.7747630745535297E-003
           6          33   3.1282155652535209E-017
           6          34   8.7747630745544421E-003
           6          35  -1.1802686985922320E-016
           6          36  -6.5967744609038368E-017
           6          37   8.7747630745528965E-003
           7           1   3.6041997696656276E-015
           7           2   1.0257619749607756E-014
           7           3  -2.2835242125293602E-014
           7           4  -3.3625331774636474E-014
           7           5   5.6824474325845201E-014
           7           6   2.7601105406772990E-014
           7           7   2.1999758761461785     
           7           8  -8.0421780346284777E-015
           7           9  -2.5960136817992918E-015
           7          10  0.19999371041108527     
           7          11  -5.1854950455093585E-015
           7          12  -3.7545734885924623E-015
           7          13   8.4027698292056730E-015
           7          14   2.3476978310001676E-002
           7          15   2.3651057241141915E-015
           7          16   6.5911284337859775E-015
           7          17 -0.46682968038562717     
           7          18   2.4681645616198011E-014
           7          19   1.5679298137616371E-014
           7          20  -9.4432096966747592E-002
           7          21  -1.3889063510408306E-014
           7          22  -1.8793777298298231E-014
           7          23 -0.13021439117036912     
           7          24   8.3821838359199319E-015
           7          25  -7.0202090668436412E-015
           7          26  -2.0438158200209306E-014
           7          27   4.6363273135661260E-015
           7          28  -1.1821158970260318E-014
           7          29  -1.3888546969988850E-014
           7          30  -6.1522921542557035E-015
           7          31  -7.1270566567680322E-015
           7          32  -1.2244959004585190E-014
           7          33  -6.5479808968534297E-016
           7          34  -1.2071438390972289E-014
           7          35  -8.0270044024259994E-015
           7          36   8.6437812234137616E-015
           7          37  -2.7686108372873538E-014
           8           1  -7.5422489837058011E-015
           8           2  -1.7552304811558163E-014
           8           3   2.8389142920418711E-014
           8           4   4.2542174827694288E-014
           8           5  -6.6952724265617049E-014
           8           6  -3.3610231714665569E-015
           8           7  -8.0421780346284777E-015
           8           8   2.1999758761461812     
           8           9   5.6421881056145651E-016
           8          10  -1.0178815255945661E-014
           8          11  0.19999371041107955     
           8          12   7.9917101175651720E-015
           8          13  -7.1852281551332707E-015
           8          14  -1.7344537806864013E-014
           8          15   2.3476978310007730E-002
           8          16  -3.8984464392549309E-014
           8          17   1.6847634398686751E-014
           8          18 -0.46682968038563133     
           8          19  -4.0844064241873923E-015
           8          20  -3.1263186484054017E-014
           8          21  -9.4432096966747550E-002
           8          22   7.4998058978426041E-015
           8          23   3.7929728802232887E-014
           8          24 -0.13021439117036770     
           8          25   3.0535686826316244E-014
           8          26   2.2045569893177338E-014
           8          27  -9.0132347903631133E-015
           8          28   1.9754554072240075E-014
           8          29   8.1281322081163968E-015
           8          30   1.0051142959817326E-015
           8          31   1.3075562528078292E-014
           8          32  -1.0352837452612376E-014
           8          33   6.7347154685817353E-015
           8          34   1.3716160072780393E-014
           8          35   9.8378651712367335E-015
           8          36  -1.0566224941510007E-014
           8          37   2.7233523296088810E-014
           9           1   6.2676488989119228E-015
           9           2   1.5771365402348242E-014
           9           3  -3.3777584365512271E-014
           9           4  -1.6246274284327242E-014
           9           5   5.9641312077030160E-015
           9           6  -8.9855652532694213E-015
           9           7  -2.5960136817992918E-015
           9           8   5.6421881056145651E-016
           9           9   2.1999758761461812     
           9          10   1.9661167835406841E-015
           9          11  -1.9400103810733593E-016
           9          12  0.19999371041108821     
           9          13   2.1494943140542837E-015
           9          14  -4.3828246018345549E-015
           9          15  -2.3390171093387591E-015
           9          16   2.3476978309997742E-002
           9          17  -3.1745439610375570E-015
           9          18  -1.0417014473240727E-015
           9          19 -0.46682968038563105     
           9          20   1.8198333465169192E-015
           9          21   8.4144930606599999E-016
           9          22  -9.4432096966753587E-002
           9          23   2.8056983819579884E-015
           9          24  -4.5460597092317201E-016
           9          25 -0.13021439117035477     
           9          26  -2.8245687797430083E-015
           9          27   1.6983814687771711E-016
           9          28  -2.4202225441880164E-015
           9          29   3.7750953252325373E-016
           9          30   1.4692488482688674E-015
           9          31  -1.9918585149795747E-015
           9          32   4.1621880330201574E-015
           9          33  -1.7129963965580361E-015
           9          34   1.0520180101012405E-015
           9          35  -2.8161345552865520E-015
           9          36   9.1870595894364389E-016
           9          37   1.9211517189189195E-015
          10           1   2.2604355604639975E-016
          10           2  -8.3528562914184477E-017
          10           3   4.0735845072562489E-015
          10           4  -2.5065754547525894E-015
          10           5   3.6325773905358362E-015
          10           6  -1.2484361864071415E-014
          10           7  0.19999371041108527     
          10           8  -1.0178815255945661E-014
          10           9   1.9661167835406841E-015
          10          10   4.9134816893384975E-002
          10          11  -8.1245515652324848E-016
          10          12  -4.4507307335988421E-016
          10          13   1.4186054726282534E-015
          10          14  -2.3117665712610886E-003
          10          15  -6.9627732714677644E-015
          10          16   1.4758685992567821E-015
          10          17  0.11168144764656809     
          10          18   5.9651448277436847E-015
          10          19   7.6940576577023273E-016
          10          20   1.2024251347358697E-002
          10          21  -4.5260019690407383E-015
          10          22   2.8524766235030544E-016
          10          23   7.8848131747737849E-003
          10          24   8.7961864354835217E-015
          10          25   8.0361785002630755E-016
          10          26  -1.8607318914570969E-015
          10          27  -2.5466514306516110E-016
          10          28   4.6414105704192340E-017
          10          29   2.5389119829419405E-015
          10          30  -8.3290516666667657E-016
          10          31  -2.0782422736917531E-015
          10          32   3.9216414772340542E-015
          10          33   9.6436463277795485E-016
          10          34   3.0327975488815293E-015
          10          35  -3.8823716012846244E-016
          10          36   3.4358663167062472E-016
          10          37   3.2661511713832970E-015
          11           1  -2.5634561814624364E-016
          11           2  -4.2868979420819364E-016
          11           3  -2.5803514454611348E-016
          11           4   2.9649406781554581E-015
          11           5  -7.1674268799431077E-015
          11           6  -1.9662688162481240E-015
          11           7  -5.1854950455093585E-015
          11           8  0.19999371041107955     
          11           9  -1.9400103810733593E-016
          11          10  -8.1245515652324848E-016
          11          11   4.9134816893387626E-002
          11          12   5.4426000778918092E-016
          11          13  -5.8546511000576925E-016
          11          14  -2.0942656951499877E-015
          11          15  -2.3117665712574760E-003
          11          16  -1.8825957416688292E-015
          11          17   6.4146550484561748E-015
          11          18  0.11168144764657555     
          11          19  -9.1059768774805205E-016
          11          20  -2.6584772794616129E-015
          11          21   1.2024251347359039E-002
          11          22  -1.6004518131780554E-016
          11          23   3.9764740979164603E-015
          11          24   7.8848131747701923E-003
          11          25   2.5316340956102815E-015
          11          26   2.0359397928475908E-015
          11          27  -6.1511359388366932E-016
          11          28   1.2237701836804687E-015
          11          29   8.1680652308164400E-016
          11          30   2.0943185417102112E-016
          11          31   1.5788964071117177E-015
          11          32   9.0443199955244432E-017
          11          33   1.3941653650300178E-016
          11          34   1.7989531281372805E-015
          11          35   5.4596165574933335E-016
          11          36  -2.1587819971018502E-016
          11          37   2.9203957875671197E-015
          12           1   2.3449053736921650E-015
          12           2   4.0812835635245225E-015
          12           3  -2.4689119654636504E-015
          12           4  -1.5350590377128224E-015
          12           5   1.9497547301989299E-015
          12           6   2.0897801533853632E-015
          12           7  -3.7545734885924623E-015
          12           8   7.9917101175651720E-015
          12           9  0.19999371041108821     
          12          10  -4.4507307335988421E-016
          12          11   5.4426000778918092E-016
          12          12   4.9134816893389124E-002
          12          13   1.1072781303532123E-016
          12          14   7.6315853713348519E-017
          12          15   9.5192068638822063E-016
          12          16  -2.3117665712582770E-003
          12          17  -4.1311211382614142E-015
          12          18  -4.9432842801760968E-018
          12          19  0.11168144764657477     
          12          20   2.2835669444797035E-016
          12          21   1.6530017372257122E-015
          12          22   1.2024251347357654E-002
          12          23  -5.1034582105018850E-016
          12          24  -1.3785173225361672E-015
          12          25   7.8848131747696667E-003
          12          26  -2.7089275132454400E-016
          12          27   9.0633670744730779E-017
          12          28  -5.3132276025328994E-016
          12          29  -2.8689946035941759E-016
          12          30   2.3815942159133771E-016
          12          31  -1.4416628796090156E-016
          12          32  -5.8506441589973667E-016
          12          33  -2.0905940986155732E-016
          12          34  -7.7844804106384146E-016
          12          35  -1.8659416288424188E-016
          12          36   8.2846630455415485E-017
          12          37  -8.9357221907949442E-016
          13           1   2.1517598208434367E-003
          13           2   6.5936720949231510E-003
          13           3  -2.2257521562382053E-002
          13           4  -4.3268983726052817E-003
          13           5   2.9399273277259819E-002
          13           6   6.6534668182842392E-003
          13           7   8.4027698292056730E-015
          13           8  -7.1852281551332707E-015
          13           9   2.1494943140542837E-015
          13          10   1.4186054726282534E-015
          13          11  -5.8546511000576925E-016
          13          12   1.1072781303532123E-016
          13          13   1.5294857489393712E-003
          13          14   6.3433524839827669E-018
          13          15  -9.4297694084411417E-018
          13          16   6.8710735046704906E-017
          13          17   1.1863807539475531E-015
          13          18   2.1860312593855723E-015
          13          19  -1.9801463297451249E-015
          13          20  -9.6926336777160233E-016
          13          21   2.6592556548698831E-015
          13          22  -1.7756091631878335E-015
          13          23  -6.1027245307169717E-016
          13          24   1.4425345562872342E-015
          13          25  -8.8069150080464330E-016
          13          26   5.6877279188758591E-003
          13          27  -9.3157070608686139E-018
          13          28   5.6877279188757759E-003
          13          29  -2.7661171685975856E-018
          13          30  -2.0877198457308287E-017
          13          31   5.6877279188757256E-003
          13          32   3.5915324803335452E-003
          13          33  -3.8919534059637574E-019
          13          34   3.5915324803336233E-003
          13          35  -1.9329648112104531E-017
          13          36   3.4124565689563055E-017
          13          37   3.5915324803334047E-003
          14           1  -7.8481555805272339E-016
          14           2  -1.0161150685557313E-016
          14           3  -6.7564829465691082E-015
          14           4  -2.4312098404984772E-015
          14           5   1.8838777302636316E-015
          14           6   3.0712704141302854E-015
          14           7   2.3476978310001676E-002
          14           8  -1.7344537806864013E-014
          14           9  -4.3828246018345549E-015
          14          10  -2.3117665712610886E-003
          14          11  -2.0942656951499877E-015
          14          12   7.6315853713348519E-017
          14          13   6.3433524839827669E-018
          14          14   9.6188610958011821E-004
          14          15   1.1519169509043286E-015
          14          16  -1.7388400064696262E-016
          14          17  -2.6244330469405150E-002
          14          18  -1.4913200882538113E-015
          14          19   3.1285077203542858E-015
          14          20  -1.1193302183981424E-003
          14          21   1.4665731736668297E-015
          14          22  -8.0916718638024410E-016
          14          23  -3.0799547393586930E-003
          14          24  -1.5464788737790114E-016
          14          25  -2.8567033179098533E-017
          14          26  -1.6127229673090621E-016
          14          27   1.0329702480772807E-016
          14          28  -2.9479467257933096E-016
          14          29  -7.6747566470128834E-016
          14          30  -6.4632556795669335E-017
          14          31   1.3520735973672856E-016
          14          32  -8.6168113963147981E-016
          14          33  -1.9000920205532986E-016
          14          34  -7.5286408261738874E-016
          14          35  -2.0629081367672934E-016
          14          36   1.9474073418641772E-016
          14          37  -1.1680220300839968E-015
          15           1  -1.5064454841565808E-015
          15           2  -3.4415332485471647E-015
          15           3   6.2377139427534821E-015
          15           4   2.7592706978473018E-015
          15           5  -6.0991658916141964E-016
          15           6  -5.2272126366087993E-016
          15           7   2.3651057241141915E-015
          15           8   2.3476978310007730E-002
          15           9  -2.3390171093387591E-015
          15          10  -6.9627732714677644E-015
          15          11  -2.3117665712574760E-003
          15          12   9.5192068638822063E-016
          15          13  -9.4297694084411417E-018
          15          14   1.1519169509043286E-015
          15          15   9.6188610957897904E-004
          15          16  -4.6542163536498866E-016
          15          17  -3.7770052927280084E-014
          15          18  -2.6244330469394093E-002
          15          19   6.7292058156167428E-015
          15          20  -2.4422060511050669E-015
          15          21  -1.1193302184041415E-003
          15          22   1.6583143278708912E-015
          15          23  -3.5309889777693226E-015
          15          24  -3.0799547393592845E-003
          15          25   1.3527827675326870E-015
          15          26   4.1152118080450295E-016
          15          27  -9.9962072629457077E-017
          15          28   4.6619536248251323E-016
          15          29   4.8600451647750974E-017
          15          30  -4.2885334518599729E-017
          15          31   3.0068271314323057E-016
          15          32   4.9090337386647431E-017
          15          33   6.2518646934028909E-017
          15          34   2.4983816942683222E-016
          15          35   5.3684705786443177E-017
          15          36  -1.1089972915773075E-016
          15          37   4.0558751446061434E-016
          16           1   1.2418919998600111E-015
          16           2   1.8338436640155714E-015
          16           3   5.3858771363512130E-016
          16           4   2.3977878824705487E-016
          16           5   8.3424227373489421E-016
          16           6  -2.2250782731012551E-016
          16           7   6.5911284337859775E-015
          16           8  -3.8984464392549309E-014
          16           9   2.3476978309997742E-002
          16          10   1.4758685992567821E-015
          16          11  -1.8825957416688292E-015
          16          12  -2.3117665712582770E-003
          16          13   6.8710735046704906E-017
          16          14  -1.7388400064696262E-016
          16          15  -4.6542163536498866E-016
          16          16   9.6188610957893481E-004
          16          17   8.3387141050668412E-015
          16          18   2.5903053573611556E-014
          16          19  -2.6244330469392875E-002
          16          20   4.4261960768657641E-015
          16          21   2.0810982874052558E-014
          16          22  -1.1193302184017151E-003
          16          23   2.0922853056495275E-015
          16          24   1.0901788369613308E-014
          16          25  -3.0799547393577861E-003
          16          26   1.8873259278091346E-016
          16          27   1.3905387968661108E-018
          16          28   2.3636744447018519E-016
          16          29   1.0741059292335683E-016
          16          30  -5.5905421145458135E-018
          16          31   1.8953182951549700E-016
          16          32   3.0537506670381590E-016
          16          33   1.4098585656838453E-017
          16          34   2.7048704446814655E-016
          16          35   2.4227005264779195E-017
          16          36  -1.7371864297645954E-017
          16          37   2.9895498782744842E-016
          17           1  -1.0053053135828305E-015
          17           2  -5.1217133300663846E-015
          17           3   2.6418826692497001E-014
          17           4   2.8681897625921565E-015
          17           5  -1.1837687425042790E-014
          17           6  -7.9551548526323248E-014
          17           7 -0.46682968038562717     
          17           8   1.6847634398686751E-014
          17           9  -3.1745439610375570E-015
          17          10  0.11168144764656809     
          17          11   6.4146550484561748E-015
          17          12  -4.1311211382614142E-015
          17          13   1.1863807539475531E-015
          17          14  -2.6244330469405150E-002
          17          15  -3.7770052927280084E-014
          17          16   8.3387141050668412E-015
          17          17   1.0074568138864697     
          17          18   3.3167912860676552E-015
          17          19  -1.2255821357776142E-014
          17          20  0.25854900098035416     
          17          21  -2.2939983246317297E-014
          17          22   1.4880024296060057E-014
          17          23  0.18260629049306898     
          17          24   3.4888758548845544E-014
          17          25   4.0599034550892199E-015
          17          26   4.1408982756352447E-015
          17          27  -3.8175011388100065E-015
          17          28   5.3862927068858727E-015
          17          29   2.0795977909497221E-014
          17          30   6.1459494096922004E-016
          17          31  -7.9346024744795107E-015
          17          32   3.1521173367494246E-014
          17          33   3.1388028353740005E-015
          17          34   1.9632955789034381E-014
          17          35   1.7426920164803700E-015
          17          36  -3.1018304466877289E-015
          17          37   3.0306211090377976E-014
          18           1  -9.4036515489307268E-016
          18           2  -1.2735769092447324E-015
          18           3   4.4994744561993878E-016
          18           4   3.7753414091070490E-016
          18           5  -2.1443903554514423E-015
          18           6  -2.4944155097738303E-014
          18           7   2.4681645616198011E-014
          18           8 -0.46682968038563133     
          18           9  -1.0417014473240727E-015
          18          10   5.9651448277436847E-015
          18          11  0.11168144764657555     
          18          12  -4.9432842801760968E-018
          18          13   2.1860312593855723E-015
          18          14  -1.4913200882538113E-015
          18          15  -2.6244330469394093E-002
          18          16   2.5903053573611556E-014
          18          17   3.3167912860676552E-015
          18          18   1.0074568138864592     
          18          19   1.7919693506840417E-015
          18          20   5.2076398748823749E-015
          18          21  0.25854900098035549     
          18          22  -8.2479596069662264E-015
          18          23  -5.1868231931706532E-015
          18          24  0.18260629049304808     
          18          25  -6.4089358819963138E-015
          18          26   1.7930836160984830E-015
          18          27   1.0252718850880904E-015
          18          28  -1.8045883052624823E-015
          18          29   5.7180683296588557E-016
          18          30  -1.1509248350588442E-015
          18          31   4.4243251777477634E-015
          18          32   1.6259418152075251E-014
          18          33  -5.9643933265288448E-015
          18          34   9.4739823855675489E-015
          18          35  -6.4347047455916300E-015
          18          36   8.4202589360564349E-015
          18          37   1.1111013998846332E-014
          19           1  -1.7756206852529060E-015
          19           2  -1.6858866906174788E-015
          19           3  -7.6293549951311780E-015
          19           4  -1.5536707873331107E-015
          19           5   4.2486089104365560E-015
          19           6   2.0683655362286123E-014
          19           7   1.5679298137616371E-014
          19           8  -4.0844064241873923E-015
          19           9 -0.46682968038563105     
          19          10   7.6940576577023273E-016
          19          11  -9.1059768774805205E-016
          19          12  0.11168144764657477     
          19          13  -1.9801463297451249E-015
          19          14   3.1285077203542858E-015
          19          15   6.7292058156167428E-015
          19          16  -2.6244330469392875E-002
          19          17  -1.2255821357776142E-014
          19          18   1.7919693506840417E-015
          19          19   1.0074568138864779     
          19          20   2.4611389315420951E-015
          19          21   7.1227745923607699E-015
          19          22  0.25854900098035444     
          19          23  -3.3675319477399768E-015
          19          24  -5.7840017497756691E-015
          19          25  0.18260629049304208     
          19          26  -8.8289205594946072E-017
          19          27   8.2707758629788974E-016
          19          28  -1.4177431434744285E-015
          19          29  -2.2796996299711100E-016
          19          30  -4.5452043407662575E-017
          19          31  -1.7317151642608651E-016
          19          32  -8.1281004570604506E-015
          19          33   1.0546587725983693E-015
          19          34  -6.6327388805707866E-015
          19          35   3.3461253030288861E-015
          19          36  -1.0424679358713573E-015
          19          37  -8.3774104523808742E-015
          20           1  -7.8820236221551224E-016
          20           2  -3.7913816206499066E-016
          20           3  -4.2954623450936119E-015
          20           4  -2.6795249310881860E-015
          20           5   2.7497673921489496E-015
          20           6  -6.1120071714063278E-015
          20           7  -9.4432096966747592E-002
          20           8  -3.1263186484054017E-014
          20           9   1.8198333465169192E-015
          20          10   1.2024251347358697E-002
          20          11  -2.6584772794616129E-015
          20          12   2.2835669444797035E-016
          20          13  -9.6926336777160233E-016
          20          14  -1.1193302183981424E-003
          20          15  -2.4422060511050669E-015
          20          16   4.4261960768657641E-015
          20          17  0.25854900098035416     
          20          18   5.2076398748823749E-015
          20          19   2.4611389315420951E-015
          20          20  0.20849444575019976     
          20          21   2.6430680560851627E-015
          20          22  -1.8231672681973121E-015
          20          23   9.6980770467519628E-002
          20          24   6.4698680440899992E-015
          20          25  -2.5498808793600336E-015
          20          26   2.5603551432805701E-015
          20          27  -1.5239258002788979E-015
          20          28  -9.3399026835517232E-016
          20          29   1.0474995297333250E-016
          20          30  -5.3542282457657360E-016
          20          31  -2.1387071350440619E-015
          20          32   6.0135114631620794E-015
          20          33  -1.9957433861871396E-015
          20          34  -1.0037356858906699E-015
          20          35  -2.8543605252394165E-015
          20          36   1.2235558436380124E-015
          20          37  -2.4187428771321948E-016
          21           1   8.9952750104611920E-016
          21           2   1.2469847468861391E-016
          21           3   8.5493015251350648E-015
          21           4   4.8381203327357512E-015
          21           5  -3.1243788186340738E-017
          21           6  -2.4479808838247085E-014
          21           7  -1.3889063510408306E-014
          21           8  -9.4432096966747550E-002
          21           9   8.4144930606599999E-016
          21          10  -4.5260019690407383E-015
          21          11   1.2024251347359039E-002
          21          12   1.6530017372257122E-015
          21          13   2.6592556548698831E-015
          21          14   1.4665731736668297E-015
          21          15  -1.1193302184041415E-003
          21          16   2.0810982874052558E-014
          21          17  -2.2939983246317297E-014
          21          18  0.25854900098035549     
          21          19   7.1227745923607699E-015
          21          20   2.6430680560851627E-015
          21          21  0.20849444575020429     
          21          22  -6.7493076015209819E-015
          21          23  -8.0322033746416110E-015
          21          24   9.6980770467525360E-002
          21          25  -4.9381749774382588E-015
          21          26   2.2704633339109752E-015
          21          27  -1.9905647709543034E-016
          21          28   9.0086830644112965E-016
          21          29   3.8694386555549724E-016
          21          30  -2.2447782449800628E-015
          21          31   3.1542848451240357E-015
          21          32   1.3883794644444542E-014
          21          33  -4.6046292956428437E-015
          21          34   9.3608351974459730E-015
          21          35  -5.7082573839851303E-015
          21          36   6.1154292894144327E-015
          21          37   1.2518229008755304E-014
          22           1   1.3870705634474870E-015
          22           2   1.4857457198832404E-015
          22           3   3.2789654602678255E-015
          22           4   2.5169656197518263E-015
          22           5  -2.8453719027812029E-015
          22           6   6.9896630912636774E-015
          22           7  -1.8793777298298231E-014
