           1           1  0.69966000811322226     
           1           2  0.57669466173248241     
           1           3   1.2227994542926920E-014
           1           4  -9.4036304410307659E-015
           1           5   1.6713044241790203E-014
           1           6 -0.14503382438862109     
           1           7  -4.4289773384955403E-014
           1           8   1.4089276748831453E-014
           1           9  -1.3406735882233668E-015
           1          10  -8.9384072661700537E-002
           1          11   5.7813525390171498E-014
           1          12  -1.5938547366032551E-014
           1          13  -1.1918113695821571E-014
           1          14  -8.9949368852161801E-003
           1          15  -2.2987238810620435E-014
           1          16  -1.1652781179398799E-014
           1          17  -2.1793884156727463E-014
           1          18  -1.8342310290998614E-003
           1          19   3.2301459419603260E-005
           1          20  -1.8961021289145930E-003
           1          21  -6.7155745630338617E-006
           1          22   1.7439204642314223E-005
           1          23  -1.8265986263066461E-003
           1          24  -1.0364845505043865E-002
           1          25   4.5156313210994135E-004
           1          26  -1.1229781993794520E-002
           1          27  -9.3881377563449124E-005
           1          28   2.4379399282038533E-004
           1          29  -1.0258147191096533E-002
           2           1  0.57669466173248241     
           2           2  0.49516170137770776     
           2           3   9.4388714066802525E-015
           2           4  -7.2677147750128038E-015
           2           5   1.4152722969801774E-014
           2           6 -0.23894162532062599     
           2           7  -3.7544587502268046E-014
           2           8   1.2971582077917707E-014
           2           9   1.3116182731005059E-016
           2          10 -0.14609663317899108     
           2          11   4.9211917708282690E-014
           2          12  -1.3715613592659977E-014
           2          13  -1.0642697602952960E-014
           2          14  -1.4868077591139211E-002
           2          15  -1.9928158719693392E-014
           2          16  -1.1125742702483153E-014
           2          17  -1.8671250338021571E-014
           2          18  -2.4685192100683323E-003
           2          19   1.8152309797168768E-004
           2          20  -2.8162135401822706E-003
           2          21  -3.7739218209594449E-005
           2          22   9.8002334565333257E-005
           2          23  -2.4256277330807494E-003
           2          24  -1.7279407818865965E-002
           2          25   8.8052186267277999E-004
           2          26  -1.8965983696142545E-002
           2          27  -1.8306323040919467E-004
           2          28   4.7538411681350085E-004
           2          29  -1.7071352307386253E-002
           3           1   1.2227994542926920E-014
           3           2   9.4388714066802525E-015
           3           3   8.8025682637810684E-003
           3           4  -2.2858774235222423E-002
           3           5   4.7524102781788917E-003
           3           6   3.7108169571808892E-015
           3           7   1.5174758677324894E-002
           3           8  -3.9406270084365314E-002
           3           9   8.1926861515960996E-003
           3          10  -4.0932824591420827E-015
           3          11   1.4724771323866423E-002
           3          12  -3.8237729648953729E-002
           3          13   7.9497428968279115E-003
           3          14  -4.3817464897456212E-015
           3          15   1.2065273936413092E-003
           3          16  -3.1331469058956526E-003
           3          17   6.5139093021103186E-004
           3          18   4.5292575788756699E-017
           3          19  -1.5219364828337403E-016
           3          20   1.1991044254715998E-016
           3          21  -4.9307218675282980E-019
           3          22   1.9685830545357426E-016
           3          23  -2.5861486467641910E-016
           3          24   1.1802895409314425E-016
           3          25   4.1064898775694926E-016
           3          26   1.7609406061709625E-015
           3          27   4.2499138966957279E-017
           3          28  -3.7211931248812742E-017
           3          29   2.7584605776310548E-016
           4           1  -9.4036304410307659E-015
           4           2  -7.2677147750128038E-015
           4           3  -2.2858774235222423E-002
           4           4   5.9360353010477290E-002
           4           5  -1.2341202063609892E-002
           4           6  -7.5263542869156128E-015
           4           7  -3.9406270111667883E-002
           4           8  0.10233138833095330     
           4           9  -2.1275014008119281E-002
           4          10   1.2994700879788635E-014
           4          11  -3.8237729407049240E-002
           4          12   9.9296887353811411E-002
           4          13  -2.0644131651254637E-002
           4          14   1.1696787190405007E-014
           4          15  -3.1331466537257362E-003
           4          16   8.1362501967000567E-003
           4          17  -1.6915515752183021E-003
           4          18  -5.7918430531576903E-017
           4          19   5.4447156359991987E-016
           4          20  -5.3756690273011501E-016
           4          21  -2.9749222164531792E-017
           4          22  -4.3062885262123241E-016
           4          23   7.6654345584972704E-016
           4          24  -1.5790475804296763E-017
           4          25  -6.3699815927929454E-016
           4          26  -5.1046135389616296E-015
           4          27  -1.9963403936980369E-016
           4          28   3.2845467201235788E-016
           4          29  -3.2415617049391116E-016
           5           1   1.6713044241790203E-014
           5           2   1.4152722969801774E-014
           5           3   4.7524102781788917E-003
           5           4  -1.2341202063609892E-002
           5           5   2.5657743030599351E-003
           5           6  -4.9453291790729334E-015
           5           7   8.1926861508968343E-003
           5           8  -2.1275013991563049E-002
           5           9   4.4231415998147536E-003
           5          10  -5.0339261290673897E-015
           5          11   7.9497429030238580E-003
           5          12  -2.0644131797946042E-002
           5          13   4.2919791951191678E-003
           5          14  -2.5477073219125426E-015
           5          15   6.5139093666992972E-004
           5          16  -1.6915517281347410E-003
           5          17   3.5167883498101897E-004
           5          18   6.7942349812095412E-017
           5          19   1.4613214423461257E-016
           5          20  -3.2906406074016790E-016
           5          21  -4.7730449357471554E-017
           5          22   2.2953822457568040E-016
           5          23  -4.2189761203843411E-017
           5          24  -2.3649589931800770E-016
           5          25   8.2427098866306536E-016
           5          26  -5.0367757255667825E-016
           5          27  -1.0233054576113205E-016
           5          28   3.0522852578918838E-016
           5          29  -8.9138790073568700E-018
           6           1 -0.14503382438862109     
           6           2 -0.23894162532062599     
           6           3   3.7108169571808892E-015
           6           4  -7.5263542869156128E-015
           6           5  -4.9453291790729334E-015
           6           6  0.74999425838002831     
           6           7   1.9524239542379430E-014
           6           8  -2.2489427857362812E-014
           6           9  -6.0200691036331930E-015
           6          10  0.45315006232188076     
           6          11  -1.8025592693162862E-014
           6          12  -3.6170577295919026E-015
           6          13   8.7659421335368139E-015
           6          14   4.6450706667847619E-002
           6          15   1.1141630036371045E-014
           6          16   1.0898033716379783E-014
           6          17   9.1196319677125305E-015
           6          18   5.9993857893313870E-003
           6          19  -1.2553140749167182E-003
           6          20   8.4038488983638610E-003
           6          21   2.6098370724891840E-004
           6          22  -6.7773033364576345E-004
           6          23   5.7027718903705123E-003
           6          24   5.4541427095913877E-002
           6          25  -3.9910525799805707E-003
           6          26   6.2185999298512720E-002
           6          27   8.2975223467288573E-004
           6          28  -2.1547256096983861E-003
           6          29   5.3598394870815448E-002
           7           1  -4.4289773384955403E-014
           7           2  -3.7544587502268046E-014
           7           3   1.5174758677324894E-002
           7           4  -3.9406270111667883E-002
           7           5   8.1926861508968343E-003
           7           6   1.9524239542379430E-014
           7           7   2.6159785873235048E-002
           7           8  -6.7932519349401033E-002
           7           9   1.4123382124858516E-002
           7          10   1.0685767868639989E-015
           7          11   2.5384052099641192E-002
           7          12  -6.5918070999704259E-002
           7          13   1.3704571937545346E-002
           7          14  -6.7253028495808365E-015
           7          15   2.0799341155264463E-003
           7          16  -5.4012359544203361E-003
           7          17   1.1229336568989810E-003
           7          18   2.6094311749360070E-016
           7          19  -2.4885146659481108E-016
           7          20   3.6368926362806713E-016
           7          21  -3.6598927306623385E-018
           7          22   3.4666107825475386E-016
           7          23  -2.5976980949964576E-016
           7          24   1.1646851284847849E-015
           7          25   6.8940733407570586E-016
           7          26   4.0323590693110808E-015
           7          27   7.7112810194124195E-017
           7          28  -7.4143571629365421E-017
           7          29   1.4323723387510695E-015
           8           1   1.4089276748831453E-014
           8           2   1.2971582077917707E-014
           8           3  -3.9406270084365314E-002
           8           4  0.10233138833095330     
           8           5  -2.1275013991563049E-002
           8           6  -2.2489427857362812E-014
           8           7  -6.7932519349401033E-002
           8           8  0.17640921097440365     
           8           9  -3.6676023807120220E-002
           8          10   1.6679589624945217E-014
           8          11  -6.5918070537013568E-002
           8          12  0.17117803086623018     
           8          13  -3.5588444906771217E-002
           8          14   1.9603668883168427E-014
           8          15  -5.4012355159620577E-003
           8          16   1.4026092100384802E-002
           8          17  -2.9160679198613820E-003
           8          18  -1.8084405570165167E-016
           8          19   9.7567339496502774E-016
           8          20  -1.0786929110180034E-015
           8          21  -5.8989231274329162E-017
           8          22  -7.2235432750423974E-016
           8          23   1.2492031920515902E-015
           8          24  -6.7221131714058362E-016
           8          25  -1.0079043785178624E-015
           8          26  -9.6176450959175317E-015
           8          27  -3.6290588687491723E-016
           8          28   6.1493090248368739E-016
           8          29  -1.1824861312728264E-015
           9           1  -1.3406735882233668E-015
           9           2   1.3116182731005059E-016
           9           3   8.1926861515960996E-003
           9           4  -2.1275014008119281E-002
           9           5   4.4231415998147536E-003
           9           6  -6.0200691036331930E-015
           9           7   1.4123382124858516E-002
           9           8  -3.6676023807120220E-002
           9           9   7.6250594561959846E-003
           9          10  -6.3962809749769981E-015
           9          11   1.3704571949396263E-002
           9          12  -3.5588445187347682E-002
           9          13   7.3989484191305278E-003
           9          14  -4.1271021292050483E-015
           9          15   1.1229336681293286E-003
           9          16  -2.9160681857435125E-003
           9          17   6.0625959302960442E-004
           9          18   2.0128911978627907E-016
           9          19   3.4852814158933375E-016
           9          20  -6.6816163245122808E-016
           9          21  -1.0236825852590132E-016
           9          22   4.4786032616160161E-016
           9          23   3.4260058786473011E-017
           9          24  -1.6270695018441851E-016
           9          25   1.6891362847807333E-015
           9          26  -1.1369705523469122E-015
           9          27  -2.3216206629964147E-016
           9          28   6.7096830962512861E-016
           9          29   2.9298802000407271E-016
          10           1  -8.9384072661700537E-002
          10           2 -0.14609663317899108     
          10           3  -4.0932824591420827E-015
          10           4   1.2994700879788635E-014
          10           5  -5.0339261290673897E-015
          10           6  0.45315006232188076     
          10           7   1.0685767868639989E-015
          10           8   1.6679589624945217E-014
          10           9  -6.3962809749769981E-015
          10          10  0.27980261376190180     
          10          11  -1.9707218831548028E-014
          10          12   2.5481740267300010E-014
          10          13   1.8809630929911562E-015
          10          14   2.9105725606099975E-002
          10          15   5.4323797588357164E-015
          10          16   8.3648547502724191E-015
          10          17   4.6723411057560683E-015
          10          18   4.0517763807482133E-003
          10          19   1.5049774418748321E-004
          10          20   3.7635088325674950E-003
          10          21  -3.1288946745275468E-005
          10          22   8.1252084469039592E-005
          10          23   4.0873369779507417E-003
          10          24   3.3765452439341960E-002
          10          25   8.3000913356952311E-006
          10          26   3.3749554310076507E-002
          10          27  -1.7256243739925594E-006
          10          28   4.4811312106575463E-006
          10          29   3.3767413649788830E-002
          11           1   5.7813525390171498E-014
          11           2   4.9211917708282690E-014
          11           3   1.4724771323866423E-002
          11           4  -3.8237729407049240E-002
          11           5   7.9497429030238580E-003
          11           6  -1.8025592693162862E-014
          11           7   2.5384052099641192E-002
          11           8  -6.5918070537013568E-002
          11           9   1.3704571949396263E-002
          11          10  -1.9707218831548028E-014
          11          11   2.4631321682818303E-002
          11          12  -6.3963357982846344E-002
          11          13   1.3298181023028053E-002
          11          14  -8.5110462142902271E-015
          11          15   2.0182564264168146E-003
          11          16  -5.2410694618772848E-003
          11          17   1.0896345478243520E-003
          11          18  -2.3281179741246994E-017
          11          19   5.4129014035861433E-017
          11          20  -4.8978435902083818E-016
          11          21  -6.5007756507232706E-017
          11          22   4.9597311367865225E-016
          11          23  -4.5870647139533308E-016
          11          24  -1.3106826327132444E-015
          11          25   1.5491453351896777E-015
          11          26  -2.1396958526979135E-016
          11          27  -1.0816633203312396E-016
          11          28   4.0325539694983998E-016
          11          29  -8.4295824823272913E-016
          12           1  -1.5938547366032551E-014
          12           2  -1.3715613592659977E-014
          12           3  -3.8237729648953729E-002
          12           4   9.9296887353811411E-002
          12           5  -2.0644131797946042E-002
          12           6  -3.6170577295919026E-015
          12           7  -6.5918070999704259E-002
          12           8  0.17117803086623018     
          12           9  -3.5588445187347682E-002
          12          10   2.5481740267300010E-014
          12          11  -6.3963357982846344E-002
          12          12  0.16610197443426949     
          12          13  -3.4533116990225286E-002
          12          14   1.9833997144968870E-014
          12          15  -5.2410690732089035E-003
          12          16   1.3610167027166328E-002
          12          17  -2.8295958109947139E-003
          12          18  -1.4238398446714036E-016
          12          19   6.4455542735700240E-016
          12          20  -4.3479356896859830E-016
          12          21   5.5853577417237442E-018
          12          22  -8.6408061051468936E-016
          12          23   1.1738546923207401E-015
          12          24   4.0454742224971900E-016
          12          25  -1.7861467585489963E-015
          12          26  -6.7277061250090795E-015
          12          27  -1.8413156322742184E-016
          12          28   1.6039516394404167E-016
          12          29  -2.8154626556805064E-016
          13           1  -1.1918113695821571E-014
          13           2  -1.0642697602952960E-014
          13           3   7.9497428968279115E-003
          13           4  -2.0644131651254637E-002
          13           5   4.2919791951191678E-003
          13           6   8.7659421335368139E-015
          13           7   1.3704571937545346E-002
          13           8  -3.5588444906771217E-002
          13           9   7.3989484191305278E-003
          13          10   1.8809630929911562E-015
          13          11   1.3298181023028053E-002
          13          12  -3.4533116990225286E-002
          13          13   7.1795424053342684E-003
          13          14  -3.2212169148787194E-015
          13          15   1.0896345577794256E-003
          13          16  -2.8295960466841546E-003
          13          17   5.8828176792564198E-004
          13          18   2.8031627408377062E-016
          13          19   2.1392174600992657E-016
          13          20  -3.2531948408500277E-016
          13          21  -7.3496282625766950E-017
          13          22   3.6748693062421843E-016
          13          23   8.8876606208104037E-017
          13          24   8.2144622787745422E-016
          13          25   1.2698458605922045E-015
          13          26   5.8325151344723507E-016
          13          27  -1.4851950368820151E-016
          13          28   4.5174387794243176E-016
          13          29   1.1763908420976969E-015
          14           1  -8.9949368852161801E-003
          14           2  -1.4868077591139211E-002
          14           3  -4.3817464897456212E-015
          14           4   1.1696787190405007E-014
          14           5  -2.5477073219125426E-015
          14           6   4.6450706667847619E-002
          14           7  -6.7253028495808365E-015
          14           8   1.9603668883168427E-014
          14           9  -4.1271021292050483E-015
          14          10   2.9105725606099975E-002
          14          11  -8.5110462142902271E-015
          14          12   1.9833997144968870E-014
          14          13  -3.2212169148787194E-015
          14          14   3.0579969786757024E-003
          14          15  -1.3628033135088196E-017
          14          16   2.2344102530694952E-015
          14          17   1.4547839954846168E-016
          14          18   4.4651110288752215E-004
          14          19   8.0772607006046181E-005
          14          20   2.9179702451143064E-004
          14          21  -1.6792876100263806E-005
          14          22   4.3608246567144814E-005
          14          23   4.6559658721776457E-004
          14          24   3.5206039797954585E-003
          14          25   1.7284413241588079E-004
          14          26   3.1895335771860646E-003
          14          27  -3.5934833954757978E-005
          14          28   9.3316655953249480E-005
          14          29   3.5614447330894871E-003
          15           1  -2.2987238810620435E-014
          15           2  -1.9928158719693392E-014
          15           3   1.2065273936413092E-003
          15           4  -3.1331466537257362E-003
          15           5   6.5139093666992972E-004
          15           6   1.1141630036371045E-014
          15           7   2.0799341155264463E-003
          15           8  -5.4012355159620577E-003
          15           9   1.1229336681293286E-003
          15          10   5.4323797588357164E-015
          15          11   2.0182564264168146E-003
          15          12  -5.2410690732089035E-003
          15          13   1.0896345577794256E-003
          15          14  -1.3628033135088196E-017
          15          15   1.6537313974565002E-004
          15          16  -4.2944598178462173E-004
          15          17   8.9283147567607553E-005
          15          18   9.7223947941507980E-017
          15          19  -8.9692155922739318E-017
          15          20   2.3929356007789907E-016
          15          21   1.4242736417287913E-017
          15          22  -1.0179009129176378E-017
          15          23   3.9304755572988064E-017
          15          24   7.4483225821170952E-016
          15          25  -1.7353491414634747E-016
          15          26   1.4102234272493730E-015
          15          27   5.3605594054564369E-017
          15          28  -1.2917813513091539E-016
          15          29   7.1215997448490994E-016
          16           1  -1.1652781179398799E-014
          16           2  -1.1125742702483153E-014
          16           3  -3.1331469058956526E-003
          16           4   8.1362501967000567E-003
          16           5  -1.6915517281347410E-003
          16           6   1.0898033716379783E-014
          16           7  -5.4012359544203361E-003
          16           8   1.4026092100384802E-002
          16           9  -2.9160681857435125E-003
          16          10   8.3648547502724191E-015
          16          11  -5.2410694618772848E-003
          16          12   1.3610167027166328E-002
          16          13  -2.8295960466841546E-003
          16          14   2.2344102530694952E-015
          16          15  -4.2944598178462173E-004
          16          16   1.1151983420923635E-003
          16          17  -2.3185318379371849E-004
          16          18   5.5404784415918794E-017
          16          19  -3.5526756135281554E-017
          16          20   2.0065543171209231E-016
          16          21   1.8823971394009264E-017
          16          22  -1.1849577413884731E-016
          16          23   1.4238183568936272E-016
          16          24   7.8449689681964770E-016
          16          25  -4.0282037494274994E-016
          16          26   6.9133184841006761E-016
          16          27   3.8232586170654284E-017
          16          28  -1.2532061152324551E-016
          16          29   6.6767985342097219E-016
          17           1  -2.1793884156727463E-014
          17           2  -1.8671250338021571E-014
          17           3   6.5139093021103186E-004
          17           4  -1.6915515752183021E-003
          17           5   3.5167883498101897E-004
          17           6   9.1196319677125305E-015
          17           7   1.1229336568989810E-003
          17           8  -2.9160679198613820E-003
          17           9   6.0625959302960442E-004
          17          10   4.6723411057560683E-015
          17          11   1.0896345478243520E-003
          17          12  -2.8295958109947139E-003
          17          13   5.8828176792564198E-004
          17          14   1.4547839954846168E-016
          17          15   8.9283147567607553E-005
          17          16  -2.3185318379371849E-004
          17          17   4.8202993858855298E-005
          17          18   5.8114550853531627E-017
          17          19  -8.9907543144502578E-017
          17          20   2.1427545811926124E-016
          17          21   1.6314094064237515E-017
          17          22  -2.7892147547718853E-017
          17          23   1.7042563479140411E-017
          17          24   5.7807157420291202E-016
          17          25  -1.8272210330510213E-016
          17          26   1.1078442908463841E-015
          17          27   4.7451207707838604E-017
          17          28  -1.1780953498524790E-016
          17          29   5.3939497861171186E-016
          18           1  -1.8342310290998614E-003
          18           2  -2.4685192100683323E-003
          18           3   4.5292575788756699E-017
          18           4  -5.7918430531576903E-017
          18           5   6.7942349812095412E-017
          18           6   5.9993857893313870E-003
          18           7   2.6094311749360070E-016
          18           8  -1.8084405570165167E-016
          18           9   2.0128911978627907E-016
          18          10   4.0517763807482133E-003
          18          11  -2.3281179741246994E-017
          18          12  -1.4238398446714036E-016
          18          13   2.8031627408377062E-016
          18          14   4.4651110288752215E-004
          18          15   9.7223947941507980E-017
          18          16   5.5404784415918794E-017
          18          17   5.8114550853531627E-017
          18          18   8.0549600385984558E-005
          18          19   5.6090752793428193E-005
          18          20  -2.6888172536412194E-005
          18          21  -1.1661442031974868E-005
          18          22   3.0282783633365967E-005
          18          23   9.3803093583679010E-005
          18          24   4.9633764871852921E-004
          18          25   1.4104873054341952E-004
          18          26   2.2616902624703717E-004
          18          27  -2.9324470112860742E-005
          18          28   7.6150666173043034E-005
          18          29   5.2966557372908553E-004
          19           1   3.2301459419603260E-005
          19           2   1.8152309797168768E-004
          19           3  -1.5219364828337403E-016
          19           4   5.4447156359991987E-016
          19           5   1.4613214423461257E-016
          19           6  -1.2553140749167182E-003
          19           7  -2.4885146659481108E-016
          19           8   9.7567339496502774E-016
          19           9   3.4852814158933375E-016
          19          10   1.5049774418748321E-004
          19          11   5.4129014035861433E-017
          19          12   6.4455542735700240E-016
          19          13   2.1392174600992657E-016
          19          14   8.0772607006046181E-005
          19          15  -8.9692155922739318E-017
          19          16  -3.5526756135281554E-017
          19          17  -8.9907543144502578E-017
          19          18   5.6090752793428193E-005
          19          19   1.4105273358068748E-004
          19          20  -2.1408553752135981E-004
          19          21  -2.9325302292764654E-005
          19          22   7.6152827350780481E-005
          19          23   8.9419623561661364E-005
          19          24   3.3941485174662821E-005
          19          25   3.7402810722182180E-004
          19          26  -6.8248225438476823E-004
          19          27  -7.7761607342569265E-005
          19          28   2.0193368212622476E-004
          19          29   1.2231931464920043E-004
          20           1  -1.8961021289145930E-003
          20           2  -2.8162135401822706E-003
          20           3   1.1991044254715998E-016
          20           4  -5.3756690273011501E-016
          20           5  -3.2906406074016790E-016
          20           6   8.4038488983638610E-003
          20           7   3.6368926362806713E-016
          20           8  -1.0786929110180034E-015
          20           9  -6.6816163245122808E-016
          20          10   3.7635088325674950E-003
          20          11  -4.8978435902083818E-016
          20          12  -4.3479356896859830E-016
          20          13  -3.2531948408500277E-016
          20          14   2.9179702451143064E-004
          20          15   2.3929356007789907E-016
          20          16   2.0065543171209231E-016
          20          17   2.1427545811926124E-016
          20          18  -2.6888172536412194E-005
          20          19  -2.1408553752135981E-004
          20          20   3.8317716132433324E-004
          20          21   4.4509049561416667E-005
          20          22  -1.1558243902711439E-004
          20          23  -7.7473716243246795E-005
          20          24   4.3132519034446841E-004
          20          25  -5.7537500624198277E-004
          20          26   1.5334143279362937E-003
          20          27   1.1962225403737278E-004
          20          28  -3.1063866954366364E-004
          20          29   2.9537178697725908E-004
          21           1  -6.7155745630338617E-006
          21           2  -3.7739218209594449E-005
          21           3  -4.9307218675282980E-019
          21           4  -2.9749222164531792E-017
          21           5  -4.7730449357471554E-017
          21           6   2.6098370724891840E-004
          21           7  -3.6598927306623385E-018
          21           8  -5.8989231274329162E-017
          21           9  -1.0236825852590132E-016
          21          10  -3.1288946745275468E-005
          21          11  -6.5007756507232706E-017
          21          12   5.5853577417237442E-018
          21          13  -7.3496282625766950E-017
          21          14  -1.6792876100263806E-005
          21          15   1.4242736417287913E-017
          21          16   1.8823971394009264E-017
          21          17   1.6314094064237515E-017
          21          18  -1.1661442031974868E-005
          21          19  -2.9325302292764654E-005
          21          20   4.4509049561416667E-005
          21          21   6.0968216122524902E-006
          21          22  -1.5832409807448901E-005
          21          23  -1.8590617990098555E-005
          21          24  -7.0565400789519329E-006
          21          25  -7.7761607538981854E-005
          21          26   1.4189018502422490E-004
          21          27   1.6166880175631067E-005
          21          28  -4.1982640970584449E-005
          21          29  -2.5430565875548817E-005
          22           1   1.7439204642314223E-005
          22           2   9.8002334565333257E-005
          22           3   1.9685830545357426E-016
          22           4  -4.3062885262123241E-016
          22           5   2.2953822457568040E-016
          22           6  -6.7773033364576345E-004
          22           7   3.4666107825475386E-016
          22           8  -7.2235432750423974E-016
          22           9   4.4786032616160161E-016
          22          10   8.1252084469039592E-005
          22          11   4.9597311367865225E-016
          22          12  -8.6408061051468936E-016
          22          13   3.6748693062421843E-016
          22          14   4.3608246567144814E-005
          22          15  -1.0179009129176378E-017
          22          16  -1.1849577413884731E-016
          22          17  -2.7892147547718853E-017
          22          18   3.0282783633365967E-005
          22          19   7.6152827350780481E-005
          22          20  -1.1558243902711439E-004
          22          21  -1.5832409807448901E-005
          22          22   4.1114078162833952E-005
          22          23   4.8276676250539904E-005
          22          24   1.8324636340154922E-005
          22          25   2.0193368218218038E-004
          22          26  -3.6846470098139835E-004
          22          27  -4.1982640876176786E-005
          22          28   1.0902178526431202E-004
          22          29   6.6038859374409830E-005
          23           1  -1.8265986263066461E-003
          23           2  -2.4256277330807494E-003
          23           3  -2.5861486467641910E-016
          23           4   7.6654345584972704E-016
          23           5  -4.2189761203843411E-017
          23           6   5.7027718903705123E-003
          23           7  -2.5976980949964576E-016
          23           8   1.2492031920515902E-015
          23           9   3.4260058786473011E-017
          23          10   4.0873369779507417E-003
          23          11  -4.5870647139533308E-016
          23          12   1.1738546923207401E-015
          23          13   8.8876606208104037E-017
          23          14   4.6559658721776457E-004
          23          15   3.9304755572988064E-017
          23          16   1.4238183568936272E-016
          23          17   1.7042563479140411E-017
          23          18   9.3803093583679010E-005
          23          19   8.9419623561661364E-005
          23          20  -7.7473716243246795E-005
          23          21  -1.8590617990098555E-005
          23          22   4.8276676250539904E-005
          23          23   1.1493175232043879E-004
          23          24   5.0435756646864715E-004
          23          25   2.2942656012269239E-004
          23          26   6.4907614763310971E-005
          23          27  -4.7698495884822750E-005
          23          28   1.2386488925062179E-004
          23          29   5.5856798827844676E-004
          24           1  -1.0364845505043865E-002
          24           2  -1.7279407818865965E-002
          24           3   1.1802895409314425E-016
          24           4  -1.5790475804296763E-017
          24           5  -2.3649589931800770E-016
          24           6   5.4541427095913877E-002
          24           7   1.1646851284847849E-015
          24           8  -6.7221131714058362E-016
          24           9  -1.6270695018441851E-016
          24          10   3.3765452439341960E-002
          24          11  -1.3106826327132444E-015
          24          12   4.0454742224971900E-016
          24          13   8.2144622787745422E-016
          24          14   3.5206039797954585E-003
          24          15   7.4483225821170952E-016
          24          16   7.8449689681964770E-016
          24          17   5.7807157420291202E-016
          24          18   4.9633764871852921E-004
          24          19   3.3941485174662821E-005
          24          20   4.3132519034446841E-004
          24          21  -7.0565400789519329E-006
          24          22   1.8324636340154922E-005
          24          23   5.0435756646864715E-004
          24          24   4.0804401740868130E-003
          24          25   3.8832768509762159E-005
          24          26   4.0060588309715466E-003
          24          27  -8.0734545608355211E-006
          24          28   2.0965387103019195E-005
          24          29   4.0896158381143327E-003
          25           1   4.5156313210994135E-004
          25           2   8.8052186267277999E-004
          25           3   4.1064898775694926E-016
          25           4  -6.3699815927929454E-016
          25           5   8.2427098866306536E-016
          25           6  -3.9910525799805707E-003
          25           7   6.8940733407570586E-016
          25           8  -1.0079043785178624E-015
          25           9   1.6891362847807333E-015
          25          10   8.3000913356952311E-006
          25          11   1.5491453351896777E-015
          25          12  -1.7861467585489963E-015
          25          13   1.2698458605922045E-015
          25          14   1.7284413241588079E-004
          25          15  -1.7353491414634747E-016
          25          16  -4.0282037494274994E-016
          25          17  -1.8272210330510213E-016
          25          18   1.4104873054341952E-004
          25          19   3.7402810722182180E-004
          25          20  -5.7537500624198277E-004
          25          21  -7.7761607538981854E-005
          25          22   2.0193368218218038E-004
          25          23   2.2942656012269239E-004
          25          24   3.8832768509762159E-005
          25          25   9.9711894628176667E-004
          25          26  -1.8710763279888192E-003
          25          27  -2.0730413162158793E-004
          25          28   5.3833360769243348E-004
          25          29   2.7443861334765977E-004
          26           1  -1.1229781993794520E-002
          26           2  -1.8965983696142545E-002
          26           3   1.7609406061709625E-015
          26           4  -5.1046135389616296E-015
          26           5  -5.0367757255667825E-016
          26           6   6.2185999298512720E-002
          26           7   4.0323590693110808E-015
          26           8  -9.6176450959175317E-015
          26           9  -1.1369705523469122E-015
          26          10   3.3749554310076507E-002
          26          11  -2.1396958526979135E-016
          26          12  -6.7277061250090795E-015
          26          13   5.8325151344723507E-016
          26          14   3.1895335771860646E-003
          26          15   1.4102234272493730E-015
          26          16   6.9133184841006761E-016
          26          17   1.1078442908463841E-015
          26          18   2.2616902624703717E-004
          26          19  -6.8248225438476823E-004
          26          20   1.5334143279362937E-003
          26          21   1.4189018502422490E-004
          26          22  -3.6846470098139835E-004
          26          23   6.4907614763310971E-005
          26          24   4.0060588309715466E-003
          26          25  -1.8710763279888192E-003
          26          26   7.5899699819367630E-003
          26          27   3.8900258957836307E-004
          26          28  -1.0101736340906837E-003
          26          29   3.5639485697620413E-003
          27           1  -9.3881377563449124E-005
          27           2  -1.8306323040919467E-004
          27           3   4.2499138966957279E-017
          27           4  -1.9963403936980369E-016
          27           5  -1.0233054576113205E-016
          27           6   8.2975223467288573E-004
          27           7   7.7112810194124195E-017
          27           8  -3.6290588687491723E-016
          27           9  -2.3216206629964147E-016
          27          10  -1.7256243739925594E-006
          27          11  -1.0816633203312396E-016
          27          12  -1.8413156322742184E-016
          27          13  -1.4851950368820151E-016
          27          14  -3.5934833954757978E-005
          27          15   5.3605594054564369E-017
          27          16   3.8232586170654284E-017
          27          17   4.7451207707838604E-017
          27          18  -2.9324470112860742E-005
          27          19  -7.7761607342569265E-005
          27          20   1.1962225403737278E-004
          27          21   1.6166880175631067E-005
          27          22  -4.1982640876176786E-005
          27          23  -4.7698495884822750E-005
          27          24  -8.0734545608355211E-006
          27          25  -2.0730413162158793E-004
          27          26   3.8900258957836307E-004
          27          27   4.3099174022952260E-005
          27          28  -1.1192123214742409E-004
          27          29  -5.7056642826610509E-005
          28           1   2.4379399282038533E-004
