           1           1  0.73545375566206106     
           1           2  0.57214565136772511     
           1           3   1.6711573151989720E-014
           1           4   1.5906678450857120E-015
           1           5   5.9164721855547807E-015
           1           6 -0.12980366330169318     
           1           7   8.1438679150051220E-015
           1           8   1.8769201906586585E-014
           1           9   1.0244371825109436E-014
           1          10 -0.10920986642851935     
           1          11   1.9472849706403177E-014
           1          12  -9.9989995338970410E-015
           1          13   4.8193069922804679E-015
           1          14  -5.6485366274005386E-003
           1          15  -3.2743341548639146E-014
           1          16  -1.4767623714143652E-015
           1          17   5.6291148878547673E-015
           1          18  -1.2650297685128081E-003
           1          19  -9.2430431301658799E-015
           1          20  -1.2650297685031110E-003
           1          21  -5.4808380010605798E-015
           1          22  -6.5366621380336691E-015
           1          23  -1.2650297684975976E-003
           1          24  -1.1735000418452773E-004
           1          25  -2.0765983957850154E-015
           1          26  -1.1735000417676072E-004
           1          27   1.7509617652198962E-015
           1          28  -3.8031583508811872E-016
           1          29  -1.1735000417621732E-004
           2           1  0.57214565136772511     
           2           2  0.46166589908379085     
           2           3   1.3649150280931409E-014
           2           4   1.5748082677095451E-015
           2           5   4.7033530454430539E-015
           2           6 -0.20079693984064101     
           2           7   4.3250320770475875E-015
           2           8   1.5197241956119826E-014
           2           9   7.6199382480840147E-015
           2          10 -0.16736344723697422     
           2          11   2.2243449431883125E-014
           2          12  -9.4328020168787655E-015
           2          13   4.6128210682627789E-015
           2          14  -9.7674140111737619E-003
           2          15  -3.4348867599384160E-014
           2          16  -1.8236557780821854E-015
           2          17   4.6294959714019446E-015
           2          18  -3.0990916525352324E-003
           2          19  -7.4046318717204988E-015
           2          20  -3.0990916525270298E-003
           2          21  -4.1270278481616314E-015
           2          22  -5.0745044878227856E-015
           2          23  -3.0990916525230946E-003
           2          24  -2.7724895447494412E-003
           2          25  -1.5163242215551515E-015
           2          26  -2.7724895447423987E-003
           2          27   1.9828363717579627E-015
           2          28   1.5432182445764036E-016
           2          29  -2.7724895447409216E-003
           3           1   1.6711573151989720E-014
           3           2   1.3649150280931409E-014
           3           3   1.9533175058833026E-027
           3           4   1.7560177664508307E-027
           3           5  -2.0355359805703276E-027
           3           6  -6.8566678336452527E-015
           3           7   3.3840624670215264E-027
           3           8   4.0940065528603687E-027
           3           9  -4.4260253843800733E-027
           3          10  -5.7064770722298385E-015
           3          11   2.5953160180163975E-027
           3          12   1.8259912349265637E-027
           3          13  -2.5912900637025599E-027
           3          14  -3.3847819258163799E-016
           3          15  -1.0722517239660912E-027
           3          16  -5.9291830077762639E-029
           3          17   1.3317513207802179E-028
           3          18  -1.1153005977190111E-016
           3          19  -2.1817604666675716E-028
           3          20  -1.1153005977164715E-016
           3          21  -1.2589133689049283E-028
           3          22  -1.5254401925572799E-028
           3          23  -1.1153005977148336E-016
           3          24  -1.0760975635844760E-016
           3          25  -4.0483973685375583E-029
           3          26  -1.0760975635817880E-016
           3          27   5.4256270048108478E-029
           3          28   9.0338292405448227E-030
           3          29  -1.0760975635816953E-016
           4           1   1.5906678450857120E-015
           4           2   1.5748082677095451E-015
           4           3   1.7560177664508307E-027
           4           4   1.9560617574981432E-027
           4           5  -2.3548129813467440E-027
           4           6  -2.3137176817311755E-015
           4           7   3.5599055527664420E-027
           4           8   4.0015927438847642E-027
           4           9  -5.0571788120564153E-027
           4          10  -1.9138178774947564E-015
           4          11   2.2052596421289885E-027
           4          12   2.2623430048423312E-027
           4          13  -2.9384161954814874E-027
           4          14  -1.2143817110202004E-016
           4          15  -2.0102899338169342E-028
           4          16  -7.4314125339451368E-029
           4          17  -9.8887473625168273E-030
           4          18  -4.5809842989942258E-017
           4          19   6.0940943096378522E-030
           4          20  -4.5809842989913514E-017
           4          21  -1.7263041306579173E-029
           4          22   6.2176026949598164E-030
           4          23  -4.5809842989844538E-017
           4          24  -5.4853804152418260E-017
           4          25  -7.2433710174348761E-030
           4          26  -5.4853804152342037E-017
           4          27  -5.0537888028915967E-029
           4          28  -2.4898652388505576E-029
           4          29  -5.4853804152328922E-017
           5           1   5.9164721855547807E-015
           5           2   4.7033530454430539E-015
           5           3  -2.0355359805703276E-027
           5           4  -2.3548129813467440E-027
           5           5   3.1118337348694012E-027
           5           6  -1.6502522981559839E-015
           5           7  -4.5615389178496853E-027
           5           8  -4.9907928874542633E-027
           5           9   6.6228331758548358E-027
           5          10  -1.3797809710060591E-015
           5          11  -2.4533613748347172E-027
           5          12  -3.0714859407662177E-027
           5          13   3.9037892519890190E-027
           5          14  -7.8339453418246229E-017
           5          15  -3.3206717110154740E-028
           5          16  -4.1085773764908694E-029
           5          17   4.3957679290657691E-029
           5          18  -2.3020699680686361E-017
           5          19  -6.3431040562406390E-029
           5          20  -2.3020699680621280E-017
           5          21  -3.4178964084620478E-029
           5          22  -3.5899673575424792E-029
           5          23  -2.3020699680649877E-017
           5          24  -1.7234806454692354E-017
           5          25  -2.3339111913060399E-029
           5          26  -1.7234806454706554E-017
           5          27   8.3228800877248240E-030
           5          28  -1.4242352306612220E-029
           5          29  -1.7234806454617018E-017
           6           1 -0.12980366330169318     
           6           2 -0.20079693984064101     
           6           3  -6.8566678336452527E-015
           6           4  -2.3137176817311755E-015
           6           5  -1.6502522981559839E-015
           6           6  0.62435227910686275     
           6           7   1.0676255116485079E-014
           6           8  -6.9030159351626582E-015
           6           9   2.9960041100919005E-016
           6          10  0.51579824323979140     
           6          11  -4.6185430596651486E-014
           6          12   1.1731115190847909E-014
           6          13  -6.0540051304478490E-015
           6          14   3.3372767103550860E-002
           6          15   5.9262604402857206E-014
           6          16   4.3266936291557558E-015
           6          17  -2.5018779371274426E-015
           6          18   1.2966970648957722E-002
           6          19   2.9208933351184887E-015
           6          20   1.2966970648952039E-002
           6          21   1.4313844917421691E-016
           6          22   1.0892995218431300E-015
           6          23   1.2966970648953201E-002
           6          24   1.6176254576994134E-002
           6          25  -2.3100444554951917E-016
           6          26   1.6176254576986734E-002
           6          27  -4.0489307237723068E-015
           6          28  -2.6454893249370896E-015
           6          29   1.6176254576980287E-002
           7           1   8.1438679150051220E-015
           7           2   4.3250320770475875E-015
           7           3   3.3840624670215264E-027
           7           4   3.5599055527664420E-027
           7           5  -4.5615389178496853E-027
           7           6   1.0676255116485079E-014
           7           7   7.2873356480829221E-027
           7           8   7.8824458738980993E-027
           7           9  -9.7007936985121682E-027
           7          10   8.7925069310401363E-015
           7          11   3.3469966216794262E-027
           7          12   4.5818504772418400E-027
           7          13  -5.8632338106519305E-027
           7          14   5.8994745175846436E-016
           7          15   7.4164308342284567E-028
           7          16   9.4014287138806304E-029
           7          17   3.2665708876327695E-029
           7          18   2.4266644491498180E-016
           7          19  -8.9936112600849816E-029
           7          20   2.4266644491503249E-016
           7          21  -9.1113853045381801E-029
           7          22  -9.4698587766597702E-029
           7          23   2.4266644491524440E-016
           7          24   3.2410605296728873E-016
           7          25  -2.5392076156729945E-029
           7          26   3.2410605296737482E-016
           7          27  -5.0628529067080789E-029
           7          28  -4.3241122657432654E-029
           7          29   3.2410605296714063E-016
           8           1   1.8769201906586585E-014
           8           2   1.5197241956119826E-014
           8           3   4.0940065528603687E-027
           8           4   4.0015927438847642E-027
           8           5  -4.9907928874542633E-027
           8           6  -6.9030159351626582E-015
           8           7   7.8824458738980993E-027
           8           8   9.1507252074149906E-027
           8           9  -1.0736221720035013E-026
           8          10  -5.7495874474951119E-015
           8          11   5.2172408652538630E-027
           8          12   4.6886915312600714E-027
           8          13  -6.3337224884956329E-027
           8          14  -3.3695960501091145E-016
           8          15  -1.1408579697173828E-027
           8          16   1.3102788506183324E-030
           8          17   1.6551105781737734E-028
           8          18  -1.0835324555743582E-016
           8          19  -2.7508130875333122E-028
           8          20  -1.0835324555713093E-016
           8          21  -1.4988589385589056E-028
           8          22  -2.0341466388506608E-028
           8          23  -1.0835324555688677E-016
           8          24  -9.9415846385116002E-017
           8          25  -3.4427962160679608E-029
           8          26  -9.9415846384735968E-017
           8          27   1.0344403028598359E-028
           8          28   4.1951190811534366E-029
           8          29  -9.9415846384830434E-017
           9           1   1.0244371825109436E-014
           9           2   7.6199382480840147E-015
           9           3  -4.4260253843800733E-027
           9           4  -5.0571788120564153E-027
           9           5   6.6228331758548358E-027
           9           6   2.9960041100919005E-016
           9           7  -9.7007936985121682E-027
           9           8  -1.0736221720035013E-026
           9           9   1.4123255432131020E-026
           9          10   2.1682166599220552E-016
           9          11  -5.5409166173080379E-027
           9          12  -6.4716859495190639E-027
           9          13   8.2896908766505733E-027
           9          14   3.4186412858333484E-017
           9          15  -3.0425258763133161E-028
           9          16  -5.1997078850407757E-029
           9          17   7.0082966706748068E-029
           9          18   2.7030960780324436E-017
           9          19  -1.0225017455607531E-028
           9          20   2.7030960780411211E-017
           9          21  -5.9716478712312146E-029
           9          22  -5.9196017757688026E-029
           9          23   2.7030960780343369E-017
           9          24   5.4954668279394952E-017
           9          25  -4.5398979905660925E-029
           9          26   5.4954668279308178E-017
           9          27  -1.3802102710600025E-030
           9          28  -3.9969143078355280E-029
           9          29   5.4954668279456089E-017
          10           1 -0.10920986642851935     
          10           2 -0.16736344723697422     
          10           3  -5.7064770722298385E-015
          10           4  -1.9138178774947564E-015
          10           5  -1.3797809710060591E-015
          10           6  0.51579824323979140     
          10           7   8.7925069310401363E-015
          10           8  -5.7495874474951119E-015
          10           9   2.1682166599220552E-016
          10          10  0.42612363785086071     
          10          11  -3.8182044679561348E-014
          10          12   9.7134313866167565E-015
          10          13  -5.0124956845345059E-015
          10          14   2.7566761314367881E-002
          10          15   4.9015744626379539E-014
          10          16   3.5760392523647081E-015
          10          17  -2.0811255384976664E-015
          10          18   1.0708458806286004E-002
          10          19   2.4371161430129331E-015
          10          20   1.0708458806281284E-002
          10          21   1.3344262126696216E-016
          10          22   9.1749162022687122E-016
          10          23   1.0708458806282229E-002
          10          24   1.3354696604627795E-002
          10          25  -1.8491671068523274E-016
          10          26   1.3354696604621664E-002
          10          27  -3.3474911037444254E-015
          10          28  -2.1829315081569017E-015
          10          29   1.3354696604616341E-002
          11           1   1.9472849706403177E-014
          11           2   2.2243449431883125E-014
          11           3   2.5953160180163975E-027
          11           4   2.2052596421289885E-027
          11           5  -2.4533613748347172E-027
          11           6  -4.6185430596651486E-014
          11           7   3.3469966216794262E-027
          11           8   5.2172408652538630E-027
          11           9  -5.5409166173080379E-027
          11          10  -3.8182044679561348E-014
          11          11   5.8615055104043497E-027
          11          12   1.6048853675109695E-027
          11          13  -2.8507503539967162E-027
          11          14  -2.4504872366351412E-015
          11          15  -4.6672154334283083E-027
          11          16  -2.8358561860293445E-028
          11          17   2.6742622010581543E-028
          11          18  -9.3927227824882164E-016
          11          19  -3.5880664651430201E-028
          11          20  -9.3927227824826253E-016
          11          21  -9.4054509631909992E-029
          11          22  -1.9267398298837676E-028
          11          23  -9.3927227824820968E-016
          11          24  -1.1513795460318211E-015
          11          25  -3.1729053651767027E-030
          11          26  -1.1513795460311077E-015
          11          27   3.4247828322547130E-028
          11          28   2.0783530905743842E-028
          11          29  -1.1513795460307255E-015
          12           1  -9.9989995338970410E-015
          12           2  -9.4328020168787655E-015
          12           3   1.8259912349265637E-027
          12           4   2.2623430048423312E-027
          12           5  -3.0714859407662177E-027
          12           6   1.1731115190847909E-014
          12           7   4.5818504772418400E-027
          12           8   4.6886915312600714E-027
          12           9  -6.4716859495190639E-027
          12          10   9.7134313866167565E-015
          12          11   1.6048853675109695E-027
          12          12   3.2029601947489900E-027
          12          13  -3.9054216442798308E-027
          12          14   6.1355592001293614E-016
          12          15   1.3499290965296433E-027
          12          16   1.0378541373604775E-028
          12          17  -1.0185429604790392E-028
          12          18   2.2837440533006260E-016
          12          19   1.3934752285223079E-028
          12          20   2.2837440532987944E-016
          12          21   5.1897656023177713E-029
          12          22   7.5111495932133877E-029
          12          23   2.2837440532990991E-016
          12          24   2.6931630315766785E-016
          12          25   2.4278340076054624E-029
          12          26   2.6931630315754020E-016
          12          27  -8.4345835462275486E-029
          12          28  -3.0880929676183847E-029
          12          29   2.6931630315735639E-016
          13           1   4.8193069922804679E-015
          13           2   4.6128210682627789E-015
          13           3  -2.5912900637025599E-027
          13           4  -2.9384161954814874E-027
          13           5   3.9037892519890190E-027
          13           6  -6.0540051304478490E-015
          13           7  -5.8632338106519305E-027
          13           8  -6.3337224884956329E-027
          13           9   8.2896908766505733E-027
          13          10  -5.0124956845345059E-015
          13          11  -2.8507503539967162E-027
          13          12  -3.9054216442798308E-027
          13          13   4.9426311557765693E-027
          13          14  -3.1746376802297213E-016
          13          15  -6.8927984082131479E-028
          13          16  -8.9441586528341322E-029
          13          17   4.1397526379040736E-029
          13          18  -1.1854658369879933E-016
          13          19  -4.9592402040543400E-029
          13          20  -1.1854658369872586E-016
          13          21  -1.7539583499593929E-029
          13          22  -1.5771848470223051E-029
          13          23  -1.1854658369879587E-016
          13          24  -1.4055519610358085E-016
          13          25  -1.9302979202465456E-029
          13          26  -1.4055519610358627E-016
          13          27   1.9282919283932825E-029
          13          28  -3.9791746846265661E-030
          13          29  -1.4055519610342002E-016
          14           1  -5.6485366274005386E-003
          14           2  -9.7674140111737619E-003
          14           3  -3.3847819258163799E-016
          14           4  -1.2143817110202004E-016
          14           5  -7.8339453418246229E-017
          14           6   3.3372767103550860E-002
          14           7   5.8994745175846436E-016
          14           8  -3.3695960501091145E-016
          14           9   3.4186412858333484E-017
          14          10   2.7566761314367881E-002
          14          11  -2.4504872366351412E-015
          14          12   6.1355592001293614E-016
          14          13  -3.1746376802297213E-016
          14          14   1.7861830448403140E-003
          14          15   3.1305181292806517E-015
          14          16   2.3022077134384115E-016
          14          17  -1.2442935338006368E-016
          14          18   6.9571290105266978E-004
          14          19   1.4040541980281072E-016
          14          20   6.9571290105238139E-004
          14          21  -2.2730479801263804E-018
          14          22   4.6736508309755078E-017
          14          23   6.9571290105245414E-004
          14          24   8.7055883938779322E-004
          14          25  -1.6214703407677326E-017
          14          26   8.7055883938740887E-004
          14          27  -2.1476710290578950E-016
          14          28  -1.4309872907339363E-016
          14          29   8.7055883938706290E-004
          15           1  -3.2743341548639146E-014
          15           2  -3.4348867599384160E-014
          15           3  -1.0722517239660912E-027
          15           4  -2.0102899338169342E-028
          15           5  -3.3206717110154740E-028
          15           6   5.9262604402857206E-014
          15           7   7.4164308342284567E-028
          15           8  -1.1408579697173828E-027
          15           9  -3.0425258763133161E-028
          15          10   4.9015744626379539E-014
          15          11  -4.6672154334283083E-027
          15          12   1.3499290965296433E-027
          15          13  -6.8927984082131479E-028
          15          14   3.1305181292806517E-015
          15          15   6.2274807721309979E-027
          15          16   4.0080438301164181E-028
          15          17  -3.9491997999974208E-028
          15          18   1.1895603182398840E-015
          15          19   5.3996741089299687E-028
          15          20   1.1895603182390927E-015
          15          21   1.7027186462117739E-028
          15          22   2.9665974292219602E-028
          15          23   1.1895603182390407E-015
          15          24   1.4418638321656261E-015
          15          25   3.5756942694982707E-029
          15          26   1.4418638321647359E-015
          15          27  -4.3626803689388793E-028
          15          28  -2.3948723166598491E-028
          15          29   1.4418638321641644E-015
          16           1  -1.4767623714143652E-015
          16           2  -1.8236557780821854E-015
          16           3  -5.9291830077762639E-029
          16           4  -7.4314125339451368E-029
          16           5  -4.1085773764908694E-029
          16           6   4.3266936291557558E-015
          16           7   9.4014287138806304E-029
          16           8   1.3102788506183324E-030
          16           9  -5.1997078850407757E-029
          16          10   3.5760392523647081E-015
          16          11  -2.8358561860293445E-028
          16          12   1.0378541373604775E-028
          16          13  -8.9441586528341322E-029
          16          14   2.3022077134384115E-016
          16          15   4.0080438301164181E-028
          16          16   8.2915680798592198E-029
          16          17  -1.4966704552982796E-030
          16          18   8.8694249138870898E-017
          16          19   2.7617558751145706E-032
          16          20   8.8694249138837519E-017
          16          21   6.1550128606753423E-030
          16          22  -9.8962614351297451E-030
          16          23   8.8694249138835017E-017
          16          24   1.0945596564903455E-016
          16          25   7.2446048287547917E-030
          16          26   1.0945596564899590E-016
          16          27   2.1861850256921559E-029
          16          28   1.2484652661210029E-029
          16          29   1.0945596564891627E-016
          17           1   5.6291148878547673E-015
          17           2   4.6294959714019446E-015
          17           3   1.3317513207802179E-028
          17           4  -9.8887473625168273E-030
          17           5   4.3957679290657691E-029
          17           6  -2.5018779371274426E-015
          17           7   3.2665708876327695E-029
          17           8   1.6551105781737734E-028
          17           9   7.0082966706748068E-029
          17          10  -2.0811255384976664E-015
          17          11   2.6742622010581543E-028
          17          12  -1.0185429604790392E-028
          17          13   4.1397526379040736E-029
          17          14  -1.2442935338006368E-016
          17          15  -3.9491997999974208E-028
          17          16  -1.4966704552982796E-030
          17          17   5.4509986626592929E-029
          17          18  -4.1642496075448597E-017
          17          19  -8.4371956636389115E-029
          17          20  -4.1642496075359505E-017
          17          21  -3.9586976621774805E-029
          17          22  -5.8469068753172611E-029
          17          23  -4.1642496075325060E-017
          17          24  -4.1414705178705290E-017
          17          25  -1.1691372544006603E-029
          17          26  -4.1414705178624136E-017
          17          27   4.2130685281916520E-029
          17          28   1.5354868620229643E-029
          17          29  -4.1414705178617480E-017
          18           1  -1.2650297685128081E-003
          18           2  -3.0990916525352324E-003
          18           3  -1.1153005977190111E-016
          18           4  -4.5809842989942258E-017
          18           5  -2.3020699680686361E-017
          18           6   1.2966970648957722E-002
          18           7   2.4266644491498180E-016
          18           8  -1.0835324555743582E-016
          18           9   2.7030960780324436E-017
          18          10   1.0708458806286004E-002
          18          11  -9.3927227824882164E-016
          18          12   2.2837440533006260E-016
          18          13  -1.1854658369879933E-016
          18          14   6.9571290105266978E-004
          18          15   1.1895603182398840E-015
          18          16   8.8694249138870898E-017
          18          17  -4.1642496075448597E-017
          18          18   2.7219650630704549E-004
          18          19   4.3222086006967520E-017
          18          20   2.7219650630694466E-004
          18          21  -8.0362065912336353E-018
          18          22   9.8790908642742455E-018
          18          23   2.7219650630698038E-004
          18          24   3.4251444638644553E-004
          18          25  -9.0884984408630043E-018
          18          26   3.4251444638630442E-004
          18          27  -8.2254436404184523E-017
          18          28  -5.6821987768046718E-017
          18          29   3.4251444638616895E-004
          19           1  -9.2430431301658799E-015
          19           2  -7.4046318717204988E-015
          19           3  -2.1817604666675716E-028
          19           4   6.0940943096378522E-030
          19           5  -6.3431040562406390E-029
          19           6   2.9208933351184887E-015
          19           7  -8.9936112600849816E-029
          19           8  -2.7508130875333122E-028
          19           9  -1.0225017455607531E-028
          19          10   2.4371161430129331E-015
          19          11  -3.5880664651430201E-028
          19          12   1.3934752285223079E-028
          19          13  -4.9592402040543400E-029
          19          14   1.4040541980281072E-016
          19          15   5.3996741089299687E-028
          19          16   2.7617558751145706E-032
          19          17  -8.4371956636389115E-029
          19          18   4.3222086006967520E-017
          19          19   1.3308428643972852E-028
          19          20   4.3222086006830418E-017
          19          21   6.6737576198493185E-029
          19          22   9.3743844473986436E-029
          19          23   4.3222086006768776E-017
          19          24   3.6113325711318444E-017
          19          25   2.1122817423789453E-029
          19          26   3.6113325711198722E-017
          19          27  -5.6343116428146862E-029
          19          28  -1.6650199775095051E-029
          19          29   3.6113325711196756E-017
          20           1  -1.2650297685031110E-003
          20           2  -3.0990916525270298E-003
          20           3  -1.1153005977164715E-016
          20           4  -4.5809842989913514E-017
          20           5  -2.3020699680621280E-017
          20           6   1.2966970648952039E-002
          20           7   2.4266644491503249E-016
          20           8  -1.0835324555713093E-016
          20           9   2.7030960780411211E-017
          20          10   1.0708458806281284E-002
          20          11  -9.3927227824826253E-016
          20          12   2.2837440532987944E-016
          20          13  -1.1854658369872586E-016
          20          14   6.9571290105238139E-004
          20          15   1.1895603182390927E-015
          20          16   8.8694249138837519E-017
          20          17  -4.1642496075359505E-017
          20          18   2.7219650630694466E-004
          20          19   4.3222086006830418E-017
          20          20   2.7219650630684378E-004
          20          21  -8.0362065913003125E-018
          20          22   9.8790908641828932E-018
          20          23   2.7219650630687961E-004
          20          24   3.4251444638633733E-004
          20          25  -9.0884984408846687E-018
          20          26   3.4251444638619616E-004
          20          27  -8.2254436404124286E-017
          20          28  -5.6821987768026405E-017
          20          29   3.4251444638606064E-004
          21           1  -5.4808380010605798E-015
          21           2  -4.1270278481616314E-015
          21           3  -1.2589133689049283E-028
          21           4  -1.7263041306579173E-029
          21           5  -3.4178964084620478E-029
          21           6   1.4313844917421691E-016
          21           7  -9.1113853045381801E-029
          21           8  -1.4988589385589056E-028
          21           9  -5.9716478712312146E-029
          21          10   1.3344262126696216E-016
          21          11  -9.4054509631909992E-029
          21          12   5.1897656023177713E-029
          21          13  -1.7539583499593929E-029
          21          14  -2.2730479801263804E-018
          21          15   1.7027186462117739E-028
          21          16   6.1550128606753423E-030
          21          17  -3.9586976621774805E-029
          21          18  -8.0362065912336353E-018
          21          19   6.6737576198493185E-029
          21          20  -8.0362065913003125E-018
          21          21   4.2013481979947295E-029
          21          22   4.8508776570956738E-029
          21          23  -8.0362065913446382E-018
          21          24  -2.1264601231077448E-017
          21          25   1.6380331575194545E-029
          21          26  -2.1264601231127048E-017
          21          27  -7.1812810631454934E-030
          21          28   6.9665051270957745E-030
          21          29  -2.1264601231122700E-017
          22           1  -6.5366621380336691E-015
          22           2  -5.0745044878227856E-015
          22           3  -1.5254401925572799E-028
          22           4   6.2176026949598164E-030
          22           5  -3.5899673575424792E-029
          22           6   1.0892995218431300E-015
          22           7  -9.4698587766597702E-029
          22           8  -2.0341466388506608E-028
          22           9  -5.9196017757688026E-029
          22          10   9.1749162022687122E-016
          22          11  -1.9267398298837676E-028
          22          12   7.5111495932133877E-029
          22          13  -1.5771848470223051E-029
          22          14   4.6736508309755078E-017
          22          15   2.9665974292219602E-028
          22          16  -9.8962614351297451E-030
          22          17  -5.8469068753172611E-029
          22          18   9.8790908642742455E-018
          22          19   9.3743844473986436E-029
          22          20   9.8790908641828932E-018
          22          21   4.8508776570956738E-029
          22          22   6.7839428268306554E-029
          22          23   9.8790908641360500E-018
          22          24  -6.8686536361237099E-019
          22          25   1.5450396245172082E-029
          22          26  -6.8686536368852072E-019
          22          27  -3.6945178853828151E-029
          22          28  -9.2700193730531212E-030
          22          29  -6.8686536367722707E-019
          23           1  -1.2650297684975976E-003
          23           2  -3.0990916525230946E-003
          23           3  -1.1153005977148336E-016
          23           4  -4.5809842989844538E-017
          23           5  -2.3020699680649877E-017
          23           6   1.2966970648953201E-002
          23           7   2.4266644491524440E-016
          23           8  -1.0835324555688677E-016
          23           9   2.7030960780343369E-017
          23          10   1.0708458806282229E-002
          23          11  -9.3927227824820968E-016
          23          12   2.2837440532990991E-016
          23          13  -1.1854658369879587E-016
          23          14   6.9571290105245414E-004
          23          15   1.1895603182390407E-015
          23          16   8.8694249138835017E-017
          23          17  -4.1642496075325060E-017
          23          18   2.7219650630698038E-004
          23          19   4.3222086006768776E-017
          23          20   2.7219650630687961E-004
          23          21  -8.0362065913446382E-018
          23          22   9.8790908641360500E-018
          23          23   2.7219650630691539E-004
          23          24   3.4251444638639381E-004
          23          25  -9.0884984409030652E-018
          23          26   3.4251444638625265E-004
          23          27  -8.2254436404130474E-017
          23          28  -5.6821987768042268E-017
          23          29   3.4251444638611723E-004
          24           1  -1.1735000418452773E-004
          24           2  -2.7724895447494412E-003
          24           3  -1.0760975635844760E-016
          24           4  -5.4853804152418260E-017
          24           5  -1.7234806454692354E-017
          24           6   1.6176254576994134E-002
          24           7   3.2410605296728873E-016
          24           8  -9.9415846385116002E-017
          24           9   5.4954668279394952E-017
          24          10   1.3354696604627795E-002
          24          11  -1.1513795460318211E-015
          24          12   2.6931630315766785E-016
          24          13  -1.4055519610358085E-016
          24          14   8.7055883938779322E-004
          24          15   1.4418638321656261E-015
          24          16   1.0945596564903455E-016
          24          17  -4.1414705178705290E-017
          24          18   3.4251444638644553E-004
          24          19   3.6113325711318444E-017
          24          20   3.4251444638633733E-004
          24          21  -2.1264601231077448E-017
          24          22  -6.8686536361237099E-019
          24          23   3.4251444638639381E-004
          24          24   4.3397793589512333E-004
          24          25  -1.5718521973689883E-017
          24          26   4.3397793589496005E-004
          24          27  -1.0073721347251445E-016
          24          28  -7.2803237874647020E-017
          24          29   4.3397793589478945E-004
          25           1  -2.0765983957850154E-015
          25           2  -1.5163242215551515E-015
          25           3  -4.0483973685375583E-029
          25           4  -7.2433710174348761E-030
          25           5  -2.3339111913060399E-029
          25           6  -2.3100444554951917E-016
          25           7  -2.5392076156729945E-029
          25           8  -3.4427962160679608E-029
          25           9  -4.5398979905660925E-029
          25          10  -1.8491671068523274E-016
          25          11  -3.1729053651767027E-030
          25          12   2.4278340076054624E-029
          25          13  -1.9302979202465456E-029
          25          14  -1.6214703407677326E-017
          25          15   3.5756942694982707E-029
          25          16   7.2446048287547917E-030
          25          17  -1.1691372544006603E-029
          25          18  -9.0884984408630043E-018
          25          19   2.1122817423789453E-029
          25          20  -9.0884984408846687E-018
          25          21   1.6380331575194545E-029
          25          22   1.5450396245172082E-029
          25          23  -9.0884984409030652E-018
          25          24  -1.5718521973689883E-017
          25          25   7.4265998337637154E-030
          25          26  -1.5718521973703328E-017
          25          27   5.6232277271708202E-030
          25          28   7.8445347832919930E-030
          25          29  -1.5718521973703460E-017
          26           1  -1.1735000417676072E-004
          26           2  -2.7724895447423987E-003
          26           3  -1.0760975635817880E-016
          26           4  -5.4853804152342037E-017
          26           5  -1.7234806454706554E-017
          26           6   1.6176254576986734E-002
          26           7   3.2410605296737482E-016
          26           8  -9.9415846384735968E-017
          26           9   5.4954668279308178E-017
          26          10   1.3354696604621664E-002
          26          11  -1.1513795460311077E-015
          26          12   2.6931630315754020E-016
          26          13  -1.4055519610358627E-016
          26          14   8.7055883938740887E-004
          26          15   1.4418638321647359E-015
          26          16   1.0945596564899590E-016
          26          17  -4.1414705178624136E-017
          26          18   3.4251444638630442E-004
          26          19   3.6113325711198722E-017
          26          20   3.4251444638619616E-004
          26          21  -2.1264601231127048E-017
          26          22  -6.8686536368852072E-019
          26          23   3.4251444638625265E-004
          26          24   4.3397793589496005E-004
          26          25  -1.5718521973703328E-017
          26          26   4.3397793589479688E-004
          26          27  -1.0073721347244171E-016
          26          28  -7.2803237874613703E-017
          26          29   4.3397793589462622E-004
          27           1   1.7509617652198962E-015
          27           2   1.9828363717579627E-015
          27           3   5.4256270048108478E-029
          27           4  -5.0537888028915967E-029
          27           5   8.3228800877248240E-030
          27           6  -4.0489307237723068E-015
          27           7  -5.0628529067080789E-029
          27           8   1.0344403028598359E-028
          27           9  -1.3802102710600025E-030
          27          10  -3.3474911037444254E-015
          27          11   3.4247828322547130E-028
          27          12  -8.4345835462275486E-029
          27          13   1.9282919283932825E-029
          27          14  -2.1476710290578950E-016
          27          15  -4.3626803689388793E-028
          27          16   2.1861850256921559E-029
          27          17   4.2130685281916520E-029
          27          18  -8.2254436404184523E-017
          27          19  -5.6343116428146862E-029
          27          20  -8.2254436404124286E-017
          27          21  -7.1812810631454934E-030
          27          22  -3.6945178853828151E-029
          27          23  -8.2254436404130474E-017
          27          24  -1.0073721347251445E-016
          27          25   5.6232277271708202E-030
          27          26  -1.0073721347244171E-016
          27          27   7.6417584195301699E-029
          27          28   4.4992330398474507E-029
          27          29  -1.0073721347243502E-016
          28           1  -3.8031583508811872E-016
