           1           1  0.66582443767681565     
           1           2  0.57536062106791430     
           1           3  -1.5024561692335017E-012
           1           4  -1.5501484848284948E-012
           1           5  -3.6525821928990448E-012
           1           6 -0.14788687659226638     
           1           7  -1.2033639184243888E-012
           1           8  -8.8418933046115617E-013
           1           9  -1.7827977857215360E-012
           1          10  -9.2937282484815281E-002
           1          11   1.7974422542798250E-012
           1          12  -9.7391517634324882E-013
           1          13   4.7554937847579493E-013
           1          14  -8.1574152469249088E-003
           1          15   1.1277363059161172E-012
           1          16   4.4810216557054236E-013
           1          17   1.5971759948343639E-012
           1          18  -2.0678656114525712E-003
           1          19  -1.2072818770808764E-005
           1          20  -2.0810404106131686E-003
           1          21  -1.4340160483800133E-005
           1          22   7.9140790417893685E-006
           1          23  -2.0786695675201589E-003
           1          24  -9.9049527993203632E-003
           1          25  -1.1382216912325096E-004
           1          26  -1.0029164406429859E-002
           1          27  -1.3519860187876515E-004
           1          28   7.4613688927273152E-005
           1          29  -1.0006812175099661E-002
           2           1  0.57536062106791430     
           2           2  0.51605423505572734     
           2           3  -2.1357256685240561E-012
           2           4  -2.0809552161687909E-012
           2           5  -5.0207168674930842E-012
           2           6 -0.24520174060329025     
           2           7  -2.4569162905304734E-012
           2           8  -1.8938992559720193E-012
           2           9  -4.1793393910663519E-012
           2          10 -0.15294676293648318     
           2          11   2.7039850006084225E-012
           2          12  -1.3071865401736200E-012
           2          13   6.6894659401671783E-013
           2          14  -1.3392906920327123E-002
           2          15   1.8675445257189691E-012
           2          16   6.1858913958402067E-013
           2          17   2.4598096108995190E-012
           2          18  -2.8650856357026501E-003
           2          19  -1.3664120872938215E-004
           2          20  -3.0141991509776691E-003
           2          21  -1.6230318159907641E-004
           2          22   8.9572226187907274E-005
           2          23  -2.9873657481929118E-003
           2          24  -1.6059305385652138E-002
           2          25  -2.9179344535616670E-004
           2          26  -1.6377733093971357E-002
           2          27  -3.4659386734741705E-004
           2          28   1.9127895461279985E-004
           2          29  -1.6320431123053557E-002
           3           1  -1.5024561692335017E-012
           3           2  -2.1357256685240561E-012
           3           3   3.5380180844676319E-002
           3           4   2.6591190284791170E-002
           3           5   3.1585162690030567E-002
           3           6   8.7548385181509650E-012
           3           7   5.9126692156067376E-002
           3           8   4.4438696593546788E-002
           3           9   5.2784529263274052E-002
           3          10   7.4342840718136252E-012
           3          11   5.0605772322466443E-002
           3          12   3.8034506634520640E-002
           3          13   4.5177597072913959E-002
           3          14  -2.8592952920735938E-011
           3          15   3.3883732540442827E-003
           3          16   2.5466483246660036E-003
           3          17   3.0249229837892434E-003
           3          18  -3.5665068204440609E-013
           3          19   7.2655194486855400E-014
           3          20   8.1484910185323131E-013
           3          21   4.5067435542346050E-013
           3          22  -4.7695773351809140E-013
           3          23  -2.9323389065020435E-013
           3          24  -2.1185455751150895E-012
           3          25   2.9078282043757547E-012
           3          26  -1.6294767424996103E-012
           3          27   1.5443460357118315E-012
           3          28  -5.2295409241908268E-012
           3          29   1.2566096710576090E-012
           4           1  -1.5501484848284948E-012
           4           2  -2.0809552161687909E-012
           4           3   2.6591190284791170E-002
           4           4   6.8887714191976729E-002
           4           5  -1.7431286559204059E-002
           4           6   7.8441824378432509E-012
           4           7   4.4438696594066851E-002
           4           8  0.11512385106185159     
           4           9  -2.9130837930735877E-002
           4          10   7.6949371990351075E-013
           4          11   3.8034506561242055E-002
           4          12   9.8533017558681185E-002
           4          13  -2.4932707958030268E-002
           4          14  -1.0224178739702958E-011
           4          15   2.5466483017431659E-003
           4          16   6.5974023284908244E-003
           4          17  -1.6694008299977022E-003
           4          18   1.5292379590371532E-013
           4          19   4.1405265034759378E-013
           4          20   4.0411162171216089E-013
           4          21  -1.6340777038714657E-013
           4          22  -3.0451106511812942E-013
           4          23  -1.2639275121677771E-013
           4          24   1.6499615512127525E-012
           4          25   1.7731888077777406E-012
           4          26   1.4709278662550836E-013
           4          27   2.8760704111608935E-013
           4          28  -3.7265597536305612E-012
           4          29   2.5974008546751189E-012
           5           1  -3.6525821928990448E-012
           5           2  -5.0207168674930842E-012
           5           3   3.1585162690030567E-002
           5           4  -1.7431286559204059E-002
           5           5   6.2857938163371818E-002
           5           6   1.3853812130936443E-011
           5           7   5.2784529262265956E-002
           5           8  -2.9130837930236853E-002
           5           9  0.10504700288726404     
           5          10   1.8146244326380867E-011
           5          11   4.5177597016859694E-002
           5          12  -2.4932707955562589E-002
           5          13   8.9908373375204964E-002
           5          14  -3.4072446125469445E-011
           5          15   3.0249229467344172E-003
           5          16  -1.6694008503469803E-003
           5          17   6.0199284579255437E-003
           5          18  -4.8660572890057335E-013
           5          19  -4.6332908531455094E-013
           5          20   8.4286149547903201E-013
           5          21   5.5712670281957485E-013
           5          22  -3.2335569587789909E-013
           5          23  -3.5657985493551383E-013
           5          24  -4.0051344056285529E-012
           5          25   2.3672311613921031E-012
           5          26  -2.6221691850759794E-012
           5          27   1.4298148923230498E-012
           5          28  -4.4627958828314673E-012
           5          29  -1.6929671128388263E-013
           6           1 -0.14788687659226638     
           6           2 -0.24520174060329025     
           6           3   8.7548385181509650E-012
           6           4   7.8441824378432509E-012
           6           5   1.3853812130936443E-011
           6           6  0.76522125379080430     
           6           7   1.4415772873007048E-011
           6           8   1.1985663090394190E-011
           6           9   1.8978880731026067E-011
           6          10  0.46864786788770602     
           6          11  -4.1900848761741007E-012
           6          12   6.9541209963061677E-012
           6          13  -1.1555731596459222E-012
           6          14   4.0455042704330958E-002
           6          15  -5.8919297919625560E-012
           6          16  -1.3298564026445541E-012
           6          17  -7.3576130669744711E-012
           6          18   6.9808981359520744E-003
           6          19   1.1813514630136909E-003
           6          20   8.2700807383675815E-003
           6          21   1.4032157890950083E-003
           6          22  -7.7440971447994460E-004
           6          23   8.0380886536002231E-003
           6          24   4.8706263189966695E-002
           6          25   2.2128640210228260E-003
           6          26   5.1121112542252080E-002
           6          27   2.6284521114282432E-003
           6          28  -1.4505957103798225E-003
           6          29   5.0686553532683330E-002
           7           1  -1.2033639184243888E-012
           7           2  -2.4569162905304734E-012
           7           3   5.9126692156067376E-002
           7           4   4.4438696594066851E-002
           7           5   5.2784529262265956E-002
           7           6   1.4415772873007048E-011
           7           7   9.8811414804975461E-002
           7           8   7.4265113137334943E-002
           7           9   8.8212511578154754E-002
           7          10   1.2435811869538452E-011
           7          11   8.4571413994927028E-002
           7          12   6.3562551444084764E-002
           7          13   7.5499949710462602E-002
           7          14  -4.7774219584438632E-011
           7          15   5.6625855922348787E-003
           7          16   4.2559107365851400E-003
           7          17   5.0551943430173175E-003
           7          18  -6.0014582967539995E-013
           7          19   1.1348678406701362E-013
           7          20   1.3489852195388819E-012
           7          21   7.4373538871519929E-013
           7          22  -7.9188233926337760E-013
           7          23  -5.0126430457556954E-013
           7          24  -3.5578685795546657E-012
           7          25   4.8330161022706436E-012
           7          26  -2.7694557024797236E-012
           7          27   2.5494150929235622E-012
           7          28  -8.7221443056788198E-012
           7          29   2.0589199696171947E-012
           8           1  -8.8418933046115617E-013
           8           2  -1.8938992559720193E-012
           8           3   4.4438696593546788E-002
           8           4  0.11512385106185159     
           8           5  -2.9130837930236853E-002
           8           6   1.1985663090394190E-011
           8           7   7.4265113137334943E-002
           8           8  0.19239281254675461     
           8           9  -4.8682907922489672E-002
           8          10   7.9189499939785960E-013
           8          11   6.3562551320879096E-002
           8          12  0.16466652393906234     
           8          13  -4.1667072147569061E-002
           8          14  -1.7111798892635609E-011
           8          15   4.2559106982271184E-003
           8          16   1.1025454567176664E-002
           8          17  -2.7898712383675321E-003
           8          18   2.4965023594304781E-013
           8          19   6.7639154366526093E-013
           8          20   6.5244437127129931E-013
           8          21  -2.9157271760743966E-013
           8          22  -4.9868956075153842E-013
           8          23  -2.3106782890440735E-013
           8          24   2.6924313818559892E-012
           8          25   2.9229884874494077E-012
           8          26   1.3685278166804497E-013
           8          27   4.3273777235569388E-013
           8          28  -6.2013182040459628E-012
           8          29   4.2396816902423733E-012
           9           1  -1.7827977857215360E-012
           9           2  -4.1793393910663519E-012
           9           3   5.2784529263274052E-002
           9           4  -2.9130837930735877E-002
           9           5  0.10504700288726404     
           9           6   1.8978880731026067E-011
           9           7   8.8212511578154754E-002
           9           8  -4.8682907922489672E-002
           9           9  0.17555257359725224     
           9          10   2.8525392931367652E-011
           9          11   7.5499949618227702E-002
           9          12  -4.1667072144158900E-002
           9          13  0.15025318095842144     
           9          14  -5.7031185999830928E-011
           9          15   5.0551942811885358E-003
           9          16  -2.7898712724226549E-003
           9          17   1.0060391106963187E-002
           9          18  -8.3425652580776119E-013
           9          19  -8.3369911261415553E-013
           9          20   1.3227106086140011E-012
           9          21   8.6051319334501558E-013
           9          22  -5.0145261928263550E-013
           9          23  -6.7010982829560071E-013
           9          24  -6.9355432538950748E-012
           9          25   3.8006800656862177E-012
           9          26  -4.7939337435574421E-012
           9          27   2.2049041525752402E-012
           9          28  -7.3562765016470105E-012
           9          29  -6.6422377195721342E-013
          10           1  -9.2937282484815281E-002
          10           2 -0.15294676293648318     
          10           3   7.4342840718136252E-012
          10           4   7.6949371990351075E-013
          10           5   1.8146244326380867E-011
          10           6  0.46864786788770602     
          10           7   1.2435811869538452E-011
          10           8   7.9189499939785960E-013
          10           9   2.8525392931367652E-011
          10          10  0.30218476124070215     
          10          11   3.9403557399768344E-012
          10          12  -6.7849932752267711E-013
          10          13   1.7476260103766302E-011
          10          14   2.7520187981744489E-002
          10          15  -2.2859681338967471E-012
          10          16  -1.0150741192357089E-012
          10          17  -2.3779687019305304E-012
          10          18   4.8568003541889530E-003
          10          19  -4.2834138569519502E-004
          10          20   4.3893609187269488E-003
          10          21  -5.0878626566574830E-004
          10          22   2.8079003825231641E-004
          10          23   4.4734779734442870E-003
          10          24   3.0614094020795686E-002
          10          25  -1.5578172987402630E-003
          10          26   2.8914082626122460E-002
          10          27  -1.8503839905377288E-003
          10          28   1.0211938443357386E-003
          10          29   2.9220004518544031E-002
          11           1   1.7974422542798250E-012
          11           2   2.7039850006084225E-012
          11           3   5.0605772322466443E-002
          11           4   3.8034506561242055E-002
          11           5   4.5177597016859694E-002
          11           6  -4.1900848761741007E-012
          11           7   8.4571413994927028E-002
          11           8   6.3562551320879096E-002
          11           9   7.5499949618227702E-002
          11          10   3.9403557399768344E-012
          11          11   7.2383581180554005E-002
          11          12   5.4402366973834812E-002
          11          13   6.4619432066258947E-002
          11          14  -4.1141730232903413E-011
          11          15   4.8465338882941605E-003
          11          16   3.6425790412655795E-003
          11          17   4.3266755631371735E-003
          11          18  -5.2991975242575570E-013
          11          19  -1.8984306606008971E-013
          11          20   8.2514696994898521E-013
          11          21   2.9568309834594168E-013
          11          22  -4.8964157962832768E-013
          11          23  -7.0210198516893187E-013
          11          24  -3.9145001924236468E-012
          11          25   3.4309158828973443E-012
          11          26  -4.0097136015330891E-012
          11          27   1.3438956533323109E-012
          11          28  -7.0026295574150790E-012
          11          29   2.6139552529621989E-013
          12           1  -9.7391517634324882E-013
          12           2  -1.3071865401736200E-012
          12           3   3.8034506634520640E-002
          12           4   9.8533017558681185E-002
          12           5  -2.4932707955562589E-002
          12           6   6.9541209963061677E-012
          12           7   6.3562551444084764E-002
          12           8  0.16466652393906234     
          12           9  -4.1667072144158900E-002
          12          10  -6.7849932752267711E-013
          12          11   5.4402366973834812E-002
          12          12  0.14093595154228739     
          12          13  -3.5662308914924126E-002
          12          14  -1.4699305829886241E-011
          12          15   3.6425790154959916E-003
          12          16   9.4365441951415850E-003
          12          17  -2.3878147613337758E-003
          12          18   2.1051977386537009E-013
          12          19   5.2275640015306802E-013
          12          20   4.9398167429272376E-013
          12          21  -3.1625856628242940E-013
          12          22  -3.9000852509708429E-013
          12          23  -2.5117670846447056E-013
          12          24   2.1301472690548754E-012
          12          25   2.3639878085718120E-012
          12          26  -2.0747420572931788E-013
          12          27   2.0674223108941822E-013
          12          28  -5.2173223623263421E-012
          12          29   3.3311372484412015E-012
          13           1   4.7554937847579493E-013
          13           2   6.6894659401671783E-013
          13           3   4.5177597072913959E-002
          13           4  -2.4932707958030268E-002
          13           5   8.9908373375204964E-002
          13           6  -1.1555731596459222E-012
          13           7   7.5499949710462602E-002
          13           8  -4.1667072147569061E-002
          13           9  0.15025318095842144     
          13          10   1.7476260103766302E-011
          13          11   6.4619432066258947E-002
          13          12  -3.5662308914924126E-002
          13          13  0.12859975747161304     
          13          14  -4.9056292182757157E-011
          13          15   4.3266755155044224E-003
          13          16  -2.3878147906765414E-003
          13          17   8.6105588458926068E-003
          13          18  -7.2516995627973822E-013
          13          19  -1.0249400486998507E-012
          13          20   7.8113983819133957E-013
          13          21   3.6663404950280184E-013
          13          22  -2.2506324093614106E-013
          13          23  -8.6333957125462685E-013
          13          24  -6.8437318816114129E-012
          13          25   2.4875098900259908E-012
          13          26  -5.8460670100800115E-012
          13          27   9.7795144526318063E-013
          13          28  -5.7943722077946882E-012
          13          29  -2.1611849637104273E-012
          14           1  -8.1574152469249088E-003
          14           2  -1.3392906920327123E-002
          14           3  -2.8592952920735938E-011
          14           4  -1.0224178739702958E-011
          14           5  -3.4072446125469445E-011
          14           6   4.0455042704330958E-002
          14           7  -4.7774219584438632E-011
          14           8  -1.7111798892635609E-011
          14           9  -5.7031185999830928E-011
          14          10   2.7520187981744489E-002
          14          11  -4.1141730232903413E-011
          14          12  -1.4699305829886241E-011
          14          13  -4.9056292182757157E-011
          14          14   2.6376101475219511E-003
          14          15  -2.8909479923360403E-012
          14          16  -1.0556284865596834E-012
          14          17  -3.5048503701034823E-012
          14          18   4.7726462479857331E-004
          14          19  -1.4748355677495010E-004
          14          20   3.1631909653025251E-004
          14          21  -1.7518178346232613E-004
          14          22   9.6679693777491538E-005
          14          23   3.4528170240264626E-004
          14          24   2.7219075246209838E-003
          14          25  -4.1098737555911557E-004
          14          26   2.2734061344681688E-003
          14          27  -4.8817307476614499E-004
          14          28   2.6941399153578710E-004
          14          29   2.3541152365001063E-003
          15           1   1.1277363059161172E-012
          15           2   1.8675445257189691E-012
          15           3   3.3883732540442827E-003
          15           4   2.5466483017431659E-003
          15           5   3.0249229467344172E-003
          15           6  -5.8919297919625560E-012
          15           7   5.6625855922348787E-003
          15           8   4.2559106982271184E-003
          15           9   5.0551942811885358E-003
          15          10  -2.2859681338967471E-012
          15          11   4.8465338882941605E-003
          15          12   3.6425790154959916E-003
          15          13   4.3266755155044224E-003
          15          14  -2.8909479923360403E-012
          15          15   3.2450578359466490E-004
          15          16   2.4389346853935653E-004
          15          17   2.8969801534872415E-004
          15          18  -5.2780143747510416E-014
          15          19  -8.8689720755032352E-014
          15          20  -4.4963634958646170E-014
          15          21  -7.0449893612885430E-014
          15          22   1.7021538735652130E-014
          15          23  -1.3230195842839326E-013
          15          24  -5.7349022921167687E-013
          15          25   4.3188500925919526E-014
          15          26  -7.8342445757288208E-013
          15          27  -1.3158245767445960E-013
          15          28  -3.4659229838384908E-013
          15          29  -4.6081592551797493E-013
          16           1   4.4810216557054236E-013
          16           2   6.1858913958402067E-013
          16           3   2.5466483246660036E-003
          16           4   6.5974023284908244E-003
          16           5  -1.6694008503469803E-003
          16           6  -1.3298564026445541E-012
          16           7   4.2559107365851400E-003
          16           8   1.1025454567176664E-002
          16           9  -2.7898712724226549E-003
          16          10  -1.0150741192357089E-012
          16          11   3.6425790412655795E-003
          16          12   9.4365441951415850E-003
          16          13  -2.3878147906765414E-003
          16          14  -1.0556284865596834E-012
          16          15   2.4389346853935653E-004
          16          16   6.3183570531428004E-004
          16          17  -1.5987914349882454E-004
          16          18   2.4698191556155368E-015
          16          19   2.2393740059411338E-014
          16          20   7.6904582596152373E-015
          16          21  -3.6151429491683173E-014
          16          22  -1.7848559340013217E-014
          16          23  -3.9726605506394337E-014
          16          24   3.4888024237940107E-014
          16          25   1.2810446652654993E-013
          16          26  -1.5456438393926268E-013
          16          27  -2.2004471818775341E-014
          16          28  -3.2954898793610999E-013
          16          29   8.8294375523138331E-014
          17           1   1.5971759948343639E-012
          17           2   2.4598096108995190E-012
          17           3   3.0249229837892434E-003
          17           4  -1.6694008299977022E-003
          17           5   6.0199284579255437E-003
          17           6  -7.3576130669744711E-012
          17           7   5.0551943430173175E-003
          17           8  -2.7898712383675321E-003
          17           9   1.0060391106963187E-002
          17          10  -2.3779687019305304E-012
          17          11   4.3266755631371735E-003
          17          12  -2.3878147613337758E-003
          17          13   8.6105588458926068E-003
          17          14  -3.5048503701034823E-012
          17          15   2.8969801534872415E-004
          17          16  -1.5987914349882454E-004
          17          17   5.7653082009074077E-004
          17          18  -8.0500193740024907E-014
          17          19  -1.4892221570298104E-013
          17          20  -6.7268631919130240E-014
          17          21  -7.0827662414255288E-014
          17          22   3.7566975162385332E-014
          17          23  -1.6160840019154009E-013
          17          24  -8.7491117297181082E-013
          17          25  -2.9389141731233087E-014
          17          26  -1.0219400570291955E-012
          17          27  -1.6726280395619715E-013
          17          28  -2.5952292221293484E-013
          17          29  -7.3673503282061283E-013
          18           1  -2.0678656114525712E-003
          18           2  -2.8650856357026501E-003
          18           3  -3.5665068204440609E-013
          18           4   1.5292379590371532E-013
          18           5  -4.8660572890057335E-013
          18           6   6.9808981359520744E-003
          18           7  -6.0014582967539995E-013
          18           8   2.4965023594304781E-013
          18           9  -8.3425652580776119E-013
          18          10   4.8568003541889530E-003
          18          11  -5.2991975242575570E-013
          18          12   2.1051977386537009E-013
          18          13  -7.2516995627973822E-013
          18          14   4.7726462479857331E-004
          18          15  -5.2780143747510416E-014
          18          16   2.4698191556155368E-015
          18          17  -8.0500193740024907E-014
          18          18   9.0565182165676421E-005
          18          19  -3.5417839127699905E-005
          18          20   5.1914481343079454E-005
          18          21  -4.2069504958167531E-005
          18          22   2.3217407551209985E-005
          18          23   5.8869784974750323E-005
          18          24   4.8123248830854513E-004
          18          25  -9.2571611096336299E-005
          18          26   3.8021114616580427E-004
          18          27  -1.0995707098696394E-004
          18          28   6.0683341439016168E-005
          18          29   3.9839022427588507E-004
          19           1  -1.2072818770808764E-005
          19           2  -1.3664120872938215E-004
          19           3   7.2655194486855400E-014
          19           4   4.1405265034759378E-013
          19           5  -4.6332908531455094E-013
          19           6   1.1813514630136909E-003
          19           7   1.1348678406701362E-013
          19           8   6.7639154366526093E-013
          19           9  -8.3369911261415553E-013
          19          10  -4.2834138569519502E-004
          19          11  -1.8984306606008971E-013
          19          12   5.2275640015306802E-013
          19          13  -1.0249400486998507E-012
          19          14  -1.4748355677495010E-004
          19          15  -8.8689720755032352E-014
          19          16   2.2393740059411338E-014
          19          17  -1.4892221570298104E-013
          19          18  -3.5417839127699905E-005
          19          19   9.0304334744277173E-005
          19          20   6.3129274761776561E-005
          19          21   1.0726398755503978E-004
          19          22  -5.9197076977604449E-005
          19          23   4.5395440994552658E-005
          19          24   1.2325990020177100E-005
          19          25   2.2523467129191799E-004
          19          26   2.5811958219092959E-004
          19          27   2.6753498674631610E-004
          19          28  -1.4764777539114411E-004
          19          29   2.1388832566273912E-004
          20           1  -2.0810404106131686E-003
          20           2  -3.0141991509776691E-003
          20           3   8.1484910185323131E-013
          20           4   4.0411162171216089E-013
          20           5   8.4286149547903201E-013
          20           6   8.2700807383675815E-003
          20           7   1.3489852195388819E-012
          20           8   6.5244437127129931E-013
          20           9   1.3227106086140011E-012
          20          10   4.3893609187269488E-003
          20          11   8.2514696994898521E-013
          20          12   4.9398167429272376E-013
          20          13   7.8113983819133957E-013
          20          14   3.1631909653025251E-004
          20          15  -4.4963634958646170E-014
          20          16   7.6904582596152373E-015
          20          17  -6.7268631919130240E-014
          20          18   5.1914481343079454E-005
          20          19   6.3129274761776561E-005
          20          20   1.2080605613157539E-004
          20          21   7.4985301189947943E-005
          20          22  -4.1383047159584377E-005
          20          23   1.0840882102959027E-004
          20          24   4.9468356740247808E-004
          20          25   1.5322198083266266E-004
          20          26   6.6189131071203787E-004
          20          27   1.8199791525859175E-004
          20          28  -1.0044139502165137E-004
          20          29   6.3180180141842162E-004
          21           1  -1.4340160483800133E-005
          21           2  -1.6230318159907641E-004
          21           3   4.5067435542346050E-013
          21           4  -1.6340777038714657E-013
          21           5   5.5712670281957485E-013
          21           6   1.4032157890950083E-003
          21           7   7.4373538871519929E-013
          21           8  -2.9157271760743966E-013
          21           9   8.6051319334501558E-013
          21          10  -5.0878626566574830E-004
          21          11   2.9568309834594168E-013
          21          12  -3.1625856628242940E-013
          21          13   3.6663404950280184E-013
          21          14  -1.7518178346232613E-004
          21          15  -7.0449893612885430E-014
          21          16  -3.6151429491683173E-014
          21          17  -7.0827662414255288E-014
          21          18  -4.2069504958167531E-005
          21          19   1.0726398755503978E-004
          21          20   7.4985301189947943E-005
          21          21   1.2740875683087702E-004
          21          22  -7.0314614976142050E-005
          21          23   5.3920955498267874E-005
          21          24   1.4640878814081194E-005
          21          25   2.6753498652233750E-004
          21          26   3.0659586510237017E-004
          21          27   3.1777953484196870E-004
          21          28  -1.7537684306217311E-004
          21          29   2.5405773431078055E-004
          22           1   7.9140790417893685E-006
          22           2   8.9572226187907274E-005
          22           3  -4.7695773351809140E-013
          22           4  -3.0451106511812942E-013
          22           5  -3.2335569587789909E-013
          22           6  -7.7440971447994460E-004
          22           7  -7.9188233926337760E-013
          22           8  -4.9868956075153842E-013
          22           9  -5.0145261928263550E-013
          22          10   2.8079003825231641E-004
          22          11  -4.8964157962832768E-013
          22          12  -3.9000852509708429E-013
          22          13  -2.2506324093614106E-013
          22          14   9.6679693777491538E-005
          22          15   1.7021538735652130E-014
          22          16  -1.7848559340013217E-014
          22          17   3.7566975162385332E-014
          22          18   2.3217407551209985E-005
          22          19  -5.9197076977604449E-005
          22          20  -4.1383047159584377E-005
          22          21  -7.0314614976142050E-005
          22          22   3.8805378862663103E-005
          22          23  -2.9758011378088594E-005
          22          24  -8.0800397944875469E-006
          22          25  -1.4764777584210163E-004
          22          26  -1.6920477690575138E-004
          22          27  -1.7537684374464737E-004
          22          28   9.6787344148639728E-005
          22          29  -1.4020992184356321E-004
          23           1  -2.0786695675201589E-003
          23           2  -2.9873657481929118E-003
          23           3  -2.9323389065020435E-013
          23           4  -1.2639275121677771E-013
          23           5  -3.5657985493551383E-013
          23           6   8.0380886536002231E-003
          23           7  -5.0126430457556954E-013
          23           8  -2.3106782890440735E-013
          23           9  -6.7010982829560071E-013
          23          10   4.4734779734442870E-003
          23          11  -7.0210198516893187E-013
          23          12  -2.5117670846447056E-013
          23          13  -8.6333957125462685E-013
          23          14   3.4528170240264626E-004
          23          15  -1.3230195842839326E-013
          23          16  -3.9726605506394337E-014
          23          17  -1.6160840019154009E-013
          23          18   5.8869784974750323E-005
          23          19   4.5395440994552658E-005
          23          20   1.0840882102959027E-004
          23          21   5.3920955498267874E-005
          23          22  -2.9758011378088594E-005
          23          23   9.9494130381025901E-005
          23          24   4.9226300713257453E-004
          23          25   1.0899072404758450E-004
          23          26   6.1120216271062637E-004
          23          27   1.2945978411788492E-004
          23          28  -7.1446539879624344E-005
          23          29   5.8979872316907518E-004
          24           1  -9.9049527993203632E-003
          24           2  -1.6059305385652138E-002
          24           3  -2.1185455751150895E-012
          24           4   1.6499615512127525E-012
          24           5  -4.0051344056285529E-012
          24           6   4.8706263189966695E-002
          24           7  -3.5578685795546657E-012
          24           8   2.6924313818559892E-012
          24           9  -6.9355432538950748E-012
          24          10   3.0614094020795686E-002
          24          11  -3.9145001924236468E-012
          24          12   2.1301472690548754E-012
          24          13  -6.8437318816114129E-012
          24          14   2.7219075246209838E-003
          24          15  -5.7349022921167687E-013
          24          16   3.4888024237940107E-014
          24          17  -8.7491117297181082E-013
          24          18   4.8123248830854513E-004
          24          19   1.2325990020177100E-005
          24          20   4.9468356740247808E-004
          24          21   1.4640878814081194E-005
          24          22  -8.0800397944875469E-006
          24          23   4.9226300713257453E-004
          24          24   3.1514464209873002E-003
          24          25  -1.1768877721394697E-005
          24          26   3.1386033071970397E-003
          24          27  -1.3979137741949909E-005
          24          28   7.7148368411428508E-006
          24          29   3.1409144623968455E-003
          25           1  -1.1382216912325096E-004
          25           2  -2.9179344535616670E-004
          25           3   2.9078282043757547E-012
          25           4   1.7731888077777406E-012
          25           5   2.3672311613921031E-012
          25           6   2.2128640210228260E-003
          25           7   4.8330161022706436E-012
          25           8   2.9229884874494077E-012
          25           9   3.8006800656862177E-012
          25          10  -1.5578172987402630E-003
          25          11   3.4309158828973443E-012
          25          12   2.3639878085718120E-012
          25          13   2.4875098900259908E-012
          25          14  -4.1098737555911557E-004
          25          15   4.3188500925919526E-014
          25          16   1.2810446652654993E-013
          25          17  -2.9389141731233087E-014
          25          18  -9.2571611096336299E-005
          25          19   2.2523467129191799E-004
          25          20   1.5322198083266266E-004
          25          21   2.6753498652233750E-004
          25          22  -1.4764777584210163E-004
          25          23   1.0899072404758450E-004
          25          24  -1.1768877721394697E-005
          25          25   5.6624679394889671E-004
          25          26   6.0616366675853267E-004
          25          27   6.7259106976956919E-004
          25          28  -3.7119098481335931E-004
          25          29   4.9496494651567300E-004
          26           1  -1.0029164406429859E-002
          26           2  -1.6377733093971357E-002
          26           3  -1.6294767424996103E-012
          26           4   1.4709278662550836E-013
          26           5  -2.6221691850759794E-012
          26           6   5.1121112542252080E-002
          26           7  -2.7694557024797236E-012
          26           8   1.3685278166804497E-013
          26           9  -4.7939337435574421E-012
          26          10   2.8914082626122460E-002
          26          11  -4.0097136015330891E-012
          26          12  -2.0747420572931788E-013
          26          13  -5.8460670100800115E-012
          26          14   2.2734061344681688E-003
          26          15  -7.8342445757288208E-013
          26          16  -1.5456438393926268E-013
          26          17  -1.0219400570291955E-012
          26          18   3.8021114616580427E-004
          26          19   2.5811958219092959E-004
          26          20   6.6189131071203787E-004
          26          21   3.0659586510237017E-004
          26          22  -1.6920477690575138E-004
          26          23   6.1120216271062637E-004
          26          24   3.1386033071970397E-003
          26          25   6.0616366675853267E-004
          26          26   3.8000962490064138E-003
          26          27   7.2000455201770498E-004
          26          28  -3.9735763718407827E-004
          26          29   3.6810587115921932E-003
          27           1  -1.3519860187876515E-004
          27           2  -3.4659386734741705E-004
          27           3   1.5443460357118315E-012
          27           4   2.8760704111608935E-013
          27           5   1.4298148923230498E-012
          27           6   2.6284521114282432E-003
          27           7   2.5494150929235622E-012
          27           8   4.3273777235569388E-013
          27           9   2.2049041525752402E-012
          27          10  -1.8503839905377288E-003
          27          11   1.3438956533323109E-012
          27          12   2.0674223108941822E-013
          27          13   9.7795144526318063E-013
          27          14  -4.8817307476614499E-004
          27          15  -1.3158245767445960E-013
          27          16  -2.2004471818775341E-014
          27          17  -1.6726280395619715E-013
          27          18  -1.0995707098696394E-004
          27          19   2.6753498674631610E-004
          27          20   1.8199791525859175E-004
          27          21   3.1777953484196870E-004
          27          22  -1.7537684374464737E-004
          27          23   1.2945978411788492E-004
          27          24  -1.3979137741949909E-005
          27          25   6.7259106976956919E-004
          27          26   7.2000455201770498E-004
          27          27   7.9890738802946811E-004
          27          28  -4.4090270220049818E-004
          27          29   5.8792209785744020E-004
          28           1   7.4613688927273152E-005
