           1           1  0.32903194996648943     
           1           2  0.62307817746355054     
           1           3 -0.12810651440201007     
           1           4 -0.18561514446879895     
           1           5   5.0953282298341868E-002
           1           6   1.4404760992391477E-002
           1           7  -2.8150626663438223E-002
           1           8  -5.5147490848709386E-003
           1           9  -1.1467233014714587E-009
           1          10   3.7248247872620227E-009
           1          11  -1.2754598642873967E-009
           1          12  -9.8756273025683748E-009
           1          13   3.2556559819447903E-008
           1          14  -1.0452317746550402E-008
           1          15  -8.5793659794157658E-004
           1          16   1.0688283778904990E-011
           1          17  -2.4483023407835439E-011
           1          18   1.4393962210346173E-011
           1          19  -1.1290720852032219E-009
           1          20   3.9107997745658374E-009
           1          21  -1.4025700552505352E-009
           1          22  -1.4901871552051956E-010
           1          23   2.2328251659400564E-010
           1          24  -3.4803437364912016E-010
           1          25   1.4808679064414961E-010
           1          26  -2.1095647337557951E-010
           1          27   2.9016769139671942E-010
           1          28   9.3665021462716188E-011
           1          29  -2.5771955196782646E-010
           1          30   1.7095205581193704E-010
           1          31  -2.1275384100107922E-011
           1          32   4.2994184854824339E-011
           1          33  -2.5192802793124004E-011
           1          34   1.0946416197204524E-002
           1          35   5.9021050185574919E-009
           1          36   1.0946419351021846E-002
           1          37   2.3491815659609041E-008
           1          38   9.0344771020527628E-009
           1          39   1.0946416972155140E-002
           1          40   1.2341218314130310E-002
           1          41   2.4349578671236534E-009
           1          42   1.2341219785966896E-002
           1          43   1.0030050203653998E-008
           1          44   3.8163061278784277E-009
           1          45   1.2341218619209997E-002
           1          46   4.3872468410054589E-003
           1          47   1.2500629351539496E-008
           1          48   4.3872533343122921E-003
           1          49   4.9828410627125267E-008
           1          50   1.9257919211251973E-008
           1          51   4.3872484316629951E-003
           2           1  0.62307817746355054     
           2           2   1.2163058295279203     
           2           3 -0.39734992789903134     
           2           4 -0.53103061785318140     
           2           5  0.15351803392575852     
           2           6   4.2136443111686885E-002
           2           7  -8.8954544068716945E-002
           2           8  -1.8321743208298578E-002
           2           9  -4.7647186580942630E-009
           2          10   1.5439620292731873E-008
           2          11  -4.9652368676057779E-009
           2          12  -4.3406273640954459E-008
           2          13   1.4181662734722112E-007
           2          14  -4.3826313100951268E-008
           2          15  -2.6723231329350374E-003
           2          16   3.8259387158530483E-011
           2          17  -8.8876267242003170E-011
           2          18   5.1553831288888525E-011
           2          19  -4.6137355462010589E-009
           2          20   1.5628861618836414E-008
           2          21  -5.3917430804763964E-009
           2          22  -3.3617625048752362E-010
           2          23   3.4676599496767583E-010
           2          24  -9.2750305112178222E-010
           2          25   4.2433791200017256E-010
           2          26  -5.4151284184222300E-010
           2          27   8.6772849886172151E-010
           2          28   3.1745410828718893E-010
           2          29  -8.7215892201173537E-010
           2          30   5.7089248440309860E-010
           2          31  -7.7816072588640158E-011
           2          32   1.6240919641109882E-010
           2          33  -9.2486456192410707E-011
           2          34   3.8132520327639891E-002
           2          35   1.8973309451323457E-008
           2          36   3.8132530461106588E-002
           2          37   7.5524644566256549E-008
           2          38   2.9046187467799989E-008
           2          39   3.8132522820514991E-002
           2          40   3.9193315841769008E-002
           2          41   7.9011398684526242E-009
           2          42   3.9193320608856913E-002
           2          43   3.2530584388783982E-008
           2          44   1.2381012511584052E-008
           2          45   3.9193316834095548E-002
           2          46   1.3630161313705086E-002
           2          47   4.0397878570315856E-008
           2          48   1.3630182297389128E-002
           2          49   1.6102881090355072E-007
           2          50   6.2235287495948177E-008
           2          51   1.3630166456060865E-002
           3           1 -0.12810651440201007     
           3           2 -0.39734992789903134     
           3           3  0.70820936332782036     
           3           4  0.84077686039957045     
           3           5 -0.27854665708135251     
           3           6  -7.2829302113781219E-002
           3           7  0.16280660576365438     
           3           8   3.3352463860989716E-002
           3           9   5.0167788198626333E-009
           3          10  -1.6443693994009022E-008
           3          11   5.5434933667752920E-009
           3          12   4.6243555351651546E-008
           3          13  -1.5300801543974980E-007
           3          14   4.9976700761656594E-008
           3          15   4.8564498037534445E-003
           3          16  -6.9013690408908335E-011
           3          17   1.5470986009873558E-010
           3          18  -9.7392161822296188E-011
           3          19   6.4720151981646300E-009
           3          20  -2.2252120290476630E-008
           3          21   8.6377681101026958E-009
           3          22   1.8239460205788090E-009
           3          23  -4.9589305274692306E-009
           3          24   3.5517196810221897E-009
           3          25  -2.9802428879281520E-010
           3          26  -6.3884780870417834E-010
           3          27  -7.6519773192054901E-010
           3          28  -5.6437564286393015E-010
           3          29   1.5165994065621416E-009
           3          30  -1.0332632556580750E-009
           3          31   1.4043869056320080E-010
           3          32  -2.7833678697928122E-010
           3          33   1.7417983406549917E-010
           3          34  -8.0714273817568044E-002
           3          35  -3.5432862695359733E-008
           3          36  -8.0714292712070562E-002
           3          37  -1.4099150311499255E-007
           3          38  -5.4225534487847490E-008
           3          39  -8.0714278484020519E-002
           3          40  -7.4787159122545660E-002
           3          41  -1.3947857786957292E-008
           3          42  -7.4787167608461852E-002
           3          43  -5.7519711633348040E-008
           3          44  -2.1875166266723233E-008
           3          45  -7.4787160878576231E-002
           3          46  -2.5255199628556296E-002
           3          47  -7.3498941906124387E-008
           3          48  -2.5255237803854996E-002
           3          49  -2.9297037777624302E-007
           3          50  -1.1322855606752766E-007
           3          51  -2.5255208988970441E-002
           4           1 -0.18561514446879895     
           4           2 -0.53103061785318140     
           4           3  0.84077686039957045     
           4           4   1.0745366992823926     
           4           5 -0.58318358712483009     
           4           6 -0.15846378552601212     
           4           7  0.31846064210706460     
           4           8   7.7144332632252399E-002
           4           9  -6.7372115803433455E-013
           4          10  -1.4382118715742934E-010
           4          11   5.4676320043352998E-010
           4          12  -2.8009604334720309E-009
           4          13   5.9932980878901984E-009
           4          14   8.5740831862242365E-010
           4          15   9.0636754052011419E-003
           4          16  -1.2793565463216750E-010
           4          17   2.4724544901215506E-010
           4          18  -1.9242905817165354E-010
           4          19   2.5916949286321299E-009
           4          20  -9.6112054700357746E-009
           4          21   5.4246889499949475E-009
           4          22   2.1164599776152395E-010
           4          23   1.4380088859195332E-009
           4          24   1.4571207252684969E-009
           4          25  -2.4590760131474780E-009
           4          26   5.4226182025904425E-009
           4          27  -4.1823167928818419E-009
           4          28  -1.1507706010683393E-009
           4          29   3.0124340381033753E-009
           4          30  -2.1760457313592066E-009
           4          31   2.5535590547411050E-010
           4          32  -4.0366908124463344E-010
           4          33   3.3802753078857891E-010
           4          34 -0.13405057027599476     
           4          35  -7.2849769081789266E-008
           4          36 -0.13405060909877736     
           4          37  -2.9016204857602281E-007
           4          38  -1.1161703053176439E-007
           4          39 -0.13405057984091995     
           4          40 -0.13470889820788490     
           4          41  -3.0576555275809542E-008
           4          42 -0.13470891657815148     
           4          43  -1.2566262541819093E-007
           4          44  -4.7856047140425053E-008
           4          45 -0.13470890206863906     
           4          46  -4.5775561602082515E-002
           4          47  -1.5622988087329463E-007
           4          48  -4.5775642743857398E-002
           4          49  -6.2276597422288213E-007
           4          50  -2.4069192992752006E-007
           4          51  -4.5775581497082024E-002
           5           1   5.0953282298341868E-002
           5           2  0.15351803392575852     
           5           3 -0.27854665708135251     
           5           4 -0.58318358712483009     
           5           5  0.98933249595311734     
           5           6  0.28320694904041332     
           5           7 -0.55644676201739962     
           5           8 -0.17782704593725801     
           5           9   3.8991412707887729E-008
           5          10  -1.2528078086854355E-007
           5          11   3.5901543198285333E-008
           5          12   3.7906981245843490E-007
           5          13  -1.2174140689259184E-006
           5          14   3.4991682240158590E-007
           5          15  -1.4448063932073613E-002
           5          16   1.8683128785796242E-010
           5          17  -2.2658234088254168E-010
           5          18   3.2964040798425595E-010
           5          19   2.5251066536660756E-008
           5          20  -8.0251882548112272E-008
           5          21   1.7239444807347272E-008
           5          22  -7.2566297895352350E-009
           5          23   2.1955309264142903E-008
           5          24  -1.2630129120015568E-008
           5          25   2.6480148381192749E-009
           5          26  -4.2459994676531769E-009
           5          27   3.5729953098012483E-009
           5          28   1.9222128176518049E-009
           5          29  -4.6857173018764036E-009
           5          30   3.9727904355708678E-009
           5          31  -3.4375034219138755E-010
           5          32   1.6239597781865871E-010
           5          33  -5.3836971047230961E-010
           5          34  0.16669743549314314     
           5          35   1.3570453629041178E-007
           5          36  0.16669750788634158     
           5          37   5.4157682829865476E-007
           5          38   2.0837748263199568E-007
           5          39  0.16669745320060503     
           5          40  0.19182271256984798     
           5          41   6.7886314531284824E-008
           5          42  0.19182275227165296     
           5          43   2.7727856226552178E-007
           5          44   1.0589632315406303E-007
           5          45  0.19182272116944932     
           5          46   6.5772998994936743E-002
           5          47   3.1907376212994624E-007
           5          48   6.5773164710878296E-002
           5          49   1.2719550701861030E-006
           5          50   4.9160341390938651E-007
           5          51   6.5773039622685048E-002
           6           1   1.4404760992391477E-002
           6           2   4.2136443111686885E-002
           6           3  -7.2829302113781219E-002
           6           4 -0.15846378552601212     
           6           5  0.28320694904041332     
           6           6   8.6240304348843638E-002
           6           7 -0.22843443797354490     
           6           8  -9.2938516288243039E-002
           6           9   1.1212391311985578E-008
           6          10  -3.5804152253799284E-008
           6          11   9.9213215737453998E-009
           6          12   1.0889259777637145E-007
           6          13  -3.4753444977158500E-007
           6          14   9.6490681474895078E-008
           6          15  -5.4151526870218365E-003
           6          16   9.4903502346718850E-011
           6          17  -1.3117570944711959E-010
           6          18   1.6107600764605655E-010
           6          19   8.2355083499806056E-009
           6          20  -2.6538351661124662E-008
           6          21   6.6934966909787040E-009
           6          22  -2.0251909592273408E-010
           6          23  -8.2270666685755388E-010
           6          24   3.9919669856075848E-010
           6          25   1.9166140084262069E-009
           6          26  -4.9229738116366515E-009
           6          27   3.3143183886955914E-009
           6          28   9.4496645568692213E-010
           6          29  -2.3943482229231372E-009
           6          30   1.9296210086003024E-009
           6          31  -1.7819102296190059E-010
           6          32   1.3518434726321446E-010
           6          33  -2.6732877362216946E-010
           6          34   4.7749246974114111E-002
           6          35   5.6645547187751167E-008
           6          36   4.7749277333131480E-002
           6          37   2.2661190411140989E-007
           6          38   8.7199513906720626E-008
           6          39   4.7749254307691884E-002
           6          40   5.7053410636652729E-002
           6          41   3.6296555259597464E-008
           6          42   5.7053431268951016E-002
           6          43   1.4744520787579887E-007
           6          44   5.6473227544922323E-008
           6          45   5.7053415237845233E-002
           6          46   1.9661603931650812E-002
           6          47   1.5305982150993766E-007
           6          48   1.9661683431684521E-002
           6          49   6.1016291074533650E-007
           6          50   2.3582721375950720E-007
           6          51   1.9661623418994204E-002
           7           1  -2.8150626663438223E-002
           7           2  -8.8954544068716945E-002
           7           3  0.16280660576365438     
           7           4  0.31846064210706460     
           7           5 -0.55644676201739962     
           7           6 -0.22843443797354490     
           7           7   1.2543732055849433     
           7           8  0.66902822244801508     
           7           9  -1.3837970117693417E-007
           7          10   4.4269493281760051E-007
           7          11  -1.2339467609927662E-007
           7          12  -1.3422231598943767E-006
           7          13   4.2935224012696596E-006
           7          14  -1.1973661144848945E-006
           7          15   2.5650027163086564E-002
           7          16  -4.7422509057081973E-010
           7          17   4.0814009702383210E-010
           7          18  -9.0582557080856386E-010
           7          19  -1.0687393763419639E-007
           7          20   3.4277175864606354E-007
           7          21  -9.2291942350117169E-008
           7          22   1.1229905098074949E-008
           7          23  -3.1490703999674785E-008
           7          24   1.3752260442179853E-008
           7          25  -7.8692599190281098E-009
           7          26   1.7776479042718522E-008
           7          27  -1.0735657834610522E-008
           7          28  -5.3434076562009772E-009
           7          29   1.3279559860464824E-008
           7          30  -1.1603353208639972E-008
           7          31   8.1224539661741088E-010
           7          32   2.0057383768075224E-010
           7          33   1.3849988333898958E-009
           7          34  -9.9736179082892257E-002
           7          35  -3.1796870811877494E-007
           7          36  -9.9736350618214092E-002
           7          37  -1.2763492920152564E-006
           7          38  -4.9119534663460419E-007
           7          39  -9.9736219793358602E-002
           7          40 -0.14039177185028012     
           7          41  -2.6669967367043622E-007
           7          42 -0.14039191978914345     
           7          43  -1.0784474331022285E-006
           7          44  -4.1406252568155521E-007
           7          45 -0.14039180567896845     
           7          46  -4.9409328357079743E-002
           7          47  -1.0162966049738599E-006
           7          48  -4.9409856268139249E-002
           7          49  -4.0514295320400823E-006
           7          50  -1.5658892301173452E-006
           7          51  -4.9409457737279998E-002
           8           1  -5.5147490848709386E-003
           8           2  -1.8321743208298578E-002
           8           3   3.3352463860989716E-002
           8           4   7.7144332632252399E-002
           8           5 -0.17782704593725801     
           8           6  -9.2938516288243039E-002
           8           7  0.66902822244801508     
           8           8  0.37655220318143034     
           8           9   4.3393926650608595E-008
           8          10  -1.4012963850415767E-007
           8          11   3.9307766998950499E-008
           8          12   4.2058583026146970E-007
           8          13  -1.3584012273830163E-006
           8          14   3.8091631007764762E-007
           8          15   1.3166952086865132E-002
           8          16  -4.5488330583393560E-010
           8          17   8.4534530885706757E-010
           8          18  -6.7278870532449409E-010
           8          19   3.5270915012012345E-008
           8          20  -1.1224002876012620E-007
           8          21   3.2346851956886259E-008
           8          22  -1.0866207098874904E-009
           8          23   7.9208726796830803E-009
           8          24  -5.7532782375272666E-010
           8          25  -1.9305561351445224E-009
           8          26   3.2096297945237555E-009
           8          27  -4.1352681785714145E-009
           8          28  -3.7506471385055156E-009
           8          29   9.9636392108776863E-009
           8          30  -7.1367686537765935E-009
           8          31   9.0384745920353952E-010
           8          32  -1.3563121477089416E-009
           8          33   1.1718270365430881E-009
           8          34  -3.2477380529985993E-002
           8          35  -1.7058887091514474E-007
           8          36  -3.2477472690299242E-002
           8          37  -6.8527355570741304E-007
           8          38  -2.6373247965195733E-007
           8          39  -3.2477402316660270E-002
           8          40  -5.3455524149669781E-002
           8          41  -1.5054245129854568E-007
           8          42  -5.3455607318763268E-002
           8          43  -6.0828666578263724E-007
           8          44  -2.3363791709235622E-007
           8          45  -5.3455543245565895E-002
           8          46  -1.9110526607377241E-002
           8          47  -5.6386666886600777E-007
           8          48  -1.9110819510313376E-002
           8          49  -2.2478425781683291E-006
           8          50  -8.6880128836451688E-007
           8          51  -1.9110598390393640E-002
           9           1  -1.1467233014714587E-009
           9           2  -4.7647186580942630E-009
           9           3   5.0167788198626333E-009
           9           4  -6.7372115803433455E-013
           9           5   3.8991412707887729E-008
           9           6   1.1212391311985578E-008
           9           7  -1.3837970117693417E-007
           9           8   4.3393926650608595E-008
           9           9   1.9920002510004524E-002
           9          10   1.8089139768216620E-009
           9          11   3.9337490897255815E-011
           9          12  0.19493619867911433     
           9          13   2.5076815830473345E-008
           9          14  -4.5183908605739069E-010
           9          15  -1.0991052800952564E-008
           9          16  -3.7310419799891023E-005
           9          17  -7.0452973308301803E-009
           9          18   2.0730840056950211E-009
           9          19  -2.7393759723419674E-003
           9          20  -5.9463734936296975E-009
           9          21  -7.0530366842612614E-009
           9          22  -3.9146217900682172E-002
           9          23   4.8980931768677074E-009
           9          24  -1.5214046529713204E-008
           9          25  -1.6581787660785552E-002
           9          26  -6.8968730101046015E-010
           9          27   1.1803859282090528E-008
           9          28  -5.7577661729470565E-004
           9          29   2.0077510942754988E-009
           9          30   2.0249711509429328E-009
           9          31   1.0024849788605872E-004
           9          32   5.9444152926752282E-009
           9          33  -5.5944086502510385E-009
           9          34  -1.0622223092415661E-008
           9          35   2.9708758453945957E-009
           9          36  -2.0493474412869533E-008
           9          37   4.8258899413726768E-009
           9          38  -5.2817245446052385E-009
           9          39  -1.1332563548690353E-008
           9          40   7.5814031662904806E-009
           9          41  -6.0717511001003649E-009
           9          42   2.5674661222904702E-008
           9          43  -4.8686547891255696E-010
           9          44   8.8572417675884634E-009
           9          45   1.4450561892021900E-008
           9          46   3.6763403064218044E-008
           9          47   7.6417636586205618E-009
           9          48   3.6142135839573492E-008
           9          49   2.1388385358842555E-009
           9          50  -1.0236033833140765E-008
           9          51   3.2246125839668240E-008
          10           1   3.7248247872620227E-009
          10           2   1.5439620292731873E-008
          10           3  -1.6443693994009022E-008
          10           4  -1.4382118715742934E-010
          10           5  -1.2528078086854355E-007
          10           6  -3.5804152253799284E-008
          10           7   4.4269493281760051E-007
          10           8  -1.4012963850415767E-007
          10           9   1.8089139768216620E-009
          10          10   1.9920007704193055E-002
          10          11  -1.0491169814248889E-009
          10          12  -3.3407417948677814E-009
          10          13  0.19493621879422274     
          10          14  -5.1494416884955014E-009
          10          15   3.6182371332570237E-008
          10          16  -7.8619585543594606E-009
          10          17  -3.7289538384174585E-005
          10          18  -5.3529096992086075E-009
          10          19   1.7869627696687538E-008
          10          20  -2.7393487570964853E-003
          10          21   1.5867139019157828E-009
          10          22  -6.4979442057107416E-008
          10          23  -3.9146265710435175E-002
          10          24  -4.8947370474693186E-009
          10          25   4.7001901790263983E-008
          10          26  -1.6581762955056513E-002
          10          27  -1.5983580705013121E-009
          10          28  -6.0958075090948803E-008
          10          29  -5.7579819239702581E-004
          10          30   7.3703223572096121E-009
          10          31   3.0665558959888430E-008
          10          32   1.0023705209207236E-004
          10          33   1.4414971935788775E-008
          10          34   3.3333792290326868E-008
          10          35  -8.5763277086244220E-009
          10          36   6.6142468985191685E-008
          10          37  -1.5182133079384410E-008
          10          38   1.6262551604862453E-008
          10          39   3.6731476606790011E-008
          10          40  -2.2832785518555576E-008
          10          41   1.7827693563805198E-008
          10          42  -8.3274016052352539E-008
          10          43   2.8964249245245698E-009
          10          44  -2.7987388014351222E-008
          10          45  -4.6417805378501013E-008
          10          46  -1.1833573661699343E-007
          10          47  -2.3990399818328086E-008
          10          48  -1.1499343536007466E-007
          10          49  -7.1914340215068720E-009
          10          50   3.2412166271786111E-008
          10          51  -1.0225427540864606E-007
          11           1  -1.2754598642873967E-009
          11           2  -4.9652368676057779E-009
          11           3   5.5434933667752920E-009
          11           4   5.4676320043352998E-010
          11           5   3.5901543198285333E-008
          11           6   9.9213215737453998E-009
          11           7  -1.2339467609927662E-007
          11           8   3.9307766998950499E-008
          11           9   3.9337490897255815E-011
          11          10  -1.0491169814248889E-009
          11          11   1.9920004313429763E-002
          11          12   7.2699861686972924E-009
          11          13  -2.8915002497533255E-009
          11          14  0.19493620818031446     
          11          15  -1.0291144706225264E-008
          11          16   2.9457290689695188E-009
          11          17  -6.6326005157969980E-009
          11          18  -3.7311052998494044E-005
          11          19  -1.1006403915603751E-008
          11          20  -8.0960264174435553E-009
          11          21  -2.7393702351607690E-003
          11          22   3.1845293153812007E-009
          11          23   1.7230779737744438E-009
          11          24  -3.9146237828394791E-002
          11          25  -2.9493183715371695E-009
          11          26   1.3171357808200289E-009
          11          27  -1.6581771973080656E-002
          11          28   2.2233003398422099E-008
          11          29   2.2851541432404709E-009
          11          30  -5.7579711842498950E-004
          11          31  -1.0347149502692337E-008
          11          32   5.9113561994189488E-009
          11          33   1.0025347463213309E-004
          11          34  -9.5109773512955817E-009
          11          35   2.4370868146049637E-009
          11          36  -1.8903568814000942E-008
          11          37   4.3527994313815416E-009
          11          38  -4.5280740194276582E-009
          11          39  -1.0506331769834602E-008
          11          40   5.9419807167497945E-009
          11          41  -5.1833009597618611E-009
          11          42   2.3328282152430189E-008
          11          43  -6.2193828124929689E-010
          11          44   7.7452145662744665E-009
          11          45   1.3445633450576793E-008
          11          46   3.2723889825915844E-008
          11          47   6.8412626079925012E-009
          11          48   3.1904665273912147E-008
          11          49   2.1418432638821772E-009
          11          50  -9.4236757658143853E-009
          11          51   2.7946839919006409E-008
          12           1  -9.8756273025683748E-009
          12           2  -4.3406273640954459E-008
          12           3   4.6243555351651546E-008
          12           4  -2.8009604334720309E-009
          12           5   3.7906981245843490E-007
          12           6   1.0889259777637145E-007
          12           7  -1.3422231598943767E-006
          12           8   4.2058583026146970E-007
          12           9  0.19493619867911433     
          12          10  -3.3407417948677814E-009
          12          11   7.2699861686972924E-009
          12          12   1.9091569950213247     
          12          13   4.0937750923045564E-008
          12          14   6.3293707442882856E-008
          12          15  -1.0658061420050991E-007
          12          16  -3.6901714543008667E-004
          12          17  -6.8168457873471779E-008
          12          18   2.0502714554317052E-008
          12          19  -4.2413017378227051E-002
          12          20  -7.6377620552392108E-008
          12          21  -7.1110382882521631E-008
          12          22 -0.41509188270575781     
          12          23   4.3940500804892127E-008
          12          24  -1.6575577020971522E-007
          12          25 -0.17655475013141614     
          12          26  -5.2351303461661415E-009
          12          27   1.2227256949094326E-007
          12          28  -6.0040789222136131E-003
          12          29   2.0486473543659267E-008
          12          30   2.3159445521894906E-008
          12          31   1.0003427157545355E-003
          12          32   5.7302899563133045E-008
          12          33  -5.5219595424160590E-008
          12          34  -1.0259215628376171E-007
          12          35   2.8391673757545563E-008
          12          36  -1.9858388482113711E-007
          12          37   4.7123400722492541E-008
          12          38  -5.1233339565378192E-008
          12          39  -1.0974122291199108E-007
          12          40   7.3820963341458696E-008
          12          41  -5.9015279380714498E-008
          12          42   2.4906588083642564E-007
          12          43  -4.5654725913734028E-009
          12          44   8.5867195018457830E-008
          12          45   1.4025113279116269E-007
          12          46   3.5650973775856767E-007
          12          47   7.4065229425071565E-008
          12          48   3.5047491415085744E-007
          12          49   2.0753147792848618E-008
          12          50  -9.9239642290144392E-008
          12          51   3.1270490189313460E-007
          13           1   3.2556559819447903E-008
          13           2   1.4181662734722112E-007
          13           3  -1.5300801543974980E-007
          13           4   5.9932980878901984E-009
          13           5  -1.2174140689259184E-006
          13           6  -3.4753444977158500E-007
          13           7   4.2935224012696596E-006
          13           8  -1.3584012273830163E-006
          13           9   2.5076815830473345E-008
          13          10  0.19493621879422274     
          13          11  -2.8915002497533255E-009
          13          12   4.0937750923045564E-008
          13          13   1.9091568969700310     
          13          14   2.0994607653247123E-008
          13          15   3.5085370354329522E-007
          13          16  -7.6131780114918845E-008
          13          17  -3.6881458449962402E-004
          13          18  -5.1750011809116732E-008
          13          19   1.7713898575661147E-007
          13          20  -4.2412778809947260E-002
          13          21   1.8006988154248531E-008
          13          22  -6.3495143015366030E-007
          13          23 -0.41509234739501066     
          13          24  -5.4725557262112695E-008
          13          25   4.5776509810131378E-007
          13          26 -0.17655451015074916     
          13          27  -1.2352037145268697E-008
          13          28  -5.9015942114385611E-007
          13          29  -6.0042873119330528E-003
          13          30   7.2774886202671239E-008
          13          31   2.9708425749872241E-007
          13          32   1.0002314694895812E-003
          13          33   1.3939579045980555E-007
          13          34   3.2288338253026949E-007
          13          35  -8.3011642285699952E-008
          13          36   6.4032074442893781E-007
          13          37  -1.4721305169022537E-007
          13          38   1.5800357012738909E-007
          13          39   3.5581384684026598E-007
          13          40  -2.2174226206527077E-007
          13          41   1.7293575728445947E-007
          13          42  -8.0797198202999179E-007
          13          43   2.8076852155029869E-008
          13          44  -2.7118116015001985E-007
          13          45  -4.5039984617137555E-007
          13          46  -1.1474698691817295E-006
          13          47  -2.3258161035135231E-007
          13          48  -1.1150997229655241E-006
          13          49  -6.9721579739257734E-008
          13          50   3.1425222716882254E-007
          13          51  -9.9156185691948484E-007
          14           1  -1.0452317746550402E-008
          14           2  -4.3826313100951268E-008
          14           3   4.9976700761656594E-008
          14           4   8.5740831862242365E-010
          14           5   3.4991682240158590E-007
          14           6   9.6490681474895078E-008
          14           7  -1.1973661144848945E-006
          14           8   3.8091631007764762E-007
          14           9  -4.5183908605739069E-010
          14          10  -5.1494416884955014E-009
          14          11  0.19493620818031446     
          14          12   6.3293707442882856E-008
          14          13   2.0994607653247123E-008
          14          14   1.9091570097793307     
          14          15  -9.9810838675183873E-008
          14          16   2.8976513003280151E-008
          14          17  -6.4151517833509311E-008
          14          18  -3.6902325615687718E-004
          14          19  -1.1558552167748321E-007
          14          20  -7.7662829798571400E-008
          14          21  -4.2412968443417784E-002
          14          22   1.3006888480072145E-008
          14          23   9.5514063157500543E-009
          14          24 -0.41509207623884958     
          14          25  -2.0930110865937920E-008
          14          26   1.5864511820018568E-008
          14          27 -0.17655459795059958     
          14          28   2.1912887019329425E-007
          14          29   2.3490336438804791E-008
          14          30  -6.0042774972812966E-003
          14          31  -1.0132794350168409E-007
          14          32   5.6943326596528036E-008
          14          33   1.0003908974040442E-003
          14          34  -9.2073814692659387E-008
          14          35   2.3597789582989954E-008
          14          36  -1.8311346301924048E-007
          14          37   4.2370961095154054E-008
          14          38  -4.4326023492605338E-008
          14          39  -1.0116275338576520E-007
          14          40   5.7837891569835698E-008
          14          41  -5.0256679607558427E-008
          14          42   2.2640043846499096E-007
          14          43  -5.9290534436471538E-009
          14          44   7.4939322094719549E-008
          14          45   1.3085539252515726E-007
          14          46   3.1738163220426262E-007
          14          47   6.6324246994265178E-008
          14          48   3.0943984665477380E-007
          14          49   2.0771569541676277E-008
          14          50  -9.1384389104285692E-008
          14          51   2.7109553594164890E-007
          15           1  -8.5793659794157658E-004
          15           2  -2.6723231329350374E-003
          15           3   4.8564498037534445E-003
          15           4   9.0636754052011419E-003
          15           5  -1.4448063932073613E-002
          15           6  -5.4151526870218365E-003
          15           7   2.5650027163086564E-002
          15           8   1.3166952086865132E-002
          15           9  -1.0991052800952564E-008
          15          10   3.6182371332570237E-008
          15          11  -1.0291144706225264E-008
          15          12  -1.0658061420050991E-007
          15          13   3.5085370354329522E-007
          15          14  -9.9810838675183873E-008
          15          15   5.3791627600399293E-004
          15          16   3.9318148856009654E-012
          15          17  -3.6402250709912747E-011
          15          18  -5.3297237645370625E-012
          15          19  -8.6217787201794433E-009
          15          20   2.8346922187889736E-008
          15          21  -7.9562356595064990E-009
          15          22   7.4016553123600520E-010
          15          23  -2.4528769782173378E-009
          15          24   8.6283927903090889E-010
          15          25  -3.0241261429358373E-010
          15          26   7.8096461914696727E-010
          15          27  -3.1804678079556058E-010
          15          28  -5.0412917415967786E-011
          15          29   7.5324163177300953E-011
          15          30  -1.7694942610235084E-010
          15          31  -1.5432150010225163E-011
          15          32   1.0953723183019220E-010
          15          33  -2.5096655080618997E-012
          15          34  -2.5818100293276947E-003
          15          35  -6.4753082876478516E-009
          15          36  -2.5818135190763887E-003
          15          37  -2.5978866189539333E-008
          15          38  -9.9975214894838668E-009
          15          39  -2.5818108597807339E-003
          15          40  -3.4283725957654676E-003
          15          41  -5.2380265069605467E-009
          15          42  -3.4283755102031861E-003
          15          43  -2.1192946899270355E-008
          15          44  -8.1346110642885349E-009
          15          45  -3.4283732602023264E-003
          15          46  -1.1987744368258486E-003
          15          47  -2.0213920120979624E-008
          15          48  -1.1987849367013411E-003
          15          49  -8.0581622847171813E-008
          15          50  -3.1144856883085938E-008
          15          51  -1.1987770101358978E-003
          16           1   1.0688283778904990E-011
          16           2   3.8259387158530483E-011
          16           3  -6.9013690408908335E-011
          16           4  -1.2793565463216750E-010
          16           5   1.8683128785796242E-010
          16           6   9.4903502346718850E-011
          16           7  -4.7422509057081973E-010
          16           8  -4.5488330583393560E-010
          16           9  -3.7310419799891023E-005
          16          10  -7.8619585543594606E-009
          16          11   2.9457290689695188E-009
          16          12  -3.6901714543008667E-004
          16          13  -7.6131780114918845E-008
          16          14   2.8976513003280151E-008
          16          15   3.9318148856009654E-012
          16          16   7.9881384380776318E-008
          16          17   2.4000425960907966E-011
          16          18  -1.0359534291744786E-011
          16          19   4.5146780746297872E-005
