           1           1  0.37153130844904059     
           1           2  0.62791552353803826     
           1           3 -0.13115216602090776     
           1           4 -0.17849169498634027     
           1           5   4.5715031383476365E-002
           1           6   2.1856789262148024E-002
           1           7   1.1243457408201945E-014
           1           8   2.2565664378879104E-014
           1           9   1.6833351914073615E-014
           1          10   1.6121543646675929E-015
           1          11   2.4284923247149467E-014
           1          12   1.5005665717489874E-014
           1          13   2.1786387927179096E-003
           1          14   8.3497645178946488E-015
           1          15  -1.6806965086513596E-014
           1          16   5.3554597017525497E-015
           1          17  -1.5052246231451943E-014
           1          18   4.3280110171083670E-015
           1          19  -2.0096191256603164E-014
           1          20   9.2089258795105894E-015
           1          21   2.1476881981113045E-014
           1          22   1.1522578024174015E-014
           1          23  -5.2978061476729099E-015
           1          24  -2.2319753413720260E-014
           1          25   4.0320565742184496E-015
           1          26  -2.0721825880406201E-004
           1          27  -3.1084914604647920E-005
           1          28  -5.6520654980659344E-006
           1          29   1.9299910138207343E-004
           1          30   2.5332073873587824E-005
           1          31  -1.3832801207028356E-004
           1          32   6.4595736889623504E-003
           1          33  -2.2005877675934253E-005
           1          34   6.6022680167493741E-003
           1          35   1.3662944461831556E-004
           1          36   1.7933281333841076E-005
           1          37   6.5083430152625991E-003
           2           1  0.62791552353803826     
           2           2   1.1001926492928988     
           2           3 -0.37097941222086206     
           2           4 -0.49033462328309418     
           2           5  0.13447617236443410     
           2           6   6.4462573556815533E-002
           2           7   2.4200471665017708E-014
           2           8   2.8373175353189343E-014
           2           9   2.5953796208629347E-014
           2          10   3.8853232976160395E-015
           2          11   4.1307605975656218E-014
           2          12   2.3718273166124767E-014
           2          13   6.2538551290767016E-003
           2          14   1.8276313066508453E-014
           2          15  -4.7347640660802846E-014
           2          16   1.2256496240254016E-014
           2          17  -2.5520159159880807E-014
           2          18   2.8003658600968114E-014
           2          19  -3.7970393325556812E-014
           2          20   1.8612305048626182E-014
           2          21   5.0011948830818633E-014
           2          22   1.7758271731634569E-014
           2          23  -1.0329806943332363E-014
           2          24  -4.9848252729051702E-014
           2          25   1.1153947179438979E-014
           2          26  -7.4988521072903377E-004
           2          27  -8.5953695456264078E-005
           2          28  -1.9252935421636499E-004
           2          29   5.3366677057026289E-004
           2          30   7.0046367897952648E-005
           2          31  -5.5939502067534400E-004
           2          32   1.8287610324655489E-002
           2          33  -6.7636023395833598E-005
           2          34   1.8726187555812596E-002
           2          35   4.1993654842458362E-004
           2          36   5.5118721219219434E-005
           2          37   1.8437504973061094E-002
           3           1 -0.13115216602090776     
           3           2 -0.37097941222086206     
           3           3  0.62054963847801159     
           3           4  0.79816330465988528     
           3           5 -0.27969647450220803     
           3           6 -0.13515734346618274     
           3           7  -1.8428942728975973E-014
           3           8   2.9203506215319323E-014
           3           9   5.4150146009954868E-016
           3          10  -3.5149002197451095E-015
           3          11  -9.6034812283451428E-015
           3          12   2.7964134923815363E-016
           3          13  -1.2122376256329198E-002
           3          14  -2.0972517110781920E-014
           3          15   8.0217382996731474E-014
           3          16  -1.3193965086639909E-014
           3          17   4.3168506379348811E-015
           3          18  -8.1508838886043790E-014
           3          19   2.1632478979469498E-014
           3          20  -1.8220682551488816E-014
           3          21  -6.2652458488571462E-014
           3          22   1.6111067724671326E-015
           3          23   8.9701855568721475E-015
           3          24   5.4167691681175759E-014
           3          25  -1.9581014271538694E-014
           3          26   1.4895495208827828E-003
           3          27   1.3858453267874093E-004
           3          28   5.9091566269970589E-004
           3          29  -8.6043956173393211E-004
           3          30  -1.1293689140960374E-004
           3          31   1.1824191078508156E-003
           3          32  -3.3944482393502812E-002
           3          33   1.6184337149352805E-004
           3          34  -3.4993935247977670E-002
           3          35  -1.0048483548956207E-003
           3          36  -1.3189125017955185E-004
           3          37  -3.4303158939984847E-002
           4           1 -0.17849169498634027     
           4           2 -0.49033462328309418     
           4           3  0.79816330465988528     
           4           4   1.0712188902555515     
           4           5 -0.56059094910438234     
           4           6 -0.27311899078397717     
           4           7  -5.7568009299194248E-015
           4           8   6.4771741611702329E-014
           4           9   1.7368720638350192E-014
           4          10   6.8945204100384583E-016
           4          11  -5.1583248195607911E-015
           4          12   5.0173253190454182E-015
           4          13  -2.2299134681515301E-002
           4          14  -3.6663547984060072E-014
           4          15   1.0981552008351238E-013
           4          16  -1.3049890673409562E-014
           4          17   5.6537860242530361E-015
           4          18  -1.0641871688786572E-013
           4          19   2.9577372445334957E-014
           4          20  -2.5021173956186606E-014
           4          21  -9.4037385654656032E-014
           4          22   6.2350083071572686E-015
           4          23   2.6781624384768536E-014
           4          24   6.7298203794981080E-014
           4          25  -2.6318452633841050E-014
           4          26   1.2940476301008164E-003
           4          27   1.4285660381258567E-004
           4          28   3.6771206769240471E-004
           4          29  -8.8696387094969013E-004
           4          30  -1.1641833644422358E-004
           4          31   9.7744947253503391E-004
           4          32  -5.9219917075199094E-002
           4          33   3.0685546014090018E-004
           4          34  -6.1209682461393175E-002
           4          35  -1.9051951369814836E-003
           4          36  -2.5006615898295306E-004
           4          37  -5.9899968755466479E-002
           5           1   4.5715031383476365E-002
           5           2  0.13447617236443410     
           5           3 -0.27969647450220803     
           5           4 -0.56059094910438234     
           5           5   1.0402172984289115     
           5           6  0.51311909028888869     
           5           7   2.7503198986080774E-014
           5           8  -9.1984184499476099E-014
           5           9  -3.8515997922612768E-014
           5          10   5.3638319529171176E-015
           5          11  -1.9321223559547570E-014
           5          12  -1.2809381129401165E-014
           5          13   3.6019368705381340E-002
           5          14   5.1243859434964761E-014
           5          15  -6.4833755642019622E-014
           5          16  -1.3536304056838878E-014
           5          17   1.8782606409849447E-014
           5          18   3.5625843821063829E-014
           5          19  -4.4639387243171470E-015
           5          20   4.7153054342916030E-014
           5          21   5.9992434055416869E-014
           5          22  -1.5430843366019176E-015
           5          23  -5.3999341079424007E-014
           5          24  -2.8203383091141391E-014
           5          25   2.7224931170517269E-014
           5          26   2.0801077218419563E-003
           5          27   7.1610688749267851E-005
           5          28   1.6157572752973411E-003
           5          29  -4.4461433403523813E-004
           5          30  -5.8357801001549144E-005
           5          31   1.9214044375324873E-003
           5          32   8.5867535638008918E-002
           5          33  -5.8451332853467000E-004
           5          34   8.9657738323482061E-002
           5          35   3.6291091270914191E-003
           5          36   4.7633828284878625E-004
           5          37   8.7162931428302087E-002
           6           1   2.1856789262148024E-002
           6           2   6.4462573556815533E-002
           6           3 -0.13515734346618274     
           6           4 -0.27311899078397717     
           6           5  0.51311909028888869     
           6           6  0.25424413439845550     
           6           7   7.2653723984271448E-014
           6           8  -3.3261647939405686E-013
           6           9  -5.1596267207705277E-014
           6          10   1.7579561251707891E-014
           6          11  -8.4761801008928120E-014
           6          12  -1.5434018638797665E-014
           6          13   1.7892204249395551E-002
           6          14   2.9650281621621426E-014
           6          15  -3.6362803878839487E-014
           6          16  -6.4582510696807450E-015
           6          17  -9.4728792347359284E-015
           6          18   3.8956615864290898E-014
           6          19  -1.3559873970180488E-014
           6          20  -2.5775044316986353E-014
           6          21   1.0566296692240352E-013
           6          22  -2.3307260355103062E-014
           6          23  -5.8851482518311435E-014
           6          24   3.2444820329390110E-014
           6          25  -2.6512649701049543E-015
           6          26   8.5456089586196781E-004
           6          27  -5.8773618902710251E-005
           6          28   1.2356709873183576E-003
           6          29   3.6491191274942367E-004
           6          30   4.7896469320671915E-005
           6          31   9.8481472364793897E-004
           6          32   4.1582689104039214E-002
           6          33  -5.0864444195130969E-004
           6          34   4.4880929598851760E-002
           6          35   3.1580566202305989E-003
           6          36   4.1451034259595322E-004
           6          37   4.2709944611753863E-002
           7           1   1.1243457408201945E-014
           7           2   2.4200471665017708E-014
           7           3  -1.8428942728975973E-014
           7           4  -5.7568009299194248E-015
           7           5   2.7503198986080774E-014
           7           6   7.2653723984271448E-014
           7           7   3.1963981509813930     
           7           8  -9.1517397323281000E-003
           7           9   5.6821051941664896E-002
           7          10  0.84556056920457134     
           7          11  -2.1394044597649381E-003
           7          12   1.3283071360377695E-002
           7          13  -5.4903868579194130E-014
           7          14   1.6977259415950074E-002
           7          15  -7.4665908595191724E-004
           7          16   4.6358349280138204E-003
           7          17   2.6352835995519866E-003
           7          18   6.9924316635019378E-003
           7          19  -4.3414403632961028E-002
           7          20 -0.30497605521085397     
           7          21   1.4300637712855363E-002
           7          22  -8.8789377960445004E-002
           7          23 -0.16029869593979798     
           7          24   1.0409766173880449E-002
           7          25  -6.4631849422702448E-002
           7          26   3.8155168315831776E-014
           7          27  -2.9234724153880611E-014
           7          28  -7.1238666436650700E-014
           7          29   1.5592200121575139E-014
           7          30  -5.3563377492731785E-015
           7          31  -8.3336835408543259E-014
           7          32   3.9056377286782779E-014
           7          33  -1.1693984613429394E-014
           7          34   1.9209958839021985E-014
           7          35  -1.1307237760729332E-014
           7          36   6.4761911535995209E-015
           7          37  -8.8212020853964245E-014
           8           1   2.2565664378879104E-014
           8           2   2.8373175353189343E-014
           8           3   2.9203506215319323E-014
           8           4   6.4771741611702329E-014
           8           5  -9.1984184499476099E-014
           8           6  -3.3261647939405686E-013
           8           7  -9.1517397323281000E-003
           8           8   3.2649218888985527     
           8           9   7.4580403498894204E-003
           8          10  -2.1394044597609950E-003
           8          11  0.86157938035873105     
           8          12   1.7434679364049690E-003
           8          13   6.2755906459978844E-014
           8          14  -7.4665908609817134E-004
           8          15   2.2567876392869866E-002
           8          16   6.0847595695770126E-004
           8          17   6.9924316636929950E-003
           8          18  -4.9720614694155792E-002
           8          19  -5.6983523369480331E-003
           8          20   1.4300637712784024E-002
           8          21 -0.41205221549143611     
           8          22  -1.1654039145918199E-002
           8          23   1.0409766173962279E-002
           8          24 -0.23824191873355363     
           8          25  -8.4832456373469239E-003
           8          26   3.0606754887808302E-014
           8          27   5.8290734141621602E-014
           8          28   4.5807849588903004E-014
           8          29   4.0868674905999506E-015
           8          30  -1.0228486031514395E-013
           8          31   5.7416293162779821E-014
           8          32   1.7847597638716529E-013
           8          33   2.4900300206988449E-014
           8          34   9.4190495640041014E-014
           8          35   4.1052631034496945E-015
           8          36  -2.8547108212825722E-014
           8          37   8.5395426220068739E-014
           9           1   1.6833351914073615E-014
           9           2   2.5953796208629347E-014
           9           3   5.4150146009954868E-016
           9           4   1.7368720638350192E-014
           9           5  -3.8515997922612768E-014
           9           6  -5.1596267207705277E-014
           9           7   5.6821051941664896E-002
           9           8   7.4580403498894204E-003
           9           9   3.2198178382677685     
           9          10   1.3283071360369936E-002
           9          11   1.7434679363999793E-003
           9          12  0.85103539529161898     
           9          13   2.0319913740214562E-014
           9          14   4.6358349280088721E-003
           9          15   6.0847595687709224E-004
           9          16   1.8887991453160273E-002
           9          17  -4.3414403632938151E-002
           9          18  -5.6983523368368070E-003
           9          19  -1.5258643424656469E-002
           9          20  -8.8789377960499169E-002
           9          21  -1.1654039145935558E-002
           9          22 -0.34157198919871468     
           9          23  -6.4631849422700477E-002
           9          24  -8.4832456373467608E-003
           9          25 -0.18693772584895679     
           9          26   6.9633599603125869E-014
           9          27  -1.1219308973005887E-014
           9          28   2.1125566776236307E-014
           9          29  -2.9200037740931298E-014
           9          30   4.0558977482576894E-014
           9          31  -6.0535156421092413E-014
           9          32   1.1238935382368443E-013
           9          33   1.9840983143364404E-014
           9          34  -3.2136654379021821E-014
           9          35   7.1787711837357781E-015
           9          36   6.3605498238202100E-015
           9          37  -3.7807069558380736E-014
          10           1   1.6121543646675929E-015
          10           2   3.8853232976160395E-015
          10           3  -3.5149002197451095E-015
          10           4   6.8945204100384583E-016
          10           5   5.3638319529171176E-015
          10           6   1.7579561251707891E-014
          10           7  0.84556056920457134     
          10           8  -2.1394044597609950E-003
          10           9   1.3283071360369936E-002
          10          10  0.22378699008393985     
          10          11  -4.9757761015387070E-004
          10          12   3.0893452021528468E-003
          10          13  -1.4245396646867641E-014
          10          14   4.0347998447120940E-003
          10          15  -1.7843599339018598E-004
          10          16   1.1078681370822632E-003
          10          17   3.8730023376727322E-003
          10          18   1.6811390092922752E-003
          10          19  -1.0437806334795074E-002
          10          20  -7.3416568976533952E-002
          10          21   3.3840871449968626E-003
          10          22  -2.1011020529376645E-002
          10          23  -3.8370941518790953E-002
          10          24   2.4796529379403727E-003
          10          25  -1.5395596080513831E-002
          10          26   9.9154825720508185E-015
          10          27  -7.6315349431323847E-015
          10          28  -1.8792287704236899E-014
          10          29   4.1670837691240228E-015
          10          30  -1.4066619166286743E-015
          10          31  -2.1935164642057926E-014
          10          32   9.8311693379620900E-015
          10          33  -2.9994023949005189E-015
          10          34   5.2062012282167419E-015
          10          35  -3.0569380762341081E-015
          10          36   1.5774727661508736E-015
          10          37  -2.3127326529735572E-014
          11           1   2.4284923247149467E-014
          11           2   4.1307605975656218E-014
          11           3  -9.6034812283451428E-015
          11           4  -5.1583248195607911E-015
          11           5  -1.9321223559547570E-014
          11           6  -8.4761801008928120E-014
          11           7  -2.1394044597649381E-003
          11           8  0.86157938035873105     
          11           9   1.7434679363999793E-003
          11          10  -4.9757761015387070E-004
          11          11  0.22751260715251809     
          11          12   4.0549163353114932E-004
          11          13   1.6445817752037797E-014
          11          14  -1.7843599342846743E-004
          11          15   5.3708410350368774E-003
          11          16   1.4541309933550109E-004
          11          17   1.6811390093428536E-003
          11          18  -8.7145419136712941E-003
          11          19  -1.3700130174075088E-003
          11          20   3.3840871449785145E-003
          11          21  -9.8754953516890759E-002
          11          22  -2.7577989774224630E-003
          11          23   2.4796529379622519E-003
          11          24  -5.6937366370705601E-002
          11          25  -2.0207471154042372E-003
          11          26   8.1731921443259422E-015
          11          27   1.5584431537791043E-014
          11          28   1.2107985204409431E-014
          11          29   1.1481159151185060E-015
          11          30  -2.7379480173019583E-014
          11          31   1.5052270132588707E-014
          11          32   4.8308577618362109E-014
          11          33   6.6889938788570912E-015
          11          34   2.5659767405999864E-014
          11          35   1.1499108602726246E-015
          11          36  -7.9614016074005661E-015
          11          37   2.2794165090168358E-014
          12           1   1.5005665717489874E-014
          12           2   2.3718273166124767E-014
          12           3   2.7964134923815363E-016
          12           4   5.0173253190454182E-015
          12           5  -1.2809381129401165E-014
          12           6  -1.5434018638797665E-014
          12           7   1.3283071360377695E-002
          12           8   1.7434679364049690E-003
          12           9  0.85103539529161898     
          12          10   3.0893452021528468E-003
          12          11   4.0549163353114932E-004
          12          12  0.22506031213768996     
          12          13   5.4523029668595086E-015
          12          14   1.1078681370814277E-003
          12          15   1.4541309931508223E-004
          12          16   4.4914250644252640E-003
          12          17  -1.0437806334789839E-002
          12          18  -1.3700130173785576E-003
          12          19  -4.2910316697590978E-004
          12          20  -2.1011020529391747E-002
          12          21  -2.7577989774282452E-003
          12          22  -8.2076590456260923E-002
          12          23  -1.5395596080515047E-002
          12          24  -2.0207471154048053E-003
          12          25  -4.4716477784929307E-002
          12          26   1.8574252796466980E-014
          12          27  -2.9594828569069868E-015
          12          28   5.6501562544702927E-015
          12          29  -7.7402245755447386E-015
          12          30   1.0906573014853892E-014
          12          31  -1.6036010283875370E-014
          12          32   2.9791643543906940E-014
          12          33   5.0771456394483078E-015
          12          34  -8.5409962017858135E-015
          12          35   1.8180571732328036E-015
          12          36   1.7394309339211662E-015
          12          37  -1.0215491610801276E-014
          13           1   2.1786387927179096E-003
          13           2   6.2538551290767016E-003
          13           3  -1.2122376256329198E-002
          13           4  -2.2299134681515301E-002
          13           5   3.6019368705381340E-002
          13           6   1.7892204249395551E-002
          13           7  -5.4903868579194130E-014
          13           8   6.2755906459978844E-014
          13           9   2.0319913740214562E-014
          13          10  -1.4245396646867641E-014
          13          11   1.6445817752037797E-014
          13          12   5.4523029668595086E-015
          13          13   1.2749628254986856E-003
          13          14   2.2035275162082420E-016
          13          15  -7.1271305210929153E-016
          13          16  -8.9521176057159745E-016
          13          17   1.1143509844755988E-014
          13          18  -1.0161988619029969E-014
          13          19   4.5338947181538998E-015
          13          20   3.1127941571644749E-014
          13          21  -3.0129373221946002E-014
          13          22   8.2381142155203619E-015
          13          23   1.4176526800932230E-014
          13          24  -2.0275197880343618E-014
          13          25   6.9010022994895805E-015
          13          26   4.0580612153312423E-005
          13          27  -9.8664159660133939E-006
          13          28   1.0455813748701714E-004
          13          29   6.1258312656797657E-005
          13          30   8.0404524753704558E-006
          13          31   6.2446518505634687E-005
          13          32   2.9338134310600171E-003
          13          33  -4.7288785930959878E-005
          13          34   3.2404515771713642E-003
          13          35   2.9360522037825390E-004
          13          36   3.8537117956066871E-005
          13          37   3.0386146241894369E-003
          14           1   8.3497645178946488E-015
          14           2   1.8276313066508453E-014
          14           3  -2.0972517110781920E-014
          14           4  -3.6663547984060072E-014
          14           5   5.1243859434964761E-014
          14           6   2.9650281621621426E-014
          14           7   1.6977259415950074E-002
          14           8  -7.4665908609817134E-004
          14           9   4.6358349280088721E-003
          14          10   4.0347998447120940E-003
          14          11  -1.7843599342846743E-004
          14          12   1.1078681370814277E-003
          14          13   2.2035275162082420E-016
          14          14   2.0835129717400001E-003
          14          15  -4.6596429003641028E-005
          14          16   2.8930653509032445E-004
          14          17  -1.3681845678565204E-002
          14          18   5.0395293272808813E-004
          14          19  -3.1289281160977525E-003
          14          20  -3.2995660892200504E-002
          14          21   1.1523403803576802E-003
          14          22  -7.1546169913745015E-003
          14          23  -1.8080823800804422E-002
          14          24   8.7713968560216649E-004
          14          25  -5.4459590286361050E-003
          14          26   8.6986643817872145E-016
          14          27  -7.4599740546307591E-016
          14          28   1.9135584926029999E-017
          14          29   7.0581594734285609E-016
          14          30   6.5918074879644548E-017
          14          31  -7.6927675815710224E-016
          14          32   5.1594482172268243E-015
          14          33  -9.7017575585800111E-016
          14          34   4.3842953300065664E-015
          14          35   2.1808942449154079E-015
          14          36   8.9982533500955185E-016
          14          37   2.0330360099222005E-015
          15           1  -1.6806965086513596E-014
          15           2  -4.7347640660802846E-014
          15           3   8.0217382996731474E-014
          15           4   1.0981552008351238E-013
          15           5  -6.4833755642019622E-014
          15           6  -3.6362803878839487E-014
          15           7  -7.4665908595191724E-004
          15           8   2.2567876392869866E-002
          15           9   6.0847595687709224E-004
          15          10  -1.7843599339018598E-004
          15          11   5.3708410350368774E-003
          15          12   1.4541309931508223E-004
          15          13  -7.1271305210929153E-016
          15          14  -4.6596429003641028E-005
          15          15   2.4324041750953531E-003
          15          16   3.7972894530772394E-005
          15          17   5.0395293271870804E-004
          15          18  -1.7455198034066303E-002
          15          19  -4.1068708424718959E-004
          15          20   1.1523403803131247E-003
          15          21  -4.1623820400900929E-002
          15          22  -9.3907839428819724E-004
          15          23   8.7713968558080033E-004
          15          24  -2.4648415501882449E-002
          15          25  -7.1480869852431678E-004
          15          26  -1.5273159646753192E-016
          15          27  -3.3769638872314979E-016
          15          28   3.8637803215067379E-017
          15          29  -3.9158385746756834E-016
          15          30   8.3336449654009095E-016
          15          31   7.2912510955847442E-016
          15          32  -6.9380405083350500E-015
          15          33  -1.7909703504909873E-016
          15          34  -6.5888426594415215E-015
          15          35  -7.8927875689926547E-016
          15          36   1.5112262057401436E-015
          15          37  -4.0607429839285834E-015
          16           1   5.3554597017525497E-015
          16           2   1.2256496240254016E-014
          16           3  -1.3193965086639909E-014
          16           4  -1.3049890673409562E-014
          16           5  -1.3536304056838878E-014
          16           6  -6.4582510696807450E-015
          16           7   4.6358349280138204E-003
          16           8   6.0847595695770126E-004
          16           9   1.8887991453160273E-002
          16          10   1.1078681370822632E-003
          16          11   1.4541309933550109E-004
          16          12   4.4914250644252640E-003
          16          13  -8.9521176057159745E-016
          16          14   2.8930653509032445E-004
          16          15   3.7972894530772394E-005
          16          16   2.2027551953603839E-003
          16          17  -3.1289281161120085E-003
          16          18  -4.1068708426929041E-004
          16          19  -1.4971482450778313E-002
          16          20  -7.1546169914023620E-003
          16          21  -9.3907839435250235E-004
          16          22  -3.5944548441103556E-002
          16          23  -5.4459590286546093E-003
          16          24  -7.1480869856078435E-004
          16          25  -2.0325461185403466E-002
          16          26  -3.2988115225944134E-016
          16          27   6.2181163228611784E-017
          16          28  -5.1111937084782769E-016
          16          29  -5.4501060223472969E-016
          16          30  -6.2598873107705790E-016
          16          31  -1.7429522160732630E-016
          16          32  -7.6066348903909088E-016
          16          33   1.0587278583188001E-015
          16          34  -2.1895176585883789E-015
          16          35  -9.3953744573548021E-016
          16          36  -5.3825582898350584E-016
          16          37  -3.8682367624359067E-016
          17           1  -1.5052246231451943E-014
          17           2  -2.5520159159880807E-014
          17           3   4.3168506379348811E-015
          17           4   5.6537860242530361E-015
          17           5   1.8782606409849447E-014
          17           6  -9.4728792347359284E-015
          17           7   2.6352835995519866E-003
          17           8   6.9924316636929950E-003
          17           9  -4.3414403632938151E-002
          17          10   3.8730023376727322E-003
          17          11   1.6811390093428536E-003
          17          12  -1.0437806334789839E-002
          17          13   1.1143509844755988E-014
          17          14  -1.3681845678565204E-002
          17          15   5.0395293271870804E-004
          17          16  -3.1289281161120085E-003
          17          17   9.5027529170375394E-002
          17          18  -4.6245379323269532E-003
          17          19   2.8712694819656236E-002
          17          20  0.21711022105629008     
          17          21  -1.0841618076930692E-002
          17          22   6.7313118791029150E-002
          17          23  0.12028769625349317     
          17          24  -7.5883201922828138E-003
          17          25   4.7114138766194566E-002
          17          26  -5.4697722697216584E-015
          17          27   2.9232770503774039E-015
          17          28   2.2288179003245360E-015
          17          29   1.9595645045008027E-015
          17          30   4.1617661868281154E-016
          17          31   3.2190683652262184E-015
          17          32  -9.4162511577152684E-015
          17          33   2.7957083903560462E-015
          17          34   1.1330490356399958E-014
          17          35   1.0485609279619381E-016
          17          36  -3.8067119789718724E-015
          17          37   1.2426687557102431E-014
          18           1   4.3280110171083670E-015
          18           2   2.8003658600968114E-014
          18           3  -8.1508838886043790E-014
          18           4  -1.0641871688786572E-013
          18           5   3.5625843821063829E-014
          18           6   3.8956615864290898E-014
          18           7   6.9924316635019378E-003
          18           8  -4.9720614694155792E-002
          18           9  -5.6983523368368070E-003
          18          10   1.6811390092922752E-003
          18          11  -8.7145419136712941E-003
          18          12  -1.3700130173785576E-003
          18          13  -1.0161988619029969E-014
          18          14   5.0395293272808813E-004
          18          15  -1.7455198034066303E-002
          18          16  -4.1068708426929041E-004
          18          17  -4.6245379323269532E-003
          18          18  0.12965380072738661     
          18          19   3.7686813117465343E-003
          18          20  -1.0841618076889725E-002
          18          21  0.29828693906361253     
          18          22   8.8351753263557573E-003
          18          23  -7.5883201922811484E-003
          18          24  0.17710531554478925     
          18          25   6.1839606279929940E-003
          18          26   3.6501710762851180E-015
          18          27   5.2328160511213386E-015
          18          28  -2.5193306071151859E-016
          18          29   5.0314542072982506E-016
          18          30  -1.0061648981396008E-014
          18          31  -2.9871533679044315E-015
          18          32   1.6277695865280738E-014
          18          33   3.4031776897850692E-015
          18          34   3.4328048591779375E-015
          18          35  -3.2728096707639223E-016
          18          36  -1.2577879274048176E-014
          18          37  -1.0977737177660297E-014
          19           1  -2.0096191256603164E-014
          19           2  -3.7970393325556812E-014
          19           3   2.1632478979469498E-014
          19           4   2.9577372445334957E-014
          19           5  -4.4639387243171470E-015
          19           6  -1.3559873970180488E-014
          19           7  -4.3414403632961028E-002
          19           8  -5.6983523369480331E-003
          19           9  -1.5258643424656469E-002
          19          10  -1.0437806334795074E-002
          19          11  -1.3700130174075088E-003
          19          12  -4.2910316697590978E-004
          19          13   4.5338947181538998E-015
          19          14  -3.1289281160977525E-003
          19          15  -4.1068708424718959E-004
          19          16  -1.4971482450778313E-002
          19          17   2.8712694819656236E-002
          19          18   3.7686813117465343E-003
          19          19  0.10686191644092626     
          19          20   6.7313118791040363E-002
          19          21   8.8351753263882296E-003
          19          22  0.24485437816735078     
          19          23   4.7114138766207209E-002
          19          24   6.1839606280036661E-003
          19          25  0.13970652710779133     
          19          26   4.6924108003813968E-015
          19          27  -8.3203019201797108E-017
          19          28   2.5298795001983536E-015
          19          29   4.8560426006762970E-016
          19          30   5.4973336942784477E-015
          19          31  -9.3433823997453087E-016
          19          32   5.9346012371751573E-015
          19          33  -5.5783321369116968E-015
          19          34   5.2744510116509180E-015
          19          35   4.6800813638274205E-016
          19          36   2.3392824345836281E-015
          19          37  -2.3480272078654616E-015
          20           1   9.2089258795105894E-015
          20           2   1.8612305048626182E-014
          20           3  -1.8220682551488816E-014
          20           4  -2.5021173956186606E-014
          20           5   4.7153054342916030E-014
          20           6  -2.5775044316986353E-014
          20           7 -0.30497605521085397     
          20           8   1.4300637712784024E-002
          20           9  -8.8789377960499169E-002
          20          10  -7.3416568976533952E-002
          20          11   3.3840871449785145E-003
          20          12  -2.1011020529391747E-002
          20          13   3.1127941571644749E-014
          20          14  -3.2995660892200504E-002
          20          15   1.1523403803131247E-003
          20          16  -7.1546169914023620E-003
          20          17  0.21711022105629008     
          20          18  -1.0841618076889725E-002
          20          19   6.7313118791040363E-002
          20          20  0.52650448192406696     
          20          21  -2.4983985673515119E-002
          20          22  0.15511983391842626     
          20          23  0.29046954448674334     
          20          24  -1.7702638210550167E-002
          20          25  0.10991161838726629     
          20          26  -1.6197016398900344E-014
          20          27   9.5786889166771755E-015
          20          28   1.1643938759373061E-014
          20          29   2.3961790369833695E-015
          20          30   1.5601949482007553E-015
          20          31   1.5022381436304675E-014
          20          32  -2.3652353754039687E-014
          20          33   8.0576152216417326E-015
          20          34   2.4254778512506808E-014
          20          35   2.9181416933861068E-016
          20          36  -9.4759637018907106E-015
          20          37   3.8046045790886749E-014
          21           1   2.1476881981113045E-014
          21           2   5.0011948830818633E-014
          21           3  -6.2652458488571462E-014
          21           4  -9.4037385654656032E-014
          21           5   5.9992434055416869E-014
          21           6   1.0566296692240352E-013
          21           7   1.4300637712855363E-002
          21           8 -0.41205221549143611     
          21           9  -1.1654039145935558E-002
          21          10   3.3840871449968626E-003
          21          11  -9.8754953516890759E-002
          21          12  -2.7577989774282452E-003
          21          13  -3.0129373221946002E-014
          21          14   1.1523403803576802E-003
          21          15  -4.1623820400900929E-002
          21          16  -9.3907839435250235E-004
          21          17  -1.0841618076930692E-002
          21          18  0.29828693906361253     
          21          19   8.8351753263882296E-003
          21          20  -2.4983985673515119E-002
          21          21  0.71357231121841980     
          21          22   2.0360235180043654E-002
          21          23  -1.7702638210584161E-002
          21          24  0.42301821570801934     
          21          25   1.4426436277359039E-002
          21          26   5.6570788572147856E-015
          21          27   6.4395952517701897E-015
          21          28  -4.1110004489580811E-015
          21          29   1.0618240685080242E-015
          21          30  -1.3438694223613433E-014
          21          31  -1.1688700152676524E-014
          21          32   1.5210689119539660E-014
          21          33   5.2398279903347635E-015
          21          34  -4.9705540459222198E-015
          21          35  -1.8773330603375547E-017
          21          36  -2.5921886240137820E-014
          21          37  -3.7644639931333951E-014
          22           1   1.1522578024174015E-014
          22           2   1.7758271731634569E-014
          22           3   1.6111067724671326E-015
          22           4   6.2350083071572686E-015
          22           5  -1.5430843366019176E-015
          22           6  -2.3307260355103062E-014
          22           7  -8.8789377960445004E-002
