           1           1   4.3659403590073725E-002
           1           2   7.7841799970904027E-002
           1           3  0.11445475786697440     
           1           4  -2.6142139384366979E-017
           1           5   1.1578277726985961E-017
           1           6  -3.3632674008483165E-017
           2           1   7.7841799970904027E-002
           2           2  0.13878672919132296     
           2           3  0.20406518722177147     
           2           4  -4.6609688118415965E-017
           2           5   2.0643295709988250E-017
           2           6  -5.9964810954270494E-017
           3           1  0.11445475786697440     
           3           2  0.20406518722177147     
           3           3  0.30004742440792509     
           3           4  -6.8532595210317789E-017
           3           5   3.0352887689470227E-017
           3           6  -8.8169311615035818E-017
           4           1  -2.6142139384366979E-017
           4           2  -4.6609688118415965E-017
           4           3  -6.8532595210317789E-017
           4           4   1.5653247534216192E-032
           4           5  -6.9327779419917527E-033
           4           6   2.0138388972373469E-032
           5           1   1.1578277726985961E-017
           5           2   2.0643295709988250E-017
           5           3   3.0352887689470227E-017
           5           4  -6.9327779419917527E-033
           5           5   3.0705072470045808E-033
           5           6  -8.9192340790458036E-033
           6           1  -3.3632674008483165E-017
           6           2  -5.9964810954270494E-017
           6           3  -8.8169311615035818E-017
           6           4   2.0138388972373469E-032
           6           5  -8.9192340790458036E-033
           6           6   2.5908662692269931E-032
