           1           1   5.6660965421569495E-002
           1           2  0.11990114820667332     
           1           3   9.1302696041880183E-002
           1           4  -1.6785697970436812E-010
           1           5   1.5492645941926679E-010
           1           6   1.6757217517957245E-010
           2           1  0.11990114820667332     
           2           2  0.25372468037415274     
           2           3  0.19320705195077637     
           2           4  -3.5520475959621419E-010
           2           5   3.2784228496207855E-010
           2           6   3.5460208032163094E-010
           3           1   9.1302696041880183E-002
           3           2  0.19320705195077637     
           3           3  0.14712390165774647     
           3           4  -2.7048241558238265E-010
           3           5   2.4964635402801052E-010
           3           6   2.7002348551006033E-010
           4           1  -1.6785697970436812E-010
           4           2  -3.5520475959621419E-010
           4           3  -2.7048241558238265E-010
           4           4   4.9727295371403477E-019
           4           5  -4.5896654532663154E-019
           4           6  -4.9642922599103095E-019
           5           1   1.5492645941926679E-010
           5           2   3.2784228496207855E-010
           5           3   2.4964635402801052E-010
           5           4  -4.5896654532663154E-019
           5           5   4.2361099302859108E-019
           5           6   4.5818781244898122E-019
           6           1   1.6757217517957245E-010
           6           2   3.5460208032163094E-010
           6           3   2.7002348551006033E-010
           6           4  -4.9642922599103095E-019
           6           5   4.5818781244898122E-019
           6           6   4.9558692982883336E-019
