           1           1  0.33032022995175270     
           1           2  0.62124801361561754     
           1           3 -0.12684097850246803     
           1           4 -0.17857801483044305     
           1           5   4.8199869301226203E-002
           1           6   2.0709318140909250E-002
           1           7  -7.5135455011092096E-003
           1           8  -2.3381330706249148E-003
           1           9  -5.0112341176935991E-011
           1          10   3.3288099105481338E-012
           1          11  -2.9080707576270038E-010
           1          12  -3.1629476539741187E-010
           1          13   8.5932001813828008E-010
           1          14  -1.2841730876677267E-009
           1          15  -2.6080858804629982E-004
           1          16   4.9454221128316176E-012
           1          17   1.5377733701305531E-012
           1          18   6.7792187978459906E-012
           1          19   3.1028356993110130E-010
           1          20   2.6493985563842150E-010
           1          21   6.2907244090962663E-010
           1          22   6.3715612442488014E-010
           1          23   1.6277392092088910E-010
           1          24   1.4192906357131230E-009
           1          25   4.4545645702749625E-010
           1          26   2.2960793084421612E-010
           1          27   1.0688830390739959E-009
           1          28   1.4136560050095039E-010
           1          29  -1.5298420647330313E-012
           1          30   7.8182999238712034E-011
           1          31   5.0796151039881456E-012
           1          32  -7.5575472827150307E-012
           1          33  -2.0675467940241000E-011
           1          34   4.6530088172244280E-003
           1          35  -3.6731865205527945E-010
           1          36   4.6530093598243887E-003
           1          37   4.9378253676603200E-010
           1          38  -2.3455450967151480E-010
           1          39   4.6530092123956450E-003
           1          40   8.2329637299472305E-003
           1          41   2.7797429365517718E-010
           1          42   8.2329633156910647E-003
           1          43  -3.8098458718144057E-010
           1          44   1.7965988196765918E-010
           1          45   8.2329634289829735E-003
           1          46   1.2054782645710442E-003
           1          47   9.9081328293535147E-010
           1          48   1.2054768247116944E-003
           1          49  -1.3430876724870185E-009
           1          50   6.4154970883716281E-010
           1          51   1.2054771579647228E-003
           2           1  0.62124801361561754     
           2           2   1.2027477268920312     
           2           3 -0.38867876043468352     
           2           4 -0.50536648939332718     
           2           5  0.14108829182115881     
           2           6   6.0423472149018179E-002
           2           7  -2.3099356817123034E-002
           2           8  -7.0606376213114370E-003
           2           9  -9.8060753323261495E-011
           2          10   8.1408347684567995E-011
           2          11  -7.4594055452629569E-010
           2          12  -6.3528305886077841E-010
           2          13   2.4950309884231500E-009
           2          14  -4.0133617410580316E-009
           2          15  -8.0475606161146919E-004
           2          16   1.4133860974201594E-011
           2          17   4.7923778640035682E-012
           2          18   2.0220571595829129E-011
           2          19   8.9085321720434227E-010
           2          20   7.6449630810118426E-010
           2          21   1.6873293254644375E-009
           2          22   1.7991180210032580E-009
           2          23   5.6723591747633504E-010
           2          24   4.0914887774917798E-009
           2          25   1.2665446130114742E-009
           2          26   7.1252094994811306E-010
           2          27   3.0582096877798902E-009
           2          28   4.2596028218360612E-010
           2          29  -5.3454568742639497E-013
           2          30   2.3443165133775567E-010
           2          31   1.7890575276731585E-011
           2          32  -2.4416116238594727E-011
           2          33  -6.1652741926524901E-011
           2          34   1.7354648187600775E-002
           2          35  -1.1182563456329001E-009
           2          36   1.7354649837265763E-002
           2          37   1.5054777510780374E-009
           2          38  -7.1453867236817598E-010
           2          39   1.7354649389930137E-002
           2          40   2.5744008549025175E-002
           2          41   8.4185963878968254E-010
           2          42   2.5744007295211348E-002
           2          43  -1.1546021300704434E-009
           2          44   5.4398509337225845E-010
           2          45   2.5744007637011328E-002
           2          46   3.7593353212240573E-003
           2          47   3.0259701109445579E-009
           2          48   3.7593309241177836E-003
           2          49  -4.1015031300707786E-009
           2          50   1.9591359425278334E-009
           2          51   3.7593319417340955E-003
           3           1 -0.12684097850246803     
           3           2 -0.38867876043468352     
           3           3  0.70717901531704053     
           3           4  0.82280281859007687     
           3           5 -0.28428359673852865     
           3           6 -0.11975504164278027     
           3           7   4.9614276819061449E-002
           3           8   1.5348439409721623E-002
           3           9   1.5583309761155840E-010
           3          10  -3.2156028307068983E-010
           3          11   1.0326989598746245E-009
           3          12   1.4728098134476894E-009
           3          13  -4.1336866556032199E-009
           3          14   8.0076996980492334E-009
           3          15   1.7098609787643561E-003
           3          16  -2.7452182322987158E-011
           3          17  -7.2207538009156721E-012
           3          18  -4.0343486525650586E-011
           3          19  -1.7662641467040868E-009
           3          20  -8.0100648707467296E-010
           3          21  -2.7306432858606637E-009
           3          22  -3.6916773247253750E-009
           3          23  -3.8492158976380995E-010
           3          24  -7.7129576597817283E-009
           3          25  -2.5852622036271945E-009
           3          26  -8.3305657335716219E-010
           3          27  -5.6449340359755397E-009
           3          28  -9.0379906644750878E-010
           3          29   2.5943502815257278E-011
           3          30  -4.7081705730268434E-010
           3          31  -4.6149100204787470E-011
           3          32   4.4342684896837341E-011
           3          33   1.2216165641191236E-010
           3          34  -4.1856834644246672E-002
           3          35   2.2529943070382220E-009
           3          36  -4.1856837954554811E-002
           3          37  -3.0436207801933171E-009
           3          38   1.4409751353212526E-009
           3          39  -4.1856837062078288E-002
           3          40  -5.3634295052816958E-002
           3          41  -1.6686824828995294E-009
           3          42  -5.3634292571092070E-002
           3          43   2.2915264999629551E-009
           3          44  -1.0756833357544665E-009
           3          45  -5.3634293240880329E-002
           3          46  -7.9748199837974057E-003
           3          47  -6.4726439496272783E-009
           3          48  -7.9748105778613548E-003
           3          49   8.7711232767857808E-009
           3          50  -4.1883967532648661E-009
           3          51  -7.9748127558599627E-003
           4           1 -0.17857801483044305     
           4           2 -0.50536648939332718     
           4           3  0.82280281859007687     
           4           4   1.0136572169714619     
           4           5 -0.55094012632938927     
           4           6 -0.22628801027888981     
           4           7   9.1192338716939880E-002
           4           8   2.9576268685527513E-002
           4           9   3.2877849345321050E-010
           4          10   3.2792193172860860E-011
           4          11   1.2555242634406960E-009
           4          12   3.2508697380737276E-009
           4          13  -8.4703878774128882E-010
           4          14   1.0195826374194140E-008
           4          15   3.0682700817772652E-003
           4          16  -5.0973236807358903E-011
           4          17  -3.0555881103862765E-011
           4          18  -9.4820482857557524E-011
           4          19  -3.4481234491446751E-009
           4          20  -2.0719281479839074E-009
           4          21  -7.1967177256795045E-009
           4          22  -7.4440725077053854E-009
           4          23  -4.0597321700229484E-009
           4          24  -1.8708315312025639E-008
           4          25  -5.1297275949138611E-009
           4          26  -3.3670291631889228E-009
           4          27  -1.2977249340798577E-008
           4          28  -1.6978939961296418E-009
           4          29  -1.0118373340190926E-010
           4          30  -1.0613848998296271E-009
           4          31  -8.7634388683590445E-011
           4          32   1.4341621309540113E-010
           4          33   2.9742126001746222E-010
           4          34  -6.0003908136780804E-002
           4          35   3.7734333528376233E-009
           4          36  -6.0003913652969573E-002
           4          37  -5.1168377677406410E-009
           4          38   2.4155970269085287E-009
           4          39  -6.0003912173823337E-002
           4          40  -8.9230894477531755E-002
           4          41  -2.7634554722187310E-009
           4          42  -8.9230890375777680E-002
           4          43   3.7966898484463964E-009
           4          44  -1.7720016828958759E-009
           4          45  -8.9230891465516909E-002
           4          46  -1.4052963814286903E-002
           4          47  -1.1981532050956960E-008
           4          48  -1.4052946398065013E-002
           4          49   1.6232136116684701E-008
           4          50  -7.7479660609220755E-009
           4          51  -1.4052950435445626E-002
           5           1   4.8199869301226203E-002
           5           2  0.14108829182115881     
           5           3 -0.28428359673852865     
           5           4 -0.55094012632938927     
           5           5   1.0317068145733477     
           5           6  0.41194634854547779     
           5           7 -0.19998999871836023     
           5           8  -8.1344566169365640E-002
           5           9  -5.1235757873149129E-010
           5          10  -9.8010083476314702E-010
           5          11  -1.4690104373892354E-009
           5          12  -5.5310956729390559E-009
           5          13  -9.0602803173829786E-009
           5          14  -1.4706518633752393E-008
           5          15  -6.0280768075090729E-003
           5          16   8.9124272195627655E-011
           5          17   5.9793445108365713E-011
           5          18   1.7547850293815356E-010
           5          19   6.8764675596726596E-009
           5          20   1.4446520668320342E-010
           5          21   1.1860537867806605E-008
           5          22   1.5113426759584675E-008
           5          23   4.2164471659401044E-009
           5          24   3.2713561084744488E-008
           5          25   1.0169285461220949E-008
           5          26   3.5034008389483078E-009
           5          27   2.2052995752080584E-008
           5          28   3.8668391011525513E-009
           5          29   5.2941445476566617E-011
           5          30   2.0463899754948447E-009
           5          31   3.3849063875075476E-010
           5          32  -2.9423944990605662E-010
           5          33  -5.2839050229806907E-010
           5          34   6.4494145456882007E-002
           5          35  -5.3983282167403077E-009
           5          36   6.4494153251802147E-002
           5          37   7.3574824647239970E-009
           5          38  -3.4540672836975620E-009
           5          39   6.4494151183579804E-002
           5          40  0.13524308709801414     
           5          41   3.7783287443846494E-009
           5          42  0.13524308147343328     
           5          43  -5.2186745328810505E-009
           5          44   2.3891258342662227E-009
           5          45  0.13524308294412785     
           5          46   2.3024400213444811E-002
           5          47   2.7135919337584564E-008
           5          48   2.3024360760566465E-002
           5          49  -3.6747716795993569E-008
           5          50   1.7514395359991869E-008
           5          51   2.3024369936030464E-002
           6           1   2.0709318140909250E-002
           6           2   6.0423472149018179E-002
           6           3 -0.11975504164278027     
           6           4 -0.22628801027888981     
           6           5  0.41194634854547779     
           6           6  0.16523872593938568     
           6           7  -9.6753401931512328E-002
           6           8  -4.3475506863379990E-002
           6           9  -3.6969049265337434E-010
           6          10  -6.8404037298937582E-011
           6          11  -9.9909216917887193E-010
           6          12  -3.9058646527381393E-009
           6          13  -4.5195175056793643E-010
           6          14  -1.0122254004386646E-008
           6          15  -2.7582919770713001E-003
           6          16   4.4980982077793798E-011
           6          17   2.0587333101046321E-011
           6          18   1.0316070859678223E-010
           6          19   4.0393467895983778E-009
           6          20  -7.3063205885677380E-010
           6          21   8.2268581090738380E-009
           6          22   8.9708339976561421E-009
           6          23  -4.6958654051159944E-010
           6          24   2.0923603017888815E-008
           6          25   5.8748089646270893E-009
           6          26   9.9988589369816336E-011
           6          27   1.3720034707147793E-008
           6          28   1.9721525561910110E-009
           6          29  -6.2650676674159244E-011
           6          30   1.1838057592807911E-009
           6          31   1.7364604516539608E-010
           6          32  -1.1366215954192210E-010
           6          33  -3.2033169288745839E-010
           6          34   2.5739357424738169E-002
           6          35  -1.9677835900071142E-009
           6          36   2.5739360255361478E-002
           6          37   2.6775314397536199E-009
           6          38  -1.2581477977200371E-009
           6          39   2.5739359500097529E-002
           6          40   5.4776582166327734E-002
           6          41   1.3734894647874855E-009
           6          42   5.4776580104346578E-002
           6          43  -1.9079062760308481E-009
           6          44   8.6379843921903907E-010
           6          45   5.4776580653454171E-002
           6          46   9.1487274905829863E-003
           6          47   1.3320474484530566E-008
           6          48   9.1487081263946536E-003
           6          49  -1.8038163464587998E-008
           6          50   8.5922991753786840E-009
           6          51   9.1487126349480159E-003
           7           1  -7.5135455011092096E-003
           7           2  -2.3099356817123034E-002
           7           3   4.9614276819061449E-002
           7           4   9.1192338716939880E-002
           7           5 -0.19998999871836023     
           7           6  -9.6753401931512328E-002
           7           7  0.45518713568742064     
           7           8  0.28759678773476344     
           7           9   1.8616786485826712E-009
           7          10   3.7149395908001131E-010
           7          11   1.1078120461641959E-008
           7          12   2.1374902619501236E-008
           7          13   3.5365726908162260E-009
           7          14   1.1230390195359150E-007
           7          15   9.7847453890434147E-003
           7          16  -2.7719961216256378E-010
           7          17  -1.1875234484129522E-010
           7          18  -6.8632506646925939E-010
           7          19  -3.7401348217777316E-008
           7          20  -4.5452129170705424E-010
           7          21  -6.9722135378317148E-008
           7          22  -8.0456417839535031E-008
           7          23  -2.0015014993527339E-009
           7          24  -1.6292916012800850E-007
           7          25  -5.0019734194235225E-008
           7          26  -2.0635994792843812E-009
           7          27  -1.0184314203543718E-007
           7          28  -1.1641313296738000E-008
           7          29   3.8077212006091405E-010
           7          30  -7.7921582866903086E-009
           7          31  -9.1922061332625918E-010
           7          32   6.5228368210931511E-010
           7          33   2.2156754720776012E-009
           7          34  -6.1764102217951554E-003
           7          35  -3.0164915636059662E-009
           7          36  -6.1764055877031251E-003
           7          37   4.2265277690579886E-009
           7          38  -1.9812349985066620E-009
           7          39  -6.1764067734787088E-003
           7          40  -4.1131802909572961E-002
           7          41   2.6789901788133325E-009
           7          42  -4.1131806476708145E-002
           7          43  -3.4362099851177611E-009
           7          44   1.8120395367076643E-009
           7          45  -4.1131805775307791E-002
           7          46  -2.9531894083419268E-003
           7          47  -6.6681559471055698E-008
           7          48  -2.9530925156233860E-003
           7          49   9.0284643245033959E-008
           7          50  -4.2904286385124947E-008
           7          51  -2.9531151762335569E-003
           8           1  -2.3381330706249148E-003
           8           2  -7.0606376213114370E-003
           8           3   1.5348439409721623E-002
           8           4   2.9576268685527513E-002
           8           5  -8.1344566169365640E-002
           8           6  -4.3475506863379990E-002
           8           7  0.28759678773476344     
           8           8  0.18387670841507120     
           8           9  -1.5624190188472473E-009
           8          10  -3.3978584438647639E-010
           8          11  -7.5661086301500083E-009
           8          12  -1.7236506705915877E-008
           8          13  -3.8564868441040324E-009
           8          14  -7.6839550461337210E-008
           8          15   6.0988164886796540E-003
           8          16   2.0623310208899925E-010
           8          17  -2.5014077054585514E-011
           8          18   3.6280826761203386E-010
           8          19   2.4209017697464065E-008
           8          20   6.2444168345215582E-009
           8          21   4.8736834260096682E-008
           8          22   5.2839157255574266E-008
           8          23   1.3313837991230677E-008
           8          24   1.1241246570506966E-007
           8          25   3.3056166292393234E-008
           8          26   7.7826896454206558E-009
           8          27   6.9676894233845145E-008
           8          28  -3.8411376458978090E-009
           8          29   7.0197275794440985E-010
           8          30   2.4920989527051488E-009
           8          31  -1.9761383042487169E-009
           8          32   2.2988912251831263E-010
           8          33  -1.4930564945457649E-009
           8          34  -8.1937195085203713E-004
           8          35  -2.2110655855610402E-009
           8          36  -8.1936857613267142E-004
           8          37   3.0889746327609383E-009
           8          38  -1.4488806070598209E-009
           8          39  -8.1936944452650395E-004
           8          40  -2.0306066694879860E-002
           8          41   1.9304977317519821E-009
           8          42  -2.0306069294086727E-002
           8          43  -2.4941440993003271E-009
           8          44   1.2977964182338602E-009
           8          45  -2.0306068765129599E-002
           8          46  -8.2037777163553949E-004
           8          47  -4.2238430063620726E-008
           8          48  -8.2031639735294620E-004
           8          49   5.7189070300781187E-008
           8          50  -2.7174285889547930E-008
           8          51  -8.2033075364503774E-004
           9           1  -5.0112341176935991E-011
           9           2  -9.8060753323261495E-011
           9           3   1.5583309761155840E-010
           9           4   3.2877849345321050E-010
           9           5  -5.1235757873149129E-010
           9           6  -3.6969049265337434E-010
           9           7   1.8616786485826712E-009
           9           8  -1.5624190188472473E-009
           9           9   2.0752432910908884E-002
           9          10  -1.4790266231207785E-010
           9          11   2.3748304814765359E-010
           9          12  0.19791205993326808     
           9          13  -1.5311408965670657E-009
           9          14   2.0545538257028617E-009
           9          15   8.9199041636997769E-010
           9          16  -1.5382378512054760E-004
           9          17  -3.5838801208777938E-010
           9          18  -3.2578447685417690E-010
           9          19  -1.2625220889906294E-003
           9          20   8.2259140879517651E-010
           9          21  -1.0106804378477203E-009
           9          22  -3.4004117778403800E-002
           9          23   2.3880999885656058E-009
           9          24  -2.8459081202952609E-009
           9          25  -2.0649247271221766E-002
           9          26  -1.5733044239209250E-009
           9          27   1.6843500110785152E-009
           9          28  -1.4651144163988603E-003
           9          29  -1.3391713399760372E-009
           9          30  -1.0437276215394648E-011
           9          31   5.4677435405927244E-004
           9          32   8.7291982178273226E-010
           9          33   6.1803717338338406E-010
           9          34   1.9681019477430993E-010
           9          35   1.3003834798724653E-010
           9          36  -4.2583321686645165E-010
           9          37  -2.2928919201736313E-010
           9          38   1.5215054843704844E-010
           9          39  -3.2514638409686160E-010
           9          40  -1.1059170865286776E-010
           9          41  -1.5778838993554452E-011
           9          42  -3.8201240539871550E-010
           9          43   1.7787407338608624E-010
           9          44   3.7956920545790554E-011
           9          45   1.7592474447046786E-010
           9          46  -7.6833818763158903E-011
           9          47   4.2764949960291279E-010
           9          48  -9.4452315607914009E-010
           9          49  -2.9227955332485321E-010
           9          50  -3.6247948999291161E-010
           9          51  -8.2337569968290215E-011
          10           1   3.3288099105481338E-012
          10           2   8.1408347684567995E-011
          10           3  -3.2156028307068983E-010
          10           4   3.2792193172860860E-011
          10           5  -9.8010083476314702E-010
          10           6  -6.8404037298937582E-011
          10           7   3.7149395908001131E-010
          10           8  -3.3978584438647639E-010
          10           9  -1.4790266231207785E-010
          10          10   2.0752433037841023E-002
          10          11  -6.2477573421283281E-011
          10          12  -8.4570719502434163E-010
          10          13  0.19791206144947471     
          10          14  -6.4856435445598910E-010
          10          15  -2.5149098728648300E-011
          10          16  -3.2331139752140636E-010
          10          17  -1.5382370326546228E-004
          10          18   8.1807081425841279E-011
          10          19   9.1302150323229601E-010
          10          20  -1.2625240082448416E-003
          10          21   2.3184236843358659E-010
          10          22   1.5282499896540211E-009
          10          23  -3.4004120598178852E-002
          10          24   1.4051892078301483E-009
          10          25  -9.6218110433081082E-010
          10          26  -2.0649245643222382E-002
          10          27  -7.0878349998844955E-010
          10          28  -5.7463921101586898E-010
          10          29  -1.4651129716761750E-003
          10          30  -9.1353835799571104E-010
          10          31   1.1805051201400035E-010
          10          32   5.4677366399534977E-004
          10          33   3.2804080676134050E-010
          10          34   3.9451667118556540E-010
          10          35   5.9785605623168661E-011
          10          36   1.0773172331150405E-010
          10          37   1.3495889227131431E-010
          10          38   1.3256437196309412E-010
          10          39   4.5480674352191079E-010
          10          40  -2.9705436305786774E-010
          10          41   3.2721324097461819E-011
          10          42   2.0269812918993316E-010
          10          43  -2.1805369364892884E-010
          10          44  -9.2750721867944098E-011
          10          45  -6.0485683965614237E-010
          10          46   4.2306079193644629E-010
          10          47  -1.9022263834860852E-011
          10          48   3.6952985453262459E-010
          10          49   3.2626597913921573E-010
          10          50   1.5707351853513778E-010
          10          51   7.0705803376395776E-011
          11           1  -2.9080707576270038E-010
          11           2  -7.4594055452629569E-010
          11           3   1.0326989598746245E-009
          11           4   1.2555242634406960E-009
          11           5  -1.4690104373892354E-009
          11           6  -9.9909216917887193E-010
          11           7   1.1078120461641959E-008
          11           8  -7.5661086301500083E-009
          11           9   2.3748304814765359E-010
          11          10  -6.2477573421283281E-011
          11          11   2.0752432924117756E-002
          11          12   1.4293615974121456E-009
          11          13  -5.3462239767414917E-010
          11          14  0.19791206066726946     
          11          15   2.7904917641978849E-009
          11          16   4.6473659382815912E-011
          11          17  -1.3949463292588915E-010
          11          18  -1.5382462392264700E-004
          11          19  -1.5260578920450902E-009
          11          20   3.7262212997787651E-010
          11          21  -1.2625230039100242E-003
          11          22  -2.1721559395223894E-009
          11          23   1.8494784234880747E-009
          11          24  -3.4004121272072904E-002
          11          25   1.5327049204246453E-009
          11          26  -7.3376532279402335E-010
          11          27  -2.0649245271098272E-002
          11          28   6.8133713060679269E-010
          11          29  -2.3627785724810700E-009
          11          30  -1.4651146826058898E-003
          11          31  -7.0130879782659262E-011
          11          32   1.8213028627178014E-009
          11          33   5.4677547314212324E-004
          11          34   9.6344694458066653E-011
          11          35   3.7966421870877902E-010
          11          36  -2.5397877054370647E-010
          11          37  -9.6346630302250221E-011
          11          38   3.3746089989222164E-011
          11          39  -3.9751530379708941E-010
          11          40  -7.9953966926061002E-010
          11          41  -3.3070856134080334E-011
          11          42  -1.5195955382961947E-009
          11          43   2.3538414258081903E-010
          11          44   7.9764830295019384E-010
          11          45  -3.0436595193104973E-010
          11          46  -1.1437470506690181E-009
          11          47   7.1101108718034644E-010
          11          48  -2.7677053903291634E-009
          11          49  -1.0568386021302401E-009
          11          50  -1.4268545274353145E-009
          11          51  -2.2155671542440300E-009
          12           1  -3.1629476539741187E-010
          12           2  -6.3528305886077841E-010
          12           3   1.4728098134476894E-009
          12           4   3.2508697380737276E-009
          12           5  -5.5310956729390559E-009
          12           6  -3.9058646527381393E-009
          12           7   2.1374902619501236E-008
          12           8  -1.7236506705915877E-008
          12           9  0.19791205993326808     
          12          10  -8.4570719502434163E-010
          12          11   1.4293615974121456E-009
          12          12   1.8886922438096847     
          12          13  -9.3563462462477879E-009
          12          14   1.1742295372377685E-008
          12          15   9.1790905304030744E-009
          12          16  -1.5785851308416110E-003
          12          17  -3.7363924654900395E-009
          12          18  -3.5786408429006014E-009
          12          19  -2.4830781901615716E-002
          12          20   8.8891673271608292E-009
          12          21  -1.1236665543198969E-008
          12          22 -0.35077922059262090     
          12          23   2.4763903989640319E-008
          12          24  -2.9751166669357555E-008
          12          25 -0.21356546799287843     
          12          26  -1.5774073362414752E-008
          12          27   1.7392949754571538E-008
          12          28  -1.5074360125508716E-002
          12          29  -1.3777433688363250E-008
          12          30  -5.0400876981555930E-010
          12          31   5.6137166930872850E-003
          12          32   9.1460133575985156E-009
          12          33   6.7175134986562614E-009
          12          34   2.1687713254403597E-009
          12          35   1.4207443743715118E-009
          12          36  -4.2960195910163889E-009
          12          37  -2.1100918267942361E-009
          12          38   1.5959500386218352E-009
          12          39  -3.1343010265661008E-009
          12          40  -1.3014523104926833E-009
          12          41  -2.4701752175033321E-010
          12          42  -4.0486941088826762E-009
          12          43   1.7377109874165862E-009
          12          44   4.8739726043942635E-010
          12          45   1.5021633757401703E-009
          12          46  -1.2077811577918806E-009
          12          47   4.2986800442800096E-009
          12          48  -1.0139627273709082E-008
          12          49  -3.1018530168461367E-009
          12          50  -3.8623743032018064E-009
          12          51  -1.3918341462046846E-009
          13           1   8.5932001813828008E-010
          13           2   2.4950309884231500E-009
          13           3  -4.1336866556032199E-009
          13           4  -8.4703878774128882E-010
          13           5  -9.0602803173829786E-009
          13           6  -4.5195175056793643E-010
          13           7   3.5365726908162260E-009
          13           8  -3.8564868441040324E-009
          13           9  -1.5311408965670657E-009
          13          10  0.19791206144947471     
          13          11  -5.3462239767414917E-010
          13          12  -9.3563462462477879E-009
          13          13   1.8886922612110948     
          13          14  -5.7059690652661972E-009
          13          15   6.0698700051595397E-011
          13          16  -3.1095205196448898E-009
          13          17  -1.5785840615987847E-003
          13          18   9.5882466967437490E-010
          13          19   9.7596200928718462E-009
          13          20  -2.4830801102326480E-002
          13          21   3.5009545660877751E-009
          13          22   1.6791481479270534E-008
          13          23 -0.35077924951143191     
          13          24   1.5987949148588780E-008
          13          25  -9.3351977105517879E-009
          13          26 -0.21356545102983265     
          13          27  -6.3205202564153127E-009
          13          28  -6.0587725170293585E-009
          13          29  -1.5074345740501559E-002
          13          30  -8.9796071479288784E-009
          13          31   1.2193853904147833E-009
          13          32   5.6137100093547835E-003
          13          33   2.9514317322002633E-009
          13          34   3.6715692404042704E-009
          13          35   6.7290507857635207E-010
          13          36   9.0295659845591715E-010
          13          37   1.3779732479075440E-009
          13          38   1.4295763456224541E-009
          13          39   4.4349992987615223E-009
          13          40  -2.8514393100424189E-009
          13          41   3.5871322202435050E-010
          13          42   2.1099420691378352E-009
          13          43  -2.1169476202225612E-009
          13          44  -8.8315870199977414E-010
          13          45  -5.8017375774487424E-009
          13          46   4.4063976539942849E-009
          13          47  -2.0357543527040148E-011
          13          48   3.7113345210861813E-009
          13          49   3.2574840273838823E-009
          13          50   1.5018587485138241E-009
          13          51   8.1908145936501658E-010
          14           1  -1.2841730876677267E-009
          14           2  -4.0133617410580316E-009
          14           3   8.0076996980492334E-009
          14           4   1.0195826374194140E-008
          14           5  -1.4706518633752393E-008
          14           6  -1.0122254004386646E-008
          14           7   1.1230390195359150E-007
          14           8  -7.6839550461337210E-008
          14           9   2.0545538257028617E-009
          14          10  -6.4856435445598910E-010
          14          11  0.19791206066726946     
          14          12   1.1742295372377685E-008
          14          13  -5.7059690652661972E-009
          14          14   1.8886922563438042     
          14          15   2.8005540950102800E-008
          14          16   4.5721840798301742E-010
          14          17  -1.8502073567799693E-009
          14          18  -1.5785939024923468E-003
          14          19  -1.4932369795721044E-008
          14          20   3.5535508605990786E-009
          14          21  -2.4830789605906126E-002
          14          22  -2.2030458735557565E-008
          14          23   1.9133474825289366E-008
          14          24 -0.35077925339827531     
          14          25   1.7105713976858192E-008
          14          26  -7.9578708221454409E-009
          14          27 -0.21356544560388990     
          14          28   7.0225451546227195E-009
          14          29  -2.3932218623975386E-008
          14          30  -1.5074363930725107E-002
          14          31  -1.1012536185590651E-009
          14          32   1.8775375117758343E-008
          14          33   5.6137290778734920E-003
          14          34   1.5237112968717765E-009
          14          35   3.9623153855983982E-009
          14          36  -3.0003467272611322E-009
          14          37  -9.6690454994759526E-010
          14          38   7.5860441760936623E-010
          14          39  -3.7191358357872023E-009
          14          40  -7.9391632031133803E-009
          14          41  -4.5375275519103419E-010
          14          42  -1.5042209632303882E-008
          14          43   2.2266080695938418E-009
          14          44   7.8406871136765332E-009
          14          45  -3.1657551811835814E-009
          14          46  -1.1380687460954811E-008
          14          47   7.2893774362169843E-009
          14          48  -2.8264713484552079E-008
          14          49  -1.0597315046437903E-008
          14          50  -1.4408910831558310E-008
          14          51  -2.2091041217601923E-008
          15           1  -2.6080858804629982E-004
          15           2  -8.0475606161146919E-004
          15           3   1.7098609787643561E-003
          15           4   3.0682700817772652E-003
          15           5  -6.0280768075090729E-003
          15           6  -2.7582919770713001E-003
          15           7   9.7847453890434147E-003
          15           8   6.0988164886796540E-003
          15           9   8.9199041636997769E-010
          15          10  -2.5149098728648300E-011
          15          11   2.7904917641978849E-009
          15          12   9.1790905304030744E-009
          15          13   6.0698700051595397E-011
          15          14   2.8005540950102800E-008
          15          15   2.1354425536426012E-004
          15          16  -5.7660788785202095E-011
          15          17  -2.5975523960561607E-011
          15          18  -1.2899059246217765E-010
          15          19  -6.9847238846657505E-009
          15          20  -3.1145381887492172E-009
          15          21  -1.4551262136955851E-008
          15          22  -1.5883267410665071E-008
          15          23  -6.4537291263360906E-009
          15          24  -3.4540953012313993E-008
          15          25  -9.8797344251743018E-009
          15          26  -4.0486571791014782E-009
          15          27  -2.1477920945771455E-008
          15          28  -7.2835409635406697E-010
          15          29  -2.1147320197822826E-010
          15          30  -1.2283802293908245E-009
          15          31   1.6863047268762550E-010
          15          32   9.9145226112888826E-011
          15          33   4.6272903865853890E-010
          15          34  -2.5227333882199012E-004
          15          35  -5.2843555669346408E-011
          15          36  -2.5227325677277797E-004
          15          37   7.4405915114073343E-011
          15          38  -3.4850238277067270E-011
          15          39  -2.5227327759411454E-004
          15          40  -1.1031701728549310E-003
          15          41   4.8402802998394298E-011
          15          42  -1.1031702361967253E-003
          15          43  -6.1390664269716989E-011
          15          44   3.3046562398951714E-011
          15          45  -1.1031702244311921E-003
          15          46  -1.0371297808182690E-004
          15          47  -1.4292920838894203E-009
          15          48  -1.0371090118977735E-004
          15          49   1.9352293564296401E-009
          15          50  -9.1974444157400394E-010
          15          51  -1.0371138682175915E-004
          16           1   4.9454221128316176E-012
          16           2   1.4133860974201594E-011
          16           3  -2.7452182322987158E-011
          16           4  -5.0973236807358903E-011
          16           5   8.9124272195627655E-011
          16           6   4.4980982077793798E-011
          16           7  -2.7719961216256378E-010
          16           8   2.0623310208899925E-010
          16           9  -1.5382378512054760E-004
          16          10  -3.2331139752140636E-010
          16          11   4.6473659382815912E-011
          16          12  -1.5785851308416110E-003
          16          13  -3.1095205196448898E-009
          16          14   4.5721840798301742E-010
          16          15  -5.7660788785202095E-011
          16          16   1.1360720717253133E-005
          16          17   3.6269742490942144E-011
          16          18   3.3127482015969988E-011
          16          19   1.1584181488966260E-003
