           1           1  0.34239147205798703     
           1           2  0.64894532794723137     
           1           3 -0.24610212761156794     
           1           4 -0.13397141022036563     
           1           5  0.14987864078500729     
           1           6   2.8882707685339144E-002
           1           7  -7.2013262663253550E-005
           1           8   2.3796478167067221E-004
           1           9  -6.3044274136127311E-016
           1          10   3.7544936802643790E-015
           1          11  -3.7867246862307193E-016
           1          12   1.9134169054556965E-015
           1          13   3.2079630508589264E-014
           1          14   9.0648300374500902E-016
           1          15   6.7067773514909365E-006
           1          16   4.0014855114997550E-015
           1          17  -4.3676910698057686E-015
           1          18  -2.0697844293367836E-015
           1          19  -1.2308466979973641E-014
           1          20  -3.2111712923559002E-015
           1          21  -1.0208875913336320E-016
           1          22  -3.2264171953212279E-015
           1          23  -8.6401791213346510E-015
           1          24  -1.1821668135529525E-014
           1          25  -3.6848358599433788E-015
           1          26   7.3502050664593754E-015
           1          27  -2.6318784771752804E-016
           1          28   7.2960078254711973E-015
           1          29  -3.7968828432632286E-015
           1          30  -2.2836771294574974E-015
           1          31  -5.0985941019926097E-015
           1          32   7.2171501264412577E-015
           1          33   4.1548150158886866E-015
           1          34  -2.1221660786014038E-002
           1          35  -8.6471670275113549E-005
           1          36  -2.1138414940712676E-002
           1          37  -2.6801836287235247E-004
           1          38  -4.3481681715029120E-004
           1          39  -2.0295091491524302E-002
           1          40  -9.1453706285906516E-004
           1          41  -3.6537256649461252E-005
           1          42  -8.8431067949970880E-004
           1          43  -9.9105314896534108E-005
           1          44  -1.5885168043160041E-004
           1          45  -5.7783524799417387E-004
           1          46   4.7758535676218722E-004
           1          47   1.9730945975928074E-006
           1          48   4.7611432399421246E-004
           1          49   3.8487543954429272E-006
           1          50   5.9344869377738790E-006
           1          51   4.6115390187730987E-004
           2           1  0.64894532794723137     
           2           2   1.2690598957152373     
           2           3 -0.71079118821670251     
           2           4 -0.37086687483193009     
           2           5  0.43132603872492853     
           2           6   8.2229490436890568E-002
           2           7  -2.0951707307470934E-004
           2           8   7.3015187690741686E-004
           2           9  -5.5261710733171035E-016
           2          10   1.0464772261225067E-014
           2          11  -7.2252330067597141E-016
           2          12   5.3051981974926275E-015
           2          13   8.5948603155178061E-014
           2          14   1.7350311714002663E-015
           2          15   1.3345248714187072E-005
           2          16   1.1769938458351976E-014
           2          17  -1.3503080644665929E-014
           2          18  -6.0229718134289447E-015
           2          19  -3.5196660612163648E-014
           2          20  -7.2485240043656128E-015
           2          21   2.8574193775139687E-015
           2          22  -1.1402796365026300E-014
           2          23  -2.8291381334694077E-014
           2          24  -3.7107617423722151E-014
           2          25  -9.6566829974943293E-015
           2          26   2.2358979966753270E-014
           2          27   3.8840463206310922E-016
           2          28   2.1238904234265954E-014
           2          29  -1.1367864203522820E-014
           2          30  -6.7421078951645262E-015
           2          31  -1.4471877705841900E-014
           2          32   2.1504654369610113E-014
           2          33   1.1647779676163935E-014
           2          34  -5.9222130330337956E-002
           2          35  -2.6869671272852536E-004
           2          36  -5.8964292365524439E-002
           2          37  -8.2981427708676955E-004
           2          38  -1.3458297192444598E-003
           2          39  -5.6352181770188282E-002
           2          40  -1.5792127986502501E-003
           2          41  -1.0606269665749653E-004
           2          42  -1.4915838167847330E-003
           2          43  -2.8771628800465418E-004
           2          44  -4.6117237736806126E-004
           2          45  -6.0309458109786621E-004
           2          46   1.4111049809513521E-003
           2          47   4.8929968024417400E-006
           2          48   1.4075703012862647E-003
           2          49   8.7499053541133275E-006
           2          50   1.3319331159773090E-005
           2          51   1.3715975275584748E-003
           3           1 -0.24610212761156794     
           3           2 -0.71079118821670251     
           3           3   1.9499210985005142     
           3           4  0.73179296128835336     
           3           5  -1.8856379407762314     
           3           6 -0.33384943461362515     
           3           7  -3.5491073938993417E-003
           3           8  -7.2089202648981283E-004
           3           9  -6.8048218869589772E-015
           3          10  -2.6680140623500115E-014
           3          11  -7.0972993544963515E-016
           3          12  -2.8455725477684844E-014
           3          13  -1.9982569233638653E-013
           3          14  -1.0416576353414595E-014
           3          15  -2.5412134380941101E-004
           3          16  -2.4321637059848011E-014
           3          17   4.6325937356148367E-014
           3          18   2.1123773112574918E-014
           3          19   1.2420937765274927E-013
           3          20   2.7765141670611857E-014
           3          21   2.1087452099054758E-014
           3          22   4.0140039333012007E-014
           3          23   1.0653569632748657E-013
           3          24   1.2652495459836125E-013
           3          25   1.3466843391632161E-014
           3          26  -6.7727641169521849E-014
           3          27   5.8222464270172476E-015
           3          28  -5.3237923138796325E-014
           3          29   1.6635311543942806E-014
           3          30   2.8113828088554848E-014
           3          31   3.3170352098963117E-014
           3          32  -5.1441755565683048E-014
           3          33  -4.1687927355620192E-014
           3          34  0.31541169102857092     
           3          35   8.0197709791412629E-004
           3          36  0.31465254694245715     
           3          37   2.4391871134680624E-003
           3          38   3.9508362626408970E-003
           3          39  0.30696081106987766     
           3          40   2.6232841612900314E-002
           3          41   2.2308305820567301E-004
           3          42   2.6050044009524591E-002
           3          43   6.0558040929636697E-004
           3          44   9.7073388276539712E-004
           3          45   2.4196759391635798E-002
           3          46  -2.3971049182967535E-003
           3          47   9.7694080021730514E-007
           3          48  -2.3995953243732410E-003
           3          49   1.4281963068585315E-005
           3          50   2.4706736527097843E-005
           3          51  -2.4245324999273557E-003
           4           1 -0.13397141022036563     
           4           2 -0.37086687483193009     
           4           3  0.73179296128835336     
           4           4  0.49623731870483823     
           4           5 -0.34508631582894650     
           4           6  -9.5224461861273493E-002
           4           7   1.7159150428402328E-003
           4           8  -2.3628411262857263E-003
           4           9  -3.2705712026399936E-015
           4          10  -3.7522851810391990E-015
           4          11  -2.0646913747780958E-016
           4          12  -2.0470764779663325E-014
           4          13  -3.4519956747575538E-014
           4          14  -2.5695976897917504E-015
           4          15   1.4384259104424651E-004
           4          16  -3.3296980336738904E-014
           4          17   2.1519488067799127E-014
           4          18   1.0495687706411134E-014
           4          19   4.6489338927050560E-014
           4          20  -2.2524150270648365E-014
           4          21  -4.7382637452567893E-014
           4          22   2.7994460618924342E-014
           4          23   6.8495477628075842E-014
           4          24   7.1018645186507942E-014
           4          25   2.3642360654256974E-014
           4          26  -5.0001210392531518E-014
           4          27  -7.2612415165977322E-015
           4          28  -4.8727107405790770E-014
           4          29   3.8483901611805602E-014
           4          30   6.6708839971037793E-015
           4          31   3.1110613165188839E-014
           4          32  -5.5537464515126289E-014
           4          33  -1.3076494200012571E-014
           4          34  -3.8960377967909438E-004
           4          35   8.2666336265014998E-004
           4          36  -1.1697722457463863E-003
           4          37   2.5058277049430319E-003
           4          38   4.0576017512352512E-003
           4          39  -9.0747529554814719E-003
           4          40  -2.0599121109000210E-002
           4          41   2.0890483960258729E-004
           4          42  -2.0769819123078501E-002
           4          43   5.6723481016315597E-004
           4          44   9.0928884528128362E-004
           4          45  -2.2500387502509114E-002
           4          46  -3.4214859883297550E-003
           4          47   4.5255307030575764E-006
           4          48  -3.4269976396671085E-003
           4          49   2.3845055348737349E-005
           4          50   4.0025293519819497E-005
           4          51  -3.4825775855355148E-003
           5           1  0.14987864078500729     
           5           2  0.43132603872492853     
           5           3  -1.8856379407762314     
           5           4 -0.34508631582894650     
           5           5   4.3275248066240710     
           5           6  0.81149275889830297     
           5           7   1.5472844176279548E-002
           5           8  -3.8408019557223654E-004
           5           9   2.3613673989064647E-014
           5          10  -3.3991097742868115E-015
           5          11   7.7954787605761497E-015
           5          12   1.3814168339910138E-013
           5          13  -2.6225219980084693E-014
           5          14   6.9797505353118808E-014
           5          15   7.5340678450513433E-004
           5          16   5.4213303239720234E-014
           5          17  -8.6510452573630149E-014
           5          18  -5.1169869169544021E-014
           5          19  -2.7343942185958888E-013
           5          20   3.9657165912040643E-015
           5          21  -5.8554447093121762E-014
           5          22  -7.8174517128404515E-014
           5          23  -2.7347936417474064E-013
           5          24  -2.5740183766582956E-013
           5          25  -2.8337865181611812E-014
           5          26   1.5665226087610432E-013
           5          27  -3.4709144544496776E-014
           5          28   1.1325651696463503E-013
           5          29  -3.6437090893802106E-014
           5          30  -5.9824882294122039E-014
           5          31  -6.3430809315270041E-014
           5          32   1.1216512541417245E-013
           5          33   8.9782580001389240E-014
           5          34 -0.76573133996743281     
           5          35  -2.3039231635265576E-003
           5          36 -0.76359143591223611     
           5          37  -6.8597214492200033E-003
           5          38  -1.1090394634111891E-002
           5          39 -0.74190577409021330     
           5          40  -6.5374003903690359E-002
           5          41  -2.7299610405862474E-004
           5          42  -6.5158730476294724E-002
           5          43  -7.4355516477751760E-004
           5          44  -1.1922917043869739E-003
           5          45  -6.2976980256463894E-002
           5          46   1.7956737302497298E-003
           5          47  -6.4296285452805079E-005
           5          48   1.8542881285078944E-003
           5          49  -2.0047010960199055E-004
           5          50  -3.2539228756111623E-004
           5          51   2.4480298146048619E-003
           6           1   2.8882707685339144E-002
           6           2   8.2229490436890568E-002
           6           3 -0.33384943461362515     
           6           4  -9.5224461861273493E-002
           6           5  0.81149275889830297     
           6           6  0.16683957327841969     
           6           7   2.3647813499332311E-003
           6           8   6.3213246864916482E-004
           6           9   5.2610662571172995E-015
           6          10  -4.0675239342317228E-016
           6          11   4.3322002729517893E-016
           6          12   3.3619288198694468E-014
           6          13  -1.9498492601744574E-015
           6          14   6.0834232689533251E-015
           6          15   8.1946726772979435E-005
           6          16   2.0284510568799483E-014
           6          17  -1.9007928977550281E-014
           6          18  -1.2176629252022741E-014
           6          19  -5.9382378517834308E-014
           6          20   6.6400198941494070E-015
           6          21   8.2154206013305681E-015
           6          22  -2.2337046538384966E-014
           6          23  -6.8130256594926091E-014
           6          24  -6.4533922418668442E-014
           6          25  -1.2766299259644826E-014
           6          26   3.9126851277985317E-014
           6          27  -5.3267810584286908E-015
           6          28   3.3811158767840561E-014
           6          29  -1.8013087415659006E-014
           6          30  -1.2184349818729645E-014
           6          31  -1.9505128517085257E-014
           6          32   3.6135456971134729E-014
           6          33   1.8896572112635736E-014
           6          34 -0.12505400639163441     
           6          35  -7.1635927551849730E-004
           6          36 -0.12438862137386719     
           6          37  -2.1329818240577001E-003
           6          38  -3.4484921105158014E-003
           6          39 -0.11764565109769667     
           6          40  -3.8003487428717921E-003
           6          41  -8.5100380769799908E-005
           6          42  -3.7332304072510876E-003
           6          43  -2.3178310651852376E-004
           6          44  -3.7166398565301764E-004
           6          45  -3.0529992685991107E-003
           6          46   1.2248036981713979E-003
           6          47  -1.9955266949000155E-005
           6          48   1.2429982306355163E-003
           6          49  -6.2237852351195857E-005
           6          50  -1.0102372334342841E-004
           6          51   1.4273014705781311E-003
           7           1  -7.2013262663253550E-005
           7           2  -2.0951707307470934E-004
           7           3  -3.5491073938993417E-003
           7           4   1.7159150428402328E-003
           7           5   1.5472844176279548E-002
           7           6   2.3647813499332311E-003
           7           7   9.1605150468007291E-005
           7           8  -3.4427675164577520E-005
           7           9   3.4958754862635922E-015
           7          10  -3.0415135727614253E-014
           7          11   1.0066230681457119E-014
           7          12   2.6004324973085707E-014
           7          13  -2.2207442467505922E-013
           7          14   7.3016498129685767E-014
           7          15   5.4572261600370959E-006
           7          16  -1.7331761112592878E-016
           7          17  -6.7959946143213520E-016
           7          18   1.5944720742941028E-016
           7          19  -4.0668101744230787E-015
           7          20   3.0290693552756147E-014
           7          21  -3.2775727321601040E-014
           7          22   1.2627141509958986E-016
           7          23  -2.2161013324192607E-014
           7          24   6.6199706935953985E-015
           7          25  -1.7646289610014438E-015
           7          26   1.0864054201415260E-014
           7          27  -5.0337438836905411E-015
           7          28   1.6243818709376004E-016
           7          29  -2.5297961793973313E-015
           7          30   1.1834235581672753E-015
           7          31  -8.4934960340094553E-017
           7          32   1.4480826793153738E-015
           7          33  -5.7012080181978677E-016
           7          34  -3.5798876706707237E-003
           7          35   3.1547521739153414E-006
           7          36  -3.5828397282040994E-003
           7          37   9.4718654081171021E-006
           7          38   1.5324766688938127E-005
           7          39  -3.6127535784108624E-003
           7          40  -5.8761341983610800E-004
           7          41   5.7045162044790703E-007
           7          42  -5.8807382320906487E-004
           7          43   1.5506110699258083E-006
           7          44   2.4859221500765399E-006
           7          45  -5.9274094188988902E-004
           7          46  -3.7175501069079738E-005
           7          47   5.5164483833981985E-008
           7          48  -3.7228248043421540E-005
           7          49   1.8925545321663178E-007
           7          50   3.0953157067485452E-007
           7          51  -3.7762110021451051E-005
           8           1   2.3796478167067221E-004
           8           2   7.3015187690741686E-004
           8           3  -7.2089202648981283E-004
           8           4  -2.3628411262857263E-003
           8           5  -3.8408019557223654E-004
           8           6   6.3213246864916482E-004
           8           7  -3.4427675164577520E-005
           8           8   3.7126686394882721E-005
           8           9  -2.2480450748525071E-015
           8          10   2.2545335089566292E-014
           8          11  -7.0100068804629985E-015
           8          12  -1.6470277953388660E-014
           8          13   1.6487556451436934E-013
           8          14  -5.0977385212483842E-014
           8          15  -3.1861878233703064E-006
           8          16   4.6348115538620705E-016
           8          17   2.4483071305678971E-016
           8          18  -2.7617695845261742E-016
           8          19   3.1012734719368896E-015
           8          20  -2.6841269516435908E-014
           8          21   1.9097062398077969E-014
           8          22  -7.1831304420166022E-016
           8          23   1.3806975357256975E-014
           8          24  -4.6220333647785021E-015
           8          25   9.6940337197586555E-016
           8          26  -8.2271024844817139E-015
           8          27   3.5266603638462920E-015
           8          28   4.0691262760518436E-016
           8          29   1.6169950062591847E-015
           8          30  -8.9587312625077203E-016
           8          31  -2.4401306072237210E-016
           8          32  -5.3652519435683464E-016
           8          33   6.0778821573391742E-016
           8          34   1.0331798311887029E-003
           8          35  -1.3850219762964209E-005
           8          36   1.0460606522762275E-003
           8          37  -4.1297623720643521E-005
           8          38  -6.6776079242472446E-005
           8          39   1.1765925212388376E-003
           8          40   4.3375177972527557E-004
           8          41  -1.7903491578909393E-006
           8          42   4.3517159497902995E-004
           8          43  -4.8739802625599650E-006
           8          44  -7.8150662401705402E-006
           8          45   4.4956190005695563E-004
           8          46   4.7483190718803271E-005
           8          47  -3.6157761136400436E-007
           8          48   4.7814680090223436E-005
           8          49  -1.1404611167774800E-006
           8          50  -1.8529123180535288E-006
           8          51   5.1172204452125698E-005
           9           1  -6.3044274136127311E-016
           9           2  -5.5261710733171035E-016
           9           3  -6.8048218869589772E-015
           9           4  -3.2705712026399936E-015
           9           5   2.3613673989064647E-014
           9           6   5.2610662571172995E-015
           9           7   3.4958754862635922E-015
           9           8  -2.2480450748525071E-015
           9           9   3.6959922398677458E-002
           9          10   1.1458579669695271E-006
           9          11   3.2175115571927851E-006
           9          12  0.28567987124415356     
           9          13  -4.8976446017146881E-006
           9          14  -1.1986189572305624E-005
           9          15   4.7530918170732414E-016
           9          16   7.9604915245280944E-004
           9          17   2.9497474156896843E-007
           9          18   9.4027589140773966E-007
           9          19 -0.11515127957776733     
           9          20   2.3669788273455658E-005
           9          21   6.2916311296586265E-005
           9          22  -5.3510230772773476E-004
           9          23   4.5436632167191780E-005
           9          24   1.1640852351610785E-004
           9          25  -2.3404551093464183E-002
           9          26  -4.3849968727791011E-005
           9          27  -1.1538067727617850E-004
           9          28   4.1932938751595402E-003
           9          29  -1.6177841638142945E-007
           9          30   7.9568841780524593E-007
           9          31  -2.6574973767644673E-003
           9          32  -1.0738491815982977E-006
           9          33  -3.3549303383550419E-006
           9          34  -4.2223349602314266E-015
           9          35  -3.6308891863254586E-016
           9          36  -3.7396105419811373E-015
           9          37  -4.6278650593742551E-016
           9          38  -1.5226870315292091E-016
           9          39  -3.5151696292172472E-015
           9          40  -1.3267509263474239E-016
           9          41  -1.2719148119165318E-015
           9          42   2.9964862136335478E-016
           9          43  -8.0083315925691952E-016
           9          44   3.1148782132099330E-018
           9          45   3.3999213484175060E-016
           9          46  -8.6546275055527935E-016
           9          47  -5.7857557869314737E-017
           9          48  -5.4467065796755343E-016
           9          49   5.4580835707188656E-016
           9          50  -1.4034830850221868E-016
           9          51  -9.2460989836413862E-016
          10           1   3.7544936802643790E-015
          10           2   1.0464772261225067E-014
          10           3  -2.6680140623500115E-014
          10           4  -3.7522851810391990E-015
          10           5  -3.3991097742868115E-015
          10           6  -4.0675239342317228E-016
          10           7  -3.0415135727614253E-014
          10           8   2.2545335089566292E-014
          10           9   1.1458579669695271E-006
          10          10   3.6958741827832924E-002
          10          11   5.1742828550955622E-006
          10          12  -4.8976446038124025E-006
          10          13  0.28568416993538526     
          10          14  -1.9009600098752327E-005
          10          15  -6.4748863047231939E-015
          10          16   2.9497474263759875E-007
          10          17   7.9569784961484023E-004
          10          18   1.5289946562497318E-006
          10          19   2.3669788280512513E-005
          10          20 -0.11517416544474535     
          10          21   1.0064513385171694E-004
          10          22   4.5436632162034664E-005
          10          23  -5.7718674167078765E-004
          10          24   1.8551984550310328E-004
          10          25  -4.3849968725134065E-005
          10          26  -2.3362651118712358E-002
          10          27  -1.8438338879652296E-004
          10          28  -1.6177841911567891E-007
          10          29   4.1929316524570758E-003
          10          30   1.4679554341413877E-006
          10          31  -1.0738491807446647E-006
          10          32  -2.6562472920536851E-003
          10          33  -5.4464522202129925E-006
          10          34   1.1066509898095052E-015
          10          35  -3.2953735689423713E-015
          10          36   8.2895313273883760E-015
          10          37   2.3557931568720632E-016
          10          38  -7.2487812834303879E-016
          10          39   4.8918738027060261E-015
          10          40   1.9628232360116037E-015
          10          41   5.0584121418933874E-015
          10          42  -3.5501807355877742E-015
          10          43  -1.5980924614682633E-016
          10          44  -9.0160640639358602E-017
          10          45   1.0523020755300384E-015
          10          46   6.2951252712087474E-015
          10          47  -9.6653779155338715E-016
          10          48   6.2237163956742646E-015
          10          49  -3.2578492779099288E-015
          10          50   1.5033835949230575E-016
          10          51   7.5094385931066031E-015
          11           1  -3.7867246862307193E-016
          11           2  -7.2252330067597141E-016
          11           3  -7.0972993544963515E-016
          11           4  -2.0646913747780958E-016
          11           5   7.7954787605761497E-015
          11           6   4.3322002729517893E-016
          11           7   1.0066230681457119E-014
          11           8  -7.0100068804629985E-015
          11           9   3.2175115571927851E-006
          11          10   5.1742828550955622E-006
          11          11   3.6946768112564914E-002
          11          12  -1.1986189571626046E-005
          11          13  -1.9009600095041754E-005
          11          14  0.28572776859190180     
          11          15   1.9146384478181998E-015
          11          16   9.4027589098041493E-007
          11          17   1.5289946617010867E-006
          11          18   7.9213482741451559E-004
          11          19   6.2916311294394442E-005
          11          20   1.0064513384843050E-004
          11          21 -0.11540628099536873     
          11          22   1.1640852351861377E-004
          11          23   1.8551984550669367E-004
          11          24  -1.0040201041950740E-003
          11          25  -1.1538067727740213E-004
          11          26  -1.8438338879863932E-004
          11          27  -2.2937688598413240E-002
          11          28   7.9568841742755733E-007
          11          29   1.4679554391364900E-006
          11          30   4.1892578775939281E-003
          11          31  -3.3549303376080808E-006
          11          32  -5.4464522296560208E-006
          11          33  -2.6435685457441137E-003
          11          34  -4.8220095764072937E-015
          11          35   9.1352669862980923E-016
          11          36  -2.3818287464091274E-015
          11          37  -5.3289217993185333E-016
          11          38  -1.4871378448118562E-016
          11          39  -4.9373869178878045E-015
          11          40   7.7653523690345260E-016
          11          41  -1.6379195212791325E-015
          11          42  -1.2973216127058509E-015
          11          43  -7.7401224412319690E-017
          11          44  -1.0177378416920104E-015
          11          45  -1.1257404128365199E-015
          11          46  -2.8592726234963040E-015
          11          47   3.8832399969753095E-016
          11          48  -1.5532105410534699E-015
          11          49   9.3960050302829347E-016
          11          50   1.3756502496557612E-016
          11          51  -2.7687059036002183E-015
          12           1   1.9134169054556965E-015
          12           2   5.3051981974926275E-015
          12           3  -2.8455725477684844E-014
          12           4  -2.0470764779663325E-014
          12           5   1.3814168339910138E-013
          12           6   3.3619288198694468E-014
          12           7   2.6004324973085707E-014
          12           8  -1.6470277953388660E-014
          12           9  0.28567987124415356     
          12          10  -4.8976446038124025E-006
          12          11  -1.1986189571626046E-005
          12          12   2.2249806321835379     
          12          13  -1.6997865512786633E-004
          12          14  -4.4783444183858073E-004
          12          15   3.2539327635537390E-015
          12          16   5.9276551791912369E-003
          12          17   2.2953241151909892E-006
          12          18   7.5116881110547659E-006
          12          19 -0.84300074054914886     
          12          20   2.5695044666558531E-004
          12          21   6.8806885007672430E-004
          12          22  -3.3693345529375612E-002
          12          23   4.3996436800196066E-004
          12          24   1.1354517448839037E-003
          12          25 -0.18573264509224427     
          12          26  -3.6856364152680621E-004
          12          27  -9.7289069343182988E-004
          12          28   3.0823090511398536E-002
          12          29  -2.7553898002948083E-006
          12          30   3.5477023637132629E-006
          12          31  -1.9829363350537085E-002
          12          32  -8.4123412711466098E-006
          12          33  -2.6890443903029035E-005
          12          34  -2.3779231602613455E-014
          12          35  -5.3644157032245262E-016
          12          36  -1.9310016813417630E-014
          12          37  -3.0953869837960639E-015
          12          38  -4.6090727764209271E-016
          12          39  -1.7898627756000585E-014
          12          40   4.1716745782004925E-017
          12          41  -1.1121936034798681E-014
          12          42   3.6714706537175847E-015
          12          43  -7.0621812968043723E-015
          12          44  -5.3218632691122809E-017
          12          45   4.2079922311306857E-015
          12          46  -6.6096652505672541E-015
          12          47  -3.3292498731595972E-016
          12          48  -3.8259482250950255E-015
          12          49   4.2452130243626095E-015
          12          50  -1.1354814315285322E-015
          12          51  -7.0080543637286536E-015
          13           1   3.2079630508589264E-014
          13           2   8.5948603155178061E-014
          13           3  -1.9982569233638653E-013
          13           4  -3.4519956747575538E-014
          13           5  -2.6225219980084693E-014
          13           6  -1.9498492601744574E-015
          13           7  -2.2207442467505922E-013
          13           8   1.6487556451436934E-013
          13           9  -4.8976446017146881E-006
          13          10  0.28568416993538526     
          13          11  -1.9009600095041754E-005
          13          12  -1.6997865512786633E-004
          13          13   2.2251432958282633     
          13          14  -7.1575179014165408E-004
          13          15  -4.7305386356561248E-014
          13          16   2.2953241229686219E-006
          13          17   5.9248390300406500E-003
          13          18   1.2240737087561835E-005
          13          19   2.5695044671422695E-004
          13          20 -0.84325132748449505     
          13          21   1.1014884065415134E-003
          13          22   4.3996436796654693E-004
          13          23  -3.4104347376335012E-002
          13          24   1.8109302848141767E-003
          13          25  -3.6856364150824120E-004
          13          26 -0.18537915800092880     
          13          27  -1.5552211847373702E-003
          13          28  -2.7553898195426495E-006
          13          29   3.0821154397906191E-002
          13          30   7.4058038177818005E-006
          13          31  -8.4123412652899665E-006
          13          32  -1.9819312922997271E-002
          13          33  -4.3736831261502180E-005
          13          34   1.0306132721353592E-014
          13          35  -2.2478046866238291E-014
          13          36   6.0738756801185536E-014
          13          37   2.8308590301168258E-015
          13          38  -6.0826742758606598E-015
          13          39   3.7626033758258101E-014
          13          40   1.5855846002254064E-014
          13          41   3.6038080314109994E-014
          13          42  -2.6072169226995045E-014
          13          43  -1.7074864214922423E-015
          13          44  -1.6896764182259821E-015
          13          45   9.7882429466397422E-015
          13          46   4.5964895436246451E-014
          13          47  -7.1376310292369859E-015
          13          48   4.5896306062782323E-014
          13          49  -2.3517410253596377E-014
          13          50   1.0811765025220871E-015
          13          51   5.4638008851856138E-014
          14           1   9.0648300374500902E-016
          14           2   1.7350311714002663E-015
          14           3  -1.0416576353414595E-014
          14           4  -2.5695976897917504E-015
          14           5   6.9797505353118808E-014
          14           6   6.0834232689533251E-015
          14           7   7.3016498129685767E-014
          14           8  -5.0977385212483842E-014
          14           9  -1.1986189572305624E-005
          14          10  -1.9009600098752327E-005
          14          11  0.28572776859190180     
          14          12  -4.4783444183858073E-004
          14          13  -7.1575179014165408E-004
          14          14   2.2267930808787635     
          14          15   1.4000336288977328E-014
          14          16   7.5116881079770955E-006
          14          17   1.2240737128227846E-005
          14          18   5.8962767730486206E-003
          14          19   6.8806885006097995E-004
          14          20   1.1014884065197392E-003
          14          21 -0.84579285778914748     
          14          22   1.1354517449026925E-003
          14          23   1.8109302848366461E-003
          14          24  -3.8272855394766880E-002
          14          25  -9.7289069344087299E-004
          14          26  -1.5552211847517199E-003
          14          27 -0.18179398244630801     
          14          28   3.5477023606385739E-006
          14          29   7.4058038545474214E-006
          14          30   3.0801517734993893E-002
          14          31  -2.6890443897510555E-005
          14          32  -4.3736831331448399E-005
          14          33  -1.9717378374109383E-002
          14          34  -3.6569474040364153E-014
          14          35   6.9767259535861207E-015
          14          36  -1.8629353358809046E-014
          14          37  -4.5431667263686001E-015
          14          38  -2.6437953600723197E-015
          14          39  -3.9359795269180711E-014
          14          40   6.4882105081704127E-015
          14          41  -1.2301147759418919E-014
          14          42  -9.3222735599044209E-015
          14          43  -9.0983282455473212E-016
          14          44  -8.4490310546987385E-015
          14          45  -8.3916825835175681E-015
          14          46  -2.1030088090006255E-014
          14          47   2.9257447641622428E-015
          14          48  -1.0640710840575798E-014
          14          49   6.9705328038469382E-015
          14          50   1.0073734111115622E-015
          14          51  -2.0323663989780971E-014
          15           1   6.7067773514909365E-006
          15           2   1.3345248714187072E-005
          15           3  -2.5412134380941101E-004
          15           4   1.4384259104424651E-004
          15           5   7.5340678450513433E-004
          15           6   8.1946726772979435E-005
          15           7   5.4572261600370959E-006
          15           8  -3.1861878233703064E-006
          15           9   4.7530918170732414E-016
          15          10  -6.4748863047231939E-015
          15          11   1.9146384478181998E-015
          15          12   3.2539327635537390E-015
          15          13  -4.7305386356561248E-014
          15          14   1.4000336288977328E-014
          15          15   3.9363718889111999E-007
          15          16  -2.6472238763530529E-017
          15          17  -1.1904670940498949E-016
          15          18   3.7382023903802580E-017
          15          19  -1.2543570452688472E-017
          15          20   9.2560939281041237E-015
          15          21  -3.2083760885518389E-015
          15          22   1.3741313575466255E-015
          15          23  -3.8789313742395372E-015
          15          24   1.0952344494620839E-015
          15          25   2.2494400366634823E-016
          15          26   2.6898275405162959E-015
          15          27  -8.2729077535627615E-016
          15          28   1.8550801648835025E-017
          15          29  -6.0826594553737290E-016
          15          30   1.9163661025184216E-016
          15          31  -2.3442475411498114E-019
          15          32   3.4266526614479763E-016
          15          33  -1.1127523475255583E-016
          15          34  -2.1455736783826417E-004
          15          35   7.8072140063073622E-007
          15          36  -2.1528411430561203E-004
          15          37   2.3303108282225603E-006
          15          38   3.7683317308755742E-006
          15          39  -2.2264876426678396E-004
          15          40  -4.7469843670492967E-005
          15          41   1.0692750485217112E-007
          15          42  -4.7554937260918954E-005
          15          43   2.9100820759469063E-007
          15          44   4.6659652885067044E-007
          15          45  -4.8417418064670075E-005
          15          46  -3.6925557428728439E-006
          15          47   1.9377446508272634E-008
          15          48  -3.7104009627678485E-006
          15          49   6.1682445681255466E-008
          15          50   1.0029135840394429E-007
          15          51  -3.8911336690673789E-006
          16           1   4.0014855114997550E-015
          16           2   1.1769938458351976E-014
          16           3  -2.4321637059848011E-014
          16           4  -3.3296980336738904E-014
          16           5   5.4213303239720234E-014
          16           6   2.0284510568799483E-014
          16           7  -1.7331761112592878E-016
          16           8   4.6348115538620705E-016
          16           9   7.9604915245280944E-004
          16          10   2.9497474263759875E-007
          16          11   9.4027589098041493E-007
          16          12   5.9276551791912369E-003
          16          13   2.2953241229686219E-006
          16          14   7.5116881079770955E-006
          16          15  -2.6472238763530529E-017
          16          16   3.1055451798383346E-005
          16          17   1.3096217053361454E-008
          16          18   4.6722813812381647E-008
          16          19  -6.3986377684884677E-003
