           1           1  0.95565797180610157     
           1           2  0.53251851835483699     
           1           3  -1.7180387793528189E-015
           1           4   1.6302204528425201E-015
           1           5  -2.2053567415368941E-015
           1           6 -0.43256516827988023     
           1           7   6.5670406962657938E-015
           1           8   6.1940132601286222E-015
           1           9   1.0466192168743779E-015
           1          10   1.1058349580669483E-002
           1          11  -5.7979179218741968E-015
           1          12  -5.6659209548649007E-015
           1          13   9.3821568121189829E-016
           1          14  -3.7950342239256212E-003
           1          15   1.1897130119513141E-015
           1          16  -2.5610646792765272E-016
           1          17  -1.6704178655528933E-015
           1          18  -1.8840109196442391E-002
           1          19  -9.3404832945707927E-016
           1          20  -1.8840109196442797E-002
           1          21  -1.8161831627337833E-015
           1          22   4.0513127746324303E-017
           1          23  -1.8840109196440545E-002
           1          24   8.8689668907872804E-002
           1          25   2.4106958573893160E-016
           1          26   8.8689668907873373E-002
           1          27   1.8841007985911795E-015
           1          28   1.5275249955915770E-015
           1          29   8.8689668907871486E-002
           2           1  0.53251851835483699     
           2           2  0.32492743828348070     
           2           3  -1.7505604356342750E-015
           2           4   1.2362906352912805E-015
           2           5  -1.1143490478571320E-015
           2           6 -0.22182455185101443     
           2           7   5.1650459096083453E-015
           2           8   3.9489096070125930E-015
           2           9   6.4556753964024354E-016
           2          10   6.3735074034077036E-003
           2          11  -4.1468018484670610E-015
           2          12  -3.3991294166174392E-015
           2          13   6.8293919879587892E-016
           2          14  -2.1192809298341106E-003
           2          15   5.9999279856293071E-016
           2          16  -5.1038926908548630E-016
           2          17  -1.2330809350548201E-015
           2          18  -6.6825697765643434E-003
           2          19  -8.8852265366149139E-016
           2          20  -6.6825697765652940E-003
           2          21  -1.1906096560773733E-015
           2          22  -1.1343155500367073E-016
           2          23  -6.6825697765630137E-003
           2          24   4.5312097543695723E-002
           2          25   3.5057121897783010E-016
           2          26   4.5312097543695945E-002
           2          27   1.5003362345608227E-015
           2          28   1.2646578044124185E-015
           2          29   4.5312097543694328E-002
           3           1  -1.7180387793528189E-015
           3           2  -1.7505604356342750E-015
           3           3   2.8214638490123816E-029
           3           4  -1.1794974976045515E-029
           3           5   1.5774621109842468E-030
           3           6  -2.3510888340388348E-015
           3           7  -5.6024761977487169E-029
           3           8  -2.8121418348464790E-029
           3           9  -4.4249136175699736E-030
           3          10   5.8547585443434604E-017
           3          11   3.8393331853078693E-029
           3          12   2.0208785672497191E-029
           3          13  -6.4586395050477963E-030
           3          14  -2.3358942611596841E-017
           3          15  -9.0137043523009101E-031
           3          16   1.0114302249890164E-029
           3          17   1.2114017046564488E-029
           3          18  -1.5188821312593982E-016
           3          19   1.2095366909976164E-029
           3          20  -1.5188821312591398E-016
           3          21   9.1879117603468543E-030
           3          22   3.7558668083519141E-030
           3          23  -1.5188821312595150E-016
           3          24   4.6150439943919957E-016
           3          25  -6.2189479615562021E-030
           3          26   4.6150439943920638E-016
           3          27  -1.7008260431784729E-029
           3          28  -1.5140548546138320E-029
           3          29   4.6150439943922176E-016
           4           1   1.6302204528425201E-015
           4           2   1.2362906352912805E-015
           4           3  -1.1794974976045515E-029
           4           4   6.6405505888115752E-030
           4           5  -2.3227254889547812E-030
           4           6  -8.4691094961508638E-016
           4           7   2.8475241105953154E-029
           4           8   1.5967073399615931E-029
           4           9   2.4093392435005175E-030
           4          10   3.2161994641432557E-017
           4          11  -2.0261632595835591E-029
           4          12  -1.2065681157212861E-029
           4          13   3.4286398602882518E-030
           4          14  -1.0420490584580284E-017
           4          15   1.2288803969160699E-030
           4          16  -4.8016529904865431E-030
           4          17  -6.2870503658314584E-030
           4          18   2.1655372446192357E-018
           4          19  -5.8657885353793066E-030
           4          20   2.1655372446107061E-018
           4          21  -5.0596410834268887E-030
           4          22  -1.5123415490943262E-030
           4          23   2.1655372446258855E-018
           4          24   1.6842848353996703E-016
           4          25   2.9643912231873788E-030
           4          26   1.6842848353996749E-016
           4          27   8.3311409102293695E-030
           4          28   7.3166529317320308E-030
           4          29   1.6842848353995726E-016
           5           1  -2.2053567415368941E-015
           5           2  -1.1143490478571320E-015
           5           3   1.5774621109842468E-030
           5           4  -2.3227254889547812E-030
           5           5   5.8029005676421434E-030
           5           6   3.0669711243821322E-016
           5           7  -9.5896240600314232E-030
           5           8  -1.3162301453828957E-029
           5           9  -2.3964572622087535E-030
           5          10   4.2908197502436620E-019
           5          11   1.0311750724424546E-029
           5          12   1.3048702042032116E-029
           5          13  -1.5937731753853438E-030
           5          14  -2.7342967035093114E-019
           5          15  -3.1598557587428809E-030
           5          16  -1.1080409214053951E-030
           5          17   2.8071329288985270E-030
           5          18   3.5664688467289930E-017
           5          19   6.7854880497390114E-031
           5          20   3.5664688467289314E-017
           5          21   3.7328418444774444E-030
           5          22  -6.4536113693311042E-031
           5          23   3.5664688467286904E-017
           5          24  -7.1091786546719933E-017
           5          25   4.1085656072913902E-031
           5          26  -7.1091786546720217E-017
           5          27  -2.7996233266193677E-030
           5          28  -2.0716667376484420E-030
           5          29  -7.1091786546719231E-017
           6           1 -0.43256516827988023     
           6           2 -0.22182455185101443     
           6           3  -2.3510888340388348E-015
           6           4  -8.4691094961508638E-016
           6           5   3.0669711243821322E-016
           6           6   2.5937236215004895     
           6           7  -2.3628009676506769E-016
           6           8   2.9116406287304408E-016
           6           9   2.9556554969679185E-016
           6          10  -8.2609686170912688E-002
           6          11  -2.4630200483370187E-017
           6          12  -5.6389855320497582E-016
           6          13  -7.0022045647474527E-017
           6          14   2.9643573313178444E-002
           6          15  -8.9754328053738695E-017
           6          16   5.0179680520392998E-016
           6          17  -8.7166983533388393E-018
           6          18   8.3373108320624223E-002
           6          19   1.1549501504052215E-016
           6          20   8.3373108320619588E-002
           6          21  -1.2749563818333528E-016
           6          22  -1.1303441760557363E-016
           6          23   8.3373108320623529E-002
           6          24 -0.50859999601132400     
           6          25  -2.3663753748944562E-016
           6          26 -0.50859999601132888     
           6          27   3.2712251968173798E-016
           6          28   2.9182270833425180E-016
           6          29 -0.50859999601132500     
           7           1   6.5670406962657938E-015
           7           2   5.1650459096083453E-015
           7           3  -5.6024761977487169E-029
           7           4   2.8475241105953154E-029
           7           5  -9.5896240600314232E-030
           7           6  -2.3628009676506769E-016
           7           7   1.2676750460130109E-028
           7           8   7.1106025087525586E-029
           7           9   1.1043844187286182E-029
           7          10   3.1532916781665882E-017
           7          11  -9.0216061652100202E-029
           7          12  -5.3980206989614388E-029
           7          13   1.5175682549225961E-029
           7          14  -6.2959031871527837E-018
           7          15   5.1661851104036717E-030
           7          16  -2.0939841410517681E-029
           7          17  -2.8022925014134264E-029
           7          18   1.2612034469510869E-016
           7          19  -2.6114902834537532E-029
           7          20   1.2612034469506405E-016
           7          21  -2.2611426343581790E-029
           7          22  -6.9866194155301160E-030
           7          23   1.2612034469513736E-016
           7          24   5.6134683639066454E-017
           7          25   1.3008015295529572E-029
           7          26   5.6134683639061832E-017
           7          27   3.7630562412936176E-029
           7          28   3.3082078529603835E-029
           7          29   5.6134683639021304E-017
           8           1   6.1940132601286222E-015
           8           2   3.9489096070125930E-015
           8           3  -2.8121418348464790E-029
           8           4   1.5967073399615931E-029
           8           5  -1.3162301453828957E-029
           8           6   2.9116406287304408E-016
           8           7   7.1106025087525586E-029
           8           8   5.2107045806256505E-029
           8           9   8.7237436801200523E-030
           8          10  -1.4437631028599548E-017
           8          11  -5.6080713944749510E-029
           8          12  -4.4416248302728353E-029
           8          13   9.1901196299679735E-030
           8          14   7.5954556028123330E-018
           8          15   7.1685290912346685E-030
           8          16  -7.4116889967139501E-030
           8          17  -1.6805698061069125E-029
           8          18   2.8694853810245849E-017
           8          19  -1.2612866325742819E-029
           8          20   2.8694853810225412E-017
           8          21  -1.5878931729609346E-029
           8          22  -2.1393893586375521E-030
           8          23   2.8694853810263025E-017
           8          24  -3.5742377669594525E-017
           8          25   5.0600944572581592E-030
           8          26  -3.5742377669597803E-017
           8          27   2.1168199958827620E-029
           8          28   1.8006368707844366E-029
           8          29  -3.5742377669615997E-017
           9           1   1.0466192168743779E-015
           9           2   6.4556753964024354E-016
           9           3  -4.4249136175699736E-030
           9           4   2.4093392435005175E-030
           9           5  -2.3964572622087535E-030
           9           6   2.9556554969679185E-016
           9           7   1.1043844187286182E-029
           9           8   8.7237436801200523E-030
           9           9   1.5056842527832459E-030
           9          10  -1.1115987402192522E-017
           9          11  -8.9930798074147010E-030
           9          12  -7.6435409395754936E-030
           9          13   1.4565633527250640E-030
           9          14   4.3452634955200347E-018
           9          15   1.3135507067996195E-030
           9          16  -8.9981284095741104E-031
           9          17  -2.6683431245302745E-030
           9          18   9.8242257883723898E-018
           9          19  -1.8542647869663015E-030
           9          20   9.8242257883690218E-018
           9          21  -2.6363702631750708E-030
           9          22  -2.5708436207805613E-031
           9          23   9.8242257883750538E-018
           9          24  -5.3869839749969475E-017
           9          25   6.5855610948975679E-031
           9          26  -5.3869839749970461E-017
           9          27   3.3258825748609053E-030
           9          28   2.8012937060470924E-030
           9          29  -5.3869839749972723E-017
          10           1   1.1058349580669483E-002
          10           2   6.3735074034077036E-003
          10           3   5.8547585443434604E-017
          10           4   3.2161994641432557E-017
          10           5   4.2908197502436620E-019
          10           6  -8.2609686170912688E-002
          10           7   3.1532916781665882E-017
          10           8  -1.4437631028599548E-017
          10           9  -1.1115987402192522E-017
          10          10   2.6642343555765623E-003
          10          11  -7.9531759230206521E-018
          10          12   2.9240300736346395E-017
          10          13   4.0535338141868363E-018
          10          14  -9.5446341001173844E-004
          10          15  -2.7337792615220717E-018
          10          16  -2.6469951489910309E-017
          10          17  -3.3785003138463731E-018
          10          18  -2.5446614747170315E-003
          10          19  -1.1727699545121128E-017
          10          20  -2.5446614747169014E-003
          10          21   4.6340086389344768E-018
          10          22  -4.8574975326957695E-019
          10          23  -2.5446614747170059E-003
          10          24   1.6176379217683043E-002
          10          25   1.3372967452513531E-017
          10          26   1.6176379217683196E-002
          10          27  -3.2787830389031305E-018
          10          28  -2.0913670553382707E-018
          10          29   1.6176379217683057E-002
          11           1  -5.7979179218741968E-015
          11           2  -4.1468018484670610E-015
          11           3   3.8393331853078693E-029
          11           4  -2.0261632595835591E-029
          11           5   1.0311750724424546E-029
          11           6  -2.4630200483370187E-017
          11           7  -9.0216061652100202E-029
          11           8  -5.6080713944749510E-029
          11           9  -8.9930798074147010E-030
          11          10  -7.9531759230206521E-018
          11          11   6.6657961877499588E-029
          11          12   4.4751348817558318E-029
          11          13  -1.1103675411037141E-029
          11          14  -5.3862143955290554E-019
          11          15  -5.5900910357202175E-030
          11          16   1.2959783815691922E-029
          11          17   2.0430145974987229E-029
          11          18  -7.1009643489965878E-017
          11          19   1.7672988492630354E-029
          11          20  -7.1009643489936160E-017
          11          21   1.7523908022670649E-029
          11          22   4.1749278189932631E-030
          11          23  -7.1009643489986771E-017
          11          24  -9.2499210643731785E-018
          11          25  -8.2550872741307131E-030
          11          26  -9.2499210643695794E-018
          11          27  -2.6807969653547307E-029
          11          28  -2.3297369605742275E-029
          11          29  -9.2499210643427750E-018
          12           1  -5.6659209548649007E-015
          12           2  -3.3991294166174392E-015
          12           3   2.0208785672497191E-029
          12           4  -1.2065681157212861E-029
          12           5   1.3048702042032116E-029
          12           6  -5.6389855320497582E-016
          12           7  -5.3980206989614388E-029
          12           8  -4.4416248302728353E-029
          12           9  -7.6435409395754936E-030
          12          10   2.9240300736346395E-017
          12          11   4.4751348817558318E-029
          12          12   3.9351035461935180E-029
          12          13  -7.2417495204422130E-030
          12          14  -1.2167906914897502E-017
          12          15  -7.1244209670091046E-030
          12          16   3.8825096924969635E-030
          12          17   1.3191846640313217E-029
          12          18  -1.0821055345685126E-017
          12          19   8.7661259322067012E-030
          12          20  -1.0821055345671130E-017
          12          21   1.3329001449280525E-029
          12          22   9.2935650236520480E-031
          12          23  -1.0821055345698561E-017
          12          24   8.8098498578967724E-017
          12          25  -2.9431879134394122E-030
          12          26   8.8098498578970793E-017
          12          27  -1.6120673985753365E-029
          12          28  -1.3476124463274567E-029
          12          29   8.8098498578982540E-017
          13           1   9.3821568121189829E-016
          13           2   6.8293919879587892E-016
          13           3  -6.4586395050477963E-030
          13           4   3.4286398602882518E-030
          13           5  -1.5937731753853438E-030
          13           6  -7.0022045647474527E-017
          13           7   1.5175682549225961E-029
          13           8   9.1901196299679735E-030
          13           9   1.4565633527250640E-030
          13          10   4.0535338141868363E-018
          13          11  -1.1103675411037141E-029
          13          12  -7.2417495204422130E-030
          13          13   1.8559626839375259E-030
          13          14  -8.7650057583152794E-019
          13          15   8.6107286865068485E-031
          13          16  -2.2743304469983900E-030
          13          17  -3.4144033271250140E-030
          13          18   1.0614340400975516E-017
          13          19  -3.0133126960712620E-030
          13          20   1.0614340400970548E-017
          13          21  -2.8826164812961266E-030
          13          22  -7.3295033959165405E-031
          13          23   1.0614340400979024E-017
          13          24   1.5796662197546513E-017
          13          25   1.4366168256189698E-030
          13          26   1.5796662197546047E-017
          13          27   4.4982199646920881E-030
          13          28   3.9204235262122254E-030
          13          29   1.5796662197541351E-017
          14           1  -3.7950342239256212E-003
          14           2  -2.1192809298341106E-003
          14           3  -2.3358942611596841E-017
          14           4  -1.0420490584580284E-017
          14           5  -2.7342967035093114E-019
          14           6   2.9643573313178444E-002
          14           7  -6.2959031871527837E-018
          14           8   7.5954556028123330E-018
          14           9   4.3452634955200347E-018
          14          10  -9.5446341001173844E-004
          14          11  -5.3862143955290554E-019
          14          12  -1.2167906914897502E-017
          14          13  -8.7650057583152794E-019
          14          14   3.4214820402561906E-004
          14          15   1.0434520677672008E-018
          14          16   8.5300582029038281E-018
          14          17   1.3821209151595534E-019
          14          18   9.2026300464243742E-004
          14          19   3.1075682954161795E-018
          14          20   9.2026300464238852E-004
          14          21  -2.4539026158046969E-018
          14          22  -1.6236876066079121E-019
          14          23   9.2026300464242918E-004
          14          24  -5.8048514349685852E-003
          14          25  -4.2115817449421791E-018
          14          26  -5.8048514349686416E-003
          14          27   2.6681063428672053E-018
          14          28   2.0817327830892715E-018
          14          29  -5.8048514349685930E-003
          15           1   1.1897130119513141E-015
          15           2   5.9999279856293071E-016
          15           3  -9.0137043523009101E-031
          15           4   1.2288803969160699E-030
          15           5  -3.1598557587428809E-030
          15           6  -8.9754328053738695E-017
          15           7   5.1661851104036717E-030
          15           8   7.1685290912346685E-030
          15           9   1.3135507067996195E-030
          15          10  -2.7337792615220717E-018
          15          11  -5.5900910357202175E-030
          15          12  -7.1244209670091046E-030
          15          13   8.6107286865068485E-031
          15          14   1.0434520677672008E-018
          15          15   1.7229895163917473E-030
          15          16   6.3328439213279010E-031
          15          17  -1.5198402158109216E-030
          15          18  -1.7079692054243602E-017
          15          19  -3.5272702259983546E-031
          15          20  -1.7079692054243377E-017
          15          21  -2.0329447416140667E-030
          15          22   3.5367923650438238E-031
          15          23  -1.7079692054241990E-017
          15          24   2.3585629087011218E-017
          15          25  -2.3935301219536111E-031
          15          26   2.3585629087011227E-017
          15          27   1.5197695858767044E-030
          15          28   1.1230832786696952E-030
          15          29   2.3585629087010832E-017
          16           1  -2.5610646792765272E-016
          16           2  -5.1038926908548630E-016
          16           3   1.0114302249890164E-029
          16           4  -4.8016529904865431E-030
          16           5  -1.1080409214053951E-030
          16           6   5.0179680520392998E-016
          16           7  -2.0939841410517681E-029
          16           8  -7.4116889967139501E-030
          16           9  -8.9981284095741104E-031
          16          10  -2.6469951489910309E-017
          16          11   1.2959783815691922E-029
          16          12   3.8825096924969635E-030
          16          13  -2.2743304469983900E-030
          16          14   8.5300582029038281E-018
          16          15   6.3328439213279010E-031
          16          16   5.0334630098426062E-030
          16          17   4.2406068569399177E-030
          16          18  -2.5432055346460632E-017
          16          19   5.0350011692407846E-030
          16          20  -2.5432055346452207E-017
          16          21   2.5947298663088669E-030
          16          22   1.7622951203511519E-030
          16          23  -2.5432055346465057E-017
          16          24  -9.4459215198626650E-017
          16          25  -2.9579994471960495E-030
          16          26  -9.4459215198626737E-017
          16          27  -6.1465538404396702E-030
          16          28  -5.6144356937668116E-030
          16          29  -9.4459215198617985E-017
          17           1  -1.6704178655528933E-015
          17           2  -1.2330809350548201E-015
          17           3   1.2114017046564488E-029
          17           4  -6.2870503658314584E-030
          17           5   2.8071329288985270E-030
          17           6  -8.7166983533388393E-018
          17           7  -2.8022925014134264E-029
          17           8  -1.6805698061069125E-029
          17           9  -2.6683431245302745E-030
          17          10  -3.3785003138463731E-018
          17          11   2.0430145974987229E-029
          17          12   1.3191846640313217E-029
          17          13  -3.4144033271250140E-030
          17          14   1.3821209151595534E-019
          17          15  -1.5198402158109216E-030
          17          16   4.2406068569399177E-030
          17          17   6.2915931191027357E-030
          17          18  -2.4907118572165387E-017
          17          19   5.5918852427640677E-030
          17          20  -2.4907118572155884E-017
          17          21   5.2832204288569214E-030
          17          22   1.3878537487469804E-030
          17          23  -2.4907118572171809E-017
          17          24  -1.8630497011901552E-018
          17          25  -2.6753877504688020E-030
          17          26  -1.8630497011890289E-018
          17          27  -8.3274767905088765E-030
          17          28  -7.2674918881280365E-030
          17          29  -1.8630497011805086E-018
          18           1  -1.8840109196442391E-002
          18           2  -6.6825697765643434E-003
          18           3  -1.5188821312593982E-016
          18           4   2.1655372446192357E-018
          18           5   3.5664688467289930E-017
          18           6   8.3373108320624223E-002
          18           7   1.2612034469510869E-016
          18           8   2.8694853810245849E-017
          18           9   9.8242257883723898E-018
          18          10  -2.5446614747170315E-003
          18          11  -7.1009643489965878E-017
          18          12  -1.0821055345685126E-017
          18          13   1.0614340400975516E-017
          18          14   9.2026300464243742E-004
          18          15  -1.7079692054243602E-017
          18          16  -2.5432055346460632E-017
          18          17  -2.4907118572165387E-017
          18          18   3.0763844728586695E-003
          18          19  -3.3107251778976374E-017
          18          20   3.0763844728584487E-003
          18          21  -1.3443332419428724E-017
          18          22  -1.9266467761984627E-017
          18          23   3.0763844728586721E-003
          18          24  -1.6410839685865573E-002
          18          25   1.6185844747863954E-017
          18          26  -1.6410839685865739E-002
          18          27   5.0266086537833346E-017
          18          28   4.7095099686681826E-017
          18          29  -1.6410839685865673E-002
          19           1  -9.3404832945707927E-016
          19           2  -8.8852265366149139E-016
          19           3   1.2095366909976164E-029
          19           4  -5.8657885353793066E-030
          19           5   6.7854880497390114E-031
          19           6   1.1549501504052215E-016
          19           7  -2.6114902834537532E-029
          19           8  -1.2612866325742819E-029
          19           9  -1.8542647869663015E-030
          19          10  -1.1727699545121128E-017
          19          11   1.7672988492630354E-029
          19          12   8.7661259322067012E-030
          19          13  -3.0133126960712620E-030
          19          14   3.1075682954161795E-018
          19          15  -3.5272702259983546E-031
          19          16   5.0350011692407846E-030
          19          17   5.5918852427640677E-030
          19          18  -3.3107251778976374E-017
          19          19   5.7188003872356378E-030
          19          20  -3.3107251778966402E-017
          19          21   4.1259811531518370E-030
          19          22   1.7359054725644344E-030
          19          23  -3.3107251778982093E-017
          19          24  -2.2025919168720976E-017
          19          25  -3.0519539642712643E-030
          19          26  -2.2025919168720129E-017
          19          27  -7.7426161618035152E-030
          19          28  -6.9072359607508509E-030
          19          29  -2.2025919168711032E-017
          20           1  -1.8840109196442797E-002
          20           2  -6.6825697765652940E-003
          20           3  -1.5188821312591398E-016
          20           4   2.1655372446107061E-018
          20           5   3.5664688467289314E-017
          20           6   8.3373108320619588E-002
          20           7   1.2612034469506405E-016
          20           8   2.8694853810225412E-017
          20           9   9.8242257883690218E-018
          20          10  -2.5446614747169014E-003
          20          11  -7.1009643489936160E-017
          20          12  -1.0821055345671130E-017
          20          13   1.0614340400970548E-017
          20          14   9.2026300464238852E-004
          20          15  -1.7079692054243377E-017
          20          16  -2.5432055346452207E-017
          20          17  -2.4907118572155884E-017
          20          18   3.0763844728584487E-003
          20          19  -3.3107251778966402E-017
          20          20   3.0763844728582275E-003
          20          21  -1.3443332419421859E-017
          20          22  -1.9266467761981142E-017
          20          23   3.0763844728584509E-003
          20          24  -1.6410839685864664E-002
          20          25   1.6185844747858783E-017
          20          26  -1.6410839685864823E-002
          20          27   5.0266086537819356E-017
          20          28   4.7095099686669266E-017
          20          29  -1.6410839685864761E-002
          21           1  -1.8161831627337833E-015
          21           2  -1.1906096560773733E-015
          21           3   9.1879117603468543E-030
          21           4  -5.0596410834268887E-030
          21           5   3.7328418444774444E-030
          21           6  -1.2749563818333528E-016
          21           7  -2.2611426343581790E-029
          21           8  -1.5878931729609346E-029
          21           9  -2.6363702631750708E-030
          21          10   4.6340086389344768E-018
          21          11   1.7523908022670649E-029
          21          12   1.3329001449280525E-029
          21          13  -2.8826164812961266E-030
          21          14  -2.4539026158046969E-018
          21          15  -2.0329447416140667E-030
          21          16   2.5947298663088669E-030
          21          17   5.2832204288569214E-030
          21          18  -1.3443332419428724E-017
          21          19   4.1259811531518370E-030
          21          20  -1.3443332419421859E-017
          21          21   4.8701308371881487E-030
          21          22   7.8519297861627336E-031
          21          23  -1.3443332419434112E-017
          21          24   1.9118979339858122E-017
          21          25  -1.7324228277385230E-030
          21          26   1.9118979339859238E-017
          21          27  -6.7369963349058342E-030
          21          28  -5.7655408352445277E-030
          21          29   1.9118979339865191E-017
          22           1   4.0513127746324303E-017
          22           2  -1.1343155500367073E-016
          22           3   3.7558668083519141E-030
          22           4  -1.5123415490943262E-030
          22           5  -6.4536113693311042E-031
          22           6  -1.1303441760557363E-016
          22           7  -6.9866194155301160E-030
          22           8  -2.1393893586375521E-030
          22           9  -2.5708436207805613E-031
          22          10  -4.8574975326957695E-019
          22          11   4.1749278189932631E-030
          22          12   9.2935650236520480E-031
          22          13  -7.3295033959165405E-031
          22          14  -1.6236876066079121E-019
          22          15   3.5367923650438238E-031
          22          16   1.7622951203511519E-030
          22          17   1.3878537487469804E-030
          22          18  -1.9266467761984627E-017
          22          19   1.7359054725644344E-030
          22          20  -1.9266467761981142E-017
          22          21   7.8519297861627336E-031
          22          22   6.5781586231967122E-031
          22          23  -1.9266467761985999E-017
          22          24   2.3971302701422786E-017
          22          25  -1.0326948446721404E-030
          22          26   2.3971302701423304E-017
          22          27  -2.0939079741839334E-030
          22          28  -1.9304647086039638E-030
          22          29   2.3971302701425926E-017
          23           1  -1.8840109196440545E-002
          23           2  -6.6825697765630137E-003
          23           3  -1.5188821312595150E-016
          23           4   2.1655372446258855E-018
          23           5   3.5664688467286904E-017
          23           6   8.3373108320623529E-002
          23           7   1.2612034469513736E-016
          23           8   2.8694853810263025E-017
          23           9   9.8242257883750538E-018
          23          10  -2.5446614747170059E-003
          23          11  -7.1009643489986771E-017
          23          12  -1.0821055345698561E-017
          23          13   1.0614340400979024E-017
          23          14   9.2026300464242918E-004
          23          15  -1.7079692054241990E-017
          23          16  -2.5432055346465057E-017
          23          17  -2.4907118572171809E-017
          23          18   3.0763844728586721E-003
          23          19  -3.3107251778982093E-017
          23          20   3.0763844728584509E-003
          23          21  -1.3443332419434112E-017
          23          22  -1.9266467761985999E-017
          23          23   3.0763844728586742E-003
          23          24  -1.6410839685865434E-002
          23          25   1.6185844747866731E-017
          23          26  -1.6410839685865600E-002
          23          27   5.0266086537841746E-017
          23          28   4.7095099686689160E-017
          23          29  -1.6410839685865534E-002
          24           1   8.8689668907872804E-002
          24           2   4.5312097543695723E-002
          24           3   4.6150439943919957E-016
          24           4   1.6842848353996703E-016
          24           5  -7.1091786546719933E-017
          24           6 -0.50859999601132400     
          24           7   5.6134683639066454E-017
          24           8  -3.5742377669594525E-017
          24           9  -5.3869839749969475E-017
          24          10   1.6176379217683043E-002
          24          11  -9.2499210643731785E-018
          24          12   8.8098498578967724E-017
          24          13   1.5796662197546513E-017
          24          14  -5.8048514349685852E-003
          24          15   2.3585629087011218E-017
          24          16  -9.4459215198626650E-017
          24          17  -1.8630497011901552E-018
          24          18  -1.6410839685865573E-002
          24          19  -2.2025919168720976E-017
          24          20  -1.6410839685864664E-002
          24          21   1.9118979339858122E-017
          24          22   2.3971302701422786E-017
          24          23  -1.6410839685865434E-002
          24          24   9.9752161772033957E-002
          24          25   4.4535044878182703E-017
          24          26   9.9752161772034914E-002
          24          27  -6.1237941380851278E-017
          24          28  -5.5454973087963324E-017
          24          29   9.9752161772034123E-002
          25           1   2.4106958573893160E-016
          25           2   3.5057121897783010E-016
          25           3  -6.2189479615562021E-030
          25           4   2.9643912231873788E-030
          25           5   4.1085656072913902E-031
          25           6  -2.3663753748944562E-016
          25           7   1.3008015295529572E-029
          25           8   5.0600944572581592E-030
          25           9   6.5855610948975679E-031
          25          10   1.3372967452513531E-017
          25          11  -8.2550872741307131E-030
          25          12  -2.9431879134394122E-030
          25          13   1.4366168256189698E-030
          25          14  -4.2115817449421791E-018
          25          15  -2.3935301219536111E-031
          25          16  -2.9579994471960495E-030
          25          17  -2.6753877504688020E-030
          25          18   1.6185844747863954E-017
          25          19  -3.0519539642712643E-030
          25          20   1.6185844747858783E-017
          25          21  -1.7324228277385230E-030
          25          22  -1.0326948446721404E-030
          25          23   1.6185844747866731E-017
          25          24   4.4535044878182703E-017
          25          25   1.7510222692644386E-030
          25          26   4.4535044878182611E-017
          25          27   3.8296379409461082E-030
          25          28   3.4757900725714606E-030
          25          29   4.4535044878177428E-017
          26           1   8.8689668907873373E-002
          26           2   4.5312097543695945E-002
          26           3   4.6150439943920638E-016
          26           4   1.6842848353996749E-016
          26           5  -7.1091786546720217E-017
          26           6 -0.50859999601132888     
          26           7   5.6134683639061832E-017
          26           8  -3.5742377669597803E-017
          26           9  -5.3869839749970461E-017
          26          10   1.6176379217683196E-002
          26          11  -9.2499210643695794E-018
          26          12   8.8098498578970793E-017
          26          13   1.5796662197546047E-017
          26          14  -5.8048514349686416E-003
          26          15   2.3585629087011227E-017
          26          16  -9.4459215198626737E-017
          26          17  -1.8630497011890289E-018
          26          18  -1.6410839685865739E-002
          26          19  -2.2025919168720129E-017
          26          20  -1.6410839685864823E-002
          26          21   1.9118979339859238E-017
          26          22   2.3971302701423304E-017
          26          23  -1.6410839685865600E-002
          26          24   9.9752161772034914E-002
          26          25   4.4535044878182611E-017
          26          26   9.9752161772035886E-002
          26          27  -6.1237941380853411E-017
          26          28  -5.5454973087965210E-017
          26          29   9.9752161772035094E-002
          27           1   1.8841007985911795E-015
          27           2   1.5003362345608227E-015
          27           3  -1.7008260431784729E-029
          27           4   8.3311409102293695E-030
          27           5  -2.7996233266193677E-030
          27           6   3.2712251968173798E-016
          27           7   3.7630562412936176E-029
          27           8   2.1168199958827620E-029
          27           9   3.3258825748609053E-030
          27          10  -3.2787830389031305E-018
          27          11  -2.6807969653547307E-029
          27          12  -1.6120673985753365E-029
          27          13   4.4982199646920881E-030
          27          14   2.6681063428672053E-018
          27          15   1.5197695858767044E-030
          27          16  -6.1465538404396702E-030
          27          17  -8.3274767905088765E-030
          27          18   5.0266086537833346E-017
          27          19  -7.7426161618035152E-030
          27          20   5.0266086537819356E-017
          27          21  -6.7369963349058342E-030
          27          22  -2.0939079741839334E-030
          27          23   5.0266086537841746E-017
          27          24  -6.1237941380851278E-017
          27          25   3.8296379409461082E-030
          27          26  -6.1237941380853411E-017
          27          27   1.1231379728012785E-029
          27          28   9.8746838865857709E-030
          27          29  -6.1237941380864837E-017
          28           1   1.5275249955915770E-015
