           1           1  0.77006768226973699     
           1           2  0.55146946357999416     
           1           3   3.1526965108798812E-015
           1           4   1.4183914455600429E-014
           1           5   1.2705288627725526E-014
           1           6 -0.10021167154327827     
           1           7  -1.6150083327495838E-014
           1           8   7.0737622576199147E-015
           1           9  -1.9544816271263834E-014
           1          10  -3.3051371420659302E-002
           1          11  -1.5558757556154826E-015
           1          12   1.8237682678012424E-014
           1          13   3.0579973794659266E-014
           1          14  -2.9519780035240596E-004
           1          15  -1.9218643902629753E-014
           1          16  -1.7413923547422632E-015
           1          17  -5.7105191213509445E-015
           1          18   5.5562287833472697E-003
           1          19  -1.5201086092954792E-015
           1          20   5.5562287833569911E-003
           1          21  -1.6796571440297540E-015
           1          22   1.8786269055582205E-015
           1          23   5.5562287833463442E-003
           1          24   1.1132185080472397E-002
           1          25  -1.1429893219271148E-015
           1          26   1.1132185080488259E-002
           1          27   3.6502390556190311E-015
           1          28  -3.2555329489661174E-015
           1          29   1.1132185080466532E-002
           2           1  0.55146946357999416     
           2           2  0.41098701589006420     
           2           3   2.2888215395006121E-015
           2           4   1.0619916553621339E-014
           2           5   9.4421341783412427E-015
           2           6 -0.17575140017312649     
           2           7  -1.1407308944651153E-014
           2           8   6.7012453146458376E-015
           2           9  -1.3164279432651111E-014
           2          10  -7.1524774563200694E-002
           2          11  -1.1970434901050003E-015
           2          12   1.3194307722417375E-014
           2          13   2.2744218017251840E-014
           2          14  -4.2165518507755804E-004
           2          15  -1.4026836018238306E-014
           2          16  -1.6161298743265452E-015
           2          17  -4.1424389074676592E-015
           2          18   6.8902412158104260E-003
           2          19  -1.0690397836540056E-015
           2          20   6.8902412158174603E-003
           2          21  -1.1546659704327109E-015
           2          22   1.2707960814497557E-015
           2          23   6.8902412158099013E-003
           2          24   1.3238634668173120E-002
           2          25  -8.2626802617050597E-016
           2          26   1.3238634668184514E-002
           2          27   2.5408444141416508E-015
           2          28  -2.2004216301017765E-015
           2          29   1.3238634668169142E-002
           3           1   3.1526965108798812E-015
           3           2   2.2888215395006121E-015
           3           3   1.3680959836762318E-029
           3           4   5.9345164773849526E-029
           3           5   5.3788351815387558E-029
           3           6  -5.8064106201538836E-016
           3           7  -6.7854355633697192E-029
           3           8   2.8862513101677838E-029
           3           9  -8.0192366173473266E-029
           3          10  -2.1351969217912395E-016
           3          11  -3.1248381263781491E-030
           3          12   7.7488563608837504E-029
           3          13   1.2851579158152411E-028
           3          14  -1.6130575358952366E-018
           3          15  -7.9682031408066195E-029
           3          16  -8.5156934444266721E-030
           3          17  -2.3222200883167622E-029
           3          18   2.8090929935363618E-017
           3          19  -4.8342607018174753E-030
           3          20   2.8090929935404306E-017
           3          21  -6.0485215255890485E-030
           3          22   6.8523597855145363E-030
           3          23   2.8090929935359354E-017
           3          24   5.4084777157139096E-017
           3          25  -4.7672696352022455E-030
           3          26   5.4084777157202353E-017
           3          27   1.4631646799507675E-029
           3          28  -1.2694039995520352E-029
           3          29   5.4084777157116398E-017
           4           1   1.4183914455600429E-014
           4           2   1.0619916553621339E-014
           4           3   5.9345164773849526E-029
           4           4   2.7476734996226139E-028
           4           5   2.4449803893638468E-028
           4           6  -4.8226915255068558E-015
           4           7  -2.9400299272889649E-028
           4           8   1.7562982219943091E-028
           4           9  -3.3698948786407409E-028
           4          10  -1.9786599133586042E-015
           4          11  -2.9224307780002886E-029
           4          12   3.4113908659676637E-028
           4          13   5.8847601768043846E-028
           4          14  -1.1488394547379370E-017
           4          15  -3.6184323092015921E-028
           4          16  -4.3057502615488229E-029
           4          17  -1.0656829078613557E-028
           4          18   1.8598884589002236E-016
           4          19  -2.6714610031108476E-029
           4          20   1.8598884589020387E-016
           4          21  -2.9158246779697426E-029
           4          22   3.2085817783481470E-029
           4          23   1.8598884589000885E-016
           4          24   3.5574848527726428E-016
           4          25  -2.1314399529978628E-029
           4          26   3.5574848527755646E-016
           4          27   6.5035376018489708E-029
           4          28  -5.5990500965259533E-029
           4          29   3.5574848527716306E-016
           5           1   1.2705288627725526E-014
           5           2   9.4421341783412427E-015
           5           3   5.3788351815387558E-029
           5           4   2.4449803893638468E-028
           5           5   2.1868818218882230E-028
           5           6  -3.8291867218004559E-015
           5           7  -2.6624352418878267E-028
           5           8   1.4661883580144337E-028
           5           9  -3.0744059327066192E-028
           5          10  -1.5463262830329033E-015
           5          11  -2.2155206042739346E-029
           5          12   3.0774201854554542E-028
           5          13   5.2522084976997968E-028
           5          14  -9.3629716769091695E-018
           5          15  -3.2348737480190276E-028
           5          16  -3.7666835155991924E-029
           5          17  -9.4947157410214465E-029
           5          18   1.5347705243882063E-016
           5          19  -2.2564167851629952E-029
           5          20   1.5347705243898370E-016
           5          21  -2.5541284792313853E-029
           5          22   2.8322899878780032E-029
           5          23   1.5347705243880714E-016
           5          24   2.9367961826111193E-016
           5          25  -1.9136639320102779E-029
           5          26   2.9367961826137161E-016
           5          27   5.8394158623163881E-029
           5          28  -5.0320905183142826E-029
           5          29   2.9367961826102126E-016
           6           1 -0.10021167154327827     
           6           2 -0.17575140017312649     
           6           3  -5.8064106201538836E-016
           6           4  -4.8226915255068558E-015
           6           5  -3.8291867218004559E-015
           6           6  0.68756760467597933     
           6           7   9.8888313965944996E-016
           6           8  -1.1649465651325669E-014
           6           9  -2.9223441294555145E-015
           6          10  0.31473326236178023     
           6          11   8.8580678631894386E-016
           6          12  -3.1283722787521222E-015
           6          13  -9.3767584436606665E-015
           6          14   1.3996746788478636E-003
           6          15   4.1874290761431277E-015
           6          16   2.5868465708451584E-015
           6          17   1.0971800310565102E-015
           6          18  -1.9582585820171375E-002
           6          19   1.2957496609239880E-016
           6          20  -1.9582585820173061E-002
           6          21  -6.1646461040270183E-017
           6          22   2.0813229973413275E-016
           6          23  -1.9582585820172166E-002
           6          24  -3.5616040485377073E-002
           6          25   1.9568804819110983E-016
           6          26  -3.5616040485379426E-002
           6          27  -8.4819755807059961E-018
           6          28  -4.0775524979018426E-016
           6          29  -3.5616040485377719E-002
           7           1  -1.6150083327495838E-014
           7           2  -1.1407308944651153E-014
           7           3  -6.7854355633697192E-029
           7           4  -2.9400299272889649E-028
           7           5  -2.6624352418878267E-028
           7           6   9.8888313965944996E-016
           7           7   3.4610355806857336E-028
           7           8  -1.2290539085535634E-028
           7           9   4.2320874783930974E-028
           7          10   1.8047690481324033E-016
           7          11   2.2072196423147905E-029
           7          12  -3.8850291683251873E-028
           7          13  -6.3782723296777054E-028
           7          14   4.1127147015095828E-018
           7          15   4.0186066966488424E-028
           7          16   3.4807800152754392E-029
           7          17   1.1849869842246158E-028
           7          18  -8.7014188564869919E-017
           7          19   2.8206998615437668E-029
           7          20  -8.7014188565075269E-017
           7          21   3.3598796143845578E-029
           7          22  -3.8146493613396794E-029
           7          23  -8.7014188564847066E-017
           7          24  -1.7676717550046394E-016
           7          25   2.4103251758124164E-029
           7          26  -1.7676717550079121E-016
           7          27  -7.6786034702780857E-029
           7          28   6.8476779284645012E-029
           7          29  -1.7676717550034127E-016
           8           1   7.0737622576199147E-015
           8           2   6.7012453146458376E-015
           8           3   2.8862513101677838E-029
           8           4   1.7562982219943091E-028
           8           5   1.4661883580144337E-028
           8           6  -1.1649465651325669E-014
           8           7  -1.2290539085535634E-028
           8           8   2.4642142966052618E-028
           8           9  -8.6621433781288866E-029
           8          10  -5.2420756285013790E-015
           8          11  -3.8294492360925131E-029
           8          12   1.6942513582652538E-028
           8          13   3.5923393304054140E-028
           8          14  -2.4130480013629125E-017
           8          15  -2.0115906444320522E-028
           8          16  -5.0501147005387435E-029
           8          17  -5.9034516065856947E-029
           8          18   3.4878739753592765E-016
           8          19  -1.8150156672826259E-029
           8          20   3.4878739753602074E-016
           8          21  -1.3882126303197262E-029
           8          22   1.2842026138974771E-029
           8          23   3.4878739753593643E-016
           8          24   6.4618501175034466E-016
           8          25  -1.0954224958867880E-029
           8          26   6.4618501175050154E-016
           8          27   2.6858571955674731E-029
           8          28  -1.8311169874393007E-029
           8          29   6.4618501175030926E-016
           9           1  -1.9544816271263834E-014
           9           2  -1.3164279432651111E-014
           9           3  -8.0192366173473266E-029
           9           4  -3.3698948786407409E-028
           9           5  -3.0744059327066192E-028
           9           6  -2.9223441294555145E-015
           9           7   4.2320874783930974E-028
           9           8  -8.6621433781288866E-029
           9           9   5.4366133354616138E-028
           9          10  -1.6770389001419338E-015
           9          11   2.6676358988899455E-029
           9          12  -4.6236890483587222E-028
           9          13  -7.3656999887874020E-028
           9          14  -3.4089770377186460E-018
           9          15   4.7533808774409363E-028
           9          16   2.6754625373766848E-029
           9          17   1.4154324502937764E-028
           9          18   1.0565977259618713E-017
           9          19   3.6213703795607151E-029
           9          20   1.0565977259373760E-017
           9          21   4.3289296400515056E-029
           9          22  -4.9805878168471596E-029
           9          23   1.0565977259651106E-017
           9          24  -5.4220302238655008E-018
           9          25   2.8791092081321232E-029
           9          26  -5.4220302242619897E-018
           9          27  -9.6011172849176228E-029
           9          28   8.8461309345978436E-029
           9          29  -5.4220302237073465E-018
          10           1  -3.3051371420659302E-002
          10           2  -7.1524774563200694E-002
          10           3  -2.1351969217912395E-016
          10           4  -1.9786599133586042E-015
          10           5  -1.5463262830329033E-015
          10           6  0.31473326236178023     
          10           7   1.8047690481324033E-016
          10           8  -5.2420756285013790E-015
          10           9  -1.6770389001419338E-015
          10          10  0.14428640241979254     
          10          11   3.8220952374227236E-016
          10          12  -1.1295198887053900E-015
          10          13  -3.7959005817543792E-015
          10          14   6.3913500159512940E-004
          10          15   1.6008433183763655E-015
          10          16   1.1607537770163242E-015
          10          17   4.0810564299820011E-016
          10          18  -8.9178897525321894E-003
          10          19   3.4216039199015445E-017
          10          20  -8.9178897525328035E-003
          10          21  -5.6665875427464060E-017
          10          22   1.2746755214100212E-016
          10          23  -8.9178897525325727E-003
          10          24  -1.6202409968011717E-002
          10          25   7.0642127966063435E-017
          10          26  -1.6202409968012529E-002
          10          27   5.7988119887183658E-017
          10          28  -2.4278798767376344E-016
          10          29  -1.6202409968012109E-002
          11           1  -1.5558757556154826E-015
          11           2  -1.1970434901050003E-015
          11           3  -3.1248381263781491E-030
          11           4  -2.9224307780002886E-029
          11           5  -2.2155206042739346E-029
          11           6   8.8580678631894386E-016
          11           7   2.2072196423147905E-029
          11           8  -3.8294492360925131E-029
          11           9   2.6676358988899455E-029
          11          10   3.8220952374227236E-016
          11          11   1.9821968271975512E-029
          11          12  -2.5302266216339289E-029
          11          13  -5.8100603605864006E-029
          11          14   1.6916234207984121E-018
          11          15   3.7853796256989671E-029
          11          16   2.2131609772762692E-030
          11          17   1.3048910988698862E-029
          11          18  -2.7618937488797189E-017
          11          19   9.4193928572932136E-030
          11          20  -2.7618937488813585E-017
          11          21   6.6521257920031263E-030
          11          22  -6.7261494140586653E-030
          11          23  -2.7618937488799543E-017
          11          24  -5.7670614637917697E-017
          11          25   2.0016126360723940E-030
          11          26  -5.7670614637958286E-017
          11          27  -7.8135783186076150E-030
          11          28   7.7199798879589878E-030
          11          29  -5.7670614637902758E-017
          12           1   1.8237682678012424E-014
          12           2   1.3194307722417375E-014
          12           3   7.7488563608837504E-029
          12           4   3.4113908659676637E-028
          12           5   3.0774201854554542E-028
          12           6  -3.1283722787521222E-015
          12           7  -3.8850291683251873E-028
          12           8   1.6942513582652538E-028
          12           9  -4.6236890483587222E-028
          12          10  -1.1295198887053900E-015
          12          11  -2.5302266216339289E-029
          12          12   4.4225262491764005E-028
          12          13   7.3732173870263078E-028
          12          14  -8.7335557017516823E-018
          12          15  -4.5911463603221898E-028
          12          16  -4.6730188408892885E-029
          12          17  -1.3475228212313869E-028
          12          18   1.5478915044520233E-016
          12          19  -3.0982829081886065E-029
          12          20   1.5478915044543588E-016
          12          21  -3.6738077167086342E-029
          12          22   4.1375464484189794E-029
          12          23   1.5478915044517891E-016
          12          24   3.0145630969575414E-016
          12          25  -2.7395822697171496E-029
          12          26   3.0145630969612382E-016
          12          27   8.5225551966773915E-029
          12          28  -7.4642510508419354E-029
          12          29   3.0145630969562028E-016
          13           1   3.0579973794659266E-014
          13           2   2.2744218017251840E-014
          13           3   1.2851579158152411E-028
          13           4   5.8847601768043846E-028
          13           5   5.2522084976997968E-028
          13           6  -9.3767584436606665E-015
          13           7  -6.3782723296777054E-028
          13           8   3.5923393304054140E-028
          13           9  -7.3656999887874020E-028
          13          10  -3.7959005817543792E-015
          13          11  -5.8100603605864006E-029
          13          12   7.3732173870263078E-028
          13          13   1.2627804210405407E-027
          13          14  -2.2777252032933971E-017
          13          15  -7.7821819448878362E-028
          13          16  -9.0153736137010841E-029
          13          17  -2.2894221775654001E-028
          13          18   3.7310122133050855E-016
          13          19  -5.6144719740259296E-029
          13          20   3.7310122133090012E-016
          13          21  -6.2430188090127352E-029
          13          22   6.9039924862974026E-029
          13          23   3.7310122133047729E-016
          13          24   7.1513679412873834E-016
          13          25  -4.5968028764447953E-029
          13          26   7.1513679412936578E-016
          13          27   1.4069912222399665E-028
          13          28  -1.2149088985009846E-028
          13          29   7.1513679412851913E-016
          14           1  -2.9519780035240596E-004
          14           2  -4.2165518507755804E-004
          14           3  -1.6130575358952366E-018
          14           4  -1.1488394547379370E-017
          14           5  -9.3629716769091695E-018
          14           6   1.3996746788478636E-003
          14           7   4.1127147015095828E-018
          14           8  -2.4130480013629125E-017
          14           9  -3.4089770377186460E-018
          14          10   6.3913500159512940E-004
          14          11   1.6916234207984121E-018
          14          12  -8.7335557017516823E-018
          14          13  -2.2777252032933971E-017
          14          14   2.8653530899076222E-006
          14          15   1.0818339427981312E-017
          14          16   5.4963508201237472E-018
          14          17   2.8831142525020515E-018
          14          18  -4.0238440857146826E-005
          14          19   3.3105808689058697E-019
          14          20  -4.0238440857151481E-005
          14          21   1.5460042533894047E-020
          14          22   2.5342032244021896E-019
          14          23  -4.0238440857148256E-005
          14          24  -7.3210404002820956E-005
          14          25   5.3920496173487608E-019
          14          26  -7.3210404002827474E-005
          14          27  -4.4158973228604134E-019
          14          28  -4.6512586297740564E-019
          14          29  -7.3210404002821620E-005
          15           1  -1.9218643902629753E-014
          15           2  -1.4026836018238306E-014
          15           3  -7.9682031408066195E-029
          15           4  -3.6184323092015921E-028
          15           5  -3.2348737480190276E-028
          15           6   4.1874290761431277E-015
          15           7   4.0186066966488424E-028
          15           8  -2.0115906444320522E-028
          15           9   4.7533808774409363E-028
          15          10   1.6008433183763655E-015
          15          11   3.7853796256989671E-029
          15          12  -4.5911463603221898E-028
          15          13  -7.7821819448878362E-028
          15          14   1.0818339427981312E-017
          15          15   4.8430860495964861E-028
          15          16   4.9981850411673325E-029
          15          17   1.4320954192913091E-028
          15          18  -1.8627510983472830E-016
          15          19   3.6689121053053578E-029
          15          20  -1.8627510983497263E-016
          15          21   4.0623808044928278E-029
          15          22  -4.5184290770398807E-029
          15          23  -1.8627510983470698E-016
          15          24  -3.6315652816842048E-016
          15          25   2.8702724712587345E-029
          15          26  -3.6315652816881570E-016
          15          27  -8.9779880270579993E-029
          15          28   7.8836627859083302E-029
          15          29  -3.6315652816827834E-016
          16           1  -1.7413923547422632E-015
          16           2  -1.6161298743265452E-015
          16           3  -8.5156934444266721E-030
          16           4  -4.3057502615488229E-029
          16           5  -3.7666835155991924E-029
          16           6   2.5868465708451584E-015
          16           7   3.4807800152754392E-029
          16           8  -5.0501147005387435E-029
          16           9   2.6754625373766848E-029
          16          10   1.1607537770163242E-015
          16          11   2.2131609772762692E-030
          16          12  -4.6730188408892885E-029
          16          13  -9.0153736137010841E-029
          16          14   5.4963508201237472E-018
          16          15   4.9981850411673325E-029
          16          16   1.3051217592356007E-029
          16          17   1.3885862418282168E-029
          16          18  -7.9183144916914988E-017
          16          19   1.7149361259052731E-030
          16          20  -7.9183144916939332E-017
          16          21   1.9986986735233991E-030
          16          22  -1.8809281299274514E-030
          16          23  -7.9183144916915345E-017
          16          24  -1.4459795860069382E-016
          16          25   2.8311185762526883E-030
          16          26  -1.4459795860072883E-016
          16          27  -6.4113449166669451E-030
          16          28   3.9938361730552463E-030
          16          29  -1.4459795860068650E-016
          17           1  -5.7105191213509445E-015
          17           2  -4.1424389074676592E-015
          17           3  -2.3222200883167622E-029
          17           4  -1.0656829078613557E-028
          17           5  -9.4947157410214465E-029
          17           6   1.0971800310565102E-015
          17           7   1.1849869842246158E-028
          17           8  -5.9034516065856947E-029
          17           9   1.4154324502937764E-028
          17          10   4.0810564299820011E-016
          17          11   1.3048910988698862E-029
          17          12  -1.3475228212313869E-028
          17          13  -2.2894221775654001E-028
          17          14   2.8831142525020515E-018
          17          15   1.4320954192913091E-028
          17          16   1.3885862418282168E-029
          17          17   4.2615884353649948E-029
          17          18  -5.0906335838506059E-017
          17          19   1.1699340270250670E-029
          17          20  -5.0906335838578110E-017
          17          21   1.2563966425065569E-029
          17          22  -1.3937913303058049E-029
          17          23  -5.0906335838499921E-017
          17          24  -1.0052662683335113E-016
          17          25   8.4749875441778348E-030
          17          26  -1.0052662683346950E-016
          17          27  -2.6889543169817527E-029
          17          28   2.3848433505106181E-029
          17          29  -1.0052662683330805E-016
          18           1   5.5562287833472697E-003
          18           2   6.8902412158104260E-003
          18           3   2.8090929935363618E-017
          18           4   1.8598884589002236E-016
          18           5   1.5347705243882063E-016
          18           6  -1.9582585820171375E-002
          18           7  -8.7014188564869919E-017
          18           8   3.4878739753592765E-016
          18           9   1.0565977259618713E-017
          18          10  -8.9178897525321894E-003
          18          11  -2.7618937488797189E-017
          18          12   1.5478915044520233E-016
          18          13   3.7310122133050855E-016
          18          14  -4.0238440857146826E-005
          18          15  -1.8627510983472830E-016
          18          16  -7.9183144916914988E-017
          18          17  -5.0906335838506059E-017
          18          18   5.6785601303696045E-004
          18          19  -7.9709038082045571E-018
          18          20   5.6785601303704317E-004
          18          21  -3.6829606294279122E-018
          18          22   3.2495819999902736E-019
          18          23   5.6785601303697877E-004
          18          24   1.0355334179375179E-003
          18          25  -9.6198591478650795E-018
          18          26   1.0355334179376391E-003
          18          27   1.3138551748654590E-017
          18          28   9.3245120513336014E-020
          18          29   1.0355334179375153E-003
          19           1  -1.5201086092954792E-015
          19           2  -1.0690397836540056E-015
          19           3  -4.8342607018174753E-030
          19           4  -2.6714610031108476E-029
          19           5  -2.2564167851629952E-029
          19           6   1.2957496609239880E-016
          19           7   2.8206998615437668E-029
          19           8  -1.8150156672826259E-029
          19           9   3.6213703795607151E-029
          19          10   3.4216039199015445E-017
          19          11   9.4193928572932136E-030
          19          12  -3.0982829081886065E-029
          19          13  -5.6144719740259296E-029
          19          14   3.3105808689058697E-019
          19          15   3.6689121053053578E-029
          19          16   1.7149361259052731E-030
          19          17   1.1699340270250670E-029
          19          18  -7.9709038082045571E-018
          19          19   5.5836262307958112E-030
          19          20  -7.9709038082222294E-018
          19          21   4.7659755124892348E-030
          19          22  -5.1146203199406002E-030
          19          23  -7.9709038082039624E-018
          19          24  -1.8744996076087987E-017
          19          25   2.1088821748741621E-030
          19          26  -1.8744996076122580E-017
          19          27  -7.6184930024675111E-030
          19          28   7.3071971509122819E-030
          19          29  -1.8744996076074463E-017
          20           1   5.5562287833569911E-003
          20           2   6.8902412158174603E-003
          20           3   2.8090929935404306E-017
          20           4   1.8598884589020387E-016
          20           5   1.5347705243898370E-016
          20           6  -1.9582585820173061E-002
          20           7  -8.7014188565075269E-017
          20           8   3.4878739753602074E-016
          20           9   1.0565977259373760E-017
          20          10  -8.9178897525328035E-003
          20          11  -2.7618937488813585E-017
          20          12   1.5478915044543588E-016
          20          13   3.7310122133090012E-016
          20          14  -4.0238440857151481E-005
          20          15  -1.8627510983497263E-016
          20          16  -7.9183144916939332E-017
          20          17  -5.0906335838578110E-017
          20          18   5.6785601303704317E-004
          20          19  -7.9709038082222294E-018
          20          20   5.6785601303712590E-004
          20          21  -3.6829606294481237E-018
          20          22   3.2495820002167707E-019
          20          23   5.6785601303706160E-004
          20          24   1.0355334179376798E-003
          20          25  -9.6198591478796195E-018
          20          26   1.0355334179378011E-003
          20          27   1.3138551748700166E-017
          20          28   9.3245120473221205E-020
          20          29   1.0355334179376772E-003
          21           1  -1.6796571440297540E-015
          21           2  -1.1546659704327109E-015
          21           3  -6.0485215255890485E-030
          21           4  -2.9158246779697426E-029
          21           5  -2.5541284792313853E-029
          21           6  -6.1646461040270183E-017
          21           7   3.3598796143845578E-029
          21           8  -1.3882126303197262E-029
          21           9   4.3289296400515056E-029
          21          10  -5.6665875427464060E-017
          21          11   6.6521257920031263E-030
          21          12  -3.6738077167086342E-029
          21          13  -6.2430188090127352E-029
          21          14   1.5460042533894047E-020
          21          15   4.0623808044928278E-029
          21          16   1.9986986735233991E-030
          21          17   1.2563966425065569E-029
          21          18  -3.6829606294279122E-018
          21          19   4.7659755124892348E-030
          21          20  -3.6829606294481237E-018
          21          21   4.5650049803932663E-030
          21          22  -5.0366257293780849E-030
          21          23  -3.6829606294262451E-018
          21          24  -1.0212006793265425E-017
          21          25   2.3948349134130214E-030
          21          26  -1.0212006793301731E-017
          21          27  -8.3575454767749578E-030
          21          28   7.8860837261404556E-030
          21          29  -1.0212006793251054E-017
          22           1   1.8786269055582205E-015
          22           2   1.2707960814497557E-015
          22           3   6.8523597855145363E-030
          22           4   3.2085817783481470E-029
          22           5   2.8322899878780032E-029
          22           6   2.0813229973413275E-016
          22           7  -3.8146493613396794E-029
          22           8   1.2842026138974771E-029
          22           9  -4.9805878168471596E-029
          22          10   1.2746755214100212E-016
          22          11  -6.7261494140586653E-030
          22          12   4.1375464484189794E-029
          22          13   6.9039924862974026E-029
          22          14   2.5342032244021896E-019
          22          15  -4.5184290770398807E-029
          22          16  -1.8809281299274514E-030
          22          17  -1.3937913303058049E-029
          22          18   3.2495819999902736E-019
          22          19  -5.1146203199406002E-030
          22          20   3.2495820002167707E-019
          22          21  -5.0366257293780849E-030
          22          22   5.6051794404470518E-030
          22          23   3.2495819999685607E-019
          22          24   4.3512818322220255E-018
          22          25  -2.6815707929719771E-030
          22          26   4.3512818322622775E-018
          22          27   9.4111781202714335E-030
          22          28  -8.9206791702222016E-030
          22          29   4.3512818322058238E-018
          23           1   5.5562287833463442E-003
          23           2   6.8902412158099013E-003
          23           3   2.8090929935359354E-017
          23           4   1.8598884589000885E-016
          23           5   1.5347705243880714E-016
          23           6  -1.9582585820172166E-002
          23           7  -8.7014188564847066E-017
          23           8   3.4878739753593643E-016
          23           9   1.0565977259651106E-017
          23          10  -8.9178897525325727E-003
          23          11  -2.7618937488799543E-017
          23          12   1.5478915044517891E-016
          23          13   3.7310122133047729E-016
          23          14  -4.0238440857148256E-005
          23          15  -1.8627510983470698E-016
          23          16  -7.9183144916915345E-017
          23          17  -5.0906335838499921E-017
          23          18   5.6785601303697877E-004
          23          19  -7.9709038082039624E-018
          23          20   5.6785601303706160E-004
          23          21  -3.6829606294262451E-018
          23          22   3.2495819999685607E-019
          23          23   5.6785601303699720E-004
          23          24   1.0355334179375508E-003
          23          25  -9.6198591478636959E-018
          23          26   1.0355334179376718E-003
          23          27   1.3138551748649762E-017
          23          28   9.3245120517964409E-020
          23          29   1.0355334179375482E-003
          24           1   1.1132185080472397E-002
          24           2   1.3238634668173120E-002
          24           3   5.4084777157139096E-017
          24           4   3.5574848527726428E-016
          24           5   2.9367961826111193E-016
          24           6  -3.5616040485377073E-002
          24           7  -1.7676717550046394E-016
          24           8   6.4618501175034466E-016
          24           9  -5.4220302238655008E-018
          24          10  -1.6202409968011717E-002
          24          11  -5.7670614637917697E-017
          24          12   3.0145630969575414E-016
          24          13   7.1513679412873834E-016
          24          14  -7.3210404002820956E-005
          24          15  -3.6315652816842048E-016
          24          16  -1.4459795860069382E-016
          24          17  -1.0052662683335113E-016
          24          18   1.0355334179375179E-003
          24          19  -1.8744996076087987E-017
          24          20   1.0355334179376798E-003
          24          21  -1.0212006793265425E-017
          24          22   4.3512818322220255E-018
          24          23   1.0355334179375508E-003
          24          24   1.8916566448510838E-003
          24          25  -1.8888654940291918E-017
          24          26   1.8916566448513280E-003
          24          27   2.9168598612270150E-017
          24          28  -5.0184299073212237E-018
          24          29   1.8916566448510695E-003
          25           1  -1.1429893219271148E-015
          25           2  -8.2626802617050597E-016
          25           3  -4.7672696352022455E-030
          25           4  -2.1314399529978628E-029
          25           5  -1.9136639320102779E-029
          25           6   1.9568804819110983E-016
          25           7   2.4103251758124164E-029
          25           8  -1.0954224958867880E-029
          25           9   2.8791092081321232E-029
          25          10   7.0642127966063435E-017
          25          11   2.0016126360723940E-030
          25          12  -2.7395822697171496E-029
          25          13  -4.5968028764447953E-029
          25          14   5.3920496173487608E-019
          25          15   2.8702724712587345E-029
          25          16   2.8311185762526883E-030
          25          17   8.4749875441778348E-030
          25          18  -9.6198591478650795E-018
          25          19   2.1088821748741621E-030
          25          20  -9.6198591478796195E-018
          25          21   2.3948349134130214E-030
          25          22  -2.6815707929719771E-030
          25          23  -9.6198591478636959E-018
          25          24  -1.8888654940291918E-017
          25          25   1.7076698786682158E-030
          25          26  -1.8888654940315301E-017
          25          27  -5.3652247631635796E-030
          25          28   4.7301201376871009E-030
          25          29  -1.8888654940283410E-017
          26           1   1.1132185080488259E-002
          26           2   1.3238634668184514E-002
          26           3   5.4084777157202353E-017
          26           4   3.5574848527755646E-016
          26           5   2.9367961826137161E-016
          26           6  -3.5616040485379426E-002
          26           7  -1.7676717550079121E-016
          26           8   6.4618501175050154E-016
          26           9  -5.4220302242619897E-018
          26          10  -1.6202409968012529E-002
          26          11  -5.7670614637958286E-017
          26          12   3.0145630969612382E-016
          26          13   7.1513679412936578E-016
          26          14  -7.3210404002827474E-005
          26          15  -3.6315652816881570E-016
          26          16  -1.4459795860072883E-016
          26          17  -1.0052662683346950E-016
          26          18   1.0355334179376391E-003
          26          19  -1.8744996076122580E-017
          26          20   1.0355334179378011E-003
          26          21  -1.0212006793301731E-017
          26          22   4.3512818322622775E-018
          26          23   1.0355334179376718E-003
          26          24   1.8916566448513280E-003
          26          25  -1.8888654940315301E-017
          26          26   1.8916566448515719E-003
          26          27   2.9168598612345609E-017
          26          28  -5.0184299073889517E-018
          26          29   1.8916566448513136E-003
          27           1   3.6502390556190311E-015
          27           2   2.5408444141416508E-015
          27           3   1.4631646799507675E-029
          27           4   6.5035376018489708E-029
          27           5   5.8394158623163881E-029
          27           6  -8.4819755807059961E-018
          27           7  -7.6786034702780857E-029
          27           8   2.6858571955674731E-029
          27           9  -9.6011172849176228E-029
          27          10   5.7988119887183658E-017
          27          11  -7.8135783186076150E-030
          27          12   8.5225551966773915E-029
          27          13   1.4069912222399665E-028
          27          14  -4.4158973228604134E-019
          27          15  -8.9779880270579993E-029
          27          16  -6.4113449166669451E-030
          27          17  -2.6889543169817527E-029
          27          18   1.3138551748654590E-017
          27          19  -7.6184930024675111E-030
          27          20   1.3138551748700166E-017
          27          21  -8.3575454767749578E-030
          27          22   9.4111781202714335E-030
          27          23   1.3138551748649762E-017
          27          24   2.9168598612270150E-017
          27          25  -5.3652247631635796E-030
          27          26   2.9168598612345609E-017
          27          27   1.7677302340790606E-029
          27          28  -1.6119883492064710E-029
          27          29   2.9168598612241122E-017
          28           1  -3.2555329489661174E-015
