           1           1  0.40048460418554538     
           1           2  0.64984634911223171     
           1           3 -0.35215041681309800     
           1           4   4.5389200404183316E-002
           1           5  -1.0043950646166502E-002
           1           6  -1.0938132525179669E-002
           1           7   3.1117669383242904E-014
           1           8  -2.6196542746186259E-014
           1           9  -6.7080455212356171E-015
           1          10   1.1551647097458298E-014
           1          11  -9.5942013529243241E-015
           1          12  -9.3275425123533729E-016
           1          13   1.9113000476602073E-003
           1          14  -2.2217760533611725E-015
           1          15   1.3158410360918217E-015
           1          16   3.1470519409703472E-016
           1          17  -2.0958358985509667E-015
           1          18  -1.8465353227779463E-015
           1          19   3.2747853904042468E-016
           1          20   1.8121583160285174E-015
           1          21   2.6159235400985424E-015
           1          22   1.3918255994756276E-015
           1          23   1.4713804216194176E-015
           1          24  -2.3813357034299386E-015
           1          25  -1.6417076547824101E-015
           1          26   3.0190955948020633E-002
           1          27   1.0554836173306391E-015
           1          28   3.0190955948025022E-002
           1          29   5.6641263613865099E-016
           1          30  -1.4410621589362576E-015
           1          31   3.0190955948024359E-002
           1          32   9.2890255925292178E-003
           1          33   5.8442908993094596E-016
           1          34   9.2890255925262826E-003
           1          35   5.5411146158187524E-016
           1          36   1.1426156061856593E-015
           1          37   9.2890255925249174E-003
           2           1  0.64984634911223171     
           2           2   1.0861156514325803     
           2           3 -0.84930243989709198     
           2           4  0.11416833131589058     
           2           5  -2.1505290854830779E-002
           2           6  -1.9189065118716049E-002
           2           7   6.4345343775319796E-014
           2           8  -5.2946837030258217E-014
           2           9  -1.3399558649211174E-014
           2          10   2.3339201121395889E-014
           2          11  -1.8603278246363600E-014
           2          12  -1.0532169258389129E-015
           2          13   3.7038888878613225E-003
           2          14  -4.0945180848276983E-015
           2          15   2.0949031796626744E-015
           2          16   4.3902118655377117E-016
           2          17   1.2129470261910954E-015
           2          18  -6.4445294813632880E-015
           2          19  -2.3854502515655616E-016
           2          20   2.3613171863506210E-015
           2          21   4.2206113799498572E-015
           2          22   1.6126469177843162E-015
           2          23   3.9713223255465264E-015
           2          24  -4.2497190994537329E-015
           2          25  -2.1974529269936153E-015
           2          26   8.0627822564908080E-002
           2          27   2.2287416083152019E-015
           2          28   8.0627822564915089E-002
           2          29   8.6022072807346280E-016
           2          30  -2.1226243791355755E-015
           2          31   8.0627822564913201E-002
           2          32   2.1393459799650773E-002
           2          33   3.2874840326753815E-016
           2          34   2.1393459799646432E-002
           2          35   7.8940721225523574E-016
           2          36   1.8544785774202024E-015
           2          37   2.1393459799644451E-002
           3           1 -0.35215041681309800     
           3           2 -0.84930243989709198     
           3           3   3.3399173229767261     
           3           4  -1.3657526689520274     
           3           5  0.26957681484368085     
           3           6  0.11260605686437762     
           3           7  -2.1954042358721364E-013
           3           8   1.7342389884233964E-013
           3           9   3.8619548973372375E-014
           3          10  -7.4421733375530945E-014
           3          11   5.5609516278458863E-014
           3          12  -2.7407408908730520E-015
           3          13  -1.6661554438794055E-002
           3          14   7.0583215064580560E-015
           3          15  -1.9000673912734954E-015
           3          16  -2.3441581814430303E-015
           3          17  -2.5768053113619779E-014
           3          18   2.0049855854850424E-014
           3          19   3.1813196371698592E-015
           3          20  -1.8036561817565886E-015
           3          21   2.7459355898262303E-015
           3          22   3.3955812238428243E-015
           3          23  -1.3910185996351934E-014
           3          24   4.8101495734838878E-015
           3          25   1.2664746587684385E-016
           3          26 -0.47543123270366994     
           3          27  -5.6477892922717186E-015
           3          28 -0.47543123270367377     
           3          29   6.5011978062480785E-017
           3          30   4.4167777124556346E-016
           3          31 -0.47543123270366183     
           3          32 -0.12122895898813643     
           3          33   5.8079774853243999E-015
           3          34 -0.12122895898813749     
           3          35   5.5584195666853589E-016
           3          36  -1.7159978197551550E-015
           3          37 -0.12122895898813835     
           4           1   4.5389200404183316E-002
           4           2  0.11416833131589058     
           4           3  -1.3657526689520274     
           4           4   2.0614872354479283     
           4           5 -0.44128582327629762     
           4           6 -0.13911272425909010     
           4           7  -8.4005083171584497E-015
           4           8   3.2019385788145751E-015
           4           9  -4.1731050766470751E-015
           4          10  -7.6058276951909860E-015
           4          11   5.3930223086848275E-015
           4          12   3.7067487738421699E-015
           4          13   1.3977296329432795E-002
           4          14  -1.2080153793094532E-015
           4          15   4.8147282292430096E-016
           4          16   1.5072754354060698E-015
           4          17   4.8517620535092140E-015
           4          18  -1.7851979297661563E-015
           4          19   4.3789000616458835E-015
           4          20  -8.4977940850959186E-016
           4          21   1.5616278093740301E-015
           4          22  -2.5113189487664094E-016
           4          23   1.4935342515496633E-015
           4          24  -2.3630288323320948E-015
           4          25  -1.2669985481758640E-015
           4          26  0.43408971461909984     
           4          27  -1.2315701857314361E-015
           4          28  0.43408971461909962     
           4          29  -1.0654903975300314E-015
           4          30  -7.4235187248481786E-016
           4          31  0.43408971461909163     
           4          32  0.11717984738575064     
           4          33  -3.7272325578713845E-016
           4          34  0.11717984738575181     
           4          35   7.0948156483683660E-016
           4          36   9.1370965917895404E-016
           4          37  0.11717984738575331     
           5           1  -1.0043950646166502E-002
           5           2  -2.1505290854830779E-002
           5           3  0.26957681484368085     
           5           4 -0.44128582327629762     
           5           5  0.26527667562776736     
           5           6  0.14386945595260259     
           5           7   5.5401244978273842E-014
           5           8  -4.7044157509310730E-014
           5           9  -9.3755563700536271E-016
           5          10   2.1854627385328036E-014
           5          11  -1.7172499629772903E-014
           5          12   1.3571760617924715E-015
           5          13  -1.3558758006631290E-002
           5          14  -1.3100029921002602E-015
           5          15   6.6323502006665807E-016
           5          16  -1.1044021509229864E-016
           5          17   2.7606363615083822E-014
           5          18  -2.2269787152158694E-014
           5          19  -6.0325057523198812E-015
           5          20  -8.0738831414812271E-016
           5          21  -3.0029009061293149E-016
           5          22   6.7968793699641761E-016
           5          23   4.6922442457371423E-015
           5          24  -2.2319539013264317E-015
           5          25  -8.9084214784830191E-016
           5          26  -2.2513627483317283E-002
           5          27   2.2543969342273132E-016
           5          28  -2.2513627483317422E-002
           5          29   2.2956460921351740E-016
           5          30   6.0025531134560508E-016
           5          31  -2.2513627483314785E-002
           5          32  -4.8596377735621282E-002
           5          33   2.3952635478877898E-016
           5          34  -4.8596377735622476E-002
           5          35   2.2001663430597949E-016
           5          36   5.0045029628206234E-017
           5          37  -4.8596377735622975E-002
           6           1  -1.0938132525179669E-002
           6           2  -1.9189065118716049E-002
           6           3  0.11260605686437762     
           6           4 -0.13911272425909010     
           6           5  0.14386945595260259     
           6           6   9.1755525063595689E-002
           6           7  -2.6537773203502987E-013
           6           8   2.2766695245029990E-013
           6           9   3.1593746637583323E-014
           6          10  -9.6894481716835505E-014
           6          11   8.3224433526005915E-014
           6          12   1.3074437407540710E-014
           6          13  -8.9039368900084761E-003
           6          14  -4.8944751415659085E-015
           6          15   3.8952304814853950E-015
           6          16   2.9018304377139860E-016
           6          17   4.9395045030301484E-014
           6          18  -4.1199864395572411E-014
           6          19  -6.7290798845364000E-015
           6          20  -2.1973251803481989E-014
           6          21   1.8461264126341057E-014
           6          22   2.6770146439545085E-015
           6          23   1.4175919725384899E-014
           6          24  -1.1378732588151326E-014
           6          25  -1.8025681480107326E-015
           6          26   2.2377953005533600E-002
           6          27  -3.3996604557403264E-016
           6          28   2.2377953005533337E-002
           6          29   8.4243234576964525E-017
           6          30   3.8676285448746107E-016
           6          31   2.2377953005534794E-002
           6          32  -2.4939897350035573E-002
           6          33   5.3921692417021888E-016
           6          34  -2.4939897350036253E-002
           6          35   2.3336305757622334E-016
           6          36   3.6410996166948184E-017
           6          37  -2.4939897350036454E-002
           7           1   3.1117669383242904E-014
           7           2   6.4345343775319796E-014
           7           3  -2.1954042358721364E-013
           7           4  -8.4005083171584497E-015
           7           5   5.5401244978273842E-014
           7           6  -2.6537773203502987E-013
           7           7  0.95292256290342403     
           7           8  -9.9503738582032306E-015
           7           9   5.7467051950421172E-015
           7          10  0.57196095310074269     
           7          11   1.7916224059888432E-014
           7          12  -1.7039321342782359E-015
           7          13   7.0166401890563545E-014
           7          14   1.3987858576300872E-002
           7          15   1.7768772564430366E-014
           7          16   1.1905353005520100E-015
           7          17  -8.8927729956587653E-002
           7          18   6.9787925438560155E-015
           7          19  -2.1066725837750912E-014
           7          20   7.1092681294660481E-002
           7          21   1.7445246636160565E-014
           7          22   1.4183343085075157E-014
           7          23  -3.7593168473600738E-002
           7          24  -5.3614231110276955E-014
           7          25   7.7994048394182912E-015
           7          26   1.7452777137060887E-014
           7          27  -6.7263251984151487E-016
           7          28  -7.0064206852356697E-015
           7          29  -8.2831210644862032E-015
           7          30  -3.2727916460893997E-014
           7          31   8.3478141647068154E-015
           7          32   5.5241643195695370E-014
           7          33  -8.6243790968596882E-016
           7          34   8.2595734761821424E-014
           7          35  -2.2059435383128686E-015
           7          36   2.0621162457729403E-014
           7          37   6.3177039298841941E-014
           8           1  -2.6196542746186259E-014
           8           2  -5.2946837030258217E-014
           8           3   1.7342389884233964E-013
           8           4   3.2019385788145751E-015
           8           5  -4.7044157509310730E-014
           8           6   2.2766695245029990E-013
           8           7  -9.9503738582032306E-015
           8           8  0.95292256290345723     
           8           9  -4.9656459499835677E-015
           8          10  -5.6482596377805091E-015
           8          11  0.57196095310073281     
           8          12   7.0820085906754067E-016
           8          13  -5.9624027464049286E-014
           8          14   3.9020436187752342E-015
           8          15   1.3987858576284297E-002
           8          16  -5.0831463604266568E-016
           8          17  -3.0218015589776697E-014
           8          18  -8.8927729956623902E-002
           8          19   1.9775197104831914E-014
           8          20   2.1829760221691932E-014
           8          21   7.1092681294661189E-002
           8          22  -1.2365488407523029E-014
           8          23  -1.0467321454043772E-014
           8          24  -3.7593168473557745E-002
           8          25  -7.6206944400747773E-015
           8          26  -1.2536923915665109E-014
           8          27   1.9982184418607259E-015
           8          28   1.1932515193193970E-015
           8          29   7.3517172595053258E-015
           8          30   2.7811924954762785E-014
           8          31  -7.9550983457445424E-015
           8          32  -4.9033202195922900E-014
           8          33  -4.5548641943637415E-016
           8          34  -7.0428247021072850E-014
           8          35   1.6419662299142999E-015
           8          36  -1.7705215814407902E-014
           8          37  -5.4597395037296975E-014
           9           1  -6.7080455212356171E-015
           9           2  -1.3399558649211174E-014
           9           3   3.8619548973372375E-014
           9           4  -4.1731050766470751E-015
           9           5  -9.3755563700536271E-016
           9           6   3.1593746637583323E-014
           9           7   5.7467051950421172E-015
           9           8  -4.9656459499835677E-015
           9           9  0.95292256290343402     
           9          10   3.3484499895042189E-015
           9          11   1.0907073855204269E-015
           9          12  0.57196095310074546     
           9          13  -6.6582806460647639E-015
           9          14   2.7924982205077999E-016
           9          15   2.3955243713159994E-015
           9          16   1.3987858576302203E-002
           9          17  -8.5440010101631189E-015
           9          18  -1.3522169495239435E-014
           9          19  -8.8927729956618184E-002
           9          20   6.3409699583085862E-015
           9          21   1.4253734911123834E-014
           9          22   7.1092681294677815E-002
           9          23  -2.7038443641164957E-015
           9          24  -6.5448135192630936E-015
           9          25  -3.7593168473606761E-002
           9          26  -2.2337200230482535E-015
           9          27   2.1988620409330683E-015
           9          28  -1.4178199609907504E-015
           9          29   5.2371839384428080E-015
           9          30  -1.6396357224748081E-015
           9          31  -3.3932817779763646E-015
           9          32  -8.3374921399736451E-015
           9          33  -1.0991818614015404E-016
           9          34  -1.2000740477580972E-014
           9          35  -1.6189345905483471E-015
           9          36   5.8568544210596308E-017
           9          37  -7.9689107608045011E-015
          10           1   1.1551647097458298E-014
          10           2   2.3339201121395889E-014
          10           3  -7.4421733375530945E-014
          10           4  -7.6058276951909860E-015
          10           5   2.1854627385328036E-014
          10           6  -9.6894481716835505E-014
          10           7  0.57196095310074269     
          10           8  -5.6482596377805091E-015
          10           9   3.3484499895042189E-015
          10          10  0.46352354381171273     
          10          11   5.2458037913538583E-015
          10          12   1.4875253806501890E-016
          10          13   2.5902548614208174E-014
          10          14   8.7891154657812436E-003
          10          15   6.0741342511327829E-015
          10          16   4.7474502627709134E-016
          10          17  -5.0782283550499269E-002
          10          18   3.8719027983803675E-015
          10          19  -7.7973380790269055E-015
          10          20   4.4525722296224243E-002
          10          21   4.5918130409105934E-015
          10          22   5.4936659605112023E-015
          10          23  -2.3399528029015897E-002
          10          24  -1.8552000213833945E-014
          10          25   2.5766471204932738E-015
          10          26   9.7379724380897436E-015
          10          27  -1.6144968710701992E-015
          10          28  -2.4680576848278316E-015
          10          29  -3.2989854910137024E-015
          10          30  -1.2189669218221919E-014
          10          31   3.2470860511467856E-015
          10          32   1.9609131875619244E-014
          10          33   1.1583476956904980E-016
          10          34   3.0609252639616971E-014
          10          35  -8.2484311956783314E-016
          10          36   7.7041002538440023E-015
          10          37   2.3488465694252695E-014
          11           1  -9.5942013529243241E-015
          11           2  -1.8603278246363600E-014
          11           3   5.5609516278458863E-014
          11           4   5.3930223086848275E-015
          11           5  -1.7172499629772903E-014
          11           6   8.3224433526005915E-014
          11           7   1.7916224059888432E-014
          11           8  0.57196095310073281     
          11           9   1.0907073855204269E-015
          11          10   5.2458037913538583E-015
          11          11  0.46352354381169963     
          11          12   2.2247828579402515E-015
          11          13  -2.1567559154354338E-014
          11          14   2.6005673309237199E-015
          11          15   8.7891154657740601E-003
          11          16  -4.2300147759521970E-016
          11          17  -1.4446777107934689E-014
          11          18  -5.0782283550508955E-002
          11          19   7.1756294482694083E-015
          11          20   1.1381520725883806E-014
          11          21   4.4525722296221759E-002
          11          22  -4.1818761994938352E-015
          11          23  -6.2276572787567028E-015
          11          24  -2.3399528028998265E-002
          11          25  -2.6513622027046816E-015
          11          26  -4.4274227823731902E-015
          11          27   2.5345481418316065E-015
          11          28  -2.1621703120619437E-015
          11          29   2.7260023322634830E-015
          11          30   9.8278094039839282E-015
          11          31  -3.3400992825767874E-015
          11          32  -1.8603691324230426E-014
          11          33  -8.9634627416366440E-016
          11          34  -2.5945549144098337E-014
          11          35   5.3995806975822809E-016
          11          36  -6.4463538290950531E-015
          11          37  -2.0359967671890671E-014
          12           1  -9.3275425123533729E-016
          12           2  -1.0532169258389129E-015
          12           3  -2.7407408908730520E-015
          12           4   3.7067487738421699E-015
          12           5   1.3571760617924715E-015
          12           6   1.3074437407540710E-014
          12           7  -1.7039321342782359E-015
          12           8   7.0820085906754067E-016
          12           9  0.57196095310074546     
          12          10   1.4875253806501890E-016
          12          11   2.2247828579402515E-015
          12          12  0.46352354381171224     
          12          13  -1.9488635490185044E-015
          12          14  -1.5341460740676605E-017
          12          15   2.4168153914781740E-015
          12          16   8.7891154657807613E-003
          12          17  -4.3108691529652516E-015
          12          18  -8.7644735219383570E-015
          12          19  -5.0782283550509399E-002
          12          20   3.1863888697719509E-015
          12          21   1.0368116955261641E-014
          12          22   4.4525722296229066E-002
          12          23  -1.1882788047805214E-015
          12          24  -6.3116016319614387E-015
          12          25  -2.3399528029016195E-002
          12          26  -3.2987032256411597E-016
          12          27   1.4555221424999121E-015
          12          28  -3.5553566528304255E-016
          12          29   4.1468841997325541E-015
          12          30  -2.9528822045190741E-015
          12          31  -1.9513533258575634E-015
          12          32  -4.1754177197208055E-015
          12          33   3.8483915103749060E-017
          12          34  -6.1364700248242600E-015
          12          35  -1.1916347154251691E-015
          12          36   7.9484525203518674E-016
          12          37  -3.3240602882848410E-015
          13           1   1.9113000476602073E-003
          13           2   3.7038888878613225E-003
          13           3  -1.6661554438794055E-002
          13           4   1.3977296329432795E-002
          13           5  -1.3558758006631290E-002
          13           6  -8.9039368900084761E-003
          13           7   7.0166401890563545E-014
          13           8  -5.9624027464049286E-014
          13           9  -6.6582806460647639E-015
          13          10   2.5902548614208174E-014
          13          11  -2.1567559154354338E-014
          13          12  -1.9488635490185044E-015
          13          13   8.8648990911254714E-004
          13          14   1.0609410033790114E-015
          13          15  -8.8141323484629565E-016
          13          16  -6.3948646088826010E-017
          13          17  -9.0281661838406285E-015
          13          18   7.5908149353676327E-015
          13          19   9.8360082502136462E-016
          13          20   5.2516624930876940E-015
          13          21  -4.4357309762238584E-015
          13          22  -5.0161798237545289E-016
          13          23  -2.9835246106480662E-015
          13          24   2.4900688494850112E-015
          13          25   2.9687711149304862E-016
          13          26  -1.7615764885372332E-003
          13          27   5.8957269752382909E-017
          13          28  -1.7615764885371954E-003
          13          29  -7.7798670165012588E-018
          13          30  -3.8193883996611479E-017
          13          31  -1.7615764885373594E-003
          13          32   2.5064657925729251E-003
          13          33  -7.7188881708595198E-017
          13          34   2.5064657925729871E-003
          13          35  -2.4427860017206881E-017
          13          36   1.8401419477355378E-018
          13          37   2.5064657925730057E-003
          14           1  -2.2217760533611725E-015
          14           2  -4.0945180848276983E-015
          14           3   7.0583215064580560E-015
          14           4  -1.2080153793094532E-015
          14           5  -1.3100029921002602E-015
          14           6  -4.8944751415659085E-015
          14           7   1.3987858576300872E-002
          14           8   3.9020436187752342E-015
          14           9   2.7924982205077999E-016
          14          10   8.7891154657812436E-003
          14          11   2.6005673309237199E-015
          14          12  -1.5341460740676605E-017
          14          13   1.0609410033790114E-015
          14          14   2.0661344934009819E-004
          14          15   3.0496574232941354E-016
          14          16   1.9191490183732916E-017
          14          17  -1.2968752314121590E-003
          14          18  -2.7785391175324460E-016
          14          19  -3.1399214893176584E-016
          14          20   1.0496308163965467E-003
          14          21   5.3762875228117772E-016
          14          22   2.1116129034398810E-016
          14          23  -5.5455999012033017E-004
          14          24  -9.0154121147592486E-016
          14          25   1.0067420682504689E-016
          14          26  -1.4260067890940925E-015
          14          27  -1.3835027131196509E-017
          14          28  -1.7769436656628390E-015
          14          29  -1.1611426542385208E-016
          14          30  -4.5602053898254798E-016
          14          31  -1.5630143920400116E-015
          14          32   8.3264061035295584E-016
          14          33  -1.0586943954621114E-017
          14          34   1.2164406010874189E-015
          14          35  -3.0747491036814897E-017
          14          36   2.8740619891271865E-016
          14          37   9.4623237511365174E-016
          15           1   1.3158410360918217E-015
          15           2   2.0949031796626744E-015
          15           3  -1.9000673912734954E-015
          15           4   4.8147282292430096E-016
          15           5   6.6323502006665807E-016
          15           6   3.8952304814853950E-015
          15           7   1.7768772564430366E-014
          15           8   1.3987858576284297E-002
          15           9   2.3955243713159994E-015
          15          10   6.0741342511327829E-015
          15          11   8.7891154657740601E-003
          15          12   2.4168153914781740E-015
          15          13  -8.8141323484629565E-016
          15          14   3.0496574232941354E-016
          15          15   2.0661344933962532E-004
          15          16   3.1227775424662885E-017
          15          17  -2.1946962476534479E-015
          15          18  -1.2968752314110000E-003
          15          19   6.5800060441504956E-017
          15          20   1.5748036555351410E-015
          15          21   1.0496308163953309E-003
          15          22   2.6551941797586173E-017
          15          23  -8.2528114116873723E-016
          15          24  -5.5455999011907867E-004
          15          25  -2.0886773688108009E-016
          15          26   6.2335103541587512E-016
          15          27   3.3700236006298586E-017
          15          28   8.0534261541241462E-016
          15          29   1.0239667443654129E-016
          15          30   3.8578568316591766E-016
          15          31   6.8516680084512723E-016
          15          32  -7.6449158907173784E-016
          15          33  -8.7242874739569573E-018
          15          34  -1.0605525227906621E-015
          15          35   2.2644374974487389E-017
          15          36  -2.4621456546565772E-016
          15          37  -8.4098695169081088E-016
          16           1   3.1470519409703472E-016
          16           2   4.3902118655377117E-016
          16           3  -2.3441581814430303E-015
          16           4   1.5072754354060698E-015
          16           5  -1.1044021509229864E-016
          16           6   2.9018304377139860E-016
          16           7   1.1905353005520100E-015
          16           8  -5.0831463604266568E-016
          16           9   1.3987858576302203E-002
          16          10   4.7474502627709134E-016
          16          11  -4.2300147759521970E-016
          16          12   8.7891154657807613E-003
          16          13  -6.3948646088826010E-017
          16          14   1.9191490183732916E-017
          16          15   3.1227775424662885E-017
          16          16   2.0661344934012703E-004
          16          17  -2.3278138280614780E-016
          16          18  -1.6264557246590913E-016
          16          19  -1.2968752314127185E-003
          16          20   1.7109197325765201E-016
          16          21   1.7907123537903782E-016
          16          22   1.0496308163968531E-003
          16          23  -8.0885081957434773E-017
          16          24  -8.4996791641660539E-017
          16          25  -5.5455999012044639E-004
          16          26   3.0310000689293538E-016
          16          27   3.2720966889041906E-017
          16          28   3.1339024483214801E-016
          16          29   8.0159252338374632E-017
          16          30  -3.0509584219440244E-017
          16          31   2.8305079094201651E-016
          16          32  -7.7074869301501311E-018
          16          33  -1.2717000876864012E-018
          16          34  -6.0702245973843926E-017
          16          35  -2.4483746011039231E-017
          16          36   3.3453547585763302E-018
          16          37  -2.3540053387129455E-019
          17           1  -2.0958358985509667E-015
          17           2   1.2129470261910954E-015
          17           3  -2.5768053113619779E-014
          17           4   4.8517620535092140E-015
          17           5   2.7606363615083822E-014
          17           6   4.9395045030301484E-014
          17           7  -8.8927729956587653E-002
          17           8  -3.0218015589776697E-014
          17           9  -8.5440010101631189E-015
          17          10  -5.0782283550499269E-002
          17          11  -1.4446777107934689E-014
          17          12  -4.3108691529652516E-015
          17          13  -9.0281661838406285E-015
          17          14  -1.2968752314121590E-003
          17          15  -2.1946962476534479E-015
          17          16  -2.3278138280614780E-016
          17          17   8.3547861236172305E-003
          17          18   2.3800406090336898E-015
          17          19   2.8243720703119225E-015
          17          20  -6.5944308881904171E-003
          17          21  -3.9857440264902561E-015
          17          22  -1.9812642737362959E-015
          17          23   3.4902096990674612E-003
          17          24   6.4843421430915573E-015
          17          25  -4.5957890135675089E-016
          17          26   1.8078788998522183E-014
          17          27   3.6649286238568229E-017
          17          28   2.0414739153479989E-014
          17          29   8.0907656431863328E-016
          17          30   3.2150223047583631E-015
          17          31   1.8906340054883623E-014
          17          32  -9.2801539294451231E-015
          17          33   9.4150580853935871E-017
          17          34  -1.1949761897365702E-014
          17          35   2.1663089475331254E-016
          17          36  -2.0252067940299821E-015
          17          37  -1.0039757075240824E-014
          18           1  -1.8465353227779463E-015
          18           2  -6.4445294813632880E-015
          18           3   2.0049855854850424E-014
          18           4  -1.7851979297661563E-015
          18           5  -2.2269787152158694E-014
          18           6  -4.1199864395572411E-014
          18           7   6.9787925438560155E-015
          18           8  -8.8927729956623902E-002
          18           9  -1.3522169495239435E-014
          18          10   3.8719027983803675E-015
          18          11  -5.0782283550508955E-002
          18          12  -8.7644735219383570E-015
          18          13   7.5908149353676327E-015
          18          14  -2.7785391175324460E-016
          18          15  -1.2968752314110000E-003
          18          16  -1.6264557246590913E-016
          18          17   2.3800406090336898E-015
          18          18   8.3547861236241000E-003
          18          19  -6.3947599385811203E-016
          18          20  -1.6638166538952061E-015
          18          21  -6.5944308881928301E-003
          18          22   1.6939642505538238E-016
          18          23   7.6094729475754356E-016
          18          24   3.4902096990644918E-003
          18          25   1.3098398911729879E-015
          18          26  -1.4247215018739548E-014
          18          27  -1.5767027158458163E-016
          18          28  -1.5657453684105387E-014
          18          29  -7.2245769245964417E-016
          18          30  -2.7435538042418919E-015
          18          31  -1.4710668780519371E-014
          18          32   7.9788703103802682E-015
          18          33   2.9066671540692943E-017
          18          34   1.0094132923902260E-014
          18          35  -1.6284304268797039E-016
          18          36   1.7424632265138794E-015
          18          37   8.5322883719285700E-015
          19           1   3.2747853904042468E-016
          19           2  -2.3854502515655616E-016
          19           3   3.1813196371698592E-015
          19           4   4.3789000616458835E-015
          19           5  -6.0325057523198812E-015
          19           6  -6.7290798845364000E-015
          19           7  -2.1066725837750912E-014
          19           8   1.9775197104831914E-014
          19           9  -8.8927729956618184E-002
          19          10  -7.7973380790269055E-015
          19          11   7.1756294482694083E-015
          19          12  -5.0782283550509399E-002
          19          13   9.8360082502136462E-016
          19          14  -3.1399214893176584E-016
          19          15   6.5800060441504956E-017
          19          16  -1.2968752314127185E-003
          19          17   2.8243720703119225E-015
          19          18  -6.3947599385811203E-016
          19          19   8.3547861236231841E-003
          19          20  -2.0542742786248196E-015
          19          21   7.7439140169637230E-017
          19          22  -6.5944308881942370E-003
          19          23   1.0338130294860279E-015
          19          24  -1.6946588175700142E-016
          19          25   3.4902096990692051E-003
          19          26  -1.7825674216595367E-015
          19          27  -2.0227191053937613E-016
          19          28  -1.8698270732819446E-015
          19          29  -4.6709114026708351E-016
          19          30   1.1053833331072598E-016
          19          31  -1.6943227421974144E-015
          19          32   1.5694010739377562E-015
          19          33   1.2511300031632862E-017
          19          34   1.9163873116543652E-015
          19          35   1.4633602405580420E-016
          19          36   1.0924099310283591E-017
          19          37   1.5485992258705988E-015
          20           1   1.8121583160285174E-015
          20           2   2.3613171863506210E-015
          20           3  -1.8036561817565886E-015
          20           4  -8.4977940850959186E-016
          20           5  -8.0738831414812271E-016
          20           6  -2.1973251803481989E-014
          20           7   7.1092681294660481E-002
          20           8   2.1829760221691932E-014
          20           9   6.3409699583085862E-015
          20          10   4.4525722296224243E-002
          20          11   1.1381520725883806E-014
          20          12   3.1863888697719509E-015
          20          13   5.2516624930876940E-015
          20          14   1.0496308163965467E-003
          20          15   1.5748036555351410E-015
          20          16   1.7109197325765201E-016
          20          17  -6.5944308881904171E-003
          20          18  -1.6638166538952061E-015
          20          19  -2.0542742786248196E-015
          20          20   5.3324725559072529E-003
          20          21   2.8414770536498546E-015
          20          22   1.4487981872686765E-015
          20          23  -2.8175223035013675E-003
          20          24  -4.6561604398474408E-015
          20          25   3.1786690114910897E-016
          20          26  -1.8444310070525325E-015
          20          27  -6.8859906688805373E-017
          20          28  -3.6310284716209637E-015
          20          29  -5.9215718840017357E-016
          20          30  -2.3266685761587265E-015
          20          31  -2.5395324443400003E-015
          20          32   4.3296813739517793E-015
          20          33  -5.4569480178382004E-017
          20          34   6.2868438669489395E-015
          20          35  -1.5687310042143127E-016
          20          36   1.4663491042017726E-015
          20          37   4.9080691779798079E-015
          21           1   2.6159235400985424E-015
          21           2   4.2206113799498572E-015
          21           3   2.7459355898262303E-015
          21           4   1.5616278093740301E-015
          21           5  -3.0029009061293149E-016
          21           6   1.8461264126341057E-014
          21           7   1.7445246636160565E-014
          21           8   7.1092681294661189E-002
          21           9   1.4253734911123834E-014
          21          10   4.5918130409105934E-015
          21          11   4.4525722296221759E-002
          21          12   1.0368116955261641E-014
          21          13  -4.4357309762238584E-015
          21          14   5.3762875228117772E-016
          21          15   1.0496308163953309E-003
          21          16   1.7907123537903782E-016
          21          17  -3.9857440264902561E-015
          21          18  -6.5944308881928301E-003
          21          19   7.7439140169637230E-017
          21          20   2.8414770536498546E-015
          21          21   5.3324725559071515E-003
          21          22   2.3766728060420471E-016
          21          23  -1.4425852006003797E-015
          21          24  -2.8175223034982285E-003
          21          25  -1.1240838717740557E-015
          21          26   1.7336084498555462E-015
          21          27   1.6967435363870450E-016
          21          28   2.6657589817426244E-015
          21          29   5.2245489169182970E-016
          21          30   1.9689949149889709E-015
          21          31   2.0497839491907423E-015
          21          32  -3.7496473589274980E-015
          21          33  -4.3591674342729337E-017
          21          34  -5.2609779738978810E-015
          21          35   1.1562488058174212E-016
          21          36  -1.2564022188877575E-015
          21          37  -4.1403358860570725E-015
          22           1   1.3918255994756276E-015
          22           2   1.6126469177843162E-015
          22           3   3.3955812238428243E-015
          22           4  -2.5113189487664094E-016
          22           5   6.7968793699641761E-016
          22           6   2.6770146439545085E-015
          22           7   1.4183343085075157E-014
