           1           1  0.65366067983537413     
           1           2  0.57283177636000915     
           1           3  -6.8456361649933120E-014
           1           4  -1.0202845216683623E-013
           1           5   2.6150955433539865E-013
           1           6 -0.14920526327156147     
           1           7  -1.8707171509956227E-014
           1           8  -6.6682219720459784E-014
           1           9   1.2760405842045897E-013
           1          10  -9.6212536454201109E-002
           1          11   2.8125291381255460E-016
           1          12   4.5767954485849062E-014
           1          13  -7.6053405919245288E-014
           1          14  -8.6279150105990632E-003
           1          15   8.1457862532872267E-014
           1          16   1.0710976222030921E-013
           1          17  -2.8328408857451894E-013
           1          18  -2.2595937806808861E-003
           1          19  -1.3125221418694338E-015
           1          20  -2.2595937806856757E-003
           1          21  -3.9819172042030978E-015
           1          22  -1.9593236319142923E-015
           1          23  -2.2595937806872413E-003
           1          24  -9.3356874699219178E-003
           1          25  -4.5131778340621048E-016
           1          26  -9.3356874699264177E-003
           1          27  -2.2397636103410164E-015
           1          28  -1.1796482401007719E-015
           1          29  -9.3356874699228251E-003
           2           1  0.57283177636000915     
           2           2  0.51992620237063192     
           2           3  -6.4001743079469040E-014
           2           4  -9.4677094702819278E-014
           2           5   2.4376957378932892E-013
           2           6 -0.24494674809755179     
           2           7  -2.2316016441464467E-014
           2           8  -6.7548409891600663E-014
           2           9   1.3605417711103540E-013
           2          10 -0.15661065880501396     
           2          11  -4.2071438870586123E-015
           2          12   3.8284819389473698E-014
           2          13  -5.6829189347588381E-014
           2          14  -1.3898961992504063E-002
           2          15   7.8665611846730525E-014
           2          16   1.0314389924769184E-013
           2          17  -2.7143652245425919E-013
           2          18  -3.3138767566639727E-003
           2          19  -1.1204365181924978E-015
           2          20  -3.3138767566676221E-003
           2          21  -3.3788653504887290E-015
           2          22  -1.6997370071404934E-015
           2          23  -3.3138767566691239E-003
           2          24  -1.4676591585059611E-002
           2          25  -3.7084110998081838E-016
           2          26  -1.4676591585063261E-002
           2          27  -1.9324573108650952E-015
           2          28  -1.1549766743379007E-015
           2          29  -1.4676591585060326E-002
           3           1  -6.8456361649933120E-014
           3           2  -6.4001743079469040E-014
           3           3   9.2942014406206558E-002
           3           4   1.3357370765476301E-016
           3           5   3.7123082384735132E-016
           3           6   5.4516612782549458E-014
           3           7  0.15066357288434271     
           3           8   4.1980308118945919E-016
           3           9   6.2796989829828291E-016
           3          10  -1.1663075435006794E-015
           3          11  0.12023534055856984     
           3          12  -6.8695049648901594E-016
           3          13   3.3306690739076709E-016
           3          14  -1.3131785377077605E-014
           3          15   7.2378336964375040E-003
           3          16  -2.7363094429238500E-015
           3          17   2.5467909033043928E-016
           3          18  -5.2077166794497935E-016
           3          19   6.5201751004658485E-016
           3          20  -3.7994963958867413E-016
           3          21  -1.4121879478000414E-015
           3          22  -1.7332711519201883E-016
           3          23  -4.8843256970651826E-016
           3          24   3.4501712717568173E-015
           3          25  -3.2456518235078015E-016
           3          26   2.9841309372141082E-015
           3          27   1.6835378587001329E-015
           3          28  -5.0749450472941180E-016
           3          29   3.9764159488725174E-015
           4           1  -1.0202845216683623E-013
           4           2  -9.4677094702819278E-014
           4           3   1.3357370765476301E-016
           4           4   9.2942014406207391E-002
           4           5  -5.3429483061856848E-016
           4           6   7.6611664205937142E-014
           4           7  -1.0998146837680710E-015
           4           8  0.15066357288434246     
           4           9  -1.8457457784473960E-015
           4          10   1.3856806249478831E-015
           4          11   3.9690473130350261E-015
           4          12  0.12023534055857121     
           4          13  -1.6930901125484961E-015
           4          14  -2.4313683076502663E-014
           4          15  -1.9680437835016617E-015
           4          16   7.2378336964363495E-003
           4          17   4.5029084627874257E-015
           4          18   2.1660840667615319E-015
           4          19  -2.2481445611065064E-017
           4          20   1.9323088486964064E-015
           4          21   1.4260795157949060E-016
           4          22  -1.5273467426382974E-015
           4          23   1.2448454761191817E-015
           4          24   4.7925788551834556E-015
           4          25  -5.6673765751082647E-016
           4          26   5.7511760798087080E-015
           4          27   2.0988936705785230E-016
           4          28   7.1051532209787964E-016
           4          29   3.2813023051114789E-015
           5           1   2.6150955433539865E-013
           5           2   2.4376957378932892E-013
           5           3   3.7123082384735132E-016
           5           4  -5.3429483061856848E-016
           5           5   9.2942014406207391E-002
           5           6  -1.9789655310739588E-013
           5           7  -7.6327832943291507E-016
           5           8  -3.6082248301509803E-016
           5           9  0.15066357288434051     
           5          10  -1.8768762099508322E-014
           5          11   2.3470808629964559E-015
           5          12  -7.4246164770945207E-016
           5          13  0.12023534055857502     
           5          14   6.9378253793874649E-014
           5          15  -2.5874484846214163E-015
           5          16   2.2217470918764011E-015
           5          17   7.2378336964328159E-003
           5          18   1.9998674430971307E-016
           5          19   4.6986105115994014E-017
           5          20  -5.3204995965112739E-016
           5          21   4.3548965758168060E-016
           5          22   9.7255447355010835E-016
           5          23  -2.7719489027929516E-015
           5          24  -9.0306751029091143E-015
           5          25   5.4133499328145109E-016
           5          26  -9.7517560641036391E-015
           5          27  -2.4856228191151965E-016
           5          28  -4.4401655983242400E-016
           5          29  -9.4011848187683461E-015
           6           1 -0.14920526327156147     
           6           2 -0.24494674809755179     
           6           3   5.4516612782549458E-014
           6           4   7.6611664205937142E-014
           6           5  -1.9789655310739588E-013
           6           6  0.76373135185891550     
           6           7   6.3236066203425410E-014
           6           8   1.0499707529541942E-013
           6           9  -2.5589189258631381E-013
           6          10  0.47707151473598325     
           6          11   4.4366374398735463E-014
           6          12   2.4534615019743983E-014
           6          13  -9.8447117813979367E-014
           6          14   4.0886586682347598E-002
           6          15  -6.4389494859547456E-014
           6          16  -8.2670184793723211E-014
           6          17   2.1074906945100846E-013
           6          18   9.1052802651180771E-003
           6          19   1.1465390757030980E-016
           6          20   9.1052802651156138E-003
           6          21   2.4491843109933938E-016
           6          22   3.4059636437708961E-016
           6          23   9.1052802651168750E-003
           6          24   4.4037911517653953E-002
           6          25  -2.5048150283973922E-017
           6          26   4.4037911517652996E-002
           6          27   2.9964023131499088E-016
           6          28   9.8459488726754774E-016
           6          29   4.4037911517653704E-002
           7           1  -1.8707171509956227E-014
           7           2  -2.2316016441464467E-014
           7           3  0.15066357288434271     
           7           4  -1.0998146837680710E-015
           7           5  -7.6327832943291507E-016
           7           6   6.3236066203425410E-014
           7           7  0.24423305583916632     
           7           8  -1.4571677198196076E-015
           7           9  -1.1692036228099666E-015
           7          10  -1.6745794811398662E-014
           7          11  0.19490739587746819     
           7          12  -2.8137214780348576E-015
           7          13  -1.2108369862312647E-015
           7          14  -2.2448745871571151E-014
           7          15   1.1732884117208705E-002
           7          16  -4.5382534535913817E-015
           7          17   3.0672079460033993E-016
           7          18  -1.2381060004829726E-015
           7          19   1.0569524264603623E-015
           7          20  -1.0098265719761704E-015
           7          21  -2.2892260637898032E-015
           7          22  -2.8097177169475666E-016
           7          23  -1.1856827329702570E-015
           7          24   3.9347066492716394E-015
           7          25  -5.2613611098542859E-016
           7          26   3.1792323639435983E-015
           7          27   2.7290976045474109E-015
           7          28  -8.2267353241930039E-016
           7          29   4.7877751325851847E-015
           8           1  -6.6682219720459784E-014
           8           2  -6.7548409891600663E-014
           8           3   4.1980308118945919E-016
           8           4  0.15066357288434246     
           8           5  -3.6082248301509803E-016
           8           6   1.0499707529541942E-013
           8           7  -1.4571677198196076E-015
           8           8  0.24423305583916335     
           8           9  -2.1510571102169979E-015
           8          10  -8.9865495581323317E-015
           8          11   6.6821548294629441E-015
           8          12  0.19490739587746836     
           8          13  -2.0677903833616459E-015
           8          14  -4.0280703335347276E-014
           8          15  -3.1743271206074290E-015
           8          16   1.1732884117206709E-002
           8          17   7.3404823886107640E-015
           8          18   3.1802719841459831E-015
           8          19  -3.6443528161364688E-017
           8          20   2.8013108670386797E-015
           8          21   2.3117449781883923E-016
           8          22  -2.4759041295731528E-015
           8          23   1.6868989554682779E-015
           8          24   6.4419179501938996E-015
           8          25  -9.1870959451668520E-016
           8          26   7.9958511605046956E-015
           8          27   3.4024097877984823E-016
           8          28   1.1517802546053860E-015
           8          29   3.9920643925226348E-015
           9           1   1.2760405842045897E-013
           9           2   1.3605417711103540E-013
           9           3   6.2796989829828291E-016
           9           4  -1.8457457784473960E-015
           9           5  0.15066357288434051     
           9           6  -2.5589189258631381E-013
           9           7  -1.1692036228099666E-015
           9           8  -2.1510571102169979E-015
           9           9  0.24423305583915697     
           9          10   8.6671512443004005E-015
           9          11   3.8493513931919867E-015
           9          12  -2.4702462297874932E-015
           9          13  0.19490739587747200     
           9          14   1.1560646769760746E-013
           9          15  -4.1930434818627847E-015
           9          16   3.5249581031944657E-015
           9          17   1.1732884117200828E-002
           9          18   1.3642121529668808E-015
           9          19   7.6166785473478346E-017
           9          20   1.7754468071930676E-016
           9          21   7.0595013659636717E-016
           9          22   1.5765585967330532E-015
           9          23  -3.4534415834540358E-015
           9          24  -1.0354146295575902E-014
           9          25   8.7753062741534021E-016
           9          26  -1.1523053970391665E-014
           9          27  -4.0293167429433430E-016
           9          28  -7.1977266418760330E-016
           9          29  -1.0954760753270970E-014
          10           1  -9.6212536454201109E-002
          10           2 -0.15661065880501396     
          10           3  -1.1663075435006794E-015
          10           4   1.3856806249478831E-015
          10           5  -1.8768762099508322E-014
          10           6  0.47707151473598325     
          10           7  -1.6745794811398662E-014
          10           8  -8.9865495581323317E-015
          10           9   8.6671512443004005E-015
          10          10  0.31835682039297702     
          10          11  -1.4650307892820313E-014
          10          12  -3.9284968530423212E-014
          10          13   6.0777236072217969E-014
          10          14   3.0189546054292700E-002
          10          15  -4.2420643489153483E-014
          10          16  -5.4255797589704406E-014
          10          17   1.3681314566202728E-013
          10          18   5.4531317585138775E-003
          10          19   6.0379847801870442E-017
          10          20   5.4531317585124594E-003
          10          21   4.1083434329557216E-017
          10          22   1.8668773397602871E-016
          10          23   5.4531317585131082E-003
          10          24   2.6236410292492171E-002
          10          25  -1.0370686010377277E-016
          10          26   2.6236410292491824E-002
          10          27   2.6295667079096282E-016
          10          28   7.6410121814597188E-016
          10          29   2.6236410292491838E-002
          11           1   2.8125291381255460E-016
          11           2  -4.2071438870586123E-015
          11           3  0.12023534055856984     
          11           4   3.9690473130350261E-015
          11           5   2.3470808629964559E-015
          11           6   4.4366374398735463E-014
          11           7  0.19490739587746819     
          11           8   6.6821548294629441E-015
          11           9   3.8493513931919867E-015
          11          10  -1.4650307892820313E-014
          11          11  0.15554361729295468     
          11          12   4.0176195703625503E-015
          11          13   2.8588242884089892E-015
          11          14  -1.7659712525589498E-014
          11          15   9.3632939307084998E-003
          11          16  -3.2445834213808282E-015
          11          17   4.7531423241933094E-016
          11          18  -1.0985186361175887E-015
          11          19   8.4348879106444201E-016
          11          20  -9.1634285000315968E-016
          11          21  -1.8268906685667635E-015
          11          22  -2.2422630772875494E-016
          11          23  -1.0566828472678196E-015
          11          24   2.6164715219232825E-015
          11          25  -4.1987690370957423E-016
          11          26   2.0135739120982826E-015
          11          27   2.1779251189816259E-015
          11          28  -6.5652520012177115E-016
          11          29   3.2972530648494170E-015
          12           1   4.5767954485849062E-014
          12           2   3.8284819389473698E-014
          12           3  -6.8695049648901594E-016
          12           4  0.12023534055857121     
          12           5  -7.4246164770945207E-016
          12           6   2.4534615019743983E-014
          12           7  -2.8137214780348576E-015
          12           8  0.19490739587746836     
          12           9  -2.4702462297874932E-015
          12          10  -3.9284968530423212E-014
          12          11   4.0176195703625503E-015
          12          12  0.15554361729295679     
          12          13  -2.2482016248691026E-015
          12          14  -3.4172285969348860E-014
          12          15  -2.6124935548186481E-015
          12          16   9.3632939307070288E-003
          12          17   5.8221656662385358E-015
          12          18   1.7166030717645660E-015
          12          19  -2.9083340689335217E-017
          12          20   1.4141774880509439E-015
          12          21   1.8448616305517461E-016
          12          22  -1.9758669631322831E-015
          12          23   5.2483381230321933E-016
          12          24   1.3190689302664214E-015
          12          25  -7.3316568070471314E-016
          12          26   2.5591675497936827E-015
          12          27   2.7152542032791393E-016
          12          28   9.1916505436520581E-016
          12          29  -6.3600867201090998E-016
          13           1  -7.6053405919245288E-014
          13           2  -5.6829189347588381E-014
          13           3   3.3306690739076709E-016
          13           4  -1.6930901125484961E-015
          13           5  0.12023534055857502     
          13           6  -9.8447117813979367E-014
          13           7  -1.2108369862312647E-015
          13           8  -2.0677903833616459E-015
          13           9  0.19490739587747200     
          13          10   6.0777236072217969E-014
          13          11   2.8588242884089892E-015
          13          12  -2.2482016248691026E-015
          13          13  0.15554361729296670     
          13          14   9.5124103514029379E-014
          13          15  -3.3582078090595427E-015
          13          16   2.7968079241399162E-015
          13          17   9.3632939307027544E-003
          13          18   2.6250584128107315E-015
          13          19   6.0784031703129038E-017
          13          20   1.6780520135607915E-015
          13          21   5.6337542954967474E-016
          13          22   1.2581545502996172E-015
          13          23  -1.2196150314882662E-015
          13          24  -1.1593739750211624E-015
          13          25   7.0030327714905517E-016
          13          26  -2.0922073711252101E-015
          13          27  -3.2155501262222808E-016
          13          28  -5.7440633954526258E-016
          13          29  -1.6386874711955773E-015
          14           1  -8.6279150105990632E-003
          14           2  -1.3898961992504063E-002
          14           3  -1.3131785377077605E-014
          14           4  -2.4313683076502663E-014
          14           5   6.9378253793874649E-014
          14           6   4.0886586682347598E-002
          14           7  -2.2448745871571151E-014
          14           8  -4.0280703335347276E-014
          14           9   1.1560646769760746E-013
          14          10   3.0189546054292700E-002
          14          11  -1.7659712525589498E-014
          14          12  -3.4172285969348860E-014
          14          13   9.5124103514029379E-014
          14          14   3.2564751612911029E-003
          14          15  -4.5656264326106601E-015
          14          16  -6.4129745333865473E-015
          14          17   1.6798345642250106E-014
          14          18   4.3789131821899248E-004
          14          19   3.6356832064775200E-018
          14          20   4.3789131821889594E-004
          14          21  -1.2448186547383632E-017
          14          22   1.4713544610028265E-017
          14          23   4.3789131821892358E-004
          14          24   2.0757393586882788E-003
          14          25  -2.1221318932902174E-017
          14          26   2.0757393586882901E-003
          14          27   3.1792558648775171E-017
          14          28   9.0117405775535920E-017
          14          29   2.0757393586882267E-003
          15           1   8.1457862532872267E-014
          15           2   7.8665611846730525E-014
          15           3   7.2378336964375040E-003
          15           4  -1.9680437835016617E-015
          15           5  -2.5874484846214163E-015
          15           6  -6.4389494859547456E-014
          15           7   1.1732884117208705E-002
          15           8  -3.1743271206074290E-015
          15           9  -4.1930434818627847E-015
          15          10  -4.2420643489153483E-014
          15          11   9.3632939307084998E-003
          15          12  -2.6124935548186481E-015
          15          13  -3.3582078090595427E-015
          15          14  -4.5656264326106601E-015
          15          15   5.6364429964181936E-004
          15          16  -3.6715151317766177E-016
          15          17  -1.8390779352783886E-016
          15          18  -9.2455027051469344E-016
          15          19   5.0775683473373440E-017
          15          20  -9.1358379395922194E-016
          15          21  -1.0997374631525596E-016
          15          22  -1.3497801213811811E-017
          15          23  -9.2203187217368884E-016
          15          24  -3.8285867099439356E-015
          15          25  -2.5275423913745281E-017
          15          26  -3.8648794722521844E-015
          15          27   1.3110504566477841E-016
          15          28  -3.9520994359475321E-017
          15          29  -3.7876055510899100E-015
          16           1   1.0710976222030921E-013
          16           2   1.0314389924769184E-013
          16           3  -2.7363094429238500E-015
          16           4   7.2378336964363495E-003
          16           5   2.2217470918764011E-015
          16           6  -8.2670184793723211E-014
          16           7  -4.5382534535913817E-015
          16           8   1.1732884117206709E-002
          16           9   3.5249581031944657E-015
          16          10  -5.4255797589704406E-014
          16          11  -3.2445834213808282E-015
          16          12   9.3632939307070288E-003
          16          13   2.7968079241399162E-015
          16          14  -6.4129745333865473E-015
          16          15  -3.6715151317766177E-016
          16          16   5.6364429964163450E-004
          16          17   5.2692225580290853E-016
          16          18  -9.8896997735439598E-016
          16          19  -1.7507363666451499E-018
          16          20  -1.0071751578808423E-015
          16          21   1.1105554832873520E-017
          16          22  -1.1894170565019208E-016
          16          23  -1.0607111781073407E-015
          16          24  -4.9634252227164949E-015
          16          25  -4.4134538516116064E-017
          16          26  -4.8887747286641294E-015
          16          27   1.6345076476781473E-017
          16          28   5.5331184426605382E-017
          16          29  -5.0811154665598557E-015
          17           1  -2.8328408857451894E-013
          17           2  -2.7143652245425919E-013
          17           3   2.5467909033043928E-016
          17           4   4.5029084627874257E-015
          17           5   7.2378336964328159E-003
          17           6   2.1074906945100846E-013
          17           7   3.0672079460033993E-016
          17           8   7.3404823886107640E-015
          17           9   1.1732884117200828E-002
          17          10   1.3681314566202728E-013
          17          11   4.7531423241933094E-016
          17          12   5.8221656662385358E-015
          17          13   9.3632939307027544E-003
          17          14   1.6798345642250106E-014
          17          15  -1.8390779352783886E-016
          17          16   5.2692225580290853E-016
          17          17   5.6364429964108416E-004
          17          18   2.9556264922159344E-015
          17          19   3.6590299564595961E-018
          17          20   2.8986193361232676E-015
          17          21   3.3913636780866323E-017
          17          22   7.5737410958064639E-017
          17          23   2.7241878247043903E-015
          17          24   1.2896282244953274E-014
          17          25   4.2156313056897061E-017
          17          26   1.2840128264302221E-014
          17          27  -1.9356719036945687E-017
          17          28  -3.4577666935628127E-017
          17          29   1.2867428903185205E-014
          18           1  -2.2595937806808861E-003
          18           2  -3.3138767566639727E-003
          18           3  -5.2077166794497935E-016
          18           4   2.1660840667615319E-015
          18           5   1.9998674430971307E-016
          18           6   9.1052802651180771E-003
          18           7  -1.2381060004829726E-015
          18           8   3.1802719841459831E-015
          18           9   1.3642121529668808E-015
          18          10   5.4531317585138775E-003
          18          11  -1.0985186361175887E-015
          18          12   1.7166030717645660E-015
          18          13   2.6250584128107315E-015
          18          14   4.3789131821899248E-004
          18          15  -9.2455027051469344E-016
          18          16  -9.8896997735439598E-016
          18          17   2.9556264922159344E-015
          18          18   1.1477971523982800E-004
          18          19   2.6883269093427740E-018
          18          20   1.1477971523980765E-004
          18          21   7.7079138223614137E-018
          18          22   7.8917398559210791E-018
          18          23   1.1477971523981932E-004
          18          24   5.4722575770734254E-004
          18          25   1.3130842537972867E-018
          18          26   5.4722575770733625E-004
          18          27   3.4270967767691579E-018
          18          28   1.3423294575489587E-017
          18          29   5.4722575770734254E-004
          19           1  -1.3125221418694338E-015
          19           2  -1.1204365181924978E-015
          19           3   6.5201751004658485E-016
          19           4  -2.2481445611065064E-017
          19           5   4.6986105115994014E-017
          19           6   1.1465390757030980E-016
          19           7   1.0569524264603623E-015
          19           8  -3.6443528161364688E-017
          19           9   7.6166785473478346E-017
          19          10   6.0379847801870442E-017
          19          11   8.4348879106444201E-016
          19          12  -2.9083340689335217E-017
          19          13   6.0784031703129038E-017
          19          14   3.6356832064775200E-018
          19          15   5.0775683473373440E-017
          19          16  -1.7507363666451499E-018
          19          17   3.6590299564595961E-018
          19          18   2.6883269093427740E-018
          19          19   7.3056893419330388E-030
          19          20   2.6883269093541316E-018
          19          21  -1.4356318999008929E-030
          19          22   3.7158768842557463E-030
          19          23   2.6883269093551990E-018
          19          24   9.4925215796677134E-018
          19          25  -8.4156243612441812E-031
          19          26   9.4925215796733603E-018
          19          27   1.6086144223418703E-029
          19          28  -1.7879647108799670E-030
          19          29   9.4925215796736854E-018
          20           1  -2.2595937806856757E-003
          20           2  -3.3138767566676221E-003
          20           3  -3.7994963958867413E-016
          20           4   1.9323088486964064E-015
          20           5  -5.3204995965112739E-016
          20           6   9.1052802651156138E-003
          20           7  -1.0098265719761704E-015
          20           8   2.8013108670386797E-015
          20           9   1.7754468071930676E-016
          20          10   5.4531317585124594E-003
          20          11  -9.1634285000315968E-016
          20          12   1.4141774880509439E-015
          20          13   1.6780520135607915E-015
          20          14   4.3789131821889594E-004
          20          15  -9.1358379395922194E-016
          20          16  -1.0071751578808423E-015
          20          17   2.8986193361232676E-015
          20          18   1.1477971523980765E-004
          20          19   2.6883269093541316E-018
          20          20   1.1477971523978731E-004
          20          21   7.7079138223877451E-018
          20          22   7.8917398559355867E-018
          20          23   1.1477971523979899E-004
          20          24   5.4722575770721385E-004
          20          25   1.3130842537978737E-018
          20          26   5.4722575770720767E-004
          20          27   3.4270967767887897E-018
          20          28   1.3423294575501516E-017
          20          29   5.4722575770721395E-004
          21           1  -3.9819172042030978E-015
          21           2  -3.3788653504887290E-015
          21           3  -1.4121879478000414E-015
          21           4   1.4260795157949060E-016
          21           5   4.3548965758168060E-016
          21           6   2.4491843109933938E-016
          21           7  -2.2892260637898032E-015
          21           8   2.3117449781883923E-016
          21           9   7.0595013659636717E-016
          21          10   4.1083434329557216E-017
          21          11  -1.8268906685667635E-015
          21          12   1.8448616305517461E-016
          21          13   5.6337542954967474E-016
          21          14  -1.2448186547383632E-017
          21          15  -1.0997374631525596E-016
          21          16   1.1105554832873520E-017
          21          17   3.3913636780866323E-017
          21          18   7.7079138223614137E-018
          21          19  -1.4356318999008929E-030
          21          20   7.7079138223877451E-018
          21          21   4.9437553910936142E-029
          21          22   1.7255339048880552E-029
          21          23   7.7079138223870348E-018
          21          24   2.7460177993293699E-017
          21          25   1.0061014955661775E-029
          21          26   2.7460177993326948E-017
          21          27  -1.3087029959294512E-029
          21          28   1.2524996250028531E-029
          21          29   2.7460177993288744E-017
          22           1  -1.9593236319142923E-015
          22           2  -1.6997370071404934E-015
          22           3  -1.7332711519201883E-016
          22           4  -1.5273467426382974E-015
          22           5   9.7255447355010835E-016
          22           6   3.4059636437708961E-016
          22           7  -2.8097177169475666E-016
          22           8  -2.4759041295731528E-015
          22           9   1.5765585967330532E-015
          22          10   1.8668773397602871E-016
          22          11  -2.2422630772875494E-016
          22          12  -1.9758669631322831E-015
          22          13   1.2581545502996172E-015
          22          14   1.4713544610028265E-017
          22          15  -1.3497801213811811E-017
          22          16  -1.1894170565019208E-016
          22          17   7.5737410958064639E-017
          22          18   7.8917398559210791E-018
          22          19   3.7158768842557463E-030
          22          20   7.8917398559355867E-018
          22          21   1.7255339048880552E-029
          22          22   4.2794936359887691E-029
          22          23   7.8917398559245981E-018
          22          24   2.8365255325520682E-017
          22          25   1.7243630227177465E-029
          22          26   2.8365255325514304E-017
          22          27  -3.2331835753678165E-030
          22          28  -1.0541295496268478E-029
          22          29   2.8365255325543948E-017
          23           1  -2.2595937806872413E-003
          23           2  -3.3138767566691239E-003
          23           3  -4.8843256970651826E-016
          23           4   1.2448454761191817E-015
          23           5  -2.7719489027929516E-015
          23           6   9.1052802651168750E-003
          23           7  -1.1856827329702570E-015
          23           8   1.6868989554682779E-015
          23           9  -3.4534415834540358E-015
          23          10   5.4531317585131082E-003
          23          11  -1.0566828472678196E-015
          23          12   5.2483381230321933E-016
          23          13  -1.2196150314882662E-015
          23          14   4.3789131821892358E-004
          23          15  -9.2203187217368884E-016
          23          16  -1.0607111781073407E-015
          23          17   2.7241878247043903E-015
          23          18   1.1477971523981932E-004
          23          19   2.6883269093551990E-018
          23          20   1.1477971523979899E-004
          23          21   7.7079138223870348E-018
          23          22   7.8917398559245981E-018
          23          23   1.1477971523981066E-004
          23          24   5.4722575770728399E-004
          23          25   1.3130842537905556E-018
          23          26   5.4722575770727771E-004
          23          27   3.4270967767979898E-018
          23          28   1.3423294575505106E-017
          23          29   5.4722575770728399E-004
          24           1  -9.3356874699219178E-003
          24           2  -1.4676591585059611E-002
          24           3   3.4501712717568173E-015
          24           4   4.7925788551834556E-015
          24           5  -9.0306751029091143E-015
          24           6   4.4037911517653953E-002
          24           7   3.9347066492716394E-015
          24           8   6.4419179501938996E-015
          24           9  -1.0354146295575902E-014
          24          10   2.6236410292492171E-002
          24          11   2.6164715219232825E-015
          24          12   1.3190689302664214E-015
          24          13  -1.1593739750211624E-015
          24          14   2.0757393586882788E-003
          24          15  -3.8285867099439356E-015
          24          16  -4.9634252227164949E-015
          24          17   1.2896282244953274E-014
          24          18   5.4722575770734254E-004
          24          19   9.4925215796677134E-018
          24          20   5.4722575770721385E-004
          24          21   2.7460177993293699E-017
          24          22   2.8365255325520682E-017
          24          23   5.4722575770728399E-004
          24          24   2.6350225767853958E-003
          24          25   5.2109405234605415E-018
          24          26   2.6350225767853412E-003
          24          27   1.3411647188897414E-017
          24          28   5.4580614867833237E-017
          24          29   2.6350225767853941E-003
          25           1  -4.5131778340621048E-016
          25           2  -3.7084110998081838E-016
          25           3  -3.2456518235078015E-016
          25           4  -5.6673765751082647E-016
          25           5   5.4133499328145109E-016
          25           6  -2.5048150283973922E-017
          25           7  -5.2613611098542859E-016
          25           8  -9.1870959451668520E-016
          25           9   8.7753062741534021E-016
          25          10  -1.0370686010377277E-016
          25          11  -4.1987690370957423E-016
          25          12  -7.3316568070471314E-016
          25          13   7.0030327714905517E-016
          25          14  -2.1221318932902174E-017
          25          15  -2.5275423913745281E-017
          25          16  -4.4134538516116064E-017
          25          17   4.2156313056897061E-017
          25          18   1.3130842537972867E-018
          25          19  -8.4156243612441812E-031
          25          20   1.3130842537978737E-018
          25          21   1.0061014955661775E-029
          25          22   1.7243630227177465E-029
          25          23   1.3130842537905556E-018
          25          24   5.2109405234605415E-018
          25          25   8.4910524423761476E-030
          25          26   5.2109405234548469E-018
          25          27  -7.3847079983270811E-030
          25          28  -4.9220397465372671E-030
          25          29   5.2109405234672622E-018
          26           1  -9.3356874699264177E-003
          26           2  -1.4676591585063261E-002
          26           3   2.9841309372141082E-015
          26           4   5.7511760798087080E-015
          26           5  -9.7517560641036391E-015
          26           6   4.4037911517652996E-002
          26           7   3.1792323639435983E-015
          26           8   7.9958511605046956E-015
          26           9  -1.1523053970391665E-014
          26          10   2.6236410292491824E-002
          26          11   2.0135739120982826E-015
          26          12   2.5591675497936827E-015
          26          13  -2.0922073711252101E-015
          26          14   2.0757393586882901E-003
          26          15  -3.8648794722521844E-015
          26          16  -4.8887747286641294E-015
          26          17   1.2840128264302221E-014
          26          18   5.4722575770733625E-004
          26          19   9.4925215796733603E-018
          26          20   5.4722575770720767E-004
          26          21   2.7460177993326948E-017
          26          22   2.8365255325514304E-017
          26          23   5.4722575770727771E-004
          26          24   2.6350225767853412E-003
          26          25   5.2109405234548469E-018
          26          26   2.6350225767852865E-003
          26          27   1.3411647188908350E-017
          26          28   5.4580614867857902E-017
          26          29   2.6350225767853394E-003
          27           1  -2.2397636103410164E-015
          27           2  -1.9324573108650952E-015
          27           3   1.6835378587001329E-015
          27           4   2.0988936705785230E-016
          27           5  -2.4856228191151965E-016
          27           6   2.9964023131499088E-016
          27           7   2.7290976045474109E-015
          27           8   3.4024097877984823E-016
          27           9  -4.0293167429433430E-016
          27          10   2.6295667079096282E-016
          27          11   2.1779251189816259E-015
          27          12   2.7152542032791393E-016
          27          13  -3.2155501262222808E-016
          27          14   3.1792558648775171E-017
          27          15   1.3110504566477841E-016
          27          16   1.6345076476781473E-017
          27          17  -1.9356719036945687E-017
          27          18   3.4270967767691579E-018
          27          19   1.6086144223418703E-029
          27          20   3.4270967767887897E-018
          27          21  -1.3087029959294512E-029
          27          22  -3.2331835753678165E-030
          27          23   3.4270967767979898E-018
          27          24   1.3411647188897414E-017
          27          25  -7.3847079983270811E-030
          27          26   1.3411647188908350E-017
          27          27   3.9945168027587106E-029
          27          28  -2.9983882329665909E-030
          27          29   1.3411647188907104E-017
          28           1  -1.1796482401007719E-015
