           1           1  0.62702311115012543     
           1           2  0.57121233188322806     
           1           3   3.0133760194029806E-015
           1           4  -3.8648469013292340E-015
           1           5  -8.0955226858910268E-015
           1           6 -0.15763935805977328     
           1           7  -4.6133057950490695E-015
           1           8  -4.8208734463750871E-015
           1           9  -1.4798721492208197E-014
           1          10 -0.10579876260858558     
           1          11   2.0631331388054875E-014
           1          12  -5.5353155079364087E-016
           1          13  -1.4908713753860031E-014
           1          14  -9.3935041751068253E-004
           1          15  -5.9817525989405694E-015
           1          16  -1.4922234520911418E-014
           1          17  -3.0958627860214061E-015
           1          18  -3.8467270837215014E-003
           1          19   2.5122154427486380E-015
           1          20  -3.8467270837242050E-003
           1          21   3.1688796246004337E-015
           1          22   1.7104952543291410E-015
           1          23  -3.8467270837250480E-003
           1          24  -7.3211633745955485E-003
           1          25   1.4494419065552791E-015
           1          26  -7.3211633746002609E-003
           1          27   3.0749182228208240E-015
           1          28  -4.6747540663975438E-016
           1          29  -7.3211633745984724E-003
           2           1  0.57121233188322806     
           2           2  0.53594955027681590     
           2           3   1.9685407693568185E-015
           2           4  -3.0609943598871433E-015
           2           5  -6.1566257699672110E-015
           2           6 -0.25232473734860073     
           2           7  -4.5787859809142491E-015
           2           8  -4.3440884954225275E-015
           2           9  -1.0628813341707996E-014
           2          10 -0.16674621038629922     
           2          11   1.7880564139412372E-014
           2          12   9.1343420967764892E-017
           2          13  -1.2997122882219710E-014
           2          14  -1.3861273656929219E-003
           2          15  -5.5823830835990564E-015
           2          16  -1.3988191253827698E-014
           2          17  -1.5076143788098464E-015
           2          18  -5.9123308811871809E-003
           2          19   2.2523388854492756E-015
           2          20  -5.9123308811899868E-003
           2          21   2.7951630963090378E-015
           2          22   1.5003154374835476E-015
           2          23  -5.9123308811906954E-003
           2          24  -1.1024428697583261E-002
           2          25   1.1755529778245403E-015
           2          26  -1.1024428697587216E-002
           2          27   2.8935904140725493E-015
           2          28  -3.3784834623362370E-016
           2          29  -1.1024428697586141E-002
           3           1   3.0133760194029806E-015
           3           2   1.9685407693568185E-015
           3           3  0.21479608238015904     
           3           4   4.7812638180252942E-016
           3           5  -2.5228266470247313E-015
           3           6   7.8825245365437733E-015
           3           7  0.31942590453396236     
           3           8   2.1742319316481185E-016
           3           9  -5.4179141099723604E-015
           3          10  -9.1932979379569679E-015
           3          11  0.25660195909951844     
           3          12   7.5026790335996907E-017
           3          13   2.0720628175503047E-015
           3          14   7.3629005058232904E-015
           3          15   2.2570139512671651E-002
           3          16   2.0948736265780999E-015
           3          17  -4.9693898356104743E-015
           3          18  -5.7142619458139283E-016
           3          19  -7.0863677929748579E-017
           3          20   1.3600879655565935E-016
           3          21   3.5606587857212393E-016
           3          22  -3.0248129796940734E-016
           3          23  -7.5227148357143337E-017
           3          24  -1.2673427385544539E-015
           3          25   6.4514620600929086E-016
           3          26   8.0296203837193453E-016
           3          27   7.0537385688228775E-016
           3          28  -5.5207131253350970E-016
           3          29  -7.4571789581820022E-016
           4           1  -3.8648469013292340E-015
           4           2  -3.0609943598871433E-015
           4           3   4.7812638180252942E-016
           4           4  0.21479608238016190     
           4           5  -1.1934897514720433E-015
           4           6   3.6484644561976006E-015
           4           7  -1.2905732797545422E-015
           4           8  0.31942590453396169     
           4           9  -1.6930901125533637E-015
           4          10   8.6857412160044625E-015
           4          11  -3.3895548043685886E-015
           4          12  0.25660195909952710     
           4          13   7.7646222784721886E-015
           4          14  -3.0315013270171152E-014
           4          15   1.5892911376584433E-014
           4          16   2.2570139512655747E-002
           4          17   1.1334683192032458E-014
           4          18   1.1788589729270202E-015
           4          19  -9.1206781620758595E-016
           4          20  -4.8438678382009715E-016
           4          21   3.1702044244888767E-016
           4          22   5.7939350516696309E-016
           4          23  -1.8245525506929216E-015
           4          24  -3.4607204718134870E-015
           4          25  -3.0791321970966830E-015
           4          26  -7.2967261103101711E-015
           4          27   4.0335139277677824E-016
           4          28   3.6570946869552473E-015
           4          29   6.0824244016655519E-015
           5           1  -8.0955226858910268E-015
           5           2  -6.1566257699672110E-015
           5           3  -2.5228266470247313E-015
           5           4  -1.1934897514720433E-015
           5           5  0.21479608238014183     
           5           6   4.1974663254352917E-015
           5           7  -1.0998316244282408E-014
           5           8  -6.6890937233665682E-015
           5           9  0.31942590453393727     
           5          10   1.0359088975561944E-014
           5          11  -2.8610943367084196E-015
           5          12   5.9258153939367730E-015
           5          13  0.25660195909951139     
           5          14  -4.0516530260936817E-014
           5          15   2.5726924507174813E-014
           5          16  -2.8267319041042072E-014
           5          17   2.2570139512698813E-002
           5          18   1.6993514586996823E-015
           5          19  -1.1735583415395681E-015
           5          20  -1.2160842116151616E-015
           5          21  -2.6261035488958001E-016
           5          22   5.9181885792492449E-016
           5          23  -2.8566794989610866E-015
           5          24  -2.0716173643533329E-015
           5          25  -1.7850315110951333E-015
           5          26  -1.3736202580512279E-014
           5          27   4.8878360434352314E-016
           5          28   3.9270145133827979E-015
           5          29   8.6069672449093347E-015
           6           1 -0.15763935805977328     
           6           2 -0.25232473734860073     
           6           3   7.8825245365437733E-015
           6           4   3.6484644561976006E-015
           6           5   4.1974663254352917E-015
           6           6  0.79823761717404684     
           6           7   8.5742476322506443E-015
           6           8   9.6317284065770019E-015
           6           9  -3.2731646460648128E-016
           6          10  0.51758957028868213     
           6          11   5.0415008855829929E-015
           6          12   3.0140704479319794E-015
           6          13   1.2407829944424200E-014
           6          14   3.9371109138887795E-003
           6          15   2.7708130124776934E-015
           6          16   7.1204165635495345E-015
           6          17  -7.2609538787781466E-015
           6          18   1.7769674783370420E-002
           6          19  -3.7853200505910254E-016
           6          20   1.7769674783373501E-002
           6          21  -1.5711677461560185E-016
           6          22  -2.5809061387585024E-017
           6          23   1.7769674783373296E-002
           6          24   3.2228422444736393E-002
           6          25   6.4650972839432942E-016
           6          26   3.2228422444735207E-002
           6          27  -1.4175915883549508E-015
           6          28  -4.9664171790804600E-016
           6          29   3.2228422444738627E-002
           7           1  -4.6133057950490695E-015
           7           2  -4.5787859809142491E-015
           7           3  0.31942590453396236     
           7           4  -1.2905732797545422E-015
           7           5  -1.0998316244282408E-014
           7           6   8.5742476322506443E-015
           7           7  0.47502220411430174     
           7           8  -2.6686891086737108E-015
           7           9  -1.8836847229600218E-014
           7          10  -1.5654220708853072E-014
           7          11  0.38159593965737038     
           7          12  -2.2889845672103420E-015
           7          13  -5.5790265528037064E-015
           7          14   1.0936575073303877E-014
           7          15   3.3564332968381891E-002
           7          16   2.9050100304082397E-015
           7          17  -8.1509942397798695E-015
           7          18  -9.1434899693582339E-016
           7          19  -1.0538222406021915E-016
           7          20   1.3768629605783282E-016
           7          21   5.2950994139792474E-016
           7          22  -4.4982368650555406E-016
           7          23  -1.7644523447034400E-016
           7          24  -1.9961810096428711E-015
           7          25   9.5940499505833553E-016
           7          26   1.0825946651436589E-015
           7          27   1.0489700136148827E-015
           7          28  -8.2099213346802302E-016
           7          29  -1.2204663467484039E-015
           8           1  -4.8208734463750871E-015
           8           2  -4.3440884954225275E-015
           8           3   2.1742319316481185E-016
           8           4  0.31942590453396169     
           8           5  -6.6890937233665682E-015
           8           6   9.6317284065770019E-015
           8           7  -2.6686891086737108E-015
           8           8  0.47502220411429352     
           8           9  -9.8393515557404498E-015
           8          10   1.5633379311579947E-014
           8          11  -5.6433908923996662E-015
           8          12  0.38159593965737743     
           8          13   5.6898930012039273E-015
           8          14  -4.5061566366153710E-014
           8          15   2.3581697524739523E-014
           8          16   3.3564332968357730E-002
           8          17   1.6340227781963534E-014
           8          18   1.8457319519885024E-015
           8          19  -1.3563473489879732E-015
           8          20  -6.2770128260831710E-016
           8          21   4.7144505475262456E-016
           8          22   8.6162333423854952E-016
           8          23  -2.6206785554101099E-015
           8          24  -4.9794840611255162E-015
           8          25  -4.5790156473242627E-015
           8          26  -1.0684056039360385E-014
           8          27   5.9982907989549200E-016
           8          28   5.4385106482438157E-015
           8          29   9.2122443790835905E-015
           9           1  -1.4798721492208197E-014
           9           2  -1.0628813341707996E-014
           9           3  -5.4179141099723604E-015
           9           4  -1.6930901125533637E-015
           9           5  0.31942590453393727     
           9           6  -3.2731646460648128E-016
           9           7  -1.8836847229600218E-014
           9           8  -9.8393515557404498E-015
           9           9  0.47502220411426521     
           9          10   1.1169806663931706E-014
           9          11  -6.2445437275931992E-015
           9          12   8.9234175604246957E-015
           9          13  0.38159593965736055     
           9          14  -6.0283938968528792E-014
           9          15   3.8084661292681066E-014
           9          16  -4.2027145652490105E-014
           9          17   3.3564332968422338E-002
           9          18   2.3831817206794955E-015
           9          19  -1.7452131716870668E-015
           9          20  -1.9523986533215495E-015
           9          21  -3.9053103840515504E-016
           9          22   8.8010124389631774E-016
           9          23  -4.3921484181434637E-015
           9          24  -3.3394518372453537E-015
           9          25  -2.6545424500601549E-015
           9          26  -2.0686001397181102E-014
           9          27   7.2687659605169073E-016
           9          28   5.8399117518934156E-015
           9          29   1.2540802949243599E-014
          10           1 -0.10579876260858558     
          10           2 -0.16674621038629922     
          10           3  -9.1932979379569679E-015
          10           4   8.6857412160044625E-015
          10           5   1.0359088975561944E-014
          10           6  0.51758957028868213     
          10           7  -1.5654220708853072E-014
          10           8   1.5633379311579947E-014
          10           9   1.1169806663931706E-014
          10          10  0.33563459613135893     
          10          11  -1.3916861488163245E-014
          10          12   9.4821184940133581E-015
          10          13   1.7192534877572636E-014
          10          14   2.5538564519209344E-003
          10          15   3.2907022273372815E-016
          10          16   5.3606861816553795E-015
          10          17  -3.8826124404965877E-015
          10          18   1.1524160220580414E-002
          10          19  -2.6010472248840903E-016
          10          20   1.1524160220582422E-002
          10          21  -1.2074493319515876E-016
          10          22  -2.6986545286317757E-017
          10          23   1.1524160220582296E-002
          10          24   2.0903157273195527E-002
          10          25   4.0972836661005007E-016
          10          26   2.0903157273194792E-002
          10          27  -9.3598908563395290E-016
          10          28  -3.1863206985383727E-016
          10          29   2.0903157273196988E-002
          11           1   2.0631331388054875E-014
          11           2   1.7880564139412372E-014
          11           3  0.25660195909951844     
          11           4  -3.3895548043685886E-015
          11           5  -2.8610943367084196E-015
          11           6   5.0415008855829929E-015
          11           7  0.38159593965737038     
          11           8  -5.6433908923996662E-015
          11           9  -6.2445437275931992E-015
          11          10  -1.3916861488163245E-014
          11          11  0.30654453604204690     
          11          12  -4.6336429159778147E-015
          11          13   2.6560378245735206E-015
          11          14   8.7700915541012447E-015
          11          15   2.6962977881293620E-002
          11          16   2.0869549273124562E-015
          11          17  -5.9204113237332906E-015
          11          18  -7.8919583577868701E-016
          11          19  -8.4653023671575495E-017
          11          20   5.5926312419393011E-017
          11          21   4.2536490629835656E-016
          11          22  -3.6135517627192121E-016
          11          23  -1.9641703545177382E-016
          11          24  -1.7165841906912662E-015
          11          25   7.7072384644512970E-016
          11          26   7.5665334895125840E-016
          11          27   8.4264403568361837E-016
          11          28  -6.5952936425997965E-016
          11          29  -1.0934438747717508E-015
          12           1  -5.5353155079364087E-016
          12           2   9.1343420967764892E-017
          12           3   7.5026790335996907E-017
          12           4  0.25660195909952710     
          12           5   5.9258153939367730E-015
          12           6   3.0140704479319794E-015
          12           7  -2.2889845672103420E-015
          12           8  0.38159593965737743     
          12           9   8.9234175604246957E-015
          12          10   9.4821184940133581E-015
          12          11  -4.6336429159778147E-015
          12          12  0.30654453604206355     
          12          13   1.8055001937966608E-014
          12          14  -3.6223327394652592E-014
          12          15   1.8934270206336329E-014
          12          16   2.6962977881275184E-002
          12          17   1.4314070762022624E-014
          12          18   1.3762198727338291E-015
          12          19  -1.0895891346891097E-015
          12          20  -6.1073830430851041E-016
          12          21   3.7872711712672410E-016
          12          22   6.9217275951938626E-016
          12          23  -2.2117663733287026E-015
          12          24  -4.1946787491253205E-015
          12          25  -3.6784435853642116E-015
          12          26  -8.7773621335369982E-015
          12          27   4.8188352211052439E-016
          12          28   4.3688784887543448E-015
          12          29   7.2058471925710127E-015
          13           1  -1.4908713753860031E-014
          13           2  -1.2997122882219710E-014
          13           3   2.0720628175503047E-015
          13           4   7.7646222784721886E-015
          13           5  0.25660195909951139     
          13           6   1.2407829944424200E-014
          13           7  -5.5790265528037064E-015
          13           8   5.6898930012039273E-015
          13           9  0.38159593965736055     
          13          10   1.7192534877572636E-014
          13          11   2.6560378245735206E-015
          13          12   1.8055001937966608E-014
          13          13  0.30654453604205467     
          13          14  -4.8365281791382209E-014
          13          15   3.1268754455132794E-014
          13          16  -3.2802753568983434E-014
          13          17   2.6962977881327500E-002
          13          18   2.1968266532176576E-015
          13          19  -1.4019777205422133E-015
          13          20  -1.2860434311536123E-015
          13          21  -3.1371554077441618E-016
          13          22   7.0701806201534422E-016
          13          23  -3.2459788258125119E-015
          13          24  -2.1702658425911687E-015
          13          25  -2.1324603135974652E-015
          13          26  -1.6105242252062856E-014
          13          27   5.8396811657824152E-016
          13          28   4.6913328612058219E-015
          13          29   1.0586680402921840E-014
          14           1  -9.3935041751068253E-004
          14           2  -1.3861273656929219E-003
          14           3   7.3629005058232904E-015
          14           4  -3.0315013270171152E-014
          14           5  -4.0516530260936817E-014
          14           6   3.9371109138887795E-003
          14           7   1.0936575073303877E-014
          14           8  -4.5061566366153710E-014
          14           9  -6.0283938968528792E-014
          14          10   2.5538564519209344E-003
          14          11   8.7700915541012447E-015
          14          12  -3.6223327394652592E-014
          14          13  -4.8365281791382209E-014
          14          14   1.9462784032087904E-005
          14          15   7.8493886840957062E-016
          14          16  -3.1488851029760100E-015
          14          17  -4.2946529255623260E-015
          14          18   8.7736212327253735E-005
          14          19  -2.5297894701648483E-018
          14          20   8.7736212327269483E-005
          14          21  -1.6273430692770837E-018
          14          22  -5.8972082702629808E-019
          14          23   8.7736212327268711E-005
          14          24   1.5921855795766418E-004
          14          25   2.7616458050064516E-018
          14          26   1.5921855795765968E-004
          14          27  -7.7496424025603024E-018
          14          28  -2.2966514592733656E-018
          14          29   1.5921855795767586E-004
          15           1  -5.9817525989405694E-015
          15           2  -5.5823830835990564E-015
          15           3   2.2570139512671651E-002
          15           4   1.5892911376584433E-014
          15           5   2.5726924507174813E-014
          15           6   2.7708130124776934E-015
          15           7   3.3564332968381891E-002
          15           8   2.3581697524739523E-014
          15           9   3.8084661292681066E-014
          15          10   3.2907022273372815E-016
          15          11   2.6962977881293620E-002
          15          12   1.8934270206336329E-014
          15          13   3.1268754455132794E-014
          15          14   7.8493886840957062E-016
          15          15   2.3716037712390612E-003
          15          16   1.8849076056017965E-015
          15          17   2.2092610321213792E-015
          15          18  -1.3449937318935922E-017
          15          19  -7.4442251276117554E-018
          15          20   6.0884386542857575E-017
          15          21   3.7412847459460943E-017
          15          22  -3.1785027772165723E-017
          15          23   3.8692033922184131E-017
          15          24  -4.5230483508089304E-017
          15          25   6.7798365592737966E-017
          15          26   1.7230321999277307E-016
          15          27   7.4107228829766179E-017
          15          28  -5.8015423060270797E-017
          15          29   9.5745673338928421E-018
          16           1  -1.4922234520911418E-014
          16           2  -1.3988191253827698E-014
          16           3   2.0948736265780999E-015
          16           4   2.2570139512655747E-002
          16           5  -2.8267319041042072E-014
          16           6   7.1204165635495345E-015
          16           7   2.9050100304082397E-015
          16           8   3.3564332968357730E-002
          16           9  -4.2027145652490105E-014
          16          10   5.3606861816553795E-015
          16          11   2.0869549273124562E-015
          16          12   2.6962977881275184E-002
          16          13  -3.2802753568983434E-014
          16          14  -3.1488851029760100E-015
          16          15   1.8849076056017965E-015
          16          16   2.3716037712356881E-003
          16          17  -1.7660569187616382E-015
          16          18   2.8131341728028099E-016
          16          19  -9.5840770009049225E-017
          16          20   1.0654843812584371E-016
          16          21   3.3314776009288458E-017
          16          22   6.0888665371864108E-017
          16          23  -3.4288933642755894E-017
          16          24  -7.0481764849565794E-017
          16          25  -3.2355826483797565E-016
          16          26  -4.7360707621118869E-016
          16          27   4.2401346987280853E-017
          16          28   3.8427773353068101E-016
          16          29   9.3227956962913589E-016
          17           1  -3.0958627860214061E-015
          17           2  -1.5076143788098464E-015
          17           3  -4.9693898356104743E-015
          17           4   1.1334683192032458E-014
          17           5   2.2570139512698813E-002
          17           6  -7.2609538787781466E-015
          17           7  -8.1509942397798695E-015
          17           8   1.6340227781963534E-014
          17           9   3.3564332968422338E-002
          17          10  -3.8826124404965877E-015
          17          11  -5.9204113237332906E-015
          17          12   1.4314070762022624E-014
          17          13   2.6962977881327500E-002
          17          14  -4.2946529255623260E-015
          17          15   2.2092610321213792E-015
          17          16  -1.7660569187616382E-015
          17          17   2.3716037712449602E-003
          17          18   9.2433844599336563E-018
          17          19  -1.2332009629889701E-016
          17          20  -2.9710307409751776E-016
          17          21  -2.7589795821026538E-017
          17          22   6.2195346389278525E-017
          17          23  -4.6951204994415145E-016
          17          24  -5.2260988086289042E-016
          17          25  -1.8757061397433848E-016
          17          26  -1.7483610808897701E-015
          17          27   5.1394711298618999E-017
          17          28   4.1264005079359212E-016
          17          29   5.9945301735453381E-016
          18           1  -3.8467270837215014E-003
          18           2  -5.9123308811871809E-003
          18           3  -5.7142619458139283E-016
          18           4   1.1788589729270202E-015
          18           5   1.6993514586996823E-015
          18           6   1.7769674783370420E-002
          18           7  -9.1434899693582339E-016
          18           8   1.8457319519885024E-015
          18           9   2.3831817206794955E-015
          18          10   1.1524160220580414E-002
          18          11  -7.8919583577868701E-016
          18          12   1.3762198727338291E-015
          18          13   2.1968266532176576E-015
          18          14   8.7736212327253735E-005
          18          15  -1.3449937318935922E-017
          18          16   2.8131341728028099E-016
          18          17   9.2433844599336563E-018
          18          18   3.9576426468962753E-004
          18          19  -9.8070588766012334E-018
          18          20   3.9576426468969724E-004
          18          21  -5.2747900454192946E-018
          18          22  -1.5404461903925068E-018
          18          23   3.9576426468969323E-004
          18          24   7.1798300662300136E-004
          18          25   1.3498778777538239E-017
          18          26   7.1798300662297772E-004
          18          27  -3.3140195550618357E-017
          18          28  -1.0735476018670411E-017
          18          29   7.1798300662305242E-004
          19           1   2.5122154427486380E-015
          19           2   2.2523388854492756E-015
          19           3  -7.0863677929748579E-017
          19           4  -9.1206781620758595E-016
          19           5  -1.1735583415395681E-015
          19           6  -3.7853200505910254E-016
          19           7  -1.0538222406021915E-016
          19           8  -1.3563473489879732E-015
          19           9  -1.7452131716870668E-015
          19          10  -2.6010472248840903E-016
          19          11  -8.4653023671575495E-017
          19          12  -1.0895891346891097E-015
          19          13  -1.4019777205422133E-015
          19          14  -2.5297894701648483E-018
          19          15  -7.4442251276117554E-018
          19          16  -9.5840770009049225E-017
          19          17  -1.2332009629889701E-016
          19          18  -9.8070588766012334E-018
          19          19   3.0729777550280411E-029
          19          20  -9.8070588765836936E-018
          19          21   7.6710514117380695E-030
          19          22  -1.0809578348553890E-029
          19          23  -9.8070588765435110E-018
          19          24  -1.9195817503892465E-017
          19          25   4.1865425538454140E-029
          19          26  -1.9195817503743620E-017
          19          27  -4.0579406175636821E-029
          19          28  -4.2273946639504354E-029
          19          29  -1.9195817503994345E-017
          20           1  -3.8467270837242050E-003
          20           2  -5.9123308811899868E-003
          20           3   1.3600879655565935E-016
          20           4  -4.8438678382009715E-016
          20           5  -1.2160842116151616E-015
          20           6   1.7769674783373501E-002
          20           7   1.3768629605783282E-016
          20           8  -6.2770128260831710E-016
          20           9  -1.9523986533215495E-015
          20          10   1.1524160220582422E-002
          20          11   5.5926312419393011E-017
          20          12  -6.1073830430851041E-016
          20          13  -1.2860434311536123E-015
          20          14   8.7736212327269483E-005
          20          15   6.0884386542857575E-017
          20          16   1.0654843812584371E-016
          20          17  -2.9710307409751776E-016
          20          18   3.9576426468969724E-004
          20          19  -9.8070588765836936E-018
          20          20   3.9576426468976696E-004
          20          21  -5.2747900454246001E-018
          20          22  -1.5404461904091645E-018
          20          23   3.9576426468976289E-004
          20          24   7.1798300662312907E-004
          20          25   1.3498778777575827E-017
          20          26   7.1798300662310544E-004
          20          27  -3.3140195550642177E-017
          20          28  -1.0735476018752514E-017
          20          29   7.1798300662318003E-004
          21           1   3.1688796246004337E-015
          21           2   2.7951630963090378E-015
          21           3   3.5606587857212393E-016
          21           4   3.1702044244888767E-016
          21           5  -2.6261035488958001E-016
          21           6  -1.5711677461560185E-016
          21           7   5.2950994139792474E-016
          21           8   4.7144505475262456E-016
          21           9  -3.9053103840515504E-016
          21          10  -1.2074493319515876E-016
          21          11   4.2536490629835656E-016
          21          12   3.7872711712672410E-016
          21          13  -3.1371554077441618E-016
          21          14  -1.6273430692770837E-018
          21          15   3.7412847459460943E-017
          21          16   3.3314776009288458E-017
          21          17  -2.7589795821026538E-017
          21          18  -5.2747900454192946E-018
          21          19   7.6710514117380695E-030
          21          20  -5.2747900454246001E-018
          21          21   2.3541957283290064E-029
          21          22   1.9061438484655271E-029
          21          23  -5.2747900454521771E-018
          21          24  -1.1380583698475729E-017
          21          25  -4.0814197552897366E-030
          21          26  -1.1380583698561467E-017
          21          27   5.0704435194343356E-029
          21          28  -1.1724097817066960E-030
          21          29  -1.1380583698497004E-017
          22           1   1.7104952543291410E-015
          22           2   1.5003154374835476E-015
          22           3  -3.0248129796940734E-016
          22           4   5.7939350516696309E-016
          22           5   5.9181885792492449E-016
          22           6  -2.5809061387585024E-017
          22           7  -4.4982368650555406E-016
          22           8   8.6162333423854952E-016
          22           9   8.8010124389631774E-016
          22          10  -2.6986545286317757E-017
          22          11  -3.6135517627192121E-016
          22          12   6.9217275951938626E-016
          22          13   7.0701806201534422E-016
          22          14  -5.8972082702629808E-019
          22          15  -3.1785027772165723E-017
          22          16   6.0888665371864108E-017
          22          17   6.2195346389278525E-017
          22          18  -1.5404461903925068E-018
          22          19  -1.0809578348553890E-029
          22          20  -1.5404461904091645E-018
          22          21   1.9061438484655271E-029
          22          22   3.0559976498361527E-029
          22          23  -1.5404461904664556E-018
          22          24  -3.7796770039012782E-018
          22          25  -3.0586878387758648E-029
          22          26  -3.7796770041150225E-018
          22          27   8.0122807731990604E-029
          22          28   2.2324355856542944E-029
          22          29  -3.7796770038725926E-018
          23           1  -3.8467270837250480E-003
          23           2  -5.9123308811906954E-003
          23           3  -7.5227148357143337E-017
          23           4  -1.8245525506929216E-015
          23           5  -2.8566794989610866E-015
          23           6   1.7769674783373296E-002
          23           7  -1.7644523447034400E-016
          23           8  -2.6206785554101099E-015
          23           9  -4.3921484181434637E-015
          23          10   1.1524160220582296E-002
          23          11  -1.9641703545177382E-016
          23          12  -2.2117663733287026E-015
          23          13  -3.2459788258125119E-015
          23          14   8.7736212327268711E-005
          23          15   3.8692033922184131E-017
          23          16  -3.4288933642755894E-017
          23          17  -4.6951204994415145E-016
          23          18   3.9576426468969323E-004
          23          19  -9.8070588765435110E-018
          23          20   3.9576426468976289E-004
          23          21  -5.2747900454521771E-018
          23          22  -1.5404461904664556E-018
          23          23   3.9576426468975888E-004
          23          24   7.1798300662312214E-004
          23          25   1.3498778777656616E-017
          23          26   7.1798300662309872E-004
          23          27  -3.3140195550814186E-017
          23          28  -1.0735476018812854E-017
          23          29   7.1798300662317331E-004
          24           1  -7.3211633745955485E-003
          24           2  -1.1024428697583261E-002
          24           3  -1.2673427385544539E-015
          24           4  -3.4607204718134870E-015
          24           5  -2.0716173643533329E-015
          24           6   3.2228422444736393E-002
          24           7  -1.9961810096428711E-015
          24           8  -4.9794840611255162E-015
          24           9  -3.3394518372453537E-015
          24          10   2.0903157273195527E-002
          24          11  -1.7165841906912662E-015
          24          12  -4.1946787491253205E-015
          24          13  -2.1702658425911687E-015
          24          14   1.5921855795766418E-004
          24          15  -4.5230483508089304E-017
          24          16  -7.0481764849565794E-017
          24          17  -5.2260988086289042E-016
          24          18   7.1798300662300136E-004
          24          19  -1.9195817503892465E-017
          24          20   7.1798300662312907E-004
          24          21  -1.1380583698475729E-017
          24          22  -3.7796770039012782E-018
          24          23   7.1798300662312214E-004
          24          24   1.3027410618743833E-003
          24          25   2.3570746590329461E-017
          24          26   1.3027410618743436E-003
          24          27  -6.1721106508576420E-017
          24          28  -1.9143733227317513E-017
          24          29   1.3027410618744776E-003
          25           1   1.4494419065552791E-015
          25           2   1.1755529778245403E-015
          25           3   6.4514620600929086E-016
          25           4  -3.0791321970966830E-015
          25           5  -1.7850315110951333E-015
          25           6   6.4650972839432942E-016
          25           7   9.5940499505833553E-016
          25           8  -4.5790156473242627E-015
          25           9  -2.6545424500601549E-015
          25          10   4.0972836661005007E-016
          25          11   7.7072384644512970E-016
          25          12  -3.6784435853642116E-015
          25          13  -2.1324603135974652E-015
          25          14   2.7616458050064516E-018
          25          15   6.7798365592737966E-017
          25          16  -3.2355826483797565E-016
          25          17  -1.8757061397433848E-016
          25          18   1.3498778777538239E-017
          25          19   4.1865425538454140E-029
          25          20   1.3498778777575827E-017
          25          21  -4.0814197552897366E-030
          25          22  -3.0586878387758648E-029
          25          23   1.3498778777656616E-017
          25          24   2.3570746590329461E-017
          25          25   1.0417949525502242E-028
          25          26   2.3570746590603972E-017
          25          27  -7.5027673318067704E-029
          25          28  -9.9357609767357114E-029
          25          29   2.3570746590110839E-017
          26           1  -7.3211633746002609E-003
          26           2  -1.1024428697587216E-002
          26           3   8.0296203837193453E-016
          26           4  -7.2967261103101711E-015
          26           5  -1.3736202580512279E-014
          26           6   3.2228422444735207E-002
          26           7   1.0825946651436589E-015
          26           8  -1.0684056039360385E-014
          26           9  -2.0686001397181102E-014
          26          10   2.0903157273194792E-002
          26          11   7.5665334895125840E-016
          26          12  -8.7773621335369982E-015
          26          13  -1.6105242252062856E-014
          26          14   1.5921855795765968E-004
          26          15   1.7230321999277307E-016
          26          16  -4.7360707621118869E-016
          26          17  -1.7483610808897701E-015
          26          18   7.1798300662297772E-004
          26          19  -1.9195817503743620E-017
          26          20   7.1798300662310544E-004
          26          21  -1.1380583698561467E-017
          26          22  -3.7796770041150225E-018
          26          23   7.1798300662309872E-004
          26          24   1.3027410618743436E-003
          26          25   2.3570746590603972E-017
          26          26   1.3027410618743037E-003
          26          27  -6.1721106509129374E-017
          26          28  -1.9143733227605204E-017
          26          29   1.3027410618744377E-003
          27           1   3.0749182228208240E-015
          27           2   2.8935904140725493E-015
          27           3   7.0537385688228775E-016
          27           4   4.0335139277677824E-016
          27           5   4.8878360434352314E-016
          27           6  -1.4175915883549508E-015
          27           7   1.0489700136148827E-015
          27           8   5.9982907989549200E-016
          27           9   7.2687659605169073E-016
          27          10  -9.3598908563395290E-016
          27          11   8.4264403568361837E-016
          27          12   4.8188352211052439E-016
          27          13   5.8396811657824152E-016
          27          14  -7.7496424025603024E-018
          27          15   7.4107228829766179E-017
          27          16   4.2401346987280853E-017
          27          17   5.1394711298618999E-017
          27          18  -3.3140195550618357E-017
          27          19  -4.0579406175636821E-029
          27          20  -3.3140195550642177E-017
          27          21   5.0704435194343356E-029
          27          22   8.0122807731990604E-029
          27          23  -3.3140195550814186E-017
          27          24  -6.1721106508576420E-017
          27          25  -7.5027673318067704E-029
          27          26  -6.1721106509129374E-017
          27          27   2.8098947541319657E-028
          27          28   2.9606407136290852E-029
          27          29  -6.1721106508606729E-017
          28           1  -4.6747540663975438E-016
