           1           1  0.64087559818869400     
           1           2  0.57215745888415304     
           1           3  -1.9829873859181427E-014
           1           4  -2.8173549067836557E-014
           1           5   2.8373309195361811E-015
           1           6 -0.15543189457150175     
           1           7   2.7263248923179021E-015
           1           8  -2.5711823143688286E-014
           1           9  -9.2175314989186755E-015
           1          10  -9.9331337212064719E-002
           1          11  -2.3902000348236983E-014
           1          12   1.4742896056313528E-014
           1          13   4.0905429311390772E-014
           1          14  -4.4074919593928607E-003
           1          15   1.4304370278123096E-014
           1          16   2.6549143189611813E-014
           1          17   6.7504793751996884E-015
           1          18  -2.6127181556234516E-003
           1          19  -9.9393861561039663E-005
           1          20  -2.6752692142443342E-003
           1          21   4.4846707084998866E-005
           1          22  -3.1420575696112141E-005
           1          23  -2.7232993895407766E-003
           1          24  -8.4629501798671562E-003
           1          25   4.3330478710314397E-004
           1          26  -8.1902605719068010E-003
           1          27  -1.9550797767367285E-004
           1          28   1.3697712965828415E-004
           1          29  -7.9808743527347466E-003
           2           1  0.57215745888415304     
           2           2  0.52797783886439198     
           2           3  -1.7559305181780647E-014
           2           4  -2.6555499831773927E-014
           2           5   1.4207776187904362E-015
           2           6 -0.25332415487470872     
           2           7   1.7039098441492992E-015
           2           8  -2.5917938639497897E-014
           2           9  -1.1712178819133326E-014
           2          10 -0.16006892202271758     
           2          11  -2.0901557873197714E-014
           2          12   1.4331854117006473E-014
           2          13   3.8302699963478534E-014
           2          14  -6.9892493243854563E-003
           2          15   1.3177478762255154E-014
           2          16   2.4506245479266935E-014
           2          17   5.1014096580824585E-015
           2          18  -4.0568293331607391E-003
           2          19  -6.8467673832941600E-005
           2          20  -4.0999177634940681E-003
           2          21   3.0892749963755569E-005
           2          22  -2.1644130680369979E-005
           2          23  -4.1330034523351655E-003
           2          24  -1.3243263369063278E-002
           2          25   8.4866520220179759E-004
           2          26  -1.2709176998055526E-002
           2          27  -3.8291941917908403E-004
           2          28   2.6828165046243607E-004
           2          29  -1.2299075832951820E-002
           3           1  -1.9829873859181427E-014
           3           2  -1.7559305181780647E-014
           3           3  0.15654615196605098     
           3           4  -3.7379074878604264E-002
           3           5   1.6865512577853695E-002
           3           6   1.6798728237583681E-015
           3           7  0.24170502026720508     
           3           8  -5.5740524818882989E-002
           3           9   2.5150235137767360E-002
           3          10   8.1887170723599374E-015
           3          11  0.20381350885728225     
           3          12  -5.7358285127052690E-002
           3          13   2.5880171791185125E-002
           3          14  -1.3711950394241386E-015
           3          15   2.1688652976394274E-002
           3          16  -1.1922257844646974E-002
           3          17   5.3793463398445172E-003
           3          18   1.6218985907675639E-015
           3          19   5.1119012788772701E-016
           3          20   2.5588018326793385E-016
           3          21  -4.1988676423513797E-016
           3          22  -4.3679223396014873E-016
           3          23   1.0062764073330543E-015
           3          24  -3.4091420769828552E-015
           3          25  -4.3738872905240867E-016
           3          26  -1.5525703266413640E-015
           3          27   1.0402996379860253E-015
           3          28  -2.7041537272333371E-015
           3          29  -3.4048623842085598E-015
           4           1  -2.8173549067836557E-014
           4           2  -2.6555499831773927E-014
           4           3  -3.7379074878604264E-002
           4           4  0.12938344694884138     
           4           5  -1.1816343918890155E-002
           4           6   2.2113330791179926E-014
           4           7  -5.5740524818884626E-002
           4           8  0.20119937805757171     
           4           9  -1.7620800236988823E-002
           4          10   6.3819831624552521E-015
           4          11  -5.7358285127042802E-002
           4          12  0.16213226917279827     
           4          13  -1.8132209688432616E-002
           4          14  -1.6898842560044065E-014
           4          15  -1.1922257844672943E-002
           4          16   1.3024961485202406E-002
           4          17  -3.7688867217656064E-003
           4          18  -2.8151319128350867E-016
           4          19   3.7480824141679221E-016
           4          20   9.0750483058121040E-016
           4          21   4.5298411055743176E-016
           4          22  -2.5938096844641907E-016
           4          23  -4.5511711407967564E-016
           4          24   9.5848110835382670E-016
           4          25   9.1463932560596679E-016
           4          26  -1.2225072495137025E-015
           4          27  -5.1864758899707005E-016
           4          28  -3.0933043891346456E-017
           4          29   2.8638239905916935E-015
           5           1   2.8373309195361811E-015
           5           2   1.4207776187904362E-015
           5           3   1.6865512577853695E-002
           5           4  -1.1816343918890155E-002
           5           5  0.10852641411722146     
           5           6   8.8532819368243905E-015
           5           7   2.5150235137767891E-002
           5           8  -1.7620800236989097E-002
           5           9  0.17009689732537447     
           5          10  -7.6713084973062892E-015
           5          11   2.5880171791183907E-002
           5          12  -1.8132209688432675E-002
           5          13  0.13012709943690315     
           5          14   5.6618718571971069E-016
           5          15   5.3793463398590065E-003
           5          16  -3.7688867217649386E-003
           5          17   6.3724981992421279E-003
           5          18   3.7191537113293978E-016
           5          19  -3.7340675345863046E-016
           5          20   1.8267474102388461E-016
           5          21  -1.2162840081880430E-016
           5          22   5.6994207952131286E-016
           5          23   5.2179856912634659E-016
           5          24   2.1412511570811330E-015
           5          25  -2.9374119284214771E-016
           5          26   2.8031218041099489E-015
           5          27  -2.6717896700763121E-016
           5          28   1.9971783432513673E-015
           5          29  -1.6107560401866363E-015
           6           1 -0.15543189457150175     
           6           2 -0.25332415487470872     
           6           3   1.6798728237583681E-015
           6           4   2.2113330791179926E-014
           6           5   8.8532819368243905E-015
           6           6  0.80271826198150742     
           6           7   7.8319327294074666E-016
           6           8   3.5266657538264105E-014
           6           9   2.8481270800812799E-014
           6          10  0.49885167973691125     
           6          11  -3.3230231032156561E-016
           6          12  -3.9231063004052535E-015
           6          13  -1.9303090429997672E-014
           6          14   2.1033890832779688E-002
           6          15  -6.9351330645516349E-015
           6          16  -1.1352044609341687E-014
           6          17   4.0886658474647795E-015
           6          18   1.2039782291735432E-002
           6          19   1.0823100612443893E-004
           6          20   1.2107894787860212E-002
           6          21  -4.8834044209754551E-005
           6          22   3.4214190567167374E-005
           6          23   1.2160195343602000E-002
           6          24   3.9760036257877232E-002
           6          25  -2.6102656302237869E-003
           6          26   3.8117330401401389E-002
           6          27   1.1777570194191414E-003
           6          28  -8.2516211292576851E-004
           6          29   3.6855969651100488E-002
           7           1   2.7263248923179021E-015
           7           2   1.7039098441492992E-015
           7           3  0.24170502026720508     
           7           4  -5.5740524818884626E-002
           7           5   2.5150235137767891E-002
           7           6   7.8319327294074666E-016
           7           7  0.37323652155271037     
           7           8  -8.2996903631859006E-002
           7           9   3.7448367212733737E-002
           7          10   1.1273738801821976E-014
           7          11  0.31443218265348938     
           7          12  -8.6052546753548190E-002
           7          13   3.8827079437919423E-002
           7          14  -2.3056621636633494E-015
           7          15   3.3293733275211852E-002
           7          16  -1.8183120329161084E-002
           7          17   8.2042598863555690E-003
           7          18   2.5061423521152478E-015
           7          19   7.7636493951468977E-016
           7          20   3.7419026370782900E-016
           7          21  -6.3984327869309351E-016
           7          22  -6.9078763602839256E-016
           7          23   1.5172484317666483E-015
           7          24  -5.3258609321515242E-015
           7          25  -6.5122034464873197E-016
           7          26  -2.5106664229617208E-015
           7          27   1.6349231598132638E-015
           7          28  -4.2023691251522366E-015
           7          29  -5.3131272331952363E-015
           8           1  -2.5711823143688286E-014
           8           2  -2.5917938639497897E-014
           8           3  -5.5740524818882989E-002
           8           4  0.20119937805757171     
           8           5  -1.7620800236989097E-002
           8           6   3.5266657538264105E-014
           8           7  -8.2996903631859006E-002
           8           8  0.31292415646567262     
           8           9  -2.6237138310726663E-002
           8          10   1.0528919844003897E-014
           8          11  -8.6052546753530357E-002
           8          12  0.25189933637417650     
           8          13  -2.7203093999457424E-002
           8          14  -2.6468480898796487E-014
           8          15  -1.8183120329200893E-002
           8          16   2.0080385020895375E-002
           8          17  -5.7480824238011390E-003
           8          18  -4.2923617682636869E-016
           8          19   5.8804181303765816E-016
           8          20   1.4165267564301251E-015
           8          21   7.0669368385096796E-016
           8          22  -4.1064813920482813E-016
           8          23  -7.0879687645848013E-016
           8          24   1.4206996165179349E-015
           8          25   1.3888566239847597E-015
           8          26  -1.9492648198355939E-015
           8          27  -8.0477425122001765E-016
           8          28  -8.8514781421262649E-017
           8          29   4.3846551809040731E-015
           9           1  -9.2175314989186755E-015
           9           2  -1.1712178819133326E-014
           9           3   2.5150235137767360E-002
           9           4  -1.7620800236988823E-002
           9           5  0.17009689732537447     
           9           6   2.8481270800812799E-014
           9           7   3.7448367212733737E-002
           9           8  -2.6237138310726663E-002
           9           9  0.26661297435123166     
           9          10  -1.7933629086934632E-015
           9          11   3.8827079437916655E-002
           9          12  -2.7203093999457171E-002
           9          13  0.20388314553177844     
           9          14   1.5019520445439539E-015
           9          15   8.2042598863779834E-003
           9          16  -5.7480824238001389E-003
           9          17   9.9344427010643888E-003
           9          18   8.4811630919847713E-016
           9          19  -7.1000263206286616E-016
           9          20   4.8308594155838256E-016
           9          21  -1.3302103163472771E-016
           9          22   8.5782683634408118E-016
           9          23   9.4908255213451045E-016
           9          24   4.2768807975147490E-015
           9          25  -8.5495151922271182E-016
           9          26   5.0298702663367759E-015
           9          27  -2.3705652259771500E-016
           9          28   3.0248508694953192E-015
           9          29  -2.0669728967047568E-015
          10           1  -9.9331337212064719E-002
          10           2 -0.16006892202271758     
          10           3   8.1887170723599374E-015
          10           4   6.3819831624552521E-015
          10           5  -7.6713084973062892E-015
          10           6  0.49885167973691125     
          10           7   1.1273738801821976E-014
          10           8   1.0528919844003897E-014
          10           9  -1.7933629086934632E-015
          10          10  0.31589871397666747     
          10          11   1.0443891856859052E-014
          10          12  -1.2658852513407677E-014
          10          13  -2.7766640167230728E-014
          10          14   1.4341309781392763E-002
          10          15  -2.2310965170892959E-015
          10          16  -8.0843159599322190E-015
          10          17   3.6694231599844498E-015
          10          18   7.7819753540837588E-003
          10          19  -5.6980895307152902E-004
          10          20   7.4233802389240735E-003
          10          21   2.5709892757285943E-004
          10          22  -1.8012908503893771E-004
          10          23   7.1480310023354452E-003
          10          24   2.5490537110055798E-002
          10          25  -3.3396305657044708E-003
          10          26   2.3388823542977787E-002
          10          27   1.5068479221021580E-003
          10          28  -1.0557303372080975E-003
          10          29   2.1775011190964665E-002
          11           1  -2.3902000348236983E-014
          11           2  -2.0901557873197714E-014
          11           3  0.20381350885728225     
          11           4  -5.7358285127042802E-002
          11           5   2.5880171791183907E-002
          11           6  -3.3230231032156561E-016
          11           7  0.31443218265348938     
          11           8  -8.6052546753530357E-002
          11           9   3.8827079437916655E-002
          11          10   1.0443891856859052E-014
          11          11  0.26686089202503799     
          11          12  -8.6006214925973934E-002
          11          13   3.8806174425589243E-002
          11          14  -1.6966951264991318E-015
          11          15   2.9380433612927144E-002
          11          16  -1.6716516461599582E-002
          11          17   7.5425253181409021E-003
          11          18   2.0149683429161446E-015
          11          19   5.1469083663099017E-016
          11          20   3.0568007771332993E-016
          11          21  -4.5166370199316609E-016
          11          22  -5.6838199985776307E-016
          11          23   1.1749655274004876E-015
          11          24  -4.6878060486035188E-015
          11          25  -9.2133695283516812E-016
          11          26  -2.0794564151994760E-015
          11          27   1.1816335975903139E-015
          11          28  -3.4648506440190011E-015
          11          29  -4.7023742916341364E-015
          12           1   1.4742896056313528E-014
          12           2   1.4331854117006473E-014
          12           3  -5.7358285127052690E-002
          12           4  0.16213226917279827     
          12           5  -1.8132209688432675E-002
          12           6  -3.9231063004052535E-015
          12           7  -8.6052546753548190E-002
          12           8  0.25189933637417650     
          12           9  -2.7203093999457171E-002
          12          10  -1.2658852513407677E-014
          12          11  -8.6006214925973934E-002
          12          12  0.20436171425595034     
          12          13  -2.7188447494396976E-002
          12          14  -2.0742011590074413E-014
          12          15  -1.6716516461632747E-002
          12          16   1.7232840152202365E-002
          12          17  -5.2844568325266413E-003
          12          18  -9.0903805402828235E-016
          12          19   4.8919460642636240E-016
          12          20   5.5234472005259637E-016
          12          21   5.1147671225517729E-016
          12          22  -2.7508957452215128E-016
          12          23  -1.0535353364755754E-015
          12          24  -3.9536905775017592E-017
          12          25   1.4080041162798176E-015
          12          26  -2.8796223195309394E-015
          12          27  -5.9923078511944708E-016
          12          28   1.6599451481522248E-016
          12          29   2.2744822559301714E-015
          13           1   4.0905429311390772E-014
          13           2   3.8302699963478534E-014
          13           3   2.5880171791185125E-002
          13           4  -1.8132209688432616E-002
          13           5  0.13012709943690315     
          13           6  -1.9303090429997672E-014
          13           7   3.8827079437919423E-002
          13           8  -2.7203093999457424E-002
          13           9  0.20388314553177844     
          13          10  -2.7766640167230728E-014
          13          11   3.8806174425589243E-002
          13          12  -2.7188447494396976E-002
          13          13  0.15637137596478695     
          13          14  -2.9315612470496614E-016
          13          15   7.5425253181583057E-003
          13          16  -5.2844568325253662E-003
          13          17   7.9052435275520725E-003
          13          18  -1.3180949810311641E-017
          13          19  -3.9865680314634839E-016
          13          20  -2.2226595550499325E-016
          13          21  -1.6162599171358146E-016
          13          22   6.7939344185777754E-016
          13          23   2.0719816370289631E-016
          13          24   7.5189598938046196E-016
          13          25  -1.6419296589664447E-016
          13          26   1.8606268475890512E-015
          13          27  -4.7103015106911524E-016
          13          28   2.3731758660818044E-015
          13          29  -3.3423056185303309E-015
          14           1  -4.4074919593928607E-003
          14           2  -6.9892493243854563E-003
          14           3  -1.3711950394241386E-015
          14           4  -1.6898842560044065E-014
          14           5   5.6618718571971069E-016
          14           6   2.1033890832779688E-002
          14           7  -2.3056621636633494E-015
          14           8  -2.6468480898796487E-014
          14           9   1.5019520445439539E-015
          14          10   1.4341309781392763E-002
          14          11  -1.6966951264991318E-015
          14          12  -2.0742011590074413E-014
          14          13  -2.9315612470496614E-016
          14          14   8.2645138677519062E-004
          14          15  -1.7436509685730083E-016
          14          16  -1.0016753653761679E-015
          14          17   3.8809930220685925E-016
          14          18   3.8173366463763891E-004
          14          19  -1.3585347668180854E-004
          14          20   2.9623765259137480E-004
          14          21   6.1297357603336408E-005
          14          22  -4.2946258254243232E-005
          14          23   2.3058906828837291E-004
          14          24   1.2130680563252356E-003
          14          25  -4.3975381892266381E-004
          14          26   9.3631991032005416E-004
          14          27   1.9841779359857436E-004
          14          28  -1.3901580980499488E-004
          14          29   7.2381732032974404E-004
          15           1   1.4304370278123096E-014
          15           2   1.3177478762255154E-014
          15           3   2.1688652976394274E-002
          15           4  -1.1922257844672943E-002
          15           5   5.3793463398590065E-003
          15           6  -6.9351330645516349E-015
          15           7   3.3293733275211852E-002
          15           8  -1.8183120329200893E-002
          15           9   8.2042598863779834E-003
          15          10  -2.2310965170892959E-015
          15          11   2.9380433612927144E-002
          15          12  -1.6716516461632747E-002
          15          13   7.5425253181583057E-003
          15          14  -1.7436509685730083E-016
          15          15   3.8717498384342941E-003
          15          16  -2.5644396809633542E-003
          15          17   1.1570802604085760E-003
          15          18   1.0029357804946995E-016
          15          19  -7.8898375225872553E-017
          15          20  -6.2643577573961099E-017
          15          21   2.7650259359009783E-017
          15          22  -7.0196879252329597E-017
          15          23  -5.2845662741937862E-017
          15          24  -8.7002404070052953E-016
          15          25  -3.6132515552669756E-016
          15          26  -4.9010300666079514E-016
          15          27   3.3338412186435437E-017
          15          28  -3.4106652707617992E-016
          15          29  -9.3504950523201678E-016
          16           1   2.6549143189611813E-014
          16           2   2.4506245479266935E-014
          16           3  -1.1922257844646974E-002
          16           4   1.3024961485202406E-002
          16           5  -3.7688867217649386E-003
          16           6  -1.1352044609341687E-014
          16           7  -1.8183120329161084E-002
          16           8   2.0080385020895375E-002
          16           9  -5.7480824238001389E-003
          16          10  -8.0843159599322190E-015
          16          11  -1.6716516461599582E-002
          16          12   1.7232840152202365E-002
          16          13  -5.2844568325253662E-003
          16          14  -1.0016753653761679E-015
          16          15  -2.5644396809633542E-003
          16          16   2.0082173990976287E-003
          16          17  -8.1067552709194644E-004
          16          18  -2.6235074529239729E-016
          16          19   4.1493357975849424E-019
          16          20  -1.9310187725755305E-016
          16          21   2.7543858031962554E-017
          16          22  -4.2497808982798425E-018
          16          23  -2.8040147097505867E-016
          16          24  -2.4698441355248990E-016
          16          25   1.2785998800237581E-016
          16          26  -6.4919443415663284E-016
          16          27   5.5115186269213188E-017
          16          28   1.0347189157720111E-016
          16          29  -2.8505816623817535E-016
          17           1   6.7504793751996884E-015
          17           2   5.1014096580824585E-015
          17           3   5.3793463398445172E-003
          17           4  -3.7688867217656064E-003
          17           5   6.3724981992421279E-003
          17           6   4.0886658474647795E-015
          17           7   8.2042598863555690E-003
          17           8  -5.7480824238011390E-003
          17           9   9.9344427010643888E-003
          17          10   3.6694231599844498E-015
          17          11   7.5425253181409021E-003
          17          12  -5.2844568325266413E-003
          17          13   7.9052435275520725E-003
          17          14   3.8809930220685925E-016
          17          15   1.1570802604085760E-003
          17          16  -8.1067552709194644E-004
          17          17   5.7729373942306660E-004
          17          18   1.5900979851112851E-016
          17          19  -1.6796518522714737E-016
          17          20   4.3719291776665779E-017
          17          21   6.2847511415410948E-017
          17          22  -2.7692302293647507E-017
          17          23  -5.9786071457413323E-018
          17          24   2.9284766439914895E-016
          17          25  -4.8281925416564722E-016
          17          26   1.8880569990488817E-016
          17          27   1.4668984343835325E-016
          17          28  -9.2994588714287461E-017
          17          29  -2.9988837460152582E-016
          18           1  -2.6127181556234516E-003
          18           2  -4.0568293331607391E-003
          18           3   1.6218985907675639E-015
          18           4  -2.8151319128350867E-016
          18           5   3.7191537113293978E-016
          18           6   1.2039782291735432E-002
          18           7   2.5061423521152478E-015
          18           8  -4.2923617682636869E-016
          18           9   8.4811630919847713E-016
          18          10   7.7819753540837588E-003
          18          11   2.0149683429161446E-015
          18          12  -9.0903805402828235E-016
          18          13  -1.3180949810311641E-017
          18          14   3.8173366463763891E-004
          18          15   1.0029357804946995E-016
          18          16  -2.6235074529239729E-016
          18          17   1.5900979851112851E-016
          18          18   1.9798597412525482E-004
          18          19  -3.2153749644730347E-005
          18          20   1.7775081022589710E-004
          18          21   1.4507835488638880E-005
          18          22  -1.0164504213002079E-005
          18          23   1.6221312804237878E-004
          18          24   6.3984388292401414E-004
          18          25  -1.2705686430907216E-004
          18          26   5.5988380043748296E-004
          18          27   5.7328308687572991E-005
          18          28  -4.0165456496683220E-005
          18          29   4.9848601017413673E-004
          19           1  -9.9393861561039663E-005
          19           2  -6.8467673832941600E-005
          19           3   5.1119012788772701E-016
          19           4   3.7480824141679221E-016
          19           5  -3.7340675345863046E-016
          19           6   1.0823100612443893E-004
          19           7   7.7636493951468977E-016
          19           8   5.8804181303765816E-016
          19           9  -7.1000263206286616E-016
          19          10  -5.6980895307152902E-004
          19          11   5.1469083663099017E-016
          19          12   4.8919460642636240E-016
          19          13  -3.9865680314634839E-016
          19          14  -1.3585347668180854E-004
          19          15  -7.8898375225872553E-017
          19          16   4.1493357975849424E-019
          19          17  -1.6796518522714737E-016
          19          18  -3.2153749644730347E-005
          19          19   7.0151155998702305E-005
          19          20   1.1994138394821449E-005
          19          21  -3.1652340452154554E-005
          19          22   2.2176316248528164E-005
          19          23   4.5893337672010805E-005
          19          24  -8.1400977743963782E-005
          19          25   1.8649853852038364E-004
          19          26   3.5967246355953923E-005
          19          27  -8.4148509757721922E-005
          19          28   5.8956271086866004E-005
          19          29   1.2608908443822737E-004
          20           1  -2.6752692142443342E-003
          20           2  -4.0999177634940681E-003
          20           3   2.5588018326793385E-016
          20           4   9.0750483058121040E-016
          20           5   1.8267474102388461E-016
          20           6   1.2107894787860212E-002
          20           7   3.7419026370782900E-016
          20           8   1.4165267564301251E-015
          20           9   4.8308594155838256E-016
          20          10   7.4233802389240735E-003
          20          11   3.0568007771332993E-016
          20          12   5.5234472005259637E-016
          20          13  -2.2226595550499325E-016
          20          14   2.9623765259137480E-004
          20          15  -6.2643577573961099E-017
          20          16  -1.9310187725755305E-016
          20          17   4.3719291776665779E-017
          20          18   1.7775081022589710E-004
          20          19   1.1994138394821449E-005
          20          20   1.8529902338719470E-004
          20          21  -5.4117789863862430E-006
          20          22   3.7916097373913465E-006
          20          23   1.9109496048640774E-004
          20          24   5.8861619892401575E-004
          20          25  -9.6886402089751543E-006
          20          26   5.8251889379583885E-004
          20          27   4.3715336410272575E-006
          20          28  -3.0627912858613641E-006
          20          29   5.7783704443085428E-004
          21           1   4.4846707084998866E-005
          21           2   3.0892749963755569E-005
          21           3  -4.1988676423513797E-016
          21           4   4.5298411055743176E-016
          21           5  -1.2162840081880430E-016
          21           6  -4.8834044209754551E-005
          21           7  -6.3984327869309351E-016
          21           8   7.0669368385096796E-016
          21           9  -1.3302103163472771E-016
          21          10   2.5709892757285943E-004
          21          11  -4.5166370199316609E-016
          21          12   5.1147671225517729E-016
          21          13  -1.6162599171358146E-016
          21          14   6.1297357603336408E-005
          21          15   2.7650259359009783E-017
          21          16   2.7543858031962554E-017
          21          17   6.2847511415410948E-017
          21          18   1.4507835488638880E-005
          21          19  -3.1652340452154554E-005
          21          20  -5.4117789863862430E-006
          21          21   1.4281598668418703E-005
          21          22  -1.0005997789773344E-005
          21          23  -2.0707164804360178E-005
          21          24   3.6728282292796728E-005
          21          25  -8.4148509757788316E-005
          21          26  -1.6228492753709900E-005
          21          27   3.7967974176253836E-005
          21          28  -2.6601186219449801E-005
          21          29  -5.6891644494318002E-005
          22           1  -3.1420575696112141E-005
          22           2  -2.1644130680369979E-005
          22           3  -4.3679223396014873E-016
          22           4  -2.5938096844641907E-016
          22           5   5.6994207952131286E-016
          22           6   3.4214190567167374E-005
          22           7  -6.9078763602839256E-016
          22           8  -4.1064813920482813E-016
          22           9   8.5782683634408118E-016
          22          10  -1.8012908503893771E-004
          22          11  -5.6838199985776307E-016
          22          12  -2.7508957452215128E-016
          22          13   6.7939344185777754E-016
          22          14  -4.2946258254243232E-005
          22          15  -7.0196879252329597E-017
          22          16  -4.2497808982798425E-018
          22          17  -2.7692302293647507E-017
          22          18  -1.0164504213002079E-005
          22          19   2.2176316248528164E-005
          22          20   3.7916097373913465E-006
          22          21  -1.0005997789773344E-005
          22          22   7.0104190779668927E-006
          22          23   1.4507888792817527E-005
          22          24  -2.5732631197361024E-005
          22          25   5.8956271086846922E-005
          22          26   1.1370034013392147E-005
          22          27  -2.6601186219420199E-005
          22          28   1.8637368035390850E-005
          22          29   3.9859520091819064E-005
          23           1  -2.7232993895407766E-003
          23           2  -4.1330034523351655E-003
          23           3   1.0062764073330543E-015
          23           4  -4.5511711407967564E-016
          23           5   5.2179856912634659E-016
          23           6   1.2160195343602000E-002
          23           7   1.5172484317666483E-015
          23           8  -7.0879687645848013E-016
          23           9   9.4908255213451045E-016
          23          10   7.1480310023354452E-003
          23          11   1.1749655274004876E-015
          23          12  -1.0535353364755754E-015
          23          13   2.0719816370289631E-016
          23          14   2.3058906828837291E-004
          23          15  -5.2845662741937862E-017
          23          16  -2.8040147097505867E-016
          23          17  -5.9786071457413323E-018
          23          18   1.6221312804237878E-004
          23          19   4.5893337672010805E-005
          23          20   1.9109496048640774E-004
          23          21  -2.0707164804360178E-005
          23          22   1.4507888792817527E-005
          23          23   2.1327203479248099E-004
          23          24   5.4928073927816524E-004
          23          25   8.0433197873411281E-005
          23          26   5.9989937504833471E-004
          23          27  -3.6291618099599771E-005
          23          28   2.5426694792610506E-005
          23          29   6.3876717365257533E-004
          24           1  -8.4629501798671562E-003
          24           2  -1.3243263369063278E-002
          24           3  -3.4091420769828552E-015
          24           4   9.5848110835382670E-016
          24           5   2.1412511570811330E-015
          24           6   3.9760036257877232E-002
          24           7  -5.3258609321515242E-015
          24           8   1.4206996165179349E-015
          24           9   4.2768807975147490E-015
          24          10   2.5490537110055798E-002
          24          11  -4.6878060486035188E-015
          24          12  -3.9536905775017592E-017
          24          13   7.5189598938046196E-016
          24          14   1.2130680563252356E-003
          24          15  -8.7002404070052953E-016
          24          16  -2.4698441355248990E-016
          24          17   2.9284766439914895E-016
          24          18   6.3984388292401414E-004
          24          19  -8.1400977743963782E-005
          24          20   5.8861619892401575E-004
          24          21   3.6728282292796728E-005
          24          22  -2.5732631197361024E-005
          24          23   5.4928073927816524E-004
          24          24   2.0795586917897735E-003
          24          25  -3.5783653851678313E-004
          24          26   1.8543631520438017E-003
          24          27   1.6145655452249989E-004
          24          28  -1.1311996403241782E-004
          24          29   1.6814455150480883E-003
          25           1   4.3330478710314397E-004
          25           2   8.4866520220179759E-004
          25           3  -4.3738872905240867E-016
          25           4   9.1463932560596679E-016
          25           5  -2.9374119284214771E-016
          25           6  -2.6102656302237869E-003
          25           7  -6.5122034464873197E-016
          25           8   1.3888566239847597E-015
          25           9  -8.5495151922271182E-016
          25          10  -3.3396305657044708E-003
          25          11  -9.2133695283516812E-016
          25          12   1.4080041162798176E-015
          25          13  -1.6419296589664447E-016
          25          14  -4.3975381892266381E-004
          25          15  -3.6132515552669756E-016
          25          16   1.2785998800237581E-016
          25          17  -4.8281925416564722E-016
          25          18  -1.2705686430907216E-004
          25          19   1.8649853852038364E-004
          25          20  -9.6886402089751543E-006
          25          21  -8.4148509757788316E-005
          25          22   5.8956271086846922E-005
          25          23   8.0433197873411281E-005
          25          24  -3.5783653851678313E-004
          25          25   5.1107235321941336E-004
          25          26  -3.6205843928888235E-005
          25          27  -2.3059685744979323E-004
          25          28   1.6156115989139226E-004
          25          29   2.1076005848822153E-004
          26           1  -8.1902605719068010E-003
          26           2  -1.2709176998055526E-002
          26           3  -1.5525703266413640E-015
          26           4  -1.2225072495137025E-015
          26           5   2.8031218041099489E-015
          26           6   3.8117330401401389E-002
          26           7  -2.5106664229617208E-015
          26           8  -1.9492648198355939E-015
          26           9   5.0298702663367759E-015
          26          10   2.3388823542977787E-002
          26          11  -2.0794564151994760E-015
          26          12  -2.8796223195309394E-015
          26          13   1.8606268475890512E-015
          26          14   9.3631991032005416E-004
          26          15  -4.9010300666079514E-016
          26          16  -6.4919443415663284E-016
          26          17   1.8880569990488817E-016
          26          18   5.5988380043748296E-004
          26          19   3.5967246355953923E-005
          26          20   5.8251889379583885E-004
          26          21  -1.6228492753709900E-005
          26          22   1.1370034013392147E-005
          26          23   5.9989937504833471E-004
          26          24   1.8543631520438017E-003
          26          25  -3.6205843928888235E-005
          26          26   1.8315779032271854E-003
          26          27   1.6336148450521611E-005
          26          28  -1.1445459929501314E-005
          26          29   1.8140821242787213E-003
          27           1  -1.9550797767367285E-004
          27           2  -3.8291941917908403E-004
          27           3   1.0402996379860253E-015
          27           4  -5.1864758899707005E-016
          27           5  -2.6717896700763121E-016
          27           6   1.1777570194191414E-003
          27           7   1.6349231598132638E-015
          27           8  -8.0477425122001765E-016
          27           9  -2.3705652259771500E-016
          27          10   1.5068479221021580E-003
          27          11   1.1816335975903139E-015
          27          12  -5.9923078511944708E-016
          27          13  -4.7103015106911524E-016
          27          14   1.9841779359857436E-004
          27          15   3.3338412186435437E-017
          27          16   5.5115186269213188E-017
          27          17   1.4668984343835325E-016
          27          18   5.7328308687572991E-005
          27          19  -8.4148509757721922E-005
          27          20   4.3715336410272575E-006
          27          21   3.7967974176253836E-005
          27          22  -2.6601186219420199E-005
          27          23  -3.6291618099599771E-005
          27          24   1.6145655452249989E-004
          27          25  -2.3059685744979323E-004
          27          26   1.6336148450521611E-005
          27          27   1.0404575855209924E-004
          27          28  -7.2896715156306097E-005
          27          29  -9.5095355593658723E-005
          28           1   1.3697712965828415E-004
