           1           1  0.38261196186539248     
           1           2  0.62454124356335439     
           1           3 -0.13059411052854802     
           1           4 -0.16591443560195329     
           1           5   3.4245439021274457E-002
           1           6   2.2357667737292815E-002
           1           7   1.3657630687727240E-013
           1           8  -1.3472251603189404E-013
           1           9   1.4196489586505895E-013
           1          10   1.1185074961353460E-013
           1          11  -1.1323542996284183E-013
           1          12   1.2421563458088104E-013
           1          13   2.0356871091668951E-003
           1          14   1.0918701682571259E-013
           1          15  -5.9426752965628461E-015
           1          16  -5.6205632742272723E-014
           1          17  -9.1014468720458358E-014
           1          18   3.0227092857431340E-014
           1          19   1.9347704485354033E-013
           1          20   4.3732871370378249E-014
           1          21  -6.7557096353866957E-014
           1          22  -3.0973149979687924E-014
           1          23  -1.5520456343185296E-013
           1          24   1.5735899361838708E-013
           1          25  -2.5692808463667604E-013
           1          26   7.0854854135582045E-004
           1          27   2.2774525406149957E-013
           1          28   7.0854854143712184E-004
           1          29  -6.4630972451249819E-014
           1          30  -8.2635374402559710E-013
           1          31   7.0854854154494130E-004
           1          32   5.8436881370851103E-003
           1          33   4.2017397690102502E-013
           1          34   5.8436881370695299E-003
           1          35   1.4437603227241479E-013
           1          36  -9.9600957604922557E-013
           1          37   5.8436881372987640E-003
           2           1  0.62454124356335439     
           2           2   1.0547022391916148     
           2           3 -0.35723476688149503     
           2           4 -0.44128445894135121     
           2           5   9.8052545375240857E-002
           2           6   6.3538196454334478E-002
           2           7   2.2950496755406397E-013
           2           8  -2.2674004926346193E-013
           2           9   2.3359228207909919E-013
           2          10   1.8711105163646213E-013
           2          11  -1.9306213355921166E-013
           2          12   2.0128171302118491E-013
           2          13   5.5842769366473933E-003
           2          14   1.9465033619028476E-013
           2          15  -1.3921426404434687E-014
           2          16  -1.0161759286610458E-013
           2          17  -1.6559859660893937E-013
           2          18   5.8109574658634313E-014
           2          19   3.3314620996544291E-013
           2          20   8.0275500722306568E-014
           2          21  -1.2590304051797519E-013
           2          22  -4.6193883931937811E-014
           2          23  -2.7595277814733200E-013
           2          24   2.8194738871660742E-013
           2          25  -4.5996058898295685E-013
           2          26   1.5139562445630149E-003
           2          27   4.0237196118093172E-013
           2          28   1.5139562447139387E-003
           2          29  -1.1233487584715157E-013
           2          30  -1.4555981366168691E-012
           2          31   1.5139562449020226E-003
           2          32   1.5778919975776629E-002
           2          33   7.4957092137181552E-013
           2          34   1.5778919975760121E-002
           2          35   2.5400771563889540E-013
           2          36  -1.7840620021726892E-012
           2          37   1.5778919976161425E-002
           3           1 -0.13059411052854802     
           3           2 -0.35723476688149503     
           3           3  0.63458458567018716     
           3           4  0.76207112586723902     
           3           5 -0.21662477702345384     
           3           6 -0.13803622385162856     
           3           7  -8.8296284269073286E-014
           3           8   9.5478855761444693E-014
           3           9  -7.6857275168452403E-014
           3          10  -8.2816900027139122E-014
           3          11   1.0963932256432964E-013
           3          12  -7.2308312214392071E-014
           3          13  -1.1104357609209858E-002
           3          14  -1.0528933786243652E-013
           3          15   1.9803105279279509E-014
           3          16   6.0576775949210452E-014
           3          17   9.9590991896396922E-014
           3          18  -4.4254442595645440E-014
           3          19  -1.4034064575803716E-013
           3          20  -4.8225002719835302E-014
           3          21   8.4911479168750683E-014
           3          22  -1.1056033927669375E-014
           3          23   1.4845647703549948E-013
           3          24  -1.5983338727527922E-013
           3          25   2.5321573174183169E-013
           3          26  -2.0089120097031054E-003
           3          27  -2.0213944262051751E-013
           3          28  -2.0089120098045602E-003
           3          29   4.9553058260321126E-014
           3          30   7.1518795702417455E-013
           3          31  -2.0089120098904334E-003
           3          32  -3.0019244765345759E-002
           3          33  -4.0380973140285496E-013
           3          34  -3.0019244765378268E-002
           3          35  -1.2374392451415562E-013
           3          36   9.8849128116777236E-013
           3          37  -3.0019244765567187E-002
           4           1 -0.16591443560195329     
           4           2 -0.44128445894135121     
           4           3  0.76207112586723902     
           4           4  0.95608115001300642     
           4           5 -0.43813706770671179     
           4           6 -0.27222900414130380     
           4           7  -5.8842409989441949E-014
           4           8   9.3243348695362352E-014
           4           9  -4.1816039849864597E-014
           4          10  -2.0578067141277283E-014
           4          11   9.5066669320830493E-014
           4          12  -1.2430561439859430E-015
           4          13  -1.9333150201430008E-002
           4          14  -1.2809612314364243E-013
           4          15   2.0546373930107108E-014
           4          16   7.7144749180818793E-014
           4          17   1.1592572181550209E-013
           4          18  -4.1509866392470553E-014
           4          19  -1.6995032600107573E-013
           4          20  -7.8732890098923037E-014
           4          21   1.3899919582833658E-013
           4          22  -1.9719559031985168E-014
           4          23   1.7452328133936905E-013
           4          24  -1.8477742996782575E-013
           4          25   3.1443750241269187E-013
           4          26  -3.8712677292415594E-003
           4          27  -2.4221860566390675E-013
           4          28  -3.8712677293599152E-003
           4          29   5.8055308123794459E-014
           4          30   8.5509008766468022E-013
           4          31  -3.8712677294631859E-003
           4          32  -4.9853954937817885E-002
           4          33  -4.9105195261230193E-013
           4          34  -4.9853954937863799E-002
           4          35  -1.4828431596958426E-013
           4          36   1.2106945473025557E-012
           4          37  -4.9853954938093609E-002
           5           1   3.4245439021274457E-002
           5           2   9.8052545375240857E-002
           5           3 -0.21662477702345384     
           5           4 -0.43813706770671179     
           5           5  0.85653159061410333     
           5           6  0.51679982345946773     
           5           7  -1.5974020867886999E-013
           5           8   6.0859070356328328E-014
           5           9  -2.1629392701026863E-013
           5          10  -2.7338752620303418E-013
           5          11   1.0825770891542043E-013
           5          12  -3.7232388647461264E-013
           5          13   3.0439791221949650E-002
           5          14   3.0657232773286240E-014
           5          15   1.5441000028345487E-014
           5          16  -4.0750047257883837E-014
           5          17  -3.7883444247156814E-015
           5          18  -6.0773632019006656E-014
           5          19   4.7367647354877161E-014
           5          20   1.0429902779448801E-013
           5          21  -2.4526841163090239E-013
           5          22   8.8507555845577402E-014
           5          23  -1.5572385774820926E-014
           5          24  -3.2425400133183439E-014
           5          25  -7.0401525890668269E-014
           5          26   7.2392910818850700E-003
           5          27   4.0215120857469475E-014
           5          28   7.2392910818959884E-003
           5          29  -2.8841355354174013E-015
           5          30  -1.3098834134146284E-013
           5          31   7.2392910819130372E-003
           5          32   7.0705593302867825E-002
           5          33   1.1667925789656295E-013
           5          34   7.0705593302911957E-002
           5          35   2.3872689433107866E-014
           5          36  -3.2810753826851177E-013
           5          37   7.0705593302962125E-002
           6           1   2.2357667737292815E-002
           6           2   6.3538196454334478E-002
           6           3 -0.13803622385162856     
           6           4 -0.27222900414130380     
           6           5  0.51679982345946773     
           6           6  0.31619433732996954     
           6           7  -4.0127280835348301E-014
           6           8  -2.1236716637389412E-013
           6           9   4.8345008597015215E-014
           6          10  -6.8807971276198875E-014
           6          11  -3.6410469098363713E-013
           6          12   8.0754121118984641E-014
           6          13   1.9191484547293833E-002
           6          14   2.8094283015227902E-014
           6          15  -3.2368334190026926E-014
           6          16  -1.4281182929224913E-014
           6          17  -1.7800368378369772E-014
           6          18   4.8399447720942865E-014
           6          19   1.7262315479436611E-014
           6          20   2.8539385998143955E-015
           6          21   1.8140918988346999E-013
           6          22  -3.6103087748203568E-014
           6          23  -4.8926172209546303E-014
           6          24   1.8484861686858166E-013
           6          25  -1.0037800331538690E-013
           6          26   4.9076600406741519E-003
           6          27   2.6121161682455509E-014
           6          28   4.9076600406822201E-003
           6          29  -2.4743497739555041E-015
           6          30  -8.5809016024824042E-014
           6          31   4.9076600406928366E-003
           6          32   4.2367072721041912E-002
           6          33   7.3780880752366441E-014
           6          34   4.2367072721067864E-002
           6          35   1.5299658121926787E-014
           6          36  -2.0622120721226813E-013
           6          37   4.2367072721099602E-002
           7           1   1.3657630687727240E-013
           7           2   2.2950496755406397E-013
           7           3  -8.8296284269073286E-014
           7           4  -5.8842409989441949E-014
           7           5  -1.5974020867886999E-013
           7           6  -4.0127280835348301E-014
           7           7  0.33835599816648920     
           7           8   4.6694419164605847E-015
           7           9   2.3783058855641749E-015
           7          10  0.57748364283792974     
           7          11   2.8722683953486291E-015
           7          12   1.5959455978986028E-015
           7          13   9.8105266039875851E-014
           7          14   8.1183868279864450E-003
           7          15  -5.7079856249572870E-015
           7          16  -4.4664699524089345E-015
           7          17   1.3262008033590671E-002
           7          18  -8.9888491615341052E-016
           7          19  -5.7248043111578942E-015
           7          20  -6.4190009678984861E-002
           7          21  -6.0113301462257658E-015
           7          22  -5.7091545304244128E-015
           7          23  -3.9698888711691770E-002
           7          24   5.1994638893591195E-015
           7          25   1.8676026166101067E-015
           7          26   2.5222433934556698E-014
           7          27   2.9616090409102005E-015
           7          28  -3.9800720254952980E-014
           7          29   2.6880021573286964E-015
           7          30   1.0190017979928370E-014
           7          31  -1.7033839695879418E-015
           7          32   6.7201671980962359E-014
           7          33   3.8652173935954408E-015
           7          34   7.0137860422102796E-014
           7          35   1.1662563625016512E-014
           7          36   2.2782740952873661E-014
           7          37   8.9022030155445656E-014
           8           1  -1.3472251603189404E-013
           8           2  -2.2674004926346193E-013
           8           3   9.5478855761444693E-014
           8           4   9.3243348695362352E-014
           8           5   6.0859070356328328E-014
           8           6  -2.1236716637389412E-013
           8           7   4.6694419164605847E-015
           8           8  0.33835599816649614     
           8           9  -3.1068897454745506E-015
           8          10   4.4604077376053731E-015
           8          11  0.57748364283794296     
           8          12  -3.8510861166687058E-015
           8          13  -3.3911689643611944E-014
           8          14   1.2188618822532492E-014
           8          15   8.1183868280145875E-003
           8          16   1.0781614723188429E-014
           8          17  -1.0414764753732982E-014
           8          18   1.3262008033572564E-002
           8          19   5.4188424580827657E-015
           8          20   4.3887152924661891E-015
           8          21  -6.4190009678959922E-002
           8          22   7.1147718250753606E-015
           8          23  -3.0376846125854680E-015
           8          24  -3.9698888711729427E-002
           8          25  -1.5761955000741774E-014
           8          26   3.7158504037591943E-014
           8          27   1.1619385772676477E-015
           8          28   7.0133427933216009E-014
           8          29   1.2238220798140729E-014
           8          30   1.2552286921822779E-014
           8          31   9.0218767278598756E-014
           8          32  -3.4874307838938308E-014
           8          33   2.4567087262120515E-015
           8          34   2.7829965104964021E-014
           8          35   2.1766903506650199E-014
           8          36   1.3167816936290644E-014
           8          37   2.7207133283772825E-014
           9           1   1.4196489586505895E-013
           9           2   2.3359228207909919E-013
           9           3  -7.6857275168452403E-014
           9           4  -4.1816039849864597E-014
           9           5  -2.1629392701026863E-013
           9           6   4.8345008597015215E-014
           9           7   2.3783058855641749E-015
           9           8  -3.1068897454745506E-015
           9           9  0.33835599816649209     
           9          10   3.7730235602495412E-015
           9          11  -2.4841240175989806E-015
           9          12  0.57748364283794074     
           9          13   1.2320589514089051E-013
           9          14   7.8265403869158594E-015
           9          15  -1.4331085959867018E-014
           9          16   8.1183868280075931E-003
           9          17   1.1685531015051889E-015
           9          18   7.8327101749042214E-015
           9          19   1.3262008033571216E-002
           9          20  -9.8958960871672711E-015
           9          21  -2.1860429590645747E-014
           9          22  -6.4190009679000279E-002
           9          23   8.1053192586496120E-015
           9          24   6.6495610016515873E-015
           9          25  -3.9698888711706314E-002
           9          26  -1.2167468562658666E-015
           9          27  -7.5245648627538263E-016
           9          28  -5.6994835958021523E-014
           9          29  -3.4412439814328790E-015
           9          30   2.8317520525866058E-015
           9          31  -6.5739302699291914E-014
           9          32   1.0276439199627683E-013
           9          33   7.0686569503993692E-015
           9          34   8.8271058295492248E-014
           9          35  -1.4486017429162026E-015
           9          36  -5.0741122372698569E-015
           9          37   5.8754754330470461E-014
          10           1   1.1185074961353460E-013
          10           2   1.8711105163646213E-013
          10           3  -8.2816900027139122E-014
          10           4  -2.0578067141277283E-014
          10           5  -2.7338752620303418E-013
          10           6  -6.8807971276198875E-014
          10           7  0.57748364283792974     
          10           8   4.4604077376053731E-015
          10           9   3.7730235602495412E-015
          10          10  0.98574762880149680     
          10          11  -1.0638191716427610E-015
          10          12   2.2334564753201084E-015
          10          13   1.6813297733352799E-013
          10          14   1.4722065743173383E-002
          10          15  -1.0159578714197047E-014
          10          16  -7.8323967727138304E-015
          10          17   2.0368159319984310E-002
          10          18  -2.7345476143886224E-015
          10          19  -9.5045499248768914E-015
          10          20 -0.11642278355027719     
          10          21  -1.4230245840463544E-014
          10          22  -9.5075992434870021E-015
          10          23  -7.1987593478652301E-002
          10          24   8.4361754100438754E-015
          10          25   3.8873560674698549E-015
          10          26   4.3044615486456247E-014
          10          27   5.2866031650490180E-015
          10          28  -6.8018857338035829E-014
          10          29   4.6362654661808166E-015
          10          30   1.7654822498087841E-014
          10          31  -2.6121283728948091E-015
          10          32   1.1307686530629151E-013
          10          33   6.5706225489683756E-015
          10          34   1.1765768463843110E-013
          10          35   2.0306998761906192E-014
          10          36   3.9924898321204998E-014
          10          37   1.5055041439066966E-013
          11           1  -1.1323542996284183E-013
          11           2  -1.9306213355921166E-013
          11           3   1.0963932256432964E-013
          11           4   9.5066669320830493E-014
          11           5   1.0825770891542043E-013
          11           6  -3.6410469098363713E-013
          11           7   2.8722683953486291E-015
          11           8  0.57748364283794296     
          11           9  -2.4841240175989806E-015
          11          10  -1.0638191716427610E-015
          11          11  0.98574762880152156     
          11          12  -1.9585028043782353E-015
          11          13  -5.6359049339055503E-014
          11          14   2.1072478462013130E-014
          11          15   1.4722065743224766E-002
          11          16   1.8927662714072542E-014
          11          17  -1.7241823203548521E-014
          11          18   2.0368159319951368E-002
          11          19   1.0681559803327654E-014
          11          20   1.1506216681213775E-014
          11          21 -0.11642278355023618     
          11          22   1.7531223868439401E-014
          11          23  -3.4875082354890552E-015
          11          24  -7.1987593478723466E-002
          11          25  -2.5467082327529146E-014
          11          26   6.2791428687164465E-014
          11          27   1.4496774046489932E-015
          11          28   1.1958817177117172E-013
          11          29   2.0802580117190585E-014
          11          30   2.1119874357337159E-014
          11          31   1.5356074211948568E-013
          11          32  -5.9621532292668233E-014
          11          33   3.4976117572612498E-015
          11          34   4.9666682973211510E-014
          11          35   3.7905161145220855E-014
          11          36   2.1923408123771899E-014
          11          37   4.8947915191933574E-014
          12           1   1.2421563458088104E-013
          12           2   2.0128171302118491E-013
          12           3  -7.2308312214392071E-014
          12           4  -1.2430561439859430E-015
          12           5  -3.7232388647461264E-013
          12           6   8.0754121118984641E-014
          12           7   1.5959455978986028E-015
          12           8  -3.8510861166687058E-015
          12           9  0.57748364283794074     
          12          10   2.2334564753201084E-015
          12          11  -1.9585028043782353E-015
          12          12  0.98574762880152567     
          12          13   2.1100283221421037E-013
          12          14   1.4163473386197145E-014
          12          15  -2.7165688318633755E-014
          12          16   1.4722065743211008E-002
          12          17   1.7702853072350114E-015
          12          18   1.5400875019721970E-014
          12          19   2.0368159319950188E-002
          12          20  -1.7217523522357147E-014
          12          21  -3.2864458225123753E-014
          12          22 -0.11642278355030636     
          12          23   1.4222882583055214E-014
          12          24   1.5900177225204396E-014
          12          25  -7.1987593478677947E-002
          12          26  -1.5735309683360470E-015
          12          27  -1.1122468008050492E-015
          12          28  -9.7766068058565965E-014
          12          29  -5.7941736076438075E-015
          12          30   4.8752365745813789E-015
          12          31  -1.1318741992314476E-013
          12          32   1.7525879750563375E-013
          12          33   1.3084011544071502E-014
          12          34   1.4826126028194479E-013
          12          35  -2.5889343349139980E-015
          12          36  -9.0854415865062890E-015
          12          37   9.6951840777684024E-014
          13           1   2.0356871091668951E-003
          13           2   5.5842769366473933E-003
          13           3  -1.1104357609209858E-002
          13           4  -1.9333150201430008E-002
          13           5   3.0439791221949650E-002
          13           6   1.9191484547293833E-002
          13           7   9.8105266039875851E-014
          13           8  -3.3911689643611944E-014
          13           9   1.2320589514089051E-013
          13          10   1.6813297733352799E-013
          13          11  -5.6359049339055503E-014
          13          12   2.1100283221421037E-013
          13          13   1.2446440557692877E-003
          13          14   1.2579134209041078E-014
          13          15   7.2943092493296940E-015
          13          16   1.0039266676360117E-014
          13          17  -1.8406288405146377E-014
          13          18  -2.3271481050467742E-014
          13          19  -1.5582476628326244E-014
          13          20  -8.1229833661854170E-014
          13          21  -6.2819598287588331E-014
          13          22  -9.0682324428297358E-014
          13          23  -5.4058913992470385E-014
          13          24  -3.3684223650748948E-014
          13          25  -6.1778431282018053E-014
          13          26   3.5659451035472415E-004
          13          27   2.4911424664960676E-015
          13          28   3.5659451035574671E-004
          13          29  -4.2202695343959589E-016
          13          30  -8.4651556142167428E-015
          13          31   3.5659451035672190E-004
          13          32   2.5024255649364188E-003
          13          33   6.1680740432026618E-015
          13          34   2.5024255649379341E-003
          13          35   1.4560824172190572E-015
          13          36  -1.6560098826991111E-014
          13          37   2.5024255649406541E-003
          14           1   1.0918701682571259E-013
          14           2   1.9465033619028476E-013
          14           3  -1.0528933786243652E-013
          14           4  -1.2809612314364243E-013
          14           5   3.0657232773286240E-014
          14           6   2.8094283015227902E-014
          14           7   8.1183868279864450E-003
          14           8   1.2188618822532492E-014
          14           9   7.8265403869158594E-015
          14          10   1.4722065743173383E-002
          14          11   2.1072478462013130E-014
          14          12   1.4163473386197145E-014
          14          13   1.2579134209041078E-014
          14          14   6.5448090485679478E-003
          14          15  -2.8113832543386341E-016
          14          16   5.0119441935068859E-015
          14          17  -1.6331453376057563E-002
          14          18  -1.2523606681529876E-014
          14          19  -1.4789259210046112E-014
          14          20  -5.1734823427135576E-002
          14          21  -5.1856155957928316E-014
          14          22  -5.1402505890565666E-014
          14          23  -3.1942395886165313E-002
          14          24  -1.7100559518066109E-014
          14          25  -2.7561510128575077E-014
          14          26   1.9082811449867654E-015
          14          27   1.8828433754545506E-015
          14          28  -2.2136873994660498E-016
          14          29   2.1331431185235091E-016
          14          30   2.1476560912888246E-015
          14          31   3.4859445448553671E-015
          14          32   6.5967617502644948E-015
          14          33  -1.4108083631615867E-016
          14          34   3.4666934087623748E-015
          14          35   3.2887747200801048E-015
          14          36   8.1686819329002460E-015
          14          37   8.7710764946504206E-015
          15           1  -5.9426752965628461E-015
          15           2  -1.3921426404434687E-014
          15           3   1.9803105279279509E-014
          15           4   2.0546373930107108E-014
          15           5   1.5441000028345487E-014
          15           6  -3.2368334190026926E-014
          15           7  -5.7079856249572870E-015
          15           8   8.1183868280145875E-003
          15           9  -1.4331085959867018E-014
          15          10  -1.0159578714197047E-014
          15          11   1.4722065743224766E-002
          15          12  -2.7165688318633755E-014
          15          13   7.2943092493296940E-015
          15          14  -2.8113832543386341E-016
          15          15   6.5448090486105778E-003
          15          16  -7.3357383258030066E-015
          15          17   1.3611534991655319E-014
          15          18  -1.6331453376116915E-002
          15          19   3.7136136857686635E-014
          15          20   4.9638104978706723E-014
          15          21  -5.1734823427285047E-002
          15          22   1.3018506699953629E-013
          15          23   2.4774411042687210E-014
          15          24  -3.1942395886302231E-002
          15          25   6.5973574631257902E-014
          15          26  -4.6897990521185475E-015
          15          27  -3.8735862711605735E-015
          15          28   2.2080593688396000E-017
          15          29  -3.3545281580421839E-016
          15          30  -2.0815775218509858E-015
          15          31  -1.8594290701884357E-015
          15          32  -1.2641590409682171E-014
          15          33  -4.9988994605303545E-015
          15          34   5.4281979636838374E-015
          15          35   6.0652724497308813E-015
          15          36  -3.6215890463636927E-015
          15          37   7.9801210633145440E-015
          16           1  -5.6205632742272723E-014
          16           2  -1.0161759286610458E-013
          16           3   6.0576775949210452E-014
          16           4   7.7144749180818793E-014
          16           5  -4.0750047257883837E-014
          16           6  -1.4281182929224913E-014
          16           7  -4.4664699524089345E-015
          16           8   1.0781614723188429E-014
          16           9   8.1183868280075931E-003
          16          10  -7.8323967727138304E-015
          16          11   1.8927662714072542E-014
          16          12   1.4722065743211008E-002
          16          13   1.0039266676360117E-014
          16          14   5.0119441935068859E-015
          16          15  -7.3357383258030066E-015
          16          16   6.5448090485872596E-003
          16          17   2.2380516290597897E-015
          16          18  -1.8465743460683414E-014
          16          19  -1.6331453376086963E-002
          16          20   4.7781831095655152E-015
          16          21  -6.9592765712305852E-014
          16          22  -5.1734823427216359E-002
          16          23   7.7849562969903364E-015
          16          24  -2.9194443817283123E-014
          16          25  -3.1942395886208487E-002
          16          26   4.5055895867083942E-015
          16          27   1.2154251040259248E-015
          16          28  -4.1558560302223558E-015
          16          29   5.0114038530432333E-016
          16          30   4.6614456306702492E-016
          16          31  -8.3011980482691086E-015
          16          32   9.2058853306703837E-015
          16          33   7.6936007051836256E-015
          16          34  -7.6777789484145814E-015
          16          35  -9.2968515196154170E-016
          16          36  -3.2561249425212859E-015
          16          37  -1.5115578920324251E-014
          17           1  -9.1014468720458358E-014
          17           2  -1.6559859660893937E-013
          17           3   9.9590991896396922E-014
          17           4   1.1592572181550209E-013
          17           5  -3.7883444247156814E-015
          17           6  -1.7800368378369772E-014
          17           7   1.3262008033590671E-002
          17           8  -1.0414764753732982E-014
          17           9   1.1685531015051889E-015
          17          10   2.0368159319984310E-002
          17          11  -1.7241823203548521E-014
          17          12   1.7702853072350114E-015
          17          13  -1.8406288405146377E-014
          17          14  -1.6331453376057563E-002
          17          15   1.3611534991655319E-014
          17          16   2.2380516290597897E-015
          17          17   4.4176027495694450E-002
          17          18  -3.9341122861594097E-016
          17          19  -1.1197368986894688E-015
          17          20  0.12908871219319751     
          17          21   2.8958593587786115E-014
          17          22   8.9771872119155246E-015
          17          23   7.9697747842009517E-002
          17          24  -2.0320384382089291E-014
          17          25  -4.8332030313160905E-015
          17          26  -1.1749764974843913E-015
          17          27  -4.6380241265882701E-015
          17          28  -2.2323936466765240E-015
          17          29  -2.7808536935802247E-016
          17          30  -4.5897997898434369E-015
          17          31  -8.0620440586898066E-015
          17          32   2.2891703540004154E-016
          17          33   7.6591883997762420E-016
          17          34   8.7371666002787595E-015
          17          35  -7.4342848443316917E-015
          17          36  -1.9091618152405765E-014
          17          37  -3.2424705595382694E-015
          18           1   3.0227092857431340E-014
          18           2   5.8109574658634313E-014
          18           3  -4.4254442595645440E-014
          18           4  -4.1509866392470553E-014
          18           5  -6.0773632019006656E-014
          18           6   4.8399447720942865E-014
          18           7  -8.9888491615341052E-016
          18           8   1.3262008033572564E-002
          18           9   7.8327101749042214E-015
          18          10  -2.7345476143886224E-015
          18          11   2.0368159319951368E-002
          18          12   1.5400875019721970E-014
          18          13  -2.3271481050467742E-014
          18          14  -1.2523606681529876E-014
          18          15  -1.6331453376116915E-002
          18          16  -1.8465743460683414E-014
          18          17  -3.9341122861594097E-016
          18          18   4.4176027495723920E-002
          18          19   1.9141047254146703E-015
          18          20  -1.5024140387530063E-014
          18          21  0.12908871219320026     
          18          22  -3.3891738089488978E-014
          18          23   5.5289797169939708E-015
          18          24   7.9697747842122829E-002
          18          25   1.4782869617009645E-014
          18          26   1.6039297899179781E-014
          18          27   1.0274819905784865E-014
          18          28   7.0475934232889709E-015
          18          29   2.1293920933624803E-015
          18          30   6.7446680585538613E-015
          18          31   1.4035219462066650E-014
          18          32   2.7505099153711210E-014
          18          33   1.3356582742924487E-014
          18          34  -1.3468910242913196E-014
          18          35  -1.3680805567321675E-014
          18          36   1.0837048164930082E-014
          18          37  -2.0225015982790546E-014
          19           1   1.9347704485354033E-013
          19           2   3.3314620996544291E-013
          19           3  -1.4034064575803716E-013
          19           4  -1.6995032600107573E-013
          19           5   4.7367647354877161E-014
          19           6   1.7262315479436611E-014
          19           7  -5.7248043111578942E-015
          19           8   5.4188424580827657E-015
          19           9   1.3262008033571216E-002
          19          10  -9.5045499248768914E-015
          19          11   1.0681559803327654E-014
          19          12   2.0368159319950188E-002
          19          13  -1.5582476628326244E-014
          19          14  -1.4789259210046112E-014
          19          15   3.7136136857686635E-014
          19          16  -1.6331453376086963E-002
          19          17  -1.1197368986894688E-015
          19          18   1.9141047254146703E-015
          19          19   4.4176027495723171E-002
          19          20   5.8127223076762476E-015
          19          21   2.7178995206233836E-014
          19          22  0.12908871219325699     
          19          23  -7.6255024108440213E-015
          19          24  -1.7278224444454667E-014
          19          25   7.9697747842028127E-002
          19          26  -1.2507646164088590E-014
          19          27  -3.2627602694527590E-015
          19          28   4.5083596960439523E-015
          19          29  -1.6654759645763162E-015
          19          30  -9.3598418000929703E-016
          19          31   1.4494069532382809E-014
          19          32  -1.6790269837622060E-014
          19          33  -1.9452324659322854E-014
          19          34   2.5997203231732692E-014
          19          35   2.2910273327766880E-015
          19          36   8.0199492712600410E-015
          19          37   4.2481607590762426E-014
          20           1   4.3732871370378249E-014
          20           2   8.0275500722306568E-014
          20           3  -4.8225002719835302E-014
          20           4  -7.8732890098923037E-014
          20           5   1.0429902779448801E-013
          20           6   2.8539385998143955E-015
          20           7  -6.4190009678984861E-002
          20           8   4.3887152924661891E-015
          20           9  -9.8958960871672711E-015
          20          10 -0.11642278355027719     
          20          11   1.1506216681213775E-014
          20          12  -1.7217523522357147E-014
          20          13  -8.1229833661854170E-014
          20          14  -5.1734823427135576E-002
          20          15   4.9638104978706723E-014
          20          16   4.7781831095655152E-015
          20          17  0.12908871219319751     
          20          18  -1.5024140387530063E-014
          20          19   5.8127223076762476E-015
          20          20  0.40897251343496155     
          20          21   3.5132537115916189E-014
          20          22   5.5127008859190420E-014
          20          23  0.25250122137529307     
          20          24  -9.6216731048956803E-014
          20          25   1.1136021269111343E-015
          20          26  -1.0418949561613906E-014
          20          27  -1.4866205061421296E-014
          20          28   6.4281301476400790E-015
          20          29  -1.7182106901112661E-015
          20          30  -1.6981023681415645E-014
          20          31  -2.2882993848685460E-014
          20          32  -6.5627900888573731E-015
          20          33   1.1086584886558765E-015
          20          34   1.8172293663722660E-014
          20          35  -2.5987811712970632E-014
          20          36  -6.4573036553295407E-014
          20          37  -2.3758802978183830E-014
          21           1  -6.7557096353866957E-014
          21           2  -1.2590304051797519E-013
          21           3   8.4911479168750683E-014
          21           4   1.3899919582833658E-013
          21           5  -2.4526841163090239E-013
          21           6   1.8140918988346999E-013
          21           7  -6.0113301462257658E-015
          21           8  -6.4190009678959922E-002
          21           9  -2.1860429590645747E-014
          21          10  -1.4230245840463544E-014
          21          11 -0.11642278355023618     
          21          12  -3.2864458225123753E-014
          21          13  -6.2819598287588331E-014
          21          14  -5.1856155957928316E-014
          21          15  -5.1734823427285047E-002
          21          16  -6.9592765712305852E-014
          21          17   2.8958593587786115E-014
          21          18  0.12908871219320026     
          21          19   2.7178995206233836E-014
          21          20   3.5132537115916189E-014
          21          21  0.40897251343466046     
          21          22  -2.0560394172014072E-014
          21          23   6.8095566415519328E-014
          21          24  0.25250122137546016     
          21          25   1.0118806481525819E-013
          21          26   3.6225680407656257E-014
          21          27   3.0620729212358984E-014
          21          28  -1.0020256615563877E-015
          21          29   2.6498901185906705E-015
          21          30   1.6429276108625812E-014
          21          31   1.3853143454907069E-014
          21          32   8.5009310591912800E-014
          21          33   3.9520569497778789E-014
          21          34  -5.7839565296486788E-014
          21          35  -4.7943571275257604E-014
          21          36   2.8641934212168126E-014
          21          37  -7.8004953021355367E-014
          22           1  -3.0973149979687924E-014
          22           2  -4.6193883931937811E-014
          22           3  -1.1056033927669375E-014
          22           4  -1.9719559031985168E-014
          22           5   8.8507555845577402E-014
          22           6  -3.6103087748203568E-014
          22           7  -5.7091545304244128E-015
