           1           1   2.4376755826878815     
           1           2  -1.1600869853928444     
           1           3   1.6332335757342791E-013
           1           4   2.3930419087767641E-013
           1           5   2.9507278671533802E-013
           1           6   2.5719614919358005     
           1           7  -2.2150495724401982E-013
           1           8  -7.8988829742892266E-014
           1           9  -4.2733193003099322E-013
           1          10   2.1109931232173341E-002
           1          11   1.7334901467702956E-013
           1          12   7.4331167317581638E-014
           1          13   2.3595483541612502E-013
           1          14   2.5714172778495373E-002
           1          15  -7.6336533222558770E-014
           1          16  -8.1630751030533864E-014
           1          17  -1.3435739754134569E-013
           1          18 -0.95884495028058181     
           1          19  -2.5255775753621246E-012
           1          20 -0.95884495028465644     
           1          21  -1.0731802922640181E-012
           1          22   1.3279368384701155E-012
           1          23 -0.95884495028073979     
           1          24  -5.7807558752900889E-002
           1          25   1.1132392314047022E-011
           1          26  -5.7807558737574191E-002
           1          27   1.5933528427804125E-012
           1          28   1.2730971499810698E-013
           1          29  -5.7807558750377547E-002
           2           1  -1.1600869853928444     
           2           2   3.1372027839702952     
           2           3  -2.2502912079227207E-013
           2           4  -4.1530107077810870E-013
           2           5  -3.0361896867363239E-013
           2           6  -7.6386324128209289     
           2           7   4.2603075556927013E-013
           2           8   2.9054410972772729E-013
           2           9   6.2758304090896637E-013
           2          10   2.7607769803475908E-002
           2          11  -4.4389245682364076E-013
           2          12  -3.1264801820041841E-013
           2          13  -3.3644486330021592E-013
           2          14  -7.7779280888869359E-002
           2          15   1.1736089850871842E-013
           2          16  -4.0943842573384978E-015
           2          17   1.3368109447834603E-013
           2          18   2.7690323535201937     
           2          19   1.0437610955969189E-011
           2          20   2.7690323535336541     
           2          21   1.7143435572630139E-012
           2          22  -2.8181364227440134E-013
           2          23   2.7690323535208474     
           2          24  0.16227476400866445     
           2          25  -3.4815285449130206E-011
           2          26  0.16227476395806614     
           2          27  -7.0395563138260717E-012
           2          28   3.8270486456084266E-012
           2          29  0.16227476400037472     
           3           1   1.6332335757342791E-013
           3           2  -2.2502912079227207E-013
           3           3   2.6258605585549546     
           3           4  -1.5243015070191871E-014
           3           5   2.2160008202953040E-014
           3           6   1.2848749555793405E-012
           3           7  -1.3609924750994087     
           3           8   9.9670271734367897E-014
           3           9  -3.5626259970136238E-014
           3          10  -7.9855604452321871E-013
           3          11  0.35742099530037275     
           3          12  -4.0304565168808751E-013
           3          13   7.3855364093990822E-014
           3          14   8.3552971210680876E-014
           3          15   4.3081746743586780E-002
           3          16   8.7635020523322197E-013
           3          17  -2.5857297530431379E-013
           3          18  -2.6303243683395419E-012
           3          19  -7.9267781564618018E-014
           3          20  -4.5840060658425406E-013
           3          21   8.9469313542496886E-013
           3          22   8.5251929484928465E-013
           3          23   1.6756982552769353E-012
           3          24   8.0902877520386021E-012
           3          25  -2.3899012575278943E-013
           3          26  -2.1704676686159414E-013
           3          27  -3.0246940398629925E-012
           3          28  -3.6562961907182842E-012
           3          29  -6.8058625882375908E-012
           4           1   2.3930419087767641E-013
           4           2  -4.1530107077810870E-013
           4           3  -1.5243015070191871E-014
           4           4   2.6258605585548853     
           4           5   2.6822971966761997E-014
           4           6   9.9486145632469091E-013
           4           7   4.9932280231874065E-014
           4           8  -1.3609924750992284     
           4           9  -1.3858109417577927E-014
           4          10   9.0091941003610252E-014
           4          11  -2.1598694982523376E-013
           4          12  0.35742099529995119     
           4          13   4.6818451600979510E-014
           4          14   1.5692446291076826E-013
           4          15   5.4637544234889472E-013
           4          16   4.3081746744536686E-002
           4          17  -1.6691399879471283E-014
           4          18  -2.5694079840364943E-012
           4          19   6.1729980977690032E-013
           4          20  -1.3657378978605303E-012
           4          21   5.2173555615675200E-012
           4          22  -8.1877905789558801E-013
           4          23   2.7580911667347442E-012
           4          24   7.8605545676370896E-012
           4          25  -1.8124876777540942E-012
           4          26   3.0591815159735083E-012
           4          27  -1.8429134265394914E-011
           4          28   3.4516516829464122E-012
           4          29  -1.1310768334096267E-011
           5           1   2.9507278671533802E-013
           5           2  -3.0361896867363239E-013
           5           3   2.2160008202953040E-014
           5           4   2.6822971966761997E-014
           5           5   2.6258605585548880     
           5           6   1.2960553948464445E-012
           5           7  -4.3281730195159023E-014
           5           8  -6.3243138904182796E-014
           5           9  -1.3609924750993261     
           5          10   2.5740107024661369E-013
           5          11  -1.1348398353272987E-014
           5          12   8.3444644136666320E-014
           5          13  0.35742099530026056     
           5          14   7.5610273757534179E-014
           5          15   1.7461669253534634E-013
           5          16  -1.2426850087550442E-013
           5          17   4.3081746743745597E-002
           5          18   4.0741555834267108E-013
           5          19   1.5163609122764808E-012
           5          20  -5.7167175706135986E-014
           5          21  -3.4938784685426581E-013
           5          22   7.8198431905266070E-013
           5          23  -1.7297987824658790E-012
           5          24  -6.4373292312226254E-013
           5          25  -3.2086314775219419E-012
           5          26   4.6032423732689774E-014
           5          27   1.4070532359925506E-012
           5          28  -2.8989945258628751E-012
           5          29   3.3660458630876013E-013
           6           1   2.5719614919358005     
           6           2  -7.6386324128209289     
           6           3   1.2848749555793405E-012
           6           4   9.9486145632469091E-013
           6           5   1.2960553948464445E-012
           6           6   21.703439682037143     
           6           7  -1.1682654269014998E-012
           6           8  -1.1961164163356299E-012
           6           9  -1.5178071779536654E-012
           6          10 -0.83662409150439543     
           6          11   1.5362632523032459E-012
           6          12   9.1474349734506426E-013
           6          13   7.8193057763195008E-013
           6          14  0.28651013834176581     
           6          15  -4.0728879688923715E-013
           6          16  -1.2743465902107081E-014
           6          17  -4.0535142974828798E-013
           6          18  -6.9547024304215306     
           6          19  -4.4833339265228888E-011
           6          20  -6.9547024304795100     
           6          21  -8.1291583621024108E-012
           6          22   2.3433728342995602E-012
           6          23  -6.9547024304217686     
           6          24 -0.46130525574955894     
           6          25   1.5151522248395929E-010
           6          26 -0.46130525552975310     
           6          27   3.0337482131154012E-011
           6          28  -1.5948392226578298E-011
           6          29 -0.46130525571374370     
           7           1  -2.2150495724401982E-013
           7           2   4.2603075556927013E-013
           7           3  -1.3609924750994087     
           7           4   4.9932280231874065E-014
           7           5  -4.3281730195159023E-014
           7           6  -1.1682654269014998E-012
           7           7   2.9744936387250340     
           7           8  -2.6286611696147749E-013
           7           9   8.1319716581710589E-014
           7          10   1.9905740277212630E-012
           7          11 -0.95082105313954157     
           7          12   1.0178524670634391E-012
           7          13  -1.7730044861599453E-013
           7          14  -2.2611085530069218E-013
           7          15 -0.11196358548466426     
           7          16  -2.2775305881791127E-012
           7          17   6.7475524134751230E-013
           7          18   6.0821936412401553E-012
           7          19   1.7264508519769556E-013
           7          20   3.0403072495478788E-013
           7          21  -2.3588626305738198E-012
           7          22  -2.3534478635296458E-012
           7          23  -5.3161767954426046E-012
           7          24  -2.1446262339608288E-011
           7          25   6.0361609558664628E-013
           7          26   7.4492990918022218E-013
           7          27   8.0756896965864350E-012
           7          28   9.7198610691787305E-012
           7          29   1.8037929555779952E-011
           8           1  -7.8988829742892266E-014
           8           2   2.9054410972772729E-013
           8           3   9.9670271734367897E-014
           8           4  -1.3609924750992284     
           8           5  -6.3243138904182796E-014
           8           6  -1.1961164163356299E-012
           8           7  -2.6286611696147749E-013
           8           8   2.9744936387245731     
           8           9   7.1915238199679991E-014
           8          10  -1.6400624251027631E-013
           8          11   7.4518169220744218E-013
           8          12 -0.95082105313831555     
           8          13  -2.8029010626006772E-014
           8          14  -3.7983462984776998E-013
           8          15  -1.4434026822813123E-012
           8          16 -0.11196358548714601     
           8          17   8.0185394543174019E-014
           8          18   5.9994576668176011E-012
           8          19  -1.6494849455085474E-012
           8          20   2.8149593062189890E-012
           8          21  -1.3744767344568852E-011
           8          22   2.2090402644373376E-012
           8          23  -7.7668490882414883E-012
           8          24  -2.1005730430100661E-011
           8          25   4.7107131512344891E-012
           8          26  -8.3037336328385807E-012
           8          27   4.8857455865533053E-011
           8          28  -9.1635201634779373E-012
           8          29   3.0187855569308993E-011
           9           1  -4.2733193003099322E-013
           9           2   6.2758304090896637E-013
           9           3  -3.5626259970136238E-014
           9           4  -1.3858109417577927E-014
           9           5  -1.3609924750993261     
           9           6  -1.5178071779536654E-012
           9           7   8.1319716581710589E-014
           9           8   7.1915238199679991E-014
           9           9   2.9744936387249554     
           9          10  -7.0487779875908687E-013
           9          11  -8.6941521678934429E-014
           9          12  -2.1423986639897691E-013
           9          13 -0.95082105313927290     
           9          14  -1.9648202266424041E-013
           9          15  -4.0383824495944854E-013
           9          16   3.0161490449492536E-013
           9          17 -0.11196358548516006     
           9          18  -1.4291943659016918E-012
           9          19  -3.6773551154759163E-012
           9          20  -1.7425853573967440E-013
           9          21   8.5102693699492092E-013
           9          22  -2.0349229829996476E-012
           9          23   3.4025622426061072E-012
           9          24   1.7528640376112216E-012
           9          25   8.5022532408037904E-012
           9          26   5.7507945697990197E-014
           9          27  -3.6280781203380538E-012
           9          28   7.7335977046895482E-012
           9          29  -9.8867803933939448E-013
          10           1   2.1109931232173341E-002
          10           2   2.7607769803475908E-002
          10           3  -7.9855604452321871E-013
          10           4   9.0091941003610252E-014
          10           5   2.5740107024661369E-013
          10           6 -0.83662409150439543     
          10           7   1.9905740277212630E-012
          10           8  -1.6400624251027631E-013
          10           9  -7.0487779875908687E-013
          10          10   2.7685297065543084     
          10          11  -3.8705637376531413E-012
          10          12   4.3553387585905057E-013
          10          13   9.3170710759445407E-013
          10          14 -0.19884506140488495     
          10          15  -8.3245488394238580E-015
          10          16   1.9296190873182584E-013
          10          17   1.9623014458123659E-013
          10          18   6.3505612335764516E-002
          10          19   5.2594776972016261E-011
          10          20   6.3505612407304429E-002
          10          21   9.7388396021005419E-012
          10          22  -4.6620797403492694E-012
          10          23   6.3505612342929521E-002
          10          24 -0.12347321098418351     
          10          25  -1.8421442011850572E-010
          10          26 -0.12347321124951682     
          10          27  -3.5299328034189847E-011
          10          28   1.6761402943176037E-011
          10          29 -0.12347321102766487     
          11           1   1.7334901467702956E-013
          11           2  -4.4389245682364076E-013
          11           3  0.35742099530037275     
          11           4  -2.1598694982523376E-013
          11           5  -1.1348398353272987E-014
          11           6   1.5362632523032459E-012
          11           7 -0.95082105313954157     
          11           8   7.4518169220744218E-013
          11           9  -8.6941521678934429E-014
          11          10  -3.8705637376531413E-012
          11          11   2.2286695894201589     
          11          12  -2.5365820509204267E-012
          11          13   2.9452178539748093E-013
          11          14   3.0763872914506381E-013
          11          15  0.20260298604486515     
          11          16   4.6100172134757595E-012
          11          17  -1.4768721184448174E-012
          11          18  -1.4061235852628724E-011
          11          19   2.9483231940274662E-013
          11          20   7.1597152338400362E-013
          11          21   5.0118139017981251E-012
          11          22   6.4122464537090793E-012
          11          23   1.2002629454649664E-011
          11          24   5.0413383249175253E-011
          11          25  -1.4557443380902427E-012
          11          26  -1.9417468058095710E-012
          11          27  -1.9021796405118224E-011
          11          28  -2.2717426556882921E-011
          11          29  -4.2798629791723865E-011
          12           1   7.4331167317581638E-014
          12           2  -3.1264801820041841E-013
          12           3  -4.0304565168808751E-013
          12           4  0.35742099529995119     
          12           5   8.3444644136666320E-014
          12           6   9.1474349734506426E-013
          12           7   1.0178524670634391E-012
          12           8 -0.95082105313831555     
          12           9  -2.1423986639897691E-013
          12          10   4.3553387585905057E-013
          12          11  -2.5365820509204267E-012
          12          12   2.2286695894169606     
          12          13   2.0138491383241851E-013
          12          14   1.2282274190997918E-012
          12          15   3.0968873137594606E-012
          12          16  0.20260298604978422     
          12          17  -2.3860280529033359E-013
          12          18  -1.4509791558699300E-011
          12          19   2.0894745289088446E-012
          12          20  -6.1192659839428178E-012
          12          21   3.1621856161134617E-011
          12          22  -6.2002176341429669E-012
          12          23   1.9930647133588242E-011
          12          24   4.9659654620274443E-011
          12          25  -1.0970627642968617E-011
          12          26   1.9253630324937563E-011
          12          27  -1.1460394581321932E-010
          12          28   2.1308674922810962E-011
          12          29  -7.1178513975240508E-011
          13           1   2.3595483541612502E-013
          13           2  -3.3644486330021592E-013
          13           3   7.3855364093990822E-014
          13           4   4.6818451600979510E-014
          13           5  0.35742099530026056     
          13           6   7.8193057763195008E-013
          13           7  -1.7730044861599453E-013
          13           8  -2.8029010626006772E-014
          13           9 -0.95082105313927290     
          13          10   9.3170710759445407E-013
          13          11   2.9452178539748093E-013
          13          12   2.0138491383241851E-013
          13          13   2.2286695894193991     
          13          14   5.3233316869751869E-013
          13          15   5.6776293221593094E-013
          13          16  -4.1574875508283857E-013
          13          17  0.20260298604600316     
          13          18   1.6871724651870172E-012
          13          19   6.1153509293957787E-012
          13          20   1.4624149135081746E-013
          13          21  -2.2772840103116695E-012
          13          22   5.0462368864589196E-012
          13          23  -2.6943650539955392E-012
          13          24  -4.1137211424887447E-012
          13          25  -2.0315682549000764E-011
          13          26  -4.7849300049872693E-013
          13          27   8.6667260186033642E-012
          13          28  -1.8577191960594783E-011
          13          29   3.1216333918157981E-012
          14           1   2.5714172778495373E-002
          14           2  -7.7779280888869359E-002
          14           3   8.3552971210680876E-014
          14           4   1.5692446291076826E-013
          14           5   7.5610273757534179E-014
          14           6  0.28651013834176581     
          14           7  -2.2611085530069218E-013
          14           8  -3.7983462984776998E-013
          14           9  -1.9648202266424041E-013
          14          10 -0.19884506140488495     
          14          11   3.0763872914506381E-013
          14          12   1.2282274190997918E-012
          14          13   5.3233316869751869E-013
          14          14   1.0186824976952433     
          14          15   1.8830688655082827E-013
          14          16  -5.1871844513668696E-013
          14          17  -3.8931910701421698E-013
          14          18  -7.4477941582082319E-002
          14          19  -1.5330138747877507E-010
          14          20  -7.4477941804395903E-002
          14          21  -2.9959155788936139E-011
          14          22   1.4272599967061456E-011
          14          23  -7.4477941619800397E-002
          14          24   2.4557982368662641E-002
          14          25   5.6442763566108667E-010
          14          26   2.4557983183469877E-002
          14          27   1.0929391906532469E-010
          14          28  -5.0896603196898374E-011
          14          29   2.4557982502504096E-002
          15           1  -7.6336533222558770E-014
          15           2   1.1736089850871842E-013
          15           3   4.3081746743586780E-002
          15           4   5.4637544234889472E-013
          15           5   1.7461669253534634E-013
          15           6  -4.0728879688923715E-013
          15           7 -0.11196358548466426     
          15           8  -1.4434026822813123E-012
          15           9  -4.0383824495944854E-013
          15          10  -8.3245488394238580E-015
          15          11  0.20260298604486515     
          15          12   3.0968873137594606E-012
          15          13   5.6776293221593094E-013
          15          14   1.8830688655082827E-013
          15          15   1.8683406352278279E-002
          15          16   7.0451614441170037E-013
          15          17  -9.2556949447399773E-014
          15          18   4.1207689294591576E-011
          15          19  -2.4652952882268617E-012
          15          20  -2.7351050342588669E-012
          15          21  -1.6196014729697554E-011
          15          22  -1.9389796618533889E-011
          15          23  -3.8149918526494046E-011
          15          24  -1.5186559331794413E-010
          15          25   7.8115626444508029E-012
          15          26   9.7809637641037862E-012
          15          27   5.9457825076140139E-011
          15          28   7.0754039857377952E-011
          15          29   1.4259883421483043E-010
          16           1  -8.1630751030533864E-014
          16           2  -4.0943842573384978E-015
          16           3   8.7635020523322197E-013
          16           4   4.3081746744536686E-002
          16           5  -1.2426850087550442E-013
          16           6  -1.2743465902107081E-014
          16           7  -2.2775305881791127E-012
          16           8 -0.11196358548714601     
          16           9   3.0161490449492536E-013
          16          10   1.9296190873182584E-013
          16          11   4.6100172134757595E-012
          16          12  0.20260298604978422     
          16          13  -4.1574875508283857E-013
          16          14  -5.1871844513668696E-013
          16          15   7.0451614441170037E-013
          16          16   1.8683406353165632E-002
          16          17  -5.8682873806117208E-014
          16          18   4.4305009421348706E-011
          16          19  -9.5060544429769361E-012
          16          20   1.6327339432148144E-011
          16          21  -9.7593652067142635E-011
          16          22   1.7587370727744454E-011
          16          23  -6.0634327377182183E-011
          16          24  -1.6159265436660834E-010
          16          25   3.5469387551256822E-011
          16          26  -6.0795996209021007E-011
          16          27   3.5677772918367324E-010
          16          28  -6.4008054458428415E-011
          16          29   2.2212933928199432E-010
          17           1  -1.3435739754134569E-013
          17           2   1.3368109447834603E-013
          17           3  -2.5857297530431379E-013
          17           4  -1.6691399879471283E-014
          17           5   4.3081746743745597E-002
          17           6  -4.0535142974828798E-013
          17           7   6.7475524134751230E-013
          17           8   8.0185394543174019E-014
          17           9 -0.11196358548516006     
          17          10   1.9623014458123659E-013
          17          11  -1.4768721184448174E-012
          17          12  -2.3860280529033359E-013
          17          13  0.20260298604600316     
          17          14  -3.8931910701421698E-013
          17          15  -9.2556949447399773E-014
          17          16  -5.8682873806117208E-014
          17          17   1.8683406352481700E-002
          17          18  -2.9943695357319653E-012
          17          19  -1.7729255580902170E-011
          17          20  -3.8307021465569909E-013
          17          21   6.8924468187952984E-012
          17          22  -1.5498316350516982E-011
          17          23   3.7404258547048160E-012
          17          24   1.0711612614904077E-011
          17          25   6.4772433007350652E-011
          17          26   2.2223495838797837E-012
          17          27  -2.5055544413376226E-011
          17          28   5.6901284196000055E-011
          17          29  -1.3084995142963397E-011
          18           1 -0.95884495028058181     
          18           2   2.7690323535201937     
          18           3  -2.6303243683395419E-012
          18           4  -2.5694079840364943E-012
          18           5   4.0741555834267108E-013
          18           6  -6.9547024304215306     
          18           7   6.0821936412401553E-012
          18           8   5.9994576668176011E-012
          18           9  -1.4291943659016918E-012
          18          10   6.3505612335764516E-002
          18          11  -1.4061235852628724E-011
          18          12  -1.4509791558699300E-011
          18          13   1.6871724651870172E-012
          18          14  -7.4477941582082319E-002
          18          15   4.1207689294591576E-011
          18          16   4.4305009421348706E-011
          18          17  -2.9943695357319653E-012
          18          18   4.5547407052472924     
          18          19   1.0359802425641274E-011
          18          20   1.4123728685295580     
          18          21   1.7564734389186043E-012
          18          22  -5.2628387758879569E-013
          18          23   1.4123728685156425     
          18          24 -0.29752330525082299     
          18          25  -3.4514913496708211E-011
          18          26  0.37133550725053277     
          18          27  -6.4534688357098524E-012
          18          28   3.8573519378637400E-012
          18          29  0.37133550729270581     
          19           1  -2.5255775753621246E-012
          19           2   1.0437610955969189E-011
          19           3  -7.9267781564618018E-014
          19           4   6.1729980977690032E-013
          19           5   1.5163609122764808E-012
          19           6  -4.4833339265228888E-011
          19           7   1.7264508519769556E-013
          19           8  -1.6494849455085474E-012
          19           9  -3.6773551154759163E-012
          19          10   5.2594776972016261E-011
          19          11   2.9483231940274662E-013
          19          12   2.0894745289088446E-012
          19          13   6.1153509293957787E-012
          19          14  -1.5330138747877507E-010
          19          15  -2.4652952882268617E-012
          19          16  -9.5060544429769361E-012
          19          17  -1.7729255580902170E-011
          19          18   1.0359802425641274E-011
          19          19   2.0949118911539837     
          19          20   1.0365123689903832E-011
          19          21  -8.4841638922639184E-014
          19          22   1.1191134824395377E-014
          19          23   1.0278906198424309E-011
          19          24  -6.8342709963475912E-012
          19          25 -0.44590587503455681     
          19          26  -6.6187229308400930E-012
          19          27   4.4628059928109032E-013
          19          28   2.7443325389953088E-014
          19          29  -6.7230943034957136E-012
          20           1 -0.95884495028465644     
          20           2   2.7690323535336541     
          20           3  -4.5840060658425406E-013
          20           4  -1.3657378978605303E-012
          20           5  -5.7167175706135986E-014
          20           6  -6.9547024304795100     
          20           7   3.0403072495478788E-013
          20           8   2.8149593062189890E-012
          20           9  -1.7425853573967440E-013
          20          10   6.3505612407304429E-002
          20          11   7.1597152338400362E-013
          20          12  -6.1192659839428178E-012
          20          13   1.4624149135081746E-013
          20          14  -7.4477941804395903E-002
          20          15  -2.7351050342588669E-012
          20          16   1.6327339432148144E-011
          20          17  -3.8307021465569909E-013
          20          18   1.4123728685295580     
          20          19   1.0365123689903832E-011
          20          20   4.5547407052733231     
          20          21   1.8073719604272398E-012
          20          22  -4.9011055630598932E-013
          20          23   1.4123728685287782     
          20          24  0.37133550729256348     
          20          25  -3.4784005537025209E-011
          20          26 -0.29752330530892990     
          20          27  -6.8462622723752808E-012
          20          28   3.8767704324538244E-012
          20          29  0.37133550728461712     
          21           1  -1.0731802922640181E-012
          21           2   1.7143435572630139E-012
          21           3   8.9469313542496886E-013
          21           4   5.2173555615675200E-012
          21           5  -3.4938784685426581E-013
          21           6  -8.1291583621024108E-012
          21           7  -2.3588626305738198E-012
          21           8  -1.3744767344568852E-011
          21           9   8.5102693699492092E-013
          21          10   9.7388396021005419E-012
          21          11   5.0118139017981251E-012
          21          12   3.1621856161134617E-011
          21          13  -2.2772840103116695E-012
          21          14  -2.9959155788936139E-011
          21          15  -1.6196014729697554E-011
          21          16  -9.7593652067142635E-011
          21          17   6.8924468187952984E-012
          21          18   1.7564734389186043E-012
          21          19  -8.4841638922639184E-014
          21          20   1.8073719604272398E-012
          21          21   2.0949118911538127     
          21          22  -9.8015671100293300E-015
          21          23   2.0425003919091744E-012
          21          24  -1.2522092737721202E-012
          21          25  -3.0979125514862815E-014
          21          26  -1.1361775235918525E-012
          21          27 -0.44590587503427948     
          21          28   9.9129688832522156E-014
          21          29  -1.0429244273746363E-012
          22           1   1.3279368384701155E-012
          22           2  -2.8181364227440134E-013
          22           3   8.5251929484928465E-013
          22           4  -8.1877905789558801E-013
          22           5   7.8198431905266070E-013
          22           6   2.3433728342995602E-012
          22           7  -2.3534478635296458E-012
          22           8   2.2090402644373376E-012
          22           9  -2.0349229829996476E-012
          22          10  -4.6620797403492694E-012
          22          11   6.4122464537090793E-012
          22          12  -6.2002176341429669E-012
          22          13   5.0462368864589196E-012
          22          14   1.4272599967061456E-011
          22          15  -1.9389796618533889E-011
          22          16   1.7587370727744454E-011
          22          17  -1.5498316350516982E-011
          22          18  -5.2628387758879569E-013
          22          19   1.1191134824395377E-014
          22          20  -4.9011055630598932E-013
          22          21  -9.8015671100293300E-015
          22          22   2.0949118911539149     
          22          23  -4.3219854778397959E-013
          22          24   7.5950010169911764E-013
          22          25  -8.5841056485236322E-014
          22          26   6.7689950866700599E-013
          22          27  -1.1870734430152741E-013
          22          28 -0.44590587503442780     
          22          29   5.1105994436362323E-013
          23           1 -0.95884495028073979     
          23           2   2.7690323535208474     
          23           3   1.6756982552769353E-012
          23           4   2.7580911667347442E-012
          23           5  -1.7297987824658790E-012
          23           6  -6.9547024304217686     
          23           7  -5.3161767954426046E-012
          23           8  -7.7668490882414883E-012
          23           9   3.4025622426061072E-012
          23          10   6.3505612342929521E-002
          23          11   1.2002629454649664E-011
          23          12   1.9930647133588242E-011
          23          13  -2.6943650539955392E-012
          23          14  -7.4477941619800397E-002
          23          15  -3.8149918526494046E-011
          23          16  -6.0634327377182183E-011
          23          17   3.7404258547048160E-012
          23          18   1.4123728685156425     
          23          19   1.0278906198424309E-011
          23          20   1.4123728685287782     
          23          21   2.0425003919091744E-012
          23          22  -4.3219854778397959E-013
          23          23   4.5547407052457647     
          23          24  0.37133550730121628     
          23          25  -3.4385702618600078E-011
          23          26  0.37133550725084546     
          23          27  -7.7158470584981487E-012
          23          28   3.6562836092102202E-012
          23          29 -0.29752330525858622     
          24           1  -5.7807558752900889E-002
          24           2  0.16227476400866445     
          24           3   8.0902877520386021E-012
          24           4   7.8605545676370896E-012
          24           5  -6.4373292312226254E-013
          24           6 -0.46130525574955894     
          24           7  -2.1446262339608288E-011
          24           8  -2.1005730430100661E-011
          24           9   1.7528640376112216E-012
          24          10 -0.12347321098418351     
          24          11   5.0413383249175253E-011
          24          12   4.9659654620274443E-011
          24          13  -4.1137211424887447E-012
          24          14   2.4557982368662641E-002
          24          15  -1.5186559331794413E-010
          24          16  -1.6159265436660834E-010
          24          17   1.0711612614904077E-011
          24          18 -0.29752330525082299     
          24          19  -6.8342709963475912E-012
          24          20  0.37133550729256348     
          24          21  -1.2522092737721202E-012
          24          22   7.5950010169911764E-013
          24          23  0.37133550730121628     
          24          24   2.1129245779283199     
          24          25   2.1252777315794447E-011
          24          26  -1.0294432587722193     
          24          27   3.8941627700239678E-012
          24          28  -1.8788720579365759E-012
          24          29  -1.0294432587976865     
          25           1   1.1132392314047022E-011
          25           2  -3.4815285449130206E-011
          25           3  -2.3899012575278943E-013
          25           4  -1.8124876777540942E-012
          25           5  -3.2086314775219419E-012
          25           6   1.5151522248395929E-010
          25           7   6.0361609558664628E-013
          25           8   4.7107131512344891E-012
          25           9   8.5022532408037904E-012
          25          10  -1.8421442011850572E-010
          25          11  -1.4557443380902427E-012
          25          12  -1.0970627642968617E-011
          25          13  -2.0315682549000764E-011
          25          14   5.6442763566108667E-010
          25          15   7.8115626444508029E-012
          25          16   3.5469387551256822E-011
          25          17   6.4772433007350652E-011
          25          18  -3.4514913496708211E-011
          25          19 -0.44590587503455681     
          25          20  -3.4784005537025209E-011
          25          21  -3.0979125514862815E-014
          25          22  -8.5841056485236322E-014
          25          23  -3.4385702618600078E-011
          25          24   2.1252777315794447E-011
          25          25   2.0949118911538642     
          25          26   2.1256163496019553E-011
          25          27   2.5921105539783440E-014
          25          28  -2.4286128663675299E-015
          25          29   2.1273788286535478E-011
          26           1  -5.7807558737574191E-002
          26           2  0.16227476395806614     
          26           3  -2.1704676686159414E-013
          26           4   3.0591815159735083E-012
          26           5   4.6032423732689774E-014
          26           6 -0.46130525552975310     
          26           7   7.4492990918022218E-013
          26           8  -8.3037336328385807E-012
          26           9   5.7507945697990197E-014
          26          10 -0.12347321124951682     
          26          11  -1.9417468058095710E-012
          26          12   1.9253630324937563E-011
          26          13  -4.7849300049872693E-013
          26          14   2.4557983183469877E-002
          26          15   9.7809637641037862E-012
          26          16  -6.0795996209021007E-011
          26          17   2.2223495838797837E-012
          26          18  0.37133550725053277     
          26          19  -6.6187229308400930E-012
          26          20 -0.29752330530892990     
          26          21  -1.1361775235918525E-012
          26          22   6.7689950866700599E-013
          26          23  0.37133550725084546     
          26          24  -1.0294432587722193     
          26          25   2.1256163496019553E-011
          26          26   2.1129245779889150     
          26          27   3.8863409018707884E-012
          26          28  -1.8973156379331613E-012
          26          29  -1.0294432587674194     
          27           1   1.5933528427804125E-012
          27           2  -7.0395563138260717E-012
          27           3  -3.0246940398629925E-012
          27           4  -1.8429134265394914E-011
          27           5   1.4070532359925506E-012
          27           6   3.0337482131154012E-011
          27           7   8.0756896965864350E-012
          27           8   4.8857455865533053E-011
          27           9  -3.6280781203380538E-012
          27          10  -3.5299328034189847E-011
          27          11  -1.9021796405118224E-011
          27          12  -1.1460394581321932E-010
          27          13   8.6667260186033642E-012
          27          14   1.0929391906532469E-010
          27          15   5.9457825076140139E-011
          27          16   3.5677772918367324E-010
          27          17  -2.5055544413376226E-011
          27          18  -6.4534688357098524E-012
          27          19   4.4628059928109032E-013
          27          20  -6.8462622723752808E-012
          27          21 -0.44590587503427948     
          27          22  -1.1870734430152741E-013
          27          23  -7.7158470584981487E-012
          27          24   3.8941627700239678E-012
          27          25   2.5921105539783440E-014
          27          26   3.8863409018707884E-012
          27          27   2.0949118911539122     
          27          28  -1.5455301968780866E-014
          27          29   3.8115535033744763E-012
          28           1   1.2730971499810698E-013
