           1           1   2.2151815349326935     
           1           2 -0.72105889972521209     
           1           3   4.9063298214827064E-014
           1           4   7.4349892976547803E-014
           1           5  -1.6269270626251407E-013
           1           6  0.17765447711264182     
           1           7  -5.7397245005638283E-014
           1           8  -8.1775343526350203E-014
           1           9   1.3082073861474691E-013
           2           1 -0.72105889972521209     
           2           2   2.4211927328143901     
           2           3  -5.7509991377106734E-014
           2           4  -9.9255245340954407E-014
           2           5   2.8595923736906332E-013
           2           6 -0.69637357130874444     
           2           7   8.6460282011865861E-014
           2           8   1.0980161929389387E-013
           2           9  -1.5868052267110720E-013
           3           1   4.9063298214827064E-014
           3           2  -5.7509991377106734E-014
           3           3   1.9736472598570500     
           3           4  -8.2774734016275164E-002
           3           5  -1.5395535198760446E-002
           3           6   2.8690425235694651E-014
           3           7  -9.4091011942561947E-002
           3           8  0.20421386121960983     
           3           9   3.7982383469672323E-002
           4           1   7.4349892976547803E-014
           4           2  -9.9255245340954407E-014
           4           3  -8.2774734016275164E-002
           4           4   1.9098612952403489     
           4           5   1.0566900868102315E-002
           4           6   4.1745286949559800E-014
           4           7  0.20421386121949525     
           4           8   6.3275584043935726E-002
           4           9  -2.6069641339326505E-002
           5           1  -1.6269270626251407E-013
           5           2   2.8595923736906332E-013
           5           3  -1.5395535198760446E-002
           5           4   1.0566900868102315E-002
           5           5   1.8550132855166610     
           5           6  -1.3773587991383305E-013
           5           7   3.7982383469419290E-002
           5           8  -2.6069641339365332E-002
           5           9  0.19859131750894038     
           6           1  0.17765447711264182     
           6           2 -0.69637357130874444     
           6           3   2.8690425235694651E-014
           6           4   4.1745286949559800E-014
           6           5  -1.3773587991383305E-013
           6           6   2.2007300682727200     
           6           7  -3.3579499903338509E-014
           6           8  -3.0819550554342612E-014
           6           9  -1.3122685190501000E-014
           7           1  -5.7397245005638283E-014
           7           2   8.6460282011865861E-014
           7           3  -9.4091011942561947E-002
           7           4  0.20421386121949525     
           7           5   3.7982383469419290E-002
           7           6  -3.3579499903338509E-014
           7           7  0.75630691637681213     
           7           8 -0.50376932584619905     
           7           9  -9.3697654020644422E-002
           8           1  -8.1775343526350203E-014
           8           2   1.0980161929389387E-013
           8           3  0.20421386121960983     
           8           4   6.3275584043935726E-002
           8           5  -2.6069641339365332E-002
           8           6  -3.0819550554342612E-014
           8           7 -0.50376932584619905     
           8           8  0.36810376749611251     
           8           9   6.4310451623328324E-002
           9           1   1.3082073861474691E-013
           9           2  -1.5868052267110720E-013
           9           3   3.7982383469672323E-002
           9           4  -2.6069641339326505E-002
           9           5  0.19859131750894038     
           9           6  -1.3122685190501000E-014
           9           7  -9.3697654020644422E-002
           9           8   6.4310451623328324E-002
           9           9   3.4297259862647228E-002
