           1           1   2.2945095353125984     
           1           2 -0.84439346229061840     
           1           3  -7.0503004275342797E-015
           1           4   4.9443758138462470E-014
           1           5   8.1344755791441849E-018
           1           6  0.16247278890760092     
           1           7  -5.1873085145205167E-015
           1           8  -4.6138616507702336E-015
           1           9  -9.1688631136896175E-015
           2           1 -0.84439346229061840     
           2           2   2.4244613838208977     
           2           3   2.1373189145417964E-014
           2           4  -1.2211375620039362E-013
           2           5  -2.8732154290533330E-014
           2           6 -0.55006745144536451     
           2           7  -1.4090631485493974E-014
           2           8  -1.2930236047098666E-014
           2           9  -1.9285841976402131E-014
           3           1  -7.0503004275342797E-015
           3           2   2.1373189145417964E-014
           3           3   2.1290024697608061     
           3           4  -4.3409720262843621E-014
           3           5  -1.1004218369858876E-014
           3           6  -3.3518999075505818E-014
           3           7 -0.52406733987721998     
           3           8   1.3530843112619095E-014
           3           9  -2.4910629115026950E-015
           4           1   4.9443758138462470E-014
           4           2  -1.2211375620039362E-013
           4           3  -4.3409720262843621E-014
           4           4   2.1290024697607803     
           4           5   3.0166841247236675E-014
           4           6   4.6549705647764692E-014
           4           7   5.7814864007355027E-014
           4           8 -0.52406733987718335     
           4           9  -1.0541567618815861E-013
           5           1   8.1344755791441849E-018
           5           2  -2.8732154290533330E-014
           5           3  -1.1004218369858876E-014
           5           4   3.0166841247236675E-014
           5           5   2.1290024697608301     
           5           6  -6.8282949432524801E-015
           5           7   4.2153780466236412E-015
           5           8   3.6623482024822351E-014
           5           9 -0.52406733987726706     
           6           1  0.16247278890760092     
           6           2 -0.55006745144536451     
           6           3  -3.3518999075505818E-014
           6           4   4.6549705647764692E-014
           6           5  -6.8282949432524801E-015
           6           6   2.1252240516342678     
           6           7   8.1083409013508219E-015
           6           8   6.6900536309898316E-014
           6           9   8.6389701751437762E-015
           7           1  -5.1873085145205167E-015
           7           2  -1.4090631485493974E-014
           7           3 -0.52406733987721998     
           7           4   5.7814864007355027E-014
           7           5   4.2153780466236412E-015
           7           6   8.1083409013508219E-015
           7           7   2.1290024697607990     
           7           8   3.0364599723498031E-014
           7           9   1.1560197243909442E-014
           8           1  -4.6138616507702336E-015
           8           2  -1.2930236047098666E-014
           8           3   1.3530843112619095E-014
           8           4 -0.52406733987718335     
           8           5   3.6623482024822351E-014
           8           6   6.6900536309898316E-014
           8           7   3.0364599723498031E-014
           8           8   2.1290024697608181     
           8           9  -1.3544720900426910E-014
           9           1  -9.1688631136896175E-015
           9           2  -1.9285841976402131E-014
           9           3  -2.4910629115026950E-015
           9           4  -1.0541567618815861E-013
           9           5 -0.52406733987726706     
           9           6   8.6389701751437762E-015
           9           7   1.1560197243909442E-014
           9           8  -1.3544720900426910E-014
           9           9   2.1290024697608034     
