           1           1   2.3883378280992904     
           1           2  -1.0349824337201343     
           1           3   5.9605225282811310E-013
           1           4   1.1138297742908217E-012
           1           5   2.5279255211602425E-012
           1           6   1.9435762013427358     
           1           7  -4.3407399231210483E-014
           1           8  -3.7659006635301364E-014
           1           9   4.9420134149803083E-014
           1          10  -3.4264594693898323E-002
           1          11  -3.1578338685829668E-014
           1          12  -1.9995965646122442E-014
           1          13  -6.3362085268644490E-014
           1          14 -0.73953909062896428     
           1          15  -1.6895048505732930E-013
           1          16 -0.73953909062810697     
           1          17  -1.6699243460392258E-013
           1          18  -4.7842426632879179E-015
           1          19 -0.73953909062817402     
           2           1  -1.0349824337201343     
           2           2   2.7646256090113175     
           2           3  -1.3366163799500020E-012
           2           4  -2.5897722174702777E-012
           2           5  -6.0872079307506338E-012
           2           6  -5.2489319536604677     
           2           7   7.0659770816738406E-014
           2           8   1.7799772845616575E-013
           2           9  -3.9578096284172900E-014
           2          10  0.12414801645805043     
           2          11  -2.9919910274091177E-014
           2          12   4.8569266818129280E-014
           2          13   1.1985417411027862E-013
           2          14   1.9319692779803492     
           2          15   2.1975386200339513E-013
           2          16   1.9319692779776521     
           2          17  -5.0893449433499279E-013
           2          18  -4.9278700522507147E-013
           2          19   1.9319692779778359     
           3           1   5.9605225282811310E-013
           3           2  -1.3366163799500020E-012
           3           3   2.2845249352067016     
           3           4  -4.6336090346786534E-014
           3           5   1.8648277364536407E-015
           3           6   3.2934229510724051E-013
           3           7 -0.81101118939575167     
           3           8   1.6079065162774588E-013
           3           9   4.0460690354002304E-014
           3          10   4.2064153240127931E-014
           3          11   5.2409061623293472E-002
           3          12  -1.0571534966680509E-013
           3          13  -8.5661946291165330E-014
           3          14  -1.1984773823490155E-012
           3          15   2.3650802841630731E-012
           3          16   8.2509208120241660E-014
           3          17   7.9618360656120543E-012
           3          18   4.0124404905049853E-012
           3          19   6.0592781583076600E-013
           4           1   1.1138297742908217E-012
           4           2  -2.5897722174702777E-012
           4           3  -4.6336090346786534E-014
           4           4   2.2845249352064267     
           4           5  -3.7662668123219520E-013
           4           6  -2.4281922656599718E-012
           4           7   1.0917048516030383E-014
           4           8 -0.81101118939541683     
           4           9  -7.8556952580330663E-015
           4          10   4.4186291424357770E-014
           4          11  -1.8743817262137080E-013
           4          12   5.2409061623247419E-002
           4          13  -1.4494655476196941E-013
           4          14   1.9146890305033405E-012
           4          15   1.3419817386353142E-012
           4          16   4.6423705581333544E-013
           4          17   3.9194126520600090E-012
           4          18   1.0989023473015779E-012
           4          19   8.3069232409997498E-013
           5           1   2.5279255211602425E-012
           5           2  -6.0872079307506338E-012
           5           3   1.8648277364536407E-015
           5           4  -3.7662668123219520E-013
           5           5   2.2845249352065542     
           5           6  -2.4937837929493722E-012
           5           7   3.1934524469182965E-014
           5           8   1.0414503461042479E-012
           5           9 -0.81101118939556105     
           5          10  -3.9325568443882702E-014
           5          11  -2.5387201022328473E-013
           5          12  -4.5311844554929621E-013
           5          13   5.2409061623103832E-002
           5          14   6.3696612237764707E-013
           5          15  -1.4692932603934718E-012
           5          16   1.1712209127063869E-012
           5          17  -4.5487840344247746E-012
           5          18  -2.7644307918397096E-012
           5          19   1.0864548302396242E-012
           6           1   1.9435762013427358     
           6           2  -5.2489319536604677     
           6           3   3.2934229510724051E-013
           6           4  -2.4281922656599718E-012
           6           5  -2.4937837929493722E-012
           6           6   11.565522471943050     
           6           7  -1.6497516107419516E-013
           6           8  -4.6862482650535515E-013
           6           9  -4.2118623942772896E-013
           6          10 -0.57588736144472485     
           6          11   1.8415279501706003E-013
           6          12  -1.1998580105918491E-013
           6          13  -3.4369331459161884E-013
           6          14  -3.5673822219766622     
           6          15  -1.7553695463803370E-012
           6          16  -3.5673822219628288     
           6          17   1.3006473867243500E-012
           6          18   1.9948273756946944E-012
           6          19  -3.5673822219630589     
           7           1  -4.3407399231210483E-014
           7           2   7.0659770816738406E-014
           7           3 -0.81101118939575167     
           7           4   1.0917048516030383E-014
           7           5   3.1934524469182965E-014
           7           6  -1.6497516107419516E-013
           7           7   2.3136629533060935     
           7           8  -1.1801497279829948E-013
           7           9  -2.0532187061581866E-013
           7          10   2.5993339213773417E-014
           7          11 -0.19588695519688309     
           7          12  -5.3003608449010320E-014
           7          13   1.0706192877739795E-013
           7          14   3.1127127888119912E-012
           7          15   5.5557760420259083E-013
           7          16  -7.0593330865987852E-013
           7          17   9.5548708806018478E-014
           7          18   1.2736793795742466E-013
           7          19  -2.2966115224985686E-012
           8           1  -3.7659006635301364E-014
           8           2   1.7799772845616575E-013
           8           3   1.6079065162774588E-013
           8           4 -0.81101118939541683     
           8           5   1.0414503461042479E-012
           8           6  -4.6862482650535515E-013
           8           7  -1.1801497279829948E-013
           8           8   2.3136629533063777     
           8           9   6.4543856362013276E-014
           8          10  -3.8879137861363679E-013
           8          11   4.4457059561660993E-013
           8          12 -0.19588695519736438     
           8          13   1.8674992109107286E-013
           8          14  -2.3997529861635365E-012
           8          15  -4.0879940725540208E-013
           8          16   1.7326382358098188E-012
           8          17   4.5065493725907686E-014
           8          18   1.4360005230880847E-012
           8          19   7.0319004919472875E-013
           9           1   4.9420134149803083E-014
           9           2  -3.9578096284172900E-014
           9           3   4.0460690354002304E-014
           9           4  -7.8556952580330663E-015
           9           5 -0.81101118939556105     
           9           6  -4.2118623942772896E-013
           9           7  -2.0532187061581866E-013
           9           8   6.4543856362013276E-014
           9           9   2.3136629533060074     
           9          10  -5.2610108513895054E-013
           9          11   5.1424142722654428E-013
           9          12  -3.6550276692431140E-013
           9          13 -0.19588695519674879     
           9          14   1.9399948756253248E-012
           9          15   2.2874240338654338E-013
           9          16  -8.8845694249937994E-013
           9          17  -1.4862023570171648E-012
           9          18   8.9436968522929064E-014
           9          19  -8.8570274898658129E-013
          10           1  -3.4264594693898323E-002
          10           2  0.12414801645805043     
          10           3   4.2064153240127931E-014
          10           4   4.4186291424357770E-014
          10           5  -3.9325568443882702E-014
          10           6 -0.57588736144472485     
          10           7   2.5993339213773417E-014
          10           8  -3.8879137861363679E-013
          10           9  -5.2610108513895054E-013
          10          10   2.0867552920154169     
          10          11  -4.7492447925540321E-013
          10          12   7.1608325825803958E-014
          10          13   4.6611462760131255E-013
          10          14   5.5446575989490279E-002
          10          15   3.7797273479203546E-012
          10          16   5.5446575961137681E-002
          10          17  -1.0332815316942954E-012
          10          18  -3.1129191131016591E-012
          10          19   5.5446575963712025E-002
          11           1  -3.1578338685829668E-014
          11           2  -2.9919910274091177E-014
          11           3   5.2409061623293472E-002
          11           4  -1.8743817262137080E-013
          11           5  -2.5387201022328473E-013
          11           6   1.8415279501706003E-013
          11           7 -0.19588695519688309     
          11           8   4.4457059561660993E-013
          11           9   5.1424142722654428E-013
          11          10  -4.7492447925540321E-013
          11          11   1.0545060541651081     
          11          12   2.2920196575056055E-014
          11          13   3.2417915973165614E-014
          11          14  -4.8859385024810725E-012
          11          15  -3.9852070748411576E-012
          11          16   5.3432521560132909E-013
          11          17  -1.0343750360387437E-011
          11          18  -5.5139815697017086E-012
          11          19   4.2605779360005280E-012
          12           1  -1.9995965646122442E-014
          12           2   4.8569266818129280E-014
          12           3  -1.0571534966680509E-013
          12           4   5.2409061623247419E-002
          12           5  -4.5311844554929621E-013
          12           6  -1.1998580105918491E-013
          12           7  -5.3003608449010320E-014
          12           8 -0.19588695519736438     
          12           9  -3.6550276692431140E-013
          12          10   7.1608325825803958E-014
          12          11   2.2920196575056055E-014
          12          12   1.0545060541650677     
          12          13  -4.3949219492700777E-015
          12          14   3.0429077313289543E-012
          12          15  -1.0919621672637844E-012
          12          16  -2.3032201261909071E-012
          12          17  -5.9723568617196678E-012
          12          18  -3.1269904167821868E-012
          12          19  -6.6555570850611895E-013
          13           1  -6.3362085268644490E-014
          13           2   1.1985417411027862E-013
          13           3  -8.5661946291165330E-014
          13           4  -1.4494655476196941E-013
          13           5   5.2409061623103832E-002
          13           6  -3.4369331459161884E-013
          13           7   1.0706192877739795E-013
          13           8   1.8674992109107286E-013
          13           9 -0.19588695519674879     
          13          10   4.6611462760131255E-013
          13          11   3.2417915973165614E-014
          13          12  -4.3949219492700777E-015
          13          13   1.0545060541651270     
          13          14  -8.9486969783373553E-014
          13          15   2.2030682126316498E-012
          13          16   2.0663663892579896E-012
          13          17   8.9911098511919111E-012
          13          18   4.5626089453179084E-012
          13          19  -1.7821419121440718E-012
          14           1 -0.73953909062896428     
          14           2   1.9319692779803492     
          14           3  -1.1984773823490155E-012
          14           4   1.9146890305033405E-012
          14           5   6.3696612237764707E-013
          14           6  -3.5673822219766622     
          14           7   3.1127127888119912E-012
          14           8  -2.3997529861635365E-012
          14           9   1.9399948756253248E-012
          14          10   5.5446575989490279E-002
          14          11  -4.8859385024810725E-012
          14          12   3.0429077313289543E-012
          14          13  -8.9486969783373553E-014
          14          14   3.3566079690627570     
          14          15   5.1017189810102305E-013
          14          16  0.35660796905936593     
          14          17  -1.6647493203945695E-013
          14          18  -4.4730164975013174E-013
          14          19  0.35660796905923164     
          15           1  -1.6895048505732930E-013
          15           2   2.1975386200339513E-013
          15           3   2.3650802841630731E-012
          15           4   1.3419817386353142E-012
          15           5  -1.4692932603934718E-012
          15           6  -1.7553695463803370E-012
          15           7   5.5557760420259083E-013
          15           8  -4.0879940725540208E-013
          15           9   2.2874240338654338E-013
          15          10   3.7797273479203546E-012
          15          11  -3.9852070748411576E-012
          15          12  -1.0919621672637844E-012
          15          13   2.2030682126316498E-012
          15          14   5.1017189810102305E-013
          15          15   1.9999999999999500     
          15          16   4.8216912439049386E-013
          15          17  -7.7753775625231469E-014
          15          18  -2.2294666106498612E-014
          15          19   3.4132345593372714E-013
          16           1 -0.73953909062810697     
          16           2   1.9319692779776521     
          16           3   8.2509208120241660E-014
          16           4   4.6423705581333544E-013
          16           5   1.1712209127063869E-012
          16           6  -3.5673822219628288     
          16           7  -7.0593330865987852E-013
          16           8   1.7326382358098188E-012
          16           9  -8.8845694249937994E-013
          16          10   5.5446575961137681E-002
          16          11   5.3432521560132909E-013
          16          12  -2.3032201261909071E-012
          16          13   2.0663663892579896E-012
          16          14  0.35660796905936593     
          16          15   4.8216912439049386E-013
          16          16   3.3566079690559905     
          16          17  -2.9865478937763535E-013
          16          18  -4.9448114096710763E-013
          16          19  0.35660796905585146     
          17           1  -1.6699243460392258E-013
          17           2  -5.0893449433499279E-013
          17           3   7.9618360656120543E-012
          17           4   3.9194126520600090E-012
          17           5  -4.5487840344247746E-012
          17           6   1.3006473867243500E-012
          17           7   9.5548708806018478E-014
          17           8   4.5065493725907686E-014
          17           9  -1.4862023570171648E-012
          17          10  -1.0332815316942954E-012
          17          11  -1.0343750360387437E-011
          17          12  -5.9723568617196678E-012
          17          13   8.9911098511919111E-012
          17          14  -1.6647493203945695E-013
          17          15  -7.7753775625231469E-014
          17          16  -2.9865478937763535E-013
          17          17   2.0000000000000053     
          17          18   4.9600948370212629E-014
          17          19  -7.5535890834141561E-013
          18           1  -4.7842426632879179E-015
          18           2  -4.9278700522507147E-013
          18           3   4.0124404905049853E-012
          18           4   1.0989023473015779E-012
          18           5  -2.7644307918397096E-012
          18           6   1.9948273756946944E-012
          18           7   1.2736793795742466E-013
          18           8   1.4360005230880847E-012
          18           9   8.9436968522929064E-014
          18          10  -3.1129191131016591E-012
          18          11  -5.5139815697017086E-012
          18          12  -3.1269904167821868E-012
          18          13   4.5626089453179084E-012
          18          14  -4.4730164975013174E-013
          18          15  -2.2294666106498612E-014
          18          16  -4.9448114096710763E-013
          18          17   4.9600948370212629E-014
          18          18   2.0000000000000471     
          18          19  -7.0930929623399332E-013
          19           1 -0.73953909062817402     
          19           2   1.9319692779778359     
          19           3   6.0592781583076600E-013
          19           4   8.3069232409997498E-013
          19           5   1.0864548302396242E-012
          19           6  -3.5673822219630589     
          19           7  -2.2966115224985686E-012
          19           8   7.0319004919472875E-013
          19           9  -8.8570274898658129E-013
          19          10   5.5446575963712025E-002
          19          11   4.2605779360005280E-012
          19          12  -6.6555570850611895E-013
          19          13  -1.7821419121440718E-012
          19          14  0.35660796905923164     
          19          15   3.4132345593372714E-013
          19          16  0.35660796905585146     
          19          17  -7.5535890834141561E-013
          19          18  -7.0930929623399332E-013
          19          19   3.3566079690557107     
