           1           1   2.3962556969546176     
           1           2  -1.0549674223191445     
           1           3  -7.9643188181702544E-014
           1           4  -7.8084346106760491E-014
           1           5  -2.6703018983878051E-014
           1           6   2.0789408479335099     
           1           7   1.6472661889039499E-015
           1           8   1.8197864125921783E-013
           1           9  -1.5348227182537534E-013
           1          10  -3.7664257738062770E-002
           1          11  -5.6661084880667145E-014
           1          12  -4.5674291284647041E-014
           1          13   1.9722402792757405E-014
           1          14 -0.78989168731586612     
           1          15   4.9177293786214410E-007
           1          16 -0.78988793138660607     
           1          17   4.2223224155664972E-006
           1          18  -4.7277010966987330E-007
           1          19 -0.78989139904102290     
           2           1  -1.0549674223191445     
           2           2   2.8248287092022064     
           2           3   1.9108281009276557E-013
           2           4   2.0753343991591468E-013
           2           5   8.0420354769265877E-014
           2           6  -5.7564372711654794     
           2           7   6.3960142477569525E-014
           2           8  -4.5140831160022775E-013
           2           9   3.5802846603325217E-013
           2          10  0.13869104653805486     
           2          11   6.9041173063807966E-014
           2          12   2.3167066919049809E-014
           2          13  -1.4912067830040899E-014
           2          14   2.1205482781451672     
           2          15  -3.3768890692200844E-008
           2          16   2.1205480202342670     
           2          17  -2.8993700791176200E-007
           2          18   3.2463994535983970E-008
           2          19   2.1205482583499533     
           3           1  -7.9643188181702544E-014
           3           2   1.9108281009276557E-013
           3           3   2.3349310677114841     
           3           4   5.8258288505000019E-004
           3           5   5.0020092008500900E-003
           3           6  -1.0707495456903969E-012
           3           7 -0.89781330018243510     
           3           8  -1.7592744554354965E-003
           3           9  -1.5104987560424355E-002
           3          10   2.8721750830198356E-014
           3          11  0.11133468365969001     
           3          12   5.9572172628432835E-003
           3          13   5.1148183773268074E-002
           3          14   6.3014344620191686E-013
           3          15  -5.2647585948591311E-014
           3          16   5.0592776128893263E-013
           3          17   1.5709779769372089E-013
           3          18   2.0682122812173048E-014
           3          19   4.4597031875080325E-013
           4           1  -7.8084346106760491E-014
           4           2   2.0753343991591468E-013
           4           3   5.8258288505000019E-004
           4           4   2.3400688992957290     
           4           5  -5.6007105595203628E-004
           4           6  -6.0143286540999739E-013
           4           7  -1.7592744553785768E-003
           4           8 -0.91332844204680974     
           4           9   1.6912935918236235E-003
           4          10   1.4096010771815095E-013
           4          11   5.9572172628908088E-003
           4          12  0.16387172305180139     
           4          13  -5.7270219334794141E-003
           4          14  -8.4585233233841422E-014
           4          15   2.4482101530892562E-013
           4          16   3.9820467939200142E-013
           4          17  -3.1969133352583860E-013
           4          18   2.7882045371796116E-014
           4          19   7.9792377062985862E-014
           5           1  -2.6703018983878051E-014
           5           2   8.0420354769265877E-014
           5           3   5.0020092008500900E-003
           5           4  -5.6007105595203628E-004
           5           5   2.3353254061760911     
           5           6   1.3505810990518966E-012
           5           7  -1.5104987560438802E-002
           5           8   1.6912935917813680E-003
           5           9 -0.89900411723881646     
           5          10   2.2373724289190175E-014
           5          11   5.1148183773298120E-002
           5          12  -5.7270219336053776E-003
           5          13  0.11536700262371999     
           5          14  -3.3204369352962925E-013
           5          15  -2.5657786520286499E-013
           5          16  -5.9246946357509720E-013
           5          17   3.2101663978655785E-013
           5          18   3.4181137641580060E-014
           5          19  -5.3406907046654147E-013
           6           1   2.0789408479335099     
           6           2  -5.7564372711654794     
           6           3  -1.0707495456903969E-012
           6           4  -6.0143286540999739E-013
           6           5   1.3505810990518966E-012
           6           6   13.716285220404075     
           6           7  -3.0275580121576679E-014
           6           8   1.3793202476070573E-012
           6           9  -1.3120219247268866E-012
           6          10 -0.69447416625570169     
           6          11  -1.5651593135331886E-013
           6          12   5.1277413366953861E-014
           6          13  -9.5383065322291979E-015
           6          14  -4.2987075169008699     
           6          15  -3.7288955235214394E-005
           6          16  -4.2989923123247689     
           6          17  -3.2015994435843768E-004
           6          18   3.5848057138686292E-005
           6          19  -4.2987293754994198     
           7           1   1.6472661889039499E-015
           7           2   6.3960142477569525E-014
           7           3 -0.89781330018243510     
           7           4  -1.7592744553785768E-003
           7           5  -1.5104987560438802E-002
           7           6  -3.0275580121576679E-014
           7           7   2.4093011409372371     
           7           8   5.3126289200310624E-003
           7           9   4.5613800371545866E-002
           7          10  -5.2614901646678860E-014
           7          11 -0.36214251802365915     
           7          12  -1.7989509617919494E-002
           7          13 -0.15445646907187016     
           7          14  -4.0626242684952891E-013
           7          15   3.1287714861472486E-013
           7          16   1.4638284917633153E-014
           7          17  -5.7273734274010812E-013
           7          18  -1.5502033065952274E-014
           7          19   5.7727072681193150E-014
           8           1   1.8197864125921783E-013
           8           2  -4.5140831160022775E-013
           8           3  -1.7592744554354965E-003
           8           4 -0.91332844204680974     
           8           5   1.6912935917813680E-003
           8           6   1.3793202476070573E-012
           8           7   5.3126289200310624E-003
           8           8   2.4561535187212957     
           8           9  -5.1073413940794492E-003
           8          10  -2.0626779914047612E-013
           8          11  -1.7989509618073440E-002
           8          12 -0.52079303112848740     
           8          13   1.7294369435952587E-002
           8          14   2.2879709271398151E-013
           8          15  -3.9069112517093363E-013
           8          16  -9.3447508519063236E-013
           8          17   9.1195043717884937E-013
           8          18  -8.3081309194049378E-014
           8          19  -2.1794359743189428E-013
           9           1  -1.5348227182537534E-013
           9           2   3.5802846603325217E-013
           9           3  -1.5104987560424355E-002
           9           4   1.6912935918236235E-003
           9           5 -0.89900411723881646     
           9           6  -1.3120219247268866E-012
           9           7   4.5613800371545866E-002
           9           8  -5.1073413940794492E-003
           9           9   2.4128971512620221     
           9          10  -1.0543616419900958E-014
           9          11 -0.15445646907197944     
           9          12   1.7294369436228425E-002
           9          13 -0.37431925047905873     
           9          14  -7.3433241634258556E-014
           9          15   4.0121063537579703E-013
           9          16   6.0554822616385823E-013
           9          17  -6.9038075257379081E-013
           9          18  -4.8565548094703870E-014
           9          19   4.9084235375685007E-013
          10           1  -3.7664257738062770E-002
          10           2  0.13869104653805486     
          10           3   2.8721750830198356E-014
          10           4   1.4096010771815095E-013
          10           5   2.2373724289190175E-014
          10           6 -0.69447416625570169     
          10           7  -5.2614901646678860E-014
          10           8  -2.0626779914047612E-013
          10           9  -1.0543616419900958E-014
          10          10   2.0921384298869321     
          10          11   1.9083682484064485E-013
          10          12   8.5428800311219508E-015
          10          13   1.7576257366237930E-013
          10          14   9.9549506221830175E-002
          10          15  -4.0171510902895028E-007
          10          16   9.9546438110910879E-002
          10          17  -3.4490938739855574E-006
          10          18   3.8619225990733807E-007
          10          19   9.9549270738047535E-002
          11           1  -5.6661084880667145E-014
          11           2   6.9041173063807966E-014
          11           3  0.11133468365969001     
          11           4   5.9572172628908088E-003
          11           5   5.1148183773298120E-002
          11           6  -1.5651593135331886E-013
          11           7 -0.36214251802365915     
          11           8  -1.7989509618073440E-002
          11           9 -0.15445646907197944     
          11          10   1.9083682484064485E-013
          11          11   1.5676619723950362     
          11          12   6.0915690278863996E-002
          11          13  0.52301717115277369     
          11          14  -1.0107330271040455E-013
          11          15  -5.0424760679046838E-014
          11          16   6.5226870139922832E-014
          11          17   7.0771474808107746E-014
          11          18  -6.7109531105478093E-014
          11          19   1.4742825501376465E-013
          12           1  -4.5674291284647041E-014
          12           2   2.3167066919049809E-014
          12           3   5.9572172628432835E-003
          12           4  0.16387172305180139     
          12           5  -5.7270219336053776E-003
          12           6   5.1277413366953861E-014
          12           7  -1.7989509617919494E-002
          12           8 -0.52079303112848740     
          12           9   1.7294369436228425E-002
          12          10   8.5428800311219508E-015
          12          11   6.0915690278863996E-002
          12          12   2.1048809251874125     
          12          13  -5.8561821553610630E-002
          12          14   3.1701420401348734E-014
          12          15  -1.5862493028625141E-013
          12          16  -2.4319364887715481E-014
          12          17  -7.2973156073173731E-014
          12          18  -6.1991041857721676E-014
          12          19  -1.4559699169783819E-014
          13           1   1.9722402792757405E-014
          13           2  -1.4912067830040899E-014
          13           3   5.1148183773268074E-002
          13           4  -5.7270219334794141E-003
          13           5  0.11536700262371999     
          13           6  -9.5383065322291979E-015
          13           7 -0.15445646907187016     
          13           8   1.7294369435952587E-002
          13           9 -0.37431925047905873     
          13          10   1.7576257366237930E-013
          13          11  0.52301717115277369     
          13          12  -5.8561821553610630E-002
          13          13   1.6088945617647428     
          13          14  -5.9014156529053064E-016
          13          15   1.9575416172830186E-013
          13          16   2.7886171378012039E-014
          13          17  -1.4210069807042858E-013
          13          18   1.6827289524427231E-014
          13          19  -5.4940025443862653E-014
          14           1 -0.78989168731586612     
          14           2   2.1205482781451672     
          14           3   6.3014344620191686E-013
          14           4  -8.4585233233841422E-014
          14           5  -3.3204369352962925E-013
          14           6  -4.2987075169008699     
          14           7  -4.0626242684952891E-013
          14           8   2.2879709271398151E-013
          14           9  -7.3433241634258556E-014
          14          10   9.9549506221830175E-002
          14          11  -1.0107330271040455E-013
          14          12   3.1701420401348734E-014
          14          13  -5.9014156529053064E-016
          14          14   3.5920250460181791     
          14          15   1.6720034750535165E-005
          14          16  0.59215274587102384     
          14          17   1.4355696816216381E-004
          14          18  -1.6073964335621644E-005
          14          19  0.59203484723809718     
          15           1   4.9177293786214410E-007
          15           2  -3.3768890692200844E-008
          15           3  -5.2647585948591311E-014
          15           4   2.4482101530892562E-013
          15           5  -2.5657786520286499E-013
          15           6  -3.7288955235214394E-005
          15           7   3.1287714861472486E-013
          15           8  -3.9069112517093363E-013
          15           9   4.0121063537579703E-013
          15          10  -4.0171510902895028E-007
          15          11  -5.0424760679046838E-014
          15          12  -1.5862493028625141E-013
          15          13   1.9575416172830186E-013
          15          14   1.6720034750535165E-005
          15          15   1.9999999999756983     
          15          16   1.6720053107179806E-005
          15          17  -1.0667796485440321E-011
          15          18  -5.9046992026375967E-013
          15          19   1.6720047886202174E-005
          16           1 -0.78988793138660607     
          16           2   2.1205480202342670     
          16           3   5.0592776128893263E-013
          16           4   3.9820467939200142E-013
          16           5  -5.9246946357509720E-013
          16           6  -4.2989923123247689     
          16           7   1.4638284917633153E-014
          16           8  -9.3447508519063236E-013
          16           9   6.0554822616385823E-013
          16          10   9.9546438110910879E-002
          16          11   6.5226870139922832E-014
          16          12  -2.4319364887715481E-014
          16          13   2.7886171378012039E-014
          16          14  0.59215274587102384     
          16          15   1.6720053107179806E-005
          16          16   3.5922804456214505     
          16          17   1.4355691328419093E-004
          16          18  -1.6073961263290446E-005
          16          19  0.59216254705532934     
          17           1   4.2223224155664972E-006
          17           2  -2.8993700791176200E-007
          17           3   1.5709779769372089E-013
          17           4  -3.1969133352583860E-013
          17           5   3.2101663978655785E-013
          17           6  -3.2015994435843768E-004
          17           7  -5.7273734274010812E-013
          17           8   9.1195043717884937E-013
          17           9  -6.9038075257379081E-013
          17          10  -3.4490938739855574E-006
          17          11   7.0771474808107746E-014
          17          12  -7.2973156073173731E-014
          17          13  -1.4210069807042858E-013
          17          14   1.4355696816216381E-004
          17          15  -1.0667796485440321E-011
          17          16   1.4355691328419093E-004
          17          17   1.9999999999431779     
          17          18   1.5923578052753052E-011
          17          19   1.4355697501723398E-004
          18           1  -4.7277010966987330E-007
          18           2   3.2463994535983970E-008
          18           3   2.0682122812173048E-014
          18           4   2.7882045371796116E-014
          18           5   3.4181137641580060E-014
          18           6   3.5848057138686292E-005
          18           7  -1.5502033065952274E-014
          18           8  -8.3081309194049378E-014
          18           9  -4.8565548094703870E-014
          18          10   3.8619225990733807E-007
          18          11  -6.7109531105478093E-014
          18          12  -6.1991041857721676E-014
          18          13   1.6827289524427231E-014
          18          14  -1.6073964335621644E-005
          18          15  -5.9046992026375967E-013
          18          16  -1.6073961263290446E-005
          18          17   1.5923578052753052E-011
          18          18   2.0000000000268674     
          18          19  -1.6073951407192090E-005
          19           1 -0.78989139904102290     
          19           2   2.1205482583499533     
          19           3   4.4597031875080325E-013
          19           4   7.9792377062985862E-014
          19           5  -5.3406907046654147E-013
          19           6  -4.2987293754994198     
          19           7   5.7727072681193150E-014
          19           8  -2.1794359743189428E-013
          19           9   4.9084235375685007E-013
          19          10   9.9549270738047535E-002
          19          11   1.4742825501376465E-013
          19          12  -1.4559699169783819E-014
          19          13  -5.4940025443862653E-014
          19          14  0.59203484723809718     
          19          15   1.6720047886202174E-005
          19          16  0.59216254705532934     
          19          17   1.4355697501723398E-004
          19          18  -1.6073951407192090E-005
          19          19   3.5920446484540975     
