           1           1   2.3239926292132989     
           1           2 -0.90980396009062325     
           1           3  -5.2027056325528672E-014
           1           4  -1.0821447293505915E-013
           1           5  -4.6588896594420319E-015
           1           6  0.24361275681104622     
           1           7  -8.9508933939923236E-014
           1           8  -9.1304263381301632E-014
           1           9  -2.1061027080447968E-014
           1          10  -7.1906817042555360E-002
           1          11  -1.0870995490376750E-014
           1          12  -1.2873031950578005E-013
           1          13  -1.3915814446704385E-014
           2           1 -0.90980396009062325     
           2           2   2.5615038040694866     
           2           3  -1.0101573636901153E-013
           2           4  -3.0366419363588107E-014
           2           5  -9.4054471604299879E-015
           2           6 -0.80863439374678936     
           2           7  -8.3490717186892391E-014
           2           8  -2.3241997395987533E-013
           2           9  -2.0166801164026711E-014
           2          10  0.24552878676617224     
           2          11  -1.8310463861907492E-014
           2          12  -7.0579433183959746E-014
           2          13  -1.4770284062557133E-014
           3           1  -5.2027056325528672E-014
           3           2  -1.0101573636901153E-013
           3           3   2.1814249929681733     
           3           4  -2.2312880709751026E-015
           3           5   5.5025428657984337E-015
           3           6  -5.1125029116304588E-014
           3           7 -0.60064611094319265     
           3           8   1.9255430583318755E-016
           3           9  -1.3711254354120685E-014
           3          10  -1.0835522103795586E-014
           3          11  -9.8782982032475375E-002
           3          12   8.5541383004769344E-015
           3          13  -8.4984103088103590E-015
           4           1  -1.0821447293505915E-013
           4           2  -3.0366419363588107E-014
           4           3  -2.2312880709751026E-015
           4           4   2.1814249929681622     
           4           5   2.1710064301849792E-015
           4           6  -1.4773448557886046E-013
           4           7  -4.7618159415565926E-015
           4           8 -0.60064611094316334     
           4           9  -5.4522358849951102E-015
           4          10  -3.2621996897293116E-014
           4          11  -7.8600320696499095E-015
           4          12  -9.8782982032508432E-002
           4          13   9.6717338998742350E-015
           5           1  -4.6588896594420319E-015
           5           2  -9.4054471604299879E-015
           5           3   5.5025428657984337E-015
           5           4   2.1710064301849792E-015
           5           5   2.1814249929681448     
           5           6  -2.4331781533144893E-014
           5           7   6.3699046037868254E-015
           5           8  -7.2563483000110062E-015
           5           9 -0.60064611094315368     
           5          10  -3.4757095812638291E-014
           5          11   1.1322540127700705E-014
           5          12   4.6158823291399475E-015
           5          13  -9.8782982032516731E-002
           6           1  0.24361275681104622     
           6           2 -0.80863439374678936     
           6           3  -5.1125029116304588E-014
           6           4  -1.4773448557886046E-013
           6           5  -2.4331781533144893E-014
           6           6   2.5051988916270922     
           6           7  -6.4537024518916542E-014
           6           8  -9.9385912419733751E-014
           6           9   5.3051919007649168E-015
           6          10 -0.82613103097773599     
           6          11  -1.4273623738418619E-013
           6          12  -3.1333389807962717E-013
           6          13  -5.7309447473249387E-015
           7           1  -8.9508933939923236E-014
           7           2  -8.3490717186892391E-014
           7           3 -0.60064611094319265     
           7           4  -4.7618159415565926E-015
           7           5   6.3699046037868254E-015
           7           6  -6.4537024518916542E-014
           7           7   1.9958696859473077     
           7           8   6.1409211049588548E-015
           7           9   6.8278716014447238E-015
           7          10  -1.1804510786801116E-013
           7          11  0.23826125938149853     
           7          12  -4.2762668406308052E-014
           7          13   2.9094782139082908E-014
           8           1  -9.1304263381301632E-014
           8           2  -2.3241997395987533E-013
           8           3   1.9255430583318755E-016
           8           4 -0.60064611094316334     
           8           5  -7.2563483000110062E-015
           8           6  -9.9385912419733751E-014
           8           7   6.1409211049588548E-015
           8           8   1.9958696859472014     
           8           9   1.1109169140155496E-014
           8          10  -3.2193630456688221E-013
           8          11   2.6672240804877403E-014
           8          12  0.23826125938160925     
           8          13  -8.7794355119188100E-015
           9           1  -2.1061027080447968E-014
           9           2  -2.0166801164026711E-014
           9           3  -1.3711254354120685E-014
           9           4  -5.4522358849951102E-015
           9           5 -0.60064611094315368     
           9           6   5.3051919007649168E-015
           9           7   6.8278716014447238E-015
           9           8   1.1109169140155496E-014
           9           9   1.9958696859471858     
           9          10   4.2459157265810415E-015
           9          11  -3.0218882951516074E-014
           9          12  -1.6634263411141777E-014
           9          13  0.23826125938162532     
          10           1  -7.1906817042555360E-002
          10           2  0.24552878676617224     
          10           3  -1.0835522103795586E-014
          10           4  -3.2621996897293116E-014
          10           5  -3.4757095812638291E-014
          10           6 -0.82613103097773599     
          10           7  -1.1804510786801116E-013
          10           8  -3.2193630456688221E-013
          10           9   4.2459157265810415E-015
          10          10   2.2726248856630713     
          10          11   1.4582189421438089E-013
          10          12   2.6760722831270010E-013
          10          13   1.1525010458178389E-014
          11           1  -1.0870995490376750E-014
          11           2  -1.8310463861907492E-014
          11           3  -9.8782982032475375E-002
          11           4  -7.8600320696499095E-015
          11           5   1.1322540127700705E-014
          11           6  -1.4273623738418619E-013
          11           7  0.23826125938149853     
          11           8   2.6672240804877403E-014
          11           9  -3.0218882951516074E-014
          11          10   1.4582189421438089E-013
          11          11   2.8809482488454878E-002
          11          12  -1.9528649530575324E-015
          11          13  -2.7061686225165251E-016
          12           1  -1.2873031950578005E-013
          12           2  -7.0579433183959746E-014
          12           3   8.5541383004769344E-015
          12           4  -9.8782982032508432E-002
          12           5   4.6158823291399475E-015
          12           6  -3.1333389807962717E-013
          12           7  -4.2762668406308052E-014
          12           8  0.23826125938160925     
          12           9  -1.6634263411141777E-014
          12          10   2.6760722831270010E-013
          12          11  -1.9528649530575324E-015
          12          12   2.8809482488482814E-002
          12          13  -3.2915293754473660E-015
          13           1  -1.3915814446704385E-014
          13           2  -1.4770284062557133E-014
          13           3  -8.4984103088103590E-015
          13           4   9.6717338998742350E-015
          13           5  -9.8782982032516731E-002
          13           6  -5.7309447473249387E-015
          13           7   2.9094782139082908E-014
          13           8  -8.7794355119188100E-015
          13           9  0.23826125938162532     
          13          10   1.1525010458178389E-014
          13          11  -2.7061686225165251E-016
          13          12  -3.2915293754473660E-015
          13          13   2.8809482488486981E-002
