           1           1   2.4411451787315541     
           1           2  -1.1706295016551058     
           1           3  -1.8358678900571058E-014
           1           4  -5.5510555552632048E-014
           1           5   4.0444946426884533E-015
           1           6   2.5958391636248797     
           1           7   1.2765391906596033E-013
           1           8   8.1860167116208469E-014
           1           9   1.4423229296048685E-013
           1          10   1.9687074755512665E-002
           1          11  -6.5271649262343149E-014
           1          12  -2.0499299530453317E-014
           1          13  -3.5590146228558332E-014
           1          14   5.7024013603139398E-002
           1          15   4.7591083137694405E-014
           1          16   3.7639569560557617E-014
           1          17   1.5656879485074657E-014
           1          18 -0.96316802513856070     
           1          19  -9.3087819174796654E-015
           1          20 -0.96316802513857191     
           1          21   4.2856543587421068E-014
           1          22  -6.7807845085435952E-014
           1          23 -0.96316802513857080     
           1          24  -6.4698844274864664E-002
           1          25   1.8695228333325637E-014
           1          26  -6.4698844274938161E-002
           1          27  -3.0021411218326109E-014
           1          28   3.7587027933908980E-014
           1          29  -6.4698844274925657E-002
           2           1  -1.1706295016551058     
           2           2   3.1710302359886260     
           2           3  -5.0179709505402624E-014
           2           4   1.1793590364305997E-015
           2           5   1.0622853769910317E-013
           2           6  -7.7290970360738456     
           2           7  -2.4306236248605645E-013
           2           8  -2.3511806428475108E-013
           2           9  -2.7228590425625340E-013
           2          10   4.5877117866267178E-002
           2          11   5.6698333413838089E-014
           2          12   1.5787873433143754E-013
           2          13   9.4864798084662275E-014
           2          14 -0.17922962921115881     
           2          15  -6.2297308943802024E-015
           2          16  -4.3270587215491937E-014
           2          17  -4.6900298770406171E-014
           2          18   2.7866604787440465     
           2          19   7.8837622863453062E-014
           2          20   2.7866604787440274     
           2          21  -1.4190907262677916E-013
           2          22   1.1426514977629203E-013
           2          23   2.7866604787440625     
           2          24  0.17973371636331334     
           2          25  -1.9595409481421653E-014
           2          26  0.17973371636346358     
           2          27   2.3657489221149381E-014
           2          28  -6.3218297720105207E-014
           2          29  0.17973371636349350     
           3           1  -1.8358678900571058E-014
           3           2  -5.0179709505402624E-014
           3           3   2.6483987141569481     
           3           4   3.6170719197588063E-014
           3           5  -2.6159630017725013E-015
           3           6   3.3137586275810785E-013
           3           7  -1.3913255539758391     
           3           8  -7.7556017163959681E-014
           3           9   2.6111057760402812E-014
           3          10   6.4197807286433291E-014
           3          11  0.36293198079866446     
           3          12   6.9597105856160016E-014
           3          13  -6.8001160258194282E-016
           3          14  -1.8847432034628341E-014
           3          15   4.3943769668927379E-002
           3          16  -5.8533906888035976E-014
           3          17  -2.8309819766211720E-014
           3          18  -1.1779828456968012E-013
           3          19  -3.4202359615602364E-013
           3          20  -1.4723189397308578E-013
           3          21   1.3310528000293450E-012
           3          22  -9.1111180179028620E-013
           3          23  -1.7195119991412662E-014
           3          24   1.1461111596746380E-013
           3          25   2.9478732404406287E-013
           3          26   2.6343701346996386E-014
           3          27  -1.3508578341110222E-012
           3          28   8.3187103193897820E-013
           3          29  -2.6928817587094141E-014
           4           1  -5.5510555552632048E-014
           4           2   1.1793590364305997E-015
           4           3   3.6170719197588063E-014
           4           4   2.6483987141569223     
           4           5   7.2485420443642811E-015
           4           6  -1.4665530678826246E-013
           4           7  -1.9477475188257919E-014
           4           8  -1.3913255539758231     
           4           9  -5.0480453150815648E-015
           4          10   1.1436235073225845E-013
           4          11   7.7785000662564082E-015
           4          12  0.36293198079865480     
           4          13   1.6167622796093817E-014
           4          14   1.4964064607495063E-015
           4          15   1.8403681356875088E-014
           4          16   4.3943769668884927E-002
           4          17  -5.0877271145367604E-015
           4          18  -1.0054211346430467E-013
           4          19   1.3943175507566641E-013
           4          20  -5.6081310303346664E-014
           4          21   5.1925717077348570E-014
           4          22   1.2732392066604125E-013
           4          23   4.7625155878391370E-014
           4          24  -7.8867778169800068E-014
           4          25  -1.0865806257091388E-013
           4          26  -1.4423251347709250E-013
           4          27  -1.2959639595431856E-013
           4          28  -1.9345013440656783E-014
           4          29  -7.8811914558888580E-014
           5           1   4.0444946426884533E-015
           5           2   1.0622853769910317E-013
           5           3  -2.6159630017725013E-015
           5           4   7.2485420443642811E-015
           5           5   2.6483987141568841     
           5           6   1.3547439768070233E-014
           5           7  -3.4250380309685783E-014
           5           8  -3.5206212944936413E-014
           5           9  -1.3913255539757889     
           5          10   2.8135292586977565E-013
           5          11   4.0425995884158792E-014
           5          12   3.8663516832541712E-014
           5          13  0.36293198079866335     
           5          14   3.6869031317387806E-014
           5          15   2.0741221240472436E-014
           5          16  -3.4230214149226447E-014
           5          17   4.3943769668892005E-002
           5          18   1.4067810829325746E-013
           5          19  -5.3071104094848918E-013
           5          20   9.1566932343685850E-014
           5          21   1.2709930708081830E-013
           5          22  -8.1925695792185596E-013
           5          23   1.5090924381465605E-013
           5          24   1.7508867805160231E-014
           5          25   4.9538160488949093E-013
           5          26   6.5343874535268276E-014
           5          27  -1.1209359828853942E-013
           5          28   7.3252760850872414E-013
           5          29   1.3190472277997035E-013
           6           1   2.5958391636248797     
           6           2  -7.7290970360738456     
           6           3   3.3137586275810785E-013
           6           4  -1.4665530678826246E-013
           6           5   1.3547439768070233E-014
           6           6   22.021667697219264     
           6           7   3.5255405722936813E-013
           6           8   4.0353368915513515E-013
           6           9   1.1295285166677571E-012
           6          10 -0.99876716340983118     
           6          11  -1.8136326570859266E-013
           6          12  -7.7130205060788501E-014
           6          13   6.8670163499116083E-014
           6          14  0.70494983137986855     
           6          15   1.2201844106830573E-013
           6          16   1.8042127577449862E-013
           6          17   1.2421949011474761E-013
           6          18  -7.0170640450266664     
           6          19  -2.9755553716486240E-014
           6          20  -7.0170640450270181     
           6          21   7.7959054103129525E-014
           6          22  -4.6691046518231766E-013
           6          23  -7.0170640450265260     
           6          24 -0.49345349870849886     
           6          25   1.1374607182855848E-013
           6          26 -0.49345349870926669     
           6          27   1.4974686474923520E-013
           6          28  -2.1810554663729808E-013
           6          29 -0.49345349870915678     
           7           1   1.2765391906596033E-013
           7           2  -2.4306236248605645E-013
           7           3  -1.3913255539758391     
           7           4  -1.9477475188257919E-014
           7           5  -3.4250380309685783E-014
           7           6   3.5255405722936813E-013
           7           7   3.0008001876198493     
           7           8   4.3590131504319858E-014
           7           9   3.2793212589861851E-014
           7          10  -4.9806762448763778E-014
           7          11 -0.95415127212613760     
           7          12  -6.5669691906511190E-014
           7          13  -2.4563684419826871E-014
           7          14   8.3812363044346285E-015
           7          15 -0.11327790752266589     
           7          16   2.3996429842915599E-014
           7          17   6.6401745213444311E-014
           7          18  -1.3400037504027378E-013
           7          19   8.8561064892064499E-014
           7          20  -4.4951751355474287E-014
           7          21  -5.0504792574065741E-013
           7          22   3.5741937127362419E-013
           7          23  -3.1879724228866957E-013
           7          24  -1.7583952877724003E-013
           7          25  -5.2600049590514738E-014
           7          26  -1.6006335434597606E-014
           7          27   4.8292417470964639E-013
           7          28  -3.2457846703168328E-013
           7          29   1.3664873118862920E-013
           8           1   8.1860167116208469E-014
           8           2  -2.3511806428475108E-013
           8           3  -7.7556017163959681E-014
           8           4  -1.3913255539758231     
           8           5  -3.5206212944936413E-014
           8           6   4.0353368915513515E-013
           8           7   4.3590131504319858E-014
           8           8   3.0008001876198769     
           8           9   3.8864744755754940E-014
           8          10  -3.6543955132265185E-013
           8          11  -2.7339241981332674E-014
           8          12 -0.95415127212620221     
           8          13  -2.8914370897554025E-014
           8          14  -3.7378590356994827E-015
           8          15  -7.7264583626290518E-015
           8          16 -0.11327790752262806     
           8          17   8.9650509236663697E-015
           8          18  -3.1975604558168229E-014
           8          19  -6.8740511668109684E-014
           8          20  -1.6566643589717959E-013
           8          21   4.6775323235041271E-014
           8          22  -1.2226125413400547E-013
           8          23  -3.4491553736325797E-013
           8          24   7.9869206493828235E-015
           8          25  -1.8646350273300023E-014
           8          26   1.6605205830794674E-013
           8          27   1.7334905450143800E-013
           8          28  -1.3102903022942042E-013
           8          29   9.0310902747860331E-015
           9           1   1.4423229296048685E-013
           9           2  -2.7228590425625340E-013
           9           3   2.6111057760402812E-014
           9           4  -5.0480453150815648E-015
           9           5  -1.3913255539757889     
           9           6   1.1295285166677571E-012
           9           7   3.2793212589861851E-014
           9           8   3.8864744755754940E-014
           9           9   3.0008001876198853     
           9          10  -9.2755012657815157E-014
           9          11  -5.1236792586432357E-014
           9          12  -6.8396677210745708E-014
           9          13 -0.95415127212621376     
           9          14   9.9285739084239063E-014
           9          15  -2.1201790323305630E-014
           9          16   4.4350807748438601E-014
           9          17 -0.11327790752263803     
           9          18  -3.4860078181371253E-013
           9          19   2.8363395811789473E-013
           9          20  -1.8373115578490283E-013
           9          21  -7.2750441233883357E-014
           9          22   4.9943571383111585E-013
           9          23  -3.2354954641862436E-013
           9          24   1.6682738005148785E-013
           9          25  -2.7897773129349584E-013
           9          26   1.3443069339959499E-013
           9          27   4.4224649861055066E-014
           9          28  -3.0946831511976474E-013
           9          29  -2.9978901201297276E-014
          10           1   1.9687074755512665E-002
          10           2   4.5877117866267178E-002
          10           3   6.4197807286433291E-014
          10           4   1.1436235073225845E-013
          10           5   2.8135292586977565E-013
          10           6 -0.99876716340983118     
          10           7  -4.9806762448763778E-014
          10           8  -3.6543955132265185E-013
          10           9  -9.2755012657815157E-014
          10          10   3.2990806453922721     
          10          11  -2.7775362876751817E-013
          10          12   4.7830239699844980E-013
          10          13   1.0456880442915195E-013
          10          14 -0.59779674997905441     
          10          15   1.7441184983694027E-013
          10          16  -1.5730723483053169E-013
          10          17  -1.0456030071125697E-013
          10          18   8.8428589780283284E-002
          10          19   2.2882408045419784E-013
          10          20   8.8428589779940101E-002
          10          21  -4.4920500674485187E-013
          10          22   4.4170747409795596E-013
          10          23   8.8428589780039840E-002
          10          24 -0.22786031598371903     
          10          25  -6.8882608753207159E-014
          10          26 -0.22786031598242301     
          10          27   3.7741137875771581E-014
          10          28  -1.5537674356968425E-013
          10          29 -0.22786031598245929     
          11           1  -6.5271649262343149E-014
          11           2   5.6698333413838089E-014
          11           3  0.36293198079866446     
          11           4   7.7785000662564082E-015
          11           5   4.0425995884158792E-014
          11           6  -1.8136326570859266E-013
          11           7 -0.95415127212613760     
          11           8  -2.7339241981332674E-014
          11           9  -5.1236792586432357E-014
          11          10  -2.7775362876751817E-013
          11          11   2.2134992456366662     
          11          12   1.7708057242612957E-014
          11          13  -8.8817841973496449E-016
          11          14   3.4752165389361231E-014
          11          15  0.19151094200996019     
          11          16  -4.2341130601054080E-014
          11          17  -7.6313955155134943E-014
          11          18  -4.0103150796573114E-014
          11          19   4.2468320372353151E-013
          11          20   5.8493789364048180E-014
          11          21  -1.5617697360507593E-012
          11          22   9.6504679674888291E-013
          11          23   1.6471541827197040E-013
          11          24   2.8880715891648444E-013
          11          25  -6.9355066598668269E-013
          11          26  -3.9211007366467712E-015
          11          27   1.6937655317721246E-012
          11          28  -1.0868024679902170E-012
          11          29  -2.3264712020889757E-013
          12           1  -2.0499299530453317E-014
          12           2   1.5787873433143754E-013
          12           3   6.9597105856160016E-014
          12           4  0.36293198079865480     
          12           5   3.8663516832541712E-014
          12           6  -7.7130205060788501E-014
          12           7  -6.5669691906511190E-014
          12           8 -0.95415127212620221     
          12           9  -6.8396677210745708E-014
          12          10   4.7830239699844980E-013
          12          11   1.7708057242612957E-014
          12          12   2.2134992456367302     
          12          13   1.3197776205161100E-014
          12          14  -8.8763135780800478E-014
          12          15   6.3699046051878684E-015
          12          16  0.19151094200989260     
          12          17  -6.8330757714602140E-015
          12          18  -7.7707808926502449E-014
          12          19  -1.6996568612545081E-013
          12          20   1.9423997440808664E-013
          12          21  -2.4125262421125492E-013
          12          22   8.4366309070082049E-014
          12          23   2.2924861639988771E-013
          12          24   3.9760379041705587E-014
          12          25   2.6911485281764094E-013
          12          26  -2.8199177993032710E-013
          12          27  -2.1603297136388936E-013
          12          28   4.6196641922518603E-013
          12          29   6.9909354814273477E-014
          13           1  -3.5590146228558332E-014
          13           2   9.4864798084662275E-014
          13           3  -6.8001160258194282E-016
          13           4   1.6167622796093817E-014
          13           5  0.36293198079866335     
          13           6   6.8670163499116083E-014
          13           7  -2.4563684419826871E-014
          13           8  -2.8914370897554025E-014
          13           9 -0.95415127212621376     
          13          10   1.0456880442915195E-013
          13          11  -8.8817841973496449E-016
          13          12   1.3197776205161100E-014
          13          13   2.2134992456367071     
          13          14  -9.9052118054450703E-014
          13          15   5.4012350147976215E-014
          13          16  -2.0461063398931002E-014
          13          17  0.19151094200991348     
          13          18   1.2084400500813978E-013
          13          19   5.0975707713843351E-013
          13          20   1.4287601478214114E-013
          13          21  -2.2693502756999977E-013
          13          22   9.1102948720086790E-013
          13          23  -4.9980572425124402E-014
          13          24   8.0947297873607600E-014
          13          25  -3.7966010323824688E-013
          13          26  -2.3232036612582527E-013
          13          27   1.6318388706937478E-013
          13          28  -7.1712197526855663E-013
          13          29   2.7198748884704166E-013
          14           1   5.7024013603139398E-002
          14           2 -0.17922962921115881     
          14           3  -1.8847432034628341E-014
          14           4   1.4964064607495063E-015
          14           5   3.6869031317387806E-014
          14           6  0.70494983137986855     
          14           7   8.3812363044346285E-015
          14           8  -3.7378590356994827E-015
          14           9   9.9285739084239063E-014
          14          10 -0.59779674997905441     
          14          11   3.4752165389361231E-014
          14          12  -8.8763135780800478E-014
          14          13  -9.9052118054450703E-014
          14          14   2.1280253410336396     
          14          15  -2.1666418735681390E-013
          14          16   3.6663789086407411E-013
          14          17   2.4090943284520338E-013
          14          18 -0.17257388638543983     
          14          19   7.3986648976576599E-015
          14          20 -0.17257388638494975     
          14          21  -4.5414235218897326E-013
          14          22   4.5922264822902827E-013
          14          23 -0.17257388638492166     
          14          24   2.3678139888023794E-002
          14          25   3.2011916159922957E-013
          14          26   2.3678139886952471E-002
          14          27   2.0720376247979296E-013
          14          28  -2.3536128823045476E-013
          14          29   2.3678139887226266E-002
          15           1   4.7591083137694405E-014
          15           2  -6.2297308943802024E-015
          15           3   4.3943769668927379E-002
          15           4   1.8403681356875088E-014
          15           5   2.0741221240472436E-014
          15           6   1.2201844106830573E-013
          15           7 -0.11327790752266589     
          15           8  -7.7264583626290518E-015
          15           9  -2.1201790323305630E-014
          15          10   1.7441184983694027E-013
          15          11  0.19151094200996019     
          15          12   6.3699046051878684E-015
          15          13   5.4012350147976215E-014
          15          14  -2.1666418735681390E-013
          15          15   1.6936226002691221E-002
          15          16  -3.2951072449385577E-015
          15          17  -2.4385875259452377E-015
          15          18  -1.8392058314303420E-014
          15          19  -6.5061046619484642E-013
          15          20   1.6865707300517980E-013
          15          21   1.9174167516333738E-012
          15          22  -1.2761685208924535E-012
          15          23  -1.8763891841984743E-013
          15          24   1.8675525382944079E-013
          15          25   1.1950219708522155E-012
          15          26  -6.8624134494606528E-013
          15          27  -2.1684471360599970E-012
          15          28   1.6143318621657321E-012
          15          29   4.4198371208664832E-013
          16           1   3.7639569560557617E-014
          16           2  -4.3270587215491937E-014
          16           3  -5.8533906888035976E-014
          16           4   4.3943769668884927E-002
          16           5  -3.4230214149226447E-014
          16           6   1.8042127577449862E-013
          16           7   2.3996429842915599E-014
          16           8 -0.11327790752262806     
          16           9   4.4350807748438601E-014
          16          10  -1.5730723483053169E-013
          16          11  -4.2341130601054080E-014
          16          12  0.19151094200989260     
          16          13  -2.0461063398931002E-014
          16          14   3.6663789086407411E-013
          16          15  -3.2951072449385577E-015
          16          16   1.6936226002678818E-002
          16          17  -3.0254661631946004E-015
          16          18  -1.6533947644440818E-013
          16          19   2.3587943593712673E-013
          16          20  -7.5371529114836976E-015
          16          21   1.3531014215644959E-013
          16          22   9.3943146292114603E-014
          16          23   4.6849090282276265E-014
          16          24   6.2190208789346857E-013
          16          25  -3.9476608789430500E-013
          16          26  -2.2220694415695940E-013
          16          27   4.4421536204563919E-013
          16          28  -8.1091076742690115E-013
          16          29  -3.8498700443472397E-013
          17           1   1.5656879485074657E-014
          17           2  -4.6900298770406171E-014
          17           3  -2.8309819766211720E-014
          17           4  -5.0877271145367604E-015
          17           5   4.3943769668892005E-002
          17           6   1.2421949011474761E-013
          17           7   6.6401745213444311E-014
          17           8   8.9650509236663697E-015
          17           9 -0.11327790752263803     
          17          10  -1.0456030071125697E-013
          17          11  -7.6313955155134943E-014
          17          12  -6.8330757714602140E-015
          17          13  0.19151094200991348     
          17          14   2.4090943284520338E-013
          17          15  -2.4385875259452377E-015
          17          16  -3.0254661631946004E-015
          17          17   1.6936226002682568E-002
          17          18  -5.5754287739475405E-014
          17          19  -4.8573449244820680E-013
          17          20  -1.9793932938767914E-013
          17          21   1.2480191772418076E-013
          17          22  -8.5222252492571936E-013
          17          23   1.3233246810446375E-013
          17          24  -8.1665726063604119E-014
          17          25   2.0991512008581100E-013
          17          26   7.0333479324071133E-013
          17          27  -2.2726388180726477E-013
          17          28   6.5237232813769670E-013
          17          29  -5.9807159193028051E-013
          18           1 -0.96316802513856070     
          18           2   2.7866604787440465     
          18           3  -1.1779828456968012E-013
          18           4  -1.0054211346430467E-013
          18           5   1.4067810829325746E-013
          18           6  -7.0170640450266664     
          18           7  -1.3400037504027378E-013
          18           8  -3.1975604558168229E-014
          18           9  -3.4860078181371253E-013
          18          10   8.8428589780283284E-002
          18          11  -4.0103150796573114E-014
          18          12  -7.7707808926502449E-014
          18          13   1.2084400500813978E-013
          18          14 -0.17257388638543983     
          18          15  -1.8392058314303420E-014
          18          16  -1.6533947644440818E-013
          18          17  -5.5754287739475405E-014
          18          18   4.5708549129221714     
          18          19   9.4809389793539903E-014
          18          20   1.4135056586376531     
          18          21  -1.3809639889881937E-013
          18          22   1.8232125152634247E-013
          18          23   1.4135056586375714     
          18          24 -0.30700209039104720     
          18          25  -7.2850147962024601E-014
          18          26  0.39784296398490049     
          18          27   5.0987882832365349E-014
          18          28  -1.1637525300530177E-013
          18          29  0.39784296398496971     
          19           1  -9.3087819174796654E-015
          19           2   7.8837622863453062E-014
          19           3  -3.4202359615602364E-013
          19           4   1.3943175507566641E-013
          19           5  -5.3071104094848918E-013
          19           6  -2.9755553716486240E-014
          19           7   8.8561064892064499E-014
          19           8  -6.8740511668109684E-014
          19           9   2.8363395811789473E-013
          19          10   2.2882408045419784E-013
          19          11   4.2468320372353151E-013
          19          12  -1.6996568612545081E-013
          19          13   5.0975707713843351E-013
          19          14   7.3986648976576599E-015
          19          15  -6.5061046619484642E-013
          19          16   2.3587943593712673E-013
          19          17  -4.8573449244820680E-013
          19          18   9.4809389793539903E-014
          19          19   2.1048995028564659     
          19          20   8.8532292896155978E-014
          19          21  -5.4958208137481196E-016
          19          22   3.0899761790370965E-017
          19          23   5.8065713794135855E-014
          19          24   4.8587509554727864E-014
          19          25 -0.46989670291721952     
          19          26  -2.4950888040434071E-014
          19          27  -1.9973172421028008E-014
          19          28   2.3823391176912539E-014
          19          29  -6.7412812317321696E-014
          20           1 -0.96316802513857191     
          20           2   2.7866604787440274     
          20           3  -1.4723189397308578E-013
          20           4  -5.6081310303346664E-014
          20           5   9.1566932343685850E-014
          20           6  -7.0170640450270181     
          20           7  -4.4951751355474287E-014
          20           8  -1.6566643589717959E-013
          20           9  -1.8373115578490283E-013
          20          10   8.8428589779940101E-002
          20          11   5.8493789364048180E-014
          20          12   1.9423997440808664E-013
          20          13   1.4287601478214114E-013
          20          14 -0.17257388638494975     
          20          15   1.6865707300517980E-013
          20          16  -7.5371529114836976E-015
          20          17  -1.9793932938767914E-013
          20          18   1.4135056586376531     
          20          19   8.8532292896155978E-014
          20          20   4.5708549129225338     
          20          21  -1.4801814981982644E-013
          20          22   1.7324691302331521E-013
          20          23   1.4135056586377202     
          20          24  0.39784296398484476     
          20          25  -4.2027581242424856E-014
          20          26 -0.30700209039085458     
          20          27  -7.7949568740430665E-015
          20          28  -1.3069000563229036E-014
          20          29  0.39784296398506080     
          21           1   4.2856543587421068E-014
          21           2  -1.4190907262677916E-013
          21           3   1.3310528000293450E-012
          21           4   5.1925717077348570E-014
          21           5   1.2709930708081830E-013
          21           6   7.7959054103129525E-014
          21           7  -5.0504792574065741E-013
          21           8   4.6775323235041271E-014
          21           9  -7.2750441233883357E-014
          21          10  -4.4920500674485187E-013
          21          11  -1.5617697360507593E-012
          21          12  -2.4125262421125492E-013
          21          13  -2.2693502756999977E-013
          21          14  -4.5414235218897326E-013
          21          15   1.9174167516333738E-012
          21          16   1.3531014215644959E-013
          21          17   1.2480191772418076E-013
          21          18  -1.3809639889881937E-013
          21          19  -5.4958208137481196E-016
          21          20  -1.4801814981982644E-013
          21          21   2.1048995028564343     
          21          22   3.6454346485959950E-014
          21          23  -7.4250660307242712E-014
          21          24  -1.6927177586525089E-014
          21          25   2.7752106169181433E-014
          21          26   2.2498001113899974E-013
          21          27 -0.46989670291717589     
          21          28  -9.4549368334803964E-014
          21          29   1.1299276874322843E-013
          22           1  -6.7807845085435952E-014
          22           2   1.1426514977629203E-013
          22           3  -9.1111180179028620E-013
          22           4   1.2732392066604125E-013
          22           5  -8.1925695792185596E-013
          22           6  -4.6691046518231766E-013
          22           7   3.5741937127362419E-013
          22           8  -1.2226125413400547E-013
          22           9   4.9943571383111585E-013
          22          10   4.4170747409795596E-013
          22          11   9.6504679674888291E-013
          22          12   8.4366309070082049E-014
          22          13   9.1102948720086790E-013
          22          14   4.5922264822902827E-013
          22          15  -1.2761685208924535E-012
          22          16   9.3943146292114603E-014
          22          17  -8.5222252492571936E-013
          22          18   1.8232125152634247E-013
          22          19   3.0899761790370965E-017
          22          20   1.7324691302331521E-013
          22          21   3.6454346485959950E-014
          22          22   2.1048995028564077     
          22          23   8.6191428132113027E-014
          22          24  -5.5721771166647022E-014
          22          25  -3.2489635981123750E-014
          22          26  -3.1786624396167659E-013
          22          27  -3.2401165084453099E-014
          22          28 -0.46989670291710650     
          22          29  -2.5102555949856884E-013
          23           1 -0.96316802513857080     
          23           2   2.7866604787440625     
          23           3  -1.7195119991412662E-014
          23           4   4.7625155878391370E-014
          23           5   1.5090924381465605E-013
          23           6  -7.0170640450265260     
          23           7  -3.1879724228866957E-013
          23           8  -3.4491553736325797E-013
          23           9  -3.2354954641862436E-013
          23          10   8.8428589780039840E-002
          23          11   1.6471541827197040E-013
          23          12   2.2924861639988771E-013
          23          13  -4.9980572425124402E-014
          23          14 -0.17257388638492166     
          23          15  -1.8763891841984743E-013
          23          16   4.6849090282276265E-014
          23          17   1.3233246810446375E-013
          23          18   1.4135056586375714     
          23          19   5.8065713794135855E-014
          23          20   1.4135056586377202     
          23          21  -7.4250660307242712E-014
          23          22   8.6191428132113027E-014
          23          23   4.5708549129223197     
          23          24  0.39784296398482327     
          23          25   4.5654694476484849E-014
          23          26  0.39784296398499863     
          23          27  -2.8607084936382570E-014
          23          28   4.8879221596535112E-014
          23          29 -0.30700209039072096     
          24           1  -6.4698844274864664E-002
          24           2  0.17973371636331334     
          24           3   1.1461111596746380E-013
          24           4  -7.8867778169800068E-014
          24           5   1.7508867805160231E-014
          24           6 -0.49345349870849886     
          24           7  -1.7583952877724003E-013
          24           8   7.9869206493828235E-015
          24           9   1.6682738005148785E-013
          24          10 -0.22786031598371903     
          24          11   2.8880715891648444E-013
          24          12   3.9760379041705587E-014
          24          13   8.0947297873607600E-014
          24          14   2.3678139888023794E-002
          24          15   1.8675525382944079E-013
          24          16   6.2190208789346857E-013
          24          17  -8.1665726063604119E-014
          24          18 -0.30700209039104720     
          24          19   4.8587509554727864E-014
          24          20  0.39784296398484476     
          24          21  -1.6927177586525089E-014
          24          22  -5.5721771166647022E-014
          24          23  0.39784296398482327     
          24          24   2.1358875831761570     
          24          25  -1.9732102748473494E-015
          24          26  -1.0214616711090594     
          24          27  -3.6744862302423824E-015
          24          28   1.4529615522814412E-014
          24          29  -1.0214616711089735     
          25           1   1.8695228333325637E-014
          25           2  -1.9595409481421653E-014
          25           3   2.9478732404406287E-013
          25           4  -1.0865806257091388E-013
          25           5   4.9538160488949093E-013
          25           6   1.1374607182855848E-013
          25           7  -5.2600049590514738E-014
          25           8  -1.8646350273300023E-014
          25           9  -2.7897773129349584E-013
          25          10  -6.8882608753207159E-014
          25          11  -6.9355066598668269E-013
          25          12   2.6911485281764094E-013
          25          13  -3.7966010323824688E-013
          25          14   3.2011916159922957E-013
          25          15   1.1950219708522155E-012
          25          16  -3.9476608789430500E-013
          25          17   2.0991512008581100E-013
          25          18  -7.2850147962024601E-014
          25          19 -0.46989670291721952     
          25          20  -4.2027581242424856E-014
          25          21   2.7752106169181433E-014
          25          22  -3.2489635981123750E-014
          25          23   4.5654694476484849E-014
          25          24  -1.9732102748473494E-015
          25          25   2.1048995028564654     
          25          26   3.7907476409342132E-016
          25          27   1.0009354438613015E-015
          25          28  -6.0368377125350007E-016
          25          29   1.8777823003350391E-014
          26           1  -6.4698844274938161E-002
          26           2  0.17973371636346358     
          26           3   2.6343701346996386E-014
          26           4  -1.4423251347709250E-013
          26           5   6.5343874535268276E-014
          26           6 -0.49345349870926669     
          26           7  -1.6006335434597606E-014
          26           8   1.6605205830794674E-013
          26           9   1.3443069339959499E-013
          26          10 -0.22786031598242301     
          26          11  -3.9211007366467712E-015
          26          12  -2.8199177993032710E-013
          26          13  -2.3232036612582527E-013
          26          14   2.3678139886952471E-002
          26          15  -6.8624134494606528E-013
          26          16  -2.2220694415695940E-013
          26          17   7.0333479324071133E-013
          26          18  0.39784296398490049     
          26          19  -2.4950888040434071E-014
          26          20 -0.30700209039085458     
          26          21   2.2498001113899974E-013
          26          22  -3.1786624396167659E-013
          26          23  0.39784296398499863     
          26          24  -1.0214616711090594     
          26          25   3.7907476409342132E-016
          26          26   2.1358875831751192     
          26          27  -1.9460469863551768E-014
          26          28   4.1008434657640424E-014
          26          29  -1.0214616711094824     
          27           1  -3.0021411218326109E-014
          27           2   2.3657489221149381E-014
          27           3  -1.3508578341110222E-012
          27           4  -1.2959639595431856E-013
          27           5  -1.1209359828853942E-013
          27           6   1.4974686474923520E-013
          27           7   4.8292417470964639E-013
          27           8   1.7334905450143800E-013
          27           9   4.4224649861055066E-014
          27          10   3.7741137875771581E-014
          27          11   1.6937655317721246E-012
          27          12  -2.1603297136388936E-013
          27          13   1.6318388706937478E-013
          27          14   2.0720376247979296E-013
          27          15  -2.1684471360599970E-012
          27          16   4.4421536204563919E-013
          27          17  -2.2726388180726477E-013
          27          18   5.0987882832365349E-014
          27          19  -1.9973172421028008E-014
          27          20  -7.7949568740430665E-015
          27          21 -0.46989670291717589     
          27          22  -3.2401165084453099E-014
          27          23  -2.8607084936382570E-014
          27          24  -3.6744862302423824E-015
          27          25   1.0009354438613015E-015
          27          26  -1.9460469863551768E-014
          27          27   2.1048995028564779     
          27          28  -7.7646222778994850E-015
          27          29  -4.6635021535872781E-014
          28           1   3.7587027933908980E-014
