           1           1   2.2784645527746261     
           1           2 -0.81566933407639808     
           1           3   2.1505211021142117E-013
           1           4  -8.5607748905691107E-015
           1           5  -4.1083663301345664E-014
           1           6  0.14797638001643132     
           1           7   1.3601002238511377E-013
           1           8   1.3904976456152817E-014
           1           9   3.6631831429335076E-014
           2           1 -0.81566933407639808     
           2           2   2.3922580317436060     
           2           3   2.1003521495908068E-013
           2           4   5.9957042415890379E-014
           2           5   4.0376765574199650E-014
           2           6 -0.51184571927183509     
           2           7   3.3800048451769093E-013
           2           8   3.3551663616777061E-014
           2           9  -5.2566597021667154E-014
           3           1   2.1505211021142117E-013
           3           2   2.1003521495908068E-013
           3           3   2.0515533559389687     
           3           4  -2.4767939848463438E-002
           3           5  -1.8316183824686916E-002
           3           6   7.7267867477689042E-015
           3           7 -0.26056088427339263     
           3           8   9.1151082135611697E-002
           3           9   6.7407300966267236E-002
           4           1  -8.5607748905691107E-015
           4           2   5.9957042415890379E-014
           4           3  -2.4767939848463438E-002
           4           4   2.1046152922994246     
           4           5  -7.2207807001990277E-003
           4           6   2.0463561925004345E-014
           4           7   9.1151082141478310E-002
           4           8 -0.45583965768137502     
           4           9   2.6573949191649709E-002
           5           1  -4.1083663301345664E-014
           5           2   4.0376765574199650E-014
           5           3  -1.8316183824686916E-002
           5           4  -7.2207807001990277E-003
           5           5   2.1090396932545019     
           5           6  -4.5171705988877813E-014
           5           7   6.7407300967915321E-002
           5           8   2.6573949190492989E-002
           5           9 -0.47212235773869815     
           6           1  0.14797638001643132     
           6           2 -0.51184571927183509     
           6           3   7.7267867477689042E-015
           6           4   2.0463561925004345E-014
           6           5  -4.5171705988877813E-014
           6           6   2.1098663426886608     
           6           7  -1.2746871903192945E-013
           6           8  -3.6448176045188981E-014
           6           9   2.3529912126589294E-014
           7           1   1.3601002238511377E-013
           7           2   3.3800048451769093E-013
           7           3 -0.26056088427339263     
           7           4   9.1151082141478310E-002
           7           5   6.7407300967915321E-002
           7           6  -1.2746871903192945E-013
           7           7   1.2634676188316336     
           7           8 -0.33545461675435478     
           7           9 -0.24807264798710599     
           8           1   1.3904976456152817E-014
           8           2   3.3551663616777061E-014
           8           3   9.1151082135611697E-002
           8           4 -0.45583965768137502     
           8           5   2.6573949190492989E-002
           8           6  -3.6448176045188981E-014
           8           7 -0.33545461675435478     
           8           8   1.9821334268602029     
           8           9  -9.7797565670697764E-002
           9           1   3.6631831429335076E-014
           9           2  -5.2566597021667154E-014
           9           3   6.7407300966267236E-002
           9           4   2.6573949191649709E-002
           9           5 -0.47212235773869815     
           9           6   2.3529912126589294E-014
           9           7 -0.24807264798710599     
           9           8  -9.7797565670697764E-002
           9           9   2.0420570918207357     
