           1           1   2.3936947043756294     
           1           2  -1.0383117355440605     
           1           3  -2.3198651531925010E-013
           1           4  -4.2329846894244802E-016
           1           5   2.1458094124737111E-013
           1           6  0.50555605835075346     
           1           7   2.2285052583682728E-014
           1           8  -9.3697735249887448E-014
           1           9  -5.4473655528293558E-014
           1          10  -2.3979684345867770E-002
           1          11   1.7616308690435062E-015
           1          12   1.1866682066785618E-014
           1          13  -1.1556780562659306E-014
           1          14  -9.5650695969315552E-002
           1          15  -1.6643989269665588E-014
           1          16  -9.5650695969292224E-002
           1          17   3.3530362187781751E-014
           1          18   1.1837959670575163E-014
           1          19  -9.5650695969255642E-002
           2           1  -1.0383117355440605     
           2           2   2.7756996124171316     
           2           3   5.7059023097138354E-013
           2           4  -2.1774475623137142E-014
           2           5  -5.2889082429129469E-013
           2           6  -2.0429195484070215     
           2           7  -5.5226721200345810E-014
           2           8   2.9270384138002511E-013
           2           9   1.7417492925215987E-013
           2          10  0.12892282409572747     
           2          11  -3.2830752763810451E-015
           2          12  -3.5315667167957441E-014
           2          13   3.1020230993218225E-014
           2          14  0.46904641442111861     
           2          15   4.7023899004812553E-014
           2          16  0.46904641442102896     
           2          17  -1.0374965373705032E-013
           2          18  -3.5025916623794664E-014
           2          19  0.46904641442093131     
           3           1  -2.3198651531925010E-013
           3           2   5.7059023097138354E-013
           3           3   2.2504828049091583     
           3           4   8.5677992478494376E-015
           3           5   4.7683211545907377E-016
           3           6   5.8398709072598978E-014
           3           7 -0.74963612727773787     
           3           8  -1.3471862514435840E-014
           3           9   2.8189256484625040E-015
           3          10   2.1495155611901263E-015
           3          11  -3.1897571532623174E-003
           3          12  -9.3458227268259160E-017
           3          13   1.5526046160536586E-015
           3          14  -1.5577793090398778E-015
           3          15   1.2646983576872740E-014
           3          16  -4.5062264629470432E-014
           3          17   1.4988762571608146E-015
           3          18   2.1043179181608464E-015
           3          19  -3.4990905096782428E-014
           4           1  -4.2329846894244802E-016
           4           2  -2.1774475623137142E-014
           4           3   8.5677992478494376E-015
           4           4   2.2504828049091623     
           4           5  -4.1568311293091952E-016
           4           6   4.2932223907190934E-013
           4           7  -1.3704315460216743E-014
           4           8 -0.74963612727774809     
           4           9  -1.0272165062996726E-014
           4          10   1.3095454641755534E-014
           4          11   1.2035728316762492E-015
           4          12  -3.1897571532396134E-003
           4          13   5.1574311499011396E-015
           4          14  -1.0658517057144988E-013
           4          15  -4.9750105638218262E-015
           4          16  -9.5515540743115191E-014
           4          17  -6.6380752741165334E-015
           4          18   1.6103452522639739E-015
           4          19  -8.9303178244386121E-014
           5           1   2.1458094124737111E-013
           5           2  -5.2889082429129469E-013
           5           3   4.7683211545907377E-016
           5           4  -4.1568311293091952E-016
           5           5   2.2504828049091676     
           5           6   6.1724663199133674E-014
           5           7  -1.1128251098391019E-014
           5           8   1.6115364251389952E-014
           5           9 -0.74963612727776030     
           5          10   3.0118185070769299E-015
           5          11   8.6821012618838986E-015
           5          12  -7.5084727389589054E-015
           5          13  -3.1897571532370043E-003
           5          14   5.3735962237400435E-015
           5          15  -4.3821138545462044E-015
           5          16   1.3128950590566575E-014
           5          17  -3.6736517665230101E-015
           5          18   1.1076398635973039E-014
           5          19   5.5772781791495181E-015
           6           1  0.50555605835075346     
           6           2  -2.0429195484070215     
           6           3   5.8398709072598978E-014
           6           4   4.2932223907190934E-013
           6           5   6.1724663199133674E-014
           6           6   13.761076849713833     
           6           7   3.7110268737990365E-014
           6           8  -1.0425972302910663E-012
           6           9  -5.3465759602848302E-013
           6          10  -1.7213861062103253     
           6          11  -6.3059927583645423E-014
           6          12   1.4145189500808946E-013
           6          13  -9.7599339841703802E-014
           6          14  -4.0830759547738964     
           6          15  -1.5568628884798478E-013
           6          16  -4.0830759547733564     
           6          17   2.9644025472015712E-013
           6          18   1.5347662414633011E-013
           6          19  -4.0830759547733644     
           7           1   2.2285052583682728E-014
           7           2  -5.5226721200345810E-014
           7           3 -0.74963612727773787     
           7           4  -1.3704315460216743E-014
           7           5  -1.1128251098391019E-014
           7           6   3.7110268737990365E-014
           7           7   2.2430246037115964     
           7           8   8.7846396823464170E-015
           7           9   2.0188711813417327E-014
           7          10  -4.9164327951886628E-015
           7          11   1.6017916536298964E-002
           7          12   1.6349768761081448E-014
           7          13  -2.7001919580480363E-014
           7          14  -5.5915349229492538E-014
           7          15  -3.8596898665121519E-014
           7          16   7.4159103969122085E-014
           7          17   7.0485764440231517E-015
           7          18  -2.2276633833990048E-014
           7          19   2.2774514168149932E-014
           8           1  -9.3697735249887448E-014
           8           2   2.9270384138002511E-013
           8           3  -1.3471862514435840E-014
           8           4 -0.74963612727774809     
           8           5   1.6115364251389952E-014
           8           6  -1.0425972302910663E-012
           8           7   8.7846396823464170E-015
           8           8   2.2430246037116151     
           8           9  -1.1573641350848015E-014
           8          10  -2.0700621739639501E-014
           8          11  -2.2464235333030998E-014
           8          12   1.6017916536217734E-002
           8          13   1.2035226873256056E-014
           8          14   1.9456614835927493E-013
           8          15   1.7330987415826408E-014
           8          16   1.6931338660876880E-013
           8          17   6.7824496528049193E-015
           8          18   1.1015041765792399E-014
           8          19   1.9388356920276435E-013
           9           1  -5.4473655528293558E-014
           9           2   1.7417492925215987E-013
           9           3   2.8189256484625040E-015
           9           4  -1.0272165062996726E-014
           9           5 -0.74963612727776030     
           9           6  -5.3465759602848302E-013
           9           7   2.0188711813417327E-014
           9           8  -1.1573641350848015E-014
           9           9   2.2430246037116075     
           9          10  -2.1765323747508508E-014
           9          11  -2.8596970711586901E-014
           9          12   1.4304353600051429E-015
           9          13   1.6017916536237194E-002
           9          14   5.9925713396555529E-014
           9          15   1.7396954897422614E-014
           9          16   4.7487203367673799E-014
           9          17  -4.9225252035769841E-015
           9          18  -1.8052091510651269E-015
           9          19   8.4398654432873160E-014
          10           1  -2.3979684345867770E-002
          10           2  0.12892282409572747     
          10           3   2.1495155611901263E-015
          10           4   1.3095454641755534E-014
          10           5   3.0118185070769299E-015
          10           6  -1.7213861062103253     
          10           7  -4.9164327951886628E-015
          10           8  -2.0700621739639501E-014
          10           9  -2.1765323747508508E-014
          10          10  0.73590403700954454     
          10          11  -7.1752440628194065E-016
          10          12   2.7538357033596266E-015
          10          13  -2.2018267404490026E-015
          10          14  0.76851724495282536     
          10          15   2.0617617798814675E-014
          10          16  0.76851724495284268     
          10          17   1.0478495587669319E-014
          10          18  -1.9467373528006324E-014
          10          19  0.76851724495283535     
          11           1   1.7616308690435062E-015
          11           2  -3.2830752763810451E-015
          11           3  -3.1897571532623174E-003
          11           4   1.2035728316762492E-015
          11           5   8.6821012618838986E-015
          11           6  -6.3059927583645423E-014
          11           7   1.6017916536298964E-002
          11           8  -2.2464235333030998E-014
          11           9  -2.8596970711586901E-014
          11          10  -7.1752440628194065E-016
          11          11   1.2248779019025410E-003
          11          12  -1.6737371037783727E-017
          11          13  -1.7166541456297376E-015
          11          14   1.5729037516072132E-014
          11          15  -3.5318196562200207E-015
          11          16   1.3485373937836067E-014
          11          17  -1.5690591128720972E-014
          11          18   6.5399577372783276E-015
          11          19   8.8197145977466518E-015
          12           1   1.1866682066785618E-014
          12           2  -3.5315667167957441E-014
          12           3  -9.3458227268259160E-017
          12           4  -3.1897571532396134E-003
          12           5  -7.5084727389589054E-015
          12           6   1.4145189500808946E-013
          12           7   1.6349768761081448E-014
          12           8   1.6017916536217734E-002
          12           9   1.4304353600051429E-015
          12          10   2.7538357033596266E-015
          12          11  -1.6737371037783727E-017
          12          12   1.2248779018972839E-003
          12          13   4.3379055976066778E-016
          12          14  -2.6758855777987024E-014
          12          15   2.6423768307662087E-015
          12          16  -2.1484772768156367E-014
          12          17  -7.5070105091546278E-015
          12          18  -4.5196157373550802E-015
          12          19  -2.5212870397447064E-014
          13           1  -1.1556780562659306E-014
          13           2   3.1020230993218225E-014
          13           3   1.5526046160536586E-015
          13           4   5.1574311499011396E-015
          13           5  -3.1897571532370043E-003
          13           6  -9.7599339841703802E-014
          13           7  -2.7001919580480363E-014
          13           8   1.2035226873256056E-014
          13           9   1.6017916536237194E-002
          13          10  -2.2018267404490026E-015
          13          11  -1.7166541456297376E-015
          13          12   4.3379055976066778E-016
          13          13   1.2248779018985438E-003
          13          14   1.5701774296069208E-014
          13          15  -7.1653679577200014E-015
          13          16   1.6692874842972721E-014
          13          17   2.3100368829224580E-014
          13          18   1.4278507843800376E-014
          13          19   1.8984911095583323E-014
          14           1  -9.5650695969315552E-002
          14           2  0.46904641442111861     
          14           3  -1.5577793090398778E-015
          14           4  -1.0658517057144988E-013
          14           5   5.3735962237400435E-015
          14           6  -4.0830759547738964     
          14           7  -5.5915349229492538E-014
          14           8   1.9456614835927493E-013
          14           9   5.9925713396555529E-014
          14          10  0.76851724495282536     
          14          11   1.5729037516072132E-014
          14          12  -2.6758855777987024E-014
          14          13   1.5701774296069208E-014
          14          14   2.3513275907873421     
          14          15   3.6634546136872043E-014
          14          16  0.85132759078724218     
          14          17  -3.7669957601845165E-014
          14          18  -5.9866135268156348E-014
          14          19  0.85132759078729292     
          15           1  -1.6643989269665588E-014
          15           2   4.7023899004812553E-014
          15           3   1.2646983576872740E-014
          15           4  -4.9750105638218262E-015
          15           5  -4.3821138545462044E-015
          15           6  -1.5568628884798478E-013
          15           7  -3.8596898665121519E-014
          15           8   1.7330987415826408E-014
          15           9   1.7396954897422614E-014
          15          10   2.0617617798814675E-014
          15          11  -3.5318196562200207E-015
          15          12   2.6423768307662087E-015
          15          13  -7.1653679577200014E-015
          15          14   3.6634546136872043E-014
          15          15   2.0000000000000013     
          15          16   4.4113779625406031E-014
          15          17   2.4286128663048605E-017
          15          18   8.1185058675820970E-016
          15          19   3.0487796682457621E-014
          16           1  -9.5650695969292224E-002
          16           2  0.46904641442102896     
          16           3  -4.5062264629470432E-014
          16           4  -9.5515540743115191E-014
          16           5   1.3128950590566575E-014
          16           6  -4.0830759547733564     
          16           7   7.4159103969122085E-014
          16           8   1.6931338660876880E-013
          16           9   4.7487203367673799E-014
          16          10  0.76851724495284268     
          16          11   1.3485373937836067E-014
          16          12  -2.1484772768156367E-014
          16          13   1.6692874842972721E-014
          16          14  0.85132759078724218     
          16          15   4.4113779625406031E-014
          16          16   2.3513275907871378     
          16          17  -4.9719660760672545E-014
          16          18   1.2453193357954852E-014
          16          19  0.85132759078719145     
          17           1   3.3530362187781751E-014
          17           2  -1.0374965373705032E-013
          17           3   1.4988762571608146E-015
          17           4  -6.6380752741165334E-015
          17           5  -3.6736517665230101E-015
          17           6   2.9644025472015712E-013
          17           7   7.0485764440231517E-015
          17           8   6.7824496528049193E-015
          17           9  -4.9225252035769841E-015
          17          10   1.0478495587669319E-014
          17          11  -1.5690591128720972E-014
          17          12  -7.5070105091546278E-015
          17          13   2.3100368829224580E-014
          17          14  -3.7669957601845165E-014
          17          15   2.4286128663048605E-017
          17          16  -4.9719660760672545E-014
          17          17   2.0000000000000018     
          17          18  -1.5959455978993648E-015
          17          19  -3.2554704601972180E-014
          18           1   1.1837959670575163E-014
          18           2  -3.5025916623794664E-014
          18           3   2.1043179181608464E-015
          18           4   1.6103452522639739E-015
          18           5   1.1076398635973039E-014
          18           6   1.5347662414633011E-013
          18           7  -2.2276633833990048E-014
          18           8   1.1015041765792399E-014
          18           9  -1.8052091510651269E-015
          18          10  -1.9467373528006324E-014
          18          11   6.5399577372783276E-015
          18          12  -4.5196157373550802E-015
          18          13   1.4278507843800376E-014
          18          14  -5.9866135268156348E-014
          18          15   8.1185058675820970E-016
          18          16   1.2453193357954852E-014
          18          17  -1.5959455978993648E-015
          18          18   2.0000000000000044     
          18          19  -3.2465280531682194E-014
          19           1  -9.5650695969255642E-002
          19           2  0.46904641442093131     
          19           3  -3.4990905096782428E-014
          19           4  -8.9303178244386121E-014
          19           5   5.5772781791495181E-015
          19           6  -4.0830759547733644     
          19           7   2.2774514168149932E-014
          19           8   1.9388356920276435E-013
          19           9   8.4398654432873160E-014
          19          10  0.76851724495283535     
          19          11   8.8197145977466518E-015
          19          12  -2.5212870397447064E-014
          19          13   1.8984911095583323E-014
          19          14  0.85132759078729292     
          19          15   3.0487796682457621E-014
          19          16  0.85132759078719145     
          19          17  -3.2554704601972180E-014
          19          18  -3.2465280531682194E-014
          19          19   2.3513275907872435     
