           1           1   2.3588544473522539     
           1           2 -0.95880849461367634     
           1           3   2.8244371061788535E-010
           1           4  -2.7319446413571823E-011
           1           5   3.1100999197598471E-010
           1           6  0.16673672166200271     
           1           7   1.2842345614476612E-011
           1           8   1.7808610987406092E-012
           1           9   1.2983157894779480E-011
           1          10  -5.8358821973313213E-002
           1          11  -3.5853677985716316E-012
           1          12  -1.8867534214478576E-012
           1          13  -3.0657954542600237E-012
           1          14   5.3061809408438375E-002
           1          15   2.0049839739431515E-003
           1          16   5.3398666067943711E-002
           1          17   2.1798229897321379E-003
           1          18  -1.9741313688177685E-003
           1          19   5.3121280357671836E-002
           2           1 -0.95880849461367634     
           2           2   2.5802736321979372     
           2           3  -6.9464380983594983E-010
           2           4   6.4935725569445562E-011
           2           5  -7.6406072162295033E-010
           2           6 -0.72188150459479861     
           2           7  -3.5745609200372068E-011
           2           8  -1.4216138152801175E-012
           2           9  -3.7266222305499250E-011
           2          10  0.15394327911087780     
           2          11   8.8562758284493693E-012
           2          12   3.0590274631079611E-012
           2          13   7.8709995195210614E-012
           2          14  -8.6223438866556437E-002
           2          15  -6.9181594047420351E-003
           2          16  -8.7386878477938967E-002
           2          17  -7.5214906611347091E-003
           2          18   6.8117044695045429E-003
           2          19  -8.6428520249269045E-002
           3           1   2.8244371061788535E-010
           3           2  -6.9464380983594983E-010
           3           3   2.2334354254788904     
           3           4   6.0494162502250318E-003
           3           5   6.5757456109235852E-003
           3           6   1.2261943592399536E-010
           3           7 -0.72786433385482963     
           3           8  -2.0808645832831513E-002
           3           9  -2.2619361045808896E-002
           3          10   9.1137744606619841E-011
           3          11   3.9794321751253428E-002
           3          12   4.7315311195487250E-002
           3          13   5.1432747989157222E-002
           3          14  -3.4553341874883694E-011
           3          15   3.3326238664483918E-012
           3          16  -3.5460714948919993E-011
           3          17   2.6097259790078460E-011
           3          18   6.3863436993934821E-012
           3          19  -7.5454434015887809E-011
           4           1  -2.7319446413571823E-011
           4           2   6.4935725569445562E-011
           4           3   6.0494162502250318E-003
           4           4   2.2346347157067719     
           4           5  -5.9560265227494406E-003
           4           6  -8.7653819056280002E-012
           4           7  -2.0808650529225328E-002
           4           8 -0.73198924790261610     
           4           9   2.0487861995637409E-002
           4          10   3.1457411904342877E-012
           4          11   4.7315528875689773E-002
           4          12   4.9174626201195934E-002
           4          13  -4.6586113027634761E-002
           4          14  -1.3797386562355508E-011
           4          15  -1.3568754572447500E-011
           4          16   6.6915966776249260E-012
           4          17  -7.1016378461069815E-012
           4          18  -1.9011624934544134E-011
           4          19   1.2446456404056559E-011
           5           1   3.1100999197598471E-010
           5           2  -7.6406072162295033E-010
           5           3   6.5757456109235852E-003
           5           4  -5.9560265227494406E-003
           5           5   2.2336400773465495     
           5           6   1.3146318440939255E-010
           5           7  -2.2619360656651027E-002
           5           8   2.0487856751096163E-002
           5           9 -0.72856729614036220     
           5          10   9.0590982884174500E-011
           5          11   5.1432722754281235E-002
           5          12  -4.6585875890573988E-002
           5          13   4.1392659397694709E-002
           5          14  -1.1377610391790782E-011
           5          15   1.7661540106440348E-011
           5          16  -4.2123838794328635E-011
           5          17   3.2427145049483571E-011
           5          18   2.4520848162361936E-011
           5          19  -9.8776354347005804E-011
           6           1  0.16673672166200271     
           6           2 -0.72188150459479861     
           6           3   1.2261943592399536E-010
           6           4  -8.7653819056280002E-012
           6           5   1.3146318440939255E-010
           6           6   3.6175696235224968     
           6           7   9.8511348744631264E-011
           6           8   7.7132108111835652E-013
           6           9   1.0189455308482919E-010
           6          10 -0.17740673279438013     
           6          11  -1.9815727096319891E-012
           6          12  -1.0380993240002138E-011
           6          13   5.9972953582989719E-012
           6          14 -0.35511322476710128     
           6          15   3.3318310741856400E-002
           6          16 -0.34948913653813918     
           6          17   3.6224953352653397E-002
           6          18  -3.2805641253887192E-002
           6          19 -0.35412781023197637     
           7           1   1.2842345614476612E-011
           7           2  -3.5745609200372068E-011
           7           3 -0.72786433385482963     
           7           4  -2.0808650529225328E-002
           7           5  -2.2619360656651027E-002
           7           6   9.8511348744631264E-011
           7           7   2.2755015691968432     
           7           8   7.1576033184245630E-002
           7           9   7.7804377428530774E-002
           7          10   1.2915501509512831E-011
           7          11 -0.19899815489662381     
           7          12 -0.16272497336158392     
           7          13 -0.17688546732436031     
           7          14   2.2549686872320151E-011
           7          15   1.2808424644717892E-012
           7          16  -1.5396726192291173E-010
           7          17   9.4819799873561362E-011
           7          18   1.9323886875965891E-012
           7          19  -1.2689203488552059E-012
           8           1   1.7808610987406092E-012
           8           2  -1.4216138152801175E-012
           8           3  -2.0808645832831513E-002
           8           4 -0.73198924790261610     
           8           5   2.0487856751096163E-002
           8           6   7.7132108111835652E-013
           8           7   7.1576033184245630E-002
           8           8   2.2896903881422079     
           8           9  -7.0472593973594649E-002
           8          10  -3.4041427673307146E-012
           8          11 -0.16272568599541509     
           8          12 -0.23125911239210181     
           8          13  0.16021710064066425     
           8          14   7.1938441720008789E-011
           8          15   3.6333112422171212E-011
           8          16  -3.2935400035715448E-011
           8          17   1.4860728280617350E-011
           8          18   8.4760283115864793E-011
           8          19  -3.6405497608612914E-011
           9           1   1.2983157894779480E-011
           9           2  -3.7266222305499250E-011
           9           3  -2.2619361045808896E-002
           9           4   2.0487861995637409E-002
           9           5 -0.72856729614036220     
           9           6   1.0189455308482919E-010
           9           7   7.7804377428530774E-002
           9           8  -7.0472593973594649E-002
           9           9   2.2779195699548946     
           9          10   1.4498633798684629E-011
           9          11 -0.17688538485389876     
           9          12  0.16021632429128752     
           9          13 -0.20449503728377133     
           9          14  -8.9124024137327719E-011
           9          15  -4.0850663409856375E-011
           9          16  -1.2741328859867240E-010
           9          17   8.6706332708537896E-011
           9          18  -7.9353375378122229E-011
           9          19   7.7959747545666982E-011
          10           1  -5.8358821973313213E-002
          10           2  0.15394327911087780     
          10           3   9.1137744606619841E-011
          10           4   3.1457411904342877E-012
          10           5   9.0590982884174500E-011
          10           6 -0.17740673279438013     
          10           7   1.2915501509512831E-011
          10           8  -3.4041427673307146E-012
          10           9   1.4498633798684629E-011
          10          10   1.1811470537230904     
          10          11   3.7769275953865714E-012
          10          12  -1.4656953213387587E-012
          10          13   7.8573809362565487E-012
          10          14  -5.4182973763473009E-002
          10          15  -1.9192523168982518E-002
          10          16  -5.7412811224159560E-002
          10          17  -2.0867985571571199E-002
          10          18   1.8897341046094113E-002
          10          19  -5.4751709684187778E-002
          11           1  -3.5853677985716316E-012
          11           2   8.8562758284493693E-012
          11           3   3.9794321751253428E-002
          11           4   4.7315528875689773E-002
          11           5   5.1432722754281235E-002
          11           6  -1.9815727096319891E-012
          11           7 -0.19899815489662381     
          11           8 -0.16272568599541509     
          11           9 -0.17688538485389876     
          11          10   3.7769275953865714E-012
          11          11  0.73756915567592951     
          11          12  0.36959189408642423     
          11          13  0.40175356873567536     
          11          14  -6.5658484314188542E-011
          11          15   4.2494858080034461E-012
          11          16   1.7974770475380868E-010
          11          17  -1.8578945720584361E-010
          11          18   6.2697293845456863E-012
          11          19  -1.2933820227175416E-010
          12           1  -1.8867534214478576E-012
          12           2   3.0590274631079611E-012
          12           3   4.7315311195487250E-002
          12           4   4.9174626201195934E-002
          12           5  -4.6585875890573988E-002
          12           6  -1.0380993240002138E-011
          12           7 -0.16272497336158392     
          12           8 -0.23125911239210181     
          12           9  0.16021632429128752     
          12          10  -1.4656953213387587E-012
          12          11  0.36959189408642423     
          12          12  0.81085024204581169     
          12          13 -0.36389417841377497     
          12          14  -1.2676324558566139E-010
          12          15  -7.6233278471370006E-011
          12          16   7.2764941873490389E-011
          12          17  -3.1947638658821618E-011
          12          18  -1.7081677833739257E-010
          12          19   6.7096206680140005E-011
          13           1  -3.0657954542600237E-012
          13           2   7.8709995195210614E-012
          13           3   5.1432747989157222E-002
          13           4  -4.6586113027634761E-002
          13           5   4.1392659397694709E-002
          13           6   5.9972953582989719E-012
          13           7 -0.17688546732436031     
          13           8  0.16021710064066425     
          13           9 -0.20449503728377133     
          13          10   7.8573809362565487E-012
          13          11  0.40175356873567536     
          13          12 -0.36389417841377497     
          13          13  0.75005315373125936     
          13          14   4.9752057414107069E-011
          13          15   7.6164490940287201E-011
          13          16   1.1364757580935383E-010
          13          17  -1.7147804291027437E-010
          13          18   1.5120521899029298E-010
          13          19  -1.9127586856487195E-010
          14           1   5.3061809408438375E-002
          14           2  -8.6223438866556437E-002
          14           3  -3.4553341874883694E-011
          14           4  -1.3797386562355508E-011
          14           5  -1.1377610391790782E-011
          14           6 -0.35511322476710128     
          14           7   2.2549686872320151E-011
          14           8   7.1938441720008789E-011
          14           9  -8.9124024137327719E-011
          14          10  -5.4182973763473009E-002
          14          11  -6.5658484314188542E-011
          14          12  -1.2676324558566139E-010
          14          13   4.9752057414107069E-011
          14          14   8.4012542901899481E-002
          14          15 -0.12174171058160833     
          14          16   3.8555374354664801E-002
          14          17  -8.2324745037572797E-002
          14          18 -0.11354847131483153     
          14          19   2.5563874696779832E-002
          15           1   2.0049839739431515E-003
          15           2  -6.9181594047420351E-003
          15           3   3.3326238664483918E-012
          15           4  -1.3568754572447500E-011
          15           5   1.7661540106440348E-011
          15           6   3.3318310741856400E-002
          15           7   1.2808424644717892E-012
          15           8   3.6333112422171212E-011
          15           9  -4.0850663409856375E-011
          15          10  -1.9192523168982518E-002
          15          11   4.2494858080034461E-012
          15          12  -7.6233278471370006E-011
          15          13   7.6164490940287201E-011
          15          14 -0.12174171058160833     
          15          15  0.97981584720391290     
          15          16  -2.3315624179396484E-002
          15          17  -1.3690076527319839E-003
          15          18  -1.7296474726619264E-002
          15          19  0.11184813194744397     
          16           1   5.3398666067943711E-002
          16           2  -8.7386878477938967E-002
          16           3  -3.5460714948919993E-011
          16           4   6.6915966776249260E-012
          16           5  -4.2123838794328635E-011
          16           6 -0.34948913653813918     
          16           7  -1.5396726192291173E-010
          16           8  -3.2935400035715448E-011
          16           9  -1.2741328859867240E-010
          16          10  -5.7412811224159560E-002
          16          11   1.7974770475380868E-010
          16          12   7.2764941873490389E-011
          16          13   1.1364757580935383E-010
          16          14   3.8555374354664801E-002
          16          15  -2.3315624179396484E-002
          16          16   6.1759254516877013E-002
          16          17  0.10903229962116334     
          16          18   2.9313038041135636E-002
          16          19   4.2186936575417423E-002
          17           1   2.1798229897321379E-003
          17           2  -7.5214906611347091E-003
          17           3   2.6097259790078460E-011
          17           4  -7.1016378461069815E-012
          17           5   3.2427145049483571E-011
          17           6   3.6224953352653397E-002
          17           7   9.4819799873561362E-011
          17           8   1.4860728280617350E-011
          17           9   8.6706332708537896E-011
          17          10  -2.0867985571571199E-002
          17          11  -1.8578945720584361E-010
          17          12  -3.1947638658821618E-011
          17          13  -1.7147804291027437E-010
          17          14  -8.2324745037572797E-002
          17          15  -1.3690076527319839E-003
          17          16  0.10903229962116334     
          17          17  0.98359280310405395     
          17          18  -2.6292951181209369E-003
          17          19  -6.2815023696455599E-002
          18           1  -1.9741313688177685E-003
          18           2   6.8117044695045429E-003
          18           3   6.3863436993934821E-012
          18           4  -1.9011624934544134E-011
          18           5   2.4520848162361936E-011
          18           6  -3.2805641253887192E-002
          18           7   1.9323886875965891E-012
          18           8   8.4760283115864793E-011
          18           9  -7.9353375378122229E-011
          18          10   1.8897341046094113E-002
          18          11   6.2697293845456863E-012
          18          12  -1.7081677833739257E-010
          18          13   1.5120521899029298E-010
          18          14 -0.11354847131483153     
          18          15  -1.7296474726619264E-002
          18          16   2.9313038041135636E-002
          18          17  -2.6292951181209369E-003
          18          18  0.98015058713129566     
          18          19  0.11693367598482171     
          19           1   5.3121280357671836E-002
          19           2  -8.6428520249269045E-002
          19           3  -7.5454434015887809E-011
          19           4   1.2446456404056559E-011
          19           5  -9.8776354347005804E-011
          19           6 -0.35412781023197637     
          19           7  -1.2689203488552059E-012
          19           8  -3.6405497608612914E-011
          19           9   7.7959747545666982E-011
          19          10  -5.4751709684187778E-002
          19          11  -1.2933820227175416E-010
          19          12   6.7096206680140005E-011
          19          13  -1.9127586856487195E-010
          19          14   2.5563874696779832E-002
          19          15  0.11184813194744397     
          19          16   4.2186936575417423E-002
          19          17  -6.2815023696455599E-002
          19          18  0.11693367598482171     
          19          19   7.9401460116321321E-002
