           1           1   2.4009160658982553     
           1           2  -1.0275341574329873     
           1           3  -1.3074678826870207E-011
           1           4   7.7249180301819002E-012
           1           5   3.7194502167251861E-012
           1           6  0.10732049939807625     
           1           7   5.0758306207664047E-011
           1           8   2.3048151160783018E-011
           1           9  -2.0295175152503031E-011
           1          10  -2.6954787929833333E-002
           1          11   3.4654560766504174E-012
           1          12  -1.3576370895492420E-011
           1          13  -5.0377904733210935E-012
           1          14   7.8584616269166047E-002
           1          15   6.2581980406290131E-008
           1          16   7.8584744607307175E-002
           1          17  -2.0960715359689755E-008
           1          18  -1.0826338464153582E-007
           1          19   7.8584667053212903E-002
           2           1  -1.0275341574329873     
           2           2   2.6591254798918897     
           2           3  -8.7126045387603095E-012
           2           4  -2.9674417437508140E-011
           2           5   6.2247544086166760E-012
           2           6 -0.68537849637450066     
           2           7  -1.5899495386737794E-010
           2           8  -1.8594399575820532E-010
           2           9   3.4534588627396146E-011
           2          10   9.6639489188266620E-002
           2          11  -1.2124897426524156E-011
           2          12   1.1091360852888456E-010
           2          13   3.2928129573632877E-011
           2          14 -0.10230077244707864     
           2          15  -3.0084223933126342E-007
           2          16 -0.10230132841796161     
           2          17   1.2421826304746850E-007
           2          18   4.2026815587561250E-007
           2          19 -0.10230097250268827     
           3           1  -1.3074678826870207E-011
           3           2  -8.7126045387603095E-012
           3           3   2.2604716805219986     
           3           4   8.1792029952329070E-009
           3           5  -1.1458841679367478E-009
           3           6   1.1220061488787943E-009
           3           7 -0.77086912100917460     
           3           8  -2.5737406337230582E-008
           3           9   3.5083734658824834E-009
           3          10   4.7410485095642522E-011
           3          11   4.2345753246293028E-002
           3          12   6.4133659144637153E-008
           3          13  -8.9836423140456076E-009
           3          14  -5.7229309318443226E-010
           3          15  -6.6077010003355667E-010
           3          16  -6.6363060878480844E-010
           3          17   1.3559530600608420E-011
           3          18  -5.0267940746283600E-011
           3          19  -4.1377265914185923E-010
           4           1   7.7249180301819002E-012
           4           2  -2.9674417437508140E-011
           4           3   8.1792029952329070E-009
           4           4   2.2604716859835543     
           4           5  -3.2382723301896325E-009
           4           6   2.7212188759194083E-010
           4           7  -2.5729793860607355E-008
           4           8 -0.77086913805613655     
           4           9   1.0198421787617924E-008
           4          10   1.1717810780864995E-011
           4          11   6.4142260053667964E-008
           4          12   4.2345796025596030E-002
           4          13  -2.5377026126279961E-008
           4          14  -3.1818761966877552E-011
           4          15  -3.4233206667426835E-010
           4          16  -2.5068436936472093E-010
           4          17  -1.0791555450235099E-010
           4          18   4.3538989906880037E-011
           4          19  -7.7831707079327048E-011
           5           1   3.7194502167251861E-012
           5           2   6.2247544086166760E-012
           5           3  -1.1458841679367478E-009
           5           4  -3.2382723301896325E-009
           5           5   2.2604716791220905     
           5           6  -4.4073527786075577E-010
           5           7   3.5163637115003032E-009
           5           8   1.0201844012795309E-008
           5           9 -0.77086911653048773     
           5          10  -1.3561615164411564E-011
           5          11  -8.9709268342789150E-009
           5          12  -2.5418086532687374E-008
           5          13   4.2345742248932040E-002
           5          14   2.7753865547278667E-010
           5          15  -9.5279263262154462E-011
           5          16   2.6656584724061870E-010
           5          17   4.8398653840807767E-011
           5          18  -4.3354921144356413E-010
           5          19   1.2181930189229713E-010
           6           1  0.10732049939807625     
           6           2 -0.68537849637450066     
           6           3   1.1220061488787943E-009
           6           4   2.7212188759194083E-010
           6           5  -4.4073527786075577E-010
           6           6   5.3708017259117966     
           6           7   6.6799530741201001E-010
           6           8   3.3231481875125497E-009
           6           9   5.0380163907240279E-010
           6          10 -0.71660422344766106     
           6          11   7.8601545813329511E-011
           6          12  -1.9993126058914891E-009
           6          13  -5.2120788010789555E-010
           6          14 -0.90445800413703470     
           6          15   3.4925074790326876E-006
           6          16 -0.90445249898753821     
           6          17  -1.7967465412525008E-006
           6          18  -3.3348133113712693E-006
           6          19 -0.90445636650865724     
           7           1   5.0758306207664047E-011
           7           2  -1.5899495386737794E-010
           7           3 -0.77086912100917460     
           7           4  -2.5729793860607355E-008
           7           5   3.5163637115003032E-009
           7           6   6.6799530741201001E-010
           7           7   2.2824899246843016     
           7           8   8.0829614629982203E-008
           7           9  -1.0718356310160456E-008
           7          10   5.4805813982051276E-011
           7          11 -0.16024832557170435     
           7          12  -1.9349693818054670E-007
           7          13   2.5672684447222470E-008
           7          14   1.3800981555023382E-010
           7          15   1.8263775872727430E-009
           7          16   1.7743141114457020E-010
           7          17  -1.1000730238093728E-010
           7          18  -2.6683034210816991E-011
           7          19  -7.9040490918329763E-010
           8           1   2.3048151160783018E-011
           8           2  -1.8594399575820532E-010
           8           3  -2.5737406337230582E-008
           8           4 -0.77086913805613655     
           8           5   1.0201844012795309E-008
           8           6   3.3231481875125497E-009
           8           7   8.0829614629982203E-008
           8           8   2.2824899777759002     
           8           9  -3.2078613846826640E-008
           8          10   1.6079795258824774E-010
           8          11  -1.9351449894584040E-007
           8          12 -0.16024845267412632     
           8          13   7.6739249175553468E-008
           8          14  -1.6909388997768695E-009
           8          15   8.3854193009280728E-010
           8          16  -1.1269833083631337E-009
           8          17   2.2425704553593014E-010
           8          18   1.7636369884868487E-011
           8          19  -1.6612087492571750E-009
           9           1  -2.0295175152503031E-011
           9           2   3.4534588627396146E-011
           9           3   3.5083734658824834E-009
           9           4   1.0198421787617924E-008
           9           5 -0.77086911653048773     
           9           6   5.0380163907240279E-010
           9           7  -1.0718356310160456E-008
           9           8  -3.2078613846826640E-008
           9           9   2.2824899103694243     
           9          10   3.6423769589604149E-012
           9          11   2.5643159927073009E-008
           9          12   7.6857932497493146E-008
           9          13 -0.16024829130221238     
           9          14  -5.6437188816032140E-010
           9          15   1.4169781861124142E-010
           9          16  -4.3648802808808505E-010
           9          17  -8.3978903941938607E-011
           9          18   1.3094291459119605E-009
           9          19   1.0392642815871266E-010
          10           1  -2.6954787929833333E-002
          10           2   9.6639489188266620E-002
          10           3   4.7410485095642522E-011
          10           4   1.1717810780864995E-011
          10           5  -1.3561615164411564E-011
          10           6 -0.71660422344766106     
          10           7   5.4805813982051276E-011
          10           8   1.6079795258824774E-010
          10           9   3.6423769589604149E-012
          10          10  0.96873480250974298     
          10          11   3.8870009780074555E-012
          10          12  -9.6673621977977981E-011
          10          13  -2.5452841989244683E-011
          10          14  0.26644945916068807     
          10          15  -1.3698488318108627E-006
          10          16  0.26644607048542562     
          10          17   4.6175569013712908E-007
          10          18   2.9982710178405226E-006
          10          19  0.26644795860820175     
          11           1   3.4654560766504174E-012
          11           2  -1.2124897426524156E-011
          11           3   4.2345753246293028E-002
          11           4   6.4142260053667964E-008
          11           5  -8.9709268342789150E-009
          11           6   7.8601545813329511E-011
          11           7 -0.16024832557170435     
          11           8  -1.9351449894584040E-007
          11           9   2.5643159927073009E-008
          11          10   3.8870009780074555E-012
          11          11   1.0308234252872670     
          11          12  -9.3258199086005450E-009
          11          13   1.2394940463235750E-009
          11          14  -9.3452222485089209E-010
          11          15  -1.6114506503124812E-009
          11          16  -8.7984831889055422E-011
          11          17  -2.2214708856801048E-010
          11          18   3.2185228365309434E-010
          11          19   9.4523012473476546E-010
          12           1  -1.3576370895492420E-011
          12           2   1.1091360852888456E-010
          12           3   6.4133659144637153E-008
          12           4   4.2345796025596030E-002
          12           5  -2.5418086532687374E-008
          12           6  -1.9993126058914891E-009
          12           7  -1.9349693818054670E-007
          12           8 -0.16024845267412632     
          12           9   7.6857932497493146E-008
          12          10  -9.6673621977977981E-011
          12          11  -9.3258199086005450E-009
          12          12   1.0308234191587227     
          12          13   3.7000399904594957E-009
          12          14   9.2000120741847440E-010
          12          15  -2.9607428299455774E-010
          12          16   8.8848097936220843E-010
          12          17  -7.1635756504691814E-012
          12          18  -3.8806431843423645E-010
          12          19   8.9195640455433980E-010
          13           1  -5.0377904733210935E-012
          13           2   3.2928129573632877E-011
          13           3  -8.9836423140456076E-009
          13           4  -2.5377026126279961E-008
          13           5   4.2345742248932040E-002
          13           6  -5.2120788010789555E-010
          13           7   2.5672684447222470E-008
          13           8   7.6739249175553468E-008
          13           9 -0.16024829130221238     
          13          10  -2.5452841989244683E-011
          13          11   1.2394940463235750E-009
          13          12   3.7000399904594957E-009
          13          13   1.0308234269369900     
          13          14   2.3294540167019138E-010
          13          15  -3.7593137185509058E-010
          13          16  -3.5263245599567847E-010
          13          17   5.8289664898747012E-010
          13          18   3.4858704999409721E-010
          13          19   8.0871645958228963E-010
          14           1   7.8584616269166047E-002
          14           2 -0.10230077244707864     
          14           3  -5.7229309318443226E-010
          14           4  -3.1818761966877552E-011
          14           5   2.7753865547278667E-010
          14           6 -0.90445800413703470     
          14           7   1.3800981555023382E-010
          14           8  -1.6909388997768695E-009
          14           9  -5.6437188816032140E-010
          14          10  0.26644945916068807     
          14          11  -9.3452222485089209E-010
          14          12   9.2000120741847440E-010
          14          13   2.3294540167019138E-010
          14          14   1.5563171645697538     
          14          15   7.9165700508213976E-002
          14          16 -0.76907003016341646     
          14          17  0.33960065985537019     
          14          18  -4.0143343351222237E-002
          14          19 -0.20126101730922794     
          15           1   6.2581980406290131E-008
          15           2  -3.0084223933126342E-007
          15           3  -6.6077010003355667E-010
          15           4  -3.4233206667426835E-010
          15           5  -9.5279263262154462E-011
          15           6   3.4925074790326876E-006
          15           7   1.8263775872727430E-009
          15           8   8.3854193009280728E-010
          15           9   1.4169781861124142E-010
          15          10  -1.3698488318108627E-006
          15          11  -1.6114506503124812E-009
          15          12  -2.9607428299455774E-010
          15          13  -3.7593137185509058E-010
          15          14   7.9165700508213976E-002
          15          15   1.0474433855679295     
          15          16 -0.19927098201370100     
          15          17  -4.6322219980776992E-002
          15          18  -5.2724233714767720E-002
          15          19  0.12010097572449865     
          16           1   7.8584744607307175E-002
          16           2 -0.10230132841796161     
          16           3  -6.6363060878480844E-010
          16           4  -2.5068436936472093E-010
          16           5   2.6656584724061870E-010
          16           6 -0.90445249898753821     
          16           7   1.7743141114457020E-010
          16           8  -1.1269833083631337E-009
          16           9  -4.3648802808808505E-010
          16          10  0.26644607048542562     
          16          11  -8.7984831889055422E-011
          16          12   8.8848097936220843E-010
          16          13  -3.5263245599567847E-010
          16          14 -0.76907003016341646     
          16          15 -0.19927098201370100     
          16          16   2.1082795077973624     
          16          17  -4.5654852413453240E-002
          16          18  0.19388879370277085     
          16          19 -0.75322983207330241     
          17           1  -2.0960715359689755E-008
          17           2   1.2421826304746850E-007
          17           3   1.3559530600608420E-011
          17           4  -1.0791555450235099E-010
          17           5   4.8398653840807767E-011
          17           6  -1.7967465412525008E-006
          17           7  -1.1000730238093728E-010
          17           8   2.2425704553593014E-010
          17           9  -8.3978903941938607E-011
          17          10   4.6175569013712908E-007
          17          11  -2.2214708856801048E-010
          17          12  -7.1635756504691814E-012
          17          13   5.8289664898747012E-010
          17          14  0.33960065985537019     
          17          15  -4.6322219980776992E-002
          17          16  -4.5654852413453240E-002
          17          17   1.8045744471694953     
          17          18  0.13860553873341205     
          17          19 -0.29394348151592731     
          18           1  -1.0826338464153582E-007
          18           2   4.2026815587561250E-007
          18           3  -5.0267940746283600E-011
          18           4   4.3538989906880037E-011
          18           5  -4.3354921144356413E-010
          18           6  -3.3348133113712693E-006
          18           7  -2.6683034210816991E-011
          18           8   1.7636369884868487E-011
          18           9   1.3094291459119605E-009
          18          10   2.9982710178405226E-006
          18          11   3.2185228365309434E-010
          18          12  -3.8806431843423645E-010
          18          13   3.4858704999409721E-010
          18          14  -4.0143343351222237E-002
          18          15  -5.2724233714767720E-002
          18          16  0.19388879370277085     
          18          17  0.13860553873341205     
          18          18   1.0685898445530295     
          18          19 -0.15374184217911663     
          19           1   7.8584667053212903E-002
          19           2 -0.10230097250268827     
          19           3  -4.1377265914185923E-010
          19           4  -7.7831707079327048E-011
          19           5   1.2181930189229713E-010
          19           6 -0.90445636650865724     
          19           7  -7.9040490918329763E-010
          19           8  -1.6612087492571750E-009
          19           9   1.0392642815871266E-010
          19          10  0.26644795860820175     
          19          11   9.4523012473476546E-010
          19          12   8.9195640455433980E-010
          19          13   8.0871645958228963E-010
          19          14 -0.20126101730922794     
          19          15  0.12010097572449865     
          19          16 -0.75322983207330241     
          19          17 -0.29394348151592731     
          19          18 -0.15374184217911663     
          19          19   1.5404751741966958     
