           1           1   2.4046002830736555     
           1           2  -1.0480499832003580     
           1           3   7.3691102183750623E-014
           1           4  -1.6743705521030032E-013
           1           5   2.0024713906298644E-014
           1           6  0.39468984385799583     
           1           7  -3.1340367799636460E-014
           1           8   4.2977894035402295E-014
           1           9   5.1474542859540227E-014
           1          10  -1.9890223495309292E-002
           1          11  -1.1279724716273411E-014
           1          12   1.8025760209627686E-015
           1          13   1.4998403780105644E-014
           1          14  -4.6569500694662147E-002
           1          15   1.1675656132555324E-014
           1          16  -4.6569500694647992E-002
           1          17  -1.5364813390376851E-014
           1          18   9.8226418992000558E-015
           1          19  -4.6569500694626113E-002
           2           1  -1.0480499832003580     
           2           2   2.7504438687059141     
           2           3  -1.7127520590932123E-013
           2           4   4.1167518788419976E-013
           2           5  -3.2776217574839937E-014
           2           6  -1.6813939827372306     
           2           7   7.4192180861127452E-014
           2           8  -1.0729102139547980E-013
           2           9  -1.4211757065979220E-013
           2          10  0.11135242647740135     
           2          11   3.0170876256443887E-014
           2          12  -8.7401694582626777E-015
           2          13  -3.7622071715809363E-014
           2          14  0.31422259052889989     
           2          15  -2.7540678394302941E-014
           2          16  0.31422259052883877     
           2          17   3.6613533105330755E-014
           2          18  -2.8272920879685308E-014
           2          19  0.31422259052878670     
           3           1   7.3691102183750623E-014
           3           2  -1.7127520590932123E-013
           3           3   2.2577805870420375     
           3           4  -1.1029371860260609E-014
           3           5  -1.0165479569224080E-014
           3           6  -2.3981953008289028E-013
           3           7 -0.76108882846461734     
           3           8   2.9767854847762237E-014
           3           9   1.6264767310758505E-014
           3          10   3.7990091593226591E-015
           3          11  -9.7181301107408108E-003
           3          12  -8.6865193857365830E-015
           3          13  -7.5742905870925018E-015
           3          14   1.0370798743687396E-013
           3          15  -4.0253521680827038E-014
           3          16   1.6223222971623815E-013
           3          17   7.0627397770236700E-014
           3          18   4.7341308544838745E-014
           3          19   7.9580459191192090E-014
           4           1  -1.6743705521030032E-013
           4           2   4.1167518788419976E-013
           4           3  -1.1029371860260609E-014
           4           4   2.2577805870420304     
           4           5  -1.0859368959614809E-014
           4           6   5.3905168560616132E-014
           4           7  -1.3183898417405551E-016
           4           8 -0.76108882846459347     
           4           9   3.2474023470285816E-014
           4          10  -4.2019878457519752E-014
           4          11   1.0080966009879124E-014
           4          12  -9.7181301107566610E-003
           4          13   1.6134446209625764E-014
           4          14  -5.6384488546017076E-014
           4          15   1.0521934165367423E-013
           4          16  -1.8638511493649145E-013
           4          17  -1.4258723611594851E-013
           4          18  -6.5508234519487694E-014
           4          19   1.4803973411907295E-014
           5           1   2.0024713906298644E-014
           5           2  -3.2776217574839937E-014
           5           3  -1.0165479569224080E-014
           5           4  -1.0859368959614809E-014
           5           5   2.2577805870420602     
           5           6  -6.3433286654388510E-014
           5           7   7.9658502016854524E-015
           5           8   5.2180482157382286E-015
           5           9 -0.76108882846463688     
           5          10  -6.9165795795691737E-014
           5          11   2.7969380284043178E-014
           5          12  -4.2121904922365288E-014
           5          13  -9.7181301106968355E-003
           5          14  -3.6146919417900985E-014
           5          15   1.9543785638942562E-013
           5          16  -2.8600045555106278E-013
           5          17  -2.6674015601747553E-013
           5          18  -1.3156734739575689E-013
           5          19   9.7833903372500948E-014
           6           1  0.39468984385799583     
           6           2  -1.6813939827372306     
           6           3  -2.3981953008289028E-013
           6           4   5.3905168560616132E-014
           6           5  -6.3433286654388510E-014
           6           6   11.860686839653242     
           6           7   1.7170050229167887E-013
           6           8  -1.7640458530298238E-013
           6           9  -2.1416412924801383E-013
           6          10  -1.5887958620664140     
           6          11   1.3674392941059562E-015
           6          12   2.2246590781573318E-014
           6          13   6.5293027345058245E-015
           6          14  -3.2759938403956688     
           6          15   1.0905736944749740E-014
           6          16  -3.2759938403949982     
           6          17  -1.0702753575153645E-013
           6          18   5.2560410103679403E-014
           6          19  -3.2759938403948392     
           7           1  -3.1340367799636460E-014
           7           2   7.4192180861127452E-014
           7           3 -0.76108882846461734     
           7           4  -1.3183898417405551E-016
           7           5   7.9658502016854524E-015
           7           6   1.7170050229167887E-013
           7           7   2.2470372777386167     
           7           8   9.8532293435418587E-016
           7           9   6.6613381477511309E-015
           7          10  -4.1630610112580630E-014
           7          11   2.9136535851601857E-002
           7          12  -1.6694545051931895E-014
           7          13   2.9430667972119232E-014
           7          14  -9.0007575103451119E-014
           7          15   1.2447149103195181E-013
           7          16  -2.8400940530241102E-013
           7          17  -1.9173571787766905E-013
           7          18  -9.4275790837819598E-014
           7          19  -2.7872793455287109E-014
           8           1   4.2977894035402295E-014
           8           2  -1.0729102139547980E-013
           8           3   2.9767854847762237E-014
           8           4 -0.76108882846459347     
           8           5   5.2180482157382286E-015
           8           6  -1.7640458530298238E-013
           8           7   9.8532293435418587E-016
           8           8   2.2470372777386185     
           8           9   2.4980018054066101E-015
           8          10   1.0098469361249802E-013
           8          11  -3.2544062930628992E-014
           8          12   2.9136535851633151E-002
           8          13  -3.9100667148516986E-014
           8          14   1.7358846691282012E-013
           8          15  -2.8447325771177487E-013
           8          16   5.2173702110385123E-013
           8          17   4.0312964058627293E-013
           8          18   2.1123855263457612E-013
           8          19  -1.2552808394941571E-014
           9           1   5.1474542859540227E-014
           9           2  -1.4211757065979220E-013
           9           3   1.6264767310758505E-014
           9           4   3.2474023470285816E-014
           9           5 -0.76108882846463688     
           9           6  -2.1416412924801383E-013
           9           7   6.6613381477511309E-015
           9           8   2.4980018054066101E-015
           9           9   2.2470372777386376     
           9          10   1.7328926755304710E-013
           9          11  -8.3740089515394290E-014
           9          12   9.3064878720072564E-014
           9          13   2.9136535851480905E-002
           9          14   2.4812450265628710E-013
           9          15  -5.4004594625391932E-013
           9          16   9.3399894343749259E-013
           9          17   7.5478546870389384E-013
           9          18   3.9312915931760610E-013
           9          19  -1.1693067175354212E-013
          10           1  -1.9890223495309292E-002
          10           2  0.11135242647740135     
          10           3   3.7990091593226591E-015
          10           4  -4.2019878457519752E-014
          10           5  -6.9165795795691737E-014
          10           6  -1.5887958620664140     
          10           7  -4.1630610112580630E-014
          10           8   1.0098469361249802E-013
          10           9   1.7328926755304710E-013
          10          10  0.85818145523568334     
          10          11   4.4866239097876469E-015
          10          12  -9.6292270205408275E-016
          10          13   5.2446206519957971E-015
          10          14  0.68801689059336357     
          10          15  -9.8637328676133125E-016
          10          16  0.68801689059356974     
          10          17  -5.8399243469947946E-015
          10          18   6.7640507352815853E-015
          10          19  0.68801689059384219     
          11           1  -1.1279724716273411E-014
          11           2   3.0170876256443887E-014
          11           3  -9.7181301107408108E-003
          11           4   1.0080966009879124E-014
          11           5   2.7969380284043178E-014
          11           6   1.3674392941059562E-015
          11           7   2.9136535851601857E-002
          11           8  -3.2544062930628992E-014
          11           9  -8.3740089515394290E-014
          11          10   4.4866239097876469E-015
          11          11   1.2158972032393000E-003
          11          12  -1.7857877042341709E-015
          11          13  -1.8837843340313041E-015
          11          14  -8.5920125523504983E-014
          11          15   1.9366908014914020E-014
          11          16   1.2524351701284492E-014
          11          17  -2.2005503713851218E-014
          11          18   5.2393518719208226E-015
          11          19   6.6319651168593518E-014
          12           1   1.8025760209627686E-015
          12           2  -8.7401694582626777E-015
          12           3  -8.6865193857365830E-015
          12           4  -9.7181301107566610E-003
          12           5  -4.2121904922365288E-014
          12           6   2.2246590781573318E-014
          12           7  -1.6694545051931895E-014
          12           8   2.9136535851633151E-002
          12           9   9.3064878720072564E-014
          12          10  -9.6292270205408275E-016
          12          11  -1.7857877042341709E-015
          12          12   1.2158972032412592E-003
          12          13   1.7206254596031733E-015
          12          14  -2.3270650893143263E-014
          12          15  -1.8053932561809901E-014
          12          16   3.3172754325014929E-014
          12          17   2.1165616963628306E-014
          12          18  -5.1763796268228927E-015
          12          19  -1.2142263961320826E-014
          13           1   1.4998403780105644E-014
          13           2  -3.7622071715809363E-014
          13           3  -7.5742905870925018E-015
          13           4   1.6134446209625764E-014
          13           5  -9.7181301106968355E-003
          13           6   6.5293027345058245E-015
          13           7   2.9430667972119232E-014
          13           8  -3.9100667148516986E-014
          13           9   2.9136535851480905E-002
          13          10   5.2446206519957971E-015
          13          11  -1.8837843340313041E-015
          13          12   1.7206254596031733E-015
          13          13   1.2158972032316124E-003
          13          14  -3.3152227361124341E-014
          13          15  -2.2520608874820051E-014
          13          16   4.1213538029759597E-014
          13          17   7.1404275709240011E-015
          13          18   3.5263398096658041E-014
          13          19   1.8024621619619636E-014
          14           1  -4.6569500694662147E-002
          14           2  0.31422259052889989     
          14           3   1.0370798743687396E-013
          14           4  -5.6384488546017076E-014
          14           5  -3.6146919417900985E-014
          14           6  -3.2759938403956688     
          14           7  -9.0007575103451119E-014
          14           8   1.7358846691282012E-013
          14           9   2.4812450265628710E-013
          14          10  0.68801689059336357     
          14          11  -8.5920125523504983E-014
          14          12  -2.3270650893143263E-014
          14          13  -3.3152227361124341E-014
          14          14   3.0169826757764930     
          14          15   2.6784046127222427E-013
          14          16   1.6982675776183842E-002
          14          17   4.0388868790596383E-013
          14          18  -3.2232933742010454E-013
          14          19   1.6982675776086253E-002
          15           1   1.1675656132555324E-014
          15           2  -2.7540678394302941E-014
          15           3  -4.0253521680827038E-014
          15           4   1.0521934165367423E-013
          15           5   1.9543785638942562E-013
          15           6   1.0905736944749740E-014
          15           7   1.2447149103195181E-013
          15           8  -2.8447325771177487E-013
          15           9  -5.4004594625391932E-013
          15          10  -9.8637328676133125E-016
          15          11   1.9366908014914020E-014
          15          12  -1.8053932561809901E-014
          15          13  -2.2520608874820051E-014
          15          14   2.6784046127222427E-013
          15          15   2.0000000000000022     
          15          16  -1.1415058782497221E-014
          15          17   6.9388939823723199E-018
          15          18   1.0755285550208652E-015
          15          19  -2.7221316096066365E-013
          16           1  -4.6569500694647992E-002
          16           2  0.31422259052883877     
          16           3   1.6223222971623815E-013
          16           4  -1.8638511493649145E-013
          16           5  -2.8600045555106278E-013
          16           6  -3.2759938403949982     
          16           7  -2.8400940530241102E-013
          16           8   5.2173702110385123E-013
          16           9   9.3399894343749259E-013
          16          10  0.68801689059356974     
          16          11   1.2524351701284492E-014
          16          12   3.3172754325014929E-014
          16          13   4.1213538029759597E-014
          16          14   1.6982675776183842E-002
          16          15  -1.1415058782497221E-014
          16          16   3.0169826757758731     
          16          17  -2.6150620178757351E-014
          16          18   6.7461451875006049E-015
          16          19   1.6982675775776279E-002
          17           1  -1.5364813390376851E-014
          17           2   3.6613533105330755E-014
          17           3   7.0627397770236700E-014
          17           4  -1.4258723611594851E-013
          17           5  -2.6674015601747553E-013
          17           6  -1.0702753575153645E-013
          17           7  -1.9173571787766905E-013
          17           8   4.0312964058627293E-013
          17           9   7.5478546870389384E-013
          17          10  -5.8399243469947946E-015
          17          11  -2.2005503713851218E-014
          17          12   2.1165616963628306E-014
          17          13   7.1404275709240011E-015
          17          14   4.0388868790596383E-013
          17          15   6.9388939823723199E-018
          17          16  -2.6150620178757351E-014
          17          17   2.0000000000000049     
          17          18  -5.5511151237820834E-016
          17          19  -2.5135874099308622E-013
          18           1   9.8226418992000558E-015
          18           2  -2.8272920879685308E-014
          18           3   4.7341308544838745E-014
          18           4  -6.5508234519487694E-014
          18           5  -1.3156734739575689E-013
          18           6   5.2560410103679403E-014
          18           7  -9.4275790837819598E-014
          18           8   2.1123855263457612E-013
          18           9   3.9312915931760610E-013
          18          10   6.7640507352815853E-015
          18          11   5.2393518719208226E-015
          18          12  -5.1763796268228927E-015
          18          13   3.5263398096658041E-014
          18          14  -3.2232933742010454E-013
          18          15   1.0755285550208652E-015
          18          16   6.7461451875006049E-015
          18          17  -5.5511151237820834E-016
          18          18   1.9999999999999982     
          18          19   2.5279681285643393E-013
          19           1  -4.6569500694626113E-002
          19           2  0.31422259052878670     
          19           3   7.9580459191192090E-014
          19           4   1.4803973411907295E-014
          19           5   9.7833903372500948E-014
          19           6  -3.2759938403948392     
          19           7  -2.7872793455287109E-014
          19           8  -1.2552808394941571E-014
          19           9  -1.1693067175354212E-013
          19          10  0.68801689059384219     
          19          11   6.6319651168593518E-014
          19          12  -1.2142263961320826E-014
          19          13   1.8024621619619636E-014
          19          14   1.6982675776086253E-002
          19          15  -2.7221316096066365E-013
          19          16   1.6982675775776279E-002
          19          17  -2.5135874099308622E-013
          19          18   2.5279681285643393E-013
          19          19   3.0169826757756839     
