           1           1   2.3855105893650639     
           1           2  -1.0223530849407272     
           1           3   2.9961732424790098E-013
           1           4  -1.9708260313221127E-013
           1           5  -2.4496128409370279E-013
           1           6  0.41433301797280331     
           1           7  -6.2182179616748809E-015
           1           8   5.6502384150578419E-014
           1           9  -1.1400169535297203E-014
           1          10  -2.5442773186327101E-002
           1          11  -1.8017874593836725E-015
           1          12  -4.3668852661341291E-015
           1          13  -3.4374590203265256E-014
           1          14  -5.6215675185729244E-002
           1          15   3.8301066444139559E-014
           1          16  -4.9201819794983941E-002
           1          17  -4.6680201549864909E-014
           1          18   3.7595382126747535E-015
           1          19  -5.6888659908197137E-002
           2           1  -1.0223530849407272     
           2           2   2.7375099601432220     
           2           3  -7.3623333416874303E-013
           2           4   4.8313923501753280E-013
           2           5   5.9451515518867023E-013
           2           6  -1.5476596615834093     
           2           7   1.4314367514373128E-014
           2           8  -1.5665167787556302E-013
           2           9   2.1281603493220911E-014
           2          10   8.2854654468145550E-002
           2          11   9.7572850073072286E-015
           2          12   1.6933593024371952E-014
           2          13   9.3943190634354263E-014
           2          14  0.26042444806606507     
           2          15  -9.8147643270373573E-014
           2          16  0.23679987321501028     
           2          17   1.0210615022220422E-013
           2          18  -3.5106276859332529E-015
           2          19  0.26246785571400816     
           3           1   2.9961732424790098E-013
           3           2  -7.3623333416874303E-013
           3           3   2.2446970559427575     
           3           4  -2.9416562120427632E-013
           3           5  -1.4624676190234789E-012
           3           6  -2.1946181630046352E-013
           3           7 -0.73898411051760315     
           3           8   1.4993090315942540E-012
           3           9  -1.5667487024672025E-013
           3          10  -7.4674234538372075E-015
           3          11  -6.3266914528687188E-003
           3          12   6.3073747749533517E-014
           3          13  -4.7650905887159208E-015
           3          14   7.0315376121852892E-014
           3          15   1.1331287423743275E-016
           3          16   7.2245682094417149E-014
           3          17   5.3761922863921138E-015
           3          18  -9.3056242621646516E-016
           3          19   7.4229069045209341E-014
           4           1  -1.9708260313221127E-013
           4           2   4.8313923501753280E-013
           4           3  -2.9416562120427632E-013
           4           4   2.2448479150985010     
           4           5   1.2284319760932917E-014
           4           6   6.0333977131101795E-014
           4           7   1.4980609717093044E-012
           4           8 -0.73947594401128725     
           4           9  -1.1648127537458528E-012
           4          10  -1.1324316247744539E-014
           4          11   7.1443931800145026E-014
           4          12  -5.4143532257773241E-003
           4          13  -7.9289098455468301E-014
           4          14   6.7113847788261408E-016
           4          15   2.7997293457418212E-014
           4          16  -8.5799740440064555E-015
           4          17   1.5754466225701684E-014
           4          18   2.3987389790551760E-014
           4          19  -5.5971283424743319E-014
           5           1  -2.4496128409370279E-013
           5           2   5.9451515518867023E-013
           5           3  -1.4624676190234789E-012
           5           4   1.2284319760932917E-014
           5           5   2.2446399132791530     
           5           6   1.6833004127661971E-013
           5           7  -1.5488147595027084E-013
           5           8  -1.1534855435473969E-012
           5           9 -0.73879796875133252     
           5          10   1.0867474013722544E-014
           5          11  -2.5384329871367962E-015
           5          12  -4.6968267988066097E-014
           5          13  -6.6695110250231844E-003
           5          14  -5.6950978753300129E-014
           5          15   6.6843084910045759E-015
           5          16  -6.0155562282897571E-014
           5          17   1.9535619036966872E-014
           5          18   3.0384777819195716E-015
           5          19  -6.1605441584643809E-014
           6           1  0.41433301797280331     
           6           2  -1.5476596615834093     
           6           3  -2.1946181630046352E-013
           6           4   6.0333977131101795E-014
           6           5   1.6833004127661971E-013
           6           6   7.6185916086788623     
           6           7   1.7608959908701642E-014
           6           8   2.5514269802781765E-013
           6           9   4.8357078918891976E-014
           6          10 -0.44672629660928820     
           6          11  -1.6607499831369398E-014
           6          12  -5.7828709445924254E-014
           6          13  -9.0361154455779988E-014
           6          14  -1.6421110777807928     
           6          15   9.2036352672783221E-014
           6          16  -1.5323060420850085     
           6          17   1.4604832912588977E-013
           6          18  -1.4312407051604962E-013
           6          19  -1.6474420253825064     
           7           1  -6.2182179616748809E-015
           7           2   1.4314367514373128E-014
           7           3 -0.73898411051760315     
           7           4   1.4980609717093044E-012
           7           5  -1.5488147595027084E-013
           7           6   1.7608959908701642E-014
           7           7   2.2312184086343638     
           7           8  -4.2862234701829168E-012
           7           9   3.6786199225849359E-013
           7          10  -1.6010518568578709E-015
           7          11   2.4830574682824139E-002
           7          12  -1.8450792025493050E-013
           7          13   1.6309205562962400E-014
           7          14  -3.7296060463455214E-016
           7          15   1.6498811930001474E-015
           7          16  -5.7197751701106552E-015
           7          17  -1.8886122959128545E-014
           7          18   2.6496965887078548E-015
           7          19  -9.0948601336162295E-015
           8           1   5.6502384150578419E-014
           8           2  -1.5665167787556302E-013
           8           3   1.4993090315942540E-012
           8           4 -0.73947594401128725     
           8           5  -1.1534855435473969E-012
           8           6   2.5514269802781765E-013
           8           7  -4.2862234701829168E-012
           8           8   2.2328183392319905     
           8           9   3.3210818491977896E-012
           8          10   5.4563905270710589E-014
           8          11  -2.0751667608287429E-013
           8          12   2.1999370002205178E-002
           8          13   2.2807765671521451E-013
           8          14  -1.3964136338565200E-013
           8          15  -7.7693646558812665E-014
           8          16  -1.1765386005001037E-013
           8          17  -5.7313259602410611E-014
           8          18  -7.9555603743804774E-014
           8          19   1.5198023094863569E-014
           9           1  -1.1400169535297203E-014
           9           2   2.1281603493220911E-014
           9           3  -1.5667487024672025E-013
           9           4  -1.1648127537458528E-012
           9           5 -0.73879796875133252     
           9           6   4.8357078918891976E-014
           9           7   3.6786199225849359E-013
           9           8   3.3210818491977896E-012
           9           9   2.2306134072437533     
           9          10  -1.0610834679327198E-014
           9          11   1.7110307709681154E-014
           9          12   1.4355124621418659E-013
           9          13   2.5893272463307339E-002
           9          14  -1.9272175026477882E-014
           9          15  -4.1823694584833244E-015
           9          16  -1.7662958956673782E-014
           9          17  -6.4676641672726848E-014
           9          18  -2.8474748341335331E-014
           9          19  -5.9299343927325847E-015
          10           1  -2.5442773186327101E-002
          10           2   8.2854654468145550E-002
          10           3  -7.4674234538372075E-015
          10           4  -1.1324316247744539E-014
          10           5   1.0867474013722544E-014
          10           6 -0.44672629660928820     
          10           7  -1.6010518568578709E-015
          10           8   5.4563905270710589E-014
          10           9  -1.0610834679327198E-014
          10          10  0.95227543024565897     
          10          11   2.7609795177612509E-015
          10          12   4.1215834765872482E-014
          10          13   5.5242406837660985E-014
          10          14  0.20056888240860660     
          10          15  -3.2630246196140099E-014
          10          16   8.3973732224547210E-002
          10          17  -1.0301670295061595E-013
          10          18  -1.2976859669646998E-015
          10          19  0.19551409677081727     
          11           1  -1.8017874593836725E-015
          11           2   9.7572850073072286E-015
          11           3  -6.3266914528687188E-003
          11           4   7.1443931800145026E-014
          11           5  -2.5384329871367962E-015
          11           6  -1.6607499831369398E-014
          11           7   2.4830574682824139E-002
          11           8  -2.0751667608287429E-013
          11           9   1.7110307709681154E-014
          11          10   2.7609795177612509E-015
          11          11   2.8900539182066410E-003
          11          12  -8.8620422306630892E-015
          11          13   7.9951184812655101E-016
          11          14   3.0744332201009394E-015
          11          15  -5.3019139177721490E-015
          11          16   3.0685444454753206E-015
          11          17   7.5062648306210762E-014
          11          18  -1.6696132884575690E-014
          11          19   4.6441739122979526E-015
          12           1  -4.3668852661341291E-015
          12           2   1.6933593024371952E-014
          12           3   6.3073747749533517E-014
          12           4  -5.4143532257773241E-003
          12           5  -4.6968267988066097E-014
          12           6  -5.7828709445924254E-014
          12           7  -1.8450792025493050E-013
          12           8   2.1999370002205178E-002
          12           9   1.4355124621418659E-013
          12          10   4.1215834765872482E-014
          12          11  -8.8620422306630892E-015
          12          12   2.6347978749093086E-003
          12          13   9.8159427365989298E-015
          12          14   1.3517508222078201E-014
          12          15  -6.6122556323403522E-015
          12          16   8.8581316340393417E-015
          12          17  -1.3394887483266446E-013
          12          18  -6.4047652363108720E-014
          12          19   1.8688579599465358E-014
          13           1  -3.4374590203265256E-014
          13           2   9.3943190634354263E-014
          13           3  -4.7650905887159208E-015
          13           4  -7.9289098455468301E-014
          13           5  -6.6695110250231844E-003
          13           6  -9.0361154455779988E-014
          13           7   1.6309205562962400E-014
          13           8   2.2807765671521451E-013
          13           9   2.5893272463307339E-002
          13          10   5.5242406837660985E-014
          13          11   7.9951184812655101E-016
          13          12   9.8159427365989298E-015
          13          13   2.9898420297073580E-003
          13          14   2.5584063751636008E-014
          13          15  -2.0405712400334356E-015
          13          16   1.7911078331957924E-014
          13          17   6.3625465962576286E-014
          13          18   6.6943460700728619E-015
          13          19   2.3771825407114770E-014
          14           1  -5.6215675185729244E-002
          14           2  0.26042444806606507     
          14           3   7.0315376121852892E-014
          14           4   6.7113847788261408E-016
          14           5  -5.6950978753300129E-014
          14           6  -1.6421110777807928     
          14           7  -3.7296060463455214E-016
          14           8  -1.3964136338565200E-013
          14           9  -1.9272175026477882E-014
          14          10  0.20056888240860660     
          14          11   3.0744332201009394E-015
          14          12   1.3517508222078201E-014
          14          13   2.5584063751636008E-014
          14          14   1.0131742381796822     
          14          15  -2.4435872365836213E-014
          14          16  0.45254869906941353     
          14          17   2.3870059891096879E-013
          14          18   7.8778186484272980E-014
          14          19 -0.34969487560631185     
          15           1   3.8301066444139559E-014
          15           2  -9.8147643270373573E-014
          15           3   1.1331287423743275E-016
          15           4   2.7997293457418212E-014
          15           5   6.6843084910045759E-015
          15           6   9.2036352672783221E-014
          15           7   1.6498811930001474E-015
          15           8  -7.7693646558812665E-014
          15           9  -4.1823694584833244E-015
          15          10  -3.2630246196140099E-014
          15          11  -5.3019139177721490E-015
          15          12  -6.6122556323403522E-015
          15          13  -2.0405712400334356E-015
          15          14  -2.4435872365836213E-014
          15          15   1.9999999999999996     
          15          16  -3.3118440689501531E-014
          15          17  -1.9862684711377987E-013
          15          18   7.3701059444816240E-013
          15          19  -5.3000713164217489E-015
          16           1  -4.9201819794983941E-002
          16           2  0.23679987321501028     
          16           3   7.2245682094417149E-014
          16           4  -8.5799740440064555E-015
          16           5  -6.0155562282897571E-014
          16           6  -1.5323060420850085     
          16           7  -5.7197751701106552E-015
          16           8  -1.1765386005001037E-013
          16           9  -1.7662958956673782E-014
          16          10   8.3973732224547210E-002
          16          11   3.0685444454753206E-015
          16          12   8.8581316340393417E-015
          16          13   1.7911078331957924E-014
          16          14  0.45254869906941353     
          16          15  -3.3118440689501531E-014
          16          16  0.34689439695547425     
          16          17  -2.6909375046285639E-013
          16          18  -2.1317776661375910E-014
          16          19  0.22939183237678029     
          17           1  -4.6680201549864909E-014
          17           2   1.0210615022220422E-013
          17           3   5.3761922863921138E-015
          17           4   1.5754466225701684E-014
          17           5   1.9535619036966872E-014
          17           6   1.4604832912588977E-013
          17           7  -1.8886122959128545E-014
          17           8  -5.7313259602410611E-014
          17           9  -6.4676641672726848E-014
          17          10  -1.0301670295061595E-013
          17          11   7.5062648306210762E-014
          17          12  -1.3394887483266446E-013
          17          13   6.3625465962576286E-014
          17          14   2.3870059891096879E-013
          17          15  -1.9862684711377987E-013
          17          16  -2.6909375046285639E-013
          17          17   2.0000000000000009     
          17          18   6.8692268458722565E-013
          17          19  -5.9777742715091014E-014
          18           1   3.7595382126747535E-015
          18           2  -3.5106276859332529E-015
          18           3  -9.3056242621646516E-016
          18           4   2.3987389790551760E-014
          18           5   3.0384777819195716E-015
          18           6  -1.4312407051604962E-013
          18           7   2.6496965887078548E-015
          18           8  -7.9555603743804774E-014
          18           9  -2.8474748341335331E-014
          18          10  -1.2976859669646998E-015
          18          11  -1.6696132884575690E-014
          18          12  -6.4047652363108720E-014
          18          13   6.6943460700728619E-015
          18          14   7.8778186484272980E-014
          18          15   7.3701059444816240E-013
          18          16  -2.1317776661375910E-014
          18          17   6.8692268458722565E-013
          18          18   2.0000000000000004     
          18          19   2.1618146230658817E-014
          19           1  -5.6888659908197137E-002
          19           2  0.26246785571400816     
          19           3   7.4229069045209341E-014
          19           4  -5.5971283424743319E-014
          19           5  -6.1605441584643809E-014
          19           6  -1.6474420253825064     
          19           7  -9.0948601336162295E-015
          19           8   1.5198023094863569E-014
          19           9  -5.9299343927325847E-015
          19          10  0.19551409677081727     
          19          11   4.6441739122979526E-015
          19          12   1.8688579599465358E-014
          19          13   2.3771825407114770E-014
          19          14 -0.34969487560631185     
          19          15  -5.3000713164217489E-015
          19          16  0.22939183237678029     
          19          17  -5.9777742715091014E-014
          19          18   2.1618146230658817E-014
          19          19   1.2366490526368965     
