           1           1   2.3752148004730840     
           1           2 -0.98282946229357648     
           1           3   2.5374980766740040E-014
           1           4   1.6936449927353597E-013
           1           5  -3.1431441832658857E-013
           1           6  0.10881030537236354     
           1           7  -1.2261206911931996E-013
           1           8   1.5668202047784565E-013
           1           9   4.0338510646802516E-013
           1          10  -3.9879047270554642E-002
           1          11   2.2020631900552863E-013
           1          12   2.1243180069673815E-013
           1          13  -1.2977212188217132E-012
           1          14   7.3230419587208939E-002
           1          15   3.8305951591826454E-004
           1          16   7.6240453552335011E-002
           1          17   1.6368460572170011E-004
           1          18  -4.9661734796476386E-004
           1          19   7.5635984895426903E-002
           2           1 -0.98282946229357648     
           2           2   2.5953510390814780     
           2           3  -2.8389745836539141E-013
           2           4  -6.4869023593853692E-014
           2           5   6.1184082575853898E-013
           2           6 -0.60171708359442144     
           2           7   9.2230176394305538E-013
           2           8   9.8717169433170153E-013
           2           9  -2.0042939820821891E-012
           2          10  0.12020544998088413     
           2          11  -1.1851437507940169E-012
           2          12  -8.7904476726205140E-013
           2          13   4.4029091393410086E-012
           2          14 -0.12454178763742675     
           2          15  -1.5162550662931296E-003
           2          16 -0.13262042638120075     
           2          17  -6.5741771415276230E-004
           2          18   2.1935049674993105E-003
           2          19 -0.13148660705023976     
           3           1   2.5374980766740040E-014
           3           2  -2.8389745836539141E-013
           3           3   2.2475691013724113     
           3           4   1.5106796530365413E-003
           3           5   7.3745016707164369E-004
           3           6   3.6012062519810859E-012
           3           7 -0.75080192182477568     
           3           8  -4.9756351131231211E-003
           3           9  -2.4294807064356920E-003
           3          10   5.6049720210752462E-013
           3          11   4.7384813661053543E-002
           3          12   1.7078919299437102E-002
           3          13   8.3687937799407138E-003
           3          14  -6.0265229149203116E-012
           3          15  -1.6730345989340197E-010
           3          16   3.4086497238823259E-011
           3          17   6.7797302070284549E-011
           3          18   3.2326675244290746E-011
           3          19  -3.2852011216514292E-011
           4           1   1.6936449927353597E-013
           4           2  -6.4869023593853692E-014
           4           3   1.5106796530365413E-003
           4           4   2.2413813715998012     
           4           5  -3.0957137631619520E-003
           4           6   2.0570589803517196E-012
           4           7  -4.9698246424763216E-003
           4           8 -0.73042966699444523     
           4           9   1.0198633824236518E-002
           4          10  -2.2289959699529700E-012
           4          11   1.6704209602055209E-002
           4          12  -2.1529359404283393E-002
           4          13  -3.5107887526890792E-002
           4          14   5.0248963231021294E-012
           4          15   7.7093883053928752E-011
           4          16  -1.0970041273853371E-010
           4          17  -1.4218606148978230E-011
           4          18  -2.5665416988191704E-011
           4          19   1.0214282679869463E-010
           5           1  -3.1431441832658857E-013
           5           2   6.1184082575853898E-013
           5           3   7.3745016707164369E-004
           5           4  -3.0957137631619520E-003
           5           5   2.2461687373938730     
           5           6  -3.3261211545400113E-012
           5           7  -2.4260891620578599E-003
           5           8   1.0196317873157949E-002
           5           9 -0.74619925923809449     
           5          10   1.4148143065656013E-012
           5          11   8.1563655615965163E-003
           5          12  -3.4984703797234111E-002
           5          13   3.2717738516830665E-002
           5          14   3.5341149840888112E-012
           5          15  -4.5311136529867311E-011
           5          16  -4.5702045070770425E-011
           5          17   5.3263590114265531E-011
           5          18   4.4881148591893011E-011
           5          19   4.5614207918926552E-011
           6           1  0.10881030537236354     
           6           2 -0.60171708359442144     
           6           3   3.6012062519810859E-012
           6           4   2.0570589803517196E-012
           6           5  -3.3261211545400113E-012
           6           6   3.9350411210811052     
           6           7  -9.2446972006960587E-012
           6           8  -6.4352000995363369E-012
           6           9   1.1503391761306425E-011
           6          10 -0.44690473314741674     
           6          11   6.1107304779606010E-012
           6          12   2.2471794701491555E-011
           6          13  -2.6180745894996541E-011
           6          14 -0.45642940129936316     
           6          15   1.1802857790278891E-002
           6          16 -0.45986982981506208     
           6          17   5.2814383257035616E-003
           6          18  -2.1038948126516362E-002
           6          19 -0.44663547370823753     
           7           1  -1.2261206911931996E-013
           7           2   9.2230176394305538E-013
           7           3 -0.75080192182477568     
           7           4  -4.9698246424763216E-003
           7           5  -2.4260891620578599E-003
           7           6  -9.2446972006960587E-012
           7           7   2.2789486368928187     
           7           8   1.6368575624086414E-002
           7           9   7.9924780116978292E-003
           7          10  -1.5770224501110979E-012
           7          11 -0.19154989884397944     
           7          12  -5.6179443505379505E-002
           7          13  -2.7528936802165400E-002
           7          14   3.2042891066350857E-012
           7          15   6.0278403315065321E-012
           7          16  -7.8665242245102357E-011
           7          17  -4.6193093725027503E-013
           7          18  -4.0201128091776900E-012
           7          19   8.7426147245899025E-011
           8           1   1.5668202047784565E-013
           8           2   9.8717169433170153E-013
           8           3  -4.9756351131231211E-003
           8           4 -0.73042966699444523     
           8           5   1.0196317873157949E-002
           8           6  -6.4352000995363369E-012
           8           7   1.6368575624086414E-002
           8           8   2.2118772206106829     
           8           9  -3.3590708335165913E-002
           8          10   6.2384194215123429E-012
           8          11  -5.5009371354092208E-002
           8          12   3.5272860865380777E-002
           8          13  0.11562217806104416     
           8          14   4.3768724974013179E-012
           8          15  -1.1614429859772902E-011
           8          16   3.1262298389632859E-010
           8          17  -1.9356470501168506E-012
           8          18   2.6624006702127486E-011
           8          19  -3.0937394329045625E-010
           9           1   4.0338510646802516E-013
           9           2  -2.0042939820821891E-012
           9           3  -2.4294807064356920E-003
           9           4   1.0198633824236518E-002
           9           5 -0.74619925923809449     
           9           6   1.1503391761306425E-011
           9           7   7.9924780116978292E-003
           9           8  -3.3590708335165913E-002
           9           9   2.2638217529627225     
           9          10  -4.0207731592353607E-012
           9          11  -2.6866696467947739E-002
           9          12  0.11524216331900572     
           9          13 -0.14340419474224203     
           9          14   9.6799258810211826E-012
           9          15   1.1103149946710466E-011
           9          16   1.3641056186869790E-010
           9          17   5.0664650418882362E-012
           9          18  -5.0335478094429515E-011
           9          19  -1.5798519334490759E-010
          10           1  -3.9879047270554642E-002
          10           2  0.12020544998088413     
          10           3   5.6049720210752462E-013
          10           4  -2.2289959699529700E-012
          10           5   1.4148143065656013E-012
          10           6 -0.44690473314741674     
          10           7  -1.5770224501110979E-012
          10           8   6.2384194215123429E-012
          10           9  -4.0207731592353607E-012
          10          10  0.98520378557264343     
          10          11  -2.2910551614681764E-012
          10          12   8.4716108001487990E-012
          10          13   3.6702761487100653E-013
          10          14  0.11806882357986710     
          10          15  -4.8208032237767370E-003
          10          16  0.13668625870385043     
          10          17  -2.1168128459851786E-003
          10          18   8.3298990496629664E-003
          10          19  0.13647109422776904     
          11           1   2.2020631900552863E-013
          11           2  -1.1851437507940169E-012
          11           3   4.7384813661053543E-002
          11           4   1.6704209602055209E-002
          11           5   8.1563655615965163E-003
          11           6   6.1107304779606010E-012
          11           7 -0.19154989884397944     
          11           8  -5.5009371354092208E-002
          11           9  -2.6866696467947739E-002
          11          10  -2.2910551614681764E-012
          11          11   1.0078520717378374     
          11          12  0.18863686554471823     
          11          13   9.2464643949227932E-002
          11          14   2.5082825859869725E-011
          11          15   2.3664126554799001E-010
          11          16   2.3486664333965891E-010
          11          17  -1.0248508146484298E-010
          11          18  -3.8033065438291808E-011
          11          19  -2.6527859718479129E-010
          12           1   2.1243180069673815E-013
          12           2  -8.7904476726205140E-013
          12           3   1.7078919299437102E-002
          12           4  -2.1529359404283393E-002
          12           5  -3.4984703797234111E-002
          12           6   2.2471794701491555E-011
          12           7  -5.6179443505379505E-002
          12           8   3.5272860865380777E-002
          12           9  0.11524216331900572     
          12          10   8.4716108001487990E-012
          12          11  0.18863686554471823     
          12          12  0.24346301486736671     
          12          13 -0.39639690637855890     
          12          14  -5.4006358788441302E-011
          12          15  -9.5208769964757506E-011
          12          16  -1.0903585766422737E-009
          12          17   3.8515913580229472E-011
          12          18  -2.5173953566137387E-011
          12          19   1.1092908344605450E-009
          13           1  -1.2977212188217132E-012
          13           2   4.4029091393410086E-012
          13           3   8.3687937799407138E-003
          13           4  -3.5107887526890792E-002
          13           5   3.2717738516830665E-002
          13           6  -2.6180745894996541E-011
          13           7  -2.7528936802165400E-002
          13           8  0.11562217806104416     
          13           9 -0.14340419474224203     
          13          10   3.6702761487100653E-013
          13          11   9.2464643949227932E-002
          13          12 -0.39639690637855890     
          13          13  0.85791240740626984     
          13          14  -5.7344261605208527E-011
          13          15   4.8059792789184862E-011
          13          16  -5.0093352002355077E-010
          13          17  -8.5728725809960320E-011
          13          18   5.0086195305091157E-011
          13          19   5.8516517615707117E-010
          14           1   7.3230419587208939E-002
          14           2 -0.12454178763742675     
          14           3  -6.0265229149203116E-012
          14           4   5.0248963231021294E-012
          14           5   3.5341149840888112E-012
          14           6 -0.45642940129936316     
          14           7   3.2042891066350857E-012
          14           8   4.3768724974013179E-012
          14           9   9.6799258810211826E-012
          14          10  0.11806882357986710     
          14          11   2.5082825859869725E-011
          14          12  -5.4006358788441302E-011
          14          13  -5.7344261605208527E-011
          14          14   1.0593269424017842     
          14          15  -6.3407196751076034E-003
          14          16 -0.45098566642504107     
          14          17  -1.4005539858010306E-003
          14          18   9.0306557315512730E-003
          14          19 -0.39976189072417190     
          15           1   3.8305951591826454E-004
          15           2  -1.5162550662931296E-003
          15           3  -1.6730345989340197E-010
          15           4   7.7093883053928752E-011
          15           5  -4.5311136529867311E-011
          15           6   1.1802857790278891E-002
          15           7   6.0278403315065321E-012
          15           8  -1.1614429859772902E-011
          15           9   1.1103149946710466E-011
          15          10  -4.8208032237767370E-003
          15          11   2.3664126554799001E-010
          15          12  -9.5208769964757506E-011
          15          13   4.8059792789184862E-011
          15          14  -6.3407196751076034E-003
          15          15  0.99951024813828293     
          15          16  -2.1191876503214167E-002
          15          17   2.3394200616950726E-004
          15          18  -5.7052762691568791E-005
          15          19   1.3363905816930914E-002
          16           1   7.6240453552335011E-002
          16           2 -0.13262042638120075     
          16           3   3.4086497238823259E-011
          16           4  -1.0970041273853371E-010
          16           5  -4.5702045070770425E-011
          16           6 -0.45986982981506208     
          16           7  -7.8665242245102357E-011
          16           8   3.1262298389632859E-010
          16           9   1.3641056186869790E-010
          16          10  0.13668625870385043     
          16          11   2.3486664333965891E-010
          16          12  -1.0903585766422737E-009
          16          13  -5.0093352002355077E-010
          16          14 -0.45098566642504107     
          16          15  -2.1191876503214167E-002
          16          16   1.1244308929898805     
          16          17   6.4874228807229794E-003
          16          18   5.6700920813130785E-003
          16          19 -0.42221046957250852     
          17           1   1.6368460572170011E-004
          17           2  -6.5741771415276230E-004
          17           3   6.7797302070284549E-011
          17           4  -1.4218606148978230E-011
          17           5   5.3263590114265531E-011
          17           6   5.2814383257035616E-003
          17           7  -4.6193093725027503E-013
          17           8  -1.9356470501168506E-012
          17           9   5.0664650418882362E-012
          17          10  -2.1168128459851786E-003
          17          11  -1.0248508146484298E-010
          17          12   3.8515913580229472E-011
          17          13  -8.5728725809960320E-011
          17          14  -1.4005539858010306E-003
          17          15   2.3394200616950726E-004
          17          16   6.4874228807229794E-003
          17          17  0.99984770726628858     
          17          18   1.1605815768709376E-004
          17          19  -1.1518491261599342E-002
          18           1  -4.9661734796476386E-004
          18           2   2.1935049674993105E-003
          18           3   3.2326675244290746E-011
          18           4  -2.5665416988191704E-011
          18           5   4.4881148591893011E-011
          18           6  -2.1038948126516362E-002
          18           7  -4.0201128091776900E-012
          18           8   2.6624006702127486E-011
          18           9  -5.0335478094429515E-011
          18          10   8.3298990496629664E-003
          18          11  -3.8033065438291808E-011
          18          12  -2.5173953566137387E-011
          18          13   5.0086195305091157E-011
          18          14   9.0306557315512730E-003
          18          15  -5.7052762691568791E-005
          18          16   5.6700920813130785E-003
          18          17   1.1605815768709376E-004
          18          18  0.99980165522975062     
          18          19   1.2850763182526927E-002
          19           1   7.5635984895426903E-002
          19           2 -0.13148660705023976     
          19           3  -3.2852011216514292E-011
          19           4   1.0214282679869463E-010
          19           5   4.5614207918926552E-011
          19           6 -0.44663547370823753     
          19           7   8.7426147245899025E-011
          19           8  -3.0937394329045625E-010
          19           9  -1.5798519334490759E-010
          19          10  0.13647109422776904     
          19          11  -2.6527859718479129E-010
          19          12   1.1092908344605450E-009
          19          13   5.8516517615707117E-010
          19          14 -0.39976189072417190     
          19          15   1.3363905816930914E-002
          19          16 -0.42221046957250852     
          19          17  -1.1518491261599342E-002
          19          18   1.2850763182526927E-002
          19          19   1.0445224042036088     
