           1           1   2.3907342786026202     
           1           2  -1.0330524850092155     
           1           3  -1.5897093330401902E-013
           1           4  -1.4854940176590706E-014
           1           5   1.9639122387680769E-013
           1           6   1.6045757118062380     
           1           7  -6.5662468889252444E-015
           1           8   1.6412595139878682E-014
           1           9   1.3785860535704309E-014
           1          10  -3.6946147134605214E-002
           1          11   3.9519502665066090E-015
           1          12   4.9106538905095366E-015
           1          13  -2.1121740313256064E-015
           1          14 -0.58967324143870647     
           1          15  -2.0311044799931891E-006
           1          16 -0.58967320615409313     
           1          17   1.2733385341165406E-007
           1          18   1.2607215329540943E-007
           1          19 -0.58967145898207329     
           2           1  -1.0330524850092155     
           2           2   2.7325218644177589     
           2           3   3.9338853048357416E-013
           2           4   3.1356560104927089E-014
           2           5  -4.9726615149063496E-013
           2           6  -4.2231199964143888     
           2           7   1.1486237395124583E-014
           2           8  -3.9815755443843597E-014
           2           9  -3.3875950268381562E-014
           2          10  0.12609812551554764     
           2          11  -8.0403269109968591E-015
           2          12  -1.1473624548798672E-014
           2          13   5.3248420870042072E-015
           2          14   1.4927252620623308     
           2          15  -1.9291289675275328E-007
           2          16   1.4927252654137233     
           2          17   1.2094106419382170E-008
           2          18   1.1974227588087315E-008
           2          19   1.4927254313588327     
           3           1  -1.5897093330401902E-013
           3           2   3.9338853048357416E-013
           3           3   2.2614416728079103     
           3           4  -2.5178021467091942E-003
           3           5   1.5784574617432360E-004
           3           6  -4.6851610223420522E-013
           3           7 -0.77131776197782942     
           3           8   8.7474191566525757E-003
           3           9  -5.4839213838447540E-004
           3          10  -6.1483072472428832E-016
           3          11   2.5006008955736334E-002
           3          12  -3.6322769461396308E-002
           3          13   2.2771426428496912E-003
           3          14   2.5175363969097182E-013
           3          15  -6.2177054004566194E-015
           3          16   1.9979651330390338E-013
           3          17  -2.7500194556548139E-015
           3          18   3.6772179972315216E-015
           3          19   2.1592480745996511E-013
           4           1  -1.4854940176590706E-014
           4           2   3.1356560104927089E-014
           4           3  -2.5178021467091942E-003
           4           4   2.2614918189377189     
           4           5   1.5628169506982042E-004
           4           6  -4.8947967036206408E-015
           4           7   8.7474191566545133E-003
           4           8 -0.77149198107516581     
           4           9  -5.4295826795209927E-004
           4          10   3.4481423323595102E-015
           4          11  -3.6322769461403469E-002
           4          12   2.5729436065042351E-002
           4          13   2.2545790477655221E-003
           4          14   3.2231890451890070E-014
           4          15  -4.7434322529920179E-015
           4          16  -1.3450416174914242E-014
           4          17   6.2190831554481112E-015
           4          18   8.2927902613255083E-015
           4          19  -9.5123080718437617E-015
           5           1   1.9639122387680769E-013
           5           2  -4.9726615149063496E-013
           5           3   1.5784574617432360E-004
           5           4   1.5628169506982042E-004
           5           5   2.2639748752661095     
           5           6   6.8115454238780466E-013
           5           7  -5.4839213837150596E-004
           5           8  -5.4295826794659564E-004
           5           9 -0.78011868533078510     
           5          10  -1.7450090488566910E-014
           5          11   2.2771426428507863E-003
           5          12   2.2545790477757530E-003
           5          13   6.1550949160460139E-002
           5          14  -2.5361191951377181E-013
           5          15  -3.6293813532695338E-014
           5          16  -3.0381779572409895E-013
           5          17  -1.6189726638410698E-014
           5          18  -1.5858310508164950E-014
           5          19  -3.3944697736938697E-013
           6           1   1.6045757118062380     
           6           2  -4.2231199964143888     
           6           3  -4.6851610223420522E-013
           6           4  -4.8947967036206408E-015
           6           5   6.8115454238780466E-013
           6           6   7.3868897381414556     
           6           7  -2.2210414539881632E-014
           6           8   4.9302452437543142E-014
           6           9  -1.0632413575796841E-015
           6          10 -0.45063103934303106     
           6          11   6.8462392804140139E-015
           6          12   2.0768588431863813E-014
           6          13  -1.1989975818099540E-014
           6          14  -2.1028539127469381     
           6          15   1.7166109498776132E-004
           6          16  -2.1028568948684851     
           6          17  -1.0761765720980415E-005
           6          18  -1.0655130335740598E-005
           6          19  -2.1030045590872590     
           7           1  -6.5662468889252444E-015
           7           2   1.1486237395124583E-014
           7           3 -0.77131776197782942     
           7           4   8.7474191566545133E-003
           7           5  -5.4839213837150596E-004
           7           6  -2.2210414539881632E-014
           7           7   2.2765116160501542     
           7           8  -3.0392212986417363E-002
           7           9   1.9053449211440302E-003
           7          10  -1.3567184955935092E-014
           7          11  -9.6277911105099784E-002
           7          12  0.12622055880200084     
           7          13  -7.9130039122626821E-003
           7          14  -3.1227300874642767E-014
           7          15   9.3157618469925145E-015
           7          16   4.4428391652244351E-014
           7          17   1.6994887345759378E-014
           7          18  -3.7156653489436548E-016
           7          19   1.4911485941086726E-014
           8           1   1.6412595139878682E-014
           8           2  -3.9815755443843597E-014
           8           3   8.7474191566525757E-003
           8           4 -0.77149198107516581     
           8           5  -5.4295826794659564E-004
           8           6   4.9302452437543142E-014
           8           7  -3.0392212986417363E-002
           8           8   2.2771169264651752     
           8           9   1.8864653699754482E-003
           8          10  -6.8997634729330725E-015
           8          11  0.12622055880200619     
           8          12  -9.8791799097163790E-002
           8          13  -7.8345960809752691E-003
           8          14  -7.2899839910240921E-014
           8          15   2.7508103064920264E-015
           8          16   2.4645470852386469E-014
           8          17  -6.9795363137577568E-015
           8          18  -8.5973748025955467E-015
           8          19   2.0328336636947528E-015
           9           1   1.3785860535704309E-014
           9           2  -3.3875950268381562E-014
           9           3  -5.4839213838447540E-004
           9           4  -5.4295826795209927E-004
           9           5 -0.78011868533078510     
           9           6  -1.0632413575796841E-015
           9           7   1.9053449211440302E-003
           9           8   1.8864653699754482E-003
           9           9   2.3070897251169584     
           9          10  -1.2220152580859431E-014
           9          11  -7.9130039122681812E-003
           9          12  -7.8345960809763152E-003
           9          13 -0.22327050672557308     
           9          14  -1.2063391828131166E-013
           9          15  -6.6042777315247136E-016
           9          16   9.1850938967704346E-014
           9          17   5.0309157961851673E-015
           9          18   7.2623811353640689E-015
           9          19   4.0976074630074028E-014
          10           1  -3.6946147134605214E-002
          10           2  0.12609812551554764     
          10           3  -6.1483072472428832E-016
          10           4   3.4481423323595102E-015
          10           5  -1.7450090488566910E-014
          10           6 -0.45063103934303106     
          10           7  -1.3567184955935092E-014
          10           8  -6.8997634729330725E-015
          10           9  -1.2220152580859431E-014
          10          10   2.0877611417413036     
          10          11   4.8029134210291539E-014
          10          12   3.3766261450901069E-014
          10          13   3.3369325883879166E-014
          10          14  -1.4117766013502734E-003
          10          15   1.7893712535888655E-006
          10          16  -1.4118076860940541E-003
          10          17  -1.1217911473372297E-007
          10          18  -1.1106759283788546E-007
          10          19  -1.4133469173576961E-003
          11           1   3.9519502665066090E-015
          11           2  -8.0403269109968591E-015
          11           3   2.5006008955736334E-002
          11           4  -3.6322769461403469E-002
          11           5   2.2771426428507863E-003
          11           6   6.8462392804140139E-015
          11           7  -9.6277911105099784E-002
          11           8  0.12622055880200619     
          11           9  -7.9130039122681812E-003
          11          10   4.8029134210291539E-014
          11          11  0.52175919555832861     
          11          12 -0.52441286283666222     
          11          13   3.2876427379873285E-002
          11          14  -2.3603091278805305E-013
          11          15   5.9668975326315473E-015
          11          16   1.4785310276400134E-013
          11          17  -1.4624481256405706E-014
          11          18   1.1936838492752803E-014
          11          19   6.6393518688540321E-014
          12           1   4.9106538905095366E-015
          12           2  -1.1473624548798672E-014
          12           3  -3.6322769461396308E-002
          12           4   2.5729436065042351E-002
          12           5   2.2545790477757530E-003
          12           6   2.0768588431863813E-014
          12           7  0.12622055880200084     
          12           8  -9.8791799097163790E-002
          12           9  -7.8345960809763152E-003
          12          10   3.3766261450901069E-014
          12          11 -0.52441286283666222     
          12          12  0.53220373178319003     
          12          13   3.2550663687632965E-002
          12          14  -7.0694879739504395E-015
          12          15  -6.9281760031636821E-015
          12          16  -4.8933158008593990E-016
          12          17  -2.6808909194408474E-015
          12          18  -7.1167890809595637E-015
          12          19  -1.0056634201651840E-014
          13           1  -2.1121740313256064E-015
          13           2   5.3248420870042072E-015
          13           3   2.2771426428496912E-003
          13           4   2.2545790477655221E-003
          13           5   6.1550949160460139E-002
          13           6  -1.1989975818099540E-014
          13           7  -7.9130039122626821E-003
          13           8  -7.8345960809752691E-003
          13           9 -0.22327050672557308     
          13          10   3.3369325883879166E-014
          13          11   3.2876427379873285E-002
          13          12   3.2550663687632965E-002
          13          13   1.0493796661096815     
          13          14   1.2712762073502299E-013
          13          15   4.2522025818079180E-015
          13          16  -7.7210938755695932E-014
          13          17   3.2766529069336574E-015
          13          18   1.2857143859269193E-014
          13          19  -3.7452234608398948E-014
          14           1 -0.58967324143870647     
          14           2   1.4927252620623308     
          14           3   2.5175363969097182E-013
          14           4   3.2231890451890070E-014
          14           5  -2.5361191951377181E-013
          14           6  -2.1028539127469381     
          14           7  -3.1227300874642767E-014
          14           8  -7.2899839910240921E-014
          14           9  -1.2063391828131166E-013
          14          10  -1.4117766013502734E-003
          14          11  -2.3603091278805305E-013
          14          12  -7.0694879739504395E-015
          14          13   1.2712762073502299E-013
          14          14   2.8775377307639385     
          14          15  -7.6892765191626555E-005
          14          16 -0.12246093344440898     
          14          17   4.8205565264308790E-006
          14          18   4.7727913741623996E-006
          14          19 -0.12239478968557399     
          15           1  -2.0311044799931891E-006
          15           2  -1.9291289675275328E-007
          15           3  -6.2177054004566194E-015
          15           4  -4.7434322529920179E-015
          15           5  -3.6293813532695338E-014
          15           6   1.7166109498776132E-004
          15           7   9.3157618469925145E-015
          15           8   2.7508103064920264E-015
          15           9  -6.6042777315247136E-016
          15          10   1.7893712535888655E-006
          15          11   5.9668975326315473E-015
          15          12  -6.9281760031636821E-015
          15          13   4.2522025818079180E-015
          15          14  -7.6892765191626555E-005
          15          15   1.9999999999738840     
          15          16  -7.6892765565534464E-005
          15          17   1.4094049549933758E-012
          15          18   1.8494937515564152E-012
          15          19  -7.6892742904279593E-005
          16           1 -0.58967320615409313     
          16           2   1.4927252654137233     
          16           3   1.9979651330390338E-013
          16           4  -1.3450416174914242E-014
          16           5  -3.0381779572409895E-013
          16           6  -2.1028568948684851     
          16           7   4.4428391652244351E-014
          16           8   2.4645470852386469E-014
          16           9   9.1850938967704346E-014
          16          10  -1.4118076860940541E-003
          16          11   1.4785310276400134E-013
          16          12  -4.8933158008593990E-016
          16          13  -7.7210938755695932E-014
          16          14 -0.12246093344440898     
          16          15  -7.6892765565534464E-005
          16          16   2.8775404023471953     
          16          17   4.8205556395457109E-006
          16          18   4.7727898875198179E-006
          16          19 -0.12239345389251932     
          17           1   1.2733385341165406E-007
          17           2   1.2094106419382170E-008
          17           3  -2.7500194556548139E-015
          17           4   6.2190831554481112E-015
          17           5  -1.6189726638410698E-014
          17           6  -1.0761765720980415E-005
          17           7   1.6994887345759378E-014
          17           8  -6.9795363137577568E-015
          17           9   5.0309157961851673E-015
          17          10  -1.1217911473372297E-007
          17          11  -1.4624481256405706E-014
          17          12  -2.6808909194408474E-015
          17          13   3.2766529069336574E-015
          17          14   4.8205565264308790E-006
          17          15   1.4094049549933758E-012
          17          16   4.8205556395457109E-006
          17          17   1.9999999999989160     
          17          18  -9.3718542755205677E-014
          17          19   4.8205545130542793E-006
          18           1   1.2607215329540943E-007
          18           2   1.1974227588087315E-008
          18           3   3.6772179972315216E-015
          18           4   8.2927902613255083E-015
          18           5  -1.5858310508164950E-014
          18           6  -1.0655130335740598E-005
          18           7  -3.7156653489436548E-016
          18           8  -8.5973748025955467E-015
          18           9   7.2623811353640689E-015
          18          10  -1.1106759283788546E-007
          18          11   1.1936838492752803E-014
          18          12  -7.1167890809595637E-015
          18          13   1.2857143859269193E-014
          18          14   4.7727913741623996E-006
          18          15   1.8494937515564152E-012
          18          16   4.7727898875198179E-006
          18          17  -9.3718542755205677E-014
          18          18   2.0000000000008789     
          18          19   4.7727887500187469E-006
          19           1 -0.58967145898207329     
          19           2   1.4927254313588327     
          19           3   2.1592480745996511E-013
          19           4  -9.5123080718437617E-015
          19           5  -3.3944697736938697E-013
          19           6  -2.1030045590872590     
          19           7   1.4911485941086726E-014
          19           8   2.0328336636947528E-015
          19           9   4.0976074630074028E-014
          19          10  -1.4133469173576961E-003
          19          11   6.6393518688540321E-014
          19          12  -1.0056634201651840E-014
          19          13  -3.7452234608398948E-014
          19          14 -0.12239478968557399     
          19          15  -7.6892742904279593E-005
          19          16 -0.12239345389251932     
          19          17   4.8205545130542793E-006
          19          18   4.7727887500187469E-006
          19          19   2.8776726898466398     
