           1           1   2.3843801949148560     
           1           2  -1.0248345561262941     
           1           3   4.9985825220469222E-014
           1           4   5.2728915725972421E-014
           1           5   9.0811566067341271E-014
           1           6   1.8560440977283426     
           1           7  -3.3171322570669161E-014
           1           8  -9.4886785452658063E-015
           1           9  -8.8012293871368403E-014
           1          10  -3.3220731930642705E-002
           1          11   8.0042642842614152E-015
           1          12   3.2989360344951464E-014
           1          13   4.1790973423456040E-014
           1          14 -0.70553952355963112     
           1          15  -2.0577944781610427E-006
           1          16 -0.70552981198558984     
           1          17   3.4988069788747104E-007
           1          18   6.2176574770984375E-008
           1          19 -0.70552950444728246     
           2           1  -1.0248345561262941     
           2           2   2.7341058096153659     
           2           3   1.9191118607343442E-014
           2           4  -4.1997646972717736E-014
           2           5   3.5348087935238571E-014
           2           6  -4.9448675571842786     
           2           7   1.9767810762886919E-014
           2           8  -3.5048924156134415E-014
           2           9   2.0500383436901170E-013
           2          10  0.11867306220762011     
           2          11  -2.2622748454172340E-014
           2          12  -1.9857414099400636E-013
           2          13  -1.6230851443452806E-013
           2          14   1.8157397971152713     
           2          15  -1.5907645668756886E-007
           2          16   1.8157405478622064     
           2          17   2.7047249552468231E-008
           2          18   4.8065817121365001E-009
           2          19   1.8157405716362156     
           3           1   4.9985825220469222E-014
           3           2   1.9191118607343442E-014
           3           3   2.2534359033448208     
           3           4  -1.4690004000696177E-003
           3           5   2.4976984419384184E-004
           3           6  -2.0052459847814643E-012
           3           7 -0.74660032152145339     
           3           8   4.7698833766690787E-003
           3           9  -8.1100931948202364E-004
           3          10   5.1040032766691475E-014
           3          11  -4.3678021343747236E-002
           3          12  -1.6275496889500835E-002
           3          13   2.7672751445108322E-003
           3          14   9.5570995381512031E-013
           3          15  -4.8484057275818970E-013
           3          16   8.5915318542622695E-013
           3          17   2.9663474680539943E-012
           3          18  -5.1093438371186331E-013
           3          19   8.4373207204031835E-013
           4           1   5.2728915725972421E-014
           4           2  -4.1997646972717736E-014
           4           3  -1.4690004000696177E-003
           4           4   2.2614412275248945     
           4           5   4.4386070778927415E-005
           4           6  -1.7569856163421153E-012
           4           7   4.7698833766132240E-003
           4           8 -0.77259382109640207     
           4           9  -1.4412275617663693E-004
           4          10  -2.4136443736995572E-013
           4          11  -1.6275496889037608E-002
           4          12   4.5015367633753620E-002
           4          13   4.9176663147430539E-004
           4          14   8.3083235243035564E-013
           4          15  -6.9423248840550446E-014
           4          16   7.1868622518401909E-013
           4          17   2.6934708322760627E-012
           4          18  -3.1169756723881855E-013
           4          19   7.7673347548511442E-013
           5           1   9.0811566067341271E-014
           5           2   3.5348087935238571E-014
           5           3   2.4976984419384184E-004
           5           4   4.4386070778927415E-005
           5           5   2.2616947336456965     
           5           6  -8.5812130167285615E-012
           5           7  -8.1100931953497369E-004
           5           8  -1.4412275633061446E-004
           5           9 -0.77341696224431922     
           5          10  -4.9078901619454536E-013
           5          11   2.7672751447408738E-003
           5          12   4.9176663153380901E-004
           5          13   4.7824038228821357E-002
           5          14   4.2048304991908233E-012
           5          15   6.0614466709085679E-013
           5          16   3.3688572978107994E-012
           5          17   2.9986937428030506E-013
           5          18   2.1758080269207301E-013
           5          19   4.1273347113215231E-012
           6           1   1.8560440977283426     
           6           2  -4.9448675571842786     
           6           3  -2.0052459847814643E-012
           6           4  -1.7569856163421153E-012
           6           5  -8.5812130167285615E-012
           6           6   10.312088309931818     
           6           7   3.1693885532271548E-014
           6           8   1.3719812728019241E-012
           6           9   2.7172357277340442E-012
           6          10 -0.51338876358426744     
           6          11  -4.6958960698443177E-014
           6          12   1.2939992236185644E-012
           6          13   1.0398283086821487E-012
           6          14  -3.1410095371417466     
           6          15   1.7294059045565072E-004
           6          16  -3.1418257145345345     
           6          17  -2.9404583571661611E-005
           6          18  -5.2254267339680946E-006
           6          19  -3.1418515605816308     
           7           1  -3.3171322570669161E-014
           7           2   1.9767810762886919E-014
           7           3 -0.74660032152145339     
           7           4   4.7698833766132240E-003
           7           5  -8.1100931953497369E-004
           7           6   3.1693885532271548E-014
           7           7   2.2006323491229547     
           7           8  -1.5487895908813982E-002
           7           9   2.6333616439638084E-003
           7          10  -1.1544339023564539E-013
           7          11  0.10897169197227033     
           7          12   5.2846051920873174E-002
           7          13  -8.9852596795756950E-003
           7          14  -2.4391514973551083E-013
           7          15  -3.8016985943746809E-013
           7          16   9.2399976610453758E-014
           7          17   2.2660985970668610E-012
           7          18   2.1823469684127808E-014
           7          19   1.7264600523239896E-013
           8           1  -9.4886785452658063E-015
           8           2  -3.5048924156134415E-014
           8           3   4.7698833766690787E-003
           8           4 -0.77259382109640207     
           8           5  -1.4412275633061446E-004
           8           6   1.3719812728019241E-012
           8           7  -1.5487895908813982E-002
           8           8   2.2850337032139101     
           8           9   4.6796914576409387E-004
           8          10   8.9969775918485682E-013
           8          11   5.2846051919549546E-002
           8          12 -0.17901309096880191     
           8          13  -1.5967515533309162E-003
           8          14  -7.1126015971827251E-013
           8          15  -1.0783581984987199E-012
           8          16  -4.9316091736393672E-013
           8          17   2.7344795967447406E-013
           8          18  -3.8298582117994541E-013
           8          19  -6.0114756086012446E-013
           9           1  -8.8012293871368403E-014
           9           2   2.0500383436901170E-013
           9           3  -8.1100931948202364E-004
           9           4  -1.4412275617663693E-004
           9           5 -0.77341696224431922     
           9           6   2.7172357277340442E-012
           9           7   2.6333616439638084E-003
           9           8   4.6796914576409387E-004
           9           9   2.2877064571172063     
           9          10   1.2569306642328357E-012
           9          11  -8.9852596802611987E-003
           9          12  -1.5967515534837454E-003
           9          13 -0.18813276043879049     
           9          14  -2.2521370725223776E-012
           9          15  -1.6629991859482465E-012
           9          16  -1.8753689263426386E-014
           9          17  -8.5165794950299557E-013
           9          18  -7.0045474444359510E-013
           9          19  -1.9720926901562501E-012
          10           1  -3.3220731930642705E-002
          10           2  0.11867306220762011     
          10           3   5.1040032766691475E-014
          10           4  -2.4136443736995572E-013
          10           5  -4.9078901619454536E-013
          10           6 -0.51338876358426744     
          10           7  -1.1544339023564539E-013
          10           8   8.9969775918485682E-013
          10           9   1.2569306642328357E-012
          10          10   2.0861338208263827     
          10          11   2.2734285679591866E-013
          10          12  -2.3141404799160333E-012
          10          13  -1.3992232877601193E-012
          10          14   2.9540245466974212E-002
          10          15   1.8079691239839702E-006
          10          16   2.9531712917041420E-002
          10          17  -3.0740315486159802E-007
          10          18  -5.4627540370265825E-008
          10          19   2.9531442714511795E-002
          11           1   8.0042642842614152E-015
          11           2  -2.2622748454172340E-014
          11           3  -4.3678021343747236E-002
          11           4  -1.6275496889037608E-002
          11           5   2.7672751447408738E-003
          11           6  -4.6958960698443177E-014
          11           7  0.10897169197227033     
          11           8   5.2846051919549546E-002
          11           9  -8.9852596802611987E-003
          11          10   2.2734285679591866E-013
          11          11   3.9392287801851757E-002
          11          12 -0.18030095827453951     
          11          13   3.0656044711286960E-002
          11          14   1.0616761564257518E-012
          11          15   2.3643941052990629E-012
          11          16  -3.2931592927801508E-013
          11          17  -1.3675648010219463E-011
          11          18   7.2709139942496719E-013
          11          19  -6.7901656886889127E-013
          12           1   3.2989360344951464E-014
          12           2  -1.9857414099400636E-013
          12           3  -1.6275496889500835E-002
          12           4   4.5015367633753620E-002
          12           5   4.9176663153380901E-004
          12           6   1.2939992236185644E-012
          12           7   5.2846051920873174E-002
          12           8 -0.17901309096880191     
          12           9  -1.5967515534837454E-003
          12          10  -2.3141404799160333E-012
          12          11 -0.18030095827453951     
          12          12   1.0219431207450063     
          12          13   5.4478210709841381E-003
          12          14  -9.7881026018386389E-013
          12          15   3.6953014096146549E-012
          12          16   1.2120275724740762E-012
          12          17  -7.2869756003820512E-012
          12          18   2.0644086145798044E-012
          12          19  -1.2638534162041009E-012
          13           1   4.1790973423456040E-014
          13           2  -1.6230851443452806E-013
          13           3   2.7672751445108322E-003
          13           4   4.9176663147430539E-004
          13           5   4.7824038228821357E-002
          13           6   1.0398283086821487E-012
          13           7  -8.9852596795756950E-003
          13           8  -1.5967515533309162E-003
          13           9 -0.18813276043879049     
          13          10  -1.3992232877601193E-012
          13          11   3.0656044711286960E-002
          13          12   5.4478210709841381E-003
          13          13   1.0530577468100948     
          13          14  -1.8003495423599020E-012
          13          15   2.7473124684795951E-012
          13          16   1.7726187900756367E-012
          13          17  -7.4375554764716160E-013
          13          18   2.3159606671471816E-012
          13          19  -7.9710228395342346E-013
          14           1 -0.70553952355963112     
          14           2   1.8157397971152713     
          14           3   9.5570995381512031E-013
          14           4   8.3083235243035564E-013
          14           5   4.2048304991908233E-012
          14           6  -3.1410095371417466     
          14           7  -2.4391514973551083E-013
          14           8  -7.1126015971827251E-013
          14           9  -2.2521370725223776E-012
          14          10   2.9540245466974212E-002
          14          11   1.0616761564257518E-012
          14          12  -9.7881026018386389E-013
          14          13  -1.8003495423599020E-012
          14          14   3.2206483567382369     
          14          15  -7.7481403468437492E-005
          14          16  0.22101402357048844     
          14          17   1.3173945040045603E-005
          14          18   2.3411137991898710E-006
          14          19  0.22102560317849901     
          15           1  -2.0577944781610427E-006
          15           2  -1.5907645668756886E-007
          15           3  -4.8484057275818970E-013
          15           4  -6.9423248840550446E-014
          15           5   6.0614466709085679E-013
          15           6   1.7294059045565072E-004
          15           7  -3.8016985943746809E-013
          15           8  -1.0783581984987199E-012
          15           9  -1.6629991859482465E-012
          15          10   1.8079691239839702E-006
          15          11   2.3643941052990629E-012
          15          12   3.6953014096146549E-012
          15          13   2.7473124684795951E-012
          15          14  -7.7481403468437492E-005
          15          15   2.0000000000273852     
          15          16  -7.7481411932448858E-005
          15          17  -5.6817594714932860E-012
          15          18   1.3026111687058609E-011
          15          19  -7.7481435146020683E-005
          16           1 -0.70552981198558984     
          16           2   1.8157405478622064     
          16           3   8.5915318542622695E-013
          16           4   7.1868622518401909E-013
          16           5   3.3688572978107994E-012
          16           6  -3.1418257145345345     
          16           7   9.2399976610453758E-014
          16           8  -4.9316091736393672E-013
          16           9  -1.8753689263426386E-014
          16          10   2.9531712917041420E-002
          16          11  -3.2931592927801508E-013
          16          12   1.2120275724740762E-012
          16          13   1.7726187900756367E-012
          16          14  0.22101402357048844     
          16          15  -7.7481411932448858E-005
          16          16   3.2213796898925482     
          16          17   1.3173939556568280E-005
          16          18   2.3411152786201408E-006
          16          19  0.22139126953064717     
          17           1   3.4988069788747104E-007
          17           2   2.7047249552468231E-008
          17           3   2.9663474680539943E-012
          17           4   2.6934708322760627E-012
          17           5   2.9986937428030506E-013
          17           6  -2.9404583571661611E-005
          17           7   2.2660985970668610E-012
          17           8   2.7344795967447406E-013
          17           9  -8.5165794950299557E-013
          17          10  -3.0740315486159802E-007
          17          11  -1.3675648010219463E-011
          17          12  -7.2869756003820512E-012
          17          13  -7.4375554764716160E-013
          17          14   1.3173945040045603E-005
          17          15  -5.6817594714932860E-012
          17          16   1.3173939556568280E-005
          17          17   1.9999999999968545     
          17          18   7.6601325124562364E-012
          17          19   1.3173932333547162E-005
          18           1   6.2176574770984375E-008
          18           2   4.8065817121365001E-009
          18           3  -5.1093438371186331E-013
          18           4  -3.1169756723881855E-013
          18           5   2.1758080269207301E-013
          18           6  -5.2254267339680946E-006
          18           7   2.1823469684127808E-014
          18           8  -3.8298582117994541E-013
          18           9  -7.0045474444359510E-013
          18          10  -5.4627540370265825E-008
          18          11   7.2709139942496719E-013
          18          12   2.0644086145798044E-012
          18          13   2.3159606671471816E-012
          18          14   2.3411137991898710E-006
          18          15   1.3026111687058609E-011
          18          16   2.3411152786201408E-006
          18          17   7.6601325124562364E-012
          18          18   2.0000000000019877     
          18          19   2.3411098058159801E-006
          19           1 -0.70552950444728246     
          19           2   1.8157405716362156     
          19           3   8.4373207204031835E-013
          19           4   7.7673347548511442E-013
          19           5   4.1273347113215231E-012
          19           6  -3.1418515605816308     
          19           7   1.7264600523239896E-013
          19           8  -6.0114756086012446E-013
          19           9  -1.9720926901562501E-012
          19          10   2.9531442714511795E-002
          19          11  -6.7901656886889127E-013
          19          12  -1.2638534162041009E-012
          19          13  -7.9710228395342346E-013
          19          14  0.22102560317849901     
          19          15  -7.7481435146020683E-005
          19          16  0.22139126953064717     
          19          17   1.3173932333547162E-005
          19          18   2.3411098058159801E-006
          19          19   3.2214028491799365     
