           1           1   2.4657768052712283     
           1           2  -1.2356086239677349     
           1           3   1.5881980671824682E-014
           1           4   2.7446792164164405E-014
           1           5  -3.9191857775329292E-014
           1           6   2.6605791730287844     
           1           7   1.6289053885023232E-014
           1           8  -2.3356556995520017E-014
           1           9   1.2810716812322873E-014
           1          10  -1.0017409725732112     
           1          11   1.7852378320404315E-015
           1          12  -3.7578331522338663E-017
           1          13   1.9109301103453488E-015
           1          14   2.1193856781940107E-002
           1          15   3.9243553202968497E-015
           1          16   2.1672908440291394E-015
           1          17  -1.9104318700599600E-015
           1          18 -0.96349440093110350     
           1          19   2.7539401591236386E-015
           1          20 -0.96349440093103667     
           1          21  -3.5603552027833019E-015
           1          22   2.5381650926577364E-015
           1          23 -0.96349440093109795     
           1          24  0.39808327943122951     
           1          25  -1.2012328865596236E-015
           1          26  0.39808327943120442     
           1          27  -3.8206957955396668E-015
           1          28   1.1765666237143172E-015
           1          29  0.39808327943120492     
           2           1  -1.2356086239677349     
           2           2   3.3537551726531500     
           2           3  -1.5445396156287427E-014
           2           4  -7.1939487281830913E-014
           2           5   9.2575791586059839E-014
           2           6  -7.9919774480581616     
           2           7  -6.7077656431923581E-014
           2           8   8.2796426332952665E-014
           2           9  -3.5149766285670514E-014
           2          10   3.1935963539518735     
           2          11   2.7995030481102648E-016
           2          12   9.2737344967287982E-015
           2          13  -9.7208380144215598E-015
           2          14  -7.8310683448857304E-002
           2          15  -7.9240982421657449E-015
           2          16  -1.9535874545542024E-015
           2          17   4.4312226561917233E-015
           2          18   2.8138069116177307     
           2          19  -3.0227733710509191E-015
           2          20   2.8138069116176170     
           2          21   1.3362828819236993E-014
           2          22   2.0023028795625179E-015
           2          23   2.8138069116177915     
           2          24  -1.2443077933905475     
           2          25  -6.3586984730115002E-015
           2          26  -1.2443077933905460     
           2          27   1.8591415056243229E-015
           2          28  -8.0333463793749083E-015
           2          29  -1.2443077933905369     
           3           1   1.5881980671824682E-014
           3           2  -1.5445396156287427E-014
           3           3   2.7457339981687672     
           3           4   9.5635516038856038E-004
           3           5  -1.7584093747044369E-004
           3           6  -2.3496287815922499E-013
           3           7  -1.5246273437655726     
           3           8  -2.4171568349627593E-003
           3           9   4.4443230033514806E-004
           3          10  -3.6539884493462914E-013
           3          11  0.43053073107625145     
           3          12   5.8801240282830552E-003
           3          13  -1.0811532831752494E-003
           3          14  -2.2009024190924103E-014
           3          15  -9.0362499433031290E-002
           3          16  -1.7210569049430784E-002
           3          17   3.1644338017723424E-003
           3          18   8.0103388723673608E-014
           3          19   7.2348592502311426E-014
           3          20   7.3440774132189069E-014
           3          21   9.4444323836691382E-014
           3          22  -4.2272687352051035E-014
           3          23   7.1134934210796070E-014
           3          24   1.1413956083265133E-013
           3          25   4.1181013861124873E-015
           3          26   2.1054182014616374E-013
           3          27  -2.0093212449797561E-015
           3          28  -5.2272241890788493E-015
           3          29   1.9022807788181174E-013
           4           1   2.7446792164164405E-014
           4           2  -7.1939487281830913E-014
           4           3   9.5635516038856038E-004
           4           4   2.7430996169945541     
           4           5   5.4147568695053826E-004
           4           6   1.0839112439806404E-013
           4           7  -2.4171568349605189E-003
           4           8  -1.5179690302802809     
           4           9  -1.3685623415749591E-003
           4          10   4.3507685562500164E-013
           4          11   5.8801240282869939E-003
           4          12  0.41433330915209388     
           4          13   3.3292487242040157E-003
           4          14   1.2579374626532877E-014
           4          15  -1.7210569049396829E-002
           4          16  -4.2954171461220936E-002
           4          17  -9.7443973589223659E-003
           4          18   1.4851476999440581E-014
           4          19  -7.0806020022868762E-014
           4          20   9.1857268042072652E-014
           4          21  -1.1373356531079054E-013
           4          22   6.5376546620357059E-014
           4          23  -1.6739710104170200E-013
           4          24  -2.2438844839486882E-013
           4          25  -3.3433664553609492E-016
           4          26  -1.8127867695166415E-013
           4          27  -1.2541595032284582E-014
           4          28  -8.1998600480376192E-015
           4          29  -1.9769757889145258E-013
           5           1  -3.9191857775329292E-014
           5           2   9.2575791586059839E-014
           5           3  -1.7584093747044369E-004
           5           4   5.4147568695053826E-004
           5           5   2.7459450098718303     
           5           6  -1.2264689504173425E-013
           5           7   4.4443230030983389E-004
           5           8  -1.3685623415975094E-003
           5           9  -1.5251606690420028     
           5          10  -2.7725032914116035E-014
           5          11  -1.0811532831985771E-003
           5          12   3.3292487242686008E-003
           5          13  0.43182813086731997     
           5          14  -9.5196225675215176E-016
           5          15   3.1644338017665216E-003
           5          16  -9.7443973589394356E-003
           5          17  -9.4159866390056246E-002
           5          18  -3.4759302945216066E-014
           5          19   1.2346373631448246E-014
           5          20   1.2899377923266916E-013
           5          21   2.6890601812519757E-014
           5          22  -1.1076805800040163E-014
           5          23   5.0223490896995455E-014
           5          24   2.6751828394123004E-014
           5          25   7.7960263504900495E-015
           5          26  -2.1527839832718222E-014
           5          27   1.3126885320591099E-014
           5          28   8.3748525795647858E-015
           5          29   1.1355761118550681E-014
           6           1   2.6605791730287844     
           6           2  -7.9919774480581616     
           6           3  -2.3496287815922499E-013
           6           4   1.0839112439806404E-013
           6           5  -1.2264689504173425E-013
           6           6   22.208239047716042     
           6           7   2.0882762273592962E-013
           6           8  -2.8054464053686658E-013
           6           9   1.0496246352237564E-013
           6          10  -10.049070164954228     
           6          11  -5.5659728295045144E-015
           6          12  -2.5224893161700236E-014
           6          13   3.0461628360949316E-014
           6          14  0.42198948158624183     
           6          15   2.8017544410488411E-014
           6          16   9.4635255346075971E-015
           6          17  -8.2298763258882852E-015
           6          18  -6.9279204736755924     
           6          19   1.2266913137377264E-014
           6          20  -6.9279204736770783     
           6          21  -4.5797024567003271E-014
           6          22  -7.5417229649132916E-015
           6          23  -6.9279204736774744     
           6          24   3.6318044988645575     
           6          25   2.6265899322258112E-014
           6          26   3.6318044988659746     
           6          27  -1.1019207611029369E-014
           6          28   3.3616556272922676E-014
           6          29   3.6318044988654679     
           7           1   1.6289053885023232E-014
           7           2  -6.7077656431923581E-014
           7           3  -1.5246273437655726     
           7           4  -2.4171568349605189E-003
           7           5   4.4443230030983389E-004
           7           6   2.0882762273592962E-013
           7           7   3.1344842506829851     
           7           8   6.1092859711648351E-003
           7           9  -1.1232883105302565E-003
           7          10   8.7583597496468814E-013
           7          11  -1.0793174837848589     
           7          12  -1.4861823906159175E-002
           7          13   2.7325800668143189E-003
           7          14   4.3440308896766851E-014
           7          15  0.23021195274419967     
           7          16   4.3499158403207817E-002
           7          17  -7.9980044125252184E-003
           7          18  -4.5094288467680957E-014
           7          19  -1.3705557700832533E-013
           7          20   2.4725320575672441E-015
           7          21  -1.8741119496419808E-013
           7          22   1.0865166181337192E-013
           7          23  -8.8980465144666716E-014
           7          24  -2.9719219247243865E-013
           7          25   8.5077012457964099E-015
           7          26  -4.9652845171313126E-013
           7          27  -6.7753076678990801E-015
           7          28   4.4442006781129538E-015
           7          29  -4.3531653317469522E-013
           8           1  -2.3356556995520017E-014
           8           2   8.2796426332952665E-014
           8           3  -2.4171568349627593E-003
           8           4  -1.5179690302802809     
           8           5  -1.3685623415975094E-003
           8           6  -2.8054464053686658E-013
           8           7   6.1092859711648351E-003
           8           8   3.1176555780131303     
           8           9   3.4589971958877115E-003
           8          10  -7.4487892698152927E-013
           8          11  -1.4861823906137219E-002
           8          12  -1.0383790220769098     
           8          13  -8.4145688153910089E-003
           8          14  -2.5192662681132257E-014
           8          15   4.3499158403127007E-002
           8          16  0.11038893224133227     
           8          17   2.4628650165042322E-002
           8          18  -7.2119543417049209E-015
           8          19   1.4048415531935739E-013
           8          20  -1.1911536505978048E-013
           8          21   2.2623068255879014E-013
           8          22  -1.1753670268950621E-013
           8          23   3.1905416195668120E-013
           8          24   4.0612285136018545E-013
           8          25   1.0142420723351650E-014
           8          26   2.8799117444579362E-013
           8          27   1.8773560611984723E-014
           8          28   1.1448748481654370E-014
           8          29   3.4079309349186318E-013
           9           1   1.2810716812322873E-014
           9           2  -3.5149766285670514E-014
           9           3   4.4443230033514806E-004
           9           4  -1.3685623415749591E-003
           9           5  -1.5251606690420028     
           9           6   1.0496246352237564E-013
           9           7  -1.1232883105302565E-003
           9           8   3.4589971958877115E-003
           9           9   3.1358322131246816     
           9          10   5.5137452788499188E-014
           9          11   2.7325800668870541E-003
           9          12  -8.4145688154930887E-003
           9          13  -1.0825966199285293     
           9          14   8.7322378704482565E-015
           9          15  -7.9980044125345165E-003
           9          16   2.4628650165061130E-002
           9          17  0.23980967530083241     
           9          18   1.4094754767975025E-013
           9          19  -3.1844863297048081E-014
           9          20  -1.8272543957233536E-013
           9          21  -5.7693803325537546E-014
           9          22   9.8766876761726973E-015
           9          23  -3.3237571525706090E-014
           9          24  -6.3414698092172595E-014
           9          25  -2.1262995149132317E-014
           9          26   5.3281184385568562E-014
           9          27  -2.1303964532155284E-014
           9          28  -1.4366517831581385E-014
           9          29  -3.2281905148500630E-014
          10           1  -1.0017409725732112     
          10           2   3.1935963539518735     
          10           3  -3.6539884493462914E-013
          10           4   4.3507685562500164E-013
          10           5  -2.7725032914116035E-014
          10           6  -10.049070164954228     
          10           7   8.7583597496468814E-013
          10           8  -7.4487892698152927E-013
          10           9   5.5137452788499188E-014
          10          10   8.9270127975204936     
          10          11  -3.6693155696281198E-014
          10          12  -4.4903406379128364E-014
          10          13   1.6235775641182175E-013
          10          14 -0.91988763640603510     
          10          15  -2.1339488045931973E-014
          10          16   1.3088256398278278E-013
          10          17   9.1123922606653494E-014
          10          18   2.8577185910245091     
          10          19   2.5948988287690096E-013
          10          20   2.8577185910240126     
          10          21  -1.5795848298358545E-013
          10          22  -9.8797009116046912E-015
          10          23   2.8577185910272513     
          10          24  -2.1841012492261576     
          10          25  -2.3418155269525347E-015
          10          26  -2.1841012492266598     
          10          27   3.3625716788372013E-014
          10          28  -1.1241362759918958E-013
          10          29  -2.1841012492370706     
          11           1   1.7852378320404315E-015
          11           2   2.7995030481102648E-016
          11           3  0.43053073107625145     
          11           4   5.8801240282869939E-003
          11           5  -1.0811532831985771E-003
          11           6  -5.5659728295045144E-015
          11           7  -1.0793174837848589     
          11           8  -1.4861823906137219E-002
          11           9   2.7325800668870541E-003
          11          10  -3.6693155696281198E-014
          11          11   2.5241343403253267     
          11          12   3.6153784723754474E-002
          11          13  -6.6474419360320388E-003
          11          14  -3.2562798244482544E-014
          11          15 -0.63240662769512446     
          11          16 -0.10581872174671281     
          11          17   1.9456436274350342E-002
          11          18   1.0802355125569870E-013
          11          19  -2.1677338958249854E-014
          11          20  -1.1341713491922326E-013
          11          21  -3.3991772646436627E-016
          11          22   5.0626615780000229E-015
          11          23   5.7793282859188205E-015
          11          24  -1.2189904976978166E-013
          11          25   1.5077451526554890E-015
          11          26   9.4383876678119305E-014
          11          27  -1.5999965941411579E-014
          11          28  -1.5025082693402010E-014
          11          29   8.3708427635549010E-014
          12           1  -3.7578331522338663E-017
          12           2   9.2737344967287982E-015
          12           3   5.8801240282830552E-003
          12           4  0.41433330915209388     
          12           5   3.3292487242686008E-003
          12           6  -2.5224893161700236E-014
          12           7  -1.4861823906159175E-002
          12           8  -1.0383790220769098     
          12           9  -8.4145688154930887E-003
          12          10  -4.4903406379128364E-014
          12          11   3.6153784723754474E-002
          12          12   2.4245449264783683     
          12          13   2.0469796400469167E-002
          12          14  -5.1057404046015171E-015
          12          15 -0.10581872174670076     
          12          16 -0.34091779593632432     
          12          17  -5.9913165552719791E-002
          12          18   9.1876066806101590E-014
          12          19   1.2572979684462858E-014
          12          20  -1.2750424154490018E-013
          12          21   1.1171811572166495E-014
          12          22  -1.0084367919001173E-014
          12          23   5.0338708207182423E-014
          12          24  -2.2640097967537538E-013
          12          25  -8.4487141603776206E-015
          12          26   2.1392832255696681E-013
          12          27  -2.1659725734557940E-016
          12          28   1.9065791966272619E-014
          12          29   7.8471401520719674E-014
          13           1   1.9109301103453488E-015
          13           2  -9.7208380144215598E-015
          13           3  -1.0811532831752494E-003
          13           4   3.3292487242040157E-003
          13           5  0.43182813086731997     
          13           6   3.0461628360949316E-014
          13           7   2.7325800668143189E-003
          13           8  -8.4145688153910089E-003
          13           9  -1.0825966199285293     
          13          10   1.6235775641182175E-013
          13          11  -6.6474419360320388E-003
          13          12   2.0469796400469167E-002
          13          13   2.5321113681090757     
          13          14   2.0774180182437121E-014
          13          15   1.9456436274363831E-002
          13          16  -5.9913165552716266E-002
          13          17 -0.65575463648214716     
          13          18  -9.4154799418459290E-014
          13          19   4.7361889723635680E-015
          13          20   1.1504874242420233E-013
          13          21  -1.4903168387728179E-014
          13          22   1.0447060798433896E-014
          13          23  -4.4660839128353188E-014
          13          24   1.1585855448460045E-013
          13          25  -2.7224687330153803E-015
          13          26  -2.6228929698701248E-013
          13          27   2.0058701132595596E-014
          13          28  -1.0495782866388683E-014
          13          29  -7.6768200170883182E-014
          14           1   2.1193856781940107E-002
          14           2  -7.8310683448857304E-002
          14           3  -2.2009024190924103E-014
          14           4   1.2579374626532877E-014
          14           5  -9.5196225675215176E-016
          14           6  0.42198948158624183     
          14           7   4.3440308896766851E-014
          14           8  -2.5192662681132257E-014
          14           9   8.7322378704482565E-015
          14          10 -0.91988763640603510     
          14          11  -3.2562798244482544E-014
          14          12  -5.1057404046015171E-015
          14          13   2.0774180182437121E-014
          14          14   2.1616505425483012     
          14          15   9.0074568672647860E-014
          14          16  -7.8948522685562556E-015
          14          17  -2.8464231555252068E-014
          14          18  -8.4588125374423978E-002
          14          19   7.3750329326128688E-015
          14          20  -8.4588125374243012E-002
          14          21  -8.7682781602449296E-015
          14          22   8.1423909026730893E-016
          14          23  -8.4588125374331552E-002
          14          24  0.13049711827302146     
          14          25   5.2624862775759487E-015
          14          26  0.13049711827262192     
          14          27   6.7123489645274712E-015
          14          28   8.2098413357994615E-015
          14          29  0.13049711827269325     
          15           1   3.9243553202968497E-015
          15           2  -7.9240982421657449E-015
          15           3  -9.0362499433031290E-002
          15           4  -1.7210569049396829E-002
          15           5   3.1644338017665216E-003
          15           6   2.8017544410488411E-014
          15           7  0.23021195274419967     
          15           8   4.3499158403127007E-002
          15           9  -7.9980044125345165E-003
          15          10  -2.1339488045931973E-014
          15          11 -0.63240662769512446     
          15          12 -0.10581872174670076     
          15          13   1.9456436274363831E-002
          15          14   9.0074568672647860E-014
          15          15   2.0753611965882350     
          15          16  0.30972142910253880     
          15          17  -5.6947155934781973E-002
          15          18  -1.1701272634062120E-013
          15          19   1.6722222239428575E-014
          15          20   1.9640554657254505E-013
          15          21  -7.6839431876723446E-015
          15          22  -8.5534812491789994E-015
          15          23  -9.4704884563569924E-014
          15          24   1.9068860609206603E-013
          15          25  -2.6616007051589579E-014
          15          26  -1.8348026200951516E-013
          15          27   2.4379385074824012E-014
          15          28   3.7983428117732549E-014
          15          29  -1.4547200249624249E-014
          16           1   2.1672908440291394E-015
          16           2  -1.9535874545542024E-015
          16           3  -1.7210569049430784E-002
          16           4  -4.2954171461220936E-002
          16           5  -9.7443973589394356E-003
          16           6   9.4635255346075971E-015
          16           7   4.3499158403207817E-002
          16           8  0.11038893224133227     
          16           9   2.4628650165061130E-002
          16          10   1.3088256398278278E-013
          16          11 -0.10581872174671281     
          16          12 -0.34091779593632432     
          16          13  -5.9913165552716266E-002
          16          14  -7.8948522685562556E-015
          16          15  0.30972142910253880     
          16          16   1.2222008479323279     
          16          17  0.17536019100151445     
          16          18  -7.7047173337218759E-014
          16          19   1.6510514732467002E-015
          16          20   2.2284761580386247E-014
          16          21   5.2376188580066158E-015
          16          22  -1.6821012160002340E-014
          16          23   5.0265949178420243E-014
          16          24   1.4438074752814196E-013
          16          25  -8.4225375782973426E-015
          16          26  -2.0506424364935393E-013
          16          27  -2.3307753256020390E-014
          16          28   4.0843978170002702E-014
          16          29  -1.1748678880592058E-013
          17           1  -1.9104318700599600E-015
          17           2   4.4312226561917233E-015
          17           3   3.1644338017723424E-003
          17           4  -9.7443973589223659E-003
          17           5  -9.4159866390056246E-002
          17           6  -8.2298763258882852E-015
          17           7  -7.9980044125252184E-003
          17           8   2.4628650165042322E-002
          17           9  0.23980967530083241     
          17          10   9.1123922606653494E-014
          17          11   1.9456436274350342E-002
          17          12  -5.9913165552719791E-002
          17          13 -0.65575463648214716     
          17          14  -2.8464231555252068E-014
          17          15  -5.6947155934781973E-002
          17          16  0.17536019100151445     
          17          17   2.1436986186326994     
          17          18   1.3957612571213723E-013
          17          19   2.7581654746614004E-015
          17          20  -2.0317831368515954E-013
          17          21   4.2373065285526470E-015
          17          22  -3.3422964988908148E-015
          17          23   7.1509407203377709E-014
          17          24  -3.4324573004118149E-013
          17          25  -3.5513740409773742E-015
          17          26   2.9447455371528955E-013
          17          27  -2.2715119946092033E-014
          17          28   5.0562191630293569E-015
          17          29  -6.5988950264644461E-014
          18           1 -0.96349440093110350     
          18           2   2.8138069116177307     
          18           3   8.0103388723673608E-014
          18           4   1.4851476999440581E-014
          18           5  -3.4759302945216066E-014
          18           6  -6.9279204736755924     
          18           7  -4.5094288467680957E-014
          18           8  -7.2119543417049209E-015
          18           9   1.4094754767975025E-013
          18          10   2.8577185910245091     
          18          11   1.0802355125569870E-013
          18          12   9.1876066806101590E-014
          18          13  -9.4154799418459290E-014
          18          14  -8.4588125374423978E-002
          18          15  -1.1701272634062120E-013
          18          16  -7.7047173337218759E-014
          18          17   1.3957612571213723E-013
          18          18   4.6520380393575644     
          18          19  -1.9423833946675240E-013
          18          20   1.2414113899956605     
          18          21   7.4731157063888394E-014
          18          22   9.4463756044130630E-013
          18          23   1.2414113899957615     
          18          24  -1.8807225920547732     
          18          25   1.0862463003076291E-013
          18          26 -0.69729781909570909     
          18          27   3.1285205109835449E-013
          18          28  -4.7905354037608607E-014
          18          29 -0.69729781909555899     
          19           1   2.7539401591236386E-015
          19           2  -3.0227733710509191E-015
          19           3   7.2348592502311426E-014
          19           4  -7.0806020022868762E-014
          19           5   1.2346373631448246E-014
          19           6   1.2266913137377264E-014
          19           7  -1.3705557700832533E-013
          19           8   1.4048415531935739E-013
          19           9  -3.1844863297048081E-014
          19          10   2.5948988287690096E-013
          19          11  -2.1677338958249854E-014
          19          12   1.2572979684462858E-014
          19          13   4.7361889723635680E-015
          19          14   7.3750329326128688E-015
          19          15   1.6722222239428575E-014
          19          16   1.6510514732467002E-015
          19          17   2.7581654746614004E-015
          19          18  -1.9423833946675240E-013
          19          19   2.2737510995750823     
          19          20  -9.8530113282626061E-013
          19          21   2.0018708912789346E-015
          19          22   3.1170812452295257E-016
          19          23   1.1761168538997804E-012
          19          24  -1.4845735952353968E-014
          19          25 -0.78894984863978190     
          19          26  -3.7970433193183186E-013
          19          27  -2.2482016248731573E-015
          19          28  -5.9739539688063182E-016
          19          29   3.9219287999673132E-014
          20           1 -0.96349440093103667     
          20           2   2.8138069116176170     
          20           3   7.3440774132189069E-014
          20           4   9.1857268042072652E-014
          20           5   1.2899377923266916E-013
          20           6  -6.9279204736770783     
          20           7   2.4725320575672441E-015
          20           8  -1.1911536505978048E-013
          20           9  -1.8272543957233536E-013
          20          10   2.8577185910240126     
          20          11  -1.1341713491922326E-013
          20          12  -1.2750424154490018E-013
          20          13   1.1504874242420233E-013
          20          14  -8.4588125374243012E-002
          20          15   1.9640554657254505E-013
          20          16   2.2284761580386247E-014
          20          17  -2.0317831368515954E-013
          20          18   1.2414113899956605     
          20          19  -9.8530113282626061E-013
          20          20   4.6520380393590521     
          20          21  -3.8361627354211942E-013
          20          22  -1.6643829314797600E-012
          20          23   1.2414113899964994     
          20          24 -0.69729781909493482     
          20          25  -3.3954227938465157E-013
          20          26  -1.8807225920552708     
          20          27  -4.2595317483766523E-013
          20          28   2.4895033332334068E-013
          20          29 -0.69729781909542432     
          21           1  -3.5603552027833019E-015
          21           2   1.3362828819236993E-014
          21           3   9.4444323836691382E-014
          21           4  -1.1373356531079054E-013
          21           5   2.6890601812519757E-014
          21           6  -4.5797024567003271E-014
          21           7  -1.8741119496419808E-013
          21           8   2.2623068255879014E-013
          21           9  -5.7693803325537546E-014
          21          10  -1.5795848298358545E-013
          21          11  -3.3991772646436627E-016
          21          12   1.1171811572166495E-014
          21          13  -1.4903168387728179E-014
          21          14  -8.7682781602449296E-015
          21          15  -7.6839431876723446E-015
          21          16   5.2376188580066158E-015
          21          17   4.2373065285526470E-015
          21          18   7.4731157063888394E-014
          21          19   2.0018708912789346E-015
          21          20  -3.8361627354211942E-013
          21          21   2.2737510995750840     
          21          22   7.9406967103459390E-016
          21          23   3.4576162138774024E-013
          21          24   3.5486074673586699E-013
          21          25  -6.2450045134378462E-016
          21          26  -3.5361681899940030E-013
          21          27 -0.78894984863978290     
          21          28  -1.5508427872970565E-015
          21          29   2.1636896159703363E-013
          22           1   2.5381650926577364E-015
          22           2   2.0023028795625179E-015
          22           3  -4.2272687352051035E-014
          22           4   6.5376546620357059E-014
          22           5  -1.1076805800040163E-014
          22           6  -7.5417229649132916E-015
          22           7   1.0865166181337192E-013
          22           8  -1.1753670268950621E-013
          22           9   9.8766876761726973E-015
          22          10  -9.8797009116046912E-015
          22          11   5.0626615780000229E-015
          22          12  -1.0084367919001173E-014
          22          13   1.0447060798433896E-014
          22          14   8.1423909026730893E-016
          22          15  -8.5534812491789994E-015
          22          16  -1.6821012160002340E-014
          22          17  -3.3422964988908148E-015
          22          18   9.4463756044130630E-013
          22          19   3.1170812452295257E-016
          22          20  -1.6643829314797600E-012
          22          21   7.9406967103459390E-016
          22          22   2.2737510995750836     
          22          23   7.1894182927194480E-013
          22          24  -4.5849719793953320E-014
          22          25  -3.9551695250686467E-015
          22          26   2.5577476143509185E-013
          22          27  -1.0564465966335547E-015
          22          28 -0.78894984863977857     
          22          29  -2.0218513206087655E-013
          23           1 -0.96349440093109795     
          23           2   2.8138069116177915     
          23           3   7.1134934210796070E-014
          23           4  -1.6739710104170200E-013
          23           5   5.0223490896995455E-014
          23           6  -6.9279204736774744     
          23           7  -8.8980465144666716E-014
          23           8   3.1905416195668120E-013
          23           9  -3.3237571525706090E-014
          23          10   2.8577185910272513     
          23          11   5.7793282859188205E-015
          23          12   5.0338708207182423E-014
          23          13  -4.4660839128353188E-014
          23          14  -8.4588125374331552E-002
          23          15  -9.4704884563569924E-014
          23          16   5.0265949178420243E-014
          23          17   7.1509407203377709E-014
          23          18   1.2414113899957615     
          23          19   1.1761168538997804E-012
          23          20   1.2414113899964994     
          23          21   3.4576162138774024E-013
          23          22   7.1894182927194480E-013
          23          23   4.6520380393591445     
          23          24 -0.69729781909633415     
          23          25   2.0665011615762515E-013
          23          26 -0.69729781909696498     
          23          27   1.2590992036265118E-013
          23          28  -2.3711824251735276E-013
          23          29  -1.8807225920564081     
          24           1  0.39808327943122951     
          24           2  -1.2443077933905475     
          24           3   1.1413956083265133E-013
          24           4  -2.2438844839486882E-013
          24           5   2.6751828394123004E-014
          24           6   3.6318044988645575     
          24           7  -2.9719219247243865E-013
          24           8   4.0612285136018545E-013
          24           9  -6.3414698092172595E-014
          24          10  -2.1841012492261576     
          24          11  -1.2189904976978166E-013
          24          12  -2.2640097967537538E-013
          24          13   1.1585855448460045E-013
          24          14  0.13049711827302146     
          24          15   1.9068860609206603E-013
          24          16   1.4438074752814196E-013
          24          17  -3.4324573004118149E-013
          24          18  -1.8807225920547732     
          24          19  -1.4845735952353968E-014
          24          20 -0.69729781909493482     
          24          21   3.5486074673586699E-013
          24          22  -4.5849719793953320E-014
          24          23 -0.69729781909633415     
          24          24   2.9352570362887329     
          24          25  -2.2162478902393092E-013
          24          26 -0.47536961307364578     
          24          27  -7.0884500538555940E-013
          24          28   3.3187648624659826E-013
          24          29 -0.47536961306897563     
          25           1  -1.2012328865596236E-015
          25           2  -6.3586984730115002E-015
          25           3   4.1181013861124873E-015
          25           4  -3.3433664553609492E-016
          25           5   7.7960263504900495E-015
          25           6   2.6265899322258112E-014
          25           7   8.5077012457964099E-015
          25           8   1.0142420723351650E-014
          25           9  -2.1262995149132317E-014
          25          10  -2.3418155269525347E-015
          25          11   1.5077451526554890E-015
          25          12  -8.4487141603776206E-015
          25          13  -2.7224687330153803E-015
          25          14   5.2624862775759487E-015
          25          15  -2.6616007051589579E-014
          25          16  -8.4225375782973426E-015
          25          17  -3.5513740409773742E-015
          25          18   1.0862463003076291E-013
          25          19 -0.78894984863978190     
          25          20  -3.3954227938465157E-013
          25          21  -6.2450045134378462E-016
          25          22  -3.9551695250686467E-015
          25          23   2.0665011615762515E-013
          25          24  -2.2162478902393092E-013
          25          25   2.2737510995750831     
          25          26   3.8636895154394761E-013
          25          27   6.9388939037777329E-016
          25          28   2.2568752418677049E-015
          25          29  -1.7049401697296700E-013
          26           1  0.39808327943120442     
          26           2  -1.2443077933905460     
          26           3   2.1054182014616374E-013
          26           4  -1.8127867695166415E-013
          26           5  -2.1527839832718222E-014
          26           6   3.6318044988659746     
          26           7  -4.9652845171313126E-013
          26           8   2.8799117444579362E-013
          26           9   5.3281184385568562E-014
          26          10  -2.1841012492266598     
          26          11   9.4383876678119305E-014
          26          12   2.1392832255696681E-013
          26          13  -2.6228929698701248E-013
          26          14  0.13049711827262192     
          26          15  -1.8348026200951516E-013
          26          16  -2.0506424364935393E-013
          26          17   2.9447455371528955E-013
          26          18 -0.69729781909570909     
          26          19  -3.7970433193183186E-013
          26          20  -1.8807225920552708     
          26          21  -3.5361681899940030E-013
          26          22   2.5577476143509185E-013
          26          23 -0.69729781909696498     
          26          24 -0.47536961307364578     
          26          25   3.8636895154394761E-013
          26          26   2.9352570362891965     
          26          27   9.5698614817141562E-013
          26          28  -8.6687527864764005E-013
          26          29 -0.47536961306873637     
          27           1  -3.8206957955396668E-015
          27           2   1.8591415056243229E-015
          27           3  -2.0093212449797561E-015
          27           4  -1.2541595032284582E-014
          27           5   1.3126885320591099E-014
          27           6  -1.1019207611029369E-014
          27           7  -6.7753076678990801E-015
          27           8   1.8773560611984723E-014
          27           9  -2.1303964532155284E-014
          27          10   3.3625716788372013E-014
          27          11  -1.5999965941411579E-014
          27          12  -2.1659725734557940E-016
          27          13   2.0058701132595596E-014
          27          14   6.7123489645274712E-015
          27          15   2.4379385074824012E-014
          27          16  -2.3307753256020390E-014
          27          17  -2.2715119946092033E-014
          27          18   3.1285205109835449E-013
          27          19  -2.2482016248731573E-015
          27          20  -4.2595317483766523E-013
          27          21 -0.78894984863978290     
          27          22  -1.0564465966335547E-015
          27          23   1.2590992036265118E-013
          27          24  -7.0884500538555940E-013
          27          25   6.9388939037777329E-016
          27          26   9.5698614817141562E-013
          27          27   2.2737510995750831     
          27          28   1.0061396103689004E-016
          27          29  -2.8806389853877875E-013
          28           1   1.1765666237143172E-015
