           1           1   2.4502684219313795     
           1           2  -1.1942408080365410     
           1           3   2.7014952633485252E-012
           1           4   2.2689606746520337E-012
           1           5   5.8965854092851591E-012
           1           6   2.5826538466783928     
           1           7   4.3721119232914741E-012
           1           8   2.5012079118552143E-012
           1           9  -3.8095493434542206E-013
           1          10 -0.57861839403551019     
           1          11  -1.1188465747599842E-011
           1          12  -2.6589401502921972E-013
           1          13  -5.6880866294644811E-012
           1          14   1.9567712278417637E-002
           1          15   2.7437448345206643E-011
           1          16  -5.6026270250502906E-012
           1          17   1.6260116844594667E-011
           1          18 -0.94891070658656207     
           1          19  -1.7907126786799007E-007
           1          20 -0.94890986166399849     
           1          21   1.3442970463465894E-006
           1          22   2.3894218445580100E-007
           1          23 -0.94891138753314919     
           1          24  0.22053333410007164     
           1          25   6.8686112331009225E-007
           1          26  0.22053009324325024     
           1          27  -5.1563020615842611E-006
           1          28  -9.1650707226466091E-007
           1          29  0.22053594599873938     
           2           1  -1.1942408080365410     
           2           2   3.2343484448480528     
           2           3  -3.1315405805921627E-012
           2           4  -5.0487851120157834E-012
           2           5  -7.9029833977895859E-012
           2           6  -7.7075840083841349     
           2           7  -1.1137405504054133E-011
           2           8  -2.6596358899947491E-012
           2           9  -2.0464695646454355E-012
           2          10   1.8927353663410198     
           2          11   3.1334466408633003E-011
           2          12  -3.9715994441086842E-012
           2          13   1.6951312664763232E-011
           2          14  -7.0377436468794005E-002
           2          15  -9.7815138946917826E-011
           2          16   1.7450474938448733E-011
           2          17  -6.2620708071951861E-011
           2          18   2.7557247558967770     
           2          19   1.1800461551948747E-007
           2          20   2.7557241991088950     
           2          21  -8.8586607944728225E-007
           2          22  -1.5745832228222811E-007
           2          23   2.7557252046272813     
           2          24 -0.70512783705274718     
           2          25  -5.6174622578452766E-007
           2          26 -0.70512518653286960     
           2          27   4.2170575616851179E-006
           2          28   7.4956110767018034E-007
           2          29 -0.70512997318181614     
           3           1   2.7014952633485252E-012
           3           2  -3.1315405805921627E-012
           3           3   2.6559539419116271     
           3           4   1.4726759145791227E-004
           3           5  -1.1055454393761874E-003
           3           6   1.4057338270499785E-011
           3           7  -1.3785262824674200     
           3           8  -3.7810566842607794E-004
           3           9   2.8384588349388328E-003
           3          10   9.4618105495479950E-011
           3          11  0.31803850342935636     
           3          12   1.0746485632660676E-003
           3          13  -8.0674424226265078E-003
           3          14  -6.7798250927418281E-011
           3          15   6.5381424624450304E-004
           3          16  -3.1896047478738448E-003
           3          17   2.3944527612623823E-002
           3          18  -3.5490982497087407E-011
           3          19   6.2071066930614029E-012
           3          20   5.8558091704405593E-012
           3          21  -2.5285757475057151E-011
           3          22   5.8466386809536376E-013
           3          23  -1.6968336862661239E-012
           3          24   3.5920991299790301E-011
           3          25  -1.7987175833193109E-011
           3          26  -7.8984802466287102E-011
           3          27   7.0155942506870356E-011
           3          28  -2.7763968339923470E-012
           3          29  -5.5336802821147540E-011
           4           1   2.2689606746520337E-012
           4           2  -5.0487851120157834E-012
           4           3   1.4726759145791227E-004
           4           4   2.6551515852219492     
           4           5  -1.9650521769620417E-004
           4           6  -4.9199539395241483E-011
           4           7  -3.7810566594969979E-004
           4           8  -1.3764662527703393     
           4           9   5.0452197926898639E-004
           4          10   4.1395507611271330E-011
           4          11   1.0746485628212157E-003
           4          12  0.31218350536755907     
           4          13  -1.4339478814858881E-003
           4          14   1.4978088622067345E-011
           4          15  -3.1896047454188013E-003
           4          16   1.8031708671076514E-002
           4          17   4.2560211054429049E-003
           4          18   1.8910989052219607E-011
           4          19  -3.0959711189185470E-011
           4          20   2.9340486533836080E-011
           4          21  -3.8114819191175912E-013
           4          22  -1.9980940583095761E-011
           4          23   1.4600722762871058E-011
           4          24  -1.6239168610598770E-011
           4          25   8.5200359863474694E-011
           4          26  -4.2610502689237790E-011
           4          27   2.6969511148384210E-012
           4          28   5.3410210814671242E-011
           4          29  -1.9111309001928145E-012
           5           1   5.8965854092851591E-012
           5           2  -7.9029833977895859E-012
           5           3  -1.1055454393761874E-003
           5           4  -1.9650521769620417E-004
           5           5   2.6566005839946003     
           5           6   1.3638091780011366E-011
           5           7   2.8384588349953310E-003
           5           8   5.0452197757745450E-004
           5           9  -1.3801865190061786     
           5          10   7.1635382711743378E-011
           5          11  -8.0674424226466600E-003
           5          12  -1.4339478798563235E-003
           5          13  0.32275721293359799     
           5          14  -4.2808659344940920E-011
           5          15   2.3944527612299690E-002
           5          16   4.2560211028207090E-003
           5          17  -1.3351525227244861E-002
           5          18  -9.6221354145827352E-012
           5          19  -3.5638263201964551E-014
           5          20   4.3546215358529921E-012
           5          21  -2.6051364894314373E-011
           5          22   1.6472471629466021E-012
           5          23  -1.8370489833860007E-011
           5          24  -2.2333528887502342E-011
           5          25  -4.9818246468513331E-013
           5          26  -6.0481889489267541E-011
           5          27   7.2520057759244914E-011
           5          28  -5.9281644842579349E-012
           5          29   4.1029588545223316E-012
           6           1   2.5826538466783928     
           6           2  -7.7075840083841349     
           6           3   1.4057338270499785E-011
           6           4  -4.9199539395241483E-011
           6           5   1.3638091780011366E-011
           6           6   21.494333576403605     
           6           7   3.0046311964294690E-011
           6           8   1.5566241747694290E-011
           6           9   7.2388053801983472E-012
           6          10  -6.5790058591793965     
           6          11  -1.2930013350505094E-010
           6          12   1.8593854663466320E-011
           6          13  -7.4311904082671300E-011
           6          14  0.36533045094539462     
           6          15   4.0868903178331246E-010
           6          16  -7.4914303945673549E-011
           6          17   2.6289880160483712E-010
           6          18  -6.8000316083972194     
           6          19   1.1804238835112150E-005
           6          20  -6.8000873050261257     
           6          21  -8.8615033822690855E-005
           6          22  -1.5750881983204003E-005
           6          23  -6.7999867208973095     
           6          24   2.2589635365366494     
           6          25  -4.7582658152842094E-005
           6          26   2.2591880485674007     
           6          27   3.5720547762965168E-004
           6          28   6.3491502445041985E-005
           6          29   2.2587825958997252     
           7           1   4.3721119232914741E-012
           7           2  -1.1137405504054133E-011
           7           3  -1.3785262824674200     
           7           4  -3.7810566594969979E-004
           7           5   2.8384588349953310E-003
           7           6   3.0046311964294690E-011
           7           7   2.9072981387664578     
           7           8   9.7077627562808819E-004
           7           9  -7.2876678020060408E-003
           7          10  -2.3419879853551825E-010
           7          11 -0.81451499986638742     
           7          12  -2.7591300589826055E-003
           7          13   2.0712932251280208E-002
           7          14   1.7402947435402685E-010
           7          15   3.4701897657363895E-004
           7          16   8.1892001242101463E-003
           7          17  -6.1476748402261035E-002
           7          18   6.0336291997293259E-011
           7          19  -1.6426440293251155E-011
           7          20  -4.5440891307839037E-011
           7          21   6.4533423261465834E-011
           7          22  -1.8517246507072184E-012
           7          23  -2.6197826562353627E-011
           7          24  -9.5954639472351793E-011
           7          25   4.6008155809787750E-011
           7          26   1.9672176225107304E-010
           7          27  -1.7756125616594640E-010
           7          28   8.1696470995310928E-012
           7          29   1.3983542028415714E-010
           8           1   2.5012079118552143E-012
           8           2  -2.6596358899947491E-012
           8           3  -3.7810566842607794E-004
           8           4  -1.3764662527703393     
           8           5   5.0452197757745450E-004
           8           6   1.5566241747694290E-011
           8           7   9.7077627562808819E-004
           8           8   2.9020090671340339     
           8           9  -1.2953468046586186E-003
           8          10  -2.6908623262211240E-012
           8          11  -2.7591300588180072E-003
           8          12 -0.79948245648516281     
           8          13   3.6816209832312530E-003
           8          14  -3.8574872867416109E-011
           8          15   8.1892001203717028E-003
           8          16  -4.4270125307118685E-002
           8          17  -1.0927187327563589E-002
           8          18  -3.6288077305513259E-012
           8          19   8.0101838702585603E-011
           8          20  -2.7576137022063747E-011
           8          21   1.3963996646712917E-012
           8          22   4.9725289681886409E-011
           8          23   8.7567525313851841E-012
           8          24  -5.4055773176754669E-012
           8          25  -2.1812919711385895E-010
           8          26   6.2482406041632291E-011
           8          27  -3.8049220768535149E-012
           8          28  -1.3709381427962544E-010
           8          29  -3.9826199243960174E-011
           9           1  -3.8095493434542206E-013
           9           2  -2.0464695646454355E-012
           9           3   2.8384588349388328E-003
           9           4   5.0452197926898639E-004
           9           5  -1.3801865190061786     
           9           6   7.2388053801983472E-012
           9           7  -7.2876678020060408E-003
           9           8  -1.2953468046586186E-003
           9           9   2.9115607520618241     
           9          10  -1.6695555314919830E-010
           9          11   2.0712932251217595E-002
           9          12   3.6816209829703358E-003
           9          13 -0.82663015423089603     
           9          14   1.1065713010145308E-010
           9          15  -6.1476748403266550E-002
           9          16  -1.0927187323454149E-002
           9          17   3.6305244801500547E-002
           9          18   5.6513075056379062E-012
           9          19  -1.8123225475967758E-013
           9          20  -2.9295005630501934E-011
           9          21   6.6726781631342935E-011
           9          22  -4.8369126164621916E-012
           9          23   2.8537206256778539E-011
           9          24   4.9286992659161322E-011
           9          25   1.3018588128401881E-012
           9          26   1.4553404542728667E-010
           9          27  -1.8387969448632061E-010
           9          28   1.6022043096837398E-011
           9          29  -1.7120295819812146E-011
          10           1 -0.57861839403551019     
          10           2   1.8927353663410198     
          10           3   9.4618105495479950E-011
          10           4   4.1395507611271330E-011
          10           5   7.1635382711743378E-011
          10           6  -6.5790058591793965     
          10           7  -2.3419879853551825E-010
          10           8  -2.6908623262211240E-012
          10           9  -1.6695555314919830E-010
          10          10   8.9833257593891034     
          10          11   5.0586243421537818E-010
          10          12  -4.0480889035254491E-011
          10          13   3.5488903879318088E-010
          10          14  -1.1063708558605727     
          10          15  -8.4706139546041770E-010
          10          16   1.6523685162149084E-010
          10          17  -5.6130076933988716E-010
          10          18   1.7665456583575985     
          10          19   1.0882441060657200E-004
          10          20   1.7660321857765204     
          10          21  -8.1695053722447290E-004
          10          22  -1.4520890111410117E-004
          10          23   1.7669594805855446     
          10          24  -2.0328447183990956     
          10          25  -6.6214149595573838E-004
          10          26  -2.0297204975277641     
          10          27   4.9707305601003372E-003
          10          28   8.8352270357732756E-004
          10          29  -2.0353626169724186     
          11           1  -1.1188465747599842E-011
          11           2   3.1334466408633003E-011
          11           3  0.31803850342935636     
          11           4   1.0746485628212157E-003
          11           5  -8.0674424226466600E-003
          11           6  -1.2930013350505094E-010
          11           7 -0.81451499986638742     
          11           8  -2.7591300588180072E-003
          11           9   2.0712932251217595E-002
          11          10   5.0586243421537818E-010
          11          11   2.2410544948694495     
          11          12   7.8419364334613596E-003
          11          13  -5.8869822796311568E-002
          11          14  -4.9608735865227837E-010
          11          15  -7.4992866351029391E-002
          11          16  -2.3274730691138199E-002
          11          17  0.17472460576308899     
          11          18  -1.5336696113363016E-010
          11          19   4.7731838158779077E-011
          11          20   1.5088050403348942E-010
          11          21  -1.8500619726509423E-010
          11          22   8.3368682014668630E-012
          11          23   9.2326667737311227E-011
          11          24   3.4471457712368247E-010
          11          25  -1.3126806342715294E-010
          11          26  -4.8716562605529938E-010
          11          27   5.0477567336804250E-010
          11          28  -2.2649684215387682E-011
          11          29  -3.2644777037582541E-010
          12           1  -2.6589401502921972E-013
          12           2  -3.9715994441086842E-012
          12           3   1.0746485632660676E-003
          12           4  0.31218350536755907     
          12           5  -1.4339478798563235E-003
          12           6   1.8593854663466320E-011
          12           7  -2.7591300589826055E-003
          12           8 -0.79948245648516281     
          12           9   3.6816209829703358E-003
          12          10  -4.0480889035254491E-011
          12          11   7.8419364334613596E-003
          12          12   2.1983293435383349     
          12          13  -1.0463819070095810E-002
          12          14   1.1045897837032940E-010
          12          15  -2.3274730682334523E-002
          12          16   5.1814636451496407E-002
          12          17   3.1056432672357089E-002
          12          18  -1.3997726554168567E-011
          12          19  -2.2625032469834323E-010
          12          20   5.5186179835723026E-011
          12          21  -4.3004823578975937E-012
          12          22  -1.4320151753911594E-010
          12          23  -5.0459299622673243E-011
          12          24   3.4991447969974981E-011
          12          25   6.2053894767737516E-010
          12          26  -1.5727705435247119E-010
          12          27   1.1306288127162794E-011
          12          28   3.9067512939134381E-010
          12          29   1.3420193068539054E-010
          13           1  -5.6880866294644811E-012
          13           2   1.6951312664763232E-011
          13           3  -8.0674424226265078E-003
          13           4  -1.4339478814858881E-003
          13           5  0.32275721293359799     
          13           6  -7.4311904082671300E-011
          13           7   2.0712932251280208E-002
          13           8   3.6816209832312530E-003
          13           9 -0.82663015423089603     
          13          10   3.5488903879318088E-010
          13          11  -5.8869822796311568E-002
          13          12  -1.0463819070095810E-002
          13          13   2.2754879097905745     
          13          14  -3.1646876358507150E-010
          13          15  0.17472460576555277     
          13          16   3.1056432662904872E-002
          13          17 -0.17719064022180092     
          13          18   5.8693505141863653E-012
          13          19   1.5379672261786821E-012
          13          20   1.0571264179871330E-010
          13          21  -1.9156643530809687E-010
          13          22   1.6287289199581988E-011
          13          23  -6.2992218547925337E-011
          13          24  -8.6183932968656287E-011
          13          25  -4.0714627016127215E-012
          13          26  -3.5875703708292736E-010
          13          27   5.2320967711485556E-010
          13          28  -4.5225974765281031E-011
          13          29   1.0354748695882200E-010
          14           1   1.9567712278417637E-002
          14           2  -7.0377436468794005E-002
          14           3  -6.7798250927418281E-011
          14           4   1.4978088622067345E-011
          14           5  -4.2808659344940920E-011
          14           6  0.36533045094539462     
          14           7   1.7402947435402685E-010
          14           8  -3.8574872867416109E-011
          14           9   1.1065713010145308E-010
          14          10  -1.1063708558605727     
          14          11  -4.9608735865227837E-010
          14          12   1.1045897837032940E-010
          14          13  -3.1646876358507150E-010
          14          14   2.1686246277167012     
          14          15   1.4808979376729193E-009
          14          16  -3.2149547570772455E-010
          14          17   9.4514977284976397E-010
          14          18  -7.2539484162367482E-002
          14          19   1.0668674086935210E-006
          14          20  -7.2544518027373564E-002
          14          21  -8.0090327285223500E-006
          14          22  -1.4235655959361148E-006
          14          23  -7.2535427227340549E-002
          14          24  0.21282742609844496     
          14          25  -6.5521449880605278E-006
          14          26  0.21285834147043969     
          14          27   4.9187303926543561E-005
          14          28   8.7427983932726302E-006
          14          29  0.21280251051790192     
          15           1   2.7437448345206643E-011
          15           2  -9.7815138946917826E-011
          15           3   6.5381424624450304E-004
          15           4  -3.1896047454188013E-003
          15           5   2.3944527612299690E-002
          15           6   4.0868903178331246E-010
          15           7   3.4701897657363895E-004
          15           8   8.1892001203717028E-003
          15           9  -6.1476748403266550E-002
          15          10  -8.4706139546041770E-010
          15          11  -7.4992866351029391E-002
          15          12  -2.3274730682334523E-002
          15          13  0.17472460576555277     
          15          14   1.4808979376729193E-009
          15          15  0.39028394463543936     
          15          16   6.9073608479578941E-002
          15          17 -0.51853914801111345     
          15          18   4.5404380032427474E-010
          15          19  -1.3934278019687827E-010
          15          20  -4.5755971359343716E-010
          15          21   5.5359606162032073E-010
          15          22  -2.4240760536697129E-011
          15          23  -2.8177664651413925E-010
          15          24  -1.3354151158670631E-009
          15          25   3.8289736882872338E-010
          15          26   1.1551793027312723E-009
          15          27  -1.5148713267365559E-009
          15          28   6.8173223192388680E-011
          15          29   6.7784498735212817E-010
          16           1  -5.6026270250502906E-012
          16           2   1.7450474938448733E-011
          16           3  -3.1896047478738448E-003
          16           4   1.8031708671076514E-002
          16           5   4.2560211028207090E-003
          16           6  -7.4914303945673549E-011
          16           7   8.1892001242101463E-003
          16           8  -4.4270125307118685E-002
          16           9  -1.0927187323454149E-002
          16          10   1.6523685162149084E-010
          16          11  -2.3274730691138199E-002
          16          12   5.1814636451496407E-002
          16          13   3.1056432662904872E-002
          16          14  -3.2149547570772455E-010
          16          15   6.9073608479578941E-002
          16          16   1.3950833567959852E-002
          16          17  -9.2167763438488870E-002
          16          18   5.0437049908049064E-011
          16          19   6.7551547533280554E-010
          16          20  -1.5651195829735684E-010
          16          21   1.1682502858371566E-011
          16          22   4.2819044050215885E-010
          16          23   1.5718937904620317E-010
          16          24  -1.2586421147413039E-010
          16          25  -1.8462575230595139E-009
          16          26   4.4925678036313336E-010
          16          27  -3.0698706231804155E-011
          16          28  -1.1689459575768013E-009
          16          29  -4.1640165741338217E-010
          17           1   1.6260116844594667E-011
          17           2  -6.2620708071951861E-011
          17           3   2.3944527612623823E-002
          17           4   4.2560211054429049E-003
          17           5  -1.3351525227244861E-002
          17           6   2.6289880160483712E-010
          17           7  -6.1476748402261035E-002
          17           8  -1.0927187327563589E-002
          17           9   3.6305244801500547E-002
          17          10  -5.6130076933988716E-010
          17          11  0.17472460576308899     
          17          12   3.1056432672357089E-002
          17          13 -0.17719064022180092     
          17          14   9.4514977284976397E-010
          17          15 -0.51853914801111345     
          17          16  -9.2167763438488870E-002
          17          17  0.69358150461870449     
          17          18  -3.2495186254961923E-011
          17          19  -1.7679454381594568E-012
          17          20  -3.2870412499732059E-010
          17          21   5.7433115213352263E-010
          17          22  -4.9591619056316638E-011
          17          23   1.7883144649657509E-010
          17          24   3.3332498805595190E-011
          17          25   5.8636506432100770E-012
          17          26   8.4488245590334343E-010
          17          27  -1.5705107069744647E-009
          17          28   1.3677695531487480E-010
          17          29  -5.3874937744508844E-010
          18           1 -0.94891070658656207     
          18           2   2.7557247558967770     
          18           3  -3.5490982497087407E-011
          18           4   1.8910989052219607E-011
          18           5  -9.6221354145827352E-012
          18           6  -6.8000316083972194     
          18           7   6.0336291997293259E-011
          18           8  -3.6288077305513259E-012
          18           9   5.6513075056379062E-012
          18          10   1.7665456583575985     
          18          11  -1.5336696113363016E-010
          18          12  -1.3997726554168567E-011
          18          13   5.8693505141863653E-012
          18          14  -7.2539484162367482E-002
          18          15   4.5404380032427474E-010
          18          16   5.0437049908049064E-011
          18          17  -3.2495186254961923E-011
          18          18   4.5611136477620100     
          18          19  -5.0227163023192224E-006
          18          20   1.2692198232883269     
          18          21   3.7705790362624922E-005
          18          22   6.7020167861574474E-006
          18          23   1.2691770246366327     
          18          24  -1.2974347745661536     
          18          25   1.9645712563140226E-005
          18          26 -0.31723750743866386     
          18          27  -1.4748137620265088E-004
          18          28  -2.6214083146105940E-005
          18          29 -0.31707010598440732     
          19           1  -1.7907126786799007E-007
          19           2   1.1800461551948747E-007
          19           3   6.2071066930614029E-012
          19           4  -3.0959711189185470E-011
          19           5  -3.5638263201964551E-014
          19           6   1.1804238835112150E-005
          19           7  -1.6426440293251155E-011
          19           8   8.0101838702585603E-011
          19           9  -1.8123225475967758E-013
          19          10   1.0882441060657200E-004
          19          11   4.7731838158779077E-011
          19          12  -2.2625032469834323E-010
          19          13   1.5379672261786821E-012
          19          14   1.0668674086935210E-006
          19          15  -1.3934278019687827E-010
          19          16   6.7551547533280554E-010
          19          17  -1.7679454381594568E-012
          19          18  -5.0227163023192224E-006
          19          19   2.1946116822908532     
          19          20  -5.0226877151666883E-006
          19          21   4.5191171252575993E-011
          19          22   8.1415628297514776E-012
          19          23  -5.0227388509141767E-006
          19          24  -4.8836854199344035E-005
          19          25 -0.65352664172679720     
          19          26  -4.8836974831397209E-005
          19          27  -1.9096945904811057E-010
          19          28  -3.4155037049839441E-011
          19          29  -4.8836758417561071E-005
          20           1 -0.94890986166399849     
          20           2   2.7557241991088950     
          20           3   5.8558091704405593E-012
          20           4   2.9340486533836080E-011
          20           5   4.3546215358529921E-012
          20           6  -6.8000873050261257     
          20           7  -4.5440891307839037E-011
          20           8  -2.7576137022063747E-011
          20           9  -2.9295005630501934E-011
          20          10   1.7660321857765204     
          20          11   1.5088050403348942E-010
          20          12   5.5186179835723026E-011
          20          13   1.0571264179871330E-010
          20          14  -7.2544518027373564E-002
          20          15  -4.5755971359343716E-010
          20          16  -1.5651195829735684E-010
          20          17  -3.2870412499732059E-010
          20          18   1.2692198232883269     
          20          19  -5.0226877151666883E-006
          20          20   4.5611610455751954     
          20          21   3.7705576451143234E-005
          20          22   6.7019784435589352E-006
          20          23   1.2692007237203047     
          20          24 -0.31691438214198364     
          20          25   1.9645591807683475E-005
          20          26  -1.2972970397152843     
          20          27  -1.4748047317898169E-004
          20          28  -2.6213921616362115E-005
          20          29 -0.31683967665552015     
          21           1   1.3442970463465894E-006
          21           2  -8.8586607944728225E-007
          21           3  -2.5285757475057151E-011
          21           4  -3.8114819191175912E-013
          21           5  -2.6051364894314373E-011
          21           6  -8.8615033822690855E-005
          21           7   6.4533423261465834E-011
          21           8   1.3963996646712917E-012
          21           9   6.6726781631342935E-011
          21          10  -8.1695053722447290E-004
          21          11  -1.8500619726509423E-010
          21          12  -4.3004823578975937E-012
          21          13  -1.9156643530809687E-010
          21          14  -8.0090327285223500E-006
          21          15   5.5359606162032073E-010
          21          16   1.1682502858371566E-011
          21          17   5.7433115213352263E-010
          21          18   3.7705790362624922E-005
          21          19   4.5191171252575993E-011
          21          20   3.7705576451143234E-005
          21          21   2.1946116819556210     
          21          22  -6.0450776687593307E-011
          21          23   3.7705962224247816E-005
          21          24   3.6662082127721335E-004
          21          25  -1.9096873439470101E-010
          21          26   3.6662172417520513E-004
          21          27 -0.65352664031305485     
          21          28   2.5523167213476777E-010
          21          29   3.6662009484281428E-004
          22           1   2.3894218445580100E-007
          22           2  -1.5745832228222811E-007
          22           3   5.8466386809536376E-013
          22           4  -1.9980940583095761E-011
          22           5   1.6472471629466021E-012
          22           6  -1.5750881983204003E-005
          22           7  -1.8517246507072184E-012
          22           8   4.9725289681886409E-011
          22           9  -4.8369126164621916E-012
          22          10  -1.4520890111410117E-004
          22          11   8.3368682014668630E-012
          22          12  -1.4320151753911594E-010
          22          13   1.6287289199581988E-011
          22          14  -1.4235655959361148E-006
          22          15  -2.4240760536697129E-011
          22          16   4.2819044050215885E-010
          22          17  -4.9591619056316638E-011
          22          18   6.7020167861574474E-006
          22          19   8.1415628297514776E-012
          22          20   6.7019784435589352E-006
          22          21  -6.0450776687593307E-011
          22          22   2.1946116822864705     
          22          23   6.7020480880563661E-006
          22          24   6.5165030630020469E-005
          22          25  -3.4226499388006459E-011
          22          26   6.5165191966842342E-005
          22          27   2.5523698916438429E-010
          22          28 -0.65352664170767549     
          22          29   6.5164899348796337E-005
          23           1 -0.94891138753314919     
          23           2   2.7557252046272813     
          23           3  -1.6968336862661239E-012
          23           4   1.4600722762871058E-011
          23           5  -1.8370489833860007E-011
          23           6  -6.7999867208973095     
          23           7  -2.6197826562353627E-011
          23           8   8.7567525313851841E-012
          23           9   2.8537206256778539E-011
          23          10   1.7669594805855446     
          23          11   9.2326667737311227E-011
          23          12  -5.0459299622673243E-011
          23          13  -6.2992218547925337E-011
          23          14  -7.2535427227340549E-002
          23          15  -2.8177664651413925E-010
          23          16   1.5718937904620317E-010
          23          17   1.7883144649657509E-010
          23          18   1.2691770246366327     
          23          19  -5.0227388509141767E-006
          23          20   1.2692007237203047     
          23          21   3.7705962224247816E-005
          23          22   6.7020480880563661E-006
          23          23   4.5610754483165721     
          23          24 -0.31733052188469668     
          23          25   1.9645808125164523E-005
          23          26 -0.31742321785306304     
          23          27  -1.4748210243744581E-004
          23          28  -2.6214214050665207E-005
          23          29  -1.2975457781961510     
          24           1  0.22053333410007164     
          24           2 -0.70512783705274718     
          24           3   3.5920991299790301E-011
          24           4  -1.6239168610598770E-011
          24           5  -2.2333528887502342E-011
          24           6   2.2589635365366494     
          24           7  -9.5954639472351793E-011
          24           8  -5.4055773176754669E-012
          24           9   4.9286992659161322E-011
          24          10  -2.0328447183990956     
          24          11   3.4471457712368247E-010
          24          12   3.4991447969974981E-011
          24          13  -8.6183932968656287E-011
          24          14  0.21282742609844496     
          24          15  -1.3354151158670631E-009
          24          16  -1.2586421147413039E-010
          24          17   3.3332498805595190E-011
          24          18  -1.2974347745661536     
          24          19  -4.8836854199344035E-005
          24          20 -0.31691438214198364     
          24          21   3.6662082127721335E-004
          24          22   6.5165030630020469E-005
          24          23 -0.31733052188469668     
          24          24   2.6909973015144226     
          24          25   2.9729504152091951E-004
          24          26 -0.60232296650477124     
          24          27  -2.2318093127791944E-003
          24          28  -3.9669303698716208E-004
          24          29 -0.59978971015506721     
          25           1   6.8686112331009225E-007
          25           2  -5.6174622578452766E-007
          25           3  -1.7987175833193109E-011
          25           4   8.5200359863474694E-011
          25           5  -4.9818246468513331E-013
          25           6  -4.7582658152842094E-005
          25           7   4.6008155809787750E-011
          25           8  -2.1812919711385895E-010
          25           9   1.3018588128401881E-012
          25          10  -6.6214149595573838E-004
          25          11  -1.3126806342715294E-010
          25          12   6.2053894767737516E-010
          25          13  -4.0714627016127215E-012
          25          14  -6.5521449880605278E-006
          25          15   3.8289736882872338E-010
          25          16  -1.8462575230595139E-009
          25          17   5.8636506432100770E-012
          25          18   1.9645712563140226E-005
          25          19 -0.65352664172679720     
          25          20   1.9645591807683475E-005
          25          21  -1.9096873439470101E-010
          25          22  -3.4226499388006459E-011
          25          23   1.9645808125164523E-005
          25          24   2.9729504152091951E-004
          25          25   2.1946116821791257     
          25          26   2.9729559265819069E-004
          25          27   8.7344286387744227E-010
          25          28   1.5573236054139613E-010
          25          29   2.9729460230963379E-004
          26           1  0.22053009324325024     
          26           2 -0.70512518653286960     
          26           3  -7.8984802466287102E-011
          26           4  -4.2610502689237790E-011
          26           5  -6.0481889489267541E-011
          26           6   2.2591880485674007     
          26           7   1.9672176225107304E-010
          26           8   6.2482406041632291E-011
          26           9   1.4553404542728667E-010
          26          10  -2.0297204975277641     
          26          11  -4.8716562605529938E-010
          26          12  -1.5727705435247119E-010
          26          13  -3.5875703708292736E-010
          26          14  0.21285834147043969     
          26          15   1.1551793027312723E-009
          26          16   4.4925678036313336E-010
          26          17   8.4488245590334343E-010
          26          18 -0.31723750743866386     
          26          19  -4.8836974831397209E-005
          26          20  -1.2972970397152843     
          26          21   3.6662172417520513E-004
          26          22   6.5165191966842342E-005
          26          23 -0.31742321785306304     
          26          24 -0.60232296650477124     
          26          25   2.9729559265819069E-004
          26          26   2.6881918097998998     
          26          27  -2.2318134392529097E-003
          26          28  -3.9669377299236992E-004
          26          29 -0.60119245261459175     
          27           1  -5.1563020615842611E-006
          27           2   4.2170575616851179E-006
          27           3   7.0155942506870356E-011
          27           4   2.6969511148384210E-012
          27           5   7.2520057759244914E-011
          27           6   3.5720547762965168E-004
          27           7  -1.7756125616594640E-010
          27           8  -3.8049220768535149E-012
          27           9  -1.8387969448632061E-010
          27          10   4.9707305601003372E-003
          27          11   5.0477567336804250E-010
          27          12   1.1306288127162794E-011
          27          13   5.2320967711485556E-010
          27          14   4.9187303926543561E-005
          27          15  -1.5148713267365559E-009
          27          16  -3.0698706231804155E-011
          27          17  -1.5705107069744647E-009
          27          18  -1.4748137620265088E-004
          27          19  -1.9096945904811057E-010
          27          20  -1.4748047317898169E-004
          27          21 -0.65352664031305485     
          27          22   2.5523698916438429E-010
          27          23  -1.4748210243744581E-004
          27          24  -2.2318093127791944E-003
          27          25   8.7344286387744227E-010
          27          26  -2.2318134392529097E-003
          27          27   2.1946116757231593     
          27          28  -1.1665865045981689E-009
          27          29  -2.2318059907586695E-003
          28           1  -9.1650707226466091E-007
