           1           1   2.3083179407398422     
           1           2 -0.87999290738447689     
           1           3  -3.2892422435454432E-015
           1           4   1.4135293259704539E-014
           1           5   1.2659135863512774E-015
           1           6  0.22291370385334519     
           1           7  -2.9693895328734109E-015
           1           8   5.6354477897425979E-015
           1           9  -5.6358092321103454E-015
           1          10  -4.3649855896681231E-002
           1          11   2.7742966966190533E-015
           1          12  -4.2779165248736266E-015
           1          13   1.5215619494814954E-015
           2           1 -0.87999290738447689     
           2           2   2.5177441848449700     
           2           3   8.1886442454119066E-015
           2           4  -3.6669512873024023E-014
           2           5   1.6614215829517950E-015
           2           6 -0.75551555408678972     
           2           7   8.3016298991570047E-016
           2           8  -1.0355692368363007E-014
           2           9   1.0867919935131432E-014
           2          10  0.16048872739865672     
           2          11   9.7441746485441180E-016
           2          12   1.2771294452769871E-014
           2          13  -9.3331257240278266E-016
           3           1  -3.2892422435454432E-015
           3           2   8.1886442454119066E-015
           3           3   2.1878409287030598     
           3           4   5.7419347054832315E-016
           3           5   1.5751289161869408E-015
           3           6   1.1653225740404332E-015
           3           7 -0.64670556400798418     
           3           8   5.2041704279304213E-016
           3           9   5.5858095926453188E-016
           3          10   3.2923652310641896E-016
           3          11   1.7005576899687201E-002
           3          12   4.6403852982379590E-017
           3          13   2.5908095113713614E-015
           4           1   1.4135293259704539E-014
           4           2  -3.6669512873024023E-014
           4           3   5.7419347054832315E-016
           4           4   2.1878409287030585     
           4           5  -5.2041704279304213E-016
           4           6   1.2763845762967268E-016
           4           7  -1.1865508575681361E-015
           4           8 -0.64670556400798551     
           4           9  -1.5681900222830336E-015
           4          10   5.1359786907711902E-016
           4          11   8.2225892761300656E-016
           4          12   1.7005576899687951E-002
           4          13   9.5930208221517432E-016
           5           1   1.2659135863512774E-015
           5           2   1.6614215829517950E-015
           5           3   1.5751289161869408E-015
           5           4  -5.2041704279304213E-016
           5           5   2.1878409287030491     
           5           6  -8.7124895735651983E-015
           5           7  -1.2073675392798577E-015
           5           8   3.7470027081099033E-015
           5           9 -0.64670556400797863     
           5          10   2.4247133897505299E-015
           5          11  -2.7816290937288102E-015
           5          12   2.7703533911349609E-015
           5          13   1.7005576899679447E-002
           6           1  0.22291370385334519     
           6           2 -0.75551555408678972     
           6           3   1.1653225740404332E-015
           6           4   1.2763845762967268E-016
           6           5  -8.7124895735651983E-015
           6           6   2.4935679331969656     
           6           7  -1.9308005290905767E-015
           6           8  -7.8473861493158697E-015
           6           9   2.7232416972616233E-015
           6          10 -0.62644568199837791     
           6          11  -1.4575069181674951E-015
           6          12   1.3031598373061793E-015
           6          13   8.9538643539323019E-016
           7           1  -2.9693895328734109E-015
           7           2   8.3016298991570047E-016
           7           3 -0.64670556400798418     
           7           4  -1.1865508575681361E-015
           7           5  -1.2073675392798577E-015
           7           6  -1.9308005290905767E-015
           7           7   2.2244572197426349     
           7           8  -6.3837823915946521E-016
           7           9  -5.8009153036664429E-015
           7          10   1.2884831260442586E-015
           7          11  -5.0113014403486242E-002
           7          12   2.1189647259056703E-015
           7          13  -3.6056227448177935E-015
           8           1   5.6354477897425979E-015
           8           2  -1.0355692368363007E-014
           8           3   5.2041704279304213E-016
           8           4 -0.64670556400798551     
           8           5   3.7470027081099033E-015
           8           6  -7.8473861493158697E-015
           8           7  -6.3837823915946521E-016
           8           8   2.2244572197426304     
           8           9   4.3298697960381105E-015
           8          10  -2.5766186398281523E-016
           8          11  -1.5282913823355667E-015
           8          12  -5.0113014403482911E-002
           8          13  -3.1398494915180208E-016
           9           1  -5.6358092321103454E-015
           9           2   1.0867919935131432E-014
           9           3   5.5858095926453188E-016
           9           4  -1.5681900222830336E-015
           9           5 -0.64670556400797863     
           9           6   2.7232416972616233E-015
           9           7  -5.8009153036664429E-015
           9           8   4.3298697960381105E-015
           9           9   2.2244572197426278     
           9          10  -3.9492437746100530E-015
           9          11   1.0881920364802511E-014
           9          12  -6.1825544683813405E-015
           9          13  -5.0113014403479775E-002
          10           1  -4.3649855896681231E-002
          10           2  0.16048872739865672     
          10           3   3.2923652310641896E-016
          10           4   5.1359786907711902E-016
          10           5   2.4247133897505299E-015
          10           6 -0.62644568199837791     
          10           7   1.2884831260442586E-015
          10           8  -2.5766186398281523E-016
          10           9  -3.9492437746100530E-015
          10          10   1.2582885761428928     
          10          11   9.7441517178058750E-016
          10          12  -1.7455971966719618E-015
          10          13  -8.1107372404756711E-017
          11           1   2.7742966966190533E-015
          11           2   9.7441746485441180E-016
          11           3   1.7005576899687201E-002
          11           4   8.2225892761300656E-016
          11           5  -2.7816290937288102E-015
          11           6  -1.4575069181674951E-015
          11           7  -5.0113014403486242E-002
          11           8  -1.5282913823355667E-015
          11           9   1.0881920364802511E-014
          11          10   9.7441517178058750E-016
          11          11   7.8551732744506948E-003
          11          12   3.2184541490232086E-016
          11          13   3.6998399136067834E-016
          12           1  -4.2779165248736266E-015
          12           2   1.2771294452769871E-014
          12           3   4.6403852982379590E-017
          12           4   1.7005576899687951E-002
          12           5   2.7703533911349609E-015
          12           6   1.3031598373061793E-015
          12           7   2.1189647259056703E-015
          12           8  -5.0113014403482911E-002
          12           9  -6.1825544683813405E-015
          12          10  -1.7455971966719618E-015
          12          11   3.2184541490232086E-016
          12          12   7.8551732744508614E-003
          12          13   1.3552527156069792E-018
          13           1   1.5215619494814954E-015
          13           2  -9.3331257240278266E-016
          13           3   2.5908095113713614E-015
          13           4   9.5930208221517432E-016
          13           5   1.7005576899679447E-002
          13           6   8.9538643539323019E-016
          13           7  -3.6056227448177935E-015
          13           8  -3.1398494915180208E-016
          13           9  -5.0113014403479775E-002
          13          10  -8.1107372404756711E-017
          13          11   3.6998399136067834E-016
          13          12   1.3552527156069792E-018
          13          13   7.8551732744523532E-003
