           1           1   2.2023501436722297     
           1           2 -0.71327381931105649     
           1           3   4.2730971620463481E-014
           1           4  -6.0327801912992667E-015
           1           5   1.3906451226306035E-014
           1           6  0.21565979188873993     
           1           7   5.5690133668303391E-014
           1           8   3.6236060631431886E-014
           1           9   4.4790146820303844E-014
           2           1 -0.71327381931105649     
           2           2   2.5218718295649469     
           2           3   8.2881692091375848E-014
           2           4   6.3749963600657115E-014
           2           5   6.4674346044805082E-014
           2           6 -0.88613633538594350     
           2           7   9.8228271325502201E-014
           2           8   4.3892045157459323E-015
           2           9   5.5049190806871834E-014
           3           1   4.2730971620463481E-014
           3           2   8.2881692091375848E-014
           3           3   1.7603468122913535     
           3           4  -3.6394498525993236E-014
           3           5  -2.5160429295567348E-014
           3           6   5.2614292784732512E-014
           3           7  0.26850110015164330     
           3           8  -7.2710934495569005E-015
           3           9  -2.1684043449715421E-015
           4           1  -6.0327801912992667E-015
           4           2   6.3749963600657115E-014
           4           3  -3.6394498525993236E-014
           4           4   1.7603468122913519     
           4           5  -1.5765166949677090E-014
           4           6  -5.0576445957567443E-014
           4           7   3.7214155368391905E-014
           4           8  0.26850110015163076     
           4           9   1.1220191442617715E-014
           5           1   1.3906451226306035E-014
           5           2   6.4674346044805082E-014
           5           3  -2.5160429295567348E-014
           5           4  -1.5765166949677090E-014
           5           5   1.7603468122913422     
           5           6  -3.9327599458383174E-015
           5           7   3.6358069332997231E-014
           5           8  -2.3939183968480723E-015
           5           9  0.26850110015164202     
           6           1  0.21565979188873993     
           6           2 -0.88613633538594350     
           6           3   5.2614292784732512E-014
           6           4  -5.0576445957567443E-014
           6           5  -3.9327599458383174E-015
           6           6   2.3119822274028126     
           6           7  -6.9057532686277585E-014
           6           8  -1.8584682643736560E-014
           6           9  -4.4498479301788915E-014
           7           1   5.5690133668303391E-014
           7           2   9.8228271325502201E-014
           7           3  0.26850110015164330     
           7           4   3.7214155368391905E-014
           7           5   3.6358069332997231E-014
           7           6  -6.9057532686277585E-014
           7           7   4.0953771313408834E-002
           7           8   5.4129877663513795E-015
           7           9   5.8002647823643179E-015
           8           1   3.6236060631431886E-014
           8           2   4.3892045157459323E-015
           8           3  -7.2710934495569005E-015
           8           4  0.26850110015163076     
           8           5  -2.3939183968480723E-015
           8           6  -1.8584682643736560E-014
           8           7   5.4129877663513795E-015
           8           8   4.0953771313405024E-002
           8           9   1.7139067942652444E-015
           9           1   4.4790146820303844E-014
           9           2   5.5049190806871834E-014
           9           3  -2.1684043449715421E-015
           9           4   1.1220191442617715E-014
           9           5  0.26850110015164202     
           9           6  -4.4498479301788915E-014
           9           7   5.8002647823643179E-015
           9           8   1.7139067942652444E-015
           9           9   4.0953771313408688E-002
