           1           1   2.2023501436722315     
           1           2 -0.71327381931105815     
           1           3   1.0841398661324287E-015
           1           4  -1.2158941131645084E-015
           1           5   1.6991950320272242E-016
           1           6  0.21565979188874501     
           1           7   1.4605569910785298E-016
           1           8   2.6271912424699106E-016
           1           9  -1.2315034809370914E-015
           2           1 -0.71327381931105815     
           2           2   2.5218718295649496     
           2           3  -1.0216696007082388E-014
           2           4   6.2835790523710197E-015
           2           5   6.4727248850208211E-015
           2           6 -0.88613633538594649     
           2           7   2.4012185792276644E-016
           2           8   4.9784972570536720E-015
           2           9  -1.4810592594725015E-015
           3           1   1.0841398661324287E-015
           3           2  -1.0216696007082388E-014
           3           3   1.9339485995475858     
           3           4  -3.0531133177191376E-016
           3           5   1.9081958235744913E-016
           3           6  -1.3844406801528540E-015
           3           7   7.7083028148688559E-002
           3           8   1.0842021724853931E-016
           3           9   5.6486933186493931E-017
           4           1  -1.2158941131645084E-015
           4           2   6.2835790523710197E-015
           4           3  -3.0531133177191376E-016
           4           4   1.9339485995475854     
           4           5  -6.9388939039070595E-017
           4           6   5.0298155949804514E-015
           4           7  -2.5240226575463332E-016
           4           8   7.7083028148688379E-002
           4           9   5.7180822576885080E-016
           5           1   1.6991950320272242E-016
           5           2   6.4727248850208211E-015
           5           3   1.9081958235744913E-016
           5           4  -6.9388939039070595E-017
           5           5   1.9339485995475871     
           5           6   1.2811732511998460E-016
           5           7  -1.9905951886833938E-016
           5           8   8.3158306629633765E-017
           5           9   7.7083028148688212E-002
           6           1  0.21565979188874501     
           6           2 -0.88613633538594649     
           6           3  -1.3844406801528540E-015
           6           4   5.0298155949804514E-015
           6           5   1.2811732511998460E-016
           6           6   2.3119822274028099     
           6           7   2.1440472536614406E-015
           6           8  -1.1376410512612081E-014
           6           9  -2.8661446507062136E-016
           7           1   1.4605569910785298E-016
           7           2   2.4012185792276644E-016
           7           3   7.7083028148688559E-002
           7           4  -2.5240226575463332E-016
           7           5  -1.9905951886833938E-016
           7           6   2.1440472536614406E-015
           7           7   9.0074900234729787E-003
           7           8   2.6698478497655843E-018
           7           9  -2.3920210430444016E-018
           8           1   2.6271912424699106E-016
           8           2   4.9784972570536720E-015
           8           3   1.0842021724853931E-016
           8           4   7.7083028148688379E-002
           8           5   8.3158306629633765E-017
           8           6  -1.1376410512612081E-014
           8           7   2.6698478497655843E-018
           8           8   9.0074900234729614E-003
           8           9   7.0972890650448746E-017
           9           1  -1.2315034809370914E-015
           9           2  -1.4810592594725015E-015
           9           3   5.6486933186493931E-017
           9           4   5.7180822576885080E-016
           9           5   7.7083028148688212E-002
           9           6  -2.8661446507062136E-016
           9           7  -2.3920210430444016E-018
           9           8   7.0972890650448746E-017
           9           9   9.0074900234729943E-003
