           1           1   2.3775910659167341     
           1           2  -1.0102887712526574     
           1           3   5.5127431818493578E-014
           1           4   4.8092977374322054E-014
           1           5   3.4378776078553444E-014
           1           6  0.41892106575397631     
           1           7  -1.0892571292610062E-014
           1           8   1.7847331517531924E-014
           1           9   5.8095729298390902E-015
           1          10   1.8376943881117411E-002
           1          11  -2.7773054257242416E-015
           1          12   1.6007672470577773E-015
           1          13  -4.2362553596339322E-015
           1          14  -6.0951782070238110E-002
           1          15   3.8943091698033765E-015
           1          16  -6.3666788354241971E-002
           1          17  -1.0898047218436741E-014
           1          18  -3.0770757408041024E-015
           1          19  -6.0677292209451360E-002
           2           1  -1.0102887712526574     
           2           2   2.7271440735883781     
           2           3  -1.3308380597140283E-013
           2           4  -1.2322093480342734E-013
           2           5  -8.9373503712415344E-014
           2           6  -1.5281442748395941     
           2           7   2.2439295978367242E-014
           2           8  -5.2181164403933447E-014
           2           9  -1.3748035002680333E-014
           2          10  -7.0937882834804650E-002
           2          11   8.0594246808260418E-015
           2          12   4.8114654771595045E-016
           2          13   9.1463178865206338E-015
           2          14  0.25989847371518265     
           2          15  -6.8736895092140026E-015
           2          16  0.26850342846343256     
           2          17   2.6769415975949868E-014
           2          18   6.7099799637566024E-015
           2          19  0.25902907446184154     
           3           1   5.5127431818493578E-014
           3           2  -1.3308380597140283E-013
           3           3   2.2401956327444079     
           3           4  -9.1366622904461359E-012
           3           5  -8.7759216911721626E-015
           3           6  -3.9722318146465475E-014
           3           7 -0.73238279845134713     
           3           8  -1.3450496416936058E-013
           3           9   2.5666232957299448E-014
           3          10   6.8995692654796909E-015
           3          11   1.8216268612222530E-003
           3          12  -5.3605525629731902E-015
           3          13   2.6489011967105383E-015
           3          14   7.4847449660067523E-015
           3          15  -1.2815248204994482E-015
           3          16   1.1944535346969706E-014
           3          17  -1.1200657172976092E-014
           3          18   4.9720100451274540E-015
           3          19   2.5627218993617248E-015
           4           1   4.8092977374322054E-014
           4           2  -1.2322093480342734E-013
           4           3  -9.1366622904461359E-012
           4           4   2.2399720400060632     
           4           5  -3.8950923185839322E-012
           4           6  -2.6257328374438933E-014
           4           7  -1.4176657329666349E-013
           4           8 -0.73163023783979542     
           4           9  -9.7509794530186906E-014
           4          10   1.8856609454104220E-015
           4          11  -5.8686368221723672E-015
           4          12   6.9502622942910208E-004
           4          13   3.9989007422913390E-015
           4          14   1.3724251023912223E-014
           4          15   5.5747524969972858E-016
           4          16   8.1234320684204101E-015
           4          17   2.9879808924660115E-015
           4          18  -5.3730918039242250E-016
           4          19   2.0223710751481185E-014
           5           1   3.4378776078553444E-014
           5           2  -8.9373503712415344E-014
           5           3  -8.7759216911721626E-015
           5           4  -3.8950923185839322E-012
           5           5   2.2402167145759679     
           5           6  -4.8896492309872005E-015
           5           7   3.4026520838581776E-014
           5           8  -1.0182791816015300E-013
           5           9 -0.73245381535313914     
           5          10  -3.7352656501798355E-015
           5          11  -3.1745608907125914E-015
           5          12  -2.2738677798398400E-015
           5          13   1.9285620237530325E-003
           5          14   4.4362072785110456E-015
           5          15   3.1734226817536791E-016
           5          16   5.6897833603753362E-015
           5          17   2.8150311195297128E-015
           5          18  -4.5308500425929336E-015
           5          19   7.3861290031996200E-015
           6           1  0.41892106575397631     
           6           2  -1.5281442748395941     
           6           3  -3.9722318146465475E-014
           6           4  -2.6257328374438933E-014
           6           5  -4.8896492309872005E-015
           6           6   6.9883578695142727     
           6           7   6.1311333736848276E-014
           6           8   6.0368508876788342E-014
           6           9  -2.3811483749955961E-014
           6          10  0.34089991136848780     
           6          11  -4.5279854482555497E-015
           6          12   1.3227429395652037E-015
           6          13   2.2259644326276132E-015
           6          14  -1.4295000547192918     
           6          15  -9.9448183205992330E-015
           6          16  -1.4582129470691494     
           6          17   2.4348948602359437E-014
           6          18   1.5496229079423392E-015
           6          19  -1.4266062958212866     
           7           1  -1.0892571292610062E-014
           7           2   2.2439295978367242E-014
           7           3 -0.73238279845134713     
           7           4  -1.4176657329666349E-013
           7           5   3.4026520838581776E-014
           7           6   6.1311333736848276E-014
           7           7   2.2316238394247279     
           7           8   5.8155833987187896E-014
           7           9  -1.0830342091731064E-013
           7          10   1.0501013890688096E-015
           7          11   7.8499746098005946E-003
           7          12   4.5089783075581462E-015
           7          13  -4.5635926958885800E-015
           7          14  -4.5746223331429202E-015
           7          15   8.8267297398028800E-015
           7          16  -3.6321794574766670E-014
           7          17   5.9377567125440491E-015
           7          18  -7.6858142236586051E-016
           7          19  -3.2024413398228918E-014
           8           1   1.7847331517531924E-014
           8           2  -5.2181164403933447E-014
           8           3  -1.3450496416936058E-013
           8           4 -0.73163023783979542     
           8           5  -1.0182791816015300E-013
           8           6   6.0368508876788342E-014
           8           7   5.8155833987187896E-014
           8           8   2.2290969252534181     
           8           9   1.1415311679806263E-013
           8          10   1.1569042186544076E-015
           8          11   2.6377552664625159E-015
           8          12   1.1451333123710189E-002
           8          13   1.7608417944036895E-015
           8          14  -2.6012235716266683E-014
           8          15  -6.3210090677541113E-015
           8          16  -7.6036213530134313E-015
           8          17   8.1174922567381340E-016
           8          18   2.2822652020670072E-015
           8          19  -2.8688555660358206E-014
           9           1   5.8095729298390902E-015
           9           2  -1.3748035002680333E-014
           9           3   2.5666232957299448E-014
           9           4  -9.7509794530186906E-014
           9           5 -0.73245381535313914     
           9           6  -2.3811483749955961E-014
           9           7  -1.0830342091731064E-013
           9           8   1.1415311679806263E-013
           9           9   2.2318625070905664     
           9          10  -1.5586182958450100E-015
           9          11  -3.6528035505770658E-015
           9          12   3.1942540230962020E-015
           9          13   7.5077085259632123E-003
           9          14   1.7983560629977845E-015
           9          15  -1.3456388544088400E-015
           9          16   4.0282544503568411E-015
           9          17   2.5925403125067346E-015
           9          18   8.0002259339684699E-015
           9          19   8.6519293096018330E-015
          10           1   1.8376943881117411E-002
          10           2  -7.0937882834804650E-002
          10           3   6.8995692654796909E-015
          10           4   1.8856609454104220E-015
          10           5  -3.7352656501798355E-015
          10           6  0.34089991136848780     
          10           7   1.0501013890688096E-015
          10           8   1.1569042186544076E-015
          10           9  -1.5586182958450100E-015
          10          10   1.6678058548097657E-002
          10          11  -2.5240116377933202E-016
          10          12  -1.4873912454667914E-016
          10          13   8.9487188362381387E-017
          10          14  -6.9158985941220302E-002
          10          15   3.5204805747390273E-016
          10          16  -7.0646771940259756E-002
          10          17   5.0647731160338597E-015
          10          18  -3.9288831106533657E-015
          10          19  -6.9009049244083964E-002
          11           1  -2.7773054257242416E-015
          11           2   8.0594246808260418E-015
          11           3   1.8216268612222530E-003
          11           4  -5.8686368221723672E-015
          11           5  -3.1745608907125914E-015
          11           6  -4.5279854482555497E-015
          11           7   7.8499746098005946E-003
          11           8   2.6377552664625159E-015
          11           9  -3.6528035505770658E-015
          11          10  -2.5240116377933202E-016
          11          11   3.7724588398542975E-003
          11          12   1.3763262157030637E-016
          11          13  -2.4405728567196065E-016
          11          14  -1.3848638059641360E-015
          11          15  -1.9728347640482359E-014
          11          16   4.1944784213159736E-015
          11          17  -6.5873903530078492E-015
          11          18   2.1102281373983481E-015
          11          19  -2.3333051750625083E-015
          12           1   1.6007672470577773E-015
          12           2   4.8114654771595045E-016
          12           3  -5.3605525629731902E-015
          12           4   6.9502622942910208E-004
          12           5  -2.2738677798398400E-015
          12           6   1.3227429395652037E-015
          12           7   4.5089783075581462E-015
          12           8   1.1451333123710189E-002
          12           9   3.1942540230962020E-015
          12          10  -1.4873912454667914E-016
          12          11   1.3763262157030637E-016
          12          12   4.1171406561240119E-003
          12          13  -4.6930459489322206E-017
          12          14  -1.4543948992397872E-015
          12          15  -2.0638671895890338E-014
          12          16  -3.8998786115158629E-016
          12          17   8.9456710882360110E-016
          12          18  -5.2467373941301485E-015
          12          19  -1.3096772228293553E-015
          13           1  -4.2362553596339322E-015
          13           2   9.1463178865206338E-015
          13           3   2.6489011967105383E-015
          13           4   3.9989007422913390E-015
          13           5   1.9285620237530325E-003
          13           6   2.2259644326276132E-015
          13           7  -4.5635926958885800E-015
          13           8   1.7608417944036895E-015
          13           9   7.5077085259632123E-003
          13          10   8.9487188362381387E-017
          13          11  -2.4405728567196065E-016
          13          12  -4.6930459489322206E-017
          13          13   3.7410275790610492E-003
          13          14  -2.2921997906284804E-016
          13          15  -3.2393213585798783E-016
          13          16  -2.7137478887045491E-015
          13          17  -1.2365480859944617E-014
          13          18  -2.3484123395641386E-014
          13          19  -6.5040832693537375E-017
          14           1  -6.0951782070238110E-002
          14           2  0.25989847371518265     
          14           3   7.4847449660067523E-015
          14           4   1.3724251023912223E-014
          14           5   4.4362072785110456E-015
          14           6  -1.4295000547192918     
          14           7  -4.5746223331429202E-015
          14           8  -2.6012235716266683E-014
          14           9   1.7983560629977845E-015
          14          10  -6.9158985941220302E-002
          14          11  -1.3848638059641360E-015
          14          12  -1.4543948992397872E-015
          14          13  -2.2921997906284804E-016
          14          14  0.59368050424280028     
          14          15  -7.2011543893932373E-015
          14          16 -0.22176709361987695     
          14          17  -1.0950295862712675E-015
          14          18   8.0713611142381837E-015
          14          19  0.55614629877318356     
          15           1   3.8943091698033765E-015
          15           2  -6.8736895092140026E-015
          15           3  -1.2815248204994482E-015
          15           4   5.5747524969972858E-016
          15           5   3.1734226817536791E-016
          15           6  -9.9448183205992330E-015
          15           7   8.8267297398028800E-015
          15           8  -6.3210090677541113E-015
          15           9  -1.3456388544088400E-015
          15          10   3.5204805747390273E-016
          15          11  -1.9728347640482359E-014
          15          12  -2.0638671895890338E-014
          15          13  -3.2393213585798783E-016
          15          14  -7.2011543893932373E-015
          15          15   1.9999999999999991     
          15          16   1.7707645119771308E-014
          15          17   4.1875348342561858E-015
          15          18  -1.0704077669797456E-014
          15          19  -2.2189434698325153E-015
          16           1  -6.3666788354241971E-002
          16           2  0.26850342846343256     
          16           3   1.1944535346969706E-014
          16           4   8.1234320684204101E-015
          16           5   5.6897833603753362E-015
          16           6  -1.4582129470691494     
          16           7  -3.6321794574766670E-014
          16           8  -7.6036213530134313E-015
          16           9   4.0282544503568411E-015
          16          10  -7.0646771940259756E-002
          16          11   4.1944784213159736E-015
          16          12  -3.8998786115158629E-016
          16          13  -2.7137478887045491E-015
          16          14 -0.22176709361987695     
          16          15   1.7707645119771308E-014
          16          16   1.3148803326678209     
          16          17  -5.0054465755941370E-014
          16          18  -1.8979850106537218E-014
          16          19 -0.15276916294561546     
          17           1  -1.0898047218436741E-014
          17           2   2.6769415975949868E-014
          17           3  -1.1200657172976092E-014
          17           4   2.9879808924660115E-015
          17           5   2.8150311195297128E-015
          17           6   2.4348948602359437E-014
          17           7   5.9377567125440491E-015
          17           8   8.1174922567381340E-016
          17           9   2.5925403125067346E-015
          17          10   5.0647731160338597E-015
          17          11  -6.5873903530078492E-015
          17          12   8.9456710882360110E-016
          17          13  -1.2365480859944617E-014
          17          14  -1.0950295862712675E-015
          17          15   4.1875348342561858E-015
          17          16  -5.0054465755941370E-014
          17          17   1.9999999999999987     
          17          18  -3.3006166612619134E-015
          17          19   1.4833497274560984E-014
          18           1  -3.0770757408041024E-015
          18           2   6.7099799637566024E-015
          18           3   4.9720100451274540E-015
          18           4  -5.3730918039242250E-016
          18           5  -4.5308500425929336E-015
          18           6   1.5496229079423392E-015
          18           7  -7.6858142236586051E-016
          18           8   2.2822652020670072E-015
          18           9   8.0002259339684699E-015
          18          10  -3.9288831106533657E-015
          18          11   2.1102281373983481E-015
          18          12  -5.2467373941301485E-015
          18          13  -2.3484123395641386E-014
          18          14   8.0713611142381837E-015
          18          15  -1.0704077669797456E-014
          18          16  -1.8979850106537218E-014
          18          17  -3.3006166612619134E-015
          18          18   2.0000000000000062     
          18          19   1.5835269525098406E-014
          19           1  -6.0677292209451360E-002
          19           2  0.25902907446184154     
          19           3   2.5627218993617248E-015
          19           4   2.0223710751481185E-014
          19           5   7.3861290031996200E-015
          19           6  -1.4266062958212866     
          19           7  -3.2024413398228918E-014
          19           8  -2.8688555660358206E-014
          19           9   8.6519293096018330E-015
          19          10  -6.9009049244083964E-002
          19          11  -2.3333051750625083E-015
          19          12  -1.3096772228293553E-015
          19          13  -6.5040832693537375E-017
          19          14  0.55614629877318356     
          19          15  -2.2189434698325153E-015
          19          16 -0.15276916294561546     
          19          17   1.4833497274560984E-014
          19          18   1.5835269525098406E-014
          19          19  0.52344479481384421     
