           1           1   2.4350701674016264     
           1           2  -1.1470958574259140     
           1           3  -1.0339620595460691E-014
           1           4  -9.6224086129536321E-015
           1           5   1.0832914458317978E-015
           1           6   2.2239859049175008     
           1           7   9.5375245248179195E-015
           1           8  -2.7303909076609568E-015
           1           9   3.0047333101731112E-015
           1          10 -0.15040295978335053     
           1          11  -2.6557954642127913E-015
           1          12  -2.3660620054247969E-015
           1          13   1.0382318807733714E-015
           1          14  -2.6107814195825835E-002
           1          15  -7.6341965189113748E-016
           1          16   6.2106381620538221E-016
           1          17  -1.0202707441759938E-016
           1          18 -0.80185762888280721     
           1          19   7.1915022693012670E-016
           1          20 -0.80185762888291390     
           1          21  -3.2010665018153382E-015
           1          22  -1.6620058433049487E-015
           1          23 -0.80185762888278478     
           1          24   2.6551695432593898E-002
           1          25  -2.2777862255058817E-015
           1          26   2.6551695432587664E-002
           1          27  -3.7420512131164210E-016
           1          28   2.8942374878245574E-015
           1          29   2.6551695432593534E-002
           2           1  -1.1470958574259140     
           2           2   3.0756727175269720     
           2           3  -7.3094186812204509E-014
           2           4  -5.4131100516980230E-014
           2           5   1.7577193982571670E-014
           2           6  -6.5450141438274452     
           2           7  -2.5348087050687539E-014
           2           8   1.8327317987285060E-014
           2           9  -1.2499903120994210E-014
           2          10  0.53788550063123319     
           2          11   4.4667235958244822E-015
           2          12   4.6623081992290653E-015
           2          13  -2.6814590194220807E-017
           2          14   9.6422182037748161E-002
           2          15   3.2055105692246122E-015
           2          16   6.7640198008030816E-016
           2          17  -3.4024125898586680E-015
           2          18   2.2981467527418253     
           2          19  -5.0702651538314851E-015
           2          20   2.2981467527420256     
           2          21   3.8894673779589298E-015
           2          22   3.5505270910090019E-015
           2          23   2.2981467527417467     
           2          24 -0.10346762302501544     
           2          25   6.6254099594057666E-015
           2          26 -0.10346762302499987     
           2          27   5.9538225387716502E-015
           2          28  -7.1587318302894811E-015
           2          29 -0.10346762302501428     
           3           1  -1.0339620595460691E-014
           3           2  -7.3094186812204509E-014
           3           3   2.5236371669701283     
           3           4   2.7750290130038044E-014
           3           5   3.3388297281024965E-014
           3           6   2.1285831249966097E-012
           3           7  -1.2143280670341743     
           3           8   1.2020115805477798E-014
           3           9  -1.2881961664913669E-014
           3          10  -4.5988931765544094E-014
           3          11  0.32208799486459350     
           3          12   7.3135508066313180E-014
           3          13   1.0069194284791082E-013
           3          14   7.0319202069729254E-015
           3          15  -1.7920218068820222E-002
           3          16   1.5604406872551985E-014
           3          17  -1.7973825688433520E-014
           3          18  -8.7731757319602971E-013
           3          19  -5.9305695549048062E-014
           3          20  -9.8902485363211163E-013
           3          21   7.1399803042004693E-014
           3          22   1.4924405806405305E-013
           3          23  -9.3525207059643582E-013
           3          24   1.3203401538021991E-013
           3          25   8.4476833384355676E-016
           3          26  -3.2466237173298543E-014
           3          27  -1.4246520197236019E-014
           3          28  -5.5598177733021927E-014
           3          29  -7.9176297163356497E-014
           4           1  -9.6224086129536321E-015
           4           2  -5.4131100516980230E-014
           4           3   2.7750290130038044E-014
           4           4   2.5236371669699844     
           4           5   4.1389946483193225E-014
           4           6   1.5342790586386471E-012
           4           7  -9.1475763595860750E-014
           4           8  -1.2143280670340568     
           4           9  -1.3493221297233867E-014
           4          10  -3.4471842823263925E-014
           4          11   1.1779813235968111E-013
           4          12  0.32208799486446998     
           4          13   7.3855743569495351E-014
           4          14   5.7602765997383976E-015
           4          15  -3.6909996001429143E-014
           4          16  -1.7920218068745865E-002
           4          17  -6.7062342820871786E-015
           4          18  -6.0589387944160473E-013
           4          19  -8.5284932308444689E-014
           4          20  -7.5634130440912311E-013
           4          21   1.9624352538893605E-014
           4          22   1.3613719945315128E-013
           4          23  -6.2223279335579095E-013
           4          24   8.8735055519702583E-014
           4          25  -4.1108999445571530E-016
           4          26  -2.7789120531225479E-014
           4          27   5.1984310593794593E-015
           4          28  -4.8262969548242062E-014
           4          29  -7.2176760351056991E-014
           5           1   1.0832914458317978E-015
           5           2   1.7577193982571670E-014
           5           3   3.3388297281024965E-014
           5           4   4.1389946483193225E-014
           5           5   2.5236371669699778     
           5           6  -4.2042477855441536E-013
           5           7   2.0249264504751403E-014
           5           8  -8.5891580306474241E-015
           5           9  -1.2143280670340431     
           5          10   6.4892353879977020E-015
           5          11  -2.7798645546930906E-014
           5          12  -1.0832914426606133E-014
           5          13  0.32208799486441181     
           5          14  -4.5928184840961490E-015
           5          15   1.1651561605731997E-014
           5          16  -3.0341075924488652E-015
           5          17  -1.7920218068772951E-002
           5          18   1.1931494919872672E-013
           5          19   1.7497544787889137E-014
           5          20   3.8730836538612237E-013
           5          21  -8.0022732525024498E-015
           5          22  -2.8865538198946671E-014
           5          23   3.0168932364462348E-014
           5          24  -2.5445668082103629E-014
           5          25  -3.5712687277333253E-016
           5          26   1.0346448059590622E-014
           5          27   5.6094308795041520E-015
           5          28   9.2943451587363231E-015
           5          29   1.2269912752596052E-014
           6           1   2.2239859049175008     
           6           2  -6.5450141438274452     
           6           3   2.1285831249966097E-012
           6           4   1.5342790586386471E-012
           6           5  -4.2042477855441536E-013
           6           6   16.107093173372633     
           6           7   6.2798725565134819E-014
           6           8  -9.5850635531183462E-014
           6           9   5.4257219948467689E-014
           6          10  -2.2145053236860277     
           6          11   6.2736743205933221E-015
           6          12   9.7722186328165722E-016
           6          13  -2.5290652371224113E-015
           6          14 -0.40505770534228447     
           6          15  -1.1440031309140238E-014
           6          16  -9.6318780286331093E-015
           6          17   1.0861224430850281E-014
           6          18  -4.8756117483560590     
           6          19   1.5973525541061658E-014
           6          20  -4.8756117483535508     
           6          21  -1.3883611254797689E-014
           6          22  -3.3519112796188168E-014
           6          23  -4.8756117483553112     
           6          24  0.46400019289676953     
           6          25  -3.1056499591610245E-014
           6          26  0.46400019289676986     
           6          27  -2.9240806821381207E-014
           6          28   3.0868465285396973E-014
           6          29  0.46400019289674632     
           7           1   9.5375245248179195E-015
           7           2  -2.5348087050687539E-014
           7           3  -1.2143280670341743     
           7           4  -9.1475763595860750E-014
           7           5   2.0249264504751403E-014
           7           6   6.2798725565134819E-014
           7           7   2.8272494415368632     
           7           8  -8.6974698276786229E-016
           7           9   7.2362363497111847E-016
           7          10  -2.9952461751889083E-014
           7          11 -0.90122801790970497     
           7          12  -5.9327542878406992E-015
           7          13  -7.1719973709911227E-016
           7          14  -1.3078179775208259E-015
           7          15   3.9739811282616999E-002
           7          16   1.6864358217197245E-014
           7          17   5.8729402092372870E-015
           7          18  -2.7736712031897511E-014
           7          19  -3.5591841385267517E-014
           7          20   3.9563407086932809E-014
           7          21  -3.3960013026592248E-014
           7          22   2.4944803159857837E-014
           7          23  -3.1604431941785943E-014
           7          24   5.2186289649969522E-016
           7          25  -1.4414698668294268E-014
           7          26   1.5290199908374505E-014
           7          27   1.2956671218006186E-014
           7          28  -1.0274899824991896E-014
           7          29  -3.6325529201951552E-015
           8           1  -2.7303909076609568E-015
           8           2   1.8327317987285060E-014
           8           3   1.2020115805477798E-014
           8           4  -1.2143280670340568     
           8           5  -8.5891580306474241E-015
           8           6  -9.5850635531183462E-014
           8           7  -8.6974698276786229E-016
           8           8   2.8272494415368401     
           8           9   7.6393969275501601E-015
           8          10  -2.9997592835096929E-014
           8          11   3.3931191190104737E-015
           8          12 -0.90122801790967044     
           8          13  -1.1642813449452917E-014
           8          14  -3.1393668075459091E-014
           8          15   3.7277581195492607E-015
           8          16   3.9739811282585309E-002
           8          17   1.0359423009090899E-014
           8          18   2.9454519127812100E-014
           8          19   6.3243215625674588E-014
           8          20   1.0235556908580892E-013
           8          21   3.1879004383306600E-014
           8          22  -4.4061079519591078E-014
           8          23  -4.0167693229814335E-014
           8          24   2.3006707649333680E-014
           8          25  -8.7368145941535925E-015
           8          26   1.5479724081701936E-014
           8          27  -4.0508701979326470E-014
           8          28   9.4118260741624219E-015
           8          29   6.4979934463893117E-014
           9           1   3.0047333101731112E-015
           9           2  -1.2499903120994210E-014
           9           3  -1.2881961664913669E-014
           9           4  -1.3493221297233867E-014
           9           5  -1.2143280670340431     
           9           6   5.4257219948467689E-014
           9           7   7.2362363497111847E-016
           9           8   7.6393969275501601E-015
           9           9   2.8272494415368472     
           9          10   2.0214159920746021E-014
           9          11  -5.6418628449628100E-015
           9          12  -1.3513495877859468E-014
           9          13 -0.90122801790969198     
           9          14   4.3973717156209144E-015
           9          15  -2.5368636770263692E-015
           9          16  -3.0213461940648452E-015
           9          17   3.9739811282617138E-002
           9          18   9.1272247295699453E-014
           9          19  -3.6643088963333784E-015
           9          20  -4.5332986020386286E-013
           9          21  -9.5891778484207207E-015
           9          22  -5.6318116744798085E-015
           9          23   3.0663456953775634E-013
           9          24  -4.4002103916331453E-015
           9          25   3.2101828979033701E-015
           9          26  -1.6721571092518407E-014
           9          27  -1.1887551883372326E-014
           9          28   2.5557147969494885E-015
           9          29   1.0123281744119935E-014
          10           1 -0.15040295978335053     
          10           2  0.53788550063123319     
          10           3  -4.5988931765544094E-014
          10           4  -3.4471842823263925E-014
          10           5   6.4892353879977020E-015
          10           6  -2.2145053236860277     
          10           7  -2.9952461751889083E-014
          10           8  -2.9997592835096929E-014
          10           9   2.0214159920746021E-014
          10          10   5.1855837751971414     
          10          11   2.5030995034017647E-014
          10          12   1.3020901365719275E-013
          10          13  -1.1283075068883096E-014
          10          14  0.87735933786577736     
          10          15  -4.3889978972429025E-015
          10          16  -3.3288183686757426E-015
          10          17  -9.8678923172614416E-018
          10          18  0.28146364324233836     
          10          19  -1.1757809075429916E-014
          10          20  0.28146364324311296     
          10          21  -1.5664806824925965E-014
          10          22   1.3341017606046415E-014
          10          23  0.28146364324223705     
          10          24  -1.0952393754419099     
          10          25   5.7665302056283820E-014
          10          26  -1.0952393754418686     
          10          27   7.4263765703410029E-014
          10          28  -8.6922545228181374E-014
          10          29  -1.0952393754419030     
          11           1  -2.6557954642127913E-015
          11           2   4.4667235958244822E-015
          11           3  0.32208799486459350     
          11           4   1.1779813235968111E-013
          11           5  -2.7798645546930906E-014
          11           6   6.2736743205933221E-015
          11           7 -0.90122801790970497     
          11           8   3.3931191190104737E-015
          11           9  -5.6418628449628100E-015
          11          10   2.5030995034017647E-014
          11          11   2.3294707075100218     
          11          12   9.7595542758459301E-015
          11          13   1.0331796182483322E-014
          11          14  -1.4461551508174117E-014
          11          15  -7.4195957603738760E-002
          11          16  -1.3619747690763229E-014
          11          17  -1.7261772523521686E-014
          11          18   1.6757792202670783E-014
          11          19  -6.9255870064653229E-015
          11          20   1.1929430843237781E-014
          11          21  -8.4743915625382970E-016
          11          22  -5.0585238680452288E-015
          11          23  -4.8790130436711228E-014
          11          24   1.3010419154088118E-014
          11          25   2.4608981020612553E-014
          11          26  -1.1271154002717136E-014
          11          27  -1.1969792856005296E-014
          11          28   1.5921413114574383E-014
          11          29  -8.9642639429273030E-015
          12           1  -2.3660620054247969E-015
          12           2   4.6623081992290653E-015
          12           3   7.3135508066313180E-014
          12           4  0.32208799486446998     
          12           5  -1.0832914426606133E-014
          12           6   9.7722186328165722E-016
          12           7  -5.9327542878406992E-015
          12           8 -0.90122801790967044     
          12           9  -1.3513495877859468E-014
          12          10   1.3020901365719275E-013
          12          11   9.7595542758459301E-015
          12          12   2.3294707075099632     
          12          13   9.8046570862211598E-015
          12          14   8.3987142980921639E-014
          12          15  -2.2639225563695606E-015
          12          16  -7.4195957603674478E-002
          12          17  -2.6206115185875346E-014
          12          18  -2.0774284581654104E-014
          12          19  -1.8221172289156959E-014
          12          20  -3.0427412404160631E-014
          12          21  -1.0956654891762930E-014
          12          22   1.1702677459223793E-014
          12          23   3.1829975359883015E-014
          12          24  -7.9594397104150859E-014
          12          25   3.2361193118790468E-014
          12          26  -4.8961949669682447E-014
          12          27   1.0706866558238829E-013
          12          28  -2.0140202554089552E-014
          12          29  -1.4149248060353458E-013
          13           1   1.0382318807733714E-015
          13           2  -2.6814590194220807E-017
          13           3   1.0069194284791082E-013
          13           4   7.3855743569495351E-014
          13           5  0.32208799486441181     
          13           6  -2.5290652371224113E-015
          13           7  -7.1719973709911227E-016
          13           8  -1.1642813449452917E-014
          13           9 -0.90122801790969198     
          13          10  -1.1283075068883096E-014
          13          11   1.0331796182483322E-014
          13          12   9.8046570862211598E-015
          13          13   2.3294707075100094     
          13          14   6.4117285038565162E-016
          13          15  -3.4156976292531774E-015
          13          16  -1.1762915945121137E-015
          13          17  -7.4195957603729878E-002
          13          18   5.4587727251216576E-014
          13          19   4.6367707557049613E-015
          13          20  -4.7702528699274075E-014
          13          21   2.9517228816044398E-015
          13          22  -3.7567190813002840E-016
          13          23   3.1992428969785150E-015
          13          24  -2.4140606540370678E-015
          13          25  -1.3415708028756855E-014
          13          26   2.3388048986790161E-015
          13          27   1.1955605934794609E-014
          13          28  -2.3073398328211596E-015
          13          29   2.4789923004532503E-015
          14           1  -2.6107814195825835E-002
          14           2   9.6422182037748161E-002
          14           3   7.0319202069729254E-015
          14           4   5.7602765997383976E-015
          14           5  -4.5928184840961490E-015
          14           6 -0.40505770534228447     
          14           7  -1.3078179775208259E-015
          14           8  -3.1393668075459091E-014
          14           9   4.3973717156209144E-015
          14          10  0.87735933786577736     
          14          11  -1.4461551508174117E-014
          14          12   8.3987142980921639E-014
          14          13   6.4117285038565162E-016
          14          14  0.14941682125405747     
          14          15  -1.6056838033194196E-015
          14          16  -1.1713001357904387E-015
          14          17   4.5533902280737304E-016
          14          18   4.9595612841790065E-002
          14          19   1.1094484152520413E-014
          14          20   4.9595612842057574E-002
          14          21   2.4301447997624929E-015
          14          22  -7.0584137064338913E-016
          14          23   4.9595612841854680E-002
          14          24 -0.18797449625587878     
          14          25  -4.3564910758009128E-014
          14          26 -0.18797449625586860     
          14          27  -3.1467271822020373E-014
          14          28  -1.4587805315299515E-015
          14          29 -0.18797449625587564     
          15           1  -7.6341965189113748E-016
          15           2   3.2055105692246122E-015
          15           3  -1.7920218068820222E-002
          15           4  -3.6909996001429143E-014
          15           5   1.1651561605731997E-014
          15           6  -1.1440031309140238E-014
          15           7   3.9739811282616999E-002
          15           8   3.7277581195492607E-015
          15           9  -2.5368636770263692E-015
          15          10  -4.3889978972429025E-015
          15          11  -7.4195957603738760E-002
          15          12  -2.2639225563695606E-015
          15          13  -3.4156976292531774E-015
          15          14  -1.6056838033194196E-015
          15          15   8.2853126513469846E-003
          15          16  -1.1064079882269826E-015
          15          17   4.1295058464302834E-016
          15          18   2.6979111891610948E-014
          15          19   4.3831686932139913E-015
          15          20  -1.7552750537891713E-013
          15          21   9.7372563602047156E-015
          15          22  -1.0574038336034512E-015
          15          23   1.6249071399366213E-013
          15          24   1.2837288061546157E-015
          15          25  -3.1192463006483928E-014
          15          26  -2.4423615967005453E-015
          15          27  -6.4097633150071513E-014
          15          28   7.9730798488664990E-015
          15          29   6.2750463701518068E-015
          16           1   6.2106381620538221E-016
          16           2   6.7640198008030816E-016
          16           3   1.5604406872551985E-014
          16           4  -1.7920218068745865E-002
          16           5  -3.0341075924488652E-015
          16           6  -9.6318780286331093E-015
          16           7   1.6864358217197245E-014
          16           8   3.9739811282585309E-002
          16           9  -3.0213461940648452E-015
          16          10  -3.3288183686757426E-015
          16          11  -1.3619747690763229E-014
          16          12  -7.4195957603674478E-002
          16          13  -1.1762915945121137E-015
          16          14  -1.1713001357904387E-015
          16          15  -1.1064079882269826E-015
          16          16   8.2853126513462421E-003
          16          17   2.5125201618817413E-015
          16          18   2.5561269528157228E-014
          16          19   5.7168359201289196E-015
          16          20  -3.7898381865500221E-018
          16          21   1.1446507896041974E-014
          16          22  -9.2631605516897073E-015
          16          23  -1.8416559614362967E-014
          16          24  -1.0037240501880277E-015
          16          25  -4.2824659600192793E-015
          16          26   1.1484010277294484E-015
          16          27  -6.0618750850749235E-014
          16          28   4.2230640929211212E-014
          16          29   2.6557709295176123E-015
          17           1  -1.0202707441759938E-016
          17           2  -3.4024125898586680E-015
          17           3  -1.7973825688433520E-014
          17           4  -6.7062342820871786E-015
          17           5  -1.7920218068772951E-002
          17           6   1.0861224430850281E-014
          17           7   5.8729402092372870E-015
          17           8   1.0359423009090899E-014
          17           9   3.9739811282617138E-002
          17          10  -9.8678923172614416E-018
          17          11  -1.7261772523521686E-014
          17          12  -2.6206115185875346E-014
          17          13  -7.4195957603729878E-002
          17          14   4.5533902280737304E-016
          17          15   4.1295058464302834E-016
          17          16   2.5125201618817413E-015
          17          17   8.2853126513460877E-003
          17          18  -5.5823150070442000E-014
          17          19  -5.4234913341839516E-015
          17          20   2.6026783826863925E-014
          17          21  -5.6647977146582241E-016
          17          22  -3.7205380056068477E-016
          17          23   2.0753945200567544E-014
          17          24  -6.8349936514097031E-016
          17          25   3.0134967835913753E-014
          17          26   2.4126914766913220E-017
          17          27   4.4422768235788867E-015
          17          28   1.4313614363721101E-014
          17          29  -5.5025570879516818E-016
          18           1 -0.80185762888280721     
          18           2   2.2981467527418253     
          18           3  -8.7731757319602971E-013
          18           4  -6.0589387944160473E-013
          18           5   1.1931494919872672E-013
          18           6  -4.8756117483560590     
          18           7  -2.7736712031897511E-014
          18           8   2.9454519127812100E-014
          18           9   9.1272247295699453E-014
          18          10  0.28146364324233836     
          18          11   1.6757792202670783E-014
          18          12  -2.0774284581654104E-014
          18          13   5.4587727251216576E-014
          18          14   4.9595612841790065E-002
          18          15   2.6979111891610948E-014
          18          16   2.5561269528157228E-014
          18          17  -5.5823150070442000E-014
          18          18   3.7287729611350517     
          18          19  -8.6227541605986821E-013
          18          20  0.73830924187410751     
          18          21  -2.7064997167708376E-013
          18          22   1.8564177255718138E-013
          18          23  0.73830924187512093     
          18          24  -2.6520134504653618E-002
          18          25   1.4101781844029065E-014
          18          26  -5.6315974425691161E-002
          18          27   5.8149867563469816E-015
          18          28  -2.5549012627100499E-014
          18          29  -5.6315974425729214E-002
          19           1   7.1915022693012670E-016
          19           2  -5.0702651538314851E-015
          19           3  -5.9305695549048062E-014
          19           4  -8.5284932308444689E-014
          19           5   1.7497544787889137E-014
          19           6   1.5973525541061658E-014
          19           7  -3.5591841385267517E-014
          19           8   6.3243215625674588E-014
          19           9  -3.6643088963333784E-015
          19          10  -1.1757809075429916E-014
          19          11  -6.9255870064653229E-015
          19          12  -1.8221172289156959E-014
          19          13   4.6367707557049613E-015
          19          14   1.1094484152520413E-014
          19          15   4.3831686932139913E-015
          19          16   5.7168359201289196E-015
          19          17  -5.4234913341839516E-015
          19          18  -8.6227541605986821E-013
          19          19   2.0420392129863751     
          19          20   3.1590691902654662E-013
          19          21   1.3231603313013096E-015
          19          22   3.0704605524789486E-016
          19          23   5.4390020504642611E-013
          19          24  -2.8406724932322208E-014
          19          25 -0.29299440506820995     
          19          26   1.4585145351451027E-014
          19          27   1.4398204850607499E-016
          19          28   2.0469737016526324E-015
          19          29   2.4409770836435324E-014
          20           1 -0.80185762888291390     
          20           2   2.2981467527420256     
          20           3  -9.8902485363211163E-013
          20           4  -7.5634130440912311E-013
          20           5   3.8730836538612237E-013
          20           6  -4.8756117483535508     
          20           7   3.9563407086932809E-014
          20           8   1.0235556908580892E-013
          20           9  -4.5332986020386286E-013
          20          10  0.28146364324311296     
          20          11   1.1929430843237781E-014
          20          12  -3.0427412404160631E-014
          20          13  -4.7702528699274075E-014
          20          14   4.9595612842057574E-002
          20          15  -1.7552750537891713E-013
          20          16  -3.7898381865500221E-018
          20          17   2.6026783826863925E-014
          20          18  0.73830924187410751     
          20          19   3.1590691902654662E-013
          20          20   3.7287729611325453     
          20          21  -1.5670681445765512E-012
          20          22   7.3696949847023362E-013
          20          23  0.73830924187379310     
          20          24  -5.6315974426014284E-002
          20          25  -1.2693511853131581E-013
          20          26  -2.6520134505133457E-002
          20          27  -8.7494881455266585E-014
          20          28   2.9253068563596068E-014
          20          29  -5.6315974425904219E-002
          21           1  -3.2010665018153382E-015
          21           2   3.8894673779589298E-015
          21           3   7.1399803042004693E-014
          21           4   1.9624352538893605E-014
          21           5  -8.0022732525024498E-015
          21           6  -1.3883611254797689E-014
          21           7  -3.3960013026592248E-014
          21           8   3.1879004383306600E-014
          21           9  -9.5891778484207207E-015
          21          10  -1.5664806824925965E-014
          21          11  -8.4743915625382970E-016
          21          12  -1.0956654891762930E-014
          21          13   2.9517228816044398E-015
          21          14   2.4301447997624929E-015
          21          15   9.7372563602047156E-015
          21          16   1.1446507896041974E-014
          21          17  -5.6647977146582241E-016
          21          18  -2.7064997167708376E-013
          21          19   1.3231603313013096E-015
          21          20  -1.5670681445765512E-012
          21          21   2.0420392129863782     
          21          22  -4.6967638112072052E-016
          21          23   1.8559685253332110E-012
          21          24  -2.8059674311990068E-015
          21          25   2.7755575615628914E-016
          21          26  -4.3442351129783739E-014
          21          27 -0.29299440506820607     
          21          28  -4.1043557441611256E-015
          21          29   6.9140977550341847E-014
          22           1  -1.6620058433049487E-015
          22           2   3.5505270910090019E-015
          22           3   1.4924405806405305E-013
          22           4   1.3613719945315128E-013
          22           5  -2.8865538198946671E-014
          22           6  -3.3519112796188168E-014
          22           7   2.4944803159857837E-014
          22           8  -4.4061079519591078E-014
          22           9  -5.6318116744798085E-015
          22          10   1.3341017606046415E-014
          22          11  -5.0585238680452288E-015
          22          12   1.1702677459223793E-014
          22          13  -3.7567190813002840E-016
          22          14  -7.0584137064338913E-016
          22          15  -1.0574038336034512E-015
          22          16  -9.2631605516897073E-015
          22          17  -3.7205380056068477E-016
          22          18   1.8564177255718138E-013
          22          19   3.0704605524789486E-016
          22          20   7.3696949847023362E-013
          22          21  -4.6967638112072052E-016
          22          22   2.0420392129863796     
          22          23  -8.8455485856653483E-013
          22          24  -6.2217819882726490E-016
          22          25   9.7144514654701197E-017
          22          26  -1.3539633987344826E-014
          22          27   2.1302404284995191E-015
          22          28 -0.29299440506820412     
          22          29  -6.5612116745590643E-015
          23           1 -0.80185762888278478     
          23           2   2.2981467527417467     
          23           3  -9.3525207059643582E-013
          23           4  -6.2223279335579095E-013
          23           5   3.0168932364462348E-014
          23           6  -4.8756117483553112     
          23           7  -3.1604431941785943E-014
          23           8  -4.0167693229814335E-014
          23           9   3.0663456953775634E-013
          23          10  0.28146364324223705     
          23          11  -4.8790130436711228E-014
          23          12   3.1829975359883015E-014
          23          13   3.1992428969785150E-015
          23          14   4.9595612841854680E-002
          23          15   1.6249071399366213E-013
          23          16  -1.8416559614362967E-014
          23          17   2.0753945200567544E-014
          23          18  0.73830924187512093     
          23          19   5.4390020504642611E-013
          23          20  0.73830924187379310     
          23          21   1.8559685253332110E-012
          23          22  -8.8455485856653483E-013
          23          23   3.7287729611345255     
          23          24  -5.6315974425714913E-002
          23          25   1.3879753342265416E-013
          23          26  -5.6315974425601149E-002
          23          27   9.8901235560094599E-014
          23          28  -1.9802893917204174E-014
          23          29  -2.6520134504732805E-002
          24           1   2.6551695432593898E-002
          24           2 -0.10346762302501544     
          24           3   1.3203401538021991E-013
          24           4   8.8735055519702583E-014
          24           5  -2.5445668082103629E-014
          24           6  0.46400019289676953     
          24           7   5.2186289649969522E-016
          24           8   2.3006707649333680E-014
          24           9  -4.4002103916331453E-015
          24          10  -1.0952393754419099     
          24          11   1.3010419154088118E-014
          24          12  -7.9594397104150859E-014
          24          13  -2.4140606540370678E-015
          24          14 -0.18797449625587878     
          24          15   1.2837288061546157E-015
          24          16  -1.0037240501880277E-015
          24          17  -6.8349936514097031E-016
          24          18  -2.6520134504653618E-002
          24          19  -2.8406724932322208E-014
          24          20  -5.6315974426014284E-002
          24          21  -2.8059674311990068E-015
          24          22  -6.2217819882726490E-016
          24          23  -5.6315974425714913E-002
          24          24  0.24071611315749580     
          24          25   4.7347958231332801E-014
          24          26  0.23973012306352989     
          24          27   1.1668809390114407E-014
          24          28   2.1257563809254953E-014
          24          29  0.23973012306353778     
          25           1  -2.2777862255058817E-015
          25           2   6.6254099594057666E-015
          25           3   8.4476833384355676E-016
          25           4  -4.1108999445571530E-016
          25           5  -3.5712687277333253E-016
          25           6  -3.1056499591610245E-014
          25           7  -1.4414698668294268E-014
          25           8  -8.7368145941535925E-015
          25           9   3.2101828979033701E-015
          25          10   5.7665302056283820E-014
          25          11   2.4608981020612553E-014
          25          12   3.2361193118790468E-014
          25          13  -1.3415708028756855E-014
          25          14  -4.3564910758009128E-014
          25          15  -3.1192463006483928E-014
          25          16  -4.2824659600192793E-015
          25          17   3.0134967835913753E-014
          25          18   1.4101781844029065E-014
          25          19 -0.29299440506820995     
          25          20  -1.2693511853131581E-013
          25          21   2.7755575615628914E-016
          25          22   9.7144514654701197E-017
          25          23   1.3879753342265416E-013
          25          24   4.7347958231332801E-014
          25          25   2.0420392129863840     
          25          26   2.0939150609957020E-014
          25          27  -1.1102230246251565E-015
          25          28   2.1094237467877974E-015
          25          29  -1.2830172182104257E-013
          26           1   2.6551695432587664E-002
          26           2 -0.10346762302499987     
          26           3  -3.2466237173298543E-014
          26           4  -2.7789120531225479E-014
          26           5   1.0346448059590622E-014
          26           6  0.46400019289676986     
          26           7   1.5290199908374505E-014
          26           8   1.5479724081701936E-014
          26           9  -1.6721571092518407E-014
          26          10  -1.0952393754418686     
          26          11  -1.1271154002717136E-014
          26          12  -4.8961949669682447E-014
          26          13   2.3388048986790161E-015
          26          14 -0.18797449625586860     
          26          15  -2.4423615967005453E-015
          26          16   1.1484010277294484E-015
          26          17   2.4126914766913220E-017
          26          18  -5.6315974425691161E-002
          26          19   1.4585145351451027E-014
          26          20  -2.6520134505133457E-002
          26          21  -4.3442351129783739E-014
          26          22  -1.3539633987344826E-014
          26          23  -5.6315974425601149E-002
          26          24  0.23973012306352989     
          26          25   2.0939150609957020E-014
          26          26  0.24071611315746555     
          26          27   7.1911696547897438E-014
          26          28   1.9101652961437155E-013
          26          29  0.23973012306353275     
          27           1  -3.7420512131164210E-016
          27           2   5.9538225387716502E-015
          27           3  -1.4246520197236019E-014
          27           4   5.1984310593794593E-015
          27           5   5.6094308795041520E-015
          27           6  -2.9240806821381207E-014
          27           7   1.2956671218006186E-014
          27           8  -4.0508701979326470E-014
          27           9  -1.1887551883372326E-014
          27          10   7.4263765703410029E-014
          27          11  -1.1969792856005296E-014
          27          12   1.0706866558238829E-013
          27          13   1.1955605934794609E-014
          27          14  -3.1467271822020373E-014
          27          15  -6.4097633150071513E-014
          27          16  -6.0618750850749235E-014
          27          17   4.4422768235788867E-015
          27          18   5.8149867563469816E-015
          27          19   1.4398204850607499E-016
          27          20  -8.7494881455266585E-014
          27          21 -0.29299440506820607     
          27          22   2.1302404284995191E-015
          27          23   9.8901235560094599E-014
          27          24   1.1668809390114407E-014
          27          25  -1.1102230246251565E-015
          27          26   7.1911696547897438E-014
          27          27   2.0420392129863703     
          27          28  -5.4123372450476381E-016
          27          29  -1.7634234361556581E-013
          28           1   2.8942374878245574E-015
