           1           1   2.4195439820297548     
           1           2  -1.1160304188551777     
           1           3  -1.9004003991794979E-011
           1           4   3.0022457426506105E-011
           1           5  -2.6240553913724866E-011
           1           6   2.4729844776054675     
           1           7   4.3985551527786736E-012
           1           8  -2.2069141238553366E-011
           1           9   4.3863762310307189E-011
           1          10  -5.9968702435215862E-003
           1          11   2.0167734991217527E-011
           1          12   6.2047645492750555E-012
           1          13   3.9970794506084483E-013
           1          14   1.8520250603268021E-002
           1          15  -3.5927562323102729E-012
           1          16   4.4123580946830576E-012
           1          17  -7.0719443364739086E-012
           1          18 -0.93397951575159510     
           1          19   3.7224254215032504E-011
           1          20 -0.93397951575067895     
           1          21  -1.1331499336725069E-010
           1          22   4.7832340518303234E-011
           1          23 -0.93397951575159688     
           1          24  -4.1824164949110690E-002
           1          25  -1.4705276604807577E-010
           1          26  -4.1824164948026418E-002
           1          27   5.8139978398543574E-010
           1          28  -2.9095334482432346E-010
           1          29  -4.1824164948353067E-002
           2           1  -1.1160304188551777     
           2           2   3.0160659583085847     
           2           3   5.8386809880680358E-011
           2           4  -9.9817980480721449E-011
           2           5   8.0572119162845058E-011
           2           6  -7.2239115822025077     
           2           7  -1.3702739802125463E-011
           2           8   6.7715923744349052E-011
           2           9  -1.2288419126191386E-010
           2          10   9.8030287602541955E-002
           2          11  -7.0614267321144695E-011
           2          12  -8.9532481920173321E-012
           2          13  -7.1167753980548566E-012
           2          14  -4.1988965518920895E-002
           2          15   5.8706364528488541E-012
           2          16   3.6089689421965287E-012
           2          17   1.2762482450420033E-011
           2          18   2.6524081319178978     
           2          19  -1.1800885034240561E-010
           2          20   2.6524081319151644     
           2          21   3.6095858788818203E-010
           2          22  -1.5311344866730813E-010
           2          23   2.6524081319177739     
           2          24  0.10988161179439325     
           2          25   4.7002022762290811E-010
           2          26  0.10988161179151504     
           2          27  -1.8597562994885673E-009
           2          28   9.3217733004665534E-010
           2          29  0.10988161179231901     
           3           1  -1.9004003991794979E-011
           3           2   5.8386809880680358E-011
           3           3   2.5142774231328335     
           3           4   1.6296122358322953E-011
           3           5  -1.1005860677567974E-011
           3           6  -3.2456341350392705E-010
           3           7  -1.1888680784316610     
           3           8  -5.5684550496669236E-011
           3           9   3.8492566657004851E-011
           3          10  -5.7209159032356702E-011
           3          11  0.26007080605648053     
           3          12   8.3104716970369077E-011
           3          13  -1.1035712243928533E-010
           3          14   1.1032415267008568E-011
           3          15   6.3447725661411714E-002
           3          16  -1.0103559058132531E-010
           3          17   9.4374306360819748E-011
           3          18   1.7872022197642165E-010
           3          19  -3.9615453402554121E-011
           3          20   1.4853788605862422E-010
           3          21  -1.2572652217975993E-010
           3          22  -7.3019386670222799E-011
           3          23   9.8621742708599763E-011
           3          24  -2.7364565169437979E-011
           3          25   1.1139327382032204E-010
           3          26  -2.7159131732085075E-011
           3          27   2.4450116590006014E-010
           3          28   1.8962543432666025E-010
           3          29   1.1728186928234690E-010
           4           1   3.0022457426506105E-011
           4           2  -9.9817980480721449E-011
           4           3   1.6296122358322953E-011
           4           4   2.5142774231202671     
           4           5   5.5890378717810288E-012
           4           6   5.2017645611565311E-010
           4           7  -2.7552491315480247E-011
           4           8  -1.1888680784155032     
           4           9  -1.5138060828265903E-011
           4          10   7.8583368335367514E-011
           4          11   8.1888245565519593E-011
           4          12  0.26007080602596055     
           4          13   2.6627165444492027E-011
           4          14   5.5481096804721106E-011
           4          15  -3.5249012562885465E-011
           4          16   6.3447725716133274E-002
           4          17  -3.5711840952608950E-011
           4          18  -2.4470373579457608E-010
           4          19   4.1682247937155861E-011
           4          20  -1.7584758857711949E-010
           4          21   3.9525016924032434E-011
           4          22   3.6733732709497783E-011
           4          23  -2.2487096964949423E-010
           4          24  -1.3064330998590394E-011
           4          25  -1.8025347867820720E-010
           4          26  -6.8462868925685509E-011
           4          27  -5.1820436304888300E-011
           4          28  -3.6569665725403861E-011
           4          29  -6.7036865386507226E-011
           5           1  -2.6240553913724866E-011
           5           2   8.0572119162845058E-011
           5           3  -1.1005860677567974E-011
           5           4   5.5890378717810288E-012
           5           5   2.5142774231391445     
           5           6  -2.3712778932377682E-010
           5           7   3.7520873443117594E-011
           5           8  -1.2834505911427512E-011
           5           9  -1.1888680784504300     
           5          10  -2.2524480357154757E-011
           5          11  -1.1944094291934000E-010
           5          12   5.5071814861476106E-011
           5          13  0.26007080608830457     
           5          14  -2.9717350492873058E-011
           5          15   1.2420123934417863E-010
           5          16  -3.4522888456009537E-011
           5          17   6.3447725626284146E-002
           5          18  -6.1231915352604236E-011
           5          19  -8.4053466826664343E-011
           5          20   1.4581658901954026E-010
           5          21   4.1677638695954630E-011
           5          22  -4.1177855975786766E-011
           5          23   1.2495749745103716E-010
           5          24   2.9423992052524965E-011
           5          25   6.6359288577217107E-011
           5          26   9.8373490438153516E-011
           5          27   5.1070332134070231E-011
           5          28   3.8449444445389710E-011
           5          29  -1.4893229631528835E-010
           6           1   2.4729844776054675     
           6           2  -7.2239115822025077     
           6           3  -3.2456341350392705E-010
           6           4   5.2017645611565311E-010
           6           5  -2.3712778932377682E-010
           6           6   20.119364314007477     
           6           7   1.2536741775686372E-011
           6           8  -3.2654696935082392E-010
           6           9   4.9014771868414464E-010
           6          10 -0.99804384397218771     
           6          11   2.8714386529317158E-010
           6          12   3.3094290564255872E-011
           6          13  -1.7384456369173773E-011
           6          14   4.5047540111854460E-002
           6          15  -2.5984324779687759E-011
           6          16  -2.1054328233910106E-011
           6          17  -6.5062252301151737E-011
           6          18  -6.4991215018442290     
           6          19   4.5134221782474927E-010
           6          20  -6.4991215018205555     
           6          21  -1.5711391843221019E-009
           6          22   6.5860315101836196E-010
           6          23  -6.4991215018314987     
           6          24 -0.25969258195397793     
           6          25  -2.0192153687778227E-009
           6          26 -0.25969258194166384     
           6          27   8.0553792111623211E-009
           6          28  -4.0114875892796237E-009
           6          29 -0.25969258194426520     
           7           1   4.3985551527786736E-012
           7           2  -1.3702739802125463E-011
           7           3  -1.1888680784316610     
           7           4  -2.7552491315480247E-011
           7           5   3.7520873443117594E-011
           7           6   1.2536741775686372E-011
           7           7   2.7581869421824057     
           7           8   1.0664176423410259E-010
           7           9  -1.1848575560181128E-010
           7          10   1.1042012355778229E-010
           7          11 -0.73487391736843832     
           7          12  -2.0984092078138589E-010
           7          13   2.9351444105350031E-010
           7          14  -8.2403094967886811E-011
           7          15 -0.16956119280135712     
           7          16   2.6994600435181261E-010
           7          17  -2.6217971023140912E-010
           7          18  -6.9776483763577231E-011
           7          19   8.7938421677722229E-011
           7          20  -2.2216761354382488E-011
           7          21   3.1953910048666725E-010
           7          22   2.0924545254459192E-010
           7          23   1.0183210829667832E-010
           7          24   9.8480473200179092E-011
           7          25  -3.0995718828637808E-010
           7          26   9.0100361927584079E-011
           7          27  -6.5093793712225721E-010
           7          28  -5.0964754921406182E-010
           7          29  -2.6255085295567137E-010
           8           1  -2.2069141238553366E-011
           8           2   6.7715923744349052E-011
           8           3  -5.5684550496669236E-011
           8           4  -1.1888680784155032     
           8           5  -1.2834505911427512E-011
           8           6  -3.2654696935082392E-010
           8           7   1.0664176423410259E-010
           8           8   2.7581869421749516     
           8           9   3.4865769668956974E-011
           8          10  -1.0426539634362561E-010
           8          11  -2.1773457862023036E-010
           8          12 -0.73487391730636675     
           8          13  -6.9568155931800865E-011
           8          14  -8.2684571200054046E-011
           8          15   1.1479595403603329E-010
           8          16 -0.16956119291114413     
           8          17   1.0734121432097957E-010
           8          18   1.4545400507562659E-010
           8          19  -1.1183138784668171E-010
           8          20   1.9268686963605332E-011
           8          21  -1.1410372806926113E-010
           8          22  -9.5754284620748020E-011
           8          23   1.1879303042349808E-010
           8          24  -8.9742090045117555E-012
           8          25   5.0207065565151881E-010
           8          26   1.2511948727318283E-010
           8          27   1.0946426192941473E-010
           8          28   8.6143701371621601E-011
           8          29   9.1211429963993396E-011
           9           1   4.3863762310307189E-011
           9           2  -1.2288419126191386E-010
           9           3   3.8492566657004851E-011
           9           4  -1.5138060828265903E-011
           9           5  -1.1888680784504300     
           9           6   4.9014771868414464E-010
           9           7  -1.1848575560181128E-010
           9           8   3.4865769668956974E-011
           9           9   2.7581869422367520     
           9          10   6.3017428203020128E-011
           9          11   3.2881095671724581E-010
           9          12  -1.4082089576532874E-010
           9          13 -0.73487391745802000     
           9          14   7.0132220396220970E-011
           9          15  -3.3447018928806561E-010
           9          16   8.5764765605645541E-011
           9          17 -0.16956119270026893     
           9          18   1.6148394734400041E-010
           9          19   2.0107657761226971E-010
           9          20  -3.0054779319641592E-010
           9          21  -7.9807557658106471E-011
           9          22   1.1528510512670112E-010
           9          23  -2.8019761853539325E-010
           9          24  -1.0256426849617602E-010
           9          25  -1.6598365816071608E-010
           9          26  -2.7065552622306134E-010
           9          27  -9.2801280367341780E-011
           9          28  -1.0512984183177941E-010
           9          29   3.9965939281721438E-010
          10           1  -5.9968702435215862E-003
          10           2   9.8030287602541955E-002
          10           3  -5.7209159032356702E-011
          10           4   7.8583368335367514E-011
          10           5  -2.2524480357154757E-011
          10           6 -0.99804384397218771     
          10           7   1.1042012355778229E-010
          10           8  -1.0426539634362561E-010
          10           9   6.3017428203020128E-011
          10          10   2.8509126453979805     
          10          11  -5.2937358653554929E-010
          10          12  -1.0288141822497939E-010
          10          13  -4.7169553965550065E-011
          10          14  0.30357769282017588     
          10          15   3.9711990324707962E-011
          10          16   7.4849913629325809E-011
          10          17   5.4992245339201236E-011
          10          18  0.11107586126619734     
          10          19  -5.9685529636383572E-010
          10          20  0.11107586124998146     
          10          21   1.5160554412283932E-009
          10          22  -8.1636042204029389E-010
          10          23  0.11107586128620464     
          10          24 -0.22817892691579292     
          10          25   1.9165381943719309E-009
          10          26 -0.22817892690786096     
          10          27  -6.8814474918099947E-009
          10          28   3.9863038414022410E-009
          10          29 -0.22817892690476169     
          11           1   2.0167734991217527E-011
          11           2  -7.0614267321144695E-011
          11           3  0.26007080605648053     
          11           4   8.1888245565519593E-011
          11           5  -1.1944094291934000E-010
          11           6   2.8714386529317158E-010
          11           7 -0.73487391736843832     
          11           8  -2.1773457862023036E-010
          11           9   3.2881095671724581E-010
          11          10  -5.2937358653554929E-010
          11          11   1.9470230990985204     
          11          12   4.0035513339992125E-010
          11          13  -7.9712379511068182E-010
          11          14   1.8845963094977935E-010
          11          15  0.31870763594016155     
          11          16  -4.5054794010132733E-010
          11          17   6.2894086336023968E-010
          11          18   3.0235977422723790E-012
          11          19  -1.7678825128840957E-010
          11          20   2.8029466358159713E-012
          11          21  -4.2642756749576935E-010
          11          22  -1.1672282889294865E-010
          11          23  -1.8899672751682330E-010
          11          24  -1.5493735386505085E-010
          11          25   9.4197153046226471E-010
          11          26  -5.4873603194322852E-012
          11          27   1.7888196865367322E-009
          11          28   1.2741999389336336E-009
          11          29   6.7799532330388000E-010
          12           1   6.2047645492750555E-012
          12           2  -8.9532481920173321E-012
          12           3   8.3104716970369077E-011
          12           4  0.26007080602596055     
          12           5   5.5071814861476106E-011
          12           6   3.3094290564255872E-011
          12           7  -2.0984092078138589E-010
          12           8 -0.73487391730636675     
          12           9  -1.4082089576532874E-010
          12          10  -1.0288141822497939E-010
          12          11   4.0035513339992125E-010
          12          12   1.9470230988663850     
          12          13   3.0262658821953858E-010
          12          14  -4.0940324589490705E-011
          12          15  -1.8837354397853404E-010
          12          16  0.31870763612101183     
          12          17  -3.5205936398690753E-010
          12          18  -5.3533851051208091E-011
          12          19   2.7998774283386359E-010
          12          20   7.6577271833770389E-012
          12          21   8.6532321479260149E-011
          12          22   2.6277588819320111E-011
          12          23   3.1806723315738891E-011
          12          24   3.0511467214825982E-010
          12          25  -1.3783104916708247E-009
          12          26  -4.1282963859076099E-012
          12          27  -2.6120613192239121E-010
          12          28  -1.4589351696382474E-010
          12          29  -1.7178890906478271E-010
          13           1   3.9970794506084483E-013
          13           2  -7.1167753980548566E-012
          13           3  -1.1035712243928533E-010
          13           4   2.6627165444492027E-011
          13           5  0.26007080608830457     
          13           6  -1.7384456369173773E-011
          13           7   2.9351444105350031E-010
          13           8  -6.9568155931800865E-011
          13           9 -0.73487391745802000     
          13          10  -4.7169553965550065E-011
          13          11  -7.9712379511068182E-010
          13          12   3.0262658821953858E-010
          13          13   1.9470230991984125     
          13          14  -2.4467094405462062E-010
          13          15   6.3550389115389761E-010
          13          16  -1.2785935183614710E-010
          13          17  0.31870763586067941     
          13          18  -3.9302829280113128E-012
          13          19  -9.7016767795629300E-011
          13          20  -1.2861479258913523E-010
          13          21  -9.0245183942741715E-011
          13          22  -4.7395961822537196E-011
          13          23   1.6010457268237398E-010
          13          24   2.9654646113473802E-010
          13          25   1.7156110653900534E-010
          13          26   6.6789466262586328E-010
          13          27  -1.3112544392897685E-010
          13          28   3.1489290515361458E-010
          13          29  -6.6815338444457737E-010
          14           1   1.8520250603268021E-002
          14           2  -4.1988965518920895E-002
          14           3   1.1032415267008568E-011
          14           4   5.5481096804721106E-011
          14           5  -2.9717350492873058E-011
          14           6   4.5047540111854460E-002
          14           7  -8.2403094967886811E-011
          14           8  -8.2684571200054046E-011
          14           9   7.0132220396220970E-011
          14          10  0.30357769282017588     
          14          11   1.8845963094977935E-010
          14          12  -4.0940324589490705E-011
          14          13  -2.4467094405462062E-010
          14          14   3.3502963389073034E-002
          14          15   4.4153558766654692E-011
          14          16   4.7137096623281996E-012
          14          17  -3.3079308748309101E-011
          14          18  -3.5632668669428005E-002
          14          19   1.8025067006961449E-009
          14          20  -3.5632668675501550E-002
          14          21  -7.1719383285531686E-009
          14          22   3.1849357126607609E-009
          14          23  -3.5632668668564793E-002
          14          24  -2.6936853607470657E-002
          14          25  -8.7461373335204257E-009
          14          26  -2.6936853606804052E-002
          14          27   3.5239088193113080E-008
          14          28  -1.6352427698426566E-008
          14          29  -2.6936853606275315E-002
          15           1  -3.5927562323102729E-012
          15           2   5.8706364528488541E-012
          15           3   6.3447725661411714E-002
          15           4  -3.5249012562885465E-011
          15           5   1.2420123934417863E-010
          15           6  -2.5984324779687759E-011
          15           7 -0.16956119280135712     
          15           8   1.1479595403603329E-010
          15           9  -3.3447018928806561E-010
          15          10   3.9711990324707962E-011
          15          11  0.31870763594016155     
          15          12  -1.8837354397853404E-010
          15          13   6.3550389115389761E-010
          15          14   4.4153558766654692E-011
          15          15   5.3147983199130777E-002
          15          16  -1.1857724863539618E-010
          15          17   2.3077285857440404E-010
          15          18   1.7450867202376023E-011
          15          19   3.6084906472389484E-010
          15          20  -1.2285856435705409E-011
          15          21   6.1164730747478537E-010
          15          22   4.0879934300238224E-010
          15          23   1.2555452419961459E-011
          15          24  -3.5693959667606880E-011
          15          25  -1.7255264504339961E-009
          15          26  -1.4153872428345273E-011
          15          27  -3.0515179534999724E-009
          15          28  -2.1319019142736209E-009
          15          29   1.0352136079725812E-010
          16           1   4.4123580946830576E-012
          16           2   3.6089689421965287E-012
          16           3  -1.0103559058132531E-010
          16           4   6.3447725716133274E-002
          16           5  -3.4522888456009537E-011
          16           6  -2.1054328233910106E-011
          16           7   2.6994600435181261E-010
          16           8 -0.16956119291114413     
          16           9   8.5764765605645541E-011
          16          10   7.4849913629325809E-011
          16          11  -4.5054794010132733E-010
          16          12  0.31870763612101183     
          16          13  -1.2785935183614710E-010
          16          14   4.7137096623281996E-012
          16          15  -1.1857724863539618E-010
          16          16   5.3147983266027196E-002
          16          17  -8.6843779681170618E-011
          16          18   5.0795838113226540E-012
          16          19  -3.5883395429949634E-010
          16          20  -1.4895819272011716E-011
          16          21  -1.0522167691878480E-010
          16          22  -6.6077626716233209E-011
          16          23   2.0455097779998502E-011
          16          24   4.1400189500774716E-011
          16          25   1.8313383112042814E-009
          16          26  -1.1755359097102182E-011
          16          27   2.7411858043644475E-010
          16          28  -5.0715772879737054E-011
          16          29  -3.4964763895131191E-011
          17           1  -7.0719443364739086E-012
          17           2   1.2762482450420033E-011
          17           3   9.4374306360819748E-011
          17           4  -3.5711840952608950E-011
          17           5   6.3447725626284146E-002
          17           6  -6.5062252301151737E-011
          17           7  -2.6217971023140912E-010
          17           8   1.0734121432097957E-010
          17           9 -0.16956119270026893     
          17          10   5.4992245339201236E-011
          17          11   6.2894086336023968E-010
          17          12  -3.5205936398690753E-010
          17          13  0.31870763586067941     
          17          14  -3.3079308748309101E-011
          17          15   2.3077285857440404E-010
          17          16  -8.6843779681170618E-011
          17          17   5.3147983167266113E-002
          17          18   7.4790860505959016E-012
          17          19   7.8699598559328245E-011
          17          20   1.4682141740677822E-011
          17          21  -1.1483074217456721E-010
          17          22   3.4272288088881026E-011
          17          23   2.3448260292621078E-011
          17          24   4.3839919331607142E-011
          17          25  -7.1836804118725939E-010
          17          26   1.0637603094288093E-010
          17          27   1.5296418823555593E-010
          17          28  -4.6984281962045019E-010
          17          29  -1.1808051452926481E-010
          18           1 -0.93397951575159510     
          18           2   2.6524081319178978     
          18           3   1.7872022197642165E-010
          18           4  -2.4470373579457608E-010
          18           5  -6.1231915352604236E-011
          18           6  -6.4991215018442290     
          18           7  -6.9776483763577231E-011
          18           8   1.4545400507562659E-010
          18           9   1.6148394734400041E-010
          18          10  0.11107586126619734     
          18          11   3.0235977422723790E-012
          18          12  -5.3533851051208091E-011
          18          13  -3.9302829280113128E-012
          18          14  -3.5632668669428005E-002
          18          15   1.7450867202376023E-011
          18          16   5.0795838113226540E-012
          18          17   7.4790860505959016E-012
          18          18   4.2934475497450162     
          18          19   8.7485449052495805E-010
          18          20   1.3647104067478202     
          18          21  -1.0173499660560675E-008
          18          22  -8.1570019384743406E-010
          18          23   1.3647104067534626     
          18          24  0.23135287723994327     
          18          25   1.3450567386575842E-011
          18          26   3.0851167284875386E-002
          18          27  -1.5453566336368435E-009
          18          28   1.0416274726664692E-009
          18          29   3.0851167275751601E-002
          19           1   3.7224254215032504E-011
          19           2  -1.1800885034240561E-010
          19           3  -3.9615453402554121E-011
          19           4   4.1682247937155861E-011
          19           5  -8.4053466826664343E-011
          19           6   4.5134221782474927E-010
          19           7   8.7938421677722229E-011
          19           8  -1.1183138784668171E-010
          19           9   2.0107657761226971E-010
          19          10  -5.9685529636383572E-010
          19          11  -1.7678825128840957E-010
          19          12   2.7998774283386359E-010
          19          13  -9.7016767795629300E-011
          19          14   1.8025067006961449E-009
          19          15   3.6084906472389484E-010
          19          16  -3.5883395429949634E-010
          19          17   7.8699598559328245E-011
          19          18   8.7485449052495805E-010
          19          19   2.0420392129772194     
          19          20  -9.6319833725198982E-009
          19          21  -1.0891411904301318E-011
          19          22  -2.3838006221743591E-011
          19          23   8.5118235784397991E-009
          19          24  -5.5228554054442799E-010
          19          25 -0.29299440504648810     
          19          26  -4.3764234818048066E-010
          19          27   1.3438482965311138E-011
          19          28  -1.3203486914914464E-011
          19          29   6.9745002986982776E-010
          20           1 -0.93397951575067895     
          20           2   2.6524081319151644     
          20           3   1.4853788605862422E-010
          20           4  -1.7584758857711949E-010
          20           5   1.4581658901954026E-010
          20           6  -6.4991215018205555     
          20           7  -2.2216761354382488E-011
          20           8   1.9268686963605332E-011
          20           9  -3.0054779319641592E-010
          20          10  0.11107586124998146     
          20          11   2.8029466358159713E-012
          20          12   7.6577271833770389E-012
          20          13  -1.2861479258913523E-010
          20          14  -3.5632668675501550E-002
          20          15  -1.2285856435705409E-011
          20          16  -1.4895819272011716E-011
          20          17   1.4682141740677822E-011
          20          18   1.3647104067478202     
          20          19  -9.6319833725198982E-009
          20          20   4.2934475497251992     
          20          21  -8.4040313990521838E-009
          20          22  -1.1155227113790263E-008
          20          23   1.3647104067482858     
          20          24   3.0851167288329276E-002
          20          25   4.9366048099883713E-011
          20          26  0.23135287724579556     
          20          27  -2.6727303843141586E-009
          20          28  -1.6809811281236065E-010
          20          29   3.0851167271588827E-002
          21           1  -1.1331499336725069E-010
          21           2   3.6095858788818203E-010
          21           3  -1.2572652217975993E-010
          21           4   3.9525016924032434E-011
          21           5   4.1677638695954630E-011
          21           6  -1.5711391843221019E-009
          21           7   3.1953910048666725E-010
          21           8  -1.1410372806926113E-010
          21           9  -7.9807557658106471E-011
          21          10   1.5160554412283932E-009
          21          11  -4.2642756749576935E-010
          21          12   8.6532321479260149E-011
          21          13  -9.0245183942741715E-011
          21          14  -7.1719383285531686E-009
          21          15   6.1164730747478537E-010
          21          16  -1.0522167691878480E-010
          21          17  -1.1483074217456721E-010
          21          18  -1.0173499660560675E-008
          21          19  -1.0891411904301318E-011
          21          20  -8.4040313990521838E-009
          21          21   2.0420392130301117     
          21          22   2.1875140587823694E-012
          21          23   1.9567591492354321E-008
          21          24   9.3458614952651105E-010
          21          25   3.8318192369102277E-011
          21          26  -7.1861538185818726E-011
          21          27 -0.29299440517196573     
          21          28  -3.1312771819891339E-011
          21          29   1.5473136840230686E-009
          22           1   4.7832340518303234E-011
          22           2  -1.5311344866730813E-010
          22           3  -7.3019386670222799E-011
          22           4   3.6733732709497783E-011
          22           5  -4.1177855975786766E-011
          22           6   6.5860315101836196E-010
          22           7   2.0924545254459192E-010
          22           8  -9.5754284620748020E-011
          22           9   1.1528510512670112E-010
          22          10  -8.1636042204029389E-010
          22          11  -1.1672282889294865E-010
          22          12   2.6277588819320111E-011
          22          13  -4.7395961822537196E-011
          22          14   3.1849357126607609E-009
          22          15   4.0879934300238224E-010
          22          16  -6.6077626716233209E-011
          22          17   3.4272288088881026E-011
          22          18  -8.1570019384743406E-010
          22          19  -2.3838006221743591E-011
          22          20  -1.1155227113790263E-008
          22          21   2.1875140587823694E-012
          22          22   2.0420392129632816     
          22          23   1.1577392739009516E-008
          22          24  -3.1166789163302031E-011
          22          25   1.2633328411171263E-010
          22          26  -1.2825317870986041E-009
          22          27   2.0957402480092924E-011
          22          28 -0.29299440501338941     
          22          29   6.0544388832200756E-010
          23           1 -0.93397951575159688     
          23           2   2.6524081319177739     
          23           3   9.8621742708599763E-011
          23           4  -2.2487096964949423E-010
          23           5   1.2495749745103716E-010
          23           6  -6.4991215018314987     
          23           7   1.0183210829667832E-010
          23           8   1.1879303042349808E-010
          23           9  -2.8019761853539325E-010
          23          10  0.11107586128620464     
          23          11  -1.8899672751682330E-010
          23          12   3.1806723315738891E-011
          23          13   1.6010457268237398E-010
          23          14  -3.5632668668564793E-002
          23          15   1.2555452419961459E-011
          23          16   2.0455097779998502E-011
          23          17   2.3448260292621078E-011
          23          18   1.3647104067534626     
          23          19   8.5118235784397991E-009
          23          20   1.3647104067482858     
          23          21   1.9567591492354321E-008
          23          22   1.1577392739009516E-008
          23          23   4.2934475497257765     
          23          24   3.0851167270752294E-002
          23          25   1.2010714306721209E-009
          23          26   3.0851167258732694E-002
          23          27  -8.8135760484745738E-010
          23          28   1.6572319923774979E-009
          23          29  0.23135287724418269     
          24           1  -4.1824164949110690E-002
          24           2  0.10988161179439325     
          24           3  -2.7364565169437979E-011
          24           4  -1.3064330998590394E-011
          24           5   2.9423992052524965E-011
          24           6 -0.25969258195397793     
          24           7   9.8480473200179092E-011
          24           8  -8.9742090045117555E-012
          24           9  -1.0256426849617602E-010
          24          10 -0.22817892691579292     
          24          11  -1.5493735386505085E-010
          24          12   3.0511467214825982E-010
          24          13   2.9654646113473802E-010
          24          14  -2.6936853607470657E-002
          24          15  -3.5693959667606880E-011
          24          16   4.1400189500774716E-011
          24          17   4.3839919331607142E-011
          24          18  0.23135287723994327     
          24          19  -5.5228554054442799E-010
          24          20   3.0851167288329276E-002
          24          21   9.3458614952651105E-010
          24          22  -3.1166789163302031E-011
          24          23   3.0851167270752294E-002
          24          24   3.3334232651766910E-002
          24          25   3.1440204597122334E-009
          24          26   1.9607860589762875E-002
          24          27  -8.4704696187880311E-009
          24          28   4.6713390376065984E-010
          24          29   1.9607860587848296E-002
          25           1  -1.4705276604807577E-010
          25           2   4.7002022762290811E-010
          25           3   1.1139327382032204E-010
          25           4  -1.8025347867820720E-010
          25           5   6.6359288577217107E-011
          25           6  -2.0192153687778227E-009
          25           7  -3.0995718828637808E-010
          25           8   5.0207065565151881E-010
          25           9  -1.6598365816071608E-010
          25          10   1.9165381943719309E-009
          25          11   9.4197153046226471E-010
          25          12  -1.3783104916708247E-009
          25          13   1.7156110653900534E-010
          25          14  -8.7461373335204257E-009
          25          15  -1.7255264504339961E-009
          25          16   1.8313383112042814E-009
          25          17  -7.1836804118725939E-010
          25          18   1.3450567386575842E-011
          25          19 -0.29299440504648810     
          25          20   4.9366048099883713E-011
          25          21   3.8318192369102277E-011
          25          22   1.2633328411171263E-010
          25          23   1.2010714306721209E-009
          25          24   3.1440204597122334E-009
          25          25   2.0420392129893052     
          25          26  -2.7991329175742017E-010
          25          27   3.4709041196734347E-012
          25          28   7.6098433110516339E-012
          25          29  -3.0381164073220195E-011
          26           1  -4.1824164948026418E-002
          26           2  0.10988161179151504     
          26           3  -2.7159131732085075E-011
          26           4  -6.8462868925685509E-011
          26           5   9.8373490438153516E-011
          26           6 -0.25969258194166384     
          26           7   9.0100361927584079E-011
          26           8   1.2511948727318283E-010
          26           9  -2.7065552622306134E-010
          26          10 -0.22817892690786096     
          26          11  -5.4873603194322852E-012
          26          12  -4.1282963859076099E-012
          26          13   6.6789466262586328E-010
          26          14  -2.6936853606804052E-002
          26          15  -1.4153872428345273E-011
          26          16  -1.1755359097102182E-011
          26          17   1.0637603094288093E-010
          26          18   3.0851167284875386E-002
          26          19  -4.3764234818048066E-010
          26          20  0.23135287724579556     
          26          21  -7.1861538185818726E-011
          26          22  -1.2825317870986041E-009
          26          23   3.0851167258732694E-002
          26          24   1.9607860589762875E-002
          26          25  -2.7991329175742017E-010
          26          26   3.3334232651038458E-002
          26          27  -2.5720818285861289E-009
          26          28   2.8778173105835351E-009
          26          29   1.9607860585953325E-002
          27           1   5.8139978398543574E-010
          27           2  -1.8597562994885673E-009
          27           3   2.4450116590006014E-010
          27           4  -5.1820436304888300E-011
          27           5   5.1070332134070231E-011
          27           6   8.0553792111623211E-009
          27           7  -6.5093793712225721E-010
          27           8   1.0946426192941473E-010
          27           9  -9.2801280367341780E-011
          27          10  -6.8814474918099947E-009
          27          11   1.7888196865367322E-009
          27          12  -2.6120613192239121E-010
          27          13  -1.3112544392897685E-010
          27          14   3.5239088193113080E-008
          27          15  -3.0515179534999724E-009
          27          16   2.7411858043644475E-010
          27          17   1.5296418823555593E-010
          27          18  -1.5453566336368435E-009
          27          19   1.3438482965311138E-011
          27          20  -2.6727303843141586E-009
          27          21 -0.29299440517196573     
          27          22   2.0957402480092924E-011
          27          23  -8.8135760484745738E-010
          27          24  -8.4704696187880311E-009
          27          25   3.4709041196734347E-012
          27          26  -2.5720818285861289E-009
          27          27   2.0420392129724241     
          27          28  -6.9633188104489818E-013
          27          29  -2.0698745588316943E-009
          28           1  -2.9095334482432346E-010
