           1           1   2.1771899054472859     
           1           2 -0.64922459706604474     
           1           3  -2.7744222044367934E-015
           1           4  -2.2529463724926107E-015
           1           5  -3.6542278505956972E-016
           1           6  0.11434054872222997     
           1           7  -1.1167818238121526E-015
           1           8   1.0350349119874549E-015
           1           9   1.6754919887697989E-016
           2           1 -0.64922459706604474     
           2           2   2.3899484737282424     
           2           3   7.9714273575223219E-015
           2           4   6.3262481745743521E-015
           2           5   1.0896900768836444E-015
           2           6 -0.54163363964603395     
           2           7   2.3920107585197816E-015
           2           8  -2.9391505976151425E-015
           2           9  -2.1604181050659256E-015
           3           1  -2.7744222044367934E-015
           3           2   7.9714273575223219E-015
           3           3   1.9212101060568636     
           3           4   8.8817841970012464E-016
           3           5   1.1692036228083662E-015
           3           6  -8.1963973605409141E-016
           3           7   7.1089456130347728E-002
           3           8  -2.6654026208383633E-015
           3           9  -2.2400701085722964E-015
           4           1  -2.2529463724926107E-015
           4           2   6.3262481745743521E-015
           4           3   8.8817841970012464E-016
           4           4   1.9212101060568596     
           4           5   5.3776427755281513E-017
           4           6   4.2282880803399220E-015
           4           7   1.0668549377257377E-015
           4           8   7.1089456130351336E-002
           4           9   8.7123776075503804E-016
           5           1  -3.6542278505956972E-016
           5           2   1.0896900768836444E-015
           5           3   1.1692036228083662E-015
           5           4   5.3776427755281513E-017
           5           5   1.9212101060568660     
           5           6  -1.5811789844568598E-015
           5           7   2.7863995832877927E-016
           5           8  -2.2052672188355251E-016
           5           9   7.1089456130347478E-002
           6           1  0.11434054872222997     
           6           2 -0.54163363964603395     
           6           3  -8.1963973605409141E-016
           6           4   4.2282880803399220E-015
           6           5  -1.5811789844568598E-015
           6           6   1.2763169741063267     
           6           7  -4.2267837288281587E-015
           6           8   1.2741491813387145E-015
           6           9   3.5777875523266164E-015
           7           1  -1.1167818238121526E-015
           7           2   2.3920107585197816E-015
           7           3   7.1089456130347728E-002
           7           4   1.0668549377257377E-015
           7           5   2.7863995832877927E-016
           7           6  -4.2267837288281587E-015
           7           7   1.3136235710894294E-002
           7           8  -2.3139584866272110E-016
           7           9  -2.4003897285651276E-016
           8           1   1.0350349119874549E-015
           8           2  -2.9391505976151425E-015
           8           3  -2.6654026208383633E-015
           8           4   7.1089456130351336E-002
           8           5  -2.2052672188355251E-016
           8           6   1.2741491813387145E-015
           8           7  -2.3139584866272110E-016
           8           8   1.3136235710894992E-002
           8           9   1.3286389404041721E-016
           9           1   1.6754919887697989E-016
           9           2  -2.1604181050659256E-015
           9           3  -2.2400701085722964E-015
           9           4   8.7123776075503804E-016
           9           5   7.1089456130347478E-002
           9           6   3.5777875523266164E-015
           9           7  -2.4003897285651276E-016
           9           8   1.3286389404041721E-016
           9           9   1.3136235710894397E-002
