           1           1   2.4173302210161793     
           1           2  -1.1120531356358936     
           1           3   2.9279881523433890E-012
           1           4   3.6420564452762069E-011
           1           5   3.6414532175450203E-011
           1           6   2.4725797922065498     
           1           7  -2.4035252974126344E-012
           1           8  -1.0155157382090753E-010
           1           9  -9.7270305211371044E-011
           1          10  -4.0653224843322573E-002
           1          11   4.3200632305605567E-011
           1          12   2.5408298132796176E-010
           1          13   2.4266525487112082E-010
           1          14   7.2287135290578272E-002
           1          15  -1.9520522963977452E-010
           1          16  -3.5291444851465364E-010
           1          17  -3.3992669148335169E-010
           1          18 -0.93325262439984513     
           1          19  -6.2944174996778894E-005
           1          20 -0.93331450932488269     
           1          21  -2.2472558247057682E-005
           1          22  -4.0892691271414623E-005
           1          23 -0.93323506105392728     
           1          24  -3.7892769375511490E-002
           1          25   3.5334948730636213E-004
           1          26  -3.7544124817719737E-002
           1          27   1.2487262131495938E-004
           1          28   2.2740978856052398E-004
           1          29  -3.7992772124854371E-002
           2           1  -1.1120531356358936     
           2           2   3.0072196505599376     
           2           3  -3.3186032448764379E-012
           2           4  -1.1250533785830194E-010
           2           5  -1.1998711601327657E-010
           2           6  -7.1911452625836958     
           2           7   1.0232065923410252E-011
           2           8   3.2318080907113589E-010
           2           9   3.1296529833683649E-010
           2          10  0.20266212670431155     
           2          11  -1.3025297805461263E-010
           2          12  -8.2675003821776186E-010
           2          13  -7.9158180201766456E-010
           2          14 -0.20961445720219607     
           2          15   6.2473389933829974E-010
           2          16   1.1319175210051358E-009
           2          17   1.0865718401642287E-009
           2          18   2.6376443184416036     
           2          19   2.0787002867487560E-004
           2          20   2.6378477830343132     
           2          21   7.6083565911180123E-005
           2          22   1.3716613625838064E-004
           2          23   2.6375874752699024     
           2          24   9.7071952472467582E-002
           2          25  -1.1663919585155370E-003
           2          26   9.5927063407404756E-002
           2          27  -4.2372255194885909E-004
           2          28  -7.6417293106732179E-004
           2          29   9.7394545908428248E-002
           3           1   2.9279881523433890E-012
           3           2  -3.3186032448764379E-012
           3           3   2.4945808806274710     
           3           4  -8.0362250199203153E-006
           3           5   6.7574212517616122E-007
           3           6  -2.7749320347802464E-011
           3           7  -1.1601960569660721     
           3           8   2.2354997394127612E-005
           3           9  -1.9860351957894703E-006
           3          10   2.5423910467861840E-010
           3          11  0.25796877020324938     
           3          12  -5.5134446871431438E-005
           3          13   6.9126676016101471E-006
           3          14   1.1856908663102010E-009
           3          15   4.7079994856299601E-002
           3          16   1.2408397835617091E-006
           3          17  -2.5728018904664111E-005
           3          18   2.1793126265412487E-010
           3          19   1.5485345125152044E-010
           3          20  -2.4804514273564650E-010
           3          21   1.8517562950024624E-010
           3          22  -4.3984753083629611E-011
           3          23   7.9980909338548668E-011
           3          24  -1.5102426610676962E-009
           3          25  -8.3493250652372410E-010
           3          26   9.5651172263700531E-010
           3          27  -9.1595088770109505E-010
           3          28   3.5730173266729543E-010
           3          29  -6.4489875964135514E-010
           4           1   3.6420564452762069E-011
           4           2  -1.1250533785830194E-010
           4           3  -8.0362250199203153E-006
           4           4   2.4945688000184374     
           4           5  -2.6259918812831856E-007
           4           6   3.2924788870120901E-010
           4           7   2.2357402121628072E-005
           4           8  -1.1601623591655505     
           4           9   5.8390965166710621E-007
           4          10  -8.9358376893912026E-010
           4          11  -5.5226388751874892E-005
           4          12  0.25788388938502488     
           4          13   1.2662916714677782E-006
           4          14   8.3123128970969165E-010
           4          15   2.2447282415868127E-006
           4          16   4.7103314030592577E-002
           4          17  -3.3503353689124369E-005
           4          18  -1.3521709791915009E-010
           4          19  -1.0023422528548862E-010
           4          20   1.0638674102324532E-010
           4          21  -1.6371683882691765E-010
           4          22   1.2816918901890071E-010
           4          23  -6.1719082816034710E-011
           4          24   7.6584559925998400E-010
           4          25   4.7003405697975428E-010
           4          26  -4.0790657306408793E-010
           4          27   9.0406123333313708E-010
           4          28  -6.7642756108764800E-010
           4          29   4.3159222401454654E-010
           5           1   3.6414532175450203E-011
           5           2  -1.1998711601327657E-010
           5           3   6.7574212517616122E-007
           5           4  -2.6259918812831856E-007
           5           5   2.4945869292775154     
           5           6   6.3508161057682983E-010
           5           7  -1.9912756191953966E-006
           5           8   5.7330220249812930E-007
           5           9  -1.1602129871891274     
           5          10  -8.6462485677695826E-010
           5          11   7.1130168916700267E-006
           5          12   1.6715667532185390E-006
           5          13  0.25801251599897645     
           5          14   8.1596437789736366E-010
           5          15  -2.7914724949906831E-005
           5          16  -3.7926974434613161E-005
           5          17   4.7054664284836109E-002
           5          18  -2.8191563312253952E-010
           5          19  -1.2147247379050743E-010
           5          20  -2.9051600602938433E-010
           5          21   3.0126060759189855E-010
           5          22   2.1817312583751773E-010
           5          23   5.3939031209724703E-011
           5          24   8.1541574812447607E-010
           5          25   6.5328526049137114E-010
           5          26   9.4996438058789956E-010
           5          27  -1.7495439317814413E-009
           5          28  -1.1858300654156616E-009
           5          29  -9.9047400321317381E-010
           6           1   2.4725797922065498     
           6           2  -7.1911452625836958     
           6           3  -2.7749320347802464E-011
           6           4   3.2924788870120901E-010
           6           5   6.3508161057682983E-010
           6           6   19.992875559000272     
           6           7  -2.3854156913913763E-010
           6           8  -1.1739287439388257E-009
           6           9  -1.1685028606396250E-009
           6          10  -1.3868950986064408     
           6          11   6.6395771100788141E-010
           6          12   3.5189132269107434E-009
           6          13   3.3755920306123139E-009
           6          14  0.73533912625874120     
           6          15  -2.7447038532568717E-009
           6          16  -4.9311074060682424E-009
           6          17  -4.7353967815818656E-009
           6          18  -6.4397658464237413     
           6          19  -9.0028758766792522E-004
           6          20  -6.4406525149260050     
           6          21  -3.2167550454649052E-004
           6          22  -5.8323992523740247E-004
           6          23  -6.4395132456937700     
           6          24 -0.21123127167689171     
           6          25   5.0325482730823046E-003
           6          26 -0.20628212718154140     
           6          27   1.8076597492089203E-003
           6          28   3.2742838142673161E-003
           6          29 -0.21263506585800299     
           7           1  -2.4035252974126344E-012
           7           2   1.0232065923410252E-011
           7           3  -1.1601960569660721     
           7           4   2.2357402121628072E-005
           7           5  -1.9912756191953966E-006
           7           6  -2.3854156913913763E-010
           7           7   2.7308643574822558     
           7           8  -6.2199069784681701E-005
           7           9   5.8350868921129041E-006
           7          10  -6.0892143071055524E-010
           7          11 -0.73767314904415682     
           7          12   1.5350072386084278E-004
           7          13  -1.9989796249009206E-005
           7          14  -3.2642026156247829E-009
           7          15 -0.12464177102890049     
           7          16  -3.8319252037449271E-006
           7          17   7.1816793922216968E-005
           7          18  -4.7476321923772432E-010
           7          19  -4.2899494638960510E-010
           7          20   8.0489675089213981E-010
           7          21  -5.0867171938640701E-010
           7          22   1.3917929619394538E-010
           7          23  -7.9793719151020120E-011
           7          24   4.1994127756978589E-009
           7          25   2.3519337129537689E-009
           7          26  -2.7775195189686643E-009
           7          27   2.5827134068973727E-009
           7          28  -1.0048764338026824E-009
           7          29   1.7310743886385552E-009
           8           1  -1.0155157382090753E-010
           8           2   3.2318080907113589E-010
           8           3   2.2354997394127612E-005
           8           4  -1.1601623591655505     
           8           5   5.7330220249812930E-007
           8           6  -1.1739287439388257E-009
           8           7  -6.2199069784681701E-005
           8           8   2.7307703522742153     
           8           9  -1.1871604490459094E-006
           8          10   2.4297456064848260E-009
           8          11   1.5374046627943030E-004
           8          12 -0.73743622766659578     
           8          13  -4.5882733310052132E-006
           8          14  -2.4114252694272449E-009
           8          15  -6.6250272276959128E-006
           8          16 -0.12470746589002339     
           8          17   9.3562221086828691E-005
           8          18   4.9086118548769008E-010
           8          19   2.7197261306472887E-010
           8          20  -1.6791708292135712E-010
           8          21   4.6107916365968309E-010
           8          22  -3.5912477112335309E-010
           8          23   2.9061055948651777E-010
           8          24  -2.1023491771325924E-009
           8          25  -1.3207870260818518E-009
           8          26   1.2056206093524653E-009
           8          27  -2.5542531054401978E-009
           8          28   1.8942228324524103E-009
           8          29  -1.1495320110571330E-009
           9           1  -9.7270305211371044E-011
           9           2   3.1296529833683649E-010
           9           3  -1.9860351957894703E-006
           9           4   5.8390965166710621E-007
           9           5  -1.1602129871891274     
           9           6  -1.1685028606396250E-009
           9           7   5.8350868921129041E-006
           9           8  -1.1871604490459094E-006
           9           9   2.7309117479756218     
           9          10   2.3504457181558040E-009
           9          11  -2.0512186800225769E-005
           9          12  -5.6449959498577028E-006
           9          13 -0.73779563659782887     
           9          14  -2.3920893788421067E-009
           9          15   7.7900755646560836E-005
           9          16   1.0586986252687520E-004
           9          17 -0.12457075061585522     
           9          18   5.1056655241069275E-010
           9          19   3.3827590539166563E-010
           9          20   5.4751105142256167E-010
           9          21  -8.5354462552368076E-010
           9          22  -6.0713390364866230E-010
           9          23  -4.2242045614576833E-010
           9          24  -2.2078725165771483E-009
           9          25  -1.8352408456051028E-009
           9          26  -2.6192698037037592E-009
           9          27   4.9465013925463560E-009
           9          28   3.3444325696665754E-009
           9          29   2.8594265103830722E-009
          10           1  -4.0653224843322573E-002
          10           2  0.20266212670431155     
          10           3   2.5423910467861840E-010
          10           4  -8.9358376893912026E-010
          10           5  -8.6462485677695826E-010
          10           6  -1.3868950986064408     
          10           7  -6.0892143071055524E-010
          10           8   2.4297456064848260E-009
          10           9   2.3504457181558040E-009
          10          10   3.3418637149210770     
          10          11   5.2748706975154781E-010
          10          12  -5.7932967698689780E-009
          10          13  -5.4896818197674388E-009
          10          14 -0.43055485403191890     
          10          15   3.6154193051762193E-009
          10          16   5.7808037200817318E-009
          10          17   5.5007280831916487E-009
          10          18  0.20227449152457125     
          10          19   1.5457870201066957E-003
          10          20  0.20368321074098239     
          10          21   7.5409095605200342E-004
          10          22   1.2480960238972581E-003
          10          23  0.20198122764483906     
          10          24 -0.28157906389278708     
          10          25  -8.6934401304771258E-003
          10          26 -0.28953826356163243     
          10          27  -4.2082362137902084E-003
          10          28  -6.9586320104818369E-003
          10          29 -0.27988931023653962     
          11           1   4.3200632305605567E-011
          11           2  -1.3025297805461263E-010
          11           3  0.25796877020324938     
          11           4  -5.5226388751874892E-005
          11           5   7.1130168916700267E-006
          11           6   6.6395771100788141E-010
          11           7 -0.73767314904415682     
          11           8   1.5374046627943030E-004
          11           9  -2.0512186800225769E-005
          11          10   5.2748706975154781E-010
          11          11   2.0325817125183363     
          11          12  -3.8074885105547455E-004
          11          13   6.3964336957150238E-005
          11          14   8.3455745850566257E-009
          11          15  0.21935340902933556     
          11          16   4.8652695104050431E-006
          11          17  -1.7836334918681180E-004
          11          18   1.3832905949718564E-009
          11          19   1.1773984351900036E-009
          11          20  -1.9986766755966017E-009
          11          21   1.3094193258529334E-009
          11          22  -5.0085962831655507E-010
          11          23   2.0432792803786259E-010
          11          24  -1.1325219133848779E-008
          11          25  -6.6723564557116412E-009
          11          26   8.8373187367607243E-009
          11          27  -7.3881199868056519E-009
          11          28   2.9319806532687786E-009
          11          29  -3.9171395199619331E-009
          12           1   2.5408298132796176E-010
          12           2  -8.2675003821776186E-010
          12           3  -5.5134446871431438E-005
          12           4  0.25788388938502488     
          12           5   1.6715667532185390E-006
          12           6   3.5189132269107434E-009
          12           7   1.5350072386084278E-004
          12           8 -0.73743622766659578     
          12           9  -5.6449959498577028E-006
          12          10  -5.7932967698689780E-009
          12          11  -3.8074885105547455E-004
          12          12   2.0319831346244293     
          12          13   3.1843384210938387E-005
          12          14   7.8155586175436391E-009
          12          15   1.1564502729873721E-005
          12          16  0.21951058865719777     
          12          17  -2.3433845133352411E-004
          12          18  -1.4851680574758362E-009
          12          19  -6.6928943565180182E-010
          12          20   2.6146770439290577E-010
          12          21  -1.3078961568029774E-009
          12          22   9.3867132409930168E-010
          12          23  -1.0180300654526988E-009
          12          24   5.1567190720681184E-009
          12          25   3.5361375721035012E-009
          12          26  -4.2004722256172090E-009
          12          27   7.2533710708984424E-009
          12          28  -5.2890471795540610E-009
          12          29   2.4378083493476707E-009
          13           1   2.4266525487112082E-010
          13           2  -7.9158180201766456E-010
          13           3   6.9126676016101471E-006
          13           4   1.2662916714677782E-006
          13           5  0.25801251599897645     
          13           6   3.3755920306123139E-009
          13           7  -1.9989796249009206E-005
          13           8  -4.5882733310052132E-006
          13           9 -0.73779563659782887     
          13          10  -5.4896818197674388E-009
          13          11   6.3964336957150238E-005
          13          12   3.1843384210938387E-005
          13          13   2.0328982845601482     
          13          14   7.8087892281278082E-009
          13          15  -1.9295522225314631E-004
          13          16  -2.6385743652770910E-004
          13          17  0.21917954831978076     
          13          18  -1.5281102914288303E-009
          13          19  -9.4400618577980756E-010
          13          20  -1.6991304098331633E-009
          13          21   2.4407651856947511E-009
          13          22   1.7289087463673271E-009
          13          23   1.0753988791739733E-009
          13          24   5.2990773107498439E-009
          13          25   5.1870177176598902E-009
          13          26   6.6356024668538485E-009
          13          27  -1.4095045009215312E-008
          13          28  -9.5518659174668008E-009
          13          29  -8.9263761756499542E-009
          14           1   7.2287135290578272E-002
          14           2 -0.20961445720219607     
          14           3   1.1856908663102010E-009
          14           4   8.3123128970969165E-010
          14           5   8.1596437789736366E-010
          14           6  0.73533912625874120     
          14           7  -3.2642026156247829E-009
          14           8  -2.4114252694272449E-009
          14           9  -2.3920893788421067E-009
          14          10 -0.43055485403191890     
          14          11   8.3455745850566257E-009
          14          12   7.8155586175436391E-009
          14          13   7.8087892281278082E-009
          14          14   2.7554126083453863     
          14          15  -1.2173222939923924E-008
          14          16  -1.8766518519606052E-008
          14          17  -1.8384695426067698E-008
          14          18 -0.18925307414919851     
          14          19  -8.2066701963139782E-004
          14          20 -0.19053294832324358     
          14          21   6.3283515000670150E-004
          14          22   5.4517650509474866E-004
          14          23 -0.18842852228970974     
          14          24 -0.23338710113503461     
          14          25   4.4522709589165654E-003
          14          26 -0.22636994092602764     
          14          27  -3.6160420614988059E-003
          14          28  -3.1473582153521001E-003
          14          29 -0.23796018602098251     
          15           1  -1.9520522963977452E-010
          15           2   6.2473389933829974E-010
          15           3   4.7079994856299601E-002
          15           4   2.2447282415868127E-006
          15           5  -2.7914724949906831E-005
          15           6  -2.7447038532568717E-009
          15           7 -0.12464177102890049     
          15           8  -6.6250272276959128E-006
          15           9   7.7900755646560836E-005
          15          10   3.6154193051762193E-009
          15          11  0.21935340902933556     
          15          12   1.1564502729873721E-005
          15          13  -1.9295522225314631E-004
          15          14  -1.2173222939923924E-008
          15          15   2.4732182551645894E-002
          15          16   3.3176739205511012E-004
          15          17   8.9868353482833608E-005
          15          18  -2.5086164331499799E-009
          15          19  -2.4018345514400151E-009
          15          20   4.1941816255317446E-009
          15          21  -2.6287810256858403E-009
          15          22   1.0762587342293535E-009
          15          23   2.5377852617613779E-011
          15          24   1.8540739833734083E-008
          15          25   1.3136446446049185E-008
          15          26  -1.9746243698803530E-008
          15          27   1.4410853442347629E-008
          15          28  -6.1741080627763994E-009
          15          29   3.4457957759748379E-009
          16           1  -3.5291444851465364E-010
          16           2   1.1319175210051358E-009
          16           3   1.2408397835617091E-006
          16           4   4.7103314030592577E-002
          16           5  -3.7926974434613161E-005
          16           6  -4.9311074060682424E-009
          16           7  -3.8319252037449271E-006
          16           8 -0.12470746589002339     
          16           9   1.0586986252687520E-004
          16          10   5.7808037200817318E-009
          16          11   4.8652695104050431E-006
          16          12  0.21951058865719777     
          16          13  -2.6385743652770910E-004
          16          14  -1.8766518519606052E-008
          16          15   3.3176739205511012E-004
          16          16   2.5139696373428382E-002
          16          17   1.6859148328278017E-004
          16          18   2.3131236556292059E-009
          16          19   1.0469351361183367E-009
          16          20  -7.8462390807396223E-010
          16          21   2.3452355891005474E-009
          16          22  -1.6701906203298185E-009
          16          23   1.6113187589462906E-009
          16          24  -5.5487567747565082E-009
          16          25  -5.5018261821276969E-009
          16          26   1.1542298343406662E-008
          16          27  -1.3276211862556218E-008
          16          28   9.1991182031925265E-009
          16          29  -1.4605372586072630E-009
          17           1  -3.3992669148335169E-010
          17           2   1.0865718401642287E-009
          17           3  -2.5728018904664111E-005
          17           4  -3.3503353689124369E-005
          17           5   4.7054664284836109E-002
          17           6  -4.7353967815818656E-009
          17           7   7.1816793922216968E-005
          17           8   9.3562221086828691E-005
          17           9 -0.12457075061585522     
          17          10   5.5007280831916487E-009
          17          11  -1.7836334918681180E-004
          17          12  -2.3433845133352411E-004
          17          13  0.21917954831978076     
          17          14  -1.8384695426067698E-008
          17          15   8.9868353482833608E-005
          17          16   1.6859148328278017E-004
          17          17   2.4588374040993184E-002
          17          18   2.3825230307803732E-009
          17          19   1.6566538867761957E-009
          17          20   2.9711914547476734E-009
          17          21  -4.4054314087319673E-009
          17          22  -3.3186254218851628E-009
          17          23  -2.3418663599247760E-009
          17          24  -5.8781741920558565E-009
          17          25  -9.2092429822893497E-009
          17          26  -9.6627184013718937E-009
          17          27   2.5446086074650823E-008
          17          28   1.8463488179788889E-008
          17          29   2.0104031437637213E-008
          18           1 -0.93325262439984513     
          18           2   2.6376443184416036     
          18           3   2.1793126265412487E-010
          18           4  -1.3521709791915009E-010
          18           5  -2.8191563312253952E-010
          18           6  -6.4397658464237413     
          18           7  -4.7476321923772432E-010
          18           8   4.9086118548769008E-010
          18           9   5.1056655241069275E-010
          18          10  0.20227449152457125     
          18          11   1.3832905949718564E-009
          18          12  -1.4851680574758362E-009
          18          13  -1.5281102914288303E-009
          18          14 -0.18925307414919851     
          18          15  -2.5086164331499799E-009
          18          16   2.3131236556292059E-009
          18          17   2.3825230307803732E-009
          18          18   4.3040888883795212     
          18          19   1.1987880784239093E-002
          18          20   1.3216492057850244     
          18          21  -4.0349036633302270E-003
          18          22  -5.0674446036150494E-004
          18          23   1.3356500870972883     
          18          24   9.6761385824936139E-002
          18          25  -6.7504104160979878E-002
          18          26  0.11896087329867894     
          18          27   2.2773174676491516E-002
          18          28   2.7843434429466428E-003
          18          29   4.0162086081051332E-002
          19           1  -6.2944174996778894E-005
          19           2   2.0787002867487560E-004
          19           3   1.5485345125152044E-010
          19           4  -1.0023422528548862E-010
          19           5  -1.2147247379050743E-010
          19           6  -9.0028758766792522E-004
          19           7  -4.2899494638960510E-010
          19           8   2.7197261306472887E-010
          19           9   3.3827590539166563E-010
          19          10   1.5457870201066957E-003
          19          11   1.1773984351900036E-009
          19          12  -6.6928943565180182E-010
          19          13  -9.4400618577980756E-010
          19          14  -8.2066701963139782E-004
          19          15  -2.4018345514400151E-009
          19          16   1.0469351361183367E-009
          19          17   1.6566538867761957E-009
          19          18   1.1987880784239093E-002
          19          19   1.9755492116662663     
          19          20  -6.4198957446396764E-003
          19          21  -2.5494677473369108E-004
          19          22  -6.7546760342045153E-003
          19          23  -4.9684476493132342E-003
          19          24  -6.6857440005926083E-002
          19          25   5.7091242072439194E-002
          19          26   3.6892312612352131E-002
          19          27   1.4895374148694122E-003
          19          28   3.8090833813203932E-002
          19          29   2.8564554345693750E-002
          20           1 -0.93331450932488269     
          20           2   2.6378477830343132     
          20           3  -2.4804514273564650E-010
          20           4   1.0638674102324532E-010
          20           5  -2.9051600602938433E-010
          20           6  -6.4406525149260050     
          20           7   8.0489675089213981E-010
          20           8  -1.6791708292135712E-010
          20           9   5.4751105142256167E-010
          20          10  0.20368321074098239     
          20          11  -1.9986766755966017E-009
          20          12   2.6146770439290577E-010
          20          13  -1.6991304098331633E-009
          20          14 -0.19053294832324358     
          20          15   4.1941816255317446E-009
          20          16  -7.8462390807396223E-010
          20          17   2.9711914547476734E-009
          20          18   1.3216492057850244     
          20          19  -6.4198957446396764E-003
          20          20   4.3075278082767046     
          20          21  -5.9805407053264504E-003
          20          22  -6.6627755043108241E-003
          20          23   1.3327999545384572     
          20          24  0.11974802946042092     
          20          25   3.6245848217072885E-002
          20          26   7.8317273262036385E-002
          20          27   3.3657010648123188E-002
          20          28   3.7589204484628387E-002
          20          29   5.6918989983395771E-002
          21           1  -2.2472558247057682E-005
          21           2   7.6083565911180123E-005
          21           3   1.8517562950024624E-010
          21           4  -1.6371683882691765E-010
          21           5   3.0126060759189855E-010
          21           6  -3.2167550454649052E-004
          21           7  -5.0867171938640701E-010
          21           8   4.6107916365968309E-010
          21           9  -8.5354462552368076E-010
          21          10   7.5409095605200342E-004
          21          11   1.3094193258529334E-009
          21          12  -1.3078961568029774E-009
          21          13   2.4407651856947511E-009
          21          14   6.3283515000670150E-004
          21          15  -2.6287810256858403E-009
          21          16   2.3452355891005474E-009
          21          17  -4.4054314087319673E-009
          21          18  -4.0349036633302270E-003
          21          19  -2.5494677473369108E-004
          21          20  -5.9805407053264504E-003
          21          21   1.9916636525260856     
          21          22  -4.4617723303770254E-003
          21          23   1.0235189661499149E-002
          21          24   2.2728491638072484E-002
          21          25   1.4892569063142593E-003
          21          26   3.3611879576756799E-002
          21          27  -3.3895852890193964E-002
          21          28   2.5258570962393617E-002
          21          29  -5.7721459008075626E-002
          22           1  -4.0892691271414623E-005
          22           2   1.3716613625838064E-004
          22           3  -4.3984753083629611E-011
          22           4   1.2816918901890071E-010
          22           5   2.1817312583751773E-010
          22           6  -5.8323992523740247E-004
          22           7   1.3917929619394538E-010
          22           8  -3.5912477112335309E-010
          22           9  -6.0713390364866230E-010
          22          10   1.2480960238972581E-003
          22          11  -5.0085962831655507E-010
          22          12   9.3867132409930168E-010
          22          13   1.7289087463673271E-009
          22          14   5.4517650509474866E-004
          22          15   1.0762587342293535E-009
          22          16  -1.6701906203298185E-009
          22          17  -3.3186254218851628E-009
          22          18  -5.0674446036150494E-004
          22          19  -6.7546760342045153E-003
          22          20  -6.6627755043108241E-003
          22          21  -4.4617723303770254E-003
          22          22   1.9896382273872100     
          22          23   7.5630413839010719E-003
          22          24   2.8718815446746940E-003
          22          25   3.8090413661242974E-002
          22          26   3.7676248318859767E-002
          22          27   2.5258590207140511E-002
          22          28  -2.2364515185442191E-002
          22          29  -4.2513135804066467E-002
          23           1 -0.93323506105392728     
          23           2   2.6375874752699024     
          23           3   7.9980909338548668E-011
          23           4  -6.1719082816034710E-011
          23           5   5.3939031209724703E-011
          23           6  -6.4395132456937700     
          23           7  -7.9793719151020120E-011
          23           8   2.9061055948651777E-010
          23           9  -4.2242045614576833E-010
          23          10  0.20198122764483906     
          23          11   2.0432792803786259E-010
          23          12  -1.0180300654526988E-009
          23          13   1.0753988791739733E-009
          23          14 -0.18842852228970974     
          23          15   2.5377852617613779E-011
          23          16   1.6113187589462906E-009
          23          17  -2.3418663599247760E-009
          23          18   1.3356500870972883     
          23          19  -4.9684476493132342E-003
          23          20   1.3327999545384572     
          23          21   1.0235189661499149E-002
          23          22   7.5630413839010719E-003
          23          23   4.2927723925510861     
          23          24   3.9793623854769825E-002
          23          25   2.7917711349415342E-002
          23          26   5.5763212959787603E-002
          23          27  -5.7676918537068203E-002
          23          28  -4.2600947762826011E-002
          23          29  0.16012395350278635     
          24           1  -3.7892769375511490E-002
          24           2   9.7071952472467582E-002
          24           3  -1.5102426610676962E-009
          24           4   7.6584559925998400E-010
          24           5   8.1541574812447607E-010
          24           6 -0.21123127167689171     
          24           7   4.1994127756978589E-009
          24           8  -2.1023491771325924E-009
          24           9  -2.2078725165771483E-009
          24          10 -0.28157906389278708     
          24          11  -1.1325219133848779E-008
          24          12   5.1567190720681184E-009
          24          13   5.2990773107498439E-009
          24          14 -0.23338710113503461     
          24          15   1.8540739833734083E-008
          24          16  -5.5487567747565082E-009
          24          17  -5.8781741920558565E-009
          24          18   9.6761385824936139E-002
          24          19  -6.6857440005926083E-002
          24          20  0.11974802946042092     
          24          21   2.2728491638072484E-002
          24          22   2.8718815446746940E-003
          24          23   3.9793623854769825E-002
          24          24  0.68806933190418440     
          24          25  0.37656527250957578     
          24          26 -0.48755512438397530     
          24          27 -0.12831066191897003     
          24          28  -1.5825563119411107E-002
          24          29  -3.7808746608946661E-002
          25           1   3.5334948730636213E-004
          25           2  -1.1663919585155370E-003
          25           3  -8.3493250652372410E-010
          25           4   4.7003405697975428E-010
          25           5   6.5328526049137114E-010
          25           6   5.0325482730823046E-003
          25           7   2.3519337129537689E-009
          25           8  -1.3207870260818518E-009
          25           9  -1.8352408456051028E-009
          25          10  -8.6934401304771258E-003
          25          11  -6.6723564557116412E-009
          25          12   3.5361375721035012E-009
          25          13   5.1870177176598902E-009
          25          14   4.4522709589165654E-003
          25          15   1.3136446446049185E-008
          25          16  -5.5018261821276969E-009
          25          17  -9.2092429822893497E-009
          25          18  -6.7504104160979878E-002
          25          19   5.7091242072439194E-002
          25          20   3.6245848217072885E-002
          25          21   1.4892569063142593E-003
          25          22   3.8090413661242974E-002
          25          23   2.7917711349415342E-002
          25          24  0.37656527250957578     
          25          25  0.37534533372713652     
          25          26 -0.20818489703402732     
          25          27  -8.6916314630237010E-003
          25          28 -0.21479776914142437     
          25          29 -0.16041569606314890     
          26           1  -3.7544124817719737E-002
          26           2   9.5927063407404756E-002
          26           3   9.5651172263700531E-010
          26           4  -4.0790657306408793E-010
          26           5   9.4996438058789956E-010
          26           6 -0.20628212718154140     
          26           7  -2.7775195189686643E-009
          26           8   1.2056206093524653E-009
          26           9  -2.6192698037037592E-009
          26          10 -0.28953826356163243     
          26          11   8.8373187367607243E-009
          26          12  -4.2004722256172090E-009
          26          13   6.6356024668538485E-009
          26          14 -0.22636994092602764     
          26          15  -1.9746243698803530E-008
          26          16   1.1542298343406662E-008
          26          17  -9.6627184013718937E-009
          26          18  0.11896087329867894     
          26          19   3.6892312612352131E-002
          26          20   7.8317273262036385E-002
          26          21   3.3611879576756799E-002
          26          22   3.7676248318859767E-002
          26          23   5.5763212959787603E-002
          26          24 -0.48755512438397530     
          26          25 -0.20818489703402732     
          26          26  0.78704557476344372     
          26          27 -0.18918526285999912     
          26          28 -0.21260102450602930     
          26          29 -0.13156370777722473     
          27           1   1.2487262131495938E-004
          27           2  -4.2372255194885909E-004
          27           3  -9.1595088770109505E-010
          27           4   9.0406123333313708E-010
          27           5  -1.7495439317814413E-009
          27           6   1.8076597492089203E-003
          27           7   2.5827134068973727E-009
          27           8  -2.5542531054401978E-009
          27           9   4.9465013925463560E-009
          27          10  -4.2082362137902084E-003
          27          11  -7.3881199868056519E-009
          27          12   7.2533710708984424E-009
          27          13  -1.4095045009215312E-008
          27          14  -3.6160420614988059E-003
          27          15   1.4410853442347629E-008
          27          16  -1.3276211862556218E-008
          27          17   2.5446086074650823E-008
          27          18   2.2773174676491516E-002
          27          19   1.4895374148694122E-003
          27          20   3.3657010648123188E-002
          27          21  -3.3895852890193964E-002
          27          22   2.5258590207140511E-002
          27          23  -5.7676918537068203E-002
          27          24 -0.12831066191897003     
          27          25  -8.6916314630237010E-003
          27          26 -0.18918526285999912     
          27          27  0.88908798514135146     
          27          28 -0.14299191526802252     
          27          29  0.32523916930412067     
          28           1   2.2740978856052398E-004
