           1           1   2.3930587205496772     
           1           2  -1.0151524593539243     
           1           3   1.0577895191635350E-013
           1           4  -2.9718718687357622E-012
           1           5  -1.6611364652047080E-012
           1           6  0.11936772455970854     
           1           7  -2.8843215560052660E-013
           1           8   9.0095133481991082E-012
           1           9   3.8303205491924105E-012
           1          10  -3.1336205601548983E-002
           1          11   7.2474354160255706E-013
           1          12  -2.5096770352699292E-011
           1          13   8.4127860809564806E-012
           1          14   7.1851647211718078E-002
           1          15  -3.1079695280810547E-011
           1          16   7.5321933112255268E-002
           1          17  -6.5923003029997080E-014
           1          18   1.8433088017871838E-010
           1          19   7.0689185148376688E-002
           2           1  -1.0151524593539243     
           2           2   2.6476314396720380     
           2           3  -5.0149758378821830E-013
           2           4   1.2502929265402499E-011
           2           5   1.1955989854311322E-011
           2           6 -0.72385206463892260     
           2           7   1.3802917123819771E-012
           2           8  -3.7241653036480342E-011
           2           9  -3.1560192255180811E-011
           2          10  0.10883500224173730     
           2          11  -2.6733881240864730E-012
           2          12   8.5287879743436363E-011
           2          13   7.2098019904473457E-013
           2          14  -8.3729896563319778E-002
           2          15   1.0799254632988966E-010
           2          16  -9.4078459150059662E-002
           2          17   2.3977269955060322E-013
           2          18  -5.1574493396262760E-010
           2          19  -8.0775040533961603E-002
           3           1   1.0577895191635350E-013
           3           2  -5.0149758378821830E-013
           3           3   2.2563538658987046     
           3           4  -6.2799261756588696E-012
           3           5  -2.0341137814743603E-012
           3           6   4.8864284438740734E-012
           3           7 -0.76489175636870477     
           3           8   4.0814366276687368E-012
           3           9  -7.1591914278359198E-014
           3          10  -5.8729508722631179E-013
           3          11   4.6853597688833376E-002
           3          12  -9.4479584511033050E-012
           3          13   1.5572230708365814E-013
           3          14  -4.0197228121230065E-012
           3          15  -6.7178756256627893E-012
           3          16  -1.2832896357740033E-011
           3          17  -9.5048927313922316E-010
           3          18  -8.2034383006165157E-009
           3          19   1.0888238869497907E-011
           4           1  -2.9718718687357622E-012
           4           2   1.2502929265402499E-011
           4           3  -6.2799261756588696E-012
           4           4   2.2564222142095645     
           4           5  -9.5731651966412757E-012
           4           6  -1.1688041438617998E-010
           4           7   4.0800628155564718E-012
           4           8 -0.76511322561536188     
           4           9   3.0024549885359746E-011
           4          10   1.9315990945321555E-011
           4          11  -9.4175593121349897E-012
           4          12   4.7341828594240513E-002
           4          13  -6.7831464707936160E-011
           4          14   2.5885456934579984E-010
           4          15   2.2973738685975569E-013
           4          16   3.7098910253834878E-010
           4          17   4.6954653818221238E-008
           4          18   3.4384016974179336E-009
           4          19  -4.9242287353312032E-010
           5           1  -1.6611364652047080E-012
           5           2   1.1955989854311322E-011
           5           3  -2.0341137814743603E-012
           5           4  -9.5731651966412757E-012
           5           5   2.2566513492775897     
           5           6  -2.0107527159640393E-010
           5           7  -7.6986001111066531E-014
           5           8   3.0025710608455522E-011
           5           9 -0.76585029253704917     
           5          10   4.5913085017226098E-012
           5          11   1.5588008017445675E-013
           5          12  -6.7773184196753677E-011
           5          13   4.9005025565702853E-002
           5          14  -3.6104389922243288E-011
           5          15  -5.5350327835987401E-011
           5          16  -3.3401256092091899E-010
           5          17  -5.4834927340762669E-011
           5          18   9.6367110921942959E-010
           5          19   6.4571240914874411E-010
           6           1  0.11936772455970854     
           6           2 -0.72385206463892260     
           6           3   4.8864284438740734E-012
           6           4  -1.1688041438617998E-010
           6           5  -2.0107527159640393E-010
           6           6   5.5494888111684890     
           6           7  -1.3704813148370152E-011
           6           8   3.3658501793501595E-010
           6           9   5.6481387559499198E-010
           6          10 -0.73554400562575095     
           6          11   1.7586046635267120E-011
           6          12  -4.4659849486179570E-010
           6          13  -6.3488899165766128E-010
           6          14 -0.96881536677710556     
           6          15  -6.1197993673774890E-010
           6          16 -0.94542381623975258     
           6          17  -1.2709926511017500E-012
           6          18   3.2742660207188615E-010
           6          19 -0.96274810584921333     
           7           1  -2.8843215560052660E-013
           7           2   1.3802917123819771E-012
           7           3 -0.76489175636870477     
           7           4   4.0800628155564718E-012
           7           5  -7.6986001111066531E-014
           7           6  -1.3704813148370152E-011
           7           7   2.2836004350549231     
           7           8  -1.3315219867746429E-011
           7           9   1.0320413799924672E-013
           7          10   1.9319085895709028E-012
           7          11 -0.17888760266915674     
           7          12   2.8858884826316667E-011
           7          13  -4.9534844907617125E-013
           7          14   1.2302354164093813E-011
           7          15   2.2237330507008032E-011
           7          16   4.0431334313717247E-011
           7          17   3.0695121055688751E-009
           7          18   2.6643668080339213E-008
           7          19  -3.6354007138042009E-011
           8           1   9.0095133481991082E-012
           8           2  -3.7241653036480342E-011
           8           3   4.0814366276687368E-012
           8           4 -0.76511322561536188     
           8           5   3.0025710608455522E-011
           8           6   3.3658501793501595E-010
           8           7  -1.3315219867746429E-011
           8           8   2.2843177701818140     
           8           9  -9.6295475659913046E-011
           8          10  -6.0593199998118726E-011
           8          11   2.8753264664762667E-011
           8          12 -0.18043731298500493     
           8          13   2.1097899275394307E-010
           8          14  -8.1499489034103060E-010
           8          15  -9.7082911339143706E-013
           8          16  -1.1907763824758582E-009
           8          17  -1.5190246069191380E-007
           8          18  -1.1126804556274119E-008
           8          19   1.6164390605605036E-009
           9           1   3.8303205491924105E-012
           9           2  -3.1560192255180811E-011
           9           3  -7.1591914278359198E-014
           9           4   3.0024549885359746E-011
           9           5 -0.76585029253704917     
           9           6   5.6481387559499198E-010
           9           7   1.0320413799924672E-013
           9           8  -9.6295475659913046E-011
           9           9   2.2866867992465112     
           9          10  -1.0294525433622938E-011
           9          11  -5.0124674580083676E-013
           9          12   2.1074954298194683E-010
           9          13 -0.18563359186918427     
           9          14   1.6641564382041074E-010
           9          15   1.8328957897505137E-010
           9          16   1.1170722186128269E-009
           9          17   1.7669280701203740E-010
           9          18  -3.1147845751703782E-009
           9          19  -2.0618133790227226E-009
          10           1  -3.1336205601548983E-002
          10           2  0.10883500224173730     
          10           3  -5.8729508722631179E-013
          10           4   1.9315990945321555E-011
          10           5   4.5913085017226098E-012
          10           6 -0.73554400562575095     
          10           7   1.9319085895709028E-012
          10           8  -6.0593199998118726E-011
          10           9  -1.0294525433622938E-011
          10          10  0.96108082622160818     
          10          11  -3.0169699937140738E-012
          10          12   1.3185375229365225E-010
          10          13  -2.1603182234276000E-010
          10          14  0.26841900799049173     
          10          15   3.0868482154588763E-010
          10          16  0.26402705320665354     
          10          17   7.7157661271423462E-013
          10          18  -5.4675612158783085E-010
          10          19  0.28032157180393535     
          11           1   7.2474354160255706E-013
          11           2  -2.6733881240864730E-012
          11           3   4.6853597688833376E-002
          11           4  -9.4175593121349897E-012
          11           5   1.5588008017445675E-013
          11           6   1.7586046635267120E-011
          11           7 -0.17888760266915674     
          11           8   2.8753264664762667E-011
          11           9  -5.0124674580083676E-013
          11          10  -3.0169699937140738E-012
          11          11   1.0383085797166423     
          11          12   1.5398403204417049E-012
          11          13   2.3655714519201411E-012
          11          14  -6.4934143986782627E-011
          11          15  -9.6352630531521512E-011
          11          16  -1.3141471555174064E-010
          11          17  -1.0867347879108279E-008
          11          18  -1.1218158543784369E-007
          11          19   1.7912097817747621E-010
          12           1  -2.5096770352699292E-011
          12           2   8.5287879743436363E-011
          12           3  -9.4479584511033050E-012
          12           4   4.7341828594240513E-002
          12           5  -6.7773184196753677E-011
          12           6  -4.4659849486179570E-010
          12           7   2.8858884826316667E-011
          12           8 -0.18043731298500493     
          12           9   2.1074954298194683E-010
          12          10   1.3185375229365225E-010
          12          11   1.5398403204417049E-012
          12          12   1.0382264672672910     
          12          13   1.3152780116160898E-011
          12          14   2.3755250324266857E-009
          12          15   4.3142865855989893E-012
          12          16   4.9472100403502519E-009
          12          17   5.8321024785822065E-007
          12          18   4.2935608009356844E-008
          12          19  -6.9507879849356728E-009
          13           1   8.4127860809564806E-012
          13           2   7.2098019904473457E-013
          13           3   1.5572230708365814E-013
          13           4  -6.7831464707936160E-011
          13           5   4.9005025565702853E-002
          13           6  -6.3488899165766128E-010
          13           7  -4.9534844907617125E-013
          13           8   2.1097899275394307E-010
          13           9 -0.18563359186918427     
          13          10  -2.1603182234276000E-010
          13          11   2.3655714519201411E-012
          13          12   1.3152780116160898E-011
          13          13   1.0379831677782088     
          13          14  -2.2155610066802358E-009
          13          15  -8.1746587916322287E-010
          13          16  -5.1308071303227417E-009
          13          17  -6.6133693043363981E-010
          13          18   1.1826966871397663E-008
          13          19   8.3615417140605172E-009
          14           1   7.1851647211718078E-002
          14           2  -8.3729896563319778E-002
          14           3  -4.0197228121230065E-012
          14           4   2.5885456934579984E-010
          14           5  -3.6104389922243288E-011
          14           6 -0.96881536677710556     
          14           7   1.2302354164093813E-011
          14           8  -8.1499489034103060E-010
          14           9   1.6641564382041074E-010
          14          10  0.26841900799049173     
          14          11  -6.4934143986782627E-011
          14          12   2.3755250324266857E-009
          14          13  -2.2155610066802358E-009
          14          14   1.2438673446018225     
          14          15   3.5123359944542630E-009
          14          16 -0.26909210552447899     
          14          17   2.6058548631513307E-011
          14          18  -3.5321044290853892E-009
          14          19 -0.34606362289624082     
          15           1  -3.1079695280810547E-011
          15           2   1.0799254632988966E-010
          15           3  -6.7178756256627893E-012
          15           4   2.2973738685975569E-013
          15           5  -5.5350327835987401E-011
          15           6  -6.1197993673774890E-010
          15           7   2.2237330507008032E-011
          15           8  -9.7082911339143706E-013
          15           9   1.8328957897505137E-010
          15          10   3.0868482154588763E-010
          15          11  -9.6352630531521512E-011
          15          12   4.3142865855989893E-012
          15          13  -8.1746587916322287E-010
          15          14   3.5123359944542630E-009
          15          15   1.9999999999999964     
          15          16   6.0361694160816588E-009
          15          17   3.8280549430949819E-008
          15          18  -4.0220861425555224E-012
          15          19  -9.0031649193934456E-009
          16           1   7.5321933112255268E-002
          16           2  -9.4078459150059662E-002
          16           3  -1.2832896357740033E-011
          16           4   3.7098910253834878E-010
          16           5  -3.3401256092091899E-010
          16           6 -0.94542381623975258     
          16           7   4.0431334313717247E-011
          16           8  -1.1907763824758582E-009
          16           9   1.1170722186128269E-009
          16          10  0.26402705320665354     
          16          11  -1.3141471555174064E-010
          16          12   4.9472100403502519E-009
          16          13  -5.1308071303227417E-009
          16          14 -0.26909210552447899     
          16          15   6.0361694160816588E-009
          16          16   1.1644700503088514     
          16          17  -1.9535708944920007E-011
          16          18   2.5573959001795840E-009
          16          19 -0.26235783043845073     
          17           1  -6.5923003029997080E-014
          17           2   2.3977269955060322E-013
          17           3  -9.5048927313922316E-010
          17           4   4.6954653818221238E-008
          17           5  -5.4834927340762669E-011
          17           6  -1.2709926511017500E-012
          17           7   3.0695121055688751E-009
          17           8  -1.5190246069191380E-007
          17           9   1.7669280701203740E-010
          17          10   7.7157661271423462E-013
          17          11  -1.0867347879108279E-008
          17          12   5.8321024785822065E-007
          17          13  -6.6133693043363981E-010
          17          14   2.6058548631513307E-011
          17          15   3.8280549430949819E-008
          17          16  -1.9535708944920007E-011
          17          17   1.0000000000003306     
          17          18   9.9636449111118538E-014
          17          19  -5.4676740068035684E-012
          18           1   1.8433088017871838E-010
          18           2  -5.1574493396262760E-010
          18           3  -8.2034383006165157E-009
          18           4   3.4384016974179336E-009
          18           5   9.6367110921942959E-010
          18           6   3.2742660207188615E-010
          18           7   2.6643668080339213E-008
          18           8  -1.1126804556274119E-008
          18           9  -3.1147845751703782E-009
          18          10  -5.4675612158783085E-010
          18          11  -1.1218158543784369E-007
          18          12   4.2935608009356844E-008
          18          13   1.1826966871397663E-008
          18          14  -3.5321044290853892E-009
          18          15  -4.0220861425555224E-012
          18          16   2.5573959001795840E-009
          18          17   9.9636449111118538E-014
          18          18   1.0000000000000140     
          18          19   2.5314423117872501E-009
          19           1   7.0689185148376688E-002
          19           2  -8.0775040533961603E-002
          19           3   1.0888238869497907E-011
          19           4  -4.9242287353312032E-010
          19           5   6.4571240914874411E-010
          19           6 -0.96274810584921333     
          19           7  -3.6354007138042009E-011
          19           8   1.6164390605605036E-009
          19           9  -2.0618133790227226E-009
          19          10  0.28032157180393535     
          19          11   1.7912097817747621E-010
          19          12  -6.9507879849356728E-009
          19          13   8.3615417140605172E-009
          19          14 -0.34606362289624082     
          19          15  -9.0031649193934456E-009
          19          16 -0.26235783043845073     
          19          17  -5.4676740068035684E-012
          19          18   2.5314423117872501E-009
          19          19   1.2155473300142734     
