           1           1   2.3983507114835394     
           1           2  -1.0417310458036844     
           1           3   1.0326379676964936E-013
           1           4   5.7225106693061950E-014
           1           5  -1.3573501217279207E-013
           1           6  0.45173011310733613     
           1           7  -3.7136217071605447E-014
           1           8   2.3512910729020364E-014
           1           9  -1.1276010541730285E-014
           1          10  -2.2041347314343686E-002
           1          11   7.1848552121564166E-015
           1          12  -5.6943754141520795E-015
           1          13   1.6226938589727112E-014
           1          14  -7.1996224807298892E-002
           1          15   2.9807220048551132E-015
           1          16  -7.1996224807291204E-002
           1          17  -3.7696956497227585E-015
           1          18  -8.6770842920442338E-015
           1          19  -7.1996224807277645E-002
           2           1  -1.0417310458036844     
           2           2   2.7609535231968128     
           2           3  -2.5431832796060236E-013
           2           4  -1.3710026381006753E-013
           2           5   3.2173962068098673E-013
           2           6  -1.8708555459483667     
           2           7   9.7379700896291758E-014
           2           8  -6.4475222791240901E-014
           2           9   3.8808321426038632E-014
           2          10  0.12006017119833233     
           2          11  -1.7129613071352534E-014
           2          12   8.1258912944273956E-015
           2          13  -4.2563661147710065E-014
           2          14  0.39476711056357583     
           2          15  -1.8170906199487355E-015
           2          16  0.39476711056355629     
           2          17   1.0222829830802615E-014
           2          18   1.3364437827967890E-014
           2          19  0.39476711056351937     
           3           1   1.0326379676964936E-013
           3           2  -2.5431832796060236E-013
           3           3   2.2535970610364275     
           3           4   1.8266638202035735E-015
           3           5   8.9511731360407407E-016
           3           6  -2.0108463706306070E-014
           3           7 -0.75436350185094914     
           3           8  -2.9282132274488374E-015
           3           9   6.1062266354368326E-016
           3          10   8.3784245726702762E-015
           3          11  -6.6207726499669019E-003
           3          12   3.8259326262668804E-015
           3          13   7.1459765188520512E-015
           3          14   2.1650057652323229E-014
           3          15  -1.0098813471858853E-014
           3          16   8.4180015988503398E-015
           3          17  -1.5777612638883125E-014
           3          18   1.3335336959915129E-015
           3          19   2.6112345555211875E-014
           4           1   5.7225106693061950E-014
           4           2  -1.3710026381006753E-013
           4           3   1.8266638202035735E-015
           4           4   2.2535970610364240     
           4           5  -1.7104373473131760E-015
           4           6  -5.9424176369247356E-014
           4           7   1.9428902930943158E-016
           4           8 -0.75436350185094603     
           4           9   6.1062266354396547E-016
           4          10  -7.2855439748119889E-015
           4          11   2.7213474529388015E-016
           4          12  -6.6207726499668534E-003
           4          13  -3.6096342928558030E-015
           4          14   5.7961986835394525E-015
           4          15   6.9946846939960477E-015
           4          16   1.8896110516495205E-014
           4          17   1.5488312154068050E-014
           4          18   3.3578695678875555E-016
           4          19   5.2164638198537354E-015
           5           1  -1.3573501217279207E-013
           5           2   3.2173962068098673E-013
           5           3   8.9511731360407407E-016
           5           4  -1.7104373473131760E-015
           5           5   2.2535970610364324     
           5           6   1.8006423947446878E-013
           5           7  -2.6645352591005122E-015
           5           8   3.5804692544162703E-015
           5           9 -0.75436350185095624     
           5          10   1.0981423216973008E-014
           5          11  -3.4236936202747756E-015
           5          12   5.4296844798073825E-016
           5          13  -6.6207726499560512E-003
           5          14  -4.9298471894865906E-014
           5          15  -8.3203838864691389E-015
           5          16  -6.1561384674431161E-014
           5          17  -1.1277538433715633E-014
           5          18  -1.0669231494387276E-015
           5          19  -5.4260900131865013E-014
           6           1  0.45173011310733613     
           6           2  -1.8708555459483667     
           6           3  -2.0108463706306070E-014
           6           4  -5.9424176369247356E-014
           6           5   1.8006423947446878E-013
           6           6   12.898098220313205     
           6           7  -9.1099982272255186E-014
           6           8   7.0803280037376673E-014
           6           9  -1.9719702340616504E-013
           6          10  -1.6522944267074255     
           6          11  -1.4965355751195484E-014
           6          12   8.4437226893642988E-014
           6          13   5.4112576359895838E-014
           6          14  -3.6870261587856978     
           6          15  -1.1385511873282673E-013
           6          16  -3.6870261587857112     
           6          17  -1.3908688047913257E-014
           6          18   1.0576697715901232E-013
           6          19  -3.6870261587855460     
           7           1  -3.7136217071605447E-014
           7           2   9.7379700896291758E-014
           7           3 -0.75436350185094914     
           7           4   1.9428902930943158E-016
           7           5  -2.6645352591005122E-015
           7           6  -9.1099982272255186E-014
           7           7   2.2437092749540888     
           7           8   4.6351811278099418E-015
           7           9   3.2751579226447064E-015
           7          10  -2.6108856590232803E-014
           7          11   2.3337687072583827E-002
           7          12  -1.0700208080694010E-014
           7          13  -1.9871257417314669E-014
           7          14  -1.3942374609523858E-014
           7          15   2.4150147340755238E-014
           7          16   2.9278992759402663E-014
           7          17   4.2237189214046968E-014
           7          18  -3.7600533102569567E-015
           7          19  -2.2570702456794917E-014
           8           1   2.3512910729020364E-014
           8           2  -6.4475222791240901E-014
           8           3  -2.9282132274488374E-015
           8           4 -0.75436350185094603     
           8           5   3.5804692544162703E-015
           8           6   7.0803280037376673E-014
           8           7   4.6351811278099418E-015
           8           8   2.2437092749540848     
           8           9  -3.2196467714133583E-015
           8          10   2.5417634274151073E-014
           8          11  -6.1916617666302700E-015
           8          12   2.3337687072587862E-002
           8          13   1.6246119033391168E-014
           8          14   2.7095218311633728E-014
           8          15  -2.7073089791729018E-014
           8          16  -2.4640552226270467E-014
           8          17  -3.6240196647075213E-014
           8          18   4.6281923185020403E-015
           8          19   2.6421406535354403E-014
           9           1  -1.1276010541730285E-014
           9           2   3.8808321426038632E-014
           9           3   6.1062266354368326E-016
           9           4   6.1062266354396547E-016
           9           5 -0.75436350185095624     
           9           6  -1.9719702340616504E-013
           9           7   3.2751579226447064E-015
           9           8  -3.2196467714133583E-015
           9           9   2.2437092749540941     
           9          10  -2.2982234746714335E-014
           9          11   4.9075327135385940E-015
           9          12  -6.5134529714239283E-015
           9          13   2.3337687072561342E-002
           9          14   1.9819212287992052E-014
           9          15   2.3115217630432288E-014
           9          16   5.3955255300607773E-014
           9          17   3.1739766449342117E-014
           9          18   7.9286175841286253E-015
           9          19   3.9946893715486511E-014
          10           1  -2.2041347314343686E-002
          10           2  0.12006017119833233     
          10           3   8.3784245726702762E-015
          10           4  -7.2855439748119889E-015
          10           5   1.0981423216973008E-014
          10           6  -1.6522944267074255     
          10           7  -2.6108856590232803E-014
          10           8   2.5417634274151073E-014
          10           9  -2.2982234746714335E-014
          10          10  0.80894193331240893     
          10          11  -8.3010020228626897E-016
          10          12  -2.5929701613854969E-015
          10          13   5.4545524023620852E-015
          10          14  0.72383752152664926     
          10          15  -1.5927822360512919E-014
          10          16  0.72383752152658376     
          10          17  -3.0129153692846267E-015
          10          18  -1.3983760175417031E-015
          10          19  0.72383752152662195     
          11           1   7.1848552121564166E-015
          11           2  -1.7129613071352534E-014
          11           3  -6.6207726499669019E-003
          11           4   2.7213474529388015E-016
          11           5  -3.4236936202747756E-015
          11           6  -1.4965355751195484E-014
          11           7   2.3337687072583827E-002
          11           8  -6.1916617666302700E-015
          11           9   4.9075327135385940E-015
          11          10  -8.3010020228626897E-016
          11          11   1.2826085449190688E-003
          11          12  -4.8580388843661891E-016
          11          13  -4.8663736885675165E-016
          11          14   2.3293004836696020E-015
          11          15   1.9513461862861696E-014
          11          16   3.9242021345160162E-015
          11          17  -4.1436712137173914E-015
          11          18  -7.5570741503818686E-017
          11          19   2.9678103042716593E-015
          12           1  -5.6943754141520795E-015
          12           2   8.1258912944273956E-015
          12           3   3.8259326262668804E-015
          12           4  -6.6207726499668534E-003
          12           5   5.4296844798073825E-016
          12           6   8.4437226893642988E-014
          12           7  -1.0700208080694010E-014
          12           8   2.3337687072587862E-002
          12           9  -6.5134529714239283E-015
          12          10  -2.5929701613854969E-015
          12          11  -4.8580388843661891E-016
          12          12   1.2826085449192364E-003
          12          13   3.1438474870285898E-016
          12          14  -3.4984001620991480E-014
          12          15  -8.9031311044137854E-015
          12          16  -1.6483103795798577E-014
          12          17  -1.8895479321182305E-015
          12          18   4.1107135568887044E-015
          12          19  -1.4826381144301173E-014
          13           1   1.6226938589727112E-014
          13           2  -4.2563661147710065E-014
          13           3   7.1459765188520512E-015
          13           4  -3.6096342928558030E-015
          13           5  -6.6207726499560512E-003
          13           6   5.4112576359895838E-014
          13           7  -1.9871257417314669E-014
          13           8   1.6246119033391168E-014
          13           9   2.3337687072561342E-002
          13          10   5.4545524023620852E-015
          13          11  -4.8663736885675165E-016
          13          12   3.1438474870285898E-016
          13          13   1.2826085449175327E-003
          13          14   6.0888968984441318E-015
          13          15  -1.7399139207990530E-015
          13          16  -2.7446834616599988E-014
          13          17  -1.2661242313061438E-014
          13          18   1.0614468326809395E-014
          13          19  -1.2365701289968866E-014
          14           1  -7.1996224807298892E-002
          14           2  0.39476711056357583     
          14           3   2.1650057652323229E-014
          14           4   5.7961986835394525E-015
          14           5  -4.9298471894865906E-014
          14           6  -3.6870261587856978     
          14           7  -1.3942374609523858E-014
          14           8   2.7095218311633728E-014
          14           9   1.9819212287992052E-014
          14          10  0.72383752152664926     
          14          11   2.3293004836696020E-015
          14          12  -3.4984001620991480E-014
          14          13   6.0888968984441318E-015
          14          14   2.9665485290983815     
          14          15   1.1056370098888636E-013
          14          16  -7.3475162047563769E-002
          14          17  -6.7975840704409542E-014
          14          18  -4.0673961959026311E-014
          14          19  0.62877751019244532     
          15           1   2.9807220048551132E-015
          15           2  -1.8170906199487355E-015
          15           3  -1.0098813471858853E-014
          15           4   6.9946846939960477E-015
          15           5  -8.3203838864691389E-015
          15           6  -1.1385511873282673E-013
          15           7   2.4150147340755238E-014
          15           8  -2.7073089791729018E-014
          15           9   2.3115217630432288E-014
          15          10  -1.5927822360512919E-014
          15          11   1.9513461862861696E-014
          15          12  -8.9031311044137854E-015
          15          13  -1.7399139207990530E-015
          15          14   1.1056370098888636E-013
          15          15   2.0000000000000044     
          15          16   1.4949653981648578E-014
          15          17  -1.0685896612085214E-015
          15          18   2.9143354396360508E-016
          15          19  -3.1421392939362037E-014
          16           1  -7.1996224807291204E-002
          16           2  0.39476711056355629     
          16           3   8.4180015988503398E-015
          16           4   1.8896110516495205E-014
          16           5  -6.1561384674431161E-014
          16           6  -3.6870261587857112     
          16           7   2.9278992759402663E-014
          16           8  -2.4640552226270467E-014
          16           9   5.3955255300607773E-014
          16          10  0.72383752152658376     
          16          11   3.9242021345160162E-015
          16          12  -1.6483103795798577E-014
          16          13  -2.7446834616599988E-014
          16          14  -7.3475162047563769E-002
          16          15   1.4949653981648578E-014
          16          16   2.8787775101925446     
          16          17   5.2099878448936017E-014
          16          18  -3.5350315430916092E-014
          16          19  0.71654852909834932     
          17           1  -3.7696956497227585E-015
          17           2   1.0222829830802615E-014
          17           3  -1.5777612638883125E-014
          17           4   1.5488312154068050E-014
          17           5  -1.1277538433715633E-014
          17           6  -1.3908688047913257E-014
          17           7   4.2237189214046968E-014
          17           8  -3.6240196647075213E-014
          17           9   3.1739766449342117E-014
          17          10  -3.0129153692846267E-015
          17          11  -4.1436712137173914E-015
          17          12  -1.8895479321182305E-015
          17          13  -1.2661242313061438E-014
          17          14  -6.7975840704409542E-014
          17          15  -1.0685896612085214E-015
          17          16   5.2099878448936017E-014
          17          17   1.9999999999999982     
          17          18   3.2265856653374465E-016
          17          19   3.2373755762998155E-014
          18           1  -8.6770842920442338E-015
          18           2   1.3364437827967890E-014
          18           3   1.3335336959915129E-015
          18           4   3.3578695678875555E-016
          18           5  -1.0669231494387276E-015
          18           6   1.0576697715901232E-013
          18           7  -3.7600533102569567E-015
          18           8   4.6281923185020403E-015
          18           9   7.9286175841286253E-015
          18          10  -1.3983760175417031E-015
          18          11  -7.5570741503818686E-017
          18          12   4.1107135568887044E-015
          18          13   1.0614468326809395E-014
          18          14  -4.0673961959026311E-014
          18          15   2.9143354396360508E-016
          18          16  -3.5350315430916092E-014
          18          17   3.2265856653374465E-016
          18          18   2.0000000000000000     
          18          19  -1.7035808078079837E-014
          19           1  -7.1996224807277645E-002
          19           2  0.39476711056351937     
          19           3   2.6112345555211875E-014
          19           4   5.2164638198537354E-015
          19           5  -5.4260900131865013E-014
          19           6  -3.6870261587855460     
          19           7  -2.2570702456794917E-014
          19           8   2.6421406535354403E-014
          19           9   3.9946893715486511E-014
          19          10  0.72383752152662195     
          19          11   2.9678103042716593E-015
          19          12  -1.4826381144301173E-014
          19          13  -1.2365701289968866E-014
          19          14  0.62877751019244532     
          19          15  -3.1421392939362037E-014
          19          16  0.71654852909834932     
          19          17   3.2373755762998155E-014
          19          18  -1.7035808078079837E-014
          19          19   2.1765248379523170     
