           1           1   2.2491554111414751     
           1           2 -0.77208347394858001     
           1           3   1.3573131231620251E-015
           1           4  -4.9182746458866841E-016
           1           5   5.0595641666027206E-015
           1           6  0.16024315448262044     
           1           7  -7.0161846213798279E-016
           1           8  -6.8689160661672636E-016
           1           9   5.7563729388356225E-016
           2           1 -0.77208347394858001     
           2           2   2.3962711054824011     
           2           3  -3.8985432460530290E-015
           2           4   5.0447766204127530E-015
           2           5  -9.8893935064496066E-015
           2           6 -0.58386231013747913     
           2           7   2.7509241794874098E-015
           2           8   1.2497704954859901E-015
           2           9  -1.3861126320567766E-015
           3           1   1.3573131231620251E-015
           3           2  -3.8985432460530290E-015
           3           3   2.0563605714542481     
           3           4   3.1077571072124491E-015
           3           5  -9.4316915388859002E-015
           3           6  -3.1840279873050596E-015
           3           7 -0.25023684790242545     
           3           8  -1.7617851622020450E-014
           3           9   1.2936700322097036E-014
           4           1  -4.9182746458866841E-016
           4           2   5.0447766204127530E-015
           4           3   3.1077571072124491E-015
           4           4   2.0563605714542490     
           4           5  -3.2059858240396475E-016
           4           6   4.3848931555422910E-016
           4           7   2.8904829918463568E-015
           4           8 -0.25023684790241030     
           4           9  -2.4620062932800791E-015
           5           1   5.0595641666027206E-015
           5           2  -9.8893935064496066E-015
           5           3  -9.4316915388859002E-015
           5           4  -3.2059858240396475E-016
           5           5   2.0563605714542557     
           5           6   8.1985631620761800E-016
           5           7   8.7109139346175337E-015
           5           8   9.3575321102878948E-015
           5           9 -0.25023684790241746     
           6           1  0.16024315448262044     
           6           2 -0.58386231013747913     
           6           3  -3.1840279873050596E-015
           6           4   4.3848931555422910E-016
           6           5   8.1985631620761800E-016
           6           6   2.1426492261937375     
           6           7  -2.5326435496028431E-015
           6           8   2.8960016945374840E-015
           6           9   5.1293002534793632E-015
           7           1  -7.0161846213798279E-016
           7           2   2.7509241794874098E-015
           7           3 -0.25023684790242545     
           7           4   2.8904829918463568E-015
           7           5   8.7109139346175337E-015
           7           6  -2.5326435496028431E-015
           7           7   1.0749753572732466     
           7           8  -3.3119665864001553E-016
           7           9   4.7070637318459220E-016
           8           1  -6.8689160661672636E-016
           8           2   1.2497704954859901E-015
           8           3  -1.7617851622020450E-014
           8           4 -0.25023684790241030     
           8           5   9.3575321102878948E-015
           8           6   2.8960016945374840E-015
           8           7  -3.3119665864001553E-016
           8           8   1.0749753572732503     
           8           9   1.2668902385491633E-016
           9           1   5.7563729388356225E-016
           9           2  -1.3861126320567766E-015
           9           3   1.2936700322097036E-014
           9           4  -2.4620062932800791E-015
           9           5 -0.25023684790241746     
           9           6   5.1293002534793632E-015
           9           7   4.7070637318459220E-016
           9           8   1.2668902385491633E-016
           9           9   1.0749753572732492     
