           1           1   2.2491554111414791     
           1           2 -0.77208347394858101     
           1           3   1.4190886982008800E-014
           1           4   1.6311024499076159E-014
           1           5  -5.1059357365208689E-015
           1           6  0.16024315448262605     
           1           7   1.0437433509966979E-014
           1           8  -1.1965308529115468E-014
           1           9  -9.1064161881408494E-016
           2           1 -0.77208347394858101     
           2           2   2.3962711054824006     
           2           3   4.3715023355065076E-015
           2           4  -1.4779918207326489E-015
           2           5  -1.2644826731434008E-015
           2           6 -0.58386231013748358     
           2           7  -3.0035523462531087E-016
           2           8   3.8719850763683772E-014
           2           9   4.0293837173348580E-015
           3           1   1.4190886982008800E-014
           3           2   4.3715023355065076E-015
           3           3   2.0374000993469332     
           3           4   2.1975476993674186E-014
           3           5   5.8231197641589486E-014
           3           6  -1.9478074838905304E-013
           3           7 -0.21978782306586137     
           3           8  -4.1765202407617658E-014
           3           9   6.5147540140308359E-015
           4           1   1.6311024499076159E-014
           4           2  -1.4779918207326489E-015
           4           3   2.1975476993674186E-014
           4           4   2.0374000993470824     
           4           5  -1.2899403767363545E-014
           4           6  -7.6096609744029344E-014
           4           7   1.7343765312816130E-014
           4           8 -0.21978782306610778     
           4           9   3.7166450472803117E-014
           5           1  -5.1059357365208689E-015
           5           2  -1.2644826731434008E-015
           5           3   5.8231197641589486E-014
           5           4  -1.2899403767363545E-014
           5           5   2.0374000993470331     
           5           6   1.5896328097842226E-013
           5           7  -1.6587339141116433E-013
           5           8  -6.1929628092372487E-015
           5           9 -0.21978782306600980     
           6           1  0.16024315448262605     
           6           2 -0.58386231013748358     
           6           3  -1.9478074838905304E-013
           6           4  -7.6096609744029344E-014
           6           5   1.5896328097842226E-013
           6           6   2.1426492261937367     
           6           7  -7.1197401726695794E-015
           6           8  -2.2741641019618574E-014
           6           9  -4.0994432565224854E-015
           7           1   1.0437433509966979E-014
           7           2  -3.0035523462531087E-016
           7           3 -0.21978782306586137     
           7           4   1.7343765312816130E-014
           7           5  -1.6587339141116433E-013
           7           6  -7.1197401726695794E-015
           7           7   1.0779547658830120     
           7           8  -7.3292066860019532E-015
           7           9  -1.2423710064185448E-014
           8           1  -1.1965308529115468E-014
           8           2   3.8719850763683772E-014
           8           3  -4.1765202407617658E-014
           8           4 -0.21978782306610778     
           8           5  -6.1929628092372487E-015
           8           6  -2.2741641019618574E-014
           8           7  -7.3292066860019532E-015
           8           8   1.0779547658829844     
           8           9   2.5699928296597750E-015
           9           1  -9.1064161881408494E-016
           9           2   4.0293837173348580E-015
           9           3   6.5147540140308359E-015
           9           4   3.7166450472803117E-014
           9           5 -0.21978782306600980     
           9           6  -4.0994432565224854E-015
           9           7  -1.2423710064185448E-014
           9           8   2.5699928296597750E-015
           9           9   1.0779547658829938     
