           1           1   2.4455481749185712     
           1           2  -1.1770318733377603     
           1           3  -1.9949999386120898E-015
           1           4   2.7796994231373936E-015
           1           5   6.8934712107891222E-015
           1           6   2.4345975072157762     
           1           7   9.0782280348157398E-015
           1           8  -1.7613159559089367E-015
           1           9  -1.1313024585709344E-014
           1          10 -0.11909331594198425     
           1          11   1.9170311460009344E-015
           1          12   1.0210809773701451E-015
           1          13  -1.0468918809542097E-015
           1          14  -5.6827768159894380E-003
           1          15   1.6912900357627213E-015
           1          16   3.4995456198799137E-016
           1          17   1.2104534991620660E-015
           1          18 -0.88330619657219023     
           1          19   7.1258418642716292E-015
           1          20 -0.88330619657215070     
           1          21  -3.2368295138473345E-015
           1          22  -2.2292831269687963E-016
           1          23 -0.88330619657214871     
           1          24   7.2344828653581397E-004
           1          25  -1.3501799407303684E-015
           1          26   7.2344828652671708E-004
           1          27  -2.0280591352194219E-015
           1          28  -9.3967681899351692E-017
           1          29   7.2344828652790537E-004
           2           1  -1.1770318733377603     
           2           2   3.1712021528538523     
           2           3   8.1109637576552826E-015
           2           4  -6.4428372800682342E-015
           2           5  -2.1360739410451119E-014
           2           6  -7.2345932481627848     
           2           7  -2.6314229188186902E-014
           2           8   7.6564738743283280E-015
           2           9   3.5454884639691846E-014
           2          10  0.47100779750356431     
           2          11  -4.5991435264131419E-015
           2          12  -4.3634018862738056E-015
           2          13   4.5685573170838344E-015
           2          14   2.4992349592722601E-002
           2          15  -2.5760944473206359E-015
           2          16  -5.3581400484735225E-017
           2          17  -2.8423259881699095E-015
           2          18   2.5532322762217796     
           2          19  -1.9410844893313380E-014
           2          20   2.5532322762216957     
           2          21   8.3912062536198476E-015
           2          22   3.2059251100497453E-015
           2          23   2.5532322762216753     
           2          24  -2.6249669185471527E-002
           2          25   3.1966022721628250E-015
           2          26  -2.6249669185454662E-002
           2          27   6.9530457498117845E-015
           2          28  -1.8320110141009102E-015
           2          29  -2.6249669185453819E-002
           3           1  -1.9949999386120898E-015
           3           2   8.1109637576552826E-015
           3           3   2.6082185640158464     
           3           4  -6.8911890083175625E-016
           3           5  -3.2352592826968769E-016
           3           6  -3.6875488511203016E-014
           3           7  -1.3393249998187002     
           3           8   8.0439127581043693E-015
           3           9   1.8457457784393610E-015
           3          10   2.9071206742806654E-015
           3          11  0.36433373786178758     
           3          12  -3.7608804959175095E-015
           3          13  -1.0998146837694044E-015
           3          14  -1.4059973420101135E-015
           3          15   3.7078988811699038E-003
           3          16   3.5914739064670739E-015
           3          17   3.1680387480060972E-016
           3          18  -2.7371443855565544E-014
           3          19   3.0224803462185188E-014
           3          20   1.3114030843200532E-014
           3          21  -1.2917736769521056E-014
           3          22  -4.6078602234033927E-015
           3          23   3.8408001543229951E-014
           3          24  -3.7123829170203407E-015
           3          25  -7.1387026242298770E-016
           3          26  -6.4242209552484950E-015
           3          27   3.5253882462859504E-015
           3          28  -2.0553706490445818E-015
           3          29   8.3564088264059748E-015
           4           1   2.7796994231373936E-015
           4           2  -6.4428372800682342E-015
           4           3  -6.8911890083175625E-016
           4           4   2.6082185640158473     
           4           5   6.5789387826418555E-016
           4           6  -2.0946034714699529E-014
           4           7  -4.4235448637486678E-017
           4           8  -1.3393249998187018     
           4           9  -6.0108168442590824E-016
           4          10  -1.9183714895665276E-014
           4          11  -2.6419838539124966E-015
           4          12  0.36433373786178447     
           4          13   1.5855372570426289E-015
           4          14   2.5338671835764185E-015
           4          15  -8.4166885700597027E-015
           4          16   3.7078988811579663E-003
           4          17  -3.0985413887458076E-015
           4          18   4.3337663829387788E-014
           4          19  -4.7035779316913500E-014
           4          20   1.8035172861889533E-015
           4          21   1.0044152350974340E-014
           4          22  -7.8732190018340700E-016
           4          23  -2.0806154052193482E-015
           4          24   1.1274982181446602E-014
           4          25  -8.6834649864139243E-017
           4          26   4.9087480329267066E-016
           4          27  -4.9702738474984735E-015
           4          28   3.5033458507978338E-015
           4          29   7.4834387307933174E-015
           5           1   6.8934712107891222E-015
           5           2  -2.1360739410451119E-014
           5           3  -3.2352592826968769E-016
           5           4   6.5789387826418555E-016
           5           5   2.6082185640158464     
           5           6   7.1306354020692151E-014
           5           7   2.8969882048813053E-015
           5           8  -3.8267999880047883E-015
           5           9  -1.3393249998186936     
           5          10   1.0710505658369205E-015
           5          11  -5.1070259132758289E-015
           5          12   5.8598959018495542E-015
           5          13  0.36433373786178624     
           5          14   3.1973331846248040E-015
           5          15  -3.8187768919276911E-015
           5          16  -3.3039705953779679E-015
           5          17   3.7078988811628825E-003
           5          18   2.0896088316373551E-014
           5          19  -2.4287845634127883E-014
           5          20  -4.1188771639593307E-014
           5          21   1.1402875562304828E-014
           5          22   8.4055255829433410E-015
           5          23  -3.7743121868363391E-014
           5          24   2.8921616192567673E-015
           5          25   1.5058194789173963E-015
           5          26   2.0976628018910855E-015
           5          27  -1.0524445367000291E-015
           5          28  -7.7337247045794779E-016
           5          29  -3.7381757421459055E-015
           6           1   2.4345975072157762     
           6           2  -7.2345932481627848     
           6           3  -3.6875488511203016E-014
           6           4  -2.0946034714699529E-014
           6           5   7.1306354020692151E-014
           6           6   19.206252201901620     
           6           7   9.0069703727523080E-014
           6           8  -3.2928561531129507E-014
           6           9  -1.2072262325068180E-013
           6          10  -2.3386408589903249     
           6          11   1.3868897652408443E-014
           6          12   1.9930632230469342E-014
           6          13  -1.6926895001579676E-014
           6          14 -0.13311511375424065     
           6          15   6.9872159807181031E-015
           6          16  -4.0959525480151969E-016
           6          17   7.6574860126637108E-015
           6          18  -5.9153470774013686     
           6          19   4.1900707538019201E-014
           6          20  -5.9153470774018224     
           6          21  -1.6812816432286891E-014
           6          22   2.5362002482657284E-015
           6          23  -5.9153470774015187     
           6          24  0.25191250703426554     
           6          25  -1.4110383266666311E-014
           6          26  0.25191250703438012     
           6          27  -2.0201396136151769E-014
           6          28   2.5331460684381269E-015
           6          29  0.25191250703428808     
           7           1   9.0782280348157398E-015
           7           2  -2.6314229188186902E-014
           7           3  -1.3393249998187002     
           7           4  -4.4235448637486678E-017
           7           5   2.8969882048813053E-015
           7           6   9.0069703727523080E-014
           7           7   2.9639334018474122     
           7           8  -1.4453716001838539E-014
           7           9  -5.4123372450477431E-015
           7          10  -2.9921660552422669E-015
           7          11 -0.97763593871466270     
           7          12   1.1698975121987049E-014
           7          13   4.7184478546571946E-015
           7          14   3.7760573333041397E-015
           7          15  -1.4251433455903663E-002
           7          16  -1.1231358724995274E-014
           7          17  -1.9910288695532891E-015
           7          18   7.8983806969261420E-014
           7          19  -7.2173653704561375E-014
           7          20  -5.4209037926137577E-014
           7          21   2.8336983364256153E-014
           7          22   6.9846422213357066E-015
           7          23  -8.9733288396185877E-014
           7          24   4.8542482662508169E-015
           7          25   2.8612252691006507E-015
           7          26   1.7084647356515896E-014
           7          27  -6.5750016452626751E-015
           7          28   5.3262113135233636E-015
           7          29  -2.4977880776634989E-014
           8           1  -1.7613159559089367E-015
           8           2   7.6564738743283280E-015
           8           3   8.0439127581043693E-015
           8           4  -1.3393249998187018     
           8           5  -3.8267999880047883E-015
           8           6  -3.2928561531129507E-014
           8           7  -1.4453716001838539E-014
           8           8   2.9639334018474108     
           8           9   7.8895223687423735E-015
           8          10   3.3245891233836433E-014
           8          11   8.8783147500488033E-015
           8          12 -0.97763593871466548     
           8          13  -7.5078832040271620E-015
           8          14   1.8002254595910258E-015
           8          15   1.2674540236791103E-014
           8          16  -1.4251433455875623E-002
           8          17   6.3725066889994369E-015
           8          18  -7.4865765854174284E-014
           8          19   9.3644692578786533E-014
           8          20   4.4064449661571311E-014
           8          21  -2.5246507658438422E-014
           8          22  -3.6961720493184832E-015
           8          23   4.8574368188800085E-014
           8          24  -2.0002860936696761E-014
           8          25   3.4460877296384559E-016
           8          26   2.4207532721774651E-015
           8          27   4.3348867613473700E-015
           8          28  -7.9379511803764651E-015
           8          29  -1.5676347996494665E-014
           9           1  -1.1313024585709344E-014
           9           2   3.5454884639691846E-014
           9           3   1.8457457784393610E-015
           9           4  -6.0108168442590824E-016
           9           5  -1.3393249998186936     
           9           6  -1.2072262325068180E-013
           9           7  -5.4123372450477431E-015
           9           8   7.8895223687423735E-015
           9           9   2.9639334018473957     
           9          10  -8.2823541110923533E-016
           9          11   1.1310397063369071E-014
           9          12  -1.2240208846492038E-014
           9          13 -0.97763593871465826     
           9          14  -8.7845025335016181E-015
           9          15   8.2186861483073681E-015
           9          16   8.3671134257222414E-015
           9          17  -1.4251433455892484E-002
           9          18  -6.6794851876230471E-014
           9          19   4.4485327317699269E-014
           9          20   8.6517396711098275E-014
           9          21  -2.3008574082758084E-014
           9          22  -1.8612047511061956E-014
           9          23   6.2830787197886464E-014
           9          24  -6.8841892016282244E-015
           9          25  -2.6267675728367686E-015
           9          26  -5.4031277001660682E-015
           9          27   2.0166470812692016E-016
           9          28  -5.4412443747630030E-016
           9          29   1.1150792662834211E-014
          10           1 -0.11909331594198425     
          10           2  0.47100779750356431     
          10           3   2.9071206742806654E-015
          10           4  -1.9183714895665276E-014
          10           5   1.0710505658369205E-015
          10           6  -2.3386408589903249     
          10           7  -2.9921660552422669E-015
          10           8   3.3245891233836433E-014
          10           9  -8.2823541110923533E-016
          10          10   4.8677599363022912     
          10          11  -1.2624136530875546E-014
          10          12  -3.7065829813342787E-014
          10          13   1.6710708363511003E-014
          10          14  0.27520730906216140     
          10          15   2.0572975079787326E-015
          10          16   2.4549929055201170E-016
          10          17  -2.7435801984429738E-015
          10          18  0.36934942073428301     
          10          19   1.3574354219240539E-014
          10          20  0.36934942073397670     
          10          21  -1.7366511436751776E-014
          10          22   2.4025757306518402E-014
          10          23  0.36934942073391930     
          10          24 -0.75199668359600935     
          10          25  -8.4230844390192680E-015
          10          26 -0.75199668359586580     
          10          27   6.3769905397363602E-014
          10          28  -5.7607035637121128E-014
          10          29 -0.75199668359594030     
          11           1   1.9170311460009344E-015
          11           2  -4.5991435264131419E-015
          11           3  0.36433373786178758     
          11           4  -2.6419838539124966E-015
          11           5  -5.1070259132758289E-015
          11           6   1.3868897652408443E-014
          11           7 -0.97763593871466270     
          11           8   8.8783147500488033E-015
          11           9   1.1310397063369071E-014
          11          10  -1.2624136530875546E-014
          11          11   2.3141547398628077     
          11          12   3.4625080580509190E-015
          11          13  -1.3877787807880366E-016
          11          14   7.2980592083528240E-015
          11          15   2.7331449053747441E-002
          11          16   4.7032690242436944E-015
          11          17   1.8214596497980945E-016
          11          18  -2.0726137535169645E-014
          11          19   1.8297740547747635E-015
          11          20   1.1667455554447634E-014
          11          21  -2.1645624455276905E-015
          11          22   3.4340898560920570E-015
          11          23   1.1152252321902714E-015
          11          24   1.9618628065368407E-014
          11          25   7.7879140988604502E-016
          11          26  -3.9748457239392439E-014
          11          27   1.0654179413579842E-014
          11          28  -9.4653683102910223E-015
          11          29   5.0774093349161956E-014
          12           1   1.0210809773701451E-015
          12           2  -4.3634018862738056E-015
          12           3  -3.7608804959175095E-015
          12           4  0.36433373786178447     
          12           5   5.8598959018495542E-015
          12           6   1.9930632230469342E-014
          12           7   1.1698975121987049E-014
          12           8 -0.97763593871466548     
          12           9  -1.2240208846492038E-014
          12          10  -3.7065829813342787E-014
          12          11   3.4625080580509190E-015
          12          12   2.3141547398628211     
          12          13  -2.0816681711824316E-016
          12          14  -1.7072265278354170E-014
          12          15  -1.0724277368925069E-014
          12          16   2.7331449053722017E-002
          12          17  -8.4739073397092063E-015
          12          18  -4.0274724107034752E-014
          12          19   2.3332191390381337E-014
          12          20   2.0804130118715117E-014
          12          21  -1.0195098433480709E-015
          12          22   5.2389350644965813E-015
          12          23   4.9994350990234043E-015
          12          24   1.4553025237531556E-014
          12          25  -9.6021498021858319E-015
          12          26  -2.0000750702811860E-014
          12          27   3.3383721988228738E-016
          12          28   9.7136955231165568E-015
          12          29   4.2075741954402734E-014
          13           1  -1.0468918809542097E-015
          13           2   4.5685573170838344E-015
          13           3  -1.0998146837694044E-015
          13           4   1.5855372570426289E-015
          13           5  0.36433373786178624     
          13           6  -1.6926895001579676E-014
          13           7   4.7184478546571946E-015
          13           8  -7.5078832040271620E-015
          13           9 -0.97763593871465826     
          13          10   1.6710708363511003E-014
          13          11  -1.3877787807880366E-016
          13          12  -2.0816681711824316E-016
          13          13   2.3141547398628104     
          13          14   3.0814831512834321E-015
          13          15  -4.4669129506039670E-016
          13          16   6.9336897334797484E-015
          13          17   2.7331449053745994E-002
          13          18   4.5217183588264258E-015
          13          19  -1.5735293398223185E-014
          13          20  -1.7418804699639851E-014
          13          21  -5.6139239685590394E-015
          13          22  -5.9387009224279197E-015
          13          23   2.3754346290395464E-014
          13          24   9.3990057151758068E-016
          13          25  -4.0065205845789441E-015
          13          26   1.1047001970480345E-014
          13          27   1.2648234917436206E-014
          13          28  -5.4049843117799713E-015
          13          29  -2.5654649968200186E-014
          14           1  -5.6827768159894380E-003
          14           2   2.4992349592722601E-002
          14           3  -1.4059973420101135E-015
          14           4   2.5338671835764185E-015
          14           5   3.1973331846248040E-015
          14           6 -0.13311511375424065     
          14           7   3.7760573333041397E-015
          14           8   1.8002254595910258E-015
          14           9  -8.7845025335016181E-015
          14          10  0.27520730906216140     
          14          11   7.2980592083528240E-015
          14          12  -1.7072265278354170E-014
          14          13   3.0814831512834321E-015
          14          14   1.5581418170050603E-002
          14          15   4.5167735084280446E-016
          14          16  -4.5952820665772179E-016
          14          17   1.8486761041538331E-016
          14          18   1.9584621965928087E-002
          14          19  -9.6069798690158161E-015
          14          20   1.9584621965963427E-002
          14          21   1.3480784295291420E-015
          14          22  -3.1541341258073477E-015
          14          23   1.9584621965882006E-002
          14          24  -4.2488964908811752E-002
          14          25  -2.3431337171944452E-014
          14          26  -4.2488964908988666E-002
          14          27  -1.4845919156901308E-014
          14          28  -1.5886230595707523E-014
          14          29  -4.2488964908815742E-002
          15           1   1.6912900357627213E-015
          15           2  -2.5760944473206359E-015
          15           3   3.7078988811699038E-003
          15           4  -8.4166885700597027E-015
          15           5  -3.8187768919276911E-015
          15           6   6.9872159807181031E-015
          15           7  -1.4251433455903663E-002
          15           8   1.2674540236791103E-014
          15           9   8.2186861483073681E-015
          15          10   2.0572975079787326E-015
          15          11   2.7331449053747441E-002
          15          12  -1.0724277368925069E-014
          15          13  -4.4669129506039670E-016
          15          14   4.5167735084280446E-016
          15          15   2.3122355379080828E-003
          15          16  -6.5526468800165190E-017
          15          17   3.4277051681727663E-016
          15          18   6.2120652189713980E-017
          15          19   2.3474870639387579E-014
          15          20  -2.4108394574635837E-014
          15          21  -2.1537252471330613E-014
          15          22   1.9491558058149210E-014
          15          23   1.8371570508728102E-014
          15          24  -7.2509888246279616E-014
          15          25  -2.8827639684273383E-014
          15          26   1.0353424748588763E-013
          15          27   9.0174828923867719E-014
          15          28  -5.8307609880277680E-014
          15          29  -3.1609878091835558E-014
          16           1   3.4995456198799137E-016
          16           2  -5.3581400484735225E-017
          16           3   3.5914739064670739E-015
          16           4   3.7078988811579663E-003
          16           5  -3.3039705953779679E-015
          16           6  -4.0959525480151969E-016
          16           7  -1.1231358724995274E-014
          16           8  -1.4251433455875623E-002
          16           9   8.3671134257222414E-015
          16          10   2.4549929055201170E-016
          16          11   4.7032690242436944E-015
          16          12   2.7331449053722017E-002
          16          13   6.9336897334797484E-015
          16          14  -4.5952820665772179E-016
          16          15  -6.5526468800165190E-017
          16          16   2.3122355379068911E-003
          16          17   1.2544557948727148E-016
          16          18  -8.5881359409597052E-014
          16          19  -1.6749331902220405E-014
          16          20   3.9690138859080986E-014
          16          21  -7.7201762261890862E-015
          16          22  -5.0845668610380158E-015
          16          23   4.6141065327107514E-014
          16          24   6.5831728907529491E-014
          16          25   2.5131019480658429E-014
          16          26  -1.8083456178632213E-014
          16          27   2.4032506531910849E-014
          16          28   9.0176918722808663E-015
          16          29  -4.6815685396566767E-014
          17           1   1.2104534991620660E-015
          17           2  -2.8423259881699095E-015
          17           3   3.1680387480060972E-016
          17           4  -3.0985413887458076E-015
          17           5   3.7078988811628825E-003
          17           6   7.6574860126637108E-015
          17           7  -1.9910288695532891E-015
          17           8   6.3725066889994369E-015
          17           9  -1.4251433455892484E-002
          17          10  -2.7435801984429738E-015
          17          11   1.8214596497980945E-016
          17          12  -8.4739073397092063E-015
          17          13   2.7331449053745994E-002
          17          14   1.8486761041538331E-016
          17          15   3.4277051681727663E-016
          17          16   1.2544557948727148E-016
          17          17   2.3122355379081557E-003
          17          18   2.7910269993492730E-016
          17          19  -1.9937803319544492E-014
          17          20   1.9600187079747729E-014
          17          21   1.7347780274321090E-014
          17          22  -1.8281756218088494E-014
          17          23  -2.6643654983810434E-014
          17          24  -5.2295696665098683E-015
          17          25   2.8059854170033620E-014
          17          26  -7.4884723903513034E-014
          17          27  -7.1307191997256571E-014
          17          28   5.4801503426397240E-014
          17          29   8.0674164128904952E-014
          18           1 -0.88330619657219023     
          18           2   2.5532322762217796     
          18           3  -2.7371443855565544E-014
          18           4   4.3337663829387788E-014
          18           5   2.0896088316373551E-014
          18           6  -5.9153470774013686     
          18           7   7.8983806969261420E-014
          18           8  -7.4865765854174284E-014
          18           9  -6.6794851876230471E-014
          18          10  0.36934942073428301     
          18          11  -2.0726137535169645E-014
          18          12  -4.0274724107034752E-014
          18          13   4.5217183588264258E-015
          18          14   1.9584621965928087E-002
          18          15   6.2120652189713980E-017
          18          16  -8.5881359409597052E-014
          18          17   2.7910269993492730E-016
          18          18   4.1561010167044916     
          18          19   5.6235420257423476E-013
          18          20   1.0202107889733689     
          18          21   4.0525294249724612E-013
          18          22   4.6202187464026891E-014
          18          23   1.0202107889732293     
          18          24 -0.45182123003211005     
          18          25  -3.0351171208972878E-014
          18          26  0.20097034251381518     
          18          27   1.9868360519475044E-013
          18          28  -6.4862323073569300E-014
          18          29  0.20097034251390899     
          19           1   7.1258418642716292E-015
          19           2  -1.9410844893313380E-014
          19           3   3.0224803462185188E-014
          19           4  -4.7035779316913500E-014
          19           5  -2.4287845634127883E-014
          19           6   4.1900707538019201E-014
          19           7  -7.2173653704561375E-014
          19           8   9.3644692578786533E-014
          19           9   4.4485327317699269E-014
          19          10   1.3574354219240539E-014
          19          11   1.8297740547747635E-015
          19          12   2.3332191390381337E-014
          19          13  -1.5735293398223185E-014
          19          14  -9.6069798690158161E-015
          19          15   2.3474870639387579E-014
          19          16  -1.6749331902220405E-014
          19          17  -1.9937803319544492E-014
          19          18   5.6235420257423476E-013
          19          19   2.0905934851542796     
          19          20  -1.0155034307134542E-012
          19          21   5.7800986219454024E-015
          19          22   4.8606951796886275E-015
          19          23   4.3458242897451993E-013
          19          24  -2.9380852328360248E-014
          19          25 -0.43519438169737323     
          19          26   1.1983010596023621E-013
          19          27  -1.0234868508227247E-014
          19          28  -2.0148813173476430E-014
          19          29  -8.5741389515324249E-014
          20           1 -0.88330619657215070     
          20           2   2.5532322762216957     
          20           3   1.3114030843200532E-014
          20           4   1.8035172861889533E-015
          20           5  -4.1188771639593307E-014
          20           6  -5.9153470774018224     
          20           7  -5.4209037926137577E-014
          20           8   4.4064449661571311E-014
          20           9   8.6517396711098275E-014
          20          10  0.36934942073397670     
          20          11   1.1667455554447634E-014
          20          12   2.0804130118715117E-014
          20          13  -1.7418804699639851E-014
          20          14   1.9584621965963427E-002
          20          15  -2.4108394574635837E-014
          20          16   3.9690138859080986E-014
          20          17   1.9600187079747729E-014
          20          18   1.0202107889733689     
          20          19  -1.0155034307134542E-012
          20          20   4.1561010167050183     
          20          21   2.0079580008209183E-013
          20          22   1.8251709032511128E-013
          20          23   1.0202107889734902     
          20          24  0.20097034251400445     
          20          25   1.2159035014454238E-013
          20          26 -0.45182123003207547     
          20          27  -1.2900956312848841E-013
          20          28   6.0427842504539934E-014
          20          29  0.20097034251399512     
          21           1  -3.2368295138473345E-015
          21           2   8.3912062536198476E-015
          21           3  -1.2917736769521056E-014
          21           4   1.0044152350974340E-014
          21           5   1.1402875562304828E-014
          21           6  -1.6812816432286891E-014
          21           7   2.8336983364256153E-014
          21           8  -2.5246507658438422E-014
          21           9  -2.3008574082758084E-014
          21          10  -1.7366511436751776E-014
          21          11  -2.1645624455276905E-015
          21          12  -1.0195098433480709E-015
          21          13  -5.6139239685590394E-015
          21          14   1.3480784295291420E-015
          21          15  -2.1537252471330613E-014
          21          16  -7.7201762261890862E-015
          21          17   1.7347780274321090E-014
          21          18   4.0525294249724612E-013
          21          19   5.7800986219454024E-015
          21          20   2.0079580008209183E-013
          21          21   2.0905934851542840     
          21          22   1.9927635930008920E-016
          21          23  -6.0035645963604693E-013
          21          24   1.7069873787599981E-013
          21          25  -1.8457457783999262E-015
          21          26  -1.1521559025999329E-013
          21          27 -0.43519438169738306     
          21          28   2.6090241078825380E-015
          21          29  -2.8853401498557679E-014
          22           1  -2.2292831269687963E-016
          22           2   3.2059251100497453E-015
          22           3  -4.6078602234033927E-015
          22           4  -7.8732190018340700E-016
          22           5   8.4055255829433410E-015
          22           6   2.5362002482657284E-015
          22           7   6.9846422213357066E-015
          22           8  -3.6961720493184832E-015
          22           9  -1.8612047511061956E-014
          22          10   2.4025757306518402E-014
          22          11   3.4340898560920570E-015
          22          12   5.2389350644965813E-015
          22          13  -5.9387009224279197E-015
          22          14  -3.1541341258073477E-015
          22          15   1.9491558058149210E-014
          22          16  -5.0845668610380158E-015
          22          17  -1.8281756218088494E-014
          22          18   4.6202187464026891E-014
          22          19   4.8606951796886275E-015
          22          20   1.8251709032511128E-013
          22          21   1.9927635930008920E-016
          22          22   2.0905934851542858     
          22          23  -2.3960243418306618E-013
          22          24  -9.8432117428229426E-014
          22          25   2.9455604622018319E-015
          22          26   8.7479708996689301E-014
          22          27  -1.7043658151360127E-015
          22          28 -0.43519438169738478     
          22          29  -1.7353531286718525E-014
          23           1 -0.88330619657214871     
          23           2   2.5532322762216753     
          23           3   3.8408001543229951E-014
          23           4  -2.0806154052193482E-015
          23           5  -3.7743121868363391E-014
          23           6  -5.9153470774015187     
          23           7  -8.9733288396185877E-014
          23           8   4.8574368188800085E-014
          23           9   6.2830787197886464E-014
          23          10  0.36934942073391930     
          23          11   1.1152252321902714E-015
          23          12   4.9994350990234043E-015
          23          13   2.3754346290395464E-014
          23          14   1.9584621965882006E-002
          23          15   1.8371570508728102E-014
          23          16   4.6141065327107514E-014
          23          17  -2.6643654983810434E-014
          23          18   1.0202107889732293     
          23          19   4.3458242897451993E-013
          23          20   1.0202107889734902     
          23          21  -6.0035645963604693E-013
          23          22  -2.3960243418306618E-013
          23          23   4.1561010167047989     
          23          24  0.20097034251404439     
          23          25  -8.0022306976038764E-014
          23          26  0.20097034251399931     
          23          27  -5.8237125036658473E-014
          23          28   2.5740804866517755E-015
          23          29 -0.45182123003202773     
          24           1   7.2344828653581397E-004
          24           2  -2.6249669185471527E-002
          24           3  -3.7123829170203407E-015
          24           4   1.1274982181446602E-014
          24           5   2.8921616192567673E-015
          24           6  0.25191250703426554     
          24           7   4.8542482662508169E-015
          24           8  -2.0002860936696761E-014
          24           9  -6.8841892016282244E-015
          24          10 -0.75199668359600935     
          24          11   1.9618628065368407E-014
          24          12   1.4553025237531556E-014
          24          13   9.3990057151758068E-016
          24          14  -4.2488964908811752E-002
          24          15  -7.2509888246279616E-014
          24          16   6.5831728907529491E-014
          24          17  -5.2295696665098683E-015
          24          18 -0.45182123003211005     
          24          19  -2.9380852328360248E-014
          24          20  0.20097034251400445     
          24          21   1.7069873787599981E-013
          24          22  -9.8432117428229426E-014
          24          23  0.20097034251404439     
          24          24   2.2146924526885217     
          24          25   1.2935359612170628E-013
          24          26 -0.92119777504295874     
          24          27  -6.7629806748810594E-013
          24          28   4.3459367805121156E-013
          24          29 -0.92119777504292943     
          25           1  -1.3501799407303684E-015
          25           2   3.1966022721628250E-015
          25           3  -7.1387026242298770E-016
          25           4  -8.6834649864139243E-017
          25           5   1.5058194789173963E-015
          25           6  -1.4110383266666311E-014
          25           7   2.8612252691006507E-015
          25           8   3.4460877296384559E-016
          25           9  -2.6267675728367686E-015
          25          10  -8.4230844390192680E-015
          25          11   7.7879140988604502E-016
          25          12  -9.6021498021858319E-015
          25          13  -4.0065205845789441E-015
          25          14  -2.3431337171944452E-014
          25          15  -2.8827639684273383E-014
          25          16   2.5131019480658429E-014
          25          17   2.8059854170033620E-014
          25          18  -3.0351171208972878E-014
          25          19 -0.43519438169737323     
          25          20   1.2159035014454238E-013
          25          21  -1.8457457783999262E-015
          25          22   2.9455604622018319E-015
          25          23  -8.0022306976038764E-014
          25          24   1.2935359612170628E-013
          25          25   2.0905934851542849     
          25          26  -5.0487430594282762E-013
          25          27   4.4408920983484580E-015
          25          28  -2.9837243784349297E-016
          25          29   4.1234040370190856E-013
          26           1   7.2344828652671708E-004
          26           2  -2.6249669185454662E-002
          26           3  -6.4242209552484950E-015
          26           4   4.9087480329267066E-016
          26           5   2.0976628018910855E-015
          26           6  0.25191250703438012     
          26           7   1.7084647356515896E-014
          26           8   2.4207532721774651E-015
          26           9  -5.4031277001660682E-015
          26          10 -0.75199668359586580     
          26          11  -3.9748457239392439E-014
          26          12  -2.0000750702811860E-014
          26          13   1.1047001970480345E-014
          26          14  -4.2488964908988666E-002
          26          15   1.0353424748588763E-013
          26          16  -1.8083456178632213E-014
          26          17  -7.4884723903513034E-014
          26          18  0.20097034251381518     
          26          19   1.1983010596023621E-013
          26          20 -0.45182123003207547     
          26          21  -1.1521559025999329E-013
          26          22   8.7479708996689301E-014
          26          23  0.20097034251399931     
          26          24 -0.92119777504295874     
          26          25  -5.0487430594282762E-013
          26          26   2.2146924526884040     
          26          27   4.3224885764372057E-013
          26          28  -3.5019512443924897E-013
          26          29 -0.92119777504298694     
          27           1  -2.0280591352194219E-015
          27           2   6.9530457498117845E-015
          27           3   3.5253882462859504E-015
          27           4  -4.9702738474984735E-015
          27           5  -1.0524445367000291E-015
          27           6  -2.0201396136151769E-014
          27           7  -6.5750016452626751E-015
          27           8   4.3348867613473700E-015
          27           9   2.0166470812692016E-016
          27          10   6.3769905397363602E-014
          27          11   1.0654179413579842E-014
          27          12   3.3383721988228738E-016
          27          13   1.2648234917436206E-014
          27          14  -1.4845919156901308E-014
          27          15   9.0174828923867719E-014
          27          16   2.4032506531910849E-014
          27          17  -7.1307191997256571E-014
          27          18   1.9868360519475044E-013
          27          19  -1.0234868508227247E-014
          27          20  -1.2900956312848841E-013
          27          21 -0.43519438169738306     
          27          22  -1.7043658151360127E-015
          27          23  -5.8237125036658473E-014
          27          24  -6.7629806748810594E-013
          27          25   4.4408920983484580E-015
          27          26   4.3224885764372057E-013
          27          27   2.0905934851542862     
          27          28  -4.1286418733838479E-016
          27          29   1.5544711738547537E-013
          28           1  -9.3967681899351692E-017
