           1           1   2.4346506188625527     
           1           2  -1.1532656235367331     
           1           3   4.9115281411165164E-007
           1           4   2.4267186989679713E-007
           1           5  -6.8818672959831439E-007
           1           6   2.5658388735094242     
           1           7  -1.3455240331872285E-006
           1           8  -6.7480657547808436E-007
           1           9   1.8794115228088606E-006
           1          10   3.7555515258885092E-003
           1          11   3.0908986809096242E-006
           1          12   1.6121279053119992E-006
           1          13  -4.3546057833998166E-006
           1          14   2.8497227881688542E-002
           1          15  -2.5727688177150009E-006
           1          16  -2.0696253197702305E-006
           1          17   5.1320085448886492E-006
           1          18 -0.95862595862250943     
           1          19   1.0426577264710895E-004
           1          20 -0.95707687315797330     
           1          21  -2.3139404984025915E-005
           1          22  -4.0790639260443939E-004
           1          23 -0.95852875644356583     
           1          24  -4.8578294201052308E-002
           1          25  -3.4552128545401617E-004
           1          26  -5.4144480860268247E-002
           1          27  -1.2299372218760519E-005
           1          28   1.5214650569032992E-003
           1          29  -4.8894171464554811E-002
           2           1  -1.1532656235367331     
           2           2   3.1197294791846524     
           2           3  -1.7368203140423858E-006
           2           4  -8.9324755072743961E-007
           2           5   2.4259692783922731E-006
           2           6  -7.6006474407204587     
           2           7   4.6370124547990404E-006
           2           8   2.3949015625041821E-006
           2           9  -6.4803891971749423E-006
           2          10   8.4962127963723252E-002
           2          11  -1.0384066038672480E-005
           2          12  -5.5304777477242594E-006
           2          13   1.4689092260967656E-005
           2          14  -8.6433460188876501E-002
           2          15   8.4500915374955879E-006
           2          16   7.1670399498929719E-006
           2          17  -1.7185975742405540E-005
           2          18   2.7609424263664573     
           2          19  -3.4275021569562348E-004
           2          20   2.7557653210427544     
           2          21   7.3125527174715721E-005
           2          22   1.3687836206680232E-003
           2          23   2.7606172861215112     
           2          24  0.13110819184698444     
           2          25   1.1419441394074424E-003
           2          26  0.14979600107797753     
           2          27   2.4175771046566308E-005
           2          28  -5.1136281440949576E-003
           2          29  0.13218409952821852     
           3           1   4.9115281411165164E-007
           3           2  -1.7368203140423858E-006
           3           3   2.6059241740954038     
           3           4  -8.1610849364454588E-004
           3           5   5.1714692579698097E-004
           3           6   9.4622289039733587E-006
           3           7  -1.3333810383440106     
           3           8   2.1908171208909317E-003
           3           9  -1.3883468959312833E-003
           3          10  -1.4286440811987561E-005
           3          11  0.35164800440900268     
           3          12  -5.2940208422417060E-003
           3          13   3.3508324023019602E-003
           3          14   1.5535375348227457E-005
           3          15   2.9269095529318771E-002
           3          16   1.5958866638373877E-002
           3          17  -9.8837022743591910E-003
           3          18  -2.2720073837663688E-005
           3          19   6.1282056105910987E-005
           3          20   6.8217336816263615E-005
           3          21   4.6549454554781921E-005
           3          22  -4.7614123592658563E-005
           3          23  -5.3222244744312890E-005
           3          24   7.9408376536463978E-005
           3          25  -2.2740272357247351E-004
           3          26  -2.5814753631323966E-004
           3          27  -1.7275682683716832E-004
           3          28   1.7675337043428243E-004
           3          29   1.9281914808245775E-004
           4           1   2.4267186989679713E-007
           4           2  -8.9324755072743961E-007
           4           3  -8.1610849364454588E-004
           4           4   2.6072673679664033     
           4           5  -1.0457756617168966E-003
           4           6   5.2549685037662957E-006
           4           7   2.1908774327552157E-003
           4           8  -1.3369857154800857     
           4           9   2.8071430572163937E-003
           4          10  -9.3355977627711915E-006
           4          11  -5.2942092245307831E-003
           4          12  0.36034080386567313     
           4          13  -6.7771383867694978E-003
           4          14   1.1576965136284793E-006
           4          15   1.6053965245734519E-002
           4          16   3.1653512663578909E-003
           4          17   2.0385805856373909E-002
           4          18   2.6580536263997306E-005
           4          19   3.1203479926440480E-005
           4          20  -4.2138710526858360E-005
           4          21  -2.7176293460718940E-005
           4          22  -5.8075637637383529E-005
           4          23   1.1023447493359252E-005
           4          24  -1.0007151316997216E-004
           4          25  -1.1581884511637824E-004
           4          26   1.5474162634638021E-004
           4          27   1.0079450741882096E-004
           4          28   2.1556895792667030E-004
           4          29  -4.2857743297347967E-005
           5           1  -6.8818672959831439E-007
           5           2   2.4259692783922731E-006
           5           3   5.1714692579698097E-004
           5           4  -1.0457756617168966E-003
           5           5   2.6061421586056097     
           5           6  -1.2887480973966410E-005
           5           7  -1.3883618360908093E-003
           5           8   2.8070978393270082E-003
           5           9  -1.3339660915556513     
           5          10   2.0869009951255558E-005
           5          11   3.3508559368239359E-003
           5          12  -6.7769336597991925E-003
           5          13  0.35306264930239817     
           5          14  -1.7349358772483394E-005
           5          15  -9.9073887597021498E-003
           5          16   2.0314942408436291E-002
           5          17   2.4872330135353071E-002
           5          18   4.9275895003479577E-005
           5          19   2.0032943276595556E-006
           5          20  -1.2121984078240766E-004
           5          21  -7.3375937728139409E-005
           5          22  -5.7018036371056837E-005
           5          23   8.2329954096513929E-005
           5          24  -1.7749840255537982E-004
           5          25  -7.4765658318712657E-006
           5          26   4.5560099287880875E-004
           5          27   2.7241432882747253E-004
           5          28   2.1158414977119844E-004
           5          29  -2.9994949517333076E-004
           6           1   2.5658388735094242     
           6           2  -7.6006474407204587     
           6           3   9.4622289039733587E-006
           6           4   5.2549685037662957E-006
           6           5  -1.2887480973966410E-005
           6           6   21.601918503559123     
           6           7  -2.2847885316902857E-005
           6           8  -1.2387006100662247E-005
           6           9   3.1520909651051373E-005
           6          10  -1.0775329066650547     
           6          11   4.5692191419441003E-005
           6          12   2.4703893284270085E-005
           6          13  -6.4725097657744563E-005
           6          14  0.32169352576248383     
           6          15  -3.6355924629311328E-005
           6          16  -3.1922637454943930E-005
           6          17   7.4956601317479945E-005
           6          18  -6.9332741520107763     
           6          19   1.3682876248569194E-003
           6          20  -6.9110633821686687     
           6          21  -1.5481779224601642E-005
           6          22  -6.0530471888889806E-003
           6          23  -6.9319798656418818     
           6          24 -0.33063488698944304     
           6          25  -4.7694061471058565E-003
           6          26 -0.41289982544216919     
           6          27  -3.5684804716749766E-004
           6          28   2.2762345627859670E-002
           6          29 -0.33535552419060982     
           7           1  -1.3455240331872285E-006
           7           2   4.6370124547990404E-006
           7           3  -1.3333810383440106     
           7           4   2.1908774327552157E-003
           7           5  -1.3883618360908093E-003
           7           6  -2.2847885316902857E-005
           7           7   2.9485815408900651     
           7           8  -5.8813393094514117E-003
           7           9   3.7272342455080651E-003
           7          10   3.7988481206395385E-005
           7          11 -0.94525730683178677     
           7          12   1.4211996326028648E-002
           7          13  -8.9958206454585632E-003
           7          14  -4.1482554035275238E-005
           7          15  -7.5903321548870820E-002
           7          16  -4.2841741383025211E-002
           7          17   2.6533930732645952E-002
           7          18   5.9840724463599208E-005
           7          19  -1.6454095796775224E-004
           7          20  -1.8426338078999683E-004
           7          21  -1.2495443173033224E-004
           7          22   1.2782838245566609E-004
           7          23   1.4182789300963789E-004
           7          24  -2.1286720303153586E-004
           7          25   6.1057099113154441E-004
           7          26   6.9323890044122797E-004
           7          27   4.6373831116771762E-004
           7          28  -4.7452539579246163E-004
           7          29  -5.1770203634292388E-004
           8           1  -6.7480657547808436E-007
           8           2   2.3949015625041821E-006
           8           3   2.1908171208909317E-003
           8           4  -1.3369857154800857     
           8           5   2.8070978393270082E-003
           8           6  -1.2387006100662247E-005
           8           7  -5.8813393094514117E-003
           8           8   2.9582552663679067     
           8           9  -7.5350032108850874E-003
           8          10   2.4947124970396902E-005
           8          11   1.4212106667513543E-002
           8          12 -0.96858568716268989     
           8          13   1.8191309578029918E-002
           8          14  -3.0029266571916227E-006
           8          15  -4.3095740266992213E-002
           8          16  -5.8525241316178117E-003
           8          17  -5.4718820817850580E-002
           8          18  -7.2072415338100837E-005
           8          19  -8.3772064832115449E-005
           8          20   1.1236401693258909E-004
           8          21   7.2946344741602834E-005
           8          22   1.5593313993639662E-004
           8          23  -3.0398775722326647E-005
           8          24   2.6853339074340844E-004
           8          25   3.1094006580591920E-004
           8          26  -4.1536387702176714E-004
           8          27  -2.7055090799648555E-004
           8          28  -5.7880260253081073E-004
           8          29   1.1527345878456616E-004
           9           1   1.8794115228088606E-006
           9           2  -6.4803891971749423E-006
           9           3  -1.3883468959312833E-003
           9           4   2.8071430572163937E-003
           9           5  -1.3339660915556513     
           9           6   3.1520909651051373E-005
           9           7   3.7272342455080651E-003
           9           8  -7.5350032108850874E-003
           9           9   2.9501517765890775     
           9          10  -5.5574417199093191E-005
           9          11  -8.9957861757191705E-003
           9          12   1.8191056733361327E-002
           9          13 -0.94905408602668706     
           9          14   4.6311477223493488E-005
           9          15   2.6597195915567494E-002
           9          16  -5.4529559138670816E-002
           9          17  -6.4102901621157393E-002
           9          18  -1.3101086269349651E-004
           9          19  -5.3718633533636555E-006
           9          20   3.2679127573255186E-004
           9          21   1.9701132258993271E-004
           9          22   1.5307571467247332E-004
           9          23  -2.1964944137295515E-004
           9          24   4.7654939611693368E-004
           9          25   2.0049303063519207E-005
           9          26  -1.2234002924946519E-003
           9          27  -7.3142058473373820E-004
           9          28  -5.6803772801359892E-004
           9          29   8.0491860450482766E-004
          10           1   3.7555515258885092E-003
          10           2   8.4962127963723252E-002
          10           3  -1.4286440811987561E-005
          10           4  -9.3355977627711915E-006
          10           5   2.0869009951255558E-005
          10           6  -1.0775329066650547     
          10           7   3.7988481206395385E-005
          10           8   2.4947124970396902E-005
          10           9  -5.5574417199093191E-005
          10          10   3.1276983875392590     
          10          11  -8.4460856251751117E-005
          10          12  -5.7943323297656974E-005
          10          13   1.2556409526622096E-004
          10          14 -0.29007797177566091     
          10          15   4.1044628772359017E-005
          10          16   8.0164372999058208E-005
          10          17  -1.2376268379666726E-004
          10          18  0.13477806539392170     
          10          19  -2.0880437729363967E-003
          10          20   9.1659381598076461E-002
          10          21   2.1308241914987894E-003
          10          22   1.1279867084825243E-002
          10          23  0.13103712967257397     
          10          24 -0.27368877453228568     
          10          25   6.1535564196984124E-003
          10          26 -0.12006001250586815     
          10          27  -4.2552904479800403E-003
          10          28  -4.2303864561785851E-002
          10          29 -0.26141843996757264     
          11           1   3.0908986809096242E-006
          11           2  -1.0384066038672480E-005
          11           3  0.35164800440900268     
          11           4  -5.2942092245307831E-003
          11           5   3.3508559368239359E-003
          11           6   4.5692191419441003E-005
          11           7 -0.94525730683178677     
          11           8   1.4212106667513543E-002
          11           9  -8.9957861757191705E-003
          11          10  -8.4460856251751117E-005
          11          11   2.2490477366545432     
          11          12  -3.4342291928418589E-002
          11          13   2.1710982977482599E-002
          11          14   9.3394003055514331E-005
          11          15  0.12134342534565602     
          11          16  0.10351038358232971     
          11          17  -6.4018494759949085E-002
          11          18  -1.4127317513731920E-004
          11          19   3.9768199797435419E-004
          11          20   4.4960347652226042E-004
          11          21   3.0214897435595228E-004
          11          22  -3.0968077169990656E-004
          11          23  -3.4000029268960213E-004
          11          24   5.1227552628178266E-004
          11          25  -1.4757096783582792E-003
          11          26  -1.6810296569545681E-003
          11          27  -1.1213546433837050E-003
          11          28   1.1495896270902264E-003
          11          29   1.2511506493813086E-003
          12           1   1.6121279053119992E-006
          12           2  -5.5304777477242594E-006
          12           3  -5.2940208422417060E-003
          12           4  0.36034080386567313     
          12           5  -6.7769336597991925E-003
          12           6   2.4703893284270085E-005
          12           7   1.4211996326028648E-002
          12           8 -0.96858568716268989     
          12           9   1.8191056733361327E-002
          12          10  -5.7943323297656974E-005
          12          11  -3.4342291928418589E-002
          12          12   2.3053018253080917     
          12          13  -4.3916246174155738E-002
          12          14   4.8472519486054142E-006
          12          15  0.10412317726525344     
          12          16  -4.7527248694181498E-002
          12          17  0.13207002470823917     
          12          18   1.7481017489328769E-004
          12          19   2.0290273098050074E-004
          12          20  -2.6964522708402644E-004
          12          21  -1.7593283381355288E-004
          12          22  -3.7745442564934297E-004
          12          23   7.7182733539656962E-005
          12          24  -6.4443677332326292E-004
          12          25  -7.5311783145086051E-004
          12          26   1.0036510481395509E-003
          12          27   6.5252933748275474E-004
          12          28   1.4010554281665602E-003
          12          29  -2.8543336834568374E-004
          13           1  -4.3546057833998166E-006
          13           2   1.4689092260967656E-005
          13           3   3.3508324023019602E-003
          13           4  -6.7771383867694978E-003
          13           5  0.35306264930239817     
          13           6  -6.4725097657744563E-005
          13           7  -8.9958206454585632E-003
          13           8   1.8191309578029918E-002
          13           9 -0.94905408602668706     
          13          10   1.2556409526622096E-004
          13          11   2.1710982977482599E-002
          13          12  -4.3916246174155738E-002
          13          13   2.2582280615526433     
          13          14  -1.0390288759940550E-004
          13          15  -6.4171570160102026E-002
          13          16  0.13161467745810940     
          13          17   9.2811933401150237E-002
          13          18   3.1348141037391346E-004
          13          19   1.3166428844624565E-005
          13          20  -7.9508117960914797E-004
          13          21  -4.7669943782957275E-004
          13          22  -3.6994988310005939E-004
          13          23   5.2674099822751350E-004
          13          24  -1.1524319216013228E-003
          13          25  -4.9133569882355151E-005
          13          26   2.9639531783625401E-003
          13          27   1.7697813183072827E-003
          13          28   1.3728259748913034E-003
          13          29  -1.9424852013776748E-003
          14           1   2.8497227881688542E-002
          14           2  -8.6433460188876501E-002
          14           3   1.5535375348227457E-005
          14           4   1.1576965136284793E-006
          14           5  -1.7349358772483394E-005
          14           6  0.32169352576248383     
          14           7  -4.1482554035275238E-005
          14           8  -3.0029266571916227E-006
          14           9   4.6311477223493488E-005
          14          10 -0.29007797177566091     
          14          11   9.3394003055514331E-005
          14          12   4.8472519486054142E-006
          14          13  -1.0390288759940550E-004
          14          14   1.0098082149011771     
          14          15  -1.3879772710083654E-004
          14          16   3.1833873121521445E-005
          14          17   1.4666033922847938E-004
          14          18  -9.9566379161448407E-002
          14          19   2.4458088800094918E-003
          14          20  -5.1851812829080780E-002
          14          21   3.5680815141871033E-003
          14          22  -1.4487724255110176E-002
          14          23  -9.8287199483711063E-002
          14          24  0.12571658465243757     
          14          25  -9.3369885066966682E-003
          14          26  -5.2163887649512575E-002
          14          27  -1.2674152692356378E-002
          14          28   5.3633445953585546E-002
          14          29  0.12073793808866357     
          15           1  -2.5727688177150009E-006
          15           2   8.4500915374955879E-006
          15           3   2.9269095529318771E-002
          15           4   1.6053965245734519E-002
          15           5  -9.9073887597021498E-003
          15           6  -3.6355924629311328E-005
          15           7  -7.5903321548870820E-002
          15           8  -4.3095740266992213E-002
          15           9   2.6597195915567494E-002
          15          10   4.1044628772359017E-005
          15          11  0.12134342534565602     
          15          12  0.10412317726525344     
          15          13  -6.4171570160102026E-002
          15          14  -1.3879772710083654E-004
          15          15  0.16327580328866637     
          15          16 -0.31352581890299791     
          15          17  0.18864275604458333     
          15          18   4.0136717469534144E-004
          15          19  -1.2078786427451313E-003
          15          20  -1.4011949147314177E-003
          15          21  -9.1623766920188464E-004
          15          22   9.5530885244473002E-004
          15          23   1.0241958438614934E-003
          15          24  -1.4601392607898026E-003
          15          25   4.4823419054939523E-003
          15          26   5.2307962224834451E-003
          15          27   3.4004746448097981E-003
          15          28  -3.5461111023891135E-003
          15          29  -3.7754082696599719E-003
          16           1  -2.0696253197702305E-006
          16           2   7.1670399498929719E-006
          16           3   1.5958866638373877E-002
          16           4   3.1653512663578909E-003
          16           5   2.0314942408436291E-002
          16           6  -3.1922637454943930E-005
          16           7  -4.2841741383025211E-002
          16           8  -5.8525241316178117E-003
          16           9  -5.4529559138670816E-002
          16          10   8.0164372999058208E-005
          16          11  0.10351038358232971     
          16          12  -4.7527248694181498E-002
          16          13  0.13161467745810940     
          16          14   3.1833873121521445E-005
          16          15 -0.31352581890299791     
          16          16  0.66930168645609478     
          16          17 -0.39518407102873071     
          16          18  -5.0873028164741458E-004
          16          19  -6.2265780521001269E-004
          16          20   8.0913120660352524E-004
          16          21   5.2488827450952811E-004
          16          22   1.1533999558045720E-003
          16          23  -2.7732316421440016E-004
          16          24   1.8764411412649147E-003
          16          25   2.3110292281048874E-003
          16          26  -3.0109572454627858E-003
          16          27  -1.9470330975112943E-003
          16          28  -4.2811747798993044E-003
          16          29   1.0262163200260529E-003
          17           1   5.1320085448886492E-006
          17           2  -1.7185975742405540E-005
          17           3  -9.8837022743591910E-003
          17           4   2.0385805856373909E-002
          17           5   2.4872330135353071E-002
          17           6   7.4956601317479945E-005
          17           7   2.6533930732645952E-002
          17           8  -5.4718820817850580E-002
          17           9  -6.4102901621157393E-002
          17          10  -1.2376268379666726E-004
          17          11  -6.4018494759949085E-002
          17          12  0.13207002470823917     
          17          13   9.2811933401150237E-002
          17          14   1.4666033922847938E-004
          17          15  0.18864275604458333     
          17          16 -0.39518407102873071     
          17          17  0.25192000117595781     
          17          18  -9.4596565199775765E-004
          17          19  -4.7753211150002581E-005
          17          20   2.4600079565688182E-003
          17          21   1.4559796430117090E-003
          17          22   1.1204673942379795E-003
          17          23  -1.5658754107800012E-003
          17          24   3.4840720594344282E-003
          17          25   1.7792399879437595E-004
          17          26  -9.1626019476970209E-003
          17          27  -5.4053321995975057E-003
          17          28  -4.1580404599300576E-003
          17          29   5.7810252872733956E-003
          18           1 -0.95862595862250943     
          18           2   2.7609424263664573     
          18           3  -2.2720073837663688E-005
          18           4   2.6580536263997306E-005
          18           5   4.9275895003479577E-005
          18           6  -6.9332741520107763     
          18           7   5.9840724463599208E-005
          18           8  -7.2072415338100837E-005
          18           9  -1.3101086269349651E-004
          18          10  0.13477806539392170     
          18          11  -1.4127317513731920E-004
          18          12   1.7481017489328769E-004
          18          13   3.1348141037391346E-004
          18          14  -9.9566379161448407E-002
          18          15   4.0136717469534144E-004
          18          16  -5.0873028164741458E-004
          18          17  -9.4596565199775765E-004
          18          18   4.4966539835652446     
          18          19  -4.7471522410328657E-003
          18          20   1.4093835074181229     
          18          21   1.8234497719419551E-002
          18          22  -8.5342699061266777E-003
          18          23   1.4633172869635933     
          18          24 -0.13068181159083667     
          18          25   1.7505678242146980E-002
          18          26  0.34338379485187887     
          18          27  -6.7313312559833471E-002
          18          28   3.1331630367833707E-002
          18          29  0.14412076803982590     
          19           1   1.0426577264710895E-004
          19           2  -3.4275021569562348E-004
          19           3   6.1282056105910987E-005
          19           4   3.1203479926440480E-005
          19           5   2.0032943276595556E-006
          19           6   1.3682876248569194E-003
          19           7  -1.6454095796775224E-004
          19           8  -8.3772064832115449E-005
          19           9  -5.3718633533636555E-006
          19          10  -2.0880437729363967E-003
          19          11   3.9768199797435419E-004
          19          12   2.0290273098050074E-004
          19          13   1.3166428844624565E-005
          19          14   2.4458088800094918E-003
          19          15  -1.2078786427451313E-003
          19          16  -6.2265780521001269E-004
          19          17  -4.7753211150002581E-005
          19          18  -4.7471522410328657E-003
          19          19   2.0440784253112385     
          19          20   1.4200799150101086E-002
          19          21  -8.1674529259082138E-004
          19          22  -3.4299003389192881E-002
          19          23  -1.0331225761547087E-002
          19          24   1.6865531923891886E-002
          19          25 -0.26368875874331144     
          19          26  -5.3051025539316163E-002
          19          27   3.0031169413089905E-003
          19          28  0.12646195587255976     
          19          29   3.7445531362194744E-002
          20           1 -0.95707687315797330     
          20           2   2.7557653210427544     
          20           3   6.8217336816263615E-005
          20           4  -4.2138710526858360E-005
          20           5  -1.2121984078240766E-004
          20           6  -6.9110633821686687     
          20           7  -1.8426338078999683E-004
          20           8   1.1236401693258909E-004
          20           9   3.2679127573255186E-004
          20          10   9.1659381598076461E-002
          20          11   4.4960347652226042E-004
          20          12  -2.6964522708402644E-004
          20          13  -7.9508117960914797E-004
          20          14  -5.1851812829080780E-002
          20          15  -1.4011949147314177E-003
          20          16   8.0913120660352524E-004
          20          17   2.4600079565688182E-003
          20          18   1.4093835074181229     
          20          19   1.4200799150101086E-002
          20          20   4.5329686947795960     
          20          21   3.0859180485362834E-004
          20          22   1.2653563018565626E-002
          20          23   1.4119940283811034     
          20          24  0.33880184672549030     
          20          25  -5.2370800666441307E-002
          20          26 -0.26804541575107105     
          20          27  -1.2111175235497910E-003
          20          28  -4.6801923743446931E-002
          20          29  0.32926758845181542     
          21           1  -2.3139404984025915E-005
          21           2   7.3125527174715721E-005
          21           3   4.6549454554781921E-005
          21           4  -2.7176293460718940E-005
          21           5  -7.3375937728139409E-005
          21           6  -1.5481779224601642E-005
          21           7  -1.2495443173033224E-004
          21           8   7.2946344741602834E-005
          21           9   1.9701132258993271E-004
          21          10   2.1308241914987894E-003
          21          11   3.0214897435595228E-004
          21          12  -1.7593283381355288E-004
          21          13  -4.7669943782957275E-004
          21          14   3.5680815141871033E-003
          21          15  -9.1623766920188464E-004
          21          16   5.2488827450952811E-004
          21          17   1.4559796430117090E-003
          21          18   1.8234497719419551E-002
          21          19  -8.1674529259082138E-004
          21          20   3.0859180485362834E-004
          21          21   2.0840352578069208     
          21          22   1.6961594064879416E-003
          21          23  -1.8706664803104268E-002
          21          24  -6.8785356470285441E-002
          21          25   3.0071382424669661E-003
          21          26  -2.6968882034377113E-003
          21          27 -0.41101771040477075     
          21          28  -6.2529580460850961E-003
          21          29   6.7404169640403744E-002
          22           1  -4.0790639260443939E-004
          22           2   1.3687836206680232E-003
          22           3  -4.7614123592658563E-005
          22           4  -5.8075637637383529E-005
          22           5  -5.7018036371056837E-005
          22           6  -6.0530471888889806E-003
          22           7   1.2782838245566609E-004
          22           8   1.5593313993639662E-004
          22           9   1.5307571467247332E-004
          22          10   1.1279867084825243E-002
          22          11  -3.0968077169990656E-004
          22          12  -3.7745442564934297E-004
          22          13  -3.6994988310005939E-004
          22          14  -1.4487724255110176E-002
          22          15   9.5530885244473002E-004
          22          16   1.1533999558045720E-003
          22          17   1.1204673942379795E-003
          22          18  -8.5342699061266777E-003
          22          19  -3.4299003389192881E-002
          22          20   1.2653563018565626E-002
          22          21   1.6961594064879416E-003
          22          22   2.0641996686872206     
          22          23   7.1202320966045870E-005
          22          24   3.2943742384766633E-002
          22          25  0.12646570822053588     
          22          26  -4.5226536124231886E-002
          22          27  -6.2638816793803955E-003
          22          28 -0.33787359125645022     
          22          29   1.2147285095798349E-003
          23           1 -0.95852875644356583     
          23           2   2.7606172861215112     
          23           3  -5.3222244744312890E-005
          23           4   1.1023447493359252E-005
          23           5   8.2329954096513929E-005
          23           6  -6.9319798656418818     
          23           7   1.4182789300963789E-004
          23           8  -3.0398775722326647E-005
          23           9  -2.1964944137295515E-004
          23          10  0.13103712967257397     
          23          11  -3.4000029268960213E-004
          23          12   7.7182733539656962E-005
          23          13   5.2674099822751350E-004
          23          14  -9.8287199483711063E-002
          23          15   1.0241958438614934E-003
          23          16  -2.7732316421440016E-004
          23          17  -1.5658754107800012E-003
          23          18   1.4633172869635933     
          23          19  -1.0331225761547087E-002
          23          20   1.4119940283811034     
          23          21  -1.8706664803104268E-002
          23          22   7.1202320966045870E-005
          23          23   4.4932328487275122     
          23          24  0.14470582719135361     
          23          25   3.8070103954114067E-002
          23          26  0.33442583203919551     
          23          27   6.8865540329363290E-002
          23          28  -3.8651481058790856E-004
          23          29 -0.11730200402696546     
          24           1  -4.8578294201052308E-002
          24           2  0.13110819184698444     
          24           3   7.9408376536463978E-005
          24           4  -1.0007151316997216E-004
          24           5  -1.7749840255537982E-004
          24           6 -0.33063488698944304     
          24           7  -2.1286720303153586E-004
          24           8   2.6853339074340844E-004
          24           9   4.7654939611693368E-004
          24          10 -0.27368877453228568     
          24          11   5.1227552628178266E-004
          24          12  -6.4443677332326292E-004
          24          13  -1.1524319216013228E-003
          24          14  0.12571658465243757     
          24          15  -1.4601392607898026E-003
          24          16   1.8764411412649147E-003
          24          17   3.4840720594344282E-003
          24          18 -0.13068181159083667     
          24          19   1.6865531923891886E-002
          24          20  0.33880184672549030     
          24          21  -6.8785356470285441E-002
          24          22   3.2943742384766633E-002
          24          23  0.14470582719135361     
          24          24   1.4465388081255579     
          24          25  -6.1489184934271225E-002
          24          26  -1.0108398087412351     
          24          27  0.25189618991235613     
          24          28 -0.12116459142208141     
          24          29 -0.29726924184271164     
          25           1  -3.4552128545401617E-004
          25           2   1.1419441394074424E-003
          25           3  -2.2740272357247351E-004
          25           4  -1.1581884511637824E-004
          25           5  -7.4765658318712657E-006
          25           6  -4.7694061471058565E-003
          25           7   6.1057099113154441E-004
          25           8   3.1094006580591920E-004
          25           9   2.0049303063519207E-005
          25          10   6.1535564196984124E-003
          25          11  -1.4757096783582792E-003
          25          12  -7.5311783145086051E-004
          25          13  -4.9133569882355151E-005
          25          14  -9.3369885066966682E-003
          25          15   4.4823419054939523E-003
          25          16   2.3110292281048874E-003
          25          17   1.7792399879437595E-004
          25          18   1.7505678242146980E-002
          25          19 -0.26368875874331144     
          25          20  -5.2370800666441307E-002
          25          21   3.0071382424669661E-003
          25          22  0.12646570822053588     
          25          23   3.8070103954114067E-002
          25          24  -6.1489184934271225E-002
          25          25   1.4582351773152413     
          25          26  0.19634952482568901     
          25          27  -1.1056722243788265E-002
          25          28 -0.46628477761682879     
          25          29 -0.13727906815505631     
          26           1  -5.4144480860268247E-002
          26           2  0.14979600107797753     
          26           3  -2.5814753631323966E-004
          26           4   1.5474162634638021E-004
          26           5   4.5560099287880875E-004
          26           6 -0.41289982544216919     
          26           7   6.9323890044122797E-004
          26           8  -4.1536387702176714E-004
          26           9  -1.2234002924946519E-003
          26          10 -0.12006001250586815     
          26          11  -1.6810296569545681E-003
          26          12   1.0036510481395509E-003
          26          13   2.9639531783625401E-003
          26          14  -5.2163887649512575E-002
          26          15   5.2307962224834451E-003
          26          16  -3.0109572454627858E-003
          26          17  -9.1626019476970209E-003
          26          18  0.34338379485187887     
          26          19  -5.3051025539316163E-002
          26          20 -0.26804541575107105     
          26          21  -2.6968882034377113E-003
          26          22  -4.5226536124231886E-002
          26          23  0.33442583203919551     
          26          24  -1.0108398087412351     
          26          25  0.19634952482568901     
          26          26   1.9750511163697020     
          26          27   8.1940394559919805E-003
          26          28  0.16710103941133106     
          26          29 -0.97708865869957673     
          27           1  -1.2299372218760519E-005
          27           2   2.4175771046566308E-005
          27           3  -1.7275682683716832E-004
          27           4   1.0079450741882096E-004
          27           5   2.7241432882747253E-004
          27           6  -3.5684804716749766E-004
          27           7   4.6373831116771762E-004
          27           8  -2.7055090799648555E-004
          27           9  -7.3142058473373820E-004
          27          10  -4.2552904479800403E-003
          27          11  -1.1213546433837050E-003
          27          12   6.5252933748275474E-004
          27          13   1.7697813183072827E-003
          27          14  -1.2674152692356378E-002
          27          15   3.4004746448097981E-003
          27          16  -1.9470330975112943E-003
          27          17  -5.4053321995975057E-003
          27          18  -6.7313312559833471E-002
          27          19   3.0031169413089905E-003
          27          20  -1.2111175235497910E-003
          27          21 -0.41101771040477075     
          27          22  -6.2638816793803955E-003
          27          23   6.8865540329363290E-002
          27          24  0.25189618991235613     
          27          25  -1.1056722243788265E-002
          27          26   8.1940394559919805E-003
          27          27   2.0014663765507423     
          27          28   2.3092282025681650E-002
          27          29 -0.25014874805146303     
          28           1   1.5214650569032992E-003
