           1           1   2.4038590628847150     
           1           2  -1.0760596804158200     
           1           3   1.1763097716948973E-009
           1           4  -1.2959713741776799E-009
           1           5   1.8431687271627820E-009
           1           6   2.2784335885221179     
           1           7  -4.9630726149329976E-010
           1           8   4.5156844631137393E-009
           1           9  -3.1581685907759452E-009
           1          10  -6.6495089901699458E-002
           1          11   1.1355100081914018E-011
           1          12   2.4920439243901632E-010
           1          13   3.4285521778196513E-010
           1          14   1.0513342134389888E-002
           1          15  -1.1014987347003653E-010
           1          16  -6.4329104310417825E-011
           1          17  -4.7271269410326273E-010
           1          18 -0.86486786907690472     
           1          19  -1.9772474253582103E-010
           1          20 -0.86486786907994961     
           1          21   7.4201686065946125E-008
           1          22  -2.5158512088712729E-008
           1          23 -0.86486786985736186     
           2           1  -1.0760596804158200     
           2           2   2.8938335265480601     
           2           3  -2.9581846148472716E-009
           2           4   1.6165260282635393E-009
           2           5  -3.6897820669296470E-009
           2           6  -6.4455922286694882     
           2           7   8.5725033942377666E-010
           2           8  -7.5134958253724055E-009
           2           9   5.3799842581903437E-009
           2          10  0.24718673470616015     
           2          11  -9.8679162251609921E-011
           2          12  -3.7549275538802379E-010
           2          13  -1.3788399795279016E-009
           2          14  -4.4686369125912055E-002
           2          15   3.6997901388410420E-010
           2          16   6.1538970957494350E-011
           2          17   1.6114993337345298E-009
           2          18   2.3755650063510227     
           2          19   5.2197836106450403E-010
           2          20   2.3755650062764646     
           2          21  -7.1399708546265964E-008
           2          22   2.3885296140921348E-008
           2          23   2.3755650085080822     
           3           1   1.1763097716948973E-009
           3           2  -2.9581846148472716E-009
           3           3   2.3829993938091985     
           3           4  -6.2145624980160857E-010
           3           5   4.1924148026357895E-010
           3           6   2.6824188229898133E-009
           3           7 -0.97895557774666542     
           3           8   1.4659209308248763E-009
           3           9  -1.0209775270643361E-009
           3          10   2.5837707936261055E-009
           3          11  0.13398030520311621     
           3          12   9.5389709622908944E-010
           3          13   9.5723337450595030E-010
           3          14  -6.4135418854144485E-010
           3          15   9.2475125131231170E-002
           3          16  -1.9064902482873446E-009
           3          17  -2.8093173862913838E-009
           3          18   1.9287906317881064E-009
           3          19  -5.4913946061242705E-010
           3          20  -2.2730668917049564E-009
           3          21  -6.9992765032374544E-008
           3          22   2.4600128504870236E-008
           3          23  -3.1732379884289355E-009
           4           1  -1.2959713741776799E-009
           4           2   1.6165260282635393E-009
           4           3  -6.2145624980160857E-010
           4           4   2.3829993930557571     
           4           5   4.0346508602200044E-010
           4           6   5.7286514123498581E-008
           4           7  -1.3081259771598869E-009
           4           8 -0.97895557497379726     
           4           9   3.0138754466652637E-009
           4          10  -2.5954359006795581E-008
           4          11   1.2014179264887311E-009
           4          12  0.13398029792388114     
           4          13  -1.1464466853605766E-008
           4          14   7.7320562704103507E-009
           4          15   1.1419922933987001E-008
           4          16   9.2475140875032835E-002
           4          17   2.4449680796351913E-008
           4          18  -4.9124409736129413E-008
           4          19  -7.0008492773003583E-010
           4          20  -1.4795738874850586E-008
           4          21  -1.5263877034575475E-007
           4          22   5.1311508721079755E-008
           4          23  -1.4460331029489721E-008
           5           1   1.8431687271627820E-009
           5           2  -3.6897820669296470E-009
           5           3   4.1924148026357895E-010
           5           4   4.0346508602200044E-010
           5           5   2.3829993927748969     
           5           6  -3.0615357374614076E-008
           5           7   7.4096895751847708E-010
           5           8  -2.1026606197179022E-009
           5           9 -0.97895557857502302     
           5          10   1.6047679218803711E-008
           5          11  -1.3555119303955856E-009
           5          12   4.1464229811623541E-009
           5          13  0.13398031289081991     
           5          14  -4.0043043349761692E-009
           5          15  -7.1899489311479422E-009
           5          16  -9.8339634626874911E-009
           5          17   9.2475109427122559E-002
           5          18   2.9660600860497031E-008
           5          19   4.7009075810902113E-010
           5          20   5.8837826522675189E-009
           5          21  -6.6942565577072724E-008
           5          22   3.1838049170621502E-008
           5          23   6.7188989892608627E-009
           6           1   2.2784335885221179     
           6           2  -6.4455922286694882     
           6           3   2.6824188229898133E-009
           6           4   5.7286514123498581E-008
           6           5  -3.0615357374614076E-008
           6           6   16.670206704702281     
           6           7   1.3337927442070471E-008
           6           8  -1.3037996136127178E-007
           6           9   8.7307909736755178E-008
           6          10  -1.2912289737970304     
           6          11   1.8791410524716820E-009
           6          12  -8.2957954441552977E-009
           6          13   1.2229484806088085E-008
           6          14  0.29465342962417029     
           6          15  -1.8791139890335556E-009
           6          16   3.1365131415547007E-009
           6          17  -9.0650368899759762E-009
           6          18  -5.3162296175141996     
           6          19  -3.0325727414892618E-010
           6          20  -5.3162296162910545     
           6          21   1.1435138701014324E-007
           6          22  -3.1743105387957500E-008
           6          23  -5.3162296216236227     
           7           1  -4.9630726149329976E-010
           7           2   8.5725033942377666E-010
           7           3 -0.97895557774666542     
           7           4  -1.3081259771598869E-009
           7           5   7.4096895751847708E-010
           7           6   1.3337927442070471E-008
           7           7   2.5078490054081533     
           7           8   3.2934907816775187E-009
           7           9  -1.8593774697556793E-009
           7          10  -6.6651197664035918E-009
           7          11 -0.42983996827161175     
           7          12  -1.6356840659209755E-009
           7          13  -2.2241126777935458E-009
           7          14   1.8808557052485866E-009
           7          15 -0.25879678710188420     
           7          16   4.1229617140271495E-009
           7          17   6.2709187073026963E-009
           7          18  -1.4393101231046052E-008
           7          19   9.4644004878817886E-010
           7          20  -3.4902254868221469E-009
           7          21   2.1169712298029328E-008
           7          22  -1.4614870162462225E-008
           7          23  -5.5528413723853446E-010
           8           1   4.5156844631137393E-009
           8           2  -7.5134958253724055E-009
           8           3   1.4659209308248763E-009
           8           4 -0.97895557497379726     
           8           5  -2.1026606197179022E-009
           8           6  -1.3037996136127178E-007
           8           7   3.2934907816775187E-009
           8           8   2.5078489963278416     
           8           9  -4.6596182432982984E-009
           8          10   6.2877155950056183E-008
           8          11  -2.9970407739252732E-009
           8          12 -0.42983995019702792     
           8          13   2.8361230189836394E-008
           8          14  -1.8499926926237185E-008
           8          15  -2.7616415919365760E-008
           8          16 -0.25879682625927225     
           8          17  -6.0020726650426426E-008
           8          18   1.1571614310034339E-007
           8          19   1.1865152964351703E-009
           8          20   3.1860581618301128E-008
           8          21   1.8087245449698080E-008
           8          22   7.4155914912968023E-009
           8          23   3.0962358872226345E-008
           9           1  -3.1581685907759452E-009
           9           2   5.3799842581903437E-009
           9           3  -1.0209775270643361E-009
           9           4   3.0138754466652637E-009
           9           5 -0.97895557857502302     
           9           6   8.7307909736755178E-008
           9           7  -1.8593774697556793E-009
           9           8  -4.6596182432982984E-009
           9           9   2.5078490155963817     
           9          10  -3.9118225965488429E-008
           9          11   3.8713985583211682E-009
           9          12  -1.0053961262833694E-008
           9          13 -0.42983998637904519     
           9          14   9.1687656331865182E-009
           9          15   1.7939619152487905E-008
           9          16   2.3237404299255782E-008
           9          17 -0.25879675004420788     
           9          18  -7.8378684969494147E-008
           9          19  -2.2343272543403871E-009
           9          20  -1.9662808968252796E-008
           9          21   3.8761811012350974E-008
           9          22  -2.0352151190709840E-008
           9          23  -2.2395826288160938E-008
          10           1  -6.6495089901699458E-002
          10           2  0.24718673470616015     
          10           3   2.5837707936261055E-009
          10           4  -2.5954359006795581E-008
          10           5   1.6047679218803711E-008
          10           6  -1.2912289737970304     
          10           7  -6.6651197664035918E-009
          10           8   6.2877155950056183E-008
          10           9  -3.9118225965488429E-008
          10          10   2.7135389259283649     
          10          11  -2.4149139829213379E-009
          10          12   4.6027522086834248E-009
          10          13  -1.4373454405105777E-008
          10          14 -0.90382395477726807     
          10          15   3.3015891321498945E-009
          10          16  -2.5128672549183197E-009
          10          17   1.3448014492531393E-008
          10          18  0.20533135383462894     
          10          19  -1.6896763943484419E-009
          10          20  0.20533135572811440     
          10          21   5.0477373684541891E-008
          10          22  -1.6927424312617229E-008
          10          23  0.20533134924950097     
          11           1   1.1355100081914018E-011
          11           2  -9.8679162251609921E-011
          11           3  0.13398030520311621     
          11           4   1.2014179264887311E-009
          11           5  -1.3555119303955856E-009
          11           6   1.8791410524716820E-009
          11           7 -0.42983996827161175     
          11           8  -2.9970407739252732E-009
          11           9   3.8713985583211682E-009
          11          10  -2.4149139829213379E-009
          11          11   1.3773148761232981     
          11          12   4.5862047106679234E-010
          11          13  -2.6296990535307355E-009
          11          14   2.3513763631369871E-009
          11          15  0.50630714724339876     
          11          16  -3.2695387777425395E-010
          11          17   8.5614573906767122E-010
          11          18   2.4082899804222389E-010
          11          19  -5.5261680889102228E-010
          11          20  -1.8716585973089648E-009
          11          21  -2.9107390155910459E-008
          11          22   8.4094703433456840E-009
          11          23  -2.6646992205433600E-010
          12           1   2.4920439243901632E-010
          12           2  -3.7549275538802379E-010
          12           3   9.5389709622908944E-010
          12           4  0.13398029792388114     
          12           5   4.1464229811623541E-009
          12           6  -8.2957954441552977E-009
          12           7  -1.6356840659209755E-009
          12           8 -0.42983995019702792     
          12           9  -1.0053961262833694E-008
          12          10   4.6027522086834248E-009
          12          11   4.5862047106679234E-010
          12          12   1.3773148747483202     
          12          13  -1.8497910459620217E-009
          12          14  -2.4405198920918011E-009
          12          15  -1.5639118293922141E-009
          12          16  0.50630714594392190     
          12          17  -2.4579170915525768E-009
          12          18   3.4569491357384578E-009
          12          19   2.5332412273345595E-009
          12          20  -1.6870056877531351E-011
          12          21   4.9017488996455943E-008
          12          22  -1.8599868022207866E-008
          12          23   7.6134808273634435E-009
          13           1   3.4285521778196513E-010
          13           2  -1.3788399795279016E-009
          13           3   9.5723337450595030E-010
          13           4  -1.1464466853605766E-008
          13           5  0.13398031289081991     
          13           6   1.2229484806088085E-008
          13           7  -2.2241126777935458E-009
          13           8   2.8361230189836394E-008
          13           9 -0.42983998637904519     
          13          10  -1.4373454405105777E-008
          13          11  -2.6296990535307355E-009
          13          12  -1.8497910459620217E-009
          13          13   1.3773148719228887     
          13          14   1.4907376152916386E-008
          13          15   2.7508545276012792E-009
          13          16   2.2527889751182195E-009
          13          17  0.50630715072295218     
          13          18  -6.7183241821381655E-009
          13          19   3.4276291714745498E-009
          13          20  -9.0870974873718474E-009
          13          21  -9.7217358056888630E-008
          13          22   2.9894243091102871E-008
          13          23   4.6508393133091820E-009
          14           1   1.0513342134389888E-002
          14           2  -4.4686369125912055E-002
          14           3  -6.4135418854144485E-010
          14           4   7.7320562704103507E-009
          14           5  -4.0043043349761692E-009
          14           6  0.29465342962417029     
          14           7   1.8808557052485866E-009
          14           8  -1.8499926926237185E-008
          14           9   9.1687656331865182E-009
          14          10 -0.90382395477726807     
          14          11   2.3513763631369871E-009
          14          12  -2.4405198920918011E-009
          14          13   1.4907376152916386E-008
          14          14   1.5513769279107688     
          14          15  -2.4777356652147065E-009
          14          16   2.7540185097710605E-009
          14          17  -1.6010669854462949E-008
          14          18  -3.0501322733844968E-002
          14          19  -1.2575819625452515E-009
          14          20  -3.0501321196058452E-002
          14          21   4.3254685865989023E-008
          14          22  -1.3327399797738109E-008
          14          23  -3.0501325855306044E-002
          15           1  -1.1014987347003653E-010
          15           2   3.6997901388410420E-010
          15           3   9.2475125131231170E-002
          15           4   1.1419922933987001E-008
          15           5  -7.1899489311479422E-009
          15           6  -1.8791139890335556E-009
          15           7 -0.25879678710188420     
          15           8  -2.7616415919365760E-008
          15           9   1.7939619152487905E-008
          15          10   3.3015891321498945E-009
          15          11  0.50630714724339876     
          15          12  -1.5639118293922141E-009
          15          13   2.7508545276012792E-009
          15          14  -2.4777356652147065E-009
          15          15  0.19089310602406145     
          15          16   1.3995773689630798E-010
          15          17   6.7836375686943811E-010
          15          18   1.9440724218452378E-010
          15          19   1.1878585495391506E-009
          15          20  -1.8055434478511426E-009
          15          21  -5.8665839111126841E-008
          15          22   2.1355952234885605E-008
          15          23   2.7760538504094814E-009
          16           1  -6.4329104310417825E-011
          16           2   6.1538970957494350E-011
          16           3  -1.9064902482873446E-009
          16           4   9.2475140875032835E-002
          16           5  -9.8339634626874911E-009
          16           6   3.1365131415547007E-009
          16           7   4.1229617140271495E-009
          16           8 -0.25879682625927225     
          16           9   2.3237404299255782E-008
          16          10  -2.5128672549183197E-009
          16          11  -3.2695387777425395E-010
          16          12  0.50630714594392190     
          16          13   2.2527889751182195E-009
          16          14   2.7540185097710605E-009
          16          15   1.3995773689630798E-010
          16          16  0.19089310915239838     
          16          17   2.0093064467863273E-009
          16          18  -3.0213203763687053E-009
          16          19   1.8302911984824357E-009
          16          20  -3.9518201775240421E-009
          16          21   8.1113362377037773E-008
          16          22  -3.0084043314979370E-008
          16          23   3.0871280153827594E-009
          17           1  -4.7271269410326273E-010
          17           2   1.6114993337345298E-009
          17           3  -2.8093173862913838E-009
          17           4   2.4449680796351913E-008
          17           5   9.2475109427122559E-002
          17           6  -9.0650368899759762E-009
          17           7   6.2709187073026963E-009
          17           8  -6.0020726650426426E-008
          17           9 -0.25879675004420788     
          17          10   1.3448014492531393E-008
          17          11   8.5614573906767122E-010
          17          12  -2.4579170915525768E-009
          17          13  0.50630715072295218     
          17          14  -1.6010669854462949E-008
          17          15   6.7836375686943811E-010
          17          16   2.0093064467863273E-009
          17          17  0.19089310526640868     
          17          18   1.0571140178353134E-009
          17          19  -6.8837447396438957E-010
          17          20   3.5020176209048641E-009
          17          21  -9.3070171692716770E-009
          17          22  -2.8325201238413384E-009
          17          23   2.1029783109926720E-009
          18           1 -0.86486786907690472     
          18           2   2.3755650063510227     
          18           3   1.9287906317881064E-009
          18           4  -4.9124409736129413E-008
          18           5   2.9660600860497031E-008
          18           6  -5.3162296175141996     
          18           7  -1.4393101231046052E-008
          18           8   1.1571614310034339E-007
          18           9  -7.8378684969494147E-008
          18          10  0.20533135383462894     
          18          11   2.4082899804222389E-010
          18          12   3.4569491357384578E-009
          18          13  -6.7183241821381655E-009
          18          14  -3.0501322733844968E-002
          18          15   1.9440724218452378E-010
          18          16  -3.0213203763687053E-009
          18          17   1.0571140178353134E-009
          18          18   3.9505786564033913     
          18          19  -2.7361752464533186E-010
          18          20  0.95057865600649838     
          18          21   5.9496192723915961E-008
          18          22  -2.2194699818781802E-008
          18          23  0.95057865653973828     
          19           1  -1.9772474253582103E-010
          19           2   5.2197836106450403E-010
          19           3  -5.4913946061242705E-010
          19           4  -7.0008492773003583E-010
          19           5   4.7009075810902113E-010
          19           6  -3.0325727414892618E-010
          19           7   9.4644004878817886E-010
          19           8   1.1865152964351703E-009
          19           9  -2.2343272543403871E-009
          19          10  -1.6896763943484419E-009
          19          11  -5.5261680889102228E-010
          19          12   2.5332412273345595E-009
          19          13   3.4276291714745498E-009
          19          14  -1.2575819625452515E-009
          19          15   1.1878585495391506E-009
          19          16   1.8302911984824357E-009
          19          17  -6.8837447396438957E-010
          19          18  -2.7361752464533186E-010
          19          19   1.9999999999999987     
          19          20  -2.7362034003614598E-010
          19          21  -1.8379107821868095E-012
          19          22   4.0848865711865322E-012
          19          23  -2.7361700762409921E-010
          20           1 -0.86486786907994961     
          20           2   2.3755650062764646     
          20           3  -2.2730668917049564E-009
          20           4  -1.4795738874850586E-008
          20           5   5.8837826522675189E-009
          20           6  -5.3162296162910545     
          20           7  -3.4902254868221469E-009
          20           8   3.1860581618301128E-008
          20           9  -1.9662808968252796E-008
          20          10  0.20533135572811440     
          20          11  -1.8716585973089648E-009
          20          12  -1.6870056877531351E-011
          20          13  -9.0870974873718474E-009
          20          14  -3.0501321196058452E-002
          20          15  -1.8055434478511426E-009
          20          16  -3.9518201775240421E-009
          20          17   3.5020176209048641E-009
          20          18  0.95057865600649838     
          20          19  -2.7362034003614598E-010
          20          20   3.9505786556096236     
          20          21  -1.4874155504745420E-007
          20          22   5.1707276867535489E-008
          20          23  0.95057865614285730     
          21           1   7.4201686065946125E-008
          21           2  -7.1399708546265964E-008
          21           3  -6.9992765032374544E-008
          21           4  -1.5263877034575475E-007
          21           5  -6.6942565577072724E-008
          21           6   1.1435138701014324E-007
          21           7   2.1169712298029328E-008
          21           8   1.8087245449698080E-008
          21           9   3.8761811012350974E-008
          21          10   5.0477373684541891E-008
          21          11  -2.9107390155910459E-008
          21          12   4.9017488996455943E-008
          21          13  -9.7217358056888630E-008
          21          14   4.3254685865989023E-008
          21          15  -5.8665839111126841E-008
          21          16   8.1113362377037773E-008
          21          17  -9.3070171692716770E-009
          21          18   5.9496192723915961E-008
          21          19  -1.8379107821868095E-012
          21          20  -1.4874155504745420E-007
          21          21   1.9999999999999969     
          21          22   1.2411202978285530E-014
          21          23  -8.6720394808147502E-008
          22           1  -2.5158512088712729E-008
          22           2   2.3885296140921348E-008
          22           3   2.4600128504870236E-008
          22           4   5.1311508721079755E-008
          22           5   3.1838049170621502E-008
          22           6  -3.1743105387957500E-008
          22           7  -1.4614870162462225E-008
          22           8   7.4155914912968023E-009
          22           9  -2.0352151190709840E-008
          22          10  -1.6927424312617229E-008
          22          11   8.4094703433456840E-009
          22          12  -1.8599868022207866E-008
          22          13   2.9894243091102871E-008
          22          14  -1.3327399797738109E-008
          22          15   2.1355952234885605E-008
          22          16  -3.0084043314979370E-008
          22          17  -2.8325201238413384E-009
          22          18  -2.2194699818781802E-008
          22          19   4.0848865711865322E-012
          22          20   5.1707276867535489E-008
          22          21   1.2411202978285530E-014
          22          22   1.9999999999999907     
          22          23   2.4654808075451987E-008
          23           1 -0.86486786985736186     
          23           2   2.3755650085080822     
          23           3  -3.1732379884289355E-009
          23           4  -1.4460331029489721E-008
          23           5   6.7188989892608627E-009
          23           6  -5.3162296216236227     
          23           7  -5.5528413723853446E-010
          23           8   3.0962358872226345E-008
          23           9  -2.2395826288160938E-008
          23          10  0.20533134924950097     
          23          11  -2.6646992205433600E-010
          23          12   7.6134808273634435E-009
          23          13   4.6508393133091820E-009
          23          14  -3.0501325855306044E-002
          23          15   2.7760538504094814E-009
          23          16   3.0871280153827594E-009
          23          17   2.1029783109926720E-009
          23          18  0.95057865653973828     
          23          19  -2.7361700762409921E-010
          23          20  0.95057865614285730     
          23          21  -8.6720394808147502E-008
          23          22   2.4654808075451987E-008
          23          23   3.9505786566760897     
