           1           1   2.4119723831931634     
           1           2  -1.0881030113188708     
           1           3  -3.1533528025666291E-013
           1           4   2.3751470107529900E-013
           1           5   6.3074251236879734E-014
           1           6   2.0323269966531181     
           1           7   7.4700165883927635E-013
           1           8  -5.8056811228840427E-013
           1           9  -1.8303091199991522E-013
           1          10  -7.9911135657307619E-002
           1          11   1.8601218440834844E-014
           1          12  -1.0621083580906550E-014
           1          13  -2.7782150726124514E-015
           1          14   1.9675730031353367E-002
           1          15  -1.6682879435977285E-015
           1          16  -2.8450308949296693E-015
           1          17  -5.3179216627208585E-016
           1          18 -0.74902668399815131     
           1          19  -4.6256139625893475E-015
           1          20 -0.74902668399816685     
           1          21  -3.7106157073911663E-015
           1          22  -5.1196322928830589E-015
           1          23 -0.74902668399820727     
           2           1  -1.0881030113188708     
           2           2   2.9008575274302846     
           2           3   9.5354121108079363E-013
           2           4  -7.1856412805623898E-013
           2           5  -1.9226176393064922E-013
           2           6  -5.7322799647785159     
           2           7  -2.2533318970628654E-012
           2           8   1.7414125653915136E-012
           2           9   5.4644310488864248E-013
           2          10  0.27786736636865261     
           2          11  -5.9233686931024138E-014
           2          12   3.5086119821041587E-014
           2          13   2.1691251195699786E-014
           2          14  -6.9621008150688418E-002
           2          15   1.2134553845707556E-015
           2          16   5.9945021197524518E-015
           2          17  -5.0811895829944680E-015
           2          18   2.0507711244371594     
           2          19   5.5073717422218132E-015
           2          20   2.0507711244372273     
           2          21   1.2802809371525788E-014
           2          22   9.6907663485653004E-015
           2          23   2.0507711244372628     
           3           1  -3.1533528025666291E-013
           3           2   9.5354121108079363E-013
           3           3   2.3969008279457555     
           3           4  -1.0747045614545314E-013
           3           5  -2.3915331520685257E-014
           3           6  -1.8658381480890902E-012
           3           7  -1.0194281253468835     
           3           8   2.6533809871498448E-013
           3           9   2.7865210139310648E-013
           3          10  -3.4665083396112017E-013
           3          11  0.24376985229669904     
           3          12  -3.8946623703850491E-013
           3          13  -8.2156330349913986E-013
           3          14  -2.5715684689691855E-013
           3          15  -1.6408344838397485E-003
           3          16  -4.3496282964294863E-013
           3          17   8.8976298117521280E-013
           3          18  -4.6276479206334145E-013
           3          19  -8.0650807526375506E-013
           3          20  -8.0021190758264367E-013
           3          21   5.7264421551453583E-013
           3          22   7.1442979566338255E-013
           3          23   1.0682028674575055E-012
           4           1   2.3751470107529900E-013
           4           2  -7.1856412805623898E-013
           4           3  -1.0747045614545314E-013
           4           4   2.3969008279457675     
           4           5   2.9117984065574198E-014
           4           6   1.2974899421147071E-012
           4           7   1.9449546140304363E-013
           4           8  -1.0194281253469999     
           4           9  -2.3810554222736258E-013
           4          10   2.7251118112444524E-013
           4          11   2.0969337377607644E-014
           4          12  0.24376985229702802     
           4          13   6.2208224682613888E-013
           4          14   1.9979907836509037E-013
           4          15  -5.0063729203908558E-013
           4          16  -1.6408344841344503E-003
           4          17  -6.8244596172079008E-013
           4          18   3.5181148829785391E-013
           4          19   6.2022121846015544E-013
           4          20   5.1977291066196568E-013
           4          21  -4.4259851044221794E-013
           4          22  -5.5958249697400152E-013
           4          23  -5.2631037658198224E-013
           5           1   6.3074251236879734E-014
           5           2  -1.9226176393064922E-013
           5           3  -2.3915331520685257E-014
           5           4   2.9117984065574198E-014
           5           5   2.3969008279456707     
           5           6   3.6808178597936083E-013
           5           7   3.6947007953092026E-014
           5           8  -6.6724403779971908E-014
           5           9  -1.0194281253468085     
           5          10   7.7864336250765892E-014
           5          11  -4.9960036108132074E-016
           5          12   1.0027915997579129E-013
           5          13  0.24376985229693884     
           5          14   7.7392184869857997E-014
           5          15  -1.6131578494879562E-013
           5          16   1.1023538852572567E-013
           5          17  -1.6408344847157509E-003
           5          18   1.4603695743689160E-013
           5          19   2.0292350232890077E-013
           5          20   2.0499665335658550E-013
           5          21  -1.2773965490164948E-013
           5          22  -2.0200827367736600E-013
           5          23  -1.7725199203729373E-013
           6           1   2.0323269966531181     
           6           2  -5.7322799647785159     
           6           3  -1.8658381480890902E-012
           6           4   1.2974899421147071E-012
           6           5   3.6808178597936083E-013
           6           6   13.013810844287988     
           6           7   4.3693175838701077E-012
           6           8  -3.2401831309827011E-012
           6           9  -1.0936173413845377E-012
           6          10  -1.1637520411190694     
           6          11   1.1496741583545109E-013
           6          12  -6.2527764328599668E-014
           6          13  -5.2065861084766442E-014
           6          14  0.30188126658654635     
           6          15   1.5829024131050970E-015
           6          16  -1.6962993982584051E-014
           6          17   1.7003960779438798E-014
           6          18  -3.9530206999900406     
           6          19   2.7235925207092198E-014
           6          20  -3.9530206999904607     
           6          21  -2.4389952355999191E-014
           6          22   1.0742235336491093E-013
           6          23  -3.9530206999886222     
           7           1   7.4700165883927635E-013
           7           2  -2.2533318970628654E-012
           7           3  -1.0194281253468835     
           7           4   1.9449546140304363E-013
           7           5   3.6947007953092026E-014
           7           6   4.3693175838701077E-012
           7           7   2.6252335119775347     
           7           8  -4.9397985701915559E-013
           7           9  -6.3293641161532577E-013
           7          10   8.2746364546843902E-013
           7          11 -0.74291358096607207     
           7          12   9.8997199327044427E-013
           7          13   2.0123486210721353E-012
           7          14   6.2818388495354960E-013
           7          15  -3.8176124084979557E-003
           7          16   1.0355032803444075E-012
           7          17  -2.1786088558184424E-012
           7          18   1.2530896362760870E-012
           7          19   1.9879902899197784E-012
           7          20   2.0482347382085593E-012
           7          21  -1.3879794430696126E-012
           7          22  -1.7556953594437955E-012
           7          23  -2.5625796487641837E-012
           8           1  -5.8056811228840427E-013
           8           2   1.7414125653915136E-012
           8           3   2.6533809871498448E-013
           8           4  -1.0194281253469999     
           8           5  -6.6724403779971908E-014
           8           6  -3.2401831309827011E-012
           8           7  -4.9397985701915559E-013
           8           8   2.6252335119780463     
           8           9   5.7411020382147626E-013
           8          10  -6.8235219677315083E-013
           8          11  -1.9900747716405931E-014
           8          12 -0.74291358096688365     
           8          13  -1.5427277511026460E-012
           8          14  -4.7872394605815497E-013
           8          15   1.1899127516645791E-012
           8          16  -3.8176124077540299E-003
           8          17   1.6890835518451608E-012
           8          18  -8.5737638041854430E-013
           8          19  -1.5360317548718437E-012
           8          20  -1.1984372202909164E-012
           8          21   1.0605261938683421E-012
           8          22   1.3536936302745464E-012
           8          23   1.3095237161980070E-012
           9           1  -1.8303091199991522E-013
           9           2   5.4644310488864248E-013
           9           3   2.7865210139310648E-013
           9           4  -2.3810554222736258E-013
           9           5  -1.0194281253468085     
           9           6  -1.0936173413845377E-012
           9           7  -6.3293641161532577E-013
           9           8   5.7411020382147626E-013
           9           9   2.6252335119776902     
           9          10  -2.0184958886618179E-013
           9          11  -2.6020852139652099E-015
           9          12  -2.3524932002416676E-013
           9          13 -0.74291358096663895     
           9          14  -1.8332584883634660E-013
           9          15   3.7704843587615944E-013
           9          16  -2.7002011737664589E-013
           9          17  -3.8176124063630870E-003
           9          18  -2.7215086890537637E-013
           9          19  -4.9553266381560172E-013
           9          20  -3.8890098074367464E-013
           9          21   3.0670191132679328E-013
           9          22   4.9674102064231544E-013
           9          23   5.0897980944965043E-013
          10           1  -7.9911135657307619E-002
          10           2  0.27786736636865261     
          10           3  -3.4665083396112017E-013
          10           4   2.7251118112444524E-013
          10           5   7.7864336250765892E-014
          10           6  -1.1637520411190694     
          10           7   8.2746364546843902E-013
          10           8  -6.8235219677315083E-013
          10           9  -2.0184958886618179E-013
          10          10   2.8080162235423103     
          10          11   6.6555203027429509E-014
          10          12  -1.5892065454739982E-014
          10          13   1.3304986201649081E-014
          10          14 -0.97330324248388089     
          10          15   3.9277872075562268E-015
          10          16   1.0327813579569562E-014
          10          17  -2.4505614136056500E-015
          10          18  0.12485428073866020     
          10          19  -4.4887049685432752E-014
          10          20  0.12485428073879515     
          10          21  -4.6639070755621747E-014
          10          22   4.4013965841827777E-014
          10          23  0.12485428073866250     
          11           1   1.8601218440834844E-014
          11           2  -5.9233686931024138E-014
          11           3  0.24376985229669904     
          11           4   2.0969337377607644E-014
          11           5  -4.9960036108132074E-016
          11           6   1.1496741583545109E-013
          11           7 -0.74291358096607207     
          11           8  -1.9900747716405931E-014
          11           9  -2.6020852139652099E-015
          11          10   6.6555203027429509E-014
          11          11   2.1479105503248466     
          11          12  -1.1934897514720433E-014
          11          13   2.8449465006019585E-015
          11          14  -8.5862860501032296E-015
          11          15   4.2439140205925083E-002
          11          16   5.3221316242968442E-014
          11          17  -2.1030920061004808E-014
          11          18  -1.4526337561738777E-013
          11          19   4.7124595151626885E-015
          11          20  -4.1659507137374917E-014
          11          21  -8.4926199440276972E-014
          11          22  -1.3389463633741913E-014
          11          23   1.8299393239107519E-013
          12           1  -1.0621083580906550E-014
          12           2   3.5086119821041587E-014
          12           3  -3.8946623703850491E-013
          12           4  0.24376985229702802     
          12           5   1.0027915997579129E-013
          12           6  -6.2527764328599668E-014
          12           7   9.8997199327044427E-013
          12           8 -0.74291358096688365     
          12           9  -2.3524932002416676E-013
          12          10  -1.5892065454739982E-014
          12          11  -1.1934897514720433E-014
          12          12   2.1479105503248581     
          12          13  -4.0717429428127616E-014
          12          14  -1.1256147079450115E-014
          12          15   5.1875170825610439E-014
          12          16   4.2439140205910733E-002
          12          17   4.4588464864769861E-014
          12          18   3.4154764882234419E-014
          12          19  -1.0444103414027558E-014
          12          20  -7.0294871449460591E-014
          12          21   5.3227950114152717E-014
          12          22   2.2975877699821810E-014
          12          23   3.3866520041681221E-015
          13           1  -2.7782150726124514E-015
          13           2   2.1691251195699786E-014
          13           3  -8.2156330349913986E-013
          13           4   6.2208224682613888E-013
          13           5  0.24376985229693884     
          13           6  -5.2065861084766442E-014
          13           7   2.0123486210721353E-012
          13           8  -1.5427277511026460E-012
          13           9 -0.74291358096663895     
          13          10   1.3304986201649081E-014
          13          11   2.8449465006019585E-015
          13          12  -4.0717429428127616E-014
          13          13   2.1479105503248439     
          13          14  -2.2348786812808528E-014
          13          15   3.8149171321943960E-014
          13          16  -1.5038317813242941E-014
          13          17   4.2439140205963718E-002
          13          18   2.4473951787861940E-013
          13          19  -4.0149954956292499E-014
          13          20   2.7432802633103642E-013
          13          21  -1.9756204533256326E-014
          13          22  -2.3289534224540431E-014
          13          23  -5.0875174629147348E-013
          14           1   1.9675730031353367E-002
          14           2  -6.9621008150688418E-002
          14           3  -2.5715684689691855E-013
          14           4   1.9979907836509037E-013
          14           5   7.7392184869857997E-014
          14           6  0.30188126658654635     
          14           7   6.2818388495354960E-013
          14           8  -4.7872394605815497E-013
          14           9  -1.8332584883634660E-013
          14          10 -0.97330324248388089     
          14          11  -8.5862860501032296E-015
          14          12  -1.1256147079450115E-014
          14          13  -2.2348786812808528E-014
          14          14   1.5481474742956940     
          14          15   1.6403930598877215E-015
          14          16  -1.1780288399212586E-015
          14          17  -8.4182467681197047E-015
          14          18  -1.2439823488322923E-002
          14          19   4.1003425997102877E-014
          14          20  -1.2439823488550321E-002
          14          21   4.1691173075258246E-014
          14          22  -1.0605747568487185E-014
          14          23  -1.2439823488088489E-002
          15           1  -1.6682879435977285E-015
          15           2   1.2134553845707556E-015
          15           3  -1.6408344838397485E-003
          15           4  -5.0063729203908558E-013
          15           5  -1.6131578494879562E-013
          15           6   1.5829024131050970E-015
          15           7  -3.8176124084979557E-003
          15           8   1.1899127516645791E-012
          15           9   3.7704843587615944E-013
          15          10   3.9277872075562268E-015
          15          11   4.2439140205925083E-002
          15          12   5.1875170825610439E-014
          15          13   3.8149171321943960E-014
          15          14   1.6403930598877215E-015
          15          15   1.7782609076423310E-002
          15          16   7.8500574096640463E-015
          15          17   8.5017984405993810E-015
          15          18   1.3801511803430329E-013
          15          19  -6.2740899393492688E-015
          15          20   2.2438307260608274E-013
          15          21  -4.6267390699050914E-015
          15          22   2.8400340611012968E-014
          15          23  -3.6415094209230552E-013
          16           1  -2.8450308949296693E-015
          16           2   5.9945021197524518E-015
          16           3  -4.3496282964294863E-013
          16           4  -1.6408344841344503E-003
          16           5   1.1023538852572567E-013
          16           6  -1.6962993982584051E-014
          16           7   1.0355032803444075E-012
          16           8  -3.8176124077540299E-003
          16           9  -2.7002011737664589E-013
          16          10   1.0327813579569562E-014
          16          11   5.3221316242968442E-014
          16          12   4.2439140205910733E-002
          16          13  -1.5038317813242941E-014
          16          14  -1.1780288399212586E-015
          16          15   7.8500574096640463E-015
          16          16   1.7782609076414789E-002
          16          17  -4.5189546549195746E-016
          16          18  -6.5627446982298686E-014
          16          19  -2.4606341024618428E-014
          16          20  -1.5345069288664204E-013
          16          21  -2.8790490738824875E-014
          16          22  -1.6831510608930086E-015
          16          23   2.3386323087005664E-013
          17           1  -5.3179216627208585E-016
          17           2  -5.0811895829944680E-015
          17           3   8.8976298117521280E-013
          17           4  -6.8244596172079008E-013
          17           5  -1.6408344847157509E-003
          17           6   1.7003960779438798E-014
          17           7  -2.1786088558184424E-012
          17           8   1.6890835518451608E-012
          17           9  -3.8176124063630870E-003
          17          10  -2.4505614136056500E-015
          17          11  -2.1030920061004808E-014
          17          12   4.4588464864769861E-014
          17          13   4.2439140205963718E-002
          17          14  -8.4182467681197047E-015
          17          15   8.5017984405993810E-015
          17          16  -4.5189546549195746E-016
          17          17   1.7782609076417308E-002
          17          18  -7.6012104866420279E-014
          17          19  -8.2345560674594610E-015
          17          20  -1.8892940381458466E-013
          17          21  -1.1194914739951863E-014
          17          22  -1.9425179535269354E-015
          17          23   2.5459116634302629E-013
          18           1 -0.74902668399815131     
          18           2   2.0507711244371594     
          18           3  -4.6276479206334145E-013
          18           4   3.5181148829785391E-013
          18           5   1.4603695743689160E-013
          18           6  -3.9530206999900406     
          18           7   1.2530896362760870E-012
          18           8  -8.5737638041854430E-013
          18           9  -2.7215086890537637E-013
          18          10  0.12485428073866020     
          18          11  -1.4526337561738777E-013
          18          12   3.4154764882234419E-014
          18          13   2.4473951787861940E-013
          18          14  -1.2439823488322923E-002
          18          15   1.3801511803430329E-013
          18          16  -6.5627446982298686E-014
          18          17  -7.6012104866420279E-014
          18          18   3.4672909875022908     
          18          19   7.2228263715597439E-013
          18          20  0.46729098750241216     
          18          21  -2.0710096825075995E-013
          18          22  -1.1044797746630960E-012
          18          23  0.46729098750157927     
          19           1  -4.6256139625893475E-015
          19           2   5.5073717422218132E-015
          19           3  -8.0650807526375506E-013
          19           4   6.2022121846015544E-013
          19           5   2.0292350232890077E-013
          19           6   2.7235925207092198E-014
          19           7   1.9879902899197784E-012
          19           8  -1.5360317548718437E-012
          19           9  -4.9553266381560172E-013
          19          10  -4.4887049685432752E-014
          19          11   4.7124595151626885E-015
          19          12  -1.0444103414027558E-014
          19          13  -4.0149954956292499E-014
          19          14   4.1003425997102877E-014
          19          15  -6.2740899393492688E-015
          19          16  -2.4606341024618428E-014
          19          17  -8.2345560674594610E-015
          19          18   7.2228263715597439E-013
          19          19   2.0000000000000018     
          19          20   1.5735044149508283E-012
          19          21  -8.3266727490341629E-016
          19          22  -1.2524703551367805E-015
          19          23  -2.3360754320961289E-012
          20           1 -0.74902668399816685     
          20           2   2.0507711244372273     
          20           3  -8.0021190758264367E-013
          20           4   5.1977291066196568E-013
          20           5   2.0499665335658550E-013
          20           6  -3.9530206999904607     
          20           7   2.0482347382085593E-012
          20           8  -1.1984372202909164E-012
          20           9  -3.8890098074367464E-013
          20          10  0.12485428073879515     
          20          11  -4.1659507137374917E-014
          20          12  -7.0294871449460591E-014
          20          13   2.7432802633103642E-013
          20          14  -1.2439823488550321E-002
          20          15   2.2438307260608274E-013
          20          16  -1.5345069288664204E-013
          20          17  -1.8892940381458466E-013
          20          18  0.46729098750241216     
          20          19   1.5735044149508283E-012
          20          20   3.4672909875025173     
          20          21  -2.1070506925052339E-012
          20          22  -1.6118638888420868E-012
          20          23  0.46729098750169940     
          21           1  -3.7106157073911663E-015
          21           2   1.2802809371525788E-014
          21           3   5.7264421551453583E-013
          21           4  -4.4259851044221794E-013
          21           5  -1.2773965490164948E-013
          21           6  -2.4389952355999191E-014
          21           7  -1.3879794430696126E-012
          21           8   1.0605261938683421E-012
          21           9   3.0670191132679328E-013
          21          10  -4.6639070755621747E-014
          21          11  -8.4926199440276972E-014
          21          12   5.3227950114152717E-014
          21          13  -1.9756204533256326E-014
          21          14   4.1691173075258246E-014
          21          15  -4.6267390699050914E-015
          21          16  -2.8790490738824875E-014
          21          17  -1.1194914739951863E-014
          21          18  -2.0710096825075995E-013
          21          19  -8.3266727490341629E-016
          21          20  -2.1070506925052339E-012
          21          21   2.0000000000000000     
          21          22   6.3143935181689949E-016
          21          23   2.3322843375152559E-012
          22           1  -5.1196322928830589E-015
          22           2   9.6907663485653004E-015
          22           3   7.1442979566338255E-013
          22           4  -5.5958249697400152E-013
          22           5  -2.0200827367736600E-013
          22           6   1.0742235336491093E-013
          22           7  -1.7556953594437955E-012
          22           8   1.3536936302745464E-012
          22           9   4.9674102064231544E-013
          22          10   4.4013965841827777E-014
          22          11  -1.3389463633741913E-014
          22          12   2.2975877699821810E-014
          22          13  -2.3289534224540431E-014
          22          14  -1.0605747568487185E-014
          22          15   2.8400340611012968E-014
          22          16  -1.6831510608930086E-015
          22          17  -1.9425179535269354E-015
          22          18  -1.1044797746630960E-012
          22          19  -1.2524703551367805E-015
          22          20  -1.6118638888420868E-012
          22          21   6.3143935181689949E-016
          22          22   2.0000000000000027     
          22          23   2.5215849189051784E-012
          23           1 -0.74902668399820727     
          23           2   2.0507711244372628     
          23           3   1.0682028674575055E-012
          23           4  -5.2631037658198224E-013
          23           5  -1.7725199203729373E-013
          23           6  -3.9530206999886222     
          23           7  -2.5625796487641837E-012
          23           8   1.3095237161980070E-012
          23           9   5.0897980944965043E-013
          23          10  0.12485428073866250     
          23          11   1.8299393239107519E-013
          23          12   3.3866520041681221E-015
          23          13  -5.0875174629147348E-013
          23          14  -1.2439823488088489E-002
          23          15  -3.6415094209230552E-013
          23          16   2.3386323087005664E-013
          23          17   2.5459116634302629E-013
          23          18  0.46729098750157927     
          23          19  -2.3360754320961289E-012
          23          20  0.46729098750169940     
          23          21   2.3322843375152559E-012
          23          22   2.5215849189051784E-012
          23          23   3.4672909875008688     
