           1           1   2.4305257279932651     
           1           2  -1.1427775604400474     
           1           3   3.0224992615519747E-009
           1           4   1.3550339519667983E-009
           1           5  -3.9084483933832144E-009
           1           6   2.5432741180862273     
           1           7  -1.6242184410257311E-009
           1           8  -3.2744034268113560E-009
           1           9   3.5603988152053861E-009
           1          10   1.5516781963451475E-002
           1          11   5.4451468877486819E-010
           1          12  -9.1762357204668483E-011
           1          13   2.3480408494205657E-010
           1          14   2.6568783100993573E-002
           1          15  -8.6120652842441544E-010
           1          16   2.9027998123575336E-010
           1          17   7.3478570345709340E-010
           1          18 -0.95334894233491441     
           1          19   2.9994953253999807E-009
           1          20 -0.95334894171796614     
           1          21   2.3331030288293874E-009
           1          22  -4.2071534009250544E-009
           1          23 -0.95334894220140320     
           1          24  -5.3229796520982371E-002
           1          25  -9.2284211991789242E-009
           1          26  -5.3229796594728603E-002
           1          27  -6.6164539104876892E-009
           1          28   1.1998928741667955E-008
           1          29  -5.3229796494381448E-002
           2           1  -1.1427775604400474     
           2           2   3.0897938449237499     
           2           3  -8.3708756712300638E-009
           2           4  -5.5720937191770231E-009
           2           5   1.1941082459706056E-008
           2           6  -7.5049276661299942     
           2           7   5.5917161111746081E-009
           2           8   1.2628667480446375E-008
           2           9  -1.3228544989894951E-008
           2          10   4.4072584607710526E-002
           2          11  -1.8117094959692587E-009
           2          12   4.4788167015606608E-010
           2          13  -7.1739242769781202E-010
           2          14  -7.9203697669251838E-002
           2          15   2.8389420763605173E-009
           2          16  -9.8790048319552458E-010
           2          17  -2.3931155469825365E-009
           2          18   2.7349894379605812     
           2          19  -1.0134655948390738E-008
           2          20   2.7349894360885405     
           2          21  -7.7203779588491678E-009
           2          22   1.3813181548046243E-008
           2          23   2.7349894375308428     
           2          24  0.14648528297727587     
           2          25   3.0560002326186006E-008
           2          26  0.14648528325340010     
           2          27   2.1554290902652074E-008
           2          28  -3.8793405928471958E-008
           2          29  0.14648528289126961     
           3           1   3.0224992615519747E-009
           3           2  -8.3708756712300638E-009
           3           3   2.5827310197343190     
           3           4  -1.2585653955018740E-009
           3           5   2.0760094379351510E-009
           3           6   2.8650322013471095E-008
           3           7  -1.2973042402674988     
           3           8   6.5873575927670549E-010
           3           9  -3.0894263448453047E-009
           3          10  -6.5470093273371598E-009
           3          11  0.32916750953413143     
           3          12   5.2723589527217494E-011
           3          13   4.0971044499609021E-009
           3          14   1.8539439132495895E-009
           3          15   4.7023811339773292E-002
           3          16   8.2587188497491015E-010
           3          17  -3.8546186125654861E-009
           3          18  -1.3869374596366272E-008
           3          19   3.6581491389071299E-009
           3          20   5.1403596241181156E-010
           3          21  -6.5984130166827439E-009
           3          22  -8.3819857470972626E-009
           3          23  -1.5019172860635915E-008
           3          24  -1.7194607436755572E-010
           3          25  -5.7152303082682749E-009
           3          26  -1.4588196780884656E-009
           3          27  -8.5033551334685539E-009
           3          28  -3.2368057218397966E-009
           3          29   2.1915391641219097E-009
           4           1   1.3550339519667983E-009
           4           2  -5.5720937191770231E-009
           4           3  -1.2585653955018740E-009
           4           4   2.5827310159077350     
           4           5   6.5919860254829573E-009
           4           6   2.2678827280097356E-008
           4           7   1.4177801075195818E-009
           4           8  -1.2973042332776838     
           4           9  -9.8399850893146390E-009
           4          10  -1.9889976648563526E-008
           4          11   2.5443998620989714E-009
           4          12  0.32916750404788664     
           4          13   8.6870193786840617E-009
           4          14  -4.1969542375871116E-009
           4          15   1.2252192671364607E-009
           4          16   4.7023807484736349E-002
           4          17  -1.0443373158812627E-008
           4          18  -2.0854520423282150E-008
           4          19  -1.1874325670665630E-008
           4          20   3.3146549812915463E-008
           4          21  -1.1834369154280325E-008
           4          22  -1.2266282858016429E-008
           4          23  -2.3315543563968944E-008
           4          24   1.0607037061898742E-009
           4          25  -9.5082080021358266E-009
           4          26   3.4380001264542683E-011
           4          27   9.8618390156877393E-009
           4          28   1.8635220887169350E-008
           4          29   7.2743221441337803E-009
           5           1  -3.9084483933832144E-009
           5           2   1.1941082459706056E-008
           5           3   2.0760094379351510E-009
           5           4   6.5919860254829573E-009
           5           5   2.5827310124114131     
           5           6  -4.2404811315581154E-008
           5           7  -3.4494074670524466E-009
           5           8  -1.0662282364022650E-008
           5           9  -1.2973042270929347     
           5          10   1.4761914444787100E-008
           5          11  -9.8009687511595686E-010
           5          12   5.8916132613704006E-009
           5          13  0.32916749851688049     
           5          14   8.9739409753905869E-010
           5          15  -5.8519209792839586E-009
           5          16  -2.9074970005358249E-009
           5          17   4.7023819017383076E-002
           5          18   2.6645113158311425E-008
           5          19   9.3484399668191023E-009
           5          20  -2.2772909870055037E-008
           5          21   1.6446882585858054E-008
           5          22   7.4859387945029567E-009
           5          23   3.2367809238327885E-008
           5          24   4.3977725561116663E-009
           5          25   7.8127954776553415E-009
           5          26   4.9644686027302232E-009
           5          27   1.1629771519626995E-008
           5          28   4.8399823906318206E-009
           5          29  -8.9639259225081250E-009
           6           1   2.5432741180862273     
           6           2  -7.5049276661299942     
           6           3   2.8650322013471095E-008
           6           4   2.2678827280097356E-008
           6           5  -4.2404811315581154E-008
           6           6   21.243756321331105     
           6           7  -2.6348404091575702E-008
           6           8  -5.3917105275527644E-008
           6           9   6.0345141784338769E-008
           6          10 -0.89461603471490148     
           6          11   8.2548977656417767E-009
           6          12  -3.2702602408237450E-009
           6          13   9.8177548443273685E-010
           6          14  0.28777856173977850     
           6          15  -1.2360565805442623E-008
           6          16   4.3608229048784845E-009
           6          17   1.0116329323499030E-008
           6          18  -6.8332706672384429     
           6          19   4.6064446620901545E-008
           6          20  -6.8332706627967248     
           6          21   3.4852155360880935E-008
           6          22  -5.8787547280937960E-008
           6          23  -6.8332706652608888     
           6          24 -0.39930122938255697     
           6          25  -1.2772724659136808E-007
           6          26 -0.39930123089635416     
           6          27  -9.5268027854085233E-008
           6          28   1.5675171930622190E-007
           6          29 -0.39930122900349302     
           7           1  -1.6242184410257311E-009
           7           2   5.5917161111746081E-009
           7           3  -1.2973042402674988     
           7           4   1.4177801075195818E-009
           7           5  -3.4494074670524466E-009
           7           6  -2.6348404091575702E-008
           7           7   2.9013164963064182     
           7           8   1.4317362075160322E-009
           7           9   4.9470585936924733E-009
           7          10   1.0784569418777121E-008
           7          11 -0.89479524499206531     
           7          12  -2.4726653123040151E-009
           7          13  -1.2841263675440320E-008
           7          14  -3.3161572218669163E-009
           7          15 -0.12375776925957904     
           7          16  -9.4218091919879608E-010
           7          17   1.0097792311306193E-008
           7          18   1.4626733983326210E-008
           7          19  -4.0707011047176397E-009
           7          20  -1.7348768390618638E-008
           7          21   1.7597431898043161E-008
           7          22   1.4869102389982625E-008
           7          23   1.9975414994975210E-008
           7          24   1.1385181055097044E-009
           7          25   1.9696058209659513E-008
           7          26   6.3344346092674952E-009
           7          27   2.2353225908997392E-008
           7          28   1.0668476159695479E-008
           7          29  -5.5553851092338059E-009
           8           1  -3.2744034268113560E-009
           8           2   1.2628667480446375E-008
           8           3   6.5873575927670549E-010
           8           4  -1.2973042332776838     
           8           5  -1.0662282364022650E-008
           8           6  -5.3917105275527644E-008
           8           7   1.4317362075160322E-009
           8           8   2.9013164843350894     
           8           9   1.3342007544729253E-008
           8          10   4.3149630083045367E-008
           8          11  -4.5849412663126002E-009
           8          12 -0.89479523600710986     
           8          13  -1.8154230233421507E-008
           8          14   8.2948472037673925E-009
           8          15  -7.6183612471839622E-010
           8          16 -0.12375775764067805     
           8          17   2.2421013768142741E-008
           8          18   4.7644261306504967E-008
           8          19   2.4177941244377288E-008
           8          20  -7.1144441448763128E-008
           8          21   2.7632959994474044E-008
           8          22   3.0208772964549004E-008
           8          23   5.3786348695234017E-008
           8          24  -2.7575140950215585E-009
           8          25   2.0469816421798927E-008
           8          26   2.6852858452567456E-009
           8          27  -3.0386309431919829E-008
           8          28  -5.1216086358227605E-008
           8          29  -1.8010651852562487E-008
           9           1   3.5603988152053861E-009
           9           2  -1.3228544989894951E-008
           9           3  -3.0894263448453047E-009
           9           4  -9.8399850893146390E-009
           9           5  -1.2973042270929347     
           9           6   6.0345141784338769E-008
           9           7   4.9470585936924733E-009
           9           8   1.3342007544729253E-008
           9           9   2.9013164733486163     
           9          10  -3.0606458319407902E-008
           9          11   1.2545389853905699E-010
           9          12  -1.0909499709373807E-008
           9          13 -0.89479522018255597     
           9          14  -1.5978463298062700E-009
           9          15   1.3903408070597499E-008
           9          16   5.7703818905694800E-009
           9          17 -0.12375778480922922     
           9          18  -4.4359495440976876E-008
           9          19  -1.9759586374252098E-008
           9          20   6.4844326547092730E-008
           9          21  -3.6447320943425725E-008
           9          22  -1.5985588552307187E-008
           9          23  -5.6870174431287559E-008
           9          24  -9.7948581878034126E-009
           9          25  -1.8126098410201554E-008
           9          26  -1.2592850482152899E-008
           9          27  -2.3761448896201976E-008
           9          28  -6.3532588172791252E-009
           9          29   2.1129003675802389E-008
          10           1   1.5516781963451475E-002
          10           2   4.4072584607710526E-002
          10           3  -6.5470093273371598E-009
          10           4  -1.9889976648563526E-008
          10           5   1.4761914444787100E-008
          10           6 -0.89461603471490148     
          10           7   1.0784569418777121E-008
          10           8   4.3149630083045367E-008
          10           9  -3.0606458319407902E-008
          10          10   2.8699864371134476     
          10          11  -1.1584012495325585E-008
          10          12  -7.3245554444512650E-010
          10          13  -5.2154785619187638E-009
          10          14 -0.19552574004887818     
          10          15   1.5559976492456853E-008
          10          16  -6.7492690840722704E-009
          10          17  -1.2961193780273155E-008
          10          18   7.5002315607881412E-002
          10          19  -7.9083022480683992E-008
          10          20   7.5002313395210407E-002
          10          21  -4.7337131737747063E-008
          10          22   4.8317864790562557E-008
          10          23   7.5002314941113229E-002
          10          24 -0.15134025099282744     
          10          25   2.3888002951177178E-007
          10          26 -0.15134024500082366     
          10          27   1.1452638329401211E-007
          10          28  -1.4319652664715073E-007
          10          29 -0.15134025085091149     
          11           1   5.4451468877486819E-010
          11           2  -1.8117094959692587E-009
          11           3  0.32916750953413143     
          11           4   2.5443998620989714E-009
          11           5  -9.8009687511595686E-010
          11           6   8.2548977656417767E-009
          11           7 -0.89479524499206531     
          11           8  -4.5849412663126002E-009
          11           9   1.2545389853905699E-010
          11          10  -1.1584012495325585E-008
          11          11   2.1756006664641490     
          11          12   9.9862657035091661E-009
          11          13   2.4875098739833307E-009
          11          14   2.1238896109359573E-008
          11          15  0.23052698153318796     
          11          16  -1.2111721141454204E-008
          11          17  -4.8057734575956537E-009
          11          18  -1.3461920626244360E-009
          11          19   8.4779503944501134E-009
          11          20  -2.1502275280796211E-009
          11          21   1.3451222896387524E-008
          11          22   5.8690177326185814E-009
          11          23  -2.6835114221669217E-009
          11          24   2.2000458345859087E-009
          11          25  -3.9424894141661764E-008
          11          26   1.5829622224321212E-009
          11          27  -5.7712200255911058E-008
          11          28  -5.9886402374211275E-009
          11          29   1.8949945384815262E-009
          12           1  -9.1762357204668483E-011
          12           2   4.4788167015606608E-010
          12           3   5.2723589527217494E-011
          12           4  0.32916750404788664     
          12           5   5.8916132613704006E-009
          12           6  -3.2702602408237450E-009
          12           7  -2.4726653123040151E-009
          12           8 -0.89479523600710986     
          12           9  -1.0909499709373807E-008
          12          10  -7.3245554444512650E-010
          12          11   9.9862657035091661E-009
          12          12   2.1756006825552499     
          12          13  -2.0023701517402069E-009
          12          14  -7.3580750562343134E-009
          12          15  -1.5126387238894989E-008
          12          16  0.23052696211874718     
          12          17  -5.4263629099549730E-009
          12          18  -4.6858033168754344E-010
          12          19   9.8488945880087569E-009
          12          20   3.3146266338079700E-009
          12          21  -2.8829440149422588E-008
          12          22  -5.5085622190942607E-008
          12          23  -2.3949740230944924E-010
          12          24   8.4794678215849319E-009
          12          25  -8.9579838778324063E-009
          12          26  -1.0861841966430130E-008
          12          27   1.2735972374180742E-007
          12          28   1.5269335911255271E-007
          12          29   7.7225953453469816E-009
          13           1   2.3480408494205657E-010
          13           2  -7.1739242769781202E-010
          13           3   4.0971044499609021E-009
          13           4   8.6870193786840617E-009
          13           5  0.32916749851688049     
          13           6   9.8177548443273685E-010
          13           7  -1.2841263675440320E-008
          13           8  -1.8154230233421507E-008
          13           9 -0.89479522018255597     
          13          10  -5.2154785619187638E-009
          13          11   2.4875098739833307E-009
          13          12  -2.0023701517402069E-009
          13          13   2.1756006687405964     
          13          14  -1.9010002589342003E-008
          13          15  -2.0390118366056386E-009
          13          16   8.4265478062795943E-009
          13          17  0.23052698096577312     
          13          18  -3.3579850259960586E-009
          13          19  -3.0057634585212412E-009
          13          20   8.7634892377278600E-010
          13          21  -3.9403856405471741E-009
          13          22   6.5649823530829912E-009
          13          23   3.1983293445548254E-009
          13          24   1.3658988920947295E-008
          13          25   9.5233542667711927E-009
          13          26   1.1883961451481916E-008
          13          27   7.9220686766332562E-009
          13          28  -4.0686622095147314E-008
          13          29  -1.4993932254487998E-008
          14           1   2.6568783100993573E-002
          14           2  -7.9203697669251838E-002
          14           3   1.8539439132495895E-009
          14           4  -4.1969542375871116E-009
          14           5   8.9739409753905869E-010
          14           6  0.28777856173977850     
          14           7  -3.3161572218669163E-009
          14           8   8.2948472037673925E-009
          14           9  -1.5978463298062700E-009
          14          10 -0.19552574004887818     
          14          11   2.1238896109359573E-008
          14          12  -7.3580750562343134E-009
          14          13  -1.9010002589342003E-008
          14          14   1.0350392431482571     
          14          15  -4.3149139511308685E-008
          14          16   1.6288155026070235E-008
          14          17   3.2000806478911999E-008
          14          18  -7.5153695324566491E-002
          14          19   9.8850418112548149E-008
          14          20  -7.5153690943801740E-002
          14          21   1.0591482253589842E-007
          14          22  -1.9766728244046167E-007
          14          23  -7.5153693896291687E-002
          14          24   1.6368510414539961E-002
          14          25  -3.5705202188482084E-007
          14          26   1.6368512051877390E-002
          14          27  -3.8813596877566440E-007
          14          28   7.0296652931864068E-007
          14          29   1.6368510542184290E-002
          15           1  -8.6120652842441544E-010
          15           2   2.8389420763605173E-009
          15           3   4.7023811339773292E-002
          15           4   1.2252192671364607E-009
          15           5  -5.8519209792839586E-009
          15           6  -1.2360565805442623E-008
          15           7 -0.12375776925957904     
          15           8  -7.6183612471839622E-010
          15           9   1.3903408070597499E-008
          15          10   1.5559976492456853E-008
          15          11  0.23052698153318796     
          15          12  -1.5126387238894989E-008
          15          13  -2.0390118366056386E-009
          15          14  -4.3149139511308685E-008
          15          15   2.4760297842549371E-002
          15          16  -2.8442630863914893E-009
          15          17  -1.0459150769845148E-009
          15          18   4.4131835670505633E-009
          15          19  -2.4535993742010626E-008
          15          20   2.4104968748525246E-009
          15          21  -4.9932572533386365E-008
          15          22   7.2618253601314063E-010
          15          23   1.4421511774072161E-009
          15          24   1.9138512937077437E-009
          15          25   9.9398183402954249E-008
          15          26  -1.2622432705605898E-008
          15          27   1.9063546879526991E-007
          15          28   8.0336951905245996E-009
          15          29   7.7032367021839493E-009
          16           1   2.9027998123575336E-010
          16           2  -9.8790048319552458E-010
          16           3   8.2587188497491015E-010
          16           4   4.7023807484736349E-002
          16           5  -2.9074970005358249E-009
          16           6   4.3608229048784845E-009
          16           7  -9.4218091919879608E-010
          16           8 -0.12375775764067805     
          16           9   5.7703818905694800E-009
          16          10  -6.7492690840722704E-009
          16          11  -1.2111721141454204E-008
          16          12  0.23052696211874718     
          16          13   8.4265478062795943E-009
          16          14   1.6288155026070235E-008
          16          15  -2.8442630863914893E-009
          16          16   2.4760293518703548E-002
          16          17  -4.8281425353782255E-011
          16          18  -2.1504436188036303E-009
          16          19  -1.1556074637706845E-008
          16          20  -7.8187072796505890E-009
          16          21   1.0013899309799260E-007
          16          22   1.1323083465796398E-007
          16          23   7.2525063105153063E-009
          16          24   1.1472200807447621E-008
          16          25   3.7377756187851692E-008
          16          26   2.1213045975116032E-008
          16          27  -3.7704623845444775E-007
          16          28  -4.0984305698195798E-007
          16          29  -3.0535926404290327E-008
          17           1   7.3478570345709340E-010
          17           2  -2.3931155469825365E-009
          17           3  -3.8546186125654861E-009
          17           4  -1.0443373158812627E-008
          17           5   4.7023819017383076E-002
          17           6   1.0116329323499030E-008
          17           7   1.0097792311306193E-008
          17           8   2.2421013768142741E-008
          17           9 -0.12375778480922922     
          17          10  -1.2961193780273155E-008
          17          11  -4.8057734575956537E-009
          17          12  -5.4263629099549730E-009
          17          13  0.23052698096577312     
          17          14   3.2000806478911999E-008
          17          15  -1.0459150769845148E-009
          17          16  -4.8281425353782255E-011
          17          17   2.4760298111456663E-002
          17          18  -1.8338410517862596E-010
          17          19  -2.8484167815771333E-009
          17          20   2.6248864485841353E-009
          17          21   2.4328238236289913E-008
          17          22  -1.2588001822718754E-008
          17          23  -9.2207520760056699E-009
          17          24  -3.9129223132401607E-009
          17          25   1.2297357978353526E-008
          17          26  -1.8618395884137264E-008
          17          27  -8.8218945265457627E-008
          17          28   4.6632463879360888E-008
          17          29   2.6256790526824752E-008
          18           1 -0.95334894233491441     
          18           2   2.7349894379605812     
          18           3  -1.3869374596366272E-008
          18           4  -2.0854520423282150E-008
          18           5   2.6645113158311425E-008
          18           6  -6.8332706672384429     
          18           7   1.4626733983326210E-008
          18           8   4.7644261306504967E-008
          18           9  -4.4359495440976876E-008
          18          10   7.5002315607881412E-002
          18          11  -1.3461920626244360E-009
          18          12  -4.6858033168754344E-010
          18          13  -3.3579850259960586E-009
          18          14  -7.5153695324566491E-002
          18          15   4.4131835670505633E-009
          18          16  -2.1504436188036303E-009
          18          17  -1.8338410517862596E-010
          18          18   4.4440603509236496     
          18          19   1.8245005169209298E-006
          18          20   1.4288750573461033     
          18          21  -8.6361022926624006E-007
          18          22  -4.6018622596259403E-007
          18          23   1.4288750561786627     
          18          24  -9.8304050572599611E-003
          18          25   1.7522491098787081E-007
          18          26  0.20466179518949185     
          18          27  -2.6303121753855944E-007
          18          28  -1.8204489989722710E-007
          18          29  0.20466179461893344     
          19           1   2.9994953253999807E-009
          19           2  -1.0134655948390738E-008
          19           3   3.6581491389071299E-009
          19           4  -1.1874325670665630E-008
          19           5   9.3484399668191023E-009
          19           6   4.6064446620901545E-008
          19           7  -4.0707011047176397E-009
          19           8   2.4177941244377288E-008
          19           9  -1.9759586374252098E-008
          19          10  -7.9083022480683992E-008
          19          11   8.4779503944501134E-009
          19          12   9.8488945880087569E-009
          19          13  -3.0057634585212412E-009
          19          14   9.8850418112548149E-008
          19          15  -2.4535993742010626E-008
          19          16  -1.1556074637706845E-008
          19          17  -2.8484167815771333E-009
          19          18   1.8245005169209298E-006
          19          19   2.0861481121563874     
          19          20  -2.8068000990240422E-006
          19          21  -6.4773934480011341E-011
          19          22   4.8124932684745492E-010
          19          23   9.4911796363153420E-007
          19          24   1.7554232489057574E-007
          19          25 -0.42393126602372383     
          19          26  -2.7645718020489633E-007
          19          27  -1.8749633443060354E-009
          19          28  -2.5769341729930950E-009
          19          29   1.6635429608796688E-007
          20           1 -0.95334894171796614     
          20           2   2.7349894360885405     
          20           3   5.1403596241181156E-010
          20           4   3.3146549812915463E-008
          20           5  -2.2772909870055037E-008
          20           6  -6.8332706627967248     
          20           7  -1.7348768390618638E-008
          20           8  -7.1144441448763128E-008
          20           9   6.4844326547092730E-008
          20          10   7.5002313395210407E-002
          20          11  -2.1502275280796211E-009
          20          12   3.3146266338079700E-009
          20          13   8.7634892377278600E-010
          20          14  -7.5153690943801740E-002
          20          15   2.4104968748525246E-009
          20          16  -7.8187072796505890E-009
          20          17   2.6248864485841353E-009
          20          18   1.4288750573461033     
          20          19  -2.8068000990240422E-006
          20          20   4.4440603479826759     
          20          21   6.0351539875008471E-007
          20          22  -2.8089362939575476E-007
          20          23   1.4288750577551603     
          20          24  0.20466179540486054     
          20          25  -2.6265595376246384E-007
          20          26  -9.8304040904022838E-003
          20          27  -5.2863014664214696E-008
          20          28  -2.6898555788894666E-008
          20          29  0.20466179332848097     
          21           1   2.3331030288293874E-009
          21           2  -7.7203779588491678E-009
          21           3  -6.5984130166827439E-009
          21           4  -1.1834369154280325E-008
          21           5   1.6446882585858054E-008
          21           6   3.4852155360880935E-008
          21           7   1.7597431898043161E-008
          21           8   2.7632959994474044E-008
          21           9  -3.6447320943425725E-008
          21          10  -4.7337131737747063E-008
          21          11   1.3451222896387524E-008
          21          12  -2.8829440149422588E-008
          21          13  -3.9403856405471741E-009
          21          14   1.0591482253589842E-007
          21          15  -4.9932572533386365E-008
          21          16   1.0013899309799260E-007
          21          17   2.4328238236289913E-008
          21          18  -8.6361022926624006E-007
          21          19  -6.4773934480011341E-011
          21          20   6.0351539875008471E-007
          21          21   2.0861481152499586     
          21          22   2.4526796045531984E-009
          21          23   2.3540284012264535E-007
          21          24  -2.8285919290637720E-007
          21          25   2.4970294790205294E-009
          21          26  -5.5722498814377267E-008
          21          27 -0.42393127541416042     
          21          28  -2.5213006682456296E-009
          21          29   3.6177028988790888E-007
          22           1  -4.2071534009250544E-009
          22           2   1.3813181548046243E-008
          22           3  -8.3819857470972626E-009
          22           4  -1.2266282858016429E-008
          22           5   7.4859387945029567E-009
          22           6  -5.8787547280937960E-008
          22           7   1.4869102389982625E-008
          22           8   3.0208772964549004E-008
          22           9  -1.5985588552307187E-008
          22          10   4.8317864790562557E-008
          22          11   5.8690177326185814E-009
          22          12  -5.5085622190942607E-008
          22          13   6.5649823530829912E-009
          22          14  -1.9766728244046167E-007
          22          15   7.2618253601314063E-010
          22          16   1.1323083465796398E-007
          22          17  -1.2588001822718754E-008
          22          18  -4.6018622596259403E-007
          22          19   4.8124932684745492E-010
          22          20  -2.8089362939575476E-007
          22          21   2.4526796045531984E-009
          22          22   2.0861481166454965     
          22          23   7.8177775438956407E-007
          22          24  -1.4710725207778445E-007
          22          25   1.2367803448043446E-009
          22          26   1.6953049086457571E-008
          22          27  -5.5182775432482956E-009
          22          28 -0.42393127847955681     
          22          29   1.5781801096332292E-007
          23           1 -0.95334894220140320     
          23           2   2.7349894375308428     
          23           3  -1.5019172860635915E-008
          23           4  -2.3315543563968944E-008
          23           5   3.2367809238327885E-008
          23           6  -6.8332706652608888     
          23           7   1.9975414994975210E-008
          23           8   5.3786348695234017E-008
          23           9  -5.6870174431287559E-008
          23          10   7.5002314941113229E-002
          23          11  -2.6835114221669217E-009
          23          12  -2.3949740230944924E-010
          23          13   3.1983293445548254E-009
          23          14  -7.5153693896291687E-002
          23          15   1.4421511774072161E-009
          23          16   7.2525063105153063E-009
          23          17  -9.2207520760056699E-009
          23          18   1.4288750561786627     
          23          19   9.4911796363153420E-007
          23          20   1.4288750577551603     
          23          21   2.3540284012264535E-007
          23          22   7.8177775438956407E-007
          23          23   4.4440603488379740     
          23          24  0.20466179407582608     
          23          25   1.7038232832380624E-007
          23          26  0.20466179450584537     
          23          27   3.8021848271109210E-007
          23          28   1.0979807694185069E-007
          23          29  -9.8304038408586203E-003
          24           1  -5.3229796520982371E-002
          24           2  0.14648528297727587     
          24           3  -1.7194607436755572E-010
          24           4   1.0607037061898742E-009
          24           5   4.3977725561116663E-009
          24           6 -0.39930122938255697     
          24           7   1.1385181055097044E-009
          24           8  -2.7575140950215585E-009
          24           9  -9.7948581878034126E-009
          24          10 -0.15134025099282744     
          24          11   2.2000458345859087E-009
          24          12   8.4794678215849319E-009
          24          13   1.3658988920947295E-008
          24          14   1.6368510414539961E-002
          24          15   1.9138512937077437E-009
          24          16   1.1472200807447621E-008
          24          17  -3.9129223132401607E-009
          24          18  -9.8304050572599611E-003
          24          19   1.7554232489057574E-007
          24          20  0.20466179540486054     
          24          21  -2.8285919290637720E-007
          24          22  -1.4710725207778445E-007
          24          23  0.20466179407582608     
          24          24   1.0659028763622791     
          24          25  -1.3692971619198428E-007
          24          26 -0.50608680350766355     
          24          27   8.1323880793955325E-007
          24          28   4.0002933629986008E-007
          24          29 -0.50608680064892109     
          25           1  -9.2284211991789242E-009
          25           2   3.0560002326186006E-008
          25           3  -5.7152303082682749E-009
          25           4  -9.5082080021358266E-009
          25           5   7.8127954776553415E-009
          25           6  -1.2772724659136808E-007
          25           7   1.9696058209659513E-008
          25           8   2.0469816421798927E-008
          25           9  -1.8126098410201554E-008
          25          10   2.3888002951177178E-007
          25          11  -3.9424894141661764E-008
          25          12  -8.9579838778324063E-009
          25          13   9.5233542667711927E-009
          25          14  -3.5705202188482084E-007
          25          15   9.9398183402954249E-008
          25          16   3.7377756187851692E-008
          25          17   1.2297357978353526E-008
          25          18   1.7522491098787081E-007
          25          19 -0.42393126602372383     
          25          20  -2.6265595376246384E-007
          25          21   2.4970294790205294E-009
          25          22   1.2367803448043446E-009
          25          23   1.7038232832380624E-007
          25          24  -1.3692971619198428E-007
          25          25   2.0861481128608772     
          25          26   2.7660278725943436E-007
          25          27   4.0747072382885108E-011
          25          28  -9.0834589849819736E-011
          25          29  -3.4770308774277346E-007
          26           1  -5.3229796594728603E-002
          26           2  0.14648528325340010     
          26           3  -1.4588196780884656E-009
          26           4   3.4380001264542683E-011
          26           5   4.9644686027302232E-009
          26           6 -0.39930123089635416     
          26           7   6.3344346092674952E-009
          26           8   2.6852858452567456E-009
          26           9  -1.2592850482152899E-008
          26          10 -0.15134024500082366     
          26          11   1.5829622224321212E-009
          26          12  -1.0861841966430130E-008
          26          13   1.1883961451481916E-008
          26          14   1.6368512051877390E-002
          26          15  -1.2622432705605898E-008
          26          16   2.1213045975116032E-008
          26          17  -1.8618395884137264E-008
          26          18  0.20466179518949185     
          26          19  -2.7645718020489633E-007
          26          20  -9.8304040904022838E-003
          26          21  -5.5722498814377267E-008
          26          22   1.6953049086457571E-008
          26          23  0.20466179450584537     
          26          24 -0.50608680350766355     
          26          25   2.7660278725943436E-007
          26          26   1.0659028704458415     
          26          27   3.9795228398837782E-007
          26          28  -1.4639145527575220E-007
          26          29 -0.50608680377314652     
          27           1  -6.6164539104876892E-009
          27           2   2.1554290902652074E-008
          27           3  -8.5033551334685539E-009
          27           4   9.8618390156877393E-009
          27           5   1.1629771519626995E-008
          27           6  -9.5268027854085233E-008
          27           7   2.2353225908997392E-008
          27           8  -3.0386309431919829E-008
          27           9  -2.3761448896201976E-008
          27          10   1.1452638329401211E-007
          27          11  -5.7712200255911058E-008
          27          12   1.2735972374180742E-007
          27          13   7.9220686766332562E-009
          27          14  -3.8813596877566440E-007
          27          15   1.9063546879526991E-007
          27          16  -3.7704623845444775E-007
          27          17  -8.8218945265457627E-008
          27          18  -2.6303121753855944E-007
          27          19  -1.8749633443060354E-009
          27          20  -5.2863014664214696E-008
          27          21 -0.42393127541416042     
          27          22  -5.5182775432482956E-009
          27          23   3.8021848271109210E-007
          27          24   8.1323880793955325E-007
          27          25   4.0747072382885108E-011
          27          26   3.9795228398837782E-007
          27          27   2.0861481115411418     
          27          28  -5.6711768614547964E-010
          27          29  -1.2427022935113112E-006
          28           1   1.1998928741667955E-008
