           1           1   2.4404174751386090     
           1           2  -1.1626175432562047     
           1           3  -1.3164141972936576E-011
           1           4  -6.7811408338961675E-012
           1           5   1.0431388256111191E-014
           1           6   2.3463728267406307     
           1           7  -9.4736203373506912E-014
           1           8  -4.1736396976788177E-014
           1           9  -7.7005880402393920E-015
           1          10 -0.13990721440301768     
           1          11  -4.6564238300456444E-014
           1          12  -2.5389629118235596E-014
           1          13   7.9548933119409141E-016
           1          14  -1.0170129297951186E-002
           1          15   1.1740774366677846E-014
           1          16   6.6317698104172839E-015
           1          17  -8.4845049675777213E-016
           1          18 -0.84970407193148945     
           1          19  -1.1111383505493198E-016
           1          20 -0.84980060007454195     
           1          21   4.7071160416907606E-015
           1          22  -3.1216985171518300E-015
           1          23 -0.84939670230878106     
           1          24   1.3749556846209151E-002
           1          25   1.4359573496291887E-015
           1          26   1.4096464794086081E-002
           1          27  -2.4743508023994722E-015
           1          28  -2.0684549888753417E-015
           1          29   1.2276083013007637E-002
           2           1  -1.1626175432562047     
           2           2   3.1253075853054639     
           2           3   2.9878605927222796E-011
           2           4   1.7611205545816796E-011
           2           5  -3.4239759047181727E-014
           2           6  -6.9328065356129116     
           2           7   2.3705546158227371E-013
           2           8   1.0635008479381795E-013
           2           9   1.9703256777614972E-014
           2          10  0.52071926987571859     
           2          11   1.0478913024476676E-013
           2          12   6.0698640326837583E-014
           2          13   1.7634686063087452E-016
           2          14   3.9905322332304198E-002
           2          15  -2.2485250123095014E-014
           2          16  -1.6795332787592142E-014
           2          17   1.3056720836372615E-016
           2          18   2.4429906075056400     
           2          19   4.5652400243372006E-015
           2          20   2.4433109361397412     
           2          21  -1.1888481534032519E-014
           2          22   4.8826323060338596E-015
           2          23   2.4419662673109239     
           2          24  -6.4009785954775966E-002
           2          25   3.4444917393133650E-016
           2          26  -6.5214727875558959E-002
           2          27   6.8646827585512124E-015
           2          28   6.4275583780973039E-015
           2          29  -5.9129568202153662E-002
           3           1  -1.3164141972936576E-011
           3           2   2.9878605927222796E-011
           3           3   2.5652751986009621     
           3           4  -5.5320463023022257E-013
           3           5   1.7435156798462648E-012
           3           6  -1.0721477154409391E-011
           3           7  -1.2768421996883990     
           3           8   4.0239525097407422E-012
           3           9  -3.5296947030773005E-012
           3          10  -7.2120909560699163E-012
           3          11  0.34257048434956805     
           3          12  -3.4732501258670687E-012
           3          13  -3.1113873443982612E-012
           3          14   2.2252293713049517E-012
           3          15  -3.1957197842621817E-003
           3          16   3.6612713316410944E-012
           3          17   6.3140305175752561E-013
           3          18   9.3030500875328704E-012
           3          19  -2.3960186431198838E-012
           3          20   8.3484070325001349E-012
           3          21   1.6443333860409949E-013
           3          22   7.3536785339010371E-013
           3          23   6.0297868887937494E-012
           3          24   2.7285173735357331E-012
           3          25  -2.0749646567137215E-012
           3          26   1.0970689881389473E-012
           3          27   2.1415683846681339E-012
           3          28   1.3984674198578334E-013
           3          29   4.2514281507583828E-012
           4           1  -6.7811408338961675E-012
           4           2   1.7611205545816796E-011
           4           3  -5.5320463023022257E-013
           4           4   2.5652926390755866     
           4           5   3.7619362438614110E-012
           4           6  -4.9243311840304358E-011
           4           7  -3.8940449070117332E-013
           4           8  -1.2768918847030266     
           4           9  -8.1821656640293911E-012
           4          10  -7.3416367016659631E-012
           4          11   6.9009387882851555E-013
           4          12  0.34270453494415765     
           4          13  -4.0933675346804382E-013
           4          14   5.4125892323570508E-013
           4          15  -1.4072048995519828E-012
           4          16  -3.4161127651379962E-003
           4          17   2.1371128892826830E-013
           4          18   2.4233575532541679E-011
           4          19  -1.0215358370033767E-012
           4          20   2.3255849345167387E-011
           4          21   4.2698540817172308E-013
           4          22   2.2993966281246971E-012
           4          23   2.1438632916054078E-011
           4          24   2.5151733984059725E-012
           4          25  -3.7434157625797541E-013
           4          26   4.4853468494770283E-012
           4          27   2.2997755942379350E-012
           4          28  -6.1192647492416967E-013
           4          29   9.3973950378720858E-013
           5           1   1.0431388256111191E-014
           5           2  -3.4239759047181727E-014
           5           3   1.7435156798462648E-012
           5           4   3.7619362438614110E-012
           5           5   2.5652848630206897     
           5           6   9.0890098604655017E-014
           5           7  -4.7889211057709221E-012
           5           8  -1.0095522435120734E-011
           5           9  -1.2768697284278612     
           5          10  -3.8834603826283324E-015
           5          11  -2.3959446596757803E-013
           5          12  -2.1850275118777343E-013
           5          13  0.34264472653655820     
           5          14  -2.2942678493299010E-015
           5          15   1.4815049837660032E-015
           5          16   1.7322442681278514E-014
           5          17  -3.3176889183912216E-003
           5          18  -5.2852832944973782E-014
           5          19   2.0663700509101882E-015
           5          20   4.9397076592673974E-014
           5          21   5.9904031866619855E-015
           5          22  -1.0959597619832493E-014
           5          23  -1.0856092169585528E-013
           5          24   3.3557640202525909E-015
           5          25   5.0124768378876225E-015
           5          26   1.2455530788887854E-014
           5          27   5.8790532949376782E-016
           5          28  -2.9769434458730860E-015
           5          29  -4.6688509864528403E-015
           6           1   2.3463728267406307     
           6           2  -6.9328065356129116     
           6           3  -1.0721477154409391E-011
           6           4  -4.9243311840304358E-011
           6           5   9.0890098604655017E-014
           6           6   17.842138451436341     
           6           7  -3.7239343132857731E-013
           6           8  -3.0827338548308082E-013
           6           9  -7.0077724938716011E-014
           6          10  -2.3566736892695475     
           6          11  -2.5598510876600769E-014
           6          12  -1.6382478435261724E-013
           6          13  -4.0673003604732002E-015
           6          14 -0.18694358763003946     
           6          15   1.3083287494902505E-014
           6          16   5.0611134977851666E-014
           6          17   4.5895029535836771E-015
           6          18  -5.4581440539634549     
           6          19  -1.7899734872335312E-014
           6          20  -5.4592558541800686     
           6          21   3.5107909747120608E-014
           6          22   2.5034372316916687E-014
           6          23  -5.4539195622997108     
           6          24  0.35458783847130815     
           6          25  -1.8650692304582527E-015
           6          26  0.35987193728592864     
           6          27  -2.2600840212128875E-014
           6          28  -2.0915466181117513E-014
           6          29  0.33516456898650721     
           7           1  -9.4736203373506912E-014
           7           2   2.3705546158227371E-013
           7           3  -1.2768421996883990     
           7           4  -3.8940449070117332E-013
           7           5  -4.7889211057709221E-012
           7           6  -3.7239343132857731E-013
           7           7   2.8972446723515848     
           7           8  -4.8309365932849725E-012
           7           9   1.0407653326011740E-011
           7          10  -8.4985434133308378E-015
           7          11 -0.93963652463967151     
           7          12   3.8067821561067664E-013
           7          13   5.6881778926820794E-013
           7          14   4.8429544913121904E-014
           7          15   2.9996471844283175E-003
           7          16   1.0726919909733926E-014
           7          17   8.4225611050350340E-015
           7          18   1.4986765585509937E-013
           7          19   4.5237280785907949E-014
           7          20   1.0253563448735908E-013
           7          21   1.9544277676191836E-015
           7          22  -4.2080924413196330E-015
           7          23   1.2347923136249026E-013
           7          24   1.6872241870122857E-014
           7          25  -2.2878708962809662E-014
           7          26  -2.4615892402253029E-014
           7          27   1.7237127710547102E-014
           7          28   5.6180251276047126E-015
           7          29  -5.4809171577036973E-015
           8           1  -4.1736396976788177E-014
           8           2   1.0635008479381795E-013
           8           3   4.0239525097407422E-012
           8           4  -1.2768918847030266     
           8           5  -1.0095522435120734E-011
           8           6  -3.0827338548308082E-013
           8           7  -4.8309365932849725E-012
           8           8   2.8973861996746564     
           8           9   2.2018889641079489E-011
           8          10  -1.7908586343676406E-014
           8          11   4.0470356443676259E-013
           8          12 -0.94001846158882096     
           8          13   4.2238722305772463E-013
           8          14   1.2336499359392405E-014
           8          15   1.8738730477891525E-014
           8          16   3.6345292783694361E-003
           8          17  -2.6007947818234581E-014
           8          18   2.8367969515093254E-013
           8          19   2.2549146691582796E-016
           8          20  -4.6848955462980521E-013
           8          21   2.2102121652997156E-015
           8          22   1.9083345063683368E-015
           8          23   5.8483194665607952E-013
           8          24   1.7764223811901536E-014
           8          25  -6.2564011341645058E-015
           8          26  -1.8112121048249176E-014
           8          27   1.2580562427746447E-014
           8          28   2.9619432404520599E-015
           8          29   2.3021162909947743E-014
           9           1  -7.7005880402393920E-015
           9           2   1.9703256777614972E-014
           9           3  -3.5296947030773005E-012
           9           4  -8.1821656640293911E-012
           9           5  -1.2768697284278612     
           9           6  -7.0077724938716011E-014
           9           7   1.0407653326011740E-011
           9           8   2.2018889641079489E-011
           9           9   2.8973230777768215     
           9          10   1.4034250098446075E-014
           9          11   5.8562675800529841E-013
           9          12   4.3619078974367544E-013
           9          13 -0.93984802876940199     
           9          14   3.3220912065658239E-015
           9          15  -3.1092775305125667E-015
           9          16  -3.6560906353944835E-014
           9          17   3.3509016222755574E-003
           9          18   3.3128775938650180E-014
           9          19  -1.6972101663973466E-015
           9          20  -1.0177211969431323E-013
           9          21  -1.6834563930079337E-014
           9          22   2.0526969589535099E-014
           9          23   1.3137070178324779E-013
           9          24  -8.1463143091444895E-015
           9          25  -8.2809860946531319E-015
           9          26  -2.3863687116179506E-014
           9          27  -5.0569291829971240E-015
           9          28   2.3316866204838581E-015
           9          29   5.7652708864720883E-015
          10           1 -0.13990721440301768     
          10           2  0.52071926987571859     
          10           3  -7.2120909560699163E-012
          10           4  -7.3416367016659631E-012
          10           5  -3.8834603826283324E-015
          10           6  -2.3566736892695475     
          10           7  -8.4985434133308378E-015
          10           8  -1.7908586343676406E-014
          10           9   1.4034250098446075E-014
          10          10   5.0083053361273464     
          10          11  -8.6296037836021468E-014
          10          12  -6.6276955849563937E-014
          10          13   1.7484944094943160E-014
          10          14  0.37583785391408181     
          10          15   7.9392696649092544E-015
          10          16   6.7307207125672434E-015
          10          17  -1.8326563698130888E-017
          10          18  0.34992484362439008     
          10          19   4.7896276525324771E-015
          10          20  0.35710547642443968     
          10          21   1.6301985999680296E-015
          10          22  -1.0259310152715384E-014
          10          23  0.34229676540697651     
          10          24 -0.84293776286124000     
          10          25  -2.3914094806064930E-014
          10          26 -0.87255395940057634     
          10          27  -3.8557864667762080E-015
          10          28  -6.4354231151667827E-015
          10          29 -0.80578832814309354     
          11           1  -4.6564238300456444E-014
          11           2   1.0478913024476676E-013
          11           3  0.34257048434956805     
          11           4   6.9009387882851555E-013
          11           5  -2.3959446596757803E-013
          11           6  -2.5598510876600769E-014
          11           7 -0.93963652463967151     
          11           8   4.0470356443676259E-013
          11           9   5.8562675800529841E-013
          11          10  -8.6296037836021468E-014
          11          11   2.3057341450882882     
          11          12  -1.2200618775311632E-012
          11          13  -6.9437263361461069E-013
          11          14  -2.6889190951196947E-014
          11          15  -1.8581986895823896E-003
          11          16  -6.1357348003312655E-015
          11          17  -3.3828478749978382E-015
          11          18   5.7612986680782429E-014
          11          19  -1.3490885580570245E-014
          11          20  -6.0541132774975172E-014
          11          21  -9.2488597754027350E-015
          11          22  -1.6942425592232245E-015
          11          23   7.6188989127995648E-014
          11          24   2.3281868997566977E-014
          11          25  -1.6578256838829345E-014
          11          26   2.6347469466856060E-014
          11          27   3.7185250887243952E-014
          11          28   1.8991936986129545E-014
          11          29   3.9871018856345070E-014
          12           1  -2.5389629118235596E-014
          12           2   6.0698640326837583E-014
          12           3  -3.4732501258670687E-012
          12           4  0.34270453494415765     
          12           5  -2.1850275118777343E-013
          12           6  -1.6382478435261724E-013
          12           7   3.8067821561067664E-013
          12           8 -0.94001846158882096     
          12           9   4.3619078974367544E-013
          12          10  -6.6276955849563937E-014
          12          11  -1.2200618775311632E-012
          12          12   2.3067643405445963     
          12          13   4.4412339098256621E-013
          12          14  -1.2724251428283074E-014
          12          15  -5.0833320224351446E-014
          12          16  -3.5319572343316188E-003
          12          17  -5.8734402712854656E-016
          12          18   1.0633293244588889E-013
          12          19  -7.3906323287632652E-015
          12          20   2.8644832264500582E-015
          12          21   3.4684059262017628E-015
          12          22   1.1697562536388567E-014
          12          23   1.3152339513161987E-013
          12          24   2.0464719959871797E-015
          12          25   1.1820086161028554E-014
          12          26   5.5698693139462423E-014
          12          27   6.9835762154834121E-015
          12          28  -2.2050681585154390E-014
          12          29  -9.5721533857112229E-015
          13           1   7.9548933119409141E-016
          13           2   1.7634686063087452E-016
          13           3  -3.1113873443982612E-012
          13           4  -4.0933675346804382E-013
          13           5  0.34264472653655820     
          13           6  -4.0673003604732002E-015
          13           7   5.6881778926820794E-013
          13           8   4.2238722305772463E-013
          13           9 -0.93984802876940199     
          13          10   1.7484944094943160E-014
          13          11  -6.9437263361461069E-013
          13          12   4.4412339098256621E-013
          13          13   2.3063043892828592     
          13          14  -4.0994322143605612E-015
          13          15  -1.6249538562656206E-014
          13          16   1.3720365296054923E-014
          13          17  -2.7834816878279170E-003
          13          18   1.1721343268841213E-014
          13          19   7.6961160686055764E-016
          13          20  -6.8656822011474631E-014
          13          21  -5.2993194052217105E-015
          13          22   2.7118197362543125E-015
          13          23   5.5542274944350915E-014
          13          24  -1.3242804072423133E-015
          13          25   7.4677378029340914E-015
          13          26   1.6080548667404181E-015
          13          27   3.4094159808273637E-015
          13          28  -3.6972925394278255E-016
          13          29  -1.0349477307285321E-014
          14           1  -1.0170129297951186E-002
          14           2   3.9905322332304198E-002
          14           3   2.2252293713049517E-012
          14           4   5.4125892323570508E-013
          14           5  -2.2942678493299010E-015
          14           6 -0.18694358763003946     
          14           7   4.8429544913121904E-014
          14           8   1.2336499359392405E-014
          14           9   3.3220912065658239E-015
          14          10  0.37583785391408181     
          14          11  -2.6889190951196947E-014
          14          12  -1.2724251428283074E-014
          14          13  -4.0994322143605612E-015
          14          14   2.8383269470585865E-002
          14          15  -2.3537270100004100E-015
          14          16  -7.0833253411972565E-016
          14          17  -1.5745692308310336E-016
          14          18   2.7082777604097968E-002
          14          19  -2.1731525084808943E-015
          14          20   2.5009831741142640E-002
          14          21   2.5758927605823249E-015
          14          22   4.6105975365317613E-015
          14          23   2.7655889422744634E-002
          14          24  -6.5999106818844661E-002
          14          25   1.2509169545859147E-015
          14          26  -5.5947605568480031E-002
          14          27  -1.5798618159264975E-015
          14          28  -8.2489687593370269E-016
          14          29  -6.8372675200381441E-002
          15           1   1.1740774366677846E-014
          15           2  -2.2485250123095014E-014
          15           3  -3.1957197842621817E-003
          15           4  -1.4072048995519828E-012
          15           5   1.4815049837660032E-015
          15           6   1.3083287494902505E-014
          15           7   2.9996471844283175E-003
          15           8   1.8738730477891525E-014
          15           9  -3.1092775305125667E-015
          15          10   7.9392696649092544E-015
          15          11  -1.8581986895823896E-003
          15          12  -5.0833320224351446E-014
          15          13  -1.6249538562656206E-014
          15          14  -2.3537270100004100E-015
          15          15   2.5273580390234801E-003
          15          16  -2.4554675729289787E-015
          15          17  -4.3950919611794593E-016
          15          18  -2.6218798303784815E-014
          15          19   2.7943110432826641E-015
          15          20   5.2284350820936714E-014
          15          21  -1.1781692038900142E-015
          15          22  -5.3792717539872073E-016
          15          23  -4.6803236610815388E-014
          15          24  -3.0062070405373615E-015
          15          25   2.2575230824535056E-015
          15          26   5.7425074355656669E-015
          15          27  -7.0656209667352010E-016
          15          28   2.2925705657812228E-015
          15          29  -8.5122705244472109E-015
          16           1   6.6317698104172839E-015
          16           2  -1.6795332787592142E-014
          16           3   3.6612713316410944E-012
          16           4  -3.4161127651379962E-003
          16           5   1.7322442681278514E-014
          16           6   5.0611134977851666E-014
          16           7   1.0726919909733926E-014
          16           8   3.6345292783694361E-003
          16           9  -3.6560906353944835E-014
          16          10   6.7307207125672434E-015
          16          11  -6.1357348003312655E-015
          16          12  -3.5319572343316188E-003
          16          13   1.3720365296054923E-014
          16          14  -7.0833253411972565E-016
          16          15  -2.4554675729289787E-015
          16          16   2.4195676639718186E-003
          16          17  -7.7191768280004788E-017
          16          18  -4.0883125265997552E-014
          16          19   1.7749414127792396E-015
          16          20   6.9793575232792782E-014
          16          21   6.9569312310455982E-016
          16          22  -5.4778196097216351E-015
          16          23  -8.8008625680118004E-014
          16          24  -4.7586411464418241E-015
          16          25   2.2115478977122180E-015
          16          26  -4.8056929675970000E-015
          16          27  -2.2850863976151138E-015
          16          28  -2.4749396679952425E-015
          16          29   4.8447701264812260E-015
          17           1  -8.4845049675777213E-016
          17           2   1.3056720836372615E-016
          17           3   6.3140305175752561E-013
          17           4   2.1371128892826830E-013
          17           5  -3.3176889183912216E-003
          17           6   4.5895029535836771E-015
          17           7   8.4225611050350340E-015
          17           8  -2.6007947818234581E-014
          17           9   3.3509016222755574E-003
          17          10  -1.8326563698130888E-017
          17          11  -3.3828478749978382E-015
          17          12  -5.8734402712854656E-016
          17          13  -2.7834816878279170E-003
          17          14  -1.5745692308310336E-016
          17          15  -4.3950919611794593E-016
          17          16  -7.7191768280004788E-017
          17          17   2.4671316775652288E-003
          17          18  -7.2480099430642016E-015
          17          19   2.9259936847785993E-017
          17          20   2.5823940216666824E-014
          17          21   9.5206034677906502E-016
          17          22  -3.8413047006456782E-015
          17          23  -1.9121663554360192E-014
          17          24  -1.6417620877869638E-015
          17          25  -3.5898274159303091E-015
          17          26  -1.9812583313431221E-015
          17          27   3.9616362353543375E-015
          17          28  -2.1983135084015372E-015
          17          29   3.1005424872961406E-015
          18           1 -0.84970407193148945     
          18           2   2.4429906075056400     
          18           3   9.3030500875328704E-012
          18           4   2.4233575532541679E-011
          18           5  -5.2852832944973782E-014
          18           6  -5.4581440539634549     
          18           7   1.4986765585509937E-013
          18           8   2.8367969515093254E-013
          18           9   3.3128775938650180E-014
          18          10  0.34992484362439008     
          18          11   5.7612986680782429E-014
          18          12   1.0633293244588889E-013
          18          13   1.1721343268841213E-014
          18          14   2.7082777604097968E-002
          18          15  -2.6218798303784815E-014
          18          16  -4.0883125265997552E-014
          18          17  -7.2480099430642016E-015
          18          18   3.9435776754689225     
          18          19   2.4216238949413406E-013
          18          20  0.90755186447949598     
          18          21  -8.2738572868638475E-013
          18          22  -1.6404241104117253E-013
          18          23  0.91157195161829119     
          18          24 -0.19514083196459395     
          18          25   1.1900426140433625E-014
          18          26   4.8633061014123014E-002
          18          27   3.4657403163067080E-015
          18          28  -1.1348436168006352E-014
          18          29   4.1150887170480058E-002
          19           1  -1.1111383505493198E-016
          19           2   4.5652400243372006E-015
          19           3  -2.3960186431198838E-012
          19           4  -1.0215358370033767E-012
          19           5   2.0663700509101882E-015
          19           6  -1.7899734872335312E-014
          19           7   4.5237280785907949E-014
          19           8   2.2549146691582796E-016
          19           9  -1.6972101663973466E-015
          19          10   4.7896276525324771E-015
          19          11  -1.3490885580570245E-014
          19          12  -7.3906323287632652E-015
          19          13   7.6961160686055764E-016
          19          14  -2.1731525084808943E-015
          19          15   2.7943110432826641E-015
          19          16   1.7749414127792396E-015
          19          17   2.9259936847785993E-017
          19          18   2.4216238949413406E-013
          19          19   2.0700876548968425     
          19          20  -1.3825852332445418E-012
          19          21  -4.2703292989767609E-016
          19          22   3.0740306436945297E-015
          19          23   1.1497755805837396E-012
          19          24  -4.2704800299352163E-015
          19          25 -0.38090364813509892     
          19          26  -4.4457876794875431E-014
          19          27   2.0100726102099729E-015
          19          28  -5.2715060368133422E-015
          19          29   4.4036992962558818E-014
          20           1 -0.84980060007454195     
          20           2   2.4433109361397412     
          20           3   8.3484070325001349E-012
          20           4   2.3255849345167387E-011
          20           5   4.9397076592673974E-014
          20           6  -5.4592558541800686     
          20           7   1.0253563448735908E-013
          20           8  -4.6848955462980521E-013
          20           9  -1.0177211969431323E-013
          20          10  0.35710547642443968     
          20          11  -6.0541132774975172E-014
          20          12   2.8644832264500582E-015
          20          13  -6.8656822011474631E-014
          20          14   2.5009831741142640E-002
          20          15   5.2284350820936714E-014
          20          16   6.9793575232792782E-014
          20          17   2.5823940216666824E-014
          20          18  0.90755186447949598     
          20          19  -1.3825852332445418E-012
          20          20   3.9552327806703929     
          20          21   3.9730894919305955E-012
          20          22   7.1539736592760064E-013
          20          23  0.90039831269520609     
          20          24   4.5391413223926834E-002
          20          25  -9.4346499382847314E-014
          20          26 -0.22866947196188181     
          20          27   7.1433838997851763E-014
          20          28   8.5228839274729577E-014
          20          29   6.4973244399220809E-002
          21           1   4.7071160416907606E-015
          21           2  -1.1888481534032519E-014
          21           3   1.6443333860409949E-013
          21           4   4.2698540817172308E-013
          21           5   5.9904031866619855E-015
          21           6   3.5107909747120608E-014
          21           7   1.9544277676191836E-015
          21           8   2.2102121652997156E-015
          21           9  -1.6834563930079337E-014
          21          10   1.6301985999680296E-015
          21          11  -9.2488597754027350E-015
          21          12   3.4684059262017628E-015
          21          13  -5.2993194052217105E-015
          21          14   2.5758927605823249E-015
          21          15  -1.1781692038900142E-015
          21          16   6.9569312310455982E-016
          21          17   9.5206034677906502E-016
          21          18  -8.2738572868638475E-013
          21          19  -4.2703292989767609E-016
          21          20   3.9730894919305955E-012
          21          21   2.0700876548968425     
          21          22  -8.9164010654186789E-016
          21          23  -3.1574471577915935E-012
          21          24  -2.0745425371146409E-014
          21          25   2.9011073615587560E-015
          21          26   1.2711861859306290E-013
          21          27 -0.38090364813509558     
          21          28   9.3262534972123034E-017
          21          29  -1.0520445962542927E-013
          22           1  -3.1216985171518300E-015
          22           2   4.8826323060338596E-015
          22           3   7.3536785339010371E-013
          22           4   2.2993966281246971E-012
          22           5  -1.0959597619832493E-014
          22           6   2.5034372316916687E-014
          22           7  -4.2080924413196330E-015
          22           8   1.9083345063683368E-015
          22           9   2.0526969589535099E-014
          22          10  -1.0259310152715384E-014
          22          11  -1.6942425592232245E-015
          22          12   1.1697562536388567E-014
          22          13   2.7118197362543125E-015
          22          14   4.6105975365317613E-015
          22          15  -5.3792717539872073E-016
          22          16  -5.4778196097216351E-015
          22          17  -3.8413047006456782E-015
          22          18  -1.6404241104117253E-013
          22          19   3.0740306436945297E-015
          22          20   7.1539736592760064E-013
          22          21  -8.9164010654186789E-016
          22          22   2.0700876548968457     
          22          23  -5.9653145953099021E-013
          22          24  -2.9445234398380951E-015
          22          25  -1.1628686957798257E-014
          22          26   2.6222228205200616E-014
          22          27   2.0623993800529813E-015
          22          28 -0.38090364813510069     
          22          29  -1.7217663971545427E-014
          23           1 -0.84939670230878106     
          23           2   2.4419662673109239     
          23           3   6.0297868887937494E-012
          23           4   2.1438632916054078E-011
          23           5  -1.0856092169585528E-013
          23           6  -5.4539195622997108     
          23           7   1.2347923136249026E-013
          23           8   5.8483194665607952E-013
          23           9   1.3137070178324779E-013
          23          10  0.34229676540697651     
          23          11   7.6188989127995648E-014
          23          12   1.3152339513161987E-013
          23          13   5.5542274944350915E-014
          23          14   2.7655889422744634E-002
          23          15  -4.6803236610815388E-014
          23          16  -8.8008625680118004E-014
          23          17  -1.9121663554360192E-014
          23          18  0.91157195161829119     
          23          19   1.1497755805837396E-012
          23          20  0.90039831269520609     
          23          21  -3.1574471577915935E-012
          23          22  -5.9653145953099021E-013
          23          23   3.9479639799551887     
          23          24   3.9155254993347238E-002
          23          25   8.6002784651333726E-014
          23          26   6.6229869277126013E-002
          23          27  -4.9929344579255526E-014
          23          28  -5.4796814101208680E-014
          23          29 -0.20448371482391553     
          24           1   1.3749556846209151E-002
          24           2  -6.4009785954775966E-002
          24           3   2.7285173735357331E-012
          24           4   2.5151733984059725E-012
          24           5   3.3557640202525909E-015
          24           6  0.35458783847130815     
          24           7   1.6872241870122857E-014
          24           8   1.7764223811901536E-014
          24           9  -8.1463143091444895E-015
          24          10 -0.84293776286124000     
          24          11   2.3281868997566977E-014
          24          12   2.0464719959871797E-015
          24          13  -1.3242804072423133E-015
          24          14  -6.5999106818844661E-002
          24          15  -3.0062070405373615E-015
          24          16  -4.7586411464418241E-015
          24          17  -1.6417620877869638E-015
          24          18 -0.19514083196459395     
          24          19  -4.2704800299352163E-015
          24          20   4.5391413223926834E-002
          24          21  -2.0745425371146409E-014
          24          22  -2.9445234398380951E-015
          24          23   3.9155254993347238E-002
          24          24   1.1794455297675377     
          24          25   8.1454631964313998E-014
          24          26 -0.35593302881568967     
          24          27  -6.8794967102088609E-014
          24          28   2.0807637972576454E-015
          24          29 -0.38567510368732594     
          25           1   1.4359573496291887E-015
          25           2   3.4444917393133650E-016
          25           3  -2.0749646567137215E-012
          25           4  -3.7434157625797541E-013
          25           5   5.0124768378876225E-015
          25           6  -1.8650692304582527E-015
          25           7  -2.2878708962809662E-014
          25           8  -6.2564011341645058E-015
          25           9  -8.2809860946531319E-015
          25          10  -2.3914094806064930E-014
          25          11  -1.6578256838829345E-014
          25          12   1.1820086161028554E-014
          25          13   7.4677378029340914E-015
          25          14   1.2509169545859147E-015
          25          15   2.2575230824535056E-015
          25          16   2.2115478977122180E-015
          25          17  -3.5898274159303091E-015
          25          18   1.1900426140433625E-014
          25          19 -0.38090364813509892     
          25          20  -9.4346499382847314E-014
          25          21   2.9011073615587560E-015
          25          22  -1.1628686957798257E-014
          25          23   8.6002784651333726E-014
          25          24   8.1454631964313998E-014
          25          25   2.0700876548968434     
          25          26  -3.3346422215797449E-014
          25          27  -3.2489606058505298E-015
          25          28   3.0949549158885853E-014
          25          29  -2.4767594562260840E-014
          26           1   1.4096464794086081E-002
          26           2  -6.5214727875558959E-002
          26           3   1.0970689881389473E-012
          26           4   4.4853468494770283E-012
          26           5   1.2455530788887854E-014
          26           6  0.35987193728592864     
          26           7  -2.4615892402253029E-014
          26           8  -1.8112121048249176E-014
          26           9  -2.3863687116179506E-014
          26          10 -0.87255395940057634     
          26          11   2.6347469466856060E-014
          26          12   5.5698693139462423E-014
          26          13   1.6080548667404181E-015
          26          14  -5.5947605568480031E-002
          26          15   5.7425074355656669E-015
          26          16  -4.8056929675970000E-015
          26          17  -1.9812583313431221E-015
          26          18   4.8633061014123014E-002
          26          19  -4.4457876794875431E-014
          26          20 -0.22866947196188181     
          26          21   1.2711861859306290E-013
          26          22   2.6222228205200616E-014
          26          23   6.6229869277126013E-002
          26          24 -0.35593302881568967     
          26          25  -3.3346422215797449E-014
          26          26   1.2144294504793598     
          26          27   5.8223706248213600E-014
          26          28   4.7210567990972781E-015
          26          29 -0.36611216389780066     
          27           1  -2.4743508023994722E-015
          27           2   6.8646827585512124E-015
          27           3   2.1415683846681339E-012
          27           4   2.2997755942379350E-012
          27           5   5.8790532949376782E-016
          27           6  -2.2600840212128875E-014
          27           7   1.7237127710547102E-014
          27           8   1.2580562427746447E-014
          27           9  -5.0569291829971240E-015
          27          10  -3.8557864667762080E-015
          27          11   3.7185250887243952E-014
          27          12   6.9835762154834121E-015
          27          13   3.4094159808273637E-015
          27          14  -1.5798618159264975E-015
          27          15  -7.0656209667352010E-016
          27          16  -2.2850863976151138E-015
          27          17   3.9616362353543375E-015
          27          18   3.4657403163067080E-015
          27          19   2.0100726102099729E-015
          27          20   7.1433838997851763E-014
          27          21 -0.38090364813509558     
          27          22   2.0623993800529813E-015
          27          23  -4.9929344579255526E-014
          27          24  -6.8794967102088609E-014
          27          25  -3.2489606058505298E-015
          27          26   5.8223706248213600E-014
          27          27   2.0700876548968390     
          27          28  -1.3826384252868856E-015
          27          29   1.0978971647028142E-014
          28           1  -2.0684549888753417E-015
