           1           1   2.4280659605421908     
           1           2  -1.1378824880661962     
           1           3  -6.2434966774050913E-012
           1           4  -2.7069169815518822E-012
           1           5  -9.9704401288368322E-013
           1           6   2.5434388306697882     
           1           7   2.6821932307822018E-012
           1           8  -1.9193132828913516E-012
           1           9  -1.1925427431185105E-011
           1          10  -2.4083221300017471E-002
           1          11   1.2900642073663546E-012
           1          12   1.0067810004731537E-011
           1          13   1.7735530834375888E-011
           1          14   4.9650034548524874E-002
           1          15  -1.0518029624311826E-011
           1          16  -3.8474816043404970E-011
           1          17  -1.4531016355570739E-011
           1          18 -0.95362997550212214     
           1          19   6.4110526591938955E-009
           1          20 -0.95362997766031732     
           1          21   2.1260030596342547E-007
           1          22  -1.1154369761165575E-007
           1          23 -0.95363022969604816     
           1          24  -3.8892259119928427E-002
           1          25  -2.7735094625136467E-010
           1          26  -3.8892221479001177E-002
           1          27  -8.1620820225624760E-007
           1          28   4.2827284659092550E-007
           1          29  -3.8890998808489466E-002
           2           1  -1.1378824880661962     
           2           2   3.0783305257331595     
           2           3   7.7888573197808571E-012
           2           4   6.6243814998512736E-012
           2           5  -1.3371504590677656E-011
           2           6  -7.4817475128761775     
           2           7  -3.6677521116291739E-012
           2           8   7.3997604191705818E-012
           2           9   3.7724583258578413E-011
           2          10  0.16625145672561337     
           2          11  -4.8349540236499738E-012
           2          12  -3.2803964572765156E-011
           2          13  -5.8584170962780676E-011
           2          14 -0.15403579589830885     
           2          15   3.5850994877689789E-011
           2          16   1.2679207444471032E-010
           2          17   5.0927114750245138E-011
           2          18   2.7263397879407143     
           2          19  -2.0262141814215855E-008
           2          20   2.7263397967812022     
           2          21  -7.2251135190116307E-007
           2          22   3.7908048142301178E-007
           2          23   2.7263406760862274     
           2          24  0.10187269209872332     
           2          25   8.7119813088694685E-009
           2          26  0.10187257400214381     
           2          27   2.7965359368825653E-006
           2          28  -1.4673568652490262E-006
           2          29  0.10186845700094262     
           3           1  -6.2434966774050913E-012
           3           2   7.7888573197808571E-012
           3           3   2.5618109612863442     
           3           4  -1.2124295261699317E-008
           3           5  -3.5504477880468853E-008
           3           6   2.1342999218810801E-010
           3           7  -1.2676451207864250     
           3           8   3.3230208226067899E-008
           3           9   9.7656795324520196E-008
           3          10   3.8272450603389037E-011
           3          11  0.32174769154631577     
           3          12  -8.1490932887061041E-008
           3          13  -2.3893970302469617E-007
           3          14   4.4867819743284966E-011
           3          15   3.8810083158755435E-002
           3          16   1.1266075917514585E-007
           3          17   3.2984348685251387E-007
           3          18  -8.8023618186588221E-011
           3          19   4.0279593292625817E-011
           3          20  -1.0874472604379559E-010
           3          21   1.9400219713288753E-011
           3          22   7.2152732885579552E-013
           3          23  -9.5469127080023496E-011
           3          24  -5.1703434396931759E-011
           3          25  -1.6345487598918602E-010
           3          26   2.3440328742544889E-011
           3          27  -7.5232810054692059E-011
           3          28  -2.3046099694387523E-012
           3          29  -3.7412821975781144E-011
           4           1  -2.7069169815518822E-012
           4           2   6.6243814998512736E-012
           4           3  -1.2124295261699317E-008
           4           4   2.5618109452958073     
           4           5   1.8610484145616287E-008
           4           6  -2.0503216219829428E-011
           4           7   3.3229401416595352E-008
           4           8  -1.2676450769584391     
           4           9  -5.1189745106172799E-008
           4          10   7.3282569621107699E-012
           4          11  -8.1487189534190743E-008
           4          12  0.32174758406863124     
           4          13   1.2524889363038129E-007
           4          14   1.1343023176389078E-010
           4          15   1.1265665756737676E-007
           4          16   3.8810231744281373E-002
           4          17  -1.7289762412322988E-007
           4          18   1.5855297593583208E-011
           4          19   8.8069339707434447E-012
           4          20   3.9240656200204646E-012
           4          21  -5.5387208048030106E-012
           4          22   1.0003170276443837E-011
           4          23   1.8438691832253056E-011
           4          24  -3.0159046006321490E-011
           4          25  -3.6066053817553614E-011
           4          26   9.8221239776908577E-012
           4          27   2.1572248238055460E-011
           4          28  -3.6552765936895942E-011
           4          29  -3.2574015921628465E-011
           5           1  -9.9704401288368322E-013
           5           2  -1.3371504590677656E-011
           5           3  -3.5504477880468853E-008
           5           4   1.8610484145616287E-008
           5           5   2.5618109265792905     
           5           6   4.0329808743129340E-010
           5           7   9.7657041676069672E-008
           5           8  -5.1190324739731218E-008
           5           9  -1.2676450250493596     
           5          10  -1.6822892649033107E-010
           5          11  -2.3894639901571121E-007
           5          12   1.2525164629641937E-007
           5          13  0.32174748038106915     
           5          14  -2.6205711878409528E-011
           5          15   3.2986829782241636E-007
           5          16  -1.7290943044981735E-007
           5          17   3.8810407407772467E-002
           5          18  -1.7506353606319214E-010
           5          19  -3.9461361139097138E-012
           5          20  -1.7526427696675869E-010
           5          21   2.8371626437526131E-011
           5          22   8.2121471994903540E-011
           5          23  -1.4967983230707855E-010
           5          24   1.0941176595026079E-010
           5          25   1.5689202468703603E-011
           5          26   1.1360712046542214E-010
           5          27  -1.1489012754000729E-010
           5          28  -3.3219744388697983E-010
           5          29   2.3803252009416402E-011
           6           1   2.5434388306697882     
           6           2  -7.4817475128761775     
           6           3   2.1342999218810801E-010
           6           4  -2.0503216219829428E-011
           6           5   4.0329808743129340E-010
           6           6   21.185097008441623     
           6           7  -1.1977381406485213E-010
           6           8  -8.3760418536760032E-011
           6           9  -1.1498000859067474E-010
           6          10  -1.3559097851403235     
           6          11   6.1398027731719415E-011
           6          12   1.6659939726190276E-010
           6          13   2.2685169312105893E-010
           6          14  0.60906845005513555     
           6          15  -1.5620260358943233E-010
           6          16  -5.5383286522175284E-010
           6          17  -2.2527303631864621E-010
           6          18  -6.8048793003021597     
           6          19   2.7321527946229389E-008
           6          20  -6.8048794054327502     
           6          21   3.0152991943773057E-006
           6          22  -1.5821239235555665E-006
           6          23  -6.8048837451959852     
           6          24 -0.23355676553367719     
           6          25  -9.8881005173478319E-008
           6          26 -0.23355633286198002     
           6          27  -1.2148074053920459E-005
           6          28   6.3740678219827206E-006
           6          29 -0.23353918967957399     
           7           1   2.6821932307822018E-012
           7           2  -3.6677521116291739E-012
           7           3  -1.2676451207864250     
           7           4   3.3229401416595352E-008
           7           5   9.7657041676069672E-008
           7           6  -1.1977381406485213E-010
           7           7   2.8728955505987877     
           7           8  -9.1075643689577321E-008
           7           9  -2.6860397659016108E-007
           7          10  -6.5711787002686633E-011
           7          11 -0.88508979921886799     
           7          12   2.2335681773999123E-007
           7          13   6.5730105109161460E-007
           7          14  -1.1718201644265364E-010
           7          15 -0.10257256925089249     
           7          16  -3.0925002647180903E-007
           7          17  -9.1203569662691260E-007
           7          18   3.5024370298045603E-011
           7          19  -1.0911204383013307E-010
           7          20   8.8011329722664959E-011
           7          21  -5.4563262702004249E-011
           7          22  -2.1733062201608759E-012
           7          23   4.6038356500886228E-011
           7          24   1.2970858769639243E-010
           7          25   4.4312231594502122E-010
           7          26  -8.4713474186856908E-011
           7          27   2.0927418635842410E-010
           7          28   7.4982033734922638E-012
           7          29   8.7577835081551097E-011
           8           1  -1.9193132828913516E-012
           8           2   7.3997604191705818E-012
           8           3   3.3230208226067899E-008
           8           4  -1.2676450769584391     
           8           5  -5.1190324739731218E-008
           8           6  -8.3760418536760032E-011
           8           7  -9.1075643689577321E-008
           8           8   2.8728954304727479     
           8           9   1.4079962405515656E-007
           8          10  -1.3434595512963360E-011
           8          11   2.2335696953512474E-007
           8          12 -0.88508950462811964     
           8          13  -3.4455083163531928E-007
           8          14  -3.1281101849948597E-010
           8          15  -3.0924949382290776E-007
           8          16 -0.10257297714430072     
           8          17   4.7808034107114830E-007
           8          18   2.0423123348030290E-011
           8          19  -2.0493961918638820E-011
           8          20   5.2411904322319602E-011
           8          21   1.2395317165254290E-011
           8          22  -2.7857737930370102E-011
           8          23   1.6490492327589746E-011
           8          24   7.9995824521719461E-011
           8          25   8.4686832835559772E-011
           8          26  -3.9417336239546741E-011
           8          27  -5.2482381612729703E-011
           8          28   1.0145764854044948E-010
           8          29   9.5359642748470094E-011
           9           1  -1.1925427431185105E-011
           9           2   3.7724583258578413E-011
           9           3   9.7656795324520196E-008
           9           4  -5.1189745106172799E-008
           9           5  -1.2676450250493596     
           9           6  -1.1498000859067474E-010
           9           7  -2.6860397659016108E-007
           9           8   1.4079962405515656E-007
           9           9   2.8728952865313566     
           9          10   4.1224166855422163E-010
           9          11   6.5731610096971466E-007
           9          12  -3.4455861431232843E-007
           9          13 -0.88508921612943292     
           9          14   5.1905869406472564E-011
           9          15  -9.1209566987034370E-007
           9          16   4.7811236921530053E-007
           9          17 -0.10257347098657281     
           9          18   3.6250261203877357E-011
           9          19   1.0058674345068348E-011
           9          20   3.8735285962559317E-011
           9          21  -7.7511157187477592E-011
           9          22  -2.2489696360408509E-010
           9          23  -2.7907709605985873E-011
           9          24  -2.6798776333350884E-010
           9          25  -3.9450440304965361E-011
           9          26  -2.7888684289518115E-010
           9          27   3.1426016750031296E-010
           9          28   9.0941092466726975E-010
           9          29  -3.5120685670564457E-011
          10           1  -2.4083221300017471E-002
          10           2  0.16625145672561337     
          10           3   3.8272450603389037E-011
          10           4   7.3282569621107699E-012
          10           5  -1.6822892649033107E-010
          10           6  -1.3559097851403235     
          10           7  -6.5711787002686633E-011
          10           8  -1.3434595512963360E-011
          10           9   4.1224166855422163E-010
          10          10   3.3504751638334129     
          10          11   5.0028843745128139E-012
          10          12  -1.3923470417510232E-010
          10          13  -5.8691827111955910E-010
          10          14 -0.68268074482111385     
          10          15   2.5208150029838792E-010
          10          16   8.1522738052975397E-010
          10          17   2.2507237759811957E-010
          10          18  0.18959801045847879     
          10          19  -8.7196972487313760E-007
          10          20  0.18959727517484232     
          10          21  -9.0928290562714833E-006
          10          22   4.7697129297115848E-006
          10          23  0.18960323010952274     
          10          24 -0.26460411247882454     
          10          25   2.5929603022963952E-006
          10          26 -0.26460219498264492     
          10          27   3.5220335779256916E-005
          10          28  -1.8476168698008488E-005
          10          29 -0.26463345226488016     
          11           1   1.2900642073663546E-012
          11           2  -4.8349540236499738E-012
          11           3  0.32174769154631577     
          11           4  -8.1487189534190743E-008
          11           5  -2.3894639901571121E-007
          11           6   6.1398027731719415E-011
          11           7 -0.88508979921886799     
          11           8   2.2335696953512474E-007
          11           9   6.5731610096971466E-007
          11          10   5.0028843745128139E-012
          11          11   2.1885313370322943     
          11          12  -5.4734080199081078E-007
          11          13  -1.6070597431231116E-006
          11          14   2.4995765551555855E-010
          11          15  0.18622893391213524     
          11          16   7.3598131029041455E-007
          11          17   2.1606887472909061E-006
          11          18   4.0133512534179261E-011
          11          19   2.7926185305982178E-010
          11          20  -1.0994538697038269E-010
          11          21   1.3806706985574032E-010
          11          22   5.5116678293651174E-012
          11          23   4.4500248142422758E-012
          11          24  -2.9909044065422184E-010
          11          25  -1.1336516876968490E-009
          11          26   3.2316654747570613E-010
          11          27  -5.2702317619102374E-010
          11          28  -1.9526418652636090E-011
          11          29  -1.2010740987491210E-010
          12           1   1.0067810004731537E-011
          12           2  -3.2803964572765156E-011
          12           3  -8.1490932887061041E-008
          12           4  0.32174758406863124     
          12           5   1.2525164629641937E-007
          12           6   1.6659939726190276E-010
          12           7   2.2335681773999123E-007
          12           8 -0.88508950462811964     
          12           9  -3.4455861431232843E-007
          12          10  -1.3923470417510232E-010
          12          11  -5.4734080199081078E-007
          12          12   2.1885306151579007     
          12          13   8.4240464914837900E-007
          12          14   7.3856060796901063E-010
          12          15   7.3598026147564553E-007
          12          16  0.18622990458337296     
          12          17  -1.1326109578545375E-006
          12          18  -2.3659131897136513E-011
          12          19   4.7725264992146573E-011
          12          20  -8.4298342964656423E-011
          12          21  -3.3244411625907071E-011
          12          22   7.1317493578749930E-011
          12          23  -1.7345801416859320E-011
          12          24  -9.0726097438766914E-011
          12          25  -1.9750851963113803E-010
          12          26   1.2994253503061684E-010
          12          27   1.3252360935800595E-010
          12          28  -2.5625889817357400E-010
          12          29  -1.2116549488030996E-010
          13           1   1.7735530834375888E-011
          13           2  -5.8584170962780676E-011
          13           3  -2.3893970302469617E-007
          13           4   1.2524889363038129E-007
          13           5  0.32174748038106915     
          13           6   2.2685169312105893E-010
          13           7   6.5730105109161460E-007
          13           8  -3.4455083163531928E-007
          13           9 -0.88508921612943292     
          13          10  -5.8691827111955910E-010
          13          11  -1.6070597431231116E-006
          13          12   8.4240464914837900E-007
          13          13   2.1885300753321175     
          13          14   9.5038899128174150E-013
          13          15   2.1607365645657490E-006
          13          16  -1.1326371986829855E-006
          13          17  0.18623062951826369     
          13          18  -7.9624285211094493E-011
          13          19  -2.4325044200745410E-011
          13          20  -8.7600369912643117E-011
          13          21   1.9545347577844456E-010
          13          22   5.6685145933479805E-010
          13          23   3.0216670541284120E-011
          13          24   3.8340569301044800E-010
          13          25   9.5599198842222699E-011
          13          26   4.0966650058296837E-010
          13          27  -7.9283977976549407E-010
          13          28  -2.2920813345260541E-009
          13          29  -1.2592519184399049E-011
          14           1   4.9650034548524874E-002
          14           2 -0.15403579589830885     
          14           3   4.4867819743284966E-011
          14           4   1.1343023176389078E-010
          14           5  -2.6205711878409528E-011
          14           6  0.60906845005513555     
          14           7  -1.1718201644265364E-010
          14           8  -3.1281101849948597E-010
          14           9   5.1905869406472564E-011
          14          10 -0.68268074482111385     
          14          11   2.4995765551555855E-010
          14          12   7.3856060796901063E-010
          14          13   9.5038899128174150E-013
          14          14   1.9813518012785347     
          14          15  -6.1737398564995983E-010
          14          16  -1.9273733391850605E-009
          14          17  -4.1420004224868041E-010
          14          18 -0.14839899899034453     
          14          19   7.5399607941026503E-008
          14          20 -0.14839882745748798     
          14          21  -2.6633669042988519E-006
          14          22   1.3975958847473887E-006
          14          23 -0.14839140703348694     
          14          24  0.12192370657668869     
          14          25  -5.6190594183292003E-007
          14          26  0.12192272270114923     
          14          27   1.0319009593501619E-005
          14          28  -5.4152594595747441E-006
          14          29  0.12189091638789445     
          15           1  -1.0518029624311826E-011
          15           2   3.5850994877689789E-011
          15           3   3.8810083158755435E-002
          15           4   1.1265665756737676E-007
          15           5   3.2986829782241636E-007
          15           6  -1.5620260358943233E-010
          15           7 -0.10257256925089249     
          15           8  -3.0924949382290776E-007
          15           9  -9.1209566987034370E-007
          15          10   2.5208150029838792E-010
          15          11  0.18622893391213524     
          15          12   7.3598026147564553E-007
          15          13   2.1607365645657490E-006
          15          14  -6.1737398564995983E-010
          15          15   1.6142624317936990E-002
          15          16   1.2942946810088680E-007
          15          17   3.8020804698296908E-007
          15          18  -2.4584449763232866E-010
          15          19  -7.8243066949832731E-010
          15          20   3.4650223707798241E-010
          15          21  -3.8349214510775230E-010
          15          22  -1.4950814649113451E-011
          15          23  -5.7377205673405380E-013
          15          24   1.1113761857313596E-009
          15          25   3.1752806588676202E-009
          15          26  -1.3083874436566818E-009
          15          27   1.4608266384661571E-009
          15          28   5.3567955264358617E-011
          15          29   6.5085640524164497E-011
          16           1  -3.8474816043404970E-011
          16           2   1.2679207444471032E-010
          16           3   1.1266075917514585E-007
          16           4   3.8810231744281373E-002
          16           5  -1.7290943044981735E-007
          16           6  -5.5383286522175284E-010
          16           7  -3.0925002647180903E-007
          16           8 -0.10257297714430072     
          16           9   4.7811236921530053E-007
          16          10   8.1522738052975397E-010
          16          11   7.3598131029041455E-007
          16          12  0.18622990458337296     
          16          13  -1.1326371986829855E-006
          16          14  -1.9273733391850605E-009
          16          15   1.2942946810088680E-007
          16          16   1.6142795017937545E-002
          16          17  -1.9930121628109139E-007
          16          18   1.5642743963958977E-010
          16          19  -9.7386800174260550E-011
          16          20   8.1233188371972567E-011
          16          21   9.2067015255252881E-011
          16          22  -1.9862753569572594E-010
          16          23   1.3274335861942250E-010
          16          24  -2.9374509585966390E-010
          16          25   4.0868598535838181E-010
          16          26   7.0239642029133399E-011
          16          27  -3.6942959999879853E-010
          16          28   7.1376657980745652E-010
          16          29  -1.8879368622420715E-010
          17           1  -1.4531016355570739E-011
          17           2   5.0927114750245138E-011
          17           3   3.2984348685251387E-007
          17           4  -1.7289762412322988E-007
          17           5   3.8810407407772467E-002
          17           6  -2.2527303631864621E-010
          17           7  -9.1203569662691260E-007
          17           8   4.7808034107114830E-007
          17           9 -0.10257347098657281     
          17          10   2.2507237759811957E-010
          17          11   2.1606887472909061E-006
          17          12  -1.1326109578545375E-006
          17          13  0.18623062951826369     
          17          14  -4.1420004224868041E-010
          17          15   3.8020804698296908E-007
          17          16  -1.9930121628109139E-007
          17          17   1.6142926883485641E-002
          17          18   5.7171243036802605E-011
          17          19   6.9849182641123190E-011
          17          20   7.7917875525623463E-011
          17          21  -5.4302293462245243E-010
          17          22  -1.5724492667499980E-009
          17          23   1.8947631808530229E-011
          17          24   9.1094664955487282E-012
          17          25  -2.7554201620537487E-010
          17          26  -6.6810781075388729E-011
          17          27   2.2035187128415210E-009
          17          28   6.3562839661924810E-009
          17          29   2.7956927180997991E-011
          18           1 -0.95362997550212214     
          18           2   2.7263397879407143     
          18           3  -8.8023618186588221E-011
          18           4   1.5855297593583208E-011
          18           5  -1.7506353606319214E-010
          18           6  -6.8048793003021597     
          18           7   3.5024370298045603E-011
          18           8   2.0423123348030290E-011
          18           9   3.6250261203877357E-011
          18          10  0.18959801045847879     
          18          11   4.0133512534179261E-011
          18          12  -2.3659131897136513E-011
          18          13  -7.9624285211094493E-011
          18          14 -0.14839899899034453     
          18          15  -2.4584449763232866E-010
          18          16   1.5642743963958977E-010
          18          17   5.7171243036802605E-011
          18          18   4.4156108973642372     
          18          19  -1.2244182101669081E-006
          18          20   1.4071057996803318     
          18          21   6.0516040612468075E-005
          18          22   2.9441548897299932E-005
          18          23   1.4556808358994833     
          18          24   3.1828807348261628E-002
          18          25   4.9903574503539057E-006
          18          26  0.21673629648506179     
          18          27  -2.4301657554353490E-004
          18          28  -1.1794498835467841E-004
          18          29   2.3047871722622772E-002
          19           1   6.4110526591938955E-009
          19           2  -2.0262141814215855E-008
          19           3   4.0279593292625817E-011
          19           4   8.8069339707434447E-012
          19           5  -3.9461361139097138E-012
          19           6   2.7321527946229389E-008
          19           7  -1.0911204383013307E-010
          19           8  -2.0493961918638820E-011
          19           9   1.0058674345068348E-011
          19          10  -8.7196972487313760E-007
          19          11   2.7926185305982178E-010
          19          12   4.7725264992146573E-011
          19          13  -2.4325044200745410E-011
          19          14   7.5399607941026503E-008
          19          15  -7.8243066949832731E-010
          19          16  -9.7386800174260550E-011
          19          17   6.9849182641123190E-011
          19          18  -1.2244182101669081E-006
          19          19   2.0056690161984365     
          19          20  -1.2243710610366270E-006
          19          21   3.6820956252122872E-005
          19          22  -7.0198069987834898E-005
          19          23   2.4806410610515091E-006
          19          24   5.5628572448906230E-006
          19          25 -0.12326739219146042     
          19          26   5.5627438093927862E-006
          19          27  -1.4779826846082189E-004
          19          28   2.8177295112823489E-004
          19          29  -9.2904508140430368E-006
          20           1 -0.95362997766031732     
          20           2   2.7263397967812022     
          20           3  -1.0874472604379559E-010
          20           4   3.9240656200204646E-012
          20           5  -1.7526427696675869E-010
          20           6  -6.8048794054327502     
          20           7   8.8011329722664959E-011
          20           8   5.2411904322319602E-011
          20           9   3.8735285962559317E-011
          20          10  0.18959727517484232     
          20          11  -1.0994538697038269E-010
          20          12  -8.4298342964656423E-011
          20          13  -8.7600369912643117E-011
          20          14 -0.14839882745748798     
          20          15   3.4650223707798241E-010
          20          16   8.1233188371972567E-011
          20          17   7.7917875525623463E-011
          20          18   1.4071057996803318     
          20          19  -1.2243710610366270E-006
          20          20   4.4156077209754017     
          20          21  -5.6154793784737205E-005
          20          22  -3.1760975355141035E-005
          20          23   1.4556841425984373     
          20          24  0.21673698691779827     
          20          25   4.9902461045263129E-006
          20          26   3.1842405805875884E-002
          20          27   2.2495948804314935E-004
          20          28   1.2754370785430797E-004
          20          29   2.3035404483564698E-002
          21           1   2.1260030596342547E-007
          21           2  -7.2251135190116307E-007
          21           3   1.9400219713288753E-011
          21           4  -5.5387208048030106E-012
          21           5   2.8371626437526131E-011
          21           6   3.0152991943773057E-006
          21           7  -5.4563262702004249E-011
          21           8   1.2395317165254290E-011
          21           9  -7.7511157187477592E-011
          21          10  -9.0928290562714833E-006
          21          11   1.3806706985574032E-010
          21          12  -3.3244411625907071E-011
          21          13   1.9545347577844456E-010
          21          14  -2.6633669042988519E-006
          21          15  -3.8349214510775230E-010
          21          16   9.2067015255252881E-011
          21          17  -5.4302293462245243E-010
          21          18   6.0516040612468075E-005
          21          19   3.6820956252122872E-005
          21          20  -5.6154793784737205E-005
          21          21   2.0700619714356714     
          21          22   1.3429198245882121E-005
          21          23  -6.3574765100995198E-006
          21          24  -2.4005711934957613E-004
          21          25  -1.4726203416649919E-004
          21          26   2.2655655387956086E-004
          21          27 -0.38080071203160659     
          21          28  -5.3822488277725192E-005
          21          29   2.7346101778212301E-005
          22           1  -1.1154369761165575E-007
          22           2   3.7908048142301178E-007
          22           3   7.2152732885579552E-013
          22           4   1.0003170276443837E-011
          22           5   8.2121471994903540E-011
          22           6  -1.5821239235555665E-006
          22           7  -2.1733062201608759E-012
          22           8  -2.7857737930370102E-011
          22           9  -2.2489696360408509E-010
          22          10   4.7697129297115848E-006
          22          11   5.5116678293651174E-012
          22          12   7.1317493578749930E-011
          22          13   5.6685145933479805E-010
          22          14   1.3975958847473887E-006
          22          15  -1.4950814649113451E-011
          22          16  -1.9862753569572594E-010
          22          17  -1.5724492667499980E-009
          22          18   2.9441548897299932E-005
          22          19  -7.0198069987834898E-005
          22          20  -3.1760975355141035E-005
          22          21   1.3429198245882121E-005
          22          22   2.0700805154803903     
          22          23   3.3669219343292612E-006
          22          24  -1.1878193134959162E-004
          22          25   2.8075059910174973E-004
          22          26   1.2599193277871841E-004
          22          27  -5.3822489465646170E-005
          22          28 -0.38087503381509225     
          22          29  -1.4471938155406500E-005
          23           1 -0.95363022969604816     
          23           2   2.7263406760862274     
          23           3  -9.5469127080023496E-011
          23           4   1.8438691832253056E-011
          23           5  -1.4967983230707855E-010
          23           6  -6.8048837451959852     
          23           7   4.6038356500886228E-011
          23           8   1.6490492327589746E-011
          23           9  -2.7907709605985873E-011
          23          10  0.18960323010952274     
          23          11   4.4500248142422758E-012
          23          12  -1.7345801416859320E-011
          23          13   3.0216670541284120E-011
          23          14 -0.14839140703348694     
          23          15  -5.7377205673405380E-013
          23          16   1.3274335861942250E-010
          23          17   1.8947631808530229E-011
          23          18   1.4556808358994833     
          23          19   2.4806410610515091E-006
          23          20   1.4556841425984373     
          23          21  -6.3574765100995198E-006
          23          22   3.3669219343292612E-006
          23          23   4.3670361908304223     
          23          24   2.3050716142088229E-002
          23          25  -9.9185523376941829E-006
          23          26   2.3037503235518716E-002
          23          27   2.6420909392364453E-005
          23          28  -1.3987213622190060E-005
          23          29  0.22552088065727044     
          24           1  -3.8892259119928427E-002
          24           2  0.10187269209872332     
          24           3  -5.1703434396931759E-011
          24           4  -3.0159046006321490E-011
          24           5   1.0941176595026079E-010
          24           6 -0.23355676553367719     
          24           7   1.2970858769639243E-010
          24           8   7.9995824521719461E-011
          24           9  -2.6798776333350884E-010
          24          10 -0.26460411247882454     
          24          11  -2.9909044065422184E-010
          24          12  -9.0726097438766914E-011
          24          13   3.8340569301044800E-010
          24          14  0.12192370657668869     
          24          15   1.1113761857313596E-009
          24          16  -2.9374509585966390E-010
          24          17   9.1094664955487282E-012
          24          18   3.1828807348261628E-002
          24          19   5.5628572448906230E-006
          24          20  0.21673698691779827     
          24          21  -2.4005711934957613E-004
          24          22  -1.1878193134959162E-004
          24          23   2.3050716142088229E-002
          24          24  0.81187597256100064     
          24          25  -2.1917294242251834E-005
          24          26 -0.74769572144062701     
          24          27   9.6512123446746301E-004
          24          28   4.7527521250384595E-004
          24          29   2.4613086636764051E-002
          25           1  -2.7735094625136467E-010
          25           2   8.7119813088694685E-009
          25           3  -1.6345487598918602E-010
          25           4  -3.6066053817553614E-011
          25           5   1.5689202468703603E-011
          25           6  -9.8881005173478319E-008
          25           7   4.4312231594502122E-010
          25           8   8.4686832835559772E-011
          25           9  -3.9450440304965361E-011
          25          10   2.5929603022963952E-006
          25          11  -1.1336516876968490E-009
          25          12  -1.9750851963113803E-010
          25          13   9.5599198842222699E-011
          25          14  -5.6190594183292003E-007
          25          15   3.1752806588676202E-009
          25          16   4.0868598535838181E-010
          25          17  -2.7554201620537487E-010
          25          18   4.9903574503539057E-006
          25          19 -0.12326739219146042     
          25          20   4.9902461045263129E-006
          25          21  -1.4726203416649919E-004
          25          22   2.8075059910174973E-004
          25          23  -9.9185523376941829E-006
          25          24  -2.1917294242251834E-005
          25          25   1.0396958037508444     
          25          26  -2.1916847189268470E-005
          25          27   5.9110504753864335E-004
          25          28  -1.1269242001503573E-003
          25          29   3.7850137359409835E-005
          26           1  -3.8892221479001177E-002
          26           2  0.10187257400214381     
          26           3   2.3440328742544889E-011
          26           4   9.8221239776908577E-012
          26           5   1.1360712046542214E-010
          26           6 -0.23355633286198002     
          26           7  -8.4713474186856908E-011
          26           8  -3.9417336239546741E-011
          26           9  -2.7888684289518115E-010
          26          10 -0.26460219498264492     
          26          11   3.2316654747570613E-010
          26          12   1.2994253503061684E-010
          26          13   4.0966650058296837E-010
          26          14  0.12192272270114923     
          26          15  -1.3083874436566818E-009
          26          16   7.0239642029133399E-011
          26          17  -6.6810781075388729E-011
          26          18  0.21673629648506179     
          26          19   5.5627438093927862E-006
          26          20   3.1842405805875884E-002
          26          21   2.2655655387956086E-004
          26          22   1.2599193277871841E-004
          26          23   2.3037503235518716E-002
          26          24 -0.74769572144062701     
          26          25  -2.1916847189268470E-005
          26          26  0.81181961905471078     
          26          27  -9.0650364812086201E-004
          26          28  -5.0653419297821273E-004
          26          29   2.4663705336584234E-002
          27           1  -8.1620820225624760E-007
          27           2   2.7965359368825653E-006
          27           3  -7.5232810054692059E-011
          27           4   2.1572248238055460E-011
          27           5  -1.1489012754000729E-010
          27           6  -1.2148074053920459E-005
          27           7   2.0927418635842410E-010
          27           8  -5.2482381612729703E-011
          27           9   3.1426016750031296E-010
          27          10   3.5220335779256916E-005
          27          11  -5.2702317619102374E-010
          27          12   1.3252360935800595E-010
          27          13  -7.9283977976549407E-010
          27          14   1.0319009593501619E-005
          27          15   1.4608266384661571E-009
          27          16  -3.6942959999879853E-010
          27          17   2.2035187128415210E-009
          27          18  -2.4301657554353490E-004
          27          19  -1.4779826846082189E-004
          27          20   2.2495948804314935E-004
          27          21 -0.38080071203160659     
          27          22  -5.3822489465646170E-005
          27          23   2.6420909392364453E-005
          27          24   9.6512123446746301E-004
          27          25   5.9110504753864335E-004
          27          26  -9.0650364812086201E-004
          27          27   2.0696750997879230     
          27          28   2.1571360509593215E-004
          27          29  -1.1225753913932275E-004
          28           1   4.2827284659092550E-007
