           1           1   2.2660124407356310     
           1           2 -0.79971199544930038     
           1           3   5.1882124143806135E-015
           1           4   1.9031590850255690E-014
           1           5  -2.5906130350416084E-014
           1           6  0.16211699491958434     
           1           7  -2.0807456448865275E-014
           1           8   1.9394238891681052E-014
           1           9   2.6268223375761046E-014
           2           1 -0.79971199544930038     
           2           2   2.4078474753376553     
           2           3  -9.7296610100066858E-015
           2           4   1.2532134826806393E-014
           2           5   3.7310790009698127E-014
           2           6 -0.57394584541336102     
           2           7   1.7332754921780228E-014
           2           8   1.1778475926766598E-014
           2           9  -4.6104802844432446E-014
           3           1   5.1882124143806135E-015
           3           2  -9.7296610100066858E-015
           3           3   2.0719123200770539     
           3           4  -4.5524766953286507E-002
           3           5   1.0999567832903942E-002
           3           6   4.2100966450041156E-015
           3           7 -0.32410667075884264     
           3           8  0.14781189976066819     
           3           9  -3.5713900954190997E-002
           4           1   1.9031590850255690E-014
           4           2   1.2532134826806393E-014
           4           3  -4.5524766953286507E-002
           4           4   2.1066482575401544     
           4           5  -1.5969261937384547E-002
           4           6   1.0028642221544199E-014
           4           7  0.14781189976067030     
           4           8 -0.43688890447242540     
           4           9   5.1849731535191526E-002
           5           1  -2.5906130350416084E-014
           5           2   3.7310790009698127E-014
           5           3   1.0999567832903942E-002
           5           4  -1.5969261937384547E-002
           5           5   2.0444134797913129     
           5           6  -2.0149819052623462E-014
           5           7  -3.5713900954191267E-002
           5           8   5.1849731535183755E-002
           5           9 -0.23482217583640083     
           6           1  0.16211699491958434     
           6           2 -0.57394584541336102     
           6           3   4.2100966450041156E-015
           6           4   1.0028642221544199E-014
           6           5  -2.0149819052623462E-014
           6           6   2.1372146471151012     
           6           7  -6.7227791739489337E-015
           6           8   3.7104313726639474E-015
           6           9   1.6591671779705983E-014
           7           1  -2.0807456448865275E-014
           7           2   1.7332754921780228E-014
           7           3 -0.32410667075884264     
           7           4  0.14781189976067030     
           7           5  -3.5713900954191267E-002
           7           6  -6.7227791739489337E-015
           7           7   1.4044328861008710     
           7           8 -0.47992245041515058     
           7           9  0.11595753039890247     
           8           1   1.9394238891681052E-014
           8           2   1.1778475926766598E-014
           8           3  0.14781189976066819     
           8           4 -0.43688890447242540     
           8           5   5.1849731535183755E-002
           8           6   3.7104313726639474E-015
           8           7 -0.47992245041515058     
           8           8   1.7706194113723450     
           8           9 -0.16834808464018575     
           9           1   2.6268223375761046E-014
           9           2  -4.6104802844432446E-014
           9           3  -3.5713900954190997E-002
           9           4   5.1849731535191526E-002
           9           5 -0.23482217583640083     
           9           6   1.6591671779705983E-014
           9           7  0.11595753039890247     
           9           8 -0.16834808464018575     
           9           9   1.1145398960463939     
