           1           1   2.2660124407356368     
           1           2 -0.79971199544930094     
           1           3  -5.4680143305438528E-016
           1           4   7.7206572263811992E-015
           1           5  -3.1981164424118584E-015
           1           6  0.16211699491958237     
           1           7  -2.3023801255402862E-016
           1           8   6.1801794963052300E-016
           1           9  -1.5139963030367883E-015
           2           1 -0.79971199544930094     
           2           2   2.4078474753376424     
           2           3  -4.1856925311877247E-015
           2           4  -2.6114422959988130E-014
           2           5   1.3230926126049059E-014
           2           6 -0.57394584541334792     
           2           7  -3.1656802415735414E-015
           2           8  -4.7589232209332049E-015
           2           9   1.1258013988596361E-015
           3           1  -5.4680143305438528E-016
           3           2  -4.1856925311877247E-015
           3           3   2.0623142089046920     
           3           4  -1.5764358342618936E-002
           3           5   3.0849845720536444E-002
           3           6  -3.4297519151389308E-015
           3           7 -0.28385855337095778     
           3           8   5.2984719885107272E-002
           3           9 -0.10368772381824719     
           4           1   7.7206572263811992E-015
           4           2  -2.6114422959988130E-014
           4           3  -1.5764358342618936E-002
           4           4   2.0636977499983358     
           4           5  -3.2233284962357465E-002
           4           6   1.9301732284066151E-016
           4           7   5.2984719885106002E-002
           4           8 -0.28850869743030100     
           4           9  0.10833752554901488     
           5           1  -3.1981164424118584E-015
           5           2   1.3230926126049059E-014
           5           3   3.0849845720536444E-002
           5           4  -3.2233284962357465E-002
           5           5   2.1103049370003628     
           5           6  -7.2319654107872058E-016
           5           7 -0.10368772381824777     
           5           8  0.10833752554901456     
           5           9 -0.44515755647449312     
           6           1  0.16211699491958237     
           6           2 -0.57394584541334792     
           6           3  -3.4297519151389308E-015
           6           4   1.9301732284066151E-016
           6           5  -7.2319654107872058E-016
           6           6   2.1372146471151057     
           6           7   1.6959463667683464E-014
           6           8   5.5623192837119978E-015
           6           9   7.4119764289851045E-015
           7           1  -2.3023801255402862E-016
           7           2  -3.1656802415735414E-015
           7           3 -0.28385855337095778     
           7           4   5.2984719885106002E-002
           7           5 -0.10368772381824777     
           7           6   1.6959463667683464E-014
           7           7   1.2432199381406868     
           7           8 -0.17808403490255081     
           7           9  0.34849911950944112     
           8           1   6.1801794963052300E-016
           8           2  -4.7589232209332049E-015
           8           3   5.2984719885107272E-002
           8           4 -0.28850869743030100     
           8           5  0.10833752554901456     
           8           6   5.5623192837119978E-015
           8           7 -0.17808403490255081     
           8           8   1.2588492821999129     
           8           9 -0.36412731298687578     
           9           1  -1.5139963030367883E-015
           9           2   1.1258013988596361E-015
           9           3 -0.10368772381824719     
           9           4  0.10833752554901488     
           9           5 -0.44515755647449312     
           9           6   7.4119764289851045E-015
           9           7  0.34849911950944112     
           9           8 -0.36412731298687578     
           9           9   1.7853531675080023     
