           1           1   2.4573477152203473     
           1           2  -1.2132880309610883     
           1           3  -1.6518605025400243E-013
           1           4  -4.5705382564383272E-013
           1           5   2.7109012748767206E-013
           1           6   2.6397469099705031     
           1           7   2.3899267751512000E-013
           1           8  -1.5939927933956420E-013
           1           9   2.9886048300947201E-013
           1          10 -0.80169212949973501     
           1          11  -2.9727774107392393E-013
           1          12   3.1361095414893581E-013
           1          13  -2.3415417919580005E-013
           1          14   1.9162701085278969E-002
           1          15   6.4225147297627290E-013
           1          16  -5.8514971790725863E-014
           1          17  -4.9191499459703954E-013
           1          18 -0.96516915588173524     
           1          19   2.2373039762181531E-014
           1          20 -0.96516915588175389     
           1          21   3.3563388100688193E-015
           1          22   1.1543873237360759E-014
           1          23 -0.96516915588171903     
           1          24  0.31491181494147469     
           1          25  -1.3757018299673465E-014
           1          26  0.31491181494146930     
           1          27   1.8691237328932752E-015
           1          28   2.3639553710573958E-015
           1          29  0.31491181494150866     
           2           1  -1.2132880309610883     
           2           2   3.2915067935145590     
           2           3   3.0666735848685161E-013
           2           4   7.3714555873602520E-013
           2           5  -6.0621296427594687E-013
           2           6  -7.9235110344699287     
           2           7  -5.3714934593740079E-013
           2           8   2.2700598747170063E-013
           2           9  -2.2410571384524502E-013
           2          10   2.5834384519464693     
           2          11   7.6424782001565364E-013
           2          12  -2.5100060853195214E-013
           2          13  -1.9362588344576068E-013
           2          14  -7.0257913603390773E-002
           2          15  -2.0476314726277028E-012
           2          16   1.1214262953438473E-012
           2          17   1.1885493202411898E-012
           2          18   2.8192714084777792     
           2          19  -5.0381791312397616E-014
           2          20   2.8192714084777846     
           2          21  -9.2362390692809223E-015
           2          22  -1.6303967456122578E-014
           2          23   2.8192714084777530     
           2          24 -0.99398009678008592     
           2          25   2.5231771308069488E-014
           2          26 -0.99398009678009847     
           2          27  -1.2008842304023703E-014
           2          28  -2.2726890542288125E-014
           2          29 -0.99398009678008148     
           3           1  -1.6518605025400243E-013
           3           2   3.0666735848685161E-013
           3           3   2.6996410322554940     
           3           4  -2.5093398497218045E-014
           3           5   7.9497497992654050E-014
           3           6  -3.1212510027560998E-013
           3           7  -1.4493993704432091     
           3           8   4.8764594795226677E-014
           3           9  -1.1732498652755675E-013
           3          10  -1.9676231222733149E-014
           3          11  0.37166440346857454     
           3          12  -2.7140616150042860E-014
           3          13  -5.4534501924988731E-014
           3          14  -1.4725253371638191E-012
           3          15  -3.5098713700892896E-002
           3          16   6.2866378993315290E-015
           3          17   6.3784481203323813E-014
           3          18   1.2032195127572768E-013
           3          19   4.4884774949472038E-014
           3          20   7.7737986950507909E-014
           3          21  -2.7451940684345573E-014
           3          22  -5.0957830049473857E-014
           3          23  -9.8684368235925588E-014
           3          24   2.0252953339453655E-013
           3          25   4.7018776145422220E-014
           3          26   2.8628158953065805E-013
           3          27  -1.4865265376849805E-014
           3          28  -3.5459833516096299E-015
           3          29   2.1125312329353510E-013
           4           1  -4.5705382564383272E-013
           4           2   7.3714555873602520E-013
           4           3  -2.5093398497218045E-014
           4           4   2.6996410322555544     
           4           5   5.5865143241347251E-014
           4           6  -1.6623801286950195E-012
           4           7  -1.5079083812460940E-014
           4           8  -1.4493993704431185     
           4           9  -1.9436774238909884E-013
           4          10  -3.0401266022949984E-012
           4          11  -4.1196863635412307E-014
           4          12  0.37166440346841745     
           4          13   3.3458912729006144E-014
           4          14   7.8739393363878774E-013
           4          15   6.9451172265994305E-014
           4          16  -3.5098713700992053E-002
           4          17   6.3703816510397452E-014
           4          18   9.1087371960770376E-013
           4          19   4.7531561114798652E-014
           4          20   1.1033024039240953E-012
           4          21  -2.4088796360259324E-014
           4          22   2.3023842495937191E-013
           4          23   6.9284778473694347E-013
           4          24   1.2737187791634230E-012
           4          25   1.3144117639785553E-013
           4          26   1.1041373729297550E-012
           4          27   1.0143467256210349E-015
           4          28   3.6217326250629286E-014
           4          29   1.2264483446255294E-012
           5           1   2.7109012748767206E-013
           5           2  -6.0621296427594687E-013
           5           3   7.9497497992654050E-014
           5           4   5.5865143241347251E-014
           5           5   2.6996410322555646     
           5           6   7.4060689563110962E-013
           5           7  -4.4348205659288195E-014
           5           8  -8.7470829192900423E-014
           5           9  -1.4493993704431227     
           5          10   5.1733657851461871E-012
           5          11   1.2060404757132141E-013
           5          12   7.5363326695626345E-014
           5          13  0.37166440346843116     
           5          14   1.1937703120765795E-012
           5          15   6.6995020980856528E-015
           5          16   6.5893254377233984E-014
           5          17  -3.5098713700887900E-002
           5          18  -3.6893600079380617E-013
           5          19   2.9120717435120690E-014
           5          20  -3.6120782367842523E-013
           5          21  -1.2695478130114865E-014
           5          22  -6.2219012203742514E-014
           5          23  -5.4840696591705680E-013
           5          24  -2.3527783820934363E-012
           5          25   1.5167084290296888E-013
           5          26  -2.3998516806981858E-012
           5          27   8.9521959207836690E-014
           5          28  -1.0222656541841161E-013
           5          29  -2.3134889847163816E-012
           6           1   2.6397469099705031     
           6           2  -7.9235110344699287     
           6           3  -3.1212510027560998E-013
           6           4  -1.6623801286950195E-012
           6           5   7.4060689563110962E-013
           6           6   22.292053021407042     
           6           7   1.7416698505337144E-012
           6           8  -8.2778226790321972E-013
           6           9   8.1553909696624953E-014
           6          10  -8.5107198260686054     
           6          11  -3.0218887084040001E-012
           6          12   1.0665796557699920E-012
           6          13   1.4159009336176086E-012
           6          14  0.38041154732746146     
           6          15   8.6205678109485786E-012
           6          16  -4.6435015105236016E-012
           6          17  -5.4618269516094578E-012
           6          18  -7.0337984441985402     
           6          19   1.9870268972195989E-013
           6          20  -7.0337984441977159     
           6          21  -9.4652281559289907E-015
           6          22   6.6195901793873653E-014
           6          23  -7.0337984441963091     
           6          24   3.0300663610413525     
           6          25  -9.4438606437817535E-014
           6          26   3.0300663610410874     
           6          27   6.0468437594585294E-014
           6          28   9.7244581249111217E-014
           6          29   3.0300663610404834     
           7           1   2.3899267751512000E-013
           7           2  -5.3714934593740079E-013
           7           3  -1.4493993704432091     
           7           4  -1.5079083812460940E-014
           7           5  -4.4348205659288195E-014
           7           6   1.7416698505337144E-012
           7           7   3.0161593742340953     
           7           8  -4.3433572716976490E-014
           7           9   2.9637750576700376E-014
           7          10  -1.9437245668562299E-012
           7          11 -0.94121510674718623     
           7          12   2.9096083198699700E-014
           7          13   2.8503241461158532E-014
           7          14   4.0352410482412806E-012
           7          15   9.0827185588198772E-002
           7          16   5.7478761276578383E-014
           7          17  -8.5090354988652582E-014
           7          18  -4.5497746694468387E-013
           7          19   1.0696836013217189E-013
           7          20  -4.5603119306156622E-013
           7          21   5.2743620673892496E-014
           7          22  -6.6704416011407733E-014
           7          23  -4.5863923011148586E-013
           7          24   5.1403942732480209E-013
           7          25  -5.1907226319765870E-014
           7          26   2.7613941880840589E-013
           7          27  -1.7961639614296059E-013
           7          28   1.3231576597774302E-013
           7          29   3.0554944969682940E-013
           8           1  -1.5939927933956420E-013
           8           2   2.2700598747170063E-013
           8           3   4.8764594795226677E-014
           8           4  -1.4493993704431185     
           8           5  -8.7470829192900423E-014
           8           6  -8.2778226790321972E-013
           8           7  -4.3433572716976490E-014
           8           8   3.0161593742340220     
           8           9   8.2052420464371259E-015
           8          10   2.6957605597230377E-012
           8          11   4.2171995079715365E-014
           8          12 -0.94121510674712727     
           8          13  -3.1396760205139151E-014
           8          14  -1.9463247576236132E-012
           8          15  -1.9892507836929221E-014
           8          16   9.0827185588099685E-002
           8          17   5.6043277701210157E-014
           8          18   3.1423032555475360E-013
           8          19  -3.2774263909115983E-014
           8          20  -5.9814592903955339E-014
           8          21  -1.9225828298798326E-014
           8          22  -2.0435967530374544E-013
           8          23   3.6430047313523858E-013
           8          24  -1.2732428796877296E-012
           8          25  -6.1085915792007291E-014
           8          26  -5.7944076687706775E-013
           8          27  -3.6091138749182474E-014
           8          28   8.7078180899076884E-014
           8          29  -1.0462792299052737E-012
           9           1   2.9886048300947201E-013
           9           2  -2.2410571384524502E-013
           9           3  -1.1732498652755675E-013
           9           4  -1.9436774238909884E-013
           9           5  -1.4493993704431227     
           9           6   8.1553909696624953E-014
           9           7   2.9637750576700376E-014
           9           8   8.2052420464371259E-015
           9           9   3.0161593742340411     
           9          10   1.7267089913246378E-012
           9          11  -3.0699401326908684E-014
           9          12   8.3908574397902006E-015
           9          13 -0.94121510674718634     
           9          14  -2.8484598470696259E-012
           9          15  -4.8335902118346204E-015
           9          16   8.1065579640500222E-014
           9          17   9.0827185588110190E-002
           9          18  -1.3969068476349554E-013
           9          19   1.0365359535435595E-013
           9          20  -1.4103915047834517E-013
           9          21   1.4004680892599357E-013
           9          22  -1.4472933883819529E-013
           9          23  -1.0354994709296213E-013
           9          24  -4.1177240772328203E-013
           9          25  -2.5603272088615761E-013
           9          26  -4.8274083033281916E-013
           9          27  -2.8531459356763283E-013
           9          28   1.5684151914883617E-013
           9          29  -4.3043453656349171E-013
          10           1 -0.80169212949973501     
          10           2   2.5834384519464693     
          10           3  -1.9676231222733149E-014
          10           4  -3.0401266022949984E-012
          10           5   5.1733657851461871E-012
          10           6  -8.5107198260686054     
          10           7  -1.9437245668562299E-012
          10           8   2.6957605597230377E-012
          10           9   1.7267089913246378E-012
          10          10   9.1507522207414773     
          10          11   3.3099311845584937E-012
          10          12  -2.2585411298426320E-012
          10          13  -2.5061188782369653E-012
          10          14 -0.97635010855789539     
          10          15  -1.0099722131533224E-011
          10          16   5.7084762930714284E-012
          10          17   7.5014126259957578E-012
          10          18   2.3915430307755896     
          10          19   4.3957943386829722E-014
          10          20   2.3915430307827275     
          10          21  -3.2241438960846722E-013
          10          22  -7.3293696982566432E-014
          10          23   2.3915430307733070     
          10          24  -2.1613674249068859     
          10          25   1.3516188733111524E-013
          10          26  -2.1613674249316341     
          10          27  -4.1416450571305214E-013
          10          28  -4.3537744970297524E-014
          10          29  -2.1613674249010959     
          11           1  -2.9727774107392393E-013
          11           2   7.6424782001565364E-013
          11           3  0.37166440346857454     
          11           4  -4.1196863635412307E-014
          11           5   1.2060404757132141E-013
          11           6  -3.0218887084040001E-012
          11           7 -0.94121510674718623     
          11           8   4.2171995079715365E-014
          11           9  -3.0699401326908684E-014
          11          10   3.3099311845584937E-012
          11          11   2.3660557689979851     
          11          12  -3.6425723594118022E-014
          11          13  -1.0158540747881090E-014
          11          14  -1.0442110461432100E-011
          11          15 -0.30253584604054634     
          11          16   3.2102792799789670E-014
          11          17  -3.3020459036695916E-015
          11          18   8.7293668029145187E-013
          11          19  -5.1991840785981492E-014
          11          20   6.7561000207198493E-013
          11          21  -1.7648738639240154E-013
          11          22   1.1464185807858389E-013
          11          23   6.7737632066867409E-013
          11          24  -4.3145783206205687E-013
          11          25   1.9310736663885643E-014
          11          26   5.3642561176848503E-015
          11          27   2.8460197104926549E-013
          11          28  -4.1115395488759226E-013
          11          29  -1.2856521039047773E-013
          12           1   3.1361095414893581E-013
          12           2  -2.5100060853195214E-013
          12           3  -2.7140616150042860E-014
          12           4  0.37166440346841745     
          12           5   7.5363326695626345E-014
          12           6   1.0665796557699920E-012
          12           7   2.9096083198699700E-014
          12           8 -0.94121510674712727     
          12           9   8.3908574397902006E-015
          12          10  -2.2585411298426320E-012
          12          11  -3.6425723594118022E-014
          12          12   2.3660557689978106     
          12          13   9.7987590299832208E-014
          12          14   5.1117174498335680E-012
          12          15   1.3947870651513715E-013
          12          16 -0.30253584604038913     
          12          17  -9.5003866001669732E-014
          12          18  -4.6639510835606456E-013
          12          19  -1.1058107481559144E-013
          12          20   9.1455372186912283E-014
          12          21   5.1055849314470289E-014
          12          22  -2.6547235049002648E-014
          12          23  -3.3641788600727886E-013
          12          24   1.0496595632472942E-012
          12          25   2.0335850132822552E-013
          12          26  -4.6525406460311517E-013
          12          27   1.5822074390821731E-013
          12          28  -1.0408813120611096E-013
          12          29   5.5779209842864945E-013
          13           1  -2.3415417919580005E-013
          13           2  -1.9362588344576068E-013
          13           3  -5.4534501924988731E-014
          13           4   3.3458912729006144E-014
          13           5  0.37166440346843116     
          13           6   1.4159009336176086E-012
          13           7   2.8503241461158532E-014
          13           8  -3.1396760205139151E-014
          13           9 -0.94121510674718634     
          13          10  -2.5061188782369653E-012
          13          11  -1.0158540747881090E-014
          13          12   9.7987590299832208E-014
          13          13   2.3660557689978488     
          13          14   7.8145471197209693E-012
          13          15  -1.3839623662449229E-014
          13          16  -3.3036073993344056E-014
          13          17 -0.30253584604046502     
          13          18  -2.5623603847704547E-013
          13          19  -1.2915826433364465E-013
          13          20  -2.7452647678043602E-013
          13          21  -3.1229154961320598E-013
          13          22   2.3158648988647798E-013
          13          23  -2.6144481674865847E-013
          13          24   7.2136515796018674E-014
          13          25   4.3744838558904996E-013
          13          26   3.1302672367702494E-013
          13          27   5.6618893981450369E-013
          13          28  -5.1042741098429634E-013
          13          29   1.0871556438501903E-013
          14           1   1.9162701085278969E-002
          14           2  -7.0257913603390773E-002
          14           3  -1.4725253371638191E-012
          14           4   7.8739393363878774E-013
          14           5   1.1937703120765795E-012
          14           6  0.38041154732746146     
          14           7   4.0352410482412806E-012
          14           8  -1.9463247576236132E-012
          14           9  -2.8484598470696259E-012
          14          10 -0.97635010855789539     
          14          11  -1.0442110461432100E-011
          14          12   5.1117174498335680E-012
          14          13   7.8145471197209693E-012
          14          14   2.1503737015354489     
          14          15   3.3364528570890091E-011
          14          16  -1.6378538979266213E-011
          14          17  -2.4504918671019545E-011
          14          18  -7.6769766768140846E-002
          14          19   1.0890485020950610E-013
          14          20  -7.6769766767894862E-002
          14          21  -8.1906355634666487E-014
          14          22  -1.4055307384525902E-013
          14          23  -7.6769766768260361E-002
          14          24  0.16925312899866868     
          14          25  -2.9006329148267685E-013
          14          26  0.16925312899816564     
          14          27   2.1547340515415274E-013
          14          28   4.1080981233177935E-013
          14          29  0.16925312899842648     
          15           1   6.4225147297627290E-013
          15           2  -2.0476314726277028E-012
          15           3  -3.5098713700892896E-002
          15           4   6.9451172265994305E-014
          15           5   6.6995020980856528E-015
          15           6   8.6205678109485786E-012
          15           7   9.0827185588198772E-002
          15           8  -1.9892507836929221E-014
          15           9  -4.8335902118346204E-015
          15          10  -1.0099722131533224E-011
          15          11 -0.30253584604054634     
          15          12   1.3947870651513715E-013
          15          13  -1.3839623662449229E-014
          15          14   3.3364528570890091E-011
          15          15   1.0837258295124275     
          15          16   1.0881838538564603E-014
          15          17  -1.1586544102020561E-014
          15          18  -2.3551828929206391E-012
          15          19   8.0209428679581413E-014
          15          20  -1.5959691368779858E-012
          15          21   3.0061960565989782E-013
          15          22  -3.4496873450962326E-013
          15          23  -2.1207595442427548E-012
          15          24   1.2304857410973728E-012
          15          25  -1.8754986814381375E-013
          15          26  -7.1027762475990287E-013
          15          27  -9.0638870759097973E-013
          15          28   9.4007477800383489E-013
          15          29   7.1084663496948328E-013
          16           1  -5.8514971790725863E-014
          16           2   1.1214262953438473E-012
          16           3   6.2866378993315290E-015
          16           4  -3.5098713700992053E-002
          16           5   6.5893254377233984E-014
          16           6  -4.6435015105236016E-012
          16           7   5.7478761276578383E-014
          16           8   9.0827185588099685E-002
          16           9   8.1065579640500222E-014
          16          10   5.7084762930714284E-012
          16          11   3.2102792799789670E-014
          16          12 -0.30253584604038913     
          16          13  -3.3036073993344056E-014
          16          14  -1.6378538979266213E-011
          16          15   1.0881838538564603E-014
          16          16   1.0837258295124410     
          16          17   9.1033141827959803E-015
          16          18   1.9225697570222446E-012
          16          19   3.5662530921322418E-013
          16          20   1.0894767670371979E-013
          16          21   2.8945577917800723E-013
          16          22  -1.5039227459716118E-013
          16          23   1.3168358807596557E-012
          16          24  -2.5727500656409445E-012
          16          25  -7.9350879656463100E-013
          16          26   2.0262388395246386E-012
          16          27  -4.3307265164283811E-013
          16          28   3.6904453856209370E-013
          16          29  -9.9030747253170659E-013
          17           1  -4.9191499459703954E-013
          17           2   1.1885493202411898E-012
          17           3   6.3784481203323813E-014
          17           4   6.3703816510397452E-014
          17           5  -3.5098713700887900E-002
          17           6  -5.4618269516094578E-012
          17           7  -8.5090354988652582E-014
          17           8   5.6043277701210157E-014
          17           9   9.0827185588110190E-002
          17          10   7.5014126259957578E-012
          17          11  -3.3020459036695916E-015
          17          12  -9.5003866001669732E-014
          17          13 -0.30253584604046502     
          17          14  -2.4504918671019545E-011
          17          15  -1.1586544102020561E-014
          17          16   9.1033141827959803E-015
          17          17   1.0837258295124195     
          17          18   1.0608561979366854E-012
          17          19   4.7275624251019959E-013
          17          20   1.3629166460239545E-012
          17          21   6.9414368542376789E-013
          17          22  -5.7329256626101802E-013
          17          23   1.2039607070062271E-012
          17          24  -2.4661084474636629E-014
          17          25  -1.4140671413184279E-012
          17          26  -8.0672648251968238E-013
          17          27  -2.0695918049293737E-012
          17          28   1.5401318354634897E-012
          17          29  -3.3952553783953918E-013
          18           1 -0.96516915588173524     
          18           2   2.8192714084777792     
          18           3   1.2032195127572768E-013
          18           4   9.1087371960770376E-013
          18           5  -3.6893600079380617E-013
          18           6  -7.0337984441985402     
          18           7  -4.5497746694468387E-013
          18           8   3.1423032555475360E-013
          18           9  -1.3969068476349554E-013
          18          10   2.3915430307755896     
          18          11   8.7293668029145187E-013
          18          12  -4.6639510835606456E-013
          18          13  -2.5623603847704547E-013
          18          14  -7.6769766768140846E-002
          18          15  -2.3551828929206391E-012
          18          16   1.9225697570222446E-012
          18          17   1.0608561979366854E-012
          18          18   4.6695468468064645     
          18          19  -7.3899924582078179E-014
          18          20   1.3179492213918049     
          18          21  -8.0176388485325997E-015
          18          22  -3.7053531808699046E-014
          18          23   1.3179492213911246     
          18          24  -1.6245857524163241     
          18          25   2.5646729581640716E-014
          18          26 -0.53903807200789000     
          18          27  -9.7884265850782237E-015
          18          28  -1.7689788036583423E-014
          18          29 -0.53903807200754850     
          19           1   2.2373039762181531E-014
          19           2  -5.0381791312397616E-014
          19           3   4.4884774949472038E-014
          19           4   4.7531561114798652E-014
          19           5   2.9120717435120690E-014
          19           6   1.9870268972195989E-013
          19           7   1.0696836013217189E-013
          19           8  -3.2774263909115983E-014
          19           9   1.0365359535435595E-013
          19          10   4.3957943386829722E-014
          19          11  -5.1991840785981492E-014
          19          12  -1.1058107481559144E-013
          19          13  -1.2915826433364465E-013
          19          14   1.0890485020950610E-013
          19          15   8.0209428679581413E-014
          19          16   3.5662530921322418E-013
          19          17   4.7275624251019959E-013
          19          18  -7.3899924582078179E-014
          19          19   2.2343984169429056     
          19          20  -4.8043003810973489E-014
          19          21  -7.2831975503880108E-015
          19          22   8.7725508278507784E-016
          19          23  -5.9377361742333419E-014
          19          24  -3.4407716374694121E-015
          19          25 -0.72369845360561047     
          19          26  -8.5845340916611364E-014
          19          27   2.0685323842304528E-014
          19          28   9.6689962894644082E-015
          19          29  -3.3621490672385791E-014
          20           1 -0.96516915588175389     
          20           2   2.8192714084777846     
          20           3   7.7737986950507909E-014
          20           4   1.1033024039240953E-012
          20           5  -3.6120782367842523E-013
          20           6  -7.0337984441977159     
          20           7  -4.5603119306156622E-013
          20           8  -5.9814592903955339E-014
          20           9  -1.4103915047834517E-013
          20          10   2.3915430307827275     
          20          11   6.7561000207198493E-013
          20          12   9.1455372186912283E-014
          20          13  -2.7452647678043602E-013
          20          14  -7.6769766767894862E-002
          20          15  -1.5959691368779858E-012
          20          16   1.0894767670371979E-013
          20          17   1.3629166460239545E-012
          20          18   1.3179492213918049     
          20          19  -4.8043003810973489E-014
          20          20   4.6695468468058055     
          20          21   1.6728246438841829E-015
          20          22  -1.4783802345458445E-014
          20          23   1.3179492213907935     
          20          24 -0.53903807201117382     
          20          25   2.2534635665898576E-014
          20          26  -1.6245857524195015     
          20          27  -1.2172261901760820E-014
          20          28  -3.0031478206303230E-014
          20          29 -0.53903807201077136     
          21           1   3.3563388100688193E-015
          21           2  -9.2362390692809223E-015
          21           3  -2.7451940684345573E-014
          21           4  -2.4088796360259324E-014
          21           5  -1.2695478130114865E-014
          21           6  -9.4652281559289907E-015
          21           7   5.2743620673892496E-014
          21           8  -1.9225828298798326E-014
          21           9   1.4004680892599357E-013
          21          10  -3.2241438960846722E-013
          21          11  -1.7648738639240154E-013
          21          12   5.1055849314470289E-014
          21          13  -3.1229154961320598E-013
          21          14  -8.1906355634666487E-014
          21          15   3.0061960565989782E-013
          21          16   2.8945577917800723E-013
          21          17   6.9414368542376789E-013
          21          18  -8.0176388485325997E-015
          21          19  -7.2831975503880108E-015
          21          20   1.6728246438841829E-015
          21          21   2.2343984169429025     
          21          22  -1.4015909234682895E-015
          21          23   2.7617769771229784E-015
          21          24   1.7111192761778237E-013
          21          25  -2.1965529438250887E-015
          21          26   1.5123481550868379E-013
          21          27 -0.72369845360560037     
          21          28  -1.1774469476228619E-015
          21          29   1.4468658675264147E-013
          22           1   1.1543873237360759E-014
          22           2  -1.6303967456122578E-014
          22           3  -5.0957830049473857E-014
          22           4   2.3023842495937191E-013
          22           5  -6.2219012203742514E-014
          22           6   6.6195901793873653E-014
          22           7  -6.6704416011407733E-014
          22           8  -2.0435967530374544E-013
          22           9  -1.4472933883819529E-013
          22          10  -7.3293696982566432E-014
          22          11   1.1464185807858389E-013
          22          12  -2.6547235049002648E-014
          22          13   2.3158648988647798E-013
          22          14  -1.4055307384525902E-013
          22          15  -3.4496873450962326E-013
          22          16  -1.5039227459716118E-013
          22          17  -5.7329256626101802E-013
          22          18  -3.7053531808699046E-014
          22          19   8.7725508278507784E-016
          22          20  -1.4783802345458445E-014
          22          21  -1.4015909234682895E-015
          22          22   2.2343984169428897     
          22          23  -1.3284350740883708E-014
          22          24   6.6319212630263075E-014
          22          25  -1.6696252670269975E-014
          22          26   1.1890962528984593E-014
          22          27   8.6251086498500081E-015
          22          28 -0.72369845360558782     
          22          29   4.5264223281086064E-014
          23           1 -0.96516915588171903     
          23           2   2.8192714084777530     
          23           3  -9.8684368235925588E-014
          23           4   6.9284778473694347E-013
          23           5  -5.4840696591705680E-013
          23           6  -7.0337984441963091     
          23           7  -4.5863923011148586E-013
          23           8   3.6430047313523858E-013
          23           9  -1.0354994709296213E-013
          23          10   2.3915430307733070     
          23          11   6.7737632066867409E-013
          23          12  -3.3641788600727886E-013
          23          13  -2.6144481674865847E-013
          23          14  -7.6769766768260361E-002
          23          15  -2.1207595442427548E-012
          23          16   1.3168358807596557E-012
          23          17   1.2039607070062271E-012
          23          18   1.3179492213911246     
          23          19  -5.9377361742333419E-014
          23          20   1.3179492213907935     
          23          21   2.7617769771229784E-015
          23          22  -1.3284350740883708E-014
          23          23   4.6695468468044670     
          23          24 -0.53903807200686793     
          23          25   2.4287140057457189E-014
          23          26 -0.53903807200682896     
          23          27  -1.4783481518989042E-014
          23          28  -2.2410404295539694E-014
          23          29  -1.6245857524148710     
          24           1  0.31491181494147469     
          24           2 -0.99398009678008592     
          24           3   2.0252953339453655E-013
          24           4   1.2737187791634230E-012
          24           5  -2.3527783820934363E-012
          24           6   3.0300663610413525     
          24           7   5.1403942732480209E-013
          24           8  -1.2732428796877296E-012
          24           9  -4.1177240772328203E-013
          24          10  -2.1613674249068859     
          24          11  -4.3145783206205687E-013
          24          12   1.0496595632472942E-012
          24          13   7.2136515796018674E-014
          24          14  0.16925312899866868     
          24          15   1.2304857410973728E-012
          24          16  -2.5727500656409445E-012
          24          17  -2.4661084474636629E-014
          24          18  -1.6245857524163241     
          24          19  -3.4407716374694121E-015
          24          20 -0.53903807201117382     
          24          21   1.7111192761778237E-013
          24          22   6.6319212630263075E-014
          24          23 -0.53903807200686793     
          24          24   2.8179635896363533     
          24          25  -2.3694205559755211E-014
          24          26 -0.53363403576685575     
          24          27   1.5334702468277616E-013
          24          28  -2.1663024534101208E-014
          24          29 -0.53363403578055169     
          25           1  -1.3757018299673465E-014
          25           2   2.5231771308069488E-014
          25           3   4.7018776145422220E-014
          25           4   1.3144117639785553E-013
          25           5   1.5167084290296888E-013
          25           6  -9.4438606437817535E-014
          25           7  -5.1907226319765870E-014
          25           8  -6.1085915792007291E-014
          25           9  -2.5603272088615761E-013
          25          10   1.3516188733111524E-013
          25          11   1.9310736663885643E-014
          25          12   2.0335850132822552E-013
          25          13   4.3744838558904996E-013
          25          14  -2.9006329148267685E-013
          25          15  -1.8754986814381375E-013
          25          16  -7.9350879656463100E-013
          25          17  -1.4140671413184279E-012
          25          18   2.5646729581640716E-014
          25          19 -0.72369845360561047     
          25          20   2.2534635665898576E-014
          25          21  -2.1965529438250887E-015
          25          22  -1.6696252670269975E-014
          25          23   2.4287140057457189E-014
          25          24  -2.3694205559755211E-014
          25          25   2.2343984169428941     
          25          26  -2.9179401191233719E-014
          25          27   3.5985212204502452E-015
          25          28   1.8214596495471499E-015
          25          29  -2.2815568119481182E-014
          26           1  0.31491181494146930     
          26           2 -0.99398009678009847     
          26           3   2.8628158953065805E-013
          26           4   1.1041373729297550E-012
          26           5  -2.3998516806981858E-012
          26           6   3.0300663610410874     
          26           7   2.7613941880840589E-013
          26           8  -5.7944076687706775E-013
          26           9  -4.8274083033281916E-013
          26          10  -2.1613674249316341     
          26          11   5.3642561176848503E-015
          26          12  -4.6525406460311517E-013
          26          13   3.1302672367702494E-013
          26          14  0.16925312899816564     
          26          15  -7.1027762475990287E-013
          26          16   2.0262388395246386E-012
          26          17  -8.0672648251968238E-013
          26          18 -0.53903807200789000     
          26          19  -8.5845340916611364E-014
          26          20  -1.6245857524195015     
          26          21   1.5123481550868379E-013
          26          22   1.1890962528984593E-014
          26          23 -0.53903807200682896     
          26          24 -0.53363403576685575     
          26          25  -2.9179401191233719E-014
          26          26   2.8179635896586577     
          26          27   1.5186773923879026E-013
          26          28  -3.1533601112660622E-014
          26          29 -0.53363403576942059     
          27           1   1.8691237328932752E-015
          27           2  -1.2008842304023703E-014
          27           3  -1.4865265376849805E-014
          27           4   1.0143467256210349E-015
          27           5   8.9521959207836690E-014
          27           6   6.0468437594585294E-014
          27           7  -1.7961639614296059E-013
          27           8  -3.6091138749182474E-014
          27           9  -2.8531459356763283E-013
          27          10  -4.1416450571305214E-013
          27          11   2.8460197104926549E-013
          27          12   1.5822074390821731E-013
          27          13   5.6618893981450369E-013
          27          14   2.1547340515415274E-013
          27          15  -9.0638870759097973E-013
          27          16  -4.3307265164283811E-013
          27          17  -2.0695918049293737E-012
          27          18  -9.7884265850782237E-015
          27          19   2.0685323842304528E-014
          27          20  -1.2172261901760820E-014
          27          21 -0.72369845360560037     
          27          22   8.6251086498500081E-015
          27          23  -1.4783481518989042E-014
          27          24   1.5334702468277616E-013
          27          25   3.5985212204502452E-015
          27          26   1.5186773923879026E-013
          27          27   2.2343984169428950     
          27          28   6.1962154202935318E-016
          27          29   1.5512614623769905E-013
          28           1   2.3639553710573958E-015
