           1           1   2.3370181063297117     
           1           2 -0.93472029300426041     
           1           3  -1.0665644560352373E-013
           1           4  -1.4468335475209066E-013
           1           5   1.1667916408162232E-014
           1           6  0.26683295310019761     
           1           7   2.5501229915604000E-015
           1           8   7.4601133296768879E-015
           1           9   7.6048699050435894E-015
           1          10 -0.21081549908095620     
           1          11   1.2864640867070171E-014
           1          12  -7.4944571572128633E-015
           1          13   1.0173291134617807E-014
           1          14   5.1771008335922811E-002
           1          15   7.1690734832667189E-004
           1          16   5.3866445660234755E-002
           1          17  -3.5125627585370748E-004
           1          18  -1.4183968685538677E-003
           1          19   5.2169982972769084E-002
           2           1 -0.93472029300426041     
           2           2   2.6014495505721258     
           2           3   2.8115757120576050E-013
           2           4   3.7111928879045717E-013
           2           5  -3.0648953388762878E-014
           2           6 -0.89041478367570415     
           2           7  -2.2877591205077062E-015
           2           8  -2.4063545081607894E-014
           2           9  -2.2218310769512208E-014
           2          10  0.72959638186565301     
           2          11  -3.8240011697701699E-014
           2          12   2.1387946194659142E-014
           2          13  -2.5165896276014087E-014
           2          14 -0.17962101653517037     
           2          15  -2.4124388152743014E-003
           2          16 -0.18667611424741298     
           2          17   1.1820232863628227E-003
           2          18   4.7729733506762647E-003
           2          19 -0.18096437811514093     
           3           1  -1.0665644560352373E-013
           3           2   2.8115757120576050E-013
           3           3   2.2229981141495117     
           3           4   1.0465550720365905E-003
           3           5  -5.1474097268628142E-004
           3           6   1.4383214020406557E-014
           3           7 -0.73158638327467651     
           3           8  -5.0539158487513313E-003
           3           9   2.4857340175747852E-003
           3          10  -4.1218145997607100E-014
           3          11   8.6711077681674950E-002
           3          12   1.5460478969617747E-002
           3          13  -7.6041310644212080E-003
           3          14   1.9168543214650336E-014
           3          15  -1.2089270305672671E-014
           3          16   1.5153153889155113E-014
           3          17  -8.2903067616134373E-016
           3          18   5.6612341709602906E-015
           3          19   9.6730281047687435E-015
           4           1  -1.4468335475209066E-013
           4           2   3.7111928879045717E-013
           4           3   1.0465550720365905E-003
           4           4   2.2269438060949223     
           4           5  -2.0687388605190485E-003
           4           6   2.1412184936883610E-014
           4           7  -5.0539158487571123E-003
           4           8 -0.75064051135071241     
           4           9   9.9901400470141059E-003
           4          10  -1.2659462246246360E-014
           4          11   1.5460478969623282E-002
           4          12  0.14499973051973697     
           4          13  -3.0560926360959226E-002
           4          14   2.9566826112698823E-015
           4          15   8.8678389171226428E-016
           4          16   4.3371136628597660E-015
           4          17   2.1797359199989979E-015
           4          18  -1.3315156004824184E-015
           4          19   5.6191373170714656E-015
           5           1   1.1667916408162232E-014
           5           2  -3.0648953388762878E-014
           5           3  -5.1474097268628142E-004
           5           4  -2.0687388605190485E-003
           5           5   2.2237552067430890     
           5           6   1.4166902779616589E-015
           5           7   2.4857340175793424E-003
           5           8   9.9901400470176916E-003
           5           9 -0.73524245652213127     
           5          10  -1.7277591833280124E-014
           5          11  -7.6041310644226461E-003
           5          12  -3.0560926360959549E-002
           5          13   9.7895403902621525E-002
           5          14   8.2514406801526167E-015
           5          15  -5.5259017608664546E-015
           5          16   7.1481300632291884E-015
           5          17   6.1584387177068434E-016
           5          18   4.7577997333050095E-015
           5          19   6.3447762551856801E-015
           6           1  0.26683295310019761     
           6           2 -0.89041478367570415     
           6           3   1.4383214020406557E-014
           6           4   2.1412184936883610E-014
           6           5   1.4166902779616589E-015
           6           6   2.7313420027850910     
           6           7  -8.5664674868227588E-015
           6           8  -6.3987546474944626E-015
           6           9   3.6874171486485804E-014
           6          10  -2.3824313101580863     
           6          11   1.8618772022475086E-014
           6          12   6.3292291063128742E-015
           6          13  -3.3791361998481583E-014
           6          14  0.57971444382874959     
           6          15   7.9605375661978596E-003
           6          16  0.60302759545572848     
           6          17  -3.9006299668954770E-003
           6          18  -1.5749609709658916E-002
           6          19  0.58415401598058914     
           7           1   2.5501229915604000E-015
           7           2  -2.2877591205077062E-015
           7           3 -0.73158638327467651     
           7           4  -5.0539158487571123E-003
           7           5   2.4857340175793424E-003
           7           6  -8.5664674868227588E-015
           7           7   2.3933578918173635     
           7           8   2.4426653322964374E-002
           7           9  -1.2014082726629960E-002
           7          10   2.7618147919849636E-014
           7          11 -0.25009958511926583     
           7          12  -7.4821581867086845E-002
           7          13   3.6800484388738473E-002
           7          14  -5.8673648517797860E-015
           7          15   2.6199506537390648E-016
           7          16  -6.8699334705611816E-015
           7          17   1.0795731092883407E-015
           7          18   1.0060956330975230E-015
           7          19  -3.2525935932265535E-015
           8           1   7.4601133296768879E-015
           8           2  -2.4063545081607894E-014
           8           3  -5.0539158487513313E-003
           8           4 -0.75064051135071241     
           8           5   9.9901400470176916E-003
           8           6  -6.3987546474944626E-015
           8           7   2.4426653322964374E-002
           8           8   2.4854505571492824     
           8           9  -4.8284477793871843E-002
           8          10  -1.6818218008097869E-014
           8          11  -7.4821581867084458E-002
           8          12 -0.53218975960743431     
           8          13  0.14790077707970681     
           8          14   9.1940558706377752E-015
           8          15  -1.3200223968858750E-015
           8          16   9.0444772039811162E-015
           8          17  -7.1330814610871443E-015
           8          18   2.1961814659872829E-015
           8          19   3.9069741876627027E-015
           9           1   7.6048699050435894E-015
           9           2  -2.2218310769512208E-014
           9           3   2.4857340175747852E-003
           9           4   9.9901400470141059E-003
           9           5 -0.73524245652213127     
           9           6   3.6874171486485804E-014
           9           7  -1.2014082726629960E-002
           9           8  -4.8284477793871843E-002
           9           9   2.4110284736806920     
           9          10  -1.7125156907619314E-014
           9          11   3.6800484388733082E-002
           9          12  0.14790077707970711     
           9          13 -0.30422656149565697     
           9          14   8.7987678734280940E-016
           9          15   7.5431310075849613E-016
           9          16   4.8567354725784393E-015
           9          17   3.3034645448213745E-016
           9          18  -1.7762123851289078E-015
           9          19   4.2365089649750744E-015
          10           1 -0.21081549908095620     
          10           2  0.72959638186565301     
          10           3  -4.1218145997607100E-014
          10           4  -1.2659462246246360E-014
          10           5  -1.7277591833280124E-014
          10           6  -2.3824313101580863     
          10           7   2.7618147919849636E-014
          10           8  -1.6818218008097869E-014
          10           9  -1.7125156907619314E-014
          10          10   7.0377382733687703     
          10          11  -4.6830439202544408E-014
          10          12  -4.1930610129814968E-015
          10          13   3.9079029578619579E-014
          10          14  -1.3436532644729342     
          10          15  -3.0368572474553681E-002
          10          16  -1.4332203327239956     
          10          17   1.4884337831376387E-002
          10          18   6.0079367129028331E-002
          10          19  -1.3607194688414250     
          11           1   1.2864640867070171E-014
          11           2  -3.8240011697701699E-014
          11           3   8.6711077681674950E-002
          11           4   1.5460478969623282E-002
          11           5  -7.6041310644226461E-003
          11           6   1.8618772022475086E-014
          11           7 -0.25009958511926583     
          11           8  -7.4821581867084458E-002
          11           9   3.6800484388733082E-002
          11          10  -4.6830439202544408E-014
          11          11   8.2329848184932747E-002
          11          12  0.22961856121294963     
          11          13 -0.11293632220033090     
          11          14   6.9672344758134041E-015
          11          15   4.3904581249092174E-015
          11          16   8.7103882392263367E-015
          11          17   3.0866354535720017E-015
          11          18  -1.0569854958122170E-015
          11          19   2.0395261861480720E-015
          12           1  -7.4944571572128633E-015
          12           2   2.1387946194659142E-014
          12           3   1.5460478969617747E-002
          12           4  0.14499973051973697     
          12           5  -3.0560926360959549E-002
          12           6   6.3292291063128742E-015
          12           7  -7.4821581867086845E-002
          12           8 -0.53218975960743431     
          12           9  0.14790077707970711     
          12          10  -4.1930610129814968E-015
          12          11  0.22961856121294963     
          12          12  0.94803113893352697     
          12          13 -0.45388994442269026     
          12          14   5.8140038777909578E-015
          12          15   1.5857637802429102E-014
          12          16   5.0700130553106274E-015
          12          17   1.4807230217527166E-014
          12          18   4.0346756906947306E-016
          12          19  -1.3701049708062199E-014
          13           1   1.0173291134617807E-014
          13           2  -2.5165896276014087E-014
          13           3  -7.6041310644212080E-003
          13           4  -3.0560926360959226E-002
          13           5   9.7895403902621525E-002
          13           6  -3.3791361998481583E-014
          13           7   3.6800484388738473E-002
          13           8  0.14790077707970681     
          13           9 -0.30422656149565697     
          13          10   3.9079029578619579E-014
          13          11 -0.11293632220033090     
          13          12 -0.45388994442269026     
          13          13  0.24843911944305938     
          13          14  -8.8409131902030746E-015
          13          15  -8.2083338917685322E-015
          13          16  -1.0106635993896921E-014
          13          17  -6.7348803210075137E-015
          13          18   5.4999794728880284E-016
          13          19   4.5676368358871687E-016
          14           1   5.1771008335922811E-002
          14           2 -0.17962101653517037     
          14           3   1.9168543214650336E-014
          14           4   2.9566826112698823E-015
          14           5   8.2514406801526167E-015
          14           6  0.57971444382874959     
          14           7  -5.8673648517797860E-015
          14           8   9.1940558706377752E-015
          14           9   8.7987678734280940E-016
          14          10  -1.3436532644729342     
          14          11   6.9672344758134041E-015
          14          12   5.8140038777909578E-015
          14          13  -8.8409131902030746E-015
          14          14  0.28568853379057152     
          14          15   3.2477588541341405E-003
          14          16  0.29525237081647471     
          14          17  -1.5917101815300433E-003
          14          18  -6.4252582455477545E-003
          14          19  0.28751060840134646     
          15           1   7.1690734832667189E-004
          15           2  -2.4124388152743014E-003
          15           3  -1.2089270305672671E-014
          15           4   8.8678389171226428E-016
          15           5  -5.5259017608664546E-015
          15           6   7.9605375661978596E-003
          15           7   2.6199506537390648E-016
          15           8  -1.3200223968858750E-015
          15           9   7.5431310075849613E-016
          15          10  -3.0368572474553681E-002
          15          11   4.3904581249092174E-015
          15          12   1.5857637802429102E-014
          15          13  -8.2083338917685322E-015
          15          14   3.2477588541341405E-003
          15          15   4.1021808355078983E-004
          15          16   4.4585071640206439E-003
          15          17  -2.0106273165459721E-004
          15          18  -8.1154582102872417E-004
          15          19   3.4784696328217721E-003
          16           1   5.3866445660234755E-002
          16           2 -0.18667611424741298     
          16           3   1.5153153889155113E-014
          16           4   4.3371136628597660E-015
          16           5   7.1481300632291884E-015
          16           6  0.60302759545572848     
          16           7  -6.8699334705611816E-015
          16           8   9.0444772039811162E-015
          16           9   4.8567354725784393E-015
          16          10  -1.4332203327239956     
          16          11   8.7103882392263367E-015
          16          12   5.0700130553106274E-015
          16          13  -1.0106635993896921E-014
          16          14  0.29525237081647471     
          16          15   4.4585071640206439E-003
          16          16  0.30838972839883538     
          16          17  -2.1851419231435232E-003
          16          18  -8.8205150738404330E-003
          16          19  0.29775538812651425     
          17           1  -3.5125627585370748E-004
          17           2   1.1820232863628227E-003
          17           3  -8.2903067616134373E-016
          17           4   2.1797359199989979E-015
          17           5   6.1584387177068434E-016
          17           6  -3.9006299668954770E-003
          17           7   1.0795731092883407E-015
          17           8  -7.1330814610871443E-015
          17           9   3.3034645448213745E-016
          17          10   1.4884337831376387E-002
          17          11   3.0866354535720017E-015
          17          12   1.4807230217527166E-014
          17          13  -6.7348803210075137E-015
          17          14  -1.5917101815300433E-003
          17          15  -2.0106273165459721E-004
          17          16  -2.1851419231435232E-003
          17          17   9.8548123805823401E-005
          17          18   3.9776798191029351E-004
          17          19  -1.7047899200925566E-003
          18           1  -1.4183968685538677E-003
          18           2   4.7729733506762647E-003
          18           3   5.6612341709602906E-015
          18           4  -1.3315156004824184E-015
          18           5   4.7577997333050095E-015
          18           6  -1.5749609709658916E-002
          18           7   1.0060956330975230E-015
          18           8   2.1961814659872829E-015
          18           9  -1.7762123851289078E-015
          18          10   6.0079367129028331E-002
          18          11  -1.0569854958122170E-015
          18          12   4.0346756906947306E-016
          18          13   5.4999794728880284E-016
          18          14  -6.4252582455477545E-003
          18          15  -8.1154582102872417E-004
          18          16  -8.8205150738404330E-003
          18          17   3.9776798191029351E-004
          18          18   1.6055036245805675E-003
          18          19  -6.8816797499414864E-003
          19           1   5.2169982972769084E-002
          19           2 -0.18096437811514093     
          19           3   9.6730281047687435E-015
          19           4   5.6191373170714656E-015
          19           5   6.3447762551856801E-015
          19           6  0.58415401598058914     
          19           7  -3.2525935932265535E-015
          19           8   3.9069741876627027E-015
          19           9   4.2365089649750744E-015
          19          10  -1.3607194688414250     
          19          11   2.0395261861480720E-015
          19          12  -1.3701049708062199E-014
          19          13   4.5676368358871687E-016
          19          14  0.28751060840134646     
          19          15   3.4784696328217721E-003
          19          16  0.29775538812651425     
          19          17  -1.7047899200925566E-003
          19          18  -6.8816797499414864E-003
          19          19  0.28946243824245782     
