           1           1   2.3959526506447952     
           1           2  -1.0502220743365183     
           1           3   7.5371229020412209E-014
           1           4   3.4551327148339691E-013
           1           5   2.5199542279660160E-013
           1           6   1.8729348115124544     
           1           7  -5.3842954452453890E-015
           1           8  -8.7919830981811321E-015
           1           9   1.5970442165541445E-014
           1          10  -3.6576457399062401E-002
           1          11  -2.5185600045705769E-014
           1          12  -1.4584702456631591E-014
           1          13  -1.1619474842068501E-014
           1          14 -0.70075135620554296     
           1          15  -8.5431698782555283E-015
           1          16 -0.70075135620554141     
           1          17   1.7875525838323569E-014
           1          18   1.1443995922494645E-014
           1          19 -0.70075135620546258     
           2           1  -1.0502220743365183     
           2           2   2.7947101112671775     
           2           3  -1.8698730543867292E-013
           2           4  -8.6138889053433637E-013
           2           5  -6.2672714927594036E-013
           2           6  -5.0725667041060518     
           2           7   1.3562651561314176E-014
           2           8   3.1671459503062867E-014
           2           9  -4.3790830221150476E-014
           2          10  0.13091762548680264     
           2          11   6.0327358280237790E-014
           2          12   3.5246147087171239E-014
           2          13   3.1894440402595882E-014
           2          14   1.8337131512453837     
           2          15   2.5248114135241258E-014
           2          16   1.8337131512453619     
           2          17  -4.9243205695143426E-014
           2          18  -2.7263491039423631E-014
           2          19   1.8337131512451799     
           3           1   7.5371229020412209E-014
           3           2  -1.8698730543867292E-013
           3           3   2.3087301691173590     
           3           4  -2.5555115770865074E-004
           3           5  -2.4711533089718305E-005
           3           6   2.8046440216364732E-013
           3           7 -0.85064302454101404     
           3           8   7.9834454343320890E-004
           3           9   7.7199093052562445E-005
           3          10   7.6251759174069469E-015
           3          11   6.0941599056732285E-002
           3          12  -2.9570721867534463E-003
           3          13  -2.8594582727006605E-004
           3          14  -1.3380839244357545E-013
           3          15  -1.3579152358253491E-015
           3          16  -1.3441521389927888E-013
           3          17  -6.5771882813678724E-016
           3          18  -1.5212577662755364E-015
           3          19  -1.3563529165797347E-013
           4           1   3.4551327148339691E-013
           4           2  -8.6138889053433637E-013
           4           3  -2.5555115770865074E-004
           4           4   2.3164788958917950     
           4           5   7.5010797444315688E-004
           4           6   1.2964232907303502E-012
           4           7   7.9834454343205910E-004
           4           8 -0.87485012966416242     
           4           9  -2.3433453159030769E-003
           4          10   1.4288231981372890E-014
           4          11  -2.9570721867486741E-003
           4          12  0.15060483765498911     
           4          13   8.6797627849425074E-003
           4          14  -6.0955111774832598E-013
           4          15  -5.5937067101450302E-015
           4          16  -6.2299099601648227E-013
           4          17   3.6903258635277577E-015
           4          18  -2.8622665205972617E-015
           4          19  -6.1040493947538508E-013
           5           1   2.5199542279660160E-013
           5           2  -6.2672714927594036E-013
           5           3  -2.4711533089718305E-005
           5           4   7.5010797444315688E-004
           5           5   2.3087942849148453     
           5           6   9.0545837605916008E-013
           5           7   7.7199093053823426E-005
           5           8  -2.3433453159121742E-003
           5           9 -0.85084332297647491     
           5          10   2.2225102983949137E-014
           5          11  -2.8594582726864640E-004
           5          12   8.6797627849347948E-003
           5          13   6.1683505464699528E-002
           5          14  -4.3604745357709186E-013
           5          15   1.9679214493173048E-015
           5          16  -4.3270150748769956E-013
           5          17  -1.0189454806952690E-015
           5          18  -3.9249623427329799E-017
           5          19  -4.3871047328379630E-013
           6           1   1.8729348115124544     
           6           2  -5.0725667041060518     
           6           3   2.8046440216364732E-013
           6           4   1.2964232907303502E-012
           6           5   9.0545837605916008E-013
           6           6   10.638550582904525     
           6           7  -2.2106573339646756E-014
           6           8  -1.3922640361979668E-013
           6           9   5.1153129158176841E-014
           6          10 -0.58451481420008422     
           6          11  -9.0066251466883832E-014
           6          12  -3.8454738477717436E-014
           6          13  -6.1941991095015646E-014
           6          14  -3.1988814055428065     
           6          15  -4.3459625369513962E-014
           6          16  -3.1988814055420138     
           6          17   6.4163690312679187E-014
           6          18   6.0128791306196185E-014
           6          19  -3.1988814055420365     
           7           1  -5.3842954452453890E-015
           7           2   1.3562651561314176E-014
           7           3 -0.85064302454101404     
           7           4   7.9834454343205910E-004
           7           5   7.7199093053823426E-005
           7           6  -2.2106573339646756E-014
           7           7   2.3455434671999784     
           7           8  -2.4940368721137790E-003
           7           9  -2.4117079042806021E-004
           7          10  -5.4897592246603784E-015
           7          11 -0.21136789551088786     
           7          12   9.2379250637220304E-003
           7          13   8.9329781546524647E-004
           7          14   7.1882992629480432E-015
           7          15   5.1377999068048625E-015
           7          16   1.4698947527629781E-014
           7          17  -4.0472005681430838E-016
           7          18   5.0964446139220188E-015
           7          19   1.0580784470205902E-014
           8           1  -8.7919830981811321E-015
           8           2   3.1671459503062867E-014
           8           3   7.9834454343320890E-004
           8           4 -0.87485012966416242     
           8           5  -2.3433453159121742E-003
           8           6  -1.3922640361979668E-013
           8           7  -2.4940368721137790E-003
           8           8   2.4211667218973050     
           8           9   7.3206357706816060E-003
           8          10  -1.2589865641788307E-015
           8          11   9.2379250637221778E-003
           8          12 -0.49147680960901435     
           8          13  -2.7115671554213454E-002
           8          14   4.6071404167912337E-014
           8          15   1.4949672298604537E-016
           8          16   4.9070856687381242E-014
           8          17  -5.6273132941107720E-015
           8          18   3.3727015576015756E-015
           8          19   4.8663469328833770E-014
           9           1   1.5970442165541445E-014
           9           2  -4.3790830221150476E-014
           9           3   7.7199093052562445E-005
           9           4  -2.3433453159030769E-003
           9           5 -0.85084332297647491     
           9           6   5.1153129158176841E-014
           9           7  -2.4117079042806021E-004
           9           8   7.3206357706816060E-003
           9           9   2.3461692016495572     
           9          10  -1.4824004086945764E-014
           9          11   8.9329781546094750E-004
           9          12  -2.7115671554212725E-002
           9          13 -0.21368561904561950     
           9          14  -1.1116084948672682E-014
           9          15  -5.1301665431035296E-016
           9          16  -1.3980660803389791E-014
           9          17  -3.9457699713391593E-016
           9          18   2.1038232674423565E-015
           9          19   7.8893050205645693E-016
          10           1  -3.6576457399062401E-002
          10           2  0.13091762548680264     
          10           3   7.6251759174069469E-015
          10           4   1.4288231981372890E-014
          10           5   2.2225102983949137E-014
          10           6 -0.58451481420008422     
          10           7  -5.4897592246603784E-015
          10           8  -1.2589865641788307E-015
          10           9  -1.4824004086945764E-014
          10          10   2.0843084417454971     
          10          11   1.4159026796084746E-014
          10          12  -4.7399513995887658E-015
          10          13   6.0679768500328798E-014
          10          14   6.0382134564818432E-002
          10          15  -1.9596300561616341E-016
          10          16   6.0382134564838361E-002
          10          17  -8.3976018752869398E-015
          10          18   5.3345497004763149E-015
          10          19   6.0382134564842781E-002
          11           1  -2.5185600045705769E-014
          11           2   6.0327358280237790E-014
          11           3   6.0941599056732285E-002
          11           4  -2.9570721867486741E-003
          11           5  -2.8594582726864640E-004
          11           6  -9.0066251466883832E-014
          11           7 -0.21136789551088786     
          11           8   9.2379250637221778E-003
          11           9   8.9329781546094750E-004
          11          10   1.4159026796084746E-014
          11          11   1.0529272502469988     
          11          12  -3.4217320696862209E-002
          11          13  -3.3087795818503101E-003
          11          14   4.9501616492879880E-014
          11          15  -1.4909551067234572E-014
          11          16   2.7325904977749775E-014
          11          17  -6.5723606411665321E-016
          11          18  -2.2538831337166887E-015
          11          19   4.6443295645587264E-014
          12           1  -1.4584702456631591E-014
          12           2   3.5246147087171239E-014
          12           3  -2.9570721867534463E-003
          12           4  0.15060483765498911     
          12           5   8.6797627849347948E-003
          12           6  -3.8454738477717436E-014
          12           7   9.2379250637220304E-003
          12           8 -0.49147680960901435     
          12           9  -2.7115671554212725E-002
          12          10  -4.7399513995887658E-015
          12          11  -3.4217320696862209E-002
          12          12   2.0904520707703087     
          12          13  0.10043658322419682     
          12          14   2.1607682825728995E-014
          12          15  -1.0717059662353966E-015
          12          16   8.5128586405622680E-015
          12          17   2.6970935257771810E-015
          12          18  -1.4792537235041636E-016
          12          19   2.4658464326717022E-014
          13           1  -1.1619474842068501E-014
          13           2   3.1894440402595882E-014
          13           3  -2.8594582727006605E-004
          13           4   8.6797627849425074E-003
          13           5   6.1683505464699528E-002
          13           6  -6.1941991095015646E-014
          13           7   8.9329781546524647E-004
          13           8  -2.7115671554213454E-002
          13           9 -0.21368561904561950     
          13          10   6.0679768500328798E-014
          13          11  -3.3087795818503101E-003
          13          12  0.10043658322419682     
          13          13   1.0615121098261262     
          13          14   1.6010048779635187E-014
          13          15  -1.5338684914619388E-015
          13          16   2.3596023645284136E-014
          13          17   5.5340986489309925E-015
          13          18  -1.5112126931919689E-014
          13          19   2.1665901216777204E-014
          14           1 -0.70075135620554296     
          14           2   1.8337131512453837     
          14           3  -1.3380839244357545E-013
          14           4  -6.0955111774832598E-013
          14           5  -4.3604745357709186E-013
          14           6  -3.1988814055428065     
          14           7   7.1882992629480432E-015
          14           8   4.6071404167912337E-014
          14           9  -1.1116084948672682E-014
          14          10   6.0382134564818432E-002
          14          11   4.9501616492879880E-014
          14          12   2.1607682825728995E-014
          14          13   1.6010048779635187E-014
          14          14   3.2171979330477223     
          14          15   4.0936321125087982E-014
          14          16  0.21719793304735868     
          14          17   5.8966687926378859E-014
          14          18   1.4585274926896698E-014
          14          19  0.21719793304736854     
          15           1  -8.5431698782555283E-015
          15           2   2.5248114135241258E-014
          15           3  -1.3579152358253491E-015
          15           4  -5.5937067101450302E-015
          15           5   1.9679214493173048E-015
          15           6  -4.3459625369513962E-014
          15           7   5.1377999068048625E-015
          15           8   1.4949672298604537E-016
          15           9  -5.1301665431035296E-016
          15          10  -1.9596300561616341E-016
          15          11  -1.4909551067234572E-014
          15          12  -1.0717059662353966E-015
          15          13  -1.5338684914619388E-015
          15          14   4.0936321125087982E-014
          15          15   2.0000000000000027     
          15          16   6.7068441499965635E-014
          15          17  -8.3266726848809564E-017
          15          18   1.1709383463558619E-016
          15          19  -5.8562765472457927E-014
          16           1 -0.70075135620554141     
          16           2   1.8337131512453619     
          16           3  -1.3441521389927888E-013
          16           4  -6.2299099601648227E-013
          16           5  -4.3270150748769956E-013
          16           6  -3.1988814055420138     
          16           7   1.4698947527629781E-014
          16           8   4.9070856687381242E-014
          16           9  -1.3980660803389791E-014
          16          10   6.0382134564838361E-002
          16          11   2.7325904977749775E-014
          16          12   8.5128586405622680E-015
          16          13   2.3596023645284136E-014
          16          14  0.21719793304735868     
          16          15   6.7068441499965635E-014
          16          16   3.2171979330469966     
          16          17  -1.0319750226911264E-013
          16          18   3.7177421791484205E-014
          16          19  0.21719793304700602     
          17           1   1.7875525838323569E-014
          17           2  -4.9243205695143426E-014
          17           3  -6.5771882813678724E-016
          17           4   3.6903258635277577E-015
          17           5  -1.0189454806952690E-015
          17           6   6.4163690312679187E-014
          17           7  -4.0472005681430838E-016
          17           8  -5.6273132941107720E-015
          17           9  -3.9457699713391593E-016
          17          10  -8.3976018752869398E-015
          17          11  -6.5723606411665321E-016
          17          12   2.6970935257771810E-015
          17          13   5.5340986489309925E-015
          17          14   5.8966687926378859E-014
          17          15  -8.3266726848809564E-017
          17          16  -1.0319750226911264E-013
          17          17   2.0000000000000027     
          17          18   5.5511151229891015E-017
          17          19  -3.9800318690439606E-014
          18           1   1.1443995922494645E-014
          18           2  -2.7263491039423631E-014
          18           3  -1.5212577662755364E-015
          18           4  -2.8622665205972617E-015
          18           5  -3.9249623427329799E-017
          18           6   6.0128791306196185E-014
          18           7   5.0964446139220188E-015
          18           8   3.3727015576015756E-015
          18           9   2.1038232674423565E-015
          18          10   5.3345497004763149E-015
          18          11  -2.2538831337166887E-015
          18          12  -1.4792537235041636E-016
          18          13  -1.5112126931919689E-014
          18          14   1.4585274926896698E-014
          18          15   1.1709383463558619E-016
          18          16   3.7177421791484205E-014
          18          17   5.5511151229891015E-017
          18          18   2.0000000000000036     
          18          19  -1.3249184664865945E-013
          19           1 -0.70075135620546258     
          19           2   1.8337131512451799     
          19           3  -1.3563529165797347E-013
          19           4  -6.1040493947538508E-013
          19           5  -4.3871047328379630E-013
          19           6  -3.1988814055420365     
          19           7   1.0580784470205902E-014
          19           8   4.8663469328833770E-014
          19           9   7.8893050205645693E-016
          19          10   6.0382134564842781E-002
          19          11   4.6443295645587264E-014
          19          12   2.4658464326717022E-014
          19          13   2.1665901216777204E-014
          19          14  0.21719793304736854     
          19          15  -5.8562765472457927E-014
          19          16  0.21719793304700602     
          19          17  -3.9800318690439606E-014
          19          18  -1.3249184664865945E-013
          19          19   3.2171979330470144     
