           1           1   2.3923982747370136     
           1           2  -1.0449331447301717     
           1           3   2.1719754558445084E-014
           1           4   1.7430538453443142E-013
           1           5   2.0094362318893997E-013
           1           6   2.0001288590764927     
           1           7  -3.4935517087210365E-014
           1           8   2.4890115185453716E-015
           1           9  -2.6222466202411025E-015
           1          10  -3.4543157631230670E-002
           1          11   3.0227143949046411E-015
           1          12   1.0939045717823015E-014
           1          13   2.2319810437453398E-014
           1          14 -0.75982304887279173     
           1          15   2.9967834668335439E-007
           1          16 -0.75982265933387083     
           1          17   1.0438320459820349E-006
           1          18   2.0884534760556278E-006
           1          19 -0.75981687873122761     
           2           1  -1.0449331447301717     
           2           2   2.7945432625171400     
           2           3  -2.2269454127207620E-014
           2           4  -4.9663863601105189E-013
           2           5  -4.5998644828939990E-013
           2           6  -5.4852840289029139     
           2           7   6.1596489613346137E-014
           2           8  -5.7703556758445736E-014
           2           9   2.4384701674347485E-014
           2          10  0.12657522127949200     
           2          11   1.1875398750730800E-014
           2          12  -8.7516883522885529E-015
           2          13  -4.0167952095761085E-014
           2          14   2.0187190720861921     
           2          15  -7.1238064136719019E-009
           2          16   2.0187190628262952     
           2          17  -2.4813460954446333E-008
           2          18  -4.9645683732272829E-008
           2          19   2.0187189254126015     
           3           1   2.1719754558445084E-014
           3           2  -2.2269454127207620E-014
           3           3   2.3078911021198021     
           3           4   3.2992449477877123E-004
           3           5   1.1491846447841930E-003
           3           6  -6.1195653358611089E-013
           3           7 -0.84834677722408713     
           3           8  -1.0183181762694448E-003
           3           9  -3.5469800911971132E-003
           3          10  -4.4898812401204347E-014
           3          11   5.7101281553255771E-002
           3          12   3.5943102695152711E-003
           3          13   1.2519610534802449E-002
           3          14   2.3682905852955803E-013
           3          15   5.4473188962587363E-014
           3          16   2.7404713845434862E-013
           3          17  -2.1514448104573827E-014
           3          18  -1.2177496294403035E-013
           3          19   3.4809130873116624E-013
           4           1   1.7430538453443142E-013
           4           2  -4.9663863601105189E-013
           4           3   3.2992449477877123E-004
           4           4   2.3083863007186931     
           4           5   2.2992383563817946E-003
           4           6   2.1184049794149400E-012
           4           7  -1.0183181762526102E-003
           4           8 -0.84987521703520241     
           4           9  -7.0966425598623017E-003
           4          10   1.9263498739379119E-014
           4          11   3.5943102695106415E-003
           4          12   6.2496144417773458E-002
           4          13   2.5048688943647812E-002
           4          14  -9.8320915144688078E-013
           4          15   9.5654932456326224E-015
           4          16  -9.9825188563437005E-013
           4          17   1.5539631857891227E-015
           4          18  -3.4692218788467417E-013
           4          19  -9.8185352565795565E-013
           5           1   2.0094362318893997E-013
           5           2  -4.5998644828939990E-013
           5           3   1.1491846447841930E-003
           5           4   2.2992383563817946E-003
           5           5   2.3157348510388669     
           5           6  -5.0474346783411094E-013
           5           7  -3.5469800911734303E-003
           5           8  -7.0966425598472634E-003
           5           9 -0.87255665628863910     
           5          10  -4.2749491013479763E-014
           5          11   1.2519610534842062E-002
           5          12   2.5048688943642865E-002
           5          13  0.14255376488498822     
           5          14   2.1594669852324468E-013
           5          15   5.4007218542021088E-014
           5          16   2.5613435629260327E-013
           5          17  -1.6683080633194325E-014
           5          18   1.5833060861678178E-013
           5          19   2.3602199489382118E-013
           6           1   2.0001288590764927     
           6           2  -5.4852840289029139     
           6           3  -6.1195653358611089E-013
           6           4   2.1184049794149400E-012
           6           5  -5.0474346783411094E-013
           6           6   12.571087674579005     
           6           7  -1.0158459540857065E-013
           6           8   3.4923102451062362E-013
           6           9  -9.4587266458783886E-014
           6          10 -0.61904956456220361     
           6          11  -8.9758552340882747E-015
           6          12   2.6105658770643653E-014
           6          13   1.5830173853766070E-013
           6          14  -3.9029241047646575     
           6          15  -2.3444692604160498E-005
           6          16  -3.9029545795071963     
           6          17  -8.1661960007328626E-005
           6          18  -1.6338567611770495E-004
           6          19  -3.9034068125476082     
           7           1  -3.4935517087210365E-014
           7           2   6.1596489613346137E-014
           7           3 -0.84834677722408713     
           7           4  -1.0183181762526102E-003
           7           5  -3.5469800911734303E-003
           7           6  -1.0158459540857065E-013
           7           7   2.3393731061238934     
           7           8   3.1430582671151766E-003
           7           9   1.0947820984187315E-002
           7          10   2.1182568551067970E-014
           7          11 -0.20291143937510753     
           7          12  -1.1093906473330093E-002
           7          13  -3.8642014167308128E-002
           7          14   6.5732927433626122E-014
           7          15  -4.9111083411752108E-014
           7          16   2.5377668963391160E-014
           7          17   1.2991092739840709E-014
           7          18  -2.4001468698554852E-013
           7          19  -7.9334832715933569E-014
           8           1   2.4890115185453716E-015
           8           2  -5.7703556758445736E-014
           8           3  -1.0183181762694448E-003
           8           4 -0.84987521703520241     
           8           5  -7.0966425598472634E-003
           8           6   3.4923102451062362E-013
           8           7   3.1430582671151766E-003
           8           8   2.3440906644437121     
           8           9   2.1903921178712309E-002
           8          10  -3.5544596951911214E-014
           8          11  -1.1093906473296644E-002
           8          12 -0.21956278541044988     
           8          13  -7.7313251106505249E-002
           8          14  -9.8718817456390352E-014
           8          15  -1.2086479724253372E-014
           8          16  -6.4496029255384307E-014
           8          17   3.7230929498763845E-015
           8          18   2.7964088398815854E-014
           8          19  -6.5609005895593590E-014
           9           1  -2.6222466202411025E-015
           9           2   2.4384701674347485E-014
           9           3  -3.5469800911971132E-003
           9           4  -7.0966425598623017E-003
           9           5 -0.87255665628863910     
           9           6  -9.4587266458783886E-014
           9           7   1.0947820984187315E-002
           9           8   2.1903921178712309E-002
           9           9   2.4140973547099707     
           9          10   4.8472333142910828E-014
           9          11  -3.8642014167322158E-002
           9          12  -7.7313251106441119E-002
           9          13 -0.46666214171182674     
           9          14   3.9891817704780496E-014
           9          15  -1.4248351795639978E-014
           9          16  -1.9938121194165606E-014
           9          17  -4.0547255686384160E-014
           9          18   3.4560121343844302E-014
           9          19   2.8906135466206049E-014
          10           1  -3.4543157631230670E-002
          10           2  0.12657522127949200     
          10           3  -4.4898812401204347E-014
          10           4   1.9263498739379119E-014
          10           5  -4.2749491013479763E-014
          10           6 -0.61904956456220361     
          10           7   2.1182568551067970E-014
          10           8  -3.5544596951911214E-014
          10           9   4.8472333142910828E-014
          10          10   2.0833707159846035     
          10          11  -7.1346109998767610E-015
          10          12   6.0051757712022886E-014
          10          13  -1.7556954681664052E-013
          10          14   7.7561074936074642E-002
          10          15  -2.4629244528579240E-007
          10          16   7.7560754791342723E-002
          10          17  -8.5787950782634519E-007
          10          18  -1.7164078953617963E-006
          10          19   7.7556003968216505E-002
          11           1   3.0227143949046411E-015
          11           2   1.1875398750730800E-014
          11           3   5.7101281553255771E-002
          11           4   3.5943102695106415E-003
          11           5   1.2519610534842062E-002
          11           6  -8.9758552340882747E-015
          11           7 -0.20291143937510753     
          11           8  -1.1093906473296644E-002
          11           9  -3.8642014167322158E-002
          11          10  -7.1346109998767610E-015
          11          11   1.0724265350823776     
          11          12   3.9157645333012990E-002
          11          13  0.13639291888397553     
          11          14  -4.2782998073010565E-014
          11          15  -2.0127505708316982E-014
          11          16   9.7663371202039637E-014
          11          17   3.2219602940092435E-014
          11          18   4.5853191795512473E-013
          11          19  -4.1851696331561700E-014
          12           1   1.0939045717823015E-014
          12           2  -8.7516883522885529E-015
          12           3   3.5943102695152711E-003
          12           4   6.2496144417773458E-002
          12           5   2.5048688943642865E-002
          12           6   2.6105658770643653E-014
          12           7  -1.1093906473330093E-002
          12           8 -0.21956278541044988     
          12           9  -7.7313251106441119E-002
          12          10   6.0051757712022886E-014
          12          11   3.9157645333012990E-002
          12          12   1.1312000161764155     
          12          13  0.27288898402436801     
          12          14   2.2207407403852494E-014
          12          15   2.5081257054050493E-014
          12          16  -3.8725010448828210E-014
          12          17  -4.6160640346749731E-014
          12          18   6.6552451761612083E-013
          12          19  -2.0014278032137077E-014
          13           1   2.2319810437453398E-014
          13           2  -4.0167952095761085E-014
          13           3   1.2519610534802449E-002
          13           4   2.5048688943647812E-002
          13           5  0.14255376488498822     
          13           6   1.5830173853766070E-013
          13           7  -3.8642014167308128E-002
          13           8  -7.7313251106505249E-002
          13           9 -0.46666214171182674     
          13          10  -1.7556954681664052E-013
          13          11  0.13639291888397553     
          13          12  0.27288898402436801     
          13          13   2.0033751133178677     
          13          14  -5.0841674815090091E-014
          13          15  -3.2231939819967347E-014
          13          16  -4.2436923712839363E-014
          13          17   2.9329242001991025E-014
          13          18  -4.1151847556530033E-013
          13          19  -7.0249712340845850E-014
          14           1 -0.75982304887279173     
          14           2   2.0187190720861921     
          14           3   2.3682905852955803E-013
          14           4  -9.8320915144688078E-013
          14           5   2.1594669852324468E-013
          14           6  -3.9029241047646575     
          14           7   6.5732927433626122E-014
          14           8  -9.8718817456390352E-014
          14           9   3.9891817704780496E-014
          14          10   7.7561074936074642E-002
          14          11  -4.2782998073010565E-014
          14          12   2.2207407403852494E-014
          14          13  -5.0841674815090091E-014
          14          14   3.4600930113801152     
          14          15   1.0508388243015983E-005
          14          16  0.46010667077781442     
          14          17   3.6602539081661844E-005
          14          18   7.3232761689989760E-005
          14          19  0.46030937069646460     
          15           1   2.9967834668335439E-007
          15           2  -7.1238064136719019E-009
          15           3   5.4473188962587363E-014
          15           4   9.5654932456326224E-015
          15           5   5.4007218542021088E-014
          15           6  -2.3444692604160498E-005
          15           7  -4.9111083411752108E-014
          15           8  -1.2086479724253372E-014
          15           9  -1.4248351795639978E-014
          15          10  -2.4629244528579240E-007
          15          11  -2.0127505708316982E-014
          15          12   2.5081257054050493E-014
          15          13  -3.2231939819967347E-014
          15          14   1.0508388243015983E-005
          15          15   1.9999999999998519     
          15          16   1.0508377878019027E-005
          15          17  -2.4308822149722840E-012
          15          18  -2.5806732767066156E-013
          15          19   1.0508373122395424E-005
          16           1 -0.75982265933387083     
          16           2   2.0187190628262952     
          16           3   2.7404713845434862E-013
          16           4  -9.9825188563437005E-013
          16           5   2.5613435629260327E-013
          16           6  -3.9029545795071963     
          16           7   2.5377668963391160E-014
          16           8  -6.4496029255384307E-014
          16           9  -1.9938121194165606E-014
          16          10   7.7560754791342723E-002
          16          11   9.7663371202039637E-014
          16          12  -3.8725010448828210E-014
          16          13  -4.2436923712839363E-014
          16          14  0.46010667077781442     
          16          15   1.0508377878019027E-005
          16          16   3.4601203301450676     
          16          17   3.6602520498910526E-005
          16          18   7.3232725118904069E-005
          16          19  0.46032303009732944     
          17           1   1.0438320459820349E-006
          17           2  -2.4813460954446333E-008
          17           3  -2.1514448104573827E-014
          17           4   1.5539631857891227E-015
          17           5  -1.6683080633194325E-014
          17           6  -8.1661960007328626E-005
          17           7   1.2991092739840709E-014
          17           8   3.7230929498763845E-015
          17           9  -4.0547255686384160E-014
          17          10  -8.5787950782634519E-007
          17          11   3.2219602940092435E-014
          17          12  -4.6160640346749731E-014
          17          13   2.9329242001991025E-014
          17          14   3.6602539081661844E-005
          17          15  -2.4308822149722840E-012
          17          16   3.6602520498910526E-005
          17          17   1.9999999999932316     
          17          18  -9.2095479464679603E-012
          17          19   3.6602507692240041E-005
          18           1   2.0884534760556278E-006
          18           2  -4.9645683732272829E-008
          18           3  -1.2177496294403035E-013
          18           4  -3.4692218788467417E-013
          18           5   1.5833060861678178E-013
          18           6  -1.6338567611770495E-004
          18           7  -2.4001468698554852E-013
          18           8   2.7964088398815854E-014
          18           9   3.4560121343844302E-014
          18          10  -1.7164078953617963E-006
          18          11   4.5853191795512473E-013
          18          12   6.6552451761612083E-013
          18          13  -4.1151847556530033E-013
          18          14   7.3232761689989760E-005
          18          15  -2.5806732767066156E-013
          18          16   7.3232725118904069E-005
          18          17  -9.2095479464679603E-012
          18          18   1.9999999999942450     
          18          19   7.3232688758318235E-005
          19           1 -0.75981687873122761     
          19           2   2.0187189254126015     
          19           3   3.4809130873116624E-013
          19           4  -9.8185352565795565E-013
          19           5   2.3602199489382118E-013
          19           6  -3.9034068125476082     
          19           7  -7.9334832715933569E-014
          19           8  -6.5609005895593590E-014
          19           9   2.8906135466206049E-014
          19          10   7.7556003968216505E-002
          19          11  -4.1851696331561700E-014
          19          12  -2.0014278032137077E-014
          19          13  -7.0249712340845850E-014
          19          14  0.46030937069646460     
          19          15   1.0508373122395424E-005
          19          16  0.46032303009732944     
          19          17   3.6602507692240041E-005
          19          18   7.3232688758318235E-005
          19          19   3.4605257298854886     
