           1           1   2.2307536142278357     
           1           2 -0.74117490449666634     
           1           3  -2.8208195763673717E-015
           1           4   9.4918183438299591E-015
           1           5  -6.5486901236261919E-016
           1           6  0.15812382243675827     
           1           7  -8.2198274427811032E-018
           1           8  -8.5716545741658507E-016
           1           9   6.5395263471907325E-016
           2           1 -0.74117490449666634     
           2           2   2.3844493064497163     
           2           3   1.8352254724738225E-015
           2           4  -2.7960217030240567E-014
           2           5   3.5866497355199493E-015
           2           6 -0.59611799475759730     
           2           7   5.4087746105163155E-016
           2           8  -9.0165700583175826E-016
           2           9   4.3012478109117992E-016
           3           1  -2.8208195763673717E-015
           3           2   1.8352254724738225E-015
           3           3   2.0556209052198118     
           3           4  -5.0637568043568164E-003
           3           5  -3.6900911827311075E-003
           3           6   6.5590820704555779E-015
           3           7 -0.25017816787063041     
           3           8   1.7923738711188762E-002
           3           9   1.3061494216245605E-002
           4           1   9.4918183438299591E-015
           4           2  -2.7960217030240567E-014
           4           3  -5.0637568043568164E-003
           4           4   2.0002510193578296     
           4           5  -4.0684169434906506E-002
           4           6   4.0511547654775735E-015
           4           7   1.7923738710957895E-002
           4           8  -5.4190208522541472E-002
           4           9  0.14400620889266269     
           5           1  -6.5486901236261919E-016
           5           2   3.5866497355199493E-015
           5           3  -3.6900911827311075E-003
           5           4  -4.0684169434906506E-002
           5           5   2.0264325809817016     
           5           6  -1.3024632328385408E-014
           5           7   1.3061494216098552E-002
           5           8  0.14400620889270774     
           5           9 -0.14686280030906199     
           6           1  0.15812382243675827     
           6           2 -0.59611799475759730     
           6           3   6.5590820704555779E-015
           6           4   4.0511547654775735E-015
           6           5  -1.3024632328385408E-014
           6           6   2.1493999973331013     
           6           7  -1.1226105650050836E-014
           6           8  -4.0982143524269818E-015
           6           9  -4.6241437683738819E-015
           7           1  -8.2198274427811032E-018
           7           2   5.4087746105163155E-016
           7           3 -0.25017816787063041     
           7           4   1.7923738710957895E-002
           7           5   1.3061494216098552E-002
           7           6  -1.1226105650050836E-014
           7           7   1.0733882729607935     
           7           8  -6.3486560622910887E-002
           7           9  -4.6264306668534962E-002
           8           1  -8.5716545741658507E-016
           8           2  -9.0165700583175826E-016
           8           3   1.7923738711188762E-002
           8           4  -5.4190208522541472E-002
           8           5  0.14400620889270774     
           8           6  -4.0982143524269818E-015
           8           7  -6.3486560622910887E-002
           8           8  0.37919150611678520     
           8           9 -0.51007544009688699     
           9           1   6.5395263471907325E-016
           9           2   4.3012478109117992E-016
           9           3   1.3061494216245605E-002
           9           4  0.14400620889266269     
           9           5 -0.14686280030906199     
           9           6  -4.6241437683738819E-015
           9           7  -4.6264306668534962E-002
           9           8 -0.51007544009688699     
           9           9  0.70744133232034967     
