           1           1   2.2307536142278410     
           1           2 -0.74117490449666701     
           1           3  -5.5677847756264272E-015
           1           4   3.5423097025631888E-015
           1           5  -1.0222587098072211E-014
           1           6  0.15812382243676198     
           1           7   3.1002528012949800E-015
           1           8  -1.7593333790696114E-014
           1           9  -1.2874546787740868E-014
           2           1 -0.74117490449666701     
           2           2   2.3844493064497110     
           2           3  -7.6484299603328184E-015
           2           4  -3.0132641318586820E-014
           2           5  -2.1658390192481410E-014
           2           6 -0.59611799475759830     
           2           7  -8.1230047750981694E-015
           2           8  -3.7766210338548722E-015
           2           9  -1.4785715803992994E-014
           3           1  -5.5677847756264272E-015
           3           2  -7.6484299603328184E-015
           3           3   1.9794596027892755     
           3           4   2.1990754137330350E-002
           3           5   5.8517875250935256E-002
           3           6  -1.0047839892564241E-014
           3           7  -6.2013464118061204E-002
           3           8  -6.3911594386558315E-002
           3           9 -0.17007014330322653     
           4           1   3.5423097025631888E-015
           4           2  -3.0132641318586820E-014
           4           3   2.1990754137330350E-002
           4           4   2.0230711133896637     
           4           5  -2.4383819971779058E-002
           4           6  -7.5976925121373217E-015
           4           7  -6.3911594386152779E-002
           4           8 -0.18876133090634467     
           4           9   7.0866547002678221E-002
           5           1  -1.0222587098072211E-014
           5           2  -2.1658390192481410E-014
           5           3   5.8517875250935256E-002
           5           4  -2.4383819971779058E-002
           5           5   1.9673485676798561     
           5           6  -1.4387937481722444E-014
           5           7 -0.17007014330288384     
           5           8   7.0866547002983393E-002
           5           9  -2.6815236760426325E-002
           6           1  0.15812382243676198     
           6           2 -0.59611799475759830     
           6           3  -1.0047839892564241E-014
           6           4  -7.5976925121373217E-015
           6           5  -1.4387937481722444E-014
           6           6   2.1493999973331044     
           6           7  -2.0079681225442931E-015
           6           8   5.2912395405313148E-015
           6           9   3.7605428919515185E-015
           7           1   3.1002528012949800E-015
           7           2  -8.1230047750981694E-015
           7           3  -6.2013464118061204E-002
           7           4  -6.3911594386152779E-002
           7           5 -0.17007014330288384     
           7           6  -2.0079681225442931E-015
           7           7  0.63771716296881742     
           7           8  0.18572760077229145     
           7           9  0.49422518686743960     
           8           1  -1.7593333790696114E-014
           8           2  -3.7766210338548722E-015
           8           3  -6.3911594386558315E-002
           8           4 -0.18876133090634467     
           8           5   7.0866547002983393E-002
           8           6   5.2912395405313148E-015
           8           7  0.18572760077229145     
           8           8   1.0060474702868158     
           8           9 -0.20593874830103154     
           9           1  -1.2874546787740868E-014
           9           2  -1.4785715803992994E-014
           9           3 -0.17007014330322653     
           9           4   7.0866547002678221E-002
           9           5  -2.6815236760426325E-002
           9           6   3.7605428919515185E-015
           9           7  0.49422518686743960     
           9           8 -0.20593874830103154     
           9           9  0.53543083477896114     
