           1           1   2.4576222244786177     
           1           2  -1.2095357225033294     
           1           3  -1.1383740314094174E-010
           1           4   1.6687578876160853E-010
           1           5  -3.2860768047125010E-011
           1           6   2.5095405806103575     
           1           7  -2.3342791255180850E-013
           1           8   3.3905189412624701E-013
           1           9  -7.4230483122322916E-014
           1          10 -0.74360025743303027     
           1          11  -5.0716540089296280E-013
           1          12   7.4651419812267272E-013
           1          13  -1.1902815847076353E-013
           1          14   2.0004421337515635E-002
           1          15   1.1903529688725431E-013
           1          16  -1.7907469363300998E-013
           1          17   2.7302794702527709E-014
           1          18 -0.90948944374231500     
           1          19  -4.4484646182682633E-007
           1          20 -0.90948910169708752     
           1          21   9.6427014166890668E-009
           1          22  -1.4828943418377042E-008
           1          23 -0.90948969405478985     
           1          24  0.29036147642542587     
           1          25   1.5852898475586250E-006
           1          26  0.29036025637855556     
           1          27  -3.4363495746707490E-008
           1          28   5.2845585333991238E-008
           1          29  0.29036236926936332     
           2           1  -1.2095357225033294     
           2           2   3.2664281194464935     
           2           3   2.8736406337427576E-010
           2           4  -4.2343967662191805E-010
           2           5   7.5177138505610125E-011
           2           6  -7.5101378842756308     
           2           7   5.9136494159668472E-013
           2           8  -8.5483567734911211E-013
           2           9   1.7801627489853959E-013
           2          10   2.4092754472330835     
           2          11   1.2777819652284956E-012
           2          12  -1.9006297093267146E-012
           2          13   2.4580345272652916E-013
           2          14  -7.2211290981591306E-002
           2          15  -2.9994304297335073E-013
           2          16   4.6548173203745700E-013
           2          17  -5.5334648756715024E-014
           2          18   2.6496744311480089     
           2          19   1.6667005600571023E-007
           2          20   2.6496743041113113     
           2          21  -3.6128339744187603E-009
           2          22   5.5559552220979713E-009
           2          23   2.6496745241162856     
           2          24 -0.92335061084455816     
           2          25  -1.0605899619864302E-006
           2          26 -0.92334978969605119     
           2          27   2.2989949233494581E-008
           2          28  -3.5354788011113330E-008
           2          29 -0.92335121177572721     
           3           1  -1.1383740314094174E-010
           3           2   2.8736406337427576E-010
           3           3   2.6779377435829375     
           3           4   7.4914349279896295E-004
           3           5  -1.6238791986513713E-005
           3           6  -6.6988076015286012E-010
           3           7  -1.4155234905523231     
           3           8  -1.9730403306596747E-003
           3           9   4.2768563066521571E-005
           3          10  -9.7602140540677812E-010
           3          11  0.35102275939508776     
           3          12   5.7971747707697401E-003
           3          13  -1.2566230112723308E-004
           3          14  -1.4248487427945567E-011
           3          15  -2.7934800714225223E-002
           3          16  -1.9334500127356227E-002
           3          17   4.1910373380144722E-004
           3          18   2.7847298662281972E-010
           3          19  -1.4168270024906529E-011
           3          20   2.8484629575057649E-010
           3          21  -1.3649872580258944E-011
           3          22   2.8663862873471069E-011
           3          23   3.4640663884687943E-010
           3          24   4.5771679254758938E-010
           3          25   1.6063044411046138E-011
           3          26   4.5095390876084764E-010
           3          27  -1.6086970614733268E-011
           3          28  -1.5120220805317847E-011
           3          29   4.2917382644735463E-010
           4           1   1.6687578876160853E-010
           4           2  -4.2343967662191805E-010
           4           3   7.4914349279896295E-004
           4           4   2.6772728197649309     
           4           5   2.4972703054601411E-005
           4           6   9.8190315916122635E-010
           4           7  -1.9730402639652283E-003
           4           8  -1.4137722620709701     
           4           9  -6.5771235905888361E-005
           4          10   1.2081676781257022E-009
           4          11   5.7971747578481215E-003
           4          12  0.34587731089106843     
           4          13   1.9324861934323927E-004
           4          14   8.2949033320732315E-012
           4          15  -1.9334500114827759E-002
           4          16  -1.0773911378371956E-002
           4          17  -6.4451487873231651E-004
           4          18  -4.1182286781837063E-010
           4          19   1.8841353071444655E-011
           4          20  -4.3276451688196857E-010
           4          21   9.8399879409847584E-012
           4          22  -4.7435552205647476E-011
           4          23  -5.1075746894979216E-010
           4          24  -5.6184842069100018E-010
           4          25  -3.4073808569966448E-011
           4          26  -5.6016213751687285E-010
           4          27   3.2724857868155576E-011
           4          28   1.8965921670467589E-011
           4          29  -5.3062483068598128E-010
           5           1  -3.2860768047125010E-011
           5           2   7.5177138505610125E-011
           5           3  -1.6238791986513713E-005
           5           4   2.4972703054601411E-005
           5           5   2.6784243419808109     
           5           6  -1.9375457684495123E-010
           5           7   4.2768553954980948E-005
           5           8  -6.5771291820535839E-005
           5           9  -1.4168050585347198     
           5          10  -1.0731191139800538E-009
           5          11  -1.2566231221162604E-004
           5          12   1.9324864121726833E-004
           5          13  0.35478825462927066     
           5          14  -4.8927625939931364E-011
           5          15   4.1910374972595270E-004
           5          16  -6.4451490387534372E-004
           5          17  -4.0493326524184470E-002
           5          18   6.7869107291400196E-011
           5          19  -1.0327928562182191E-011
           5          20   2.8199977709601990E-011
           5          21  -3.9921203882703747E-011
           5          22  -1.1140265661348956E-011
           5          23   8.9318681680847014E-011
           5          24   5.1988391550926122E-010
           5          25  -3.4243335585722923E-011
           5          26   4.8905048914293738E-010
           5          27   2.7812862400572968E-011
           5          28  -1.5448807705998945E-011
           5          29   4.7408266348511173E-010
           6           1   2.5095405806103575     
           6           2  -7.5101378842756308     
           6           3  -6.6988076015286012E-010
           6           4   9.8190315916122635E-010
           6           5  -1.9375457684495123E-010
           6           6   20.206020438072965     
           6           7  -1.4082738329204894E-012
           6           8   1.9486078462922632E-012
           6           9  -5.8607585451978897E-013
           6          10  -7.9299014708164677     
           6          11  -2.9270808667103903E-012
           6          12   4.4875607058834654E-012
           6          13  -3.3250833089764298E-013
           6          14  0.37769359214990872     
           6          15   7.1431401177410671E-013
           6          16  -1.1678686837977023E-012
           6          17   1.1299799940396757E-013
           6          18  -6.2733775974317822     
           6          19   2.6462191756374212E-005
           6          20  -6.2733979335150636     
           6          21  -5.7360751245436101E-007
           6          22   8.8211664088288923E-007
           6          23  -6.2733627152441471     
           6          24   2.8278053468588409     
           6          25  -9.8839688774876578E-005
           6          26   2.8278814621387971     
           6          27   2.1424973840192506E-006
           6          28  -3.2948188813249921E-006
           6          29   2.8277496447900754     
           7           1  -2.3342791255180850E-013
           7           2   5.9136494159668472E-013
           7           3  -1.4155234905523231     
           7           4  -1.9730402639652283E-003
           7           5   4.2768553954980948E-005
           7           6  -1.4082738329204894E-012
           7           7   2.9676161629536351     
           7           8   5.1964909652591337E-003
           7           9  -1.1264159580609253E-004
           7          10  -2.2479063728488451E-012
           7          11 -0.89379700173407350     
           7          12  -1.5268685278153346E-002
           7          13   3.3097124232851251E-004
           7          14  -1.3806641528356431E-014
           7          15   7.0955671248747840E-002
           7          16   5.0926777036827131E-002
           7          17  -1.1039128890447188E-003
           7          18   6.9903692658503806E-013
           7          19   4.5504237040841978E-013
           7          20   5.3102531519621654E-013
           7          21   3.7658827844180985E-014
           7          22  -6.4506848869210106E-014
           7          23   6.7219770571806126E-013
           7          24   9.7450694844770764E-013
           7          25  -1.2789845691897352E-012
           7          26   1.1454346539079009E-012
           7          27  -7.5779843408895918E-014
           7          28   2.1685010319914426E-013
           7          29   9.4602893774083552E-013
           8           1   3.3905189412624701E-013
           8           2  -8.5483567734911211E-013
           8           3  -1.9730403306596747E-003
           8           4  -1.4137722620709701     
           8           5  -6.5771291820535839E-005
           8           6   1.9486078462922632E-012
           8           7   5.1964909652591337E-003
           8           8   2.9630038685687889     
           8           9   1.7322485817534311E-004
           8          10   2.1846039880813412E-012
           8          11  -1.5268685278493364E-002
           8          12 -0.88024484281841930     
           8          13  -5.0898112869273131E-004
           8          14  -6.0867756874714932E-014
           8          15   5.0926777036880082E-002
           8          16   2.5754151771553851E-002
           8          17   1.6976424413911102E-003
           8          18  -8.4150464614255656E-013
           8          19  -2.7909024129364680E-013
           8          20  -8.3003676047420339E-013
           8          21  -2.1911373634416036E-014
           8          22  -2.8333519609644337E-014
           8          23  -1.0559205455075840E-012
           8          24  -9.7476786714689578E-013
           8          25   8.8248575717067594E-013
           8          26  -1.0498700623557801E-012
           8          27   1.8448120331702725E-013
           8          28  -1.3683875474077685E-013
           8          29  -9.1023979016068970E-013
           9           1  -7.4230483122322916E-014
           9           2   1.7801627489853959E-013
           9           3   4.2768563066521571E-005
           9           4  -6.5771235905888361E-005
           9           5  -1.4168050585347198     
           9           6  -5.8607585451978897E-013
           9           7  -1.1264159580609253E-004
           9           8   1.7322485817534311E-004
           9           9   2.9709914902482053     
           9          10  -3.6451858151347788E-012
           9          11   3.3097124232098901E-004
           9          12  -5.0898112838793606E-004
           9          13 -0.90371461931791308     
           9          14  -4.4875654102618466E-014
           9          15  -1.1039128891012554E-003
           9          16   1.6976424412688549E-003
           9          17  0.10403463583388747     
           9          18   1.7085481861277531E-013
           9          19   7.0072305178093408E-014
           9          20   6.6490173942784268E-014
           9          21  -1.4104876069596001E-013
           9          22  -6.0183655262688871E-014
           9          23   3.1238290658179892E-013
           9          24   1.8569286460838465E-012
           9          25  -3.0703431257882921E-013
           9          26   1.7634329929980874E-012
           9          27   2.5098427932156265E-013
           9          28   6.8414444915043022E-014
           9          29   1.5844717275746158E-012
          10           1 -0.74360025743303027     
          10           2   2.4092754472330835     
          10           3  -9.7602140540677812E-010
          10           4   1.2081676781257022E-009
          10           5  -1.0731191139800538E-009
          10           6  -7.9299014708164677     
          10           7  -2.2479063728488451E-012
          10           8   2.1846039880813412E-012
          10           9  -3.6451858151347788E-012
          10          10   9.2821667384348387     
          10          11  -3.5328970481989721E-012
          10          12   6.1414739571025786E-012
          10          13  -1.8923772052080722E-012
          10          14  -1.1340330795507190     
          10          15   8.8988636525997543E-013
          10          16  -7.5790265490175846E-013
          10          17   1.2294887514567922E-012
          10          18   2.1116827810076400     
          10          19  -1.7630742919394042E-005
          10          20   2.1116981494604468     
          10          21   3.8212566515929243E-007
          10          22  -5.8768972146120106E-007
          10          23   2.1116715366586067     
          10          24  -2.1991398761460368     
          10          25  -6.9416933249812865E-004
          10          26  -2.1985976694855101     
          10          27   1.5047317352687801E-005
          10          28  -2.3140225858302698E-005
          10          29  -2.1995366781002614     
          11           1  -5.0716540089296280E-013
          11           2   1.2777819652284956E-012
          11           3  0.35102275939508776     
          11           4   5.7971747578481215E-003
          11           5  -1.2566231221162604E-004
          11           6  -2.9270808667103903E-012
          11           7 -0.89379700173407350     
          11           8  -1.5268685278493364E-002
          11           9   3.3097124232098901E-004
          11          10  -3.5328970481989721E-012
          11          11   2.3357175695628154     
          11          12   4.4866574781964888E-002
          11          13  -9.7254908905495922E-004
          11          14  -9.7850594017223245E-014
          11          15 -0.24277551654096222     
          11          16 -0.14966835517868210     
          11          17   3.2442820057019817E-003
          11          18   1.1588163589417089E-012
          11          19  -1.0358748700011592E-012
          11          20   1.3331463131693385E-012
          11          21  -9.0722039780589865E-014
          11          22   3.0486262414763877E-013
          11          23   1.4769288723502079E-012
          11          24   1.8749564418974758E-012
          11          25   2.8389107640519174E-012
          11          26   1.3257180222940988E-012
          11          27   2.1356623712807954E-015
          11          28  -5.7057684510869118E-013
          11          29   1.6830558529992914E-012
          12           1   7.4651419812267272E-013
          12           2  -1.9006297093267146E-012
          12           3   5.7971747707697401E-003
          12           4  0.34587731089106843     
          12           5   1.9324864121726833E-004
          12           6   4.4875607058834654E-012
          12           7  -1.5268685278153346E-002
          12           8 -0.88024484281841930     
          12           9  -5.0898112838793606E-004
          12          10   6.1414739571025786E-012
          12          11   4.4866574781964888E-002
          12          12   2.2958949561376429     
          12          13   1.4956258110458490E-003
          12          14   2.7239018995232296E-013
          12          15 -0.14966835517854440     
          12          16 -0.10993308147317848     
          12          17  -4.9891897079183695E-003
          12          18  -1.7908346607816767E-012
          12          19   8.3321051183285726E-013
          12          20  -2.0602819921686846E-012
          12          21   1.4234167525213280E-013
          12          22  -3.5555986368355568E-013
          12          23  -2.2659036514173869E-012
          12          24  -3.0902231268537468E-012
          12          25  -2.2463876210597651E-012
          12          26  -2.6348291785169295E-012
          12          27  -1.0038070620420188E-013
          12          28   4.5710792317524408E-013
          12          29  -2.8236354211990845E-012
          13           1  -1.1902815847076353E-013
          13           2   2.4580345272652916E-013
          13           3  -1.2566230112723308E-004
          13           4   1.9324861934323927E-004
          13           5  0.35478825462927066     
          13           6  -3.3250833089764298E-013
          13           7   3.3097124232851251E-004
          13           8  -5.0898112869273131E-004
          13           9 -0.90371461931791308     
          13          10  -1.8923772052080722E-012
          13          11  -9.7254908905495922E-004
          13          12   1.4956258110458490E-003
          13          13   2.3648601920547163     
          13          14  -3.2280487886673487E-013
          13          15   3.2442820059136778E-003
          13          16  -4.9891897079517161E-003
          13          17 -0.33999105831541565     
          13          18   1.6862743793632075E-013
          13          19  -1.3995076706753815E-013
          13          20  -4.0720938467317638E-016
          13          21  -2.6529391530671866E-014
          13          22   5.7688690265287802E-014
          13          23   1.8255240162143653E-013
          13          24   7.3022760728964157E-013
          13          25   2.7105623902840683E-013
          13          26   6.5516925572203006E-013
          13          27  -3.6647795878322856E-013
          13          28  -2.6550571978206483E-013
          13          29   8.8953674130001331E-013
          14           1   2.0004421337515635E-002
          14           2  -7.2211290981591306E-002
          14           3  -1.4248487427945567E-011
          14           4   8.2949033320732315E-012
          14           5  -4.8927625939931364E-011
          14           6  0.37769359214990872     
          14           7  -1.3806641528356431E-014
          14           8  -6.0867756874714932E-014
          14           9  -4.4875654102618466E-014
          14          10  -1.1340330795507190     
          14          11  -9.7850594017223245E-014
          14          12   2.7239018995232296E-013
          14          13  -3.2280487886673487E-013
          14          14   2.1673068712385906     
          14          15   2.2460340274301564E-013
          14          16  -7.5372319936656966E-013
          14          17  -2.2917070287050527E-013
          14          18  -7.4919466910323751E-002
          14          19  -2.4451726145051309E-007
          14          20  -7.4919260682470248E-002
          14          21   5.2997872783800320E-009
          14          22  -8.1506338975003698E-009
          14          23  -7.4919617805424027E-002
          14          24  0.22386867867149463     
          14          25  -6.7388752813542465E-006
          14          26  0.22387394507230757     
          14          27   1.4607682775846141E-007
          14          28  -2.2464140997815990E-007
          14          29  0.22386482456943713     
          15           1   1.1903529688725431E-013
          15           2  -2.9994304297335073E-013
          15           3  -2.7934800714225223E-002
          15           4  -1.9334500114827759E-002
          15           5   4.1910374972595270E-004
          15           6   7.1431401177410671E-013
          15           7   7.0955671248747840E-002
          15           8   5.0926777036880082E-002
          15           9  -1.1039128891012554E-003
          15          10   8.8988636525997543E-013
          15          11 -0.24277551654096222     
          15          12 -0.14966835517854440     
          15          13   3.2442820059136778E-003
          15          14   2.2460340274301564E-013
          15          15  0.76853841193776384     
          15          16  0.49938891991142320     
          15          17  -1.0824990258158999E-002
          15          18  -2.1253625730789674E-013
          15          19   1.3650646754834499E-013
          15          20  -3.7126040956168560E-013
          15          21   2.3149490300865866E-015
          15          22  -1.3604121886316134E-014
          15          23  -3.5117996699525226E-013
          15          24  -6.8916403165630014E-013
          15          25  -3.7177415112277420E-013
          15          26  -2.1386081665548920E-013
          15          27   3.3595419068848367E-014
          15          28  -1.3829072378554210E-014
          15          29  -4.1102751865867045E-013
          16           1  -1.7907469363300998E-013
          16           2   4.6548173203745700E-013
          16           3  -1.9334500127356227E-002
          16           4  -1.0773911378371956E-002
          16           5  -6.4451490387534372E-004
          16           6  -1.1678686837977023E-012
          16           7   5.0926777036827131E-002
          16           8   2.5754151771553851E-002
          16           9   1.6976424412688549E-003
          16          10  -7.5790265490175846E-013
          16          11 -0.14966835517868210     
          16          12 -0.10993308147317848     
          16          13  -4.9891897079517161E-003
          16          14  -7.5372319936656966E-013
          16          15  0.49938891991142320     
          16          16  0.32529147381453016     
          16          17   1.6647113256295323E-002
          16          18   3.3699516585694410E-013
          16          19  -8.8485840454412650E-013
          16          20   5.4495699155588749E-013
          16          21  -6.7348119370282602E-014
          16          22   1.6607005274034544E-013
          16          23   6.0112833369441911E-013
          16          24   8.0596381161966285E-013
          16          25   2.4802605108479156E-012
          16          26   2.5388820276146065E-013
          16          27   1.1238409032847113E-013
          16          28  -3.3330644000161004E-013
          16          29   2.8718444665928674E-013
          17           1   2.7302794702527709E-014
          17           2  -5.5334648756715024E-014
          17           3   4.1910373380144722E-004
          17           4  -6.4451487873231651E-004
          17           5  -4.0493326524184470E-002
          17           6   1.1299799940396757E-013
          17           7  -1.1039128890447188E-003
          17           8   1.6976424413911102E-003
          17           9  0.10403463583388747     
          17          10   1.2294887514567922E-012
          17          11   3.2442820057019817E-003
          17          12  -4.9891897079183695E-003
          17          13 -0.33999105831541565     
          17          14  -2.2917070287050527E-013
          17          15  -1.0824990258158999E-002
          17          16   1.6647113256295323E-002
          17          17   1.0929113520113571     
          17          18   6.6824850936850173E-014
          17          19  -4.0589576861710917E-013
          17          20  -1.0654282947943078E-013
          17          21  -4.7803183284561115E-015
          17          22   8.2285111480459292E-014
          17          23  -9.0467899002255534E-014
          17          24  -8.0615816238208690E-013
          17          25   1.1853745361198342E-012
          17          26  -2.6876878096372041E-013
          17          27   9.4927379197395091E-014
          17          28  -1.7689886119140707E-013
          17          29  -4.9273518324322782E-013
          18           1 -0.90948944374231500     
          18           2   2.6496744311480089     
          18           3   2.7847298662281972E-010
          18           4  -4.1182286781837063E-010
          18           5   6.7869107291400196E-011
          18           6  -6.2733775974317822     
          18           7   6.9903692658503806E-013
          18           8  -8.4150464614255656E-013
          18           9   1.7085481861277531E-013
          18          10   2.1116827810076400     
          18          11   1.1588163589417089E-012
          18          12  -1.7908346607816767E-012
          18          13   1.6862743793632075E-013
          18          14  -7.4919466910323751E-002
          18          15  -2.1253625730789674E-013
          18          16   3.3699516585694410E-013
          18          17   6.6824850936850173E-014
          18          18   4.3788519445268790     
          18          19  -1.1966054431075832E-005
          18          20   1.0551180063055448     
          18          21   2.5938227154751740E-007
          18          22  -3.9888716220789473E-007
          18          23   1.0551020724936893     
          18          24  -1.4853747523448073     
          18          25   4.2689453155169168E-005
          18          26 -0.44808459224495634     
          18          27  -9.2535756146259684E-007
          18          28   1.4230506528745184E-006
          18          29 -0.44802769444944779     
          19           1  -4.4484646182682633E-007
          19           2   1.6667005600571023E-007
          19           3  -1.4168270024906529E-011
          19           4   1.8841353071444655E-011
          19           5  -1.0327928562182191E-011
          19           6   2.6462191756374212E-005
          19           7   4.5504237040841978E-013
          19           8  -2.7909024129364680E-013
          19           9   7.0072305178093408E-014
          19          10  -1.7630742919394042E-005
          19          11  -1.0358748700011592E-012
          19          12   8.3321051183285726E-013
          19          13  -1.3995076706753815E-013
          19          14  -2.4451726145051309E-007
          19          15   1.3650646754834499E-013
          19          16  -8.8485840454412650E-013
          19          17  -4.0589576861710917E-013
          19          18  -1.1966054431075832E-005
          19          19   2.2158287592580197     
          19          20  -1.1966053693575411E-005
          19          21  -9.0605415948543946E-013
          19          22  -6.0301077311917386E-013
          19          23  -1.1966056966270102E-005
          19          24   8.0874620611398845E-006
          19          25 -0.69154867640755069     
          19          26   8.0874619134438303E-006
          19          27   2.3273169402886864E-012
          19          28   1.5144197832888712E-012
          19          29   8.0874678034345451E-006
          20           1 -0.90948910169708752     
          20           2   2.6496743041113113     
          20           3   2.8484629575057649E-010
          20           4  -4.3276451688196857E-010
          20           5   2.8199977709601990E-011
          20           6  -6.2733979335150636     
          20           7   5.3102531519621654E-013
          20           8  -8.3003676047420339E-013
          20           9   6.6490173942784268E-014
          20          10   2.1116981494604468     
          20          11   1.3331463131693385E-012
          20          12  -2.0602819921686846E-012
          20          13  -4.0720938467317638E-016
          20          14  -7.4919260682470248E-002
          20          15  -3.7126040956168560E-013
          20          16   5.4495699155588749E-013
          20          17  -1.0654282947943078E-013
          20          18   1.0551180063055448     
          20          19  -1.1966053693575411E-005
          20          20   4.3788703458560256     
          20          21   2.5938210400427783E-007
          20          22  -3.9888925535256533E-007
          20          23   1.0551112731543517     
          20          24 -0.44805877057292898     
          20          25   4.2689453701361322E-005
          20          26  -1.4854146396850139     
          20          27  -9.2535685017242873E-007
          20          28   1.4230540131246605E-006
          20          29 -0.44803472727073212     
          21           1   9.6427014166890668E-009
          21           2  -3.6128339744187603E-009
          21           3  -1.3649872580258944E-011
          21           4   9.8399879409847584E-012
          21           5  -3.9921203882703747E-011
          21           6  -5.7360751245436101E-007
          21           7   3.7658827844180985E-014
          21           8  -2.1911373634416036E-014
          21           9  -1.4104876069596001E-013
          21          10   3.8212566515929243E-007
          21          11  -9.0722039780589865E-014
          21          12   1.4234167525213280E-013
          21          13  -2.6529391530671866E-014
          21          14   5.2997872783800320E-009
          21          15   2.3149490300865866E-015
          21          16  -6.7348119370282602E-014
          21          17  -4.7803183284561115E-015
          21          18   2.5938227154751740E-007
          21          19  -9.0605415948543946E-013
          21          20   2.5938210400427783E-007
          21          21   2.2158287592591632     
          21          22  -2.4358681541126747E-013
          21          23   2.5938153978458778E-007
          21          24  -1.7528721106522654E-007
          21          25   2.5830505200732907E-012
          21          26  -1.7528654610775762E-007
          21          27 -0.69154867640862083     
          21          28   6.6266215566235972E-013
          21          29  -1.7528638385338166E-007
          22           1  -1.4828943418377042E-008
          22           2   5.5559552220979713E-009
          22           3   2.8663862873471069E-011
          22           4  -4.7435552205647476E-011
          22           5  -1.1140265661348956E-011
          22           6   8.8211664088288923E-007
          22           7  -6.4506848869210106E-014
          22           8  -2.8333519609644337E-014
          22           9  -6.0183655262688871E-014
          22          10  -5.8768972146120106E-007
          22          11   3.0486262414763877E-013
          22          12  -3.5555986368355568E-013
          22          13   5.7688690265287802E-014
          22          14  -8.1506338975003698E-009
          22          15  -1.3604121886316134E-014
          22          16   1.6607005274034544E-013
          22          17   8.2285111480459292E-014
          22          18  -3.9888716220789473E-007
          22          19  -6.0301077311917386E-013
          22          20  -3.9888925535256533E-007
          22          21  -2.4358681541126747E-013
          22          22   2.2158287592580037     
          22          23  -3.9888794873410235E-007
          22          24   2.6958047931058888E-007
          22          25   1.6017576250113478E-012
          22          26   2.6958385884622014E-007
          22          27   7.1997916271691181E-013
          22          28 -0.69154867640538131     
          22          29   2.6958049119958218E-007
          23           1 -0.90948969405478985     
          23           2   2.6496745241162856     
          23           3   3.4640663884687943E-010
          23           4  -5.1075746894979216E-010
          23           5   8.9318681680847014E-011
          23           6  -6.2733627152441471     
          23           7   6.7219770571806126E-013
          23           8  -1.0559205455075840E-012
          23           9   3.1238290658179892E-013
          23          10   2.1116715366586067     
          23          11   1.4769288723502079E-012
          23          12  -2.2659036514173869E-012
          23          13   1.8255240162143653E-013
          23          14  -7.4919617805424027E-002
          23          15  -3.5117996699525226E-013
          23          16   6.0112833369441911E-013
          23          17  -9.0467899002255534E-014
          23          18   1.0551020724936893     
          23          19  -1.1966056966270102E-005
          23          20   1.0551112731543517     
          23          21   2.5938153978458778E-007
          23          22  -3.9888794873410235E-007
          23          23   4.3788384782333853     
          23          24 -0.44804659214300391     
          23          25   4.2689459069294457E-005
          23          26 -0.44807944663623911     
          23          27  -9.2535672362375199E-007
          23          28   1.4230506312930217E-006
          23          29  -1.4853455634616659     
          24           1  0.29036147642542587     
          24           2 -0.92335061084455816     
          24           3   4.5771679254758938E-010
          24           4  -5.6184842069100018E-010
          24           5   5.1988391550926122E-010
          24           6   2.8278053468588409     
          24           7   9.7450694844770764E-013
          24           8  -9.7476786714689578E-013
          24           9   1.8569286460838465E-012
          24          10  -2.1991398761460368     
          24          11   1.8749564418974758E-012
          24          12  -3.0902231268537468E-012
          24          13   7.3022760728964157E-013
          24          14  0.22386867867149463     
          24          15  -6.8916403165630014E-013
          24          16   8.0596381161966285E-013
          24          17  -8.0615816238208690E-013
          24          18  -1.4853747523448073     
          24          19   8.0874620611398845E-006
          24          20 -0.44805877057292898     
          24          21  -1.7528721106522654E-007
          24          22   2.6958047931058888E-007
          24          23 -0.44804659214300391     
          24          24   2.8066433247010378     
          24          25   3.1136886501474854E-004
          24          26 -0.51734302706418878     
          24          27  -6.7494556825004867E-006
          24          28   1.0379525204035639E-005
          24          29 -0.51692182417338861     
          25           1   1.5852898475586250E-006
          25           2  -1.0605899619864302E-006
          25           3   1.6063044411046138E-011
          25           4  -3.4073808569966448E-011
          25           5  -3.4243335585722923E-011
          25           6  -9.8839688774876578E-005
          25           7  -1.2789845691897352E-012
          25           8   8.8248575717067594E-013
          25           9  -3.0703431257882921E-013
          25          10  -6.9416933249812865E-004
          25          11   2.8389107640519174E-012
          25          12  -2.2463876210597651E-012
          25          13   2.7105623902840683E-013
          25          14  -6.7388752813542465E-006
          25          15  -3.7177415112277420E-013
          25          16   2.4802605108479156E-012
          25          17   1.1853745361198342E-012
          25          18   4.2689453155169168E-005
          25          19 -0.69154867640755069     
          25          20   4.2689453701361322E-005
          25          21   2.5830505200732907E-012
          25          22   1.6017576250113478E-012
          25          23   4.2689459069294457E-005
          25          24   3.1136886501474854E-004
          25          25   2.2158287590964987     
          25          26   3.1136899285752251E-004
          25          27  -2.9643939425556390E-012
          25          28  -9.6408000660413665E-012
          25          29   3.1136875514810661E-004
          26           1  0.29036025637855556     
          26           2 -0.92334978969605119     
          26           3   4.5095390876084764E-010
          26           4  -5.6016213751687285E-010
          26           5   4.8905048914293738E-010
          26           6   2.8278814621387971     
          26           7   1.1454346539079009E-012
          26           8  -1.0498700623557801E-012
          26           9   1.7634329929980874E-012
          26          10  -2.1985976694855101     
          26          11   1.3257180222940988E-012
          26          12  -2.6348291785169295E-012
          26          13   6.5516925572203006E-013
          26          14  0.22387394507230757     
          26          15  -2.1386081665548920E-013
          26          16   2.5388820276146065E-013
          26          17  -2.6876878096372041E-013
          26          18 -0.44808459224495634     
          26          19   8.0874619134438303E-006
          26          20  -1.4854146396850139     
          26          21  -1.7528654610775762E-007
          26          22   2.6958385884622014E-007
          26          23 -0.44807944663623911     
          26          24 -0.51734302706418878     
          26          25   3.1136899285752251E-004
          26          26   2.8061568988215027     
          26          27  -6.7494604680332906E-006
          26          28   1.0379519820612029E-005
          26          29 -0.51716503702505290     
          27           1  -3.4363495746707490E-008
          27           2   2.2989949233494581E-008
          27           3  -1.6086970614733268E-011
          27           4   3.2724857868155576E-011
          27           5   2.7812862400572968E-011
          27           6   2.1424973840192506E-006
          27           7  -7.5779843408895918E-014
          27           8   1.8448120331702725E-013
          27           9   2.5098427932156265E-013
          27          10   1.5047317352687801E-005
          27          11   2.1356623712807954E-015
          27          12  -1.0038070620420188E-013
          27          13  -3.6647795878322856E-013
          27          14   1.4607682775846141E-007
          27          15   3.3595419068848367E-014
          27          16   1.1238409032847113E-013
          27          17   9.4927379197395091E-014
          27          18  -9.2535756146259684E-007
          27          19   2.3273169402886864E-012
          27          20  -9.2535685017242873E-007
          27          21 -0.69154867640862083     
          27          22   7.1997916271691181E-013
          27          23  -9.2535672362375199E-007
          27          24  -6.7494556825004867E-006
          27          25  -2.9643939425556390E-012
          27          26  -6.7494604680332906E-006
          27          27   2.2158287592630761     
          27          28  -1.8293618337314896E-012
          27          29  -6.7494560528253944E-006
          28           1   5.2845585333991238E-008
