           1           1   2.4537224022885153     
           1           2  -1.2034890919232248     
           1           3  -3.6705767565229044E-011
           1           4  -6.3509030639904083E-011
           1           5  -6.2165434398944419E-011
           1           6   2.6119963428303743     
           1           7  -1.3980356120668062E-012
           1           8   2.6030045517621285E-012
           1           9  -2.3341985415872931E-012
           1          10 -0.71521718024279579     
           1          11   3.7753297306399372E-012
           1          12  -5.2527071423665722E-012
           1          13   5.9137683195369587E-012
           1          14   1.9899053807305792E-002
           1          15  -8.3997920199993814E-012
           1          16   2.3866618875954894E-012
           1          17   1.4461579197338479E-012
           1          18 -0.95750583262096334     
           1          19   1.2462480644205111E-006
           1          20 -0.95750556256559194     
           1          21  -6.4090299911542804E-008
           1          22  -7.2608188663564636E-008
           1          23 -0.95750678205571482     
           1          24  0.27867420132665149     
           1          25  -4.7229147886512743E-006
           1          26  0.27867317789592017     
           1          27   2.4288336287907391E-007
           1          28   2.7516357977563839E-007
           1          29  0.27867779940603121     
           2           1  -1.2034890919232248     
           2           2   3.2621154992167742     
           2           3   9.5496523697007105E-011
           2           4   1.7083346145661928E-010
           2           5   1.3687149122195435E-010
           2           6  -7.8186925500444140     
           2           7   3.3642251160522461E-012
           2           8  -2.8312879339503626E-012
           2           9   4.5280582694568973E-013
           2          10   2.3135671968802800     
           2          11  -9.3530344005109576E-012
           2          12   5.6964685684581378E-012
           2          13  -2.2187599921505832E-012
           2          14  -7.2295989906107000E-002
           2          15   3.2041810794291515E-011
           2          16  -2.2538677088293568E-011
           2          17   1.8719872096621382E-011
           2          18   2.7892522239087070     
           2          19  -9.9549351501981858E-007
           2          20   2.7892520081906715     
           2          21   5.1194828108344673E-008
           2          22   5.7998817731233339E-008
           2          23   2.7892529823097565     
           2          24 -0.88241445467416857     
           2          25   4.9370413496653548E-006
           2          26 -0.88241338484355658     
           2          27  -2.5389513082789840E-007
           2          28  -2.8763872285325040E-007
           2          29 -0.88241821588203828     
           3           1  -3.6705767565229044E-011
           3           2   9.5496523697007105E-011
           3           3   2.6768015850692342     
           3           4  -1.2428058055540586E-003
           3           5   6.3913266102201766E-005
           3           6  -3.3254154346733362E-010
           3           7  -1.4127029793192618     
           3           8   3.1853577373496039E-003
           3           9  -1.6381208159408365E-004
           3          10   3.6502137047554417E-010
           3          11  0.34417007277742989     
           3          12  -8.6925740829854100E-003
           3          13   4.4702939407311251E-004
           3          14   3.9893074060414785E-011
           3          15  -1.1692864100838534E-002
           3          16   2.5936226875402760E-002
           3          17  -1.3338115832778369E-003
           3          18   1.5164434349759066E-010
           3          19   4.5204094660556094E-012
           3          20   1.3820143256658467E-010
           3          21  -1.3524331221517099E-012
           3          22  -1.0472658604593657E-011
           3          23   1.6926413343107020E-010
           3          24  -1.7391738602596244E-010
           3          25  -1.1188714399627082E-011
           3          26  -1.4622516867267183E-010
           3          27  -4.9427944584202741E-012
           3          28  -2.2924006788701035E-011
           3          29  -1.7009411822710951E-010
           4           1  -6.3509030639904083E-011
           4           2   1.7083346145661928E-010
           4           3  -1.2428058055540586E-003
           4           4   2.6764906132404205     
           4           5   7.2407614412831376E-005
           4           6  -3.9348508916577832E-010
           4           7   3.1853577507618249E-003
           4           8  -1.4119059468802408     
           4           9  -1.8558343098603355E-004
           4          10  -4.8933496142730707E-011
           4          11  -8.6925740994248900E-003
           4          12  0.34199503807867082     
           4          13   5.0644160470780688E-004
           4          14  -5.4548143029704410E-012
           4          15   2.5936226869089016E-002
           4          16  -5.2031646020660721E-003
           4          17  -1.5110811416984902E-003
           4          18   1.6324981866401483E-010
           4          19   4.0605772961700137E-012
           4          20   1.8264174268506440E-010
           4          21  -7.3516774063507435E-012
           4          22  -6.8206515714873373E-012
           4          23   1.9653543429270335E-010
           4          24   3.5987713726501192E-011
           4          25  -1.8678242810602065E-011
           4          26   2.4938076634397037E-011
           4          27  -4.6147451871616730E-012
           4          28  -1.9055071894240899E-011
           4          29   1.7283867491011753E-011
           5           1  -6.2165434398944419E-011
           5           2   1.3687149122195435E-010
           5           3   6.3913266102201766E-005
           5           4   7.2407614412831376E-005
           5           5   2.6778948698165088     
           5           6   1.9888742087610698E-011
           5           7  -1.6381207385158614E-004
           5           8  -1.8558342127295284E-004
           5           9  -1.4155051090372188     
           5          10  -1.2495963707112693E-009
           5          11   4.4702939138745916E-004
           5          12   5.0644159023528930E-004
           5          13  0.35181684979098948     
           5          14  -6.6333432611882971E-012
           5          15  -1.3338115927914581E-003
           5          16  -1.5110811425731959E-003
           5          17  -3.4508722966135330E-002
           5          18  -1.6173823557772211E-011
           5          19  -2.3694208593835263E-012
           5          20   2.9100807984127822E-011
           5          21  -6.2009494226994886E-012
           5          22   1.9685941870391001E-011
           5          23  -9.9477331738427383E-012
           5          24   5.4896602234061412E-010
           5          25  -1.7653024851917978E-011
           5          26   5.5001797745124449E-010
           5          27  -1.8843479675699733E-011
           5          28   3.8657600996161643E-013
           5          29   5.6120465412106336E-010
           6           1   2.6119963428303743     
           6           2  -7.8186925500444140     
           6           3  -3.3254154346733362E-010
           6           4  -3.9348508916577832E-010
           6           5   1.9888742087610698E-011
           6           6   21.912301188201781     
           6           7  -1.6862387226959191E-011
           6           8   7.1740117934408991E-012
           6           9  -8.9418571392425690E-012
           6          10  -7.7637340937136390     
           6          11   4.1784290097045403E-011
           6          12  -2.3569581977109205E-011
           6          13   1.5771100740102937E-011
           6          14  0.38332346824962871     
           6          15  -1.3589254341569112E-010
           6          16   9.3181814719700158E-011
           6          17  -7.7657322047755526E-011
           6          18  -6.9248988808320444     
           6          19  -7.8695810110443386E-005
           6          20  -6.9249159338042130     
           6          21   4.0470577478277493E-006
           6          22   4.5849301700261427E-006
           6          23  -6.9248389276448004     
           6          24   2.7377325881481882     
           6          25   3.0851206128034987E-004
           6          26   2.7377994411003388     
           6          27  -1.5865723289686849E-005
           6          28  -1.7974350187921888E-005
           6          29   2.7374975530016670     
           7           1  -1.3980356120668062E-012
           7           2   3.3642251160522461E-012
           7           3  -1.4127029793192618     
           7           4   3.1853577507618249E-003
           7           5  -1.6381207385158614E-004
           7           6  -1.6862387226959191E-011
           7           7   2.9606259810248119     
           7           8  -8.1641901502560472E-003
           7           9   4.1985641688493578E-004
           7          10   3.1915391159587548E-011
           7          11 -0.87692448135915058     
           7          12   2.2279374206812207E-002
           7          13  -1.1457521303484394E-003
           7          14  -6.6504757090817442E-011
           7          15   3.1598146695582807E-002
           7          16  -6.6475269006958895E-002
           7          17   3.4185961189433282E-003
           7          18  -6.7107757520583111E-012
           7          19   5.3397574637177377E-013
           7          20   1.2960332694577049E-011
           7          21  -5.2382004569002828E-012
           7          22  -3.5789483572690545E-012
           7          23   6.3911030772761872E-012
           7          24   2.3090842463492713E-011
           7          25   3.4075680536896483E-013
           7          26  -2.8983620748498109E-011
           7          27   1.5243674988849149E-011
           7          28   1.1160628575192644E-011
           7          29  -1.3027292459380168E-011
           8           1   2.6030045517621285E-012
           8           2  -2.8312879339503626E-012
           8           3   3.1853577373496039E-003
           8           4  -1.4119059468802408     
           8           5  -1.8558342127295284E-004
           8           6   7.1740117934408991E-012
           8           7  -8.1641901502560472E-003
           8           8   2.9585831572659989     
           8           9   4.7565722321176742E-004
           8          10  -4.6723146830517066E-011
           8          11   2.2279374206832712E-002
           8          12 -0.87134979064988261     
           8          13  -1.2980277414768337E-003
           8          14   3.9065719495731375E-011
           8          15  -6.6475269010113927E-002
           8          16   1.4964866877668494E-002
           8          17   3.8729429221716479E-003
           8          18   5.2775729602106510E-012
           8          19   2.9413472136686178E-013
           8          20  -7.5855743391507274E-012
           8          21  -3.3791477167500465E-013
           8          22   8.1598690061749888E-013
           8          23  -1.7927445906173809E-012
           8          24  -1.1071101600835605E-012
           8          25  -2.2433535648947325E-012
           8          26   3.2026932350012285E-011
           8          27  -9.8445072406216442E-014
           8          28  -3.0263808821716361E-012
           8          29   1.7616198576434418E-011
           9           1  -2.3341985415872931E-012
           9           2   4.5280582694568973E-013
           9           3  -1.6381208159408365E-004
           9           4  -1.8558343098603355E-004
           9           5  -1.4155051090372188     
           9           6  -8.9418571392425690E-012
           9           7   4.1985641688493578E-004
           9           8   4.7565722321176742E-004
           9           9   2.9678079435846261     
           9          10   3.4167386212886812E-012
           9          11  -1.1457521300887426E-003
           9          12  -1.2980277420774331E-003
           9          13 -0.89652344077242385     
           9          14  -3.3693432963128308E-011
           9          15   3.4185961228576384E-003
           9          16   3.8729429254956839E-003
           9          17   9.0075825948468941E-002
           9          18  -7.2409667351394440E-012
           9          19  -7.9497429479305037E-013
           9          20   1.0666632526336259E-011
           9          21  -4.5891934977358089E-012
           9          22  -3.4100773974909411E-012
           9          23   5.0688863869726430E-012
           9          24   2.7434414047845149E-011
           9          25   2.6875021538392195E-012
           9          26  -1.8261145131724117E-011
           9          27   1.3784274857370320E-011
           9          28   9.2808248076080845E-012
           9          29  -1.5026703172985558E-012
          10           1 -0.71521718024279579     
          10           2   2.3135671968802800     
          10           3   3.6502137047554417E-010
          10           4  -4.8933496142730707E-011
          10           5  -1.2495963707112693E-009
          10           6  -7.7637340937136390     
          10           7   3.1915391159587548E-011
          10           8  -4.6723146830517066E-011
          10           9   3.4167386212886812E-012
          10          10   9.1096092669239361     
          10          11  -7.4541351172999610E-011
          10          12   5.4709987865312679E-011
          10          13  -3.0087081455517763E-011
          10          14  -1.0647910796379878     
          10          15   1.9140060642154642E-010
          10          16  -1.3538900263608557E-010
          10          17   9.9475727522039136E-011
          10          18   2.1462559729623472     
          10          19  -7.7946305460039928E-004
          10          20   2.1460870673434953     
          10          21   4.0085167918176766E-005
          10          22   4.5412668860541339E-005
          10          23   2.1468497948112093     
          10          24  -2.1125448975610346     
          10          25   4.7931677808558098E-003
          10          26  -2.1115062431249116     
          10          27  -2.4649630283847242E-004
          10          28  -2.7925677046728261E-004
          10          29  -2.1161964982882644     
          11           1   3.7753297306399372E-012
          11           2  -9.3530344005109576E-012
          11           3  0.34417007277742989     
          11           4  -8.6925740994248900E-003
          11           5   4.4702939138745916E-004
          11           6   4.1784290097045403E-011
          11           7 -0.87692448135915058     
          11           8   2.2279374206832712E-002
          11           9  -1.1457521300887426E-003
          11          10  -7.4541351172999610E-011
          11          11   2.2960464098993194     
          11          12  -6.0798198490584619E-002
          11          13   3.1266437283310224E-003
          11          14   1.8180248802204281E-010
          11          15 -0.15631619084923740     
          11          16  0.18140068693865483     
          11          17  -9.3288179841825979E-003
          11          18   2.0667749351588412E-011
          11          19  -2.5858814786734598E-013
          11          20  -3.2876660841483139E-011
          11          21   1.5343681945077125E-011
          11          22   1.1129334381326614E-011
          11          23  -1.6517857950435457E-011
          11          24  -6.9665558156658403E-011
          11          25   4.3210316678373489E-013
          11          26   7.2649631012091315E-011
          11          27  -4.1185881718960220E-011
          11          28  -2.9619503169279024E-011
          11          29   2.9874107943343119E-011
          12           1  -5.2527071423665722E-012
          12           2   5.6964685684581378E-012
          12           3  -8.6925740829854100E-003
          12           4  0.34199503807867082     
          12           5   5.0644159023528930E-004
          12           6  -2.3569581977109205E-011
          12           7   2.2279374206812207E-002
          12           8 -0.87134979064988261     
          12           9  -1.2980277420774331E-003
          12          10   5.4709987865312679E-011
          12          11  -6.0798198490584619E-002
          12          12   2.2808336328582932     
          12          13   3.5421887433605363E-003
          12          14  -1.0710570051306435E-010
          12          15  0.18140068694562161     
          12          16 -0.11092655300729160     
          12          17  -1.0568659858943411E-002
          12          18  -1.2560055299518393E-011
          12          19  -2.0796502575673012E-012
          12          20   2.1526768598486118E-011
          12          21  -7.3218921071427204E-014
          12          22  -3.1698855471626168E-012
          12          23   7.5936177050473503E-012
          12          24   3.6759283995600754E-011
          12          25   4.5240641114511398E-012
          12          26  -5.3831924902404517E-011
          12          27  -8.4297745663821231E-013
          12          28   7.2311569662963752E-012
          12          29  -1.6062196900359606E-011
          13           1   5.9137683195369587E-012
          13           2  -2.2187599921505832E-012
          13           3   4.4702939407311251E-004
          13           4   5.0644160470780688E-004
          13           5  0.35181684979098948     
          13           6   1.5771100740102937E-011
          13           7  -1.1457521303484394E-003
          13           8  -1.2980277414768337E-003
          13           9 -0.89652344077242385     
          13          10  -3.0087081455517763E-011
          13          11   3.1266437283310224E-003
          13          12   3.5421887433605363E-003
          13          13   2.3495300227466069     
          13          14   9.1364680851796831E-011
          13          15  -9.3288179927477500E-003
          13          16  -1.0568659869595981E-002
          13          17 -0.31589269719856289     
          13          18   2.1690584081521767E-011
          13          19   2.8531193060211865E-012
          13          20  -2.4982459566273625E-011
          13          21   1.3812928177451577E-011
          13          22   9.3029608808892807E-012
          13          23  -7.2836450877075439E-012
          13          24  -6.5532815421003262E-011
          13          25  -7.3644419083905772E-012
          13          26   6.0275057413705757E-011
          13          27  -3.6916417602430224E-011
          13          28  -2.4963682459246482E-011
          13          29   1.2328468752639726E-011
          14           1   1.9899053807305792E-002
          14           2  -7.2295989906107000E-002
          14           3   3.9893074060414785E-011
          14           4  -5.4548143029704410E-012
          14           5  -6.6333432611882971E-012
          14           6  0.38332346824962871     
          14           7  -6.6504757090817442E-011
          14           8   3.9065719495731375E-011
          14           9  -3.3693432963128308E-011
          14          10  -1.0647910796379878     
          14          11   1.8180248802204281E-010
          14          12  -1.0710570051306435E-010
          14          13   9.1364680851796831E-011
          14          14   2.1686863152970419     
          14          15  -5.4860892190120182E-010
          14          16   3.2108705268117145E-010
          14          17  -2.6723862366636738E-010
          14          18  -7.6462928933566751E-002
          14          19  -7.6507627720405370E-006
          14          20  -7.6464586817127950E-002
          14          21   3.9345411914933723E-007
          14          22   4.4574705050734989E-007
          14          23  -7.6457100310210871E-002
          14          24  0.19293066996737401     
          14          25   4.7460666795972200E-005
          14          26  0.19294095445260068     
          14          27  -2.4407428729538699E-006
          14          28  -2.7651318547681819E-006
          14          29  0.19289451277061481     
          15           1  -8.3997920199993814E-012
          15           2   3.2041810794291515E-011
          15           3  -1.1692864100838534E-002
          15           4   2.5936226869089016E-002
          15           5  -1.3338115927914581E-003
          15           6  -1.3589254341569112E-010
          15           7   3.1598146695582807E-002
          15           8  -6.6475269010113927E-002
          15           9   3.4185961228576384E-003
          15          10   1.9140060642154642E-010
          15          11 -0.15631619084923740     
          15          12  0.18140068694562161     
          15          13  -9.3288179927477500E-003
          15          14  -5.4860892190120182E-010
          15          15  0.61608879894344304     
          15          16 -0.54119076182930193     
          15          17   2.7831593236464593E-002
          15          18  -6.0696213400057644E-011
          15          19   1.6342706491328013E-012
          15          20   1.0172153141918478E-010
          15          21  -4.6046379308364256E-011
          15          22  -3.3531797230214830E-011
          15          23   5.3188737514886728E-011
          15          24   2.2978689136155375E-010
          15          25  -2.8438499958874497E-012
          15          26  -2.0299592494440865E-010
          15          27   1.2418843134756709E-010
          15          28   8.9682573916935693E-011
          15          29  -7.4996296985763253E-011
          16           1   2.3866618875954894E-012
          16           2  -2.2538677088293568E-011
          16           3   2.5936226875402760E-002
          16           4  -5.2031646020660721E-003
          16           5  -1.5110811425731959E-003
          16           6   9.3181814719700158E-011
          16           7  -6.6475269006958895E-002
          16           8   1.4964866877668494E-002
          16           9   3.8729429254956839E-003
          16          10  -1.3538900263608557E-010
          16          11  0.18140068693865483     
          16          12 -0.11092655300729160     
          16          13  -1.0568659869595981E-002
          16          14   3.2108705268117145E-010
          16          15 -0.54119076182930193     
          16          16  0.48067336521156545     
          16          17   3.1530537183601944E-002
          16          18   3.3003710193810885E-011
          16          19   4.8409338743213474E-012
          16          20  -6.9765420480882497E-011
          16          21  -5.5464297113482436E-013
          16          22   9.2244429959255223E-012
          16          23  -2.9634265262948237E-011
          16          24  -1.2945692729911024E-010
          16          25  -1.1599076470358050E-011
          16          26   1.4518635405273167E-010
          16          27   1.9820371755032674E-012
          16          28  -2.3060790233224333E-011
          16          29   3.6299336288532422E-011
          17           1   1.4461579197338479E-012
          17           2   1.8719872096621382E-011
          17           3  -1.3338115832778369E-003
          17           4  -1.5110811416984902E-003
          17           5  -3.4508722966135330E-002
          17           6  -7.7657322047755526E-011
          17           7   3.4185961189433282E-003
          17           8   3.8729429221716479E-003
          17           9   9.0075825948468941E-002
          17          10   9.9475727522039136E-011
          17          11  -9.3288179841825979E-003
          17          12  -1.0568659858943411E-002
          17          13 -0.31589269719856289     
          17          14  -2.6723862366636738E-010
          17          15   2.7831593236464593E-002
          17          16   3.1530537183601944E-002
          17          17   1.0921693060609254     
          17          18  -5.7090625866046139E-011
          17          19  -1.0784500969905734E-011
          17          20   8.6801608795521940E-011
          17          21  -4.2614454363524180E-011
          17          22  -2.7905926359090540E-011
          17          23   2.6372056599669034E-011
          17          24   1.9150615782031795E-010
          17          25   2.8780171515558826E-011
          17          26  -1.9193980159023901E-010
          17          27   1.1430242568659031E-010
          17          28   7.5150040760537919E-011
          17          29  -2.9213159580754147E-011
          18           1 -0.95750583262096334     
          18           2   2.7892522239087070     
          18           3   1.5164434349759066E-010
          18           4   1.6324981866401483E-010
          18           5  -1.6173823557772211E-011
          18           6  -6.9248988808320444     
          18           7  -6.7107757520583111E-012
          18           8   5.2775729602106510E-012
          18           9  -7.2409667351394440E-012
          18          10   2.1462559729623472     
          18          11   2.0667749351588412E-011
          18          12  -1.2560055299518393E-011
          18          13   2.1690584081521767E-011
          18          14  -7.6462928933566751E-002
          18          15  -6.0696213400057644E-011
          18          16   3.3003710193810885E-011
          18          17  -5.7090625866046139E-011
          18          18   4.6201730136365082     
          18          19   3.3406329514266369E-005
          18          20   1.2964371137208643     
          18          21  -1.7179765906342361E-006
          18          22  -1.9462967067087510E-006
          18          23   1.2964044246410320     
          18          24  -1.4932340388282395     
          18          25  -1.2640873993746482E-004
          18          26 -0.45593841631741466     
          18          27   6.5007780774577523E-006
          18          28   7.3647425011434220E-006
          18          29 -0.45581472164214287     
          19           1   1.2462480644205111E-006
          19           2  -9.9549351501981858E-007
          19           3   4.5204094660556094E-012
          19           4   4.0605772961700137E-012
          19           5  -2.3694208593835263E-012
          19           6  -7.8695810110443386E-005
          19           7   5.3397574637177377E-013
          19           8   2.9413472136686178E-013
          19           9  -7.9497429479305037E-013
          19          10  -7.7946305460039928E-004
          19          11  -2.5858814786734598E-013
          19          12  -2.0796502575673012E-012
          19          13   2.8531193060211865E-012
          19          14  -7.6507627720405370E-006
          19          15   1.6342706491328013E-012
          19          16   4.8409338743213474E-012
          19          17  -1.0784500969905734E-011
          19          18   3.3406329514266369E-005
          19          19   2.2158287589303911     
          19          20   3.3406264383005233E-005
          19          21   1.5970503256315904E-011
          19          22   1.8614518141782468E-011
          19          23   3.3406585788682635E-005
          19          24   3.4982596286217530E-004
          19          25 -0.69154867503568951     
          19          26   3.4982624415840559E-004
          19          27  -6.8258740398069272E-011
          19          28  -7.8337158481429881E-011
          19          29   3.4982490165240036E-004
          20           1 -0.95750556256559194     
          20           2   2.7892520081906715     
          20           3   1.3820143256658467E-010
          20           4   1.8264174268506440E-010
          20           5   2.9100807984127822E-011
          20           6  -6.9249159338042130     
          20           7   1.2960332694577049E-011
          20           8  -7.5855743391507274E-012
          20           9   1.0666632526336259E-011
          20          10   2.1460870673434953     
          20          11  -3.2876660841483139E-011
          20          12   2.1526768598486118E-011
          20          13  -2.4982459566273625E-011
          20          14  -7.6464586817127950E-002
          20          15   1.0172153141918478E-010
          20          16  -6.9765420480882497E-011
          20          17   8.6801608795521940E-011
          20          18   1.2964371137208643     
          20          19   3.3406264383005233E-005
          20          20   4.6201874915667389     
          20          21  -1.7179660662982431E-006
          20          22  -1.9462984157397746E-006
          20          23   1.2964116636841292     
          20          24 -0.45583521872404525     
          20          25  -1.2640845865481863E-004
          20          26  -1.4931856253731686     
          20          27   6.5007444320977498E-006
          20          28   7.3647408360925395E-006
          20          29 -0.45573891641940356     
          21           1  -6.4090299911542804E-008
          21           2   5.1194828108344673E-008
          21           3  -1.3524331221517099E-012
          21           4  -7.3516774063507435E-012
          21           5  -6.2009494226994886E-012
          21           6   4.0470577478277493E-006
          21           7  -5.2382004569002828E-012
          21           8  -3.3791477167500465E-013
          21           9  -4.5891934977358089E-012
          21          10   4.0085167918176766E-005
          21          11   1.5343681945077125E-011
          21          12  -7.3218921071427204E-014
          21          13   1.3812928177451577E-011
          21          14   3.9345411914933723E-007
          21          15  -4.6046379308364256E-011
          21          16  -5.5464297113482436E-013
          21          17  -4.2614454363524180E-011
          21          18  -1.7179765906342361E-006
          21          19   1.5970503256315904E-011
          21          20  -1.7179660662982431E-006
          21          21   2.2158287592575108     
          21          22  -1.2753354050917721E-012
          21          23  -1.7179883769465056E-006
          21          24  -1.7990367196764588E-005
          21          25  -6.8156649530560997E-011
          21          26  -1.7990400901194175E-005
          21          27 -0.69154867640285778     
          21          28   4.9543505774657338E-012
          21          29  -1.7990316336162972E-005
          22           1  -7.2608188663564636E-008
          22           2   5.7998817731233339E-008
          22           3  -1.0472658604593657E-011
          22           4  -6.8206515714873373E-012
          22           5   1.9685941870391001E-011
          22           6   4.5849301700261427E-006
          22           7  -3.5789483572690545E-012
          22           8   8.1598690061749888E-013
          22           9  -3.4100773974909411E-012
          22          10   4.5412668860541339E-005
          22          11   1.1129334381326614E-011
          22          12  -3.1698855471626168E-012
          22          13   9.3029608808892807E-012
          22          14   4.4574705050734989E-007
          22          15  -3.3531797230214830E-011
          22          16   9.2244429959255223E-012
          22          17  -2.7905926359090540E-011
          22          18  -1.9462967067087510E-006
          22          19   1.8614518141782468E-011
          22          20  -1.9462984157397746E-006
          22          21  -1.2753354050917721E-012
          22          22   2.2158287592578496     
          22          23  -1.9463167576221322E-006
          22          24  -2.0381386930187123E-005
          22          25  -7.8502445434296792E-011
          22          26  -2.0381388898037011E-005
          22          27   4.9588271711398160E-012
          22          28 -0.69154867640334472     
          22          29  -2.0381311601796910E-005
          23           1 -0.95750678205571482     
          23           2   2.7892529823097565     
          23           3   1.6926413343107020E-010
          23           4   1.9653543429270335E-010
          23           5  -9.9477331738427383E-012
          23           6  -6.9248389276448004     
          23           7   6.3911030772761872E-012
          23           8  -1.7927445906173809E-012
          23           9   5.0688863869726430E-012
          23          10   2.1468497948112093     
          23          11  -1.6517857950435457E-011
          23          12   7.5936177050473503E-012
          23          13  -7.2836450877075439E-012
          23          14  -7.6457100310210871E-002
          23          15   5.3188737514886728E-011
          23          16  -2.9634265262948237E-011
          23          17   2.6372056599669034E-011
          23          18   1.2964044246410320     
          23          19   3.3406585788682635E-005
          23          20   1.2964116636841292     
          23          21  -1.7179883769465056E-006
          23          22  -1.9463167576221322E-006
          23          23   4.6201221132397690     
          23          24 -0.45617753367601427     
          23          25  -1.2640980185610914E-004
          23          26 -0.45620492604658375     
          23          27   6.5008284854410386E-006
          23          28   7.3648184146723844E-006
          23          29  -1.4934042449381231     
          24           1  0.27867420132665149     
          24           2 -0.88241445467416857     
          24           3  -1.7391738602596244E-010
          24           4   3.5987713726501192E-011
          24           5   5.4896602234061412E-010
          24           6   2.7377325881481882     
          24           7   2.3090842463492713E-011
          24           8  -1.1071101600835605E-012
          24           9   2.7434414047845149E-011
          24          10  -2.1125448975610346     
          24          11  -6.9665558156658403E-011
          24          12   3.6759283995600754E-011
          24          13  -6.5532815421003262E-011
          24          14  0.19293066996737401     
          24          15   2.2978689136155375E-010
          24          16  -1.2945692729911024E-010
          24          17   1.9150615782031795E-010
          24          18  -1.4932340388282395     
          24          19   3.4982596286217530E-004
          24          20 -0.45583521872404525     
          24          21  -1.7990367196764588E-005
          24          22  -2.0381386930187123E-005
          24          23 -0.45617753367601427     
          24          24   2.7634052998297594     
          24          25  -2.1522750350469362E-003
          24          26 -0.56080422585991863     
          24          27   1.1068415785825164E-004
          24          28   1.2539462995268293E-004
          24          29 -0.55869816169736430     
          25           1  -4.7229147886512743E-006
          25           2   4.9370413496653548E-006
          25           3  -1.1188714399627082E-011
          25           4  -1.8678242810602065E-011
          25           5  -1.7653024851917978E-011
          25           6   3.0851206128034987E-004
          25           7   3.4075680536896483E-013
          25           8  -2.2433535648947325E-012
          25           9   2.6875021538392195E-012
          25          10   4.7931677808558098E-003
          25          11   4.3210316678373489E-013
          25          12   4.5240641114511398E-012
          25          13  -7.3644419083905772E-012
          25          14   4.7460666795972200E-005
          25          15  -2.8438499958874497E-012
          25          16  -1.1599076470358050E-011
          25          17   2.8780171515558826E-011
          25          18  -1.2640873993746482E-004
          25          19 -0.69154867503568951     
          25          20  -1.2640845865481863E-004
          25          21  -6.8156649530560997E-011
          25          22  -7.8502445434296792E-011
          25          23  -1.2640980185610914E-004
          25          24  -2.1522750350469362E-003
          25          25   2.2158287530292267     
          25          26  -2.1522763428188591E-003
          25          27   3.1444238787008354E-010
          25          28   3.5871924254445565E-010
          25          29  -2.1522702437871415E-003
          26           1  0.27867317789592017     
          26           2 -0.88241338484355658     
          26           3  -1.4622516867267183E-010
          26           4   2.4938076634397037E-011
          26           5   5.5001797745124449E-010
          26           6   2.7377994411003388     
          26           7  -2.8983620748498109E-011
          26           8   3.2026932350012285E-011
          26           9  -1.8261145131724117E-011
          26          10  -2.1115062431249116     
          26          11   7.2649631012091315E-011
          26          12  -5.3831924902404517E-011
          26          13   6.0275057413705757E-011
          26          14  0.19294095445260068     
          26          15  -2.0299592494440865E-010
          26          16   1.4518635405273167E-010
          26          17  -1.9193980159023901E-010
          26          18 -0.45593841631741466     
          26          19   3.4982624415840559E-004
          26          20  -1.4931856253731686     
          26          21  -1.7990400901194175E-005
          26          22  -2.0381388898037011E-005
          26          23 -0.45620492604658375     
          26          24 -0.56080422585991863     
          26          25  -2.1522763428188591E-003
          26          26   2.7624725259431608     
          26          27   1.1068427664380522E-004
          26          28   1.2539466749163041E-004
          26          29 -0.55916454735181487     
          27           1   2.4288336287907391E-007
          27           2  -2.5389513082789840E-007
          27           3  -4.9427944584202741E-012
          27           4  -4.6147451871616730E-012
          27           5  -1.8843479675699733E-011
          27           6  -1.5865723289686849E-005
          27           7   1.5243674988849149E-011
          27           8  -9.8445072406216442E-014
          27           9   1.3784274857370320E-011
          27          10  -2.4649630283847242E-004
          27          11  -4.1185881718960220E-011
          27          12  -8.4297745663821231E-013
          27          13  -3.6916417602430224E-011
          27          14  -2.4407428729538699E-006
          27          15   1.2418843134756709E-010
          27          16   1.9820371755032674E-012
          27          17   1.1430242568659031E-010
          27          18   6.5007780774577523E-006
          27          19  -6.8258740398069272E-011
          27          20   6.5007444320977498E-006
          27          21 -0.69154867640285778     
          27          22   4.9588271711398160E-012
          27          23   6.5008284854410386E-006
          27          24   1.1068415785825164E-004
          27          25   3.1444238787008354E-010
          27          26   1.1068427664380522E-004
          27          27   2.2158287592408583     
          27          28  -2.1096868681086773E-011
          27          29   1.1068392267405899E-004
          28           1   2.7516357977563839E-007
