           1           1   2.4086936549194147     
           1           2  -1.0882659321110795     
           1           3   3.4701483235458795E-010
           1           4   1.9150239338105868E-010
           1           5   1.4908194212774247E-009
           1           6   2.3334446645632552     
           1           7  -9.7758759203539841E-010
           1           8  -3.6648209637943222E-010
           1           9  -3.5291790078736784E-009
           1          10  -8.4300814172202171E-002
           1          11   4.0374029701929001E-010
           1          12  -1.9797487019037564E-011
           1          13  -1.4821347418490025E-010
           1          14   3.9589134022562561E-002
           1          15  -6.0543722579436561E-010
           1          16   2.5078866845075977E-011
           1          17  -1.0176773508507539E-011
           1          18 -0.88266245244259656     
           1          19  -7.6478642427653566E-009
           1          20 -0.88266245968478252     
           1          21   5.8887436438009158E-009
           1          22   2.1729805588769589E-009
           1          23 -0.88266245998069703     
           2           1  -1.0882659321110795     
           2           2   2.9281991238083558     
           2           3  -2.6542759148726967E-009
           2           4  -3.2321093429511822E-009
           2           5  -1.8073115572903556E-009
           2           6  -6.6386058665709520     
           2           7   6.6367654127358011E-009
           2           8   7.4138003307406383E-009
           2           9   4.2431429553906587E-009
           2          10  0.30363511160497503     
           2          11  -1.1068565040564773E-009
           2          12   4.0328327977086002E-010
           2          13   8.5895188994369036E-011
           2          14 -0.13557556230955184     
           2          15   1.9168188043585826E-009
           2          16  -1.5848587899375483E-010
           2          17   1.4050421311010294E-010
           2          18   2.4385277166606683     
           2          19   2.0774503935521665E-008
           2          20   2.4385277378515324     
           2          21  -1.6050190325288931E-008
           2          22  -5.9288882665293654E-009
           2          23   2.4385277385770205     
           3           1   3.4701483235458795E-010
           3           2  -2.6542759148726967E-009
           3           3   2.4084739843027996     
           3           4  -1.7137433937762349E-009
           3           5  -2.0380967299684550E-009
           3           6   3.5977468078536513E-008
           3           7  -1.0253303544861807     
           3           8   3.9889673986240145E-009
           3           9   2.6138355818501870E-009
           3          10  -8.1298589166637292E-009
           3          11  0.18669251932933645     
           3          12  -1.1140678630575448E-008
           3          13   4.7673468270561633E-009
           3          14   1.4233145477181823E-008
           3          15   6.8828109728158601E-002
           3          16   5.3068927354563844E-009
           3          17   7.9349945797090225E-009
           3          18  -1.7548243390909200E-008
           3          19  -1.7848704558705342E-008
           3          20  -9.2270688263516112E-009
           3          21   1.9790927442033787E-008
           3          22   4.3938863648424190E-010
           3          23  -1.2207408112122316E-008
           4           1   1.9150239338105868E-010
           4           2  -3.2321093429511822E-009
           4           3  -1.7137433937762349E-009
           4           4   2.4084739780623643     
           4           5   4.9123992711721083E-009
           4           6   5.6698428627389376E-008
           4           7   3.0456413702139531E-009
           4           8  -1.0253303392158026     
           4           9  -1.5812069837309825E-008
           4          10  -1.2857534006102683E-008
           4          11   3.0494082275469445E-009
           4          12  0.18669249898285870     
           4          13   7.4539119207053036E-009
           4          14   2.2614811420172696E-008
           4          15   2.1436306181448252E-009
           4          16   6.8828118002289926E-002
           4          17   1.4877016605046235E-008
           4          18  -7.9248488838220661E-008
           4          19   3.5317660902489911E-008
           4          20   3.7880480701337897E-009
           4          21  -1.3513560266284791E-008
           4          22  -1.4612278076277849E-008
           4          23   1.0682749288688644E-008
           5           1   1.4908194212774247E-009
           5           2  -1.8073115572903556E-009
           5           3  -2.0380967299684550E-009
           5           4   4.9123992711721083E-009
           5           5   2.4084739863420248     
           5           6  -3.3600827237101825E-008
           5           7   4.5715248928789753E-009
           5           8  -1.0689592921994695E-008
           5           9  -1.0253303565466565     
           5          10   1.5059411514221815E-008
           5          11  -1.2251787460698447E-008
           5          12   2.8759092954990171E-008
           5          13  0.18669251995015992     
           5          14  -3.2995457335517475E-008
           5          15   7.7202939516782031E-009
           5          16  -1.0736924794198646E-008
           5          17   6.8828095401289507E-002
           5          18   3.8392451208706555E-008
           5          19   1.4551484747033551E-008
           5          20   3.5221416597630536E-009
           5          21  -4.0973827356463110E-008
           5          22   9.4415470812250182E-010
           5          23   1.5038972446338445E-009
           6           1   2.3334446645632552     
           6           2  -6.6386058665709520     
           6           3   3.5977468078536513E-008
           6           4   5.6698428627389376E-008
           6           5  -3.3600827237101825E-008
           6           6   17.511802361880317     
           6           7  -8.3610219038684676E-008
           6           8  -1.3231803477885555E-007
           6           9   8.0187311757533294E-008
           6          10  -1.5263522766544113     
           6          11   1.2761109128806744E-009
           6          12  -7.4531877656429880E-009
           6          13   5.1325365443913274E-009
           6          14  0.66099954283552309     
           6          15  -7.2925055530727343E-009
           6          16   2.1472287582779408E-009
           6          17  -2.0889025770943213E-009
           6          18  -5.5821723370409835     
           6          19   2.8717478598888900E-008
           6          20  -5.5821723472705340     
           6          21  -2.0071073475598883E-008
           6          22  -6.1070245482627942E-009
           6          23  -5.5821723414899829     
           7           1  -9.7758759203539841E-010
           7           2   6.6367654127358011E-009
           7           3  -1.0253303544861807     
           7           4   3.0456413702139531E-009
           7           5   4.5715248928789753E-009
           7           6  -8.3610219038684676E-008
           7           7   2.5803082243674700     
           7           8  -7.0243663360103119E-009
           7           9  -5.5096125920776561E-009
           7          10   2.0019513506555776E-008
           7          11 -0.57290920367929166     
           7          12   2.6902713951723914E-008
           7          13  -1.1443128356778977E-008
           7          14  -3.4783622399027945E-008
           7          15 -0.19061578172051113     
           7          16  -1.2757229795042707E-008
           7          17  -1.8958215590854376E-008
           7          18   3.7131286256197816E-008
           7          19   4.6565708250434312E-008
           7          20   2.2844009644374907E-008
           7          21  -5.0636154635742981E-008
           7          22  -2.4279083604526124E-009
           7          23   2.9713630317957271E-008
           8           1  -3.6648209637943222E-010
           8           2   7.4138003307406383E-009
           8           3   3.9889673986240145E-009
           8           4  -1.0253303392158026     
           8           5  -1.0689592921994695E-008
           8           6  -1.3231803477885555E-007
           8           7  -7.0243663360103119E-009
           8           8   2.5803081870276658     
           8           9   3.5297679725899027E-008
           8          10   3.0878360021488573E-008
           8          11  -7.2208889533488340E-009
           8          12 -0.57290915506777473     
           8          13  -1.7980773433278414E-008
           8          14  -5.4147498107664096E-008
           8          15  -5.2870765642533113E-009
           8          16 -0.19061580151601040     
           8          17  -3.5624069299846415E-008
           8          18   1.9317929946131440E-007
           8          19  -9.0869307758725838E-008
           8          20  -1.2949918318673214E-008
           8          21   3.7317428627147906E-008
           8          22   3.6667501030010600E-008
           8          23  -2.9888525622184618E-008
           9           1  -3.5291790078736784E-009
           9           2   4.2431429553906587E-009
           9           3   2.6138355818501870E-009
           9           4  -1.5812069837309825E-008
           9           5  -1.0253303565466565     
           9           6   8.0187311757533294E-008
           9           7  -5.5096125920776561E-009
           9           8   3.5297679725899027E-008
           9           9   2.5803082225316505     
           9          10  -3.6049166826997700E-008
           9          11   2.9610882951868470E-008
           9          12  -6.8387102343772069E-008
           9          13 -0.57290920551898861     
           9          14   7.8968246034348127E-008
           9          15  -1.8521412492232382E-008
           9          16   2.5564982148985444E-008
           9          17 -0.19061574734972697     
           9          18  -8.4877909232510929E-008
           9          19  -3.7670139687626840E-008
           9          20  -1.1412459943543028E-008
           9          21   1.0005954205990160E-007
           9          22  -1.6847591288314224E-009
           9          23  -7.3586075051531984E-009
          10           1  -8.4300814172202171E-002
          10           2  0.30363511160497503     
          10           3  -8.1298589166637292E-009
          10           4  -1.2857534006102683E-008
          10           5   1.5059411514221815E-008
          10           6  -1.5263522766544113     
          10           7   2.0019513506555776E-008
          10           8   3.0878360021488573E-008
          10           9  -3.6049166826997700E-008
          10          10   2.9269846703361084     
          10          11  -7.6950222125837672E-009
          10          12   1.7995287809112915E-009
          10          13  -2.9574421829342535E-009
          10          14  -1.3972407625064904     
          10          15   1.1768322708776572E-008
          10          16  -7.6104955852055943E-010
          10          17   1.9471494440468337E-009
          10          18  0.26639943174720249     
          10          19   1.6805505156672037E-008
          10          20  0.26639945353569938     
          10          21  -1.2983585123741696E-008
          10          22  -4.7602274898592908E-009
          10          23  0.26639945391385889     
          11           1   4.0374029701929001E-010
          11           2  -1.1068565040564773E-009
          11           3  0.18669251932933645     
          11           4   3.0494082275469445E-009
          11           5  -1.2251787460698447E-008
          11           6   1.2761109128806744E-009
          11           7 -0.57290920367929166     
          11           8  -7.2208889533488340E-009
          11           9   2.9610882951868470E-008
          11          10  -7.6950222125837672E-009
          11          11   1.7281644514100505     
          11          12   9.3390066228332320E-010
          11          13   1.1100988834956782E-009
          11          14   9.0791775360381815E-009
          11          15  0.38086136536021031     
          11          16  -6.6401448718587015E-010
          11          17  -1.5259413972611378E-009
          11          18   1.0043971528645603E-008
          11          19  -7.6474895458546194E-009
          11          20  -7.3808312037023703E-009
          11          21   8.2992737384837425E-009
          11          22   6.0836435296625658E-009
          11          23  -1.0232796785884358E-009
          12           1  -1.9797487019037564E-011
          12           2   4.0328327977086002E-010
          12           3  -1.1140678630575448E-008
          12           4  0.18669249898285870     
          12           5   2.8759092954990171E-008
          12           6  -7.4531877656429880E-009
          12           7   2.6902713951723914E-008
          12           8 -0.57290915506777473     
          12           9  -6.8387102343772069E-008
          12          10   1.7995287809112915E-009
          12          11   9.3390066228332320E-010
          12          12   1.7281644575047976     
          12          13  -5.0607812416173148E-009
          12          14  -3.5934809492561667E-009
          12          15  -4.4801306699712899E-010
          12          16  0.38086136305265839     
          12          17  -9.3651411251788899E-010
          12          18  -6.4831199176342943E-008
          12          19   1.2563968085496134E-007
          12          20   2.9968330357802142E-008
          12          21  -9.3743017769476509E-008
          12          22  -2.9443750285550439E-008
          12          23   4.3397167508504105E-008
          13           1  -1.4821347418490025E-010
          13           2   8.5895188994369036E-011
          13           3   4.7673468270561633E-009
          13           4   7.4539119207053036E-009
          13           5  0.18669251995015992     
          13           6   5.1325365443913274E-009
          13           7  -1.1443128356778977E-008
          13           8  -1.7980773433278414E-008
          13           9 -0.57290920551898861     
          13          10  -2.9574421829342535E-009
          13          11   1.1100988834956782E-009
          13          12  -5.0607812416173148E-009
          13          13   1.7281644510515735     
          13          14   5.9181090637984178E-009
          13          15  -9.2432313168377872E-010
          13          16   2.1683933728948390E-009
          13          17  0.38086136733864723     
          13          18  -4.2258580407682000E-008
          13          19   4.5310997374713053E-008
          13          20   1.3674928338466121E-008
          13          21  -2.8211052523950266E-008
          13          22  -1.0854644336501506E-008
          13          23   2.2373896235056337E-008
          14           1   3.9589134022562561E-002
          14           2 -0.13557556230955184     
          14           3   1.4233145477181823E-008
          14           4   2.2614811420172696E-008
          14           5  -3.2995457335517475E-008
          14           6  0.66099954283552309     
          14           7  -3.4783622399027945E-008
          14           8  -5.4147498107664096E-008
          14           9   7.8968246034348127E-008
          14          10  -1.3972407625064904     
          14          11   9.0791775360381815E-009
          14          12  -3.5934809492561667E-009
          14          13   5.9181090637984178E-009
          14          14   2.6672290381701957     
          14          15  -1.4763059937496938E-008
          14          16   1.5449028796395411E-009
          14          17  -3.4700044280183527E-009
          14          18 -0.10980689553770888     
          14          19   5.6430857511544904E-008
          14          20 -0.10980686450648430     
          14          21  -3.7647020844896723E-008
          14          22  -1.0922802392960431E-008
          14          23 -0.10980685320056058     
          15           1  -6.0543722579436561E-010
          15           2   1.9168188043585826E-009
          15           3   6.8828109728158601E-002
          15           4   2.1436306181448252E-009
          15           5   7.7202939516782031E-009
          15           6  -7.2925055530727343E-009
          15           7 -0.19061578172051113     
          15           8  -5.2870765642533113E-009
          15           9  -1.8521412492232382E-008
          15          10   1.1768322708776572E-008
          15          11  0.38086136536021031     
          15          12  -4.4801306699712899E-010
          15          13  -9.2432313168377872E-010
          15          14  -1.4763059937496938E-008
          15          15   8.5670230212115228E-002
          15          16   3.2622664094458437E-010
          15          17   5.4922061319205185E-010
          15          18  -1.1704224428291758E-008
          15          19  -1.2508140126957722E-008
          15          20   9.0551443004164295E-009
          15          21   8.7524623775469959E-009
          15          22   2.3581565923395889E-009
          15          23   6.4883695438835456E-009
          16           1   2.5078866845075977E-011
          16           2  -1.5848587899375483E-010
          16           3   5.3068927354563844E-009
          16           4   6.8828118002289926E-002
          16           5  -1.0736924794198646E-008
          16           6   2.1472287582779408E-009
          16           7  -1.2757229795042707E-008
          16           8 -0.19061580151601040     
          16           9   2.5564982148985444E-008
          16          10  -7.6104955852055943E-010
          16          11  -6.6401448718587015E-010
          16          12  0.38086136305265839     
          16          13   2.1683933728948390E-009
          16          14   1.5449028796395411E-009
          16          15   3.2622664094458437E-010
          16          16   8.5670230610848913E-002
          16          17   2.4022661067759793E-010
          16          18   1.6708150160021529E-008
          16          19  -5.2685303157317741E-008
          16          20  -6.8280896579557996E-009
          16          21   3.7226566761442756E-008
          16          22   1.1655831877099255E-008
          16          23  -1.2229460224219580E-008
          17           1  -1.0176773508507539E-011
          17           2   1.4050421311010294E-010
          17           3   7.9349945797090225E-009
          17           4   1.4877016605046235E-008
          17           5   6.8828095401289507E-002
          17           6  -2.0889025770943213E-009
          17           7  -1.8958215590854376E-008
          17           8  -3.5624069299846415E-008
          17           9 -0.19061574734972697     
          17          10   1.9471494440468337E-009
          17          11  -1.5259413972611378E-009
          17          12  -9.3651411251788899E-010
          17          13  0.38086136733864723     
          17          14  -3.4700044280183527E-009
          17          15   5.4922061319205185E-010
          17          16   2.4022661067759793E-010
          17          17   8.5670229193747380E-002
          17          18   6.0946117698419239E-008
          17          19  -1.0348670894006822E-007
          17          20  -2.3768971090961670E-008
          17          21   7.4780787658036161E-008
          17          22   2.6731314425867391E-008
          17          23  -3.5107099820266799E-008
          18           1 -0.88266245244259656     
          18           2   2.4385277166606683     
          18           3  -1.7548243390909200E-008
          18           4  -7.9248488838220661E-008
          18           5   3.8392451208706555E-008
          18           6  -5.5821723370409835     
          18           7   3.7131286256197816E-008
          18           8   1.9317929946131440E-007
          18           9  -8.4877909232510929E-008
          18          10  0.26639943174720249     
          18          11   1.0043971528645603E-008
          18          12  -6.4831199176342943E-008
          18          13  -4.2258580407682000E-008
          18          14 -0.10980689553770888     
          18          15  -1.1704224428291758E-008
          18          16   1.6708150160021529E-008
          18          17   6.0946117698419239E-008
          18          18   4.0321732960169783     
          18          19  -3.4065881867231170E-008
          18          20   1.0321732785009798     
          18          21   2.5446637935884486E-008
          18          22   8.7715666656842087E-009
          18          23   1.0321732751397166     
          19           1  -7.6478642427653566E-009
          19           2   2.0774503935521665E-008
          19           3  -1.7848704558705342E-008
          19           4   3.5317660902489911E-008
          19           5   1.4551484747033551E-008
          19           6   2.8717478598888900E-008
          19           7   4.6565708250434312E-008
          19           8  -9.0869307758725838E-008
          19           9  -3.7670139687626840E-008
          19          10   1.6805505156672037E-008
          19          11  -7.6474895458546194E-009
          19          12   1.2563968085496134E-007
          19          13   4.5310997374713053E-008
          19          14   5.6430857511544904E-008
          19          15  -1.2508140126957722E-008
          19          16  -5.2685303157317741E-008
          19          17  -1.0348670894006822E-007
          19          18  -3.4065881867231170E-008
          19          19   1.9999999887609206     
          19          20  -3.4065977702571668E-008
          19          21   1.2013629152604250E-008
          19          22   1.2295585408716036E-014
          19          23  -3.4065844554430549E-008
          20           1 -0.88266245968478252     
          20           2   2.4385277378515324     
          20           3  -9.2270688263516112E-009
          20           4   3.7880480701337897E-009
          20           5   3.5221416597630536E-009
          20           6  -5.5821723472705340     
          20           7   2.2844009644374907E-008
          20           8  -1.2949918318673214E-008
          20           9  -1.1412459943543028E-008
          20          10  0.26639945353569938     
          20          11  -7.3808312037023703E-009
          20          12   2.9968330357802142E-008
          20          13   1.3674928338466121E-008
          20          14 -0.10980686450648430     
          20          15   9.0551443004164295E-009
          20          16  -6.8280896579557996E-009
          20          17  -2.3768971090961670E-008
          20          18   1.0321732785009798     
          20          19  -3.4065977702571668E-008
          20          20   4.0321732609850125     
          20          21   2.5447007188931710E-008
          20          22   8.7716561491619514E-009
          20          23   1.0321732576238019     
          21           1   5.8887436438009158E-009
          21           2  -1.6050190325288931E-008
          21           3   1.9790927442033787E-008
          21           4  -1.3513560266284791E-008
          21           5  -4.0973827356463110E-008
          21           6  -2.0071073475598883E-008
          21           7  -5.0636154635742981E-008
          21           8   3.7317428627147906E-008
          21           9   1.0005954205990160E-007
          21          10  -1.2983585123741696E-008
          21          11   8.2992737384837425E-009
          21          12  -9.3743017769476509E-008
          21          13  -2.8211052523950266E-008
          21          14  -3.7647020844896723E-008
          21          15   8.7524623775469959E-009
          21          16   3.7226566761442756E-008
          21          17   7.4780787658036161E-008
          21          18   2.5446637935884486E-008
          21          19   1.2013629152604250E-008
          21          20   2.5447007188931710E-008
          21          21   1.9999999999999951     
          21          22  -1.2013621797950133E-008
          21          23   2.5446304921881562E-008
          22           1   2.1729805588769589E-009
          22           2  -5.9288882665293654E-009
          22           3   4.3938863648424190E-010
          22           4  -1.4612278076277849E-008
          22           5   9.4415470812250182E-010
          22           6  -6.1070245482627942E-009
          22           7  -2.4279083604526124E-009
          22           8   3.6667501030010600E-008
          22           9  -1.6847591288314224E-009
          22          10  -4.7602274898592908E-009
          22          11   6.0836435296625658E-009
          22          12  -2.9443750285550439E-008
          22          13  -1.0854644336501506E-008
          22          14  -1.0922802392960431E-008
          22          15   2.3581565923395889E-009
          22          16   1.1655831877099255E-008
          22          17   2.6731314425867391E-008
          22          18   8.7715666656842087E-009
          22          19   1.2295585408716036E-014
          22          20   8.7716561491619514E-009
          22          21  -1.2013621797950133E-008
          22          22   2.0000000112390488     
          22          23   8.7714860932529134E-009
          23           1 -0.88266245998069703     
          23           2   2.4385277385770205     
          23           3  -1.2207408112122316E-008
          23           4   1.0682749288688644E-008
          23           5   1.5038972446338445E-009
          23           6  -5.5821723414899829     
          23           7   2.9713630317957271E-008
          23           8  -2.9888525622184618E-008
          23           9  -7.3586075051531984E-009
          23          10  0.26639945391385889     
          23          11  -1.0232796785884358E-009
          23          12   4.3397167508504105E-008
          23          13   2.2373896235056337E-008
          23          14 -0.10980685320056058     
          23          15   6.4883695438835456E-009
          23          16  -1.2229460224219580E-008
          23          17  -3.5107099820266799E-008
          23          18   1.0321732751397166     
          23          19  -3.4065844554430549E-008
          23          20   1.0321732576238019     
          23          21   2.5446304921881562E-008
          23          22   8.7714860932529134E-009
          23          23   4.0321732542626618     
