           1           1   2.4249962643242200     
           1           2  -1.1299038657975866     
           1           3   2.6899680995687839E-014
           1           4  -5.1613218255885522E-012
           1           5  -2.1869402662154466E-013
           1           6   2.5210122863774505     
           1           7  -8.8002129432170253E-013
           1           8   1.3668020896783514E-011
           1           9  -5.7289969257210626E-013
           1          10  -2.5729795203319979E-002
           1          11   4.1983283613257782E-013
           1          12  -2.7349824403310357E-013
           1          13   2.1503375801628273E-013
           1          14   5.6318982826225300E-002
           1          15   4.8574370248654049E-013
           1          16  -2.0474516235445582E-012
           1          17   1.2175794074257347E-012
           1          18 -0.94736838706576554     
           1          19  -9.1814903626839017E-006
           1          20 -0.94706359168652077     
           1          21   7.6891730774913876E-007
           1          22   6.1593163504740927E-007
           1          23 -0.94715070509671839     
           1          24  -3.9036269025232495E-002
           1          25   3.3619807446139984E-005
           1          26  -4.0268250201664774E-002
           1          27  -3.4342018420999171E-006
           1          28  -2.6327278943192628E-006
           1          29  -3.9960093701294844E-002
           2           1  -1.1299038657975866     
           2           2   3.0554509238512439     
           2           3  -1.0827850755882620E-012
           2           4   2.0584183631889871E-011
           2           5  -6.9920817995028253E-013
           2           6  -7.4008512564392612     
           2           7   2.0604747054527482E-012
           2           8  -4.2887427959087222E-011
           2           9   6.1443397360001106E-013
           2          10  0.16980567893012682     
           2          11   1.7167245361738241E-013
           2          12  -3.5149640944137292E-012
           2          13   9.8265140307014391E-013
           2          14 -0.17137200580000078     
           2          15  -1.7948307323064382E-013
           2          16   5.4642820889058437E-013
           2          17  -2.2826448328998220E-012
           2          18   2.7038133250583480     
           2          19   3.0483459842368826E-005
           2          20   2.7027812443167338     
           2          21  -2.6697263952408218E-006
           2          22  -2.1381786557765745E-006
           2          23   2.7030632160913077     
           2          24  0.10084705600408511     
           2          25  -1.1412007522420235E-004
           2          26  0.10504809493170275     
           2          27   1.1808035881927527E-005
           2          28   9.1145602420897884E-006
           2          29  0.10402770569512038     
           3           1   2.6899680995687839E-014
           3           2  -1.0827850755882620E-012
           3           3   2.5396702745450663     
           3           4   2.8072406647793797E-006
           3           5   1.0305121502587961E-007
           3           6   4.4210564099387311E-012
           3           7  -1.2318346383859411     
           3           8  -7.7628475692474485E-006
           3           9  -2.8538796625273666E-007
           3          10   2.1687369364154844E-013
           3          11  0.29842725959070104     
           3          12   1.9720098895000998E-005
           3          13   7.3269739397156136E-007
           3          14   1.1422975163922062E-012
           3          15   4.3775221446426052E-002
           3          16  -2.2489319693529188E-005
           3          17  -8.0686202443342374E-007
           3          18  -6.4920953045475222E-013
           3          19   1.1473952470712437E-012
           3          20  -2.1238572932590995E-012
           3          21   4.6169218025467860E-012
           3          22   2.3428672658982766E-012
           3          23  -6.9935196042091108E-013
           3          24  -5.8483976048459458E-012
           3          25  -2.1325021457113566E-012
           3          26   4.6894268077897407E-012
           3          27  -1.3311197997168463E-011
           3          28  -5.4513406297019697E-012
           3          29   7.6982674458672429E-013
           4           1  -5.1613218255885522E-012
           4           2   2.0584183631889871E-011
           4           3   2.8072406647793797E-006
           4           4   2.5396396938604431     
           4           5   4.8372542441323560E-009
           4           6  -8.1363556982579766E-011
           4           7  -7.7617581884523498E-006
           4           8  -1.2317502015660811     
           4           9  -1.6171257039305795E-008
           4          10  -1.2269632237496235E-011
           4          11   1.9673632820536312E-005
           4          12  0.29821434102356564     
           4          13   6.9444007027865050E-008
           4          14  -1.2563557669942077E-011
           4          15  -2.1731461778345829E-005
           4          16   4.4016453296205710E-002
           4          17  -2.3997150520685487E-008
           4          18   4.2156704492924285E-011
           4          19  -1.5090329466441440E-011
           4          20   1.5275255513000923E-011
           4          21  -2.9525491346765799E-011
           4          22  -2.5241693162356060E-011
           4          23   7.4568875982793617E-012
           4          24  -2.7270566118347371E-012
           4          25   5.8759645989482893E-012
           4          26   3.2943815562071541E-012
           4          27   2.1215482144877228E-013
           4          28   1.3792440567759101E-011
           4          29   1.1676502344627787E-011
           5           1  -2.1869402662154466E-013
           5           2  -6.9920817995028253E-013
           5           3   1.0305121502587961E-007
           5           4   4.8372542441323560E-009
           5           5   2.5396719621636201     
           5           6   2.2096734471164922E-012
           5           7  -2.8540084462741101E-007
           5           8  -1.6294844851372712E-008
           5           9  -1.2318395283793853     
           5          10   3.0800457034308232E-013
           5          11   7.3326421158647250E-007
           5          12   7.4699288296603871E-008
           5          13  0.29844250109548365     
           5          14  -1.1015168368170317E-012
           5          15  -8.1534367814623907E-007
           5          16  -1.0849832502920076E-007
           5          17   4.3762089579063905E-002
           5          18  -2.4299248683594189E-012
           5          19   1.2070201707967087E-012
           5          20  -9.9765313334646855E-014
           5          21   6.5168988912060198E-013
           5          22   2.1277109469212513E-013
           5          23   5.4214689466476249E-013
           5          24   6.2934320851024155E-012
           5          25  -5.5220593453701364E-012
           5          26  -2.5820763714039177E-012
           5          27  -4.7296233900798129E-012
           5          28  -2.1716258844840124E-012
           5          29  -3.8667734082712613E-012
           6           1   2.5210122863774505     
           6           2  -7.4008512564392612     
           6           3   4.4210564099387311E-012
           6           4  -8.1363556982579766E-011
           6           5   2.2096734471164922E-012
           6           6   20.872258381578192     
           6           7  -8.1839469625309913E-012
           6           8   1.7369570496117444E-010
           6           9  -2.0975477689805049E-012
           6          10  -1.3636027849531989     
           6          11  -8.4253755464277087E-013
           6          12   1.3999439697914526E-011
           6          13  -4.7788255294858538E-012
           6          14  0.65779450606967027     
           6          15   1.3881466443439029E-012
           6          16  -4.0078416023834649E-012
           6          17   1.1083308405587229E-011
           6          18  -6.7158660637652385     
           6          19  -1.1911049165249564E-004
           6          20  -6.7116046491311003     
           6          21   1.1660218294478490E-005
           6          22   9.0420256790849291E-006
           6          23  -6.7127005071004628     
           6          24 -0.22161182127903212     
           6          25   5.0285017022918535E-004
           6          26 -0.23958302014104280     
           6          27  -4.9339908656936108E-005
           6          28  -3.8093507845278582E-005
           6          29 -0.23498786743278047     
           7           1  -8.8002129432170253E-013
           7           2   2.0604747054527482E-012
           7           3  -1.2318346383859411     
           7           4  -7.7617581884523498E-006
           7           5  -2.8540084462741101E-007
           7           6  -8.1839469625309913E-012
           7           7   2.8231206206590613     
           7           8   2.1464692465994921E-005
           7           9   7.9043953595059970E-007
           7          10  -5.5801930380215152E-013
           7          11 -0.83039366336856735     
           7          12  -5.4540686524920506E-005
           7          13  -2.0300870808717752E-006
           7          14  -2.5336776382531807E-012
           7          15 -0.11571263603811624     
           7          16   6.2267832218667750E-005
           7          17   2.2428388681093595E-006
           7          18   2.0664044599384704E-013
           7          19  -2.8890726911415567E-012
           7          20   4.7796245241249552E-012
           7          21  -1.1944459309181986E-011
           7          22  -5.8681220957729841E-012
           7          23   1.2957384460107811E-012
           7          24   1.6217452959030894E-011
           7          25   5.8667180911979198E-012
           7          26  -1.3172837820809463E-011
           7          27   3.6449791710053476E-011
           7          28   1.4949494546715865E-011
           7          29  -2.3556318750842476E-012
           8           1   1.3668020896783514E-011
           8           2  -4.2887427959087222E-011
           8           3  -7.7628475692474485E-006
           8           4  -1.2317502015660811     
           8           5  -1.6294844851372712E-008
           8           6   1.7369570496117444E-010
           8           7   2.1464692465994921E-005
           8           8   2.8228874815375020     
           8           9   5.1603392083852802E-008
           8          10   2.7653613877843087E-011
           8          11  -5.4420475983406441E-005
           8          12 -0.82980578623624857     
           8          13  -1.9786330798462681E-007
           8          14   2.7763942390165214E-011
           8          15   6.0196497666542217E-005
           8          16 -0.11637833565263875     
           8          17   8.0625955775423557E-008
           8          18  -9.1341118275806176E-011
           8          19   3.3974529714064630E-011
           8          20  -3.2184423396925260E-011
           8          21   6.4209158269887898E-011
           8          22   5.6655956883829637E-011
           8          23  -1.4862775891843415E-011
           8          24   6.3486554247365118E-012
           8          25  -1.5997372514409310E-011
           8          26  -7.4719087249419732E-012
           8          27   2.9043161119886530E-012
           8          28  -3.4979628676085576E-011
           8          29  -2.6237810209652772E-011
           9           1  -5.7289969257210626E-013
           9           2   6.1443397360001106E-013
           9           3  -2.8538796625273666E-007
           9           4  -1.6171257039305795E-008
           9           5  -1.2318395283793853     
           9           6  -2.0975477689805049E-012
           9           7   7.9043953595059970E-007
           9           8   5.1603392083852802E-008
           9           9   2.8231347590386706     
           9          10  -1.3265873639297663E-012
           9          11  -2.0315577286650036E-006
           9          12  -2.1144363300972377E-007
           9          13 -0.83043741838461749     
           9          14   3.0572585733288288E-012
           9          15   2.2660305120154390E-006
           9          16   3.1154967984682697E-007
           9          17 -0.11567263767483249     
           9          18   5.2390410834892133E-012
           9          19  -3.2179900787638763E-012
           9          20  -7.5944808061723779E-013
           9          21  -2.0836765012956620E-012
           9          22  -6.0711823872690770E-013
           9          23  -2.7131129487755126E-012
           9          24  -1.7592573866303993E-011
           9          25   1.5249810230864467E-011
           9          26   7.5420798240442090E-012
           9          27   1.3173279124850148E-011
           9          28   5.8002566958838716E-012
           9          29   1.0464085430321953E-011
          10           1  -2.5729795203319979E-002
          10           2  0.16980567893012682     
          10           3   2.1687369364154844E-013
          10           4  -1.2269632237496235E-011
          10           5   3.0800457034308232E-013
          10           6  -1.3636027849531989     
          10           7  -5.5801930380215152E-013
          10           8   2.7653613877843087E-011
          10           9  -1.3265873639297663E-012
          10          10   3.4505747381590153     
          10          11   5.4532236480152796E-013
          10          12  -8.5753021825118445E-012
          10          13   8.1292344279474596E-012
          10          14 -0.60521605661240740     
          10          15  -8.7379453493395271E-012
          10          16   8.5020354878377876E-012
          10          17  -2.7259460620347554E-011
          10          18  0.19370447790413653     
          10          19   3.7457345246405267E-004
          10          20  0.18288026862397544     
          10          21  -2.4817935938668387E-005
          10          22  -2.2535996896700037E-005
          10          23  0.18594250757049258     
          10          24 -0.30619203402493855     
          10          25  -1.3946177814498275E-003
          10          26 -0.26243809681390368     
          10          27   1.1196560402930138E-004
          10          28   9.6374385486213353E-005
          10          29 -0.27318402396995339     
          11           1   4.1983283613257782E-013
          11           2   1.7167245361738241E-013
          11           3  0.29842725959070104     
          11           4   1.9673632820536312E-005
          11           5   7.3326421158647250E-007
          11           6  -8.4253755464277087E-013
          11           7 -0.83039366336856735     
          11           8  -5.4420475983406441E-005
          11           9  -2.0315577286650036E-006
          11          10   5.4532236480152796E-013
          11          11   2.1240252331644323     
          11          12   1.3825685961007473E-004
          11          13   5.2218021596282549E-006
          11          14   3.2561608450458560E-012
          11          15  0.20787840764796639     
          11          16  -1.5250088961221212E-004
          11          17  -5.6513681094659961E-006
          11          18   1.0614436735312891E-011
          11          19   3.6449523514628615E-012
          11          20  -7.8603376767806560E-012
          11          21   2.1899311413302521E-011
          11          22   8.7394653549270580E-012
          11          23  -1.9678953125166828E-012
          11          24  -4.3779931386192884E-011
          11          25  -1.5203208330148278E-011
          11          26   3.3682779901811667E-011
          11          27  -9.2740947083706405E-011
          11          28  -3.7399776307413262E-011
          11          29   8.1779439016521317E-012
          12           1  -2.7349824403310357E-013
          12           2  -3.5149640944137292E-012
          12           3   1.9720098895000998E-005
          12           4  0.29821434102356564     
          12           5   7.4699288296603871E-008
          12           6   1.3999439697914526E-011
          12           7  -5.4540686524920506E-005
          12           8 -0.82980578623624857     
          12           9  -2.1144363300972377E-007
          12          10  -8.5753021825118445E-012
          12          11   1.3825685961007473E-004
          12          12   2.1225452071583919     
          12          13   5.9203622737306743E-007
          12          14   2.3226619183607213E-012
          12          15  -1.4778744909641972E-004
          12          16  0.20948487244548236     
          12          17  -3.8259451000193286E-007
          12          18  -3.7664812538673390E-012
          12          19  -8.0494536898586351E-012
          12          20  -3.5061719647241200E-012
          12          21   1.3089390209415815E-011
          12          22  -1.1941944006621856E-011
          12          23  -3.0627240616989083E-012
          12          24  -3.9225500551339980E-012
          12          25   4.0430603030143401E-011
          12          26   7.1401886958392473E-012
          12          27  -4.0941914857263054E-011
          12          28   6.1291233962497057E-011
          12          29   7.7078864431234470E-012
          13           1   2.1503375801628273E-013
          13           2   9.8265140307014391E-013
          13           3   7.3269739397156136E-007
          13           4   6.9444007027865050E-008
          13           5  0.29844250109548365     
          13           6  -4.7788255294858538E-012
          13           7  -2.0300870808717752E-006
          13           8  -1.9786330798462681E-007
          13           9 -0.83043741838461749     
          13          10   8.1292344279474596E-012
          13          11   5.2218021596282549E-006
          13          12   5.9203622737306743E-007
          13          13   2.1241574851510050     
          13          14  -7.8640198531150892E-012
          13          15  -5.7038237594860214E-006
          13          16  -9.0751588993224672E-007
          13          17  0.20773384195858713     
          13          18  -9.8737995354204844E-012
          13          19   9.2178744252064542E-012
          13          20   5.7333366170577207E-012
          13          21   8.0209669861625408E-012
          13          22   3.3177245644266401E-012
          13          23   7.5374454737661246E-012
          13          24   4.3905176974316030E-011
          13          25  -3.9055317622037685E-011
          13          26  -2.2930570286620639E-011
          13          27  -3.3399093757142722E-011
          13          28  -1.3579359459338536E-011
          13          29  -2.8948134615717417E-011
          14           1   5.6318982826225300E-002
          14           2 -0.17137200580000078     
          14           3   1.1422975163922062E-012
          14           4  -1.2563557669942077E-011
          14           5  -1.1015168368170317E-012
          14           6  0.65779450606967027     
          14           7  -2.5336776382531807E-012
          14           8   2.7763942390165214E-011
          14           9   3.0572585733288288E-012
          14          10 -0.60521605661240740     
          14          11   3.2561608450458560E-012
          14          12   2.3226619183607213E-012
          14          13  -7.8640198531150892E-012
          14          14   2.1909999980515940     
          14          15  -1.0222917740192220E-011
          14          16  -8.6149197463724459E-012
          14          17   1.1678478973137942E-011
          14          18 -0.15480790033390535     
          14          19  -9.0142936751634031E-006
          14          20 -0.16244562838585969     
          14          21  -4.4531176970641000E-005
          14          22  -3.9967940495638581E-005
          14          23 -0.16607277291413183     
          14          24  -1.6203104390251327E-002
          14          25   9.5807794519518590E-005
          14          26   1.5276546159770223E-002
          14          27   1.8957716614897451E-004
          14          28   1.6824395802989055E-004
          14          29   3.1149621554407186E-002
          15           1   4.8574370248654049E-013
          15           2  -1.7948307323064382E-013
          15           3   4.3775221446426052E-002
          15           4  -2.1731461778345829E-005
          15           5  -8.1534367814623907E-007
          15           6   1.3881466443439029E-012
          15           7 -0.11571263603811624     
          15           8   6.0196497666542217E-005
          15           9   2.2660305120154390E-006
          15          10  -8.7379453493395271E-012
          15          11  0.20787840764796639     
          15          12  -1.4778744909641972E-004
          15          13  -5.7038237594860214E-006
          15          14  -1.0222917740192220E-011
          15          15   2.0820212419393809E-002
          15          16  -3.0984399623329911E-005
          15          17  -1.1651013370543248E-006
          15          18  -2.2869820257687118E-011
          15          19  -7.7371499689013904E-012
          15          20   1.6704162945438605E-011
          15          21  -4.7746002908717126E-011
          15          22  -1.9548948191853137E-011
          15          23   5.3462550938637152E-012
          15          24   1.0029588385844981E-010
          15          25   3.1992485941035688E-011
          15          26  -6.5947810835159938E-011
          15          27   2.0043868560634360E-010
          15          28   8.2299963108319276E-011
          15          29  -1.7971470165736007E-011
          16           1  -2.0474516235445582E-012
          16           2   5.4642820889058437E-013
          16           3  -2.2489319693529188E-005
          16           4   4.4016453296205710E-002
          16           5  -1.0849832502920076E-007
          16           6  -4.0078416023834649E-012
          16           7   6.2267832218667750E-005
          16           8 -0.11637833565263875     
          16           9   3.1154967984682697E-007
          16          10   8.5020354878377876E-012
          16          11  -1.5250088961221212E-004
          16          12  0.20948487244548236     
          16          13  -9.0751588993224672E-007
          16          14  -8.6149197463724459E-012
          16          15  -3.0984399623329911E-005
          16          16   2.1152738640602676E-002
          16          17  -1.2894379256466698E-007
          16          18  -5.3182214486443980E-012
          16          19   1.9308999718367652E-011
          16          20   6.3865128253938664E-012
          16          21  -2.1703539432288150E-011
          16          22   3.2371700478204162E-011
          16          23   8.7810161441976845E-013
          16          24   2.5538252250801775E-011
          16          25  -8.2785913844792534E-011
          16          26  -2.7840516795851168E-011
          16          27   8.8113583696379551E-011
          16          28  -1.3972913304153018E-010
          16          29  -3.0107264160161267E-012
          17           1   1.2175794074257347E-012
          17           2  -2.2826448328998220E-012
          17           3  -8.0686202443342374E-007
          17           4  -2.3997150520685487E-008
          17           5   4.3762089579063905E-002
          17           6   1.1083308405587229E-011
          17           7   2.2428388681093595E-006
          17           8   8.0625955775423557E-008
          17           9 -0.11567263767483249     
          17          10  -2.7259460620347554E-011
          17          11  -5.6513681094659961E-006
          17          12  -3.8259451000193286E-007
          17          13  0.20773384195858713     
          17          14   1.1678478973137942E-011
          17          15  -1.1651013370543248E-006
          17          16  -1.2894379256466698E-007
          17          17   2.0791584862275066E-002
          17          18   2.2179226522733066E-011
          17          19  -2.0526178286904064E-011
          17          20  -1.2775712870531791E-011
          17          21  -1.6600561194871610E-011
          17          22  -7.2099529125338983E-012
          17          23  -1.6731452494646744E-011
          17          24  -9.2550306232994873E-011
          17          25   8.6122918835742811E-011
          17          26   5.6248722070699061E-011
          17          27   6.8593191996107236E-011
          17          28   2.9437873081264702E-011
          17          29   6.9783415349541987E-011
          18           1 -0.94736838706576554     
          18           2   2.7038133250583480     
          18           3  -6.4920953045475222E-013
          18           4   4.2156704492924285E-011
          18           5  -2.4299248683594189E-012
          18           6  -6.7158660637652385     
          18           7   2.0664044599384704E-013
          18           8  -9.1341118275806176E-011
          18           9   5.2390410834892133E-012
          18          10  0.19370447790413653     
          18          11   1.0614436735312891E-011
          18          12  -3.7664812538673390E-012
          18          13  -9.8737995354204844E-012
          18          14 -0.15480790033390535     
          18          15  -2.2869820257687118E-011
          18          16  -5.3182214486443980E-012
          18          17   2.2179226522733066E-011
          18          18   4.4029927513557059     
          18          19   4.4965043376323103E-003
          18          20   1.3929245543590780     
          18          21  -5.2012427954037262E-006
          18          22   1.3339988778227231E-004
          18          23   1.4112128732164841     
          18          24  -1.3902210365060244E-002
          18          25  -1.8859432617616748E-002
          18          26  0.17821726474147903     
          18          27   2.1432786276089011E-005
          18          28  -5.5969783750343515E-004
          18          29  0.10187524278203733     
          19           1  -9.1814903626839017E-006
          19           2   3.0483459842368826E-005
          19           3   1.1473952470712437E-012
          19           4  -1.5090329466441440E-011
          19           5   1.2070201707967087E-012
          19           6  -1.1911049165249564E-004
          19           7  -2.8890726911415567E-012
          19           8   3.3974529714064630E-011
          19           9  -3.2179900787638763E-012
          19          10   3.7457345246405267E-004
          19          11   3.6449523514628615E-012
          19          12  -8.0494536898586351E-012
          19          13   9.2178744252064542E-012
          19          14  -9.0142936751634031E-006
          19          15  -7.7371499689013904E-012
          19          16   1.9308999718367652E-011
          19          17  -2.0526178286904064E-011
          19          18   4.4965043376323103E-003
          19          19   1.9993181432542673     
          19          20   6.3432476578727266E-003
          19          21   1.2222679874060325E-004
          19          22  -9.1741715670313161E-005
          19          23  -1.0768133137965678E-002
          19          24  -1.8896921784421934E-002
          19          25  -9.7332807073688618E-002
          19          26  -2.6610923813242999E-002
          19          27  -5.1319888809399545E-004
          19          28   3.8304242341134981E-004
          19          29   4.4938996506800798E-002
          20           1 -0.94706359168652077     
          20           2   2.7027812443167338     
          20           3  -2.1238572932590995E-012
          20           4   1.5275255513000923E-011
          20           5  -9.9765313334646855E-014
          20           6  -6.7116046491311003     
          20           7   4.7796245241249552E-012
          20           8  -3.2184423396925260E-011
          20           9  -7.5944808061723779E-013
          20          10  0.18288026862397544     
          20          11  -7.8603376767806560E-012
          20          12  -3.5061719647241200E-012
          20          13   5.7333366170577207E-012
          20          14 -0.16244562838585969     
          20          15   1.6704162945438605E-011
          20          16   6.3865128253938664E-012
          20          17  -1.2775712870531791E-011
          20          18   1.3929245543590780     
          20          19   6.3432476578727266E-003
          20          20   4.3703213663857952     
          20          21  -2.0385221197806967E-005
          20          22   2.0924344103526377E-004
          20          23   1.4410198669541492     
          20          24  0.17922016619855879     
          20          25  -2.6541380223704242E-002
          20          26  0.12406365361021707     
          20          27   8.5817236860927975E-005
          20          28  -8.7460960340571205E-004
          20          29  -2.1573010900396677E-002
          21           1   7.6891730774913876E-007
          21           2  -2.6697263952408218E-006
          21           3   4.6169218025467860E-012
          21           4  -2.9525491346765799E-011
          21           5   6.5168988912060198E-013
          21           6   1.1660218294478490E-005
          21           7  -1.1944459309181986E-011
          21           8   6.4209158269887898E-011
          21           9  -2.0836765012956620E-012
          21          10  -2.4817935938668387E-005
          21          11   2.1899311413302521E-011
          21          12   1.3089390209415815E-011
          21          13   8.0209669861625408E-012
          21          14  -4.4531176970641000E-005
          21          15  -4.7746002908717126E-011
          21          16  -2.1703539432288150E-011
          21          17  -1.6600561194871610E-011
          21          18  -5.2012427954037262E-006
          21          19   1.2222679874060325E-004
          21          20  -2.0385221197806967E-005
          21          21   2.0051247362316711     
          21          22  -1.3764753657334634E-002
          21          23   1.6945366280566486E-005
          21          24   2.1249553650187544E-005
          21          25  -5.1305006312607254E-004
          21          26   8.5270293618970746E-005
          21          27 -0.12151253992821250     
          21          28   5.7751080055512785E-002
          21          29  -7.1516326728955019E-005
          22           1   6.1593163504740927E-007
          22           2  -2.1381786557765745E-006
          22           3   2.3428672658982766E-012
          22           4  -2.5241693162356060E-011
          22           5   2.1277109469212513E-013
          22           6   9.0420256790849291E-006
          22           7  -5.8681220957729841E-012
          22           8   5.6655956883829637E-011
          22           9  -6.0711823872690770E-013
          22          10  -2.2535996896700037E-005
          22          11   8.7394653549270580E-012
          22          12  -1.1941944006621856E-011
          22          13   3.3177245644266401E-012
          22          14  -3.9967940495638581E-005
          22          15  -1.9548948191853137E-011
          22          16   3.2371700478204162E-011
          22          17  -7.2099529125338983E-012
          22          18   1.3339988778227231E-004
          22          19  -9.1741715670313161E-005
          22          20   2.0924344103526377E-004
          22          21  -1.3764753657334634E-002
          22          22   2.0565234648473698     
          22          23  -3.4918153523331454E-004
          22          24  -5.5610071437139376E-004
          22          25   3.8398277042622639E-004
          22          26  -8.7255238862088955E-004
          22          27   5.7712675500232687E-002
          22          28 -0.33700683184488445     
          22          29   1.4637075051011843E-003
          23           1 -0.94715070509671839     
          23           2   2.7030632160913077     
          23           3  -6.9935196042091108E-013
          23           4   7.4568875982793617E-012
          23           5   5.4214689466476249E-013
          23           6  -6.7127005071004628     
          23           7   1.2957384460107811E-012
          23           8  -1.4862775891843415E-011
          23           9  -2.7131129487755126E-012
          23          10  0.18594250757049258     
          23          11  -1.9678953125166828E-012
          23          12  -3.0627240616989083E-012
          23          13   7.5374454737661246E-012
          23          14 -0.16607277291413183     
          23          15   5.3462550938637152E-012
          23          16   8.7810161441976845E-013
          23          17  -1.6731452494646744E-011
          23          18   1.4112128732164841     
          23          19  -1.0768133137965678E-002
          23          20   1.4410198669541492     
          23          21   1.6945366280566486E-005
          23          22  -3.4918153523331454E-004
          23          23   4.3526471452372313     
          23          24  0.10259923744278333     
          23          25   4.5057275496227886E-002
          23          26  -2.1858471947238532E-002
          23          27  -7.2148095123763048E-005
          23          28   1.4615430845282952E-003
          23          29  0.19708736560784504     
          24           1  -3.9036269025232495E-002
          24           2  0.10084705600408511     
          24           3  -5.8483976048459458E-012
          24           4  -2.7270566118347371E-012
          24           5   6.2934320851024155E-012
          24           6 -0.22161182127903212     
          24           7   1.6217452959030894E-011
          24           8   6.3486554247365118E-012
          24           9  -1.7592573866303993E-011
          24          10 -0.30619203402493855     
          24          11  -4.3779931386192884E-011
          24          12  -3.9225500551339980E-012
          24          13   4.3905176974316030E-011
          24          14  -1.6203104390251327E-002
          24          15   1.0029588385844981E-010
          24          16   2.5538252250801775E-011
          24          17  -9.2550306232994873E-011
          24          18  -1.3902210365060244E-002
          24          19  -1.8896921784421934E-002
          24          20  0.17922016619855879     
          24          21   2.1249553650187544E-005
          24          22  -5.5610071437139376E-004
          24          23  0.10259923744278333     
          24          24   1.0603813623084073     
          24          25   7.9103882962448302E-002
          24          26 -0.62651028540506293     
          24          27  -9.3338706124108993E-005
          24          28   2.3319727517716071E-003
          24          29 -0.30842932233728765     
          25           1   3.3619807446139984E-005
          25           2  -1.1412007522420235E-004
          25           3  -2.1325021457113566E-012
          25           4   5.8759645989482893E-012
          25           5  -5.5220593453701364E-012
          25           6   5.0285017022918535E-004
          25           7   5.8667180911979198E-012
          25           8  -1.5997372514409310E-011
          25           9   1.5249810230864467E-011
          25          10  -1.3946177814498275E-003
          25          11  -1.5203208330148278E-011
          25          12   4.0430603030143401E-011
          25          13  -3.9055317622037685E-011
          25          14   9.5807794519518590E-005
          25          15   3.1992485941035688E-011
          25          16  -8.2785913844792534E-011
          25          17   8.6122918835742811E-011
          25          18  -1.8859432617616748E-002
          25          19  -9.7332807073688618E-002
          25          20  -2.6541380223704242E-002
          25          21  -5.1305006312607254E-004
          25          22   3.8398277042622639E-004
          25          23   4.5057275496227886E-002
          25          24   7.9103882962448302E-002
          25          25  0.99498847158192727     
          25          26  0.11119142479420965     
          25          27   2.1541589112614784E-003
          25          28  -1.6032088401773167E-003
          25          29 -0.18819264923412096     
          26           1  -4.0268250201664774E-002
          26           2  0.10504809493170275     
          26           3   4.6894268077897407E-012
          26           4   3.2943815562071541E-012
          26           5  -2.5820763714039177E-012
          26           6 -0.23958302014104280     
          26           7  -1.3172837820809463E-011
          26           8  -7.4719087249419732E-012
          26           9   7.5420798240442090E-012
          26          10 -0.26243809681390368     
          26          11   3.3682779901811667E-011
          26          12   7.1401886958392473E-012
          26          13  -2.2930570286620639E-011
          26          14   1.5276546159770223E-002
          26          15  -6.5947810835159938E-011
          26          16  -2.7840516795851168E-011
          26          17   5.6248722070699061E-011
          26          18  0.17821726474147903     
          26          19  -2.6610923813242999E-002
          26          20  0.12406365361021707     
          26          21   8.5270293618970746E-005
          26          22  -8.7255238862088955E-004
          26          23  -2.1858471947238532E-002
          26          24 -0.62651028540506293     
          26          25  0.11119142479420965     
          26          26  0.48093557549330151     
          26          27  -3.6478709019410472E-004
          26          28   3.6458517115484021E-003
          26          29  0.20856802007509284     
          27           1  -3.4342018420999171E-006
          27           2   1.1808035881927527E-005
          27           3  -1.3311197997168463E-011
          27           4   2.1215482144877228E-013
          27           5  -4.7296233900798129E-012
          27           6  -4.9339908656936108E-005
          27           7   3.6449791710053476E-011
          27           8   2.9043161119886530E-012
          27           9   1.3173279124850148E-011
          27          10   1.1196560402930138E-004
          27          11  -9.2740947083706405E-011
          27          12  -4.0941914857263054E-011
          27          13  -3.3399093757142722E-011
          27          14   1.8957716614897451E-004
          27          15   2.0043868560634360E-010
          27          16   8.8113583696379551E-011
          27          17   6.8593191996107236E-011
          27          18   2.1432786276089011E-005
          27          19  -5.1319888809399545E-004
          27          20   8.5817236860927975E-005
          27          21 -0.12151253992821250     
          27          22   5.7712675500232687E-002
          27          23  -7.2148095123763048E-005
          27          24  -9.3338706124108993E-005
          27          25   2.1541589112614784E-003
          27          26  -3.6478709019410472E-004
          27          27   1.0956731490305178     
          27          28 -0.24213795829748089     
          27          29   2.9863723696288685E-004
          28           1  -2.6327278943192628E-006
