           1           1   2.4388265976430517     
           1           2  -1.1568161726951844     
           1           3  -1.4746962828915751E-014
           1           4  -5.2822642875142898E-015
           1           5   5.3785558134462631E-015
           1           6   2.2832079960194505     
           1           7   2.4514886033008017E-016
           1           8  -1.5203407158151048E-015
           1           9  -4.8086160635210368E-015
           1          10 -0.15399168342263175     
           1          11   7.5986792855869480E-015
           1          12  -1.0554979579528037E-015
           1          13  -4.8504195948958803E-015
           1          14  -1.6745819048283109E-002
           1          15   3.2388592364538068E-015
           1          16  -3.1227348800893756E-017
           1          17  -3.2692968662122381E-015
           1          18 -0.82394647774575569     
           1          19  -5.1622627977602297E-015
           1          20 -0.82371681375958961     
           1          21  -2.2376377200669733E-015
           1          22   4.5382366802375433E-015
           1          23 -0.82385629234132085     
           1          24   2.3172587774077425E-002
           1          25   1.1357160598633375E-015
           1          26   2.1906274386678474E-002
           1          27  -3.8064095661099734E-015
           1          28   1.4716580832506967E-016
           1          29   2.2673144873403221E-002
           2           1  -1.1568161726951844     
           2           2   3.1044096074690888     
           2           3   2.7637817205005958E-014
           2           4   1.6144771357774214E-014
           2           5  -1.2559832798905526E-014
           2           6  -6.7456826294438574     
           2           7   1.5334990177320760E-014
           2           8  -4.4013758168457118E-016
           2           9   1.0299753392492095E-014
           2          10  0.55879347361321619     
           2          11  -5.0305070804203063E-014
           2          12   8.6711232461812908E-016
           2          13   3.0283837062415793E-014
           2          14   6.2756571134006373E-002
           2          15  -4.1501575940586578E-015
           2          16   3.5672283131950800E-016
           2          17   5.4139776026389268E-015
           2          18   2.3709207872088163     
           2          19   1.8444509513820509E-014
           2          20   2.3701557202129089     
           2          21  -2.0813388048501561E-015
           2          22  -1.3833756176629051E-014
           2          23   2.3706202322085987     
           2          24  -9.3727394566309297E-002
           2          25  -1.3500037125780877E-015
           2          26  -8.9572084061312451E-002
           2          27   5.8018960018161611E-015
           2          28   7.8579489363136104E-017
           2          29  -9.2088431691365519E-002
           3           1  -1.4746962828915751E-014
           3           2   2.7637817205005958E-014
           3           3   2.5448424113200234     
           3           4  -7.8507876998866956E-013
           3           5   9.0547688700111431E-015
           3           6   2.0596322436832952E-015
           3           7  -1.2456671031098108     
           3           8   1.7245533132034568E-012
           3           9  -2.8131141523777055E-014
           3          10  -6.2238429053962700E-014
           3          11  0.33076355235482469     
           3          12   2.1734224815086283E-013
           3          13   6.1866281390206954E-014
           3          14   6.1494912962383468E-014
           3          15  -1.0711563744723231E-002
           3          16  -1.0568143115663511E-014
           3          17  -6.4454819294037719E-014
           3          18   7.1316606413224387E-014
           3          19   3.8240370095662504E-014
           3          20  -1.2907845149363492E-013
           3          21   2.6994998889711998E-014
           3          22  -1.7941009370406847E-014
           3          23   8.2513920033738112E-014
           3          24   6.1208796691789073E-015
           3          25   2.9442523319352508E-014
           3          26   4.0684096084889926E-014
           3          27  -6.3171289056394516E-014
           3          28   4.6137394019882736E-014
           3          29  -4.9536841066750807E-014
           4           1  -5.2822642875142898E-015
           4           2   1.6144771357774214E-014
           4           3  -7.8507876998866956E-013
           4           4   2.5448558819073694     
           4           5   2.1807611657007689E-012
           4           6  -5.6438932825051465E-014
           4           7   1.7291096153781829E-012
           4           8  -1.2457066375537296     
           4           9  -4.8111625704213103E-012
           4          10  -6.9797962886516366E-015
           4          11   1.8494110072360883E-013
           4          12  0.33088022887291618     
           4          13  -2.1010077560696952E-013
           4          14  -6.4810954701801076E-015
           4          15   1.1279803356491171E-015
           4          16  -1.0866647345077144E-002
           4          17  -7.7203720227299763E-015
           4          18  -1.8239046276309977E-015
           4          19   8.7652845774746183E-015
           4          20   9.1042541028832878E-014
           4          21  -1.4911538182554401E-014
           4          22   1.4779011797847960E-015
           4          23  -2.0920876685904325E-014
           4          24   5.0820076013147727E-015
           4          25   6.7557870686975486E-015
           4          26  -7.7981585523643888E-015
           4          27   7.7541025304600087E-016
           4          28  -4.1316858095356700E-017
           4          29   1.4649860856714378E-014
           5           1   5.3785558134462631E-015
           5           2  -1.2559832798905526E-014
           5           3   9.0547688700111431E-015
           5           4   2.1807611657007689E-012
           5           5   2.5448478992610744     
           5           6   9.5499219567407952E-015
           5           7  -3.2579195265318249E-014
           5           8  -4.8076403846380206E-012
           5           9  -1.2456832047253064     
           5          10   5.1282869917710755E-014
           5          11   5.7155757723904426E-014
           5          12  -2.1902123652887158E-013
           5          13  0.33081103366994852     
           5          14  -2.2479925129725686E-014
           5          15  -1.9136029055333439E-014
           5          16   2.8979425482594441E-015
           5          17  -1.0774675287169810E-002
           5          18   9.2680791556956876E-015
           5          19   3.0347938651739413E-015
           5          20  -3.6707718511160147E-014
           5          21   1.4572803382420211E-014
           5          22   2.8018351060232386E-014
           5          23   2.3736282237123853E-014
           5          24  -6.9712503214502622E-015
           5          25  -1.6124453222364656E-014
           5          26  -3.0599353988825823E-014
           5          27   2.7661408479128477E-014
           5          28  -2.4305461581772879E-014
           5          29   2.2679320420036057E-014
           6           1   2.2832079960194505     
           6           2  -6.7456826294438574     
           6           3   2.0596322436832952E-015
           6           4  -5.6438932825051465E-014
           6           5   9.5499219567407952E-015
           6           6   16.976264171521681     
           6           7  -1.9524397639101866E-013
           6           8   2.0840191850330048E-014
           6           9   2.8584297551898278E-014
           6          10  -2.4033322878881647     
           6          11   5.4154848781850340E-013
           6          12  -2.8312349791939117E-014
           6          13  -2.6335805958668674E-013
           6          14 -0.27481748286483842     
           6          15  -9.2791895068532576E-015
           6          16  -2.1651145623037012E-015
           6          17   6.4878017808553247E-015
           6          18  -5.1606350892808006     
           6          19  -7.9686141603425903E-014
           6          20  -5.1574119989284828     
           6          21   9.5774854271273111E-014
           6          22   8.3739506037000308E-015
           6          23  -5.1593661913364137     
           6          24  0.45090819451125763     
           6          25   1.7192641241220723E-014
           6          26  0.43489209309149901     
           6          27  -1.7798639208009771E-014
           6          28   9.2921190408498282E-015
           6          29  0.44459061994903321     
           7           1   2.4514886033008017E-016
           7           2   1.5334990177320760E-014
           7           3  -1.2456671031098108     
           7           4   1.7291096153781829E-012
           7           5  -3.2579195265318249E-014
           7           6  -1.9524397639101866E-013
           7           7   2.8599906104586195     
           7           8  -3.7841641192521952E-012
           7           9   8.4141799293770633E-014
           7          10   1.8013447007175936E-013
           7          11 -0.91547989369690530     
           7          12  -5.8701114763925167E-013
           7          13  -1.7628531929663888E-013
           7          14  -1.7752082166102503E-013
           7          15   2.1471671004364687E-002
           7          16   3.1879510848133723E-014
           7          17   1.9410786454735582E-013
           7          18  -8.1273542314471533E-014
           7          19  -8.7518236266384700E-014
           7          20   3.6901128072484612E-013
           7          21  -5.5156375563411821E-014
           7          22   4.6998200598357053E-014
           7          23  -9.3156869707193019E-014
           7          24  -2.2913282450200406E-014
           7          25  -9.3337965977319438E-014
           7          26  -1.2538489186752352E-013
           7          27   1.8369888859047179E-013
           7          28  -1.4200961960057378E-013
           7          29   1.5088680324266008E-013
           8           1  -1.5203407158151048E-015
           8           2  -4.4013758168457118E-016
           8           3   1.7245533132034568E-012
           8           4  -1.2457066375537296     
           8           5  -4.8076403846380206E-012
           8           6   2.0840191850330048E-014
           8           7  -3.7841641192521952E-012
           8           8   2.8601065848313603     
           8           9   1.0623258159181666E-011
           8          10   1.4659723887749738E-014
           8          11  -4.9507316125587637E-013
           8          12 -0.91582215755122198     
           8          13   5.3482224600441424E-013
           8          14   9.2511278300453190E-015
           8          15   1.1835486958364479E-015
           8          16   2.1936818141246504E-002
           8          17   2.4994798727650105E-014
           8          18   6.5593875939809608E-014
           8          19  -2.0010182925289129E-014
           8          20  -1.8601531001016272E-013
           8          21   3.8236156850975997E-014
           8          22   4.8181581565139532E-015
           8          23   1.0565868387589564E-013
           8          24  -8.2412200291803240E-015
           8          25  -1.3147760317958338E-014
           8          26   2.2086917758108921E-014
           8          27   8.0425361172898406E-016
           8          28  -8.5771395478425779E-015
           8          29  -2.7765005081400586E-014
           9           1  -4.8086160635210368E-015
           9           2   1.0299753392492095E-014
           9           3  -2.8131141523777055E-014
           9           4  -4.8111625704213103E-012
           9           5  -1.2456832047253064     
           9           6   2.8584297551898278E-014
           9           7   8.4141799293770633E-014
           9           8   1.0623258159181666E-011
           9           9   2.8600378312176522     
           9          10  -1.3827845332291067E-013
           9          11  -1.7308589760371492E-013
           9          12   5.5200278703434504E-013
           9          13 -0.91561914041564285     
           9          14   7.7805879989165174E-014
           9          15   5.5199661721375122E-014
           9          16  -1.4474150834916635E-016
           9          17   2.1660845537610801E-002
           9          18  -5.2072197976307075E-014
           9          19  -1.3547041521219370E-015
           9          20   9.0416243319513035E-014
           9          21  -3.0199119381705281E-014
           9          22  -5.6781543370799075E-014
           9          23  -8.2920690366471698E-014
           9          24   2.2552876491409764E-014
           9          25   4.1284082358028194E-014
           9          26   7.5412528916258865E-014
           9          27  -8.1897318341000487E-014
           9          28   6.3312491455728627E-014
           9          29  -6.2216511809092527E-014
          10           1 -0.15399168342263175     
          10           2  0.55879347361321619     
          10           3  -6.2238429053962700E-014
          10           4  -6.9797962886516366E-015
          10           5   5.1282869917710755E-014
          10           6  -2.4033322878881647     
          10           7   1.8013447007175936E-013
          10           8   1.4659723887749738E-014
          10           9  -1.3827845332291067E-013
          10          10   5.4109729794720209     
          10          11  -5.0732438582031557E-013
          10          12   2.1134665064498816E-015
          10          13   2.7320549364360599E-013
          10          14  0.57139224906625130     
          10          15   1.4251524533141671E-014
          10          16   4.9820079450910048E-015
          10          17  -2.9159370021476390E-014
          10          18  0.33768744426828179     
          10          19  -1.9677076393673902E-015
          10          20  0.33329929026521576     
          10          21  -9.1918618271310556E-015
          10          22   3.5499355167432302E-015
          10          23  0.33596653643547880     
          10          24  -1.0453396340657146     
          10          25   2.4869145366614695E-014
          10          26  -1.0193855999422099     
          10          27  -4.8134489846000264E-014
          10          28  -2.3601812501809840E-014
          10          29  -1.0350949971403574     
          11           1   7.5986792855869480E-015
          11           2  -5.0305070804203063E-014
          11           3  0.33076355235482469     
          11           4   1.8494110072360883E-013
          11           5   5.7155757723904426E-014
          11           6   5.4154848781850340E-013
          11           7 -0.91547989369690530     
          11           8  -4.9507316125587637E-013
          11           9  -1.7308589760371492E-013
          11          10  -5.0732438582031557E-013
          11          11   2.3104857993331200     
          11          12   1.1583237175359428E-012
          11          13   3.2520988862483994E-013
          11          14   5.0904155341948125E-013
          11          15  -3.6618144864031948E-002
          11          16  -6.8284252508179227E-014
          11          17  -5.0440027772944097E-013
          11          18  -1.1164045883786588E-013
          11          19   8.7068628269258405E-014
          11          20  -3.4377413661341594E-013
          11          21   4.5082812267295497E-014
          11          22  -5.3581569597976785E-014
          11          23  -8.4851150932840965E-014
          11          24   9.6464218659502709E-014
          11          25   2.5887031780797938E-013
          11          26   3.2172316356534009E-013
          11          27  -5.0591205097733619E-013
          11          28   4.2286902285360736E-013
          11          29  -3.9907465850611836E-013
          12           1  -1.0554979579528037E-015
          12           2   8.6711232461812908E-016
          12           3   2.1734224815086283E-013
          12           4  0.33088022887291618     
          12           5  -2.1902123652887158E-013
          12           6  -2.8312349791939117E-014
          12           7  -5.8701114763925167E-013
          12           8 -0.91582215755122198     
          12           9   5.5200278703434504E-013
          12          10   2.1134665064498816E-015
          12          11   1.1583237175359428E-012
          12          12   2.3114958883694618     
          12          13  -8.3884511713718563E-013
          12          14  -5.9128540590853693E-015
          12          15  -5.9855941793486016E-015
          12          16  -3.7992199709951671E-002
          12          17  -4.9070452451480249E-014
          12          18  -6.5651738288313139E-015
          12          19  -9.4540712959918616E-015
          12          20   7.1069072678073327E-014
          12          21   4.1448974790941104E-015
          12          22  -7.1264377106960872E-015
          12          23  -3.3485994099368857E-014
          12          24   7.0584457318683840E-015
          12          25   2.2291362551435769E-014
          12          26  -6.9621825968799551E-014
          12          27   3.7322377645999249E-015
          12          28   1.5620461976417236E-014
          12          29   6.3180943570024897E-014
          13           1  -4.8504195948958803E-015
          13           2   3.0283837062415793E-014
          13           3   6.1866281390206954E-014
          13           4  -2.1010077560696952E-013
          13           5  0.33081103366994852     
          13           6  -2.6335805958668674E-013
          13           7  -1.7628531929663888E-013
          13           8   5.3482224600441424E-013
          13           9 -0.91561914041564285     
          13          10   2.7320549364360599E-013
          13          11   3.2520988862483994E-013
          13          12  -8.3884511713718563E-013
          13          13   2.3108964163733665     
          13          14  -2.1401314882045886E-013
          13          15  -1.2719762690354322E-013
          13          16   1.5957715196106542E-014
          13          17  -3.7176069967916170E-002
          13          18   6.6333243733798903E-014
          13          19  -3.5207002737422301E-014
          13          20   8.3454936210849704E-014
          13          21  -1.8546781573589526E-014
          13          22   2.2769815815776479E-014
          13          23   9.7732602163031778E-014
          13          24  -3.6403491234260315E-014
          13          25  -1.1025171182063680E-013
          13          26  -1.5003807517588921E-013
          13          27   2.0154630905512422E-013
          13          28  -1.6483812522098966E-013
          13          29   1.4308490631029370E-013
          14           1  -1.6745819048283109E-002
          14           2   6.2756571134006373E-002
          14           3   6.1494912962383468E-014
          14           4  -6.4810954701801076E-015
          14           5  -2.2479925129725686E-014
          14           6 -0.27481748286483842     
          14           7  -1.7752082166102503E-013
          14           8   9.2511278300453190E-015
          14           9   7.7805879989165174E-014
          14          10  0.57139224906625130     
          14          11   5.0904155341948125E-013
          14          12  -5.9128540590853693E-015
          14          13  -2.1401314882045886E-013
          14          14   6.0535057187564315E-002
          14          15  -3.0159597795270846E-014
          14          16   8.1225325257949365E-016
          14          17   9.5772757934939833E-015
          14          18   3.7837996163772501E-002
          14          19   1.5355450970869972E-014
          14          20   3.7462546420929346E-002
          14          21   2.9590061941881681E-016
          14          22   1.8990234546845590E-015
          14          23   3.7691642447745421E-002
          14          24 -0.11116021732388234     
          14          25  -6.4366249674244320E-014
          14          26 -0.10852011420416585     
          14          27   4.5678457403561304E-014
          14          28  -1.9774320961906067E-014
          14          29 -0.11011810846559597     
          15           1   3.2388592364538068E-015
          15           2  -4.1501575940586578E-015
          15           3  -1.0711563744723231E-002
          15           4   1.1279803356491171E-015
          15           5  -1.9136029055333439E-014
          15           6  -9.2791895068532576E-015
          15           7   2.1471671004364687E-002
          15           8   1.1835486958364479E-015
          15           9   5.5199661721375122E-014
          15          10   1.4251524533141671E-014
          15          11  -3.6618144864031948E-002
          15          12  -5.9855941793486016E-015
          15          13  -1.2719762690354322E-013
          15          14  -3.0159597795270846E-014
          15          15   3.8508547612544249E-003
          15          16   4.5077651156138864E-015
          15          17   3.5190059634760362E-014
          15          18   1.5266022023853356E-014
          15          19  -1.0456285576112533E-014
          15          20  -3.2262627354311139E-014
          15          21   7.9953038662981397E-016
          15          22   5.2305370622524812E-016
          15          23   3.0950872277717905E-014
          15          24  -1.3006928013647291E-015
          15          25   9.7721511222970019E-015
          15          26  -1.7202885728305238E-014
          15          27   2.2513695178333721E-014
          15          28  -1.0703108311441973E-014
          15          29   2.1452788044369736E-014
          16           1  -3.1227348800893756E-017
          16           2   3.5672283131950800E-016
          16           3  -1.0568143115663511E-014
          16           4  -1.0866647345077144E-002
          16           5   2.8979425482594441E-015
          16           6  -2.1651145623037012E-015
          16           7   3.1879510848133723E-014
          16           8   2.1936818141246504E-002
          16           9  -1.4474150834916635E-016
          16          10   4.9820079450910048E-015
          16          11  -6.8284252508179227E-014
          16          12  -3.7992199709951671E-002
          16          13   1.5957715196106542E-014
          16          14   8.1225325257949365E-016
          16          15   4.5077651156138864E-015
          16          16   3.7905585812003737E-003
          16          17  -3.1809388723134776E-015
          16          18   1.5801426288533022E-014
          16          19   1.5096007757187376E-014
          16          20  -4.8292224407440964E-014
          16          21  -1.6821001969992180E-014
          16          22   2.0428951006959802E-015
          16          23   3.3032269548039721E-014
          16          24   5.0652516697050620E-015
          16          25  -5.0025415848577027E-014
          16          26  -4.3437990983954943E-015
          16          27   2.4402005033149072E-014
          16          28  -8.6064804156952177E-015
          16          29  -2.9916843232109484E-015
          17           1  -3.2692968662122381E-015
          17           2   5.4139776026389268E-015
          17           3  -6.4454819294037719E-014
          17           4  -7.7203720227299763E-015
          17           5  -1.0774675287169810E-002
          17           6   6.4878017808553247E-015
          17           7   1.9410786454735582E-013
          17           8   2.4994798727650105E-014
          17           9   2.1660845537610801E-002
          17          10  -2.9159370021476390E-014
          17          11  -5.0440027772944097E-013
          17          12  -4.9070452451480249E-014
          17          13  -3.7176069967916170E-002
          17          14   9.5772757934939833E-015
          17          15   3.5190059634760362E-014
          17          16  -3.1809388723134776E-015
          17          17   3.8259531824053144E-003
          17          18  -4.7774637985464025E-015
          17          19   2.0871180287515604E-015
          17          20   2.5239922510473245E-014
          17          21   1.1024597675488765E-014
          17          22   5.7770696153152536E-016
          17          23  -1.7518537794196229E-014
          17          24  -7.1883004029730736E-015
          17          25  -1.8830218040125560E-014
          17          26   1.3144246896900873E-014
          17          27  -5.3604250309601616E-015
          17          28  -6.6269537645179423E-015
          17          29   3.8936417466759835E-015
          18           1 -0.82394647774575569     
          18           2   2.3709207872088163     
          18           3   7.1316606413224387E-014
          18           4  -1.8239046276309977E-015
          18           5   9.2680791556956876E-015
          18           6  -5.1606350892808006     
          18           7  -8.1273542314471533E-014
          18           8   6.5593875939809608E-014
          18           9  -5.2072197976307075E-014
          18          10  0.33768744426828179     
          18          11  -1.1164045883786588E-013
          18          12  -6.5651738288313139E-015
          18          13   6.6333243733798903E-014
          18          14   3.7837996163772501E-002
          18          15   1.5266022023853356E-014
          18          16   1.5801426288533022E-014
          18          17  -4.7774637985464025E-015
          18          18   3.8414950684248801     
          18          19  -9.4637779610653052E-013
          18          20  0.82221893595910944     
          18          21   6.4085903450078912E-013
          18          22  -1.2837647758152448E-013
          18          23  0.80766373658946811     
          18          24 -0.18288064912712143     
          18          25  -1.0963339304816177E-013
          18          26  -2.5763650119203219E-002
          18          27   2.9746615940663672E-014
          18          28  -1.2427408403729088E-014
          18          29   6.1353439753794592E-002
          19           1  -5.1622627977602297E-015
          19           2   1.8444509513820509E-014
          19           3   3.8240370095662504E-014
          19           4   8.7652845774746183E-015
          19           5   3.0347938651739413E-015
          19           6  -7.9686141603425903E-014
          19           7  -8.7518236266384700E-014
          19           8  -2.0010182925289129E-014
          19           9  -1.3547041521219370E-015
          19          10  -1.9677076393673902E-015
          19          11   8.7068628269258405E-014
          19          12  -9.4540712959918616E-015
          19          13  -3.5207002737422301E-014
          19          14   1.5355450970869972E-014
          19          15  -1.0456285576112533E-014
          19          16   1.5096007757187376E-014
          19          17   2.0871180287515604E-015
          19          18  -9.4637779610653052E-013
          19          19   2.0599788424303309     
          19          20   2.5470931735920611E-012
          19          21  -2.2081210034936960E-015
          19          22  -1.0986140626208980E-016
          19          23  -1.5258575691563163E-012
          19          24  -9.6339627737589207E-014
          19          25 -0.35150412003267867     
          19          26   1.1144753252970754E-013
          19          27   8.8670023584910253E-015
          19          28   1.2668804741444013E-014
          19          29  -1.5137208578511110E-014
          20           1 -0.82371681375958961     
          20           2   2.3701557202129089     
          20           3  -1.2907845149363492E-013
          20           4   9.1042541028832878E-014
          20           5  -3.6707718511160147E-014
          20           6  -5.1574119989284828     
          20           7   3.6901128072484612E-013
          20           8  -1.8601531001016272E-013
          20           9   9.0416243319513035E-014
          20          10  0.33329929026521576     
          20          11  -3.4377413661341594E-013
          20          12   7.1069072678073327E-014
          20          13   8.3454936210849704E-014
          20          14   3.7462546420929346E-002
          20          15  -3.2262627354311139E-014
          20          16  -4.8292224407440964E-014
          20          17   2.5239922510473245E-014
          20          18  0.82221893595910944     
          20          19   2.5470931735920611E-012
          20          20   3.8149667996953829     
          20          21  -1.4086748606585985E-012
          20          22   3.9018515859644761E-013
          20          23  0.83202846164340327     
          20          24  -2.8613123258181557E-002
          20          25   1.3520609407689235E-013
          20          26  -3.0191477261377636E-002
          20          27  -6.7157958629427178E-015
          20          28  -1.7285743782620325E-014
          20          29  -8.7301646104990430E-002
          21           1  -2.2376377200669733E-015
          21           2  -2.0813388048501561E-015
          21           3   2.6994998889711998E-014
          21           4  -1.4911538182554401E-014
          21           5   1.4572803382420211E-014
          21           6   9.5774854271273111E-014
          21           7  -5.5156375563411821E-014
          21           8   3.8236156850975997E-014
          21           9  -3.0199119381705281E-014
          21          10  -9.1918618271310556E-015
          21          11   4.5082812267295497E-014
          21          12   4.1448974790941104E-015
          21          13  -1.8546781573589526E-014
          21          14   2.9590061941881681E-016
          21          15   7.9953038662981397E-016
          21          16  -1.6821001969992180E-014
          21          17   1.1024597675488765E-014
          21          18   6.4085903450078912E-013
          21          19  -2.2081210034936960E-015
          21          20  -1.4086748606585985E-012
          21          21   2.0599788424303265     
          21          22   7.8191418540362103E-016
          21          23   6.4599563227087182E-013
          21          24   1.6562075735038099E-014
          21          25   7.3191722867168143E-015
          21          26  -3.1338575327192550E-014
          21          27 -0.35150412003266351     
          21          28  -8.5844811547050418E-015
          21          29   3.2926896317733731E-015
          22           1   4.5382366802375433E-015
          22           2  -1.3833756176629051E-014
          22           3  -1.7941009370406847E-014
          22           4   1.4779011797847960E-015
          22           5   2.8018351060232386E-014
          22           6   8.3739506037000308E-015
          22           7   4.6998200598357053E-014
          22           8   4.8181581565139532E-015
          22           9  -5.6781543370799075E-014
          22          10   3.5499355167432302E-015
          22          11  -5.3581569597976785E-014
          22          12  -7.1264377106960872E-015
          22          13   2.2769815815776479E-014
          22          14   1.8990234546845590E-015
          22          15   5.2305370622524812E-016
          22          16   2.0428951006959802E-015
          22          17   5.7770696153152536E-016
          22          18  -1.2837647758152448E-013
          22          19  -1.0986140626208980E-016
          22          20   3.9018515859644761E-013
          22          21   7.8191418540362103E-016
          22          22   2.0599788424303318     
          22          23  -2.4761637389991975E-013
          22          24  -2.6489089613072150E-014
          22          25   1.1255718855987655E-014
          22          26   1.9393032294719652E-014
          22          27  -6.9188830006835239E-015
          22          28 -0.35150412003266918     
          22          29  -1.0760686424976011E-016
          23           1 -0.82385629234132085     
          23           2   2.3706202322085987     
          23           3   8.2513920033738112E-014
          23           4  -2.0920876685904325E-014
          23           5   2.3736282237123853E-014
          23           6  -5.1593661913364137     
          23           7  -9.3156869707193019E-014
          23           8   1.0565868387589564E-013
          23           9  -8.2920690366471698E-014
          23          10  0.33596653643547880     
          23          11  -8.4851150932840965E-014
          23          12  -3.3485994099368857E-014
          23          13   9.7732602163031778E-014
          23          14   3.7691642447745421E-002
          23          15   3.0950872277717905E-014
          23          16   3.3032269548039721E-014
          23          17  -1.7518537794196229E-014
          23          18  0.80766373658946811     
          23          19  -1.5258575691563163E-012
          23          20  0.83202846164340327     
          23          21   6.4599563227087182E-013
          23          22  -2.4761637389991975E-013
          23          23   3.8308320698049219     
          23          24   6.0225516077770977E-002
          23          25  -4.7490830601950383E-014
          23          26  -8.5580149926050036E-002
          23          27  -4.9810029793211384E-016
          23          28   2.2922703795888581E-014
          23          29 -0.12148135108435576     
          24           1   2.3172587774077425E-002
          24           2  -9.3727394566309297E-002
          24           3   6.1208796691789073E-015
          24           4   5.0820076013147727E-015
          24           5  -6.9712503214502622E-015
          24           6  0.45090819451125763     
          24           7  -2.2913282450200406E-014
          24           8  -8.2412200291803240E-015
          24           9   2.2552876491409764E-014
          24          10  -1.0453396340657146     
          24          11   9.6464218659502709E-014
          24          12   7.0584457318683840E-015
          24          13  -3.6403491234260315E-014
          24          14 -0.11116021732388234     
          24          15  -1.3006928013647291E-015
          24          16   5.0652516697050620E-015
          24          17  -7.1883004029730736E-015
          24          18 -0.18288064912712143     
          24          19  -9.6339627737589207E-014
          24          20  -2.8613123258181557E-002
          24          21   1.6562075735038099E-014
          24          22  -2.6489089613072150E-014
          24          23   6.0225516077770977E-002
          24          24   1.1374441007707539     
          24          25   4.7665839037730251E-013
          24          26   3.3024842659993350E-003
          24          27  -8.7416635860580593E-014
          24          28   1.6003780614584619E-013
          24          29 -0.52407925629730034     
          25           1   1.1357160598633375E-015
          25           2  -1.3500037125780877E-015
          25           3   2.9442523319352508E-014
          25           4   6.7557870686975486E-015
          25           5  -1.6124453222364656E-014
          25           6   1.7192641241220723E-014
          25           7  -9.3337965977319438E-014
          25           8  -1.3147760317958338E-014
          25           9   4.1284082358028194E-014
          25          10   2.4869145366614695E-014
          25          11   2.5887031780797938E-013
          25          12   2.2291362551435769E-014
          25          13  -1.1025171182063680E-013
          25          14  -6.4366249674244320E-014
          25          15   9.7721511222970019E-015
          25          16  -5.0025415848577027E-014
          25          17  -1.8830218040125560E-014
          25          18  -1.0963339304816177E-013
          25          19 -0.35150412003267867     
          25          20   1.3520609407689235E-013
          25          21   7.3191722867168143E-015
          25          22   1.1255718855987655E-014
          25          23  -4.7490830601950383E-014
          25          24   4.7665839037730251E-013
          25          25   2.0599788424303300     
          25          26  -3.5798309206932654E-013
          25          27  -6.4882680517269534E-015
          25          28  -6.2380087393293242E-014
          25          29  -1.8249469851159199E-013
          26           1   2.1906274386678474E-002
          26           2  -8.9572084061312451E-002
          26           3   4.0684096084889926E-014
          26           4  -7.7981585523643888E-015
          26           5  -3.0599353988825823E-014
          26           6  0.43489209309149901     
          26           7  -1.2538489186752352E-013
          26           8   2.2086917758108921E-014
          26           9   7.5412528916258865E-014
          26          10  -1.0193855999422099     
          26          11   3.2172316356534009E-013
          26          12  -6.9621825968799551E-014
          26          13  -1.5003807517588921E-013
          26          14 -0.10852011420416585     
          26          15  -1.7202885728305238E-014
          26          16  -4.3437990983954943E-015
          26          17   1.3144246896900873E-014
          26          18  -2.5763650119203219E-002
          26          19   1.1144753252970754E-013
          26          20  -3.0191477261377636E-002
          26          21  -3.1338575327192550E-014
          26          22   1.9393032294719652E-014
          26          23  -8.5580149926050036E-002
          26          24   3.3024842659993350E-003
          26          25  -3.5798309206932654E-013
          26          26  0.24330189143871675     
          26          27   6.5899019597427545E-014
          26          28  -8.3544223593974339E-014
          26          29  0.35832448073012124     
          27           1  -3.8064095661099734E-015
          27           2   5.8018960018161611E-015
          27           3  -6.3171289056394516E-014
          27           4   7.7541025304600087E-016
          27           5   2.7661408479128477E-014
          27           6  -1.7798639208009771E-014
          27           7   1.8369888859047179E-013
          27           8   8.0425361172898406E-016
          27           9  -8.1897318341000487E-014
          27          10  -4.8134489846000264E-014
          27          11  -5.0591205097733619E-013
          27          12   3.7322377645999249E-015
          27          13   2.0154630905512422E-013
          27          14   4.5678457403561304E-014
          27          15   2.2513695178333721E-014
          27          16   2.4402005033149072E-014
          27          17  -5.3604250309601616E-015
          27          18   2.9746615940663672E-014
          27          19   8.8670023584910253E-015
          27          20  -6.7157958629427178E-015
          27          21 -0.35150412003266351     
          27          22  -6.9188830006835239E-015
          27          23  -4.9810029793211384E-016
          27          24  -8.7416635860580593E-014
          27          25  -6.4882680517269534E-015
          27          26   6.5899019597427545E-014
          27          27   2.0599788424303282     
          27          28   4.0229383520245361E-014
          27          29   1.0020567756756568E-013
          28           1   1.4716580832506967E-016
