           1           1   2.4604099923266149     
           1           2  -1.2225892972648142     
           1           3  -7.4891340279830971E-014
           1           4  -1.2085772784564096E-013
           1           5  -1.9905439904139221E-014
           1           6   2.6760676945022412     
           1           7   9.8321940807487421E-014
           1           8   1.6299878654595914E-013
           1           9  -2.1013663271096178E-014
           1          10 -0.90488924685829675     
           1          11   3.3683685987013463E-014
           1          12  -1.2237142337730436E-013
           1          13  -9.6670420748470968E-014
           1          14   1.9127975876193463E-002
           1          15   6.3495624024791172E-014
           1          16   5.4524147290356799E-014
           1          17   2.2661874702939518E-014
           1          18 -0.97661794653229761     
           1          19  -9.4730502762038974E-007
           1          20 -0.97661840844637104     
           1          21  -1.4235350480813349E-007
           1          22  -1.8796248690356066E-007
           1          23 -0.97661734967075797     
           1          24  0.35832361677042945     
           1          25   3.4155210519224409E-006
           1          26  0.35832528220860832     
           1          27   5.1325734267612761E-007
           1          28   6.7770122293148031E-007
           1          29  0.35832146477792398     
           2           1  -1.2225892972648142     
           2           2   3.3212962444225642     
           2           3   5.2631260549369297E-015
           2           4   1.7917163407105948E-013
           2           5   4.9045581418965905E-014
           2           6  -8.0421056870563028     
           2           7  -7.4087339359188410E-014
           2           8  -3.4808171987783456E-013
           2           9  -1.7819708646757462E-013
           2          10   2.8978092002836831     
           2          11  -2.2423456400351022E-013
           2          12   3.4164423949568078E-013
           2          13   6.0539427078732187E-013
           2          14  -7.0899207743510259E-002
           2          15  -6.2243970398287629E-014
           2          16  -3.1911234937804835E-014
           2          17   1.1573913678504251E-013
           2          18   2.8548222820971239     
           2          19   8.4756603499457716E-007
           2          20   2.8548226953772344     
           2          21   1.2736558237958439E-007
           2          22   1.6817246882717046E-007
           2          23   2.8548217480774145     
           2          24  -1.1241337843319890     
           2          25  -4.6347971063002465E-006
           2          26  -1.1241360442998705     
           2          27  -6.9648043873789995E-007
           2          28  -9.1962764943143653E-007
           2          29  -1.1241308641191008     
           3           1  -7.4891340279830971E-014
           3           2   5.2631260549369297E-015
           3           3   2.7225509006563682     
           3           4   1.1479857424213317E-003
           3           5   1.7251017037791792E-004
           3           6   5.6829622852551784E-013
           3           7  -1.4865559464867957     
           3           8  -2.9235490661294176E-003
           3           9  -4.3932771016482917E-004
           3          10   1.2845137141350068E-012
           3          11  0.39895485587898516     
           3          12   7.4460296452976147E-003
           3          13   1.1189301359856027E-003
           3          14  -5.7227723137093485E-014
           3          15  -5.4731132328057722E-002
           3          16  -2.4247011288505791E-002
           3          17  -3.6436480835236886E-003
           3          18   1.3866432913358635E-013
           3          19   1.6679732738209425E-013
           3          20  -5.7275153145494938E-013
           3          21   2.7434489810490505E-014
           3          22   9.5432387118995474E-015
           3          23  -3.2181411336673586E-013
           3          24  -5.6745427324197989E-013
           3          25  -1.0795842089147310E-013
           3          26  -7.0593781811627532E-013
           3          27   1.1468262154879342E-013
           3          28  -1.7986375430151955E-013
           3          29  -7.1554561716625277E-013
           4           1  -1.2085772784564096E-013
           4           2   1.7917163407105948E-013
           4           3   1.1479857424213317E-003
           4           4   2.7231972650130443     
           4           5   2.2778115783361218E-004
           4           6  -1.6787177982941074E-013
           4           7  -2.9235490661539123E-003
           4           8  -1.4882020278287478     
           4           9  -5.8008507132392250E-004
           4          10  -1.7080705103873804E-012
           4          11   7.4460296454003138E-003
           4          12  0.40314728439461117     
           4          13   1.4774271067956293E-003
           4          14  -4.7634268528573898E-014
           4          15  -2.4247011288570573E-002
           4          16  -6.8383221616510836E-002
           4          17  -4.8110460819447169E-003
           4          18   2.8984098274651146E-013
           4          19  -6.7123531388224765E-015
           4          20  -2.9100218563999344E-013
           4          21   2.7485956833635622E-015
           4          22  -5.4614643714917770E-014
           4          23  -6.9435588965715396E-014
           4          24   8.1399522147818316E-013
           4          25   1.0576976669138409E-013
           4          26   8.8227290616568240E-013
           4          27  -4.7176703132118230E-014
           4          28   6.6702585508521465E-014
           4          29   8.1195738003134547E-013
           5           1  -1.9905439904139221E-014
           5           2   4.9045581418965905E-014
           5           3   1.7251017037791792E-004
           5           4   2.2778115783361218E-004
           5           5   2.7217157022389475     
           5           6  -3.7740988827462227E-013
           5           7  -4.3932771016009251E-004
           5           8  -5.8008507133759071E-004
           5           9  -1.4844289657560952     
           5          10  -1.5449955901263025E-012
           5          11   1.1189301359683858E-003
           5          12   1.4774271068582260E-003
           5          13  0.39353761771502249     
           5          14  -1.1285235730280559E-014
           5          15  -3.6436480834730390E-003
           5          16  -4.8110460821424103E-003
           5          17  -3.7090612324972454E-002
           5          18   3.6582511135839187E-013
           5          19   1.5258036990152157E-013
           5          20  -9.6063955120188422E-014
           5          21   1.8330306319416878E-014
           5          22  -1.5483335660584778E-013
           5          23   2.3663379970325237E-014
           5          24   7.7094863027119076E-013
           5          25  -2.8014512278637095E-014
           5          26   8.5129608422068122E-013
           5          27  -2.0606901563888555E-013
           5          28   1.5730873507003661E-013
           5          29   9.9333959256752962E-013
           6           1   2.6760676945022412     
           6           2  -8.0421056870563028     
           6           3   5.6829622852551784E-013
           6           4  -1.6787177982941074E-013
           6           5  -3.7740988827462227E-013
           6           6   22.736913009231028     
           6           7  -1.7315167640060467E-013
           6           8   1.0216665171093992E-012
           6           9   9.6408667145452647E-013
           6          10  -9.3785600604541610     
           6          11   1.1565996446464868E-012
           6          12  -1.1975809212057249E-012
           6          13  -2.6483846581984838E-012
           6          14  0.39002439631587360     
           6          15   1.8880808517865457E-013
           6          16   3.4374821755642710E-014
           6          17  -3.7740189164930685E-013
           6          18  -7.1662548775681030     
           6          19   5.4558375999257474E-005
           6          20  -7.1662282744229593     
           6          21   8.1985987139627711E-006
           6          22   1.0825369633626415E-005
           6          23  -7.1662892527679958     
           6          24   3.3700295617588001     
           6          25  -1.9330797724210314E-004
           6          26   3.3699353030875985     
           6          27  -2.9048786040805877E-005
           6          28  -3.8355802981817399E-005
           6          29   3.3701513579136559     
           7           1   9.8321940807487421E-014
           7           2  -7.4087339359188410E-014
           7           3  -1.4865559464867957     
           7           4  -2.9235490661539123E-003
           7           5  -4.3932771016009251E-004
           7           6  -1.7315167640060467E-013
           7           7   3.0737952218975333     
           7           8   7.4453356224860366E-003
           7           9   1.1188258436677142E-003
           7          10  -7.4109024333133025E-013
           7          11  -1.0050197623329857     
           7          12  -1.8962633603932244E-002
           7          13  -2.8495538169557876E-003
           7          14   1.0897751731606123E-013
           7          15  0.14024778878987043     
           7          16   6.1749309760510705E-002
           7          17   9.2791953404500298E-003
           7          18  -7.4179301336967200E-013
           7          19  -3.4416825469265916E-013
           7          20   7.1486805801204975E-013
           7          21  -6.4817661228720015E-014
           7          22  -8.9019297248036324E-014
           7          23   6.5893352876927860E-014
           7          24   3.4435617269957343E-013
           7          25   3.0731528716591471E-013
           7          26   6.1420273435491978E-013
           7          27  -2.7786150633860511E-013
           7          28   4.5304180243175109E-013
           7          29   7.5445641271469774E-013
           8           1   1.6299878654595914E-013
           8           2  -3.4808171987783456E-013
           8           3  -2.9235490661294176E-003
           8           4  -1.4882020278287478     
           8           5  -5.8008507133759071E-004
           8           6   1.0216665171093992E-012
           8           7   7.4453356224860366E-003
           8           8   3.0779872596488458     
           8           9   1.4772893999716540E-003
           8          10   1.1426302919711141E-012
           8          11  -1.8962633604109658E-002
           8          12  -1.0156965242638303     
           8          13  -3.7625298632573260E-003
           8          14   5.0791491924872826E-014
           8          15   6.1749309760651287E-002
           8          16  0.17501525271849638     
           8          17   1.2252181155525186E-002
           8          18  -8.9607335771846102E-013
           8          19   1.3643642733015946E-014
           8          20   2.6397742932823445E-013
           8          21  -5.7419032519184836E-015
           8          22   1.3376772623834990E-013
           8          23  -1.8138255299277001E-013
           8          24  -6.3819478966825381E-013
           8          25  -2.1451101661141848E-013
           8          26  -6.9490920132143603E-013
           8          27   1.0982909578439808E-013
           8          28  -1.8193530653687778E-013
           8          29  -7.0429912474617363E-013
           9           1  -2.1013663271096178E-014
           9           2  -1.7819708646757462E-013
           9           3  -4.3932771016482917E-004
           9           4  -5.8008507132392250E-004
           9           5  -1.4844289657560952     
           9           6   9.6408667145452647E-013
           9           7   1.1188258436677142E-003
           9           8   1.4772893999716540E-003
           9           9   3.0683784886585208     
           9          10   2.6913011258017605E-012
           9          11  -2.8495538169662125E-003
           9          12  -3.7625298633782501E-003
           9          13 -0.99122380564983792     
           9          14  -1.7942589078006301E-014
           9          15   9.2791953402939237E-003
           9          16   1.2252181156002266E-002
           9          17   9.5323079470192085E-002
           9          18  -6.3057655844216388E-013
           9          19  -2.7394532084525489E-013
           9          20   1.1518655902974249E-013
           9          21  -1.0546494598892038E-013
           9          22   3.1061215094891476E-013
           9          23  -4.4705102510722741E-014
           9          24  -1.4517174798509049E-012
           9          25   7.3272307228587424E-014
           9          26  -1.6555379157975786E-012
           9          27   5.0578475268530293E-013
           9          28  -4.2767773068575145E-013
           9          29  -1.9599144392164305E-012
          10           1 -0.90488924685829675     
          10           2   2.8978092002836831     
          10           3   1.2845137141350068E-012
          10           4  -1.7080705103873804E-012
          10           5  -1.5449955901263025E-012
          10           6  -9.3785600604541610     
          10           7  -7.4109024333133025E-013
          10           8   1.1426302919711141E-012
          10           9   2.6913011258017605E-012
          10          10   9.2212004556065423     
          10          11   3.1846564883900672E-012
          10          12  -9.6308870449710972E-013
          10          13  -6.0552127142809667E-012
          10          14 -0.94404672614752283     
          10          15  -1.1980357449631112E-013
          10          16  -4.5041278403827351E-014
          10          17   1.5699918733995350E-013
          10          18   2.6782275419396848     
          10          19   4.3444488222044923E-004
          10          20   2.6784393810514646     
          10          21   6.5284920392721693E-005
          10          22   8.6201724675907495E-005
          10          23   2.6779538143900243     
          10          24  -2.2250074855995057     
          10          25  -3.1300472815606476E-003
          10          26  -2.2265337241870684     
          10          27  -4.7035862095509077E-004
          10          28  -6.2105805710720380E-004
          10          29  -2.2230353594222758     
          11           1   3.3683685987013463E-014
          11           2  -2.2423456400351022E-013
          11           3  0.39895485587898516     
          11           4   7.4460296454003138E-003
          11           5   1.1189301359683858E-003
          11           6   1.1565996446464868E-012
          11           7  -1.0050197623329857     
          11           8  -1.8962633604109658E-002
          11           9  -2.8495538169662125E-003
          11          10   3.1846564883900672E-012
          11          11   2.4261419426503910     
          11          12   4.8296207375165462E-002
          11          13   7.2575700691854296E-003
          11          14  -1.5262700172860660E-013
          11          15 -0.41678608213572904     
          11          16 -0.15727021529613117     
          11          17  -2.3633317596885282E-002
          11          18  -1.0834318399304233E-015
          11          19   4.2393506302668563E-013
          11          20  -6.6035502168238312E-013
          11          21  -9.7175494240719592E-014
          11          22   1.6579604562731553E-013
          11          23  -5.2998036175822974E-014
          11          24  -1.5658434042017815E-012
          11          25  -5.8152693558655867E-013
          11          26  -1.8772706169678078E-012
          11          27   5.4859854629133388E-013
          11          28  -8.7792835024399034E-013
          11          29  -2.4048070191558777E-012
          12           1  -1.2237142337730436E-013
          12           2   3.4164423949568078E-013
          12           3   7.4460296452976147E-003
          12           4  0.40314728439461117     
          12           5   1.4774271068582260E-003
          12           6  -1.1975809212057249E-012
          12           7  -1.8962633603932244E-002
          12           8  -1.0156965242638303     
          12           9  -3.7625298633782501E-003
          12          10  -9.6308870449710972E-013
          12          11   4.8296207375165462E-002
          12          12   2.4533347429277050     
          12          13   9.5828420432070207E-003
          12          14   2.4603327411414153E-014
          12          15 -0.15727021529641816     
          12          16 -0.50533584177757118     
          12          17  -3.1205258417474617E-002
          12          18   6.2130671166367994E-013
          12          19  -1.1259505204322095E-013
          12          20   2.7090684338682868E-014
          12          21   9.1353193711968635E-014
          12          22  -1.4619110228814925E-013
          12          23   3.0131772776240527E-013
          12          24   6.2761278360520250E-013
          12          25   5.0672547697416379E-013
          12          26   6.7475241569767467E-013
          12          27  -2.4552717304017744E-013
          12          28   5.2412884591427248E-013
          12          29   9.8080244871425964E-013
          13           1  -9.6670420748470968E-014
          13           2   6.0539427078732187E-013
          13           3   1.1189301359856027E-003
          13           4   1.4774271067956293E-003
          13           5  0.39353761771502249     
          13           6  -2.6483846581984838E-012
          13           7  -2.8495538169557876E-003
          13           8  -3.7625298632573260E-003
          13           9 -0.99122380564983792     
          13          10  -6.0552127142809667E-012
          13          11   7.2575700691854296E-003
          13          12   9.5828420432070207E-003
          13          13   2.3910048198853122     
          13          14   3.8948389933312628E-014
          13          15  -2.3633317596599264E-002
          13          16  -3.1205258418563343E-002
          13          17 -0.30236668644983838     
          13          18   1.0857836264774249E-012
          13          19   2.7930439814929258E-013
          13          20   3.0574266622458815E-013
          13          21   4.2001183172536868E-013
          13          22  -2.8754256000689174E-013
          13          23   4.1940388679208868E-013
          13          24   3.2787335133565020E-012
          13          25  -1.6239862013715506E-013
          13          26   3.7718481063382529E-012
          13          27  -1.0967764920109950E-012
          13          28   9.4653606071481042E-013
          13          29   4.2611683142802619E-012
          14           1   1.9127975876193463E-002
          14           2  -7.0899207743510259E-002
          14           3  -5.7227723137093485E-014
          14           4  -4.7634268528573898E-014
          14           5  -1.1285235730280559E-014
          14           6  0.39002439631587360     
          14           7   1.0897751731606123E-013
          14           8   5.0791491924872826E-014
          14           9  -1.7942589078006301E-014
          14          10 -0.94404672614752283     
          14          11  -1.5262700172860660E-013
          14          12   2.4603327411414153E-014
          14          13   3.8948389933312628E-014
          14          14   2.1437728237682965     
          14          15   5.2405818603759673E-013
          14          16  -1.5008192737111848E-013
          14          17  -2.8442204835522374E-013
          14          18  -7.9288992520391691E-002
          14          19   4.1126929427636794E-006
          14          20  -7.9286987135992318E-002
          14          21   6.1802280770276809E-007
          14          22   8.1603259218022994E-007
          14          23  -7.9291583775311231E-002
          14          24  0.15955323173491459     
          14          25  -3.0123568766779506E-005
          14          26  0.15953854321776650     
          14          27  -4.5267306362913674E-006
          14          28  -5.9770614272652254E-006
          14          29  0.15957221147304085     
          15           1   6.3495624024791172E-014
          15           2  -6.2243970398287629E-014
          15           3  -5.4731132328057722E-002
          15           4  -2.4247011288570573E-002
          15           5  -3.6436480834730390E-003
          15           6   1.8880808517865457E-013
          15           7  0.14024778878987043     
          15           8   6.1749309760651287E-002
          15           9   9.2791953402939237E-003
          15          10  -1.1980357449631112E-013
          15          11 -0.41678608213572904     
          15          12 -0.15727021529641816     
          15          13  -2.3633317596599264E-002
          15          14   5.2405818603759673E-013
          15          15   1.4678990528588876     
          15          16  0.51212966740128063     
          15          17   7.6958774790482964E-002
          15          18  -1.7862562471347387E-013
          15          19  -1.3220540851809713E-013
          15          20   8.9614685112377393E-014
          15          21   3.8584882545834118E-014
          15          22   1.1890445034425001E-013
          15          23  -7.9794047527287646E-014
          15          24  -1.7078099432174364E-014
          15          25   8.9068668989481038E-014
          15          26   3.6457353921818028E-014
          15          27   2.7012789993507065E-014
          15          28  -8.1246557656068436E-015
          15          29  -3.7982174784909576E-014
          16           1   5.4524147290356799E-014
          16           2  -3.1911234937804835E-014
          16           3  -2.4247011288505791E-002
          16           4  -6.8383221616510836E-002
          16           5  -4.8110460821424103E-003
          16           6   3.4374821755642710E-014
          16           7   6.1749309760510705E-002
          16           8  0.17501525271849638     
          16           9   1.2252181156002266E-002
          16          10  -4.5041278403827351E-014
          16          11 -0.15727021529613117     
          16          12 -0.50533584177757118     
          16          13  -3.1205258418563343E-002
          16          14  -1.5008192737111848E-013
          16          15  0.51212966740128063     
          16          16   1.7562496402110117     
          16          17  0.10161579918054280     
          16          18  -5.7015289682883430E-013
          16          19  -1.0752129005477373E-013
          16          20   5.0941719795343285E-013
          16          21  -5.1402852942682128E-014
          16          22   2.0378050922305734E-014
          16          23  -4.7239407874367163E-015
          16          24  -1.7704410065433889E-014
          16          25  -8.8808956998832253E-014
          16          26   2.7889754619540184E-014
          16          27  -1.0579094280373437E-014
          16          28   1.6601916451680536E-014
          16          29   1.0205696699061318E-013
          17           1   2.2661874702939518E-014
          17           2   1.1573913678504251E-013
          17           3  -3.6436480835236886E-003
          17           4  -4.8110460819447169E-003
          17           5  -3.7090612324972454E-002
          17           6  -3.7740189164930685E-013
          17           7   9.2791953404500298E-003
          17           8   1.2252181155525186E-002
          17           9   9.5323079470192085E-002
          17          10   1.5699918733995350E-013
          17          11  -2.3633317596885282E-002
          17          12  -3.1205258417474617E-002
          17          13 -0.30236668644983838     
          17          14  -2.8442204835522374E-013
          17          15   7.6958774790482964E-002
          17          16  0.10161579918054280     
          17          17   1.0953074152989912     
          17          18  -2.0033341517873244E-013
          17          19  -1.1325908861387143E-013
          17          20   3.4981582338207004E-013
          17          21  -2.0541628900934775E-014
          17          22   8.0031898217792783E-014
          17          23   1.7971882429227910E-013
          17          24  -2.4975005856426408E-014
          17          25   4.4184615835928818E-014
          17          26   8.4428485440463921E-014
          17          27   1.6405479442393855E-014
          17          28  -3.3695455925483052E-014
          17          29  -7.2771160140667652E-014
          18           1 -0.97661794653229761     
          18           2   2.8548222820971239     
          18           3   1.3866432913358635E-013
          18           4   2.8984098274651146E-013
          18           5   3.6582511135839187E-013
          18           6  -7.1662548775681030     
          18           7  -7.4179301336967200E-013
          18           8  -8.9607335771846102E-013
          18           9  -6.3057655844216388E-013
          18          10   2.6782275419396848     
          18          11  -1.0834318399304233E-015
          18          12   6.2130671166367994E-013
          18          13   1.0857836264774249E-012
          18          14  -7.9288992520391691E-002
          18          15  -1.7862562471347387E-013
          18          16  -5.7015289682883430E-013
          18          17  -2.0033341517873244E-013
          18          18   4.7300739709219179     
          18          19  -2.3533970401352230E-005
          18          20   1.3473786553044729     
          18          21  -3.5364981569407690E-006
          18          22  -4.6695662726001167E-006
          18          23   1.3474049585536205     
          18          24  -1.7758708993342780     
          18          25   7.9498462895922524E-005
          18          26 -0.63807186064271271     
          18          27   1.1946397640737995E-005
          18          28   1.5773935737444672E-005
          18          29 -0.63816071381374861     
          19           1  -9.4730502762038974E-007
          19           2   8.4756603499457716E-007
          19           3   1.6679732738209425E-013
          19           4  -6.7123531388224765E-015
          19           5   1.5258036990152157E-013
          19           6   5.4558375999257474E-005
          19           7  -3.4416825469265916E-013
          19           8   1.3643642733015946E-014
          19           9  -2.7394532084525489E-013
          19          10   4.3444488222044923E-004
          19          11   4.2393506302668563E-013
          19          12  -1.1259505204322095E-013
          19          13   2.7930439814929258E-013
          19          14   4.1126929427636794E-006
          19          15  -1.3220540851809713E-013
          19          16  -1.0752129005477373E-013
          19          17  -1.1325908861387143E-013
          19          18  -2.3533970401352230E-005
          19          19   2.2551225599557441     
          19          20  -2.3534073229945683E-005
          19          21  -3.0932935868110296E-011
          19          22  -4.1523135390330074E-011
          19          23  -2.3533839470811136E-005
          19          24  -1.9484715981381875E-004
          19          25 -0.75850684890321052     
          19          26  -1.9484677248100344E-004
          19          27   1.1772974777241304E-010
          19          28   1.5704385494276574E-010
          19          29  -1.9484765714442712E-004
          20           1 -0.97661840844637104     
          20           2   2.8548226953772344     
          20           3  -5.7275153145494938E-013
          20           4  -2.9100218563999344E-013
          20           5  -9.6063955120188422E-014
          20           6  -7.1662282744229593     
          20           7   7.1486805801204975E-013
          20           8   2.6397742932823445E-013
          20           9   1.1518655902974249E-013
          20          10   2.6784393810514646     
          20          11  -6.6035502168238312E-013
          20          12   2.7090684338682868E-014
          20          13   3.0574266622458815E-013
          20          14  -7.9286987135992318E-002
          20          15   8.9614685112377393E-014
          20          16   5.0941719795343285E-013
          20          17   3.4981582338207004E-013
          20          18   1.3473786553044729     
          20          19  -2.3534073229945683E-005
          20          20   4.7300510201306176     
          20          21  -3.5365132524099734E-006
          20          22  -4.6695862831225297E-006
          20          23   1.3473934832451993     
          20          24 -0.63820563396725416     
          20          25   7.9498851468144612E-005
          20          26  -1.7759271441713160     
          20          27   1.1946455020272580E-005
          20          28   1.5774011523066438E-005
          20          29 -0.63825572322732660     
          21           1  -1.4235350480813349E-007
          21           2   1.2736558237958439E-007
          21           3   2.7434489810490505E-014
          21           4   2.7485956833635622E-015
          21           5   1.8330306319416878E-014
          21           6   8.1985987139627711E-006
          21           7  -6.4817661228720015E-014
          21           8  -5.7419032519184836E-015
          21           9  -1.0546494598892038E-013
          21          10   6.5284920392721693E-005
          21          11  -9.7175494240719592E-014
          21          12   9.1353193711968635E-014
          21          13   4.2001183172536868E-013
          21          14   6.1802280770276809E-007
          21          15   3.8584882545834118E-014
          21          16  -5.1402852942682128E-014
          21          17  -2.0541628900934775E-014
          21          18  -3.5364981569407690E-006
          21          19  -3.0932935868110296E-011
          21          20  -3.5365132524099734E-006
          21          21   2.2551225601601974     
          21          22  -6.3246296990586484E-012
          21          23  -3.5364781201333812E-006
          21          24  -2.9280080657149817E-005
          21          25   1.1765860956623310E-010
          21          26  -2.9280022690065875E-005
          21          27 -0.75850684967746806     
          21          28   2.3922531808320588E-011
          21          29  -2.9280155994346659E-005
          22           1  -1.8796248690356066E-007
          22           2   1.6817246882717046E-007
          22           3   9.5432387118995474E-015
          22           4  -5.4614643714917770E-014
          22           5  -1.5483335660584778E-013
          22           6   1.0825369633626415E-005
          22           7  -8.9019297248036324E-014
          22           8   1.3376772623834990E-013
          22           9   3.1061215094891476E-013
          22          10   8.6201724675907495E-005
          22          11   1.6579604562731553E-013
          22          12  -1.4619110228814925E-013
          22          13  -2.8754256000689174E-013
          22          14   8.1603259218022994E-007
          22          15   1.1890445034425001E-013
          22          16   2.0378050922305734E-014
          22          17   8.0031898217792783E-014
          22          18  -4.6695662726001167E-006
          22          19  -4.1523135390330074E-011
          22          20  -4.6695862831225297E-006
          22          21  -6.3246296990586484E-012
          22          22   2.2551225601568401     
          22          23  -4.6695394705033105E-006
          22          24  -3.8661200817936730E-005
          22          25   1.5721584505831003E-010
          22          26  -3.8661124692192377E-005
          22          27   2.3795643912999683E-011
          22          28 -0.75850684966463811     
          22          29  -3.8661301420127398E-005
          23           1 -0.97661734967075797     
          23           2   2.8548217480774145     
          23           3  -3.2181411336673586E-013
          23           4  -6.9435588965715396E-014
          23           5   2.3663379970325237E-014
          23           6  -7.1662892527679958     
          23           7   6.5893352876927860E-014
          23           8  -1.8138255299277001E-013
          23           9  -4.4705102510722741E-014
          23          10   2.6779538143900243     
          23          11  -5.2998036175822974E-014
          23          12   3.0131772776240527E-013
          23          13   4.1940388679208868E-013
          23          14  -7.9291583775311231E-002
          23          15  -7.9794047527287646E-014
          23          16  -4.7239407874367163E-015
          23          17   1.7971882429227910E-013
          23          18   1.3474049585536205     
          23          19  -2.3533839470811136E-005
          23          20   1.3473934832451993     
          23          21  -3.5364781201333812E-006
          23          22  -4.6695394705033105E-006
          23          23   4.7301036265970762     
          23          24 -0.63798785885061815     
          23          25   7.9497966315387612E-005
          23          26 -0.63794909493988872     
          23          27   1.1946322061811814E-005
          23          28   1.5773834935377329E-005
          23          29  -1.7757982221023805     
          24           1  0.35832361677042945     
          24           2  -1.1241337843319890     
          24           3  -5.6745427324197989E-013
          24           4   8.1399522147818316E-013
          24           5   7.7094863027119076E-013
          24           6   3.3700295617588001     
          24           7   3.4435617269957343E-013
          24           8  -6.3819478966825381E-013
          24           9  -1.4517174798509049E-012
          24          10  -2.2250074855995057     
          24          11  -1.5658434042017815E-012
          24          12   6.2761278360520250E-013
          24          13   3.2787335133565020E-012
          24          14  0.15955323173491459     
          24          15  -1.7078099432174364E-014
          24          16  -1.7704410065433889E-014
          24          17  -2.4975005856426408E-014
          24          18  -1.7758708993342780     
          24          19  -1.9484715981381875E-004
          24          20 -0.63820563396725416     
          24          21  -2.9280080657149817E-005
          24          22  -3.8661200817936730E-005
          24          23 -0.63798785885061815     
          24          24   2.8853113591384485     
          24          25   1.4050817557523560E-003
          24          26 -0.49668735088107951     
          24          27   2.1114451475904509E-004
          24          28   2.7879365979110283E-004
          24          29 -0.49825777076891120     
          25           1   3.4155210519224409E-006
          25           2  -4.6347971063002465E-006
          25           3  -1.0795842089147310E-013
          25           4   1.0576976669138409E-013
          25           5  -2.8014512278637095E-014
          25           6  -1.9330797724210314E-004
          25           7   3.0731528716591471E-013
          25           8  -2.1451101661141848E-013
          25           9   7.3272307228587424E-014
          25          10  -3.1300472815606476E-003
          25          11  -5.8152693558655867E-013
          25          12   5.0672547697416379E-013
          25          13  -1.6239862013715506E-013
          25          14  -3.0123568766779506E-005
          25          15   8.9068668989481038E-014
          25          16  -8.8808956998832253E-014
          25          17   4.4184615835928818E-014
          25          18   7.9498462895922524E-005
          25          19 -0.75850684890321052     
          25          20   7.9498851468144612E-005
          25          21   1.1765860956623310E-010
          25          22   1.5721584505831003E-010
          25          23   7.9497966315387612E-005
          25          24   1.4050817557523560E-003
          25          25   2.2551225567702042     
          25          26   1.4050800975514599E-003
          25          27  -5.0639952000339574E-010
          25          28  -6.7306929397176517E-010
          25          29   1.4050838889294139E-003
          26           1  0.35832528220860832     
          26           2  -1.1241360442998705     
          26           3  -7.0593781811627532E-013
          26           4   8.8227290616568240E-013
          26           5   8.5129608422068122E-013
          26           6   3.3699353030875985     
          26           7   6.1420273435491978E-013
          26           8  -6.9490920132143603E-013
          26           9  -1.6555379157975786E-012
          26          10  -2.2265337241870684     
          26          11  -1.8772706169678078E-012
          26          12   6.7475241569767467E-013
          26          13   3.7718481063382529E-012
          26          14  0.15953854321776650     
          26          15   3.6457353921818028E-014
          26          16   2.7889754619540184E-014
          26          17   8.4428485440463921E-014
          26          18 -0.63807186064271271     
          26          19  -1.9484677248100344E-004
          26          20  -1.7759271441713160     
          26          21  -2.9280022690065875E-005
          26          22  -3.8661124692192377E-005
          26          23 -0.63794909493988872     
          26          24 -0.49668735088107951     
          26          25   1.4050800975514599E-003
          26          26   2.8866816187838094     
          26          27   2.1114426649480002E-004
          26          28   2.7879333345616313E-004
          26          29 -0.49757263951138520     
          27           1   5.1325734267612761E-007
          27           2  -6.9648043873789995E-007
          27           3   1.1468262154879342E-013
          27           4  -4.7176703132118230E-014
          27           5  -2.0606901563888555E-013
          27           6  -2.9048786040805877E-005
          27           7  -2.7786150633860511E-013
          27           8   1.0982909578439808E-013
          27           9   5.0578475268530293E-013
          27          10  -4.7035862095509077E-004
          27          11   5.4859854629133388E-013
          27          12  -2.4552717304017744E-013
          27          13  -1.0967764920109950E-012
          27          14  -4.5267306362913674E-006
          27          15   2.7012789993507065E-014
          27          16  -1.0579094280373437E-014
          27          17   1.6405479442393855E-014
          27          18   1.1946397640737995E-005
          27          19   1.1772974777241304E-010
          27          20   1.1946455020272580E-005
          27          21 -0.75850684967746806     
          27          22   2.3795643912999683E-011
          27          23   1.1946322061811814E-005
          27          24   2.1114451475904509E-004
          27          25  -5.0639952000339574E-010
          27          26   2.1114426649480002E-004
          27          27   2.2551225600875733     
          27          28  -1.0185536668667735E-010
          27          29   2.1114483692445077E-004
          28           1   6.7770122293148031E-007
