           1           1   2.4630987792881256     
           1           2  -1.2269937555723431     
           1           3   2.0983050451746038E-015
           1           4   7.8498176598866571E-015
           1           5   4.8648312015890158E-014
           1           6   2.6077836675891768     
           1           7   9.6315449741536432E-015
           1           8  -3.6759947120688074E-015
           1           9  -3.0036199038796527E-014
           1          10 -0.91516297721313111     
           1          11   9.7143147985763843E-016
           1          12  -1.3677055921170927E-015
           1          13   3.1976356363658807E-016
           1          14   1.9331288006686119E-002
           1          15  -3.4603675916410041E-015
           1          16  -1.9381484953213824E-016
           1          17   3.4396373035031622E-015
           1          18 -0.94439260060232511     
           1          19  -9.8759481409130452E-015
           1          20 -0.94439260060233887     
           1          21  -3.8020972252878669E-015
           1          22  -3.2977995323884091E-015
           1          23 -0.94439260060231378     
           1          24  0.36213163859286152     
           1          25   7.4058924792379640E-016
           1          26  0.36213163859282804     
           1          27   3.3226559051995780E-015
           1          28   4.4861957163785701E-015
           1          29  0.36213163859283953     
           2           1  -1.2269937555723431     
           2           2   3.3246480690953977     
           2           3   1.8235007584091456E-016
           2           4  -4.3273945261905214E-014
           2           5  -1.1542454029642656E-013
           2           6  -7.8226855621891458     
           2           7  -4.5535071450634853E-014
           2           8   2.7079596595252638E-014
           2           9   7.6387854365652578E-014
           2          10   2.9370489312241208     
           2          11  -5.6711035990716759E-015
           2          12   1.5431844161419219E-015
           2          13  -7.0240293707684061E-016
           2          14  -7.1125840353161829E-002
           2          15   5.5108872860983330E-015
           2          16   5.7674494630954290E-015
           2          17  -1.3346061346042495E-015
           2          18   2.7553064272943368     
           2          19   1.2132086007429285E-014
           2          20   2.7553064272942951     
           2          21   9.8972295976047810E-015
           2          22   6.1880713880435557E-015
           2          23   2.7553064272943075     
           2          24  -1.1402290427626052     
           2          25   2.2231367700519081E-015
           2          26  -1.1402290427625434     
           2          27  -5.1266599379074774E-015
           2          28   4.7336509986823875E-015
           2          29  -1.1402290427625752     
           3           1   2.0983050451746038E-015
           3           2   1.8235007584091456E-016
           3           3   2.7221846312983451     
           3           4   4.0892236986454918E-004
           3           5  -8.1150918910912026E-004
           3           6  -2.9678153146206487E-014
           3           7  -1.4856077631776170     
           3           8  -1.0446823867817079E-003
           3           9   2.0731792121262181E-003
           3          10  -7.0762206039503971E-014
           3          11  0.39641205555575976     
           3          12   2.6880008288351328E-003
           3          13  -5.3343556960710886E-003
           3          14   7.6125721829730599E-015
           3          15  -4.6376178716637628E-002
           3          16  -8.7690513872538418E-003
           3          17   1.7402241366515182E-002
           3          18   1.3600931964140192E-014
           3          19  -1.4297357466893678E-014
           3          20   6.0501405051940870E-016
           3          21  -9.4012690761902720E-016
           3          22   1.2637083244730923E-015
           3          23  -2.6319647325521479E-014
           3          24   7.8502126940208214E-016
           3          25  -3.1537633007672449E-016
           3          26   3.1396620084066048E-014
           3          27   1.3795403646548296E-014
           3          28  -2.7167480015888516E-014
           3          29   4.4841889911304230E-014
           4           1   7.8498176598866571E-015
           4           2  -4.3273945261905214E-014
           4           3   4.0892236986454918E-004
           4           4   2.7221417621451325     
           4           5  -7.7008620056288402E-004
           4           6   1.5950106086875516E-013
           4           7  -1.0446823867847996E-003
           4           8  -1.4854982444704006     
           4           9   1.9673550515150371E-003
           4          10   1.8092526533419892E-013
           4          11   2.6880008288313966E-003
           4          12  0.39613026045757310     
           4          13  -5.0620667831668522E-003
           4          14  -9.3700887190200401E-016
           4          15  -8.7690513872516682E-003
           4          16  -4.5456880005793954E-002
           4          17   1.6513954635427992E-002
           4          18  -6.1161964941747691E-014
           4          19  -7.0742337324412877E-015
           4          20  -7.0772248658626770E-014
           4          21   1.1265292225786084E-014
           4          22  -1.6442661499809261E-014
           4          23  -4.9031433204127624E-014
           4          24  -8.2900734641299171E-014
           4          25  -2.9746516321275737E-015
           4          26  -7.2332534976757845E-014
           4          27  -9.6425339505377730E-015
           4          28   1.8779509889286152E-014
           4          29  -7.8569746540347324E-014
           5           1   4.8648312015890158E-014
           5           2  -1.1542454029642656E-013
           5           3  -8.1150918910912026E-004
           5           4  -7.7008620056288402E-004
           5           5   2.7232819542032258     
           5           6   3.3614311859549151E-013
           5           7   2.0731792121247024E-003
           5           8   1.9673550515258613E-003
           5           9  -1.4884111165664629     
           5          10   3.0900250931331151E-013
           5          11  -5.3343556960675749E-003
           5          12  -5.0620667831734632E-003
           5          13  0.40362517250694940     
           5          14   6.2839958484168204E-015
           5          15   1.7402241366505981E-002
           5          16   1.6513954635430823E-002
           5          17  -6.9907493338560153E-002
           5          18  -1.4242346911025593E-013
           5          19   2.3940469424039093E-015
           5          20  -1.3101542254354724E-013
           5          21   4.1282666210951174E-015
           5          22   5.1711522387554102E-015
           5          23  -1.2102250511612335E-013
           5          24  -1.1521838579031152E-013
           5          25   2.8314843406330593E-015
           5          26  -1.4678759845390959E-013
           5          27   2.6474288184330433E-015
           5          28  -1.0481175866621037E-015
           5          29  -1.3669910526753236E-013
           6           1   2.6077836675891768     
           6           2  -7.8226855621891458     
           6           3  -2.9678153146206487E-014
           6           4   1.5950106086875516E-013
           6           5   3.3614311859549151E-013
           6           6   21.493214409131994     
           6           7   1.5884295815878792E-013
           6           8  -1.0186348673971464E-013
           6           9  -2.6933771032422058E-013
           6          10  -9.3885426826968938     
           6          11   2.8845072495710640E-014
           6          12  -1.1274135748666368E-014
           6          13   6.9832382882920126E-015
           6          14  0.38416151060868559     
           6          15  -2.0396530254607773E-014
           6          16  -2.4289099700447140E-014
           6          17   2.8989069535096392E-015
           6          18  -6.6917446041662458     
           6          19  -4.9219581786514142E-014
           6          20  -6.6917446041644482     
           6          21  -5.6991253255704744E-014
           6          22  -3.7409010549671075E-014
           6          23  -6.6917446041660522     
           6          24   3.3887882473539426     
           6          25  -1.1230874547587443E-014
           6          26   3.3887882473547011     
           6          27   2.6109900816201569E-014
           6          28  -1.6705917478686921E-014
           6          29   3.3887882473541664     
           7           1   9.6315449741536432E-015
           7           2  -4.5535071450634853E-014
           7           3  -1.4856077631776170     
           7           4  -1.0446823867847996E-003
           7           5   2.0731792121247024E-003
           7           6   1.5884295815878792E-013
           7           7   3.0713411279333696     
           7           8   2.6688715748639795E-003
           7           9  -5.2963935630912654E-003
           7          10  -3.0707737343609685E-014
           7          11 -0.99844275207936628     
           7          12  -6.8670909896018754E-003
           7          13   1.3627788184765149E-002
           7          14  -2.3314543565540530E-014
           7          15  0.11863988762018250     
           7          16   2.2402475893173526E-002
           7          17  -4.4457863853682764E-002
           7          18  -7.9343238670439066E-014
           7          19   2.4131216929250103E-014
           7          20  -4.4385164974728841E-014
           7          21   4.6254708397420453E-015
           7          22  -7.6848538536781905E-015
           7          23   2.0951212591699477E-015
           7          24   8.2530501901790188E-014
           7          25  -4.9624192129330945E-015
           7          26   2.0143311912065359E-014
           7          27  -3.5136493978744934E-014
           7          28   6.8701399494706129E-014
           7          29  -1.6598873713075629E-014
           8           1  -3.6759947120688074E-015
           8           2   2.7079596595252638E-014
           8           3  -1.0446823867817079E-003
           8           4  -1.4854982444704006     
           8           5   1.9673550515258613E-003
           8           6  -1.0186348673971464E-013
           8           7   2.6688715748639795E-003
           8           8   3.0710613382400691     
           8           9  -5.0260424039754448E-003
           8          10  -1.8005121922915420E-014
           8          11  -6.8670909895995240E-003
           8          12 -0.99772284434759195     
           8          13   1.2932166100019033E-002
           8          14   1.2311226577610102E-014
           8          15   2.2402475893160436E-002
           8          16  0.11629133630046509     
           8          17  -4.2188539476327246E-002
           8          18   2.9950067864980115E-014
           8          19   1.5111016280027460E-014
           8          20   4.6858223500292973E-014
           8          21  -2.5265831390000357E-014
           8          22   3.8333027457243499E-014
           8          23   1.0377695985479457E-015
           8          24   1.0572506893608680E-014
           8          25   3.9580302749089214E-015
           8          26  -6.9059280139434385E-015
           8          27   2.7409662422970715E-014
           8          28  -4.9318711970415144E-014
           8          29  -1.7146247693211775E-016
           9           1  -3.0036199038796527E-014
           9           2   7.6387854365652578E-014
           9           3   2.0731792121262181E-003
           9           4   1.9673550515150371E-003
           9           5  -1.4884111165664629     
           9           6  -2.6933771032422058E-013
           9           7  -5.2963935630912654E-003
           9           8  -5.0260424039754448E-003
           9           9   3.0785029124799586     
           9          10   9.5491201039265454E-014
           9          11   1.3627788184755586E-002
           9          12   1.2932166100022563E-002
           9          13  -1.0168702502747200     
           9          14  -9.1120758832241032E-015
           9          15  -4.4457863853663501E-002
           9          16  -4.2188539476326455E-002
           9          17  0.17875582094889905     
           9          18   1.1565258407984841E-013
           9          19   4.0805142678298032E-015
           9          20   6.4630168180864165E-014
           9          21  -9.7117665492329663E-015
           9          22  -1.3861826315435054E-014
           9          23   3.2591075431344421E-014
           9          24  -9.8721548964801695E-014
           9          25  -8.5185375006103979E-015
           9          26  -1.6446133680827636E-014
           9          27   2.2421759416683967E-015
           9          28   2.5161952802144789E-015
           9          29  -3.7277591560717123E-014
          10           1 -0.91516297721313111     
          10           2   2.9370489312241208     
          10           3  -7.0762206039503971E-014
          10           4   1.8092526533419892E-013
          10           5   3.0900250931331151E-013
          10           6  -9.3885426826968938     
          10           7  -3.0707737343609685E-014
          10           8  -1.8005121922915420E-014
          10           9   9.5491201039265454E-014
          10          10   9.2871577236446949     
          10          11   3.4308520738068287E-015
          10          12   7.2112006464457193E-015
          10          13   3.0833728257921421E-014
          10          14 -0.98996108606287292     
          10          15   2.5888826283899327E-014
          10          16   2.4734202742672326E-014
          10          17   6.2205472968852586E-015
          10          18   2.6106672866296838     
          10          19  -8.5395774149133824E-014
          10          20   2.6106672866202683     
          10          21  -1.4159713243969404E-014
          10          22  -1.5759118852905210E-014
          10          23   2.6106672866279732     
          10          24  -2.2669716251443917     
          10          25   1.3429384521854752E-013
          10          26  -2.2669716251317835     
          10          27   1.9323676726835695E-013
          10          28  -1.2687292699811921E-013
          10          29  -2.2669716251376810     
          11           1   9.7143147985763843E-016
          11           2  -5.6711035990716759E-015
          11           3  0.39641205555575976     
          11           4   2.6880008288313966E-003
          11           5  -5.3343556960675749E-003
          11           6   2.8845072495710640E-014
          11           7 -0.99844275207936628     
          11           8  -6.8670909895995240E-003
          11           9   1.3627788184755586E-002
          11          10   3.4308520738068287E-015
          11          11   2.4085503977224487     
          11          12   1.7669242350836983E-002
          11          13  -3.5064730102928571E-002
          11          14   4.4905073142865605E-014
          11          15 -0.35901076995203907     
          11          16  -5.7642279156466712E-002
          11          17  0.11439149008237255     
          11          18   1.9039616445417045E-014
          11          19   5.8403555542551174E-015
          11          20  -1.2632207447361113E-014
          11          21  -1.7655221946751841E-014
          11          22   5.5993475551741064E-014
          11          23  -2.4588077347103650E-014
          11          24  -1.1565662036623062E-013
          11          25   1.8901219136308022E-014
          11          26  -2.0161895277074590E-014
          11          27   6.4338420466924322E-014
          11          28  -1.3454926111303046E-013
          11          29   5.9588183034182498E-014
          12           1  -1.3677055921170927E-015
          12           2   1.5431844161419219E-015
          12           3   2.6880008288351328E-003
          12           4  0.39613026045757310     
          12           5  -5.0620667831734632E-003
          12           6  -1.1274135748666368E-014
          12           7  -6.8670909896018754E-003
          12           8 -0.99772284434759195     
          12           9   1.2932166100022563E-002
          12          10   7.2112006464457193E-015
          12          11   1.7669242350836983E-002
          12          12   2.4066980523549373     
          12          13  -3.3274872473470968E-002
          12          14  -2.5621108915608848E-014
          12          15  -5.7642279156436778E-002
          12          16 -0.35296787311198374     
          12          17  0.10855244667128769     
          12          18   1.8714665037534358E-014
          12          19  -3.0587850476640190E-015
          12          20  -1.1887449682793263E-015
          12          21   2.2900707086559196E-014
          12          22  -4.7804763998323042E-014
          12          23  -1.2479694231806410E-014
          12          24  -4.2857568469684283E-015
          12          25  -9.8696675991088614E-015
          12          26   2.5823253990699966E-014
          12          27  -4.9110137412440329E-014
          12          28   1.0138965096686966E-013
          12          29   1.0939107263630119E-014
          13           1   3.1976356363658807E-016
          13           2  -7.0240293707684061E-016
          13           3  -5.3343556960710886E-003
          13           4  -5.0620667831668522E-003
          13           5  0.40362517250694940     
          13           6   6.9832382882920126E-015
          13           7   1.3627788184765149E-002
          13           8   1.2932166100019033E-002
          13           9  -1.0168702502747200     
          13          10   3.0833728257921421E-014
          13          11  -3.5064730102928571E-002
          13          12  -3.3274872473470968E-002
          13          13   2.4559649335173948     
          13          14   2.6004109346142606E-014
          13          15  0.11439149008233385     
          13          16  0.10855244667128809     
          13          17 -0.51369096812342918     
          13          18  -4.4341076224263272E-014
          13          19  -5.5211860293977978E-015
          13          20   1.4178669422115260E-014
          13          21  -3.8079023723041331E-015
          13          22   7.3039327506590348E-015
          13          23   2.4578242058700650E-014
          13          24   9.4061474170147268E-014
          13          25   2.1134710435544654E-014
          13          26  -8.1585887207221187E-014
          13          27  -8.1308800222243685E-015
          13          28  -8.9114473485985347E-015
          13          29  -4.0332417726208806E-014
          14           1   1.9331288006686119E-002
          14           2  -7.1125840353161829E-002
          14           3   7.6125721829730599E-015
          14           4  -9.3700887190200401E-016
          14           5   6.2839958484168204E-015
          14           6  0.38416151060868559     
          14           7  -2.3314543565540530E-014
          14           8   1.2311226577610102E-014
          14           9  -9.1120758832241032E-015
          14          10 -0.98996108606287292     
          14          11   4.4905073142865605E-014
          14          12  -2.5621108915608848E-014
          14          13   2.6004109346142606E-014
          14          14   2.1429017861019153     
          14          15  -7.0133253189291631E-015
          14          16  -2.6249664450673420E-014
          14          17  -3.3578218438639517E-014
          14          18  -7.7268592577483988E-002
          14          19  -6.2344744637321701E-015
          14          20  -7.7268592577606571E-002
          14          21   1.6221790545120403E-014
          14          22  -2.0740119994573166E-014
          14          23  -7.7268592577513534E-002
          14          24  0.17997480060033527     
          14          25   1.2920306470893029E-014
          14          26  0.17997480060049714     
          14          27  -2.7254858379920622E-014
          14          28   5.7074919528309736E-014
          14          29  0.17997480060041265     
          15           1  -3.4603675916410041E-015
          15           2   5.5108872860983330E-015
          15           3  -4.6376178716637628E-002
          15           4  -8.7690513872516682E-003
          15           5   1.7402241366505981E-002
          15           6  -2.0396530254607773E-014
          15           7  0.11863988762018250     
          15           8   2.2402475893160436E-002
          15           9  -4.4457863853663501E-002
          15          10   2.5888826283899327E-014
          15          11 -0.35901076995203907     
          15          12  -5.7642279156436778E-002
          15          13  0.11439149008233385     
          15          14  -7.0133253189291631E-015
          15          15   1.2781603444976248     
          15          16  0.18804611314830133     
          15          17 -0.37317877436531383     
          15          18  -4.9903273237702583E-014
          15          19   2.7619074744396575E-015
          15          20   2.6412496222620851E-014
          15          21  -9.6404339137583602E-015
          15          22  -1.2903805949841368E-014
          15          23   3.9393077412604424E-014
          15          24   1.4137937755845605E-013
          15          25  -1.3208852810325477E-014
          15          26  -8.1786659195513748E-014
          15          27   2.6170195668254139E-014
          15          28   2.9242359571104399E-014
          15          29  -8.9669063811218810E-014
          16           1  -1.9381484953213824E-016
          16           2   5.7674494630954290E-015
          16           3  -8.7690513872538418E-003
          16           4  -4.5456880005793954E-002
          16           5   1.6513954635430823E-002
          16           6  -2.4289099700447140E-014
          16           7   2.2402475893173526E-002
          16           8  0.11629133630046509     
          16           9  -4.2188539476326455E-002
          16          10   2.4734202742672326E-014
          16          11  -5.7642279156466712E-002
          16          12 -0.35296787311198374     
          16          13  0.10855244667128809     
          16          14  -2.6249664450673420E-014
          16          15  0.18804611314830133     
          16          16   1.2584466329727746     
          16          17 -0.35413009284161073     
          16          18   4.4646220526122264E-014
          16          19  -2.1516107316424589E-014
          16          20  -1.2258501452364432E-014
          16          21   1.3684048685710913E-014
          16          22  -3.2238390304910917E-014
          16          23  -1.5202127032427648E-014
          16          24  -9.7159767756266962E-014
          16          25   2.6343270121409697E-014
          16          26   4.0233481357014389E-014
          16          27  -2.5642037957057250E-014
          16          28   5.5701878970790779E-014
          16          29   2.8264418976571497E-014
          17           1   3.4396373035031622E-015
          17           2  -1.3346061346042495E-015
          17           3   1.7402241366515182E-002
          17           4   1.6513954635427992E-002
          17           5  -6.9907493338560153E-002
          17           6   2.8989069535096392E-015
          17           7  -4.4457863853682764E-002
          17           8  -4.2188539476327246E-002
          17           9  0.17875582094889905     
          17          10   6.2205472968852586E-015
          17          11  0.11439149008237255     
          17          12  0.10855244667128769     
          17          13 -0.51369096812342918     
          17          14  -3.3578218438639517E-014
          17          15 -0.37317877436531383     
          17          16 -0.35413009284161073     
          17          17   1.7827727656719006     
          17          18   4.0740650618401589E-014
          17          19   7.3918613449575505E-015
          17          20  -1.0451532103287817E-014
          17          21  -1.0464025724940625E-014
          17          22   1.2532313436518072E-014
          17          23  -3.3210376543398220E-014
          17          24  -8.4619204499206985E-014
          17          25  -2.5218371226450192E-014
          17          26   3.8595796947439164E-014
          17          27   2.9859919685757732E-014
          17          28  -3.2542961589753589E-014
          17          29   4.7175508220149989E-014
          18           1 -0.94439260060232511     
          18           2   2.7553064272943368     
          18           3   1.3600931964140192E-014
          18           4  -6.1161964941747691E-014
          18           5  -1.4242346911025593E-013
          18           6  -6.6917446041662458     
          18           7  -7.9343238670439066E-014
          18           8   2.9950067864980115E-014
          18           9   1.1565258407984841E-013
          18          10   2.6106672866296838     
          18          11   1.9039616445417045E-014
          18          12   1.8714665037534358E-014
          18          13  -4.4341076224263272E-014
          18          14  -7.7268592577483988E-002
          18          15  -4.9903273237702583E-014
          18          16   4.4646220526122264E-014
          18          17   4.0740650618401589E-014
          18          18   4.5546432760971314     
          18          19   1.7977468677798942E-013
          18          20   1.1719594358487746     
          18          21   2.3277746106723522E-013
          18          22   7.1833906209433557E-014
          18          23   1.1719594358494994     
          18          24  -1.7525247385373985     
          18          25   5.4359289702271582E-013
          18          26 -0.61476446399423157     
          18          27  -6.5011687151106524E-013
          18          28   1.6080194144087419E-013
          18          29 -0.61476446399400153     
          19           1  -9.8759481409130452E-015
          19           2   1.2132086007429285E-014
          19           3  -1.4297357466893678E-014
          19           4  -7.0742337324412877E-015
          19           5   2.3940469424039093E-015
          19           6  -4.9219581786514142E-014
          19           7   2.4131216929250103E-014
          19           8   1.5111016280027460E-014
          19           9   4.0805142678298032E-015
          19          10  -8.5395774149133824E-014
          19          11   5.8403555542551174E-015
          19          12  -3.0587850476640190E-015
          19          13  -5.5211860293977978E-015
          19          14  -6.2344744637321701E-015
          19          15   2.7619074744396575E-015
          19          16  -2.1516107316424589E-014
          19          17   7.3918613449575505E-015
          19          18   1.7977468677798942E-013
          19          19   2.2551225601650584     
          19          20  -8.8038495651377819E-014
          19          21  -2.2239154964574312E-015
          19          22   3.4000580129224534E-015
          19          23  -5.8379851346594238E-014
          19          24   5.8692743450269019E-013
          19          25 -0.75850684969568638     
          19          26  -2.6652943906905459E-013
          19          27   7.9797279958992892E-016
          19          28   6.4115379671965749E-015
          19          29  -2.2174750602211587E-013
          20           1 -0.94439260060233887     
          20           2   2.7553064272942951     
          20           3   6.0501405051940870E-016
          20           4  -7.0772248658626770E-014
          20           5  -1.3101542254354724E-013
          20           6  -6.6917446041644482     
          20           7  -4.4385164974728841E-014
          20           8   4.6858223500292973E-014
          20           9   6.4630168180864165E-014
          20          10   2.6106672866202683     
          20          11  -1.2632207447361113E-014
          20          12  -1.1887449682793263E-015
          20          13   1.4178669422115260E-014
          20          14  -7.7268592577606571E-002
          20          15   2.6412496222620851E-014
          20          16  -1.2258501452364432E-014
          20          17  -1.0451532103287817E-014
          20          18   1.1719594358487746     
          20          19  -8.8038495651377819E-014
          20          20   4.5546432760955291     
          20          21   1.8829610647828114E-014
          20          22   4.9463291421503192E-014
          20          23   1.1719594358486884     
          20          24 -0.61476446398966900     
          20          25  -2.8560683213750560E-013
          20          26  -1.7525247385335110     
          20          27   3.1635184071875375E-013
          20          28  -8.1781927815135445E-014
          20          29 -0.61476446398974804     
          21           1  -3.8020972252878669E-015
          21           2   9.8972295976047810E-015
          21           3  -9.4012690761902720E-016
          21           4   1.1265292225786084E-014
          21           5   4.1282666210951174E-015
          21           6  -5.6991253255704744E-014
          21           7   4.6254708397420453E-015
          21           8  -2.5265831390000357E-014
          21           9  -9.7117665492329663E-015
          21          10  -1.4159713243969404E-014
          21          11  -1.7655221946751841E-014
          21          12   2.2900707086559196E-014
          21          13  -3.8079023723041331E-015
          21          14   1.6221790545120403E-014
          21          15  -9.6404339137583602E-015
          21          16   1.3684048685710913E-014
          21          17  -1.0464025724940625E-014
          21          18   2.3277746106723522E-013
          21          19  -2.2239154964574312E-015
          21          20   1.8829610647828114E-014
          21          21   2.2551225601650438     
          21          22  -2.5431046157936160E-015
          21          23  -1.9767397875236493E-013
          21          24  -6.3900645537683977E-013
          21          25   2.1302404291378093E-015
          21          26   3.4610475055447902E-013
          21          27 -0.75850684969567306     
          21          28  -1.9081958235528154E-015
          21          29   3.2400987617307068E-013
          22           1  -3.2977995323884091E-015
          22           2   6.1880713880435557E-015
          22           3   1.2637083244730923E-015
          22           4  -1.6442661499809261E-014
          22           5   5.1711522387554102E-015
          22           6  -3.7409010549671075E-014
          22           7  -7.6848538536781905E-015
          22           8   3.8333027457243499E-014
          22           9  -1.3861826315435054E-014
          22          10  -1.5759118852905210E-014
          22          11   5.5993475551741064E-014
          22          12  -4.7804763998323042E-014
          22          13   7.3039327506590348E-015
          22          14  -2.0740119994573166E-014
          22          15  -1.2903805949841368E-014
          22          16  -3.2238390304910917E-014
          22          17   1.2532313436518072E-014
          22          18   7.1833906209433557E-014
          22          19   3.4000580129224534E-015
          22          20   4.9463291421503192E-014
          22          21  -2.5431046157936160E-015
          22          22   2.2551225601650482     
          22          23  -8.2322167485377044E-014
          22          24   1.8126426197181371E-013
          22          25  -1.0241807402187030E-014
          22          26  -9.2871275573111705E-014
          22          27   5.4678483963085887E-015
          22          28 -0.75850684969568316     
          22          29  -6.4605473909692626E-014
          23           1 -0.94439260060231378     
          23           2   2.7553064272943075     
          23           3  -2.6319647325521479E-014
          23           4  -4.9031433204127624E-014
          23           5  -1.2102250511612335E-013
          23           6  -6.6917446041660522     
          23           7   2.0951212591699477E-015
          23           8   1.0377695985479457E-015
          23           9   3.2591075431344421E-014
          23          10   2.6106672866279732     
          23          11  -2.4588077347103650E-014
          23          12  -1.2479694231806410E-014
          23          13   2.4578242058700650E-014
          23          14  -7.7268592577513534E-002
          23          15   3.9393077412604424E-014
          23          16  -1.5202127032427648E-014
          23          17  -3.3210376543398220E-014
          23          18   1.1719594358494994     
          23          19  -5.8379851346594238E-014
          23          20   1.1719594358486884     
          23          21  -1.9767397875236493E-013
          23          22  -8.2322167485377044E-014
          23          23   4.5546432760969946     
          23          24 -0.61476446399311291     
          23          25  -2.4766836825763792E-013
          23          26 -0.61476446399345563     
          23          27   3.0891872991105589E-013
          23          28  -6.6204733831875747E-014
          23          29  -1.7525247385367231     
          24           1  0.36213163859286152     
          24           2  -1.1402290427626052     
          24           3   7.8502126940208214E-016
          24           4  -8.2900734641299171E-014
          24           5  -1.1521838579031152E-013
          24           6   3.3887882473539426     
          24           7   8.2530501901790188E-014
          24           8   1.0572506893608680E-014
          24           9  -9.8721548964801695E-014
          24          10  -2.2669716251443917     
          24          11  -1.1565662036623062E-013
          24          12  -4.2857568469684283E-015
          24          13   9.4061474170147268E-014
          24          14  0.17997480060033527     
          24          15   1.4137937755845605E-013
          24          16  -9.7159767756266962E-014
          24          17  -8.4619204499206985E-014
          24          18  -1.7525247385373985     
          24          19   5.8692743450269019E-013
          24          20 -0.61476446398966900     
          24          21  -6.3900645537683977E-013
          24          22   1.8126426197181371E-013
          24          23 -0.61476446399311291     
          24          24   2.9099350450109083     
          24          25  -1.3744143391598068E-012
          24          26 -0.47274879524229918     
          24          27   1.5259209222045029E-012
          24          28  -3.5443772404106311E-013
          24          29 -0.47274879523963642     
          25           1   7.4058924792379640E-016
          25           2   2.2231367700519081E-015
          25           3  -3.1537633007672449E-016
          25           4  -2.9746516321275737E-015
          25           5   2.8314843406330593E-015
          25           6  -1.1230874547587443E-014
          25           7  -4.9624192129330945E-015
          25           8   3.9580302749089214E-015
          25           9  -8.5185375006103979E-015
          25          10   1.3429384521854752E-013
          25          11   1.8901219136308022E-014
          25          12  -9.8696675991088614E-015
          25          13   2.1134710435544654E-014
          25          14   1.2920306470893029E-014
          25          15  -1.3208852810325477E-014
          25          16   2.6343270121409697E-014
          25          17  -2.5218371226450192E-014
          25          18   5.4359289702271582E-013
          25          19 -0.75850684969568638     
          25          20  -2.8560683213750560E-013
          25          21   2.1302404291378093E-015
          25          22  -1.0241807402187030E-014
          25          23  -2.4766836825763792E-013
          25          24  -1.3744143391598068E-012
          25          25   2.2551225601650398     
          25          26   6.5411965420188742E-013
          25          27   8.6736173782815797E-015
          25          28  -3.7747582836908105E-015
          25          29   5.6682054654256651E-013
          26           1  0.36213163859282804     
          26           2  -1.1402290427625434     
          26           3   3.1396620084066048E-014
          26           4  -7.2332534976757845E-014
          26           5  -1.4678759845390959E-013
          26           6   3.3887882473547011     
          26           7   2.0143311912065359E-014
          26           8  -6.9059280139434385E-015
          26           9  -1.6446133680827636E-014
          26          10  -2.2669716251317835     
          26          11  -2.0161895277074590E-014
          26          12   2.5823253990699966E-014
          26          13  -8.1585887207221187E-014
          26          14  0.17997480060049714     
          26          15  -8.1786659195513748E-014
          26          16   4.0233481357014389E-014
          26          17   3.8595796947439164E-014
          26          18 -0.61476446399423157     
          26          19  -2.6652943906905459E-013
          26          20  -1.7525247385335110     
          26          21   3.4610475055447902E-013
          26          22  -9.2871275573111705E-014
          26          23 -0.61476446399345563     
          26          24 -0.47274879524229918     
          26          25   6.5411965420188742E-013
          26          26   2.9099350449996537     
          26          27  -9.1874715132382186E-013
          26          28   2.9073488900032984E-013
          26          29 -0.47274879524528368     
          27           1   3.3226559051995780E-015
          27           2  -5.1266599379074774E-015
          27           3   1.3795403646548296E-014
          27           4  -9.6425339505377730E-015
          27           5   2.6474288184330433E-015
          27           6   2.6109900816201569E-014
          27           7  -3.5136493978744934E-014
          27           8   2.7409662422970715E-014
          27           9   2.2421759416683967E-015
          27          10   1.9323676726835695E-013
          27          11   6.4338420466924322E-014
          27          12  -4.9110137412440329E-014
          27          13  -8.1308800222243685E-015
          27          14  -2.7254858379920622E-014
          27          15   2.6170195668254139E-014
          27          16  -2.5642037957057250E-014
          27          17   2.9859919685757732E-014
          27          18  -6.5011687151106524E-013
          27          19   7.9797279958992892E-016
          27          20   3.1635184071875375E-013
          27          21 -0.75850684969567306     
          27          22   5.4678483963085887E-015
          27          23   3.0891872991105589E-013
          27          24   1.5259209222045029E-012
          27          25   8.6736173782815797E-015
          27          26  -9.1874715132382186E-013
          27          27   2.2551225601650335     
          27          28   5.9258153938809864E-015
          27          29  -8.9962664782308576E-013
          28           1   4.4861957163785701E-015
