           1           1   2.3581249844710737     
           1           2 -0.98862642507256959     
           1           3  -2.2240765507885717E-013
           1           4  -1.0620116335848474E-013
           1           5   4.5513498445834991E-014
           1           6  0.43398430919500025     
           1           7  -4.1950129478882964E-015
           1           8   5.1508625222996830E-014
           1           9  -9.6255942372384326E-016
           1          10   9.9218868893352491E-002
           1          11   5.1172654568090494E-015
           1          12   1.8308475681966280E-014
           1          13  -1.7130454414843632E-015
           1          14 -0.12100867454848054     
           1          15   2.0230367492608543E-015
           1          16 -0.12100867454845345     
           1          17  -2.3392729214488247E-014
           1          18  -2.7497580270780205E-015
           1          19 -0.12100867454847622     
           2           1 -0.98862642507256959     
           2           2   2.7450817981804967     
           2           3   5.7081167591736806E-013
           2           4   2.7116827882744407E-013
           2           5  -1.2191632091635169E-013
           2           6  -1.4705011202673179     
           2           7   2.4243449836186747E-014
           2           8  -1.4908742423305431E-013
           2           9   5.9905481298555105E-015
           2          10 -0.34946513778633703     
           2          11  -1.1368347096498080E-014
           2          12  -3.6465918352982550E-014
           2          13   1.1843178106190591E-014
           2          14  0.42233088242292782     
           2          15   2.0645644980428406E-015
           2          16  0.42233088242286404     
           2          17   6.3187697540517570E-014
           2          18   9.2512786812585410E-015
           2          19  0.42233088242291239     
           3           1  -2.2240765507885717E-013
           3           2   5.7081167591736806E-013
           3           3   2.2298510227613599     
           3           4   4.1312439580387629E-015
           3           5   3.8604551480980924E-015
           3           6   5.6811035323629558E-014
           3           7 -0.73529746223666903     
           3           8   7.5443123970231467E-015
           3           9   2.0734248465294873E-015
           3          10   2.2422768165224810E-014
           3          11   6.3219023800527102E-002
           3          12  -3.2265856653169889E-016
           3          13   1.3732923998010302E-015
           3          14  -1.8729460569603935E-014
           3          15  -4.5218938934003477E-015
           3          16  -2.0128379311514331E-014
           3          17   2.5005432951595570E-015
           3          18   3.2313159853236274E-016
           3          19  -1.4807219333587666E-014
           4           1  -1.0620116335848474E-013
           4           2   2.7116827882744407E-013
           4           3   4.1312439580387629E-015
           4           4   2.2298510227613582     
           4           5   7.2799296972625438E-015
           4           6  -1.5991963515333531E-014
           4           7  -2.1989354781481991E-014
           4           8 -0.73529746223666625     
           4           9  -2.6013913245748196E-014
           4          10  -2.9172319379467859E-014
           4          11  -1.7352330509978784E-014
           4          12   6.3219023800522842E-002
           4          13  -2.8216361538945114E-017
           4          14  -1.2226813460149790E-014
           4          15   2.6141055551093567E-014
           4          16   4.8612415330080826E-015
           4          17   1.6927500879634826E-014
           4          18  -1.2263014631770486E-014
           4          19   2.5118869990495513E-014
           5           1   4.5513498445834991E-014
           5           2  -1.2191632091635169E-013
           5           3   3.8604551480980924E-015
           5           4   7.2799296972625438E-015
           5           5   2.2298510227613653     
           5           6   1.0362800025146269E-014
           5           7  -7.7951256289687136E-015
           5           8  -6.6992852237879272E-015
           5           9 -0.73529746223668035     
           5          10  -8.2550255532012184E-015
           5          11  -5.8087177476600712E-015
           5          12  -1.7407950081427336E-015
           5          13   6.3219023800530558E-002
           5          14  -4.9904352432133476E-015
           5          15   1.4816530934564735E-015
           5          16   1.7339711647925444E-015
           5          17   8.8424619173424761E-015
           5          18  -1.7734065435837180E-015
           5          19   6.3470535732325538E-015
           6           1  0.43398430919500025     
           6           2  -1.4705011202673179     
           6           3   5.6811035323629558E-014
           6           4  -1.5991963515333531E-014
           6           5   1.0362800025146269E-014
           6           6   5.1279637839580126     
           6           7  -4.0831060050218203E-014
           6           8   1.8299584996053654E-013
           6           9  -1.6400375161498924E-014
           6          10   1.1417388302539162     
           6          11   8.5609757152280050E-015
           6          12  -6.3432202753001282E-015
           6          13  -2.0190655219952958E-015
           6          14  -1.5168594875481656     
           6          15  -9.1035494721627047E-014
           6          16  -1.5168594875482064     
           6          17   1.0643752902789678E-014
           6          18   5.2732317773541705E-014
           6          19  -1.5168594875482255     
           7           1  -4.1950129478882964E-015
           7           2   2.4243449836186747E-014
           7           3 -0.73529746223666903     
           7           4  -2.1989354781481991E-014
           7           5  -7.7951256289687136E-015
           7           6  -4.0831060050218203E-014
           7           7   2.3447655089624595     
           7           8   1.0182826803983787E-014
           7           9  -4.5254192103730163E-015
           7          10  -1.0462999976620406E-014
           7          11 -0.16134632187273398     
           7          12  -1.2821774891812873E-015
           7          13  -6.2854079851005420E-015
           7          14   7.0266310610591706E-015
           7          15   1.8617615653349162E-014
           7          16   1.3555938910829629E-014
           7          17  -4.2666488658804810E-015
           7          18  -2.5101884732074597E-015
           7          19  -2.0156530358155620E-015
           8           1   5.1508625222996830E-014
           8           2  -1.4908742423305431E-013
           8           3   7.5443123970231467E-015
           8           4 -0.73529746223666625     
           8           5  -6.6992852237879272E-015
           8           6   1.8299584996053654E-013
           8           7   1.0182826803983787E-014
           8           8   2.3447655089624710     
           8           9   2.5872533282456067E-014
           8          10   4.4909638010106220E-014
           8          11   1.8964430720247613E-014
           8          12 -0.16134632187273251     
           8          13   2.1277033954159074E-014
           8          14  -1.8480756458102777E-014
           8          15  -8.9152009670264518E-014
           8          16  -2.5998899370442429E-014
           8          17   2.2339169155884681E-014
           8          18   2.8716807470467042E-014
           8          19  -4.0567746607851785E-014
           9           1  -9.6255942372384326E-016
           9           2   5.9905481298555105E-015
           9           3   2.0734248465294873E-015
           9           4  -2.6013913245748196E-014
           9           5 -0.73529746223668035     
           9           6  -1.6400375161498924E-014
           9           7  -4.5254192103730163E-015
           9           8   2.5872533282456067E-014
           9           9   2.3447655089624782     
           9          10  -8.4178130002092655E-015
           9          11   5.0694684723944502E-015
           9          12  -1.5173409403934260E-015
           9          13 -0.16134632187273362     
           9          14   4.7877211771230923E-015
           9          15  -7.3843004782033878E-015
           9          16   4.3603038296154954E-016
           9          17  -9.8739993661869095E-016
           9          18  -7.2285689991046551E-016
           9          19   9.7925459710026005E-015
          10           1   9.9218868893352491E-002
          10           2 -0.34946513778633703     
          10           3   2.2422768165224810E-014
          10           4  -2.9172319379467859E-014
          10           5  -8.2550255532012184E-015
          10           6   1.1417388302539162     
          10           7  -1.0462999976620406E-014
          10           8   4.4909638010106220E-014
          10           9  -8.4178130002092655E-015
          10          10  0.63918440172607871     
          10          11  -3.0705851069243577E-015
          10          12  -4.8646668997926085E-015
          10          13   7.7201987915907551E-015
          10          14 -0.21572909423820263     
          10          15  -7.0087773952608169E-014
          10          16 -0.21572909423819242     
          10          17   1.5143082280277202E-014
          10          18   1.9190386914202792E-014
          10          19 -0.21572909423818337     
          11           1   5.1172654568090494E-015
          11           2  -1.1368347096498080E-014
          11           3   6.3219023800527102E-002
          11           4  -1.7352330509978784E-014
          11           5  -5.8087177476600712E-015
          11           6   8.5609757152280050E-015
          11           7 -0.16134632187273398     
          11           8   1.8964430720247613E-014
          11           9   5.0694684723944502E-015
          11          10  -3.0705851069243577E-015
          11          11   1.4438622755042216E-002
          11          12  -8.1849132506376991E-016
          11          13   2.8621666804177928E-017
          11          14  -4.6750089983636244E-015
          11          15  -2.0904933506246185E-014
          11          16  -4.4528891870461244E-015
          11          17   5.6803893819685402E-015
          11          18   8.3933304776765721E-015
          11          19  -3.6448825745369841E-015
          12           1   1.8308475681966280E-014
          12           2  -3.6465918352982550E-014
          12           3  -3.2265856653169889E-016
          12           4   6.3219023800522842E-002
          12           5  -1.7407950081427336E-015
          12           6  -6.3432202753001282E-015
          12           7  -1.2821774891812873E-015
          12           8 -0.16134632187273251     
          12           9  -1.5173409403934260E-015
          12          10  -4.8646668997926085E-015
          12          11  -8.1849132506376991E-016
          12          12   1.4438622755044241E-002
          12          13   2.4185839962711180E-016
          12          14  -7.5418865093074068E-016
          12          15   1.1568485465622934E-014
          12          16  -5.2840327301825437E-016
          12          17  -2.9405913995324469E-015
          12          18  -2.1683223386916474E-015
          12          19   1.5860723887104890E-015
          13           1  -1.7130454414843632E-015
          13           2   1.1843178106190591E-014
          13           3   1.3732923998010302E-015
          13           4  -2.8216361538945114E-017
          13           5   6.3219023800530558E-002
          13           6  -2.0190655219952958E-015
          13           7  -6.2854079851005420E-015
          13           8   2.1277033954159074E-014
          13           9 -0.16134632187273362     
          13          10   7.7201987915907551E-015
          13          11   2.8621666804177928E-017
          13          12   2.4185839962711180E-016
          13          13   1.4438622755043507E-002
          13          14   3.2530216701985621E-015
          13          15  -2.0412244997173319E-015
          13          16   3.4572429181761792E-015
          13          17   2.1153154312651229E-015
          13          18   3.9721625913159263E-015
          13          19   3.1240229279146187E-015
          14           1 -0.12100867454848054     
          14           2  0.42233088242292782     
          14           3  -1.8729460569603935E-014
          14           4  -1.2226813460149790E-014
          14           5  -4.9904352432133476E-015
          14           6  -1.5168594875481656     
          14           7   7.0266310610591706E-015
          14           8  -1.8480756458102777E-014
          14           9   4.7877211771230923E-015
          14          10 -0.21572909423820263     
          14          11  -4.6750089983636244E-015
          14          12  -7.5418865093074068E-016
          14          13   3.2530216701985621E-015
          14          14  0.50037459829126840     
          14          15   1.5583044456008034E-013
          14          16  0.50037459829128894     
          14          17  -2.1531647833238658E-014
          14          18  -6.3628467923295748E-014
          14          19  0.50037459829129727     
          15           1   2.0230367492608543E-015
          15           2   2.0645644980428406E-015
          15           3  -4.5218938934003477E-015
          15           4   2.6141055551093567E-014
          15           5   1.4816530934564735E-015
          15           6  -9.1035494721627047E-014
          15           7   1.8617615653349162E-014
          15           8  -8.9152009670264518E-014
          15           9  -7.3843004782033878E-015
          15          10  -7.0087773952608169E-014
          15          11  -2.0904933506246185E-014
          15          12   1.1568485465622934E-014
          15          13  -2.0412244997173319E-015
          15          14   1.5583044456008034E-013
          15          15  0.99999999999999944     
          15          16   2.6467597517355237E-014
          15          17  -1.9428902931151474E-016
          15          18   9.9920072216076359E-016
          15          19   4.5319338730075232E-014
          16           1 -0.12100867454845345     
          16           2  0.42233088242286404     
          16           3  -2.0128379311514331E-014
          16           4   4.8612415330080826E-015
          16           5   1.7339711647925444E-015
          16           6  -1.5168594875482064     
          16           7   1.3555938910829629E-014
          16           8  -2.5998899370442429E-014
          16           9   4.3603038296154954E-016
          16          10 -0.21572909423819242     
          16          11  -4.4528891870461244E-015
          16          12  -5.2840327301825437E-016
          16          13   3.4572429181761792E-015
          16          14  0.50037459829128894     
          16          15   2.6467597517355237E-014
          16          16  0.50037459829130948     
          16          17   1.3910955808278926E-015
          16          18  -2.7863393826487711E-014
          16          19  0.50037459829131792     
          17           1  -2.3392729214488247E-014
          17           2   6.3187697540517570E-014
          17           3   2.5005432951595570E-015
          17           4   1.6927500879634826E-014
          17           5   8.8424619173424761E-015
          17           6   1.0643752902789678E-014
          17           7  -4.2666488658804810E-015
          17           8   2.2339169155884681E-014
          17           9  -9.8739993661869095E-016
          17          10   1.5143082280277202E-014
          17          11   5.6803893819685402E-015
          17          12  -2.9405913995324469E-015
          17          13   2.1153154312651229E-015
          17          14  -2.1531647833238658E-014
          17          15  -1.9428902931151474E-016
          17          16   1.3910955808278926E-015
          17          17   1.0000000000000007     
          17          18  -1.2490009026912103E-016
          17          19  -9.1523825787950538E-015
          18           1  -2.7497580270780205E-015
          18           2   9.2512786812585410E-015
          18           3   3.2313159853236274E-016
          18           4  -1.2263014631770486E-014
          18           5  -1.7734065435837180E-015
          18           6   5.2732317773541705E-014
          18           7  -2.5101884732074597E-015
          18           8   2.8716807470467042E-014
          18           9  -7.2285689991046551E-016
          18          10   1.9190386914202792E-014
          18          11   8.3933304776765721E-015
          18          12  -2.1683223386916474E-015
          18          13   3.9721625913159263E-015
          18          14  -6.3628467923295748E-014
          18          15   9.9920072216076359E-016
          18          16  -2.7863393826487711E-014
          18          17  -1.2490009026912103E-016
          18          18  0.99999999999999822     
          18          19  -3.2054846575047255E-014
          19           1 -0.12100867454847622     
          19           2  0.42233088242291239     
          19           3  -1.4807219333587666E-014
          19           4   2.5118869990495513E-014
          19           5   6.3470535732325538E-015
          19           6  -1.5168594875482255     
          19           7  -2.0156530358155620E-015
          19           8  -4.0567746607851785E-014
          19           9   9.7925459710026005E-015
          19          10 -0.21572909423818337     
          19          11  -3.6448825745369841E-015
          19          12   1.5860723887104890E-015
          19          13   3.1240229279146187E-015
          19          14  0.50037459829129727     
          19          15   4.5319338730075232E-014
          19          16  0.50037459829131792     
          19          17  -9.1523825787950538E-015
          19          18  -3.2054846575047255E-014
          19          19  0.50037459829132636     
