           1           1   2.3400054737389167     
           1           2 -0.92931052656039825     
           1           3  -3.1103930583105802E-013
           1           4   6.1909470256499946E-013
           1           5   5.8060122008199178E-015
           1           6  0.20426774534006481     
           1           7   2.6968851440687757E-014
           1           8   7.2763580844204657E-014
           1           9   2.1818253463449804E-013
           1          10  -8.6412647991245650E-002
           1          11  -7.9250020898917629E-014
           1          12  -1.9275841917433707E-013
           1          13  -2.1043935516505889E-013
           1          14   4.4241202420785990E-002
           1          15   2.7770648054419105E-011
           1          16   4.4241202418218377E-002
           1          17   5.4710236680147719E-012
           1          18  -8.8873387711986015E-012
           1          19   4.4241202418971476E-002
           2           1 -0.92931052656039825     
           2           2   2.5523673179174127     
           2           3  -1.7640728595356257E-013
           2           4  -9.1957849604859815E-013
           2           5   1.5286211432092323E-013
           2           6 -0.74733627807958691     
           2           7   1.2284014080086911E-012
           2           8  -6.7127539830194321E-014
           2           9  -7.1992870715406247E-013
           2          10  0.19287020964587082     
           2          11   2.5225715988204778E-013
           2          12   1.4291639017720796E-013
           2          13   4.6718326550797596E-013
           2          14  -7.9010946804585924E-002
           2          15  -8.7426206284043582E-011
           2          16  -7.9010946802553106E-002
           2          17  -1.7004387200302114E-011
           2          18   2.8635113485298126E-011
           2          19  -7.9010946803030502E-002
           3           1  -3.1103930583105802E-013
           3           2  -1.7640728595356257E-013
           3           3   2.1984195197877909     
           3           4   5.8674592962025404E-013
           3           5   3.6451050511316123E-013
           3           6   3.6920815159497695E-012
           3           7 -0.63689487104176534     
           3           8   1.4340612031244711E-013
           3           9  -1.2286074935198444E-012
           3          10   3.6620112973909645E-012
           3          11  -7.3538352586719757E-002
           3          12  -3.3437107249679897E-012
           3          13   1.3201982909688661E-013
           3          14  -2.1012698298209006E-013
           3          15   5.7624005623754424E-013
           3          16  -1.0413477476197835E-012
           3          17   5.4853906147066437E-013
           3          18  -4.7067369630445268E-012
           3          19  -6.0088481476451262E-012
           4           1   6.1909470256499946E-013
           4           2  -9.1957849604859815E-013
           4           3   5.8674592962025404E-013
           4           4   2.1984195197877421     
           4           5  -5.8188870388757461E-013
           4           6  -7.0989193469018764E-013
           4           7  -1.2759029943679861E-012
           4           8 -0.63689487104362097     
           4           9   2.1150095563798276E-012
           4          10  -1.0255560446499528E-012
           4          11   2.1171241842961552E-012
           4          12  -7.3538352583139760E-002
           4          13  -1.5172073666842106E-012
           4          14   9.8649174814349810E-013
           4          15   1.0056672112136161E-012
           4          16  -1.1314950626363931E-012
           4          17   2.3824616889763955E-013
           4          18   9.3394768702955406E-012
           4          19   2.2718388013842915E-012
           5           1   5.8060122008199178E-015
           5           2   1.5286211432092323E-013
           5           3   3.6451050511316123E-013
           5           4  -5.8188870388757461E-013
           5           5   2.1984195197885517     
           5           6  -1.3730163476331887E-012
           5           7  -1.1832201884945457E-012
           5           8  -6.4379057640984156E-014
           5           9 -0.63689487104427744     
           5          10  -8.4515706365903587E-013
           5          11   2.0974177256112744E-012
           5          12   9.5200410055251619E-013
           5          13  -7.3538352584025010E-002
           5          14  -1.5625235006107506E-012
           5          15  -2.2562646890873287E-012
           5          16   1.2205004422259811E-012
           5          17  -2.0279657518238039E-012
           5          18  -3.0917764503945942E-012
           5          19   3.7973824371995613E-012
           6           1  0.20426774534006481     
           6           2 -0.74733627807958691     
           6           3   3.6920815159497695E-012
           6           4  -7.0989193469018764E-013
           6           5  -1.3730163476331887E-012
           6           6   2.7885351971120489     
           6           7  -9.1447213730081323E-012
           6           8   6.9604467109645684E-013
           6           9   2.9251787726609590E-012
           6          10  0.12785335408338880     
           6          11  -1.1454995668348784E-012
           6          12   1.1112941186456521E-013
           6          13  -5.6270318976169510E-013
           6          14 -0.21586999866164808     
           6          15   1.9876843928583083E-010
           6          16 -0.21586999866060583     
           6          17   3.8386164432149401E-011
           6          18  -6.3261049098171296E-011
           6          19 -0.21586999866090917     
           7           1   2.6968851440687757E-014
           7           2   1.2284014080086911E-012
           7           3 -0.63689487104176534     
           7           4  -1.2759029943679861E-012
           7           5  -1.1832201884945457E-012
           7           6  -9.1447213730081323E-012
           7           7   2.0530571105153390     
           7           8  -1.2617129563369991E-012
           7           9   3.7081449022488936E-012
           7          10  -1.0629929112014361E-011
           7          11  0.16817237502612872     
           7          12   9.2923845701497282E-012
           7          13  -1.4136782022957690E-013
           7          14   1.0950841602301665E-013
           7          15  -8.3470976396463423E-012
           7          16   2.4518751945078135E-012
           7          17  -5.8568500333734294E-012
           7          18  -1.3171471063098656E-011
           7          19   1.6878619990813102E-011
           8           1   7.2763580844204657E-014
           8           2  -6.7127539830194321E-014
           8           3   1.4340612031244711E-013
           8           4 -0.63689487104362097     
           8           5  -6.4379057640984156E-014
           8           6   6.9604467109645684E-013
           8           7  -1.2617129563369991E-012
           8           8   2.0530571105265580     
           8           9  -1.0721146193031916E-012
           8          10   2.6669673265487127E-012
           8          11  -6.5385613590105486E-012
           8          12  0.16817237501642840     
           8          13   4.7709197703536178E-012
           8          14  -2.5721769678641111E-012
           8          15   5.0319316308546039E-012
           8          16   3.9174313372330454E-012
           8          17   6.0937687599683595E-012
           8          18  -1.2234571363522050E-012
           8          19  -6.0007392941057449E-012
           9           1   2.1818253463449804E-013
           9           2  -7.1992870715406247E-013
           9           3  -1.2286074935198444E-012
           9           4   2.1150095563798276E-012
           9           5 -0.63689487104427744     
           9           6   2.9251787726609590E-012
           9           7   3.7081449022488936E-012
           9           8  -1.0721146193031916E-012
           9           9   2.0530571105239970     
           9          10   1.6441230516656310E-012
           9          11  -6.2764585195854809E-012
           9          12  -2.6518631041106011E-012
           9          13  0.16817237501843102     
           9          14   5.3750420808616458E-012
           9          15   5.1046504675979112E-012
           9          16  -3.2421134612176832E-012
           9          17   2.7194391625126984E-012
           9          18   8.9276254705781835E-012
           9          19  -1.0548492485143606E-011
          10           1  -8.6412647991245650E-002
          10           2  0.19287020964587082     
          10           3   3.6620112973909645E-012
          10           4  -1.0255560446499528E-012
          10           5  -8.4515706365903587E-013
          10           6  0.12785335408338880     
          10           7  -1.0629929112014361E-011
          10           8   2.6669673265487127E-012
          10           9   1.6441230516656310E-012
          10          10   2.3191733023065479     
          10          11   2.5086148198100343E-012
          10          12   4.6264409008841118E-013
          10          13   5.4062490485093230E-012
          10          14 -0.45310701853622831     
          10          15  -9.8620563055018370E-010
          10          16 -0.45310701853543917     
          10          17  -1.9176524702323851E-010
          10          18   3.1527120762217891E-010
          10          19 -0.45310701853575630     
          11           1  -7.9250020898917629E-014
          11           2   2.5225715988204778E-013
          11           3  -7.3538352586719757E-002
          11           4   2.1171241842961552E-012
          11           5   2.0974177256112744E-012
          11           6  -1.1454995668348784E-012
          11           7  0.16817237502612872     
          11           8  -6.5385613590105486E-012
          11           9  -6.2764585195854809E-012
          11          10   2.5086148198100343E-012
          11          11   1.4262951886362750E-002
          11          12  -1.2184372443374110E-014
          11          13  -7.9527671340197113E-013
          11          14  -7.3887989694238697E-013
          11          15  -2.4351740905815996E-013
          11          16  -3.9255912029793184E-013
          11          17   8.0147280548576309E-013
          11          18  -5.1517198121284811E-013
          11          19   1.0341872995758978E-012
          12           1  -1.9275841917433707E-013
          12           2   1.4291639017720796E-013
          12           3  -3.3437107249679897E-012
          12           4  -7.3538352583139760E-002
          12           5   9.5200410055251619E-013
          12           6   1.1112941186456521E-013
          12           7   9.2923845701497282E-012
          12           8  0.16817237501642840     
          12           9  -2.6518631041106011E-012
          12          10   4.6264409008841118E-013
          12          11  -1.2184372443374110E-014
          12          12   1.4262951884095399E-002
          12          13   1.7762787769120189E-013
          12          14  -2.7612615550152368E-013
          12          15  -4.2336029141846920E-012
          12          16   2.5959886492622219E-013
          12          17  -5.2815797728682466E-012
          12          18   9.2219578534239251E-013
          12          19  -6.6476979813647637E-013
          13           1  -2.1043935516505889E-013
          13           2   4.6718326550797596E-013
          13           3   1.3201982909688661E-013
          13           4  -1.5172073666842106E-012
          13           5  -7.3538352584025010E-002
          13           6  -5.6270318976169510E-013
          13           7  -1.4136782022957690E-013
          13           8   4.7709197703536178E-012
          13           9  0.16817237501843102     
          13          10   5.4062490485093230E-012
          13          11  -7.9527671340197113E-013
          13          12   1.7762787769120189E-013
          13          13   1.4262951884683281E-002
          13          14  -4.7247195334726008E-013
          13          15   7.9584860929372738E-013
          13          16  -1.1851298879825043E-012
          13          17  -1.3745139653576907E-012
          13          18  -3.7984379541920523E-013
          13          19  -1.8777565005611494E-012
          14           1   4.4241202420785990E-002
          14           2  -7.9010946804585924E-002
          14           3  -2.1012698298209006E-013
          14           4   9.8649174814349810E-013
          14           5  -1.5625235006107506E-012
          14           6 -0.21586999866164808     
          14           7   1.0950841602301665E-013
          14           8  -2.5721769678641111E-012
          14           9   5.3750420808616458E-012
          14          10 -0.45310701853622831     
          14          11  -7.3887989694238697E-013
          14          12  -2.7612615550152368E-013
          14          13  -4.7247195334726008E-013
          14          14  0.10565079071867023     
          14          15   1.3183871375864772E-010
          14          16  0.10565079071835295     
          14          17   2.3751010153893234E-011
          14          18  -4.4992201916173073E-011
          14          19  0.10565079071845715     
          15           1   2.7770648054419105E-011
          15           2  -8.7426206284043582E-011
          15           3   5.7624005623754424E-013
          15           4   1.0056672112136161E-012
          15           5  -2.2562646890873287E-012
          15           6   1.9876843928583083E-010
          15           7  -8.3470976396463423E-012
          15           8   5.0319316308546039E-012
          15           9   5.1046504675979112E-012
          15          10  -9.8620563055018370E-010
          15          11  -2.4351740905815996E-013
          15          12  -4.2336029141846920E-012
          15          13   7.9584860929372738E-013
          15          14   1.3183871375864772E-010
          15          15  0.99999999999998723     
          15          16   1.3811670644868906E-010
          15          17  -1.2628786297733896E-014
          15          18  -2.6186519148573847E-014
          15          19   1.3883766993371972E-010
          16           1   4.4241202418218377E-002
          16           2  -7.9010946802553106E-002
          16           3  -1.0413477476197835E-012
          16           4  -1.1314950626363931E-012
          16           5   1.2205004422259811E-012
          16           6 -0.21586999866060583     
          16           7   2.4518751945078135E-012
          16           8   3.9174313372330454E-012
          16           9  -3.2421134612176832E-012
          16          10 -0.45310701853543917     
          16          11  -3.9255912029793184E-013
          16          12   2.5959886492622219E-013
          16          13  -1.1851298879825043E-012
          16          14  0.10565079071835295     
          16          15   1.3811670644868906E-010
          16          16  0.10565079071803569     
          16          17   3.0365504849731078E-011
          16          18  -3.8730359390389492E-011
          16          19  0.10565079071813988     
          17           1   5.4710236680147719E-012
          17           2  -1.7004387200302114E-011
          17           3   5.4853906147066437E-013
          17           4   2.3824616889763955E-013
          17           5  -2.0279657518238039E-012
          17           6   3.8386164432149401E-011
          17           7  -5.8568500333734294E-012
          17           8   6.0937687599683595E-012
          17           9   2.7194391625126984E-012
          17          10  -1.9176524702323851E-010
          17          11   8.0147280548576309E-013
          17          12  -5.2815797728682466E-012
          17          13  -1.3745139653576907E-012
          17          14   2.3751010153893234E-011
          17          15  -1.2628786297733896E-014
          17          16   3.0365504849731078E-011
          17          17  0.99999999999999079     
          17          18  -4.4686476924960515E-014
          17          19   2.5582951885216426E-011
          18           1  -8.8873387711986015E-012
          18           2   2.8635113485298126E-011
          18           3  -4.7067369630445268E-012
          18           4   9.3394768702955406E-012
          18           5  -3.0917764503945942E-012
          18           6  -6.3261049098171296E-011
          18           7  -1.3171471063098656E-011
          18           8  -1.2234571363522050E-012
          18           9   8.9276254705781835E-012
          18          10   3.1527120762217891E-010
          18          11  -5.1517198121284811E-013
          18          12   9.2219578534239251E-013
          18          13  -3.7984379541920523E-013
          18          14  -4.4992201916173073E-011
          18          15  -2.6186519148573847E-014
          18          16  -3.8730359390389492E-011
          18          17  -4.4686476924960515E-014
          18          18   1.0000000000000209     
          18          19  -4.7795807455571081E-011
          19           1   4.4241202418971476E-002
          19           2  -7.9010946803030502E-002
          19           3  -6.0088481476451262E-012
          19           4   2.2718388013842915E-012
          19           5   3.7973824371995613E-012
          19           6 -0.21586999866090917     
          19           7   1.6878619990813102E-011
          19           8  -6.0007392941057449E-012
          19           9  -1.0548492485143606E-011
          19          10 -0.45310701853575630     
          19          11   1.0341872995758978E-012
          19          12  -6.6476979813647637E-013
          19          13  -1.8777565005611494E-012
          19          14  0.10565079071845715     
          19          15   1.3883766993371972E-010
          19          16  0.10565079071813988     
          19          17   2.5582951885216426E-011
          19          18  -4.7795807455571081E-011
          19          19  0.10565079071824406     
