           1           1   2.3509921711712605     
           1           2 -0.94877034915254477     
           1           3   6.7028797209480473E-009
           1           4   3.2505931333711466E-009
           1           5   4.3508316074244578E-008
           1           6  0.19981442941810648     
           1           7   3.6914989916089804E-010
           1           8   1.8567048404628382E-010
           1           9   2.3705424606733653E-009
           1          10 -0.10429400256720692     
           1          11  -1.5716633282276785E-010
           1          12  -8.7604682357562870E-011
           1          13  -1.0867449126782810E-009
           1          14   4.5274176774449421E-002
           1          15  -5.4770951066204016E-012
           1          16   4.5273505086452351E-002
           1          17  -8.5405978224629681E-013
           1          18   8.9720626565251641E-008
           1          19   4.5274549679326009E-002
           2           1 -0.94877034915254477     
           2           2   2.5798834690492143     
           2           3  -1.6351430002402334E-008
           2           4  -8.0347786805487811E-009
           2           5  -1.0761455101253891E-007
           2           6 -0.76729249630857543     
           2           7  -1.0484821084370118E-009
           2           8  -5.3248858042733719E-010
           2           9  -6.7454566268240761E-009
           2          10  0.28658233805384481     
           2          11   4.5790878522989230E-010
           2          12   2.5795791699603280E-010
           2          13   3.1993120817643882E-009
           2          14  -8.3124331361984535E-002
           2          15   1.9938341320766799E-011
           2          16  -8.3122201153549513E-002
           2          17   1.5971267453147749E-012
           2          18  -2.8638142760223629E-007
           2          19  -8.3125535374150877E-002
           3           1   6.7028797209480473E-009
           3           2  -1.6351430002402334E-008
           3           3   2.2111529272718591     
           3           4  -2.8790135942717754E-009
           3           5  -3.2895681960644261E-009
           3           6  -3.8732610365150310E-009
           3           7 -0.66356516545968924     
           3           8   7.6581156520408228E-009
           3           9  -2.0716429821487953E-009
           3          10  -8.4038464949557197E-009
           3          11  -6.6738356979114580E-002
           3          12  -2.0582511990680110E-009
           3          13   2.5792098096125424E-009
           3          14   3.5328547246391178E-009
           3          15  -2.8874408447530159E-009
           3          16  -3.8882943795970647E-010
           3          17  -7.0174436192904367E-009
           3          18   2.7666908615590326E-009
           3          19   8.3973233448241724E-009
           4           1   3.2505931333711466E-009
           4           2  -8.0347786805487811E-009
           4           3  -2.8790135942717754E-009
           4           4   2.2111527533690776     
           4           5   3.1535680216498911E-008
           4           6   1.0894385818332614E-009
           4           7   6.5661933800767305E-010
           4           8 -0.66356460562451713     
           4           9  -7.5352143840587438E-008
           4          10   1.1772949608020626E-009
           4          11   6.1211965710485430E-010
           4          12  -6.6738970722118707E-002
           4          13   8.4531644466020016E-008
           4          14   3.4900971344761380E-010
           4          15   8.5209331778868112E-011
           4          16  -1.7952848959748711E-010
           4          17   3.1839299728038436E-010
           4          18  -1.9158116952982173E-009
           4          19  -1.6192155682392555E-009
           5           1   4.3508316074244578E-008
           5           2  -1.0761455101253891E-007
           5           3  -3.2895681960644261E-009
           5           4   3.1535680216498911E-008
           5           5   2.2111530633871368     
           5           6   1.6430674973237242E-008
           5           7   1.0626790384748188E-008
           5           8  -1.0102202872844050E-007
           5           9 -0.66356562050666235     
           5          10   1.6160314691336947E-008
           5          11   7.7617624985682751E-009
           5          12   9.9963669681819473E-008
           5          13  -6.6737834846408078E-002
           5          14   3.9633051474212737E-009
           5          15   4.4516733617488053E-009
           5          16   4.7989780601494525E-011
           5          17   3.9912857958252592E-009
           5          18  -4.7483824240466814E-009
           5          19  -2.4734639203454389E-008
           6           1  0.19981442941810648     
           6           2 -0.76729249630857543     
           6           3  -3.8732610365150310E-009
           6           4   1.0894385818332614E-009
           6           5   1.6430674973237242E-008
           6           6   3.1389670570860453     
           6           7   2.1846445880309950E-009
           6           8   1.1966921351674832E-009
           6           9   1.4535060703248959E-008
           6          10 -0.35844396292660852     
           6          11  -6.0670328427001739E-010
           6          12  -4.1093846398849141E-010
           6          13  -4.9795835993976539E-009
           6          14 -0.20099894658709822     
           6          15  -9.1094826402874995E-011
           6          16 -0.20100582963066757     
           6          17   2.7750470789296184E-011
           6          18   9.9899520231787479E-007
           6          19 -0.20099420077918984     
           7           1   3.6914989916089804E-010
           7           2  -1.0484821084370118E-009
           7           3 -0.66356516545968924     
           7           4   6.5661933800767305E-010
           7           5   1.0626790384748188E-008
           7           6   2.1846445880309950E-009
           7           7   2.0912950882534380     
           7           8   2.7937868951539994E-010
           7           9   2.9481131183060067E-010
           7          10  -2.3898124957895842E-010
           7          11  0.15585172359418914     
           7          12  -7.5588285838178256E-011
           7          13   1.5727934087633950E-011
           7          14   7.8163605363723838E-011
           7          15   3.8119892337137635E-010
           7          16  -1.4985517350018357E-009
           7          17   5.1202392654737797E-009
           7          18   8.4228947213665323E-011
           7          19  -1.3129781697027016E-009
           8           1   1.8567048404628382E-010
           8           2  -5.3248858042733719E-010
           8           3   7.6581156520408228E-009
           8           4 -0.66356460562451713     
           8           5  -1.0102202872844050E-007
           8           6   1.1966921351674832E-009
           8           7   2.7937868951539994E-010
           8           8   2.0912932877228947     
           8           9   2.4497750918148976E-007
           8          10  -2.5820746934399782E-011
           8          11  -1.9467116022406873E-011
           8          12  0.15585359496249043     
           8          13  -2.5534145976679665E-007
           8          14  -7.6219466936771560E-010
           8          15   1.0511983496710786E-009
           8          16   1.0507978891573071E-010
           8          17   3.5832032994815223E-012
           8          18   5.7676926035107890E-009
           8          19  -8.5263803175695641E-010
           9           1   2.3705424606733653E-009
           9           2  -6.7454566268240761E-009
           9           3  -2.0716429821487953E-009
           9           4  -7.5352143840587438E-008
           9           5 -0.66356562050666235     
           9           6   1.4535060703248959E-008
           9           7   2.9481131183060067E-010
           9           8   2.4497750918148976E-007
           9           9   2.0912965912070982     
           9          10  -1.6533730551765806E-010
           9          11   2.7048687982776711E-010
           9          12  -2.5499737422885496E-007
           9          13  0.15585016151966968     
           9          14  -9.2733014287323533E-009
           9          15   1.5247633187887282E-010
           9          16  -8.9333382270520948E-009
           9          17   1.1236746562714871E-009
           9          18   2.7554914260297054E-010
           9          19  -4.9466412066107734E-010
          10           1 -0.10429400256720692     
          10           2  0.28658233805384481     
          10           3  -8.4038464949557197E-009
          10           4   1.1772949608020626E-009
          10           5   1.6160314691336947E-008
          10           6 -0.35844396292660852     
          10           7  -2.3898124957895842E-010
          10           8  -2.5820746934399782E-011
          10           9  -1.6533730551765806E-010
          10          10   2.6702664394943394     
          10          11   1.9485439441601363E-009
          10          12   1.0787079681419533E-009
          10          13   1.2829882083791916E-008
          10          14 -0.24123002178514164     
          10          15  -7.3528086323265903E-011
          10          16 -0.24123471658235229     
          10          17   1.8307276143162166E-010
          10          18   1.4582349275593128E-006
          10          19 -0.24121776648011606     
          11           1  -1.5716633282276785E-010
          11           2   4.5790878522989230E-010
          11           3  -6.6738356979114580E-002
          11           4   6.1211965710485430E-010
          11           5   7.7617624985682751E-009
          11           6  -6.0670328427001739E-010
          11           7  0.15585172359418914     
          11           8  -1.9467116022406873E-011
          11           9   2.7048687982776711E-010
          11          10   1.9485439441601363E-009
          11          11   1.1770935501256380E-002
          11          12   9.9494293543442851E-012
          11          13  -6.6438938385361230E-011
          11          14  -2.0538538186250070E-010
          11          15   1.0077643630431026E-010
          11          16  -2.9260481547137998E-010
          11          17   9.8694837326715059E-010
          11          18  -1.6342598177683736E-011
          11          19  -3.3335451740694022E-010
          12           1  -8.7604682357562870E-011
          12           2   2.5795791699603280E-010
          12           3  -2.0582511990680110E-009
          12           4  -6.6738970722118707E-002
          12           5   9.9963669681819473E-008
          12           6  -4.1093846398849141E-010
          12           7  -7.5588285838178256E-011
          12           8  0.15585359496249043     
          12           9  -2.5499737422885496E-007
          12          10   1.0787079681419533E-009
          12          11   9.9494293543442851E-012
          12          12   1.1771227702485464E-002
          12          13  -3.9936824097088418E-008
          12          14  -1.4209660975040324E-010
          12          15  -3.9554194164229816E-010
          12          16  -9.2169045271953347E-011
          12          17  -4.4555209343500277E-013
          12          18   4.2370389911402365E-010
          12          19  -1.1572710772939335E-010
          13           1  -1.0867449126782810E-009
          13           2   3.1993120817643882E-009
          13           3   2.5792098096125424E-009
          13           4   8.4531644466020016E-008
          13           5  -6.6737834846408078E-002
          13           6  -4.9795835993976539E-009
          13           7   1.5727934087633950E-011
          13           8  -2.5534145976679665E-007
          13           9  0.15585016151966968     
          13          10   1.2829882083791916E-008
          13          11  -6.6438938385361230E-011
          13          12  -3.9936824097088418E-008
          13          13   1.1770692370371007E-002
          13          14  -1.6947650845419200E-009
          13          15  -5.2603952720800001E-011
          13          16  -2.1596844007283866E-009
          13          17  -4.4417928483217439E-010
          13          18   1.5069813866529036E-010
          13          19  -3.0565555910404359E-010
          14           1   4.5274176774449421E-002
          14           2  -8.3124331361984535E-002
          14           3   3.5328547246391178E-009
          14           4   3.4900971344761380E-010
          14           5   3.9633051474212737E-009
          14           6 -0.20099894658709822     
          14           7   7.8163605363723838E-011
          14           8  -7.6219466936771560E-010
          14           9  -9.2733014287323533E-009
          14          10 -0.24123002178514164     
          14          11  -2.0538538186250070E-010
          14          12  -1.4209660975040324E-010
          14          13  -1.6947650845419200E-009
          14          14   4.5403588647404909E-002
          14          15  -1.6752772422174224E-007
          14          16   4.5231270587195407E-002
          14          17   1.0828516496470166E-007
          14          18   2.9565011235000488E-005
          14          19   4.5575296657048500E-002
          15           1  -5.4770951066204016E-012
          15           2   1.9938341320766799E-011
          15           3  -2.8874408447530159E-009
          15           4   8.5209331778868112E-011
          15           5   4.4516733617488053E-009
          15           6  -9.1094826402874995E-011
          15           7   3.8119892337137635E-010
          15           8   1.0511983496710786E-009
          15           9   1.5247633187887282E-010
          15          10  -7.3528086323265903E-011
          15          11   1.0077643630431026E-010
          15          12  -3.9554194164229816E-010
          15          13  -5.2603952720800001E-011
          15          14  -1.6752772422174224E-007
          15          15  0.99999999999996980     
          15          16   7.7384023133694414E-008
          15          17   2.2387465547728879E-014
          15          18  -4.9720322420225064E-008
          15          19   9.0262224940256900E-008
          16           1   4.5273505086452351E-002
          16           2  -8.3122201153549513E-002
          16           3  -3.8882943795970647E-010
          16           4  -1.7952848959748711E-010
          16           5   4.7989780601494525E-011
          16           6 -0.20100582963066757     
          16           7  -1.4985517350018357E-009
          16           8   1.0507978891573071E-010
          16           9  -8.9333382270520948E-009
          16          10 -0.24123471658235229     
          16          11  -2.9260481547137998E-010
          16          12  -9.2169045271953347E-011
          16          13  -2.1596844007283866E-009
          16          14   4.5231270587195407E-002
          16          15   7.7384023133694414E-008
          16          16  0.77932337522315209     
          16          17  -4.0749636699451168E-008
          16          18 -0.12612880167319857     
          16          19 -0.68833987972874733     
          17           1  -8.5405978224629681E-013
          17           2   1.5971267453147749E-012
          17           3  -7.0174436192904367E-009
          17           4   3.1839299728038436E-010
          17           5   3.9912857958252592E-009
          17           6   2.7750470789296184E-011
          17           7   5.1202392654737797E-009
          17           8   3.5832032994815223E-012
          17           9   1.1236746562714871E-009
          17          10   1.8307276143162166E-010
          17          11   9.8694837326715059E-010
          17          12  -4.4555209343500277E-013
          17          13  -4.4417928483217439E-010
          17          14   1.0828516496470166E-007
          17          15   2.2387465547728879E-014
          17          16  -4.0749636699451168E-008
          17          17  0.99999999999997558     
          17          18   1.0418323604030976E-007
          17          19  -6.7648178291499992E-008
          18           1   8.9720626565251641E-008
          18           2  -2.8638142760223629E-007
          18           3   2.7666908615590326E-009
          18           4  -1.9158116952982173E-009
          18           5  -4.7483824240466814E-009
          18           6   9.9899520231787479E-007
          18           7   8.4228947213665323E-011
          18           8   5.7676926035107890E-009
          18           9   2.7554914260297054E-010
          18          10   1.4582349275593128E-006
          18          11  -1.6342598177683736E-011
          18          12   4.2370389911402365E-010
          18          13   1.5069813866529036E-010
          18          14   2.9565011235000488E-005
          18          15  -4.9720322420225064E-008
          18          16 -0.12612880167319857     
          18          17   1.0418323604030976E-007
          18          18   2.1676024321420222E-002
          18          19  0.12609831860198079     
          19           1   4.5274549679326009E-002
          19           2  -8.3125535374150877E-002
          19           3   8.3973233448241724E-009
          19           4  -1.6192155682392555E-009
          19           5  -2.4734639203454389E-008
          19           6 -0.20099420077918984     
          19           7  -1.3129781697027016E-009
          19           8  -8.5263803175695641E-010
          19           9  -4.9466412066107734E-010
          19          10 -0.24121776648011606     
          19          11  -3.3335451740694022E-010
          19          12  -1.1572710772939335E-010
          19          13  -3.0565555910404359E-010
          19          14   4.5575296657048500E-002
          19          15   9.0262224940256900E-008
          19          16 -0.68833987972874733     
          19          17  -6.7648178291499992E-008
          19          18  0.12609831860198079     
          19          19  0.77896866914239260     
