           1           1   2.3640113576136916     
           1           2 -0.99256201679093525     
           1           3   6.0069683797728892E-014
           1           4  -3.8863584170642595E-015
           1           5   4.5895427576701203E-014
           1           6  0.41069691516408813     
           1           7   9.4257549363547681E-015
           1           8   1.6001722328800612E-014
           1           9  -6.3272963802084825E-015
           1          10   5.0475198877304159E-002
           1          11   7.9727273226029895E-015
           1          12   1.5144880206908005E-014
           1          13   1.5989223388316008E-014
           1          14  -7.0890329089814852E-002
           1          15   1.0415182108630179E-014
           1          16  -7.3198659078477127E-002
           1          17  -5.2838177248267531E-015
           1          18  -9.5442425633940971E-015
           1          19  -7.1208129479123278E-002
           2           1 -0.99256201679093525     
           2           2   2.7238266509334235     
           2           3  -1.4031665533272717E-013
           2           4   8.0883625957524746E-015
           2           5  -1.1819254347615841E-013
           2           6  -1.4083543608794296     
           2           7  -2.4676180125750356E-014
           2           8  -4.2523564311466791E-014
           2           9   2.0432083658792047E-014
           2          10 -0.17960918935005901     
           2          11  -2.0539572536686145E-014
           2          12  -4.1697004319984025E-014
           2          13  -3.3363521769474629E-014
           2          14  0.25688212388590259     
           2          15  -1.9385759572846619E-014
           2          16  0.26426475961304563     
           2          17   2.0406812062108800E-014
           2          18   2.3120371957533651E-014
           2          19  0.25789825788017995     
           3           1   6.0069683797728892E-014
           3           2  -1.4031665533272717E-013
           3           3   2.2340236651028498     
           3           4  -4.5791053247485811E-013
           3           5  -8.2627373345295320E-014
           3           6  -2.0958613754400747E-014
           3           7 -0.73259676828715881     
           3           8  -6.5214757238245614E-014
           3           9   2.5222167711647485E-013
           3          10  -4.1400893583507292E-015
           3          11   3.8322308372077570E-002
           3          12  -9.3203278133937358E-016
           3          13   3.1608756263588156E-016
           3          14   6.4684041760502697E-015
           3          15  -2.0049111114116570E-015
           3          16   6.7500675380740325E-015
           3          17   1.1213322242812515E-015
           3          18  -1.0758174397708681E-015
           3          19   5.7396157722965689E-015
           4           1  -3.8863584170642595E-015
           4           2   8.0883625957524746E-015
           4           3  -4.5791053247485811E-013
           4           4   2.2339648446141163     
           4           5   2.9061048683197965E-014
           4           6   5.8719691931984073E-015
           4           7  -6.2510940052543928E-014
           4           8 -0.73236323571151418     
           4           9  -3.2827519623160842E-013
           4          10   5.9876662180778761E-015
           4          11  -6.0736752694334809E-015
           4          12   3.8033977722280003E-002
           4          13   4.6142504158399060E-015
           4          14  -6.9602110588548978E-016
           4          15  -3.4571832869515071E-015
           4          16  -7.6454198510549976E-015
           4          17  -7.1061833379163312E-015
           4          18  -2.7558242505988084E-016
           4          19  -4.0186828830151648E-015
           5           1   4.5895427576701203E-014
           5           2  -1.1819254347615841E-013
           5           3  -8.2627373345295320E-014
           5           4   2.9061048683197965E-014
           5           5   2.2340159215739961     
           5           6  -1.7369395468964771E-014
           5           7   2.5320530736160140E-013
           5           8  -3.2646402185521815E-013
           5           9 -0.73256596891347092     
           5          10  -3.3788477412560942E-015
           5          11  -9.5190534972303288E-016
           5          12  -1.6462216144210823E-015
           5          13   3.8284303227374160E-002
           5          14   5.8836869063627451E-015
           5          15   9.9698279977713828E-016
           5          16   3.9604690560313564E-015
           5          17   3.2799316320737087E-017
           5          18  -1.0144954662505069E-015
           5          19   5.1271777761800722E-015
           6           1  0.41069691516408813     
           6           2  -1.4083543608794296     
           6           3  -2.0958613754400747E-014
           6           4   5.8719691931984073E-015
           6           5  -1.7369395468964771E-014
           6           6   5.1262678849683141     
           6           7   1.6983690752508398E-016
           6           8  -3.7149942788431837E-018
           6           9   3.8510503073078284E-015
           6          10  0.66880196220937926     
           6          11   7.8864543011083786E-017
           6          12  -5.2399416810107976E-015
           6          13  -1.8735888392858095E-015
           6          14 -0.98129989849088650     
           6          15  -3.8953662616204133E-015
           6          16  -1.0049067158604115     
           6          17  -1.3169836383986777E-014
           6          18   3.1618481295372670E-015
           6          19 -0.98454566750459227     
           7           1   9.4257549363547681E-015
           7           2  -2.4676180125750356E-014
           7           3 -0.73259676828715881     
           7           4  -6.2510940052543928E-014
           7           5   2.5320530736160140E-013
           7           6   1.6983690752508398E-016
           7           7   2.2880647532294178     
           7           8   1.9428637107896553E-013
           7           9  -7.7963485141262421E-013
           7          10  -6.9128841673953190E-016
           7          11  -8.6169813751483193E-002
           7          12  -2.4853079357328929E-015
           7          13  -1.1773379820706150E-015
           7          14  -1.4618992853205364E-016
           7          15   5.0861560525994258E-015
           7          16   1.6911706298441228E-015
           7          17  -2.8044288873411150E-015
           7          18   4.4743268386663573E-015
           7          19   3.6990449967975057E-015
           8           1   1.6001722328800612E-014
           8           2  -4.2523564311466791E-014
           8           3  -6.5214757238245614E-014
           8           4 -0.73236323571151418     
           8           5  -3.2646402185521815E-013
           8           6  -3.7149942788431837E-018
           8           7   1.9428637107896553E-013
           8           8   2.2871381167932938     
           8           9   1.0133274876557681E-012
           8          10  -1.1103798888767077E-014
           8          11   1.1913043723613599E-014
           8          12  -8.4997206224062621E-002
           8          13  -1.2419287059089014E-014
           8          14  -8.7798086224711853E-015
           8          15   9.8504906982205620E-015
           8          16   1.4727478427628307E-014
           8          17   1.7974477252326507E-014
           8          18   1.0526840765371361E-016
           8          19   3.3433407857552876E-015
           9           1  -6.3272963802084825E-015
           9           2   2.0432083658792047E-014
           9           3   2.5222167711647485E-013
           9           4  -3.2827519623160842E-013
           9           5 -0.73256596891347092     
           9           6   3.8510503073078284E-015
           9           7  -7.7963485141262421E-013
           9           8   1.0133274876557681E-012
           9           9   2.2879423344025165     
           9          10   6.1131785100985618E-016
           9          11   8.6772514284096707E-016
           9          12   2.1366641849273533E-015
           9          13  -8.6014699469859429E-002
           9          14  -5.5384622977810211E-016
           9          15  -5.6387868454777005E-016
           9          16   4.7114888218166281E-015
           9          17  -3.8444172923987752E-016
           9          18   3.4336456826982976E-015
           9          19  -2.4533575942724294E-015
          10           1   5.0475198877304159E-002
          10           2 -0.17960918935005901     
          10           3  -4.1400893583507292E-015
          10           4   5.9876662180778761E-015
          10           5  -3.3788477412560942E-015
          10           6  0.66880196220937926     
          10           7  -6.9128841673953190E-016
          10           8  -1.1103798888767077E-014
          10           9   6.1131785100985618E-016
          10          10   8.7610978970068212E-002
          10          11  -2.2657669290265653E-016
          10          12  -7.5309146069707507E-016
          10          13  -5.0402435439042692E-016
          10          14 -0.12943371246478969     
          10          15  -1.0870927825429290E-015
          10          16 -0.13230068047391311     
          10          17   1.4827452472278276E-014
          10          18   4.6520199161486590E-017
          10          19 -0.12982789223735752     
          11           1   7.9727273226029895E-015
          11           2  -2.0539572536686145E-014
          11           3   3.8322308372077570E-002
          11           4  -6.0736752694334809E-015
          11           5  -9.5190534972303288E-016
          11           6   7.8864543011083786E-017
          11           7  -8.6169813751483193E-002
          11           8   1.1913043723613599E-014
          11           9   8.6772514284096707E-016
          11          10  -2.2657669290265653E-016
          11          11   6.4176190213973113E-003
          11          12  -9.9387009254466572E-017
          11          13  -9.3901232020447700E-018
          11          14  -9.2600780550176053E-016
          11          15  -5.2737975406365144E-016
          11          16   3.0738402942311827E-015
          11          17   3.7638219230892583E-015
          11          18  -4.6068460698281567E-016
          11          19  -1.0455887798527405E-015
          12           1   1.5144880206908005E-014
          12           2  -4.1697004319984025E-014
          12           3  -9.3203278133937358E-016
          12           4   3.8033977722280003E-002
          12           5  -1.6462216144210823E-015
          12           6  -5.2399416810107976E-015
          12           7  -2.4853079357328929E-015
          12           8  -8.4997206224062621E-002
          12           9   2.1366641849273533E-015
          12          10  -7.5309146069707507E-016
          12          11  -9.9387009254466572E-017
          12          12   6.4196861044051772E-003
          12          13   9.1849223891443847E-018
          12          14   3.5690745893479798E-015
          12          15   6.5939342741327621E-016
          12          16  -2.2151629658931930E-015
          12          17  -9.0296963068342040E-016
          12          18   9.5002920127282601E-016
          12          19   3.4414197726709212E-015
          13           1   1.5989223388316008E-014
          13           2  -3.3363521769474629E-014
          13           3   3.1608756263588156E-016
          13           4   4.6142504158399060E-015
          13           5   3.8284303227374160E-002
          13           6  -1.8735888392858095E-015
          13           7  -1.1773379820706150E-015
          13           8  -1.2419287059089014E-014
          13           9  -8.6014699469859429E-002
          13          10  -5.0402435439042692E-016
          13          11  -9.3901232020447700E-018
          13          12   9.1849223891443847E-018
          13          13   6.4177503676833437E-003
          13          14   3.8673884752363429E-015
          13          15   1.9016060482146140E-017
          13          16  -5.4690651401278180E-015
          13          17   3.1371242809500717E-015
          13          18  -4.4405619107720130E-017
          13          19   4.3436492103352482E-015
          14           1  -7.0890329089814852E-002
          14           2  0.25688212388590259     
          14           3   6.4684041760502697E-015
          14           4  -6.9602110588548978E-016
          14           5   5.8836869063627451E-015
          14           6 -0.98129989849088650     
          14           7  -1.4618992853205364E-016
          14           8  -8.7798086224711853E-015
          14           9  -5.5384622977810211E-016
          14          10 -0.12943371246478969     
          14          11  -9.2600780550176053E-016
          14          12   3.5690745893479798E-015
          14          13   3.8673884752363429E-015
          14          14  0.39221889192525855     
          14          15   1.1701388838475578E-014
          14          16 -0.24722514832562728     
          14          17  -8.5524125904769690E-015
          14          18   1.9685574655312776E-014
          14          19  0.44045641805061092     
          15           1   1.0415182108630179E-014
          15           2  -1.9385759572846619E-014
          15           3  -2.0049111114116570E-015
          15           4  -3.4571832869515071E-015
          15           5   9.9698279977713828E-016
          15           6  -3.8953662616204133E-015
          15           7   5.0861560525994258E-015
          15           8   9.8504906982205620E-015
          15           9  -5.6387868454777005E-016
          15          10  -1.0870927825429290E-015
          15          11  -5.2737975406365144E-016
          15          12   6.5939342741327621E-016
          15          13   1.9016060482146140E-017
          15          14   1.1701388838475578E-014
          15          15  0.99999999999999700     
          15          16  -2.0802180315180412E-014
          15          17   1.6327062303522627E-014
          15          18   8.3266726847946279E-017
          15          19   1.3025879602963423E-014
          16           1  -7.3198659078477127E-002
          16           2  0.26426475961304563     
          16           3   6.7500675380740325E-015
          16           4  -7.6454198510549976E-015
          16           5   3.9604690560313564E-015
          16           6  -1.0049067158604115     
          16           7   1.6911706298441228E-015
          16           8   1.4727478427628307E-014
          16           9   4.7114888218166281E-015
          16          10 -0.13230068047391311     
          16          11   3.0738402942311827E-015
          16          12  -2.2151629658931930E-015
          16          13  -5.4690651401278180E-015
          16          14 -0.24722514832562728     
          16          15  -2.0802180315180412E-014
          16          16   1.1973785876278056     
          16          17   3.6003467164935176E-014
          16          18  -3.7472868812257824E-014
          16          19 -0.35367829580558086     
          17           1  -5.2838177248267531E-015
          17           2   2.0406812062108800E-014
          17           3   1.1213322242812515E-015
          17           4  -7.1061833379163312E-015
          17           5   3.2799316320737087E-017
          17           6  -1.3169836383986777E-014
          17           7  -2.8044288873411150E-015
          17           8   1.7974477252326507E-014
          17           9  -3.8444172923987752E-016
          17          10   1.4827452472278276E-014
          17          11   3.7638219230892583E-015
          17          12  -9.0296963068342040E-016
          17          13   3.1371242809500717E-015
          17          14  -8.5524125904769690E-015
          17          15   1.6327062303522627E-014
          17          16   3.6003467164935176E-014
          17          17   1.9999999999999991     
          17          18   1.6883152482630365E-014
          17          19  -1.2849785374835029E-014
          18           1  -9.5442425633940971E-015
          18           2   2.3120371957533651E-014
          18           3  -1.0758174397708681E-015
          18           4  -2.7558242505988084E-016
          18           5  -1.0144954662505069E-015
          18           6   3.1618481295372670E-015
          18           7   4.4743268386663573E-015
          18           8   1.0526840765371361E-016
          18           9   3.4336456826982976E-015
          18          10   4.6520199161486590E-017
          18          11  -4.6068460698281567E-016
          18          12   9.5002920127282601E-016
          18          13  -4.4405619107720130E-017
          18          14   1.9685574655312776E-014
          18          15   8.3266726847946279E-017
          18          16  -3.7472868812257824E-014
          18          17   1.6883152482630365E-014
          18          18   1.0000000000000013     
          18          19   1.7307931474520475E-014
          19           1  -7.1208129479123278E-002
          19           2  0.25789825788017995     
          19           3   5.7396157722965689E-015
          19           4  -4.0186828830151648E-015
          19           5   5.1271777761800722E-015
          19           6 -0.98454566750459227     
          19           7   3.6990449967975057E-015
          19           8   3.3433407857552876E-015
          19           9  -2.4533575942724294E-015
          19          10 -0.12982789223735752     
          19          11  -1.0455887798527405E-015
          19          12   3.4414197726709212E-015
          19          13   4.3436492103352482E-015
          19          14  0.44045641805061092     
          19          15   1.3025879602963423E-014
          19          16 -0.35367829580558086     
          19          17  -1.2849785374835029E-014
          19          18   1.7307931474520475E-014
          19          19  0.50018784294852137     
