           1           1   2.4671559996448549     
           1           2  -1.2413275129017607     
           1           3   1.2932452057256975E-013
           1           4  -5.9352440147314929E-013
           1           5  -7.0557408162452432E-013
           1           6   2.7369548042302836     
           1           7  -4.6375825968555820E-013
           1           8  -1.8349301734921720E-012
           1           9  -6.8929187978937742E-013
           1          10  -1.1307081089254045     
           1          11   4.0912647908022744E-013
           1          12   2.1638708729599560E-012
           1          13   1.4014293398882571E-012
           1          14   2.2773055689405797E-002
           1          15   2.2865879641501555E-013
           1          16   1.5848064109473539E-012
           1          17   1.3908082721332711E-012
           1          18 -0.99446868428961033     
           1          19   9.6009996865843998E-014
           1          20 -0.99446868428949919     
           1          21  -2.0350478036603627E-013
           1          22  -2.2483381305455229E-013
           1          23 -0.99446868428922797     
           1          24  0.45337550535744242     
           1          25  -5.5247586677151660E-014
           1          26  0.45337550535735971     
           1          27  -1.6511392361121437E-014
           1          28  -2.4902773822552649E-014
           1          29  0.45337550535695048     
           2           1  -1.2413275129017607     
           2           2   3.3789098457340394     
           2           3  -4.1919540303524772E-013
           2           4  -1.5079626561489483E-012
           2           5  -8.4250032363232186E-013
           2           6  -8.2665982453679732     
           2           7   1.3607669626803371E-013
           2           8   2.1606474771994121E-012
           2           9  -1.2589037048048869E-013
           2          10   3.5814507298712441     
           2          11   9.9278483883303922E-014
           2          12  -1.1831765617588173E-012
           2          13  -2.2966472974160481E-013
           2          14  -8.5179618935403545E-002
           2          15   1.9887249664718582E-013
           2          16   1.2354180382553194E-012
           2          17   8.6757783776459398E-013
           2          18   2.9216036301975912     
           2          19  -3.5478854320794529E-013
           2          20   2.9216036301973602     
           2          21   6.1837413534626552E-013
           2          22   6.9376788678592712E-013
           2          23   2.9216036301969073     
           2          24  -1.4077809749378765     
           2          25   2.1096974897720018E-013
           2          26  -1.4077809749377148     
           2          27   3.5393387724757983E-014
           2          28   2.3841196852602361E-014
           2          29  -1.4077809749369221     
           3           1   1.2932452057256975E-013
           3           2  -4.1919540303524772E-013
           3           3   2.7659046119019277     
           3           4   6.0816044041012152E-014
           3           5   2.6142499623404980E-014
           3           6  -2.5217312446422012E-014
           3           7  -1.5581327789843931     
           3           8  -9.6081996525665403E-014
           3           9  -6.7863683422819676E-014
           3          10  -4.6893315071966432E-012
           3          11  0.45663312645595355     
           3          12   5.5564060297275120E-014
           3          13   1.6982422412770148E-013
           3          14   4.1226437451771640E-013
           3          15 -0.10557406591643648     
           3          16  -6.0085270092713472E-013
           3          17  -3.4357239275806251E-013
           3          18   7.0714715622038936E-013
           3          19  -2.6683790738172445E-014
           3          20   2.3855961789234018E-014
           3          21  -7.6639132597899894E-013
           3          22  -7.8047446804062059E-013
           3          23  -5.9603070402582325E-013
           3          24   1.4474542844639286E-012
           3          25  -1.6191102679767622E-014
           3          26   1.9714028682629418E-012
           3          27  -4.0011638364781903E-013
           3          28   4.8449770289269654E-014
           3          29   3.1217238894435093E-012
           4           1  -5.9352440147314929E-013
           4           2  -1.5079626561489483E-012
           4           3   6.0816044041012152E-014
           4           4   2.7659046119019246     
           4           5   1.0945470875142749E-013
           4           6   4.6915118943393251E-012
           4           7  -8.4185696608285454E-014
           4           8  -1.5581327789841719     
           4           9  -7.5982731391477376E-014
           4          10   7.8712174775496697E-013
           4          11   1.2936873794444637E-013
           4          12  0.45663312645535126     
           4          13  -4.1325883687326481E-014
           4          14  -1.4294718518645540E-012
           4          15   2.7011726189130059E-013
           4          16 -0.10557406591519788     
           4          17   7.7283665578242733E-014
           4          18  -4.4164382275151338E-013
           4          19  -3.9364146964527293E-013
           4          20  -1.4148596610561656E-012
           4          21  -7.7102539188215970E-013
           4          22  -5.7729801344050540E-013
           4          23  -1.2579788764966872E-012
           4          24  -9.7434466750928051E-013
           4          25   4.3406431366632404E-013
           4          26  -3.5764772392656523E-013
           4          27   8.3890064153986363E-013
           4          28   2.3589191782113788E-013
           4          29  -1.6400179041041484E-012
           5           1  -7.0557408162452432E-013
           5           2  -8.4250032363232186E-013
           5           3   2.6142499623404980E-014
           5           4   1.0945470875142749E-013
           5           5   2.7659046119017896     
           5           6   1.2801772784548724E-012
           5           7   7.8886550070045303E-016
           5           8  -1.8302828870553345E-013
           5           9  -1.5581327789841537     
           5          10  -7.2291857906875361E-013
           5          11  -7.1360452269519925E-014
           5          12   2.5017011032191228E-013
           5          13  0.45663312645583554     
           5          14  -4.7743043645356005E-013
           5          15   2.5920238178045452E-014
           5          16   1.0808021144725899E-013
           5          17 -0.10557406591629098     
           5          18  -5.8156838133722281E-013
           5          19   6.4462724252964271E-013
           5          20   7.4474328737398258E-014
           5          21   1.8956337688614868E-013
           5          22  -2.8536062766625450E-013
           5          23  -4.8773328646169574E-013
           5          24  -6.4993812903564062E-014
           5          25   7.8790720511827048E-014
           5          26   7.6256612618915022E-015
           5          27   3.2071128257469732E-013
           5          28  -2.5011322818561716E-013
           5          29   1.7690037625810400E-013
           6           1   2.7369548042302836     
           6           2  -8.2665982453679732     
           6           3  -2.5217312446422012E-014
           6           4   4.6915118943393251E-012
           6           5   1.2801772784548724E-012
           6           6   23.567573646863924     
           6           7   9.4696782608239401E-013
           6           8  -6.2416286436695391E-012
           6           9   1.0558560213132395E-012
           6          10  -11.244085458529845     
           6          11  -1.2859302491219576E-012
           6          12   3.6923293373812494E-012
           6          13   3.5654254024169606E-013
           6          14  0.46752135810261930     
           6          15  -2.7553163098876700E-013
           6          16  -3.9920159387650773E-012
           6          17  -2.9303656316109051E-012
           6          18  -7.4110372882113325     
           6          19   1.8855522865410544E-012
           6          20  -7.4110372882103519     
           6          21  -1.3556809517556215E-012
           6          22  -1.8016620379179564E-012
           6          23  -7.4110372882090907     
           6          24   4.1040695427318239     
           6          25  -1.2080015728766050E-012
           6          26   4.1040695427309846     
           6          27  -3.3865726234188428E-014
           6          28  -9.8636243920134274E-014
           6          29   4.1040695427288405     
           7           1  -4.6375825968555820E-013
           7           2   1.3607669626803371E-013
           7           3  -1.5581327789843931     
           7           4  -8.4185696608285454E-014
           7           5   7.8886550070045303E-016
           7           6   9.4696782608239401E-013
           7           7   3.1892149426120566     
           7           8   1.5110915990712570E-013
           7           9   1.0091406876799880E-013
           7          10   8.6112061843111156E-012
           7          11  -1.1407461482829970     
           7          12  -1.9338176893146652E-013
           7          13  -4.3586141640350462E-013
           7          14  -1.1815293644697597E-012
           7          15  0.26821546260762841     
           7          16   1.6051673878969552E-012
           7          17   8.7758966760276280E-013
           7          18  -1.2227030269726995E-012
           7          19   1.8982761776291559E-013
           7          20  -3.7016346224640824E-013
           7          21   1.7444267685209498E-012
           7          22   1.8235659916157448E-012
           7          23   1.1767296845066763E-012
           7          24  -3.0063581075243263E-012
           7          25  -1.2900367700981948E-013
           7          26  -3.3954338730160824E-012
           7          27   1.0771209720917217E-012
           7          28  -1.2760014015127639E-013
           7          29  -6.2606559234293773E-012
           8           1  -1.8349301734921720E-012
           8           2   2.1606474771994121E-012
           8           3  -9.6081996525665403E-014
           8           4  -1.5581327789841719     
           8           5  -1.8302828870553345E-013
           8           6  -6.2416286436695391E-012
           8           7   1.5110915990712570E-013
           8           8   3.1892149426110517     
           8           9   1.7527689369356558E-013
           8          10  -5.5854776343489370E-012
           8          11  -3.2092557777918529E-013
           8          12  -1.1407461482810344     
           8          13   1.7352699138717398E-013
           8          14   2.5358452497377393E-012
           8          15  -6.9554084713985276E-013
           8          16  0.26821546260467832     
           8          17  -1.2605194665837871E-013
           8          18   1.0350914703305782E-012
           8          19   9.4294781282834899E-013
           8          20   2.5104414297632961E-012
           8          21   1.6025337015082142E-012
           8          22   1.1203718977693850E-012
           8          23   1.7760058182010673E-012
           8          24   2.8145594934217474E-012
           8          25  -1.1199087940017407E-012
           8          26   2.3058380553110208E-012
           8          27  -2.1450996372658816E-012
           8          28  -3.8584159132730043E-013
           8          29   5.5346111448165303E-012
           9           1  -6.8929187978937742E-013
           9           2  -1.2589037048048869E-013
           9           3  -6.7863683422819676E-014
           9           4  -7.5982731391477376E-014
           9           5  -1.5581327789841537     
           9           6   1.0558560213132395E-012
           9           7   1.0091406876799880E-013
           9           8   1.7527689369356558E-013
           9           9   3.1892149426118861     
           9          10  -1.5882880710117765E-012
           9          11  -1.2441436769705660E-014
           9          12  -2.7253980322550220E-013
           9          13  -1.1407461482827737     
           9          14   2.2380438669346346E-013
           9          15  -1.4195589148613408E-013
           9          16  -4.2350498108412182E-013
           9          17  0.26821546260724638     
           9          18   2.8013257635373975E-013
           9          19  -1.2381951646351496E-012
           9          20  -1.0456413415240696E-012
           9          21  -6.1090362246456038E-013
           9          22   2.3304320183264794E-013
           9          23   1.0032086313022480E-013
           9          24   1.1135686341444933E-012
           9          25  -1.2480611554999564E-013
           9          26   1.2851760853912142E-012
           9          27  -9.5405696516706631E-013
           9          28   5.4345989915578295E-013
           9          29   8.1299043276744011E-013
          10           1  -1.1307081089254045     
          10           2   3.5814507298712441     
          10           3  -4.6893315071966432E-012
          10           4   7.8712174775496697E-013
          10           5  -7.2291857906875361E-013
          10           6  -11.244085458529845     
          10           7   8.6112061843111156E-012
          10           8  -5.5854776343489370E-012
          10           9  -1.5882880710117765E-012
          10          10   9.5154723913239430     
          10          11  -3.0242784518391267E-011
          10          12   1.1873476390080053E-011
          10          13  -5.4944642360118140E-012
          10          14 -0.93404653423992223     
          10          15  -3.5263374037047184E-014
          10          16   3.6815216976467568E-012
          10          17   1.1720690982614301E-013
          10          18   3.2938471913518654     
          10          19   2.8443951316361226E-012
          10          20   3.2938471913595135     
          10          21  -7.2412985893016723E-012
          10          22  -1.5340235458838335E-011
          10          23   3.2938471913479725     
          10          24  -2.4244623195902211     
          10          25   5.0262493745277655E-012
          10          26  -2.4244623195828039     
          10          27  -4.3411777663276198E-012
          10          28  -6.2902534266631154E-013
          10          29  -2.4244623196059889     
          11           1   4.0912647908022744E-013
          11           2   9.9278483883303922E-014
          11           3  0.45663312645595355     
          11           4   1.2936873794444637E-013
          11           5  -7.1360452269519925E-014
          11           6  -1.2859302491219576E-012
          11           7  -1.1407461482829970     
          11           8  -3.2092557777918529E-013
          11           9  -1.2441436769705660E-014
          11          10  -3.0242784518391267E-011
          11          11   2.5866337013589469     
          11          12   6.7668787240293682E-013
          11          13   4.6765369354773156E-013
          11          14   2.0130175096460108E-012
          11          15 -0.71138719560741470     
          11          16  -3.4321295805384011E-012
          11          17  -1.8332141360488663E-012
          11          18   1.1013271799970677E-012
          11          19  -1.5805620432814436E-013
          11          20   8.8899809969428766E-013
          11          21  -5.6987821276475997E-013
          11          22  -6.1024212338865009E-013
          11          23  -1.4150627216431793E-012
          11          24   1.2983512215525430E-011
          11          25   4.0514261604213402E-013
          11          26   1.2410504132796231E-011
          11          27  -2.1637781251173328E-012
          11          28   2.6489706507255951E-013
          11          29   1.8220081140871638E-011
          12           1   2.1638708729599560E-012
          12           2  -1.1831765617588173E-012
          12           3   5.5564060297275120E-014
          12           4  0.45663312645535126     
          12           5   2.5017011032191228E-013
          12           6   3.6923293373812494E-012
          12           7  -1.9338176893146652E-013
          12           8  -1.1407461482810344     
          12           9  -2.7253980322550220E-013
          12          10   1.1873476390080053E-011
          12          11   6.7668787240293682E-013
          12          12   2.5866337013553133     
          12          13  -5.0246265481668217E-013
          12          14  -5.0409193782114604E-012
          12          15   1.2998768728067489E-012
          12          16 -0.71138719560198915     
          12          17   4.4765580131667093E-013
          12          18  -1.6141093636673287E-012
          12          19  -2.2792496749040698E-014
          12          20  -2.1215451741245578E-012
          12          21  -1.6164445563915469E-013
          12          22   1.8277293561192993E-013
          12          23   6.8880779191449037E-013
          12          24  -5.0574195462217296E-012
          12          25   2.2465918397057388E-012
          12          26  -5.1298477581820105E-012
          12          27   4.4890990018868310E-012
          12          28   2.8771259225106732E-013
          12          29  -1.1115325504548746E-011
          13           1   1.4014293398882571E-012
          13           2  -2.2966472974160481E-013
          13           3   1.6982422412770148E-013
          13           4  -4.1325883687326481E-014
          13           5  0.45663312645583554     
          13           6   3.5654254024169606E-013
          13           7  -4.3586141640350462E-013
          13           8   1.7352699138717398E-013
          13           9  -1.1407461482827737     
          13          10  -5.4944642360118140E-012
          13          11   4.6765369354773156E-013
          13          12  -5.0246265481668217E-013
          13          13   2.5866337013586653     
          13          14  -7.0364623586827818E-013
          13          15   4.1347480994602392E-013
          13          16   9.3119262301044614E-013
          13          17 -0.71138719560698238     
          13          18   1.0370599781104431E-014
          13          19  -5.3119161152208996E-013
          13          20  -2.0968544717160633E-013
          13          21   1.3806889978261799E-013
          13          22   1.1535627781201071E-012
          13          23   4.5599913335875831E-014
          13          24   1.6550200018744865E-012
          13          25   6.9082031600050532E-013
          13          26   1.4341089165401250E-012
          13          27   1.6415613384793569E-012
          13          28  -6.1320693766228756E-013
          13          29   2.2475622249215756E-012
          14           1   2.2773055689405797E-002
          14           2  -8.5179618935403545E-002
          14           3   4.1226437451771640E-013
          14           4  -1.4294718518645540E-012
          14           5  -4.7743043645356005E-013
          14           6  0.46752135810261930     
          14           7  -1.1815293644697597E-012
          14           8   2.5358452497377393E-012
          14           9   2.2380438669346346E-013
          14          10 -0.93404653423992223     
          14          11   2.0130175096460108E-012
          14          12  -5.0409193782114604E-012
          14          13  -7.0364623586827818E-013
          14          14   2.1827476942623814     
          14          15   2.5636185593048637E-012
          14          16   8.0330937203554653E-013
          14          17   1.2014110531451396E-012
          14          18  -9.4747311736825532E-002
          14          19   1.4970841108362185E-013
          14          20  -9.4747311736488649E-002
          14          21  -1.5223850011971714E-013
          14          22  -8.6858467293442418E-013
          14          23  -9.4747311737548939E-002
          14          24  0.11675732668818678     
          14          25   3.1399129913237049E-013
          14          26  0.11675732668898474     
          14          27   1.1138415633727847E-012
          14          28   1.4368647165926375E-012
          14          29  0.11675732668923090     
          15           1   2.2865879641501555E-013
          15           2   1.9887249664718582E-013
          15           3 -0.10557406591643648     
          15           4   2.7011726189130059E-013
          15           5   2.5920238178045452E-014
          15           6  -2.7553163098876700E-013
          15           7  0.26821546260762841     
          15           8  -6.9554084713985276E-013
          15           9  -1.4195589148613408E-013
          15          10  -3.5263374037047184E-014
          15          11 -0.71138719560741470     
          15          12   1.2998768728067489E-012
          15          13   4.1347480994602392E-013
          15          14   2.5636185593048637E-012
          15          15   2.1964245355402037     
          15          16  -4.4964032497318840E-014
          15          17  -1.2989609388114332E-014
          15          18   2.9358262509017425E-013
          15          19  -6.5215481196247008E-013
          15          20   4.0847009953304072E-013
          15          21   3.1664870599588559E-013
          15          22   4.2050390091485540E-013
          15          23  -2.7736926399344899E-013
          15          24  -1.1478371547809546E-012
          15          25   1.7229382531621941E-012
          15          26  -6.4023798565535831E-013
          15          27  -1.5385426335081007E-013
          15          28  -8.0356365035140065E-013
          15          29   8.8862814351723465E-013
          16           1   1.5848064109473539E-012
          16           2   1.2354180382553194E-012
          16           3  -6.0085270092713472E-013
          16           4 -0.10557406591519788     
          16           5   1.0808021144725899E-013
          16           6  -3.9920159387650773E-012
          16           7   1.6051673878969552E-012
          16           8  0.26821546260467832     
          16           9  -4.2350498108412182E-013
          16          10   3.6815216976467568E-012
          16          11  -3.4321295805384011E-012
          16          12 -0.71138719560198915     
          16          13   9.3119262301044614E-013
          16          14   8.0330937203554653E-013
          16          15  -4.4964032497318840E-014
          16          16   2.1964245355403147     
          16          17   4.1633363423443370E-017
          16          18   1.2163938708563632E-012
          16          19  -5.7420586544148704E-013
          16          20   1.3020399542402186E-012
          16          21  -7.3949716926803904E-013
          16          22   2.1339720760597191E-013
          16          23   1.0659036402067577E-012
          16          24  -1.3661582426853460E-012
          16          25   1.0453063783943367E-012
          16          26  -2.4444283596618441E-012
          16          27   1.7299268883831130E-013
          16          28  -1.6562232708933916E-012
          16          29  -8.2714529736359735E-013
          17           1   1.3908082721332711E-012
          17           2   8.6757783776459398E-013
          17           3  -3.4357239275806251E-013
          17           4   7.7283665578242733E-014
          17           5 -0.10557406591629098     
          17           6  -2.9303656316109051E-012
          17           7   8.7758966760276280E-013
          17           8  -1.2605194665837871E-013
          17           9  0.26821546260724638     
          17          10   1.1720690982614301E-013
          17          11  -1.8332141360488663E-012
          17          12   4.4765580131667093E-013
          17          13 -0.71138719560698238     
          17          14   1.2014110531451396E-012
          17          15  -1.2989609388114332E-014
          17          16   4.1633363423443370E-017
          17          17   2.1964245355401748     
          17          18   1.0094099839535316E-012
          17          19   4.2258215359608626E-013
          17          20   1.0511554038717533E-012
          17          21  -1.9139062919484606E-013
          17          22  -7.8276454207725500E-013
          17          23   5.2310848815636228E-013
          17          24  -2.8869716324650672E-013
          17          25  -4.2343261197856212E-013
          17          26   4.5413946594054004E-013
          17          27   5.4257342065116966E-013
          17          28   8.6849081684913344E-013
          17          29  -6.0790812239549457E-014
          18           1 -0.99446868428961033     
          18           2   2.9216036301975912     
          18           3   7.0714715622038936E-013
          18           4  -4.4164382275151338E-013
          18           5  -5.8156838133722281E-013
          18           6  -7.4110372882113325     
          18           7  -1.2227030269726995E-012
          18           8   1.0350914703305782E-012
          18           9   2.8013257635373975E-013
          18          10   3.2938471913518654     
          18          11   1.1013271799970677E-012
          18          12  -1.6141093636673287E-012
          18          13   1.0370599781104431E-014
          18          14  -9.4747311736825532E-002
          18          15   2.9358262509017425E-013
          18          16   1.2163938708563632E-012
          18          17   1.0094099839535316E-012
          18          18   4.8418000231312357     
          18          19  -5.2445832958619366E-013
          18          20   1.4017886603054499     
          18          21  -5.5406498337241092E-014
          18          22   7.7222422344535749E-014
          18          23   1.4017886603046728     
          18          24  -2.0898394827964770     
          18          25   5.2062879394463300E-013
          18          26 -0.85953704522549690     
          18          27   1.8665886649613547E-013
          18          28   1.9306027559532512E-013
          18          29 -0.85953704522465757     
          19           1   9.6009996865843998E-014
          19           2  -3.5478854320794529E-013
          19           3  -2.6683790738172445E-014
          19           4  -3.9364146964527293E-013
          19           5   6.4462724252964271E-013
          19           6   1.8855522865410544E-012
          19           7   1.8982761776291559E-013
          19           8   9.4294781282834899E-013
          19           9  -1.2381951646351496E-012
          19          10   2.8443951316361226E-012
          19          11  -1.5805620432814436E-013
          19          12  -2.2792496749040698E-014
          19          13  -5.3119161152208996E-013
          19          14   1.4970841108362185E-013
          19          15  -6.5215481196247008E-013
          19          16  -5.7420586544148704E-013
          19          17   4.2258215359608626E-013
          19          18  -5.2445832958619366E-013
          19          19   2.2933409085501748     
          19          20  -8.4756098529747414E-013
          19          21   3.3494040855498671E-014
          19          22   1.4014830961795767E-013
          19          23  -2.9422582983178487E-013
          19          24  -1.7721668046400857E-012
          19          25 -0.82020162504690364     
          19          26  -1.1264957880609299E-012
          19          27  -2.1590368336748106E-014
          19          28   1.6808776594317534E-013
          19          29  -1.6976847175305690E-012
          20           1 -0.99446868428949919     
          20           2   2.9216036301973602     
          20           3   2.3855961789234018E-014
          20           4  -1.4148596610561656E-012
          20           5   7.4474328737398258E-014
          20           6  -7.4110372882103519     
          20           7  -3.7016346224640824E-013
          20           8   2.5104414297632961E-012
          20           9  -1.0456413415240696E-012
          20          10   3.2938471913595135     
          20          11   8.8899809969428766E-013
          20          12  -2.1215451741245578E-012
          20          13  -2.0968544717160633E-013
          20          14  -9.4747311736488649E-002
          20          15   4.0847009953304072E-013
          20          16   1.3020399542402186E-012
          20          17   1.0511554038717533E-012
          20          18   1.4017886603054499     
          20          19  -8.4756098529747414E-013
          20          20   4.8418000231301379     
          20          21   1.1559213355987102E-013
          20          22   2.6575260338668295E-013
          20          23   1.4017886603048759     
          20          24 -0.85953704522944374     
          20          25   6.5400127359834909E-013
          20          26  -2.0898394827991726     
          20          27  -3.2204705805285231E-013
          20          28   3.4688695874964571E-014
          20          29 -0.85953704522889895     
          21           1  -2.0350478036603627E-013
          21           2   6.1837413534626552E-013
          21           3  -7.6639132597899894E-013
          21           4  -7.7102539188215970E-013
          21           5   1.8956337688614868E-013
          21           6  -1.3556809517556215E-012
          21           7   1.7444267685209498E-012
          21           8   1.6025337015082142E-012
          21           9  -6.1090362246456038E-013
          21          10  -7.2412985893016723E-012
          21          11  -5.6987821276475997E-013
          21          12  -1.6164445563915469E-013
          21          13   1.3806889978261799E-013
          21          14  -1.5223850011971714E-013
          21          15   3.1664870599588559E-013
          21          16  -7.3949716926803904E-013
          21          17  -1.9139062919484606E-013
          21          18  -5.5406498337241092E-014
          21          19   3.3494040855498671E-014
          21          20   1.1559213355987102E-013
          21          21   2.2933409085507375     
          21          22   1.4201313736576532E-013
          21          23   2.4453586425856970E-013
          21          24   3.4353397085298958E-012
          21          25  -6.1898403024581269E-014
          21          26   3.5474167229235448E-012
          21          27 -0.82020162504757943     
          21          28  -2.5052876441240774E-013
          21          29   2.8379668629389834E-012
          22           1  -2.2483381305455229E-013
          22           2   6.9376788678592712E-013
          22           3  -7.8047446804062059E-013
          22           4  -5.7729801344050540E-013
          22           5  -2.8536062766625450E-013
          22           6  -1.8016620379179564E-012
          22           7   1.8235659916157448E-012
          22           8   1.1203718977693850E-012
          22           9   2.3304320183264794E-013
          22          10  -1.5340235458838335E-011
          22          11  -6.1024212338865009E-013
          22          12   1.8277293561192993E-013
          22          13   1.1535627781201071E-012
          22          14  -8.6858467293442418E-013
          22          15   4.2050390091485540E-013
          22          16   2.1339720760597191E-013
          22          17  -7.8276454207725500E-013
          22          18   7.7222422344535749E-014
          22          19   1.4014830961795767E-013
          22          20   2.6575260338668295E-013
          22          21   1.4201313736576532E-013
          22          22   2.2933409085506717     
          22          23   2.7378740884845441E-013
          22          24   7.2647927273380399E-012
          22          25  -4.9178022763656528E-013
          22          26   7.0098560306041288E-012
          22          27  -8.9692142613865114E-014
          22          28 -0.82020162504749994     
          22          29   7.1194367778534152E-012
          23           1 -0.99446868428922797     
          23           2   2.9216036301969073     
          23           3  -5.9603070402582325E-013
          23           4  -1.2579788764966872E-012
          23           5  -4.8773328646169574E-013
          23           6  -7.4110372882090907     
          23           7   1.1767296845066763E-012
          23           8   1.7760058182010673E-012
          23           9   1.0032086313022480E-013
          23          10   3.2938471913479725     
          23          11  -1.4150627216431793E-012
          23          12   6.8880779191449037E-013
          23          13   4.5599913335875831E-014
          23          14  -9.4747311737548939E-002
          23          15  -2.7736926399344899E-013
          23          16   1.0659036402067577E-012
          23          17   5.2310848815636228E-013
          23          18   1.4017886603046728     
          23          19  -2.9422582983178487E-013
          23          20   1.4017886603048759     
          23          21   2.4453586425856970E-013
          23          22   2.7378740884845441E-013
          23          23   4.8418000231295251     
          23          24 -0.85953704522398322     
          23          25  -9.9749954483253514E-014
          23          26 -0.85953704522415786     
          23          27   6.5613331832953974E-014
          23          28  -1.1692787065349523E-013
          23          29  -2.0898394827939679     
          24           1  0.45337550535744242     
          24           2  -1.4077809749378765     
          24           3   1.4474542844639286E-012
          24           4  -9.7434466750928051E-013
          24           5  -6.4993812903564062E-014
          24           6   4.1040695427318239     
          24           7  -3.0063581075243263E-012
          24           8   2.8145594934217474E-012
          24           9   1.1135686341444933E-012
          24          10  -2.4244623195902211     
          24          11   1.2983512215525430E-011
          24          12  -5.0574195462217296E-012
          24          13   1.6550200018744865E-012
          24          14  0.11675732668818678     
          24          15  -1.1478371547809546E-012
          24          16  -1.3661582426853460E-012
          24          17  -2.8869716324650672E-013
          24          18  -2.0898394827964770     
          24          19  -1.7721668046400857E-012
          24          20 -0.85953704522944374     
          24          21   3.4353397085298958E-012
          24          22   7.2647927273380399E-012
          24          23 -0.85953704522398322     
          24          24   3.0616041977894053     
          24          25  -1.9377154662495408E-012
          24          26 -0.37840716503971394     
          24          27   1.9445044302528907E-012
          24          28   2.2569239598877744E-013
          24          29 -0.37840716502854899     
          25           1  -5.5247586677151660E-014
          25           2   2.1096974897720018E-013
          25           3  -1.6191102679767622E-014
          25           4   4.3406431366632404E-013
          25           5   7.8790720511827048E-014
          25           6  -1.2080015728766050E-012
          25           7  -1.2900367700981948E-013
          25           8  -1.1199087940017407E-012
          25           9  -1.2480611554999564E-013
          25          10   5.0262493745277655E-012
          25          11   4.0514261604213402E-013
          25          12   2.2465918397057388E-012
          25          13   6.9082031600050532E-013
          25          14   3.1399129913237049E-013
          25          15   1.7229382531621941E-012
          25          16   1.0453063783943367E-012
          25          17  -4.2343261197856212E-013
          25          18   5.2062879394463300E-013
          25          19 -0.82020162504690364     
          25          20   6.5400127359834909E-013
          25          21  -6.1898403024581269E-014
          25          22  -4.9178022763656528E-013
          25          23  -9.9749954483253514E-014
          25          24  -1.9377154662495408E-012
          25          25   2.2933409085505341     
          25          26  -1.8679518267620524E-012
          25          27  -3.3029136079501607E-015
          25          28  -2.1926904772538663E-014
          25          29  -1.9218947880153080E-012
          26           1  0.45337550535735971     
          26           2  -1.4077809749377148     
          26           3   1.9714028682629418E-012
          26           4  -3.5764772392656523E-013
          26           5   7.6256612618915022E-015
          26           6   4.1040695427309846     
          26           7  -3.3954338730160824E-012
          26           8   2.3058380553110208E-012
          26           9   1.2851760853912142E-012
          26          10  -2.4244623195828039     
          26          11   1.2410504132796231E-011
          26          12  -5.1298477581820105E-012
          26          13   1.4341089165401250E-012
          26          14  0.11675732668898474     
          26          15  -6.4023798565535831E-013
          26          16  -2.4444283596618441E-012
          26          17   4.5413946594054004E-013
          26          18 -0.85953704522549690     
          26          19  -1.1264957880609299E-012
          26          20  -2.0898394827991726     
          26          21   3.5474167229235448E-012
          26          22   7.0098560306041288E-012
          26          23 -0.85953704522415786     
          26          24 -0.37840716503971394     
          26          25  -1.8679518267620524E-012
          26          26   3.0616041977828070     
          26          27   1.9388631093690695E-012
          26          28   2.2405828642844949E-013
          26          29 -0.37840716503197647     
          27           1  -1.6511392361121437E-014
          27           2   3.5393387724757983E-014
          27           3  -4.0011638364781903E-013
          27           4   8.3890064153986363E-013
          27           5   3.2071128257469732E-013
          27           6  -3.3865726234188428E-014
          27           7   1.0771209720917217E-012
          27           8  -2.1450996372658816E-012
          27           9  -9.5405696516706631E-013
          27          10  -4.3411777663276198E-012
          27          11  -2.1637781251173328E-012
          27          12   4.4890990018868310E-012
          27          13   1.6415613384793569E-012
          27          14   1.1138415633727847E-012
          27          15  -1.5385426335081007E-013
          27          16   1.7299268883831130E-013
          27          17   5.4257342065116966E-013
          27          18   1.8665886649613547E-013
          27          19  -2.1590368336748106E-014
          27          20  -3.2204705805285231E-013
          27          21 -0.82020162504757943     
          27          22  -8.9692142613865114E-014
          27          23   6.5613331832953974E-014
          27          24   1.9445044302528907E-012
          27          25  -3.3029136079501607E-015
          27          26   1.9388631093690695E-012
          27          27   2.2933409085504399     
          27          28  -2.1881801897213524E-014
          27          29   1.9336381222941258E-012
          28           1  -2.4902773822552649E-014
