           1           1   2.4682256219797249     
           1           2  -1.2434714267264821     
           1           3  -9.7519316122301480E-015
           1           4  -1.4400154384187212E-014
           1           5   8.2964754761112884E-015
           1           6   2.7114409857896105     
           1           7  -1.6219012892484427E-015
           1           8  -7.3454694095638293E-015
           1           9  -2.2632948281960349E-015
           1          10  -1.0897063460163157     
           1          11   3.2392594082049153E-017
           1          12  -7.5740913539029867E-016
           1          13   1.1033921820737479E-015
           1          14   2.3387218918393675E-002
           1          15  -3.3392795568510820E-016
           1          16   3.4028407193003527E-015
           1          17  -2.5591149473959092E-015
           1          18 -0.98203752312232329     
           1          19  -6.0002325078684383E-015
           1          20 -0.98203752312233639     
           1          21  -2.1844981560891134E-017
           1          22  -7.5293412200783362E-015
           1          23 -0.98203752312238357     
           1          24  0.43456942912979646     
           1          25   5.8254245967655913E-015
           1          26  0.43456942912978513     
           1          27   2.4261804572786025E-015
           1          28   3.2779764797462833E-015
           1          29  0.43456942912980179     
           2           1  -1.2434714267264821     
           2           2   3.3803657263502176     
           2           3   2.6891074852167613E-014
           2           4   5.1685143474260736E-014
           2           5  -3.6930987194697264E-014
           2           6  -8.1549462461777757     
           2           7  -3.3119935902446464E-015
           2           8   2.2204228187312780E-014
           2           9   2.0075944119357952E-016
           2          10   3.4528790479133251     
           2          11  -2.4597220293732059E-015
           2          12   4.1735608670972953E-015
           2          13   6.5917179566826349E-016
           2          14  -8.6715090007460333E-002
           2          15   1.2126549696361764E-015
           2          16  -1.6899286767063563E-014
           2          17   6.7865065550122791E-015
           2          18   2.8706180658409894     
           2          19   1.2013493470017463E-014
           2          20   2.8706180658410156     
           2          21  -6.3628273411162159E-016
           2          22   1.3107354640616670E-014
           2          23   2.8706180658410441     
           2          24  -1.3492915136567563     
           2          25  -1.6184965265268003E-014
           2          26  -1.3492915136567107     
           2          27  -1.0724503139157125E-014
           2          28  -2.9827154611301195E-015
           2          29  -1.3492915136567145     
           3           1  -9.7519316122301480E-015
           3           2   2.6891074852167613E-014
           3           3   2.7659046119017638     
           3           4  -1.4564358833540902E-014
           3           5   2.3760236399911205E-014
           3           6  -1.0318143470040895E-013
           3           7  -1.5581327789840882     
           3           8   3.4939499210517866E-015
           3           9  -7.0882969632757309E-015
           3          10  -8.4233750306482781E-016
           3          11  0.45663312645560511     
           3          12  -4.9097011178833583E-015
           3          13   4.0616381785651967E-015
           3          14   4.6327989106035599E-016
           3          15 -0.10557406591626647     
           3          16   8.7516799363029918E-015
           3          17  -9.8532293435482643E-016
           3          18  -4.0756677371751225E-014
           3          19   1.2697053168247474E-014
           3          20   9.5502856278352979E-014
           3          21  -3.3476102562196515E-015
           3          22   1.1353846782729861E-014
           3          23   7.6838962151035007E-014
           3          24   5.9720420257059622E-015
           3          25  -6.6320461973603279E-015
           3          26  -4.1875119921255704E-015
           3          27   8.8887696244360658E-015
           3          28   1.1609896682282994E-014
           3          29  -2.4161095058927774E-015
           4           1  -1.4400154384187212E-014
           4           2   5.1685143474260736E-014
           4           3  -1.4564358833540902E-014
           4           4   2.7659046119017674     
           4           5   1.5089058474915262E-014
           4           6  -3.0965436875680056E-013
           4           7   2.9808837689881962E-014
           4           8  -1.5581327789840835     
           4           9  -3.5472926679380734E-014
           4          10  -8.1183804230903359E-013
           4          11  -7.1141009749808859E-015
           4          12  0.45663312645558518     
           4          13   1.9194715261683370E-014
           4          14  -2.8581585396922712E-014
           4          15   8.3873880063478623E-015
           4          16 -0.10557406591624727     
           4          17  -1.0730999422392529E-014
           4          18   1.4376431215202066E-013
           4          19   8.2281645376693475E-016
           4          20   2.0957279192765097E-013
           4          21  -1.3139273388756457E-014
           4          22   6.5024563041056000E-015
           4          23   8.6352447880275534E-014
           4          24   3.7915399352926959E-013
           4          25  -7.4610236168755784E-015
           4          26   3.5258160559251538E-013
           4          27   2.0056533301334564E-014
           4          28  -6.7371226218932066E-015
           4          29   3.7732354294795174E-013
           5           1   8.2964754761112884E-015
           5           2  -3.6930987194697264E-014
           5           3   2.3760236399911205E-014
           5           4   1.5089058474915262E-014
           5           5   2.7659046119017248     
           5           6   3.8323382243584921E-013
           5           7  -4.0262064515683704E-014
           5           8  -1.3422422895370545E-015
           5           9  -1.5581327789840436     
           5          10   9.5926074144881213E-013
           5          11   7.8155797805790073E-015
           5          12   2.3871529752916842E-014
           5          13  0.45663312645557985     
           5          14   3.6133864112896716E-014
           5          15  -1.3206449822611432E-014
           5          16  -2.0879131756856850E-014
           5          17 -0.10557406591625094     
           5          18  -1.3392830497282611E-013
           5          19   1.2013916755451878E-015
           5          20  -2.2023380255833552E-013
           5          21   1.7100093311072417E-014
           5          22  -5.4459384799880872E-016
           5          23  -1.4940551444840450E-013
           5          24  -4.5410937337110594E-013
           5          25  -1.6464983081766543E-014
           5          26  -4.1333669615457597E-013
           5          27  -1.6133364922690921E-014
           5          28  -8.6796828583599055E-015
           5          29  -4.3824046918480890E-013
           6           1   2.7114409857896105     
           6           2  -8.1549462461777757     
           6           3  -1.0318143470040895E-013
           6           4  -3.0965436875680056E-013
           6           5   3.8323382243584921E-013
           6           6   22.907639741828135     
           6           7   2.0153657711860125E-014
           6           8  -7.3851561351647508E-014
           6           9  -7.6012834423498838E-015
           6          10  -10.731043342305750     
           6          11   1.0501266807893585E-014
           6          12  -1.2609936282565330E-014
           6          13  -2.2367757537263549E-015
           6          14  0.46566686011594022     
           6          15  -3.6716084503847606E-015
           6          16   4.8880385471102345E-014
           6          17  -2.4352434919645595E-014
           6          18  -7.1600227633017646     
           6          19  -5.2527931550059070E-014
           6          20  -7.1600227633019227     
           6          21   3.4538250385571068E-015
           6          22  -3.4187829776176865E-014
           6          23  -7.1600227632995654     
           6          24   3.8820516990526341     
           6          25   6.2296256180848801E-014
           6          26   3.8820516990529286     
           6          27   5.0530971508737252E-014
           6          28   1.5387653092558490E-014
           6          29   3.8820516990515808     
           7           1  -1.6219012892484427E-015
           7           2  -3.3119935902446464E-015
           7           3  -1.5581327789840882     
           7           4   2.9808837689881962E-014
           7           5  -4.0262064515683704E-014
           7           6   2.0153657711860125E-014
           7           7   3.1892149426115117     
           7           8  -3.8831785009740827E-015
           7           9  -2.2030988144905450E-016
           7          10  -1.7002045385551133E-013
           7          11  -1.1407461482823436     
           7          12   9.0665322471927823E-015
           7          13  -2.2733551152676057E-015
           7          14  -9.8659087581581972E-015
           7          15  0.26821546260716222     
           7          16  -1.9614518342869758E-014
           7          17   1.4970663597679845E-015
           7          18   1.4892763024209254E-013
           7          19  -1.9050790107335972E-014
           7          20  -8.4763595396354579E-014
           7          21   5.9388723834613865E-015
           7          22  -1.7833530634710041E-014
           7          23  -7.6294173164567425E-014
           7          24   6.2663675728144650E-014
           7          25   1.5216265722500563E-014
           7          26   8.2870808133751011E-014
           7          27  -1.7113955807089297E-014
           7          28  -2.1525200520216751E-014
           7          29   8.9962831760118857E-014
           8           1  -7.3454694095638293E-015
           8           2   2.2204228187312780E-014
           8           3   3.4939499210517866E-015
           8           4  -1.5581327789840835     
           8           5  -1.3422422895370545E-015
           8           6  -7.3851561351647508E-014
           8           7  -3.8831785009740827E-015
           8           8   3.1892149426114953     
           8           9   2.4945323584546486E-015
           8          10   1.9942036467395144E-013
           8          11   1.7251824968589347E-015
           8          12  -1.1407461482823300     
           8          13  -8.0664641632921530E-015
           8          14   1.4248161697306910E-014
           8          15   1.0049253096333643E-014
           8          16  0.26821546260714391     
           8          17   1.0727529975440575E-014
           8          18  -2.6167490551059626E-014
           8          19   9.8581136336795128E-015
           8          20  -3.2790777908153193E-014
           8          21   1.5830167275099857E-014
           8          22  -7.6146880862762439E-015
           8          23   1.1881658014757599E-013
           8          24  -6.6882783879646703E-014
           8          25   2.3878023360208203E-014
           8          26  -9.7120066554898841E-014
           8          27  -1.9787054470132594E-014
           8          28   5.3540022368936867E-014
           8          29  -1.1796782026294699E-013
           9           1  -2.2632948281960349E-015
           9           2   2.0075944119357952E-016
           9           3  -7.0882969632757309E-015
           9           4  -3.5472926679380734E-014
           9           5  -1.5581327789840436     
           9           6  -7.6012834423498838E-015
           9           7  -2.2030988144905450E-016
           9           8   2.4945323584546486E-015
           9           9   3.1892149426115028     
           9          10  -1.6200944274697935E-013
           9          11   3.2066363453431279E-015
           9          12  -6.1860239153332941E-015
           9          13  -1.1407461482823367     
           9          14  -1.2236169227493802E-014
           9          15  -8.1670781248988078E-015
           9          16   1.2101430968414206E-014
           9          17  0.26821546260714835     
           9          18  -2.4248512399717241E-014
           9          19  -2.3750585869067532E-014
           9          20   2.8874089872659072E-014
           9          21  -1.5417957828868365E-014
           9          22  -8.3334452786799823E-015
           9          23  -9.2016244966326674E-015
           9          24   5.8967427959555994E-014
           9          25   2.6138969828838387E-014
           9          26   7.1113459315352980E-014
           9          27  -2.9721030088714806E-015
           9          28  -2.3284729162257414E-014
           9          29   7.8072173407181571E-014
          10           1  -1.0897063460163157     
          10           2   3.4528790479133251     
          10           3  -8.4233750306482781E-016
          10           4  -8.1183804230903359E-013
          10           5   9.5926074144881213E-013
          10           6  -10.731043342305750     
          10           7  -1.7002045385551133E-013
          10           8   1.9942036467395144E-013
          10           9  -1.6200944274697935E-013
          10          10   8.7171859768300450     
          10          11  -7.3246206263388532E-014
          10          12   6.7419500827566984E-014
          10          13   1.0124466370390430E-014
          10          14 -0.87249447349836529     
          10          15   5.8294055444866210E-014
          10          16  -2.0303762132244759E-013
          10          17   6.8366301396855847E-014
          10          18   3.1112301447536241     
          10          19  -8.7282565027841761E-014
          10          20   3.1112301447393547     
          10          21  -2.8731728933396320E-013
          10          22   4.0061409648494404E-014
          10          23   3.1112301447372026     
          10          24  -2.1585352534173317     
          10          25   3.6143631240046990E-013
          10          26  -2.1585352533984112     
          10          27   1.2156898646182964E-013
          10          28  -3.1478812736179729E-013
          10          29  -2.1585352533975501     
          11           1   3.2392594082049153E-017
          11           2  -2.4597220293732059E-015
          11           3  0.45663312645560511     
          11           4  -7.1141009749808859E-015
          11           5   7.8155797805790073E-015
          11           6   1.0501266807893585E-014
          11           7  -1.1407461482823436     
          11           8   1.7251824968589347E-015
          11           9   3.2066363453431279E-015
          11          10  -7.3246206263388532E-014
          11          11   2.5866337013584424     
          11          12  -1.2633991075539086E-014
          11          13   3.1450536619459513E-015
          11          14   1.1461262921943292E-014
          11          15 -0.71138719560655661     
          11          16   4.1779080195425422E-014
          11          17  -1.7964796317215814E-014
          11          18   1.4609777446461587E-014
          11          19   1.9734670129575276E-014
          11          20  -4.4716236716752765E-014
          11          21  -4.1456012080515656E-015
          11          22  -1.7475741810179289E-014
          11          23   2.6021295010301415E-014
          11          24   9.5255360591998690E-014
          11          25  -4.6213974316178300E-014
          11          26   1.1446113750401286E-014
          11          27   1.9096871208514608E-014
          11          28   3.7473358092935506E-014
          11          29  -2.4481597317777356E-014
          12           1  -7.5740913539029867E-016
          12           2   4.1735608670972953E-015
          12           3  -4.9097011178833583E-015
          12           4  0.45663312645558518     
          12           5   2.3871529752916842E-014
          12           6  -1.2609936282565330E-014
          12           7   9.0665322471927823E-015
          12           8  -1.1407461482823300     
          12           9  -6.1860239153332941E-015
          12          10   6.7419500827566984E-014
          12          11  -1.2633991075539086E-014
          12          12   2.5866337013584166     
          12          13   1.9186041644303486E-014
          12          14  -3.2107560599605480E-014
          12          15  -1.3371248552829229E-014
          12          16 -0.71138719560651842     
          12          17  -1.6861512186494565E-014
          12          18   5.0079652787382604E-015
          12          19   1.8941548411766509E-014
          12          20   1.4242034908912248E-014
          12          21  -2.2885782148684383E-014
          12          22   3.7562912234812904E-014
          12          23  -1.7383693551912925E-014
          12          24  -1.0435019781173953E-013
          12          25  -3.6739067889702529E-014
          12          26  -1.3305870622692983E-014
          12          27   5.5680492332057640E-014
          12          28  -1.0214972430203694E-013
          12          29   6.3015491237056454E-014
          13           1   1.1033921820737479E-015
          13           2   6.5917179566826349E-016
          13           3   4.0616381785651967E-015
          13           4   1.9194715261683370E-014
          13           5  0.45663312645557985     
          13           6  -2.2367757537263549E-015
          13           7  -2.2733551152676057E-015
          13           8  -8.0664641632921530E-015
          13           9  -1.1407461482823367     
          13          10   1.0124466370390430E-014
          13          11   3.1450536619459513E-015
          13          12   1.9186041644303486E-014
          13          13   2.5866337013584304     
          13          14   2.6270039073298103E-014
          13          15   1.1882855810441129E-014
          13          16  -3.3348324102178140E-014
          13          17 -0.71138719560653585     
          13          18  -1.8363220630068056E-014
          13          19   1.8172898609694743E-014
          13          20  -8.1912788619620259E-015
          13          21  -5.1908005480372326E-015
          13          22  -1.1890246756117615E-014
          13          23   2.9750159885283830E-014
          13          24   9.8025900860004931E-015
          13          25  -4.5384580178283007E-014
          13          26   4.9270817053734232E-015
          13          27   5.6884542112506076E-015
          13          28   3.6087693228764658E-014
          13          29  -2.4118059131479004E-014
          14           1   2.3387218918393675E-002
          14           2  -8.6715090007460333E-002
          14           3   4.6327989106035599E-016
          14           4  -2.8581585396922712E-014
          14           5   3.6133864112896716E-014
          14           6  0.46566686011594022     
          14           7  -9.8659087581581972E-015
          14           8   1.4248161697306910E-014
          14           9  -1.2236169227493802E-014
          14          10 -0.87249447349836529     
          14          11   1.1461262921943292E-014
          14          12  -3.2107560599605480E-014
          14          13   2.6270039073298103E-014
          14          14   2.1841054630099310     
          14          15  -2.0299408838700353E-014
          14          16   1.1229373369623163E-013
          14          17  -7.9251828109741762E-014
          14          18  -9.3139304664254796E-002
          14          19  -5.0752938722053486E-014
          14          20  -9.3139304664383846E-002
          14          21  -1.4116994420985633E-014
          14          22   1.6233957554574986E-014
          14          23  -9.3139304664341699E-002
          14          24   8.8081655863123318E-002
          14          25   1.3191644645053965E-013
          14          26   8.8081655863232883E-002
          14          27   1.3219273858181880E-014
          14          28  -5.0935588260023695E-014
          14          29   8.8081655863161079E-002
          15           1  -3.3392795568510820E-016
          15           2   1.2126549696361764E-015
          15           3 -0.10557406591626647     
          15           4   8.3873880063478623E-015
          15           5  -1.3206449822611432E-014
          15           6  -3.6716084503847606E-015
          15           7  0.26821546260716222     
          15           8   1.0049253096333643E-014
          15           9  -8.1670781248988078E-015
          15          10   5.8294055444866210E-014
          15          11 -0.71138719560655661     
          15          12  -1.3371248552829229E-014
          15          13   1.1882855810441129E-014
          15          14  -2.0299408838700353E-014
          15          15   2.1964245355402143     
          15          16  -5.2735593669694936E-016
          15          17  -7.4940054162198066E-016
          15          18   2.6162479099124823E-014
          15          19  -5.2789166661139081E-014
          15          20   2.5336475901001411E-014
          15          21   1.4033511890303284E-014
          15          22   5.7607492432279157E-014
          15          23  -5.7169957372807623E-014
          15          24  -1.3538235567165093E-013
          15          25   1.1999780035502309E-013
          15          26  -2.1867244201765587E-014
          15          27  -2.7580661090991706E-014
          15          28  -1.4008131465399628E-013
          15          29   9.7529233874406643E-014
          16           1   3.4028407193003527E-015
          16           2  -1.6899286767063563E-014
          16           3   8.7516799363029918E-015
          16           4 -0.10557406591624727     
          16           5  -2.0879131756856850E-014
          16           6   4.8880385471102345E-014
          16           7  -1.9614518342869758E-014
          16           8  0.26821546260714391     
          16           9   1.2101430968414206E-014
          16          10  -2.0303762132244759E-013
          16          11   4.1779080195425422E-014
          16          12 -0.71138719560651842     
          16          13  -3.3348324102178140E-014
          16          14   1.1229373369623163E-013
          16          15  -5.2735593669694936E-016
          16          16   2.1964245355402183     
          16          17  -2.6645352591003757E-015
          16          18  -7.9943589558125214E-014
          16          19   3.9212541681621154E-014
          16          20   5.1550532247013589E-014
          16          21   9.2496151560505492E-014
          16          22  -1.0087941063074179E-013
          16          23   1.5399731075432628E-014
          16          24   2.5088278286088500E-013
          16          25  -8.0193096131090590E-014
          16          26  -2.4456834770602482E-014
          16          27  -2.2044433086268936E-013
          16          28   2.6197661697454585E-013
          16          29  -5.0103923947038602E-014
          17           1  -2.5591149473959092E-015
          17           2   6.7865065550122791E-015
          17           3  -9.8532293435482643E-016
          17           4  -1.0730999422392529E-014
          17           5 -0.10557406591625094     
          17           6  -2.4352434919645595E-014
          17           7   1.4970663597679845E-015
          17           8   1.0727529975440575E-014
          17           9  0.26821546260714835     
          17          10   6.8366301396855847E-014
          17          11  -1.7964796317215814E-014
          17          12  -1.6861512186494565E-014
          17          13 -0.71138719560653585     
          17          14  -7.9251828109741762E-014
          17          15  -7.4940054162198066E-016
          17          16  -2.6645352591003757E-015
          17          17   2.1964245355402174     
          17          18   5.5904592293627509E-014
          17          19  -4.1011213730531403E-014
          17          20  -2.2472892470163615E-014
          17          21   1.8181275828282344E-014
          17          22   6.6486960425252694E-014
          17          23  -2.6715586517416110E-014
          17          24  -3.2202211202703127E-014
          17          25   9.0149373736314103E-014
          17          26  -2.1429091267459512E-014
          17          27  -3.6962364430406907E-014
          17          28  -1.6960108153810831E-013
          17          29   1.2030629912208475E-014
          18           1 -0.98203752312232329     
          18           2   2.8706180658409894     
          18           3  -4.0756677371751225E-014
          18           4   1.4376431215202066E-013
          18           5  -1.3392830497282611E-013
          18           6  -7.1600227633017646     
          18           7   1.4892763024209254E-013
          18           8  -2.6167490551059626E-014
          18           9  -2.4248512399717241E-014
          18          10   3.1112301447536241     
          18          11   1.4609777446461587E-014
          18          12   5.0079652787382604E-015
          18          13  -1.8363220630068056E-014
          18          14  -9.3139304664254796E-002
          18          15   2.6162479099124823E-014
          18          16  -7.9943589558125214E-014
          18          17   5.5904592293627509E-014
          18          18   4.7498639680695014     
          18          19   4.8007082283274839E-013
          18          20   1.3098526052437545     
          18          21  -1.7934845178453302E-013
          18          22  -8.3686105657744279E-014
          18          23   1.3098526052426678     
          18          24  -2.0121611573940648     
          18          25   8.6063115130708335E-014
          18          26 -0.78185871982323163     
          18          27  -1.4062809351310877E-013
          18          28  -2.3553632333087369E-013
          18          29 -0.78185871982261612     
          19           1  -6.0002325078684383E-015
          19           2   1.2013493470017463E-014
          19           3   1.2697053168247474E-014
          19           4   8.2281645376693475E-016
          19           5   1.2013916755451878E-015
          19           6  -5.2527931550059070E-014
          19           7  -1.9050790107335972E-014
          19           8   9.8581136336795128E-015
          19           9  -2.3750585869067532E-014
          19          10  -8.7282565027841761E-014
          19          11   1.9734670129575276E-014
          19          12   1.8941548411766509E-014
          19          13   1.8172898609694743E-014
          19          14  -5.0752938722053486E-014
          19          15  -5.2789166661139081E-014
          19          16   3.9212541681621154E-014
          19          17  -4.1011213730531403E-014
          19          18   4.8007082283274839E-013
          19          19   2.2933409085504861     
          19          20  -1.0585147233586667E-014
          19          21   3.0184188482200514E-015
          19          22  -4.3576253716639197E-015
          19          23  -4.2812096164160543E-013
          19          24   1.4600913431629707E-013
          19          25 -0.82020162504727701     
          19          26   2.9017365353726674E-013
          19          27  -2.2482016249143781E-015
          19          28   5.5094817597252968E-015
          19          29  -2.7742259917821906E-013
          20           1 -0.98203752312233639     
          20           2   2.8706180658410156     
          20           3   9.5502856278352979E-014
          20           4   2.0957279192765097E-013
          20           5  -2.2023380255833552E-013
          20           6  -7.1600227633019227     
          20           7  -8.4763595396354579E-014
          20           8  -3.2790777908153193E-014
          20           9   2.8874089872659072E-014
          20          10   3.1112301447393547     
          20          11  -4.4716236716752765E-014
          20          12   1.4242034908912248E-014
          20          13  -8.1912788619620259E-015
          20          14  -9.3139304664383846E-002
          20          15   2.5336475901001411E-014
          20          16   5.1550532247013589E-014
          20          17  -2.2472892470163615E-014
          20          18   1.3098526052437545     
          20          19  -1.0585147233586667E-014
          20          20   4.7498639680694552     
          20          21  -1.4234595476649841E-013
          20          22   5.4791193287826862E-013
          20          23   1.3098526052426958     
          20          24 -0.78185871981667265     
          20          25   1.9612942862106054E-013
          20          26  -2.0121611573876761     
          20          27   5.5794701952109984E-014
          20          28   2.4649782890707331E-014
          20          29 -0.78185871981618937     
          21           1  -2.1844981560891134E-017
          21           2  -6.3628273411162159E-016
          21           3  -3.3476102562196515E-015
          21           4  -1.3139273388756457E-014
          21           5   1.7100093311072417E-014
          21           6   3.4538250385571068E-015
          21           7   5.9388723834613865E-015
          21           8   1.5830167275099857E-014
          21           9  -1.5417957828868365E-014
          21          10  -2.8731728933396320E-013
          21          11  -4.1456012080515656E-015
          21          12  -2.2885782148684383E-014
          21          13  -5.1908005480372326E-015
          21          14  -1.4116994420985633E-014
          21          15   1.4033511890303284E-014
          21          16   9.2496151560505492E-014
          21          17   1.8181275828282344E-014
          21          18  -1.7934845178453302E-013
          21          19   3.0184188482200514E-015
          21          20  -1.4234595476649841E-013
          21          21   2.2933409085504790     
          21          22   1.5230872119025883E-015
          21          23   3.1105794613675722E-013
          21          24  -3.5357029270403847E-014
          21          25  -2.2204460492954549E-015
          21          26   2.3377850106195358E-013
          21          27 -0.82020162504726812     
          21          28  -1.4554329963310619E-015
          21          29   2.1026775180428030E-013
          22           1  -7.5293412200783362E-015
          22           2   1.3107354640616670E-014
          22           3   1.1353846782729861E-014
          22           4   6.5024563041056000E-015
          22           5  -5.4459384799880872E-016
          22           6  -3.4187829776176865E-014
          22           7  -1.7833530634710041E-014
          22           8  -7.6146880862762439E-015
          22           9  -8.3334452786799823E-015
          22          10   4.0061409648494404E-014
          22          11  -1.7475741810179289E-014
          22          12   3.7562912234812904E-014
          22          13  -1.1890246756117615E-014
          22          14   1.6233957554574986E-014
          22          15   5.7607492432279157E-014
          22          16  -1.0087941063074179E-013
          22          17   6.6486960425252694E-014
          22          18  -8.3686105657744279E-014
          22          19  -4.3576253716639197E-015
          22          20   5.4791193287826862E-013
          22          21   1.5230872119025883E-015
          22          22   2.2933409085504870     
          22          23  -4.3563556142086844E-013
          22          24  -3.0641680684184257E-013
          22          25   4.3368086899642605E-015
          22          26   3.9320495294955896E-014
          22          27  -3.0149494012346256E-015
          22          28 -0.82020162504727645     
          22          29   2.1002483856082005E-013
          23           1 -0.98203752312238357     
          23           2   2.8706180658410441     
          23           3   7.6838962151035007E-014
          23           4   8.6352447880275534E-014
          23           5  -1.4940551444840450E-013
          23           6  -7.1600227632995654     
          23           7  -7.6294173164567425E-014
          23           8   1.1881658014757599E-013
          23           9  -9.2016244966326674E-015
          23          10   3.1112301447372026     
          23          11   2.6021295010301415E-014
          23          12  -1.7383693551912925E-014
          23          13   2.9750159885283830E-014
          23          14  -9.3139304664341699E-002
          23          15  -5.7169957372807623E-014
          23          16   1.5399731075432628E-014
          23          17  -2.6715586517416110E-014
          23          18   1.3098526052426678     
          23          19  -4.2812096164160543E-013
          23          20   1.3098526052426958     
          23          21   3.1105794613675722E-013
          23          22  -4.3563556142086844E-013
          23          23   4.7498639680673342     
          23          24 -0.78185871981570554     
          23          25  -3.0982380256879234E-013
          23          26 -0.78185871981584143     
          23          27   4.4012852421755103E-014
          23          28   1.8632627486270937E-013
          23          29  -2.0121611573861333     
          24           1  0.43456942912979646     
          24           2  -1.3492915136567563     
          24           3   5.9720420257059622E-015
          24           4   3.7915399352926959E-013
          24           5  -4.5410937337110594E-013
          24           6   3.8820516990526341     
          24           7   6.2663675728144650E-014
          24           8  -6.6882783879646703E-014
          24           9   5.8967427959555994E-014
          24          10  -2.1585352534173317     
          24          11   9.5255360591998690E-014
          24          12  -1.0435019781173953E-013
          24          13   9.8025900860004931E-015
          24          14   8.8081655863123318E-002
          24          15  -1.3538235567165093E-013
          24          16   2.5088278286088500E-013
          24          17  -3.2202211202703127E-014
          24          18  -2.0121611573940648     
          24          19   1.4600913431629707E-013
          24          20 -0.78185871981667265     
          24          21  -3.5357029270403847E-014
          24          22  -3.0641680684184257E-013
          24          23 -0.78185871981570554     
          24          24   2.9839590407401193     
          24          25  -3.1997285252268274E-013
          24          26 -0.45605232209408686     
          24          27   2.8592202778578882E-013
          24          28   7.6526980672482966E-013
          24          29 -0.45605232209445862     
          25           1   5.8254245967655913E-015
          25           2  -1.6184965265268003E-014
          25           3  -6.6320461973603279E-015
          25           4  -7.4610236168755784E-015
          25           5  -1.6464983081766543E-014
          25           6   6.2296256180848801E-014
          25           7   1.5216265722500563E-014
          25           8   2.3878023360208203E-014
          25           9   2.6138969828838387E-014
          25          10   3.6143631240046990E-013
          25          11  -4.6213974316178300E-014
          25          12  -3.6739067889702529E-014
          25          13  -4.5384580178283007E-014
          25          14   1.3191644645053965E-013
          25          15   1.1999780035502309E-013
          25          16  -8.0193096131090590E-014
          25          17   9.0149373736314103E-014
          25          18   8.6063115130708335E-014
          25          19 -0.82020162504727701     
          25          20   1.9612942862106054E-013
          25          21  -2.2204460492954549E-015
          25          22   4.3368086899642605E-015
          25          23  -3.0982380256879234E-013
          25          24  -3.1997285252268274E-013
          25          25   2.2933409085504781     
          25          26  -7.3214391794956421E-013
          25          27  -8.3266726836161033E-016
          25          28  -4.1633363473080520E-017
          25          29   4.4294149052171832E-013
          26           1  0.43456942912978513     
          26           2  -1.3492915136567107     
          26           3  -4.1875119921255704E-015
          26           4   3.5258160559251538E-013
          26           5  -4.1333669615457597E-013
          26           6   3.8820516990529286     
          26           7   8.2870808133751011E-014
          26           8  -9.7120066554898841E-014
          26           9   7.1113459315352980E-014
          26          10  -2.1585352533984112     
          26          11   1.1446113750401286E-014
          26          12  -1.3305870622692983E-014
          26          13   4.9270817053734232E-015
          26          14   8.8081655863232883E-002
          26          15  -2.1867244201765587E-014
          26          16  -2.4456834770602482E-014
          26          17  -2.1429091267459512E-014
          26          18 -0.78185871982323163     
          26          19   2.9017365353726674E-013
          26          20  -2.0121611573876761     
          26          21   2.3377850106195358E-013
          26          22   3.9320495294955896E-014
          26          23 -0.78185871981584143     
          26          24 -0.45605232209408686     
          26          25  -7.3214391794956421E-013
          26          26   2.9839590407231626     
          26          27  -3.2513487867017992E-013
          26          28   1.1852292414773246E-013
          26          29 -0.45605232210295366     
          27           1   2.4261804572786025E-015
          27           2  -1.0724503139157125E-014
          27           3   8.8887696244360658E-015
          27           4   2.0056533301334564E-014
          27           5  -1.6133364922690921E-014
          27           6   5.0530971508737252E-014
          27           7  -1.7113955807089297E-014
          27           8  -1.9787054470132594E-014
          27           9  -2.9721030088714806E-015
          27          10   1.2156898646182964E-013
          27          11   1.9096871208514608E-014
          27          12   5.5680492332057640E-014
          27          13   5.6884542112506076E-015
          27          14   1.3219273858181880E-014
          27          15  -2.7580661090991706E-014
          27          16  -2.2044433086268936E-013
          27          17  -3.6962364430406907E-014
          27          18  -1.4062809351310877E-013
          27          19  -2.2482016249143781E-015
          27          20   5.5794701952109984E-014
          27          21 -0.82020162504726812     
          27          22  -3.0149494012346256E-015
          27          23   4.4012852421755103E-014
          27          24   2.8592202778578882E-013
          27          25  -8.3266726836161033E-016
          27          26  -3.2513487867017992E-013
          27          27   2.2933409085504812     
          27          28   8.3266726812546146E-017
          27          29  -1.5946893325077887E-013
          28           1   3.2779764797462833E-015
