           1           1   2.4265536140832968     
           1           2  -1.1232008372639299     
           1           3   3.8200656035982681E-010
           1           4  -1.4452255775518931E-010
           1           5   1.6196194178926129E-010
           1           6   2.0079699585499258     
           1           7   1.0988327153838802E-012
           1           8  -3.8258869709016076E-013
           1           9   5.0294509508034915E-013
           1          10  -9.2349539852002421E-002
           1          11   1.2666390036217804E-012
           1          12  -5.7831218111779321E-013
           1          13   4.3297761838809917E-013
           1          14  0.14116464732565490     
           1          15  -4.5784315363305348E-013
           1          16   1.8183656152325764E-013
           1          17  -1.7961142011909652E-013
           1          18 -0.71956086027373289     
           1          19  -1.9439035406716904E-005
           1          20 -0.71955264045530376     
           1          21   1.8610110596382197E-005
           1          22  -1.3475640772654403E-005
           1          23 -0.71955178003829590     
           1          24  -4.4909207222980398E-002
           1          25   5.5018934003447115E-004
           1          26  -4.5139075882624530E-002
           1          27  -5.2672281366010986E-004
           1          28   3.8136364381022509E-004
           1          29  -4.5163137488353024E-002
           2           1  -1.1232008372639299     
           2           2   3.0018920174976831     
           2           3  -9.4472661825176013E-010
           2           4   3.8181059654763602E-010
           2           5  -4.2374844632510060E-010
           2           6  -5.8918113452723606     
           2           7  -2.7104968422228192E-012
           2           8   9.9985661419094701E-013
           2           9  -1.3403111764710778E-012
           2          10  0.30996632130717916     
           2          11  -3.1417308051292378E-012
           2          12   1.5623064429517271E-012
           2          13  -1.0801666453446779E-012
           2          14 -0.46896854144795769     
           2          15   1.1316714593209460E-012
           2          16  -4.8345293345068898E-013
           2          17   4.5993130790040181E-013
           2          18   2.0599406616829281     
           2          19   5.9450806234725996E-005
           2          20   2.0599155526418076     
           2          21  -5.6911626832567715E-005
           2          22   4.1179829977889002E-005
           2          23   2.0599129242473357     
           2          24  0.15210637294181270     
           2          25  -1.6950725781204050E-003
           2          26  0.15281425256151038     
           2          27   1.6227313564238218E-003
           2          28  -1.1745861921829851E-003
           2          29  0.15288835109220536     
           3           1   3.8200656035982681E-010
           3           2  -9.4472661825176013E-010
           3           3   2.4768604801933556     
           3           4  -4.6356886955632639E-006
           3           5   4.4639660840743527E-006
           3           6   1.6632109028788176E-009
           3           7  -1.1369472127861981     
           3           8   1.3706128034385659E-005
           3           9  -1.3198412010661338E-005
           3          10  -3.2757109128887312E-011
           3          11  0.28728898982421197     
           3          12  -4.5759458389159346E-005
           3          13   4.4064710944997226E-005
           3          14   9.4244528107245771E-010
           3          15  -4.1449440245447979E-002
           3          16   6.4508346222190037E-005
           3          17  -6.2122960335173972E-005
           3          18  -7.2981209730750139E-010
           3          19  -4.3004730085176588E-011
           3          20  -7.4472975680455760E-010
           3          21  -8.7265461100396859E-011
           3          22  -1.4009823021580944E-010
           3          23  -9.5747031060704277E-010
           3          24  -4.4314112918820505E-010
           3          25  -5.2538605483362871E-011
           3          26  -4.8613848795538771E-010
           3          27  -8.4470562774783931E-012
           3          28   6.3863667239650796E-011
           3          29  -4.1873270861285698E-010
           4           1  -1.4452255775518931E-010
           4           2   3.8181059654763602E-010
           4           3  -4.6356886955632639E-006
           4           4   2.4768629551988814     
           4           5  -3.4242325045430975E-006
           4           6  -1.9359897978798604E-009
           4           7   1.3706177835045349E-005
           4           8  -1.1369545301502992     
           4           9   1.0124426944074089E-005
           4          10  -4.6505001666352015E-011
           4          11  -4.5759482965396225E-005
           4          12  0.28731341474527050     
           4          13  -3.3806513718231956E-005
           4          14  -2.2907666679908669E-010
           4          15   6.4508263721519896E-005
           4          16  -4.1483844931109723E-002
           4          17   4.7689785548664810E-005
           4          18   8.9225461104099921E-010
           4          19   1.4613087135706169E-011
           4          20   8.4916070628374309E-010
           4          21  -3.3641816333994787E-012
           4          22  -1.6315798752789025E-011
           4          23   8.6069861472212260E-010
           4          24   1.1998221993056558E-010
           4          25  -5.0365417441872937E-011
           4          26   9.2857969560273249E-011
           4          27  -7.2392480038089759E-011
           4          28   4.7621044258891564E-011
           4          29   1.2757269214416143E-010
           5           1   1.6196194178926129E-010
           5           2  -4.2374844632510060E-010
           5           3   4.4639660840743527E-006
           5           4  -3.4242325045430975E-006
           5           5   2.4768632135922903     
           5           6   1.9486797039986567E-009
           5           7  -1.3198367169548961E-005
           5           8   1.0124504856112021E-005
           5           9  -1.1369552942105261     
           5          10   4.2420416482599918E-011
           5          11   4.4064747956137906E-005
           5          12  -3.3806635167256405E-005
           5          13  0.28731596532296610     
           5          14   2.7701380129630584E-010
           5          15  -6.2123072457927436E-005
           5          16   4.7689802984351819E-005
           5          17  -4.1487437825252611E-002
           5          18  -8.9566142826746188E-010
           5          19   1.3138210547780736E-011
           5          20  -8.5581780391861561E-010
           5          21  -3.8553411849218769E-011
           5          22  -4.3336232944422012E-011
           5          23  -8.8048475622506341E-010
           5          24  -1.4171664683177453E-010
           5          25   4.4629524253609939E-011
           5          26  -1.1885163128612826E-010
           5          27   6.8093974243943732E-011
           5          28  -4.1500998245264564E-011
           5          29  -1.4762739240374296E-010
           6           1   2.0079699585499258     
           6           2  -5.8918113452723606     
           6           3   1.6632109028788176E-009
           6           4  -1.9359897978798604E-009
           6           5   1.9486797039986567E-009
           6           6   13.546007035743077     
           6           7   4.7781018148549713E-012
           6           8  -5.2204483417718748E-012
           6           9   6.0249862106658510E-012
           6          10  -1.3061072211312341     
           6          11   5.4623158450908847E-012
           6          12  -7.4768300990959177E-012
           6          13   5.3467598545875049E-012
           6          14   2.1492286471569981     
           6          15  -1.9375441367313693E-012
           6          16   2.4213277886762214E-012
           6          17  -2.1563739814469054E-012
           6          18  -4.0114950575908157     
           6          19  -2.4815369362708544E-004
           6          20  -4.0113904796020314     
           6          21   2.3751984098057703E-004
           6          22  -1.7160393487085623E-004
           6          23  -4.0113795318015937     
           6          24 -0.70250536012910780     
           6          25   7.3209635284175404E-003
           6          26 -0.70556591129306367     
           6          27  -7.0089633579977313E-003
           6          28   5.0765690259464537E-003
           6          29 -0.70588627056387776     
           7           1   1.0988327153838802E-012
           7           2  -2.7104968422228192E-012
           7           3  -1.1369472127861981     
           7           4   1.3706177835045349E-005
           7           5  -1.3198367169548961E-005
           7           6   4.7781018148549713E-012
           7           7   2.7189565719396622     
           7           8  -4.0508072645484977E-005
           7           9   3.9007351536542688E-005
           7          10  -9.9178401875936310E-014
           7          11 -0.82103491299449072     
           7          12   1.3483982692660129E-004
           7          13  -1.2984619583309570E-004
           7          14   4.2405569918186310E-012
           7          15  0.10779684133987731     
           7          16  -1.8707220791456571E-004
           7          17   1.8015554857483528E-004
           7          18  -2.0966287188040636E-012
           7          19  -7.3040293007742600E-012
           7          20  -2.0344621410193310E-012
           7          21   8.5965681714152708E-012
           7          22   1.1768257094244497E-011
           7          23  -2.8695013612658500E-012
           7          24  -1.8331575526952832E-012
           7          25  -3.6556391991340414E-013
           7          26  -1.8729558657869158E-012
           7          27  -5.4530839000412571E-014
           7          28  -4.7105197044293929E-014
           7          29  -2.0066524074368019E-012
           8           1  -3.8258869709016076E-013
           8           2   9.9985661419094701E-013
           8           3   1.3706128034385659E-005
           8           4  -1.1369545301502992     
           8           5   1.0124504856112021E-005
           8           6  -5.2204483417718748E-012
           8           7  -4.0508072645484977E-005
           8           8   2.7189781972253204     
           8           9  -2.9923120833226513E-005
           8          10  -4.9602851201052063E-013
           8          11   1.3483982688203278E-004
           8          12 -0.82110688437848789     
           8          13   9.9620475404502140E-005
           8          14   1.9489877192783453E-012
           8          15  -1.8707220809675330E-004
           8          16  0.10789661181352224     
           8          17  -1.3830195298863458E-004
           8          18   2.3775285433360070E-012
           8          19  -3.5300342414884056E-011
           8          20   2.4293954368325944E-012
           8          21   3.9925352794270828E-011
           8          22   5.6942343189305525E-011
           8          23   2.4990503949283773E-012
           8          24  -1.1579293590936059E-012
           8          25  -2.6897057684776472E-013
           8          26  -8.9224434116506445E-013
           8          27   7.6368709008614644E-014
           8          28   2.9647638119177888E-013
           8          29  -8.8163606734759789E-013
           9           1   5.0294509508034915E-013
           9           2  -1.3403111764710778E-012
           9           3  -1.3198412010661338E-005
           9           4   1.0124426944074089E-005
           9           5  -1.1369552942105261     
           9           6   6.0249862106658510E-012
           9           7   3.9007351536542688E-005
           9           8  -2.9923120833226513E-005
           9           9   2.7189804555484605     
           9          10  -2.8493989830112237E-013
           9          11  -1.2984619570143713E-004
           9          12   9.9620474990985697E-005
           9          13 -0.82111440033814276     
           9          14   2.2768452376665792E-012
           9          15   1.8015554847931230E-004
           9          16  -1.3830195266252045E-004
           9          17  0.10790703090366315     
           9          18  -2.9125690268713453E-012
           9          19  -2.8939181042345842E-011
           9          20  -2.4815895475299190E-012
           9          21   3.7451642554314694E-011
           9          22   5.0187010462311990E-011
           9          23  -2.3844741582848902E-012
           9          24  -1.4567162741763078E-012
           9          25   2.0174163970085889E-013
           9          26  -1.1263941929733051E-012
           9          27   5.3691058972667420E-013
           9          28   2.6574257549360676E-013
           9          29  -1.0004371379374284E-012
          10           1  -9.2349539852002421E-002
          10           2  0.30996632130717916     
          10           3  -3.2757109128887312E-011
          10           4  -4.6505001666352015E-011
          10           5   4.2420416482599918E-011
          10           6  -1.3061072211312341     
          10           7  -9.9178401875936310E-014
          10           8  -4.9602851201052063E-013
          10           9  -2.8493989830112237E-013
          10          10   2.7004363911996920     
          10          11  -8.7279691141766225E-014
          10          12   8.8663727282210210E-013
          10          13   1.4007842227958563E-012
          10          14  -4.3147388051086164     
          10          15  -1.0750712296294604E-013
          10          16   2.6015048460442555E-015
          10          17  -3.8691809528270705E-013
          10          18  0.17679573183988923     
          10          19   4.6629290652252506E-004
          10          20  0.17659854188083074     
          10          21  -4.4641301142778450E-004
          10          22   3.2327830565064268E-004
          10          23  0.17657790098230258     
          10          24   1.4257458272287482     
          10          25  -1.3344501316202306E-002
          10          26   1.4313283424453407     
          10          27   1.2776306562372778E-002
          10          28  -9.2576319179640196E-003
          10          29   1.4319126741257051     
          11           1   1.2666390036217804E-012
          11           2  -3.1417308051292378E-012
          11           3  0.28728898982421197     
          11           4  -4.5759482965396225E-005
          11           5   4.4064747956137906E-005
          11           6   5.4623158450908847E-012
          11           7 -0.82103491299449072     
          11           8   1.3483982688203278E-004
          11           9  -1.2984619570143713E-004
          11          10  -8.7279691141766225E-014
          11          11   2.4349824742164845     
          11          12  -4.3897881579615938E-004
          11          13   4.2272707419613309E-004
          11          14  -1.3752578623666954E-012
          11          15 -0.27190464267673359     
          11          16   5.3443181860075156E-004
          11          17  -5.1467744083806988E-004
          11          18  -2.7621846487237368E-012
          11          19  -1.1356010193534145E-011
          11          20  -2.5116715737262134E-012
          11          21   1.4598747818508878E-011
          11          22   1.9062238834262167E-011
          11          23  -2.7342933781128628E-012
          11          24   1.6993082336336440E-013
          11          25   2.9181562028245569E-013
          11          26  -2.1348106482677073E-013
          11          27   2.6950816331481590E-013
          11          28   1.1875125745439387E-012
          11          29   9.6373632580255562E-013
          12           1  -5.7831218111779321E-013
          12           2   1.5623064429517271E-012
          12           3  -4.5759458389159346E-005
          12           4  0.28731341474527050     
          12           5  -3.3806635167256405E-005
          12           6  -7.4768300990959177E-012
          12           7   1.3483982692660129E-004
          12           8 -0.82110688437848789     
          12           9   9.9620474990985697E-005
          12          10   8.8663727282210210E-013
          12          11  -4.3897881579615938E-004
          12          12   2.4352167435804386     
          12          13  -3.2436330581137041E-004
          12          14  -8.3013694289171019E-012
          12          15   5.3443181827734013E-004
          12          16 -0.27218963161749921     
          12          17   3.9514686540626301E-004
          12          18   2.9461392931821118E-012
          12          19   4.7905439622763040E-012
          12          20   3.1657483211510520E-012
          12          21  -8.8280334749300175E-012
          12          22  -1.0571378267071978E-011
          12          23   3.0704193061440320E-012
          12          24   4.7775491490769649E-012
          12          25  -3.2667857700509284E-013
          12          26   3.6841365245158082E-012
          12          27  -4.9979590741804275E-013
          12          28   5.1100130029428120E-013
          12          29   4.0603081728500383E-012
          13           1   4.3297761838809917E-013
          13           2  -1.0801666453446779E-012
          13           3   4.4064710944997226E-005
          13           4  -3.3806513718231956E-005
          13           5  0.28731596532296610     
          13           6   5.3467598545875049E-012
          13           7  -1.2984619583309570E-004
          13           8   9.9620475404502140E-005
          13           9 -0.82111440033814276     
          13          10   1.4007842227958563E-012
          13          11   4.2272707419613309E-004
          13          12  -3.2436330581137041E-004
          13          13   2.4352412083090114     
          13          14  -3.7033073037565514E-012
          13          15  -5.1467744171557368E-004
          13          16   3.9514686474379293E-004
          13          17 -0.27221939318253330     
          13          18  -2.6804031156386184E-012
          13          19  -1.1602345079827431E-011
          13          20  -2.4371531249800731E-012
          13          21   1.3720836839300930E-011
          13          22   1.9110616227358339E-011
          13          23  -3.0847517276648330E-012
          13          24   2.6569011339074160E-012
          13          25  -5.7590619967188975E-013
          13          26   1.9627200061762280E-012
          13          27  -1.1198438398003544E-013
          13          28  -4.0201479165483775E-013
          13          29   1.2641604528558697E-012
          14           1  0.14116464732565490     
          14           2 -0.46896854144795769     
          14           3   9.4244528107245771E-010
          14           4  -2.2907666679908669E-010
          14           5   2.7701380129630584E-010
          14           6   2.1492286471569981     
          14           7   4.2405569918186310E-012
          14           8   1.9489877192783453E-012
          14           9   2.2768452376665792E-012
          14          10  -4.3147388051086164     
          14          11  -1.3752578623666954E-012
          14          12  -8.3013694289171019E-012
          14          13  -3.7033073037565514E-012
          14          14   17.250375150172758     
          14          15  -1.0022641193623116E-013
          14          16   7.3013262635821526E-013
          14          17   1.2031897319174545E-012
          14          18 -0.25556399622603648     
          14          19  -2.5302849323212500E-003
          14          20 -0.25448390767638629     
          14          21   2.4236881109107556E-003
          14          22  -1.7646274210057083E-003
          14          23 -0.25437087620837906     
          14          24  -4.9639345564173816     
          14          25   7.0995246954383903E-002
          14          26  -4.9938434718271516     
          14          27  -6.8000683620398530E-002
          14          28   4.9482634582073935E-002
          14          29  -4.9969734966692911     
          15           1  -4.5784315363305348E-013
          15           2   1.1316714593209460E-012
          15           3  -4.1449440245447979E-002
          15           4   6.4508263721519896E-005
          15           5  -6.2123072457927436E-005
          15           6  -1.9375441367313693E-012
          15           7  0.10779684133987731     
          15           8  -1.8707220809675330E-004
          15           9   1.8015554847931230E-004
          15          10  -1.0750712296294604E-013
          15          11 -0.27190464267673359     
          15          12   5.3443181827734013E-004
          15          13  -5.1467744171557368E-004
          15          14  -1.0022641193623116E-013
          15          15   3.4293367383929359E-002
          15          16  -7.3920464161365048E-005
          15          17   7.1211287270896151E-005
          15          18   8.7865965199931928E-013
          15          19   6.1231939100995652E-012
          15          20   9.3021534611419446E-013
          15          21  -4.5328384990859725E-012
          15          22  -7.8671515284139155E-012
          15          23   1.1066444691781223E-012
          15          24   2.6481505840998678E-013
          15          25   4.3658247978989542E-014
          15          26   3.2931633400814308E-013
          15          27  -1.2829145769148647E-014
          15          28  -2.0933063758481650E-013
          15          29   1.7973865471352775E-013
          16           1   1.8183656152325764E-013
          16           2  -4.8345293345068898E-013
          16           3   6.4508346222190037E-005
          16           4  -4.1483844931109723E-002
          16           5   4.7689802984351819E-005
          16           6   2.4213277886762214E-012
          16           7  -1.8707220791456571E-004
          16           8  0.10789661181352224     
          16           9  -1.3830195266252045E-004
          16          10   2.6015048460442555E-015
          16          11   5.3443181860075156E-004
          16          12 -0.27218963161749921     
          16          13   3.9514686474379293E-004
          16          14   7.3013262635821526E-013
          16          15  -7.3920464161365048E-005
          16          16   3.4332621672083209E-002
          16          17  -5.4843457830298144E-005
          16          18  -1.0933048653704783E-012
          16          19  -9.7799055199900048E-012
          16          20  -1.0514795261579963E-012
          16          21   1.4147298847701414E-011
          16          22   1.8142909781977939E-011
          16          23  -1.0592738426969254E-012
          16          24  -4.3823278326677633E-013
          16          25   3.7114482655167441E-014
          16          26  -3.3298638828324095E-013
          16          27   1.6228757013326643E-013
          16          28   2.8562522804106684E-014
          16          29  -3.9420029370462153E-013
          17           1  -1.7961142011909652E-013
          17           2   4.5993130790040181E-013
          17           3  -6.2122960335173972E-005
          17           4   4.7689785548664810E-005
          17           5  -4.1487437825252611E-002
          17           6  -2.1563739814469054E-012
          17           7   1.8015554857483528E-004
          17           8  -1.3830195298863458E-004
          17           9  0.10790703090366315     
          17          10  -3.8691809528270705E-013
          17          11  -5.1467744083806988E-004
          17          12   3.9514686540626301E-004
          17          13 -0.27221939318253330     
          17          14   1.2031897319174545E-012
          17          15   7.1211287270896151E-005
          17          16  -5.4843457830298144E-005
          17          17   3.4336721021614031E-002
          17          18   1.0752177132784049E-012
          17          19   2.0471922041904396E-012
          17          20   9.7903352650791323E-013
          17          21  -4.2716502952871567E-012
          17          22  -4.8026995064371169E-012
          17          23   1.0423333554127785E-012
          17          24  -3.1539740951859628E-013
          17          25   1.7856739941754984E-014
          17          26  -2.9648155631732839E-013
          17          27  -9.0230478578213536E-014
          17          28   5.8767322715911493E-014
          17          29  -2.1979837261632271E-013
          18           1 -0.71956086027373289     
          18           2   2.0599406616829281     
          18           3  -7.2981209730750139E-010
          18           4   8.9225461104099921E-010
          18           5  -8.9566142826746188E-010
          18           6  -4.0114950575908157     
          18           7  -2.0966287188040636E-012
          18           8   2.3775285433360070E-012
          18           9  -2.9125690268713453E-012
          18          10  0.17679573183988923     
          18          11  -2.7621846487237368E-012
          18          12   2.9461392931821118E-012
          18          13  -2.6804031156386184E-012
          18          14 -0.25556399622603648     
          18          15   8.7865965199931928E-013
          18          16  -1.0933048653704783E-012
          18          17   1.0752177132784049E-012
          18          18   3.4351775006945182     
          18          19   3.9631767746230455E-005
          18          20  0.43556685862599620     
          18          21  -3.7914786563284926E-005
          18          22   2.7657492269704529E-005
          18          23  0.43556509679911537     
          18          24   8.3990836757428800E-002
          18          25  -1.2474666233839367E-003
          18          26   7.8554253973281390E-002
          18          27   1.1942239788172552E-003
          18          28  -8.7032431958367215E-004
          18          29   7.8609166265739328E-002
          19           1  -1.9439035406716904E-005
          19           2   5.9450806234725996E-005
          19           3  -4.3004730085176588E-011
          19           4   1.4613087135706169E-011
          19           5   1.3138210547780736E-011
          19           6  -2.4815369362708544E-004
          19           7  -7.3040293007742600E-012
          19           8  -3.5300342414884056E-011
          19           9  -2.8939181042345842E-011
          19          10   4.6629290652252506E-004
          19          11  -1.1356010193534145E-011
          19          12   4.7905439622763040E-012
          19          13  -1.1602345079827431E-011
          19          14  -2.5302849323212500E-003
          19          15   6.1231939100995652E-012
          19          16  -9.7799055199900048E-012
          19          17   2.0471922041904396E-012
          19          18   3.9631767746230455E-005
          19          19   1.9999622724601571     
          19          20   3.9086750496678297E-005
          19          21  -2.1113175053648838E-004
          19          22   2.7399526635781799E-004
          19          23   3.9573027821304094E-005
          19          24   5.6306346242511777E-004
          19          25  -3.6966389634718235E-003
          19          26   5.7856980811182553E-004
          19          27   7.5096630443597561E-003
          19          28  -9.7504534034661347E-003
          19          29   5.7276397584099395E-004
          20           1 -0.71955264045530376     
          20           2   2.0599155526418076     
          20           3  -7.4472975680455760E-010
          20           4   8.4916070628374309E-010
          20           5  -8.5581780391861561E-010
          20           6  -4.0113904796020314     
          20           7  -2.0344621410193310E-012
          20           8   2.4293954368325944E-012
          20           9  -2.4815895475299190E-012
          20          10  0.17659854188083074     
          20          11  -2.5116715737262134E-012
          20          12   3.1657483211510520E-012
          20          13  -2.4371531249800731E-012
          20          14 -0.25448390767638629     
          20          15   9.3021534611419446E-013
          20          16  -1.0514795261579963E-012
          20          17   9.7903352650791323E-013
          20          18  0.43556685862599620     
          20          19   3.9086750496678297E-005
          20          20   3.4351445977216519     
          20          21  -3.7916229880418819E-005
          20          22   2.6874161372134755E-005
          20          23  0.43554852696335017     
          20          24   7.7792488199471294E-002
          20          25  -1.2317951057107352E-003
          20          26   8.4264332359994865E-002
          20          27   1.1869326258919857E-003
          20          28  -8.5345504721454318E-004
          20          29   7.8364694238378524E-002
          21           1   1.8610110596382197E-005
          21           2  -5.6911626832567715E-005
          21           3  -8.7265461100396859E-011
          21           4  -3.3641816333994787E-012
          21           5  -3.8553411849218769E-011
          21           6   2.3751984098057703E-004
          21           7   8.5965681714152708E-012
          21           8   3.9925352794270828E-011
          21           9   3.7451642554314694E-011
          21          10  -4.4641301142778450E-004
          21          11   1.4598747818508878E-011
          21          12  -8.8280334749300175E-012
          21          13   1.3720836839300930E-011
          21          14   2.4236881109107556E-003
          21          15  -4.5328384990859725E-012
          21          16   1.4147298847701414E-011
          21          17  -4.2716502952871567E-012
          21          18  -3.7914786563284926E-005
          21          19  -2.1113175053648838E-004
          21          20  -3.7916229880418819E-005
          21          21   1.9999779343679500     
          21          22  -2.8440756793779410E-004
          21          23  -3.7337973060081233E-005
          21          24  -5.3938264142735799E-004
          21          25   7.5096599396362795E-003
          21          26  -5.4707990216527056E-004
          21          27  -4.2550645384933396E-003
          21          28   1.0121477370544425E-002
          21          29  -5.5578915397635803E-004
          22           1  -1.3475640772654403E-005
          22           2   4.1179829977889002E-005
          22           3  -1.4009823021580944E-010
          22           4  -1.6315798752789025E-011
          22           5  -4.3336232944422012E-011
          22           6  -1.7160393487085623E-004
          22           7   1.1768257094244497E-011
          22           8   5.6942343189305525E-011
          22           9   5.0187010462311990E-011
          22          10   3.2327830565064268E-004
          22          11   1.9062238834262167E-011
          22          12  -1.0571378267071978E-011
          22          13   1.9110616227358339E-011
          22          14  -1.7646274210057083E-003
          22          15  -7.8671515284139155E-012
          22          16   1.8142909781977939E-011
          22          17  -4.8026995064371169E-012
          22          18   2.7657492269704529E-005
          22          19   2.7399526635781799E-004
          22          20   2.6874161372134755E-005
          22          21  -2.8440756793779410E-004
          22          22   2.0001283679534705     
          22          23   2.6834545924702265E-005
          22          24   3.8750695360912518E-004
          22          25  -9.7504282433219080E-003
          22          26   4.0381551432256470E-004
          22          27   1.0121455418134615E-002
          22          28  -9.6155864535857095E-003
          22          29   4.0494650777448093E-004
          23           1 -0.71955178003829590     
          23           2   2.0599129242473357     
          23           3  -9.5747031060704277E-010
          23           4   8.6069861472212260E-010
          23           5  -8.8048475622506341E-010
          23           6  -4.0113795318015937     
          23           7  -2.8695013612658500E-012
          23           8   2.4990503949283773E-012
          23           9  -2.3844741582848902E-012
          23          10  0.17657790098230258     
          23          11  -2.7342933781128628E-012
          23          12   3.0704193061440320E-012
          23          13  -3.0847517276648330E-012
          23          14 -0.25437087620837906     
          23          15   1.1066444691781223E-012
          23          16  -1.0592738426969254E-012
          23          17   1.0423333554127785E-012
          23          18  0.43556509679911537     
          23          19   3.9573027821304094E-005
          23          20  0.43554852696335017     
          23          21  -3.7337973060081233E-005
          23          22   2.6834545924702265E-005
          23          23   3.4351411793938187     
          23          24   7.7767668424742975E-002
          23          25  -1.2381706170693258E-003
          23          26   7.8284962141833420E-002
          23          27   1.1776411655093355E-003
          23          28  -8.5231084477347990E-004
          23          29   8.4292204049576477E-002
          24           1  -4.4909207222980398E-002
          24           2  0.15210637294181270     
          24           3  -4.4314112918820505E-010
          24           4   1.1998221993056558E-010
          24           5  -1.4171664683177453E-010
          24           6 -0.70250536012910780     
          24           7  -1.8331575526952832E-012
          24           8  -1.1579293590936059E-012
          24           9  -1.4567162741763078E-012
          24          10   1.4257458272287482     
          24          11   1.6993082336336440E-013
          24          12   4.7775491490769649E-012
          24          13   2.6569011339074160E-012
          24          14  -4.9639345564173816     
          24          15   2.6481505840998678E-013
          24          16  -4.3823278326677633E-013
          24          17  -3.1539740951859628E-013
          24          18   8.3990836757428800E-002
          24          19   5.6306346242511777E-004
          24          20   7.7792488199471294E-002
          24          21  -5.3938264142735799E-004
          24          22   3.8750695360912518E-004
          24          23   7.7767668424742975E-002
          24          24   1.4768401849415105     
          24          25  -1.5417294269881537E-002
          24          26   1.4832771338295359     
          24          27   1.4766085583328082E-002
          24          28  -1.0738286770770758E-002
          24          29   1.4839561688099439     
          25           1   5.5018934003447115E-004
          25           2  -1.6950725781204050E-003
          25           3  -5.2538605483362871E-011
          25           4  -5.0365417441872937E-011
          25           5   4.4629524253609939E-011
          25           6   7.3209635284175404E-003
          25           7  -3.6556391991340414E-013
          25           8  -2.6897057684776472E-013
          25           9   2.0174163970085889E-013
          25          10  -1.3344501316202306E-002
          25          11   2.9181562028245569E-013
          25          12  -3.2667857700509284E-013
          25          13  -5.7590619967188975E-013
          25          14   7.0995246954383903E-002
          25          15   4.3658247978989542E-014
          25          16   3.7114482655167441E-014
          25          17   1.7856739941754984E-014
          25          18  -1.2474666233839367E-003
          25          19  -3.6966389634718235E-003
          25          20  -1.2317951057107352E-003
          25          21   7.5096599396362795E-003
          25          22  -9.7504282433219080E-003
          25          23  -1.2381706170693258E-003
          25          24  -1.5417294269881537E-002
          25          25  0.25753888427669036     
          25          26  -1.5862780895258485E-002
          25          27 -0.26727665672711348     
          25          28  0.34716699154573261     
          25          29  -1.5909484328231107E-002
          26           1  -4.5139075882624530E-002
          26           2  0.15281425256151038     
          26           3  -4.8613848795538771E-010
          26           4   9.2857969560273249E-011
          26           5  -1.1885163128612826E-010
          26           6 -0.70556591129306367     
          26           7  -1.8729558657869158E-012
          26           8  -8.9224434116506445E-013
          26           9  -1.1263941929733051E-012
          26          10   1.4313283424453407     
          26          11  -2.1348106482677073E-013
          26          12   3.6841365245158082E-012
          26          13   1.9627200061762280E-012
          26          14  -4.9938434718271516     
          26          15   3.2931633400814308E-013
          26          16  -3.3298638828324095E-013
          26          17  -2.9648155631732839E-013
          26          18   7.8554253973281390E-002
          26          19   5.7856980811182553E-004
          26          20   8.4264332359994865E-002
          26          21  -5.4707990216527056E-004
          26          22   4.0381551432256470E-004
          26          23   7.8284962141833420E-002
          26          24   1.4832771338295359     
          26          25  -1.5862780895258485E-002
          26          26   1.4900046823058535     
          26          27   1.5192895900499839E-002
          26          28  -1.1048992417459781E-002
          26          29   1.4906520841855813     
          27           1  -5.2672281366010986E-004
          27           2   1.6227313564238218E-003
          27           3  -8.4470562774783931E-012
          27           4  -7.2392480038089759E-011
          27           5   6.8093974243943732E-011
          27           6  -7.0089633579977313E-003
          27           7  -5.4530839000412571E-014
          27           8   7.6368709008614644E-014
          27           9   5.3691058972667420E-013
          27          10   1.2776306562372778E-002
          27          11   2.6950816331481590E-013
          27          12  -4.9979590741804275E-013
          27          13  -1.1198438398003544E-013
          27          14  -6.8000683620398530E-002
          27          15  -1.2829145769148647E-014
          27          16   1.6228757013326643E-013
          27          17  -9.0230478578213536E-014
          27          18   1.1942239788172552E-003
          27          19   7.5096630443597561E-003
          27          20   1.1869326258919857E-003
          27          21  -4.2550645384933396E-003
          27          22   1.0121455418134615E-002
          27          23   1.1776411655093355E-003
          27          24   1.4766085583328082E-002
          27          25 -0.26727665672711348     
          27          26   1.5192895900499839E-002
          27          27  0.27745283860981662     
          27          28 -0.36039162227651611     
          27          29   1.5237471429154133E-002
          28           1   3.8136364381022509E-004
