           1           1   2.4118290745978790     
           1           2  -1.1012469789630510     
           1           3   3.2796069511687056E-010
           1           4  -9.8437331221315574E-011
           1           5  -2.1464428550295198E-010
           1           6   2.4021285243098123     
           1           7   2.6851357361141079E-011
           1           8  -1.4676697242338294E-011
           1           9  -2.3476546545649984E-012
           1          10  -7.0437691258680768E-002
           1          11  -5.7186890379607426E-011
           1          12   3.4319562156892946E-011
           1          13  -6.4381392149338600E-012
           1          14 -0.18124848345813183     
           1          15   6.4957499999089034E-011
           1          16  -4.3206015017726731E-011
           1          17   7.3608410800772614E-012
           1          18 -0.90780379289099544     
           1          19  -4.0781471844136098E-005
           1          20 -0.90789998842456965     
           1          21  -1.3314345135472468E-006
           1          22  -4.2346445343690803E-006
           1          23 -0.90779234361887906     
           1          24   8.7161722897903110E-002
           1          25   7.0518042131410494E-004
           1          26   8.8825111360200895E-002
           1          27   2.3025527016213483E-005
           1          28   7.3224792806533004E-005
           1          29   8.6963746233264236E-002
           2           1  -1.1012469789630510     
           2           2   2.9839757267499833     
           2           3  -7.6280705224153059E-010
           2           4   2.2395450781003244E-010
           2           5   5.7387761356738347E-010
           2           6  -6.9633625735391327     
           2           7  -9.1770430566539142E-011
           2           8   4.8325418562341557E-011
           2           9   7.0868128509274135E-012
           2          10  0.26456748482304621     
           2          11   1.9385750280606461E-010
           2          12  -1.1540912105881623E-010
           2          13   2.0767314758391788E-011
           2          14  0.54536903203451348     
           2          15  -2.3557550946541057E-010
           2          16   1.5177069139545437E-010
           2          17  -2.7420713441263794E-011
           2          18   2.5571037620893908     
           2          19   1.4553285138896270E-004
           2          20   2.5574470442111563     
           2          21   4.7390246727593968E-006
           2          22   1.5115634616852795E-005
           2          23   2.5570629043062492     
           2          24 -0.27149513039335593     
           2          25  -2.5432723051837724E-003
           2          26 -0.27749421085486115     
           2          27  -8.2817762424333956E-005
           2          28  -2.6416214468451157E-004
           2          29 -0.27078111922391002     
           3           1   3.2796069511687056E-010
           3           2  -7.6280705224153059E-010
           3           3   2.4674546469833625     
           3           4   3.3436965421177419E-005
           3           5   1.0801405711249686E-006
           3           6  -9.6707592929156633E-010
           3           7  -1.1111427398479994     
           3           8  -9.3660291341942482E-005
           3           9  -3.0256450561120602E-006
           3          10   4.5422342633364031E-011
           3          11  0.21665382216784132     
           3          12   2.6330122946148136E-004
           3          13   8.5083046580300054E-006
           3          14  -1.7278863152618814E-009
           3          15   5.4552757769421437E-002
           3          16  -2.1428636863669913E-004
           3          17  -6.9337769821362056E-006
           3          18   3.2388227852916228E-010
           3          19  -5.8448186197115733E-011
           3          20   4.0091660751743038E-010
           3          21   7.0328920482808962E-011
           3          22   1.6939078535063732E-010
           3          23   4.8079324551117656E-010
           3          24   7.2512448103436958E-010
           3          25   5.0578324878082189E-011
           3          26   8.9986299220547828E-010
           3          27   2.1674246082277140E-010
           3          28  -5.6918795159340588E-011
           3          29   6.7998237827864275E-010
           4           1  -9.8437331221315574E-011
           4           2   2.2395450781003244E-010
           4           3   3.3436965421177419E-005
           4           4   2.4675457188123326     
           4           5   3.4758561709689583E-006
           4           6   3.9472290661718243E-010
           4           7  -9.3660401449752504E-005
           4           8  -1.1113978410682392     
           4           9  -9.7360762286540784E-006
           4          10  -5.4414983809613057E-011
           4          11   2.6330121985247332E-004
           4          12  0.21737097131680305     
           4          13   2.7369572916918254E-005
           4          14   6.2102198152135857E-010
           4          15  -2.1428638408825334E-004
           4          16   5.3969108477323405E-002
           4          17  -2.2271566149417207E-005
           4          18   3.0560984538396579E-011
           4          19   2.8816374209906513E-010
           4          20  -3.1256338564343096E-010
           4          21  -8.9940484290798340E-011
           4          22  -2.9386046391528912E-010
           4          23  -1.9743408801529456E-010
           4          24  -1.7897366244998192E-010
           4          25   4.6021608862064154E-011
           4          26  -3.5781393801768550E-010
           4          27  -4.7089917336522198E-011
           4          28   7.8168555400546340E-012
           4          29  -2.1188041506014279E-010
           5           1  -2.1464428550295198E-010
           5           2   5.7387761356738347E-010
           5           3   1.0801405711249686E-006
           5           4   3.4758561709689583E-006
           5           5   2.4674438076753336     
           5           6  -1.2628501912456230E-009
           5           7  -3.0257477216235512E-006
           5           8  -9.7361462682733379E-006
           5           9  -1.1111123777557377     
           5          10   5.7627087239816291E-011
           5          11   8.5082352938579420E-006
           5          12   2.7369568514641940E-005
           5          13  0.21656846694907406     
           5          14   6.2655669091309086E-010
           5          15  -6.9337655039204346E-006
           5          16  -2.2271503144241932E-005
           5          17   5.4622223740549286E-002
           5          18   1.4378101013525816E-009
           5          19   1.2938948657841989E-009
           5          20  -1.1053640952843827E-010
           5          21  -4.8299052401602716E-010
           5          22  -1.5490110664744365E-009
           5          23   3.6543168939637108E-010
           5          24  -3.3311729452144425E-010
           5          25   6.3545756278821086E-011
           5          26  -4.3811738787322304E-010
           5          27  -4.8515148619770285E-010
           5          28   1.7566672325836128E-010
           5          29  -2.2868490734331568E-010
           6           1   2.4021285243098123     
           6           2  -6.9633625735391327     
           6           3  -9.6707592929156633E-010
           6           4   3.9472290661718243E-010
           6           5  -1.2628501912456230E-009
           6           6   18.995189076066346     
           6           7   6.1902793361671774E-010
           6           8  -2.6691073439956286E-010
           6           9  -4.2242871784423114E-011
           6          10  -1.3550010565803321     
           6          11  -9.0308552058260350E-010
           6          12   5.0902534284254638E-010
           6          13  -8.9525439378541873E-011
           6          14  -1.6610156093558177     
           6          15   1.0488537899165837E-009
           6          16  -6.4247193716792240E-010
           6          17   9.8580975958052745E-011
           6          18  -6.1046985238723348     
           6          19  -5.1882269970393059E-004
           6          20  -6.1059223210698175     
           6          21  -1.6972155977968527E-005
           6          22  -5.3859410713766579E-005
           6          23  -6.1045528647291025     
           6          24  0.87229675214941871     
           6          25   9.2512464823061892E-003
           6          26  0.89411876630991960     
           6          27   3.0264890488186549E-004
           6          28   9.6044756458229087E-004
           6          29  0.86969949384324408     
           7           1   2.6851357361141079E-011
           7           2  -9.1770430566539142E-011
           7           3  -1.1111427398479994     
           7           4  -9.3660401449752504E-005
           7           5  -3.0257477216235512E-006
           7           6   6.1902793361671774E-010
           7           7   2.6483954423078209     
           7           8   2.6235402906971811E-004
           7           9   8.4756855663056895E-006
           7          10  -2.9656525670257463E-010
           7          11 -0.63065026757272091     
           7          12  -7.3747331031744057E-004
           7          13  -2.3831730959690294E-005
           7          14   3.4950306416514570E-009
           7          15 -0.14053835411947113     
           7          16   5.9878667893920501E-004
           7          17   1.9376703568526917E-005
           7          18   8.6665697446288756E-011
           7          19   3.3824292557282864E-010
           7          20  -4.1126453880454637E-010
           7          21  -1.3616874774824803E-010
           7          22  -5.9065661101818013E-010
           7          23  -2.1141608798913795E-010
           7          24  -1.4547281779686762E-009
           7          25  -8.5979889385161457E-011
           7          26  -1.5189712027789370E-009
           7          27  -5.2267596932374514E-010
           7          28  -3.2656551794254248E-012
           7          29  -1.3562439516072068E-009
           8           1  -1.4676697242338294E-011
           8           2   4.8325418562341557E-011
           8           3  -9.3660291341942482E-005
           8           4  -1.1113978410682392     
           8           5  -9.7361462682733379E-006
           8           6  -2.6691073439956286E-010
           8           7   2.6235402906971811E-004
           8           8   2.6491100113912402     
           8           9   2.7271772508884800E-005
           8          10   2.0461489199673720E-010
           8          11  -7.3747330719879634E-004
           8          12 -0.63265891156184995     
           8          13  -7.6658365554453607E-005
           8          14  -1.3373638848743799E-009
           8          15   5.9878674403933060E-004
           8          16 -0.13890744548301276     
           8          17   6.2233639095266317E-005
           8          18  -3.0831627539376488E-010
           8          19  -5.8407008328511417E-010
           8          20   4.1390799874434676E-010
           8          21   1.3044368090115979E-010
           8          22   5.0412710335162686E-010
           8          23   1.0025515352138232E-010
           8          24   3.3545770926831236E-010
           8          25  -1.3686324385123955E-010
           8          26   6.9954351018067751E-010
           8          27   1.0301431976110983E-010
           8          28   1.5021059802838569E-011
           8          29   4.2778122640770209E-010
           9           1  -2.3476546545649984E-012
           9           2   7.0868128509274135E-012
           9           3  -3.0256450561120602E-006
           9           4  -9.7360762286540784E-006
           9           5  -1.1111123777557377     
           9           6  -4.2242871784423114E-011
           9           7   8.4756855663056895E-006
           9           8   2.7271772508884800E-005
           9           9   2.6483103942142869     
           9          10  -3.5383494752063384E-011
           9          11  -2.3831739557715852E-005
           9          12  -7.6658382182666411E-005
           9          13 -0.63041119852744054     
           9          14   1.2969966559797143E-010
           9          15   1.9376768022263298E-005
           9          16   6.2233590014395927E-005
           9          17 -0.14073246509201326     
           9          18  -1.9538098888386364E-009
           9          19  -3.0768386002578441E-009
           9          20   1.7513116659902290E-009
           9          21   9.9948916066883530E-010
           9          22   3.5326884536581310E-009
           9          23   2.6448820933516136E-010
           9          24   3.5102034518847319E-011
           9          25  -2.6204380628689518E-010
           9          26   1.0034668683432232E-011
           9          27   1.3004432764727028E-009
           9          28  -3.8784912226040556E-010
           9          29  -8.9807844512679972E-011
          10           1  -7.0437691258680768E-002
          10           2  0.26456748482304621     
          10           3   4.5422342633364031E-011
          10           4  -5.4414983809613057E-011
          10           5   5.7627087239816291E-011
          10           6  -1.3550010565803321     
          10           7  -2.9656525670257463E-010
          10           8   2.0461489199673720E-010
          10           9  -3.5383494752063384E-011
          10          10   2.7007383219789984     
          10          11   7.7636880000986290E-010
          10          12  -5.6459801485003478E-010
          10          13   1.5049442943659886E-010
          10          14   1.6416230604901139     
          10          15  -1.0493096862233967E-009
          10          16   8.2861524932811894E-010
          10          17  -2.8374774040820638E-010
          10          18  0.25958935601839794     
          10          19   1.3989285194716870E-003
          10          20  0.26288910546698230     
          10          21   4.5248573787789110E-005
          10          22   1.4539445392816944E-004
          10          23  0.25919661516629189     
          10          24  -1.2030392897215685     
          10          25  -2.4779882322326873E-002
          10          26  -1.2614896274312779     
          10          27  -8.0142829473641916E-004
          10          28  -2.5755903716472872E-003
          10          29  -1.1960825245912794     
          11           1  -5.7186890379607426E-011
          11           2   1.9385750280606461E-010
          11           3  0.21665382216784132     
          11           4   2.6330121985247332E-004
          11           5   8.5082352938579420E-006
          11           6  -9.0308552058260350E-010
          11           7 -0.63065026757272091     
          11           8  -7.3747330719879634E-004
          11           9  -2.3831739557715852E-005
          11          10   7.7636880000986290E-010
          11          11   1.9542934171479349     
          11          12   2.0646530009006386E-003
          11          13   6.6739079111475955E-005
          11          14  -5.6114932577684748E-009
          11          15  0.22896422066661024     
          11          16  -1.5552160677443257E-003
          11          17  -5.0347699183071816E-005
          11          18   2.0155072787619940E-009
          11          19   3.2356892107656930E-009
          11          20  -1.5414282653943564E-009
          11          21  -1.0864600987970573E-009
          11          22  -3.4397229009261841E-009
          11          23   6.2255819011247611E-011
          11          24   2.1823787355811725E-009
          11          25   4.4256720160183209E-010
          11          26   2.5374051351452308E-009
          11          27   1.4528489545551212E-009
          11          28  -2.2339454593041916E-010
          11          29   2.0407586331434387E-009
          12           1   3.4319562156892946E-011
          12           2  -1.1540912105881623E-010
          12           3   2.6330122946148136E-004
          12           4  0.21737097131680305     
          12           5   2.7369568514641940E-005
          12           6   5.0902534284254638E-010
          12           7  -7.3747331031744057E-004
          12           8 -0.63265891156184995     
          12           9  -7.6658382182666411E-005
          12          10  -5.6459801485003478E-010
          12          11   2.0646530009006386E-003
          12          12   1.9599168810551566     
          12          13   2.1460897274304852E-004
          12          14   1.8564116353977127E-009
          12          15  -1.5552162017663214E-003
          12          16  0.22472829348840884     
          12          17  -1.6163134039993250E-004
          12          18   3.5747256713302827E-010
          12          19   6.6830880162324008E-010
          12          20  -4.7126489649108929E-010
          12          21  -2.7505631243069627E-010
          12          22  -9.9368584887619431E-010
          12          23  -2.0021298178724739E-010
          12          24  -2.1079477118257246E-010
          12          25   1.9289507726033369E-010
          12          26  -1.0131028725977685E-009
          12          27  -2.9769352773491147E-010
          12          28  -3.8629077015077774E-012
          12          29  -4.1234024999278137E-010
          13           1  -6.4381392149338600E-012
          13           2   2.0767314758391788E-011
          13           3   8.5083046580300054E-006
          13           4   2.7369572916918254E-005
          13           5  0.21656846694907406     
          13           6  -8.9525439378541873E-011
          13           7  -2.3831730959690294E-005
          13           8  -7.6658365554453607E-005
          13           9 -0.63041119852744054     
          13          10   1.5049442943659886E-010
          13          11   6.6739079111475955E-005
          13          12   2.1460897274304852E-004
          13          13   1.9536241117837498     
          13          14  -2.7144005972185484E-010
          13          15  -5.0347809050686659E-005
          13          16  -1.6163123786462771E-004
          13          17  0.22946838123820473     
          13          18   9.4130601923550560E-010
          13          19   1.3627662469643872E-009
          13          20  -7.7907939012325212E-010
          13          21  -3.6264452604007167E-010
          13          22  -1.5478775768297033E-009
          13          23  -1.0552535948024713E-010
          13          24  -2.2178875732656392E-010
          13          25   4.4586661819281454E-010
          13          26  -3.2761547725707930E-011
          13          27  -3.8136425337234030E-009
          13          28   1.3665536331025324E-009
          13          29   1.8857657998084007E-010
          14           1 -0.18124848345813183     
          14           2  0.54536903203451348     
          14           3  -1.7278863152618814E-009
          14           4   6.2102198152135857E-010
          14           5   6.2655669091309086E-010
          14           6  -1.6610156093558177     
          14           7   3.4950306416514570E-009
          14           8  -1.3373638848743799E-009
          14           9   1.2969966559797143E-010
          14          10   1.6416230604901139     
          14          11  -5.6114932577684748E-009
          14          12   1.8564116353977127E-009
          14          13  -2.7144005972185484E-010
          14          14   9.4696567435940935     
          14          15  -6.5525251125118678E-010
          14          16   1.6757426276530568E-009
          14          17  -1.6409458926299057E-009
          14          18  0.47922466695849925     
          14          19   7.2374975865615891E-003
          14          20  0.49629574243545227     
          14          21   2.2852597079833171E-004
          14          22   7.5402766735733237E-004
          14          23  0.47719285281038204     
          14          24  -6.1776988653022347     
          14          25 -0.13439979541549413     
          14          26  -6.4947088383272220     
          14          27  -4.2475394863542831E-003
          14          28  -1.4001463905528247E-002
          14          29  -6.1399683049641434     
          15           1   6.4957499999089034E-011
          15           2  -2.3557550946541057E-010
          15           3   5.4552757769421437E-002
          15           4  -2.1428638408825334E-004
          15           5  -6.9337655039204346E-006
          15           6   1.0488537899165837E-009
          15           7 -0.14053835411947113     
          15           8   5.9878674403933060E-004
          15           9   1.9376768022263298E-005
          15          10  -1.0493096862233967E-009
          15          11  0.22896422066661024     
          15          12  -1.5552162017663214E-003
          15          13  -5.0347809050686659E-005
          15          14  -6.5525251125118678E-010
          15          15   2.8995726876054131E-002
          15          16  -5.0151060538266982E-004
          15          17  -1.6143679059517080E-005
          15          18  -1.5651252054301891E-009
          15          19  -2.6607108331254955E-009
          15          20   1.1066764908256905E-009
          15          21   8.8924409267363400E-010
          15          22   2.6016525562223077E-009
          15          23  -2.1173669580204900E-010
          15          24   7.5632537712830034E-010
          15          25  -3.9630559016650556E-010
          15          26  -2.2427773860954438E-010
          15          27  -2.1265286608642916E-009
          15          28   7.6967645908913510E-010
          15          29   9.0248123058973291E-010
          16           1  -4.3206015017726731E-011
          16           2   1.5177069139545437E-010
          16           3  -2.1428636863669913E-004
          16           4   5.3969108477323405E-002
          16           5  -2.2271503144241932E-005
          16           6  -6.4247193716792240E-010
          16           7   5.9878667893920501E-004
          16           8 -0.13890744548301276     
          16           9   6.2233590014395927E-005
          16          10   8.2861524932811894E-010
          16          11  -1.5552160677443257E-003
          16          12  0.22472829348840884     
          16          13  -1.6163123786462771E-004
          16          14   1.6757426276530568E-009
          16          15  -5.0151060538266982E-004
          16          16   2.7629777805872582E-002
          16          17  -5.2151019261346447E-005
          16          18   2.4747798439815024E-010
          16          19   2.9884015205704104E-010
          16          20  -1.5920750540220887E-011
          16          21  -2.0576633207986836E-011
          16          22   7.6456837751483218E-012
          16          23   1.9806131876699116E-010
          16          24  -1.1480320206032704E-009
          16          25   1.1896623901877016E-010
          16          26  -9.7663907240966340E-010
          16          27   4.4751319783187211E-010
          16          28  -1.4429990496642608E-010
          16          29  -1.1988939120189374E-009
          17           1   7.3608410800772614E-012
          17           2  -2.7420713441263794E-011
          17           3  -6.9337769821362056E-006
          17           4  -2.2271566149417207E-005
          17           5   5.4622223740549286E-002
          17           6   9.8580975958052745E-011
          17           7   1.9376703568526917E-005
          17           8   6.2233639095266317E-005
          17           9 -0.14073246509201326     
          17          10  -2.8374774040820638E-010
          17          11  -5.0347699183071816E-005
          17          12  -1.6163134039993250E-004
          17          13  0.22946838123820473     
          17          14  -1.6409458926299057E-009
          17          15  -1.6143679059517080E-005
          17          16  -5.2151019261346447E-005
          17          17   2.9158302303776702E-002
          17          18  -4.7856906812693225E-010
          17          19  -6.3165141984140560E-010
          17          20   3.2311535682783807E-010
          17          21   1.3436323565813617E-010
          17          22   8.6369904060293432E-010
          17          23   7.8573121105493295E-011
          17          24   8.0285190179062203E-010
          17          25  -6.7197155406365895E-012
          17          26   1.4038651833305768E-009
          17          27   6.0867248545810976E-009
          17          28  -1.9241245532081550E-009
          17          29   8.0876074577198214E-010
          18           1 -0.90780379289099544     
          18           2   2.5571037620893908     
          18           3   3.2388227852916228E-010
          18           4   3.0560984538396579E-011
          18           5   1.4378101013525816E-009
          18           6  -6.1046985238723348     
          18           7   8.6665697446288756E-011
          18           8  -3.0831627539376488E-010
          18           9  -1.9538098888386364E-009
          18          10  0.25958935601839794     
          18          11   2.0155072787619940E-009
          18          12   3.5747256713302827E-010
          18          13   9.4130601923550560E-010
          18          14  0.47922466695849925     
          18          15  -1.5651252054301891E-009
          18          16   2.4747798439815024E-010
          18          17  -4.7856906812693225E-010
          18          18   4.1940362564553713     
          18          19   9.9502231459538612E-005
          18          20   1.2011149334098203     
          18          21  -1.8350616866141123E-005
          18          22   1.8068237084724405E-005
          18          23   1.2008357620661121     
          18          24 -0.18690739763259376     
          18          25  -1.8760949178542644E-003
          18          26 -0.27081942030301021     
          18          27   3.2204198815557453E-004
          18          28  -3.2551050592393685E-004
          18          29 -0.26574184275181484     
          19           1  -4.0781471844136098E-005
          19           2   1.4553285138896270E-004
          19           3  -5.8448186197115733E-011
          19           4   2.8816374209906513E-010
          19           5   1.2938948657841989E-009
          19           6  -5.1882269970393059E-004
          19           7   3.3824292557282864E-010
          19           8  -5.8407008328511417E-010
          19           9  -3.0768386002578441E-009
          19          10   1.3989285194716870E-003
          19          11   3.2356892107656930E-009
          19          12   6.6830880162324008E-010
          19          13   1.3627662469643872E-009
          19          14   7.2374975865615891E-003
          19          15  -2.6607108331254955E-009
          19          16   2.9884015205704104E-010
          19          17  -6.3165141984140560E-010
          19          18   9.9502231459538612E-005
          19          19   1.9954746662450631     
          19          20   1.8202506208554221E-004
          19          21  -8.8612663578318485E-005
          19          22   3.2845614744435073E-005
          19          23   9.6850900356715421E-005
          19          24  -4.2074202650198029E-003
          19          25   5.2335005746571031E-002
          19          26  -5.6575027254872692E-003
          19          27   1.5688357672887709E-003
          19          28  -5.8341509275517756E-004
          19          29  -4.0984790230380467E-003
          20           1 -0.90789998842456965     
          20           2   2.5574470442111563     
          20           3   4.0091660751743038E-010
          20           4  -3.1256338564343096E-010
          20           5  -1.1053640952843827E-010
          20           6  -6.1059223210698175     
          20           7  -4.1126453880454637E-010
          20           8   4.1390799874434676E-010
          20           9   1.7513116659902290E-009
          20          10  0.26288910546698230     
          20          11  -1.5414282653943564E-009
          20          12  -4.7126489649108929E-010
          20          13  -7.7907939012325212E-010
          20          14  0.49629574243545227     
          20          15   1.1066764908256905E-009
          20          16  -1.5920750540220887E-011
          20          17   3.2311535682783807E-010
          20          18   1.2011149334098203     
          20          19   1.8202506208554221E-004
          20          20   4.1947033223481363     
          20          21   5.8088766693797496E-005
          20          22   2.0940135116356789E-006
          20          23   1.2010612049403773     
          20          24 -0.27631818301986744     
          20          25  -3.3261764812025805E-003
          20          26 -0.20473063779689812     
          20          27  -1.0318552437526502E-003
          20          28  -4.7167892768424703E-005
          20          29 -0.27535564125418338     
          21           1  -1.3314345135472468E-006
          21           2   4.7390246727593968E-006
          21           3   7.0328920482808962E-011
          21           4  -8.9940484290798340E-011
          21           5  -4.8299052401602716E-010
          21           6  -1.6972155977968527E-005
          21           7  -1.3616874774824803E-010
          21           8   1.3044368090115979E-010
          21           9   9.9948916066883530E-010
          21          10   4.5248573787789110E-005
          21          11  -1.0864600987970573E-009
          21          12  -2.7505631243069627E-010
          21          13  -3.6264452604007167E-010
          21          14   2.2852597079833171E-004
          21          15   8.8924409267363400E-010
          21          16  -2.0576633207986836E-011
          21          17   1.3436323565813617E-010
          21          18  -1.8350616866141123E-005
          21          19  -8.8612663578318485E-005
          21          20   5.8088766693797496E-005
          21          21   1.9983141529000823     
          21          22  -9.4192219934565618E-004
          21          23  -2.7412254552369364E-005
          21          24   2.4967442935062842E-004
          21          25   1.5688481475812433E-003
          21          26  -1.1041978811792421E-003
          21          27   2.0535580659591240E-003
          21          28   1.6677914917147482E-002
          21          29   4.1041501833662071E-004
          22           1  -4.2346445343690803E-006
          22           2   1.5115634616852795E-005
          22           3   1.6939078535063732E-010
          22           4  -2.9386046391528912E-010
          22           5  -1.5490110664744365E-009
          22           6  -5.3859410713766579E-005
          22           7  -5.9065661101818013E-010
          22           8   5.0412710335162686E-010
          22           9   3.5326884536581310E-009
          22          10   1.4539445392816944E-004
          22          11  -3.4397229009261841E-009
          22          12  -9.9368584887619431E-010
          22          13  -1.5478775768297033E-009
          22          14   7.5402766735733237E-004
          22          15   2.6016525562223077E-009
          22          16   7.6456837751483218E-012
          22          17   8.6369904060293432E-010
          22          18   1.8068237084724405E-005
          22          19   3.2845614744435073E-005
          22          20   2.0940135116356789E-006
          22          21  -9.4192219934565618E-004
          22          22   1.9957446308357532     
          22          23   1.9133024712774966E-005
          22          24  -5.6879591580402623E-004
          22          25  -5.8342029367579068E-004
          22          26  -2.9046070583696329E-004
          22          27   1.6677915555118186E-002
          22          28   4.7550332089140307E-002
          22          29  -5.9447297130612426E-004
          23           1 -0.90779234361887906     
          23           2   2.5570629043062492     
          23           3   4.8079324551117656E-010
          23           4  -1.9743408801529456E-010
          23           5   3.6543168939637108E-010
          23           6  -6.1045528647291025     
          23           7  -2.1141608798913795E-010
          23           8   1.0025515352138232E-010
          23           9   2.6448820933516136E-010
          23          10  0.25919661516629189     
          23          11   6.2255819011247611E-011
          23          12  -2.0021298178724739E-010
          23          13  -1.0552535948024713E-010
          23          14  0.47719285281038204     
          23          15  -2.1173669580204900E-010
          23          16   1.9806131876699116E-010
          23          17   7.8573121105493295E-011
          23          18   1.2008357620661121     
          23          19   9.6850900356715421E-005
          23          20   1.2010612049403773     
          23          21  -2.7412254552369364E-005
          23          22   1.9133024712774966E-005
          23          23   4.1939837557233748     
          23          24 -0.26508737305502872     
          23          25  -1.7671534079831113E-003
          23          26 -0.26920240950628527     
          23          27   4.8278647224437302E-004
          23          28  -3.5118984751826446E-004
          23          29 -0.18525883712675961     
          24           1   8.7161722897903110E-002
          24           2 -0.27149513039335593     
          24           3   7.2512448103436958E-010
          24           4  -1.7897366244998192E-010
          24           5  -3.3311729452144425E-010
          24           6  0.87229675214941871     
          24           7  -1.4547281779686762E-009
          24           8   3.3545770926831236E-010
          24           9   3.5102034518847319E-011
          24          10  -1.2030392897215685     
          24          11   2.1823787355811725E-009
          24          12  -2.1079477118257246E-010
          24          13  -2.2178875732656392E-010
          24          14  -6.1776988653022347     
          24          15   7.5632537712830034E-010
          24          16  -1.1480320206032704E-009
          24          17   8.0285190179062203E-010
          24          18 -0.18690739763259376     
          24          19  -4.2074202650198029E-003
          24          20 -0.27631818301986744     
          24          21   2.4967442935062842E-004
          24          22  -5.6879591580402623E-004
          24          23 -0.26508737305502872     
          24          24   4.0548228511634168     
          24          25   7.7746828008447955E-002
          24          26   4.2354195188155241     
          24          27  -4.3310367805532227E-003
          24          28   1.0296678519720461E-002
          24          29   4.0309727679616696     
          25           1   7.0518042131410494E-004
          25           2  -2.5432723051837724E-003
          25           3   5.0578324878082189E-011
          25           4   4.6021608862064154E-011
          25           5   6.3545756278821086E-011
          25           6   9.2512464823061892E-003
          25           7  -8.5979889385161457E-011
          25           8  -1.3686324385123955E-010
          25           9  -2.6204380628689518E-010
          25          10  -2.4779882322326873E-002
          25          11   4.4256720160183209E-010
          25          12   1.9289507726033369E-010
          25          13   4.4586661819281454E-010
          25          14 -0.13439979541549413     
          25          15  -3.9630559016650556E-010
          25          16   1.1896623901877016E-010
          25          17  -6.7197155406365895E-012
          25          18  -1.8760949178542644E-003
          25          19   5.2335005746571031E-002
          25          20  -3.3261764812025805E-003
          25          21   1.5688481475812433E-003
          25          22  -5.8342029367579068E-004
          25          23  -1.7671534079831113E-003
          25          24   7.7746828008447955E-002
          25          25   1.3392227836278388E-002
          25          26  0.10322323599087255     
          25          27  -2.7774889074624762E-002
          25          28   1.0362817610700939E-002
          25          29   7.4711156853443650E-002
          26           1   8.8825111360200895E-002
          26           2 -0.27749421085486115     
          26           3   8.9986299220547828E-010
          26           4  -3.5781393801768550E-010
          26           5  -4.3811738787322304E-010
          26           6  0.89411876630991960     
          26           7  -1.5189712027789370E-009
          26           8   6.9954351018067751E-010
          26           9   1.0034668683432232E-011
          26          10  -1.2614896274312779     
          26          11   2.5374051351452308E-009
          26          12  -1.0131028725977685E-009
          26          13  -3.2761547725707930E-011
          26          14  -6.4947088383272220     
          26          15  -2.2427773860954438E-010
          26          16  -9.7663907240966340E-010
          26          17   1.4038651833305768E-009
          26          18 -0.27081942030301021     
          26          19  -5.6575027254872692E-003
          26          20 -0.20473063779689812     
          26          21  -1.1041978811792421E-003
          26          22  -2.9046070583696329E-004
          26          23 -0.26920240950628527     
          26          24   4.2354195188155241     
          26          25  0.10322323599087255     
          26          26   4.4826295056011638     
          26          27   1.9648288601823563E-002
          26          28   5.4488182445030058E-003
          26          29   4.2062490334904332     
          27           1   2.3025527016213483E-005
          27           2  -8.2817762424333956E-005
          27           3   2.1674246082277140E-010
          27           4  -4.7089917336522198E-011
          27           5  -4.8515148619770285E-010
          27           6   3.0264890488186549E-004
          27           7  -5.2267596932374514E-010
          27           8   1.0301431976110983E-010
          27           9   1.3004432764727028E-009
          27          10  -8.0142829473641916E-004
          27          11   1.4528489545551212E-009
          27          12  -2.9769352773491147E-010
          27          13  -3.8136425337234030E-009
          27          14  -4.2475394863542831E-003
          27          15  -2.1265286608642916E-009
          27          16   4.4751319783187211E-010
          27          17   6.0867248545810976E-009
          27          18   3.2204198815557453E-004
          27          19   1.5688357672887709E-003
          27          20  -1.0318552437526502E-003
          27          21   2.0535580659591240E-003
          27          22   1.6677915555118186E-002
          27          23   4.8278647224437302E-004
          27          24  -4.3310367805532227E-003
          27          25  -2.7774889074624762E-002
          27          26   1.9648288601823563E-002
          27          27  0.90375326265755285     
          27          28 -0.29529661528918733     
          27          29  -7.1823816936635362E-003
          28           1   7.3224792806533004E-005
