           1           1   2.4315659159186387     
           1           2  -1.1362717625753982     
           1           3   5.7575789211393134E-012
           1           4  -5.3112088946193207E-012
           1           5   9.9432201190635968E-013
           1           6   2.0757158438410039     
           1           7   1.0894867000861718E-013
           1           8   1.5840759568018854E-014
           1           9   1.7984508541853371E-014
           1          10 -0.20112800198632697     
           1          11   2.5671188741077903E-014
           1          12  -2.1800125405222375E-014
           1          13   3.6699921629963989E-015
           1          14 -0.12951618255166109     
           1          15  -6.7853562504110038E-015
           1          16   4.0494153913347821E-015
           1          17  -5.1185646503016557E-015
           1          18 -0.73972437626069965     
           1          19   6.8256309551027121E-006
           1          20 -0.73973340445378555     
           1          21  -1.2501866203917388E-004
           1          22   1.4452375717657859E-005
           1          23 -0.73931485814213027     
           1          24  0.11054698476159500     
           1          25  -8.3186777767098758E-005
           1          26  0.11065570959423582     
           1          27   1.5215100682264952E-003
           1          28  -1.7590755866611995E-004
           1          29  0.10561316910149235     
           2           1  -1.1362717625753982     
           2           2   3.0390786517087287     
           2           3  -1.4635225854916916E-011
           2           4   1.3869573740294090E-011
           2           5  -2.5317475433511685E-012
           2           6  -6.0985742030467094     
           2           7  -3.1531790675653303E-013
           2           8  -5.2670151737655719E-014
           2           9  -4.4198382095393451E-014
           2          10  0.68485153954442057     
           2          11  -5.6638113689088818E-014
           2          12   6.0729616365698804E-014
           2          13  -1.6830830683626423E-014
           2          14  0.44910230071367252     
           2          15   1.0021873605180636E-014
           2          16  -8.4981839638777220E-015
           2          17   1.0265221444967027E-014
           2          18   2.1189249133176040     
           2          19  -2.2368592299911195E-005
           2          20   2.1189544210485827     
           2          21   4.0923130926314219E-004
           2          22  -4.7311892824495503E-005
           2          23   2.1175858354643164     
           2          24 -0.37932343062435170     
           2          25   2.7280332569846165E-004
           2          26 -0.37968023918626037     
           2          27  -4.9912021957621219E-003
           2          28   5.7703859186119069E-004
           2          29 -0.36313384596160364     
           3           1   5.7575789211393134E-012
           3           2  -1.4635225854916916E-011
           3           3   2.4840634559896122     
           3           4   4.0040183583395857E-008
           3           5  -2.2894629752122088E-006
           3           6   3.4994679282691753E-011
           3           7  -1.1527609904946332     
           3           8  -1.1802963030755394E-007
           3           9   6.7505610071996134E-006
           3          10   5.3514252853786610E-012
           3          11  0.30321844799262376     
           3          12   3.6618248969383718E-007
           3          13  -2.0967465278127866E-005
           3          14   8.0882315762301895E-012
           3          15  -3.8866660570533985E-002
           3          16  -5.0176204635437463E-007
           3          17   2.8796987993682628E-005
           3          18  -1.5631825952748344E-011
           3          19   2.2028041345076013E-012
           3          20  -1.5149617123277980E-011
           3          21  -2.4793540364916489E-012
           3          22  -4.3350636261769108E-012
           3          23  -1.6226897179891750E-011
           3          24  -3.9630377391359544E-012
           3          25  -7.6904586682687210E-013
           3          26  -4.6171473438353957E-012
           3          27  -5.8419680352058050E-013
           3          28   1.4893172505974983E-013
           3          29  -6.1212276916032032E-012
           4           1  -5.3112088946193207E-012
           4           2   1.3869573740294090E-011
           4           3   4.0040183583395857E-008
           4           4   2.4840630959306402     
           4           5   2.5138517438044955E-007
           4           6  -3.1690159264122961E-011
           4           7  -1.1802891431971093E-007
           4           8  -1.1527599288452481     
           4           9  -7.4121333515342856E-007
           4          10  -3.2314151982097578E-012
           4          11   3.6618352300849281E-007
           4          12  0.30321515046676184     
           4          13   2.3021707221283078E-006
           4          14  -2.1584393852527868E-012
           4          15  -5.0176014910159670E-007
           4          16  -3.8862131701007260E-002
           4          17  -3.1616477450614516E-006
           4          18   1.5977070924806515E-011
           4          19  -2.2188906206119074E-012
           4          20   1.3874936508856233E-011
           4          21  -8.5072784291133704E-012
           4          22   6.6796249918039712E-012
           4          23   1.5438266421122517E-011
           4          24   1.8734650249027575E-012
           4          25  -9.0961571545808538E-013
           4          26   3.1285440657494932E-012
           4          27   1.1907505336019958E-012
           4          28   4.8797149931421926E-013
           4          29   1.4787613062676551E-012
           5           1   9.9432201190635968E-013
           5           2  -2.5317475433511685E-012
           5           3  -2.2894629752122088E-006
           5           4   2.5138517438044955E-007
           5           5   2.4840774736784397     
           5           6   6.0582253263785428E-012
           5           7   6.7505594069287400E-006
           5           8  -7.4121415245679331E-007
           5           9  -1.1528023221429149     
           5          10   8.8633860654426500E-013
           5          11  -2.0967465234738149E-005
           5          12   2.3021697891979255E-006
           5          13  0.30334682553249992     
           5          14   1.3093581934795276E-012
           5          15   2.8796988814789292E-005
           5          16  -3.1616476601334967E-006
           5          17  -3.9042976074162711E-002
           5          18  -2.7203668370504918E-012
           5          19   4.4701005663573421E-013
           5          20  -2.6436211302358770E-012
           5          21   1.4147403142337182E-011
           5          22   3.5233398264958874E-013
           5          23  -2.8046988968758670E-012
           5          24  -6.4636945659086898E-013
           5          25  -1.0467652202840461E-013
           5          26  -7.7490518154899976E-013
           5          27   1.3171306863797832E-014
           5          28   2.3981069431211328E-014
           5          29  -9.9072394014341185E-013
           6           1   2.0757158438410039     
           6           2  -6.0985742030467094     
           6           3   3.4994679282691753E-011
           6           4  -3.1690159264122961E-011
           6           5   6.0582253263785428E-012
           6           6   14.113916562237801     
           6           7   1.0932300236080271E-012
           6           8   2.1963225893539421E-013
           6           9   1.5745464119213672E-013
           6          10  -2.3970703919834344     
           6          11   1.3460663161585119E-013
           6          12  -1.5051189767702897E-013
           6          13   3.4400325452045346E-014
           6          14  -1.5678779274615682     
           6          15  -2.0948722957443723E-014
           6          16   2.4682624209363188E-014
           6          17  -1.8789848843697353E-014
           6          18  -4.1841329978292947     
           6          19   7.9184894431601666E-005
           6          20  -4.1842349530017460     
           6          21  -1.4337146085480373E-003
           6          22   1.6588193601052789E-004
           6          23  -4.1794868048675067     
           6          24   1.3045385751566663     
           6          25  -9.7041681866940862E-004
           6          26   1.3058078308926540     
           6          27   1.7754804826398216E-002
           6          28  -2.0526525559736390E-003
           6          29   1.2469483677111124     
           7           1   1.0894867000861718E-013
           7           2  -3.1531790675653303E-013
           7           3  -1.1527609904946332     
           7           4  -1.1802891431971093E-007
           7           5   6.7505594069287400E-006
           7           6   1.0932300236080271E-012
           7           7   2.7545231674575854     
           7           8   3.4763688234556956E-007
           7           9  -1.9887909532864938E-005
           7          10  -2.0224500136451496E-013
           7          11 -0.86607997981258533     
           7          12  -1.0731500501776677E-006
           7          13   6.1464958693921998E-005
           7          14   3.3632614197767662E-013
           7          15   9.8408582819182466E-002
           7          16   1.4378128608844173E-006
           7          17  -8.2546880301601733E-005
           7          18  -5.8452600548078580E-013
           7          19  -8.2351123179904527E-013
           7          20  -3.8263440053295001E-013
           7          21   1.4039506487813189E-011
           7          22   5.2705484542087231E-012
           7          23   1.4873376130364618E-013
           7          24  -2.5322730950937364E-014
           7          25  -3.4601259217698567E-014
           7          26  -5.4495924926279733E-014
           7          27   3.9340498435586738E-013
           7          28  -1.0754693201921729E-013
           7          29  -3.4523625145381371E-014
           8           1   1.5840759568018854E-014
           8           2  -5.2670151737655719E-014
           8           3  -1.1802963030755394E-007
           8           4  -1.1527599288452481     
           8           5  -7.4121415245679331E-007
           8           6   2.1963225893539421E-013
           8           7   3.4763688234556956E-007
           8           8   2.7545200397129923     
           8           9   2.1836860797774110E-006
           8          10  -1.0224871641403598E-013
           8          11  -1.0731503150675573E-006
           8          12 -0.86607031329838213     
           8          13  -6.7486367764206523E-006
           8          14  -3.8260321005456496E-013
           8          15   1.4378131144924039E-006
           8          16   9.8395600769123362E-002
           8          17   9.0628197307738223E-006
           8          18  -6.1808096561157725E-014
           8          19   1.1753900968471794E-012
           8          20  -2.5480584709590951E-013
           8          21   2.1453797463188610E-011
           8          22  -9.2016880342631456E-012
           8          23   1.7499993955319678E-013
           8          24   1.4474642298348909E-013
           8          25  -3.4750789955517743E-014
           8          26   2.2721570920511239E-013
           8          27   3.0019875284623747E-013
           8          28   3.3363537322881005E-014
           8          29   1.7153222422113125E-013
           9           1   1.7984508541853371E-014
           9           2  -4.4198382095393451E-014
           9           3   6.7505610071996134E-006
           9           4  -7.4121333515342856E-007
           9           5  -1.1528023221429149     
           9           6   1.5745464119213672E-013
           9           7  -1.9887909532864938E-005
           9           8   2.1836860797774110E-006
           9           9   2.7546449351669908     
           9          10   6.5859532787595098E-015
           9          11   6.1464958762708338E-005
           9          12  -6.7486365826511727E-006
           9          13 -0.86645631146609836     
           9          14   7.5014801939312079E-014
           9          15  -8.2546880227207168E-005
           9          16   9.0628195326568546E-006
           9          17   9.8913993171178535E-002
           9          18  -1.1959123540857705E-013
           9          19  -4.3645602339397620E-013
           9          20  -4.2203119473028023E-015
           9          21  -3.5532543119302082E-011
           9          22  -1.2101523156272762E-012
           9          23  -3.6018481147686787E-015
           9          24  -3.3781907504076419E-014
           9          25  -1.3379445931327389E-014
           9          26  -2.8426964993148707E-014
           9          27  -2.7562672323595554E-013
           9          28  -3.5528148570686244E-014
           9          29  -1.5636940630508737E-014
          10           1 -0.20112800198632697     
          10           2  0.68485153954442057     
          10           3   5.3514252853786610E-012
          10           4  -3.2314151982097578E-012
          10           5   8.8633860654426500E-013
          10           6  -2.3970703919834344     
          10           7  -2.0224500136451496E-013
          10           8  -1.0224871641403598E-013
          10           9   6.5859532787595098E-015
          10          10   7.3310933234465745     
          10          11   6.0164871096027539E-014
          10          12   8.4422600361518892E-014
          10          13  -3.4853192115984595E-014
          10          14   4.8916423923298913     
          10          15  -5.2916159934111479E-014
          10          16   4.1368827617255241E-015
          10          17  -4.1897038244601394E-015
          10          18  0.26128949311871458     
          10          19  -2.4995133881721690E-004
          10          20  0.26162808924379227     
          10          21   4.6261132681895030E-003
          10          22  -5.3437729398228410E-004
          10          23  0.24599328559923145     
          10          24  -4.3515686243348624     
          10          25   3.0472414081796173E-003
          10          26  -4.3556545979323618     
          10          27  -5.6361182138907076E-002
          10          28   6.5107786398161888E-003
          10          29  -4.1669600781941103     
          11           1   2.5671188741077903E-014
          11           2  -5.6638113689088818E-014
          11           3  0.30321844799262376     
          11           4   3.6618352300849281E-007
          11           5  -2.0967465234738149E-005
          11           6   1.3460663161585119E-013
          11           7 -0.86607997981258533     
          11           8  -1.0731503150675573E-006
          11           9   6.1464958762708338E-005
          11          10   6.0164871096027539E-014
          11          11   2.4233167034104648     
          11          12   3.2115690459647885E-006
          11          13  -1.8417160052598171E-004
          11          14   5.0335628269114813E-014
          11          15 -0.21998876070770493     
          11          16  -3.6862904372281463E-006
          11          17   2.1196224787172282E-004
          11          18  -6.4073360146630524E-014
          11          19  -5.2323472888018802E-013
          11          20  -5.2556515239117935E-014
          11          21   5.3841990107377473E-013
          11          22   3.3574740333611983E-012
          11          23  -6.7833525420894858E-014
          11          24  -2.7613479371868141E-014
          11          25  -7.0193497302347666E-015
          11          26  -3.0272273462910566E-014
          11          27   5.7624604838348809E-015
          11          28   2.9005248583924256E-014
          11          29  -4.5624291654608861E-014
          12           1  -2.1800125405222375E-014
          12           2   6.0729616365698804E-014
          12           3   3.6618248969383718E-007
          12           4  0.30321515046676184     
          12           5   2.3021697891979255E-006
          12           6  -1.5051189767702897E-013
          12           7  -1.0731500501776677E-006
          12           8 -0.86607031329838213     
          12           9  -6.7486365826511727E-006
          12          10   8.4422600361518892E-014
          12          11   3.2115690459647885E-006
          12          12   2.4232877389710623     
          12          13   2.0220768313372606E-005
          12          14   7.3750071830338967E-014
          12          15  -3.6862904395286607E-006
          12          16 -0.21995542564043222     
          12          17  -2.3270432706985300E-005
          12          18   9.1456399228508765E-014
          12          19  -1.3661427927798684E-013
          12          20   2.9702956183109333E-014
          12          21   1.4776387969695345E-011
          12          22   2.4902975036260571E-012
          12          23   6.2235045832700516E-014
          12          24  -3.9348996116456104E-014
          12          25  -2.6002274570803368E-014
          12          26  -8.5048947996541484E-014
          12          27   1.2890904080809515E-013
          12          28   3.6225081774961709E-014
          12          29  -2.5663408344608260E-014
          13           1   3.6699921629963989E-015
          13           2  -1.6830830683626423E-014
          13           3  -2.0967465278127866E-005
          13           4   2.3021707221283078E-006
          13           5  0.30334682553249992     
          13           6   3.4400325452045346E-014
          13           7   6.1464958693921998E-005
          13           8  -6.7486367764206523E-006
          13           9 -0.86645631146609836     
          13          10  -3.4853192115984595E-014
          13          11  -1.8417160052598171E-004
          13          12   2.0220768313372606E-005
          13          13   2.4244443317466193     
          13          14  -9.0409513124651423E-015
          13          15   2.1196224787395574E-004
          13          16  -2.3270432693904509E-005
          13          17 -0.22128654403232245     
          13          18  -4.6550672507564370E-015
          13          19  -4.8748011386070638E-013
          13          20  -3.5521685573629764E-014
          13          21   9.3116139835114559E-012
          13          22   4.0838726661280864E-012
          13          23   6.7942214149707292E-015
          13          24   5.5442115858958690E-015
          13          25  -7.3386646792329645E-015
          13          26  -2.1922573739594565E-015
          13          27   7.4837959961704843E-014
          13          28   2.9792404478705253E-014
          13          29   8.5825065578905447E-015
          14           1 -0.12951618255166109     
          14           2  0.44910230071367252     
          14           3   8.0882315762301895E-012
          14           4  -2.1584393852527868E-012
          14           5   1.3093581934795276E-012
          14           6  -1.5678779274615682     
          14           7   3.3632614197767662E-013
          14           8  -3.8260321005456496E-013
          14           9   7.5014801939312079E-014
          14          10   4.8916423923298913     
          14          11   5.0335628269114813E-014
          14          12   7.3750071830338967E-014
          14          13  -9.0409513124651423E-015
          14          14   3.6690078500290104     
          14          15  -2.7545888748993436E-014
          14          16  -6.8966825945873100E-015
          14          17  -3.5577349605389326E-015
          14          18  0.14893846265873584     
          14          19  -9.9414978599917457E-005
          14          20  0.14907575035217263     
          14          21   1.8548416587773973E-003
          14          22  -2.1413318001974686E-004
          14          23  0.14275580246934177     
          14          24  -3.2202015994666366     
          14          25   1.2031003662441417E-003
          14          26  -3.2217872568943227     
          14          27  -2.2085277447968846E-002
          14          28   2.5526772587844875E-003
          14          29  -3.1483497774296851     
          15           1  -6.7853562504110038E-015
          15           2   1.0021873605180636E-014
          15           3  -3.8866660570533985E-002
          15           4  -5.0176014910159670E-007
          15           5   2.8796988814789292E-005
          15           6  -2.0948722957443723E-014
          15           7   9.8408582819182466E-002
          15           8   1.4378131144924039E-006
          15           9  -8.2546880227207168E-005
          15          10  -5.2916159934111479E-014
          15          11 -0.21998876070770493     
          15          12  -3.6862904395286607E-006
          15          13   2.1196224787395574E-004
          15          14  -2.7545888748993436E-014
          15          15   2.3947418602815660E-002
          15          16   3.5720004329054669E-007
          15          17  -2.0981271373002284E-005
          15          18   2.0569565324994743E-014
          15          19  -4.0112746275629091E-013
          15          20  -1.3176519442198512E-014
          15          21   1.5469755966266671E-011
          15          22   4.2181960298441854E-012
          15          23   3.4623311445795116E-014
          15          24   3.3739953031522830E-014
          15          25  -3.5937015038519492E-015
          15          26   3.3579062615943465E-014
          15          27   1.4164700462772602E-013
          15          28   3.7952750746000409E-014
          15          29   3.2585582893447254E-014
          16           1   4.0494153913347821E-015
          16           2  -8.4981839638777220E-015
          16           3  -5.0176204635437463E-007
          16           4  -3.8862131701007260E-002
          16           5  -3.1616476601334967E-006
          16           6   2.4682624209363188E-014
          16           7   1.4378128608844173E-006
          16           8   9.8395600769123362E-002
          16           9   9.0628195326568546E-006
          16          10   4.1368827617255241E-015
          16          11  -3.6862904372281463E-006
          16          12 -0.21995542564043222     
          16          13  -2.3270432693904509E-005
          16          14  -6.8966825945873100E-015
          16          15   3.5720004329054669E-007
          16          16   2.3944118880422884E-002
          16          17   2.3022345764384190E-006
          16          18  -1.1189271271937571E-014
          16          19   8.4180968987449359E-014
          16          20  -1.1530339594900148E-014
          16          21  -5.5103859237137919E-012
          16          22  -1.1369393755943951E-012
          16          23  -1.3732814601723565E-014
          16          24  -1.0586904757644167E-014
          16          25   4.7532009422755070E-015
          16          26  -6.1112684492859222E-015
          16          27  -4.7327716891319182E-014
          16          28  -9.5098937670694769E-015
          16          29  -7.7185514246918178E-015
          17           1  -5.1185646503016557E-015
          17           2   1.0265221444967027E-014
          17           3   2.8796987993682628E-005
          17           4  -3.1616477450614516E-006
          17           5  -3.9042976074162711E-002
          17           6  -1.8789848843697353E-014
          17           7  -8.2546880301601733E-005
          17           8   9.0628197307738223E-006
          17           9   9.8913993171178535E-002
          17          10  -4.1897038244601394E-015
          17          11   2.1196224787172282E-004
          17          12  -2.3270432706985300E-005
          17          13 -0.22128654403232245     
          17          14  -3.5577349605389326E-015
          17          15  -2.0981271373002284E-005
          17          16   2.3022345764384190E-006
          17          17   2.4075881661203904E-002
          17          18   1.0022897362898545E-014
          17          19   2.0255500470558995E-013
          17          20   1.4627448353446650E-014
          17          21  -3.5113721974808657E-012
          17          22  -1.6742189141395440E-012
          17          23   7.6312768579081478E-016
          17          24   7.0619426074710824E-015
          17          25   8.9299610360289522E-016
          17          26   7.5735117803928574E-015
          17          27  -2.4469612354279537E-014
          17          28  -8.7719210686950755E-015
          17          29   6.0549279118749476E-015
          18           1 -0.73972437626069965     
          18           2   2.1189249133176040     
          18           3  -1.5631825952748344E-011
          18           4   1.5977070924806515E-011
          18           5  -2.7203668370504918E-012
          18           6  -4.1841329978292947     
          18           7  -5.8452600548078580E-013
          18           8  -6.1808096561157725E-014
          18           9  -1.1959123540857705E-013
          18          10  0.26128949311871458     
          18          11  -6.4073360146630524E-014
          18          12   9.1456399228508765E-014
          18          13  -4.6550672507564370E-015
          18          14  0.14893846265873584     
          18          15   2.0569565324994743E-014
          18          16  -1.1189271271937571E-014
          18          17   1.0022897362898545E-014
          18          18   3.5056589272369907     
          18          19  -1.4348197805812292E-005
          18          20  0.50699364842958428     
          18          21   2.5582200125103043E-004
          18          22  -2.9838838490356247E-005
          18          23  0.50614850798324673     
          18          24 -0.13096907698028232     
          18          25   1.7712670151524503E-004
          18          26 -0.13905716724296915     
          18          27  -3.2425404755854143E-003
          18          28   3.7615122078574621E-004
          18          29 -0.12823868813898009     
          19           1   6.8256309551027121E-006
          19           2  -2.2368592299911195E-005
          19           3   2.2028041345076013E-012
          19           4  -2.2188906206119074E-012
          19           5   4.4701005663573421E-013
          19           6   7.9184894431601666E-005
          19           7  -8.2351123179904527E-013
          19           8   1.1753900968471794E-012
          19           9  -4.3645602339397620E-013
          19          10  -2.4995133881721690E-004
          19          11  -5.2323472888018802E-013
          19          12  -1.3661427927798684E-013
          19          13  -4.8748011386070638E-013
          19          14  -9.9414978599917457E-005
          19          15  -4.0112746275629091E-013
          19          16   8.4180968987449359E-014
          19          17   2.0255500470558995E-013
          19          18  -1.4348197805812292E-005
          19          19   1.9993338392946658     
          19          20  -1.4428808818163080E-005
          19          21   7.8549336233360716E-005
          19          22  -7.2509229028155681E-004
          19          23  -1.0761242982675717E-005
          19          24   2.1526974489585179E-004
          19          25   2.9384945069559718E-003
          19          26   2.1625468176409942E-004
          19          27  -1.1544477821752702E-003
          19          28   1.0633139248358032E-002
          19          29   1.7131009119227000E-004
          20           1 -0.73973340445378555     
          20           2   2.1189544210485827     
          20           3  -1.5149617123277980E-011
          20           4   1.3874936508856233E-011
          20           5  -2.6436211302358770E-012
          20           6  -4.1842349530017460     
          20           7  -3.8263440053295001E-013
          20           8  -2.5480584709590951E-013
          20           9  -4.2203119473028023E-015
          20          10  0.26162808924379227     
          20          11  -5.2556515239117935E-014
          20          12   2.9702956183109333E-014
          20          13  -3.5521685573629764E-014
          20          14  0.14907575035217263     
          20          15  -1.3176519442198512E-014
          20          16  -1.1530339594900148E-014
          20          17   1.4627448353446650E-014
          20          18  0.50699364842958428     
          20          19  -1.4428808818163080E-005
          20          20   3.5056946596108869     
          20          21   2.5921562213874778E-004
          20          22  -2.9808313385658542E-005
          20          23  0.50616148028729291     
          20          24 -0.13912614506016052     
          20          25   1.7811157419344263E-004
          20          26 -0.13150339090341431     
          20          27  -3.2729371682601359E-003
          20          28   3.7700560891594905E-004
          20          29 -0.12847906640488738     
          21           1  -1.2501866203917388E-004
          21           2   4.0923130926314219E-004
          21           3  -2.4793540364916489E-012
          21           4  -8.5072784291133704E-012
          21           5   1.4147403142337182E-011
          21           6  -1.4337146085480373E-003
          21           7   1.4039506487813189E-011
          21           8   2.1453797463188610E-011
          21           9  -3.5532543119302082E-011
          21          10   4.6261132681895030E-003
          21          11   5.3841990107377473E-013
          21          12   1.4776387969695345E-011
          21          13   9.3116139835114559E-012
          21          14   1.8548416587773973E-003
          21          15   1.5469755966266671E-011
          21          16  -5.5103859237137919E-012
          21          17  -3.5113721974808657E-012
          21          18   2.5582200125103043E-004
          21          19   7.8549336233360716E-005
          21          20   2.5921562213874778E-004
          21          21   2.0039084382607393     
          21          22   1.0331830906173145E-005
          21          23   1.8764443995504580E-004
          21          24  -4.0403551932899932E-003
          21          25  -1.1544984005194172E-003
          21          26  -4.0699468718348340E-003
          21          27  -6.4095290859901288E-002
          21          28  -1.5714760590690855E-004
          21          29  -3.2089489793913719E-003
          22           1   1.4452375717657859E-005
          22           2  -4.7311892824495503E-005
          22           3  -4.3350636261769108E-012
          22           4   6.6796249918039712E-012
          22           5   3.5233398264958874E-013
          22           6   1.6588193601052789E-004
          22           7   5.2705484542087231E-012
          22           8  -9.2016880342631456E-012
          22           9  -1.2101523156272762E-012
          22          10  -5.3437729398228410E-004
          22          11   3.3574740333611983E-012
          22          12   2.4902975036260571E-012
          22          13   4.0838726661280864E-012
          22          14  -2.1413318001974686E-004
          22          15   4.2181960298441854E-012
          22          16  -1.1369393755943951E-012
          22          17  -1.6742189141395440E-012
          22          18  -2.9838838490356247E-005
          22          19  -7.2509229028155681E-004
          22          20  -2.9808313385658542E-005
          22          21   1.0331830906173145E-005
          22          22   2.0037743375182315     
          22          23  -2.1767638852387390E-005
          22          24   4.6745287235788215E-004
          22          25   1.0633144664929600E-002
          22          26   4.6838041546375223E-004
          22          27  -1.5713968920837702E-004
          22          28  -6.2176991214740178E-002
          22          29   3.7032223336084657E-004
          23           1 -0.73931485814213027     
          23           2   2.1175858354643164     
          23           3  -1.6226897179891750E-011
          23           4   1.5438266421122517E-011
          23           5  -2.8046988968758670E-012
          23           6  -4.1794868048675067     
          23           7   1.4873376130364618E-013
          23           8   1.7499993955319678E-013
          23           9  -3.6018481147686787E-015
          23          10  0.24599328559923145     
          23          11  -6.7833525420894858E-014
          23          12   6.2235045832700516E-014
          23          13   6.7942214149707292E-015
          23          14  0.14275580246934177     
          23          15   3.4623311445795116E-014
          23          16  -1.3732814601723565E-014
          23          17   7.6312768579081478E-016
          23          18  0.50614850798324673     
          23          19  -1.0761242982675717E-005
          23          20  0.50616148028729291     
          23          21   1.8764443995504580E-004
          23          22  -2.1767638852387390E-005
          23          23   3.5042540508017197     
          23          24 -0.12523727804715754     
          23          25   1.3311554300721125E-004
          23          26 -0.12540858388380446     
          23          27  -2.4067157083563105E-003
          23          28   2.7845676341497995E-004
          23          29 -0.10971180707540784     
          24           1  0.11054698476159500     
          24           2 -0.37932343062435170     
          24           3  -3.9630377391359544E-012
          24           4   1.8734650249027575E-012
          24           5  -6.4636945659086898E-013
          24           6   1.3045385751566663     
          24           7  -2.5322730950937364E-014
          24           8   1.4474642298348909E-013
          24           9  -3.3781907504076419E-014
          24          10  -4.3515686243348624     
          24          11  -2.7613479371868141E-014
          24          12  -3.9348996116456104E-014
          24          13   5.5442115858958690E-015
          24          14  -3.2202015994666366     
          24          15   3.3739953031522830E-014
          24          16  -1.0586904757644167E-014
          24          17   7.0619426074710824E-015
          24          18 -0.13096907698028232     
          24          19   2.1526974489585179E-004
          24          20 -0.13912614506016052     
          24          21  -4.0403551932899932E-003
          24          22   4.6745287235788215E-004
          24          23 -0.12523727804715754     
          24          24   3.2188996280739572     
          24          25  -2.6229924970578903E-003
          24          26   3.2223455421507330     
          24          27   4.9146137424347411E-002
          24          28  -5.6719422293531243E-003
          24          29   3.0559063314251729     
          25           1  -8.3186777767098758E-005
          25           2   2.7280332569846165E-004
          25           3  -7.6904586682687210E-013
          25           4  -9.0961571545808538E-013
          25           5  -1.0467652202840461E-013
          25           6  -9.7041681866940862E-004
          25           7  -3.4601259217698567E-014
          25           8  -3.4750789955517743E-014
          25           9  -1.3379445931327389E-014
          25          10   3.0472414081796173E-003
          25          11  -7.0193497302347666E-015
          25          12  -2.6002274570803368E-014
          25          13  -7.3386646792329645E-015
          25          14   1.2031003662441417E-003
          25          15  -3.5937015038519492E-015
          25          16   4.7532009422755070E-015
          25          17   8.9299610360289522E-016
          25          18   1.7712670151524503E-004
          25          19   2.9384945069559718E-003
          25          20   1.7811157419344263E-004
          25          21  -1.1544984005194172E-003
          25          22   1.0633144664929600E-002
          25          23   1.3311554300721125E-004
          25          24  -2.6229924970578903E-003
          25          25   2.5252677218893814E-002
          25          26  -2.6350238851666902E-003
          25          27   1.6970068201058525E-002
          25          28 -0.15600872052422138     
          25          29  -2.0836409124718315E-003
          26           1  0.11065570959423582     
          26           2 -0.37968023918626037     
          26           3  -4.6171473438353957E-012
          26           4   3.1285440657494932E-012
          26           5  -7.7490518154899976E-013
          26           6   1.3058078308926540     
          26           7  -5.4495924926279733E-014
          26           8   2.2721570920511239E-013
          26           9  -2.8426964993148707E-014
          26          10  -4.3556545979323618     
          26          11  -3.0272273462910566E-014
          26          12  -8.5048947996541484E-014
          26          13  -2.1922573739594565E-015
          26          14  -3.2217872568943227     
          26          15   3.3579062615943465E-014
          26          16  -6.1112684492859222E-015
          26          17   7.5735117803928574E-015
          26          18 -0.13905716724296915     
          26          19   2.1625468176409942E-004
          26          20 -0.13150339090341431     
          26          21  -4.0699468718348340E-003
          26          22   4.6838041546375223E-004
          26          23 -0.12540858388380446     
          26          24   3.2223455421507330     
          26          25  -2.6350238851666902E-003
          26          26   3.2261591539168641     
          26          27   4.9373304449050748E-002
          26          28  -5.6981922095680855E-003
          26          29   3.0587686479670575     
          27           1   1.5215100682264952E-003
          27           2  -4.9912021957621219E-003
          27           3  -5.8419680352058050E-013
          27           4   1.1907505336019958E-012
          27           5   1.3171306863797832E-014
          27           6   1.7754804826398216E-002
          27           7   3.9340498435586738E-013
          27           8   3.0019875284623747E-013
          27           9  -2.7562672323595554E-013
          27          10  -5.6361182138907076E-002
          27          11   5.7624604838348809E-015
          27          12   1.2890904080809515E-013
          27          13   7.4837959961704843E-014
          27          14  -2.2085277447968846E-002
          27          15   1.4164700462772602E-013
          27          16  -4.7327716891319182E-014
          27          17  -2.4469612354279537E-014
          27          18  -3.2425404755854143E-003
          27          19  -1.1544477821752702E-003
          27          20  -3.2729371682601359E-003
          27          21  -6.4095290859901288E-002
          27          22  -1.5713968920837702E-004
          27          23  -2.4067157083563105E-003
          27          24   4.9146137424347411E-002
          27          25   1.6970068201058525E-002
          27          26   4.9373304449050748E-002
          27          27   1.0081455630255172     
          27          28   2.3748643375231786E-003
          27          29   3.8953688381165877E-002
          28           1  -1.7590755866611995E-004
