           1           1   2.4138625843734149     
           1           2  -1.1036174512072057     
           1           3   6.9730207285359111E-011
           1           4   2.0468553795495533E-010
           1           5   5.1171766796742681E-010
           1           6   2.4343777264458666     
           1           7  -3.5975158218897791E-010
           1           8  -6.2211367562100013E-010
           1           9  -1.7078006039837999E-009
           1          10  -4.1435631321923086E-002
           1          11   1.7842029734024407E-009
           1          12   1.9128159685000197E-009
           1          13   6.1201191162394260E-009
           1          14  0.11888839127148770     
           1          15  -4.6400494751665778E-009
           1          16  -2.7824442241091892E-009
           1          17  -1.1864654747499574E-008
           1          18 -0.92013911415404759     
           1          19  -1.8552659362452241E-004
           1          20 -0.92005598112788423     
           1          21   1.7644013035494346E-004
           1          22   1.3661082618432235E-004
           1          23 -0.92004409491352457     
           1          24  -5.5765942708620508E-002
           1          25   1.4881092986535728E-003
           1          26  -5.6432772479526605E-002
           1          27  -1.4152232689918854E-003
           1          28  -1.0957448372656622E-003
           1          29  -5.6528070226731592E-002
           2           1  -1.1036174512072057     
           2           2   2.9843625405362593     
           2           3  -3.7224150122819903E-010
           2           4  -6.9186285506783887E-010
           2           5  -1.8715311178620567E-009
           2           6  -7.0640611153291211     
           2           7   1.2639970061310532E-009
           2           8   2.0325726303460308E-009
           2           9   5.6767541398804762E-009
           2          10  0.19612880594607646     
           2          11  -5.4730953271636677E-009
           2          12  -6.1632394195589376E-009
           2          13  -1.9327340461245297E-008
           2          14 -0.32843961283505879     
           2          15   1.4780553157308889E-008
           2          16   8.8963861947317559E-009
           2          17   3.7823819635324990E-008
           2          18   2.5954526184821649     
           2          19   5.7454389393151025E-004
           2          20   2.5951951711571581     
           2          21  -5.4640469840534561E-004
           2          22  -4.2306256031943515E-004
           2          23   2.5951583572167500     
           2          24  0.14470913321006357     
           2          25  -4.6264135102339204E-003
           2          26  0.14678225299914210     
           2          27   4.3998176201409094E-003
           2          28   3.4065907151637539E-003
           2          29  0.14707852519630529     
           3           1   6.9730207285359111E-011
           3           2  -3.7224150122819903E-010
           3           3   2.4749525724743364     
           3           4   2.6818858544804328E-005
           3           5  -2.5513202341625237E-005
           3           6   6.8021368868319308E-009
           3           7  -1.1276124805044083     
           3           8  -7.6091625030209583E-005
           3           9   7.2380440796547085E-005
           3          10   2.4180661960803188E-009
           3          11  0.23655051590776377     
           3          12   2.0967767432685967E-004
           3          13  -1.9937400751504479E-004
           3          14   4.5096377363265710E-008
           3          15   5.0018478016608282E-002
           3          16  -1.1368463479295840E-004
           3          17   1.0809877490585611E-004
           3          18  -9.5227109920333962E-009
           3          19  -1.1204126563377700E-008
           3          20  -2.0759449136916465E-008
           3          21  -9.2669870375230421E-009
           3          22  -7.5622720652391220E-009
           3          23   2.2932484921204273E-008
           3          24  -3.5196404311137664E-008
           3          25  -7.9182671959483578E-011
           3          26  -8.3324258538517176E-009
           3          27  -6.2227101140932046E-009
           3          28  -1.1641128965192601E-009
           3          29  -1.3654975073703099E-009
           4           1   2.0468553795495533E-010
           4           2  -6.9186285506783887E-010
           4           3   2.6818858544804328E-005
           4           4   2.4749386549662962     
           4           5  -1.9739106230353028E-005
           4           6   3.8537345019218324E-009
           4           7  -7.6091580356681685E-005
           4           8  -1.1275730131684543     
           4           9   5.6006463559826747E-005
           4          10  -4.2106207350096149E-009
           4          11   2.0967688111069114E-004
           4          12  0.23644198757818277     
           4          13  -1.5435133252827103E-004
           4          14   1.3067546827937767E-008
           4          15  -1.1367969993478027E-004
           4          16   5.0077350298234305E-002
           4          17   8.3671343086889633E-005
           4          18   4.1418206369282202E-009
           4          19  -7.1398306430900454E-009
           4          20   5.7541789181771252E-010
           4          21   3.6411136457228885E-009
           4          22  -1.2386041563627334E-008
           4          23  -7.6324803099733160E-009
           4          24   3.0088521377213763E-009
           4          25   2.5077107527824805E-009
           4          26  -9.0674628814763470E-009
           4          27   1.4554503802591104E-009
           4          28   6.3121395628271985E-009
           4          29   9.0494546918680013E-010
           5           1   5.1171766796742681E-010
           5           2  -1.8715311178620567E-009
           5           3  -2.5513202341625237E-005
           5           4  -1.9739106230353028E-005
           5           5   2.4749366835395183     
           5           6   1.5950752325091959E-008
           5           7   7.2380284560910569E-005
           5           8   5.6006473588597529E-005
           5           9  -1.1275674090898788     
           5          10  -4.7673157535414343E-009
           5          11  -1.9937021576204119E-004
           5          12  -1.5435066792830114E-004
           5          13  0.23642642147196413     
           5          14   8.6795167778126209E-008
           5          15   1.0806752748534262E-004
           5          16   8.3665741938507938E-005
           5          17   5.0085807657916329E-002
           5          18  -7.0607343979433784E-009
           5          19   3.6753070808833863E-009
           5          20  -4.5363097438707459E-009
           5          21  -3.6362299723919326E-010
           5          22   4.1410488723141966E-009
           5          23  -3.0089433226735222E-009
           5          24  -2.4297327559886049E-008
           5          25   1.7797521011477817E-008
           5          26  -1.5453504147397297E-008
           5          27   1.0478331725903764E-008
           5          28   1.3484033248872578E-008
           5          29  -3.1340663731471744E-008
           6           1   2.4343777264458666     
           6           2  -7.0640611153291211     
           6           3   6.8021368868319308E-009
           6           4   3.8537345019218324E-009
           6           5   1.5950752325091959E-008
           6           6   19.448419971334790     
           6           7  -1.3028681358586441E-008
           6           8  -9.8972544855251459E-009
           6           9  -3.6484975188158259E-008
           6          10  -1.2942469327512651     
           6          11   2.9061208709606707E-008
           6          12   2.7519732287683443E-008
           6          13   9.2649592955354248E-008
           6          14   1.0138001675275043     
           6          15  -6.5394417556909764E-008
           6          16  -3.8942899819122448E-008
           6          17  -1.6666886040277755E-007
           6          18  -6.2645112842951702     
           6          19  -2.4843997405415439E-003
           6          20  -6.2633980816779555     
           6          21   2.3626888203837400E-003
           6          22   1.8293670677312487E-003
           6          23  -6.2632387661088016     
           6          24 -0.33594135799985397     
           6          25   2.1018438882641537E-002
           6          26 -0.34535983462285058     
           6          27  -1.9988968048329919E-002
           6          28  -1.5476563062578337E-002
           6          29 -0.34670583497216390     
           7           1  -3.5975158218897791E-010
           7           2   1.2639970061310532E-009
           7           3  -1.1276124805044083     
           7           4  -7.6091580356681685E-005
           7           5   7.2380284560910569E-005
           7           6  -1.3028681358586441E-008
           7           7   2.6853721167387672     
           7           8   2.1591512529212120E-004
           7           9  -2.0536895291081605E-004
           7          10  -5.0240057805867504E-009
           7          11 -0.68563994615373292     
           7          12  -5.9554395479941707E-004
           7          13   5.6628170064373928E-004
           7          14  -1.2435124594406448E-007
           7          15 -0.13172292058076446     
           7          16   3.2776663013128152E-004
           7          17  -3.1166609649833487E-004
           7          18   1.8489817781978038E-008
           7          19   3.5576074252047634E-008
           7          20   5.3190333158231980E-008
           7          21   2.3962744246997758E-008
           7          22   2.6942863971656522E-008
           7          23  -5.9637129221259867E-008
           7          24   9.6527350692348770E-008
           7          25   1.0502327163840483E-009
           7          26   2.1596334298647337E-008
           7          27   1.7491201943199657E-008
           7          28   3.2164068515955821E-009
           7          29   2.7408347617922130E-009
           8           1  -6.2211367562100013E-010
           8           2   2.0325726303460308E-009
           8           3  -7.6091625030209583E-005
           8           4  -1.1275730131684543     
           8           5   5.6006473588597529E-005
           8           6  -9.8972544855251459E-009
           8           7   2.1591512529212120E-004
           8           8   2.6852601712064468     
           8           9  -1.5892654042860962E-004
           8          10   1.2108234639080171E-008
           8          11  -5.9554209764388875E-004
           8          12 -0.68533169436628638     
           8          13   4.3840379822554639E-004
           8          14  -3.6639706789502405E-008
           8          15   3.2775291473846179E-004
           8          16 -0.13189264976378742     
           8          17  -2.4124061602753951E-004
           8          18  -4.7881806084854976E-009
           8          19   2.0573842812599379E-008
           8          20   7.6295535528686941E-009
           8          21  -2.5440887577769652E-009
           8          22   2.9530569201431112E-008
           8          23   3.9878425836162836E-009
           8          24  -8.0937256629263802E-009
           8          25  -6.2169990837197687E-009
           8          26   2.5439513126196545E-008
           8          27  -3.3287523226854341E-009
           8          28  -1.7497077647386311E-008
           8          29  -3.4046179573460499E-009
           9           1  -1.7078006039837999E-009
           9           2   5.6767541398804762E-009
           9           3   7.2380440796547085E-005
           9           4   5.6006463559826747E-005
           9           5  -1.1275674090898788     
           9           6  -3.6484975188158259E-008
           9           7  -2.0536895291081605E-004
           9           8  -1.5892654042860962E-004
           9           9   2.6852442452057668     
           9          10   1.6335690699373315E-008
           9          11   5.6627218298042990E-004
           9          12   4.3840206412462408E-004
           9          13 -0.68528748762878355     
           9          14  -2.4063643386678760E-007
           9          15  -3.1157934348720329E-004
           9          16  -2.4122511254904546E-004
           9          17 -0.13191702470907260     
           9          18   1.4161656244875623E-008
           9          19  -7.8993187497035815E-009
           9          20   1.0292665064898881E-008
           9          21   2.1745108093958768E-009
           9          22  -1.0418178220091329E-008
           9          23   4.5945751933673691E-009
           9          24   6.5480034521713631E-008
           9          25  -4.8199069342490327E-008
           9          26   4.0729004540932725E-008
           9          27  -2.8652879704320286E-008
           9          28  -3.7615246047284597E-008
           9          29   8.5400230847840035E-008
          10           1  -4.1435631321923086E-002
          10           2  0.19612880594607646     
          10           3   2.4180661960803188E-009
          10           4  -4.2106207350096149E-009
          10           5  -4.7673157535414343E-009
          10           6  -1.2942469327512651     
          10           7  -5.0240057805867504E-009
          10           8   1.2108234639080171E-008
          10           9   1.6335690699373315E-008
          10          10   3.1455573950146030     
          10          11  -7.6375342699586604E-009
          10          12  -3.6423458794429821E-008
          10          13  -7.9886910462312128E-008
          10          14  -9.0756815129302226E-002
          10          15   8.7667840851787399E-008
          10          16   4.9712865602984732E-008
          10          17   2.1676175485900544E-007
          10          18  0.19168079970492169     
          10          19   2.7235709078825962E-003
          10          20  0.19046045424523975     
          10          21  -2.5901573098415813E-003
          10          22  -2.0055269694308677E-003
          10          23  0.19028585925914115     
          10          24 -0.35606495920056958     
          10          25  -2.0499339850281025E-002
          10          26 -0.34687913367881951     
          10          27   1.9495405194915043E-002
          10          28   1.5094771776462138E-002
          10          29 -0.34556638985862875     
          11           1   1.7842029734024407E-009
          11           2  -5.4730953271636677E-009
          11           3  0.23655051590776377     
          11           4   2.0967688111069114E-004
          11           5  -1.9937021576204119E-004
          11           6   2.9061208709606707E-008
          11           7 -0.68563994615373292     
          11           8  -5.9554209764388875E-004
          11           9   5.6627218298042990E-004
          11          10  -7.6375342699586604E-009
          11          11   1.9837563922378827     
          11          12   1.6494385210004577E-003
          11          13  -1.5684180741904440E-003
          11          14   3.1627854521147336E-007
          11          15  0.22545167095968682     
          11          16  -9.0386886664073351E-004
          11          17   8.5950924360807084E-004
          11          18  -1.8874688145942650E-008
          11          19  -5.8602987130794167E-008
          11          20  -7.2841296877408646E-008
          11          21  -4.2687165066511800E-008
          11          22  -3.6571498962047545E-008
          11          23   7.3211993890210116E-008
          11          24  -2.2646357794895513E-007
          11          25  -1.2353791319521317E-008
          11          26  -4.1036093636001456E-008
          11          27  -3.4285235596436077E-008
          11          28  -8.3030542700354459E-009
          11          29  -2.0691586065216585E-009
          12           1   1.9128159685000197E-009
          12           2  -6.1632394195589376E-009
          12           3   2.0967767432685967E-004
          12           4  0.23644198757818277     
          12           5  -1.5435066792830114E-004
          12           6   2.7519732287683443E-008
          12           7  -5.9554395479941707E-004
          12           8 -0.68533169436628638     
          12           9   4.3840206412462408E-004
          12          10  -3.6423458794429821E-008
          12          11   1.6494385210004577E-003
          12          12   1.9829026312199938     
          12          13  -1.2142377883776392E-003
          12          14   1.0196733097267563E-007
          12          15  -9.0383574950329143E-004
          12          16  0.22591966410399850     
          12          17   6.6531539088147094E-004
          12          18  -5.6275077356542466E-009
          12          19   5.1229010024679534E-009
          12          20   1.6815766984801031E-008
          12          21   9.8825500013488524E-009
          12          22  -8.3444095722551430E-009
          12          23  -2.8842310933841421E-008
          12          24   1.7969562194231022E-008
          12          25   3.0639386194411311E-008
          12          26  -6.1644152820256239E-008
          12          27   1.5333185456140578E-008
          12          28   6.1054436845379796E-008
          12          29   9.5355434109012497E-009
          13           1   6.1201191162394260E-009
          13           2  -1.9327340461245297E-008
          13           3  -1.9937400751504479E-004
          13           4  -1.5435133252827103E-004
          13           5  0.23642642147196413     
          13           6   9.2649592955354248E-008
          13           7   5.6628170064373928E-004
          13           8   4.3840379822554639E-004
          13           9 -0.68528748762878355     
          13          10  -7.9886910462312128E-008
          13          11  -1.5684180741904440E-003
          13          12  -1.2142377883776392E-003
          13          13   1.9827802504198440     
          13          14   6.3348943220102754E-007
          13          15   8.5930051971542035E-004
          13          16   6.6527848505320251E-004
          13          17  0.22598679978726094     
          13          18   6.8551312134017616E-009
          13          19   1.6021095165597786E-008
          13          20   8.0896282176353043E-009
          13          21   1.2421649953276354E-008
          13          22   1.3963585367498130E-008
          13          23  -7.4159423174506464E-008
          13          24  -1.5089631075647927E-007
          13          25   1.2025441696041708E-007
          13          26  -9.1284638084257249E-008
          13          27   8.5263730595107854E-008
          13          28   1.0812097073225637E-007
          13          29  -1.9566911293354642E-007
          14           1  0.11888839127148770     
          14           2 -0.32843961283505879     
          14           3   4.5096377363265710E-008
          14           4   1.3067546827937767E-008
          14           5   8.6795167778126209E-008
          14           6   1.0138001675275043     
          14           7  -1.2435124594406448E-007
          14           8  -3.6639706789502405E-008
          14           9  -2.4063643386678760E-007
          14          10  -9.0756815129302226E-002
          14          11   3.1627854521147336E-007
          14          12   1.0196733097267563E-007
          14          13   6.3348943220102754E-007
          14          14   4.2867823278099371     
          14          15  -3.2908295629842883E-007
          14          16  -1.6068216000160675E-007
          14          17  -7.8470395689910603E-007
          14          18 -0.29773876130951038     
          14          19  -1.8387401417766687E-002
          14          20 -0.28949901429007319     
          14          21   1.7486786179132942E-002
          14          22   1.3538852129070203E-002
          14          23 -0.28832161950099067     
          14          24 -0.73155635314638856     
          14          25  0.15937861221449412     
          14          26 -0.80297526372465544     
          14          27 -0.15157163767461829     
          14          28 -0.11735155584354773     
          14          29 -0.81318211709237942     
          15           1  -4.6400494751665778E-009
          15           2   1.4780553157308889E-008
          15           3   5.0018478016608282E-002
          15           4  -1.1367969993478027E-004
          15           5   1.0806752748534262E-004
          15           6  -6.5394417556909764E-008
          15           7 -0.13172292058076446     
          15           8   3.2775291473846179E-004
          15           9  -3.1157934348720329E-004
          15          10   8.7667840851787399E-008
          15          11  0.22545167095968682     
          15          12  -9.0383574950329143E-004
          15          13   8.5930051971542035E-004
          15          14  -3.2908295629842883E-007
          15          15   2.7685058311886522E-002
          15          16  -6.8530152456862609E-004
          15          17   6.5170544171116009E-004
          15          18   4.9875450998007722E-009
          15          19  -1.4032036159783942E-008
          15          20  -8.1129745605537647E-009
          15          21  -4.2973807587951634E-010
          15          22  -9.7897746960663588E-010
          15          23   4.2926072535358816E-008
          15          24   5.2600981047895901E-008
          15          25   8.4942499671944108E-008
          15          26   3.7578376150884746E-008
          15          27  -6.1677745452351996E-008
          15          28  -6.2500583293352723E-009
          15          29   4.3584647221251762E-008
          16           1  -2.7824442241091892E-009
          16           2   8.8963861947317559E-009
          16           3  -1.1368463479295840E-004
          16           4   5.0077350298234305E-002
          16           5   8.3665741938507938E-005
          16           6  -3.8942899819122448E-008
          16           7   3.2776663013128152E-004
          16           8 -0.13189264976378742     
          16           9  -2.4122511254904546E-004
          16          10   4.9712865602984732E-008
          16          11  -9.0386886664073351E-004
          16          12  0.22591966410399850     
          16          13   6.6527848505320251E-004
          16          14  -1.6068216000160675E-007
          16          15  -6.8530152456862609E-004
          16          16   2.8039722557736617E-002
          16          17   5.0454085663233727E-004
          16          18   3.9841269417881779E-009
          16          19   3.3445163685904674E-009
          16          20   1.1457249563842139E-009
          16          21  -2.5463960915965665E-009
          16          22   1.5787429355078606E-008
          16          23   1.9123409674176770E-008
          16          24   2.6507866783056551E-008
          16          25  -1.6154500581819603E-008
          16          26   2.2194779772378342E-008
          16          27  -2.4661672297435991E-009
          16          28  -9.5523847755878057E-008
          16          29   1.9182194026748935E-008
          17           1  -1.1864654747499574E-008
          17           2   3.7823819635324990E-008
          17           3   1.0809877490585611E-004
          17           4   8.3671343086889633E-005
          17           5   5.0085807657916329E-002
          17           6  -1.6666886040277755E-007
          17           7  -3.1166609649833487E-004
          17           8  -2.4124061602753951E-004
          17           9 -0.13191702470907260     
          17          10   2.1676175485900544E-007
          17          11   8.5950924360807084E-004
          17          12   6.6531539088147094E-004
          17          13  0.22598679978726094     
          17          14  -7.8470395689910603E-007
          17          15   6.5170544171116009E-004
          17          16   5.0454085663233727E-004
          17          17   2.8090468767025811E-002
          17          18   2.1135568575319382E-008
          17          19  -7.6018169370057316E-009
          17          20   1.7622024751611111E-008
          17          21   9.6126362074800334E-010
          17          22   1.2897949249266763E-008
          17          23   6.3709052762535119E-008
          17          24   1.3034383254365043E-007
          17          25  -6.3170094632035034E-009
          17          26   1.2718827838592398E-007
          17          27  -1.0792471273216366E-007
          17          28  -1.4393954717774047E-007
          17          29   7.5221398360133498E-008
          18           1 -0.92013911415404759     
          18           2   2.5954526184821649     
          18           3  -9.5227109920333962E-009
          18           4   4.1418206369282202E-009
          18           5  -7.0607343979433784E-009
          18           6  -6.2645112842951702     
          18           7   1.8489817781978038E-008
          18           8  -4.7881806084854976E-009
          18           9   1.4161656244875623E-008
          18          10  0.19168079970492169     
          18          11  -1.8874688145942650E-008
          18          12  -5.6275077356542466E-009
          18          13   6.8551312134017616E-009
          18          14 -0.29773876130951038     
          18          15   4.9875450998007722E-009
          18          16   3.9841269417881779E-009
          18          17   2.1135568575319382E-008
          18          18   4.2451868193985529     
          18          19   1.2699797889751305E-003
          18          20   1.2719380853104223     
          18          21  -1.5772795033318259E-003
          18          22   4.2200166432930205E-004
          18          23   1.2718503696006436     
          18          24  0.22004223411940116     
          18          25  -1.0857670425007911E-002
          18          26   8.3594147778920797E-002
          18          27   1.3397415513052499E-002
          18          28  -3.3835630551337943E-003
          18          29   8.4334145215941667E-002
          19           1  -1.8552659362452241E-004
          19           2   5.7454389393151025E-004
          19           3  -1.1204126563377700E-008
          19           4  -7.1398306430900454E-009
          19           5   3.6753070808833863E-009
          19           6  -2.4843997405415439E-003
          19           7   3.5576074252047634E-008
          19           8   2.0573842812599379E-008
          19           9  -7.8993187497035815E-009
          19          10   2.7235709078825962E-003
          19          11  -5.8602987130794167E-008
          19          12   5.1229010024679534E-009
          19          13   1.6021095165597786E-008
          19          14  -1.8387401417766687E-002
          19          15  -1.4032036159783942E-008
          19          16   3.3445163685904674E-009
          19          17  -7.6018169370057316E-009
          19          18   1.2699797889751305E-003
          19          19   1.9918162889437221     
          19          20  -1.4188216821331321E-003
          19          21   3.9317816851090863E-003
          19          22   2.9037698168436930E-003
          19          23   1.5618810855826755E-003
          19          24  -3.2055887391138705E-003
          19          25   1.0906811314833023E-002
          19          26   1.9115178004374445E-002
          19          27  -3.2692733764606158E-002
          19          28  -2.4117893811144327E-002
          19          29  -5.5592636621629530E-003
          20           1 -0.92005598112788423     
          20           2   2.5951951711571581     
          20           3  -2.0759449136916465E-008
          20           4   5.7541789181771252E-010
          20           5  -4.5363097438707459E-009
          20           6  -6.2633980816779555     
          20           7   5.3190333158231980E-008
          20           8   7.6295535528686941E-009
          20           9   1.0292665064898881E-008
          20          10  0.19046045424523975     
          20          11  -7.2841296877408646E-008
          20          12   1.6815766984801031E-008
          20          13   8.0896282176353043E-009
          20          14 -0.28949901429007319     
          20          15  -8.1129745605537647E-009
          20          16   1.1457249563842139E-009
          20          17   1.7622024751611111E-008
          20          18   1.2719380853104223     
          20          19  -1.4188216821331321E-003
          20          20   4.2448249484670768     
          20          21  -1.3382371496298341E-003
          20          22  -1.0361253255954284E-003
          20          23   1.2715791297206591     
          20          24   8.0168132100849221E-002
          20          25   1.1460766220103773E-002
          20          26  0.21990508258098307     
          20          27   1.1315030953548978E-002
          20          28   8.8579004670677457E-003
          20          29   8.3258948216553275E-002
          21           1   1.7644013035494346E-004
          21           2  -5.4640469840534561E-004
          21           3  -9.2669870375230421E-009
          21           4   3.6411136457228885E-009
          21           5  -3.6362299723919326E-010
          21           6   2.3626888203837400E-003
          21           7   2.3962744246997758E-008
          21           8  -2.5440887577769652E-009
          21           9   2.1745108093958768E-009
          21          10  -2.5901573098415813E-003
          21          11  -4.2687165066511800E-008
          21          12   9.8825500013488524E-009
          21          13   1.2421649953276354E-008
          21          14   1.7486786179132942E-002
          21          15  -4.2973807587951634E-010
          21          16  -2.5463960915965665E-009
          21          17   9.6126362074800334E-010
          21          18  -1.5772795033318259E-003
          21          19   3.9317816851090863E-003
          21          20  -1.3382371496298341E-003
          21          21   1.9920454291114424     
          21          22  -2.8746127597146145E-003
          21          23   1.5717340792573862E-003
          21          24   6.1197798259595253E-003
          21          25  -3.2693054607075132E-002
          21          26   4.0608082419943993E-003
          21          27   9.0009839073027821E-003
          21          28   2.3870173872521390E-002
          21          29  -2.0023935457750826E-002
          22           1   1.3661082618432235E-004
          22           2  -4.2306256031943515E-004
          22           3  -7.5622720652391220E-009
          22           4  -1.2386041563627334E-008
          22           5   4.1410488723141966E-009
          22           6   1.8293670677312487E-003
          22           7   2.6942863971656522E-008
          22           8   2.9530569201431112E-008
          22           9  -1.0418178220091329E-008
          22          10  -2.0055269694308677E-003
          22          11  -3.6571498962047545E-008
          22          12  -8.3444095722551430E-009
          22          13   1.3963585367498130E-008
          22          14   1.3538852129070203E-002
          22          15  -9.7897746960663588E-010
          22          16   1.5787429355078606E-008
          22          17   1.2897949249266763E-008
          22          18   4.2200166432930205E-004
          22          19   2.9037698168436930E-003
          22          20  -1.0361253255954284E-003
          22          21  -2.8746127597146145E-003
          22          22   1.9941043860588272     
          22          23  -4.2635352892648212E-004
          22          24  -8.9948011880394262E-003
          22          25  -2.4121146200886439E-002
          22          26   3.2196560178812776E-003
          22          27   2.3872855760823364E-002
          22          28  -8.1014731921537908E-003
          22          29  -1.8457844373848450E-003
          23           1 -0.92004409491352457     
          23           2   2.5951583572167500     
          23           3   2.2932484921204273E-008
          23           4  -7.6324803099733160E-009
          23           5  -3.0089433226735222E-009
          23           6  -6.2632387661088016     
          23           7  -5.9637129221259867E-008
          23           8   3.9878425836162836E-009
          23           9   4.5945751933673691E-009
          23          10  0.19028585925914115     
          23          11   7.3211993890210116E-008
          23          12  -2.8842310933841421E-008
          23          13  -7.4159423174506464E-008
          23          14 -0.28832161950099067     
          23          15   4.2926072535358816E-008
          23          16   1.9123409674176770E-008
          23          17   6.3709052762535119E-008
          23          18   1.2718503696006436     
          23          19   1.5618810855826755E-003
          23          20   1.2715791297206591     
          23          21   1.5717340792573862E-003
          23          22  -4.2635352892648212E-004
          23          23   4.2448219219698169     
          23          24   8.0418631736175736E-002
          23          25  -1.3188578177929892E-002
          23          26   8.2769387776817471E-002
          23          27  -1.2743391977573104E-002
          23          28   3.7927905398190912E-003
          23          29  0.21948147720145600     
          24           1  -5.5765942708620508E-002
          24           2  0.14470913321006357     
          24           3  -3.5196404311137664E-008
          24           4   3.0088521377213763E-009
          24           5  -2.4297327559886049E-008
          24           6 -0.33594135799985397     
          24           7   9.6527350692348770E-008
          24           8  -8.0937256629263802E-009
          24           9   6.5480034521713631E-008
          24          10 -0.35606495920056958     
          24          11  -2.2646357794895513E-007
          24          12   1.7969562194231022E-008
          24          13  -1.5089631075647927E-007
          24          14 -0.73155635314638856     
          24          15   5.2600981047895901E-008
          24          16   2.6507866783056551E-008
          24          17   1.3034383254365043E-007
          24          18  0.22004223411940116     
          24          19  -3.2055887391138705E-003
          24          20   8.0168132100849221E-002
          24          21   6.1197798259595253E-003
          24          22  -8.9948011880394262E-003
          24          23   8.0418631736175736E-002
          24          24  0.19602074192789481     
          24          25   2.3546622791948753E-002
          24          26  0.17390810578239874     
          24          27  -4.7921832610331644E-002
          24          28   7.7865522361419179E-002
          24          29  0.17208955953285934     
          25           1   1.4881092986535728E-003
          25           2  -4.6264135102339204E-003
          25           3  -7.9182671959483578E-011
          25           4   2.5077107527824805E-009
          25           5   1.7797521011477817E-008
          25           6   2.1018438882641537E-002
          25           7   1.0502327163840483E-009
          25           8  -6.2169990837197687E-009
          25           9  -4.8199069342490327E-008
          25          10  -2.0499339850281025E-002
          25          11  -1.2353791319521317E-008
          25          12   3.0639386194411311E-008
          25          13   1.2025441696041708E-007
          25          14  0.15937861221449412     
          25          15   8.4942499671944108E-008
          25          16  -1.6154500581819603E-008
          25          17  -6.3170094632035034E-009
          25          18  -1.0857670425007911E-002
          25          19   1.0906811314833023E-002
          25          20   1.1460766220103773E-002
          25          21  -3.2693054607075132E-002
          25          22  -2.4121146200886439E-002
          25          23  -1.3188578177929892E-002
          25          24   2.3546622791948753E-002
          25          25  0.69953555549765212     
          25          26 -0.16172183600084117     
          25          27  0.27183920218590868     
          25          28  0.20033889010796069     
          25          29   4.2310436678246313E-002
          26           1  -5.6432772479526605E-002
          26           2  0.14678225299914210     
          26           3  -8.3324258538517176E-009
          26           4  -9.0674628814763470E-009
          26           5  -1.5453504147397297E-008
          26           6 -0.34535983462285058     
          26           7   2.1596334298647337E-008
          26           8   2.5439513126196545E-008
          26           9   4.0729004540932725E-008
          26          10 -0.34687913367881951     
          26          11  -4.1036093636001456E-008
          26          12  -6.1644152820256239E-008
          26          13  -9.1284638084257249E-008
          26          14 -0.80297526372465544     
          26          15   3.7578376150884746E-008
          26          16   2.2194779772378342E-008
          26          17   1.2718827838592398E-007
          26          18   8.3594147778920797E-002
          26          19   1.9115178004374445E-002
          26          20  0.21990508258098307     
          26          21   4.0608082419943993E-003
          26          22   3.2196560178812776E-003
          26          23   8.2769387776817471E-002
          26          24  0.17390810578239874     
          26          25 -0.16172183600084117     
          26          26  0.22832581202991212     
          26          27  -3.0007566164720043E-002
          26          28  -2.4678207686749658E-002
          26          29  0.18274240134665565     
          27           1  -1.4152232689918854E-003
          27           2   4.3998176201409094E-003
          27           3  -6.2227101140932046E-009
          27           4   1.4554503802591104E-009
          27           5   1.0478331725903764E-008
          27           6  -1.9988968048329919E-002
          27           7   1.7491201943199657E-008
          27           8  -3.3287523226854341E-009
          27           9  -2.8652879704320286E-008
          27          10   1.9495405194915043E-002
          27          11  -3.4285235596436077E-008
          27          12   1.5333185456140578E-008
          27          13   8.5263730595107854E-008
          27          14 -0.15157163767461829     
          27          15  -6.1677745452351996E-008
          27          16  -2.4661672297435991E-009
          27          17  -1.0792471273216366E-007
          27          18   1.3397415513052499E-002
          27          19  -3.2692733764606158E-002
          27          20   1.1315030953548978E-002
          27          21   9.0009839073027821E-003
          27          22   2.3872855760823364E-002
          27          23  -1.2743391977573104E-002
          27          24  -4.7921832610331644E-002
          27          25  0.27183920218590868     
          27          26  -3.0007566164720043E-002
          27          27  0.71538673343869386     
          27          28 -0.19823007458064967     
          27          29  0.16909808623500944     
          28           1  -1.0957448372656622E-003
