           1           1  0.38510741995282299     
           1           2  0.65387203469110766     
           1           3 -0.22837049068346699     
           1           4 -0.14570203165995682     
           1           5   8.7304857914123513E-002
           1           6   3.1679365849414727E-002
           1           7  -5.6045022062942153E-015
           1           8   5.4786138035505535E-015
           1           9  -5.7290311914083854E-015
           1          10  -9.0577754031487989E-016
           1          11   1.2811121818673661E-015
           1          12  -3.4840033565750196E-015
           1          13   1.1713677146191748E-016
           1          14   9.3406952260696273E-016
           1          15   2.7696786655951379E-015
           1          16  -1.1787224220148978E-015
           1          17  -4.0967044430943080E-016
           1          18   1.1653405876250948E-015
           1          19   8.2001030938533638E-016
           1          20   3.6472599236551597E-016
           1          21  -8.2534133932197274E-016
           1          22  -3.4428705577036595E-003
           1          23  -8.2570323046429306E-016
           1          24  -3.4428705577045160E-003
           1          25   2.5322380766949806E-016
           1          26   3.7397619713672355E-016
           1          27  -3.4428705577028863E-003
           2           1  0.65387203469110766     
           2           2   1.1549978985242622     
           2           3 -0.61936799627944250     
           2           4 -0.39477908856429267     
           2           5  0.26187023822676270     
           2           6   9.2138052269436818E-002
           2           7  -1.5021176358229861E-014
           2           8   1.4813530064090203E-014
           2           9  -1.5012630388966421E-014
           2          10  -3.1330916723708634E-015
           2          11   2.6658742919296051E-015
           2          12  -7.2505218927682752E-015
           2          13   2.3371454579141289E-015
           2          14   2.3184542092266628E-015
           2          15   5.7107607841033740E-015
           2          16  -5.7535307349641716E-015
           2          17   5.5219608081632026E-016
           2          18   2.5885483988637158E-015
           2          19   3.6138806119627539E-015
           2          20   9.9082815342095833E-016
           2          21  -6.1812347459499067E-016
           2          22  -1.2154503795546931E-002
           2          23  -1.7989778318653353E-015
           2          24  -1.2154503795549944E-002
           2          25   5.1214801114481744E-016
           2          26  -4.0927547857291911E-016
           2          27  -1.2154503795544700E-002
           3           1 -0.22837049068346699     
           3           2 -0.61936799627944250     
           3           3   1.3810553984989569     
           3           4  0.84695950075592297     
           3           5 -0.89485442808943516     
           3           6 -0.25640999145930043     
           3           7   2.5384924841266603E-014
           3           8  -2.7150557900442375E-014
           3           9   3.3137477466173633E-014
           3          10   8.1829745825052713E-015
           3          11  -3.1480282676954083E-015
           3          12   9.3888445057216836E-015
           3          13  -8.2848982593172682E-015
           3          14  -5.0501671871859765E-015
           3          15  -5.6666054860647824E-015
           3          16   2.0137157573160040E-014
           3          17  -7.9206007108703755E-015
           3          18  -4.5450081924865744E-015
           3          19  -1.0391522373608776E-014
           3          20  -3.2560547644078140E-015
           3          21  -3.5364004545117246E-015
           3          22   5.9187664900655398E-002
           3          23   3.4963743512544692E-015
           3          24   5.9187664900665148E-002
           3          25  -8.8386786907330389E-016
           3          26   5.0390968756115407E-015
           3          27   5.9187664900650569E-002
           4           1 -0.14570203165995682     
           4           2 -0.39477908856429267     
           4           3  0.84695950075592297     
           4           4  0.58781703993718981     
           4           5 -0.56374154244313490     
           4           6 -0.22477567964856138     
           4           7   2.7878230701602994E-014
           4           8  -2.7192705954180047E-014
           4           9   9.7843161035538936E-015
           4          10   5.9562903089603535E-015
           4          11  -3.0282283700209488E-015
           4          12   4.1838611450852915E-015
           4          13  -5.3784456765138442E-015
           4          14   3.1355309858155707E-016
           4          15  -6.5054991936743108E-016
           4          16   8.5067582568758802E-015
           4          17  -1.5503368504899044E-016
           4          18  -1.8047553278467140E-015
           4          19  -6.5519139931798010E-015
           4          20   6.2321190912452569E-016
           4          21  -1.4437506173027699E-015
           4          22   2.7661182281817673E-002
           4          23   1.2911597878060710E-015
           4          24   2.7661182281821180E-002
           4          25  -4.0793215071304655E-016
           4          26   2.4155738614615088E-015
           4          27   2.7661182281814963E-002
           5           1   8.7304857914123513E-002
           5           2  0.26187023822676270     
           5           3 -0.89485442808943516     
           5           4 -0.56374154244313490     
           5           5   2.3539406546862245     
           5           6  0.59815515423185950     
           5           7   1.1610240670095622E-014
           5           8  -4.8533753472931366E-015
           5           9   9.5787028886855072E-015
           5          10   5.1064544906266231E-016
           5          11   2.1834296912826864E-015
           5          12   9.2663381659501121E-016
           5          13  -2.3771685957672572E-014
           5          14   5.4411487199000165E-015
           5          15  -1.6442251527087223E-014
           5          16   2.7525491719624756E-015
           5          17   1.0242995803976133E-014
           5          18   5.0307571147244290E-015
           5          19  -1.1872598096302484E-014
           5          20   7.1006033088402755E-015
           5          21  -5.3329200142970061E-017
           5          22 -0.18754280168190859     
           5          23  -5.6483356926507831E-015
           5          24 -0.18754280168191248     
           5          25   2.1863368026955576E-015
           5          26   2.3350404558233764E-015
           5          27 -0.18754280168191195     
           6           1   3.1679365849414727E-002
           6           2   9.2138052269436818E-002
           6           3 -0.25640999145930043     
           6           4 -0.22477567964856138     
           6           5  0.59815515423185950     
           6           6  0.26563663842482821     
           6           7  -2.4532215054231968E-015
           6           8   6.4601696586011763E-015
           6           9   2.6381931287544251E-016
           6          10  -7.5102670054848740E-016
           6          11   1.2554014126081132E-015
           6          12   1.0079655774397921E-016
           6          13  -2.1661679096715162E-015
           6          14  -2.1288489197900266E-015
           6          15   1.3835697138090870E-016
           6          16   1.3884073166730707E-015
           6          17  -2.7004331221436489E-015
           6          18   4.3961885826445241E-015
           6          19   1.0303413512583334E-015
           6          20  -1.9250353934866889E-015
           6          21   1.5809632859820273E-015
           6          22  -2.8920362754140696E-002
           6          23  -3.1630500686637639E-016
           6          24  -2.8920362754139929E-002
           6          25   3.3600465447670536E-016
           6          26  -2.0474603898230016E-016
           6          27  -2.8920362754140932E-002
           7           1  -5.6045022062942153E-015
           7           2  -1.5021176358229861E-014
           7           3   2.5384924841266603E-014
           7           4   2.7878230701602994E-014
           7           5   1.1610240670095622E-014
           7           6  -2.4532215054231968E-015
           7           7   2.1768479243781855     
           7           8  -4.3021142204224816E-015
           7           9  -1.3019099687205937E-015
           7          10  0.24832272671733313     
           7          11  -3.6019364574313428E-015
           7          12   1.5368836845525147E-015
           7          13 -0.38167904514625717     
           7          14   8.4446338810550969E-015
           7          15   4.0831053815804097E-015
           7          16 -0.18210141499589180     
           7          17  -7.6084971656342759E-015
           7          18   1.4268100589909238E-016
           7          19 -0.11609186391292335     
           7          20   1.2380721448046472E-014
           7          21  -2.5574160844588079E-015
           7          22  -3.9374762538502977E-015
           7          23  -1.7251467266837037E-015
           7          24   4.1059917543009051E-015
           7          25   1.2845753714177914E-015
           7          26  -1.0652746303032500E-016
           7          27  -1.4280857924677593E-015
           8           1   5.4786138035505535E-015
           8           2   1.4813530064090203E-014
           8           3  -2.7150557900442375E-014
           8           4  -2.7192705954180047E-014
           8           5  -4.8533753472931366E-015
           8           6   6.4601696586011763E-015
           8           7  -4.3021142204224816E-015
           8           8   2.1768479243781842     
           8           9   2.4953997201926370E-015
           8          10  -4.8207965397395469E-015
           8          11  0.24832272671734218     
           8          12  -3.2977093278319103E-015
           8          13   1.1018963519404679E-014
           8          14 -0.38167904514626505     
           8          15  -6.9545064151910196E-015
           8          16   2.1545265571631944E-015
           8          17 -0.18210141499587079     
           8          18   4.8797771379227584E-015
           8          19  -1.2637460522491040E-014
           8          20 -0.11609186391295022     
           8          21   3.6108269152457240E-015
           8          22   1.3369289463133173E-015
           8          23  -1.7224940934345041E-015
           8          24  -1.3861911050783950E-014
           8          25  -2.8173909149246279E-015
           8          26   3.1024747376060754E-015
           8          27  -1.4697300167650411E-016
           9           1  -5.7290311914083854E-015
           9           2  -1.5012630388966421E-014
           9           3   3.3137477466173633E-014
           9           4   9.7843161035538936E-015
           9           5   9.5787028886855072E-015
           9           6   2.6381931287544251E-016
           9           7  -1.3019099687205937E-015
           9           8   2.4953997201926370E-015
           9           9   2.1768479243781833     
           9          10   1.6777486518126938E-015
           9          11   2.3163708364609681E-015
           9          12  0.24832272671733288     
           9          13  -1.6302063865492045E-015
           9          14  -5.1660065114589315E-015
           9          15 -0.38167904514625367     
           9          16   5.6426217864835593E-015
           9          17   2.8779062466455230E-015
           9          18 -0.18210141499588911     
           9          19  -5.0402390594506130E-015
           9          20  -7.5469144822370993E-015
           9          21 -0.11609186391293000     
           9          22   1.0374025756812987E-015
           9          23   3.7483534362105964E-016
           9          24  -6.4233886491299754E-015
           9          25  -2.6192162483440723E-016
           9          26  -3.2189035467664959E-017
           9          27  -1.0410853476424014E-015
          10           1  -9.0577754031487989E-016
          10           2  -3.1330916723708634E-015
          10           3   8.1829745825052713E-015
          10           4   5.9562903089603535E-015
          10           5   5.1064544906266231E-016
          10           6  -7.5102670054848740E-016
          10           7  0.24832272671733313     
          10           8  -4.8207965397395469E-015
          10           9   1.6777486518126938E-015
          10          10   4.4862262119854626E-002
          10          11  -8.7285051148661141E-016
          10          12   3.5277397593836551E-016
          10          13   5.5231441905662981E-002
          10          14   1.2299189444675562E-015
          10          15   5.4928392563546868E-017
          10          16   1.8587602624043270E-002
          10          17   3.4716153562985852E-016
          10          18   3.8018904430919820E-016
          10          19   1.0057778190104621E-003
          10          20   1.1835150914851766E-015
          10          21  -6.3981480703800830E-017
          10          22  -6.0757421292771305E-016
          10          23  -3.1852151216335378E-016
          10          24  -9.4562920532050141E-017
          10          25   1.0116519583835729E-018
          10          26   1.5272334372109001E-016
          10          27  -2.9696393372998421E-016
          11           1   1.2811121818673661E-015
          11           2   2.6658742919296051E-015
          11           3  -3.1480282676954083E-015
          11           4  -3.0282283700209488E-015
          11           5   2.1834296912826864E-015
          11           6   1.2554014126081132E-015
          11           7  -3.6019364574313428E-015
          11           8  0.24832272671734218     
          11           9   2.3163708364609681E-015
          11          10  -8.7285051148661141E-016
          11          11   4.4862262119856514E-002
          11          12  -1.9724771539416167E-016
          11          13   2.4041098972693575E-015
          11          14   5.5231441905658991E-002
          11          15  -1.1879332153380551E-015
          11          16   3.1398494915180208E-016
          11          17   1.8587602624041244E-002
          11          18  -8.1906053120417432E-016
          11          19   7.6392885073328642E-016
          11          20   1.0057778190073405E-003
          11          21  -3.1609914338814882E-016
          11          22  -7.2700663252291096E-017
          11          23  -3.0747094354391539E-018
          11          24  -8.6278891706712970E-016
          11          25  -2.6518671945268946E-016
          11          26   5.5702273376236749E-018
          11          27  -3.5071362125791575E-016
          12           1  -3.4840033565750196E-015
          12           2  -7.2505218927682752E-015
          12           3   9.3888445057216836E-015
          12           4   4.1838611450852915E-015
          12           5   9.2663381659501121E-016
          12           6   1.0079655774397921E-016
          12           7   1.5368836845525147E-015
          12           8  -3.2977093278319103E-015
          12           9  0.24832272671733288     
          12          10   3.5277397593836551E-016
          12          11  -1.9724771539416167E-016
          12          12   4.4862262119854890E-002
          12          13  -1.0419318402857258E-015
          12          14  -6.8955258170078082E-017
          12          15   5.5231441905663675E-002
          12          16   1.8159031136416592E-016
          12          17   2.4367443826611712E-016
          12          18   1.8587602624044304E-002
          12          19  -5.4425593806056716E-016
          12          20  -3.7648920439559141E-017
          12          21   1.0057778190099907E-003
          12          22   1.2706565417694356E-016
          12          23   1.9269653229685837E-016
          12          24  -2.7574883999370110E-016
          12          25  -1.2910019101036218E-016
          12          26  -1.2899345054436005E-016
          12          27  -4.4104114097458238E-016
          13           1   1.1713677146191748E-016
          13           2   2.3371454579141289E-015
          13           3  -8.2848982593172682E-015
          13           4  -5.3784456765138442E-015
          13           5  -2.3771685957672572E-014
          13           6  -2.1661679096715162E-015
          13           7 -0.38167904514625717     
          13           8   1.1018963519404679E-014
          13           9  -1.6302063865492045E-015
          13          10   5.5231441905662981E-002
          13          11   2.4041098972693575E-015
          13          12  -1.0419318402857258E-015
          13          13  0.75874968364569950     
          13          14  -7.7715611723760958E-015
          13          15  -4.4972706114698724E-015
          13          16  0.38105020952652369     
          13          17   1.0436096431476471E-014
          13          18   2.1475876632592872E-015
          13          19  0.16043020131174873     
          13          20  -1.3707784907168730E-014
          13          21   2.1493223867352640E-015
          13          22   1.7162925546419590E-015
          13          23  -8.9602462759792749E-016
          13          24  -4.1384474906092551E-015
          13          25  -1.6466520648792679E-015
          13          26   2.6205009754441978E-015
          13          27   2.8032646503349776E-015
          14           1   9.3406952260696273E-016
          14           2   2.3184542092266628E-015
          14           3  -5.0501671871859765E-015
          14           4   3.1355309858155707E-016
          14           5   5.4411487199000165E-015
          14           6  -2.1288489197900266E-015
          14           7   8.4446338810550969E-015
          14           8 -0.38167904514626505     
          14           9  -5.1660065114589315E-015
          14          10   1.2299189444675562E-015
          14          11   5.5231441905658991E-002
          14          12  -6.8955258170078082E-017
          14          13  -7.7715611723760958E-015
          14          14  0.75874968364571449     
          14          15   1.2790116188376999E-014
          14          16  -2.0275447987216921E-014
          14          17  0.38105020952650415     
          14          18  -3.4104663537704027E-015
          14          19   1.7479073743942308E-014
          14          20  0.16043020131178526     
          14          21  -1.9168694409543718E-016
          14          22  -2.3171139853708774E-016
          14          23   4.1824097607768419E-015
          14          24   1.5511211795163814E-014
          14          25   1.1532836775029935E-015
          14          26  -6.4197618993125405E-015
          14          27  -2.3191218498580880E-015
          15           1   2.7696786655951379E-015
          15           2   5.7107607841033740E-015
          15           3  -5.6666054860647824E-015
          15           4  -6.5054991936743108E-016
          15           5  -1.6442251527087223E-014
          15           6   1.3835697138090870E-016
          15           7   4.0831053815804097E-015
          15           8  -6.9545064151910196E-015
          15           9 -0.38167904514625367     
          15          10   5.4928392563546868E-017
          15          11  -1.1879332153380551E-015
          15          12   5.5231441905663675E-002
          15          13  -4.4972706114698724E-015
          15          14   1.2790116188376999E-014
          15          15  0.75874968364569906     
          15          16  -8.4827977975265867E-015
          15          17   2.7148422399037031E-015
          15          18  0.38105020952652124     
          15          19   3.5305959544817966E-015
          15          20   1.4376520807157789E-014
          15          21  0.16043020131175609     
          15          22   1.8149696287559814E-015
          15          23   1.4810931425175421E-015
          15          24   8.0047039004232801E-015
          15          25  -1.0116858913456885E-015
          15          26  -1.4676318272323393E-015
          15          27  -1.2957901997402696E-015
          16           1  -1.1787224220148978E-015
          16           2  -5.7535307349641716E-015
          16           3   2.0137157573160040E-014
          16           4   8.5067582568758802E-015
          16           5   2.7525491719624756E-015
          16           6   1.3884073166730707E-015
          16           7 -0.18210141499589180     
          16           8   2.1545265571631944E-015
          16           9   5.6426217864835593E-015
          16          10   1.8587602624043270E-002
          16          11   3.1398494915180208E-016
          16          12   1.8159031136416592E-016
          16          13  0.38105020952652369     
          16          14  -2.0275447987216921E-014
          16          15  -8.4827977975265867E-015
          16          16  0.28433006304338010     
          16          17  -1.1726730697603216E-015
          16          18  -2.8622937353617317E-015
          16          19  0.13605513037674918     
          16          20  -2.0963265845441725E-014
          16          21  -7.6674777638174874E-016
          16          22  -1.1835996956760248E-015
          16          23  -8.2006803422593782E-016
          16          24  -7.2179304560549114E-015
          16          25  -1.8898028439348527E-015
          16          26   2.9230122320784506E-015
          16          27   3.8841384386392318E-016
          17           1  -4.0967044430943080E-016
          17           2   5.5219608081632026E-016
          17           3  -7.9206007108703755E-015
          17           4  -1.5503368504899044E-016
          17           5   1.0242995803976133E-014
          17           6  -2.7004331221436489E-015
          17           7  -7.6084971656342759E-015
          17           8 -0.18210141499587079     
          17           9   2.8779062466455230E-015
          17          10   3.4716153562985852E-016
          17          11   1.8587602624041244E-002
          17          12   2.4367443826611712E-016
          17          13   1.0436096431476471E-014
          17          14  0.38105020952650415     
          17          15   2.7148422399037031E-015
          17          16  -1.1726730697603216E-015
          17          17  0.28433006304331226     
          17          18  -1.7435705657042888E-014
          17          19   2.8668907525730702E-014
          17          20  0.13605513037676720     
          17          21  -7.4757908197220502E-015
          17          22  -1.4228293018931790E-015
          17          23   4.9599001963902939E-015
          17          24   1.6557860855487559E-014
          17          25   1.2371161975100422E-015
          17          26  -7.3747563394386180E-015
          17          27  -3.6306065698068796E-015
          18           1   1.1653405876250948E-015
          18           2   2.5885483988637158E-015
          18           3  -4.5450081924865744E-015
          18           4  -1.8047553278467140E-015
          18           5   5.0307571147244290E-015
          18           6   4.3961885826445241E-015
          18           7   1.4268100589909238E-016
          18           8   4.8797771379227584E-015
          18           9 -0.18210141499588911     
          18          10   3.8018904430919820E-016
          18          11  -8.1906053120417432E-016
          18          12   1.8587602624044304E-002
          18          13   2.1475876632592872E-015
          18          14  -3.4104663537704027E-015
          18          15  0.38105020952652124     
          18          16  -2.8622937353617317E-015
          18          17  -1.7435705657042888E-014
          18          18  0.28433006304336395     
          18          19   8.6567038259932616E-015
          18          20   5.6213714239028434E-015
          18          21  0.13605513037675418     
          18          22  -3.2337839429788553E-016
          18          23   1.1348034779685348E-015
          18          24   5.8306022925194664E-015
          18          25  -7.7306633133823313E-016
          18          26  -1.2056691749963313E-015
          18          27  -3.1062844452442933E-015
          19           1   8.2001030938533638E-016
          19           2   3.6138806119627539E-015
          19           3  -1.0391522373608776E-014
          19           4  -6.5519139931798010E-015
          19           5  -1.1872598096302484E-014
          19           6   1.0303413512583334E-015
          19           7 -0.11609186391292335     
          19           8  -1.2637460522491040E-014
          19           9  -5.0402390594506130E-015
          19          10   1.0057778190104621E-003
          19          11   7.6392885073328642E-016
          19          12  -5.4425593806056716E-016
          19          13  0.16043020131174873     
          19          14   1.7479073743942308E-014
          19          15   3.5305959544817966E-015
          19          16  0.13605513037674918     
          19          17   2.8668907525730702E-014
          19          18   8.6567038259932616E-015
          19          19   6.8114475560256987E-002
          19          20   4.1520606397504878E-015
          19          21   5.0836071463500332E-015
          19          22   1.3399879463693689E-015
          19          23  -3.6230872198527383E-016
          19          24  -1.9084808280668250E-015
          19          25  -1.0208249612876709E-015
          19          26   1.4805486144795717E-015
          19          27   2.0874470893523517E-015
          20           1   3.6472599236551597E-016
          20           2   9.9082815342095833E-016
          20           3  -3.2560547644078140E-015
          20           4   6.2321190912452569E-016
          20           5   7.1006033088402755E-015
          20           6  -1.9250353934866889E-015
          20           7   1.2380721448046472E-014
          20           8 -0.11609186391295022     
          20           9  -7.5469144822370993E-015
          20          10   1.1835150914851766E-015
          20          11   1.0057778190073405E-003
          20          12  -3.7648920439559141E-017
          20          13  -1.3707784907168730E-014
          20          14  0.16043020131178526     
          20          15   1.4376520807157789E-014
          20          16  -2.0963265845441725E-014
          20          17  0.13605513037676720     
          20          18   5.6213714239028434E-015
          20          19   4.1520606397504878E-015
          20          20   6.8114475560294860E-002
          20          21   3.7554594850552903E-015
          20          22  -1.1397979426298221E-015
          20          23   2.5730463035521256E-015
          20          24   8.4661879316574244E-015
          20          25   7.0019108054425402E-016
          20          26  -3.8315430881495707E-015
          20          27  -2.1820893283341364E-015
          21           1  -8.2534133932197274E-016
          21           2  -6.1812347459499067E-016
          21           3  -3.5364004545117246E-015
          21           4  -1.4437506173027699E-015
          21           5  -5.3329200142970061E-017
          21           6   1.5809632859820273E-015
          21           7  -2.5574160844588079E-015
          21           8   3.6108269152457240E-015
          21           9 -0.11609186391293000     
          21          10  -6.3981480703800830E-017
          21          11  -3.1609914338814882E-016
          21          12   1.0057778190099907E-003
          21          13   2.1493223867352640E-015
          21          14  -1.9168694409543718E-016
          21          15  0.16043020131175609     
          21          16  -7.6674777638174874E-016
          21          17  -7.4757908197220502E-015
          21          18  0.13605513037675418     
          21          19   5.0836071463500332E-015
          21          20   3.7554594850552903E-015
          21          21   6.8114475560267271E-002
          21          22  -1.4094381011958496E-017
          21          23   5.1255299266967389E-016
          21          24   3.2501308703840507E-015
          21          25  -3.4722360933040790E-016
          21          26  -5.6125566949304846E-016
          21          27  -1.3150472134973784E-015
          22           1  -3.4428705577036595E-003
          22           2  -1.2154503795546931E-002
          22           3   5.9187664900655398E-002
          22           4   2.7661182281817673E-002
          22           5 -0.18754280168190859     
          22           6  -2.8920362754140696E-002
          22           7  -3.9374762538502977E-015
          22           8   1.3369289463133173E-015
          22           9   1.0374025756812987E-015
          22          10  -6.0757421292771305E-016
          22          11  -7.2700663252291096E-017
          22          12   1.2706565417694356E-016
          22          13   1.7162925546419590E-015
          22          14  -2.3171139853708774E-016
          22          15   1.8149696287559814E-015
          22          16  -1.1835996956760248E-015
          22          17  -1.4228293018931790E-015
          22          18  -3.2337839429788553E-016
          22          19   1.3399879463693689E-015
          22          20  -1.1397979426298221E-015
          22          21  -1.4094381011958496E-017
          22          22   1.8093520037649368E-002
          22          23   6.1789741668836558E-016
          22          24   1.8093520037649878E-002
          22          25  -2.0857906560422643E-016
          22          26  -3.7034769886603608E-016
          22          27   1.8093520037649784E-002
          23           1  -8.2570323046429306E-016
          23           2  -1.7989778318653353E-015
          23           3   3.4963743512544692E-015
          23           4   1.2911597878060710E-015
          23           5  -5.6483356926507831E-015
          23           6  -3.1630500686637639E-016
          23           7  -1.7251467266837037E-015
          23           8  -1.7224940934345041E-015
          23           9   3.7483534362105964E-016
          23          10  -3.1852151216335378E-016
          23          11  -3.0747094354391539E-018
          23          12   1.9269653229685837E-016
          23          13  -8.9602462759792749E-016
          23          14   4.1824097607768419E-015
          23          15   1.4810931425175421E-015
          23          16  -8.2006803422593782E-016
          23          17   4.9599001963902939E-015
          23          18   1.1348034779685348E-015
          23          19  -3.6230872198527383E-016
          23          20   2.5730463035521256E-015
          23          21   5.1255299266967389E-016
          23          22   6.1789741668836558E-016
          23          23   1.5234190610449146E-028
          23          24   6.1789741668883604E-016
          23          25   1.8369767382194057E-029
          23          26  -1.8022552205675280E-028
          23          27   6.1789741668829301E-016
          24           1  -3.4428705577045160E-003
          24           2  -1.2154503795549944E-002
          24           3   5.9187664900665148E-002
          24           4   2.7661182281821180E-002
          24           5 -0.18754280168191248     
          24           6  -2.8920362754139929E-002
          24           7   4.1059917543009051E-015
          24           8  -1.3861911050783950E-014
          24           9  -6.4233886491299754E-015
          24          10  -9.4562920532050141E-017
          24          11  -8.6278891706712970E-016
          24          12  -2.7574883999370110E-016
          24          13  -4.1384474906092551E-015
          24          14   1.5511211795163814E-014
          24          15   8.0047039004232801E-015
          24          16  -7.2179304560549114E-015
          24          17   1.6557860855487559E-014
          24          18   5.8306022925194664E-015
          24          19  -1.9084808280668250E-015
          24          20   8.4661879316574244E-015
          24          21   3.2501308703840507E-015
          24          22   1.8093520037649878E-002
          24          23   6.1789741668883604E-016
          24          24   1.8093520037650399E-002
          24          25  -2.0857906560408067E-016
          24          26  -3.7034769886662970E-016
          24          27   1.8093520037650301E-002
          25           1   2.5322380766949806E-016
          25           2   5.1214801114481744E-016
          25           3  -8.8386786907330389E-016
          25           4  -4.0793215071304655E-016
          25           5   2.1863368026955576E-015
          25           6   3.3600465447670536E-016
          25           7   1.2845753714177914E-015
          25           8  -2.8173909149246279E-015
          25           9  -2.6192162483440723E-016
          25          10   1.0116519583835729E-018
          25          11  -2.6518671945268946E-016
          25          12  -1.2910019101036218E-016
          25          13  -1.6466520648792679E-015
          25          14   1.1532836775029935E-015
          25          15  -1.0116858913456885E-015
          25          16  -1.8898028439348527E-015
          25          17   1.2371161975100422E-015
          25          18  -7.7306633133823313E-016
          25          19  -1.0208249612876709E-015
          25          20   7.0019108054425402E-016
          25          21  -3.4722360933040790E-016
          25          22  -2.0857906560422643E-016
          25          23   1.8369767382194057E-029
          25          24  -2.0857906560408067E-016
          25          25   3.4706103920609718E-029
          25          26  -5.3606897803860125E-029
          25          27  -2.0857906560423447E-016
          26           1   3.7397619713672355E-016
          26           2  -4.0927547857291911E-016
          26           3   5.0390968756115407E-015
          26           4   2.4155738614615088E-015
          26           5   2.3350404558233764E-015
          26           6  -2.0474603898230016E-016
          26           7  -1.0652746303032500E-016
          26           8   3.1024747376060754E-015
          26           9  -3.2189035467664959E-017
          26          10   1.5272334372109001E-016
          26          11   5.5702273376236749E-018
          26          12  -1.2899345054436005E-016
          26          13   2.6205009754441978E-015
          26          14  -6.4197618993125405E-015
          26          15  -1.4676318272323393E-015
          26          16   2.9230122320784506E-015
          26          17  -7.3747563394386180E-015
          26          18  -1.2056691749963313E-015
          26          19   1.4805486144795717E-015
          26          20  -3.8315430881495707E-015
          26          21  -5.6125566949304846E-016
          26          22  -3.7034769886603608E-016
          26          23  -1.8022552205675280E-028
          26          24  -3.7034769886662970E-016
          26          25  -5.3606897803860125E-029
          26          26   3.6100228467309278E-028
          26          27  -3.7034769886597741E-016
          27           1  -3.4428705577028863E-003
          27           2  -1.2154503795544700E-002
          27           3   5.9187664900650569E-002
          27           4   2.7661182281814963E-002
          27           5 -0.18754280168191195     
          27           6  -2.8920362754140932E-002
          27           7  -1.4280857924677593E-015
          27           8  -1.4697300167650411E-016
          27           9  -1.0410853476424014E-015
          27          10  -2.9696393372998421E-016
          27          11  -3.5071362125791575E-016
          27          12  -4.4104114097458238E-016
          27          13   2.8032646503349776E-015
          27          14  -2.3191218498580880E-015
          27          15  -1.2957901997402696E-015
          27          16   3.8841384386392318E-016
          27          17  -3.6306065698068796E-015
          27          18  -3.1062844452442933E-015
          27          19   2.0874470893523517E-015
          27          20  -2.1820893283341364E-015
          27          21  -1.3150472134973784E-015
          27          22   1.8093520037649784E-002
          27          23   6.1789741668829301E-016
          27          24   1.8093520037650301E-002
          27          25  -2.0857906560423447E-016
          27          26  -3.7034769886597741E-016
          27          27   1.8093520037650208E-002
