           1           1  0.76898661764277287     
           1           2  0.59163356901052522     
           1           3   3.8746220305283304E-015
           1           4   1.0449750665933830E-015
           1           5  -2.9401881592920681E-016
           1           6 -0.26158860594128297     
           1           7  -2.1473598632327803E-015
           1           8  -1.5743125177305494E-015
           1           9  -1.2139639591524829E-015
           1          10 -0.14173681792541809     
           1          11  -2.1260273770255980E-015
           1          12   3.9422700251144030E-015
           1          13   1.2245131581590652E-015
           1          14   2.4579830136486312E-002
           1          15  -2.7912147902934143E-004
           1          16   2.4037887947716639E-002
           1          17  -1.8812104040819364E-003
           1          18   7.0971582644773726E-004
           1          19   2.8033170224076379E-002
           2           1  0.59163356901052522     
           2           2  0.47519334795649310     
           2           3   3.0066477823242517E-015
           2           4   8.8312714154831094E-016
           2           5  -3.0575781671091344E-016
           2           6 -0.32306266293355274     
           2           7  -1.9267296209244015E-015
           2           8  -1.3495660099978664E-015
           2           9  -1.1137175777930785E-015
           2          10 -0.19402456322459205     
           2          11  -1.9617172975327105E-015
           2          12   3.0441988892474703E-015
           2          13   1.1080559931035601E-015
           2          14   2.5033546502031136E-002
           2          15  -4.4145277893254656E-004
           2          16   2.4175873859494459E-002
           2          17  -2.9752299358158530E-003
           2          18   1.1224544228206174E-003
           2          19   3.0498570653797349E-002
           3           1   3.8746220305283304E-015
           3           2   3.0066477823242517E-015
           3           3   4.6300377691430437E-002
           3           4  -1.7468351352698364E-002
           3           5 -0.11769190970791135     
           3           6   1.1463437097833766E-015
           3           7   3.0367782119594476E-002
           3           8  -1.1457251847978980E-002
           3           9  -7.7192507911448979E-002
           3          10   1.0195389986745340E-015
           3          11   1.5373834876484407E-002
           3          12  -5.8002885214154289E-003
           3          13  -3.9079076162319475E-002
           3          14  -8.1681308525057029E-017
           3          15  -5.0438633407638828E-017
           3          16  -9.1166754018938734E-017
           3          17   5.2057582155205735E-018
           3          18  -4.3320431967655796E-017
           3          19  -1.1844894810169123E-016
           4           1   1.0449750665933830E-015
           4           2   8.8312714154831094E-016
           4           3  -1.7468351352698364E-002
           4           4   6.5905142505521411E-003
           4           5   4.4403171910374344E-002
           4           6  -3.1474361606519607E-016
           4           7  -1.1457251847979006E-002
           4           8   4.3226278228372305E-003
           4           9   2.9123430892502505E-002
           4          10  -1.7740683509795760E-016
           4          11  -5.8002885214153144E-003
           4          12   2.1883510003820380E-003
           4          13   1.4743876118932920E-002
           4          14   1.3187733941963166E-017
           4          15   2.0252617077629070E-017
           4          16   1.9149639480997860E-017
           4          17   6.2776341342218796E-018
           4          18   1.3234723298785472E-017
           4          19   1.1876540892684461E-017
           5           1  -2.9401881592920681E-016
           5           2  -3.0575781671091344E-016
           5           3 -0.11769190970791135     
           5           4   4.4403171910374344E-002
           5           5  0.29916355548993417     
           5           6   8.8962499785979954E-017
           5           7  -7.7192507911449382E-002
           5           8   2.9123430892502584E-002
           5           9  0.19621726915033316     
           5          10   2.0766462735156819E-016
           5          11  -3.9079076162318906E-002
           5          12   1.4743876118932997E-002
           5          13   9.9335930557982483E-002
           5          14   1.3878893037847654E-017
           5          15   1.3886651528018058E-016
           5          16   5.8727903766435377E-017
           5          17   5.8577932350093635E-017
           5          18   8.3025228584372538E-017
           5          19  -2.4787009925408472E-017
           6           1 -0.26158860594128297     
           6           2 -0.32306266293355274     
           6           3   1.1463437097833766E-015
           6           4  -3.1474361606519607E-016
           6           5   8.8962499785979954E-017
           6           6   1.2456153648954260     
           6           7   1.3812625961457244E-015
           6           8  -8.5290954151001642E-016
           6           9   2.1790298678706107E-016
           6          10  0.61825257494515118     
           6          11   1.5737888872702177E-015
           6          12   1.9285605469909755E-015
           6          13  -7.1924374903373034E-016
           6          14  -9.5259734002805269E-002
           6          15   1.1586397975071479E-003
           6          16  -9.3007115029402287E-002
           6          17   7.8086542451747372E-003
           6          18  -2.9459510777357909E-003
           6          19 -0.10961267904569461     
           7           1  -2.1473598632327803E-015
           7           2  -1.9267296209244015E-015
           7           3   3.0367782119594476E-002
           7           4  -1.1457251847979006E-002
           7           5  -7.7192507911449382E-002
           7           6   1.3812625961457244E-015
           7           7   1.9917811405539550E-002
           7           8  -7.5146542027700177E-003
           7           9  -5.0629506245989615E-002
           7          10   1.6313319743976904E-015
           7          11   1.0083487244599999E-002
           7          12  -3.8043296152577605E-003
           7          13  -2.5631429580152354E-002
           7          14  -1.6705890607066830E-017
           7          15  -2.9963212308007999E-017
           7          16  -1.6873052645005172E-017
           7          17   2.4434420700573040E-017
           7          18  -3.6343405039832816E-017
           7          19  -7.9400111111344937E-017
           8           1  -1.5743125177305494E-015
           8           2  -1.3495660099978664E-015
           8           3  -1.1457251847978980E-002
           8           4   4.3226278228372305E-003
           8           5   2.9123430892502584E-002
           8           6  -8.5290954151001642E-016
           8           7  -7.5146542027700177E-003
           8           8   2.8351522482788255E-003
           8           9   1.9101658518052948E-002
           8          10  -6.5630994032947803E-016
           8          11  -3.8043296152576768E-003
           8          12   1.4353093796273322E-003
           8          13   9.6703059435499263E-003
           8          14   9.2094481839755312E-017
           8          15   1.1001989246120531E-017
           8          16   9.1561733383816782E-017
           8          17  -1.1257507842150325E-017
           8          18   1.4480968747763876E-017
           8          19   1.1954158460146530E-016
           9           1  -1.2139639591524829E-015
           9           2  -1.1137175777930785E-015
           9           3  -7.7192507911448979E-002
           9           4   2.9123430892502505E-002
           9           5  0.19621726915033316     
           9           6   2.1790298678706107E-016
           9           7  -5.0629506245989615E-002
           9           8   1.9101658518052948E-002
           9           9  0.12869621317931459     
           9          10   5.1515875098229995E-016
           9          11  -2.5631429580151847E-002
           9          12   9.6703059435499488E-003
           9          13   6.5153073176556331E-002
           9          14   3.7808974587557417E-017
           9          15   9.2484183505880312E-017
           9          16   6.9950912014331711E-017
           9          17   4.7879899323669210E-017
           9          18   5.0886383118642500E-017
           9          19  -4.9221584187850127E-018
          10           1 -0.14173681792541809     
          10           2 -0.19402456322459205     
          10           3   1.0195389986745340E-015
          10           4  -1.7740683509795760E-016
          10           5   2.0766462735156819E-016
          10           6  0.61825257494515118     
          10           7   1.6313319743976904E-015
          10           8  -6.5630994032947803E-016
          10           9   5.1515875098229995E-016
          10          10  0.52714866539218452     
          10          11   2.2585665893990877E-015
          10          12   2.2672134676523884E-015
          10          13  -1.0612067407843243E-015
          10          14  -2.8138002988919299E-002
          10          15   1.6440845467696223E-003
          10          16  -2.4941638671386483E-002
          10          17   1.1080314857529706E-002
          10          18  -4.1802418709779732E-003
          10          19  -4.8504201249700077E-002
          11           1  -2.1260273770255980E-015
          11           2  -1.9617172975327105E-015
          11           3   1.5373834876484407E-002
          11           4  -5.8002885214153144E-003
          11           5  -3.9079076162318906E-002
          11           6   1.5737888872702177E-015
          11           7   1.0083487244599999E-002
          11           8  -3.8043296152576768E-003
          11           9  -2.5631429580151847E-002
          11          10   2.2585665893990877E-015
          11          11   5.1048136234351782E-003
          11          12  -1.9259600549805737E-003
          11          13  -1.2976033760438557E-002
          11          14   9.1580151584645364E-018
          11          15  -9.5642286509140503E-018
          11          16   1.9968844607959974E-017
          11          17   5.0143667426027027E-017
          11          18  -3.2649775092514490E-017
          11          19  -9.2003971810140821E-017
          12           1   3.9422700251144030E-015
          12           2   3.0441988892474703E-015
          12           3  -5.8002885214154289E-003
          12           4   2.1883510003820380E-003
          12           5   1.4743876118932997E-002
          12           6   1.9285605469909755E-015
          12           7  -3.8043296152577605E-003
          12           8   1.4353093796273322E-003
          12           9   9.6703059435499488E-003
          12          10   2.2672134676523884E-015
          12          11  -1.9259600549805737E-003
          12          12   7.2663223518132337E-004
          12          13   4.8956386144939469E-003
          12          14  -9.9080557143993123E-017
          12          15   1.5846821312137683E-017
          12          16  -7.9355329487532228E-017
          12          17   6.3561350244432466E-017
          12          18  -1.8798751524416626E-017
          12          19  -2.1258120148741506E-016
          13           1   1.2245131581590652E-015
          13           2   1.1080559931035601E-015
          13           3  -3.9079076162319475E-002
          13           4   1.4743876118932920E-002
          13           5   9.9335930557982483E-002
          13           6  -7.1924374903373034E-016
          13           7  -2.5631429580152354E-002
          13           8   9.6703059435499263E-003
          13           9   6.5153073176556331E-002
          13          10  -1.0612067407843243E-015
          13          11  -1.2976033760438557E-002
          13          12   4.8956386144939469E-003
          13          13   3.2984054771177933E-002
          13          14  -1.0261653476785428E-017
          13          15   4.1880708075869383E-017
          13          16  -3.5899169841459502E-018
          13          17  -9.0530773505275180E-018
          13          18   3.8321634514586757E-017
          13          19   2.9276643080378445E-017
          14           1   2.4579830136486312E-002
          14           2   2.5033546502031136E-002
          14           3  -8.1681308525057029E-017
          14           4   1.3187733941963166E-017
          14           5   1.3878893037847654E-017
          14           6  -9.5259734002805269E-002
          14           7  -1.6705890607066830E-017
          14           8   9.2094481839755312E-017
          14           9   3.7808974587557417E-017
          14          10  -2.8138002988919299E-002
          14          11   9.1580151584645364E-018
          14          12  -9.9080557143993123E-017
          14          13  -1.0261653476785428E-017
          14          14   9.1588002641387091E-003
          14          15   3.2129689548669880E-006
          14          16   9.1650360489714984E-003
          14          17   2.1654870088227636E-005
          14          18  -8.1696232833739324E-006
          14          19   9.1190639554695890E-003
          15           1  -2.7912147902934143E-004
          15           2  -4.4145277893254656E-004
          15           3  -5.0438633407638828E-017
          15           4   2.0252617077629070E-017
          15           5   1.3886651528018058E-016
          15           6   1.1586397975071479E-003
          15           7  -2.9963212308007999E-017
          15           8   1.1001989246120531E-017
          15           9   9.2484183505880312E-017
          15          10   1.6440845467696223E-003
          15          11  -9.5642286509140503E-018
          15          12   1.5846821312137683E-017
          15          13   4.1880708075869383E-017
          15          14   3.2129689548669880E-006
          15          15   6.2755610864048159E-006
          15          16   1.5413724743515987E-005
          15          17   4.2294165239313672E-005
          15          18  -1.5956211163360738E-005
          15          19  -7.4526274698394386E-005
          16           1   2.4037887947716639E-002
          16           2   2.4175873859494459E-002
          16           3  -9.1166754018938734E-017
          16           4   1.9149639480997860E-017
          16           5   5.8727903766435377E-017
          16           6  -9.3007115029402287E-002
          16           7  -1.6873052645005172E-017
          16           8   9.1561733383816782E-017
          16           9   6.9950912014331711E-017
          16          10  -2.4941638671386483E-002
          16          11   1.9968844607959974E-017
          16          12  -7.9355329487532228E-017
          16          13  -3.5899169841459502E-018
          16          14   9.1650360489714984E-003
          16          15   1.5413724743515987E-005
          16          16   9.1949921752644340E-003
          16          17   1.0388190497556461E-004
          16          18  -3.9191205691100489E-005
          16          19   8.9741614477921085E-003
          17           1  -1.8812104040819364E-003
          17           2  -2.9752299358158530E-003
          17           3   5.2057582155205735E-018
          17           4   6.2776341342218796E-018
          17           5   5.8577932350093635E-017
          17           6   7.8086542451747372E-003
          17           7   2.4434420700573040E-017
          17           8  -1.1257507842150325E-017
          17           9   4.7879899323669210E-017
          17          10   1.1080314857529706E-002
          17          11   5.0143667426027027E-017
          17          12   6.3561350244432466E-017
          17          13  -9.0530773505275180E-018
          17          14   2.1654870088227636E-005
          17          15   4.2294165239313672E-005
          17          16   1.0388190497556461E-004
          17          17   2.8504167018014617E-004
          17          18  -1.0753693929134854E-004
          17          19  -5.0226902539963179E-004
          18           1   7.0971582644773726E-004
          18           2   1.1224544228206174E-003
          18           3  -4.3320431967655796E-017
          18           4   1.3234723298785472E-017
          18           5   8.3025228584372538E-017
          18           6  -2.9459510777357909E-003
          18           7  -3.6343405039832816E-017
          18           8   1.4480968747763876E-017
          18           9   5.0886383118642500E-017
          18          10  -4.1802418709779732E-003
          18          11  -3.2649775092514490E-017
          18          12  -1.8798751524416626E-017
          18          13   3.8321634514586757E-017
          18          14  -8.1696232833739324E-006
          18          15  -1.5956211163360738E-005
          18          16  -3.9191205691100489E-005
          18          17  -1.0753693929134854E-004
          18          18   4.0570185071024979E-005
          18          19   1.8948980005937041E-004
          19           1   2.8033170224076379E-002
          19           2   3.0498570653797349E-002
          19           3  -1.1844894810169123E-016
          19           4   1.1876540892684461E-017
          19           5  -2.4787009925408472E-017
          19           6 -0.10961267904569461     
          19           7  -7.9400111111344937E-017
          19           8   1.1954158460146530E-016
          19           9  -4.9221584187850127E-018
          19          10  -4.8504201249700077E-002
          19          11  -9.2003971810140821E-017
          19          12  -2.1258120148741506E-016
          19          13   2.9276643080378445E-017
          19          14   9.1190639554695890E-003
          19          15  -7.4526274698394386E-005
          19          16   8.9741614477921085E-003
          19          17  -5.0226902539963179E-004
          19          18   1.8948980005937041E-004
          19          19   1.0042331636701023E-002
