           1           1  0.83728189040306167     
           1           2  0.59981863340030150     
           1           3  -1.6706112755313914E-015
           1           4  -7.3481272497143072E-016
           1           5   8.2268752630009682E-016
           1           6 -0.40498012583355225     
           1           7   2.0284002568112952E-015
           1           8  -1.3567350622575617E-015
           1           9   3.1673041968639939E-016
           1          10  -9.4754909830347483E-002
           1          11  -1.4685351635088238E-015
           1          12   1.2510535225173071E-016
           1          13  -3.0215115106117389E-015
           1          14   5.7649986093007713E-002
           1          15   1.2851621552051267E-015
           1          16   5.7649986093008920E-002
           1          17   7.5324840275720500E-016
           1          18   1.4902088628226364E-015
           1          19   5.7649986093007630E-002
           2           1  0.59981863340030150     
           2           2  0.45667105493563032     
           2           3  -1.1813032142074428E-015
           2           4  -5.3330058088518723E-016
           2           5   5.8239434692028475E-016
           2           6 -0.47456929937683062     
           2           7   1.4195477386907317E-015
           2           8  -1.1675360180773469E-015
           2           9   2.3416783221872766E-016
           2          10 -0.13292901423990042     
           2          11  -1.0773197590922579E-015
           2          12   2.0666311351229303E-016
           2          13  -2.3039075519183504E-015
           2          14   5.9190577856832939E-002
           2          15   9.7595806230979532E-016
           2          16   5.9190577856833820E-002
           2          17   6.1202892081087052E-016
           2          18   1.1853712691650128E-015
           2          19   5.9190577856832897E-002
           3           1  -1.6706112755313914E-015
           3           2  -1.1813032142074428E-015
           3           3   1.3109663794889928E-029
           3           4   1.4994145350703356E-030
           3           5  -6.5903904359709224E-030
           3           6  -2.2619312861708189E-015
           3           7  -9.6521367467397346E-030
           3           8   9.9776488944699153E-030
           3           9  -3.7282962962187564E-030
           3          10  -1.5267316290168393E-017
           3          11   6.6174164940023399E-030
           3          12  -2.2101835269538002E-030
           3          13   1.4151160409670346E-029
           3          14   3.7182584622432201E-016
           3          15  -7.2076222743543171E-030
           3          16   3.7182584622431422E-016
           3          17  -5.4378370445620186E-030
           3          18  -7.1788649449941807E-030
           3          19   3.7182584622432512E-016
           4           1  -7.3481272497143072E-016
           4           2  -5.3330058088518723E-016
           4           3   1.4994145350703356E-030
           4           4   8.1934680690216876E-031
           4           5  -4.3162064153935624E-031
           4           6   4.1444873459541261E-016
           4           7  -2.5419292297604111E-030
           4           8   2.1559976207071405E-030
           4           9   7.5385010795373137E-032
           4          10  -3.4417270016953334E-017
           4          11   1.1849587263148122E-030
           4          12  -3.1020280794272604E-031
           4          13   3.7636622609303091E-030
           4          14  -7.5182117130232849E-017
           4          15  -1.4183411672526413E-030
           4          16  -7.5182117130234303E-017
           4          17  -9.4293983263848417E-031
           4          18  -1.7409211904016454E-030
           4          19  -7.5182117130232393E-017
           5           1   8.2268752630009682E-016
           5           2   5.8239434692028475E-016
           5           3  -6.5903904359709224E-030
           5           4  -4.3162064153935624E-031
           5           5   3.8613361548227171E-030
           5           6   1.1916284344845962E-015
           5           7   3.4949329327296201E-030
           5           8  -3.4395978959027848E-030
           5           9   2.5329211648944788E-030
           5          10  -2.2973419254269505E-016
           5          11  -3.5321669765657612E-030
           5          12   8.2928241645099093E-031
           5          13  -5.2234817550603988E-030
           5          14  -2.2814699260009015E-016
           5          15   3.1547304836569915E-030
           5          16  -2.2814699260008689E-016
           5          17   2.2923226717152590E-030
           5          18   2.9081708114745941E-030
           5          19  -2.2814699260009108E-016
           6           1 -0.40498012583355225     
           6           2 -0.47456929937683062     
           6           3  -2.2619312861708189E-015
           6           4   4.1444873459541261E-016
           6           5   1.1916284344845962E-015
           6           6   2.3599253065556964     
           6           7   8.4276149193149333E-016
           6           8  -1.2716335464438828E-016
           6           9   7.8732003268261493E-016
           6          10  0.52341679315202061     
           6          11  -2.5685593324513956E-016
           6          12  -2.6752311574150326E-016
           6          13   6.5874413713270851E-017
           6          14 -0.29779910841973467     
           6          15   3.8420454387704544E-016
           6          16 -0.29779910841973378     
           6          17   3.1372704060287404E-016
           6          18  -2.8178237360559076E-016
           6          19 -0.29779910841973561     
           7           1   2.0284002568112952E-015
           7           2   1.4195477386907317E-015
           7           3  -9.6521367467397346E-030
           7           4  -2.5419292297604111E-030
           7           5   3.4949329327296201E-030
           7           6   8.4276149193149333E-016
           7           7   1.1401591871270558E-029
           7           8  -1.1116638466053254E-029
           7           9   9.3812553523842746E-031
           7          10   5.2664805888590352E-016
           7          11  -5.1030538320699528E-030
           7          12   2.0236314131442242E-030
           7          13  -1.6373716129079502E-029
           7          14  -6.0368075058186476E-017
           7          15   6.8403641478853800E-030
           7          16  -6.0368075058178957E-017
           7          17   5.0862069540645976E-030
           7          18   7.5858641459161107E-030
           7          19  -6.0368075058190001E-017
           8           1  -1.3567350622575617E-015
           8           2  -1.1675360180773469E-015
           8           3   9.9776488944699153E-030
           8           4   2.1559976207071405E-030
           8           5  -3.4395978959027848E-030
           8           6  -1.2716335464438828E-016
           8           7  -1.1116638466053254E-029
           8           8   1.3759121470057555E-029
           8           9  -1.0225310756449577E-030
           8          10  -1.8755706619474431E-016
           8          11   4.7214149329345810E-030
           8          12  -3.4212816156678146E-030
           8          13   1.7479889560188497E-029
           8          14   2.4809014891748126E-017
           8          15  -7.3464559381149651E-030
           8          16   2.4809014891740164E-017
           8          17  -6.0277330142337006E-030
           8          18  -8.4873819846451409E-030
           8          19   2.4809014891752218E-017
           9           1   3.1673041968639939E-016
           9           2   2.3416783221872766E-016
           9           3  -3.7282962962187564E-030
           9           4   7.5385010795373137E-032
           9           5   2.5329211648944788E-030
           9           6   7.8732003268261493E-016
           9           7   9.3812553523842746E-031
           9           8  -1.0225310756449577E-030
           9           9   1.8866082774581574E-030
           9          10  -2.8444489154664883E-016
           9          11  -2.0020373269062655E-030
           9          12   3.7634190376559142E-031
           9          13  -1.5614704684492748E-030
           9          14  -1.7108762103408342E-016
           9          15   1.4352404821671704E-030
           9          16  -1.7108762103408201E-016
           9          17   1.0387778283508899E-030
           9          18   1.1294167687611390E-030
           9          19  -1.7108762103408356E-016
          10           1  -9.4754909830347483E-002
          10           2 -0.13292901423990042     
          10           3  -1.5267316290168393E-017
          10           4  -3.4417270016953334E-017
          10           5  -2.2973419254269505E-016
          10           6  0.52341679315202061     
          10           7   5.2664805888590352E-016
          10           8  -1.8755706619474431E-016
          10           9  -2.8444489154664883E-016
          10          10  0.27384259873172534     
          10          11   2.6019289636832407E-016
          10          12  -1.3581153167461829E-016
          10          13  -2.7103974813600782E-016
          10          14  -4.0924254654269167E-002
          10          15   1.2086817982081154E-018
          10          16  -4.0924254654268979E-002
          10          17   1.8254365506024976E-019
          10          18  -8.0452375590661905E-017
          10          19  -4.0924254654269548E-002
          11           1  -1.4685351635088238E-015
          11           2  -1.0773197590922579E-015
          11           3   6.6174164940023399E-030
          11           4   1.1849587263148122E-030
          11           5  -3.5321669765657612E-030
          11           6  -2.5685593324513956E-016
          11           7  -5.1030538320699528E-030
          11           8   4.7214149329345810E-030
          11           9  -2.0020373269062655E-030
          11          10   2.6019289636832407E-016
          11          11   4.0920801270645695E-030
          11          12  -9.8031286884541810E-031
          11          13   7.7853386110757776E-030
          11          14   7.8474976625510228E-017
          11          15  -3.8913719838406665E-030
          11          16   7.8474976625506296E-017
          11          17  -2.7171360627553945E-030
          11          18  -4.0648561822455388E-030
          11          19   7.8474976625511202E-017
          12           1   1.2510535225173071E-016
          12           2   2.0666311351229303E-016
          12           3  -2.2101835269538002E-030
          12           4  -3.1020280794272604E-031
          12           5   8.2928241645099093E-031
          12           6  -2.6752311574150326E-016
          12           7   2.0236314131442242E-030
          12           8  -3.4212816156678146E-030
          12           9   3.7634190376559142E-031
          12          10  -1.3581153167461829E-016
          12          11  -9.8031286884541810E-031
          12          12   1.1011920919176736E-030
          12          13  -3.7449574328537189E-030
          12          14   7.9116995265102087E-018
          12          15   1.6464432969120563E-030
          12          16   7.9116995265119051E-018
          12          17   1.4865388673202827E-030
          12          18   1.9858853296035676E-030
          12          19   7.9116995265093290E-018
          13           1  -3.0215115106117389E-015
          13           2  -2.3039075519183504E-015
          13           3   1.4151160409670346E-029
          13           4   3.7636622609303091E-030
          13           5  -5.2234817550603988E-030
          13           6   6.5874413713270851E-017
          13           7  -1.6373716129079502E-029
          13           8   1.7479889560188497E-029
          13           9  -1.5614704684492748E-030
          13          10  -2.7103974813600782E-016
          13          11   7.7853386110757776E-030
          13          12  -3.7449574328537189E-030
          13          13   2.4841290797818209E-029
          13          14  -3.2489042712514196E-017
          13          15  -1.0415206406131489E-029
          13          16  -3.2489042712525314E-017
          13          17  -7.9351107623534809E-030
          13          18  -1.1916972010651237E-029
          13          19  -3.2489042712509303E-017
          14           1   5.7649986093007713E-002
          14           2   5.9190577856832939E-002
          14           3   3.7182584622432201E-016
          14           4  -7.5182117130232849E-017
          14           5  -2.2814699260009015E-016
          14           6 -0.29779910841973467     
          14           7  -6.0368075058186476E-017
          14           8   2.4809014891748126E-017
          14           9  -1.7108762103408342E-016
          14          10  -4.0924254654269167E-002
          14          11   7.8474976625510228E-017
          14          12   7.9116995265102087E-018
          14          13  -3.2489042712514196E-017
          14          14   4.1853252169184889E-002
          14          15  -7.0235906565843864E-017
          14          16   4.1853252169184764E-002
          14          17  -6.2713682007870914E-017
          14          18   2.1188559325743454E-017
          14          19   4.1853252169184993E-002
          15           1   1.2851621552051267E-015
          15           2   9.7595806230979532E-016
          15           3  -7.2076222743543171E-030
          15           4  -1.4183411672526413E-030
          15           5   3.1547304836569915E-030
          15           6   3.8420454387704544E-016
          15           7   6.8403641478853800E-030
          15           8  -7.3464559381149651E-030
          15           9   1.4352404821671704E-030
          15          10   1.2086817982081154E-018
          15          11  -3.8913719838406665E-030
          15          12   1.6464432969120563E-030
          15          13  -1.0415206406131489E-029
          15          14  -7.0235906565843864E-017
          15          15   4.7110036966972698E-030
          15          16  -7.0235906565838860E-017
          15          17   3.5798456927882862E-030
          15          18   5.1535528044064908E-030
          15          19  -7.0235906565845898E-017
          16           1   5.7649986093008920E-002
          16           2   5.9190577856833820E-002
          16           3   3.7182584622431422E-016
          16           4  -7.5182117130234303E-017
          16           5  -2.2814699260008689E-016
          16           6 -0.29779910841973378     
          16           7  -6.0368075058178957E-017
          16           8   2.4809014891740164E-017
          16           9  -1.7108762103408201E-016
          16          10  -4.0924254654268979E-002
          16          11   7.8474976625506296E-017
          16          12   7.9116995265119051E-018
          16          13  -3.2489042712525314E-017
          16          14   4.1853252169184764E-002
          16          15  -7.0235906565838860E-017
          16          16   4.1853252169184639E-002
          16          17  -6.2713682007867068E-017
          16          18   2.1188559325748822E-017
          16          19   4.1853252169184868E-002
          17           1   7.5324840275720500E-016
          17           2   6.1202892081087052E-016
          17           3  -5.4378370445620186E-030
          17           4  -9.4293983263848417E-031
          17           5   2.2923226717152590E-030
          17           6   3.1372704060287404E-016
          17           7   5.0862069540645976E-030
          17           8  -6.0277330142337006E-030
          17           9   1.0387778283508899E-030
          17          10   1.8254365506024976E-019
          17          11  -2.7171360627553945E-030
          17          12   1.4865388673202827E-030
          17          13  -7.9351107623534809E-030
          17          14  -6.2713682007870914E-017
          17          15   3.5798456927882862E-030
          17          16  -6.2713682007867068E-017
          17          17   2.8480670607867379E-030
          17          18   3.9529370607094939E-030
          17          19  -6.2713682007872640E-017
          18           1   1.4902088628226364E-015
          18           2   1.1853712691650128E-015
          18           3  -7.1788649449941807E-030
          18           4  -1.7409211904016454E-030
          18           5   2.9081708114745941E-030
          18           6  -2.8178237360559076E-016
          18           7   7.5858641459161107E-030
          18           8  -8.4873819846451409E-030
          18           9   1.1294167687611390E-030
          18          10  -8.0452375590661905E-017
          18          11  -4.0648561822455388E-030
          18          12   1.9858853296035676E-030
          18          13  -1.1916972010651237E-029
          18          14   2.1188559325743454E-017
          18          15   5.1535528044064908E-030
          18          16   2.1188559325748822E-017
          18          17   3.9529370607094939E-030
          18          18   5.9030214930574529E-030
          18          19   2.1188559325741284E-017
          19           1   5.7649986093007630E-002
          19           2   5.9190577856832897E-002
          19           3   3.7182584622432512E-016
          19           4  -7.5182117130232393E-017
          19           5  -2.2814699260009108E-016
          19           6 -0.29779910841973561     
          19           7  -6.0368075058190001E-017
          19           8   2.4809014891752218E-017
          19           9  -1.7108762103408356E-016
          19          10  -4.0924254654269548E-002
          19          11   7.8474976625511202E-017
          19          12   7.9116995265093290E-018
          19          13  -3.2489042712509303E-017
          19          14   4.1853252169184993E-002
          19          15  -7.0235906565845898E-017
          19          16   4.1853252169184868E-002
          19          17  -6.2713682007872640E-017
          19          18   2.1188559325741284E-017
          19          19   4.1853252169185090E-002
