           1           1  0.34163645901030920     
           1           2  0.64836646693617195     
           1           3 -0.21579163069710666     
           1           4 -0.20202061336774732     
           1           5  0.11968976220667926     
           1           6   1.9426970629760759E-003
           1           7  -6.9994640309740966E-002
           1           8  -9.5872561244614331E-003
           1           9   4.7311013147416469E-015
           1          10   6.4542141874517912E-015
           1          11   5.3605596019932249E-016
           1          12   2.5082121126704651E-014
           1          13   4.3833966882566430E-014
           1          14   9.0221497240288579E-015
           1          15  -4.2927345984464815E-014
           1          16   6.1847997169714990E-014
           1          17   6.2097304368673224E-014
           1          18   4.2646033210598521E-015
           1          19   1.6161522042902220E-014
           1          20   2.2474595831249908E-014
           1          21  -1.1261650744939172E-014
           1          22  -7.0153035072652326E-016
           1          23  -3.0488307850967922E-015
           1          24   5.9490285083278600E-015
           1          25  -8.4629665669017048E-015
           1          26  -2.3026360114950806E-015
           1          27   3.3305780900212363E-015
           1          28   2.2357058851068928E-016
           1          29   4.9548799100313712E-015
           1          30   2.7683875848479915E-002
           1          31   6.4846519193022886E-015
           1          32   2.7683875848486958E-002
           1          33   1.3902236609189894E-014
           1          34  -4.3038237327438333E-015
           1          35   2.7683875848511258E-002
           1          36   8.1286843960189613E-003
           1          37  -5.5602324891496470E-015
           1          38   8.1286843960232738E-003
           1          39  -1.7663151766539155E-015
           1          40  -7.0637138413964091E-015
           1          41   8.1286843960150963E-003
           1          42   9.3783211717724767E-003
           1          43  -6.0360693889177724E-015
           1          44   9.3783211717778613E-003
           1          45  -7.5973079156900557E-016
           1          46   4.4553539270297772E-015
           1          47   9.3783211717906323E-003
           2           1  0.64836646693617195     
           2           2   1.2946723259276811     
           2           3 -0.68201304441797994     
           2           4 -0.62678895234876442     
           2           5  0.40848731377575315     
           2           6   1.3822195278623273E-004
           2           7 -0.24367061389277755     
           2           8  -3.3545312885120582E-002
           2           9   1.2850805055396823E-014
           2          10   1.3110096243840218E-014
           2          11  -1.1643945531372217E-016
           2          12   7.4628976103744778E-014
           2          13   9.0794750792095652E-014
           2          14   1.3964685673838618E-014
           2          15  -1.3247976294555517E-013
           2          16   1.9016847902720988E-013
           2          17   1.8517629341421708E-013
           2          18   9.4617117057337228E-015
           2          19   4.3139826185908564E-014
           2          20   6.9897041027653582E-014
           2          21  -2.7677885509485845E-014
           2          22  -1.3152599796685293E-015
           2          23  -1.0877713114787841E-014
           2          24   2.1657738124272997E-014
           2          25  -2.5457040445263566E-014
           2          26  -1.0087826313396260E-014
           2          27   1.2069938196648297E-014
           2          28  -4.0477003501450942E-015
           2          29   1.6094058221173240E-014
           2          30  0.10421420514054300     
           2          31   2.0798515974944281E-014
           2          32  0.10421420514058702     
           2          33   4.0604178674971154E-014
           2          34  -1.3013181571905747E-014
           2          35  0.10421420514066687     
           2          36   2.8384320145488581E-002
           2          37  -1.5230956693051988E-014
           2          38   2.8384320145506445E-002
           2          39  -4.6272527351425660E-015
           2          40  -2.0627602325869074E-014
           2          41   2.8384320145480608E-002
           2          42   3.2288115162251774E-002
           2          43  -2.0745517382199886E-014
           2          44   3.2288115162269315E-002
           2          45   4.4421496727929138E-016
           2          46   1.3862506922965764E-014
           2          47   3.2288115162312218E-002
           3           1 -0.21579163069710666     
           3           2 -0.68201304441797994     
           3           3   1.3050798291998094     
           3           4   1.1759922729688141     
           3           5 -0.98560832734902215     
           3           6   5.2229098358259216E-002
           3           7  0.61024144375188194     
           3           8   7.8053092111825040E-002
           3           9  -2.0658217649761816E-014
           3          10   1.3327169335289002E-014
           3          11   1.1072711041413012E-014
           3          12  -1.3835739224294371E-013
           3          13   9.2325822553454831E-014
           3          14   5.6759605664088257E-014
           3          15   2.0320925492548053E-013
           3          16  -3.6084538289385343E-013
           3          17  -3.1842274601427626E-013
           3          18  -1.4787589531731363E-014
           3          19  -6.5881647987123366E-014
           3          20  -1.2412838321649935E-013
           3          21   3.2140423320201610E-014
           3          22  -2.2151810893404275E-015
           3          23   2.2644869068012731E-014
           3          24  -4.1358924886240954E-014
           3          25   3.4455517209600398E-014
           3          26   2.5837303521029170E-014
           3          27  -2.0569143665715474E-014
           3          28   1.7958110928377342E-014
           3          29  -3.1755642664143805E-014
           3          30 -0.24829507942756668     
           3          31  -4.9222472122936942E-014
           3          32 -0.24829507942755585     
           3          33  -7.7074230345838655E-014
           3          34   3.0704580538723058E-014
           3          35 -0.24829507942766627     
           3          36  -5.6283759652700369E-002
           3          37   1.9851756777437140E-014
           3          38  -5.6283759652756775E-002
           3          39   4.1524307014666243E-015
           3          40   3.5417238856564287E-014
           3          41  -5.6283759652706059E-002
           3          42  -7.9907003022700679E-002
           3          43   4.2262875972033468E-014
           3          44  -7.9907003022729628E-002
           3          45  -8.0835685201772286E-015
           3          46  -2.4744851636400258E-014
           3          47  -7.9907003022813172E-002
           4           1 -0.20202061336774732     
           4           2 -0.62678895234876442     
           4           3   1.1759922729688141     
           4           4   1.1040384390820526     
           4           5  -1.0566180289924023     
           4           6  -6.0419349633467068E-004
           4           7  0.66536761637093034     
           4           8   9.6814468337688281E-002
           4           9  -3.3249855256641745E-014
           4          10  -5.2494599611109198E-014
           4          11   2.0472872510870551E-014
           4          12  -2.4314238983737666E-013
           4          13  -3.6290333805407581E-013
           4          14   1.5427496542857217E-013
           4          15   5.4798493880044735E-013
           4          16  -7.4077401124148941E-013
           4          17  -9.3881009543546771E-013
           4          18   6.7930681012545366E-014
           4          19  -1.5951465117925603E-013
           4          20  -2.3029400493507672E-013
           4          21   6.1496923375961914E-014
           4          22   2.0678785473611057E-014
           4          23  -5.9226999614692756E-014
           4          24  -5.7406956789643516E-014
           4          25  -2.6631880526738278E-014
           4          26   8.2205107001567055E-016
           4          27   4.3451505135789546E-015
           4          28   3.8212220506494335E-014
           4          29  -6.3487045674202546E-014
           4          30 -0.27545751306826727     
           4          31  -3.7824805365258120E-014
           4          32 -0.27545751306848781     
           4          33  -6.0814650254605038E-014
           4          34   8.7399019571860301E-015
           4          35 -0.27545751306873106     
           4          36  -6.4606280255532667E-002
           4          37   2.4700459592045995E-014
           4          38  -6.4606280255562337E-002
           4          39   9.6394405601709432E-015
           4          40   2.2147206608611670E-014
           4          41  -6.4606280255490839E-002
           4          42  -8.1282371594994102E-002
           4          43   5.4392008355179612E-014
           4          44  -8.1282371595039329E-002
           4          45  -1.1867420496220684E-014
           4          46  -3.1240718969260916E-014
           4          47  -8.1282371595139596E-002
           5           1  0.11968976220667926     
           5           2  0.40848731377575315     
           5           3 -0.98560832734902215     
           5           4  -1.0566180289924023     
           5           5   2.5360875505182054     
           5           6 -0.27858956313014760     
           5           7  -1.7242997486201550     
           5           8 -0.20405829935655517     
           5           9   5.5816944639991894E-014
           5          10  -6.0414713791065092E-014
           5          11  -9.6972052226189405E-014
           5          12   4.2068235078039818E-013
           5          13  -4.8064058243484433E-013
           5          14  -7.6868561317006529E-013
           5          15  -7.1752084337581037E-013
           5          16   1.2973950495357720E-012
           5          17   1.7435758267324080E-012
           5          18  -1.5706495914631634E-013
           5          19   2.9994463376331274E-013
           5          20   3.1920352011067667E-013
           5          21  -5.4839396258905352E-014
           5          22  -1.0159665985025967E-013
           5          23   2.0245341677382605E-013
           5          24   8.6914377472002635E-014
           5          25   2.1854720458275963E-013
           5          26   5.0025475929549738E-014
           5          27  -9.5727327187787892E-014
           5          28  -9.2457642584975147E-014
           5          29   1.2886020709046817E-013
           5          30  0.42507954886064470     
           5          31   8.6597698658253878E-014
           5          32  0.42507954886066357     
           5          33   8.0189523717762766E-014
           5          34  -4.0501209471060282E-014
           5          35  0.42507954886090832     
           5          36   3.2955009559859992E-002
           5          37  -5.4070576453510947E-015
           5          38   3.2955009559933440E-002
           5          39  -3.0201972998863592E-015
           5          40   4.0226287904407491E-015
           5          41   3.2955009559803849E-002
           5          42  0.20419937328365673     
           5          43  -7.0611121023095116E-014
           5          44  0.20419937328370702     
           5          45   2.5156565804904591E-014
           5          46   3.3656962201649183E-014
           5          47  0.20419937328381099     
           6           1   1.9426970629760759E-003
           6           2   1.3822195278623273E-004
           6           3   5.2229098358259216E-002
           6           4  -6.0419349633467068E-004
           6           5 -0.27858956313014760     
           6           6  0.23945157094154687     
           6           7  0.12795413988827403     
           6           8  -4.1090355472341106E-002
           6           9   5.2761687197222521E-014
           6          10  -1.0871063844438392E-013
           6          11  -9.0933111759177987E-014
           6          12   4.0354624558345389E-013
           6          13  -8.2029058159957445E-013
           6          14  -6.9802643774947924E-013
           6          15  -7.3318292821351811E-013
           6          16   1.0617203357289262E-012
           6          17   1.1690495084935835E-012
           6          18  -1.5859186201345402E-013
           6          19   2.5279405735266179E-013
           6          20   2.3280448381389340E-013
           6          21  -1.1521751009884765E-013
           6          22   1.9141265300968548E-014
           6          23   1.9347879447613847E-013
           6          24  -5.1456792037574037E-014
           6          25   2.2629980428916343E-013
           6          26   1.2682746661043391E-013
           6          27  -1.0250579027106764E-013
           6          28  -1.9479928540317276E-014
           6          29   1.1282443943599774E-013
           6          30   3.4543082825789391E-002
           6          31  -1.0827397069065610E-013
           6          32   3.4543082824710705E-002
           6          33  -7.4231219850192245E-014
           6          34   1.0272970398820611E-013
           6          35   3.4543082824362616E-002
           6          36   3.4579718242520631E-002
           6          37  -5.1728141229122717E-014
           6          38   3.4579718242588250E-002
           6          39  -3.1938889039874980E-014
           6          40   2.5015228701956285E-014
           6          41   3.4579718242602503E-002
           6          42  -3.8190848843322189E-002
           6          43  -4.9835167645902849E-014
           6          44  -3.8190848843327074E-002
           6          45   1.2174952078287452E-014
           6          46   2.3086895422038984E-014
           6          47  -3.8190848843280722E-002
           7           1  -6.9994640309740966E-002
           7           2 -0.24367061389277755     
           7           3  0.61024144375188194     
           7           4  0.66536761637093034     
           7           5  -1.7242997486201550     
           7           6  0.12795413988827403     
           7           7   1.8120261567126923     
           7           8  0.30661251596569294     
           7           9  -2.1129851033553235E-013
           7          10   3.9112396976298502E-013
           7          11   3.8038113639493622E-013
           7          12  -1.6142315766092175E-012
           7          13   2.9763487623292696E-012
           7          14   2.9428606691938685E-012
           7          15   2.8304381369199836E-012
           7          16  -4.6173888534662399E-012
           7          17  -5.5816101176319870E-012
           7          18   6.0157990054356721E-013
           7          19  -1.0666801032701011E-012
           7          20  -1.0708946769680218E-012
           7          21   3.0943929999588539E-013
           7          22  -1.5856363988309769E-014
           7          23  -7.7342472039533044E-013
           7          24   1.4939625636524126E-014
           7          25  -6.9315100138822526E-013
           7          26  -4.1547798039452340E-013
           7          27   3.2888600445538409E-013
           7          28   1.1749572386935968E-013
           7          29  -3.9301775412101648E-013
           7          30 -0.22655708530303864     
           7          31   1.9823322796199950E-013
           7          32 -0.22655708530084853     
           7          33   1.4898353058672578E-013
           7          34  -2.3369786538617117E-013
           7          35 -0.22655708530040941     
           7          36   7.6501565596784366E-002
           7          37   1.2893426856806914E-013
           7          38   7.6501565596557741E-002
           7          39   9.9552221917622140E-014
           7          40  -6.5463159964141556E-014
           7          41   7.6501565596681712E-002
           7          42 -0.13226775147424713     
           7          43   1.6751762155531937E-013
           7          44 -0.13226775147429035     
           7          45  -5.5559393447718090E-014
           7          46  -5.8658386895649157E-014
           7          47 -0.13226775147446926     
           8           1  -9.5872561244614331E-003
           8           2  -3.3545312885120582E-002
           8           3   7.8053092111825040E-002
           8           4   9.6814468337688281E-002
           8           5 -0.20405829935655517     
           8           6  -4.1090355472341106E-002
           8           7  0.30661251596569294     
           8           8   7.4323324024500897E-002
           8           9  -6.6357119697557565E-014
           8          10   1.0326595017546999E-013
           8          11   1.0202072084542437E-013
           8          12  -5.0221767794280936E-013
           8          13   7.6598973430675699E-013
           8          14   7.7992651530326975E-013
           8          15   7.3054530522333675E-013
           8          16  -6.9479459537239445E-013
           8          17  -1.2479359551733613E-012
           8          18   2.4263917369727535E-013
           8          19  -2.2092997596097408E-013
           8          20  -3.0135861330496437E-013
           8          21   3.0920779456390416E-013
           8          22  -1.3409857429453392E-013
           8          23  -5.0512501231235807E-013
           8          24   3.4409275323169552E-013
           8          25  -5.1200262734895377E-013
           8          26  -6.1660967612224190E-013
           8          27   2.1501562773028415E-013
           8          28  -7.5674999729239792E-014
           8          29  -2.9456780694231576E-013
           8          30  -3.7896094059739580E-002
           8          31   1.3071429473064007E-013
           8          32  -3.7896094058647842E-002
           8          33   1.2559022284430603E-013
           8          34  -1.1085340789694457E-013
           8          35  -3.7896094058485735E-002
           8          36   1.0432821138322669E-002
           8          37   6.1170994688430345E-014
           8          38   1.0432821138257272E-002
           8          39   4.7404692081184692E-014
           8          40  -2.6689764217809449E-014
           8          41   1.0432821138264076E-002
           8          42  -1.0053598988624110E-002
           8          43   5.1963155673443354E-014
           8          44  -1.0053598988621414E-002
           8          45  -1.3563445049650632E-014
           8          46  -1.8293413059043741E-014
           8          47  -1.0053598988672639E-002
           9           1   4.7311013147416469E-015
           9           2   1.2850805055396823E-014
           9           3  -2.0658217649761816E-014
           9           4  -3.3249855256641745E-014
           9           5   5.5816944639991894E-014
           9           6   5.2761687197222521E-014
           9           7  -2.1129851033553235E-013
           9           8  -6.6357119697557565E-014
           9           9   4.1930830234744143E-002
           9          10  -1.8731224247392361E-004
           9          11   2.6438405312555477E-005
           9          12  0.30521812598290499     
           9          13  -1.5030911038841251E-003
           9          14   2.1215555001944173E-004
           9          15 -0.15536744541502961     
           9          16   4.2138540120225804E-003
           9          17  -5.9476934783162503E-004
           9          18   2.7163562371035330E-002
           9          19   1.8677447245502168E-004
           9          20  -2.6362501205455790E-005
           9          21  -4.1513401495199484E-003
           9          22  -3.1962687526228958E-003
           9          23   4.5114108760150825E-004
           9          24   2.2541639914838169E-002
           9          25  -5.7095977894693591E-003
           9          26   8.0588785082425505E-004
           9          27   4.1816078319984167E-004
           9          28  -2.0880031492744723E-003
           9          29   2.9471364404170343E-004
           9          30   3.2073838170696505E-014
           9          31   4.8981494427867476E-014
           9          32  -3.0776173030777254E-014
           9          33  -2.0891982938419296E-014
           9          34  -3.5644420701515966E-015
           9          35   1.9075706028106053E-014
           9          36   3.5517912749028472E-014
           9          37  -7.7513464236344185E-015
           9          38   1.8768554055723617E-014
           9          39   1.3902101636615230E-014
           9          40   7.2216163133234243E-015
           9          41   3.9080236160795510E-014
           9          42   7.8493385767012000E-014
           9          43   1.6819542595198768E-015
           9          44   1.0683195754329429E-013
           9          45  -3.0798000254756886E-014
           9          46  -1.9704470110791582E-015
           9          47   6.8197604171226366E-014
          10           1   6.4542141874517912E-015
          10           2   1.3110096243840218E-014
          10           3   1.3327169335289002E-014
          10           4  -5.2494599611109198E-014
          10           5  -6.0414713791065092E-014
          10           6  -1.0871063844438392E-013
          10           7   3.9112396976298502E-013
          10           8   1.0326595017546999E-013
          10           9  -1.8731224247392361E-004
          10          10   4.1816215082270410E-002
          10          11   3.5736838193240007E-005
          10          12  -1.5030911038919654E-003
          10          13  0.30429839423560345     
          10          14   2.8677102393028517E-004
          10          15   4.2138540120330303E-003
          10          16 -0.15278901533620121     
          10          17  -8.0395075625759333E-004
          10          18   1.8677447243363676E-004
          10          19   2.7277848465545481E-002
          10          20  -3.5634238261327570E-005
          10          21  -3.1962687525721972E-003
          10          22  -6.1071163744639582E-003
          10          23   6.0980818811798960E-004
          10          24  -5.7095977895910569E-003
          10          25   1.9047973870161935E-002
          10          26   1.0893200020201529E-003
          10          27  -2.0880031491718695E-003
          10          28  -8.5947487039511865E-004
          10          29   3.9836494242729393E-004
          10          30   7.8951190981826031E-015
          10          31  -1.4566068643229075E-014
          10          32   7.7103437483401017E-015
          10          33  -5.0944697189635395E-015
          10          34   4.2477489678124048E-014
          10          35  -3.7186069928257308E-014
          10          36  -6.6864655547303826E-014
          10          37   2.7454279716208436E-014
          10          38  -6.4722866141172076E-014
          10          39  -4.4164819088675783E-015
          10          40  -3.4563897606978395E-014
          10          41  -2.2229715200329534E-014
          10          42  -1.2620918742977220E-013
          10          43  -1.6873375730947975E-015
          10          44  -1.6964771637290853E-013
          10          45   5.0417387352185252E-014
          10          46   2.7894666542297179E-014
          10          47  -1.1570250819924390E-013
          11           1   5.3605596019932249E-016
          11           2  -1.1643945531372217E-016
          11           3   1.1072711041413012E-014
          11           4   2.0472872510870551E-014
          11           5  -9.6972052226189405E-014
          11           6  -9.0933111759177987E-014
          11           7   3.8038113639493622E-013
          11           8   1.0202072084542437E-013
          11           9   2.6438405312555477E-005
          11          10   3.5736838193240007E-005
          11          11   4.2064361246630766E-002
          11          12   2.1215555001148547E-004
          11          13   2.8677102391632986E-004
          11          14  0.30628964844939721     
          11          15  -5.9476934784328736E-004
          11          16  -8.0395075624853721E-004
          11          17 -0.15837141452426418     
          11          18  -2.6362501179077259E-005
          11          19  -3.5634238325482889E-005
          11          20   2.7030414724321918E-002
          11          21   4.5114108760793150E-004
          11          22   6.0980818823056708E-004
          11          23  -1.8727864620958858E-003
          11          24   8.0588785071036200E-004
          11          25   1.0893200020314884E-003
          11          26   2.6611893733949496E-002
          11          27   2.9471364414554219E-004
          11          28   3.9836494241899615E-004
          11          29   1.9066549129837110E-003
          11          30  -4.7728023794495522E-014
          11          31  -5.9054760691252154E-014
          11          32   3.9443488762633530E-014
          11          33   2.5852674750082298E-014
          11          34   3.0338037193847453E-014
          11          35  -2.9702138767241834E-014
          11          36  -6.1798323910764040E-014
          11          37   2.6699215649445421E-014
          11          38  -4.4697738942287818E-014
          11          39  -1.5340295655617459E-014
          11          40  -2.4388028043966294E-014
          11          41  -5.2865306720990341E-014
          11          42  -1.2487391322167627E-013
          11          43  -8.1909795402805502E-015
          11          44  -1.9484648640092459E-013
          11          45   6.2033454149682783E-014
          11          46   1.4011640741958445E-014
          11          47  -1.1310746092952223E-013
          12           1   2.5082121126704651E-014
          12           2   7.4628976103744778E-014
          12           3  -1.3835739224294371E-013
          12           4  -2.4314238983737666E-013
          12           5   4.2068235078039818E-013
          12           6   4.0354624558345389E-013
          12           7  -1.6142315766092175E-012
          12           8  -5.0221767794280936E-013
          12           9  0.30521812598290499     
          12          10  -1.5030911038919654E-003
          12          11   2.1215555001148547E-004
          12          12   2.2239335686955268     
          12          13  -1.2061586774823165E-002
          12          14   1.7024467576695389E-003
          12          15  -1.2035616491591310     
          12          16   3.3814161823481292E-002
          12          17  -4.7727393777596133E-003
          12          18  0.20890596084336152     
          12          19   1.4987757568392375E-003
          12          20  -2.1154645585799519E-004
          12          21  -2.8439276131499838E-002
          12          22  -2.5648527102312735E-002
          12          23   3.6201913254861329E-003
          12          24  0.17664112558460202     
          12          25  -4.5816789819790302E-002
          12          26   6.4668643293329161E-003
          12          27   4.1968713833728417E-003
          12          28  -1.6755226017814748E-002
          12          29   2.3649359523975097E-003
          12          30   1.8044067998456038E-013
          12          31   3.8476706193013900E-013
          12          32  -2.1328232612305016E-013
          12          33  -1.5896073189497422E-013
          12          34  -3.1868747149709416E-014
          12          35   1.9189041944328304E-013
          12          36   2.7399465761151615E-013
          12          37  -6.0225710106637626E-014
          12          38   1.3983264603508284E-013
          12          39   1.0800113682715944E-013
          12          40   5.7685454029301641E-014
          12          41   2.9852772695525700E-013
          12          42   5.9712160504861599E-013
          12          43   1.5208095684145446E-014
          12          44   8.2663690379193480E-013
          12          45  -2.4042923497827703E-013
          12          46  -1.4937416473466498E-014
          12          47   5.1950576112371106E-013
          13           1   4.3833966882566430E-014
          13           2   9.0794750792095652E-014
          13           3   9.2325822553454831E-014
          13           4  -3.6290333805407581E-013
          13           5  -4.8064058243484433E-013
          13           6  -8.2029058159957445E-013
          13           7   2.9763487623292696E-012
          13           8   7.6598973430675699E-013
          13           9  -1.5030911038841251E-003
          13          10  0.30429839423560345     
          13          11   2.8677102391632986E-004
          13          12  -1.2061586774823165E-002
          13          13   2.2165531615789194     
          13          14   2.3012002269965593E-003
          13          15   3.3814161823569673E-002
          13          16  -1.1828709817349734     
          13          17  -6.4513200723672164E-003
          13          18   1.4987757566747614E-003
          13          19  0.20982305205797341     
          13          20  -2.8594770862899049E-004
          13          21  -2.5648527101909058E-002
          13          22  -4.4133444361376450E-002
          13          23   4.8934188739956225E-003
          13          24  -4.5816789820723514E-002
          13          25  0.14860612753892238     
          13          26   8.7412717005996045E-003
          13          27  -1.6755226017019353E-002
          13          28  -6.0555432989878970E-003
          13          29   3.1966880175846556E-003
          13          30   5.2650185770837081E-014
          13          31  -1.2332227780830496E-013
          13          32   5.5377067181944013E-014
          13          33  -3.5670832474143184E-014
          13          34   3.1935328259048377E-013
          13          35  -2.9040194615069732E-013
          13          36  -4.9738609040803375E-013
          13          37   2.1952325332624038E-013
          13          38  -4.8979067829507787E-013
          13          39  -4.0477070327099122E-014
          13          40  -2.6595654155060408E-013
          13          41  -1.6846862892319352E-013
          13          42  -9.5112800656773436E-013
          13          43  -1.6651353749628713E-014
          13          44  -1.2877151491462619E-012
          13          45   3.9309770439492459E-013
          13          46   2.0394457899532144E-013
          13          47  -8.7351328231957377E-013
          14           1   9.0221497240288579E-015
          14           2   1.3964685673838618E-014
          14           3   5.6759605664088257E-014
          14           4   1.5427496542857217E-013
          14           5  -7.6868561317006529E-013
          14           6  -6.9802643774947924E-013
          14           7   2.9428606691938685E-012
          14           8   7.7992651530326975E-013
          14           9   2.1215555001944173E-004
          14          10   2.8677102393028517E-004
          14          11  0.30628964844939721     
          14          12   1.7024467576695389E-003
          14          13   2.3012002269965593E-003
          14          14   2.2325320236909247     
          14          15  -4.7727393778905884E-003
          14          16  -6.4513200724396202E-003
          14          17  -1.2276670636520435     
          14          18  -2.1154645566831077E-004
          14          19  -2.8594770911207358E-004
          14          20  0.20783751469889142     
          14          21   3.6201913255532511E-003
          14          22   4.8934188748164138E-003
          14          23  -1.0154973236736808E-002
          14          24   6.4668643284508474E-003
          14          25   8.7412717007063889E-003
          14          26  0.20930296458267356     
          14          27   2.3649359532134165E-003
          14          28   3.1966880175080675E-003
          14          29   1.6141324426635642E-002
          14          30  -3.1069066146275685E-013
          14          31  -4.6091117909545944E-013
          14          32   2.8258382375184128E-013
          14          33   2.0595544267092139E-013
          14          34   2.3401548892971143E-013
          14          35  -2.7468167746851839E-013
          14          36  -4.7744968393165933E-013
          14          37   2.1099511020283320E-013
          14          38  -3.4418966971847929E-013
          14          39  -1.1998747147895424E-013
          14          40  -1.8938677000599062E-013
          14          41  -4.0822491461322691E-013
          14          42  -9.5991836078119288E-013
          14          43  -6.5743132579764421E-014
          14          44  -1.5088812472438746E-012
          14          45   4.8457206546211813E-013
          14          46   1.0523699832464230E-013
          14          47  -8.7182045781868924E-013
          15           1  -4.2927345984464815E-014
          15           2  -1.3247976294555517E-013
          15           3   2.0320925492548053E-013
          15           4   5.4798493880044735E-013
          15           5  -7.1752084337581037E-013
          15           6  -7.3318292821351811E-013
          15           7   2.8304381369199836E-012
          15           8   7.3054530522333675E-013
          15           9 -0.15536744541502961     
          15          10   4.2138540120330303E-003
          15          11  -5.9476934784328736E-004
          15          12  -1.2035616491591310     
          15          13   3.3814161823569673E-002
          15          14  -4.7727393778905884E-003
          15          15   3.1303720648029674     
          15          16  -9.4796610195150510E-002
          15          17   1.3380178302856247E-002
          15          18 -0.71554527150916036     
          15          19  -4.2017561143024226E-003
          15          20   5.9306177688292754E-004
          15          21  -7.5792439707050061E-002
          15          22   7.1904589517557849E-002
          15          23  -1.0149057299539544E-002
          15          24 -0.53436897970740360     
          15          25  0.12844548351090707     
          15          26  -1.8129587840220163E-002
          15          27  -1.4606467175566080E-002
          15          28   4.6972586155832156E-002
          15          29  -6.6300005537265642E-003
          15          30  -3.1333621524048182E-013
          15          31  -7.4754273931724768E-013
          15          32   2.9271046686856926E-013
          15          33   3.5224729545640372E-013
          15          34   1.0504954904181025E-013
          15          35  -5.1698553041733159E-013
          15          36  -4.5125262280582736E-013
          15          37   1.5595939288084040E-013
          15          38  -1.6134811994311288E-013
          15          39  -1.9193170546071762E-013
          15          40  -1.6178285771619654E-013
          15          41  -5.2822727853698583E-013
          15          42  -9.5888436964850247E-013
          15          43  -6.8082627683470564E-014
          15          44  -1.5562534529706604E-012
          15          45   5.1357748274249533E-013
          15          46   1.6140791609825778E-014
          15          47  -7.6630509833642972E-013
          16           1   6.1847997169714990E-014
          16           2   1.9016847902720988E-013
          16           3  -3.6084538289385343E-013
          16           4  -7.4077401124148941E-013
          16           5   1.2973950495357720E-012
          16           6   1.0617203357289262E-012
          16           7  -4.6173888534662399E-012
          16           8  -6.9479459537239445E-013
          16           9   4.2138540120225804E-003
          16          10 -0.15278901533620121     
          16          11  -8.0395075624853721E-004
          16          12   3.3814161823481292E-002
          16          13  -1.1828709817349734     
          16          14  -6.4513200724396202E-003
          16          15  -9.4796610195150510E-002
          16          16   3.0723666307268851     
          16          17   1.8086010155766531E-002
          16          18  -4.2017561138836552E-003
          16          19 -0.71811629896351359     
          16          20   8.0164262734020797E-004
          16          21   7.1904589516592593E-002
          16          22  -3.1794485364468404E-002
          16          23  -1.3718498302845730E-002
          16          24  0.12844548351261698     
          16          25 -0.45577401717624499     
          16          26  -2.4505795243918167E-002
          16          27   4.6972586154350515E-002
          16          28   1.4135755189396609E-002
          16          29  -8.9617832170067555E-003
          16          30   1.0865680006492306E-013
          16          31   4.1684750706920654E-013
          16          32   6.5788486250691095E-014
          16          33  -4.3053968284646494E-014
          16          34  -3.9336421774543632E-013
          16          35   6.1525024071827236E-013
          16          36   4.2575802951100954E-013
          16          37  -6.0889374799196634E-013
          16          38   6.7444265140841133E-013
          16          39   2.2871751593436483E-013
          16          40   4.5467037778776036E-013
          16          41   2.3076568954976973E-013
          16          42   1.1828401860323093E-012
          16          43   1.1581467005361045E-013
          16          44   1.8197046443579427E-012
          16          45  -8.2042841374225611E-013
          16          46  -9.2195179326238985E-014
          16          47   1.1252413233945770E-012
          17           1   6.2097304368673224E-014
          17           2   1.8517629341421708E-013
          17           3  -3.1842274601427626E-013
          17           4  -9.3881009543546771E-013
          17           5   1.7435758267324080E-012
          17           6   1.1690495084935835E-012
          17           7  -5.5816101176319870E-012
          17           8  -1.2479359551733613E-012
          17           9  -5.9476934783162503E-004
          17          10  -8.0395075625759333E-004
          17          11 -0.15837141452426418     
          17          12  -4.7727393777596133E-003
          17          13  -6.4513200723672164E-003
          17          14  -1.2276670636520435     
          17          15   1.3380178302856247E-002
          17          16   1.8086010155766531E-002
          17          17   3.1979506016661103     
          17          18   5.9306177670630277E-004
          17          19   8.0164262737090911E-004
          17          20 -0.71254992674140405     
          17          21  -1.0149057300026548E-002
          17          22  -1.3718498303516777E-002
          17          23 -0.12705172992023953     
          17          24  -1.8129587838265460E-002
          17          25  -2.4505795244543424E-002
          17          26 -0.62593510031450128     
          17          27  -6.6300005554855903E-003
          17          28  -8.9617832165825688E-003
          17          29  -4.8092249406081672E-002
          17          30   8.3054567728790469E-013
          17          31   1.0124870202053828E-012
          17          32  -5.7919634003455269E-013
