           1           1  0.34308706927720523     
           1           2  0.64346797209643491     
           1           3 -0.19774806994996114     
           1           4 -0.18090357443155283     
           1           5   3.9502400119796638E-002
           1           6   4.1296344495252969E-002
           1           7  -3.4097510019773569E-002
           1           8  -1.4232684775347709E-002
           1           9   1.5637068198635992E-012
           1          10   1.3669969357726613E-011
           1          11  -1.7303256529319136E-011
           1          12   1.7699158300927428E-011
           1          13   6.3226448723222662E-011
           1          14  -9.4642666156762355E-011
           1          15   8.7584590790826913E-011
           1          16  -1.6989684410332852E-010
           1          17   3.3644222629057563E-010
           1          18  -1.8230925744820910E-011
           1          19   1.3457127728448503E-010
           1          20  -1.0296589088878639E-010
           1          21  -5.5644030566972664E-011
           1          22  -1.2639024546508594E-010
           1          23  -4.1268892812647214E-011
           1          24   1.1010179199085801E-010
           1          25   1.1814355622224966E-010
           1          26  -1.8051203123654778E-010
           1          27   5.3009016938121049E-012
           1          28   1.6201058406041995E-010
           1          29  -1.2512234770892713E-010
           1          30   2.6512590653978457E-002
           1          31   6.7784666836607322E-005
           1          32   2.6391487648884868E-002
           1          33   4.3266560039903614E-005
           1          34  -1.0678895327793094E-004
           1          35   2.6477343644910667E-002
           1          36   6.3809126708490324E-003
           1          37  -1.4599584190235453E-005
           1          38   6.4069960878993040E-003
           1          39  -9.3187995427761158E-006
           1          40   2.3000552869143133E-005
           1          41   6.3885044122784871E-003
           1          42   2.4589686878538257E-003
           1          43  -1.5132007786420221E-005
           1          44   2.4860032667005775E-003
           1          45  -9.6584349169035789E-006
           1          46   2.3839351810986268E-005
           1          47   2.4668372868249960E-003
           2           1  0.64346797209643491     
           2           2   1.2664677822783148     
           2           3 -0.60978078184808837     
           2           4 -0.56413799173870660     
           2           5  0.14096843644014290     
           2           6  0.13423632015745651     
           2           7 -0.12722303742900337     
           2           8  -5.1342715753806001E-002
           2           9   1.3515613834376909E-011
           2          10   4.6380493626141376E-011
           2          11  -5.7059095420017948E-011
           2          12   1.1589539951059938E-010
           2          13   2.4653724595418116E-010
           2          14  -3.4714520585429469E-010
           2          15   3.5344135278257891E-011
           2          16  -6.5998643743958502E-010
           2          17   1.1271498109906038E-009
           2          18  -1.8216365115305094E-010
           2          19   4.2106060248434988E-010
           2          20  -3.6799919635354583E-010
           2          21   5.1939916627161626E-012
           2          22  -3.7606721931416827E-010
           2          23  -1.2684152324572510E-010
           2          24   8.5999424911793673E-010
           2          25   5.5049780824989901E-010
           2          26  -5.6066667621673642E-010
           2          27   3.0788351634436663E-010
           2          28   6.6430913983260165E-010
           2          29  -3.9793017715303010E-010
           2          30   9.9182342340141644E-002
           2          31   2.3699668383998174E-004
           2          32   9.8758927836008592E-002
           2          33   1.5127359357342186E-004
           2          34  -3.7336805128679264E-004
           2          35   9.9059107600758339E-002
           2          36   2.4986473359719194E-002
           2          37  -4.8421856443556681E-005
           2          38   2.5072983089450409E-002
           2          39  -3.0907237594212900E-005
           2          40   7.6284931028520585E-005
           2          41   2.5011652517206898E-002
           2          42   9.9676771149657239E-003
           2          43  -5.6853160031432488E-005
           2          44   1.0069249982062680E-002
           2          45  -3.6288197049216451E-005
           2          46   8.9567896248705491E-005
           2          47   9.9972405589280194E-003
           3           1 -0.19774806994996114     
           3           2 -0.60978078184808837     
           3           3   1.0715793630916315     
           3           4  0.99923878342131456     
           3           5 -0.27681447202253284     
           3           6 -0.24325415375431420     
           3           7  0.26612552084062269     
           3           8  0.10481018065126466     
           3           9   6.5949561237951519E-011
           3          10  -8.9802057054600183E-011
           3          11   1.6200444249060162E-010
           3          12   5.5568333770243593E-010
           3          13  -5.2494235614037879E-010
           3          14   1.1568853089094088E-009
           3          15  -1.5591170426242999E-009
           3          16   1.1093681889358750E-009
           3          17  -2.8042854175639733E-009
           3          18  -2.6240295507740412E-010
           3          19  -8.9596745725240515E-010
           3          20   4.8402266002985978E-010
           3          21   1.1592717895056456E-009
           3          22   1.0382813753377814E-009
           3          23   5.2735154435444333E-010
           3          24   9.4922518721810652E-010
           3          25  -3.9704721564522920E-010
           3          26   1.6804794151203043E-009
           3          27   1.0425094871120668E-009
           3          28  -9.1379000485320773E-010
           3          29   1.1576876877558937E-009
           3          30 -0.20712724691044673     
           3          31  -5.2301117713428628E-004
           3          32 -0.20619284503080337     
           3          33  -3.3383445332111597E-004
           3          34   8.2395711999222313E-004
           3          35 -0.20685529122633045     
           3          36  -5.3781774819594827E-002
           3          37   6.7394528329342121E-005
           3          38  -5.3902181237378936E-002
           3          39   4.3017319885193466E-005
           3          40  -1.0617588143201747E-004
           3          41  -5.3816820705014271E-002
           3          42  -2.1920415907779767E-002
           3          43   1.2259161587410868E-004
           3          44  -2.2139436042906236E-002
           3          45   7.8247851053313798E-005
           3          46  -1.9313389697813875E-004
           3          47  -2.1984163087539511E-002
           4           1 -0.18090357443155283     
           4           2 -0.56413799173870660     
           4           3  0.99923878342131456     
           4           4   1.0227200772651015     
           4           5 -0.46406932604992801     
           4           6 -0.36238051856634468     
           4           7  0.41033081203069444     
           4           8  0.16242768883065783     
           4           9   2.5960257005688631E-011
           4          10  -6.8839161264301271E-011
           4          11   1.3271839402897738E-010
           4          12   2.7425201282364318E-010
           4          13  -3.8656800204650483E-010
           4          14   9.9225425255110222E-010
           4          15  -1.7254297579683450E-009
           4          16   1.4086976451421860E-009
           4          17  -3.7208812216123592E-009
           4          18   1.2945226278139185E-012
           4          19  -1.1797952701771124E-009
           4          20   7.4818627728947715E-010
           4          21   6.1848232877448783E-010
           4          22   1.1303051088103037E-009
           4          23   7.4417630103667286E-010
           4          24  -1.2111238981095741E-009
           4          25  -1.3908392123268505E-009
           4          26   2.1522196378215875E-009
           4          27   3.7800903031496478E-012
           4          28  -1.9178266404223639E-009
           4          29   1.5568433346582059E-009
           4          30 -0.28549800789959934     
           4          31  -7.7723097319614136E-004
           4          32 -0.28410941693318759     
           4          33  -4.9610278386970970E-004
           4          34   1.2244652275037985E-003
           4          35 -0.28509385519043490     
           4          36  -7.9075715106551037E-002
           4          37   6.4346639840435175E-005
           4          38  -7.9190673886873758E-002
           4          39   4.1070778064271626E-005
           4          40  -1.0137129329314840E-004
           4          41  -7.9109173412130029E-002
           4          42  -3.3300093846874421E-002
           4          43   2.1676859334968015E-004
           4          44  -3.3687368837510730E-002
           4          45   1.3835956384017421E-004
           4          46  -3.4150195193756016E-004
           4          47  -3.3412811946324568E-002
           5           1   3.9502400119796638E-002
           5           2  0.14096843644014290     
           5           3 -0.27681447202253284     
           5           4 -0.46406932604992801     
           5           5  0.54174934834603583     
           5           6  0.38859344078857411     
           5           7 -0.49787355633758451     
           5           8 -0.20812981379279383     
           5           9  -6.0966064880959605E-010
           5          10   1.1944515081283207E-010
           5          11  -5.4550218433805010E-010
           5          12  -5.0426824616646319E-009
           5          13   8.7745090815990563E-010
           5          14  -4.4339233157600436E-009
           5          15   1.1728909321399336E-008
           5          16  -1.4404629415408039E-009
           5          17   9.9609316502080504E-009
           5          18   3.7312596215880232E-009
           5          19   1.1994050818418435E-009
           5          20   1.4862467681861945E-009
           5          21  -6.1112189908872602E-009
           5          22  -2.2503684017345641E-009
           5          23  -2.8319474293849634E-009
           5          24  -1.0589873624705577E-008
           5          25  -6.0095702212981670E-010
           5          26  -6.4229928092798283E-009
           5          27  -7.7298907247622773E-009
           5          28   1.0263949197864933E-009
           5          29  -4.4407285747429708E-009
           5          30  0.26263491524180882     
           5          31   1.4923493168036649E-003
           5          32  0.25996871035424196     
           5          33   9.5255638851705991E-004
           5          34  -2.3510675381916853E-003
           5          35  0.26185891644548653     
           5          36   7.8219906713336451E-002
           5          37   2.6351427158674714E-004
           5          38   7.7749114689036058E-002
           5          39   1.6820122855467550E-004
           5          40  -4.1514478998061488E-004
           5          41   7.8082882996211328E-002
           5          42   3.3687051090232914E-002
           5          43  -3.7118551292170772E-004
           5          44   3.4350204932334774E-002
           5          45  -2.3692267605802172E-004
           5          46   5.8477241749247972E-004
           5          47   3.3880063363427790E-002
           6           1   4.1296344495252969E-002
           6           2  0.13423632015745651     
           6           3 -0.24325415375431420     
           6           4 -0.36238051856634468     
           6           5  0.38859344078857411     
           6           6  0.35033407218376306     
           6           7 -0.60754841423186878     
           6           8 -0.29080340988124581     
           6           9  -3.7961433437575003E-010
           6          10  -2.1708742835949909E-010
           6          11   5.3704553285377483E-011
           6          12  -3.1968507500250694E-009
           6          13  -1.8305091368568423E-009
           6          14   4.1322467134914798E-010
           6          15   8.8553860190639583E-009
           6          16   3.7690098801063472E-009
           6          17   7.3427080567261649E-010
           6          18   3.7151955153228487E-009
           6          19   2.7872438452864738E-009
           6          20  -6.9917869797612071E-010
           6          21  -1.1402769667856162E-008
           6          22  -4.1842013660826362E-009
           6          23  -4.0407326436252354E-009
           6          24  -2.0388670791094589E-008
           6          25  -3.8759207934784161E-009
           6          26  -7.5112446273135919E-009
           6          27  -1.4411097406421463E-008
           6          28  -2.7036112523410993E-010
           6          29  -5.5175053305819141E-009
           6          30  0.18101556044107647     
           6          31   4.4853854557775426E-005
           6          32  0.18093542372421451     
           6          33   2.8631019928804908E-005
           6          34  -7.0663622207111677E-005
           6          35  0.18099223876619619     
           6          36   4.8227454207800613E-002
           6          37  -8.4897622704089204E-005
           6          38   4.8379125336658571E-002
           6          39  -5.4184852782510889E-005
           6          40   1.3374674493947110E-004
           6          41   4.8271599285101816E-002
           6          42   1.8626410629387746E-002
           6          43  -6.7011014541880267E-004
           6          44   1.9823615460045112E-002
           6          45  -4.2772181871521047E-004
           6          46   1.0557001804149691E-003
           6          47   1.8974857155082535E-002
           7           1  -3.4097510019773569E-002
           7           2 -0.12722303742900337     
           7           3  0.26612552084062269     
           7           4  0.41033081203069444     
           7           5 -0.49787355633758451     
           7           6 -0.60754841423186878     
           7           7   1.3582347361126914     
           7           8  0.70147453564333673     
           7           9   7.2103312548257128E-010
           7          10  -1.0021252212906708E-010
           7          11   6.6624744811610263E-010
           7          12   5.9271557543739465E-009
           7          13  -7.5991853188295452E-010
           7          14   5.4997639917569108E-009
           7          15  -1.3029959340465871E-008
           7          16   1.7683159049813142E-009
           7          17  -1.3682364536033706E-008
           7          18  -4.1585135736375643E-009
           7          19  -1.4149013866360727E-009
           7          20  -3.3553336017140321E-009
           7          21   1.1446333656496404E-008
           7          22   3.1146084045630014E-009
           7          23   1.0972815505241849E-008
           7          24   1.2339960365163220E-008
           7          25  -6.0076794343528666E-009
           7          26   1.9954627846297626E-008
           7          27   1.1745778556479358E-008
           7          28  -9.2609805876601591E-009
           7          29   1.4630919119385430E-008
           7          30 -0.20662453597967873     
           7          31  -1.7679194764085538E-003
           7          32 -0.20346599949923894     
           7          33  -1.1284545359061492E-003
           7          34   2.7852020322898909E-003
           7          35 -0.20570525206042933     
           7          36  -4.2551954721384719E-002
           7          37  -8.0013246511458189E-004
           7          38  -4.1122436950498581E-002
           7          39  -5.1073293342708017E-004
           7          40   1.2605449434931800E-003
           7          41  -4.2135897524148605E-002
           7          42  -1.0388471154202977E-002
           7          43   1.7357547191787070E-003
           7          44  -1.3489532862026818E-002
           7          45   1.1079079302077398E-003
           7          46  -2.7345272797464765E-003
           7          47  -1.1291032565722555E-002
           8           1  -1.4232684775347709E-002
           8           2  -5.1342715753806001E-002
           8           3  0.10481018065126466     
           8           4  0.16242768883065783     
           8           5 -0.20812981379279383     
           8           6 -0.29080340988124581     
           8           7  0.70147453564333673     
           8           8  0.36927263809136024     
           8           9   2.1531384376008002E-009
           8          10   6.7882624592176514E-010
           8          11   2.8422102483000755E-010
           8          12   1.7974781050798869E-008
           8          13   5.6741005582863031E-009
           8          14   2.3889909546531940E-009
           8          15  -4.6325375132945504E-008
           8          16  -1.4217593202645750E-008
           8          17  -6.9122733458581987E-009
           8          18  -1.9738747434176391E-008
           8          19  -6.9297635550351970E-009
           8          20  -2.3630817522191798E-009
           8          21   4.2875426291630481E-008
           8          22   1.3281165212893042E-008
           8          23   9.0870742824075619E-009
           8          24   8.9281351852762245E-008
           8          25   2.3192793697867601E-008
           8          26   1.7212877447882231E-008
           8          27   6.0421659249000863E-008
           8          28   1.2548731259796733E-008
           8          29   1.2632330674335565E-008
           8          30  -7.9436689378669934E-002
           8          31   6.0451907248175061E-004
           8          32  -8.0516729006080617E-002
           8          33   3.8587491884112474E-004
           8          34  -9.5237639408950799E-004
           8          35  -7.9751034668205795E-002
           8          36  -1.2860129626462453E-002
           8          37   1.3715101741260970E-004
           8          38  -1.3105160443595686E-002
           8          39   8.7541860674116755E-005
           8          40  -2.1606971371453389E-004
           8          41  -1.2931446176389694E-002
           8          42  -1.0151275436304794E-003
           8          43   1.3263546769950226E-003
           8          44  -3.3847703151923137E-003
           8          45   8.4660107649144663E-004
           8          46  -2.0895553774502394E-003
           8          47  -1.7048084418073556E-003
           9           1   1.5637068198635992E-012
           9           2   1.3515613834376909E-011
           9           3   6.5949561237951519E-011
           9           4   2.5960257005688631E-011
           9           5  -6.0966064880959605E-010
           9           6  -3.7961433437575003E-010
           9           7   7.2103312548257128E-010
           9           8   2.1531384376008002E-009
           9           9   3.7563018881076146E-002
           9          10   5.2977755820511617E-005
           9          11   3.3815643403479712E-005
           9          12  0.28030137245356013     
           9          13   4.2735669865001099E-004
           9          14   2.7278106129087427E-004
           9          15  -9.1433048115003496E-002
           9          16  -1.0932172382028334E-003
           9          17  -6.9779837336063962E-004
           9          18  -3.2376789718460197E-002
           9          19  -3.4081965380200897E-004
           9          20  -2.1754383617593042E-004
           9          21   6.3605922492314740E-003
           9          22   8.6188901337446952E-004
           9          23   5.5014148707692337E-004
           9          24   1.3965238634444002E-002
           9          25   1.8341817435550056E-003
           9          26   1.1707518773198117E-003
           9          27   9.5571945498070347E-003
           9          28   1.4162375687502304E-003
           9          29   9.0398884134105986E-004
           9          30   2.4272757314956678E-010
           9          31   1.9501207976936777E-010
           9          32   1.7950215200002200E-010
           9          33   4.5679652260020953E-011
           9          34  -3.4221972939959723E-012
           9          35   1.4392037496416658E-010
           9          36  -2.4659414847680920E-010
           9          37  -2.3543016651129404E-011
           9          38  -3.0606408716794958E-010
           9          39   6.2184409807320230E-011
           9          40   2.6399759581210674E-011
           9          41  -2.1810788557846655E-010
           9          42  -1.0600710168321191E-009
           9          43  -2.8304122650715747E-010
           9          44  -1.0019217100228674E-009
           9          45  -5.0892295389208542E-010
           9          46  -3.0735916754589997E-010
           9          47  -6.5850343250531659E-010
          10           1   1.3669969357726613E-011
          10           2   4.6380493626141376E-011
          10           3  -8.9802057054600183E-011
          10           4  -6.8839161264301271E-011
          10           5   1.1944515081283207E-010
          10           6  -2.1708742835949909E-010
          10           7  -1.0021252212906708E-010
          10           8   6.7882624592176514E-010
          10           9   5.2977755820511617E-005
          10          10   3.7453726914635950E-002
          10          11  -8.3462165818345513E-005
          10          12   4.2735668324479678E-004
          10          13  0.27941974566521155     
          10          14  -6.7326472912995631E-004
          10          15  -1.0932171996469804E-003
          10          16  -8.9177768468025553E-002
          10          17   1.7222706532473895E-003
          10          18  -3.4081975017666576E-004
          10          19  -3.1673690693046090E-002
          10          20   5.3692729726649135E-004
          10          21   8.6188896448333944E-004
          10          22   4.5825419921576181E-003
          10          23  -1.3578277900786252E-003
          10          24   1.8341817583949474E-003
          10          25   1.0181378171807965E-002
          10          26  -2.8895884254998019E-003
          10          27   1.4162385386224325E-003
          10          28   6.6355287235947066E-003
          10          29  -2.2311593836384404E-003
          10          30   5.5630839617386522E-011
          10          31  -4.8957490839283858E-011
          10          32   1.2595369299277891E-010
          10          33   4.1897952118449704E-011
          10          34  -3.5586454599611941E-011
          10          35   7.0274757369384527E-011
          10          36  -5.2028867818268193E-011
          10          37  -2.9245714375274548E-011
          10          38  -1.4047828899425451E-010
          10          39  -3.9288288991553105E-011
          10          40   3.7757117778257148E-011
          10          41  -2.3369194838740021E-011
          10          42  -3.7275369653151446E-010
          10          43  -2.1327429577211996E-012
          10          44   2.6181735013423933E-010
          10          45   5.8145934139579613E-011
          10          46  -2.0042917291605410E-010
          10          47  -3.5763745410212957E-010
          11           1  -1.7303256529319136E-011
          11           2  -5.7059095420017948E-011
          11           3   1.6200444249060162E-010
          11           4   1.3271839402897738E-010
          11           5  -5.4550218433805010E-010
          11           6   5.3704553285377483E-011
          11           7   6.6624744811610263E-010
          11           8   2.8422102483000755E-010
          11           9   3.3815643403479712E-005
          11          10  -8.3462165818345513E-005
          11          11   3.7531209423237850E-002
          11          12   2.7278108724339452E-004
          11          13  -6.7326473263077627E-004
          11          14  0.28004477578363451     
          11          15  -6.9779847040904366E-004
          11          16   1.7222706710003505E-003
          11          17  -9.0776652276005745E-002
          11          18  -2.1754384436055972E-004
          11          19   5.3692738938422926E-004
          11          20  -3.2172158911606366E-002
          11          21   5.5014152958970269E-004
          11          22  -1.3578280677166992E-003
          11          23   5.8430973848810292E-003
          11          24   1.1707523884916123E-003
          11          25  -2.8895878068888499E-003
          11          26   1.2863957922582908E-002
          11          27   9.0398802950939850E-004
          11          28  -2.2311606589758390E-003
          11          29   8.7068546293345359E-003
          11          30   7.1170590191495791E-011
          11          31   1.4533131246379910E-010
          11          32  -2.9333751749772215E-011
          11          33  -2.9931032244445334E-011
          11          34  -2.8463743304238348E-011
          11          35  -1.2424478873197158E-010
          11          36  -8.3583927257620370E-011
          11          37   9.0252215598382731E-011
          11          38  -5.9739790174050937E-011
          11          39   8.1880311744523256E-011
          11          40  -1.7202001817240268E-011
          11          41   2.6686600724109219E-011
          11          42  -5.8747080299778524E-011
          11          43  -3.0435486411257350E-010
          11          44  -3.0653100050721990E-010
          11          45  -2.1295730372363575E-010
          11          46   7.9026938770889073E-011
          11          47  -3.7300297148045090E-010
          12           1   1.7699158300927428E-011
          12           2   1.1589539951059938E-010
          12           3   5.5568333770243593E-010
          12           4   2.7425201282364318E-010
          12           5  -5.0426824616646319E-009
          12           6  -3.1968507500250694E-009
          12           7   5.9271557543739465E-009
          12           8   1.7974781050798869E-008
          12           9  0.28030137245356013     
          12          10   4.2735668324479678E-004
          12          11   2.7278108724339452E-004
          12          12   2.0953052390793099     
          12          13   3.4664169372091626E-003
          12          14   2.2126066036069285E-003
          12          15 -0.75617858386906733     
          12          16  -9.0794692673484209E-003
          12          17  -5.7954065792345296E-003
          12          18 -0.26327206826506910     
          12          19  -2.8602003240094159E-003
          12          20  -1.8256547579451471E-003
          12          21   5.1855919465876699E-002
          12          22   7.2067276216006351E-003
          12          23   4.6000353889196904E-003
          12          24  0.11719022499243043     
          12          25   1.5320403547216775E-002
          12          26   9.7789605640164930E-003
          12          27   7.9687463238788614E-002
          12          28   1.1831762473434400E-002
          12          29   7.5522507399636458E-003
          12          30   1.9895362337500155E-009
          12          31   1.6216204227105051E-009
          12          32   1.4882227407963814E-009
          12          33   3.7916363469997190E-010
          12          34  -6.0289405432957285E-012
          12          35   1.2043340228912544E-009
          12          36  -2.0068394484619994E-009
          12          37  -1.5710429825483681E-010
          12          38  -2.5263379327786236E-009
          12          39   4.8980907026162604E-010
          12          40   2.3101757390594595E-010
          12          41  -1.7961632292816464E-009
          12          42  -8.8079991355108156E-009
          12          43  -2.3579851112108720E-009
          12          44  -8.3098165968158748E-009
          12          45  -4.2447869285644830E-009
          12          46  -2.5476239105238227E-009
          12          47  -5.4521662909575112E-009
          13           1   6.3226448723222662E-011
          13           2   2.4653724595418116E-010
          13           3  -5.2494235614037879E-010
          13           4  -3.8656800204650483E-010
          13           5   8.7745090815990563E-010
          13           6  -1.8305091368568423E-009
          13           7  -7.5991853188295452E-010
          13           8   5.6741005582863031E-009
          13           9   4.2735669865001099E-004
          13          10  0.27941974566521155     
          13          11  -6.7326473263077627E-004
          13          12   3.4664169372091626E-003
          13          13   2.0881541085095652     
          13          14  -5.4610419985313598E-003
          13          15  -9.0794691992130711E-003
          13          16 -0.73744787020109714     
          13          17   1.4303927068816490E-002
          13          18  -2.8602012168722647E-003
          13          19 -0.25737157466163596     
          13          20   4.5059604170050093E-003
          13          21   7.2067273059267106E-003
          13          22   3.6988663856131213E-002
          13          23  -1.1353544797311255E-002
          13          24   1.5320403787772739E-002
          13          25   8.5584704885621865E-002
          13          26  -2.4135917553772271E-002
          13          27   1.1831770738231707E-002
          13          28   5.5278806946549200E-002
          13          29  -1.8639914884449538E-002
          13          30   4.3962062778403710E-010
          13          31  -4.1576029975001430E-010
          13          32   9.7486163195170960E-010
          13          33   3.4264769132971134E-010
          13          34  -3.0924960898471920E-010
          13          35   5.4928674889250429E-010
          13          36  -4.6004913805041178E-010
          13          37  -2.4279819566937549E-010
          13          38  -1.1600207814714549E-009
          13          39  -3.2810860794790808E-010
          13          40   2.8693670415499649E-010
          13          41  -2.2941176514271739E-010
          13          42  -3.1139794379215764E-009
          13          43  -1.7730877886042121E-011
          13          44   2.1768364517178219E-009
          13          45   4.8351975496355323E-010
          13          46  -1.6694879530465715E-009
          13          47  -2.9937875172163019E-009
          14           1  -9.4642666156762355E-011
          14           2  -3.4714520585429469E-010
          14           3   1.1568853089094088E-009
          14           4   9.9225425255110222E-010
          14           5  -4.4339233157600436E-009
          14           6   4.1322467134914798E-010
          14           7   5.4997639917569108E-009
          14           8   2.3889909546531940E-009
          14           9   2.7278106129087427E-004
          14          10  -6.7326472912995631E-004
          14          11  0.28004477578363451     
          14          12   2.2126066036069285E-003
          14          13  -5.4610419985313598E-003
          14          14   2.0932239164824038     
          14          15  -5.7954068989152976E-003
          14          16   1.4303927189325759E-002
          14          17 -0.75072704034502091     
          14          18  -1.8256546772888581E-003
          14          19   4.5059612150411300E-003
          14          20 -0.26155478060129989     
          14          21   4.6000356074597307E-003
          14          22  -1.1353547175296413E-002
          14          23   4.7528859902199891E-002
          14          24   9.7789644637038264E-003
          14          25  -2.4135912447099384E-002
          14          26  0.10799153807909356     
          14          27   7.5522437702955393E-003
          14          28  -1.8639925619890915E-002
          14          29   7.2583415076849844E-002
          14          30   5.9564368662727230E-010
          14          31   1.2150553194098471E-009
          14          32  -1.5905215104615439E-010
          14          33  -2.4445577574634594E-010
          14          34  -2.4162013624154441E-010
          14          35  -1.0342546745808058E-009
          14          36  -6.5429326847968785E-010
          14          37   7.5696255619082725E-010
          14          38  -4.5222801815088413E-010
          14          39   6.8191478003278796E-010
          14          40  -1.1696881787620248E-010
          14          41   2.0064284963025763E-010
          14          42  -4.8046924828338585E-010
          14          43  -2.5357131248348264E-009
          14          44  -2.5461803345662980E-009
          14          45  -1.7756794123067884E-009
          14          46   6.6406480223032849E-010
          14          47  -3.0844716915218912E-009
          15           1   8.7584590790826913E-011
          15           2   3.5344135278257891E-011
          15           3  -1.5591170426242999E-009
          15           4  -1.7254297579683450E-009
          15           5   1.1728909321399336E-008
          15           6   8.8553860190639583E-009
          15           7  -1.3029959340465871E-008
          15           8  -4.6325375132945504E-008
          15           9  -9.1433048115003496E-002
          15          10  -1.0932171996469804E-003
          15          11  -6.9779847040904366E-004
          15          12 -0.75617858386906733     
          15          13  -9.0794691992130711E-003
          15          14  -5.7954068989152976E-003
          15          15   1.7186752926454703     
          15          16   2.3473597466356824E-002
          15          17   1.4983147571841830E-002
          15          18  0.51897861739761020     
          15          19   8.0845641575023209E-003
          15          20   5.1603537676740141E-003
          15          21 -0.11260501968774145     
          15          22  -1.8859299732618295E-002
          15          23  -1.2037844215173978E-002
          15          24 -0.31520296070734377     
          15          25  -3.9813817426989286E-002
          15          26  -2.5413019045615139E-002
          15          27 -0.20417935874895191     
          15          28  -3.0796058676823342E-002
          15          29  -1.9657219817808269E-002
          15          30  -5.0289458446745583E-009
          15          31  -4.7568103006173215E-009
          15          32  -3.4713977801236232E-009
          15          33  -9.5066293637584274E-010
          15          34   1.3734761959149493E-010
          15          35  -2.7882489827793767E-009
          15          36   3.8860841526844860E-009
          15          37  -6.8435943541797350E-010
          15          38   5.9897919830592261E-009
          15          39  -7.3754339062341669E-010
          15          40  -5.9635727561304749E-010
          15          41   4.3176299259158942E-009
          15          42   2.1902350955690458E-008
          15          43   5.9472933684793293E-009
          15          44   2.0407416402499104E-008
          15          45   1.0934611838917985E-008
          15          46   6.2366074742540444E-009
          15          47   1.3196944668171142E-008
          16           1  -1.6989684410332852E-010
          16           2  -6.5998643743958502E-010
          16           3   1.1093681889358750E-009
          16           4   1.4086976451421860E-009
          16           5  -1.4404629415408039E-009
          16           6   3.7690098801063472E-009
          16           7   1.7683159049813142E-009
          16           8  -1.4217593202645750E-008
          16           9  -1.0932172382028334E-003
          16          10  -8.9177768468025553E-002
          16          11   1.7222706710003505E-003
          16          12  -9.0794692673484209E-003
          16          13 -0.73744787020109714     
          16          14   1.4303927189325759E-002
          16          15   2.3473597466356824E-002
          16          16   1.6702498746601599     
          16          17  -3.6980636658719868E-002
          16          18   8.0845665049515680E-003
          16          19  0.50230041637730261     
          16          20  -1.2736467482774143E-002
          16          21  -1.8859299421904278E-002
          16          22  -7.3698858089158645E-002
          16          23   2.9711129408992627E-002
          16          24  -3.9813817521876120E-002
          16          25 -0.23306828894665638     
          16          26   6.2723085017024352E-002
          16          27  -3.0796081492050389E-002
          16          28 -0.14064778744612713     
          16          29   4.8516523820190650E-002
          16          30  -1.3797109686141393E-009
          16          31   9.1255158749740204E-010
          16          32  -2.5764948467778134E-009
          16          33  -7.8367484321875859E-010
          16          34   7.0612656870159025E-010
          16          35  -1.4333312172150774E-009
          16          36   1.4898454862541171E-009
          16          37   4.6841109880776946E-010
          16          38   2.1410745758716033E-009
          16          39   7.8663144535544936E-010
          16          40  -2.8238667972411111E-010
          16          41   1.0827381365391714E-009
          16          42   7.9403672856219531E-009
          16          43   1.2034405995645753E-011
          16          44  -5.6298513796121465E-009
          16          45  -1.1574407743037314E-009
          16          46   4.2207472426861665E-009
          16          47   7.7388445039108776E-009
          17           1   3.3644222629057563E-010
          17           2   1.1271498109906038E-009
          17           3  -2.8042854175639733E-009
          17           4  -3.7208812216123592E-009
          17           5   9.9609316502080504E-009
          17           6   7.3427080567261649E-010
          17           7  -1.3682364536033706E-008
          17           8  -6.9122733458581987E-009
          17           9  -6.9779837336063962E-004
          17          10   1.7222706532473895E-003
          17          11  -9.0776652276005745E-002
          17          12  -5.7954065792345296E-003
          17          13   1.4303927068816490E-002
          17          14 -0.75072704034502091     
          17          15   1.4983147571841830E-002
          17          16  -3.6980636658719868E-002
          17          17   1.7045811569083895     
          17          18   5.1603537431115579E-003
          17          19  -1.2736470055124821E-002
          17          20  0.51412452744773729     
          17          21  -1.2037844845120056E-002
          17          22   2.9711135921563953E-002
          17          23 -0.10128151164412857     
          17          24  -2.5413029109915386E-002
          17          25   6.2723072167145358E-002
          17          26 -0.29129792369664198     
          17          27  -1.9657201781494743E-002
          17          28   4.8516551907214663E-002
          17          29 -0.18568872682163678     
          17          30  -1.3822123450483106E-009
          17          31  -3.3318844731955548E-009
          17          32   7.5778109278261815E-010
