           1           1  0.71592740802727994     
           1           2  0.58709846652429543     
           1           3  -1.6818876027844798E-015
           1           4  -3.4980925910109713E-016
           1           5   2.5228378535412147E-016
           1           6 -0.22365240944047760     
           1           7   3.2271186944515663E-015
           1           8  -1.8435423969108684E-015
           1           9  -3.0451815671018777E-015
           1          10 -0.13940220812681553     
           1          11  -2.2871343682696334E-015
           1          12   4.0933697362636555E-015
           1          13   3.3996361914407267E-015
           1          14   1.5796096854659762E-002
           1          15  -6.9465804727275268E-004
           1          16   1.9269347981254663E-002
           1          17  -8.8866482854470751E-004
           1          18  -1.4800431352125716E-004
           1          19   1.9206271119454641E-002
           2           1  0.58709846652429543     
           2           2  0.49995821589635686     
           2           3  -8.6544271825850280E-016
           2           4   6.0255419047071718E-016
           2           5   3.6473254904557380E-018
           2           6 -0.30085077775291635     
           2           7   3.1634143156463578E-015
           2           8  -1.5590017927816142E-015
           2           9  -2.3088585909666059E-015
           2          10 -0.20219600007768013     
           2          11  -3.0010715901573464E-015
           2          12   5.5945484488501173E-015
           2          13   2.5071367009079585E-015
           2          14   1.6206067575474197E-002
           2          15  -1.1336653108920132E-003
           2          16   2.1877342864939319E-002
           2          17  -1.4502800926193787E-003
           2          18  -2.4153628411460989E-004
           2          19   2.1774350994558149E-002
           3           1  -1.6818876027844798E-015
           3           2  -8.6544271825850280E-016
           3           3   1.9705368867855219E-002
           3           4  -4.4886645238978222E-002
           3           5  -5.7423025666156209E-002
           3           6   1.1209292825111241E-016
           3           7   1.6333485262981513E-002
           3           8  -3.7205868280471628E-002
           3           9  -4.7597086345537470E-002
           3          10  -3.1819327260880276E-015
           3          11   7.5169933881989864E-003
           3          12  -1.7122877411863351E-002
           3          13  -2.1905121754255168E-002
           3          14  -3.2661327400086457E-016
           3          15  -5.6138518367630263E-017
           3          16  -1.0465817698940212E-016
           3          17  -2.0732424126503959E-017
           3          18  -7.2593574733907633E-018
           3          19  -1.3642919650720061E-016
           4           1  -3.4980925910109713E-016
           4           2   6.0255419047071718E-016
           4           3  -4.4886645238978222E-002
           4           4  0.28181364237462830     
           4           5  -9.5611946949149401E-003
           4           6  -9.2636186890902744E-016
           4           7  -3.7205868280471892E-002
           4           8  0.23359110938247121     
           4           9  -7.9251311504571903E-003
           4          10  -8.3009946425808949E-015
           4          11  -1.7122877411863382E-002
           4          12  0.10750325460235535     
           4          13  -3.6473023056270773E-003
           4          14  -5.5834906685519521E-016
           4          15  -1.8181952562653392E-017
           4          16  -1.3656127575578851E-016
           4          17  -1.9954541280237216E-016
           4          18  -4.6636263053899892E-017
           4          19  -1.2025774234066594E-016
           5           1   2.5228378535412147E-016
           5           2   3.6473254904557380E-018
           5           3  -5.7423025666156209E-002
           5           4  -9.5611946949149401E-003
           5           5  0.27705593428753811     
           5           6   1.1393078811862213E-015
           5           7  -4.7597086345537394E-002
           5           8  -7.9251311504569544E-003
           5           9  0.22964751637250713     
           5          10   2.3705099420681195E-015
           5          11  -2.1905121754255071E-002
           5          12  -3.6473023056273063E-003
           5          13  0.10568833499981070     
           5          14   5.0964589932437397E-017
           5          15   5.0306447084564107E-017
           5          16  -1.8226462340127100E-016
           5          17  -3.7670033237911391E-017
           5          18   2.2074049934224117E-017
           5          19  -6.6528976956707235E-017
           6           1 -0.22365240944047760     
           6           2 -0.30085077775291635     
           6           3   1.1209292825111241E-016
           6           4  -9.2636186890902744E-016
           6           5   1.1393078811862213E-015
           6           6   1.0687224088353957     
           6           7  -1.7935470837255706E-015
           6           8   3.7423393208472320E-015
           6           9  -1.2404622382037168E-015
           6          10  0.59434231686438910     
           6          11   6.5806593813749467E-015
           6          12  -1.1250414109723525E-014
           6          13  -1.2647093263916977E-015
           6          14  -5.3897731014124824E-002
           6          15   2.7785631436275512E-003
           6          16  -6.7805891539271509E-002
           6          17   3.5545728224919393E-003
           6          18   5.9198600544578734E-004
           6          19  -6.7553323095910819E-002
           7           1   3.2271186944515663E-015
           7           2   3.1634143156463578E-015
           7           3   1.6333485262981513E-002
           7           4  -3.7205868280471892E-002
           7           5  -4.7597086345537394E-002
           7           6  -1.7935470837255706E-015
           7           7   1.3538581420377720E-002
           7           8  -3.0839387241658911E-002
           7           9  -3.9452512338091036E-002
           7          10  -8.9624916237149889E-015
           7          11   6.2307232892434127E-003
           7          12  -1.4192896755296860E-002
           7          13  -1.8156827499970777E-002
           7          14  -4.5619847489192879E-016
           7          15  -1.1626863636230159E-016
           7          16   7.6856712221701958E-017
           7          17  -1.0639731419589436E-016
           7          18  -2.0874797754904359E-017
           7          19   4.4183004804237029E-017
           8           1  -1.8435423969108684E-015
           8           2  -1.5590017927816142E-015
           8           3  -3.7205868280471628E-002
           8           4  0.23359110938247121     
           8           5  -7.9251311504569544E-003
           8           6   3.7423393208472320E-015
           8           7  -3.0839387241658911E-002
           8           8  0.19362017368200379     
           8           9  -6.5690225705108685E-003
           8          10  -2.4352504773800898E-015
           8          11  -1.4192896755296787E-002
           8          12   8.9107838404104384E-002
           8          13  -3.0231942806092788E-003
           8          14  -5.0580809278147541E-016
           8          15   1.9035556166796408E-017
           8          16  -3.2689571267278058E-016
           8          17  -1.2176854027572621E-016
           8          18  -3.1389571070760646E-017
           8          19  -3.1028205289901394E-016
           9           1  -3.0451815671018777E-015
           9           2  -2.3088585909666059E-015
           9           3  -4.7597086345537470E-002
           9           4  -7.9251311504571903E-003
           9           5  0.22964751637250713     
           9           6  -1.2404622382037168E-015
           9           7  -3.9452512338091036E-002
           9           8  -6.5690225705108685E-003
           9           9  0.19035138847207528     
           9          10   1.9774267392309159E-015
           9          11  -1.8156827499970725E-002
           9          12  -3.0231942806095598E-003
           9          13   8.7603478715105612E-002
           9          14   1.9838026850938370E-016
           9          15   5.0749649398920537E-017
           9          16  -4.0232676153778421E-017
           9          17  -1.9644827094170024E-017
           9          18   2.0225305761649881E-017
           9          19   5.6521385597921451E-017
          10           1 -0.13940220812681553     
          10           2 -0.20219600007768013     
          10           3  -3.1819327260880276E-015
          10           4  -8.3009946425808949E-015
          10           5   2.3705099420681195E-015
          10           6  0.59434231686438910     
          10           7  -8.9624916237149889E-015
          10           8  -2.4352504773800898E-015
          10           9   1.9774267392309159E-015
          10          10  0.58425188360626612     
          10          11   9.0189939078405457E-015
          10          12  -1.8221027441398876E-014
          10          13   1.1146690675367919E-015
          10          14  -9.6805466880290677E-003
          10          15   4.5744527041624451E-003
          10          16  -3.2577753640921192E-002
          10          17   5.8520265023053759E-003
          10          18   9.7460910188862349E-004
          10          19  -3.2161946246093975E-002
          11           1  -2.2871343682696334E-015
          11           2  -3.0010715901573464E-015
          11           3   7.5169933881989864E-003
          11           4  -1.7122877411863382E-002
          11           5  -2.1905121754255071E-002
          11           6   6.5806593813749467E-015
          11           7   6.2307232892434127E-003
          11           8  -1.4192896755296787E-002
          11           9  -1.8156827499970725E-002
          11          10   9.0189939078405457E-015
          11          11   2.8675022516529759E-003
          11          12  -6.5318521645075130E-003
          11          13  -8.3561315953357036E-003
          11          14   7.7259581808874399E-017
          11          15   7.4293680495371293E-017
          11          16  -3.1713510611848028E-016
          11          17   1.1453000468927499E-016
          11          18   1.7621999841884357E-017
          11          19  -3.2055509840960279E-016
          12           1   4.0933697362636555E-015
          12           2   5.5945484488501173E-015
          12           3  -1.7122877411863351E-002
          12           4  0.10750325460235535     
          12           5  -3.6473023056273063E-003
          12           6  -1.1250414109723525E-014
          12           7  -1.4192896755296860E-002
          12           8   8.9107838404104384E-002
          12           9  -3.0231942806095598E-003
          12          10  -1.8221027441398876E-014
          12          11  -6.5318521645075130E-003
          12          12   4.1009191935199620E-002
          12          13  -1.3913338796153231E-003
          12          14  -3.5974517208997052E-016
          12          15  -1.4273796628468111E-016
          12          16   4.8089931776664890E-016
          12          17  -2.4984998501804086E-016
          12          18  -4.6723600082491780E-017
          12          19   4.7477460846465854E-016
          13           1   3.3996361914407267E-015
          13           2   2.5071367009079585E-015
          13           3  -2.1905121754255168E-002
          13           4  -3.6473023056270773E-003
          13           5  0.10568833499981070     
          13           6  -1.2647093263916977E-015
          13           7  -1.8156827499970777E-002
          13           8  -3.0231942806092788E-003
          13           9   8.7603478715105612E-002
          13          10   1.1146690675367919E-015
          13          11  -8.3561315953357036E-003
          13          12  -1.3913338796153231E-003
          13          13   4.0316855813814036E-002
          13          14   2.6571471502579533E-016
          13          15   2.7990443652826123E-017
          13          16   1.3269676499467919E-016
          13          17  -3.1121577160375980E-018
          13          18   1.0295471628216219E-017
          13          19   1.7764626526543880E-016
          14           1   1.5796096854659762E-002
          14           2   1.6206067575474197E-002
          14           3  -3.2661327400086457E-016
          14           4  -5.5834906685519521E-016
          14           5   5.0964589932437397E-017
          14           6  -5.3897731014124824E-002
          14           7  -4.5619847489192879E-016
          14           8  -5.0580809278147541E-016
          14           9   1.9838026850938370E-016
          14          10  -9.6805466880290677E-003
          14          11   7.7259581808874399E-017
          14          12  -3.5974517208997052E-016
          14          13   2.6571471502579533E-016
          14          14   4.5503841345570471E-003
          14          15   9.9410118768523782E-005
          14          16   4.0528405454323419E-003
          14          17   1.2717381961363733E-004
          14          18   2.1179855228831430E-005
          14          19   4.0618758542172650E-003
          15           1  -6.9465804727275268E-004
          15           2  -1.1336653108920132E-003
          15           3  -5.6138518367630263E-017
          15           4  -1.8181952562653392E-017
          15           5   5.0306447084564107E-017
          15           6   2.7785631436275512E-003
          15           7  -1.1626863636230159E-016
          15           8   1.9035556166796408E-017
          15           9   5.0749649398920537E-017
          15          10   4.5744527041624451E-003
          15          11   7.4293680495371293E-017
          15          12  -1.4273796628468111E-016
          15          13   2.7990443652826123E-017
          15          14   9.9410118768523782E-005
          15          15   4.3465111652668222E-005
          15          16  -1.1815336022733611E-004
          15          17   5.5604244324553792E-005
          15          18   9.2604496543631444E-006
          15          19  -1.1420246419233930E-004
          16           1   1.9269347981254663E-002
          16           2   2.1877342864939319E-002
          16           3  -1.0465817698940212E-016
          16           4  -1.3656127575578851E-016
          16           5  -1.8226462340127100E-016
          16           6  -6.7805891539271509E-002
          16           7   7.6856712221701958E-017
          16           8  -3.2689571267278058E-016
          16           9  -4.0232676153778421E-017
          16          10  -3.2577753640921192E-002
          16          11  -3.1713510611848028E-016
          16          12   4.8089931776664890E-016
          16          13   1.3269676499467919E-016
          16          14   4.0528405454323419E-003
          16          15  -1.1815336022733611E-004
          16          16   4.6443053049897882E-003
          16          17  -1.5115177032393745E-004
          16          18  -2.5173083140614996E-005
          16          19   4.6335645062349001E-003
          17           1  -8.8866482854470751E-004
          17           2  -1.4502800926193787E-003
          17           3  -2.0732424126503959E-017
          17           4  -1.9954541280237216E-016
          17           5  -3.7670033237911391E-017
          17           6   3.5545728224919393E-003
          17           7  -1.0639731419589436E-016
          17           8  -1.2176854027572621E-016
          17           9  -1.9644827094170024E-017
          17          10   5.8520265023053759E-003
          17          11   1.1453000468927499E-016
          17          12  -2.4984998501804086E-016
          17          13  -3.1121577160375980E-018
          17          14   1.2717381961363733E-004
          17          15   5.5604244324553792E-005
          17          16  -1.5115177032393745E-004
          17          17   7.1133648789670166E-005
          17          18   1.1846749854249277E-005
          17          19  -1.4609745020184421E-004
          18           1  -1.4800431352125716E-004
          18           2  -2.4153628411460989E-004
          18           3  -7.2593574733907633E-018
          18           4  -4.6636263053899892E-017
          18           5   2.2074049934224117E-017
          18           6   5.9198600544578734E-004
          18           7  -2.0874797754904359E-017
          18           8  -3.1389571070760646E-017
          18           9   2.0225305761649881E-017
          18          10   9.7460910188862349E-004
          18          11   1.7621999841884357E-017
          18          12  -4.6723600082491780E-017
          18          13   1.0295471628216219E-017
          18          14   2.1179855228831430E-005
          18          15   9.2604496543631444E-006
          18          16  -2.5173083140614996E-005
          18          17   1.1846749854249277E-005
          18          18   1.9729830326592532E-006
          18          19  -2.4331325869267315E-005
          19           1   1.9206271119454641E-002
          19           2   2.1774350994558149E-002
          19           3  -1.3642919650720061E-016
          19           4  -1.2025774234066594E-016
          19           5  -6.6528976956707235E-017
          19           6  -6.7553323095910819E-002
          19           7   4.4183004804237029E-017
          19           8  -3.1028205289901394E-016
          19           9   5.6521385597921451E-017
          19          10  -3.2161946246093975E-002
          19          11  -3.2055509840960279E-016
          19          12   4.7477460846465854E-016
          19          13   1.7764626526543880E-016
          19          14   4.0618758542172650E-003
          19          15  -1.1420246419233930E-004
          19          16   4.6335645062349001E-003
          19          17  -1.4609745020184421E-004
          19          18  -2.4331325869267315E-005
          19          19   4.6231828364342968E-003
