           1           1  0.32905749008020990     
           1           2  0.62279262432286209     
           1           3 -0.13053111574017850     
           1           4 -0.18570245124284282     
           1           5   4.1068916132248522E-002
           1           6   6.4123904854271524E-002
           1           7  -1.2446739827975103E-002
           1           8  -9.9707130832706152E-003
           1           9   1.0180022291006592E-010
           1          10   8.2791174155211677E-011
           1          11   2.8529054757156708E-011
           1          12   8.7207925299805163E-010
           1          13   6.9933416997311236E-010
           1          14   2.7943763444486857E-010
           1          15   1.1811695776445612E-010
           1          16   9.2516307090509923E-011
           1          17   2.1539453924862147E-011
           1          18   3.1516428897883918E-011
           1          19   6.6020612336662583E-012
           1          20   1.1994662702761648E-012
           1          21   2.4952298741202849E-013
           1          22  -7.0732149309165837E-012
           1          23   3.4795233413687871E-012
           1          24  -9.3195400199080200E-012
           1          25  -6.9003119549132404E-012
           1          26   8.4670830165292473E-013
           1          27   7.5364466666087830E-013
           1          28   4.3410904453930086E-013
           1          29   8.8660531307003520E-014
           1          30   5.3808122390461288E-004
           1          31   1.6888190133191206E-008
           1          32   5.3807961569904894E-004
           1          33  -2.4061449096895110E-009
           1          34  -2.8253622790865201E-009
           1          35   5.3809005880631070E-004
           1          36   3.6567263719080494E-004
           1          37   2.1946853805965270E-008
           1          38   3.6567055179224451E-004
           1          39  -3.1265988826281930E-009
           1          40  -3.6728291336620548E-009
           1          41   3.6568410626181317E-004
           2           1  0.62279262432286209     
           2           2   1.2141309557258642     
           2           3 -0.40231410052185201     
           2           4 -0.52728162219173635     
           2           5  0.11859006706533601     
           2           6  0.19470605076208364     
           2           7  -3.7696489043511035E-002
           2           8  -3.0327720313240193E-002
           2           9   2.4655619593067107E-010
           2          10   2.0045012058206066E-010
           2          11   1.5831811067943944E-010
           2          12   2.1336621129300941E-009
           2          13   1.7151061426359465E-009
           2          14   1.5400955705656447E-009
           2          15   3.4313656566718823E-010
           2          16   2.6847362613470457E-010
           2          17   1.2864505230933389E-010
           2          18   1.3953514108563240E-010
           2          19   5.3829663534639622E-011
           2          20   1.3166993329161056E-011
           2          21   2.1225827845765185E-011
           2          22  -5.5418064122315069E-012
           2          23   1.7998836911763248E-011
           2          24  -2.7962913674130251E-011
           2          25  -2.0700048255355181E-011
           2          26   2.3026650708785014E-012
           2          27   2.3337140788528159E-012
           2          28   1.3590147909936731E-012
           2          29   4.1804180246494838E-013
           2          30   4.2150581221515986E-003
           2          31   5.1531353239491548E-008
           2          32   4.2150532153992781E-003
           2          33  -7.3408648233076825E-009
           2          34  -8.6200869855217238E-009
           2          35   4.2150850761151232E-003
           2          36   1.0850384432837615E-003
           2          37   6.6597440158632918E-008
           2          38   1.0850321150512486E-003
           2          39  -9.4879793258770157E-009
           2          40  -1.1145488569948494E-008
           2          41   1.0850732474304791E-003
           3           1 -0.13053111574017850     
           3           2 -0.40231410052185201     
           3           3  0.73762460936749830     
           3           4  0.86648399909519513     
           3           5 -0.25108564186208138     
           3           6 -0.41445987089109865     
           3           7   8.7416874297339797E-002
           3           8   6.9493910632795558E-002
           3           9  -8.0243745918650853E-010
           3          10  -6.3814084632190159E-010
           3          11   1.3934589721364402E-011
           3          12  -7.5729030147695794E-009
           3          13  -6.0077153061897795E-009
           3          14   1.3616289537289348E-010
           3          15  -8.9650910920397546E-010
           3          16  -7.4122648843547019E-010
           3          17  -2.3925840494827059E-011
           3          18  -1.0221443298335142E-010
           3          19  -4.9828711256311538E-011
           3          20  -1.0585912978955208E-010
           3          21   2.2095708966010019E-011
           3          22   2.5721103734262668E-011
           3          23  -5.7882004759001160E-011
           3          24   6.8889943248281512E-011
           3          25   4.9697875914771816E-011
           3          26  -8.1125291766576202E-012
           3          27  -6.4431581463501874E-012
           3          28  -3.8188771536676889E-012
           3          29  -1.2517146453160486E-013
           3          30  -1.4774919322361664E-002
           3          31  -1.1694222026641933E-007
           3          32  -1.4774908191047055E-002
           3          33   1.6653026088739141E-008
           3          34   1.9556829254229246E-008
           3          35  -1.4774980462262501E-002
           3          36  -2.4931998711521402E-003
           3          37  -1.5427309932362618E-007
           3          38  -2.4931852150254577E-003
           3          39   2.1972801703074272E-008
           3          40   2.5812769455051487E-008
           3          41  -2.4932804663031832E-003
           4           1 -0.18570245124284282     
           4           2 -0.52728162219173635     
           4           3  0.86648399909519513     
           4           4   1.0754978273392171     
           4           5 -0.47552603875775967     
           4           6 -0.69861298081184720     
           4           7  0.15330831095036279     
           4           8  0.12024051915332626     
           4           9  -9.4892340375249318E-010
           4          10  -7.5261707189798991E-010
           4          11   4.5978414286331079E-010
           4          12  -8.9502728804199583E-009
           4          13  -7.0870328249368052E-009
           4          14   4.4466358965413823E-009
           4          15  -1.1510070742123394E-009
           4          16  -8.8868183782685260E-010
           4          17   4.5135300204294035E-010
           4          18  -1.7476991060728749E-010
           4          19   4.6145234015900808E-011
           4          20   9.8691843021925102E-011
           4          21   6.0407420961022454E-011
           4          22   1.2426295077234640E-010
           4          23   4.4514106516436588E-011
           4          24   1.1647078275534428E-010
           4          25   8.4595539260843019E-011
           4          26  -1.3030632699996464E-011
           4          27  -9.9830015370023073E-012
           4          28  -5.4943109701035448E-012
           4          29   5.4814673930913283E-013
           4          30  -1.8824683021072146E-002
           4          31  -2.0410625916132063E-007
           4          32  -1.8824663599936176E-002
           4          33   2.9051981811252739E-008
           4          34   3.4121736304505580E-008
           4          35  -1.8824789675712817E-002
           4          36  -4.9569592645190112E-003
           4          37  -2.6825274313365146E-007
           4          38  -4.9569337810325227E-003
           4          39   3.8205467650673389E-008
           4          40   4.4882474377167297E-008
           4          41  -4.9570993969984762E-003
           5           1   4.1068916132248522E-002
           5           2  0.11859006706533601     
           5           3 -0.25108564186208138     
           5           4 -0.47552603875775967     
           5           5  0.69084895007708591     
           5           6  0.86217181814311239     
           5           7 -0.23653426078119322     
           5           8 -0.17875888198263135     
           5           9   2.6266044307444655E-009
           5          10   2.0587320121490116E-009
           5          11  -2.4705474003018187E-009
           5          12   2.5375463100352797E-008
           5          13   1.9872111907458236E-008
           5          14  -2.3942323088703544E-008
           5          15   2.7436381211087435E-009
           5          16   2.3337807157216503E-009
           5          17  -2.0659743867463826E-009
           5          18   6.1849419818681565E-010
           5          19   7.2550709658818232E-010
           5          20  -2.2306735288542771E-011
           5          21   1.4497860721362439E-010
           5          22   2.2142751564616022E-010
           5          23  -9.2998005198219559E-011
           5          24  -1.7253382596234144E-010
           5          25  -1.1715421084434088E-010
           5          26   2.9932244445345418E-011
           5          27   1.6286716585231382E-011
           5          28   8.3846274699042275E-012
           5          29  -4.6648749246892310E-012
           5          30   1.0196209200893942E-002
           5          31   2.9251816498896389E-007
           5          32   1.0196181379513752E-002
           5          33  -4.1626711583068116E-008
           5          34  -4.8895796583093316E-008
           5          35   1.0196361989890816E-002
           5          36   7.6719086388865173E-003
           5          37   4.1146526468660617E-007
           5          38   7.6718695717126716E-003
           5          39  -5.8559290903786678E-008
           5          40  -6.8803397662693188E-008
           5          41   7.6721233887908167E-003
           6           1   6.4123904854271524E-002
           6           2  0.19470605076208364     
           6           3 -0.41445987089109865     
           6           4 -0.69861298081184720     
           6           5  0.86217181814311239     
           6           6   1.1470752240046191     
           6           7 -0.51138251818804981     
           6           8 -0.37300262232980486     
           6           9   1.8886576468323533E-009
           6          10   1.5133309444841662E-009
           6          11  -1.5374093363987260E-009
           6          12   1.8318382118256313E-008
           6          13   1.4686579458216534E-008
           6          14  -1.4897301799183642E-008
           6          15   8.3405208898766580E-010
           6          16   5.7794092068194707E-010
           6          17  -1.3067484963152249E-009
           6          18  -2.2039981855038410E-009
           6          19  -2.1177021207218497E-009
           6          20  -2.1968452093224122E-011
           6          21  -1.2929903003221147E-009
           6          22  -1.1702304138926731E-009
           6          23  -4.5009880410797231E-011
           6          24  -3.6930855202405201E-010
           6          25  -2.6078372450229349E-010
           6          26   4.1487799441467036E-011
           6          27   2.5834191837251005E-011
           6          28   1.1589785870713442E-011
           6          29  -2.2154879886426191E-012
           6          30   1.1490817601650485E-002
           6          31   5.3354118163998447E-007
           6          32   1.1490766834532127E-002
           6          33  -7.6043260037662266E-008
           6          34  -8.9299622229261158E-008
           6          35   1.1491096643389735E-002
           6          36   9.5879695258028301E-003
           6          37   9.0569995613048025E-007
           6          38   9.5878836262692467E-003
           6          39  -1.2870271594991117E-007
           6          40  -1.5126349218354426E-007
           6          41   9.5884413636637376E-003
           7           1  -1.2446739827975103E-002
           7           2  -3.7696489043511035E-002
           7           3   8.7416874297339797E-002
           7           4  0.15330831095036279     
           7           5 -0.23653426078119322     
           7           6 -0.51138251818804981     
           7           7  0.92583840142622331     
           7           8  0.64489668359090646     
           7           9  -1.0014985509557398E-012
           7          10  -3.1530479587343562E-010
           7          11   5.1961745895541458E-010
           7          12   1.9176542988184931E-010
           7          13  -2.9361785911525015E-009
           7          14   4.9922618382448851E-009
           7          15  -1.9835181220157156E-009
           7          16  -1.4220256768845614E-009
           7          17   8.8091564532079742E-010
           7          18  -3.9696268629093176E-009
           7          19  -2.2506492764841035E-009
           7          20   9.2789238903133561E-010
           7          21  -1.3629298025599674E-009
           7          22  -7.5563729786110187E-010
           7          23   4.2818700758760195E-010
           7          24   5.0432808342903957E-010
           7          25   3.4528168837716971E-010
           7          26  -4.6137471021219408E-011
           7          27  -2.8492123074928661E-011
           7          28  -7.6783551949586057E-012
           7          29  -8.1451191155562452E-013
           7          30   8.2104539370410432E-003
           7          31  -7.5265136131032626E-007
           7          32   8.2105256026340154E-003
           7          33   1.0756007945808999E-007
           7          34   1.2625639829692992E-007
           7          35   8.2100594323648891E-003
           7          36  -2.8572693506428541E-003
           7          37  -1.6721497669302183E-006
           7          38  -2.8571109566168243E-003
           7          39   2.3720372803545172E-007
           7          40   2.7888167213984471E-007
           7          41  -2.8581386581772641E-003
           8           1  -9.9707130832706152E-003
           8           2  -3.0327720313240193E-002
           8           3   6.9493910632795558E-002
           8           4  0.12024051915332626     
           8           5 -0.17875888198263135     
           8           6 -0.37300262232980486     
           8           7  0.64489668359090646     
           8           8  0.44953573531235713     
           8           9  -5.1929710069342766E-011
           8          10   9.0317406682709583E-011
           8          11  -2.0274976954477899E-010
           8          12  -5.8676097187197117E-010
           8          13   8.2818066298107566E-010
           8          14  -1.9657782018126460E-009
           8          15   8.8759091041092363E-010
           8          16   6.1690459079873706E-010
           8          17  -1.5744456963518617E-010
           8          18   1.9891831544958488E-009
           8          19   1.2215485401446343E-009
           8          20   1.3280546287932411E-011
           8          21   1.1729315628494208E-009
           8          22   7.3467672552949070E-010
           8          23  -9.6393692146435763E-012
           8          24   4.0720610360759969E-010
           8          25   2.7158408155125263E-010
           8          26  -3.6465637728311875E-011
           8          27  -2.2438563161920989E-011
           8          28  -6.1557175749461850E-012
           8          29  -1.4532962210853590E-012
           8          30   5.3844090002300995E-003
           8          31  -5.2671052084566204E-007
           8          32   5.3844591513254958E-003
           8          33   7.5266688550956830E-008
           8          34   8.8350595835675196E-008
           8          35   5.3841329377077923E-003
           8          36  -2.1428148537885995E-003
           8          37  -1.1647210634556596E-006
           8          38  -2.1427045241898621E-003
           8          39   1.6522553735305213E-007
           8          40   1.9425573716386344E-007
           8          41  -2.1434203774255796E-003
           9           1   1.0180022291006592E-010
           9           2   2.4655619593067107E-010
           9           3  -8.0243745918650853E-010
           9           4  -9.4892340375249318E-010
           9           5   2.6266044307444655E-009
           9           6   1.8886576468323533E-009
           9           7  -1.0014985509557398E-012
           9           8  -5.1929710069342766E-011
           9           9   1.9921636678909539E-002
           9          10   3.1654534592491650E-010
           9          11  -4.1535062483530959E-011
           9          12  0.19494608802941799     
           9          13   3.5778503233030519E-009
           9          14  -5.7670222007725686E-010
           9          15  -2.7463164419576627E-003
           9          16  -3.2053103465715184E-009
           9          17   7.2854850738453856E-010
           9          18  -3.9143238223374857E-002
           9          19  -1.0946979997831932E-008
           9          20   1.0852831993828409E-009
           9          21  -1.6586938286984092E-002
           9          22   7.5407455722376211E-009
           9          23  -5.2589691739029391E-010
           9          24  -5.6160102822163478E-004
           9          25   1.9461182350727600E-009
           9          26  -5.7044752457194424E-010
           9          27   6.2219690128233079E-005
           9          28  -3.3868925189214584E-010
           9          29  -1.0384698226690687E-010
           9          30  -1.6013178143376904E-009
           9          31   2.7580017864794268E-010
           9          32  -1.7430546495608688E-009
           9          33   1.9538773112192006E-010
           9          34  -2.5795995582916736E-012
           9          35  -1.4155893972980723E-009
           9          36  -1.1966274958707136E-010
           9          37  -2.5971879723314769E-010
           9          38  -3.2848994249831888E-010
           9          39  -3.2950845167124652E-010
           9          40   1.4979522318412661E-010
           9          41  -1.3280733538239893E-010
          10           1   8.2791174155211677E-011
          10           2   2.0045012058206066E-010
          10           3  -6.3814084632190159E-010
          10           4  -7.5261707189798991E-010
          10           5   2.0587320121490116E-009
          10           6   1.5133309444841662E-009
          10           7  -3.1530479587343562E-010
          10           8   9.0317406682709583E-011
          10           9   3.1654534592491650E-010
          10          10   1.9921636599285135E-002
          10          11  -1.2967658259980424E-011
          10          12   3.6391913935471129E-009
          10          13  0.19494608712470290     
          10          14  -3.1218699808210297E-010
          10          15  -4.0377798643702610E-009
          10          16  -2.7463151997739257E-003
          10          17   8.2392505464806739E-010
          10          18  -1.0255577876512046E-008
          10          19  -3.9143237804813324E-002
          10          20   1.4183221817616237E-009
          10          21   7.4586794934775580E-009
          10          22  -1.6586939028061954E-002
          10          23  -7.7767724332149190E-010
          10          24   1.8074814494667924E-009
          10          25  -5.6160116597324438E-004
          10          26  -5.2488521653217271E-010
          10          27  -9.0074694415319179E-011
          10          28   6.2219565210902219E-005
          10          29  -1.0810944388284136E-010
          10          30  -1.2421140579345427E-009
          10          31   2.0963962411307694E-010
          10          32  -1.3437060647253019E-009
          10          33   1.5541942225694177E-010
          10          34   1.6879071951400740E-011
          10          35  -1.0749006054328717E-009
          10          36   5.9305614057359484E-012
          10          37  -2.5142527538980087E-010
          10          38  -2.3972404286777333E-010
          10          39  -3.2929203932987761E-010
          10          40   1.6019768409826886E-010
          10          41  -7.7567997659237536E-012
          11           1   2.8529054757156708E-011
          11           2   1.5831811067943944E-010
          11           3   1.3934589721364402E-011
          11           4   4.5978414286331079E-010
          11           5  -2.4705474003018187E-009
          11           6  -1.5374093363987260E-009
          11           7   5.1961745895541458E-010
          11           8  -2.0274976954477899E-010
          11           9  -4.1535062483530959E-011
          11          10  -1.2967658259980424E-011
          11          11   1.9921636895686518E-002
          11          12  -4.8824680691712174E-010
          11          13  -3.7186732481627435E-010
          11          14  0.19494609016572020     
          11          15   5.7135613616390457E-010
          11          16   1.3692723144907498E-010
          11          17  -2.7463181466247603E-003
          11          18   1.4467233561582240E-009
          11          19   2.0316926548266552E-009
          11          20  -3.9143244791807683E-002
          11          21  -1.1878202964001507E-009
          11          22  -1.5449186523991047E-009
          11          23  -1.6586934141151706E-002
          11          24   4.5845790633505230E-011
          11          25   2.8013267438300305E-011
          11          26  -5.6159974090951535E-004
          11          27  -1.0777997383258760E-010
          11          28  -1.0391825224097771E-010
          11          29   6.2219609422140568E-005
          11          30   1.5941853357700446E-009
          11          31  -1.4341399990878590E-010
          11          32   1.6609676126237203E-009
          11          33  -1.5614483285384567E-010
          11          34  -1.3076349308304212E-011
          11          35   1.2987522980918277E-009
          11          36  -3.0935772436763625E-010
          11          37   3.2903775592006449E-011
          11          38   1.2539613993727647E-010
          11          39   2.7018456021580924E-010
          11          40  -9.6081063294714273E-011
          11          41   1.9650526021309864E-010
          12           1   8.7207925299805163E-010
          12           2   2.1336621129300941E-009
          12           3  -7.5729030147695794E-009
          12           4  -8.9502728804199583E-009
          12           5   2.5375463100352797E-008
          12           6   1.8318382118256313E-008
          12           7   1.9176542988184931E-010
          12           8  -5.8676097187197117E-010
          12           9  0.19494608802941799     
          12          10   3.6391913935471129E-009
          12          11  -4.8824680691712174E-010
          12          12   1.9091937840754243     
          12          13   4.0873931309034452E-008
          12          14  -6.5147348327633640E-009
          12          15  -4.2479138309855814E-002
          12          16  -3.6699402745936235E-008
          12          17   7.8453756998956668E-009
          12          18 -0.41504958583718088     
          12          19  -1.1903748871335345E-007
          12          20   1.2280556078566521E-008
          12          21 -0.17659562881954322     
          12          22   7.8507621556503696E-008
          12          23  -5.8414134833477660E-009
          12          24  -5.8663572106642300E-003
          12          25   2.0784181319645754E-008
          12          26  -5.8056787121008262E-009
          12          27   6.2507224408039897E-004
          12          28  -3.6044546253217453E-009
          12          29  -9.6980970803233268E-010
          12          30  -1.5595151177870206E-008
          12          31   2.6578561917552330E-009
          12          32  -1.6947746743535668E-008
          12          33   1.8844035168492448E-009
          12          34  -2.5503866763280973E-011
          12          35  -1.3746892349380369E-008
          12          36  -1.1986313945157479E-009
          12          37  -2.5253486071201153E-009
          12          38  -3.2425659014458383E-009
          12          39  -3.1857395623263440E-009
          12          40   1.4505122567183966E-009
          12          41  -1.3253796647319487E-009
          13           1   6.9933416997311236E-010
          13           2   1.7151061426359465E-009
          13           3  -6.0077153061897795E-009
          13           4  -7.0870328249368052E-009
          13           5   1.9872111907458236E-008
          13           6   1.4686579458216534E-008
          13           7  -2.9361785911525015E-009
          13           8   8.2818066298107566E-010
          13           9   3.5778503233030519E-009
          13          10  0.19494608712470290     
          13          11  -3.7186732481627435E-010
          13          12   4.0873931309034452E-008
          13          13   1.9091937739349825     
          13          14  -5.5219114383059165E-009
          13          15  -4.4785184977205731E-008
          13          16  -4.2479125653662832E-002
          13          17   8.8032804528124178E-009
          13          18  -1.1224062645977239E-007
          13          19 -0.41504958027502670     
          13          20   1.5836621177642489E-008
          13          21   7.7738306243649295E-008
          13          22 -0.17659563654072580     
          13          23  -8.3921524137499145E-009
          13          24   1.9428953061890179E-008
          13          25  -5.8663587323820772E-003
          13          26  -5.4100885870364704E-009
          13          27  -1.1644874087772296E-009
          13          28   6.2507103635832634E-004
          13          29  -1.0076819181587777E-009
          13          30  -1.2061486809563936E-008
          13          31   2.0163131456308996E-009
          13          32  -1.3079870367806488E-008
          13          33   1.5092523556946778E-009
          13          34   1.6960062458487724E-010
          13          35  -1.0431270883362249E-008
          13          36   3.1055611976341466E-011
          13          37  -2.4523809203577450E-009
          13          38  -2.3644924466982940E-009
          13          39  -3.1884148921352644E-009
          13          40   1.5441265257581876E-009
          13          41  -9.8137589888055633E-011
          14           1   2.7943763444486857E-010
          14           2   1.5400955705656447E-009
          14           3   1.3616289537289348E-010
          14           4   4.4466358965413823E-009
          14           5  -2.3942323088703544E-008
          14           6  -1.4897301799183642E-008
          14           7   4.9922618382448851E-009
          14           8  -1.9657782018126460E-009
          14           9  -5.7670222007725686E-010
          14          10  -3.1218699808210297E-010
          14          11  0.19494609016572020     
          14          12  -6.5147348327633640E-009
          14          13  -5.5219114383059165E-009
          14          14   1.9091938055071571     
          14          15   6.2774596274222332E-009
          14          16   2.1878109007680740E-009
          14          17  -4.2479158365699016E-002
          14          18   1.5901202146244840E-008
          14          19   2.1815141615033292E-008
          14          20 -0.41504965705350139     
          14          21  -1.2269047232274514E-008
          14          22  -1.5839927414102088E-008
          14          23 -0.17659558541808296     
          14          24   2.1081905043209641E-010
          14          25  -7.2059168239250197E-011
          14          26  -5.8663435940824078E-003
          14          27  -1.0280047261877267E-009
          14          28  -9.6120791945470359E-010
          14          29   6.2507128387537258E-004
          14          30   1.5440492084030025E-008
          14          31  -1.3830369549041844E-009
          14          32   1.6110114378201114E-008
          14          33  -1.5202570351346580E-009
          14          34  -1.3429280792315275E-010
          14          35   1.2596506192841865E-008
          14          36  -3.0069624735107751E-009
          14          37   3.1155795055141015E-010
          14          38   1.2298248249728415E-009
          14          39   2.6222459003237565E-009
          14          40  -9.4552530460485046E-010
          14          41   1.9305627917181152E-009
          15           1   1.1811695776445612E-010
          15           2   3.4313656566718823E-010
          15           3  -8.9650910920397546E-010
          15           4  -1.1510070742123394E-009
          15           5   2.7436381211087435E-009
          15           6   8.3405208898766580E-010
          15           7  -1.9835181220157156E-009
          15           8   8.8759091041092363E-010
          15           9  -2.7463164419576627E-003
          15          10  -4.0377798643702610E-009
          15          11   5.7135613616390457E-010
          15          12  -4.2479138309855814E-002
          15          13  -4.4785184977205731E-008
          15          14   6.2774596274222332E-009
          15          15  0.16054355472877055     
          15          16   4.9145906767833632E-008
          15          17  -6.7501309465008395E-009
          15          18  0.33392067126939345     
          15          19   1.0878032018216597E-007
          15          20  -1.5295047841985601E-008
          15          21  0.14887303794511414     
          15          22  -5.6080763900856357E-008
          15          23   8.0417079471231739E-009
          15          24   3.8825452560129229E-003
          15          25  -1.8311569347349084E-008
          15          26   2.3958706083407257E-009
          15          27  -1.7497983449308566E-004
          15          28   3.0358263288745367E-009
          15          29  -4.6347170842640657E-010
          15          30  -5.7541909897278859E-010
          15          31   3.8307804970602092E-010
          15          32  -9.0886724118744496E-010
          15          33   2.5626200763479735E-010
          15          34   3.0314277428462642E-012
          15          35  -9.1701033093855256E-010
          15          36   2.9839604659777497E-010
          15          37  -1.3013387813858695E-010
          15          38   3.3155241280880617E-010
          15          39  -3.5192759669986813E-010
          15          40   1.3670207585969446E-010
          15          41   2.8091648755891389E-010
          16           1   9.2516307090509923E-011
          16           2   2.6847362613470457E-010
          16           3  -7.4122648843547019E-010
          16           4  -8.8868183782685260E-010
          16           5   2.3337807157216503E-009
          16           6   5.7794092068194707E-010
          16           7  -1.4220256768845614E-009
          16           8   6.1690459079873706E-010
          16           9  -3.2053103465715184E-009
          16          10  -2.7463151997739257E-003
          16          11   1.3692723144907498E-010
          16          12  -3.6699402745936235E-008
          16          13  -4.2479125653662832E-002
          16          14   2.1878109007680740E-009
          16          15   4.9145906767833632E-008
          16          16  0.16054355065467668     
          16          17  -8.4782980593880481E-009
          16          18   1.0906278301307007E-007
          16          19  0.33392065879274346     
          16          20  -1.7848965248104945E-008
          16          21  -5.6096214003851998E-008
          16          22  0.14887304403494361     
          16          23   9.1169771445878995E-009
          16          24  -1.8300091944109551E-008
          16          25   3.8825470889298731E-003
          16          26   2.9232274539938526E-009
          16          27   2.9286229114822197E-009
          16          28  -1.7497996934710849E-004
          16          29  -5.0703914654151741E-010
          16          30  -8.1149570500180898E-010
          16          31   3.3183929437539321E-010
          16          32  -5.4869372676811618E-010
          16          33   9.7913224895036268E-011
          16          34  -4.7776637910987689E-011
          16          35  -7.7218591865518405E-010
          16          36   2.7472816084715973E-010
          16          37  -4.7218542815914107E-011
          16          38   2.2298309115989933E-010
          16          39  -3.0276185488250415E-010
          16          40   2.1923243536137256E-010
          16          41   2.2790150661692783E-010
          17           1   2.1539453924862147E-011
          17           2   1.2864505230933389E-010
          17           3  -2.3925840494827059E-011
          17           4   4.5135300204294035E-010
          17           5  -2.0659743867463826E-009
          17           6  -1.3067484963152249E-009
          17           7   8.8091564532079742E-010
          17           8  -1.5744456963518617E-010
          17           9   7.2854850738453856E-010
          17          10   8.2392505464806739E-010
          17          11  -2.7463181466247603E-003
          17          12   7.8453756998956668E-009
          17          13   8.8032804528124178E-009
          17          14  -4.2479158365699016E-002
          17          15  -6.7501309465008395E-009
          17          16  -8.4782980593880481E-009
          17          17  0.16054358440742916     
          17          18  -1.5610872556233016E-008
          17          19  -1.7812551448391252E-008
          17          20  0.33392073531320576     
          17          21   7.8543205633012967E-009
          17          22   8.6078089388380425E-009
          17          23  0.14887300462980421     
          17          24   2.4689472208591758E-009
          17          25   3.5820406022899618E-009
          17          26   3.8825345299551102E-003
          17          27  -2.6254519018115872E-010
          17          28  -5.6083595389742095E-010
          17          29  -1.7497807307327844E-004
          17          30   1.4189418394584285E-009
          17          31  -1.8922003293421581E-010
          17          32   1.2443377852740392E-009
          17          33  -5.7722084424532041E-011
          17          34   6.6797014595515085E-011
          17          35   9.7708879488785508E-010
          17          36  -1.6585507426309221E-010
          17          37   1.0248284738359790E-010
          17          38  -4.5553654798513799E-011
          17          39   1.8532161859326658E-010
          17          40   6.7747493723710017E-011
          17          41  -1.0553989498066781E-010
          18           1   3.1516428897883918E-011
          18           2   1.3953514108563240E-010
          18           3  -1.0221443298335142E-010
          18           4  -1.7476991060728749E-010
          18           5   6.1849419818681565E-010
          18           6  -2.2039981855038410E-009
          18           7  -3.9696268629093176E-009
          18           8   1.9891831544958488E-009
          18           9  -3.9143238223374857E-002
          18          10  -1.0255577876512046E-008
          18          11   1.4467233561582240E-009
          18          12 -0.41504958583718088     
          18          13  -1.1224062645977239E-007
          18          14   1.5901202146244840E-008
          18          15  0.33392067126939345     
          18          16   1.0906278301307007E-007
          18          17  -1.5610872556233016E-008
          18          18  0.75076860712977700     
          18          19   2.4983996077535430E-007
          18          20  -3.4650199428918046E-008
          18          21  0.33326377793455775     
          18          22  -1.2407356173034307E-007
          18          23   1.6741655103040391E-008
          18          24   8.9084022428091297E-003
          18          25  -4.0728987598702474E-008
          18          26   5.8563263456477299E-009
          18          27  -4.6357173263942463E-004
          18          28   6.7893161844193785E-009
          18          29  -7.7486842911345188E-010
          18          30   1.4999770039259881E-009
          18          31   3.2183999937132179E-010
          18          32   1.0544342119081663E-009
          18          33   1.9697346902622860E-010
          18          34   1.0555975366753657E-011
          18          35   4.8690757450630033E-010
          18          36   8.0688439577805285E-010
          18          37   1.6995464946480846E-010
          18          38   1.2261601076742869E-009
          18          39  -1.6759755770757355E-010
          18          40   2.8427183758480188E-011
          18          41   7.9314591605744660E-010
          19           1   6.6020612336662583E-012
          19           2   5.3829663534639622E-011
          19           3  -4.9828711256311538E-011
          19           4   4.6145234015900808E-011
          19           5   7.2550709658818232E-010
          19           6  -2.1177021207218497E-009
          19           7  -2.2506492764841035E-009
          19           8   1.2215485401446343E-009
          19           9  -1.0946979997831932E-008
          19          10  -3.9143237804813324E-002
          19          11   2.0316926548266552E-009
          19          12  -1.1903748871335345E-007
          19          13 -0.41504958027502670     
          19          14   2.1815141615033292E-008
          19          15   1.0878032018216597E-007
          19          16  0.33392065879274346     
          19          17  -1.7812551448391252E-008
          19          18   2.4983996077535430E-007
          19          19  0.75076858047620532     
          19          20  -3.9928631834942317E-008
          19          21  -1.2381260217079568E-007
          19          22  0.33326379141262696     
          19          23   1.9669919352389146E-008
          19          24  -4.0452452830278181E-008
          19          25   8.9084062421960902E-003
          19          26   6.8590630409895777E-009
          19          27   6.1458298374783852E-009
          19          28  -4.6357180374482316E-004
          19          29  -8.5407213228716257E-010
          19          30   4.1180924158727199E-010
          19          31   3.2802782669397132E-010
          19          32   1.1217467697078678E-009
          19          33  -6.0594686049678708E-011
          19          34  -1.2639075738616757E-010
          19          35   2.1117356395344774E-010
          19          36   5.4698827701657334E-010
          19          37   3.2607488321642514E-010
          19          38   8.5406581773759673E-010
          19          39  -6.7114174931881031E-011
          19          40   1.8021255572667269E-010
          19          41   4.7396655900918719E-010
          20           1   1.1994662702761648E-012
          20           2   1.3166993329161056E-011
          20           3  -1.0585912978955208E-010
          20           4   9.8691843021925102E-011
          20           5  -2.2306735288542771E-011
