           1           1  0.38719729564618766     
           1           2  0.65164312456141160     
           1           3 -0.21107159649282337     
           1           4 -0.15761540815749769     
           1           5   8.7405554034289859E-002
           1           6   2.9337937894025161E-002
           1           7   4.9967608477803981E-015
           1           8  -2.0029927687294245E-015
           1           9  -5.6874741736294364E-015
           1          10   3.0503553627938248E-015
           1          11  -1.6233555050491808E-015
           1          12  -6.9164541392970696E-015
           1          13  -3.5636372934284875E-015
           1          14  -3.0580780246016285E-016
           1          15   2.4696833188350111E-015
           1          16   5.2366292715398480E-015
           1          17   8.3637908058916408E-016
           1          18   8.4258713978317869E-016
           1          19  -4.2479398796517930E-015
           1          20   3.9658421742639223E-016
           1          21  -1.4058990082316381E-015
           1          22  -3.8188437175747667E-003
           1          23  -2.8010866809106758E-015
           1          24  -3.8188437175733199E-003
           1          25   4.6011078412203997E-016
           1          26  -1.8532838480884623E-015
           1          27  -3.8188437175741075E-003
           2           1  0.65164312456141160     
           2           2   1.1401309921428107     
           2           3 -0.56872775435280531     
           2           4 -0.42582800250235986     
           2           5  0.25798882016188085     
           2           6   8.4435635345654611E-002
           2           7   8.3031577184192452E-015
           2           8  -2.2373708311693949E-015
           2           9  -9.1661828735951701E-015
           2          10   4.7658364850527046E-015
           2          11  -2.0286203670493006E-015
           2          12  -1.0953630269976586E-014
           2          13  -6.1461836362360758E-015
           2          14  -5.6007979670614606E-016
           2          15   4.1782457186279125E-015
           2          16   8.8720938634199166E-015
           2          17   9.9962093781812560E-016
           2          18   1.4906820889839290E-015
           2          19  -6.8158446423263160E-015
           2          20   6.0496227456684363E-016
           2          21  -1.9974455104798232E-015
           2          22  -1.2761155499949753E-002
           2          23  -4.6190187939667532E-015
           2          24  -1.2761155499946662E-002
           2          25   8.3145409952694357E-016
           2          26  -2.9943773542221824E-015
           2          27  -1.2761155499948228E-002
           3           1 -0.21107159649282337     
           3           2 -0.56872775435280531     
           3           3   1.1989046034165312     
           3           4  0.88748847225553906     
           3           5 -0.79714368106554945     
           3           6 -0.22019368697837527     
           3           7  -7.7847460409893888E-014
           3           8   1.2522028563249543E-014
           3           9   1.1254541221205546E-014
           3          10  -1.9659082515195758E-014
           3          11   2.0379315242310603E-015
           3          12   3.1607055293850167E-015
           3          13   1.0849599944514142E-014
           3          14  -1.1249120319081926E-015
           3          15  -2.3412604572885104E-015
           3          16  -8.7520471956321746E-015
           3          17   2.4868787159263989E-015
           3          18  -4.1935561523783907E-016
           3          19   2.3358224864964724E-015
           3          20   4.5314648253704091E-017
           3          21  -1.1510555074911981E-015
           3          22   4.9930261713179082E-002
           3          23   1.1327328744922572E-015
           3          24   4.9930261713174086E-002
           3          25  -7.0498812764056859E-016
           3          26   5.2294461842018399E-016
           3          27   4.9930261713177514E-002
           4           1 -0.15761540815749769     
           4           2 -0.42582800250235986     
           4           3  0.88748847225553906     
           4           4  0.71002219121101340     
           4           5 -0.69985994594354017     
           4           6 -0.23426296140556607     
           4           7   1.4402484544444777E-013
           4           8  -2.7991625780238646E-014
           4           9  -2.8130656659937482E-014
           4          10   3.7639403879448161E-014
           4          11  -7.8963715862135685E-015
           4          12  -7.2547601299273179E-015
           4          13  -1.5215020472912291E-014
           4          14   3.1001695193963255E-015
           4          15   1.4164718200756874E-015
           4          16   8.3993766477880634E-015
           4          17  -1.8279435205050836E-015
           4          18  -3.5106762218357219E-015
           4          19  -2.2764664499116341E-015
           4          20   9.5987709593451289E-017
           4          21  -5.0120566672064241E-016
           4          22   3.6550117411995084E-002
           4          23   3.7890879460177429E-016
           4          24   3.6550117411991517E-002
           4          25  -4.2488670596952769E-016
           4          26   2.2808366755984410E-016
           4          27   3.6550117411993710E-002
           5           1   8.7405554034289859E-002
           5           2  0.25798882016188085     
           5           3 -0.79714368106554945     
           5           4 -0.69985994594354017     
           5           5   2.3489970794156734     
           5           6  0.57338456309559027     
           5           7  -4.2941894012731203E-014
           5           8  -9.0052133832861496E-015
           5           9   2.1285423332679438E-014
           5          10  -1.1340438255983608E-014
           5          11  -2.6629354207093515E-015
           5          12   5.5901835345910101E-015
           5          13   7.5549790132579905E-015
           5          14  -3.4595497822469114E-015
           5          15  -1.7871600712787984E-015
           5          16  -4.7081314337676060E-015
           5          17  -5.4459038174366015E-016
           5          18   2.9018149806171263E-015
           5          19   4.5590354075969694E-016
           5          20   9.9695615189288124E-016
           5          21   5.2351449970747054E-017
           5          22 -0.15835747807372655     
           5          23   1.4327956160079784E-015
           5          24 -0.15835747807371728     
           5          25   1.3210775201288756E-015
           5          26   3.9068981182728445E-016
           5          27 -0.15835747807373082     
           6           1   2.9337937894025161E-002
           6           2   8.4435635345654611E-002
           6           3 -0.22019368697837527     
           6           4 -0.23426296140556607     
           6           5  0.57338456309559027     
           6           6  0.24085249032051509     
           6           7  -1.8734050651255703E-014
           6           8  -4.0036946169678878E-015
           6           9   1.2855200784634265E-014
           6          10  -4.8142434809778137E-015
           6          11  -1.2741496578363136E-015
           6          12   3.4244009483269191E-015
           6          13   4.2860030974496995E-015
           6          14  -5.4405972292747219E-015
           6          15   1.0270616932297976E-015
           6          16  -1.4573955101860943E-015
           6          17  -3.4618680407493653E-015
           6          18   1.4817299506911811E-015
           6          19   1.2207899057197223E-015
           6          20  -1.4549001324778557E-015
           6          21  -5.2092395921125453E-016
           6          22  -1.9835535485497494E-002
           6          23   3.5826393531010532E-016
           6          24  -1.9835535485495413E-002
           6          25   2.6144751384656110E-016
           6          26  -1.1892428161769449E-017
           6          27  -1.9835535485497258E-002
           7           1   4.9967608477803981E-015
           7           2   8.3031577184192452E-015
           7           3  -7.7847460409893888E-014
           7           4   1.4402484544444777E-013
           7           5  -4.2941894012731203E-014
           7           6  -1.8734050651255703E-014
           7           7   3.5386565869799118     
           7           8  -8.6347358084143053E-003
           7           9  -5.7327986219813137E-002
           7          10  0.90941909609404514     
           7          11  -1.9461418177956278E-003
           7          12  -1.2920880706554585E-002
           7          13 -0.61110575493161323     
           7          14   9.1750495005373280E-003
           7          15   6.0915252418031390E-002
           7          16  -1.0718800926794426E-002
           7          17   1.2175256849527404E-002
           7          18   8.0834315302023341E-002
           7          19 -0.11157863300959164     
           7          20   6.9864670661754190E-003
           7          21   4.6384752999896972E-002
           7          22   1.2527356849809032E-014
           7          23   2.0915547259737093E-015
           7          24   5.6376814227807910E-015
           7          25  -4.8522811819768908E-014
           7          26  -1.4119745585831663E-014
           7          27  -4.2184770202799001E-014
           8           1  -2.0029927687294245E-015
           8           2  -2.2373708311693949E-015
           8           3   1.2522028563249543E-014
           8           4  -2.7991625780238646E-014
           8           5  -9.0052133832861496E-015
           8           6  -4.0036946169678878E-015
           8           7  -8.6347358084143053E-003
           8           8   3.6414412638705849     
           8           9  -4.7824930307687058E-003
           8          10  -1.9461418177888806E-003
           8          11  0.93258524296474243     
           8          12  -1.0779032372311894E-003
           8          13   9.1750495005864657E-003
           8          14 -0.72032212463776824     
           8          15   5.0817548176125549E-003
           8          16   1.2175256849523381E-002
           8          17 -0.15564852073467211     
           8          18   6.7434699013628682E-003
           8          19   6.9864670661889542E-003
           8          20 -0.19474293310296981     
           8          21   3.8695717847930348E-003
           8          22   1.4554971741372987E-014
           8          23   1.0864221291879691E-015
           8          24   7.0302642807990238E-015
           8          25   1.0956804703925396E-014
           8          26  -3.3891315436575745E-016
           8          27   2.0586886227928771E-014
           9           1  -5.6874741736294364E-015
           9           2  -9.1661828735951701E-015
           9           3   1.1254541221205546E-014
           9           4  -2.8130656659937482E-014
           9           5   2.1285423332679438E-014
           9           6   1.2855200784634265E-014
           9           7  -5.7327986219813137E-002
           9           8  -4.7824930307687058E-003
           9           9   3.6104095372922753     
           9          10  -1.2920880706533310E-002
           9          11  -1.0779032372361039E-003
           9          12  0.92559115048610308     
           9          13   6.0915252418023945E-002
           9          14   5.0817548176237543E-003
           9          15 -0.68734860538246223     
           9          16   8.0834315302078005E-002
           9          17   6.7434699013565955E-003
           9          18 -0.11189278228985523     
           9          19   4.6384752999850072E-002
           9          20   3.8695717848023434E-003
           9          21 -0.16963479539556783     
           9          22  -1.5773588399390074E-014
           9          23   1.7770645156579747E-016
           9          24  -9.0129931552359033E-015
           9          25   3.5013420257871860E-015
           9          26   5.4165831076280345E-015
           9          27  -4.1663402614033099E-015
          10           1   3.0503553627938248E-015
          10           2   4.7658364850527046E-015
          10           3  -1.9659082515195758E-014
          10           4   3.7639403879448161E-014
          10           5  -1.1340438255983608E-014
          10           6  -4.8142434809778137E-015
          10           7  0.90941909609404514     
          10           8  -1.9461418177888806E-003
          10           9  -1.2920880706533310E-002
          10          10  0.23409538535405944     
          10          11  -4.3863159904221485E-004
          10          12  -2.9121755226602110E-003
          10          13 -0.14216375161189318     
          10          14   2.0679205374194848E-003
          10          15   1.3729397482834992E-002
          10          16   4.4360016938508329E-003
          10          17   2.7441229266468264E-003
          10          18   1.8218859825421620E-002
          10          19  -2.6418086085542501E-002
          10          20   1.5746464070110207E-003
          10          21   1.0454437694988999E-002
          10          22   3.3583015688305349E-015
          10          23   5.5009384055156152E-016
          10          24   1.5781232110173773E-015
          10          25  -1.2619970240473846E-014
          10          26  -3.6823380124233193E-015
          10          27  -1.0973602891391537E-014
          11           1  -1.6233555050491808E-015
          11           2  -2.0286203670493006E-015
          11           3   2.0379315242310603E-015
          11           4  -7.8963715862135685E-015
          11           5  -2.6629354207093515E-015
          11           6  -1.2741496578363136E-015
          11           7  -1.9461418177956278E-003
          11           8  0.93258524296474243     
          11           9  -1.0779032372361039E-003
          11          10  -4.3863159904221485E-004
          11          11  0.23931669243085346     
          11          12  -2.4294345676271296E-004
          11          13   2.0679205374320164E-003
          11          14 -0.16677950697376193     
          11          15   1.1453524204833379E-003
          11          16   2.7441229266459508E-003
          11          17  -2.8229014887926656E-002
          11          18   1.5198784378994690E-003
          11          19   1.5746464070147887E-003
          11          20  -4.5162090042520447E-002
          11          21   8.7214428263726477E-004
          11          22   3.7619020602527174E-015
          11          23   2.6482835752349879E-016
          11          24   1.8666893955452667E-015
          11          25   2.8810949645451242E-015
          11          26  -1.1673123786128429E-016
          11          27   5.3831598695474933E-015
          12           1  -6.9164541392970696E-015
          12           2  -1.0953630269976586E-014
          12           3   3.1607055293850167E-015
          12           4  -7.2547601299273179E-015
          12           5   5.5901835345910101E-015
          12           6   3.4244009483269191E-015
          12           7  -1.2920880706554585E-002
          12           8  -1.0779032372311894E-003
          12           9  0.92559115048610308     
          12          10  -2.9121755226602110E-003
          12          11  -2.4294345676271296E-004
          12          12  0.23774032736859099     
          12          13   1.3729397482835689E-002
          12          14   1.1453524204860354E-003
          12          15 -0.15934776312811005     
          12          16   1.8218859825434638E-002
          12          17   1.5198784378983258E-003
          12          18  -1.8367118213159742E-002
          12          19   1.0454437694977253E-002
          12          20   8.7214428263957542E-004
          12          21  -3.9503086936483522E-002
          12          22  -4.1643811722099361E-015
          12          23   4.4481091839625084E-017
          12          24  -2.3438880956695779E-015
          12          25   9.7287650409818563E-016
          12          26   1.3896175235852830E-015
          12          27  -1.0624685462254372E-015
          13           1  -3.5636372934284875E-015
          13           2  -6.1461836362360758E-015
          13           3   1.0849599944514142E-014
          13           4  -1.5215020472912291E-014
          13           5   7.5549790132579905E-015
          13           6   4.2860030974496995E-015
          13           7 -0.61110575493161323     
          13           8   9.1750495005864657E-003
          13           9   6.0915252418023945E-002
          13          10 -0.14216375161189318     
          13          11   2.0679205374320164E-003
          13          12   1.3729397482835689E-002
          13          13  0.70094231907505922     
          13          14  -9.7491730153091323E-003
          13          15  -6.4726989762460441E-002
          13          16  0.27199811107834598     
          13          17  -1.2937116636189749E-002
          13          18  -8.5892476700368189E-002
          13          19  0.10123938973016453     
          13          20  -7.4236412773082995E-003
          13          21  -4.9287252590735547E-002
          13          22  -2.8602819831566565E-015
          13          23   2.2605551196979918E-016
          13          24   1.0890079115397049E-016
          13          25   4.0641059971547203E-015
          13          26   1.7098755094733708E-015
          13          27  -4.1060121775158370E-016
          14           1  -3.0580780246016285E-016
          14           2  -5.6007979670614606E-016
          14           3  -1.1249120319081926E-015
          14           4   3.1001695193963255E-015
          14           5  -3.4595497822469114E-015
          14           6  -5.4405972292747219E-015
          14           7   9.1750495005373280E-003
          14           8 -0.72032212463776824     
          14           9   5.0817548176237543E-003
          14          10   2.0679205374194848E-003
          14          11 -0.16677950697376193     
          14          12   1.1453524204860354E-003
          14          13  -9.7491730153091323E-003
          14          14  0.81699284112407122     
          14          15  -5.3997427409096244E-003
          14          16  -1.2937116636196299E-002
          14          17  0.42599672584076653     
          14          18  -7.1654387028271677E-003
          14          19  -7.4236412773093542E-003
          14          20  0.18960764869765848     
          14          21  -4.1117080428498265E-003
          14          22   1.6915733266902771E-016
          14          23  -6.7984674554765701E-016
          14          24   2.2606231755757567E-015
          14          25   1.7658707798381550E-016
          14          26  -1.7891837008555746E-015
          14          27  -4.3613668726323546E-016
          15           1   2.4696833188350111E-015
          15           2   4.1782457186279125E-015
          15           3  -2.3412604572885104E-015
          15           4   1.4164718200756874E-015
          15           5  -1.7871600712787984E-015
          15           6   1.0270616932297976E-015
          15           7   6.0915252418031390E-002
          15           8   5.0817548176125549E-003
          15           9 -0.68734860538246223     
          15          10   1.3729397482834992E-002
          15          11   1.1453524204833379E-003
          15          12 -0.15934776312811005     
          15          13  -6.4726989762460441E-002
          15          14  -5.3997427409096244E-003
          15          15  0.78195602261719532     
          15          16  -8.5892476700368120E-002
          15          17  -7.1654387028290134E-003
          15          18  0.37950299689862266     
          15          19  -4.9287252590732529E-002
          15          20  -4.1117080428562103E-003
          15          21  0.16292838352464106     
          15          22  -5.0835024156891489E-016
          15          23  -1.3082754130109775E-016
          15          24   1.2273563317011797E-015
          15          25   1.6801319708748706E-015
          15          26  -9.2539136780980893E-016
          15          27   1.2568970408333086E-015
          16           1   5.2366292715398480E-015
          16           2   8.8720938634199166E-015
          16           3  -8.7520471956321746E-015
          16           4   8.3993766477880634E-015
          16           5  -4.7081314337676060E-015
          16           6  -1.4573955101860943E-015
          16           7  -1.0718800926794426E-002
          16           8   1.2175256849523381E-002
          16           9   8.0834315302078005E-002
          16          10   4.4360016938508329E-003
          16          11   2.7441229266459508E-003
          16          12   1.8218859825434638E-002
          16          13  0.27199811107834598     
          16          14  -1.2937116636196299E-002
          16          15  -8.5892476700368120E-002
          16          16  0.16087648710543390     
          16          17  -1.7167506063884234E-002
          16          18 -0.11397899980824792     
          16          19   5.9964071234700878E-002
          16          20  -9.8511445964602658E-003
          16          21  -6.5404002415535178E-002
          16          22   4.2791446727511850E-015
          16          23   1.4333153846276783E-016
          16          24   2.8574906150440390E-015
          16          25  -3.7721618170160056E-015
          16          26  -1.3180359958818303E-015
          16          27  -2.9558701904491959E-015
          17           1   8.3637908058916408E-016
          17           2   9.9962093781812560E-016
          17           3   2.4868787159263989E-015
          17           4  -1.8279435205050836E-015
          17           5  -5.4459038174366015E-016
          17           6  -3.4618680407493653E-015
          17           7   1.2175256849527404E-002
          17           8 -0.15564852073467211     
          17           9   6.7434699013565955E-003
          17          10   2.7441229266468264E-003
          17          11  -2.8229014887926656E-002
          17          12   1.5198784378983258E-003
          17          13  -1.2937116636189749E-002
          17          14  0.42599672584076653     
          17          15  -7.1654387028290134E-003
          17          16  -1.7167506063884234E-002
          17          17  0.36523208094524112     
          17          18  -9.5085107323683027E-003
          17          19  -9.8511445964570097E-003
          17          20  0.17722842498068803     
          17          21  -5.4562214088061962E-003
          17          22  -1.0839878369937766E-015
          17          23  -4.7805889732773814E-016
          17          24  -4.7085031701788578E-017
          17          25   1.9886725849199736E-015
          17          26   7.7584386388776775E-017
          17          27   3.9118414713606894E-015
          18           1   8.4258713978317869E-016
          18           2   1.4906820889839290E-015
          18           3  -4.1935561523783907E-016
          18           4  -3.5106762218357219E-015
          18           5   2.9018149806171263E-015
          18           6   1.4817299506911811E-015
          18           7   8.0834315302023341E-002
          18           8   6.7434699013628682E-003
          18           9 -0.11189278228985523     
          18          10   1.8218859825421620E-002
          18          11   1.5198784378994690E-003
          18          12  -1.8367118213159742E-002
          18          13  -8.5892476700368189E-002
          18          14  -7.1654387028271677E-003
          18          15  0.37950299689862266     
          18          16 -0.11397899980824792     
          18          17  -9.5085107323683027E-003
          18          18  0.30353507410880676     
          18          19  -6.5404002415541423E-002
          18          20  -5.4562214088065015E-003
          18          21  0.14182513848975067     
          18          22  -2.7957897540827023E-015
          18          23   1.0585554759947955E-016
          18          24  -5.9826407018759087E-016
          18          25   2.1204745791260931E-015
          18          26  -4.9432112544607945E-016
          18          27   8.7822333912403099E-016
          19           1  -4.2479398796517930E-015
          19           2  -6.8158446423263160E-015
          19           3   2.3358224864964724E-015
          19           4  -2.2764664499116341E-015
          19           5   4.5590354075969694E-016
          19           6   1.2207899057197223E-015
          19           7 -0.11157863300959164     
          19           8   6.9864670661889542E-003
          19           9   4.6384752999850072E-002
          19          10  -2.6418086085542501E-002
          19          11   1.5746464070147887E-003
          19          12   1.0454437694977253E-002
          19          13  0.10123938973016453     
          19          14  -7.4236412773093542E-003
          19          15  -4.9287252590732529E-002
          19          16   5.9964071234700878E-002
          19          17  -9.8511445964570097E-003
          19          18  -6.5404002415541423E-002
          19          19   2.9509530982838858E-002
          19          20  -5.6528332944351927E-003
          19          21  -3.7530453321830824E-002
          19          22   1.3735889586715173E-016
          19          23  -2.8239957173413920E-017
          19          24   2.0303722321013012E-016
          19          25   4.2152812565280410E-016
          19          26   5.0901539953919289E-016
          19          27  -2.0365779548527724E-017
          20           1   3.9658421742639223E-016
          20           2   6.0496227456684363E-016
          20           3   4.5314648253704091E-017
          20           4   9.5987709593451289E-017
          20           5   9.9695615189288124E-016
          20           6  -1.4549001324778557E-015
          20           7   6.9864670661754190E-003
          20           8 -0.19474293310296981     
          20           9   3.8695717848023434E-003
          20          10   1.5746464070110207E-003
          20          11  -4.5162090042520447E-002
          20          12   8.7214428263957542E-004
          20          13  -7.4236412773082995E-003
          20          14  0.18960764869765848     
          20          15  -4.1117080428562103E-003
          20          16  -9.8511445964602658E-003
          20          17  0.17722842498068803     
          20          18  -5.4562214088065015E-003
          20          19  -5.6528332944351927E-003
          20          20   9.6798751703867092E-002
          20          21  -3.1309163863665365E-003
          20          22  -7.6515290414621908E-016
          20          23  -2.7515441835191696E-016
          20          24  -4.0301744834522625E-016
          20          25   5.3597544631532490E-016
          20          26   9.3117522975921091E-017
          20          27   1.7550527672241691E-015
          21           1  -1.4058990082316381E-015
          21           2  -1.9974455104798232E-015
          21           3  -1.1510555074911981E-015
          21           4  -5.0120566672064241E-016
          21           5   5.2351449970747054E-017
          21           6  -5.2092395921125453E-016
          21           7   4.6384752999896972E-002
          21           8   3.8695717847930348E-003
          21           9 -0.16963479539556783     
          21          10   1.0454437694988999E-002
          21          11   8.7214428263726477E-004
          21          12  -3.9503086936483522E-002
          21          13  -4.9287252590735547E-002
          21          14  -4.1117080428498265E-003
          21          15  0.16292838352464106     
          21          16  -6.5404002415535178E-002
          21          17  -5.4562214088061962E-003
          21          18  0.14182513848975067     
          21          19  -3.7530453321830824E-002
          21          20  -3.1309163863665365E-003
          21          21   7.6483459947784480E-002
          21          22  -8.0082466429845911E-016
          21          23   8.3030464894712934E-017
          21          24  -9.2769561870488043E-017
          21          25   7.3362679445560486E-016
          21          26  -5.4379512895695536E-016
          21          27   4.6282600264906523E-016
          22           1  -3.8188437175747667E-003
          22           2  -1.2761155499949753E-002
          22           3   4.9930261713179082E-002
          22           4   3.6550117411995084E-002
          22           5 -0.15835747807372655     
          22           6  -1.9835535485497494E-002
          22           7   1.2527356849809032E-014
          22           8   1.4554971741372987E-014
          22           9  -1.5773588399390074E-014
          22          10   3.3583015688305349E-015
          22          11   3.7619020602527174E-015
          22          12  -4.1643811722099361E-015
          22          13  -2.8602819831566565E-015
          22          14   1.6915733266902771E-016
          22          15  -5.0835024156891489E-016
          22          16   4.2791446727511850E-015
          22          17  -1.0839878369937766E-015
          22          18  -2.7957897540827023E-015
          22          19   1.3735889586715173E-016
          22          20  -7.6515290414621908E-016
          22          21  -8.0082466429845911E-016
          22          22   1.4201853286253591E-002
          22          23  -1.0711458378121798E-016
          22          24   1.4201853286252935E-002
          22          25  -9.7980021454160444E-017
          22          26  -5.5873271740459932E-017
          22          27   1.4201853286254108E-002
          23           1  -2.8010866809106758E-015
          23           2  -4.6190187939667532E-015
          23           3   1.1327328744922572E-015
          23           4   3.7890879460177429E-016
          23           5   1.4327956160079784E-015
          23           6   3.5826393531010532E-016
          23           7   2.0915547259737093E-015
          23           8   1.0864221291879691E-015
          23           9   1.7770645156579747E-016
          23          10   5.5009384055156152E-016
          23          11   2.6482835752349879E-016
          23          12   4.4481091839625084E-017
          23          13   2.2605551196979918E-016
          23          14  -6.7984674554765701E-016
          23          15  -1.3082754130109775E-016
          23          16   1.4333153846276783E-016
          23          17  -4.7805889732773814E-016
          23          18   1.0585554759947955E-016
          23          19  -2.8239957173413920E-017
          23          20  -2.7515441835191696E-016
          23          21   8.3030464894712934E-017
          23          22  -1.0711458378121798E-016
          23          23   3.1118466496779102E-029
          23          24  -1.0711458378120585E-016
          23          25  -1.9436334404816884E-029
          23          26   2.6195623185177720E-029
          23          27  -1.0711458378122624E-016
          24           1  -3.8188437175733199E-003
          24           2  -1.2761155499946662E-002
          24           3   4.9930261713174086E-002
          24           4   3.6550117411991517E-002
          24           5 -0.15835747807371728     
          24           6  -1.9835535485495413E-002
          24           7   5.6376814227807910E-015
          24           8   7.0302642807990238E-015
          24           9  -9.0129931552359033E-015
          24          10   1.5781232110173773E-015
          24          11   1.8666893955452667E-015
          24          12  -2.3438880956695779E-015
          24          13   1.0890079115397049E-016
          24          14   2.2606231755757567E-015
          24          15   1.2273563317011797E-015
          24          16   2.8574906150440390E-015
          24          17  -4.7085031701788578E-017
          24          18  -5.9826407018759087E-016
          24          19   2.0303722321013012E-016
          24          20  -4.0301744834522625E-016
          24          21  -9.2769561870488043E-017
          24          22   1.4201853286252935E-002
          24          23  -1.0711458378120585E-016
          24          24   1.4201853286252279E-002
          24          25  -9.7980021453552997E-017
          24          26  -5.5873271739849168E-017
          24          27   1.4201853286253452E-002
          25           1   4.6011078412203997E-016
          25           2   8.3145409952694357E-016
          25           3  -7.0498812764056859E-016
          25           4  -4.2488670596952769E-016
          25           5   1.3210775201288756E-015
          25           6   2.6144751384656110E-016
          25           7  -4.8522811819768908E-014
          25           8   1.0956804703925396E-014
          25           9   3.5013420257871860E-015
          25          10  -1.2619970240473846E-014
          25          11   2.8810949645451242E-015
          25          12   9.7287650409818563E-016
          25          13   4.0641059971547203E-015
          25          14   1.7658707798381550E-016
          25          15   1.6801319708748706E-015
          25          16  -3.7721618170160056E-015
          25          17   1.9886725849199736E-015
          25          18   2.1204745791260931E-015
          25          19   4.2152812565280410E-016
          25          20   5.3597544631532490E-016
          25          21   7.3362679445560486E-016
          25          22  -9.7980021454160444E-017
          25          23  -1.9436334404816884E-029
          25          24  -9.7980021453552997E-017
          25          25   1.1410350113651622E-027
          25          26   5.9225592399351422E-028
          25          27  -9.7980021452387319E-017
          26           1  -1.8532838480884623E-015
          26           2  -2.9943773542221824E-015
          26           3   5.2294461842018399E-016
          26           4   2.2808366755984410E-016
          26           5   3.9068981182728445E-016
          26           6  -1.1892428161769449E-017
          26           7  -1.4119745585831663E-014
          26           8  -3.3891315436575745E-016
          26           9   5.4165831076280345E-015
          26          10  -3.6823380124233193E-015
          26          11  -1.1673123786128429E-016
          26          12   1.3896175235852830E-015
          26          13   1.7098755094733708E-015
          26          14  -1.7891837008555746E-015
          26          15  -9.2539136780980893E-016
          26          16  -1.3180359958818303E-015
          26          17   7.7584386388776775E-017
          26          18  -4.9432112544607945E-016
          26          19   5.0901539953919289E-016
          26          20   9.3117522975921091E-017
          26          21  -5.4379512895695536E-016
          26          22  -5.5873271740459932E-017
          26          23   2.6195623185177720E-029
          26          24  -5.5873271739849168E-017
          26          25   5.9225592399351422E-028
          26          26   5.3768992758319140E-028
          26          27  -5.5873271739222344E-017
          27           1  -3.8188437175741075E-003
          27           2  -1.2761155499948228E-002
          27           3   4.9930261713177514E-002
          27           4   3.6550117411993710E-002
          27           5 -0.15835747807373082     
          27           6  -1.9835535485497258E-002
          27           7  -4.2184770202799001E-014
          27           8   2.0586886227928771E-014
          27           9  -4.1663402614033099E-015
          27          10  -1.0973602891391537E-014
          27          11   5.3831598695474933E-015
          27          12  -1.0624685462254372E-015
          27          13  -4.1060121775158370E-016
          27          14  -4.3613668726323546E-016
          27          15   1.2568970408333086E-015
          27          16  -2.9558701904491959E-015
          27          17   3.9118414713606894E-015
          27          18   8.7822333912403099E-016
          27          19  -2.0365779548527724E-017
          27          20   1.7550527672241691E-015
          27          21   4.6282600264906523E-016
          27          22   1.4201853286254108E-002
          27          23  -1.0711458378122624E-016
          27          24   1.4201853286253452E-002
          27          25  -9.7980021452387319E-017
          27          26  -5.5873271739222344E-017
          27          27   1.4201853286254623E-002
