           1           1  0.65264232444760695     
           1           2  0.57980661953636115     
           1           3  -7.1204767538298007E-016
           1           4  -9.2611457066931509E-017
           1           5   4.9909216848728870E-016
           1           6 -0.19825786253256505     
           1           7  -1.6771685541512906E-015
           1           8  -6.4563813075525604E-016
           1           9   1.1525744951077666E-015
           1          10 -0.12273995567996475     
           1          11  -7.6956429954994799E-016
           1          12  -1.0411713431814418E-015
           1          13  -3.8435239059137055E-016
           1          14   6.6823416419384959E-003
           1          15   5.8420651667024663E-016
           1          16   6.6823416419390597E-003
           1          17  -8.6258614172331870E-016
           1          18  -5.4540063098951698E-016
           1          19   6.6823416419377023E-003
           2           1  0.57980661953636115     
           2           2  0.53455813508937189     
           2           3  -1.0171826758512458E-015
           2           4  -6.3115060213127783E-016
           2           5   8.7769769679257780E-016
           2           6 -0.31051387624820653     
           2           7  -2.2999072391264758E-015
           2           8  -6.3337868299083960E-016
           2           9   1.1462948486926932E-015
           2          10 -0.19219551154794323     
           2          11  -1.2186735241767811E-015
           2          12  -2.4384312062464095E-015
           2          13  -2.3093272694707180E-016
           2          14   7.9368821460995762E-003
           2          15   7.8247703853404517E-016
           2          16   7.9368821461001382E-003
           2          17  -7.9542659431432014E-016
           2          18  -6.8759186180563621E-016
           2          19   7.9368821460985266E-003
           3           1  -7.1204767538298007E-016
           3           2  -1.0171826758512458E-015
           3           3  0.28083956428637713     
           3           4   3.0814489606696485E-002
           3           5  -2.1406550357431477E-002
           3           6   3.6296421625773008E-015
           3           7  0.32338391976602232     
           3           8   4.0771316094226295E-002
           3           9  -2.8323468674949136E-002
           3          10   1.6487446811608554E-015
           3          11  0.24961254549092377     
           3          12   5.1993369028797351E-002
           3          13  -3.6119328490373581E-002
           3          14  -5.3998635154507469E-016
           3          15   3.4915334740346665E-018
           3          16  -6.7144015279587105E-017
           3          17   2.4775685339255932E-016
           3          18  -1.5759791995867726E-016
           3          19  -2.6429399934147336E-017
           4           1  -9.2611457066931509E-017
           4           2  -6.3115060213127783E-016
           4           3   3.0814489606696485E-002
           4           4  0.24826555271583906     
           4           5   3.5527179547589403E-002
           4           6   3.9970257607063312E-015
           4           7   4.0771316094226386E-002
           4           8  0.28028454219558291     
           4           9   4.7006777842470496E-002
           4          10   1.8402651965482124E-015
           4          11   5.1993369028797615E-002
           4          12  0.19465033044364871     
           4          13   5.9945103110478772E-002
           4          14   4.2674726958833381E-018
           4          15  -2.6357895442602222E-016
           4          16  -1.2906439784823253E-016
           4          17  -1.4605554381592623E-016
           4          18   1.5062262735302337E-016
           4          19  -6.6404760042712810E-017
           5           1   4.9909216848728870E-016
           5           2   8.7769769679257780E-016
           5           3  -2.1406550357431477E-002
           5           4   3.5527179547589403E-002
           5           5  0.27472611605619807     
           5           6  -3.5305010194167264E-015
           5           7  -2.8323468674949379E-002
           5           8   4.7006777842470079E-002
           5           9  0.31529508450054577     
           5          10  -2.2698905842244959E-015
           5          11  -3.6119328490374351E-002
           5          12   5.9945103110479556E-002
           5          13  0.23929730827858869     
           5          14   3.7519644737124307E-016
           5          15  -2.8753474949024951E-016
           5          16   1.4627161913270743E-016
           5          17  -3.3208112285169673E-016
           5          18   3.0532296405434186E-016
           5          19   1.9968725370589274E-016
           6           1 -0.19825786253256505     
           6           2 -0.31051387624820653     
           6           3   3.6296421625773008E-015
           6           4   3.9970257607063312E-015
           6           5  -3.5305010194167264E-015
           6           6   1.0373039763788396     
           6           7   6.5377212603789331E-015
           6           8   2.6018382055290583E-016
           6           9  -1.4975730061240925E-015
           6          10  0.60193145106179902     
           6          11   3.9141400991608225E-015
           6          12   1.0160829470627099E-014
           6          13  -1.1054827592244048E-015
           6          14  -2.1921336396980812E-002
           6          15  -2.2143182794218750E-015
           6          16  -2.1921336396981631E-002
           6          17   1.7154850678218383E-016
           6          18   1.4773073215129260E-015
           6          19  -2.1921336396978280E-002
           7           1  -1.6771685541512906E-015
           7           2  -2.2999072391264758E-015
           7           3  0.32338391976602232     
           7           4   4.0771316094226386E-002
           7           5  -2.8323468674949379E-002
           7           6   6.5377212603789331E-015
           7           7  0.37543283026075669     
           7           8   5.3945408061994118E-002
           7           9  -3.7475392549754391E-002
           7          10   4.3981398575303251E-015
           7          11  0.30166032309352786     
           7          12   6.8793548442099658E-002
           7          13  -4.7790262885684623E-002
           7          14  -6.4632609264169905E-016
           7          15  -2.4936127536354506E-017
           7          16  -4.9355371839919673E-017
           7          17   2.9925727855858591E-016
           7          18  -1.9552800531402749E-016
           7          19   1.4983704034234889E-017
           8           1  -6.4563813075525604E-016
           8           2  -6.3337868299083960E-016
           8           3   4.0771316094226295E-002
           8           4  0.28028454219558291     
           8           5   4.7006777842470079E-002
           8           6   2.6018382055290583E-016
           8           7   5.3945408061994118E-002
           8           8  0.31840711382614384     
           8           9   6.2195682045952959E-002
           8          10  -2.0638058024299096E-016
           8          11   6.8793548442100061E-002
           8          12  0.22893863042449453     
           8          13   7.9314659383070002E-002
           8          14   1.2423163140682673E-016
           8          15  -3.4763955343380024E-016
           8          16  -2.4798124616975819E-017
           8          17  -1.9516294287252264E-016
           8          18   1.9394918518576326E-016
           8          19   7.3406264033934682E-017
           9           1   1.1525744951077666E-015
           9           2   1.1462948486926932E-015
           9           3  -2.8323468674949136E-002
           9           4   4.7006777842470496E-002
           9           5  0.31529508450054577     
           9           6  -1.4975730061240925E-015
           9           7  -3.7475392549754391E-002
           9           8   6.2195682045952959E-002
           9           9  0.36473031778522347     
           9          10  -1.0833186874102752E-015
           9          11  -4.7790262885685296E-002
           9          12   7.9314659383072139E-002
           9          13  0.28801201016221006     
           9          14   4.6637654215337524E-016
           9          15  -3.7552851438999953E-016
           9          16   1.4003290179780730E-016
           9          17  -4.3924915716225516E-016
           9          18   3.9634830553857524E-016
           9          19   2.2399489534061803E-016
          10           1 -0.12273995567996475     
          10           2 -0.19219551154794323     
          10           3   1.6487446811608554E-015
          10           4   1.8402651965482124E-015
          10           5  -2.2698905842244959E-015
          10           6  0.60193145106179902     
          10           7   4.3981398575303251E-015
          10           8  -2.0638058024299096E-016
          10           9  -1.0833186874102752E-015
          10          10  0.41335599389600863     
          10          11   3.8475363321321578E-015
          10          12   7.6129495312427360E-015
          10          13  -1.3147381948241145E-015
          10          14  -6.6219641750465859E-003
          10          15  -1.1584366399767966E-015
          10          16  -6.6219641750466856E-003
          10          17   2.6455225914575462E-016
          10          18   1.1530620665512777E-015
          10          19  -6.6219641750448130E-003
          11           1  -7.6956429954994799E-016
          11           2  -1.2186735241767811E-015
          11           3  0.24961254549092377     
          11           4   5.1993369028797615E-002
          11           5  -3.6119328490374351E-002
          11           6   3.9141400991608225E-015
          11           7  0.30166032309352786     
          11           8   6.8793548442100061E-002
          11           9  -4.7790262885685296E-002
          11          10   3.8475363321321578E-015
          11          11  0.28807956007084912     
          11          12   8.7728547753627067E-002
          11          13  -6.0944237572712286E-002
          11          14  -6.7346216070797555E-016
          11          15  -1.3161351177531553E-016
          11          16  -8.9578694821174779E-018
          11          17   2.8519158685311420E-016
          11          18  -2.0546618076800753E-016
          11          19   1.0844423721408123E-016
          12           1  -1.0411713431814418E-015
          12           2  -2.4384312062464095E-015
          12           3   5.1993369028797351E-002
          12           4  0.19465033044364871     
          12           5   5.9945103110479556E-002
          12           6   1.0160829470627099E-014
          12           7   6.8793548442099658E-002
          12           8  0.22893863042449453     
          12           9   7.9314659383072139E-002
          12          10   7.6129495312427360E-015
          12          11   8.7728547753627067E-002
          12          12  0.19534167065365621     
          12          13  0.10114552949840810     
          12          14   7.2432158216672349E-017
          12          15  -4.3958519882035593E-016
          12          16  -2.5136112895590088E-017
          12          17  -2.5534315048537265E-016
          12          18   2.2928897191909872E-016
          12          19   1.5176195569539220E-016
          13           1  -3.8435239059137055E-016
          13           2  -2.3093272694707180E-016
          13           3  -3.6119328490373581E-002
          13           4   5.9945103110478772E-002
          13           5  0.23929730827858869     
          13           6  -1.1054827592244048E-015
          13           7  -4.7790262885684623E-002
          13           8   7.9314659383070002E-002
          13           9  0.28801201016221006     
          13          10  -1.3147381948241145E-015
          13          11  -6.0944237572712286E-002
          13          12  0.10114552949840810     
          13          13  0.27067463330276259     
          13          14   6.4846681239542154E-016
          13          15  -4.6229211875524038E-016
          13          16   1.5311134112873657E-016
          13          17  -5.5969540950519424E-016
          13          18   4.7966954548250465E-016
          13          19   3.0505394393517038E-016
          14           1   6.6823416419384959E-003
          14           2   7.9368821460995762E-003
          14           3  -5.3998635154507469E-016
          14           4   4.2674726958833381E-018
          14           5   3.7519644737124307E-016
          14           6  -2.1921336396980812E-002
          14           7  -6.4632609264169905E-016
          14           8   1.2423163140682673E-016
          14           9   4.6637654215337524E-016
          14          10  -6.6219641750465859E-003
          14          11  -6.7346216070797555E-016
          14          12   7.2432158216672349E-017
          14          13   6.4846681239542154E-016
          14          14   1.1472479647007018E-003
          14          15   6.2093142717314098E-017
          14          16   1.1472479647007552E-003
          14          17   1.9530899451663208E-017
          14          18  -5.2761999993350115E-018
          14          19   1.1472479647006775E-003
          15           1   5.8420651667024663E-016
          15           2   7.8247703853404517E-016
          15           3   3.4915334740346665E-018
          15           4  -2.6357895442602222E-016
          15           5  -2.8753474949024951E-016
          15           6  -2.2143182794218750E-015
          15           7  -2.4936127536354506E-017
          15           8  -3.4763955343380024E-016
          15           9  -3.7552851438999953E-016
          15          10  -1.1584366399767966E-015
          15          11  -1.3161351177531553E-016
          15          12  -4.3958519882035593E-016
          15          13  -4.6229211875524038E-016
          15          14   6.2093142717314098E-017
          15          15   6.7907475673301300E-030
          15          16   6.2093142717317254E-017
          15          17   1.3126642929965962E-030
          15          18  -3.6890746979739003E-030
          15          19   6.2093142717309069E-017
          16           1   6.6823416419390597E-003
          16           2   7.9368821461001382E-003
          16           3  -6.7144015279587105E-017
          16           4  -1.2906439784823253E-016
          16           5   1.4627161913270743E-016
          16           6  -2.1921336396981631E-002
          16           7  -4.9355371839919673E-017
          16           8  -2.4798124616975819E-017
          16           9   1.4003290179780730E-016
          16          10  -6.6219641750466856E-003
          16          11  -8.9578694821174779E-018
          16          12  -2.5136112895590088E-017
          16          13   1.5311134112873657E-016
          16          14   1.1472479647007552E-003
          16          15   6.2093142717317254E-017
          16          16   1.1472479647008085E-003
          16          17   1.9530899451664912E-017
          16          18  -5.2761999993359822E-018
          16          19   1.1472479647007309E-003
          17           1  -8.6258614172331870E-016
          17           2  -7.9542659431432014E-016
          17           3   2.4775685339255932E-016
          17           4  -1.4605554381592623E-016
          17           5  -3.3208112285169673E-016
          17           6   1.7154850678218383E-016
          17           7   2.9925727855858591E-016
          17           8  -1.9516294287252264E-016
          17           9  -4.3924915716225516E-016
          17          10   2.6455225914575462E-016
          17          11   2.8519158685311420E-016
          17          12  -2.5534315048537265E-016
          17          13  -5.5969540950519424E-016
          17          14   1.9530899451663208E-017
          17          15   1.3126642929965962E-030
          17          16   1.9530899451664912E-017
          17          17   4.7637388300116057E-030
          17          18  -1.6778326554499588E-031
          17          19   1.9530899451666228E-017
          18           1  -5.4540063098951698E-016
          18           2  -6.8759186180563621E-016
          18           3  -1.5759791995867726E-016
          18           4   1.5062262735302337E-016
          18           5   3.0532296405434186E-016
          18           6   1.4773073215129260E-015
          18           7  -1.9552800531402749E-016
          18           8   1.9394918518576326E-016
          18           9   3.9634830553857524E-016
          18          10   1.1530620665512777E-015
          18          11  -2.0546618076800753E-016
          18          12   2.2928897191909872E-016
          18          13   4.7966954548250465E-016
          18          14  -5.2761999993350115E-018
          18          15  -3.6890746979739003E-030
          18          16  -5.2761999993359822E-018
          18          17  -1.6778326554499588E-031
          18          18   4.6617433798050648E-030
          18          19  -5.2761999993309193E-018
          19           1   6.6823416419377023E-003
          19           2   7.9368821460985266E-003
          19           3  -2.6429399934147336E-017
          19           4  -6.6404760042712810E-017
          19           5   1.9968725370589274E-016
          19           6  -2.1921336396978280E-002
          19           7   1.4983704034234889E-017
          19           8   7.3406264033934682E-017
          19           9   2.2399489534061803E-016
          19          10  -6.6219641750448130E-003
          19          11   1.0844423721408123E-016
          19          12   1.5176195569539220E-016
          19          13   3.0505394393517038E-016
          19          14   1.1472479647006775E-003
          19          15   6.2093142717309069E-017
          19          16   1.1472479647007309E-003
          19          17   1.9530899451666228E-017
          19          18  -5.2761999993309193E-018
          19          19   1.1472479647006532E-003
