           1           1  0.36235173660149794     
           1           2  0.64817745257765613     
           1           3 -0.17109780438881789     
           1           4 -0.20265431527333622     
           1           5   3.2884367528410542E-002
           1           6   3.5740070376803969E-002
           1           7  -2.0060138837274595E-002
           1           8  -1.2077185264002864E-002
           1           9  -1.4017547664863087E-012
           1          10  -8.8941602481918893E-013
           1          11   3.6833719556824749E-012
           1          12   2.0050394279031872E-012
           1          13   5.6329053567537530E-013
           1          14  -1.0711833029616154E-011
           1          15  -5.3834035884074405E-012
           1          16   1.4953611352394245E-012
           1          17   2.0323835978931592E-011
           1          18  -4.0893676449081304E-012
           1          19   4.9169684186244203E-012
           1          20   1.6049665344408932E-012
           1          21   3.3847017292402500E-011
           1          22  -1.7455902154191197E-011
           1          23  -1.3597505715468356E-012
           1          24  -2.0938334142561912E-011
           1          25  -8.9391184767303224E-012
           1          26  -9.2470419013159495E-012
           1          27  -7.6828143464064113E-012
           1          28  -6.1159106961276634E-012
           1          29  -1.6638335581854781E-011
           1          30   2.6350599823022774E-002
           1          31   3.1857878732356204E-005
           1          32   2.6139242200624177E-002
           1          33   2.3249759841012343E-006
           1          34  -1.8108800992546098E-005
           1          35   2.6352997956049680E-002
           1          36   2.6460010525426714E-003
           1          37   4.2057573559256182E-006
           1          38   2.6180983678572561E-003
           1          39   3.0694616797177792E-007
           1          40  -2.3906632935431776E-006
           1          41   2.6463176225138899E-003
           1          42   5.3819714210060724E-004
           1          43   2.7071041680324487E-006
           1          44   5.2023714650200714E-004
           1          45   1.9755221948879309E-007
           1          46  -1.5387762163783075E-006
           1          47   5.3840084650436657E-004
           2           1  0.64817745257765613     
           2           2   1.2177938743395367     
           2           3 -0.51105693577285272     
           2           4 -0.60455748819387811     
           2           5  0.11521862610669920     
           2           6  0.11116181155265545     
           2           7  -7.2664472758952187E-002
           2           8  -4.3043464393208927E-002
           2           9  -3.2405850061098044E-012
           2          10  -1.8040996368655252E-012
           2          11   7.9456014688565187E-012
           2          12   7.7152779636306083E-012
           2          13   8.0521438893778578E-013
           2          14  -4.0092346522255929E-011
           2          15  -2.2244523814640476E-011
           2          16   6.8304237198880129E-012
           2          17   7.9964972870715957E-011
           2          18  -1.1316944445872574E-011
           2          19   1.6853986424085747E-011
           2          20   1.4967443817826840E-012
           2          21   1.1487892393346446E-010
           2          22  -6.2051013611283466E-011
           2          23   3.0958898447815744E-012
           2          24  -7.6538477080721164E-011
           2          25  -3.2595211438797890E-011
           2          26  -3.0181096466050940E-011
           2          27  -3.0795027634575502E-011
           2          28  -2.2342683480440786E-011
           2          29  -5.3586900328709562E-011
           2          30   9.4166918099577862E-002
           2          31   1.0311840272740235E-004
           2          32   9.3482790420556683E-002
           2          33   7.5255521442844257E-006
           2          34  -5.8615000291126783E-005
           2          35   9.4174680282016962E-002
           2          36   9.7908470734875234E-003
           2          37   1.4383179938090709E-005
           2          38   9.6954233417960653E-003
           2          39   1.0497156013908225E-006
           2          40  -8.1757595997429235E-006
           2          41   9.7919296281572029E-003
           2          42   2.2885453782313749E-003
           2          43   6.6513616828703273E-006
           2          44   2.2444176006794509E-003
           2          45   4.8538285723787608E-007
           2          46  -3.7807769810048659E-006
           2          47   2.2890458332530325E-003
           3           1 -0.17109780438881789     
           3           2 -0.51105693577285272     
           3           3  0.80223631044392230     
           3           4  0.93829861056908237     
           3           5 -0.19564124868261543     
           3           6 -0.16875277032217623     
           3           7  0.11787292738096945     
           3           8   6.8134565599750535E-002
           3           9   7.4161687575014186E-012
           3          10  -5.5870914681784109E-013
           3          11  -1.9308381585035671E-011
           3          12   1.5768963490193813E-011
           3          13  -1.2290537407771372E-011
           3          14  -1.5596264031334330E-011
           3          15   5.8073137136179656E-012
           3          16  -6.7384686755654520E-013
           3          17  -5.3224285336342090E-011
           3          18   6.1174800069719886E-012
           3          19  -2.4351079612912795E-011
           3          20   3.2857024514396628E-011
           3          21  -1.9558172540112060E-010
           3          22   9.5386673560445928E-011
           3          23   1.4829788622659194E-011
           3          24   9.8791469268592748E-011
           3          25   4.5887054896664212E-011
           3          26   8.2086018809528035E-011
           3          27   3.0365959789306127E-011
           3          28   3.1140040777674834E-011
           3          29   1.0993567295958144E-010
           3          30 -0.16808520278668462     
           3          31  -2.0283290692347904E-004
           3          32 -0.16673952739588149     
           3          33  -1.4802654164879927E-005
           3          34   1.1529561974264677E-004
           3          35 -0.16810047151982402     
           3          36  -1.7833493673203096E-002
           3          37  -3.2206996775763040E-005
           3          38  -1.7619818790585981E-002
           3          39  -2.3505114611314410E-006
           3          40   1.8307419398108137E-005
           3          41  -1.7835918047155862E-002
           3          42  -4.4336152253838393E-003
           3          43  -1.9574215095961509E-005
           3          44  -4.3037521311627552E-003
           3          45  -1.4284440330295501E-006
           3          46   1.1126415790741005E-005
           3          47  -4.4350882253666917E-003
           4           1 -0.20265431527333622     
           4           2 -0.60455748819387811     
           4           3  0.93829861056908237     
           4           4   1.1946766414409220     
           4           5 -0.42283685758211809     
           4           6 -0.32663738783715329     
           4           7  0.24911248225527294     
           4           8  0.14460771225458285     
           4           9   2.1441413920877959E-012
           4          10   7.5504839500204782E-012
           4          11  -2.1326912986322046E-011
           4          12  -3.2568700287194985E-011
           4          13   4.7252194819279220E-011
           4          14  -1.7244272212040015E-011
           4          15   5.9783780435257072E-011
           4          16  -8.8076278736207552E-011
           4          17   2.0229566039757869E-010
           4          18   1.6550943640899789E-012
           4          19  -7.1068935780193205E-011
           4          20   2.1126302117435510E-010
           4          21  -3.6703507037317423E-010
           4          22   2.0214509306231428E-010
           4          23  -2.0162715105196030E-011
           4          24   2.3847460857507429E-010
           4          25   1.0890220891470637E-010
           4          26   1.3680728327020799E-010
           4          27   9.8950985811246475E-011
           4          28   7.2304751556439352E-011
           4          29   1.8682207436944402E-010
           4          30 -0.29911181653619434     
           4          31  -4.2614270905690625E-004
           4          32 -0.29628461851413002     
           4          33  -3.1099756571351854E-005
           4          34   2.4223015281622594E-004
           4          35 -0.29914389519951490     
           4          36  -3.4133703872603109E-002
           4          37  -9.2986498917022883E-005
           4          38  -3.3516794645298664E-002
           4          39  -6.7861838519228630E-006
           4          40   5.2855860450562053E-005
           4          41  -3.4140703128162267E-002
           4          42  -9.4322121469126892E-003
           4          43  -2.8821608736997713E-005
           4          44  -9.2409981753836992E-003
           4          45  -2.1032750193584186E-006
           4          46   1.6382833682193165E-005
           4          47  -9.4343809161232910E-003
           5           1   3.2884367528410542E-002
           5           2  0.11521862610669920     
           5           3 -0.19564124868261543     
           5           4 -0.42283685758211809     
           5           5  0.43547689020813513     
           5           6  0.29784001501090052     
           5           7 -0.24413054647285806     
           5           8 -0.14181771182002614     
           5           9  -1.7669581364231889E-011
           5          10  -9.0704086191731313E-012
           5          11   1.0730005647429717E-010
           5          12  -1.1572298496398321E-010
           5          13  -6.9701392849963549E-011
           5          14   7.8928084438453350E-010
           5          15   1.7002403512844743E-010
           5          16   1.5879536778730242E-010
           5          17  -1.7577760329915620E-009
           5          18   1.0645734725194038E-010
           5          19   8.4448297386011674E-011
           5          20  -7.9169654953511188E-010
           5          21   3.5949897474561785E-010
           5          22  -1.8624145530677662E-010
           5          23  -6.5205450198050792E-011
           5          24  -1.8228927868019145E-010
           5          25  -9.8121510995666911E-011
           5          26  -2.7673760213373951E-010
           5          27  -6.1729138907464575E-011
           5          28  -5.8331437630602448E-011
           5          29  -2.8376566930892724E-010
           5          30  0.24676816278409625     
           5          31   8.2157675856667440E-004
           5          32  0.24131748674919523     
           5          33   5.9957993976734385E-005
           5          34  -4.6700715772067595E-004
           5          35  0.24683000995968077     
           5          36   3.1181731501110553E-002
           5          37   2.5218280384170651E-004
           5          38   2.9508647429786580E-002
           5          39   1.8404057533370756E-005
           5          40  -1.4334770561291493E-004
           5          41   3.1200714737381667E-002
           5          42   9.6615731589847851E-003
           5          43   8.0591168859984021E-005
           5          44   9.1268995714908589E-003
           5          45   5.8812629297024720E-006
           5          46  -4.5809840635486630E-005
           5          47   9.6676384108141111E-003
           6           1   3.5740070376803969E-002
           6           2  0.11116181155265545     
           6           3 -0.16875277032217623     
           6           4 -0.32663738783715329     
           6           5  0.29784001501090052     
           6           6  0.24269804643167919     
           6           7 -0.35245059458345540     
           6           8 -0.21829080548619728     
           6           9   2.7135190864447424E-011
           6          10   6.3173370911227273E-012
           6          11  -2.0358019011001645E-010
           6          12   2.2217329618911444E-010
           6          13   4.8658898552338351E-011
           6          14  -1.6014046394120256E-009
           6          15  -4.6078627968715697E-010
           6          16  -8.2528948073484398E-011
           6          17   3.4401705277152116E-009
           6          18  -8.7967032015909010E-011
           6          19  -8.9195933096432856E-012
           6          20   1.0391521463767015E-009
           6          21   3.5679879125576903E-010
           6          22  -3.2366035676012560E-010
           6          23   2.7965691903703952E-010
           6          24  -5.5488588798557877E-010
           6          25  -2.0954932123640406E-010
           6          26  -3.5811478040177627E-011
           6          27  -3.5038600428951198E-010
           6          28  -1.4326054084212426E-010
           6          29  -1.0672699316195756E-010
           6          30  0.17429566916677314     
           6          31  -2.9129650619945564E-004
           6          32  0.17622829466909190     
           6          33  -2.1258578284733957E-005
           6          34   1.6558723429339596E-004
           6          35  0.17427373976081090     
           6          36   2.0721355462129505E-002
           6          37  -5.7937521214445665E-005
           6          38   2.1105752672462109E-002
           6          39  -4.2284232361001371E-006
           6          40   3.2935735625012181E-005
           6          41   2.0716992009224694E-002
           6          42   8.0950426887577490E-003
           6          43  -1.6638261295624703E-004
           6          44   9.1988899839778801E-003
           6          45  -1.2142146992432041E-005
           6          46   9.4575581959185657E-005
           6          47   8.0825195512933996E-003
           7           1  -2.0060138837274595E-002
           7           2  -7.2664472758952187E-002
           7           3  0.11787292738096945     
           7           4  0.24911248225527294     
           7           5 -0.24413054647285806     
           7           6 -0.35245059458345540     
           7           7   1.0592610031848539     
           7           8  0.68312706684542801     
           7           9  -1.3741606121348619E-010
           7          10  -2.7103704300007853E-011
           7          11   5.3625204159303899E-010
           7          12  -1.0829755547263927E-009
           7          13  -2.0651438390226317E-010
           7          14   4.1571119458852005E-009
           7          15   2.5643394690395740E-009
           7          16   3.8526491254684974E-010
           7          17  -9.0521816439435851E-009
           7          18   6.2178029669140689E-010
           7          19   1.1393598102194511E-010
           7          20  -2.7781897150383282E-009
           7          21  -2.6267824559071936E-009
           7          22   6.2791276848975069E-010
           7          23   1.5169057213762028E-009
           7          24  -1.0205186809198486E-009
           7          25   3.4941346339941582E-011
           7          26   4.0652317833490600E-009
           7          27  -9.9290142321024564E-010
           7          28  -4.4771047221071238E-011
           7          29   3.4026677247641881E-009
           7          30 -0.16119012059317073     
           7          31  -6.4278995195648407E-005
           7          32 -0.16076385235286395     
           7          33  -4.6890293078745497E-006
           7          34   3.6513940182798755E-005
           7          35 -0.16119494108910670     
           7          36  -1.6246590219090813E-002
           7          37  -3.1799246510231448E-004
           7          38  -1.4136966572195995E-002
           7          39  -2.3205175641163979E-005
           7          40   1.8074558323537805E-004
           7          41  -1.6270515054275778E-002
           7          42  -1.4016052617412841E-002
           7          43   5.7681899174068588E-004
           7          44  -1.7842895601684779E-002
           7          45   4.2094613207068030E-005
           7          46  -3.2787663053076427E-004
           7          47  -1.3972637507510925E-002
           8           1  -1.2077185264002864E-002
           8           2  -4.3043464393208927E-002
           8           3   6.8134565599750535E-002
           8           4  0.14460771225458285     
           8           5 -0.14181771182002614     
           8           6 -0.21829080548619728     
           8           7  0.68312706684542801     
           8           8  0.44130548568242467     
           8           9   1.3407043918682927E-010
           8          10   3.4722742129617835E-011
           8          11  -8.9998583115591530E-012
           8          12   1.0416720691628226E-009
           8          13   2.7412056847563164E-010
           8          14  -8.3794632962457059E-011
           8          15  -2.6738858435870979E-009
           8          16  -7.5460630955907618E-010
           8          17   8.4830483001096704E-010
           8          18  -1.0291343370449655E-009
           8          19  -2.5656293464919434E-010
           8          20   4.2526823948312910E-010
           8          21   3.3981752155314840E-009
           8          22   1.5573159438881292E-009
           8          23  -5.8329925720792771E-009
           8          24   7.9665365305686752E-009
           8          25   1.9883540822478050E-009
           8          26  -8.9896713359900023E-009
           8          27   5.9995022431450336E-009
           8          28   1.4785509372211489E-009
           8          29  -6.7522551726631045E-009
           8          30  -9.3251110123202183E-002
           8          31   8.8505641203465656E-004
           8          32  -9.9122962054949443E-002
           8          33   6.4589103872769003E-005
           8          34  -5.0309610855605517E-004
           8          35  -9.3184474698971870E-002
           8          36  -8.6691343748011591E-003
           8          37   8.2788767963814714E-005
           8          38  -9.2184026176809781E-003
           8          39   6.0420104156907089E-006
           8          40  -4.7062803825366496E-005
           8          41  -8.6628941291084019E-003
           8          42  -9.0513867602760659E-003
           8          43   2.7583885831809329E-004
           8          44  -1.0881408386856887E-002
           8          45   2.0129972087919135E-005
           8          46  -1.5679291276216251E-004
           8          47  -9.0306243824773667E-003
           9           1  -1.4017547664863087E-012
           9           2  -3.2405850061098044E-012
           9           3   7.4161687575014186E-012
           9           4   2.1441413920877959E-012
           9           5  -1.7669581364231889E-011
           9           6   2.7135190864447424E-011
           9           7  -1.3741606121348619E-010
           9           8   1.3407043918682927E-010
           9           9   4.1036241765016877E-002
           9          10   1.7582990039461507E-005
           9          11   1.2831430591949017E-006
           9          12  0.28900299791676776     
           9          13   1.3229322290877799E-004
           9          14   9.6542816817397155E-006
           9          15  -8.5351105570263930E-002
           9          16  -3.3214555877754675E-004
           9          17  -2.4238775958551283E-005
           9          18  -3.3127271274485635E-002
           9          19  -6.7043772039991495E-005
           9          20  -4.8926338237515130E-006
           9          21   1.3430987880716709E-003
           9          22   3.8856497701066393E-004
           9          23   2.8356023001263387E-005
           9          24   5.0325944048392954E-003
           9          25   6.3486588079373035E-004
           9          26   4.6330253703833161E-005
           9          27   3.8812366373020555E-003
           9          28   4.9466934278660627E-004
           9          29   3.6099136648863897E-005
           9          30  -2.8854850356406767E-010
           9          31   4.2684514646573761E-011
           9          32   3.9170423936436125E-011
           9          33   1.1368340439330882E-010
           9          34  -4.6171522556892821E-011
           9          35   2.6988738585601491E-010
           9          36  -1.3321869052611862E-011
           9          37   3.4456001568216375E-011
           9          38   7.7052418609374698E-012
           9          39  -8.4478245926270695E-012
           9          40  -1.9092721318515487E-011
           9          41   2.2774792549149812E-011
           9          42  -4.5771336715595689E-011
           9          43  -3.8346332071959742E-011
           9          44  -5.1136560444099954E-012
           9          45   3.3972462563765657E-011
           9          46   1.6218644836136344E-011
           9          47   2.8786926176944190E-011
          10           1  -8.8941602481918893E-013
          10           2  -1.8040996368655252E-012
          10           3  -5.5870914681784109E-013
          10           4   7.5504839500204782E-012
          10           5  -9.0704086191731313E-012
          10           6   6.3173370911227273E-012
          10           7  -2.7103704300007853E-011
          10           8   3.4722742129617835E-011
          10           9   1.7582990039461507E-005
          10          10   4.0901543277718097E-002
          10          11  -9.9945383509206047E-006
          10          12   1.3229322363459361E-004
          10          13  0.28798953564019458     
          10          14  -7.5198226781457471E-005
          10          15  -3.3214556387891085E-004
          10          16  -8.2806629021198674E-002
          10          17   1.8879846538787483E-004
          10          18  -6.7043768444471468E-005
          10          19  -3.2613667276996064E-002
          10          20   3.8109066508938734E-005
          10          21   3.8856490888431307E-004
          10          22  -1.6335910642934002E-003
          10          23  -2.2086841190824692E-004
          10          24   6.3486597303211373E-004
          10          25   1.6905897307279203E-004
          10          26  -3.6087108952678331E-004
          10          27   4.9466924535171127E-004
          10          28   9.1710328832302738E-005
          10          29  -2.8118032817251576E-004
          10          30   2.1371961871195230E-010
          10          31   3.7530938827327401E-010
          10          32   6.0205144368157882E-011
          10          33  -1.1035412695220653E-011
          10          34   1.7074190657453008E-010
          10          35  -2.7576597095215272E-010
          10          36   9.4367048245037146E-012
          10          37   8.9497447981658499E-011
          10          38   2.5421824578486096E-011
          10          39   1.0376033051520275E-011
          10          40   2.8449850304194672E-011
          10          41  -2.2358071019386133E-011
          10          42   1.0312667423782748E-011
          10          43  -3.5734399058916413E-012
          10          44   3.9759811259497354E-012
          10          45   4.5557780883458434E-012
          10          46   1.4534981697794189E-011
          10          47   6.0354530813087069E-012
          11           1   3.6833719556824749E-012
          11           2   7.9456014688565187E-012
          11           3  -1.9308381585035671E-011
          11           4  -2.1326912986322046E-011
          11           5   1.0730005647429717E-010
          11           6  -2.0358019011001645E-010
          11           7   5.3625204159303899E-010
          11           8  -8.9998583115591530E-012
          11           9   1.2831430591949017E-006
          11          10  -9.9945383509206047E-006
          11          11   4.1037769785037648E-002
          11          12   9.6542855484484503E-006
          11          13  -7.5198228485919171E-005
          11          14  0.28901449463698564     
          11          15  -2.4238803652979157E-005
          11          16   1.8879847916623583E-004
          11          17  -8.5379970106094411E-002
          11          18  -4.8925961263280898E-006
          11          19   3.8109040118680334E-005
          11          20  -3.3133097556704072E-002
          11          21   2.8356131986891117E-005
          11          22  -2.2086831210442473E-004
          11          23   1.3768663385581069E-003
          11          24   4.6330192855196770E-005
          11          25  -3.6087115996930182E-004
          11          26   5.0877661893525411E-003
          11          27   3.6099129351380302E-005
          11          28  -2.8118035573770352E-004
          11          29   3.9242248356506533E-003
          11          30   1.4527533105775480E-012
          11          31   2.8160042594524583E-011
          11          32   7.0373456718488450E-012
          11          33   7.2507034930614699E-011
          11          34   4.0933842754702584E-011
          11          35  -9.2041373912700965E-011
          11          36  -3.2239058938699069E-011
          11          37  -2.6851564087652595E-012
          11          38  -1.2902782380542213E-010
          11          39  -2.9744679508082940E-011
          11          40   3.8927462326418073E-012
          11          41  -4.2347427082607816E-011
          11          42  -1.4629548795272180E-010
          11          43  -6.5216008351799321E-012
          11          44  -6.7692699590300321E-011
          11          45  -4.6201699894498469E-011
          11          46  -6.8315257008743737E-011
          11          47  -1.6476995138682147E-010
          12           1   2.0050394279031872E-012
          12           2   7.7152779636306083E-012
          12           3   1.5768963490193813E-011
          12           4  -3.2568700287194985E-011
          12           5  -1.1572298496398321E-010
          12           6   2.2217329618911444E-010
          12           7  -1.0829755547263927E-009
          12           8   1.0416720691628226E-009
          12           9  0.28900299791676776     
          12          10   1.3229322363459361E-004
          12          11   9.6542855484484503E-006
          12          12   2.0380562951657555     
          12          13   1.0012490623709073E-003
          12          14   7.3067572317477573E-005
          12          15 -0.66057995341248921     
          12          16  -2.5861854447733227E-003
          12          17  -1.8873046763681506E-004
          12          18 -0.25388943504710565     
          12          19  -5.2798983415696071E-004
          12          20  -3.8530973231356601E-005
          12          21   1.0416419792865318E-002
          12          22   3.0430218551933549E-003
          12          23   2.2206839074768967E-004
          12          24   3.9627606894348993E-002
          12          25   4.9731567767824312E-003
          12          26   3.6292328638968347E-004
          12          27   3.0340797773865093E-002
          12          28   3.8748754005141603E-003
          12          29   2.8277406223823769E-004
          12          30  -2.0019410754186226E-009
          12          31   2.9341135406074092E-010
          12          32   3.1503946842174280E-010
          12          33   9.5801087507980841E-010
          12          34  -4.0901769727102744E-010
          12          35   1.8810091475112808E-009
          12          36  -4.0539278842240657E-011
          12          37   2.5487822104950027E-010
          12          38   6.1954565847040697E-011
          12          39  -2.7032272895796436E-011
          12          40  -1.6209546084485987E-010
          12          41   1.1247620928551440E-010
          12          42  -3.4791896095098731E-010
          12          43  -2.9513839719772786E-010
          12          44  -4.3416727331943154E-011
          12          45   2.6247097278129235E-010
          12          46   1.2649946451261732E-010
          12          47   2.1032921251706266E-010
          13           1   5.6329053567537530E-013
          13           2   8.0521438893778578E-013
          13           3  -1.2290537407771372E-011
          13           4   4.7252194819279220E-011
          13           5  -6.9701392849963549E-011
          13           6   4.8658898552338351E-011
          13           7  -2.0651438390226317E-010
          13           8   2.7412056847563164E-010
          13           9   1.3229322290877799E-004
          13          10  0.28798953564019458     
          13          11  -7.5198228485919171E-005
          13          12   1.0012490623709073E-003
          13          13   2.0303859993452278     
          13          14  -5.6913085298770526E-004
          13          15  -2.5861854814301726E-003
          13          16 -0.64076789194933581     
          13          17   1.4700418173502587E-003
          13          18  -5.2798980291758190E-004
          13          19 -0.24984464935735767     
          13          20   3.0012035861971896E-004
          13          21   3.0430213277690041E-003
          13          22  -1.2895337153216063E-002
          13          23  -1.7297168909057273E-003
          13          24   4.9731574880574371E-003
          13          25   1.5296008700033540E-003
          13          26  -2.8268466655351531E-003
          13          27   3.8748746403953504E-003
          13          28   6.5643890620405295E-004
          13          29  -2.2025596516132384E-003
          13          30   1.6473042320490119E-009
          13          31   2.8876567240703897E-009
          13          32   4.5679648288044023E-010
          13          33  -8.8196728157227300E-011
          13          34   1.3416393425738187E-009
          13          35  -2.1162802964442754E-009
          13          36   7.5945497121451645E-011
          13          37   6.8733793234525360E-010
          13          38   1.9245238960470759E-010
          13          39   7.8674976431688580E-011
          13          40   2.3876610866233597E-010
          13          41  -1.7298607332932856E-010
          13          42   7.8058459097060606E-011
          13          43  -2.7554246421892534E-011
          13          44   2.8853289097467145E-011
          13          45   3.4949655845305879E-011
          13          46   1.1192643257292988E-010
          13          47   4.5670500276480842E-011
          14           1  -1.0711833029616154E-011
          14           2  -4.0092346522255929E-011
          14           3  -1.5596264031334330E-011
          14           4  -1.7244272212040015E-011
          14           5   7.8928084438453350E-010
          14           6  -1.6014046394120256E-009
          14           7   4.1571119458852005E-009
          14           8  -8.3794632962457059E-011
          14           9   9.6542816817397155E-006
          14          10  -7.5198226781457471E-005
          14          11  0.28901449463698564     
          14          12   7.3067572317477573E-005
          14          13  -5.6913085298770526E-004
          14          14   2.0381433070562842     
          14          15  -1.8873062109746609E-004
          14          16   1.4700418865603046E-003
          14          17 -0.66080470157103322     
          14          18  -3.8530661251829902E-005
          14          19   3.0012014512026679E-004
          14          20 -0.25393531883280129     
          14          21   2.2206922466914440E-004
          14          22  -1.7297161358397521E-003
          14          23   1.0680868197164895E-002
          14          24   3.6292283026068188E-004
          14          25  -2.8268471953793247E-003
          14          26   4.0059789428092546E-002
          14          27   2.8277399029682496E-004
          14          28  -2.2025598934557133E-003
          14          29   3.0677535668345704E-002
          14          30   1.7972303512941727E-010
          14          31   3.8777974490497021E-010
          14          32   4.5934306133535599E-011
          14          33   5.0054625949582357E-010
          14          34   4.0122856035939495E-010
          14          35  -9.6622379257724387E-010
          14          36  -1.8779925503389254E-010
          14          37   3.9502012470866816E-011
          14          38  -9.9132835499271868E-010
          14          39  -2.5242258381694218E-010
          14          40   6.1209150633477378E-011
          14          41  -3.9256508427620957E-010
          14          42  -1.1116680163519027E-009
          14          43  -4.5588674071173455E-011
          14          44  -5.0823999190270985E-010
          14          45  -3.5951449370176691E-010
          14          46  -5.3119160437243174E-010
          14          47  -1.2747206502693030E-009
          15           1  -5.3834035884074405E-012
          15           2  -2.2244523814640476E-011
          15           3   5.8073137136179656E-012
          15           4   5.9783780435257072E-011
          15           5   1.7002403512844743E-010
          15           6  -4.6078627968715697E-010
          15           7   2.5643394690395740E-009
          15           8  -2.6738858435870979E-009
          15           9  -8.5351105570263930E-002
          15          10  -3.3214556387891085E-004
          15          11  -2.4238803652979157E-005
          15          12 -0.66057995341248921     
          15          13  -2.5861854814301726E-003
          15          14  -1.8873062109746609E-004
          15          15   1.4805425168580291     
          15          16   6.5828912122627946E-003
          15          17   4.8039578723479780E-004
          15          18  0.51981622192723309     
          15          19   1.5356233432395614E-003
          15          20   1.1206467116099370E-004
          15          21  -2.5669864788020563E-002
          15          22  -7.7541817298146156E-003
          15          23  -5.6587136744520427E-004
          15          24 -0.10531145096344320     
          15          25  -1.2724041107069541E-002
          15          26  -9.2855508572732104E-004
          15          27  -7.6386861792412164E-002
          15          28  -9.9089734051001389E-003
          15          29  -7.2312031765471433E-004
          15          30   6.1841170163547556E-009
          15          31  -5.6356707082747584E-010
          15          32  -8.0184330091080672E-010
          15          33  -2.0603253061035468E-009
          15          34   1.2158098051783852E-009
          15          35  -5.8031598150188806E-009
          15          36   8.8482543454494392E-010
          15          37  -5.4906228900772947E-010
          15          38  -1.8608617453143925E-010
          15          39  -1.5695774564573405E-010
          15          40   4.0765217514723428E-010
          15          41  -9.1791279293438301E-010
          15          42   8.9573220517319132E-010
          15          43   6.0599912379844944E-010
          15          44   2.0948899205700764E-010
          15          45  -5.1859928854363840E-010
          15          46  -3.3447021794111781E-010
          15          47  -4.1851206376540257E-010
          16           1   1.4953611352394245E-012
          16           2   6.8304237198880129E-012
          16           3  -6.7384686755654520E-013
          16           4  -8.8076278736207552E-011
          16           5   1.5879536778730242E-010
          16           6  -8.2528948073484398E-011
          16           7   3.8526491254684974E-010
          16           8  -7.5460630955907618E-010
          16           9  -3.3214555877754675E-004
          16          10  -8.2806629021198674E-002
          16          11   1.8879847916623583E-004
          16          12  -2.5861854447733227E-003
          16          13 -0.64076789194933581     
          16          14   1.4700418865603046E-003
          16          15   6.5828912122627946E-003
          16          16   1.4301127819158943     
          16          17  -3.7418530577356208E-003
          16          18   1.5356231908685081E-003
          16          19  0.50805223138939337     
          16          20  -8.7288020606939238E-004
          16          21  -7.7541805495308039E-003
          16          22   3.3732799073475137E-002
          16          23   4.4076381611508298E-003
          16          24  -1.2724042707054368E-002
          16          25  -7.8360225961998601E-003
          16          26   7.2326118162996927E-003
          16          27  -9.9089715641587865E-003
          16          28  -4.7693032583529926E-004
          16          29   5.6324662795373022E-003
          16          30  -3.4048974685992679E-009
          16          31  -7.7285976218874621E-009
          16          32  -1.2402157214665896E-009
          16          33   2.9222045217595199E-010
          16          34  -3.5556929484351938E-009
          16          35   4.6927439036709627E-009
          16          36  -1.8089317834777885E-010
          16          37  -1.9635409464062017E-009
          16          38  -4.8288234153512228E-010
          16          39  -1.3123478817618659E-010
          16          40  -9.5036094413084823E-010
          16          41   4.8451841081727156E-010
          16          42  -1.3034436506901102E-010
          16          43   1.1463220536801721E-011
          16          44  -3.1758077193346176E-011
          16          45  -7.2397266152328763E-011
          16          46  -2.4662217124902289E-010
          16          47  -7.3003786945972054E-011
          17           1   2.0323835978931592E-011
          17           2   7.9964972870715957E-011
          17           3  -5.3224285336342090E-011
          17           4   2.0229566039757869E-010
          17           5  -1.7577760329915620E-009
          17           6   3.4401705277152116E-009
          17           7  -9.0521816439435851E-009
          17           8   8.4830483001096704E-010
          17           9  -2.4238775958551283E-005
          17          10   1.8879846538787483E-004
          17          11  -8.5379970106094411E-002
          17          12  -1.8873046763681506E-004
          17          13   1.4700418173502587E-003
          17          14 -0.66080470157103322     
          17          15   4.8039578723479780E-004
          17          16  -3.7418530577356208E-003
          17          17   1.4811145920893358     
          17          18   1.1206387837270117E-004
          17          19  -8.7287975443687117E-004
          17          20  0.51994967195937836     
          17          21  -5.6587301990293807E-004
          17          22   4.4076367834033686E-003
          17          23  -2.6343727882935031E-002
          17          24  -9.2855442001466676E-004
          17          25   7.2326125612426828E-003
          17          26 -0.10641720940613801     
          17          27  -7.2311979133252960E-004
          17          28   5.6324674336521319E-003
          17          29  -7.7247980289985946E-002
          17          30  -8.5017830227604808E-010
          17          31  -1.1770168266920603E-009
          17          32  -2.0062424582196923E-010
