           1           1  0.53907535044248855     
           1           2  0.75727768448287081     
           1           3 -0.28771888582596455     
           1           4 -0.33258455494717681     
           1           5  0.15831876272830891     
           1           6   2.6515712157197321E-002
           1           7  -9.7584169898961723E-002
           1           8  -6.0625625952495904E-002
           1           9   2.5867018018742326E-002
           1          10   5.3257998486162623E-003
           1          11  -1.5170440226927662E-014
           1          12  -6.7561298461820730E-015
           1          13   2.4964322093223162E-015
           1          14   8.6731872781295127E-016
           1          15  -1.8075732626818535E-015
           1          16  -5.7351924795439788E-015
           1          17   9.2218381779092499E-015
           1          18   2.5335751696948970E-014
           1          19   1.3366610934455203E-014
           1          20  -1.1121842407856269E-014
           1          21  -1.9505128633806347E-014
           1          22  -1.5827671499161133E-015
           1          23  -9.1371246146375930E-015
           1          24   2.4094418840067748E-015
           1          25   1.5955850140444970E-014
           1          26  -4.1892017546370688E-015
           1          27  -5.5239611057860641E-015
           1          28  -1.0121025141125448E-014
           1          29   8.1571938049781624E-015
           1          30  -9.4264085123021410E-015
           1          31   1.8272972195930966E-014
           1          32  -6.4311836643021443E-015
           1          33  -1.6142338651817838E-015
           1          34  -2.5115134008741850E-014
           1          35   6.8126130388916010E-016
           1          36  -3.5188270305698512E-016
           1          37   1.0235820229909646E-014
           1          38   3.3753489045171503E-002
           1          39  -2.7652775984533059E-016
           1          40   3.3753489045242537E-002
           1          41   6.3187386924279688E-015
           1          42   2.9818997407245236E-015
           1          43   3.3753489045182522E-002
           1          44   4.2018756378027183E-002
           1          45   5.3782138393029234E-015
           1          46   4.2018756378092367E-002
           1          47  -9.9226408066362889E-015
           1          48   3.1908736601251522E-015
           1          49   4.2018756378050227E-002
           1          50   4.1967325463754665E-003
           1          51  -3.3605824559317436E-015
           1          52   4.1967325463911154E-003
           1          53   1.1162085947866300E-016
           1          54  -4.1136395675057405E-015
           1          55   4.1967325463457689E-003
           1          56   7.7583223223548110E-003
           1          57  -1.6001143657731183E-015
           1          58   7.7583223223561606E-003
           1          59  -1.1710839735374615E-015
           1          60   2.1239568497849724E-015
           1          61   7.7583223223583403E-003
           1          62  -1.3018483814982709E-005
           1          63   4.6258250584912891E-015
           1          64  -1.3018483810130470E-005
           1          65  -1.2542176134002048E-015
           1          66   1.7683735413389988E-015
           1          67  -1.3018483800365278E-005
           2           1  0.75727768448287081     
           2           2   1.1299825164631025     
           2           3 -0.64887797628657540     
           2           4 -0.76983978211220849     
           2           5  0.40502400299011382     
           2           6   6.4503561310962007E-002
           2           7 -0.25581098157148546     
           2           8 -0.16332659557459214     
           2           9   6.1666871785627034E-002
           2          10   1.3243137777286598E-002
           2          11  -3.9235468584962683E-014
           2          12  -2.2873193210680344E-016
           2          13   1.2911563572475688E-014
           2          14  -1.2363773562549876E-015
           2          15  -1.6173118755431606E-015
           2          16  -6.8405282835948710E-015
           2          17   3.9673307417795018E-014
           2          18   3.4827272598280202E-014
           2          19   7.7717223292939683E-015
           2          20  -3.0782434562616681E-015
           2          21  -4.3878915866317767E-014
           2          22  -1.4364143707987201E-015
           2          23  -2.7845878676314423E-014
           2          24  -1.9763111417593284E-014
           2          25   3.5031354672836467E-014
           2          26   2.2802606200680317E-015
           2          27  -8.7921746590680297E-015
           2          28  -1.3701287954652912E-014
           2          29   6.5846489370708431E-015
           2          30  -1.6383823644516183E-014
           2          31   3.1035283180233301E-014
           2          32  -1.2031066234446982E-014
           2          33  -1.5745139946768282E-014
           2          34  -5.3079523203114704E-014
           2          35  -3.7244197848157054E-015
           2          36  -5.5713037260398131E-016
           2          37   2.1413933002439782E-014
           2          38   9.6287477045581202E-002
           2          39   2.8250475841271085E-015
           2          40   9.6287477045732595E-002
           2          41   1.1522576723363762E-014
           2          42   2.3190015073613141E-015
           2          43   9.6287477045633368E-002
           2          44  0.11184143208018871     
           2          45   1.0974845051179053E-014
           2          46  0.11184143208034611     
           2          47  -1.5172374598827363E-014
           2          48   4.5545806853379786E-015
           2          49  0.11184143208023557     
           2          50   1.4209720439143434E-002
           2          51  -4.4222221570764065E-015
           2          52   1.4209720439238425E-002
           2          53  -1.4493517124082659E-014
           2          54  -6.3150357587970038E-015
           2          55   1.4209720439031124E-002
           2          56   2.0882586003539469E-002
           2          57  -2.2505426233112318E-015
           2          58   2.0882586003581644E-002
           2          59   9.0962562954220878E-016
           2          60   3.4297049718295597E-015
           2          61   2.0882586003519030E-002
           2          62   7.1360632217047420E-004
           2          63   8.7883645272727034E-015
           2          64   7.1360632218730536E-004
           2          65  -2.7639790646326588E-015
           2          66   6.6320276266765892E-015
           2          67   7.1360632219919081E-004
           3           1 -0.28771888582596455     
           3           2 -0.64887797628657540     
           3           3   1.0681450389618143     
           3           4   1.2885642841031126     
           3           5 -0.80785538411029900     
           3           6  -7.5799454766497673E-002
           3           7  0.59703972214373091     
           3           8  0.31249748953936662     
           3           9 -0.16429722806286037     
           3          10  -2.9875547838005688E-002
           3          11   8.1806397860663762E-015
           3          12   6.6262113665922655E-014
           3          13   1.6840900521498901E-014
           3          14   2.2353315454592493E-015
           3          15   6.8444994602040578E-015
           3          16   4.5610847290374054E-015
           3          17  -1.1904627743572967E-014
           3          18  -1.6280735907622955E-013
           3          19  -2.5106690522239938E-014
           3          20   4.9760222144292036E-014
           3          21  -3.2251434499674004E-014
           3          22  -4.8254276583611809E-014
           3          23   1.1872625911710085E-013
           3          24   8.9402932536314488E-014
           3          25  -5.1340981499501000E-014
           3          26  -2.6624899278405267E-014
           3          27   2.1358220878054279E-014
           3          28   1.9014294245519586E-014
           3          29  -2.5673286578804539E-014
           3          30  -2.4307792401068912E-016
           3          31  -4.6359375871358183E-014
           3          32  -1.9455354057190469E-014
           3          33   4.5371476944038143E-014
           3          34   7.1266182289290012E-014
           3          35  -3.4763815503692023E-015
           3          36  -1.3010456620249084E-014
           3          37  -3.9285989058354249E-014
           3          38 -0.18499334949347029     
           3          39  -6.9823274197064753E-014
           3          40 -0.18499334949352875     
           3          41  -1.6037327031340073E-014
           3          42  -7.7326813140431037E-015
           3          43 -0.18499334949324542     
           3          44 -0.21490001998335359     
           3          45  -5.6311745848847589E-014
           3          46 -0.21490001998334529     
           3          47   8.9146215000403086E-015
           3          48  -5.7221488650804483E-015
           3          49 -0.21490001998332686     
           3          50  -2.8668667822031521E-002
           3          51  -1.0227576060116201E-014
           3          52  -2.8668667821684209E-002
           3          53   6.5410140800018007E-014
           3          54   1.1878579519461972E-014
           3          55  -2.8668667822202273E-002
           3          56  -4.7694676496317923E-002
           3          57   5.5912223008277286E-015
           3          58  -4.7694676496046362E-002
           3          59  -6.6855817194944622E-015
           3          60   2.0510939056226144E-015
           3          61  -4.7694676496458970E-002
           3          62   2.6117791730419244E-003
           3          63  -1.0433081698190932E-014
           3          64   2.6117791730477548E-003
           3          65   1.0728868167597914E-014
           3          66  -1.6804466107560363E-014
           3          67   2.6117791729842604E-003
           4           1 -0.33258455494717681     
           4           2 -0.76983978211220849     
           4           3   1.2885642841031126     
           4           4   1.7055089175730780     
           4           5  -1.3830243111847249     
           4           6 -0.17090068046810336     
           4           7  0.94166983693394057     
           4           8  0.59035955237810245     
           4           9 -0.23909314968590395     
           4          10  -5.1087834338445479E-002
           4          11   4.6919313485106443E-014
           4          12   5.1909155541756270E-014
           4          13  -2.1445091558682271E-014
           4          14   1.8098787181378090E-015
           4          15   6.5778403784171872E-015
           4          16   6.3277455721086713E-015
           4          17  -8.6793621543502116E-014
           4          18  -1.6432002148746625E-013
           4          19   3.9359063277722111E-014
           4          20   1.3053673553625504E-014
           4          21   1.4029140442641243E-014
           4          22  -3.1101337679948623E-014
           4          23   1.5750867874821023E-013
           4          24   1.4047629636695902E-013
           4          25  -9.4400946368601759E-014
           4          26  -4.5484091302414190E-014
           4          27   1.8513512365500172E-014
           4          28   8.2402124099159983E-015
           4          29  -2.2186215139741545E-015
           4          30   2.0119087879604093E-014
           4          31  -5.9017123983034212E-014
           4          32  -8.4938829554157354E-015
           4          33   7.8050202389465357E-014
           4          34   1.3504774373492604E-013
           4          35   1.6622569123755111E-014
           4          36  -5.8134609191417929E-015
           4          37  -6.2898001787017346E-014
           4          38 -0.31415128466181946     
           4          39   8.8484954467887258E-014
           4          40 -0.31415128466282882     
           4          41  -5.4492832377429179E-014
           4          42   1.3221223919823592E-015
           4          43 -0.31415128466238207     
           4          44 -0.35193181516941430     
           4          45   3.7673208911822455E-014
           4          46 -0.35193181517034217     
           4          47   1.2873986320958262E-014
           4          48  -9.9389858378206197E-015
           4          49 -0.35193181516969407     
           4          50  -4.9336997215464064E-002
           4          51   3.1424868118448349E-017
           4          52  -4.9336997216103032E-002
           4          53   1.2145939383696483E-013
           4          54   1.1052102639450463E-014
           4          55  -4.9336997214903623E-002
           4          56  -7.8882591744439845E-002
           4          57  -7.1726912144126631E-016
           4          58  -7.8882591744731778E-002
           4          59  -7.5280238426290207E-015
           4          60  -2.3093724178588373E-016
           4          61  -7.8882591744218467E-002
           4          62  -2.5533090187741143E-003
           4          63  -2.3343388504902487E-014
           4          64  -2.5533090188553983E-003
           4          65   7.9967096798686734E-015
           4          66  -3.0618869439860070E-014
           4          67  -2.5533090188481419E-003
           5           1  0.15831876272830891     
           5           2  0.40502400299011382     
           5           3 -0.80785538411029900     
           5           4  -1.3830243111847249     
           5           5   2.9796709289916512     
           5           6 -0.12428996486489147     
           5           7  -2.7908924914353985     
           5           8  -1.0605835026506831     
           5           9   1.0027259166711573     
           5          10  0.15724090994521406     
           5          11   4.8586679742026156E-013
           5          12  -7.9524064865617625E-013
           5          13  -2.3791614075586680E-013
           5          14   6.8913802299292657E-014
           5          15  -8.9245694902018348E-014
           5          16  -5.3117364805689359E-014
           5          17  -5.6703125975326083E-013
           5          18   1.3399783140105715E-012
           5          19   1.7757427140175405E-013
           5          20  -7.2182928167330650E-013
           5          21   6.5820708810606148E-013
           5          22   3.2059205504880746E-013
           5          23  -5.0563766184727485E-013
           5          24  -2.2502775836278306E-013
           5          25   2.3832393510603358E-013
           5          26   2.8282784786575784E-013
           5          27  -6.8956421755850192E-014
           5          28  -6.1136612724555346E-014
           5          29   4.2502738069111682E-014
           5          30  -3.1883968250164016E-014
           5          31   1.3928483935250620E-013
           5          32  -1.3785453857233017E-013
           5          33  -2.8403343795869954E-013
           5          34  -3.6698745848545422E-013
           5          35  -5.7817414725760198E-014
           5          36   4.0809296262984698E-014
           5          37   1.1310000195020381E-013
           5          38  0.33376769147549812     
           5          39   9.3096441257200720E-014
           5          40  0.33376769147650248     
           5          41   1.5847674233829548E-013
           5          42   7.3351171278758120E-014
           5          43  0.33376769147458463     
           5          44  0.50892810959076673     
           5          45   1.2362860317063748E-013
           5          46  0.50892810959106782     
           5          47  -1.9390433730500434E-014
           5          48   4.8951810203546868E-014
           5          49  0.50892810959079493     
           5          50   2.3015648445870781E-002
           5          51   3.8325977748775801E-014
           5          52   2.3015648443978610E-002
           5          53  -3.6641844204105039E-013
           5          54  -2.0226941391301699E-014
           5          55   2.3015648447316007E-002
           5          56  0.20670288019861643     
           5          57  -6.9334210567037414E-014
           5          58  0.20670288019705463     
           5          59  -2.5562581729248355E-014
           5          60   8.1294540744779639E-015
           5          61  0.20670288019961303     
           5          62  -4.4207043173332961E-002
           5          63   4.0357743133533831E-014
           5          64  -4.4207043173393065E-002
           5          65  -6.9521360644358057E-014
           5          66   6.7502317071784823E-014
           5          67  -4.4207043173040431E-002
           6           1   2.6515712157197321E-002
           6           2   6.4503561310962007E-002
           6           3  -7.5799454766497673E-002
           6           4 -0.17090068046810336     
           6           5 -0.12428996486489147     
           6           6  0.18713140668988049     
           6           7  0.41266675725361945     
           6           8 -0.11485769445370346     
           6           9 -0.24750641764075845     
           6          10  -1.6757379642097045E-002
           6          11  -1.9763062289623110E-013
           6          12   2.1967949184306582E-013
           6          13   5.4820650473413008E-014
           6          14  -2.0500358337655174E-014
           6          15   2.4615664995286441E-014
           6          16   7.8520123570693391E-015
           6          17   2.7005127000195959E-013
           6          18  -3.2250313975542773E-013
           6          19  -5.8491520383674936E-014
           6          20   2.5838785043203420E-013
           6          21  -2.0048530077860400E-013
           6          22  -7.4790062715746781E-014
           6          23  -1.9177437172249786E-014
           6          24  -6.1854817306303816E-014
           6          25  -6.1855601762218464E-014
           6          26  -1.5390469102091345E-013
           6          27  -3.3599393696863920E-014
           6          28  -1.1735533905130583E-015
           6          29   6.3145285364298804E-014
           6          30   2.9792169130853305E-014
           6          31   2.5491794373619112E-014
           6          32   2.5115284251783645E-013
           6          33   1.3204924452643249E-013
           6          34   8.0917867890352792E-014
           6          35   6.9421651864404935E-014
           6          36   1.2621504905436531E-015
           6          37   4.6751522712636905E-014
           6          38   8.2490529503816440E-002
           6          39   4.5910374378846700E-014
           6          40   8.2490529504588406E-002
           6          41  -8.8660430218456318E-014
           6          42   7.0435054933733325E-015
           6          43   8.2490529503994964E-002
           6          44   3.5492116920227079E-002
           6          45   8.0660146514498193E-015
           6          46   3.5492116920606880E-002
           6          47   8.1947951661634892E-015
           6          48  -1.3395660429643662E-014
           6          49   3.5492116920393592E-002
           6          50   2.1195193364039300E-002
           6          51  -9.5324298768774039E-015
           6          52   2.1195193363545403E-002
           6          53   1.6456371713891128E-013
           6          54  -5.2768185794500583E-014
           6          55   2.1195193364107086E-002
           6          56  -2.8544051001837538E-002
           6          57   4.4785372544079977E-014
           6          58  -2.8544051002268769E-002
           6          59   5.1186952242873852E-014
           6          60  -2.9339258235729245E-014
           6          61  -2.8544051001945570E-002
           6          62   2.8143815382165763E-002
           6          63   1.5828168454465638E-014
           6          64   2.8143815382121139E-002
           6          65   3.6988211481566964E-014
           6          66   3.7657779644886666E-016
           6          67   2.8143815382153159E-002
           7           1  -9.7584169898961723E-002
           7           2 -0.25581098157148546     
           7           3  0.59703972214373091     
           7           4  0.94166983693394057     
           7           5  -2.7908924914353985     
           7           6  0.41266675725361945     
           7           7   3.0987534108388251     
           7           8  0.75808970585233193     
           7           9  -1.2954349453498883     
           7          10 -0.17054659177155748     
           7          11  -4.6715088552653658E-013
           7          12   8.3435920999960975E-013
           7          13   2.3740571354150167E-013
           7          14  -7.5433235441143518E-014
           7          15   9.7880527074160203E-014
           7          16   4.5690593548202616E-014
           7          17   4.6875092269826021E-013
           7          18  -1.3916458016906211E-012
           7          19  -2.1180297370773201E-013
           7          20   7.2851906932719150E-013
           7          21  -6.6457098778410557E-013
           7          22  -3.6467708442019428E-013
           7          23   6.8768604358552254E-013
           7          24   2.0168031991834398E-013
           7          25  -2.3078999755439253E-013
           7          26  -2.4268088629250587E-013
           7          27   4.7371414633262309E-014
           7          28   8.9640559521279871E-014
           7          29  -2.2875774409822838E-013
           7          30  -3.6997320869751362E-014
           7          31  -1.9021733230590483E-013
           7          32   7.3810894422336306E-014
           7          33   2.6441996627144042E-013
           7          34   2.8504450495731602E-013
           7          35  -3.4865797343143475E-014
           7          36  -1.1247949588760138E-013
           7          37  -1.0079525679165475E-013
           7          38 -0.15423442862955078     
           7          39   1.1523287795318741E-013
           7          40 -0.15423442862892528     
           7          41  -3.3437148997050916E-013
           7          42  -2.8615981277737944E-015
           7          43 -0.15423442862912873     
           7          44 -0.38536610900122159     
           7          45  -2.5428925978258618E-014
           7          46 -0.38536610900113422     
           7          47   4.8918983089945562E-014
           7          48  -5.7889374817643416E-014
           7          49 -0.38536610900096419     
           7          50   1.6445947190758061E-002
           7          51  -5.6167998314668559E-014
           7          52   1.6445947190042980E-002
           7          53   6.8823801475614690E-013
           7          54  -1.2780033737296329E-013
           7          55   1.6445947190908652E-002
           7          56 -0.22861671575966663     
           7          57   1.2695816015023802E-013
           7          58 -0.22861671576017067     
           7          59   1.2881312454748313E-013
           7          60  -9.4178101871883066E-014
           7          61 -0.22861671576016418     
           7          62   8.3419515700643043E-002
           7          63  -1.6688156748218053E-014
           7          64   8.3419515700492719E-002
           7          65   1.1585192211958162E-013
           7          66  -6.6979914855425202E-014
           7          67   8.3419515700387914E-002
           8           1  -6.0625625952495904E-002
           8           2 -0.16332659557459214     
           8           3  0.31249748953936662     
           8           4  0.59035955237810245     
           8           5  -1.0605835026506831     
           8           6 -0.11485769445370346     
           8           7  0.75808970585233193     
           8           8   1.1263452589237668     
           8           9 -0.28605167811081433     
           8          10 -0.15798503275660680     
           8          11  -3.8374459769319549E-013
           8          12   2.9419599221654963E-013
           8          13   1.0115429903664047E-013
           8          14  -1.7527713757802269E-014
           8          15   3.0087934718571948E-014
           8          16   3.2040237424006391E-014
           8          17   6.9347923300794939E-013
           8          18  -4.8880223017546772E-013
           8          19  -2.6625870467090122E-015
           8          20   4.8711178500445279E-013
           8          21  -3.1314543002858788E-013
           8          22  -7.6942864626351747E-014
           8          23  -4.8897682267581199E-013
           8          24  -9.9025705118055084E-014
           8          25  -1.6445055492462630E-013
           8          26  -4.3685989087308078E-013
           8          27   7.5787055203057598E-015
           8          28  -9.0100141493818668E-014
           8          29   5.8065710480159778E-013
           8          30   2.9344993959745482E-013
           8          31   1.7538088276859731E-013
           8          32   5.8858984902577928E-013
           8          33   3.2674799921015914E-013
           8          34   6.4894079525503666E-013
           8          35   4.1086250047125218E-013
           8          36   2.5741612062962851E-013
           8          37  -1.0353842307168015E-013
           8          38 -0.14955876592641698     
           8          39  -5.1362431512416946E-013
           8          40 -0.14955876592982209     
           8          41   4.0245581539004223E-013
           8          42  -1.7888617405581841E-013
           8          43 -0.14955876592430484     
           8          44 -0.21196844013994634     
           8          45  -2.5783770003342410E-013
           8          46 -0.21196844014050364     
           8          47  -7.2908203234518935E-014
           8          48  -6.7398155450702520E-015
           8          49 -0.21196844014035876     
           8          50   1.6361924495599985E-002
           8          51   8.4348201053271919E-014
           8          52   1.6361924502332252E-002
           8          53  -6.6196955749439539E-013
           8          54   2.3330983423492511E-013
           8          55   1.6361924490629197E-002
           8          56  -4.5045582133597419E-002
           8          57  -1.5583470981266581E-014
           8          58  -4.5045582128401956E-002
           8          59  -2.3480834070579479E-013
           8          60   3.5432199629931379E-014
           8          61  -4.5045582135832554E-002
           8          62  -5.4239481177090654E-002
           8          63  -1.6937903415938087E-013
           8          64  -5.4239481176636371E-002
           8          65  -1.2359501373476436E-013
           8          66  -1.2598808839257456E-013
           8          67  -5.4239481177561909E-002
           9           1   2.5867018018742326E-002
           9           2   6.1666871785627034E-002
           9           3 -0.16429722806286037     
           9           4 -0.23909314968590395     
           9           5   1.0027259166711573     
           9           6 -0.24750641764075845     
           9           7  -1.2954349453498883     
           9           8 -0.28605167811081433     
           9           9   1.4923354258262476     
           9          10  0.28377128408905983     
           9          11   4.9213268807496068E-013
           9          12  -6.7944607114864349E-013
           9          13  -2.6861147316145618E-013
           9          14   6.5999189266277976E-014
           9          15  -8.2896176480181059E-014
           9          16   5.1376674733167485E-015
           9          17  -5.3895774638052812E-013
           9          18   9.0838678790683927E-013
           9          19   4.4269571801910452E-013
           9          20  -6.5064284027226812E-013
           9          21   6.5277586220042077E-013
           9          22   3.9211757228634339E-013
           9          23  -3.9725573741152169E-013
           9          24   2.5222203715542932E-013
           9          25  -1.1907398659556188E-013
           9          26   6.5707032787871758E-014
           9          27   3.4219270246160439E-014
           9          28  -1.1661415898761611E-013
           9          29   5.8861762794852580E-013
           9          30   1.0598134341303732E-013
           9          31   6.5542691748479121E-014
           9          32   2.9869108228655256E-013
           9          33   8.1094513155319568E-014
           9          34  -1.7323509679601276E-013
           9          35   1.8481689688861550E-013
           9          36   6.1646642871526012E-014
           9          37   2.0815265879588744E-013
           9          38   4.3892999881604920E-003
           9          39  -3.1779754848104125E-013
           9          40   4.3892999844927887E-003
           9          41   3.4542367253005743E-013
           9          42  -1.0610705266853762E-013
           9          43   4.3892999884458123E-003
           9          44  0.11827218018369946     
           9          45  -1.1718667948724094E-013
           9          46  0.11827218018238417     
           9          47  -5.7853175245323628E-015
           9          48   9.4054820291665767E-015
           9          49  0.11827218018328538     
           9          50  -2.2478002453729481E-002
           9          51   1.6372604813126318E-013
           9          52  -2.2478002450090049E-002
           9          53  -5.1314692266155317E-013
           9          54   2.0535963654132002E-013
           9          55  -2.2478002455384297E-002
           9          56  0.20632016492998417     
           9          57  -1.0239393901682341E-013
           9          58  0.20632016493312494     
           9          59  -1.2995347516781677E-013
           9          60   2.3846043462156331E-013
           9          61  0.20632016492967242     
           9          62  -5.1723378572169895E-002
           9          63   2.0088997300844476E-013
           9          64  -5.1723378571736034E-002
           9          65   4.6700048998343458E-014
           9          66   1.9200964705153859E-013
           9          67  -5.1723378571753992E-002
          10           1   5.3257998486162623E-003
          10           2   1.3243137777286598E-002
          10           3  -2.9875547838005688E-002
          10           4  -5.1087834338445479E-002
          10           5  0.15724090994521406     
          10           6  -1.6757379642097045E-002
          10           7 -0.17054659177155748     
          10           8 -0.15798503275660680     
          10           9  0.28377128408905983     
          10          10   7.8131351517251396E-002
          10          11   1.6692345483226747E-013
          10          12  -1.1396115931538533E-013
          10          13  -5.6187603723487397E-014
          10          14   1.3425980274609540E-014
          10          15  -1.7532354856657417E-014
          10          16  -1.2750086391447650E-015
          10          17  -2.6571660934328452E-013
          10          18   1.2469413907942235E-013
          10          19   6.9193674531738674E-014
          10          20  -2.0260458029640743E-013
          10          21   1.1040556048004552E-013
          10          22   6.7772094181700402E-014
          10          23   2.2169615359631087E-013
          10          24   1.5557229206065482E-013
          10          25   3.6360746789010221E-014
          10          26   1.8684225065007089E-013
          10          27   7.0044191273469380E-014
          10          28   2.3632037892360073E-014
          10          29  -1.4954299793688564E-013
          10          30  -8.4096881398570486E-014
          10          31  -8.4306387576221324E-014
          10          32  -2.4642933674374893E-013
          10          33  -9.9635654921647077E-014
          10          34  -2.2794283465488584E-013
          10          35  -1.3243691324601841E-013
          10          36  -7.5987352033291757E-014
          10          37   2.2111947523741236E-014
          10          38   5.6390592603876829E-003
          10          39  -3.4983308464262897E-014
          10          40   5.6390592587546107E-003
          10          41   1.3595193284495421E-013
          10          42  -2.6723600805168863E-014
          10          43   5.6390592600915751E-003
          10          44   2.2591960768342710E-002
          10          45  -1.3728226359206897E-014
          10          46   2.2591960767244599E-002
          10          47  -1.7784483004309157E-014
          10          48   6.4938999539113973E-015
          10          49   2.2591960768176444E-002
          10          50  -6.0762989747001669E-003
          10          51   1.4858430863260789E-014
          10          52  -6.0762989748621970E-003
          10          53  -2.4518057818765368E-013
          10          54   5.9498955069288762E-014
          10          55  -6.0762989747089368E-003
          10          56   3.2862773126084419E-002
          10          57  -1.1557240451621743E-014
          10          58   3.2862773126273649E-002
          10          59  -6.3544511433029141E-014
          10          60   6.3458918983525695E-014
          10          61   3.2862773126100295E-002
          10          62   3.8161202955375355E-003
          10          63   7.0407130780842253E-014
          10          64   3.8161202955895339E-003
          10          65   3.8367646367144195E-014
          10          66   6.0687892475767798E-014
          10          67   3.8161202956694621E-003
          11           1  -1.5170440226927662E-014
          11           2  -3.9235468584962683E-014
          11           3   8.1806397860663762E-015
          11           4   4.6919313485106443E-014
          11           5   4.8586679742026156E-013
          11           6  -1.9763062289623110E-013
          11           7  -4.6715088552653658E-013
          11           8  -3.8374459769319549E-013
          11           9   4.9213268807496068E-013
          11          10   1.6692345483226747E-013
          11          11   1.7834085174147551     
          11          12   1.1174057607655919E-003
          11          13   1.9732102294228423E-003
          11          14  0.40348052165388132     
          11          15   1.6550211757582005E-005
          11          16   2.9225773087921769E-005
          11          17 -0.78094240989071673     
          11          18  -2.5522860343001772E-003
          11          19  -4.5070439837605267E-003
          11          20 -0.44177218143064612     
          11          21  -1.3773164086113201E-003
          11          22  -2.4321825802712293E-003
          11          23  0.40666300060163285     
          11          24   5.3315727333157585E-003
          11          25   9.4149450677220234E-003
          11          26  0.14582139729395008     
          11          27   3.7010505383102349E-003
          11          28   6.5356301520049197E-003
          11          29 -0.10769332367873576     
          11          30  -5.6804724243360609E-003
          11          31  -1.0031061848383958E-002
          11          32  -3.7535511578109151E-002
          11          33  -8.6570401977046837E-003
          11          34  -1.5287338650153158E-002
          11          35  -2.0092194888380953E-002
          11          36  -3.7451965418754856E-003
          11          37  -6.6135869237132633E-003
          11          38  -8.7307239350927280E-014
          11          39  -1.9493576027650342E-014
          11          40  -1.9671193594584149E-013
          11          41  -1.3408597126972077E-013
          11          42  -1.1490357419203259E-015
          11          43   7.4154768975744974E-015
          11          44   1.9615998801890442E-014
          11          45   3.3230809988163268E-014
          11          46   7.4556570900239607E-014
          11          47  -1.3660944437288792E-013
          11          48  -4.7374323485040792E-014
          11          49   1.4131257605190614E-013
          11          50   2.6915089784019763E-013
          11          51  -9.7654506823267555E-015
          11          52   2.4410445242602742E-013
          11          53   7.6888475496281677E-014
          11          54   1.0185210969708979E-014
          11          55   2.7343168047374889E-013
          11          56  -1.8101866481985737E-013
          11          57   8.8482327200413643E-014
          11          58   1.2728315027508031E-014
          11          59  -8.4667000971768875E-014
          11          60  -8.7422787242475147E-014
          11          61  -1.8326740067281530E-013
          11          62  -1.2602787246789264E-013
          11          63  -1.4220879813642599E-013
          11          64  -2.4514731038006633E-013
          11          65   1.3509591469024914E-014
          11          66  -4.1702813958710149E-014
          11          67  -1.2900668809405417E-013
          12           1  -6.7561298461820730E-015
          12           2  -2.2873193210680344E-016
          12           3   6.6262113665922655E-014
          12           4   5.1909155541756270E-014
          12           5  -7.9524064865617625E-013
          12           6   2.1967949184306582E-013
          12           7   8.3435920999960975E-013
          12           8   2.9419599221654963E-013
          12           9  -6.7944607114864349E-013
          12          10  -1.1396115931538533E-013
          12          11   1.1174057607655919E-003
          12          12   1.7835823353429756     
          12          13  -1.8256982828860225E-003
          12          14   1.6550211842457732E-005
          12          15  0.40348309612029193     
          12          16  -2.7040932049955809E-005
          12          17  -2.5522860344223313E-003
          12          18 -0.78133943045967724     
          12          19   4.1701093676176568E-003
          12          20  -1.3773164085745854E-003
          12          21 -0.44198642973060709     
          12          22   2.2503590819872230E-003
          12          23   5.3315727331538706E-003
          12          24  0.40749235280246077     
          12          25  -8.7111088251640122E-003
          12          26   3.7010505383945585E-003
          12          27  0.14639711379722573     
          12          28  -6.0470438314481258E-003
          12          29  -5.6804724244082644E-003
          12          30 -0.10857694893242155     
          12          31   9.2811663546385099E-003
          12          32  -8.6570401976746765E-003
          12          33  -3.8882156498999045E-002
          12          34   1.4144497888306216E-002
          12          35  -3.7451965418282942E-003
          12          36  -2.0674778518177860E-002
          12          37   6.1191727622850320E-003
          12          38   2.7656657826159077E-013
          12          39   6.8809405746960062E-015
          12          40  -6.8076938104653551E-014
          12          41   1.0143028427840396E-013
          12          42  -5.3278588190884010E-015
          12          43   9.1723261910046562E-014
          12          44   7.7586369543312945E-014
          12          45  -3.6177137334164188E-014
          12          46  -2.8026865775731953E-013
          12          47   1.5539771284472814E-013
