           1           1  0.33732367017636367     
           1           2  0.64015839334166635     
           1           3 -0.20799374027166023     
           1           4 -0.15818758281592510     
           1           5  0.13559916741354872     
           1           6   2.8859835044057432E-002
           1           7   1.1601916584446741E-003
           1           8  -1.0283272923599545E-004
           1           9  -7.7320559496884642E-015
           1          10  -4.1983576227881250E-015
           1          11   1.0678194483991879E-014
           1          12  -9.4283348735938568E-014
           1          13  -2.3571169157921808E-014
           1          14   6.6316415863776195E-014
           1          15   2.2225234443194290E-015
           1          16   3.0372156029089957E-014
           1          17  -5.6397754369368157E-014
           1          18  -2.0751675522031356E-014
           1          19  -6.0870056921037503E-014
           1          20   6.7473540203197047E-014
           1          21   1.5288213643968857E-014
           1          22   5.9001343672672264E-014
           1          23  -3.0429941835610658E-014
           1          24  -1.9164844197521083E-014
           1          25  -2.7953889049147231E-014
           1          26   2.2701819433585940E-014
           1          27   2.5535296993657674E-014
           1          28   2.3113442375725520E-014
           1          29  -2.0857588330753680E-014
           1          30  -1.6287096814093075E-002
           1          31  -4.6487271528075435E-004
           1          32  -1.7213432870309631E-002
           1          33   1.3444683170952686E-004
           1          34   4.3121290687970456E-005
           1          35  -1.7342703412698234E-002
           1          36   1.0821341069807721E-003
           1          37  -1.3054127454848214E-004
           1          38   8.2365638906820547E-004
           1          39   3.8092765664569582E-005
           1          40   1.3115951174258418E-005
           1          41   7.8760181248673043E-004
           2           1  0.64015839334166635     
           2           2   1.2527202402810416     
           2           3 -0.61295841976366339     
           2           4 -0.43737018507325065     
           2           5  0.38734474121591678     
           2           6   8.5290131479092229E-002
           2           7   3.4732237154764447E-003
           2           8  -3.1481863080213884E-004
           2           9  -2.2678887307819375E-014
           2          10  -1.1051261036531506E-014
           2          11   3.0219097288360879E-014
           2          12  -2.6226520036973212E-013
           2          13  -6.4287979457745149E-014
           2          14   1.8599006041096451E-013
           2          15   5.3571286823027526E-015
           2          16   8.5576750938972279E-014
           2          17  -1.5615297347655949E-013
           2          18  -5.9068334860625038E-014
           2          19  -1.7329791526350378E-013
           2          20   1.8825367549009483E-013
           2          21   4.3095619164620289E-014
           2          22   1.6625110272854896E-013
           2          23  -8.4255500069820389E-014
           2          24  -5.1945339943122752E-014
           2          25  -8.0941712411379313E-014
           2          26   6.1794668040354287E-014
           2          27   7.1106765499770364E-014
           2          28   6.6697232912284242E-014
           2          29  -5.9534721101315642E-014
           2          30  -4.3460302539046210E-002
           2          31  -1.4154097080887511E-003
           2          32  -4.6282155355408028E-002
           2          33   4.0944592288376353E-004
           2          34   1.3156681926561358E-004
           2          35  -4.6675939261767690E-002
           2          36   3.2730481121956007E-003
           2          37  -3.8640139244278002E-004
           2          38   2.5083749070173608E-003
           2          39   1.1274511395605449E-004
           2          40   3.8795646767288608E-005
           2          41   2.4017111735222781E-003
           3           1 -0.20799374027166023     
           3           2 -0.61295841976366339     
           3           3   1.5212342694680505     
           3           4  0.87402202819597474     
           3           5  -1.4527078502096074     
           3           6 -0.23891965962357883     
           3           7  -9.1270313563660780E-003
           3           8   3.7533400781914264E-004
           3           9   3.7625804457313191E-014
           3          10   2.0095179264871728E-014
           3          11  -4.8838415772533805E-014
           3          12   4.1075764990626395E-013
           3          13   1.2582366170276253E-013
           3          14  -2.9121436576062670E-013
           3          15  -1.2552895923332227E-014
           3          16  -1.6758570237026235E-013
           3          17   2.7198836101246849E-013
           3          18   1.2047732811507714E-013
           3          19   2.8465107215625349E-013
           3          20  -3.2382099598720074E-013
           3          21  -8.5748857450233941E-014
           3          22  -2.8369677324734913E-013
           3          23   1.3536793193289621E-013
           3          24   8.7462752334800340E-014
           3          25   1.4528555425914089E-013
           3          26  -1.0293661852280390E-013
           3          27  -1.1148546349790331E-013
           3          28  -1.1559283418600873E-013
           3          29   1.1442543422234584E-013
           3          30  0.17785733630626882     
           3          31   3.8425042758558911E-003
           3          32  0.18553651432527077     
           3          33  -1.1127576011560054E-003
           3          34  -3.6076593190345060E-004
           3          35  0.18660804075575665     
           3          36  -9.3711374547813045E-003
           3          37   9.0399490110464281E-004
           3          38  -7.5878550663118893E-003
           3          39  -2.6364350123475323E-004
           3          40  -9.0387814783920103E-005
           3          41  -7.3390941712156068E-003
           4           1 -0.15818758281592510     
           4           2 -0.43737018507325065     
           4           3  0.87402202819597474     
           4           4  0.62338208071887369     
           4           5 -0.59838332386417592     
           4           6 -0.21580046911194253     
           4           7  -1.0915443909839534E-002
           4           8   1.9538543970241125E-003
           4           9   3.7844405812638815E-014
           4          10   1.4010862257710862E-014
           4          11  -4.6972377886156152E-014
           4          12   3.8654439542099334E-013
           4          13   9.3859175611791174E-014
           4          14  -2.9057052178287987E-013
           4          15   2.1545293940219308E-014
           4          16  -1.6191786875886999E-013
           4          17   2.2073966816058796E-013
           4          18   9.4824397947204415E-014
           4          19   2.3468944563975340E-013
           4          20  -2.7384424375852495E-013
           4          21  -6.6716178081048111E-014
           4          22  -2.4467827711583853E-013
           4          23   1.1100731923610238E-013
           4          24   6.9692100327238441E-014
           4          25   1.2654040916202204E-013
           4          26  -6.4484432769601634E-014
           4          27  -1.0898620549353599E-013
           4          28  -8.9082149683343952E-014
           4          29   7.9466801055094276E-014
           4          30   4.3274013629567530E-002
           4          31   4.3731546240640753E-003
           4          32   5.2019498758505325E-002
           4          33  -1.2668089754251535E-003
           4          34  -4.1171596404434175E-004
           4          35   5.3239786710056421E-002
           4          36  -7.0271082159027946E-003
           4          37   9.8328903785436118E-004
           4          38  -5.0894832570661901E-003
           4          39  -2.8672278831725218E-004
           4          40  -9.8178620951686047E-005
           4          41  -4.8191877512939203E-003
           5           1  0.13559916741354872     
           5           2  0.38734474121591678     
           5           3  -1.4527078502096074     
           5           4 -0.59838332386417592     
           5           5   3.7644690025372132     
           5           6  0.55200634058867792     
           5           7   2.3637865072741713E-002
           5           8  -2.0742828920803061E-003
           5           9   1.3878026993558342E-014
           5          10  -3.0796937755614649E-015
           5          11  -1.2354193713829684E-014
           5          12   1.2899888860120867E-013
           5          13  -2.6720623858477214E-014
           5          14  -7.4706635838846462E-014
           5          15  -4.5463888899449236E-014
           5          16   6.2014109401331475E-014
           5          17   6.1887973077980380E-015
           5          18  -7.5209800136016672E-014
           5          19   1.4615402956934509E-013
           5          20  -4.2166747525130528E-015
           5          21   4.3491785177251157E-014
           5          22  -4.2120532248717361E-014
           5          23   5.2505418976517232E-014
           5          24  -5.5390594433273244E-015
           5          25   1.0009520280251501E-014
           5          26  -5.3578078439429151E-014
           5          27  -2.1754758776206144E-014
           5          28  -6.0710734047792230E-014
           5          29   5.5915479226659494E-016
           5          30 -0.51149530315958214     
           5          31  -9.2976753767263359E-003
           5          32 -0.53014910975904728     
           5          33   2.6972673990795569E-003
           5          34   8.8702895021612767E-004
           5          35 -0.53275165703336347     
           5          36   1.7349933572710363E-002
           5          37  -1.6187051523157776E-003
           5          38   1.4182710837807151E-002
           5          39   4.7150606382065325E-004
           5          40   1.6013247667677081E-004
           5          41   1.3740840423875689E-002
           6           1   2.8859835044057432E-002
           6           2   8.5290131479092229E-002
           6           3 -0.23891965962357883     
           6           4 -0.21580046911194253     
           6           5  0.55200634058867792     
           6           6  0.26744689499247953     
           6           7   1.5210767195339548E-002
           6           8  -3.3048778206430009E-003
           6           9   2.7226098572624459E-015
           6          10  -7.0077351964975529E-015
           6          11  -2.0003992706784776E-015
           6          12   2.2294707872245987E-014
           6          13  -5.5996805460505053E-014
           6          14  -1.3643238016011448E-014
           6          15  -1.9326173089897648E-014
           6          16   1.0191595152557875E-013
           6          17  -2.3573679053375646E-014
           6          18  -4.3251028258904423E-014
           6          19   7.1021327154474052E-014
           6          20   4.4151432394746679E-014
           6          21   4.0893785674293932E-014
           6          22   1.2939553537198838E-014
           6          23   2.8191109342782076E-014
           6          24  -1.1695081338731247E-014
           6          25  -9.3335379183407165E-015
           6          26  -2.5492818865144466E-014
           6          27   3.7193050644122311E-016
           6          28  -2.6189641505684233E-014
           6          29  -8.9540753780141411E-015
           6          30  -2.8441937615411694E-002
           6          31  -6.2485890880819009E-003
           6          32  -4.0974926498373018E-002
           6          33   1.8124967425119907E-003
           6          34   5.9546143175160553E-004
           6          35  -4.2723524020342900E-002
           6          36   7.2763456908656911E-003
           6          37  -1.1151004381485391E-003
           6          38   5.0928167430835218E-003
           6          39   3.2485046076375008E-004
           6          40   1.1042387028745935E-004
           6          41   4.7881885250659895E-003
           7           1   1.1601916584446741E-003
           7           2   3.4732237154764447E-003
           7           3  -9.1270313563660780E-003
           7           4  -1.0915443909839534E-002
           7           5   2.3637865072741713E-002
           7           6   1.5210767195339548E-002
           7           7   8.9164603090541219E-004
           7           8  -2.0403959546662259E-004
           7           9   1.1427673734668336E-015
           7          10  -3.7641864632091824E-015
           7          11  -2.9048341006316085E-017
           7          12   9.1695246780668734E-015
           7          13  -2.9504049839469946E-014
           7          14  -3.3606199586251746E-016
           7          15  -2.8667289669225424E-014
           7          16   6.2686199141292705E-014
           7          17  -1.0364689538771183E-014
           7          18  -1.2777978719247508E-014
           7          19   1.6797180639357263E-014
           7          20   2.4339118398223886E-016
           7          21  -3.0916247184485617E-015
           7          22   7.6110378477774533E-015
           7          23   7.1335991607812923E-016
           7          24  -4.2130119222651646E-016
           7          25  -1.2420055004794336E-015
           7          26  -1.5450767831181063E-015
           7          27  -1.3464380237495658E-016
           7          28  -1.1778760294372663E-015
           7          29  -4.3026932617164226E-016
           7          30  -3.1453395027630538E-004
           7          31  -3.6577787979267807E-004
           7          32  -1.0481859427791344E-003
           7          33   1.0609934322829048E-004
           7          34   3.4856919796184658E-005
           7          35  -1.1505447712040545E-003
           7          36   4.0190296254785586E-004
           7          37  -6.5275714204046558E-005
           7          38   2.7408359568382323E-004
           7          39   1.9016086380030589E-005
           7          40   6.4639901444970780E-006
           7          41   2.5625127616701388E-004
           8           1  -1.0283272923599545E-004
           8           2  -3.1481863080213884E-004
           8           3   3.7533400781914264E-004
           8           4   1.9538543970241125E-003
           8           5  -2.0742828920803061E-003
           8           6  -3.3048778206430009E-003
           8           7  -2.0403959546662259E-004
           8           8   5.0609461232051097E-005
           8           9  -2.5563181944598870E-016
           8          10   1.4509471120642943E-015
           8          11   1.8715998237715870E-016
           8          12  -1.7347919730898056E-015
           8          13   1.1469493720571435E-014
           8          14   1.5506357662689578E-015
           8          15   1.3511318171110489E-014
           8          16  -2.1272475757713874E-014
           8          17   1.2804480329719484E-015
           8          18   3.1261933790312822E-015
           8          19  -4.8939060433702108E-015
           8          20   2.3578055850501827E-016
           8          21   6.8591470620365529E-016
           8          22  -2.4614429513315194E-015
           8          23   2.1185566984251241E-018
           8          24  -4.4355546458199358E-017
           8          25   4.1136232940512430E-016
           8          26   4.3181504310241002E-016
           8          27   3.1630608509094979E-017
           8          28   2.1018811015411341E-016
           8          29   4.3899265754030433E-017
           8          30  -4.4662338353486760E-004
           8          31   8.3404121059750227E-005
           8          32  -2.7934580335628825E-004
           8          33  -2.4192048242446416E-005
           8          34  -7.9463447569725020E-006
           8          35  -2.5600726267964967E-004
           8          36  -8.2762271284344169E-005
           8          37   1.4951791681586992E-005
           8          38  -5.3480410377076271E-005
           8          39  -4.3558386273547149E-006
           8          40  -1.4808849636493091E-006
           8          41  -4.9395251801561126E-005
           9           1  -7.7320559496884642E-015
           9           2  -2.2678887307819375E-014
           9           3   3.7625804457313191E-014
           9           4   3.7844405812638815E-014
           9           5   1.3878026993558342E-014
           9           6   2.7226098572624459E-015
           9           7   1.1427673734668336E-015
           9           8  -2.5563181944598870E-016
           9           9   3.2610194130287859E-002
           9          10   3.6923837271800948E-006
           9          11  -1.0732545778106633E-006
           9          12  0.26574070128805138     
           9          13  -1.9332819092315184E-005
           9          14   5.7839460648816902E-006
           9          15  -8.5510891931947969E-002
           9          16   5.8795133186413228E-005
           9          17  -1.7341936390423678E-005
           9          18  -1.4285867562696742E-002
           9          19   2.4353419717988278E-004
           9          20  -7.1970241290999419E-005
           9          21  -2.1408873775543215E-002
           9          22  -1.9396299796701328E-004
           9          23   5.7095559086706572E-005
           9          24   2.1044419108126973E-003
           9          25  -2.1527952941464615E-005
           9          26   6.5043533965434918E-006
           9          27  -1.2356369621029490E-003
           9          28   2.1505944708434990E-006
           9          29  -6.8045047096489397E-007
           9          30  -1.1028568099973647E-015
           9          31   8.0539278370437485E-017
           9          32   5.9108396110195192E-016
           9          33   3.3882445747429993E-016
           9          34   3.2149169095811931E-016
           9          35  -1.0535594555128282E-015
           9          36   3.5634113722061957E-016
           9          37   5.7879560786759031E-016
           9          38   3.1956385565817926E-017
           9          39   3.4848310980155797E-016
           9          40  -5.7583139789949492E-016
           9          41  -2.8596769427208394E-016
          10           1  -4.1983576227881250E-015
          10           2  -1.1051261036531506E-014
          10           3   2.0095179264871728E-014
          10           4   1.4010862257710862E-014
          10           5  -3.0796937755614649E-015
          10           6  -7.0077351964975529E-015
          10           7  -3.7641864632091824E-015
          10           8   1.4509471120642943E-015
          10           9   3.6923837271800948E-006
          10          10   3.2619008152429636E-002
          10          11  -3.5847528560931661E-007
          10          12  -1.9332819091973444E-005
          10          13  0.26569467852012874     
          10          14   2.3662397462226141E-006
          10          15   5.8795133184475108E-005
          10          16  -8.5370736605211578E-002
          10          17  -6.4579396689152385E-006
          10          18   2.4353419718252129E-004
          10          19  -1.3705439170673423E-002
          10          20  -2.7161317499383927E-005
          10          21  -1.9396299797033983E-004
          10          22  -2.1871329216805249E-002
          10          23   2.0962928329105123E-005
          10          24  -2.1527952939340040E-005
          10          25   2.0532423731886764E-003
          10          26   2.8242732297590885E-006
          10          27   2.1505944702513924E-006
          10          28  -1.2305457849384604E-003
          10          29  -3.7338041404870608E-007
          10          30   3.1823272125752272E-016
          10          31  -1.5058406763240728E-015
          10          32  -3.4228888147842833E-015
          10          33  -3.2217240859643420E-016
          10          34  -2.2006162210755031E-015
          10          35   1.4912454027898458E-015
          10          36   1.2300617318159544E-015
          10          37  -3.2156752479729930E-017
          10          38   4.6653025817018690E-016
          10          39  -1.1325542458087059E-015
          10          40   1.0296663062082116E-015
          10          41   1.3567432282132185E-015
          11           1   1.0678194483991879E-014
          11           2   3.0219097288360879E-014
          11           3  -4.8838415772533805E-014
          11           4  -4.6972377886156152E-014
          11           5  -1.2354193713829684E-014
          11           6  -2.0003992706784776E-015
          11           7  -2.9048341006316085E-017
          11           8   1.8715998237715870E-016
          11           9  -1.0732545778106633E-006
          11          10  -3.5847528560931661E-007
          11          11   3.2620236823430702E-002
          11          12   5.7839460649064100E-006
          11          13   2.3662397461007498E-006
          11          14  0.26568826296681708     
          11          15  -1.7341936389588843E-005
          11          16  -6.4579396698008149E-006
          11          17  -8.5351199012727391E-002
          11          18  -7.1970241291667721E-005
          11          19  -2.7161317499977853E-005
          11          20  -1.3624527701637270E-002
          11          21   5.7095559087357202E-005
          11          22   2.0962928328469455E-005
          11          23  -2.1935795307065895E-002
          11          24   6.5043533952092658E-006
          11          25   2.8242732325840314E-006
          11          26   2.0461051795988409E-003
          11          27  -6.8045047024763664E-007
          11          28  -3.7338041657006567E-007
          11          29  -1.2298360770273925E-003
          11          30   1.4943806737869995E-015
          11          31   8.4992034758102504E-016
          11          32   2.8078228059068092E-015
          11          33   4.4075104480920686E-017
          11          34   1.1734235734627692E-015
          11          35   1.4219216413228226E-015
          11          36  -4.7275949931475204E-016
          11          37  -1.9909549108676793E-016
          11          38  -1.5589848975670648E-016
          11          39  -7.6004269084088286E-017
          11          40   2.7425252793395920E-016
          11          41  -1.7770527465558017E-016
          12           1  -9.4283348735938568E-014
          12           2  -2.6226520036973212E-013
          12           3   4.1075764990626395E-013
          12           4   3.8654439542099334E-013
          12           5   1.2899888860120867E-013
          12           6   2.2294707872245987E-014
          12           7   9.1695246780668734E-015
          12           8  -1.7347919730898056E-015
          12           9  0.26574070128805138     
          12          10  -1.9332819091973444E-005
          12          11   5.7839460649064100E-006
          12          12   2.1730784474956009     
          12          13  -6.2536040859325834E-004
          12          14   1.8461304750370250E-004
          12          15 -0.67914059295197360     
          12          16   6.8175650808079483E-004
          12          17  -2.0074970721621968E-004
          12          18 -0.13464592381821355     
          12          19   2.3414265571577789E-003
          12          20  -6.9138981592560544E-004
          12          21 -0.18222421083776053     
          12          22  -1.6759627626385422E-003
          12          23   4.9314017074310107E-004
          12          24   1.6040064730746623E-002
          12          25  -1.9678342979179381E-004
          12          26   5.9418328904738832E-005
          12          27  -9.8047937819365372E-003
          12          28   2.1657916722177077E-005
          12          29  -6.8019249044492847E-006
          12          30  -1.1575310801919366E-014
          12          31   1.2831270524890143E-015
          12          32   1.5757612975896725E-015
          12          33   2.6980032392528535E-015
          12          34   2.0926715515906945E-015
          12          35  -1.1605065217544961E-014
          12          36   3.5717132643136200E-015
          12          37   4.7278320312909896E-015
          12          38   2.7918896001318423E-017
          12          39   2.8355088270055160E-015
          12          40  -4.7051074076691662E-015
          12          41  -1.9314219429550893E-015
          13           1  -2.3571169157921808E-014
          13           2  -6.4287979457745149E-014
          13           3   1.2582366170276253E-013
          13           4   9.3859175611791174E-014
          13           5  -2.6720623858477214E-014
          13           6  -5.5996805460505053E-014
          13           7  -2.9504049839469946E-014
          13           8   1.1469493720571435E-014
          13           9  -1.9332819092315184E-005
          13          10  0.26569467852012874     
          13          11   2.3662397461007498E-006
          13          12  -6.2536040859325834E-004
          13          13   2.1715878413271570     
          13          14   6.9163216080848217E-005
          13          15   6.8175650807041077E-004
          13          16 -0.67751516836394998     
          13          17  -7.3877592278823179E-005
          13          18   2.3414265571796572E-003
          13          19 -0.12906504522041734     
          13          20  -2.5947837198986648E-004
          13          21  -1.6759627626626236E-003
          13          22 -0.18622027245269682     
          13          23   1.8053365724980241E-004
          13          24  -1.9678342977640150E-004
          13          25   1.5572029989678136E-002
          13          26   2.5706526417168551E-005
          13          27   2.1657916718069483E-005
          13          28  -9.7534833645930505E-003
          13          29  -3.6095158299494592E-006
          13          30   1.5132703739731715E-015
          13          31  -1.1787157264519327E-014
          13          32  -2.4714949416584303E-014
          13          33  -2.4861464549237832E-015
          13          34  -1.6145736152487148E-014
          13          35   1.0865467733801832E-014
          13          36   8.5679317469909091E-015
          13          37   8.8729068694486807E-017
          13          38   4.1589488068440685E-015
          13          39  -8.3317288708746200E-015
          13          40   8.3189459083287997E-015
          13          41   9.7385260323857521E-015
          14           1   6.6316415863776195E-014
          14           2   1.8599006041096451E-013
          14           3  -2.9121436576062670E-013
          14           4  -2.9057052178287987E-013
          14           5  -7.4706635838846462E-014
          14           6  -1.3643238016011448E-014
          14           7  -3.3606199586251746E-016
          14           8   1.5506357662689578E-015
          14           9   5.7839460648816902E-006
          14          10   2.3662397462226141E-006
          14          11  0.26568826296681708     
          14          12   1.8461304750370250E-004
          14          13   6.9163216080848217E-005
          14          14   2.1713800514732928     
          14          15  -2.0074970720925997E-004
          14          16  -7.3877592285061244E-005
          14          17 -0.67728858487301580     
          14          18  -6.9138981592967858E-004
          14          19  -2.5947837199410441E-004
          14          20 -0.12828707313625365     
          14          21   4.9314017074799515E-004
          14          22   1.8053365724436232E-004
          14          23 -0.18677732172873929     
          14          24   5.9418328894183907E-005
          14          25   2.5706526439470915E-005
          14          26   1.5506786147467925E-002
          14          27  -6.8019248990661667E-006
          14          28  -3.6095158495280362E-006
          14          29  -9.7463307144374112E-003
          14          30   8.3750285259883096E-015
          14          31   6.4653956851829610E-015
          14          32   1.8151406620954117E-014
          14          33   2.4174642845689290E-016
          14          34   1.0073790057678389E-014
          14          35   8.6417045646123695E-015
          14          36  -3.7017050977930260E-015
          14          37  -1.8246247303955569E-015
          14          38  -1.3090533118111170E-015
          14          39  -9.7098827372872732E-016
          14          40   2.6296246229575416E-015
          14          41  -8.3716257083124750E-016
          15           1   2.2225234443194290E-015
          15           2   5.3571286823027526E-015
          15           3  -1.2552895923332227E-014
          15           4   2.1545293940219308E-014
          15           5  -4.5463888899449236E-014
          15           6  -1.9326173089897648E-014
          15           7  -2.8667289669225424E-014
          15           8   1.3511318171110489E-014
          15           9  -8.5510891931947969E-002
          15          10   5.8795133184475108E-005
          15          11  -1.7341936389588843E-005
          15          12 -0.67914059295197360     
          15          13   6.8175650807041077E-004
          15          14  -2.0074970720925997E-004
          15          15   1.1276995562977474     
          15          16  -1.6460190650884957E-003
          15          17   4.8358733557995331E-004
          15          18  0.33480814618643728     
          15          19  -2.3390745181658956E-003
          15          20   6.9040343658154958E-004
          15          21  0.19598183495373628     
          15          22   1.6455851494746009E-003
          15          23  -4.8434494892667362E-004
          15          24  -1.2353538541674938E-002
          15          25   2.6225450843946822E-004
          15          26  -7.8827462438716724E-005
          15          27   8.8786297358135965E-003
          15          28  -4.4793702273518041E-005
          15          29   1.3647126527926767E-005
          15          30   9.5318724404524689E-015
          15          31  -5.4387551651940899E-015
          15          32  -1.6813575172437332E-014
          15          33  -7.6555341752021543E-015
          15          34  -5.6870828967676901E-015
          15          35   3.9139478404901114E-015
          15          36   1.7870431670512878E-015
          15          37  -4.1775604944254267E-015
          15          38   4.2211784302439576E-015
          15          39  -4.7152892345673306E-015
          15          40   6.1148839067607129E-015
          15          41   6.5263549697625986E-015
          16           1   3.0372156029089957E-014
          16           2   8.5576750938972279E-014
          16           3  -1.6758570237026235E-013
          16           4  -1.6191786875886999E-013
          16           5   6.2014109401331475E-014
          16           6   1.0191595152557875E-013
          16           7   6.2686199141292705E-014
          16           8  -2.1272475757713874E-014
          16           9   5.8795133186413228E-005
          16          10  -8.5370736605211578E-002
          16          11  -6.4579396698008149E-006
          16          12   6.8175650808079483E-004
          16          13 -0.67751516836394998     
          16          14  -7.3877592285061244E-005
          16          15  -1.6460190650884957E-003
          16          16   1.1237743211143207     
          16          17   1.7510111061129485E-004
          16          18  -2.3390745182048298E-003
          16          19  0.32923264980618516     
          16          20   2.5834974531687219E-004
          16          21   1.6455851495142879E-003
          16          22  0.19990535620670341     
          16          23  -1.7768720091438164E-004
          16          24   2.6225450840070507E-004
          16          25  -1.1729509683993319E-002
          16          26  -3.3189460691555091E-005
          16          27  -4.4793702256663848E-005
          16          28   8.7721846859517231E-003
          16          29   6.2136898729711707E-006
          16          30  -3.3714042158501758E-014
          16          31   2.4141640087039113E-014
          16          32   3.2039212713699536E-014
          16          33   4.4842143289832983E-015
          16          34   3.4266050181682322E-014
          16          35  -5.0185492919901243E-014
          16          36  -2.6372421569075518E-014
          16          37   5.9626791677765216E-015
          16          38  -1.0869337314802405E-014
          16          39   2.4298180502282803E-014
          16          40  -1.6028065523257178E-014
          16          41  -3.4305695576647792E-014
          17           1  -5.6397754369368157E-014
          17           2  -1.5615297347655949E-013
          17           3   2.7198836101246849E-013
          17           4   2.2073966816058796E-013
          17           5   6.1887973077980380E-015
          17           6  -2.3573679053375646E-014
          17           7  -1.0364689538771183E-014
          17           8   1.2804480329719484E-015
          17           9  -1.7341936390423678E-005
          17          10  -6.4579396689152385E-006
          17          11  -8.5351199012727391E-002
          17          12  -2.0074970721621968E-004
          17          13  -7.3877592278823179E-005
          17          14 -0.67728858487301580     
          17          15   4.8358733557995331E-004
          17          16   1.7510111061129485E-004
          17          17   1.1232271450124629     
          17          18   6.9040343659665208E-004
          17          19   2.5834974533227306E-004
          17          20  0.32845542800111871     
          17          21  -4.8434494893912980E-004
          17          22  -1.7768720090621977E-004
          17          23  0.20045229338726112     
          17          24  -7.8827462416385303E-005
          17          25  -3.3189460731255106E-005
          17          26  -1.1642520328781422E-002
          17          27   1.3647126513492485E-005
          17          28   6.2136899113524155E-006
          17          29   8.7573462916607434E-003
          17          30   7.0827669755644160E-015
          17          31  -1.0127753614286598E-014
          17          32  -1.2700484698563125E-014
          17          33   5.6988315738712853E-016
          17          34  -2.2081987120143094E-014
          17          35   8.9725091396607674E-015
          17          36   9.9331877316117174E-015
          17          37  -1.2790253076721605E-016
          17          38   3.7455314063637864E-015
          17          39  -5.3543295803212199E-015
          17          40  -8.9457975177592161E-016
          17          41   8.2644528541020916E-015
          18           1  -2.0751675522031356E-014
          18           2  -5.9068334860625038E-014
          18           3   1.2047732811507714E-013
          18           4   9.4824397947204415E-014
          18           5  -7.5209800136016672E-014
          18           6  -4.3251028258904423E-014
          18           7  -1.2777978719247508E-014
          18           8   3.1261933790312822E-015
          18           9  -1.4285867562696742E-002
          18          10   2.4353419718252129E-004
          18          11  -7.1970241291667721E-005
          18          12 -0.13464592381821355     
          18          13   2.3414265571796572E-003
          18          14  -6.9138981592967858E-004
          18          15  0.33480814618643728     
          18          16  -2.3390745182048298E-003
          18          17   6.9040343659665208E-004
          18          18  0.28357169649823938     
          18          19  -3.2864129571838589E-003
          18          20   9.7310043016223197E-004
          18          21  0.15109106431723385     
          18          22   1.8301068859811510E-003
          18          23  -5.3537985796870834E-004
          18          24   3.7189646403130959E-003
          18          25   3.2475548632087531E-004
          18          26  -9.7441534458267388E-005
          18          27   1.7175543832300801E-003
          18          28  -5.9377275278271800E-005
          18          29   1.8058472654326548E-005
          18          30  -4.5547263957131961E-015
          18          31  -9.5051984626086323E-015
          18          32  -9.4938729745512581E-015
          18          33  -4.9680004253954988E-015
          18          34   1.7962274312203000E-015
          18          35  -3.3255262657384181E-015
          18          36  -7.0357669383571831E-015
          18          37  -5.1444774513786914E-016
          18          38   2.2870829068920327E-015
          18          39  -8.3524219682194145E-016
          18          40   2.5246946706519986E-015
          18          41  -1.7808201994892153E-015
          19           1  -6.0870056921037503E-014
          19           2  -1.7329791526350378E-013
          19           3   2.8465107215625349E-013
          19           4   2.3468944563975340E-013
          19           5   1.4615402956934509E-013
          19           6   7.1021327154474052E-014
          19           7   1.6797180639357263E-014
          19           8  -4.8939060433702108E-015
          19           9   2.4353419717988278E-004
          19          10  -1.3705439170673423E-002
          19          11  -2.7161317499977853E-005
          19          12   2.3414265571577789E-003
          19          13 -0.12906504522041734     
          19          14  -2.5947837199410441E-004
          19          15  -2.3390745181658956E-003
          19          16  0.32923264980618516     
          19          17   2.5834974533227306E-004
          19          18  -3.2864129571838589E-003
          19          19  0.27574045568426603     
          19          20   3.7214177624285243E-004
          19          21   1.8301068859814702E-003
          19          22  0.15545704878308245     
          19          23  -1.8787067134460114E-004
          19          24   3.2475548632071257E-004
          19          25   4.4918453698858793E-003
          19          26  -4.0587013970474811E-005
          19          27  -5.9377275275567692E-005
          19          28   1.5764294279534397E-003
          19          29   8.1421935797804242E-006
          19          30  -6.0638945969426780E-015
          19          31   3.4224820115199176E-015
          19          32  -2.3342047492525201E-014
          19          33  -9.3997364182680967E-017
          19          34  -4.0600007271713834E-015
          19          35  -1.4450547054634556E-014
          19          36   3.6597345919033249E-015
          19          37   9.7277962747914180E-017
          19          38  -6.1291921478745556E-015
          19          39   2.9495035077190876E-015
          19          40  -5.6298447007847059E-015
          19          41  -6.4191553132528080E-016
          20           1   6.7473540203197047E-014
          20           2   1.8825367549009483E-013
          20           3  -3.2382099598720074E-013
          20           4  -2.7384424375852495E-013
          20           5  -4.2166747525130528E-015
