           1           1  0.36024797868239034     
           1           2  0.65170432868891570     
           1           3 -0.17336256945267972     
           1           4 -0.21248902964502348     
           1           5   2.5405117153794864E-002
           1           6   4.8790490814562520E-002
           1           7  -2.8984487257213795E-002
           1           8  -1.9753240381546907E-002
           1           9   6.8118697664828472E-010
           1          10  -3.3070269894705397E-010
           1          11   5.8995585775971341E-011
           1          12   4.1852437289948682E-009
           1          13  -2.1852712092548435E-009
           1          14   3.1822268559145224E-011
           1          15   4.1330152395855415E-010
           1          16  -1.3699566708178154E-010
           1          17   4.1496082725723608E-010
           1          18   9.2774346692919255E-011
           1          19   1.3933531635051822E-010
           1          20   1.6898565760292442E-010
           1          21  -5.2348436129911654E-010
           1          22  -2.1573556409407380E-012
           1          23  -7.9600219825080109E-010
           1          24   5.0771349149224952E-011
           1          25   5.2159850450462549E-011
           1          26  -8.2666825773371589E-011
           1          27   2.3228185527692455E-010
           1          28   3.3398468356218303E-011
           1          29   9.7348792835884303E-011
           1          30   3.0307892732212356E-002
           1          31   1.8214147805468805E-010
           1          32   3.0307892587080224E-002
           1          33   1.6457408416778380E-011
           1          34  -1.7805464610821908E-010
           1          35   3.0307894237034450E-002
           1          36   6.2553555397562542E-003
           1          37  -3.2979154156467871E-011
           1          38   6.2553555431610420E-003
           1          39   1.7333967377746267E-010
           1          40   1.8688331387448187E-010
           1          41   6.2553553036645039E-003
           1          42   1.5347374797385737E-003
           1          43  -3.7117759810039525E-010
           1          44   1.5347376893338240E-003
           1          45   1.1101040097556918E-009
           1          46   8.7636130310470627E-010
           1          47   1.5347356622340230E-003
           2           1  0.65170432868891570     
           2           2   1.2417698857405837     
           2           3 -0.52555807160614343     
           2           4 -0.64542667978241319     
           2           5   9.1548871019300898E-002
           2           6  0.15756805280099034     
           2           7 -0.10687732383418415     
           2           8  -7.2233526008964460E-002
           2           9   1.7654784100133970E-009
           2          10  -8.5189152180714354E-010
           2          11   1.2412706330424528E-010
           2          12   1.0965350773125304E-008
           2          13  -5.6405326405487036E-009
           2          14  -2.4552474645892004E-010
           2          15   1.3773223686538634E-009
           2          16  -4.9531803309188679E-010
           2          17   1.5589033971979136E-009
           2          18   2.2786776529885853E-010
           2          19   4.7103131593724582E-010
           2          20   4.1182837998079854E-010
           2          21  -1.7636401115498298E-009
           2          22   1.2303544121308346E-011
           2          23  -2.7034230494526822E-009
           2          24   2.3936807691040628E-010
           2          25   2.3795847891722469E-010
           2          26  -3.1395673916102377E-010
           2          27   9.0185830690695739E-010
           2          28   1.4450909785193889E-010
           2          29   3.9887701148214056E-010
           2          30  0.11165931199580045     
           2          31   2.0079626899856231E-010
           2          32  0.11165931124591516     
           2          33  -6.2632356619730963E-011
           2          34  -4.4237327633150540E-010
           2          35  0.11165931764912482     
           2          36   2.3146457457326651E-002
           2          37  -2.9528068068900316E-010
           2          38   2.3146457393969595E-002
           2          39   6.7393419784882879E-010
           2          40   7.7127897946383130E-010
           2          41   2.3146456687310892E-002
           2          42   5.8739965179153914E-003
           2          43  -1.3539903792360729E-009
           2          44   5.8739972767583755E-003
           2          45   4.0234963318405310E-009
           2          46   3.1854930386043737E-009
           2          47   5.8739899222425814E-003
           3           1 -0.17336256945267972     
           3           2 -0.52555807160614343     
           3           3  0.80185537785856376     
           3           4  0.96660143946914789     
           3           5 -0.13761746542218756     
           3           6 -0.22481788736425970     
           3           7  0.15875549644314946     
           3           8  0.10543009994745242     
           3           9  -1.9758190752147783E-009
           3          10   8.5669955129775551E-010
           3          11  -1.4056786815592439E-010
           3          12  -1.2380156345253492E-008
           3          13   5.6110372748761475E-009
           3          14   5.6922784230300235E-010
           3          15  -2.8693146005224342E-009
           3          16   1.3019991557246589E-009
           3          17  -1.8531274259354046E-009
           3          18  -5.8137701407497008E-010
           3          19  -5.6507239568591431E-010
           3          20  -4.2497441227850708E-010
           3          21   2.9662776344536287E-009
           3          22   2.3398937190597248E-010
           3          23   4.0813052527282592E-009
           3          24   4.0611270137421096E-010
           3          25   4.6717676462092039E-011
           3          26   6.0918770574981798E-010
           3          27  -8.9407040730655937E-010
           3          28  -1.3800932832303072E-012
           3          29  -4.6926782344045860E-010
           3          30 -0.18698708611083151     
           3          31  -1.4854423178474533E-009
           3          32 -0.18698708555564209     
           3          33   1.5108072140188891E-010
           3          34   4.9716866851278625E-010
           3          35 -0.18698709541702069     
           3          36  -3.8475496315697015E-002
           3          37   2.7151623960302580E-011
           3          38  -3.8475496380730959E-002
           3          39  -8.6497149890074792E-010
           3          40  -1.1236205984790999E-009
           3          41  -3.8475495576947967E-002
           3          42  -9.9127606633727591E-003
           3          43   1.9211332008424675E-009
           3          44  -9.9127617640995536E-003
           3          45  -5.7746059915005543E-009
           3          46  -4.5725134605831525E-009
           3          47  -9.9127512156905323E-003
           4           1 -0.21248902964502348     
           4           2 -0.64542667978241319     
           4           3  0.96660143946914789     
           4           4   1.3006351834384999     
           4           5 -0.35929005266291258     
           4           6 -0.47052134519930977     
           4           7  0.36774312285990246     
           4           8  0.24762903803560143     
           4           9  -3.9148863867836283E-009
           4          10   2.3470288325341702E-009
           4          11  -2.7147345886591694E-011
           4          12  -2.5659435722231637E-008
           4          13   1.6173801071226321E-008
           4          14   2.1074131744074318E-009
           4          15  -3.4450380598339162E-009
           4          16  -2.0398805221331173E-009
           4          17  -8.6379347436468617E-009
           4          18   2.2254168187501742E-010
           4          19  -2.6129767797859144E-009
           4          20  -8.4408628507053351E-010
           4          21   5.4658215697662311E-009
           4          22  -8.8570581433808258E-011
           4          23   8.5328256849472584E-009
           4          24  -6.1116643165161901E-010
           4          25  -7.7192959779681014E-010
           4          26   2.4113091476990256E-009
           4          27  -3.1672740102972323E-009
           4          28  -4.5276782000800523E-010
           4          29  -1.0277081343423563E-009
           4          30 -0.35766586900628550     
           4          31  -1.1308086414248201E-009
           4          32 -0.35766586596625416     
           4          33  -1.6854377861569691E-010
           4          34   1.3174304532996634E-009
           4          35 -0.35766588977383873     
           4          36  -7.6591934897185993E-002
           4          37   1.0592634223468593E-009
           4          38  -7.6591934483881338E-002
           4          39  -3.0089495896853633E-009
           4          40  -2.8866919025897262E-009
           4          41  -7.6591932893981057E-002
           4          42  -2.0220374786133817E-002
           4          43   4.5942734324761423E-009
           4          44  -2.0220377386565423E-002
           4          45  -1.3713993504876120E-008
           4          46  -1.0877120660514066E-008
           4          47  -2.0220352288806497E-002
           5           1   2.5405117153794864E-002
           5           2   9.1548871019300898E-002
           5           3 -0.13761746542218756     
           5           4 -0.35929005266291258     
           5           5  0.30010991861032776     
           5           6  0.32169683779138714     
           5           7 -0.27202162650001105     
           5           8 -0.18500499719136915     
           5           9   1.4754212886934910E-009
           5          10  -1.2359316321066267E-009
           5          11  -6.5278653482111376E-010
           5          12   9.9255362499531659E-009
           5          13  -8.9226921363401232E-009
           5          14  -5.4959537595633628E-009
           5          15   3.5442358191614777E-009
           5          16   6.1371514412998890E-009
           5          17   1.0444605097786327E-008
           5          18  -9.4553129032814141E-011
           5          19   3.1704502196046570E-009
           5          20   1.0455243105655458E-009
           5          21  -4.4643289019425039E-009
           5          22  -2.9100833129296857E-010
           5          23  -7.1909673573570569E-009
           5          24  -1.1374492940290621E-009
           5          25  -3.7747388520086207E-010
           5          26  -5.1846550524101312E-009
           5          27   1.6854430386259889E-009
           5          28  -1.5838553716587761E-010
           5          29  -7.2450918714108774E-010
           5          30  0.22121779983418088     
           5          31   3.4351444391928832E-009
           5          32  0.22121779724722862     
           5          33   6.4552119921017903E-010
           5          34   1.1880394885126928E-009
           5          35  0.22121782963122111     
           5          36   4.9789374641000472E-002
           5          37  -9.7938234453620602E-011
           5          38   4.9789374218735388E-002
           5          39   2.8955563919163299E-009
           5          40   3.0328552989462600E-009
           5          41   4.9789377822533828E-002
           5          42   1.3493762995324302E-002
           5          43  -3.3959460749428237E-009
           5          44   1.3493764960100149E-002
           5          45   1.0323273591777686E-008
           5          46   8.2401513304767847E-009
           5          47   1.3493746326003180E-002
           6           1   4.8790490814562520E-002
           6           2  0.15756805280099034     
           6           3 -0.22481788736425970     
           6           4 -0.47052134519930977     
           6           5  0.32169683779138714     
           6           6  0.41758787177503376     
           6           7 -0.53625238882662762     
           6           8 -0.37696015445256581     
           6           9  -1.7068211238152695E-010
           6          10   1.8098104609710858E-010
           6          11   2.6133141089207887E-010
           6          12  -1.8301820949579659E-009
           6          13   1.5536359219479055E-009
           6          14   1.0964995764303685E-009
           6          15   4.3012879280561887E-009
           6          16  -4.0229442180611109E-009
           6          17   3.3816983207297151E-009
           6          18  -9.0460774845371307E-011
           6          19   7.7212264096387148E-010
           6          20  -2.3838332337638051E-009
           6          21  -6.4927697630155794E-009
           6          22  -1.6863321732384293E-009
           6          23  -8.9463745280242817E-009
           6          24   1.3693508433196744E-009
           6          25  -2.3238174041947933E-009
           6          26  -7.0510765762227096E-010
           6          27   5.6983987262210006E-009
           6          28  -1.0373135625303932E-009
           6          29   4.0389931604960312E-009
           6          30  0.25143780176472763     
           6          31   2.0104146612297843E-008
           6          32  0.25143781812509763     
           6          33   1.4556155852024835E-008
           6          34  -8.0858331795584366E-009
           6          35  0.25143783341886250     
           6          36   5.6476819229938795E-002
           6          37   3.9017079738063585E-009
           6          38   5.6476825648773668E-002
           6          39   1.1415430107308683E-008
           6          40   3.3015813627108677E-009
           6          41   5.6476816200876342E-002
           6          42   1.6290685510108930E-002
           6          43  -6.8883588317280117E-009
           6          44   1.6290690057991351E-002
           6          45   2.2030859246871351E-008
           6          46   1.7205092087526433E-008
           6          47   1.6290649800858689E-002
           7           1  -2.8984487257213795E-002
           7           2 -0.10687732383418415     
           7           3  0.15875549644314946     
           7           4  0.36774312285990246     
           7           5 -0.27202162650001105     
           7           6 -0.53625238882662762     
           7           7   1.1482181474284991     
           7           8  0.82747979155152318     
           7           9  -9.8566536664820814E-010
           7          10   5.8180939866454698E-010
           7          11   6.8869554491953106E-010
           7          12  -6.1283629563586650E-009
           7          13   3.8947050202791166E-009
           7          14   6.0999501655357066E-009
           7          15  -1.0534295903680173E-008
           7          16   3.2925851738306717E-009
           7          17  -1.8353920172115094E-008
           7          18  -1.3966370144246908E-009
           7          19  -1.0550740964592152E-009
           7          20  -1.6598841038759255E-010
           7          21   1.8058777453103108E-008
           7          22  -7.0611052964819314E-009
           7          23   2.5494939765249132E-008
           7          24   6.7638574146853637E-009
           7          25  -1.3578725425885134E-008
           7          26   1.6515726548729323E-008
           7          27  -8.0971840266578461E-009
           7          28  -7.5261160103538508E-009
           7          29  -1.8209357144170798E-009
           7          30 -0.22486317658145441     
           7          31  -1.3753334933719879E-008
           7          32 -0.22486320043331326     
           7          33  -6.2928282267033658E-008
           7          34   9.4043291810595576E-009
           7          35 -0.22486333578686887     
           7          36  -5.1414337914476707E-002
           7          37   1.5377395835131323E-009
           7          38  -5.1414348532125495E-002
           7          39  -3.7185522558954798E-008
           7          40  -1.0825034220855229E-008
           7          41  -5.1414360145018767E-002
           7          42  -1.7789319526930490E-002
           7          43   1.6088635679355832E-008
           7          44  -1.7789329455917272E-002
           7          45  -5.0137085378948311E-008
           7          46  -3.8927989283973330E-008
           7          47  -1.7789241070859801E-002
           8           1  -1.9753240381546907E-002
           8           2  -7.2233526008964460E-002
           8           3  0.10543009994745242     
           8           4  0.24762903803560143     
           8           5 -0.18500499719136915     
           8           6 -0.37696015445256581     
           8           7  0.82747979155152318     
           8           8  0.59687793900371433     
           8           9  -4.1772675830506127E-009
           8          10   2.4925376706974927E-009
           8          11  -8.8104137681829468E-010
           8          12  -2.9726793022167602E-008
           8          13   1.7969757571644838E-008
           8          14  -6.1025548802582003E-009
           8          15   1.3874029861683170E-008
           8          16  -1.1597587222412371E-008
           8          17   4.5898399024304571E-009
           8          18   7.9866192650723880E-009
           8          19  -7.1202399991698107E-009
           8          20   6.5333896536535375E-009
           8          21  -1.3456440205327556E-008
           8          22   1.7766523131254548E-008
           8          23   2.8607387400148160E-009
           8          24  -4.5170957573467256E-008
           8          25   3.3218949255235202E-008
           8          26  -1.7769634098516214E-008
           8          27  -3.1838185991960913E-008
           8          28   1.6891428231855741E-008
           8          29  -1.6733860793293251E-008
           8          30 -0.15368144826212399     
           8          31  -5.3835487707008334E-008
           8          32 -0.15368147916279520     
           8          33   3.5965064715908937E-008
           8          34   8.1192093234381001E-009
           8          35 -0.15368142058562173     
           8          36  -3.5199389291023592E-002
           8          37  -1.3090508424566382E-008
           8          38  -3.5199401391547910E-002
           8          39  -5.5780809303669845E-010
           8          40  -7.3988814865926191E-009
           8          41  -3.5199359218334204E-002
           8          42  -1.2364418659823986E-002
           8          43   1.0738209046977602E-008
           8          44  -1.2364426099759549E-002
           8          45  -3.4571434541435145E-008
           8          46  -2.8078227253579057E-008
           8          47  -1.2364359177687400E-002
           9           1   6.8118697664828472E-010
           9           2   1.7654784100133970E-009
           9           3  -1.9758190752147783E-009
           9           4  -3.9148863867836283E-009
           9           5   1.4754212886934910E-009
           9           6  -1.7068211238152695E-010
           9           7  -9.8566536664820814E-010
           9           8  -4.1772675830506127E-009
           9           9   4.1031097292204347E-002
           9          10   2.6833761568415297E-011
           9          11   7.3810406354610225E-011
           9          12  0.29284995331523811     
           9          13  -3.3501887459412398E-010
           9          14   3.7448149358483736E-010
           9          15  -9.8309535207319929E-002
           9          16   7.7783595406680228E-010
           9          17  -2.4397061508616563E-010
           9          18  -3.3171832371999603E-002
           9          19  -1.0134302709356464E-009
           9          20  -1.3131467183833930E-009
           9          21   6.7795819146610767E-003
           9          22   9.0614593281114486E-010
           9          23   1.3847757540804383E-009
           9          24   1.7378197486867211E-002
           9          25  -9.2135162238320134E-010
           9          26   1.8142597927456316E-010
           9          27   9.2749098374987175E-003
           9          28   8.0945993744668820E-010
           9          29  -3.0504946816169512E-010
           9          30  -1.1947318750921500E-009
           9          31   2.7519305252472154E-010
           9          32   1.9984339723760920E-010
           9          33   9.1552156588932028E-010
           9          34   9.7736399338128427E-012
           9          35   6.9381862445156081E-010
           9          36   1.1012550835222581E-009
           9          37   2.4635901027786067E-010
           9          38   2.3800764467358770E-010
           9          39   4.2521313618951036E-010
           9          40   4.5235074161512950E-011
           9          41   8.7004008154014596E-010
           9          42   2.1935512951459591E-009
           9          43   4.9436263201333773E-010
           9          44   1.6529227662518768E-009
           9          45   2.5966031948454704E-010
           9          46  -4.5400228828243212E-011
           9          47   1.6008334334246544E-009
          10           1  -3.3070269894705397E-010
          10           2  -8.5189152180714354E-010
          10           3   8.5669955129775551E-010
          10           4   2.3470288325341702E-009
          10           5  -1.2359316321066267E-009
          10           6   1.8098104609710858E-010
          10           7   5.8180939866454698E-010
          10           8   2.4925376706974927E-009
          10           9   2.6833761568415297E-011
          10          10   4.1031097261166397E-002
          10          11   1.1296690987774101E-011
          10          12   2.7942781956010777E-010
          10          13  0.29284995340981312     
          10          14   1.3661257713991955E-010
          10          15  -9.7647265273614892E-011
          10          16  -9.8309536292463376E-002
          10          17  -3.2445056548108947E-010
          10          18   5.3629924294334129E-010
          10          19  -3.3171831375869633E-002
          10          20   1.0572082886998188E-009
          10          21  -2.8583746654320397E-010
          10          22   6.7795816484879576E-003
          10          23  -6.6411326877244617E-010
          10          24   3.8159482908597941E-010
          10          25   1.7378198393746290E-002
          10          26  -4.9960007756245234E-010
          10          27  -3.6076575342554318E-010
          10          28   9.2749087648811707E-003
          10          29   4.6260952674907069E-010
          10          30  -5.1005330890163856E-011
          10          31  -7.5845516345926718E-010
          10          32  -4.5926604070349100E-010
          10          33  -2.4815343683097469E-010
          10          34  -3.7116568761526952E-010
          10          35   6.8342818752111836E-010
          10          36  -6.6807539653771459E-010
          10          37  -6.3093973521006066E-011
          10          38  -1.3335210976914935E-010
          10          39  -2.9867141032387165E-010
          10          40  -1.6013860987623262E-010
          10          41  -5.7674322519869324E-010
          10          42  -1.2433897184159237E-009
          10          43   2.2356994466103144E-010
          10          44  -9.4926362792849255E-010
          10          45  -2.3992000783864424E-012
          10          46   4.2827403025736616E-010
          10          47  -1.5796561793353650E-009
          11           1   5.8995585775971341E-011
          11           2   1.2412706330424528E-010
          11           3  -1.4056786815592439E-010
          11           4  -2.7147345886591694E-011
          11           5  -6.5278653482111376E-010
          11           6   2.6133141089207887E-010
          11           7   6.8869554491953106E-010
          11           8  -8.8104137681829468E-010
          11           9   7.3810406354610225E-011
          11          10   1.1296690987774101E-011
          11          11   4.1031097260179158E-002
          11          12   3.4026149650959962E-010
          11          13  -1.8965245023841622E-011
          11          14  0.29284995300661709     
          11          15  -3.8486289545905383E-010
          11          16  -3.4159838635050913E-010
          11          17  -9.8309534456363840E-002
          11          18  -3.4026284719511357E-011
          11          19   5.9274952222238778E-010
          11          20  -3.3171832488675626E-002
          11          21   4.4232746507439150E-010
          11          22  -1.8116203182776472E-010
          11          23   6.7795821031339139E-003
          11          24  -7.9763960193768302E-011
          11          25  -3.2149483704564663E-011
          11          26   1.7378196563412426E-002
          11          27   3.4494512606529637E-011
          11          28  -7.8630644909701702E-011
          11          29   9.2749100432715538E-003
          11          30  -3.3411334037014470E-010
          11          31   1.6307383806370810E-010
          11          32   2.9634358765622468E-010
          11          33   8.3192455383525616E-010
          11          34  -4.0226977539949052E-012
          11          35  -6.7498083462314642E-011
          11          36  -2.1078745587932187E-011
          11          37   2.2353526727990512E-010
          11          38   2.2892637004736076E-010
          11          39  -1.7852059715646832E-010
          11          40   5.4656262769755397E-011
          11          41   5.2561389678545424E-011
          11          42   1.1963921298870034E-011
          11          43  -3.9154070511106563E-011
          11          44  -2.1645397068277895E-011
          11          45   3.7274165895549831E-010
          11          46  -1.2524151205382306E-010
          11          47   8.2957271957019590E-010
          12           1   4.1852437289948682E-009
          12           2   1.0965350773125304E-008
          12           3  -1.2380156345253492E-008
          12           4  -2.5659435722231637E-008
          12           5   9.9255362499531659E-009
          12           6  -1.8301820949579659E-009
          12           7  -6.1283629563586650E-009
          12           8  -2.9726793022167602E-008
          12           9  0.29284995331523811     
          12          10   2.7942781956010777E-010
          12          11   3.4026149650959962E-010
          12          12   2.0934888072243112     
          12          13  -1.7085065189860471E-009
          12          14   1.4000735756294555E-009
          12          15 -0.77224554136740853     
          12          16   5.9264550307178143E-009
          12          17  -2.0370778349744489E-009
          12          18 -0.25719119095391513     
          12          19  -7.1681199613135571E-009
          12          20  -9.0527081192609896E-009
          12          21   5.3533095402623375E-002
          12          22   6.3192201861864139E-009
          12          23   9.7018244289009958E-009
          12          24  0.13831689001509817     
          12          25  -6.5624896055521686E-009
          12          26   2.0366175083191829E-009
          12          27   7.3581875562560933E-002
          12          28   5.8931490720323665E-009
          12          29  -2.5637270262453271E-009
          12          30  -9.2720102965544836E-009
          12          31   3.5876577410451111E-009
          12          32   2.3707783000719968E-009
          12          33   7.0477007818524360E-009
          12          34  -1.2930538888655941E-009
          12          35   3.6038664570596978E-009
          12          36   8.1480900911686213E-009
          12          37   2.3148676458217465E-009
          12          38   2.0936795914966350E-009
          12          39   3.4043003815537740E-009
          12          40  -6.8221054750610053E-011
          12          41   5.5431508869026543E-009
          12          42   1.6074056408040609E-008
          12          43   3.6396446890821621E-009
          12          44   1.1550428478682775E-008
          12          45   2.0954264197069132E-009
          12          46  -3.0290926531998683E-010
          12          47   1.1155713215303442E-008
          13           1  -2.1852712092548435E-009
          13           2  -5.6405326405487036E-009
          13           3   5.6110372748761475E-009
          13           4   1.6173801071226321E-008
          13           5  -8.9226921363401232E-009
          13           6   1.5536359219479055E-009
          13           7   3.8947050202791166E-009
          13           8   1.7969757571644838E-008
          13           9  -3.3501887459412398E-010
          13          10  0.29284995340981312     
          13          11  -1.8965245023841622E-011
          13          12  -1.7085065189860471E-009
          13          13   2.0934888100124995     
          13          14   2.3553654697212184E-010
          13          15  -1.1567968718345645E-009
          13          16 -0.77224554852091276     
          13          17  -2.2276992989005151E-009
          13          18   3.7684693917922757E-009
          13          19 -0.25719118354136183     
          13          20   7.5822290734406730E-009
          13          21  -2.0880685080298944E-009
          13          22   5.3533093641519092E-002
          13          23  -4.4771250175094923E-009
          13          24   2.7521850579775853E-009
          13          25  0.13831689654913337     
          13          26  -4.0237530876674477E-009
          13          27  -2.5236961791186285E-009
          13          28   7.3581867829917172E-002
          13          29   3.7348969572463531E-009
          13          30  -5.2711392295607834E-010
          13          31  -5.8418514850639745E-009
          13          32  -3.0684627747926569E-009
          13          33  -1.8673140846299026E-009
          13          34  -2.9383214482191847E-009
          13          35   5.1602464985104962E-009
          13          36  -4.9650642681583490E-009
          13          37  -2.5450773225145494E-010
          13          38  -9.8161180053845119E-010
          13          39  -2.2476819673755624E-009
          13          40  -1.0348596942448512E-009
          13          41  -4.1619493319912638E-009
          13          42  -9.1035316082819122E-009
          13          43   1.9478290034350751E-009
          13          44  -6.6814709732358971E-009
          13          45  -5.2576462075293366E-011
          13          46   3.3157913614943577E-009
          13          47  -1.1672679202557126E-008
          14           1   3.1822268559145224E-011
          14           2  -2.4552474645892004E-010
          14           3   5.6922784230300235E-010
          14           4   2.1074131744074318E-009
          14           5  -5.4959537595633628E-009
          14           6   1.0964995764303685E-009
          14           7   6.0999501655357066E-009
          14           8  -6.1025548802582003E-009
          14           9   3.7448149358483736E-010
          14          10   1.3661257713991955E-010
          14          11  0.29284995300661709     
          14          12   1.4000735756294555E-009
          14          13   2.3553654697212184E-010
          14          14   2.0934888044369999     
          14          15  -3.2814389287413870E-009
          14          16  -1.8887210120541176E-009
          14          17 -0.77224553535162632     
          14          18  -1.6040800209383282E-010
          14          19   4.4531483452993348E-009
          14          20 -0.25719119201380758     
          14          21   3.3295340351978397E-009
          14          22  -1.2003732517522347E-009
          14          23   5.3533096562900964E-002
          14          24  -1.1385314652861966E-010
          14          25   2.0066020893494407E-011
          14          26  0.13831688222518404     
          14          27   2.1788424753657609E-010
          14          28  -7.0724925438706010E-010
          14          29   7.3581877454290123E-002
          14          30  -2.7691263907831206E-009
          14          31   5.8973366873836283E-010
          14          32   1.8702358058080580E-009
          14          33   6.3085047565985692E-009
          14          34  -6.2597987775392652E-010
          14          35  -1.6861499920771905E-009
          14          36  -1.9439872265970585E-010
          14          37   1.4428168883917493E-009
          14          38   1.6897985462344942E-009
          14          39  -1.3335372435825726E-009
          14          40   8.4717678081227440E-011
          14          41   2.2950388112200950E-010
          14          42  -1.1669275966532880E-010
          14          43  -3.7358041615472847E-010
          14          44  -3.0512562481947493E-010
          14          45   2.9603053337756971E-009
          14          46  -9.6594929065773835E-010
          14          47   6.2983500321701677E-009
          15           1   4.1330152395855415E-010
          15           2   1.3773223686538634E-009
          15           3  -2.8693146005224342E-009
          15           4  -3.4450380598339162E-009
          15           5   3.5442358191614777E-009
          15           6   4.3012879280561887E-009
          15           7  -1.0534295903680173E-008
          15           8   1.3874029861683170E-008
          15           9  -9.8309535207319929E-002
          15          10  -9.7647265273614892E-011
          15          11  -3.8486289545905383E-010
          15          12 -0.77224554136740853     
          15          13  -1.1567968718345645E-009
          15          14  -3.2814389287413870E-009
          15          15   1.7278439759157838     
          15          16  -2.4622182816930183E-009
          15          17   9.5030505782231489E-009
          15          18  0.51259897536573162     
          15          19   2.8669509639575597E-009
          15          20  -2.6160842355252290E-009
          15          21 -0.13624460987614384     
          15          22   1.8267382797393372E-009
          15          23   8.3440325048672603E-010
          15          24 -0.36430518319891819     
          15          25   3.2159230556327856E-009
          15          26  -1.6229595188599344E-008
          15          27 -0.18906740978102599     
          15          28  -3.9532320802310172E-009
          15          29   9.3955608345547281E-009
          15          30   2.4190979450030059E-008
          15          31  -4.1716238741972077E-009
          15          32   1.3145552315279454E-010
          15          33  -1.7572526022464342E-008
          15          34   8.1267066741699335E-009
          15          35  -2.0870230628488982E-008
          15          36  -6.4568119050733079E-009
          15          37  -2.3748582850948469E-009
          15          38  -1.4420891013633081E-009
          15          39  -1.0476102419123006E-008
          15          40   1.4542067729073671E-009
          15          41  -2.5751398117306013E-009
          15          42  -1.5131479505917115E-008
          15          43  -3.0509004080814851E-009
          15          44   1.3518339291728632E-009
          15          45  -6.0631695763596204E-009
          15          46  -8.5283113772425000E-010
          15          47   7.1667997250934019E-010
          16           1  -1.3699566708178154E-010
          16           2  -4.9531803309188679E-010
          16           3   1.3019991557246589E-009
          16           4  -2.0398805221331173E-009
          16           5   6.1371514412998890E-009
          16           6  -4.0229442180611109E-009
          16           7   3.2925851738306717E-009
          16           8  -1.1597587222412371E-008
          16           9   7.7783595406680228E-010
          16          10  -9.8309536292463376E-002
          16          11  -3.4159838635050913E-010
          16          12   5.9264550307178143E-009
          16          13 -0.77224554852091276     
          16          14  -1.8887210120541176E-009
          16          15  -2.4622182816930183E-009
          16          16   1.7278439878409628     
          16          17   2.9377439699634911E-009
          16          18  -2.2190532510471539E-009
          16          19  0.51259897200346005     
          16          20  -2.0725050738079620E-009
          16          21   1.5799383971254466E-009
          16          22 -0.13624461162091114     
          16          23  -3.3585747100106644E-009
          16          24   4.1523917290731127E-010
          16          25 -0.36430518733426659     
          16          26   1.1303274398064000E-008
          16          27   2.2133226848519705E-010
          16          28 -0.18906740596575666     
          16          29  -9.7119639596091045E-009
          16          30   2.4636813904517797E-009
          16          31   1.6720650599735053E-008
          16          32   1.3127351892714196E-009
          16          33   4.3874157090454020E-009
          16          34   8.5174152621213329E-009
          16          35  -6.6572935640050956E-009
          16          36   5.2653146148833819E-009
          16          37  -2.2579456104326689E-009
          16          38   2.2799596501389824E-009
          16          39   3.7629344181222005E-009
          16          40  -1.6356949771363386E-009
          16          41   2.5069834196825371E-009
          16          42   8.0110383386005607E-009
          16          43  -8.3373368243037827E-009
          16          44   5.7516383789253121E-010
          16          45   7.3048546230876208E-010
          16          46  -6.8057593853571620E-009
          16          47   1.2648751438245711E-008
          17           1   4.1496082725723608E-010
          17           2   1.5589033971979136E-009
          17           3  -1.8531274259354046E-009
          17           4  -8.6379347436468617E-009
          17           5   1.0444605097786327E-008
          17           6   3.3816983207297151E-009
          17           7  -1.8353920172115094E-008
          17           8   4.5898399024304571E-009
          17           9  -2.4397061508616563E-010
          17          10  -3.2445056548108947E-010
          17          11  -9.8309534456363840E-002
          17          12  -2.0370778349744489E-009
          17          13  -2.2276992989005151E-009
          17          14 -0.77224553535162632     
          17          15   9.5030505782231489E-009
          17          16   2.9377439699634911E-009
          17          17   1.7278439590498595     
          17          18  -2.3487388878425108E-009
          17          19  -2.5310075836386392E-009
          17          20  0.51259898066293019     
          17          21  -3.4431228302517214E-009
          17          22  -9.3374767900361588E-010
          17          23 -0.13624460838096616     
          17          24  -7.4249156909594882E-009
          17          25  -5.2650672675846888E-009
          17          26 -0.36430515818070142     
          17          27   1.8927113556999053E-009
          17          28   3.5244573752535313E-009
          17          29 -0.18906742195694121     
          17          30   9.7887869274183811E-009
          17          31  -1.0349694931979657E-009
          17          32   1.0445441128678845E-009
