           1           1  0.39343844676310336     
           1           2  0.64052546226713591     
           1           3 -0.29287443047683714     
           1           4  -4.7088300995272531E-002
           1           5  0.14764233054846479     
           1           6  -6.0719848914612788E-003
           1           7   7.2366734873479122E-016
           1           8   2.9928779768920799E-015
           1           9  -1.0030267140902547E-015
           1          10   2.9951136436085034E-015
           1          11   1.7061668680950919E-015
           1          12   4.5101317236751462E-015
           1          13   6.1305043100523056E-016
           1          14  -2.5844084590675569E-015
           1          15  -4.5234853212617382E-016
           1          16  -3.6709597834204433E-015
           1          17   5.6383929207636363E-015
           1          18   2.3798616528923207E-015
           1          19   4.0337666654464802E-015
           1          20  -7.6018444654451988E-016
           1          21  -6.1688651600106777E-015
           1          22  -2.9011649840576324E-002
           1          23  -1.2253464117893467E-015
           1          24  -2.9011649840577358E-002
           1          25  -2.3758262396268653E-015
           1          26  -6.5796194974794384E-016
           1          27  -2.9011649840575922E-002
           2           1  0.64052546226713591     
           2           2   1.0732164861341580     
           2           3 -0.71735087305200729     
           2           4 -0.12337263223684297     
           2           5  0.39814681800229235     
           2           6  -1.5503516544386257E-002
           2           7   1.8229262554969004E-015
           2           8   6.3022004535668650E-015
           2           9  -6.5394632463290711E-016
           2          10   5.8647775433256067E-015
           2          11   4.7268341666934978E-015
           2          12   7.8167090339780924E-015
           2          13   6.2427172768923045E-016
           2          14  -4.3787044516802271E-015
           2          15  -5.9386154856777852E-016
           2          16  -6.3137338464915303E-015
           2          17   1.0088967073264097E-014
           2          18   4.5362055584027283E-015
           2          19   7.3548925414071884E-015
           2          20  -1.2280194912637921E-015
           2          21  -1.0146412980872198E-014
           2          22  -7.8815656251913946E-002
           2          23  -2.0021235466314161E-015
           2          24  -7.8815656251916583E-002
           2          25  -4.2472204283626201E-015
           2          26  -1.3239556644449858E-015
           2          27  -7.8815656251912530E-002
           3           1 -0.29287443047683714     
           3           2 -0.71735087305200729     
           3           3   2.4198537715495037     
           3           4   8.4505227377918601E-002
           3           5  -2.0280298776699719     
           3           6  0.10088386596180560     
           3           7  -1.1000897355251953E-015
           3           8  -1.3165868256854785E-014
           3           9  -7.3069638628330930E-015
           3          10  -5.1312505090018628E-015
           3          11  -1.3158808717604942E-014
           3          12  -6.1313811035581315E-015
           3          13   7.9314841443403467E-016
           3          14   1.3601129741790050E-015
           3          15   1.7553133786265420E-015
           3          16   5.4172299478816236E-015
           3          17  -4.3668804830505578E-015
           3          18  -6.1652112357468087E-015
           3          19  -6.6020610942344843E-015
           3          20  -2.9090600901721602E-015
           3          21   4.5154845811821188E-015
           3          22  0.44397059325801441     
           3          23  -1.7522602770049276E-016
           3          24  0.44397059325801946     
           3          25   3.2214892005694712E-015
           3          26   2.6757692445269113E-015
           3          27  0.44397059325800842     
           4           1  -4.7088300995272531E-002
           4           2 -0.12337263223684297     
           4           3   8.4505227377918601E-002
           4           4  0.52112410485889893     
           4           5  0.32844590142640240     
           4           6  -6.5779064523824898E-002
           4           7  -6.7757405242349262E-015
           4           8  -1.0513677797689910E-014
           4           9  -9.2806460854192407E-015
           4          10  -6.3768620775377471E-015
           4          11  -1.4083709681962428E-014
           4          12  -1.1808678996788458E-014
           4          13   3.1010726316877332E-015
           4          14   3.4877170890559279E-016
           4          15  -2.7230525571943605E-015
           4          16   2.4580898835745762E-018
           4          17  -5.6711311405758930E-015
           4          18  -3.7783189268610061E-015
           4          19  -3.7316892691298650E-015
           4          20   1.0608280346045483E-015
           4          21   2.0039433665810525E-015
           4          22 -0.14011896226181619     
           4          23   1.1109612875848347E-015
           4          24 -0.14011896226181139     
           4          25   1.9009382243260422E-015
           4          26   8.8459831850824956E-017
           4          27 -0.14011896226181755     
           5           1  0.14764233054846479     
           5           2  0.39814681800229235     
           5           3  -2.0280298776699719     
           5           4  0.32844590142640240     
           5           5   5.5766230999246904     
           5           6 -0.16747137934962378     
           5           7   2.9613245985855130E-015
           5           8   5.9320616083433188E-015
           5           9   1.1245702211228138E-014
           5          10   3.1906503211113447E-015
           5          11   5.4511288876567266E-015
           5          12   6.0438800569396432E-015
           5          13  -4.5693962920557506E-015
           5          14   3.2405042874225947E-015
           5          15  -3.5594652379005322E-015
           5          16  -6.6317459853563818E-015
           5          17  -1.3895788601430439E-015
           5          18   2.3233175410043786E-015
           5          19   1.3344770621317864E-015
           5          20   5.6927379942049827E-015
           5          21  -2.9765785937639242E-016
           5          22  -1.1175677236939199     
           5          23   8.9889136056861927E-016
           5          24  -1.1175677236939192     
           5          25  -7.3845818759480107E-017
           5          26  -1.9793783169179352E-015
           5          27  -1.1175677236939165     
           6           1  -6.0719848914612788E-003
           6           2  -1.5503516544386257E-002
           6           3  0.10088386596180560     
           6           4  -6.5779064523824898E-002
           6           5 -0.16747137934962378     
           6           6   1.5985097870044800E-002
           6           7  -3.6067906813310219E-016
           6           8  -6.8483864286024216E-016
           6           9  -5.6415360856751009E-016
           6          10  -2.3566625900453531E-016
           6          11  -6.2914253190734472E-016
           6          12  -3.0495470477053476E-016
           6          13  -2.4090518975160686E-016
           6          14   1.7452044404618573E-016
           6          15   5.2990673582257077E-016
           6          16   2.8240932214316859E-016
           6          17   2.1066776858177816E-016
           6          18  -8.4154778477181995E-017
           6          19  -2.7554158033952444E-017
           6          20  -2.3093428027629750E-016
           6          21   1.3761724551757858E-016
           6          22   4.8316039069704358E-002
           6          23  -1.4311824263095428E-016
           6          24   4.8316039069704199E-002
           6          25   6.1168582840692767E-017
           6          26   1.9139867088985742E-016
           6          27   4.8316039069704005E-002
           7           1   7.2366734873479122E-016
           7           2   1.8229262554969004E-015
           7           3  -1.1000897355251953E-015
           7           4  -6.7757405242349262E-015
           7           5   2.9613245985855130E-015
           7           6  -3.6067906813310219E-016
           7           7  0.85093820517846019     
           7           8   1.3010426069825974E-016
           7           9  -8.1011586328116980E-016
           7          10  0.60470673197747415     
           7          11  -2.6402491304367004E-015
           7          12  -2.0088097851811426E-015
           7          13  -7.8992709428550190E-002
           7          14  -1.2619571186645007E-015
           7          15  -4.4812244193170846E-015
           7          16   6.0238991329072400E-002
           7          17   2.4080130250903061E-015
           7          18   4.1719015395069725E-015
           7          19  -1.9659947427321887E-002
           7          20  -5.9262490748057653E-016
           7          21  -1.7423671012928291E-015
           7          22  -1.7776617907361396E-015
           7          23  -4.9090128521931705E-016
           7          24  -5.2993268898582112E-016
           7          25   1.1251109662027761E-015
           7          26  -3.2025740828591695E-016
           7          27  -2.0470262503691139E-015
           8           1   2.9928779768920799E-015
           8           2   6.3022004535668650E-015
           8           3  -1.3165868256854785E-014
           8           4  -1.0513677797689910E-014
           8           5   5.9320616083433188E-015
           8           6  -6.8483864286024216E-016
           8           7   1.3010426069825974E-016
           8           8  0.85093820517846286     
           8           9  -3.4694469519535974E-016
           8          10   3.5613872961803850E-015
           8          11  0.60470673197747415     
           8          12   6.5364380574806083E-015
           8          13  -8.0768725041480107E-015
           8          14  -7.8992709428553021E-002
           8          15  -1.3887328786932334E-014
           8          16   1.0530096759830965E-014
           8          17   6.0238991329082392E-002
           8          18   7.1305808480026656E-015
           8          19  -2.5687459971612814E-015
           8          20  -1.9659947427325276E-002
           8          21  -9.5930208221517570E-016
           8          22  -7.3735752226873835E-015
           8          23  -1.0448369730448707E-015
           8          24   6.2549672052481911E-016
           8          25   4.4757277663209826E-015
           8          26   2.8963242962024777E-016
           8          27  -3.5288993046216102E-015
           9           1  -1.0030267140902547E-015
           9           2  -6.5394632463290711E-016
           9           3  -7.3069638628330930E-015
           9           4  -9.2806460854192407E-015
           9           5   1.1245702211228138E-014
           9           6  -5.6415360856751009E-016
           9           7  -8.1011586328116980E-016
           9           8  -3.4694469519535974E-016
           9           9  0.85093820517845686     
           9          10   3.9256792261355145E-015
           9          11  -3.0808688933348102E-015
           9          12  0.60470673197747782     
           9          13  -7.3358203192541668E-015
           9          14  -4.9803910995294155E-015
           9          15  -7.8992709428561791E-002
           9          16   9.6230532223295870E-015
           9          17   1.3513495877859324E-014
           9          18   6.0238991329075967E-002
           9          19  -2.2518879122523828E-016
           9          20  -2.1887873458137332E-015
           9          21  -1.9659947427323285E-002
           9          22  -1.0714502100023908E-014
           9          23  -2.2152667691758052E-015
           9          24  -6.6401293589449094E-016
           9          25   5.7728925733901859E-015
           9          26   7.1080852786466128E-016
           9          27  -6.7671068373495609E-015
          10           1   2.9951136436085034E-015
          10           2   5.8647775433256067E-015
          10           3  -5.1312505090018628E-015
          10           4  -6.3768620775377471E-015
          10           5   3.1906503211113447E-015
          10           6  -2.3566625900453531E-016
          10           7  0.60470673197747415     
          10           8   3.5613872961803850E-015
          10           9   3.9256792261355145E-015
          10          10  0.52441554883206876     
          10          11   2.5257573810222311E-015
          10          12   4.5102810375396977E-015
          10          13  -4.6572033736398344E-002
          10          14  -1.9274946222447294E-015
          10          15  -4.9837521262641182E-015
          10          16   4.0868339264142753E-002
          10          17   3.8244147432253683E-015
          10          18   3.8979236505198855E-015
          10          19  -1.3051824849129307E-002
          10          20  -1.0909242259549138E-015
          10          21  -1.2861890372195539E-015
          10          22  -2.3969483415328068E-015
          10          23  -3.6899215584576905E-016
          10          24  -4.3526107245024023E-016
          10          25   1.4153509573628197E-015
          10          26  -2.4715767947291177E-016
          10          27  -1.9792391926633951E-015
          11           1   1.7061668680950919E-015
          11           2   4.7268341666934978E-015
          11           3  -1.3158808717604942E-014
          11           4  -1.4083709681962428E-014
          11           5   5.4511288876567266E-015
          11           6  -6.2914253190734472E-016
          11           7  -2.6402491304367004E-015
          11           8  0.60470673197747415     
          11           9  -3.0808688933348102E-015
          11          10   2.5257573810222311E-015
          11          11  0.52441554883206654     
          11          12   5.5233595475101546E-015
          11          13  -8.0740535784995499E-015
          11          14  -4.6572033736402924E-002
          11          15  -1.5496284810900815E-014
          11          16   1.0385789450673146E-014
          11          17   4.0868339264155465E-002
          11          18   7.5391082265952036E-015
          11          19  -1.4538337981401256E-015
          11          20  -1.3051824849133201E-002
          11          21  -1.0486403412279797E-015
          11          22  -8.3079203943384055E-015
          11          23  -1.3778237411308827E-015
          11          24   1.1661808552346944E-015
          11          25   5.5272687193082359E-015
          11          26   2.0735534092373806E-016
          11          27  -4.1090186605433083E-015
          12           1   4.5101317236751462E-015
          12           2   7.8167090339780924E-015
          12           3  -6.1313811035581315E-015
          12           4  -1.1808678996788458E-014
          12           5   6.0438800569396432E-015
          12           6  -3.0495470477053476E-016
          12           7  -2.0088097851811426E-015
          12           8   6.5364380574806083E-015
          12           9  0.60470673197747782     
          12          10   4.5102810375396977E-015
          12          11   5.5233595475101546E-015
          12          12  0.52441554883208363     
          12          13  -7.4944390970888008E-015
          12          14  -7.4835970753639458E-015
          12          15  -4.6572033736413956E-002
          12          16   9.8084517938246177E-015
          12          17   1.7319479184152445E-014
          12          18   4.0868339264148519E-002
          12          19   3.3431373988590391E-016
          12          20  -3.1832175784174458E-015
          12          21  -1.3051824849130879E-002
          12          22  -1.0366800605353296E-014
          12          23  -2.1748904332867137E-015
          12          24   1.4167671188910833E-015
          12          25   6.8149643336149557E-015
          12          26   5.0237906895378709E-016
          12          27  -5.7755702335650029E-015
          13           1   6.1305043100523056E-016
          13           2   6.2427172768923045E-016
          13           3   7.9314841443403467E-016
          13           4   3.1010726316877332E-015
          13           5  -4.5693962920557506E-015
          13           6  -2.4090518975160686E-016
          13           7  -7.8992709428550190E-002
          13           8  -8.0768725041480107E-015
          13           9  -7.3358203192541668E-015
          13          10  -4.6572033736398344E-002
          13          11  -8.0740535784995499E-015
          13          12  -7.4944390970888008E-015
          13          13   8.2986962658979108E-003
          13          14   5.1251253132925228E-016
          13          15   6.9290344404010522E-016
          13          16  -5.7878810402662243E-003
          13          17  -5.4849787906042172E-016
          13          18  -7.9451690452453431E-016
          13          19   1.9178710661224678E-003
          13          20   1.5474953133156916E-016
          13          21   3.1243996105600531E-016
          13          22   4.0067929522004275E-016
          13          23   4.3536399179701430E-017
          13          24   3.9342047272643208E-016
          13          25  -4.2252045860249530E-017
          13          26   2.7752960976975165E-017
          13          27   4.8720212848816042E-016
          14           1  -2.5844084590675569E-015
          14           2  -4.3787044516802271E-015
          14           3   1.3601129741790050E-015
          14           4   3.4877170890559279E-016
          14           5   3.2405042874225947E-015
          14           6   1.7452044404618573E-016
          14           7  -1.2619571186645007E-015
          14           8  -7.8992709428553021E-002
          14           9  -4.9803910995294155E-015
          14          10  -1.9274946222447294E-015
          14          11  -4.6572033736402924E-002
          14          12  -7.4835970753639458E-015
          14          13   5.1251253132925228E-016
          14          14   8.2986962658978692E-003
          14          15   7.9539781878968647E-016
          14          16  -7.3466555647154643E-016
          14          17  -5.7878810402667005E-003
          14          18  -6.7334375922212184E-016
          14          19   2.8966663323613181E-016
          14          20   1.9178710661226621E-003
          14          21   1.2636376320318862E-016
          14          22  -8.0807641889432956E-018
          14          23   3.2828989137524276E-017
          14          24  -3.6790519128159997E-016
          14          25  -1.7848662293137146E-016
          14          26  -2.6731865414547388E-017
          14          27  -2.1685233476495785E-016
          15           1  -4.5234853212617382E-016
          15           2  -5.9386154856777852E-016
          15           3   1.7553133786265420E-015
          15           4  -2.7230525571943605E-015
          15           5  -3.5594652379005322E-015
          15           6   5.2990673582257077E-016
          15           7  -4.4812244193170846E-015
          15           8  -1.3887328786932334E-014
          15           9  -7.8992709428561791E-002
          15          10  -4.9837521262641182E-015
          15          11  -1.5496284810900815E-014
          15          12  -4.6572033736413956E-002
          15          13   6.9290344404010522E-016
          15          14   7.9539781878968647E-016
          15          15   8.2986962658986446E-003
          15          16  -8.7172565173264942E-016
          15          17  -1.3819782991586409E-015
          15          18  -5.7878810402669607E-003
          15          19   1.5677902227319131E-016
          15          20   3.1608559086098713E-016
          15          21   1.9178710661227555E-003
          15          22   1.6965020861975765E-015
          15          23   1.4498278584357914E-016
          15          24   1.2322556056692306E-015
          15          25  -2.6195088029620108E-016
          15          26  -6.6261836094550231E-017
          15          27   1.5104453869958697E-015
          16           1  -3.6709597834204433E-015
          16           2  -6.3137338464915303E-015
          16           3   5.4172299478816236E-015
          16           4   2.4580898835745762E-018
          16           5  -6.6317459853563818E-015
          16           6   2.8240932214316859E-016
          16           7   6.0238991329072400E-002
          16           8   1.0530096759830965E-014
          16           9   9.6230532223295870E-015
          16          10   4.0868339264142753E-002
          16          11   1.0385789450673146E-014
          16          12   9.8084517938246177E-015
          16          13  -5.7878810402662243E-003
          16          14  -7.3466555647154643E-016
          16          15  -8.7172565173264942E-016
          16          16   4.3041252805082354E-003
          16          17   8.1258919948715522E-016
          16          18   9.0364862944877462E-016
          16          19  -1.4105819308181957E-003
          16          20  -2.4247165148102415E-016
          16          21  -3.1773561104224206E-016
          16          22   1.4109018314559889E-015
          16          23  -3.4338968705179569E-017
          16          24   1.4772097884729641E-015
          16          25   6.7033874077171118E-017
          16          26  -2.2270526488454188E-017
          16          27   1.3793558257712436E-015
          17           1   5.6383929207636363E-015
          17           2   1.0088967073264097E-014
          17           3  -4.3668804830505578E-015
          17           4  -5.6711311405758930E-015
          17           5  -1.3895788601430439E-015
          17           6   2.1066776858177816E-016
          17           7   2.4080130250903061E-015
          17           8   6.0238991329082392E-002
          17           9   1.3513495877859324E-014
          17          10   3.8244147432253683E-015
          17          11   4.0868339264155465E-002
          17          12   1.7319479184152445E-014
          17          13  -5.4849787906042172E-016
          17          14  -5.7878810402667005E-003
          17          15  -1.3819782991586409E-015
          17          16   8.1258919948715522E-016
          17          17   4.3041252805094028E-003
          17          18   1.2589755626901666E-015
          17          19  -2.2505665408546839E-016
          17          20  -1.4105819308185756E-003
          17          21  -3.0100162813628590E-016
          17          22   7.7349498310412739E-017
          17          23  -6.0951364820436791E-017
          17          24   5.6598641892123824E-016
          17          25   2.6877364388434371E-016
          17          26   2.0472058116473756E-017
          17          27   3.1947438624330892E-016
          18           1   2.3798616528923207E-015
          18           2   4.5362055584027283E-015
          18           3  -6.1652112357468087E-015
          18           4  -3.7783189268610061E-015
          18           5   2.3233175410043786E-015
          18           6  -8.4154778477181995E-017
          18           7   4.1719015395069725E-015
          18           8   7.1305808480026656E-015
          18           9   6.0238991329075967E-002
          18          10   3.8979236505198855E-015
          18          11   7.5391082265952036E-015
          18          12   4.0868339264148519E-002
          18          13  -7.9451690452453431E-016
          18          14  -6.7334375922212184E-016
          18          15  -5.7878810402669607E-003
          18          16   9.0364862944877462E-016
          18          17   1.2589755626901666E-015
          18          18   4.3041252805086395E-003
          18          19  -1.1658561486008116E-016
          18          20  -2.6362375823984789E-016
          18          21  -1.4105819308183453E-003
          18          22  -1.0295231053539351E-015
          18          23  -1.4451799426007085E-016
          18          24  -4.1310904564703056E-016
          18          25   3.5310682891067062E-016
          18          26   5.0375294791672628E-017
          18          27  -7.8666777183736988E-016
          19           1   4.0337666654464802E-015
          19           2   7.3548925414071884E-015
          19           3  -6.6020610942344843E-015
          19           4  -3.7316892691298650E-015
          19           5   1.3344770621317864E-015
          19           6  -2.7554158033952444E-017
          19           7  -1.9659947427321887E-002
          19           8  -2.5687459971612814E-015
          19           9  -2.2518879122523828E-016
          19          10  -1.3051824849129307E-002
          19          11  -1.4538337981401256E-015
          19          12   3.3431373988590391E-016
          19          13   1.9178710661224678E-003
          19          14   2.8966663323613181E-016
          19          15   1.5677902227319131E-016
          19          16  -1.4105819308181957E-003
          19          17  -2.2505665408546839E-016
          19          18  -1.1658561486008116E-016
          19          19   4.6314413129403903E-004
          19          20   7.0058942100352469E-017
          19          21   5.0639864751597982E-017
          19          22  -2.8906932554931077E-016
          19          23   1.1146190206387024E-017
          19          24  -3.0746071468468144E-016
          19          25  -2.0016256802209196E-017
          19          26   7.2091828075200599E-018
          19          27  -2.7693266527167458E-016
          20           1  -7.6018444654451988E-016
          20           2  -1.2280194912637921E-015
          20           3  -2.9090600901721602E-015
          20           4   1.0608280346045483E-015
          20           5   5.6927379942049827E-015
          20           6  -2.3093428027629750E-016
          20           7  -5.9262490748057653E-016
          20           8  -1.9659947427325276E-002
          20           9  -2.1887873458137332E-015
          20          10  -1.0909242259549138E-015
          20          11  -1.3051824849133201E-002
          20          12  -3.1832175784174458E-015
          20          13   1.5474953133156916E-016
          20          14   1.9178710661226621E-003
          20          15   3.1608559086098713E-016
          20          16  -2.4247165148102415E-016
          20          17  -1.4105819308185756E-003
          20          18  -2.6362375823984789E-016
          20          19   7.0058942100352469E-017
          20          20   4.6314413129416475E-004
          20          21   5.4162674779227699E-017
          20          22  -1.0799353315842145E-015
          20          23   1.7972138645329417E-017
          20          24  -1.2279552289638411E-015
          20          25  -8.0625638269348739E-017
          20          26  -6.6767484231281128E-018
          20          27  -1.1545233261279335E-015
          21           1  -6.1688651600106777E-015
          21           2  -1.0146412980872198E-014
          21           3   4.5154845811821188E-015
          21           4   2.0039433665810525E-015
          21           5  -2.9765785937639242E-016
          21           6   1.3761724551757858E-016
          21           7  -1.7423671012928291E-015
          21           8  -9.5930208221517570E-016
          21           9  -1.9659947427323285E-002
          21          10  -1.2861890372195539E-015
          21          11  -1.0486403412279797E-015
          21          12  -1.3051824849130879E-002
          21          13   3.1243996105600531E-016
          21          14   1.2636376320318862E-016
          21          15   1.9178710661227555E-003
          21          16  -3.1773561104224206E-016
          21          17  -3.0100162813628590E-016
          21          18  -1.4105819308183453E-003
          21          19   5.0639864751597982E-017
          21          20   5.4162674779227699E-017
          21          21   4.6314413129409639E-004
          21          22   4.1047438414801454E-016
          21          23   4.5350257851490649E-017
          21          24   2.2332657181298779E-016
          21          25  -1.0704320294099261E-016
          21          26  -1.6449075713177351E-017
          21          27   3.3661319574436755E-016
          22           1  -2.9011649840576324E-002
          22           2  -7.8815656251913946E-002
          22           3  0.44397059325801441     
          22           4 -0.14011896226181619     
          22           5  -1.1175677236939199     
          22           6   4.8316039069704358E-002
          22           7  -1.7776617907361396E-015
          22           8  -7.3735752226873835E-015
          22           9  -1.0714502100023908E-014
          22          10  -2.3969483415328068E-015
          22          11  -8.3079203943384055E-015
          22          12  -1.0366800605353296E-014
          22          13   4.0067929522004275E-016
          22          14  -8.0807641889432956E-018
          22          15   1.6965020861975765E-015
          22          16   1.4109018314559889E-015
          22          17   7.7349498310412739E-017
          22          18  -1.0295231053539351E-015
          22          19  -2.8906932554931077E-016
          22          20  -1.0799353315842145E-015
          22          21   4.1047438414801454E-016
          22          22  0.24427070693125630     
          22          23  -3.2637817387874133E-016
          22          24  0.24427070693125605     
          22          25   1.3154924972194221E-016
          22          26   5.8174282107512270E-016
          22          27  0.24427070693125530     
          23           1  -1.2253464117893467E-015
          23           2  -2.0021235466314161E-015
          23           3  -1.7522602770049276E-016
          23           4   1.1109612875848347E-015
          23           5   8.9889136056861927E-016
          23           6  -1.4311824263095428E-016
          23           7  -4.9090128521931705E-016
          23           8  -1.0448369730448707E-015
          23           9  -2.2152667691758052E-015
          23          10  -3.6899215584576905E-016
          23          11  -1.3778237411308827E-015
          23          12  -2.1748904332867137E-015
          23          13   4.3536399179701430E-017
          23          14   3.2828989137524276E-017
          23          15   1.4498278584357914E-016
          23          16  -3.4338968705179569E-017
          23          17  -6.0951364820436791E-017
          23          18  -1.4451799426007085E-016
          23          19   1.1146190206387024E-017
          23          20   1.7972138645329417E-017
          23          21   4.5350257851490649E-017
          23          22  -3.2637817387874133E-016
          23          23   2.6010319935482552E-029
          23          24  -3.2637817387881914E-016
          23          25  -4.0836743601553938E-029
          23          26  -1.7693507966473827E-030
          23          27  -3.2637817387877378E-016
          24           1  -2.9011649840577358E-002
          24           2  -7.8815656251916583E-002
          24           3  0.44397059325801946     
          24           4 -0.14011896226181139     
          24           5  -1.1175677236939192     
          24           6   4.8316039069704199E-002
          24           7  -5.2993268898582112E-016
          24           8   6.2549672052481911E-016
          24           9  -6.6401293589449094E-016
          24          10  -4.3526107245024023E-016
          24          11   1.1661808552346944E-015
          24          12   1.4167671188910833E-015
          24          13   3.9342047272643208E-016
          24          14  -3.6790519128159997E-016
          24          15   1.2322556056692306E-015
          24          16   1.4772097884729641E-015
          24          17   5.6598641892123824E-016
          24          18  -4.1310904564703056E-016
          24          19  -3.0746071468468144E-016
          24          20  -1.2279552289638411E-015
          24          21   2.2332657181298779E-016
          24          22  0.24427070693125605     
          24          23  -3.2637817387881914E-016
          24          24  0.24427070693125583     
          24          25   1.3154924972233415E-016
          24          26   5.8174282107514775E-016
          24          27  0.24427070693125502     
          25           1  -2.3758262396268653E-015
          25           2  -4.2472204283626201E-015
          25           3   3.2214892005694712E-015
          25           4   1.9009382243260422E-015
          25           5  -7.3845818759480107E-017
          25           6   6.1168582840692767E-017
          25           7   1.1251109662027761E-015
          25           8   4.4757277663209826E-015
          25           9   5.7728925733901859E-015
          25          10   1.4153509573628197E-015
          25          11   5.5272687193082359E-015
          25          12   6.8149643336149557E-015
          25          13  -4.2252045860249530E-017
          25          14  -1.7848662293137146E-016
          25          15  -2.6195088029620108E-016
          25          16   6.7033874077171118E-017
          25          17   2.6877364388434371E-016
          25          18   3.5310682891067062E-016
          25          19  -2.0016256802209196E-017
          25          20  -8.0625638269348739E-017
          25          21  -1.0704320294099261E-016
          25          22   1.3154924972194221E-016
          25          23  -4.0836743601553938E-029
          25          24   1.3154924972233415E-016
          25          25   2.4032013923186530E-028
          25          26   1.6878908564517089E-029
          25          27   1.3154924972205381E-016
          26           1  -6.5796194974794384E-016
          26           2  -1.3239556644449858E-015
          26           3   2.6757692445269113E-015
          26           4   8.8459831850824956E-017
          26           5  -1.9793783169179352E-015
          26           6   1.9139867088985742E-016
          26           7  -3.2025740828591695E-016
          26           8   2.8963242962024777E-016
          26           9   7.1080852786466128E-016
          26          10  -2.4715767947291177E-016
          26          11   2.0735534092373806E-016
          26          12   5.0237906895378709E-016
          26          13   2.7752960976975165E-017
          26          14  -2.6731865414547388E-017
          26          15  -6.6261836094550231E-017
          26          16  -2.2270526488454188E-017
          26          17   2.0472058116473756E-017
          26          18   5.0375294791672628E-017
          26          19   7.2091828075200599E-018
          26          20  -6.6767484231281128E-018
          26          21  -1.6449075713177351E-017
          26          22   5.8174282107512270E-016
          26          23  -1.7693507966473827E-030
          26          24   5.8174282107514775E-016
          26          25   1.6878908564517089E-029
          26          26   7.3928435276749574E-030
          26          27   5.8174282107511008E-016
          27           1  -2.9011649840575922E-002
          27           2  -7.8815656251912530E-002
          27           3  0.44397059325800842     
          27           4 -0.14011896226181755     
          27           5  -1.1175677236939165     
          27           6   4.8316039069704005E-002
          27           7  -2.0470262503691139E-015
          27           8  -3.5288993046216102E-015
          27           9  -6.7671068373495609E-015
          27          10  -1.9792391926633951E-015
          27          11  -4.1090186605433083E-015
          27          12  -5.7755702335650029E-015
          27          13   4.8720212848816042E-016
          27          14  -2.1685233476495785E-016
          27          15   1.5104453869958697E-015
          27          16   1.3793558257712436E-015
          27          17   3.1947438624330892E-016
          27          18  -7.8666777183736988E-016
          27          19  -2.7693266527167458E-016
          27          20  -1.1545233261279335E-015
          27          21   3.3661319574436755E-016
          27          22  0.24427070693125530     
          27          23  -3.2637817387877378E-016
          27          24  0.24427070693125502     
          27          25   1.3154924972205381E-016
          27          26   5.8174282107511008E-016
          27          27  0.24427070693125422     
