           1           1  0.38262111456204062     
           1           2  0.62457752449078674     
           1           3 -0.13088347114594773     
           1           4 -0.16541655574469871     
           1           5   2.7569416181974470E-002
           1           6   3.8064240887869041E-002
           1           7   9.5923391890034874E-015
           1           8  -5.6427269517873438E-014
           1           9   6.2366689630244504E-014
           1          10  -2.7682618242990834E-014
           1          11  -5.1608429064330376E-014
           1          12  -2.2381741378716831E-015
           1          13   7.1043614776729541E-015
           1          14  -7.0571308976584323E-015
           1          15  -5.8983478407280931E-015
           1          16   3.5372101733130380E-015
           1          17   6.0548792605317176E-014
           1          18  -5.0411025214558663E-014
           1          19   2.8034209383935211E-014
           1          20  -1.2380810701443264E-015
           1          21   2.2913498742815209E-014
           1          22   2.4671222757676721E-003
           1          23  -1.7097765055877038E-013
           1          24   2.4671222756570614E-003
           1          25   1.2090237816470296E-014
           1          26  -8.1008048327614967E-014
           1          27   2.4671222756980828E-003
           2           1  0.62457752449078674     
           2           2   1.0548647359529855     
           2           3 -0.35826846171901516     
           2           4 -0.43906745687740512     
           2           5   7.7035293761078455E-002
           2           6  0.10656686606990592     
           2           7   1.3793274857073267E-014
           2           8  -1.0496077012915154E-013
           2           9   1.1098758775519934E-013
           2          10  -5.1854899593597974E-014
           2          11  -9.9402881898642692E-014
           2          12   3.9190762649408627E-015
           2          13   1.1400890485212763E-014
           2          14  -1.4434168017056519E-014
           2          15  -2.0315959163228149E-014
           2          16   6.4023612225783484E-015
           2          17   1.1126844213070218E-013
           2          18  -9.4461909327748519E-014
           2          19   5.2731445575059220E-014
           2          20  -3.8012768553935547E-015
           2          21   3.9920791494373826E-014
           2          22   7.3976338586022872E-003
           2          23  -3.2308563654823787E-013
           2          24   7.3976338583927551E-003
           2          25   2.3188754527213720E-014
           2          26  -1.5183682344491955E-013
           2          27   7.3976338584703259E-003
           3           1 -0.13088347114594773     
           3           2 -0.35826846171901516     
           3           3  0.63832641282372826     
           3           4  0.75785860116782211     
           3           5 -0.17214030071525266     
           3           6 -0.22365732255002962     
           3           7   5.7304410891584052E-015
           3           8   1.0108719854796848E-013
           3           9  -6.4969670336031202E-014
           3          10   3.8758528700083941E-014
           3          11   1.2982878686718133E-013
           3          12  -4.1284095811832222E-014
           3          13  -7.3510583994233564E-016
           3          14   1.8053407503631456E-014
           3          15   4.6203456938686875E-014
           3          16  -2.3471941986014918E-015
           3          17  -7.0217040147849780E-014
           3          18   7.1459284720294764E-014
           3          19  -3.7875800599004802E-014
           3          20   7.9443196902436229E-015
           3          21  -1.6693287254854024E-014
           3          22  -1.5626726798850025E-002
           3          23   2.3869564659679069E-013
           3          24  -1.5626726798693525E-002
           3          25  -1.8285480910265409E-014
           3          26   1.0800263920366799E-013
           3          27  -1.5626726798751100E-002
           4           1 -0.16541655574469871     
           4           2 -0.43906745687740512     
           4           3  0.75785860116782211     
           4           4  0.93727844222426215     
           4           5 -0.35941722379143393     
           4           6 -0.40564046204473714     
           4           7   8.5279806048134731E-015
           4           8   5.8188057975304310E-014
           4           9  -7.2377954447637511E-014
           4          10   4.8496134220857997E-014
           4          11   5.0375961932591814E-014
           4          12  -4.2023067832543431E-014
           4          13  -3.3138679083868113E-015
           4          14   1.1880259728609552E-014
           4          15   5.0851547309480437E-014
           4          16  -1.5614689094354335E-014
           4          17  -9.8433861050238495E-014
           4          18   7.8029532247569422E-014
           4          19  -5.3622002152451184E-014
           4          20   1.0691421953524814E-016
           4          21  -2.7057785260469055E-014
           4          22  -2.2920317997655506E-002
           4          23   2.8495223485420686E-013
           4          24  -2.2920317997468988E-002
           4          25  -2.1826546593714095E-014
           4          26   1.2897599400401769E-013
           4          27  -2.2920317997538124E-002
           5           1   2.7569416181974470E-002
           5           2   7.7035293761078455E-002
           5           3 -0.17214030071525266     
           5           4 -0.35941722379143393     
           5           5  0.69520727073516486     
           5           6  0.64699555828156807     
           5           7   3.2611618847336289E-015
           5           8  -1.0109141600531112E-014
           5           9  -4.9780170979103486E-015
           5          10   5.5373436066524391E-015
           5          11  -1.6985297405630807E-014
           5          12  -8.6687106870099674E-015
           5          13   1.2863463910730054E-015
           5          14  -2.5306933752983763E-015
           5          15  -1.2684410939957214E-014
           5          16   2.3250070093984729E-014
           5          17   3.4818328745280204E-014
           5          18  -3.9294302817518181E-014
           5          19   2.8700910958351628E-014
           5          20   1.6929838339994324E-014
           5          21   6.1020108521347410E-015
           5          22   2.3076262067698628E-002
           5          23  -5.4255717558294768E-014
           5          24   2.3076262067664083E-002
           5          25   4.2661639349643963E-015
           5          26  -2.4224198044016739E-014
           5          27   2.3076262067678845E-002
           6           1   3.8064240887869041E-002
           6           2  0.10656686606990592     
           6           3 -0.22365732255002962     
           6           4 -0.40564046204473714     
           6           5  0.64699555828156807     
           6           6  0.60902668654994030     
           6           7   6.8045472985794305E-015
           6           8  -1.5054418587235807E-014
           6           9   2.5670113397142789E-015
           6          10   8.8105224091388019E-015
           6          11  -2.1009273536367332E-014
           6          12  -3.3618240859070858E-015
           6          13  -2.6416585157512629E-015
           6          14  -3.7663166255624963E-015
           6          15  -8.9038965237824106E-015
           6          16   7.4416308641571779E-015
           6          17   3.8775111853379229E-014
           6          18  -1.9188817170932201E-014
           6          19   2.3204444973755885E-014
           6          20   1.4398063504150632E-014
           6          21   1.8972614645294484E-014
           6          22   2.2815921805976105E-002
           6          23  -7.4402402822208719E-014
           6          24   2.2815921805928212E-002
           6          25   5.7862352819028035E-015
           6          26  -3.3365595635737998E-014
           6          27   2.2815921805947648E-002
           7           1   9.5923391890034874E-015
           7           2   1.3793274857073267E-014
           7           3   5.7304410891584052E-015
           7           4   8.5279806048134731E-015
           7           5   3.2611618847336289E-015
           7           6   6.8045472985794305E-015
           7           7  0.33835366537852379     
           7           8   2.7729554763489384E-015
           7           9   4.3823451811864215E-015
           7          10  0.57741586928603716     
           7          11   8.3999647515487226E-015
           7          12   9.2213563174237234E-015
           7          13   1.3784292645695617E-002
           7          14  -1.9393124259248344E-015
           7          15  -6.3522321083753503E-015
           7          16  -6.6087318373658999E-002
           7          17  -1.1807334352863702E-015
           7          18   7.1807827967204419E-015
           7          19  -3.2308743106498762E-002
           7          20   1.1739724183014180E-015
           7          21  -2.6082363672281757E-015
           7          22  -6.8581818908571836E-015
           7          23   8.9842580840985427E-016
           7          24  -5.4365580085632434E-015
           7          25  -3.1771301395569268E-015
           7          26  -2.1304604582662808E-015
           7          27  -3.4024749822606968E-015
           8           1  -5.6427269517873438E-014
           8           2  -1.0496077012915154E-013
           8           3   1.0108719854796848E-013
           8           4   5.8188057975304310E-014
           8           5  -1.0109141600531112E-014
           8           6  -1.5054418587235807E-014
           8           7   2.7729554763489384E-015
           8           8  0.33835366537852229     
           8           9  -3.5741808818156729E-015
           8          10  -4.8393363968890380E-015
           8          11  0.57741586928602673     
           8          12  -4.4929338027798933E-015
           8          13   8.3722091759330337E-015
           8          14   1.3784292645714277E-002
           8          15   5.6105294021778953E-015
           8          16  -3.2836248639849618E-015
           8          17  -6.6087318373663273E-002
           8          18  -1.0231886952291856E-015
           8          19  -5.2261102753300862E-015
           8          20  -3.2308743106504396E-002
           8          21  -7.3368232062637348E-015
           8          22  -7.7736307499362671E-015
           8          23   4.9331599798508318E-015
           8          24  -2.0932878166862724E-015
           8          25   5.9337433953552732E-015
           8          26  -9.0448606792141102E-016
           8          27  -1.3005245518719195E-014
           9           1   6.2366689630244504E-014
           9           2   1.1098758775519934E-013
           9           3  -6.4969670336031202E-014
           9           4  -7.2377954447637511E-014
           9           5  -4.9780170979103486E-015
           9           6   2.5670113397142789E-015
           9           7   4.3823451811864215E-015
           9           8  -3.5741808818156729E-015
           9           9  0.33835366537852296     
           9          10  -1.4775507206632340E-015
           9          11  -1.5319343016351089E-014
           9          12  0.57741586928602828     
           9          13   3.5248496829675903E-015
           9          14   1.9369922332756984E-014
           9          15   1.3784292645711200E-002
           9          16  -1.2014301771327837E-014
           9          17  -2.2165429214292872E-015
           9          18  -6.6087318373676124E-002
           9          19  -4.6088443323809323E-015
           9          20  -5.7824567616798504E-015
           9          21  -3.2308743106496993E-002
           9          22   1.6928728246658509E-014
           9          23   6.8871395614978104E-015
           9          24   1.9510401051322029E-014
           9          25   2.1982920943291236E-015
           9          26  -4.8262065712748227E-015
           9          27   1.1331271939278765E-014
          10           1  -2.7682618242990834E-014
          10           2  -5.1854899593597974E-014
          10           3   3.8758528700083941E-014
          10           4   4.8496134220857997E-014
          10           5   5.5373436066524391E-015
          10           6   8.8105224091388019E-015
          10           7  0.57741586928603716     
          10           8  -4.8393363968890380E-015
          10           9  -1.4775507206632340E-015
          10          10  0.98550680534532020     
          10          11  -2.0573820425084672E-015
          10          12   4.2067044292438676E-016
          10          13   2.1473263314486318E-002
          10          14  -3.8365578075572186E-015
          10          15  -1.1762943050164259E-014
          10          16 -0.11933825826081151     
          10          17  -4.7919025518425873E-016
          10          18   1.2303204380845461E-014
          10          19  -5.8329677353976005E-002
          10          20   2.2497771061478429E-015
          10          21  -4.4058012175617797E-015
          10          22  -1.1882202716752137E-014
          10          23   1.7058896064698089E-015
          10          24  -9.5335938929159088E-015
          10          25  -5.5343410420163195E-015
          10          26  -3.7074726105809036E-015
          10          27  -6.0346211184440263E-015
          11           1  -5.1608429064330376E-014
          11           2  -9.9402881898642692E-014
          11           3   1.2982878686718133E-013
          11           4   5.0375961932591814E-014
          11           5  -1.6985297405630807E-014
          11           6  -2.1009273536367332E-014
          11           7   8.3999647515487226E-015
          11           8  0.57741586928602673     
          11           9  -1.5319343016351089E-014
          11          10  -2.0573820425084672E-015
          11          11  0.98550680534528901     
          11          12  -2.3333765475363947E-014
          11          13   1.5252230901874255E-014
          11          14   2.1473263314518855E-002
          11          15   9.0613280767646373E-015
          11          16  -3.0455645600932415E-015
          11          17 -0.11933825826081489     
          11          18  -4.6043355760097264E-016
          11          19  -8.2955391416791299E-015
          11          20  -5.8329677353984304E-002
          11          21  -1.1721878892881376E-014
          11          22  -1.2452273520277566E-014
          11          23   8.4190285299858353E-015
          11          24  -2.5021744258087711E-015
          11          25   1.0155633788740967E-014
          11          26  -1.8005733831033691E-015
          11          27  -2.1253391868265005E-014
          12           1  -2.2381741378716831E-015
          12           2   3.9190762649408627E-015
          12           3  -4.1284095811832222E-014
          12           4  -4.2023067832543431E-014
          12           5  -8.6687106870099674E-015
          12           6  -3.3618240859070858E-015
          12           7   9.2213563174237234E-015
          12           8  -4.4929338027798933E-015
          12           9  0.57741586928602828     
          12          10   4.2067044292438676E-016
          12          11  -2.3333765475363947E-014
          12          12  0.98550680534529200     
          12          13   6.7567479389296337E-015
          12          14   3.4355331079982638E-014
          12          15   2.1473263314513040E-002
          12          16  -1.7974486374132400E-014
          12          17  -3.3873186373871115E-016
          12          18 -0.11933825826083849     
          12          19  -6.8921326030209986E-015
          12          20  -8.8080313442179006E-015
          12          21  -5.8329677353971612E-002
          12          22   2.8056589991238887E-014
          12          23   1.1729264190608910E-014
          12          24   3.2452914386167818E-014
          12          25   3.7699255691867618E-015
          12          26  -8.2552379663913495E-015
          12          27   1.8426611211174263E-014
          13           1   7.1043614776729541E-015
          13           2   1.1400890485212763E-014
          13           3  -7.3510583994233564E-016
          13           4  -3.3138679083868113E-015
          13           5   1.2863463910730054E-015
          13           6  -2.6416585157512629E-015
          13           7   1.3784292645695617E-002
          13           8   8.3722091759330337E-015
          13           9   3.5248496829675903E-015
          13          10   2.1473263314486318E-002
          13          11   1.5252230901874255E-014
          13          12   6.7567479389296337E-015
          13          13   4.2067282863012700E-002
          13          14   2.4825519244490328E-016
          13          15   3.8156191531011562E-015
          13          16  0.12935837344712459     
          13          17   1.0155124591443273E-015
          13          18   1.0882697094015391E-014
          13          19   6.3084948420083081E-002
          13          20   9.9170803811781659E-015
          13          21   5.2959120370519544E-015
          13          22  -5.0265100038692654E-015
          13          23  -3.4967845828917952E-015
          13          24  -2.9194623214432485E-015
          13          25   1.8185682812929117E-015
          13          26   1.4564558657369576E-015
          13          27  -4.2240003420967126E-015
          14           1  -7.0571308976584323E-015
          14           2  -1.4434168017056519E-014
          14           3   1.8053407503631456E-014
          14           4   1.1880259728609552E-014
          14           5  -2.5306933752983763E-015
          14           6  -3.7663166255624963E-015
          14           7  -1.9393124259248344E-015
          14           8   1.3784292645714277E-002
          14           9   1.9369922332756984E-014
          14          10  -3.8365578075572186E-015
          14          11   2.1473263314518855E-002
          14          12   3.4355331079982638E-014
          14          13   2.4825519244490328E-016
          14          14   4.2067282863004374E-002
          14          15   1.6130759922240337E-015
          14          16  -1.5283133628405486E-014
          14          17  0.12935837344710052     
          14          18  -7.0744090110722259E-015
          14          19   4.3076271343595624E-015
          14          20   6.3084948420083442E-002
          14          21  -6.3886477488436630E-015
          14          22  -3.0712819437244846E-015
          14          23   3.3394298011097524E-016
          14          24  -8.9137404749289026E-015
          14          25  -1.2522031395282179E-016
          14          26   4.9125272662736103E-015
          14          27  -6.7402267056731674E-015
          15           1  -5.8983478407280931E-015
          15           2  -2.0315959163228149E-014
          15           3   4.6203456938686875E-014
          15           4   5.0851547309480437E-014
          15           5  -1.2684410939957214E-014
          15           6  -8.9038965237824106E-015
          15           7  -6.3522321083753503E-015
          15           8   5.6105294021778953E-015
          15           9   1.3784292645711200E-002
          15          10  -1.1762943050164259E-014
          15          11   9.0613280767646373E-015
          15          12   2.1473263314513040E-002
          15          13   3.8156191531011562E-015
          15          14   1.6130759922240337E-015
          15          15   4.2067282863011694E-002
          15          16  -3.3894582426126103E-015
          15          17  -2.1567186784308700E-015
          15          18  0.12935837344712131     
          15          19   2.6040979760058511E-015
          15          20   1.2280127815230488E-014
          15          21   6.3084948420075379E-002
          15          22  -4.2546595604963147E-015
          15          23   8.7148269433448097E-016
          15          24  -5.0605589226343605E-015
          15          25   2.2005732219846503E-016
          15          26  -3.6283257607630530E-017
          15          27  -3.0557183757794429E-015
          16           1   3.5372101733130380E-015
          16           2   6.4023612225783484E-015
          16           3  -2.3471941986014918E-015
          16           4  -1.5614689094354335E-014
          16           5   2.3250070093984729E-014
          16           6   7.4416308641571779E-015
          16           7  -6.6087318373658999E-002
          16           8  -3.2836248639849618E-015
          16           9  -1.2014301771327837E-014
          16          10 -0.11933825826081151     
          16          11  -3.0455645600932415E-015
          16          12  -1.7974486374132400E-014
          16          13  0.12935837344712459     
          16          14  -1.5283133628405486E-014
          16          15  -3.3894582426126103E-015
          16          16  0.43308998569182028     
          16          17  -4.0278202839213110E-014
          16          18  -1.6345681539252080E-014
          16          19  0.21122505870468120     
          16          20   9.8125833260650245E-015
          16          21  -6.1070956928966067E-015
          16          22  -1.3246252295107234E-014
          16          23  -1.1413650659759432E-014
          16          24  -7.0471750479157880E-015
          16          25   6.8471631497262819E-015
          16          26   5.3179416552273303E-015
          16          27  -1.1785383798205795E-014
          17           1   6.0548792605317176E-014
          17           2   1.1126844213070218E-013
          17           3  -7.0217040147849780E-014
          17           4  -9.8433861050238495E-014
          17           5   3.4818328745280204E-014
          17           6   3.8775111853379229E-014
          17           7  -1.1807334352863702E-015
          17           8  -6.6087318373663273E-002
          17           9  -2.2165429214292872E-015
          17          10  -4.7919025518425873E-016
          17          11 -0.11933825826081489     
          17          12  -3.3873186373871115E-016
          17          13   1.0155124591443273E-015
          17          14  0.12935837344710052     
          17          15  -2.1567186784308700E-015
          17          16  -4.0278202839213110E-014
          17          17  0.43308998569179386     
          17          18  -1.7243250718762674E-014
          17          19   1.9056127691394619E-014
          17          20  0.21122505870470787     
          17          21  -1.5664997998005260E-014
          17          22  -4.4405548433391242E-015
          17          23  -5.5292898965590990E-016
          17          24  -2.4795818750328509E-014
          17          25  -2.3467107498906316E-015
          17          26   1.5945607286271504E-014
          17          27  -1.4334863760961393E-014
          18           1  -5.0411025214558663E-014
          18           2  -9.4461909327748519E-014
          18           3   7.1459284720294764E-014
          18           4   7.8029532247569422E-014
          18           5  -3.9294302817518181E-014
          18           6  -1.9188817170932201E-014
          18           7   7.1807827967204419E-015
          18           8  -1.0231886952291856E-015
          18           9  -6.6087318373676124E-002
          18          10   1.2303204380845461E-014
          18          11  -4.6043355760097264E-016
          18          12 -0.11933825826083849     
          18          13   1.0882697094015391E-014
          18          14  -7.0744090110722259E-015
          18          15  0.12935837344712131     
          18          16  -1.6345681539252080E-014
          18          17  -1.7243250718762674E-014
          18          18  0.43308998569185408     
          18          19   5.2360491217043873E-015
          18          20   3.5358876353245591E-014
          18          21  0.21122505870467492     
          18          22  -1.7227477810520835E-014
          18          23   5.2538849811389591E-016
          18          24  -2.0532817145843017E-014
          18          25  -5.8771323698852391E-017
          18          26   1.4727829359253150E-015
          18          27  -1.1581382956365940E-014
          19           1   2.8034209383935211E-014
          19           2   5.2731445575059220E-014
          19           3  -3.7875800599004802E-014
          19           4  -5.3622002152451184E-014
          19           5   2.8700910958351628E-014
          19           6   2.3204444973755885E-014
          19           7  -3.2308743106498762E-002
          19           8  -5.2261102753300862E-015
          19           9  -4.6088443323809323E-015
          19          10  -5.8329677353976005E-002
          19          11  -8.2955391416791299E-015
          19          12  -6.8921326030209986E-015
          19          13   6.3084948420083081E-002
          19          14   4.3076271343595624E-015
          19          15   2.6040979760058511E-015
          19          16  0.21122505870468120     
          19          17   1.9056127691394619E-014
          19          18   5.2360491217043873E-015
          19          19  0.10301904771831083     
          19          20   2.3650533036935484E-014
          19          21   3.4620059387383298E-015
          19          22  -5.3755545690197696E-015
          19          23  -5.5670961336326129E-015
          19          24  -2.3468477696081210E-015
          19          25   3.3361814719312710E-015
          19          26   2.5951368029135023E-015
          19          27  -4.6680046609938670E-015
          20           1  -1.2380810701443264E-015
          20           2  -3.8012768553935547E-015
          20           3   7.9443196902436229E-015
          20           4   1.0691421953524814E-016
          20           5   1.6929838339994324E-014
          20           6   1.4398063504150632E-014
          20           7   1.1739724183014180E-015
          20           8  -3.2308743106504396E-002
          20           9  -5.7824567616798504E-015
          20          10   2.2497771061478429E-015
          20          11  -5.8329677353984304E-002
          20          12  -8.8080313442179006E-015
          20          13   9.9170803811781659E-015
          20          14   6.3084948420083442E-002
          20          15   1.2280127815230488E-014
          20          16   9.8125833260650245E-015
          20          17  0.21122505870470787     
          20          18   3.5358876353245591E-014
          20          19   2.3650533036935484E-014
          20          20  0.10301904771834315     
          20          21   1.3726184441399109E-014
          20          22  -2.8818422644691793E-015
          20          23  -2.6912407632760713E-016
          20          24  -1.2820977821072332E-014
          20          25  -1.1431267398094628E-015
          20          26   7.7738558151395105E-015
          20          27  -7.7166875237196235E-015
          21           1   2.2913498742815209E-014
          21           2   3.9920791494373826E-014
          21           3  -1.6693287254854024E-014
          21           4  -2.7057785260469055E-014
          21           5   6.1020108521347410E-015
          21           6   1.8972614645294484E-014
          21           7  -2.6082363672281757E-015
          21           8  -7.3368232062637348E-015
          21           9  -3.2308743106496993E-002
          21          10  -4.4058012175617797E-015
          21          11  -1.1721878892881376E-014
          21          12  -5.8329677353971612E-002
          21          13   5.2959120370519544E-015
          21          14  -6.3886477488436630E-015
          21          15   6.3084948420075379E-002
          21          16  -6.1070956928966067E-015
          21          17  -1.5664997998005260E-014
          21          18  0.21122505870467492     
          21          19   3.4620059387383298E-015
          21          20   1.3726184441399109E-014
          21          21  0.10301904771829665     
          21          22  -6.6967527109269101E-015
          21          23   2.5591127076918826E-016
          21          24  -8.3225124193589763E-015
          21          25  -2.3155739703100864E-017
          21          26   7.1668752768587621E-016
          21          27  -3.9435952926681821E-015
          22           1   2.4671222757676721E-003
          22           2   7.3976338586022872E-003
          22           3  -1.5626726798850025E-002
          22           4  -2.2920317997655506E-002
          22           5   2.3076262067698628E-002
          22           6   2.2815921805976105E-002
          22           7  -6.8581818908571836E-015
          22           8  -7.7736307499362671E-015
          22           9   1.6928728246658509E-014
          22          10  -1.1882202716752137E-014
          22          11  -1.2452273520277566E-014
          22          12   2.8056589991238887E-014
          22          13  -5.0265100038692654E-015
          22          14  -3.0712819437244846E-015
          22          15  -4.2546595604963147E-015
          22          16  -1.3246252295107234E-014
          22          17  -4.4405548433391242E-015
          22          18  -1.7227477810520835E-014
          22          19  -5.3755545690197696E-015
          22          20  -2.8818422644691793E-015
          22          21  -6.6967527109269101E-015
          22          22   1.5434969608736069E-003
          22          23  -5.7743403994219635E-015
          22          24   1.5434969608697691E-003
          22          25   4.1220831216404125E-016
          22          26  -2.6053470929269360E-015
          22          27   1.5434969608711482E-003
          23           1  -1.7097765055877038E-013
          23           2  -3.2308563654823787E-013
          23           3   2.3869564659679069E-013
          23           4   2.8495223485420686E-013
          23           5  -5.4255717558294768E-014
          23           6  -7.4402402822208719E-014
          23           7   8.9842580840985427E-016
          23           8   4.9331599798508318E-015
          23           9   6.8871395614978104E-015
          23          10   1.7058896064698089E-015
          23          11   8.4190285299858353E-015
          23          12   1.1729264190608910E-014
          23          13  -3.4967845828917952E-015
          23          14   3.3394298011097524E-016
          23          15   8.7148269433448097E-016
          23          16  -1.1413650659759432E-014
          23          17  -5.5292898965590990E-016
          23          18   5.2538849811389591E-016
          23          19  -5.5670961336326129E-015
          23          20  -2.6912407632760713E-016
          23          21   2.5591127076918826E-016
          23          22  -5.7743403994219635E-015
          23          23   1.3199732603164248E-025
          23          24  -5.7743403993363130E-015
          23          25  -9.7325785842562926E-027
          23          26   6.0505138042042401E-026
          23          27  -5.7743403993680339E-015
          24           1   2.4671222756570614E-003
          24           2   7.3976338583927551E-003
          24           3  -1.5626726798693525E-002
          24           4  -2.2920317997468988E-002
          24           5   2.3076262067664083E-002
          24           6   2.2815921805928212E-002
          24           7  -5.4365580085632434E-015
          24           8  -2.0932878166862724E-015
          24           9   1.9510401051322029E-014
          24          10  -9.5335938929159088E-015
          24          11  -2.5021744258087711E-015
          24          12   3.2452914386167818E-014
          24          13  -2.9194623214432485E-015
          24          14  -8.9137404749289026E-015
          24          15  -5.0605589226343605E-015
          24          16  -7.0471750479157880E-015
          24          17  -2.4795818750328509E-014
          24          18  -2.0532817145843017E-014
          24          19  -2.3468477696081210E-015
          24          20  -1.2820977821072332E-014
          24          21  -8.3225124193589763E-015
          24          22   1.5434969608697691E-003
          24          23  -5.7743403993363130E-015
          24          24   1.5434969608659308E-003
          24          25   4.1220831215784810E-016
          24          26  -2.6053470928879726E-015
          24          27   1.5434969608673101E-003
          25           1   1.2090237816470296E-014
          25           2   2.3188754527213720E-014
          25           3  -1.8285480910265409E-014
          25           4  -2.1826546593714095E-014
          25           5   4.2661639349643963E-015
          25           6   5.7862352819028035E-015
          25           7  -3.1771301395569268E-015
          25           8   5.9337433953552732E-015
          25           9   2.1982920943291236E-015
          25          10  -5.5343410420163195E-015
          25          11   1.0155633788740967E-014
          25          12   3.7699255691867618E-015
          25          13   1.8185682812929117E-015
          25          14  -1.2522031395282179E-016
          25          15   2.2005732219846503E-016
          25          16   6.8471631497262819E-015
          25          17  -2.3467107498906316E-015
          25          18  -5.8771323698852391E-017
          25          19   3.3361814719312710E-015
          25          20  -1.1431267398094628E-015
          25          21  -2.3155739703100864E-017
          25          22   4.1220831216404125E-016
          25          23  -9.7325785842562926E-027
          25          24   4.1220831215784810E-016
          25          25   1.0159510569359832E-027
          25          26  -4.4994068084493742E-027
          25          27   4.1220831215993405E-016
          26           1  -8.1008048327614967E-014
          26           2  -1.5183682344491955E-013
          26           3   1.0800263920366799E-013
          26           4   1.2897599400401769E-013
          26           5  -2.4224198044016739E-014
          26           6  -3.3365595635737998E-014
          26           7  -2.1304604582662808E-015
          26           8  -9.0448606792141102E-016
          26           9  -4.8262065712748227E-015
          26          10  -3.7074726105809036E-015
          26          11  -1.8005733831033691E-015
          26          12  -8.2552379663913495E-015
          26          13   1.4564558657369576E-015
          26          14   4.9125272662736103E-015
          26          15  -3.6283257607630530E-017
          26          16   5.3179416552273303E-015
          26          17   1.5945607286271504E-014
          26          18   1.4727829359253150E-015
          26          19   2.5951368029135023E-015
          26          20   7.7738558151395105E-015
          26          21   7.1668752768587621E-016
          26          22  -2.6053470929269360E-015
          26          23   6.0505138042042401E-026
          26          24  -2.6053470928879726E-015
          26          25  -4.4994068084493742E-027
          26          26   2.8839886344112365E-026
          26          27  -2.6053470929021942E-015
          27           1   2.4671222756980828E-003
          27           2   7.3976338584703259E-003
          27           3  -1.5626726798751100E-002
          27           4  -2.2920317997538124E-002
          27           5   2.3076262067678845E-002
          27           6   2.2815921805947648E-002
          27           7  -3.4024749822606968E-015
          27           8  -1.3005245518719195E-014
          27           9   1.1331271939278765E-014
          27          10  -6.0346211184440263E-015
          27          11  -2.1253391868265005E-014
          27          12   1.8426611211174263E-014
          27          13  -4.2240003420967126E-015
          27          14  -6.7402267056731674E-015
          27          15  -3.0557183757794429E-015
          27          16  -1.1785383798205795E-014
          27          17  -1.4334863760961393E-014
          27          18  -1.1581382956365940E-014
          27          19  -4.6680046609938670E-015
          27          20  -7.7166875237196235E-015
          27          21  -3.9435952926681821E-015
          27          22   1.5434969608711482E-003
          27          23  -5.7743403993680339E-015
          27          24   1.5434969608673101E-003
          27          25   4.1220831215993405E-016
          27          26  -2.6053470929021942E-015
          27          27   1.5434969608686890E-003
