           1           1  0.39999681364344852     
           1           2  0.65046359809780729     
           1           3 -0.22349080167914154     
           1           4 -0.14884123767658361     
           1           5  0.11671708090213956     
           1           6   1.9346026384704701E-002
           1           7   4.0816087416788608E-015
           1           8  -6.5509276810941419E-015
           1           9  -5.3102952085156910E-016
           1          10   3.5141269901554852E-015
           1          11  -6.0753361377908066E-015
           1          12   1.6869802787019931E-015
           1          13  -7.4568397542199266E-016
           1          14  -3.5785978749193518E-016
           1          15   2.1689506411900446E-015
           1          16   2.5979625617414559E-015
           1          17  -1.0541023029717916E-015
           1          18  -9.2019058711078289E-016
           1          19  -2.8499761903918561E-015
           1          20  -2.3270130458355000E-016
           1          21   4.5538750420846539E-016
           1          22  -1.2082026019922540E-002
           1          23   5.6817014516188461E-016
           1          24  -1.2082026019919596E-002
           1          25   9.9023272484219892E-017
           1          26  -5.7033134209058651E-016
           1          27  -1.2082026019922414E-002
           2           1  0.65046359809780729     
           2           2   1.0971773865803676     
           2           3 -0.57752931582286604     
           2           4 -0.38486973408859115     
           2           5  0.32348972856708158     
           2           6   5.3478820005002745E-002
           2           7   9.7582776235097322E-015
           2           8  -1.5382665801400281E-014
           2           9  -1.2211453203247845E-015
           2          10   8.4007705630330228E-015
           2          11  -1.4689572036890275E-014
           2          12   3.7167194029431165E-015
           2          13  -1.6954393952619558E-015
           2          14  -1.2188332694396424E-015
           2          15   5.5503143639249081E-015
           2          16   6.6430454493239767E-015
           2          17  -2.9622858895457378E-015
           2          18  -1.8898119921722163E-015
           2          19  -7.5369596706648853E-015
           2          20  -3.1019162563810044E-016
           2          21   1.0752956343930786E-015
           2          22  -3.4010498726475817E-002
           2          23   1.4505594987583771E-015
           2          24  -3.4010498726469357E-002
           2          25   2.5354816685046720E-016
           2          26  -1.4026001571404117E-015
           2          27  -3.4010498726475276E-002
           3           1 -0.22349080167914154     
           3           2 -0.57752931582286604     
           3           3   1.3517154418675521     
           3           4  0.86267830309130655     
           3           5  -1.1125170769392840     
           3           6 -0.13470683674060419     
           3           7  -2.1910388868354641E-014
           3           8   3.2518254110869233E-014
           3           9   2.1907112936102502E-015
           3          10  -1.8983429216533861E-014
           3          11   3.2562755074884160E-014
           3          12  -7.4339602560339605E-015
           3          13   5.7998278645765740E-015
           3          14   2.3023418934542057E-015
           3          15  -1.4410294460390839E-014
           3          16  -1.5174871518780194E-014
           3          17   8.1762415436204860E-015
           3          18   2.7408752473968029E-015
           3          19   1.8504574815520835E-014
           3          20  -6.5065723380994959E-016
           3          21  -2.5185023853344109E-015
           3          22  0.12891082077025157     
           3          23  -3.4867274184645976E-015
           3          24  0.12891082077023994     
           3          25  -6.6291571295556176E-016
           3          26   3.0230593284997692E-015
           3          27  0.12891082077024887     
           4           1 -0.14884123767658361     
           4           2 -0.38486973408859115     
           4           3  0.86267830309130655     
           4           4  0.63936348986319569     
           4           5 -0.83088221184649380     
           4           6 -0.16371463733520128     
           4           7  -7.1829438366637361E-015
           4           8   1.3956581130293488E-014
           4           9   2.7324081795502878E-015
           4          10  -7.3989799784477594E-015
           4          11   1.5511980443793956E-014
           4          12  -1.5717951496678435E-015
           4          13  -7.9999533978513160E-015
           4          14   1.0531094634353086E-014
           4          15  -1.1584157913973922E-014
           4          16  -9.5549225718623710E-015
           4          17   4.8320161860113519E-015
           4          18  -1.2644127548269897E-015
           4          19   1.1353488275085558E-014
           4          20   1.8578976338909058E-015
           4          21  -2.2659196275277963E-015
           4          22   8.4570395721295336E-002
           4          23  -1.2993542916361955E-015
           4          24   8.4570395721289715E-002
           4          25  -3.7901639715793497E-016
           4          26  -2.3050804778742722E-016
           4          27   8.4570395721293198E-002
           5           1  0.11671708090213956     
           5           2  0.32348972856708158     
           5           3  -1.1125170769392840     
           5           4 -0.83088221184649380     
           5           5   3.7587922932474602     
           5           6  0.38322968995398182     
           5           7  -8.7648111495677661E-015
           5           8   1.2692958052895580E-014
           5           9  -8.5667866806087524E-015
           5          10  -5.9384898187910880E-015
           5          11   1.1352237643147913E-014
           5          12  -6.7522510638466394E-015
           5          13   2.0771018176705287E-014
           5          14  -2.8788664329696455E-014
           5          15   3.0737653873489849E-014
           5          16   6.0276804587159262E-015
           5          17  -5.1575743922160475E-015
           5          18   1.1496512350463560E-014
           5          19  -1.1772253710835681E-014
           5          20  -6.2820237236824394E-015
           5          21   6.3843475133038727E-015
           5          22 -0.45892465332649512     
           5          23  -7.0783571780371309E-016
           5          24 -0.45892465332649174     
           5          25   4.1375486204776052E-016
           5          26   6.9481368948181154E-015
           5          27 -0.45892465332648380     
           6           1   1.9346026384704701E-002
           6           2   5.3478820005002745E-002
           6           3 -0.13470683674060419     
           6           4 -0.16371463733520128     
           6           5  0.38322968995398182     
           6           6  0.18268233596407910     
           6           7  -5.8608545040188830E-016
           6           8   3.5084069594562085E-016
           6           9   1.0130444461380567E-015
           6          10  -3.7908530094800538E-016
           6          11   1.3986388396078340E-015
           6          12  -7.9693408543464290E-016
           6          13   2.5544452355748729E-015
           6          14  -5.3008645926871733E-015
           6          15  -3.0442701142100545E-015
           6          16   1.9767920784549571E-015
           6          17  -1.0858276038987600E-015
           6          18   1.1537606570175748E-015
           6          19  -6.9829011905265360E-015
           6          20  -2.4288351354877739E-015
           6          21   1.7950787171557772E-015
           6          22  -1.5070711096761114E-002
           6          23  -3.5887682335787214E-017
           6          24  -1.5070711096760486E-002
           6          25   5.3527917051105905E-016
           6          26   2.8999879900882368E-015
           6          27  -1.5070711096761526E-002
           7           1   4.0816087416788608E-015
           7           2   9.7582776235097322E-015
           7           3  -2.1910388868354641E-014
           7           4  -7.1829438366637361E-015
           7           5  -8.7648111495677661E-015
           7           6  -5.8608545040188830E-016
           7           7  0.58700083752096521     
           7           8   6.0715321659080273E-018
           7           9  -8.0065619932622727E-016
           7          10  0.66672002165468047     
           7          11  -2.7321894746636018E-016
           7          12   2.7888390381759384E-016
           7          13 -0.27281518850767378     
           7          14   1.8912890459473361E-015
           7          15  -4.6404784718623749E-016
           7          16  -1.5865267302127915E-002
           7          17  -4.2674197509028602E-016
           7          18  -2.2453826992176306E-016
           7          19  -2.3112099592743421E-002
           7          20  -4.3031984225948212E-016
           7          21   1.0165983553815133E-017
           7          22   3.3125908891637304E-015
           7          23  -2.2540637872107268E-016
           7          24   2.7650716243065411E-015
           7          25   1.6573104649030733E-015
           7          26  -1.3224581447748058E-015
           7          27   2.7857709689137525E-015
           8           1  -6.5509276810941419E-015
           8           2  -1.5382665801400281E-014
           8           3   3.2518254110869233E-014
           8           4   1.3956581130293488E-014
           8           5   1.2692958052895580E-014
           8           6   3.5084069594562085E-016
           8           7   6.0715321659080273E-018
           8           8  0.58700083752096510     
           8           9   1.1089219820181635E-015
           8          10   2.6281060661048060E-016
           8          11  0.66672002165468158     
           8          12  -4.0419056990261464E-016
           8          13   9.3758415744761311E-016
           8          14 -0.27281518850767267     
           8          15   1.5243018571540401E-015
           8          16  -8.5483920289617290E-016
           8          17  -1.5865267302131024E-002
           8          18  -2.2678798942962719E-016
           8          19  -5.1454879853453691E-016
           8          20  -2.3112099592740881E-002
           8          21   5.1277341747704279E-016
           8          22  -2.2003801046491695E-015
           8          23   2.8675040320105216E-016
           8          24  -3.1397210230117907E-015
           8          25  -1.0959980709251176E-016
           8          26   2.8796229909466499E-015
           8          27  -2.2015131989017995E-015
           9           1  -5.3102952085156910E-016
           9           2  -1.2211453203247845E-015
           9           3   2.1907112936102502E-015
           9           4   2.7324081795502878E-015
           9           5  -8.5667866806087524E-015
           9           6   1.0130444461380567E-015
           9           7  -8.0065619932622727E-016
           9           8   1.1089219820181635E-015
           9           9  0.58700083752096743     
           9          10  -8.7245748819908246E-016
           9          11   3.1571967262776627E-016
           9          12  0.66672002165468192     
           9          13   9.3755620536029455E-016
           9          14   6.5303868541058553E-016
           9          15 -0.27281518850767206     
           9          16   1.2948668897641622E-015
           9          17   5.8622811466292053E-016
           9          18  -1.5865267302131489E-002
           9          19   7.7393527445571287E-016
           9          20  -2.6977220099737850E-015
           9          21  -2.3112099592740243E-002
           9          22   1.4664610363861584E-015
           9          23   1.9053491186601277E-016
           9          24  -4.7971897981022789E-016
           9          25  -6.3140284814371360E-016
           9          26  -2.4742650329134972E-015
           9          27   1.7240853065349490E-015
          10           1   3.5141269901554852E-015
          10           2   8.4007705630330228E-015
          10           3  -1.8983429216533861E-014
          10           4  -7.3989799784477594E-015
          10           5  -5.9384898187910880E-015
          10           6  -3.7908530094800538E-016
          10           7  0.66672002165468047     
          10           8   2.6281060661048060E-016
          10           9  -8.7245748819908246E-016
          10          10  0.81221919174591695     
          10          11  -2.8904829918464238E-016
          10          12  -1.5799536158544491E-016
          10          13 -0.15710469084107545     
          10          14   4.5132625935142663E-016
          10          15   9.2244153769126068E-016
          10          16   1.5883885316735083E-002
          10          17  -3.7339922820400329E-016
          10          18  -1.4146043142210687E-016
          10          19  -1.6982580521318014E-002
          10          20  -3.0712737041082358E-016
          10          21  -2.4098997909803804E-016
          10          22   2.4950635060329291E-015
          10          23  -5.1499353794405973E-016
          10          24   1.4857835822456870E-015
          10          25   9.0646121605352090E-016
          10          26  -9.9320416244447177E-016
          10          27   1.3293839882994044E-015
          11           1  -6.0753361377908066E-015
          11           2  -1.4689572036890275E-014
          11           3   3.2562755074884160E-014
          11           4   1.5511980443793956E-014
          11           5   1.1352237643147913E-014
          11           6   1.3986388396078340E-015
          11           7  -2.7321894746636018E-016
          11           8  0.66672002165468158     
          11           9   3.1571967262776627E-016
          11          10  -2.8904829918464238E-016
          11          11  0.81221919174591894     
          11          12  -1.1048020137627515E-015
          11          13   2.1147363374330237E-015
          11          14 -0.15710469084107712     
          11          15   2.4577440234895491E-015
          11          16   2.4611389315448847E-017
          11          17   1.5883885316732581E-002
          11          18  -5.3207221614722718E-016
          11          19  -8.2117472544060882E-016
          11          20  -1.6982580521316612E-002
          11          21   1.3652646450434548E-015
          11          22  -1.2967031910983245E-015
          11          23   1.8534192640847581E-016
          11          24  -3.4744752622934897E-015
          11          25  -9.2814134877288316E-017
          11          26   2.7380398055915055E-015
          11          27  -8.1214203804752907E-016
          12           1   1.6869802787019931E-015
          12           2   3.7167194029431165E-015
          12           3  -7.4339602560339605E-015
          12           4  -1.5717951496678435E-015
          12           5  -6.7522510638466394E-015
          12           6  -7.9693408543464290E-016
          12           7   2.7888390381759384E-016
          12           8  -4.0419056990261464E-016
          12           9  0.66672002165468192     
          12          10  -1.5799536158544491E-016
          12          11  -1.1048020137627515E-015
          12          12  0.81221919174591739     
          12          13  -1.5788867778574704E-015
          12          14   1.0963147436313173E-015
          12          15 -0.15710469084107379     
          12          16   9.2497776609356701E-016
          12          17   7.6200439187713925E-016
          12          18   1.5883885316733515E-002
          12          19   2.3233965512426374E-016
          12          20  -1.1445210827253524E-015
          12          21  -1.6982580521317073E-002
          12          22   2.5346125439875808E-016
          12          23   7.7020837418223951E-016
          12          24  -2.9068126842610603E-016
          12          25   1.4158461347441083E-016
          12          26  -1.5028155030404406E-015
          12          27   8.9140299107616277E-016
          13           1  -7.4568397542199266E-016
          13           2  -1.6954393952619558E-015
          13           3   5.7998278645765740E-015
          13           4  -7.9999533978513160E-015
          13           5   2.0771018176705287E-014
          13           6   2.5544452355748729E-015
          13           7 -0.27281518850767378     
          13           8   9.3758415744761311E-016
          13           9   9.3755620536029455E-016
          13          10 -0.15710469084107545     
          13          11   2.1147363374330237E-015
          13          12  -1.5788867778574704E-015
          13          13  0.76575884716079290     
          13          14  -4.1801082299748420E-015
          13          15   2.1638026668451513E-015
          13          16  0.16303192513565468     
          13          17   2.4189956542843738E-015
          13          18  -5.7193515497943564E-016
          13          19   4.9138704597625225E-002
          13          20   8.5085348936283820E-016
          13          21  -1.3852585806578136E-015
          13          22  -6.3473118025501955E-015
          13          23  -7.8029744437804396E-016
          13          24  -7.9323780749806470E-015
          13          25  -5.0410526170826106E-015
          13          26   2.4076771323040716E-015
          13          27  -8.9812364732882340E-015
          14           1  -3.5785978749193518E-016
          14           2  -1.2188332694396424E-015
          14           3   2.3023418934542057E-015
          14           4   1.0531094634353086E-014
          14           5  -2.8788664329696455E-014
          14           6  -5.3008645926871733E-015
          14           7   1.8912890459473361E-015
          14           8 -0.27281518850767267     
          14           9   6.5303868541058553E-016
          14          10   4.5132625935142663E-016
          14          11 -0.15710469084107712     
          14          12   1.0963147436313173E-015
          14          13  -4.1801082299748420E-015
          14          14  0.76575884716078446     
          14          15  -4.9752441700000387E-015
          14          16   3.2392250909556952E-015
          14          17  0.16303192513566150     
          14          18  -1.4029872573495124E-015
          14          19  -1.7609497336058706E-015
          14          20   4.9138704597617572E-002
          14          21   2.0414186742959852E-015
          14          22   4.8655342332964162E-015
          14          23  -5.4340851093417664E-016
          14          24   2.6920821795173676E-015
          14          25   7.5522453513308009E-016
          14          26  -3.4643967311994991E-015
          14          27   7.5658658770428121E-015
          15           1   2.1689506411900446E-015
          15           2   5.5503143639249081E-015
          15           3  -1.4410294460390839E-014
          15           4  -1.1584157913973922E-014
          15           5   3.0737653873489849E-014
          15           6  -3.0442701142100545E-015
          15           7  -4.6404784718623749E-016
          15           8   1.5243018571540401E-015
          15           9 -0.27281518850767206     
          15          10   9.2244153769126068E-016
          15          11   2.4577440234895491E-015
          15          12 -0.15710469084107379     
          15          13   2.1638026668451513E-015
          15          14  -4.9752441700000387E-015
          15          15  0.76575884716078069     
          15          16   2.3292089178004593E-017
          15          17  -7.8573624335597247E-016
          15          18  0.16303192513566539     
          15          19  -2.5822895229380707E-015
          15          20   9.0476584208339903E-015
          15          21   4.9138704597611577E-002
          15          22  -7.3376587869733289E-015
          15          23   2.1220889269777290E-015
          15          24   9.5947732674863035E-016
          15          25   3.6747581845022715E-015
          15          26   7.3520175210247267E-015
          15          27  -6.2954592728474322E-015
          16           1   2.5979625617414559E-015
          16           2   6.6430454493239767E-015
          16           3  -1.5174871518780194E-014
          16           4  -9.5549225718623710E-015
          16           5   6.0276804587159262E-015
          16           6   1.9767920784549571E-015
          16           7  -1.5865267302127915E-002
          16           8  -8.5483920289617290E-016
          16           9   1.2948668897641622E-015
          16          10   1.5883885316735083E-002
          16          11   2.4611389315448847E-017
          16          12   9.2497776609356701E-016
          16          13  0.16303192513565468     
          16          14   3.2392250909556952E-015
          16          15   2.3292089178004593E-017
          16          16   3.8943283893291797E-002
          16          17   1.5231922439930780E-015
          16          18  -1.6990469776337258E-016
          16          19   9.9626940256651933E-003
          16          20   4.1266089937510785E-016
          16          21  -3.8084552131307306E-016
          16          22  -1.0836839131066502E-015
          16          23  -2.0100764897736373E-016
          16          24  -1.5264223312717876E-015
          16          25  -1.0933065344081923E-015
          16          26   4.5814830468795973E-016
          16          27  -1.7924613962985685E-015
          17           1  -1.0541023029717916E-015
          17           2  -2.9622858895457378E-015
          17           3   8.1762415436204860E-015
          17           4   4.8320161860113519E-015
          17           5  -5.1575743922160475E-015
          17           6  -1.0858276038987600E-015
          17           7  -4.2674197509028602E-016
          17           8  -1.5865267302131024E-002
          17           9   5.8622811466292053E-016
          17          10  -3.7339922820400329E-016
          17          11   1.5883885316732581E-002
          17          12   7.6200439187713925E-016
          17          13   2.4189956542843738E-015
          17          14  0.16303192513566150     
          17          15  -7.8573624335597247E-016
          17          16   1.5231922439930780E-015
          17          17   3.8943283893295051E-002
          17          18  -2.3376330575031674E-016
          17          19  -2.8302928306138928E-016
          17          20   9.9626940256640865E-003
          17          21   5.3464825509807990E-016
          17          22   8.4287291359167887E-016
          17          23  -1.0006757916219820E-016
          17          24   3.1987294205777357E-016
          17          25   1.9908573639645962E-016
          17          26  -5.9138275214284417E-016
          17          27   1.5292686251217170E-015
          18           1  -9.2019058711078289E-016
          18           2  -1.8898119921722163E-015
          18           3   2.7408752473968029E-015
          18           4  -1.2644127548269897E-015
          18           5   1.1496512350463560E-014
          18           6   1.1537606570175748E-015
          18           7  -2.2453826992176306E-016
          18           8  -2.2678798942962719E-016
          18           9  -1.5865267302131489E-002
          18          10  -1.4146043142210687E-016
          18          11  -5.3207221614722718E-016
          18          12   1.5883885316733515E-002
          18          13  -5.7193515497943564E-016
          18          14  -1.4029872573495124E-015
          18          15  0.16303192513566539     
          18          16  -1.6990469776337258E-016
          18          17  -2.3376330575031674E-016
          18          18   3.8943283893297070E-002
          18          19  -6.4983128927674699E-016
          18          20   1.9736677646280627E-015
          18          21   9.9626940256629850E-003
          18          22  -2.0020884352953350E-015
          18          23   5.2884379468698693E-016
          18          24  -1.3041985494831212E-016
          18          25   8.3174359757942806E-016
          18          26   1.6092437474333255E-015
          18          27  -1.7381225903483713E-015
          19           1  -2.8499761903918561E-015
          19           2  -7.5369596706648853E-015
          19           3   1.8504574815520835E-014
          19           4   1.1353488275085558E-014
          19           5  -1.1772253710835681E-014
          19           6  -6.9829011905265360E-015
          19           7  -2.3112099592743421E-002
          19           8  -5.1454879853453691E-016
          19           9   7.7393527445571287E-016
          19          10  -1.6982580521318014E-002
          19          11  -8.2117472544060882E-016
          19          12   2.3233965512426374E-016
          19          13   4.9138704597625225E-002
          19          14  -1.7609497336058706E-015
          19          15  -2.5822895229380707E-015
          19          16   9.9626940256651933E-003
          19          17  -2.8302928306138928E-016
          19          18  -6.4983128927674699E-016
          19          19   3.2178057856968906E-003
          19          20  -2.5936572361302047E-017
          19          21  -2.5431309267437679E-016
          19          22  -2.0241784757775214E-016
          19          23  -4.4538006653529218E-017
          19          24  -2.9115107010038976E-016
          19          25  -3.2168059457357944E-016
          19          26   1.6020355842551744E-016
          19          27  -3.5408748408468234E-016
          20           1  -2.3270130458355000E-016
          20           2  -3.1019162563810044E-016
          20           3  -6.5065723380994959E-016
          20           4   1.8578976338909058E-015
          20           5  -6.2820237236824394E-015
          20           6  -2.4288351354877739E-015
          20           7  -4.3031984225948212E-016
          20           8  -2.3112099592740881E-002
          20           9  -2.6977220099737850E-015
          20          10  -3.0712737041082358E-016
          20          11  -1.6982580521316612E-002
          20          12  -1.1445210827253524E-015
          20          13   8.5085348936283820E-016
          20          14   4.9138704597617572E-002
          20          15   9.0476584208339903E-015
          20          16   4.1266089937510785E-016
          20          17   9.9626940256640865E-003
          20          18   1.9736677646280627E-015
          20          19  -2.5936572361302047E-017
          20          20   3.2178057856959460E-003
          20          21   7.1097182147532378E-016
          20          22   5.1644173079296234E-016
          20          23  -3.6139678014763076E-017
          20          24   3.9424552027877769E-016
          20          25   4.5981281489135949E-017
          20          26  -2.4125755850074889E-016
          20          27   6.7795834005230925E-016
          21           1   4.5538750420846539E-016
          21           2   1.0752956343930786E-015
          21           3  -2.5185023853344109E-015
          21           4  -2.2659196275277963E-015
          21           5   6.3843475133038727E-015
          21           6   1.7950787171557772E-015
          21           7   1.0165983553815133E-017
          21           8   5.1277341747704279E-016
          21           9  -2.3112099592740243E-002
          21          10  -2.4098997909803804E-016
          21          11   1.3652646450434548E-015
          21          12  -1.6982580521317073E-002
          21          13  -1.3852585806578136E-015
          21          14   2.0414186742959852E-015
          21          15   4.9138704597611577E-002
          21          16  -3.8084552131307306E-016
          21          17   5.3464825509807990E-016
          21          18   9.9626940256629850E-003
          21          19  -2.5431309267437679E-016
          21          20   7.1097182147532378E-016
          21          21   3.2178057856952235E-003
          21          22  -6.4794262346549757E-016
          21          23   1.2546281131573517E-016
          21          24  -1.2755797286529145E-016
          21          25   2.2829381416526527E-016
          21          26   4.6927712373721328E-016
          21          27  -5.8793813090415715E-016
          22           1  -1.2082026019922540E-002
          22           2  -3.4010498726475817E-002
          22           3  0.12891082077025157     
          22           4   8.4570395721295336E-002
          22           5 -0.45892465332649512     
          22           6  -1.5070711096761114E-002
          22           7   3.3125908891637304E-015
          22           8  -2.2003801046491695E-015
          22           9   1.4664610363861584E-015
          22          10   2.4950635060329291E-015
          22          11  -1.2967031910983245E-015
          22          12   2.5346125439875808E-016
          22          13  -6.3473118025501955E-015
          22          14   4.8655342332964162E-015
          22          15  -7.3376587869733289E-015
          22          16  -1.0836839131066502E-015
          22          17   8.4287291359167887E-016
          22          18  -2.0020884352953350E-015
          22          19  -2.0241784757775214E-016
          22          20   5.1644173079296234E-016
          22          21  -6.4794262346549757E-016
          22          22   6.3113293732302386E-002
          22          23   1.2866422414043177E-016
          22          24   6.3113293732302109E-002
          22          25   6.8825460123211894E-017
          22          26  -3.9994316314373497E-016
          22          27   6.3113293732300624E-002
          23           1   5.6817014516188461E-016
          23           2   1.4505594987583771E-015
          23           3  -3.4867274184645976E-015
          23           4  -1.2993542916361955E-015
          23           5  -7.0783571780371309E-016
          23           6  -3.5887682335787214E-017
          23           7  -2.2540637872107268E-016
          23           8   2.8675040320105216E-016
          23           9   1.9053491186601277E-016
          23          10  -5.1499353794405973E-016
          23          11   1.8534192640847581E-016
          23          12   7.7020837418223951E-016
          23          13  -7.8029744437804396E-016
          23          14  -5.4340851093417664E-016
          23          15   2.1220889269777290E-015
          23          16  -2.0100764897736373E-016
          23          17  -1.0006757916219820E-016
          23          18   5.2884379468698693E-016
          23          19  -4.4538006653529218E-017
          23          20  -3.6139678014763076E-017
          23          21   1.2546281131573517E-016
          23          22   1.2866422414043177E-016
          23          23   3.4112432958362111E-029
          23          24   1.2866422414052178E-016
          23          25   2.1965204603062742E-029
          23          26  -9.4148630747279109E-030
          23          27   1.2866422414042374E-016
          24           1  -1.2082026019919596E-002
          24           2  -3.4010498726469357E-002
          24           3  0.12891082077023994     
          24           4   8.4570395721289715E-002
          24           5 -0.45892465332649174     
          24           6  -1.5070711096760486E-002
          24           7   2.7650716243065411E-015
          24           8  -3.1397210230117907E-015
          24           9  -4.7971897981022789E-016
          24          10   1.4857835822456870E-015
          24          11  -3.4744752622934897E-015
          24          12  -2.9068126842610603E-016
          24          13  -7.9323780749806470E-015
          24          14   2.6920821795173676E-015
          24          15   9.5947732674863035E-016
          24          16  -1.5264223312717876E-015
          24          17   3.1987294205777357E-016
          24          18  -1.3041985494831212E-016
          24          19  -2.9115107010038976E-016
          24          20   3.9424552027877769E-016
          24          21  -1.2755797286529145E-016
          24          22   6.3113293732302109E-002
          24          23   1.2866422414052178E-016
          24          24   6.3113293732301831E-002
          24          25   6.8825460123278405E-017
          24          26  -3.9994316314371939E-016
          24          27   6.3113293732300346E-002
          25           1   9.9023272484219892E-017
          25           2   2.5354816685046720E-016
          25           3  -6.6291571295556176E-016
          25           4  -3.7901639715793497E-016
          25           5   4.1375486204776052E-016
          25           6   5.3527917051105905E-016
          25           7   1.6573104649030733E-015
          25           8  -1.0959980709251176E-016
          25           9  -6.3140284814371360E-016
          25          10   9.0646121605352090E-016
          25          11  -9.2814134877288316E-017
          25          12   1.4158461347441083E-016
          25          13  -5.0410526170826106E-015
          25          14   7.5522453513308009E-016
          25          15   3.6747581845022715E-015
          25          16  -1.0933065344081923E-015
          25          17   1.9908573639645962E-016
          25          18   8.3174359757942806E-016
          25          19  -3.2168059457357944E-016
          25          20   4.5981281489135949E-017
          25          21   2.2829381416526527E-016
          25          22   6.8825460123211894E-017
          25          23   2.1965204603062742E-029
          25          24   6.8825460123278405E-017
          25          25   5.7097138114822973E-029
          25          26   1.9192277686375605E-029
          25          27   6.8825460123232109E-017
          26           1  -5.7033134209058651E-016
          26           2  -1.4026001571404117E-015
          26           3   3.0230593284997692E-015
          26           4  -2.3050804778742722E-016
          26           5   6.9481368948181154E-015
          26           6   2.8999879900882368E-015
          26           7  -1.3224581447748058E-015
          26           8   2.8796229909466499E-015
          26           9  -2.4742650329134972E-015
          26          10  -9.9320416244447177E-016
          26          11   2.7380398055915055E-015
          26          12  -1.5028155030404406E-015
          26          13   2.4076771323040716E-015
          26          14  -3.4643967311994991E-015
          26          15   7.3520175210247267E-015
          26          16   4.5814830468795973E-016
          26          17  -5.9138275214284417E-016
          26          18   1.6092437474333255E-015
          26          19   1.6020355842551744E-016
          26          20  -2.4125755850074889E-016
          26          21   4.6927712373721328E-016
          26          22  -3.9994316314373497E-016
          26          23  -9.4148630747279109E-030
          26          24  -3.9994316314371939E-016
          26          25   1.9192277686375605E-029
          26          26   1.8628379858703662E-028
          26          27  -3.9994316314373137E-016
          27           1  -1.2082026019922414E-002
          27           2  -3.4010498726475276E-002
          27           3  0.12891082077024887     
          27           4   8.4570395721293198E-002
          27           5 -0.45892465332648380     
          27           6  -1.5070711096761526E-002
          27           7   2.7857709689137525E-015
          27           8  -2.2015131989017995E-015
          27           9   1.7240853065349490E-015
          27          10   1.3293839882994044E-015
          27          11  -8.1214203804752907E-016
          27          12   8.9140299107616277E-016
          27          13  -8.9812364732882340E-015
          27          14   7.5658658770428121E-015
          27          15  -6.2954592728474322E-015
          27          16  -1.7924613962985685E-015
          27          17   1.5292686251217170E-015
          27          18  -1.7381225903483713E-015
          27          19  -3.5408748408468234E-016
          27          20   6.7795834005230925E-016
          27          21  -5.8793813090415715E-016
          27          22   6.3113293732300624E-002
          27          23   1.2866422414042374E-016
          27          24   6.3113293732300346E-002
          27          25   6.8825460123232109E-017
          27          26  -3.9994316314373137E-016
          27          27   6.3113293732298861E-002
