           1           1  0.36908172944521850     
           1           2  0.62336125748782267     
           1           3 -0.13288861085456355     
           1           4 -0.16766722897724334     
           1           5   3.8985279717713206E-002
           1           6   3.5431888750654186E-002
           1           7  -4.7389116805986492E-015
           1           8   1.5564506088671316E-015
           1           9   9.4878717466837760E-015
           1          10   4.2275415139473296E-016
           1          11   9.4187557084638157E-015
           1          12   1.4349468724106818E-015
           1          13   3.0504700559792407E-015
           1          14  -7.5572220801709081E-015
           1          15   1.1666333794857914E-014
           1          16   1.9020521048269772E-014
           1          17   1.3704810786460065E-014
           1          18  -9.8466341740187876E-015
           1          19   8.0595240429514203E-015
           1          20   2.0412629221198170E-015
           1          21   5.4497198790904510E-015
           1          22   1.2206522919623415E-003
           1          23   2.0745044723189830E-004
           1          24   1.0965529975034108E-003
           1          25  -1.9165538323737393E-007
           1          26  -1.3657081122248876E-007
           1          27   9.6853191255106131E-004
           2           1  0.62336125748782267     
           2           2   1.0896506760608673     
           2           3 -0.37509856190087909     
           2           4 -0.45753609319190797     
           2           5  0.11210972627941679     
           2           6  0.10220157253720664     
           2           7  -1.0051678740852932E-014
           2           8   2.9469144016449276E-015
           2           9   1.7011725393470933E-014
           2          10  -3.8279925195985215E-015
           2          11   1.6680526949062530E-014
           2          12   5.1464631051242833E-015
           2          13   3.8902849002604279E-015
           2          14  -1.5666442818032664E-014
           2          15   1.8450817007792221E-014
           2          16   2.6944843210322626E-014
           2          17   2.2705551496810744E-014
           2          18  -1.6392564232788065E-014
           2          19   1.3107273468833108E-014
           2          20   3.9200885358466777E-015
           2          21   8.4418249272459551E-015
           2          22   4.0946348338261026E-003
           2          23   5.9948294541317540E-004
           2          24   3.7360170937608102E-003
           2          25  -5.5383892611603849E-007
           2          26  -3.9465748458749077E-007
           2          27   3.3660663025969978E-003
           3           1 -0.13288861085456355     
           3           2 -0.37509856190087909     
           3           3  0.66623486040431656     
           3           4  0.78541825182544178     
           3           5 -0.24707320883651634     
           3           6 -0.21518684024998636     
           3           7   1.4013308470582830E-014
           3           8  -8.1086648926529868E-015
           3           9  -1.0955837878509999E-014
           3          10   2.5899755921431128E-014
           3          11  -1.8478303986608262E-014
           3          12  -1.8389958717126598E-014
           3          13   5.4763554636029066E-015
           3          14   1.3849519897546559E-014
           3          15  -4.7528088909392851E-018
           3          16   1.4910457648568266E-014
           3          17  -2.9299503680188363E-015
           3          18   2.0209838913865576E-015
           3          19  -5.2576134148864072E-016
           3          20  -2.9098909652965800E-015
           3          21   1.1014531565495579E-016
           3          22  -8.8322912273706578E-003
           3          23  -1.2390190586207966E-003
           3          24  -8.0910954718148090E-003
           3          25   1.1446813969332153E-006
           3          26   8.1568315204529208E-007
           3          27  -7.3264764205163580E-003
           4           1 -0.16766722897724334     
           4           2 -0.45753609319190797     
           4           3  0.78541825182544178     
           4           4  0.97017036487050534     
           4           5 -0.49229618624161953     
           4           6 -0.38681534981332666     
           4           7   1.4464397932209733E-014
           4           8   9.0375057372187158E-015
           4           9  -1.2606032169809792E-014
           4          10   2.6097190433411571E-014
           4          11   1.3446326745436586E-014
           4          12  -2.0669625709477050E-014
           4          13   6.0225018232741932E-015
           4          14   2.2680118611063833E-014
           4          15   1.1429454718222468E-015
           4          16   1.0419601632251097E-014
           4          17   4.9548789478975839E-015
           4          18   8.1359065307724849E-015
           4          19  -2.9746024139222758E-015
           4          20  -1.7267225527665775E-015
           4          21  -1.9772811190035348E-015
           4          22  -1.0655162679963862E-002
           4          23  -2.2906052291335587E-003
           4          24  -9.2848957242891543E-003
           4          25   2.1162008186419870E-006
           4          26   1.5079736235956924E-006
           4          27  -7.8713255414924899E-003
           5           1   3.8985279717713206E-002
           5           2  0.11210972627941679     
           5           3 -0.24707320883651634     
           5           4 -0.49229618624161953     
           5           5   1.0162041927537491     
           5           6  0.69207028054303721     
           5           7   3.6277198819363046E-015
           5           8  -5.5007074583099151E-015
           5           9  -1.1972177003581303E-014
           5          10   7.7022598494156922E-015
           5          11  -9.2389751938449682E-015
           5          12  -2.2229426130149383E-014
           5          13  -1.3155113769482806E-014
           5          14  -1.8529736454119289E-014
           5          15  -6.6394095355991450E-015
           5          16  -2.0908537796362595E-015
           5          17  -2.9141351124663776E-014
           5          18  -2.0658181205771956E-014
           5          19  -1.0218547077166411E-015
           5          20  -3.7947925729022364E-015
           5          21   1.0598674243045321E-014
           5          22   4.3512257124633715E-003
           5          23   3.7113992875219999E-003
           5          24   2.1310230611105811E-003
           5          25  -3.4288169461883221E-006
           5          26  -2.4433245980658607E-006
           5          27  -1.5934251673325669E-004
           6           1   3.5431888750654186E-002
           6           2  0.10220157253720664     
           6           3 -0.21518684024998636     
           6           4 -0.38681534981332666     
           6           5  0.69207028054303721     
           6           6  0.47520909005555356     
           6           7  -3.3891815032122161E-015
           6           8  -1.6723290933621455E-014
           6           9  -9.6813541351633994E-015
           6          10  -6.1824935500336553E-015
           6          11  -3.0898876208503170E-014
           6          12  -1.8598585841813395E-014
           6          13   2.6117529014264035E-017
           6          14  -9.5185734321699352E-015
           6          15   8.4061263931127890E-015
           6          16   1.8141091916346054E-014
           6          17  -6.8362629274419937E-015
           6          18   1.4838739443775791E-014
           6          19   9.2114951306358944E-015
           6          20   3.4974658524626904E-015
           6          21   1.6731861841923275E-014
           6          22   3.7394764306533709E-003
           6          23   3.1960394395289162E-003
           6          24   1.8275680942452166E-003
           6          25  -2.9526960879323897E-006
           6          26  -2.1040478669949616E-006
           6          27  -1.4476044025416891E-004
           7           1  -4.7389116805986492E-015
           7           2  -1.0051678740852932E-014
           7           3   1.4013308470582830E-014
           7           4   1.4464397932209733E-014
           7           5   3.6277198819363046E-015
           7           6  -3.3891815032122161E-015
           7           7  0.29926080568474112     
           7           8   5.2095144766674409E-003
           7           9  -4.8128668569884825E-006
           7          10  0.57048145481873713     
           7          11   9.3516583547393912E-003
           7          12  -8.6396319954510691E-006
           7          13  -1.1506210480535685E-002
           7          14  -1.2818789577143273E-002
           7          15   1.1842778870101628E-005
           7          16 -0.10595042111708289     
           7          17  -2.5652476112505009E-002
           7          18   2.3699321176299428E-005
           7          19  -4.5385020894792523E-002
           7          20  -1.6291502836805458E-002
           7          21   1.5051083353741780E-005
           7          22   1.8386308435168779E-015
           7          23   4.6551148920964289E-016
           7          24  -7.2021543781070956E-015
           7          25   5.4646091279622291E-015
           7          26  -1.2460555037172514E-015
           7          27  -2.8298575353554270E-015
           8           1   1.5564506088671316E-015
           8           2   2.9469144016449276E-015
           8           3  -8.1086648926529868E-015
           8           4   9.0375057372187158E-015
           8           5  -5.5007074583099151E-015
           8           6  -1.6723290933621455E-014
           8           7   5.2095144766674409E-003
           8           8  0.29566230529248338     
           8           9  -3.4295782471765447E-006
           8          10   9.3516583547208782E-003
           8          11  0.56402174606719169     
           8          12  -6.1564748875906449E-006
           8          13  -1.2818789577145046E-002
           8          14  -2.6515620214401861E-003
           8          15   8.4389903068517045E-006
           8          16  -2.5652476112518790E-002
           8          17  -8.8230834044819739E-002
           8          18   1.6887788177968434E-005
           8          19  -1.6291502836795081E-002
           8          20  -3.4131576907930450E-002
           8          21   1.0725180950839670E-005
           8          22   7.3029107489931224E-015
           8          23  -2.6582761886439051E-016
           8          24   6.5506577649939733E-015
           8          25   1.9249825571044165E-015
           8          26   1.9403261162977547E-015
           8          27   5.9973386635447346E-016
           9           1   9.4878717466837760E-015
           9           2   1.7011725393470933E-014
           9           3  -1.0955837878509999E-014
           9           4  -1.2606032169809792E-014
           9           5  -1.1972177003581303E-014
           9           6  -9.6813541351633994E-015
           9           7  -4.8128668569884825E-006
           9           8  -3.4295782471765447E-006
           9           9  0.29195008495661323     
           9          10  -8.6396320129403124E-006
           9          11  -6.1564748871332268E-006
           9          12  0.55735789735833252     
           9          13   1.1842778884022562E-005
           9          14   8.4389902982353296E-006
           9          15   6.4829113654388069E-003
           9          16   2.3699321149960054E-005
           9          17   1.6887788189796209E-005
           9          18  -6.9951271926285585E-002
           9          19   1.5051083350413962E-005
           9          20   1.0725180942165183E-005
           9          21  -2.2522501167912358E-002
           9          22   1.0158197202892339E-015
           9          23  -2.8355290256478164E-015
           9          24   6.8745095273588170E-015
           9          25  -2.4713341963012055E-015
           9          26  -4.7133437840278823E-015
           9          27   5.6115106285447104E-015
          10           1   4.2275415139473296E-016
          10           2  -3.8279925195985215E-015
          10           3   2.5899755921431128E-014
          10           4   2.6097190433411571E-014
          10           5   7.7022598494156922E-015
          10           6  -6.1824935500336553E-015
          10           7  0.57048145481873713     
          10           8   9.3516583547208782E-003
          10           9  -8.6396320129403124E-006
          10          10   1.0876507925990131     
          10          11   1.6737472762546349E-002
          10          12  -1.5463098105423159E-005
          10          13  -2.6083002740100725E-002
          10          14  -2.5316783653766169E-002
          10          15   2.3389187346782659E-005
          10          16 -0.21103105681277928     
          10          17  -5.0572453962243344E-002
          10          18   4.6721915919010607E-005
          10          19  -9.0487281595355101E-002
          10          20  -3.2236519317146640E-002
          10          21   2.9782061533738568E-005
          10          22   3.5824209046049347E-015
          10          23   7.2657520527878427E-016
          10          24  -1.3626063710673430E-014
          10          25   1.0545482164820130E-014
          10          26  -2.4837463163751692E-015
          10          27  -5.2201523453567409E-015
          11           1   9.4187557084638157E-015
          11           2   1.6680526949062530E-014
          11           3  -1.8478303986608262E-014
          11           4   1.3446326745436586E-014
          11           5  -9.2389751938449682E-015
          11           6  -3.0898876208503170E-014
          11           7   9.3516583547393912E-003
          11           8  0.56402174606719169     
          11           9  -6.1564748871332268E-006
          11          10   1.6737472762546349E-002
          11          11   1.0760892924697050     
          11          12  -1.1018776605396536E-005
          11          13  -2.5316783653766953E-002
          11          14  -8.5952970546540990E-003
          11          15   1.6666791424039066E-005
          11          16  -5.0572453962268324E-002
          11          17 -0.17609785981806084     
          11          18   3.3293351039454518E-005
          11          19  -3.2236519317129286E-002
          11          20  -6.8219730952516711E-002
          11          21   2.1222259655191819E-005
          11          22   1.3918364535132170E-014
          11          23  -3.3169398759564598E-016
          11          24   1.2279267701308249E-014
          11          25   3.5814933297110536E-015
          11          26   3.8673013127840740E-015
          11          27   1.0315251725176698E-015
          12           1   1.4349468724106818E-015
          12           2   5.1464631051242833E-015
          12           3  -1.8389958717126598E-014
          12           4  -2.0669625709477050E-014
          12           5  -2.2229426130149383E-014
          12           6  -1.8598585841813395E-014
          12           7  -8.6396319954510691E-006
          12           8  -6.1564748875906449E-006
          12           9  0.55735789735833252     
          12          10  -1.5463098105423159E-005
          12          11  -1.1018776605396536E-005
          12          12   1.0641624253805160     
          12          13   2.3389187373369681E-005
          12          14   1.6666791406352682E-005
          12          15   9.4450557520653240E-003
          12          16   4.6721915860679656E-005
          12          17   3.3293351056655555E-005
          12          18 -0.14006070263932721     
          12          19   2.9782061534208312E-005
          12          20   2.1222259643616158E-005
          12          21  -4.5248480350515430E-002
          12          22   1.8340229080666069E-015
          12          23  -5.3065723395318451E-015
          12          24   1.2915071408067997E-014
          12          25  -4.6419257941785032E-015
          12          26  -9.0153470586134987E-015
          12          27   1.0811832572745804E-014
          13           1   3.0504700559792407E-015
          13           2   3.8902849002604279E-015
          13           3   5.4763554636029066E-015
          13           4   6.0225018232741932E-015
          13           5  -1.3155113769482806E-014
          13           6   2.6117529014264035E-017
          13           7  -1.1506210480535685E-002
          13           8  -1.2818789577145046E-002
          13           9   1.1842778884022562E-005
          13          10  -2.6083002740100725E-002
          13          11  -2.5316783653766953E-002
          13          12   2.3389187373369681E-005
          13          13  0.13211255609334166     
          13          14   3.2747916310797785E-002
          13          15  -3.0254521071828649E-005
          13          16  0.29069252623209746     
          13          17   7.2466735901622156E-002
          13          18  -6.6949187569952529E-005
          13          19  0.12885569919643514     
          13          20   4.5211938929105661E-002
          13          21  -4.1769545003280108E-005
          13          22  -3.1438308669596317E-015
          13          23   2.5041286928350254E-015
          13          24  -2.8986496521335705E-015
          13          25  -3.0168914453769703E-015
          13          26   2.5600410161146706E-015
          13          27  -2.0970002589668903E-015
          14           1  -7.5572220801709081E-015
          14           2  -1.5666442818032664E-014
          14           3   1.3849519897546559E-014
          14           4   2.2680118611063833E-014
          14           5  -1.8529736454119289E-014
          14           6  -9.5185734321699352E-015
          14           7  -1.2818789577143273E-002
          14           8  -2.6515620214401861E-003
          14           9   8.4389902982353296E-006
          14          10  -2.5316783653766169E-002
          14          11  -8.5952970546540990E-003
          14          12   1.6666791406352682E-005
          14          13   3.2747916310797785E-002
          14          14  0.10949175520212810     
          14          15  -2.1558927366247151E-005
          14          16   7.2466735901648704E-002
          14          17  0.24063573518283107     
          14          18  -4.7707007785038953E-005
          14          19   4.5211938929126998E-002
          14          20   9.7625307048277515E-002
          14          21  -2.9764364297793824E-005
          14          22   8.3715731951249655E-017
          14          23  -3.8318747873931953E-015
          14          24   7.3787986431489917E-015
          14          25   7.8009161347135532E-016
          14          26  -3.8294218178896806E-015
          14          27   1.3681965816767742E-015
          15           1   1.1666333794857914E-014
          15           2   1.8450817007792221E-014
          15           3  -4.7528088909392851E-018
          15           4   1.1429454718222468E-015
          15           5  -6.6394095355991450E-015
          15           6   8.4061263931127890E-015
          15           7   1.1842778870101628E-005
          15           8   8.4389903068517045E-006
          15           9   6.4829113654388069E-003
          15          10   2.3389187346782659E-005
          15          11   1.6666791424039066E-005
          15          12   9.4450557520653240E-003
          15          13  -3.0254521071828649E-005
          15          14  -2.1558927366247151E-005
          15          15   8.6156090924367476E-002
          15          16  -6.6949187553349179E-005
          15          17  -4.7707007770898910E-005
          15          18  0.18899704757119562     
          15          19  -4.1769544966727364E-005
          15          20  -2.9764364271790153E-005
          15          21   6.5407970892177106E-002
          15          22   3.9434167338956266E-015
          15          23  -4.3712139642849086E-016
          15          24   6.1425922124515335E-015
          15          25  -2.6760440727804539E-015
          15          26   1.4308461114486796E-015
          15          27  -4.6821233633227459E-015
          16           1   1.9020521048269772E-014
          16           2   2.6944843210322626E-014
          16           3   1.4910457648568266E-014
          16           4   1.0419601632251097E-014
          16           5  -2.0908537796362595E-015
          16           6   1.8141091916346054E-014
          16           7 -0.10595042111708289     
          16           8  -2.5652476112518790E-002
          16           9   2.3699321149960054E-005
          16          10 -0.21103105681277928     
          16          11  -5.0572453962268324E-002
          16          12   4.6721915860679656E-005
          16          13  0.29069252623209746     
          16          14   7.2466735901648704E-002
          16          15  -6.6949187553349179E-005
          16          16  0.66161099962882519     
          16          17  0.15867646280999456     
          16          18  -1.4659498848345337E-004
          16          19  0.29222168122717940     
          16          20  0.10033698272668067     
          16          21  -9.2697420714496969E-005
          16          22  -7.7091121863859615E-015
          16          23   4.6937913653720085E-015
          16          24  -4.2365241924390543E-015
          16          25  -8.2754049845384156E-015
          16          26   5.9613875162856509E-015
          16          27  -3.2709375559312502E-015
          17           1   1.3704810786460065E-014
          17           2   2.2705551496810744E-014
          17           3  -2.9299503680188363E-015
          17           4   4.9548789478975839E-015
          17           5  -2.9141351124663776E-014
          17           6  -6.8362629274419937E-015
          17           7  -2.5652476112505009E-002
          17           8  -8.8230834044819739E-002
          17           9   1.6887788189796209E-005
          17          10  -5.0572453962243344E-002
          17          11 -0.17609785981806084     
          17          12   3.3293351056655555E-005
          17          13   7.2466735901622156E-002
          17          14  0.24063573518283107     
          17          15  -4.7707007770898910E-005
          17          16  0.15867646280999456     
          17          17  0.55200437191923957     
          17          18  -1.0446143576221834E-004
          17          19  0.10033698272670295     
          17          20  0.22291336595171241     
          17          21  -6.6054820552700278E-005
          17          22  -1.1197180860755368E-015
          17          23  -7.5028004402022311E-015
          17          24   1.4558967482784956E-014
          17          25   1.2550572812841563E-015
          17          26  -9.1504455286132514E-015
          17          27   2.5154224274986129E-015
          18           1  -9.8466341740187876E-015
          18           2  -1.6392564232788065E-014
          18           3   2.0209838913865576E-015
          18           4   8.1359065307724849E-015
          18           5  -2.0658181205771956E-014
          18           6   1.4838739443775791E-014
          18           7   2.3699321176299428E-005
          18           8   1.6887788177968434E-005
          18           9  -6.9951271926285585E-002
          18          10   4.6721915919010607E-005
          18          11   3.3293351039454518E-005
          18          12 -0.14006070263932721     
          18          13  -6.6949187569952529E-005
          18          14  -4.7707007785038953E-005
          18          15  0.18899704757119562     
          18          16  -1.4659498848345337E-004
          18          17  -1.0446143576221834E-004
          18          18  0.43893395150604780     
          18          19  -9.2697420704492629E-005
          18          20  -6.6054820542973264E-005
          18          21  0.15141476673295920     
          18          22   8.1688441613454051E-015
          18          23  -1.3464944944892056E-015
          18          24   1.2035275126293059E-014
          18          25  -5.1966277756114609E-015
          18          26   4.4863894370890394E-015
          18          27  -1.0839642436302848E-014
          19           1   8.0595240429514203E-015
          19           2   1.3107273468833108E-014
          19           3  -5.2576134148864072E-016
          19           4  -2.9746024139222758E-015
          19           5  -1.0218547077166411E-015
          19           6   9.2114951306358944E-015
          19           7  -4.5385020894792523E-002
          19           8  -1.6291502836795081E-002
          19           9   1.5051083350413962E-005
          19          10  -9.0487281595355101E-002
          19          11  -3.2236519317129286E-002
          19          12   2.9782061534208312E-005
          19          13  0.12885569919643514     
          19          14   4.5211938929126998E-002
          19          15  -4.1769544966727364E-005
          19          16  0.29222168122717940     
          19          17  0.10033698272670295     
          19          18  -9.2697420704492629E-005
          19          19  0.13170855647303903     
          19          20   5.6626814184433584E-002
          19          21  -5.2315302647252674E-005
          19          22  -2.7909536045481589E-015
          19          23   2.2223160284831318E-015
          19          24  -1.4175020063334813E-015
          19          25  -2.9000627709209130E-015
          19          26   2.3405870954273817E-015
          19          27  -1.8885485253477178E-015
          20           1   2.0412629221198170E-015
          20           2   3.9200885358466777E-015
          20           3  -2.9098909652965800E-015
          20           4  -1.7267225527665775E-015
          20           5  -3.7947925729022364E-015
          20           6   3.4974658524626904E-015
          20           7  -1.6291502836805458E-002
          20           8  -3.4131576907930450E-002
          20           9   1.0725180942165183E-005
          20          10  -3.2236519317146640E-002
          20          11  -6.8219730952516711E-002
          20          12   2.1222259643616158E-005
          20          13   4.5211938929105661E-002
          20          14   9.7625307048277515E-002
          20          15  -2.9764364271790153E-005
          20          16  0.10033698272668067     
          20          17  0.22291336595171241     
          20          18  -6.6054820542973264E-005
          20          19   5.6626814184433584E-002
          20          20   9.2593277301932592E-002
          20          21  -3.7279116308605603E-005
          20          22  -6.8780676999132136E-016
          20          23  -2.9584655715253889E-015
          20          24   5.3717754231485331E-015
          20          25   3.8360347419137589E-016
          20          26  -2.9419624237686944E-015
          20          27   1.0508307291090384E-015
          21           1   5.4497198790904510E-015
          21           2   8.4418249272459551E-015
          21           3   1.1014531565495579E-016
          21           4  -1.9772811190035348E-015
          21           5   1.0598674243045321E-014
          21           6   1.6731861841923275E-014
          21           7   1.5051083353741780E-005
          21           8   1.0725180950839670E-005
          21           9  -2.2522501167912358E-002
          21          10   2.9782061533738568E-005
          21          11   2.1222259655191819E-005
          21          12  -4.5248480350515430E-002
          21          13  -4.1769545003280108E-005
          21          14  -2.9764364297793824E-005
          21          15   6.5407970892177106E-002
          21          16  -9.2697420714496969E-005
          21          17  -6.6054820552700278E-005
          21          18  0.15141476673295920     
          21          19  -5.2315302647252674E-005
          21          20  -3.7279116308605603E-005
          21          21   5.2241875631463104E-002
          21          22   2.7281795298994618E-015
          21          23  -8.7425645107321339E-016
          21          24   4.3375000907989070E-015
          21          25  -1.8135423415309998E-015
          21          26   1.5311647218535251E-015
          21          27  -3.3397502265756099E-015
          22           1   1.2206522919623415E-003
          22           2   4.0946348338261026E-003
          22           3  -8.8322912273706578E-003
          22           4  -1.0655162679963862E-002
          22           5   4.3512257124633715E-003
          22           6   3.7394764306533709E-003
          22           7   1.8386308435168779E-015
          22           8   7.3029107489931224E-015
          22           9   1.0158197202892339E-015
          22          10   3.5824209046049347E-015
          22          11   1.3918364535132170E-014
          22          12   1.8340229080666069E-015
          22          13  -3.1438308669596317E-015
          22          14   8.3715731951249655E-017
          22          15   3.9434167338956266E-015
          22          16  -7.7091121863859615E-015
          22          17  -1.1197180860755368E-015
          22          18   8.1688441613454051E-015
          22          19  -2.7909536045481589E-015
          22          20  -6.8780676999132136E-016
          22          21   2.7281795298994618E-015
          22          22   2.3877456947396248E-004
          22          23   4.6532803698426893E-004
          22          24  -3.9590128441861983E-005
          22          25  -4.2989840336391583E-007
          22          26  -3.0633928840835859E-007
          22          27  -3.2675171783911260E-004
          23           1   2.0745044723189830E-004
          23           2   5.9948294541317540E-004
          23           3  -1.2390190586207966E-003
          23           4  -2.2906052291335587E-003
          23           5   3.7113992875219999E-003
          23           6   3.1960394395289162E-003
          23           7   4.6551148920964289E-016
          23           8  -2.6582761886439051E-016
          23           9  -2.8355290256478164E-015
          23          10   7.2657520527878427E-016
          23          11  -3.3169398759564598E-016
          23          12  -5.3065723395318451E-015
          23          13   2.5041286928350254E-015
          23          14  -3.8318747873931953E-015
          23          15  -4.3712139642849086E-016
          23          16   4.6937913653720085E-015
          23          17  -7.5028004402022311E-015
          23          18  -1.3464944944892056E-015
          23          19   2.2223160284831318E-015
          23          20  -2.9584655715253889E-015
          23          21  -8.7425645107321339E-016
          23          22   4.6532803698426893E-004
          23          23   1.6787224710939218E-003
          23          24  -5.3890346511844493E-004
          23          25  -1.5509061372592031E-006
          23          26  -1.1051529355628865E-006
          23          27  -1.5748707282984304E-003
          24           1   1.0965529975034108E-003
          24           2   3.7360170937608102E-003
          24           3  -8.0910954718148090E-003
          24           4  -9.2848957242891543E-003
          24           5   2.1310230611105811E-003
          24           6   1.8275680942452166E-003
          24           7  -7.2021543781070956E-015
          24           8   6.5506577649939733E-015
          24           9   6.8745095273588170E-015
          24          10  -1.3626063710673430E-014
          24          11   1.2279267701308249E-014
          24          12   1.2915071408067997E-014
          24          13  -2.8986496521335705E-015
          24          14   7.3787986431489917E-015
          24          15   6.1425922124515335E-015
          24          16  -4.2365241924390543E-015
          24          17   1.4558967482784956E-014
          24          18   1.2035275126293059E-014
          24          19  -1.4175020063334813E-015
          24          20   5.3717754231485331E-015
          24          21   4.3375000907989070E-015
          24          22  -3.9590128441861983E-005
          24          23  -5.3890346511844493E-004
          24          24   2.8278825487259397E-004
          24          25   4.9787186638485264E-007
          24          26   3.5477617983835680E-007
          24          27   6.1535445178092629E-004
          25           1  -1.9165538323737393E-007
          25           2  -5.5383892611603849E-007
          25           3   1.1446813969332153E-006
          25           4   2.1162008186419870E-006
          25           5  -3.4288169461883221E-006
          25           6  -2.9526960879323897E-006
          25           7   5.4646091279622291E-015
          25           8   1.9249825571044165E-015
          25           9  -2.4713341963012055E-015
          25          10   1.0545482164820130E-014
          25          11   3.5814933297110536E-015
          25          12  -4.6419257941785032E-015
          25          13  -3.0168914453769703E-015
          25          14   7.8009161347135532E-016
          25          15  -2.6760440727804539E-015
          25          16  -8.2754049845384156E-015
          25          17   1.2550572812841563E-015
          25          18  -5.1966277756114609E-015
          25          19  -2.9000627709209130E-015
          25          20   3.8360347419137589E-016
          25          21  -1.8135423415309998E-015
          25          22  -4.2989840336391583E-007
          25          23  -1.5509061372592031E-006
          25          24   4.9787186638485264E-007
          25          25   1.4328216176321670E-009
          25          26   1.0210076411603659E-009
          25          27   1.4549615665176434E-006
          26           1  -1.3657081122248876E-007
          26           2  -3.9465748458749077E-007
          26           3   8.1568315204529208E-007
          26           4   1.5079736235956924E-006
          26           5  -2.4433245980658607E-006
          26           6  -2.1040478669949616E-006
          26           7  -1.2460555037172514E-015
          26           8   1.9403261162977547E-015
          26           9  -4.7133437840278823E-015
          26          10  -2.4837463163751692E-015
          26          11   3.8673013127840740E-015
          26          12  -9.0153470586134987E-015
          26          13   2.5600410161146706E-015
          26          14  -3.8294218178896806E-015
          26          15   1.4308461114486796E-015
          26          16   5.9613875162856509E-015
          26          17  -9.1504455286132514E-015
          26          18   4.4863894370890394E-015
          26          19   2.3405870954273817E-015
          26          20  -2.9419624237686944E-015
          26          21   1.5311647218535251E-015
          26          22  -3.0633928840835859E-007
          26          23  -1.1051529355628865E-006
          26          24   3.5477617983835680E-007
          26          25   1.0210076411603659E-009
          26          26   7.2755504975600735E-010
          26          27   1.0367842435681210E-006
          27           1   9.6853191255106131E-004
          27           2   3.3660663025969978E-003
          27           3  -7.3264764205163580E-003
          27           4  -7.8713255414924899E-003
          27           5  -1.5934251673325669E-004
          27           6  -1.4476044025416891E-004
          27           7  -2.8298575353554270E-015
          27           8   5.9973386635447346E-016
          27           9   5.6115106285447104E-015
          27          10  -5.2201523453567409E-015
          27          11   1.0315251725176698E-015
          27          12   1.0811832572745804E-014
          27          13  -2.0970002589668903E-015
          27          14   1.3681965816767742E-015
          27          15  -4.6821233633227459E-015
          27          16  -3.2709375559312502E-015
          27          17   2.5154224274986129E-015
          27          18  -1.0839642436302848E-014
          27          19  -1.8885485253477178E-015
          27          20   1.0508307291090384E-015
          27          21  -3.3397502265756099E-015
          27          22  -3.2675171783911260E-004
          27          23  -1.5748707282984304E-003
          27          24   6.1535445178092629E-004
          27          25   1.4549615665176434E-006
          27          26   1.0367842435681210E-006
          27          27   1.5872330954222031E-003
