           1           1   2.1787072700039181     
           1           2  0.84519205173465495     
           1           3  0.96479509737963520     
           1           4 -0.17895304070278911     
           1           5   1.1412525865035962E-013
           1           6  -1.8834693348900535E-013
           1           7   3.3400494387945328E-013
           1           8  -3.6640978256413125E-014
           1           9  -2.5674076724183188E-014
           1          10  -1.8383974925545374E-014
           1          11   3.6493808154996132E-015
           1          12   3.6671768521813257E-014
           1          13   4.1484605009862624E-014
           1          14 -0.25734593231370023     
           1          15   4.9645647318574465E-004
           1          16 -0.25867789814777192     
           1          17   6.0873229019933956E-004
           1          18  -2.1354254028404219E-003
           1          19 -0.25940779723450658     
           2           1  0.84519205173465495     
           2           2   4.5122289264073929     
           2           3   7.5658789316477355     
           2           4  -1.4401599537357102     
           2           5   4.7044825132707839E-013
           2           6  -7.9705061764870905E-013
           2           7   1.4477103733778919E-012
           2           8  -1.4362194917723498E-013
           2           9  -1.7266085836952414E-013
           2          10   1.1845913182908665E-014
           2          11   1.4133006724229342E-014
           2          12   1.7537492065778384E-013
           2          13   1.8171335054823246E-013
           2          14  -1.8774327111437985     
           2          15   4.3519232270941323E-003
           2          16  -1.8891267338223130     
           2          17   5.3360631176269258E-003
           2          18  -1.8718417193481593E-002
           2          19  -1.8955344305321169     
           3           1  0.96479509737963520     
           3           2   7.5658789316477355     
           3           3   22.702578395424279     
           3           4  -4.4197395845851508     
           3           5   2.9485782535458934E-013
           3           6  -5.6078490323641136E-013
           3           7   1.0995590000323762E-012
           3           8  -2.1990844120272147E-014
           3           9  -4.1482505398034709E-013
           3          10   4.9525376344752074E-013
           3          11   5.3112626796316222E-015
           3          12   1.7614047020709149E-013
           3          13   1.2631848200211189E-013
           3          14  -5.2334553909121615     
           3          15   1.4359321630121631E-002
           3          16  -5.2720819335016147     
           3          17   1.7606371272101753E-002
           3          18  -6.1760540761474331E-002
           3          19  -5.2932461261658847     
           4           1 -0.17895304070278911     
           4           2  -1.4401599537357102     
           4           3  -4.4197395845851508     
           4           4  0.87031974707845461     
           4           5  -5.5939257020094099E-014
           4           6   1.0710889850225813E-013
           4           7  -1.9487184643649869E-013
           4           8   7.3825948663586439E-015
           4           9   6.5778311194572586E-014
           4          10  -7.2471778697911744E-014
           4          11  -7.7376621770811949E-016
           4          12  -3.1949688716104565E-014
           4          13  -2.3878349315742056E-014
           4          14   1.0364412301894255     
           4          15  -2.2152199744783900E-003
           4          16   1.0423999791299936     
           4          17  -2.7161446956420116E-003
           4          18   9.5278374352093312E-003
           4          19   1.0456648920532112     
           5           1   1.1412525865035962E-013
           5           2   4.7044825132707839E-013
           5           3   2.9485782535458934E-013
           5           4  -5.5939257020094099E-014
           5           5   2.1050539298757580     
           5           6  -5.5991277622082364E-003
           5           7  -6.8634836025167302E-003
           5           8 -0.22931682746671456     
           5           9   2.7503096549320691E-002
           5          10   3.3713653305282518E-002
           5          11   9.3245492436826991E-002
           5          12  -2.6502244324395088E-003
           5          13  -3.2486795636347586E-003
           5          14  -9.8541094595658413E-014
           5          15  -3.5164840172806568E-015
           5          16  -1.0117834331925869E-013
           5          17   9.9536463275517633E-015
           5          18   1.1290805647318755E-015
           5          19  -9.8127306717003376E-014
           6           1  -1.8834693348900535E-013
           6           2  -7.9705061764870905E-013
           6           3  -5.6078490323641136E-013
           6           4   1.0710889850225813E-013
           6           5  -5.5991277622082364E-003
           6           6   2.1230887059231964     
           6           7   2.4064787292946296E-002
           6           8   2.7503096549318207E-002
           6           9 -0.31790423034468163     
           6          10 -0.11820701302522710     
           6          11  -2.6502244324369661E-003
           6          12  0.10178185848177509     
           6          13   1.1390539732294950E-002
           6          14   1.9837167760157683E-013
           6          15   1.0399265641759947E-015
           6          16   1.8482326955436318E-013
           6          17   1.3610709662722984E-015
           6          18   8.4953665708478942E-015
           6          19   1.9347712435703586E-013
           7           1   3.3400494387945328E-013
           7           2   1.4477103733778919E-012
           7           3   1.0995590000323762E-012
           7           4  -1.9487184643649869E-013
           7           5  -6.8634836025167302E-003
           7           6   2.4064787292946296E-002
           7           7   2.1329559397647340     
           7           8   3.3713653305277626E-002
           7           9 -0.11820701302522318     
           7          10 -0.36637240191431886     
           7          11  -3.2486795636339485E-003
           7          12   1.1390539732298352E-002
           7          13  0.10645229739977591     
           7          14  -3.8040436443359917E-013
           7          15  -2.1685357604037125E-015
           7          16  -3.8773477903022552E-013
           7          17   1.1165562382810260E-015
           7          18   2.0315568685780498E-015
           7          19  -3.7338715622569992E-013
           8           1  -3.6640978256413125E-014
           8           2  -1.4362194917723498E-013
           8           3  -2.1990844120272147E-014
           8           4   7.3825948663586439E-015
           8           5 -0.22931682746671456     
           8           6   2.7503096549318207E-002
           8           7   3.3713653305277626E-002
           8           8   6.4529052505182080E-002
           8           9 -0.13533785783818755     
           8          10 -0.16589890560340190     
           8          11  -1.4216946431220082E-002
           8          12   1.2785357947741934E-002
           8          13   1.5672457988910517E-002
           8          14   2.8065659660404808E-014
           8          15   5.3807937734356905E-016
           8          16   2.7099883561988578E-014
           8          17  -3.1929000426509719E-016
           8          18  -1.6734445568893749E-015
           8          19   2.6248276277262517E-014
           9           1  -2.5674076724183188E-014
           9           2  -1.7266085836952414E-013
           9           3  -4.1482505398034709E-013
           9           4   6.5778311194572586E-014
           9           5   2.7503096549320691E-002
           9           6 -0.31790423034468163     
           9           7 -0.11820701302522318     
           9           8 -0.13533785783818755     
           9           9  0.50045194269457671     
           9          10  0.58167573587875310     
           9          11   1.2785357947741797E-002
           9          12  -5.5398551325171734E-002
           9          13  -5.4950866014284241E-002
           9          14   6.8650803271690679E-014
           9          15  -9.4703949979259209E-016
           9          16   7.3036275456162673E-014
           9          17  -1.2326883636414644E-015
           9          18   4.1120105703613033E-015
           9          19   7.4401081763275715E-014
          10           1  -1.8383974925545374E-014
          10           2   1.1845913182908665E-014
          10           3   4.9525376344752074E-013
          10           4  -7.2471778697911744E-014
          10           5   3.3713653305282518E-002
          10           6 -0.11820701302522710     
          10           7 -0.36637240191431886     
          10           8 -0.16589890560340190     
          10           9  0.58167573587875310     
          10          10  0.73895521456454882     
          10          11   1.5672457988910739E-002
          10          12  -5.4950866014284977E-002
          10          13  -7.7929938708375626E-002
          10          14  -4.0180692163952118E-014
          10          15   2.6153377406418946E-015
          10          16  -4.4547034426500906E-014
          10          17   2.7604610768750885E-015
          10          18  -9.5096376450491840E-015
          10          19  -4.8052403624691262E-014
          11           1   3.6493808154996132E-015
          11           2   1.4133006724229342E-014
          11           3   5.3112626796316222E-015
          11           4  -7.7376621770811949E-016
          11           5   9.3245492436826991E-002
          11           6  -2.6502244324369661E-003
          11           7  -3.2486795636339485E-003
          11           8  -1.4216946431220082E-002
          11           9   1.2785357947741797E-002
          11          10   1.5672457988910739E-002
          11          11   4.6773639946211150E-003
          11          12  -1.2105921286551078E-003
          11          13  -1.4839595696580677E-003
          11          14  -2.3373390645996779E-016
          11          15  -7.5127578643009721E-017
          11          16  -3.5679205523111066E-016
          11          17   3.7037992379098308E-016
          11          18  -8.2385755799884478E-017
          11          19  -2.9141952415525737E-016
          12           1   3.6671768521813257E-014
          12           2   1.7537492065778384E-013
          12           3   1.7614047020709149E-013
          12           4  -3.1949688716104565E-014
          12           5  -2.6502244324395088E-003
          12           6  0.10178185848177509     
          12           7   1.1390539732298352E-002
          12           8   1.2785357947741934E-002
          12           9  -5.5398551325171734E-002
          12          10  -5.4950866014284977E-002
          12          11  -1.2105921286551078E-003
          12          12   8.5766781111121793E-003
          12          13   5.2030679259509622E-003
          12          14  -5.4392379969633951E-014
          12          15   2.3632039828150748E-017
          12          16  -5.4993187361003988E-014
          12          17   4.5825714312877855E-017
          12          18   2.1581904938387335E-016
          12          19  -5.4765348317554924E-014
          13           1   4.1484605009862624E-014
          13           2   1.8171335054823246E-013
          13           3   1.2631848200211189E-013
          13           4  -2.3878349315742056E-014
          13           5  -3.2486795636347586E-003
          13           6   1.1390539732294950E-002
          13           7  0.10645229739977591     
          13           8   1.5672457988910517E-002
          13           9  -5.4950866014284241E-002
          13          10  -7.7929938708375626E-002
          13          11  -1.4839595696580677E-003
          13          12   5.2030679259509622E-003
          13          13   1.0710081049479108E-002
          13          14  -4.7990258340736058E-014
          13          15  -2.5130644687294737E-016
          13          16  -4.8105265830639058E-014
          13          17  -1.3496228198185832E-016
          13          18   6.8943149740880371E-016
          13          19  -4.7550294246025541E-014
          14           1 -0.25734593231370023     
          14           2  -1.8774327111437985     
          14           3  -5.2334553909121615     
          14           4   1.0364412301894255     
          14           5  -9.8541094595658413E-014
          14           6   1.9837167760157683E-013
          14           7  -3.8040436443359917E-013
          14           8   2.8065659660404808E-014
          14           9   6.8650803271690679E-014
          14          10  -4.0180692163952118E-014
          14          11  -2.3373390645996779E-016
          14          12  -5.4392379969633951E-014
          14          13  -4.7990258340736058E-014
          14          14   1.2597320888002157     
          14          15  -2.0098874881284506E-003
          14          16   1.2651374177669026     
          14          17  -2.4643846884619641E-003
          14          18   8.6447260732755299E-003
          14          19   1.2680991295277211     
          15           1   4.9645647318574465E-004
          15           2   4.3519232270941323E-003
          15           3   1.4359321630121631E-002
          15           4  -2.2152199744783900E-003
          15           5  -3.5164840172806568E-015
          15           6   1.0399265641759947E-015
          15           7  -2.1685357604037125E-015
          15           8   5.3807937734356905E-016
          15           9  -9.4703949979259209E-016
          15          10   2.6153377406418946E-015
          15          11  -7.5127578643009721E-017
          15          12   2.3632039828150748E-017
          15          13  -2.5130644687294737E-016
          15          14  -2.0098874881284506E-003
          15          15   4.6403346373090294E-005
          15          16  -2.1347353481800278E-003
          15          17   5.6896373491678081E-005
          15          18  -1.9958350226049402E-004
          15          19  -2.2031411919244568E-003
          16           1 -0.25867789814777192     
          16           2  -1.8891267338223130     
          16           3  -5.2720819335016147     
          16           4   1.0423999791299936     
          16           5  -1.0117834331925869E-013
          16           6   1.8482326955436318E-013
          16           7  -3.8773477903022552E-013
          16           8   2.7099883561988578E-014
          16           9   7.3036275456162673E-014
          16          10  -4.4547034426500906E-014
          16          11  -3.5679205523111066E-016
          16          12  -5.4993187361003988E-014
          16          13  -4.8105265830639058E-014
          16          14   1.2651374177669026     
          16          15  -2.1347353481800278E-003
          16          16   1.2708786491347128     
          16          17  -2.6174639597504497E-003
          16          18   9.1817040035119830E-003
          16          19   1.2740244063941653     
          17           1   6.0873229019933956E-004
          17           2   5.3360631176269258E-003
          17           3   1.7606371272101753E-002
          17           4  -2.7161446956420116E-003
          17           5   9.9536463275517633E-015
          17           6   1.3610709662722984E-015
          17           7   1.1165562382810260E-015
          17           8  -3.1929000426509719E-016
          17           9  -1.2326883636414644E-015
          17          10   2.7604610768750885E-015
          17          11   3.7037992379098308E-016
          17          12   4.5825714312877855E-017
          17          13  -1.3496228198185832E-016
          17          14  -2.4643846884619641E-003
          17          15   5.6896373491678081E-005
          17          16  -2.6174639597504497E-003
          17          17   6.9762152293428262E-005
          17          18  -2.4471462461084432E-004
          17          19  -2.7013381784180487E-003
          18           1  -2.1354254028404219E-003
          18           2  -1.8718417193481593E-002
          18           3  -6.1760540761474331E-002
          18           4   9.5278374352093312E-003
          18           5   1.1290805647318755E-015
          18           6   8.4953665708478942E-015
          18           7   2.0315568685780498E-015
          18           8  -1.6734445568893749E-015
          18           9   4.1120105703613033E-015
          18          10  -9.5096376450491840E-015
          18          11  -8.2385755799884478E-017
          18          12   2.1581904938387335E-016
          18          13   6.8943149740880371E-016
          18          14   8.6447260732755299E-003
          18          15  -1.9958350226049402E-004
          18          16   9.1817040035119830E-003
          18          17  -2.4471462461084432E-004
          18          18   8.5842029719318026E-004
          18          19   9.4759215286932368E-003
          19           1 -0.25940779723450658     
          19           2  -1.8955344305321169     
          19           3  -5.2932461261658847     
          19           4   1.0456648920532112     
          19           5  -9.8127306717003376E-014
          19           6   1.9347712435703586E-013
          19           7  -3.7338715622569992E-013
          19           8   2.6248276277262517E-014
          19           9   7.4401081763275715E-014
          19          10  -4.8052403624691262E-014
          19          11  -2.9141952415525737E-016
          19          12  -5.4765348317554924E-014
          19          13  -4.7550294246025541E-014
          19          14   1.2680991295277211     
          19          15  -2.2031411919244568E-003
          19          16   1.2740244063941653     
          19          17  -2.7013381784180487E-003
          19          18   9.4759215286932368E-003
          19          19   1.2772710046880646     
