           1           1   2.2584298500235302     
           1           2 -0.83935957696597541     
           1           3  0.28799130926571487     
           1           4  -3.3137995210596433E-002
           1           5  -2.1004630762379843E-002
           1           6  -3.0584548849274790E-012
           1           7  -4.7194428607428359E-013
           1           8  -8.2096083629274670E-013
           1           9  -5.0628169363337804E-013
           1          10   2.4850233786128981E-012
           1          11  -2.6224273394911060E-014
           1          12   9.5930735151605756E-012
           1          13  -3.7978082291208843E-012
           1          14  -3.7303910181709116E-012
           1          15  -2.1183780708665678E-012
           1          16   4.0844553608962275E-012
           1          17   2.9208793619974232E-012
           1          18   1.1999533963002271E-002
           1          19  -9.4511978067861642E-012
           1          20   1.1999533786449638E-002
           1          21  -1.1507078568783173E-011
           1          22   2.2689457956218020E-012
           1          23   1.1999533822671833E-002
           1          24  -4.1964956239466458E-003
           1          25  -3.7284656278918736E-012
           1          26  -4.1964956821192098E-003
           1          27  -4.1607657309168538E-012
           1          28   1.4612619468468385E-012
           1          29  -4.1964956699767231E-003
           1          30  -1.0633219319820589E-002
           1          31  -7.8416062432347775E-013
           1          32  -1.0633219324152980E-002
           1          33  -8.3839933940779026E-013
           1          34   2.8436084022000784E-013
           1          35  -1.0633219323922485E-002
           2           1 -0.83935957696597541     
           2           2   2.7293049924124513     
           2           3  -1.1688216366892361     
           2           4  0.18356415973419812     
           2           5   8.0450067725337693E-002
           2           6   9.1738819380462151E-012
           2           7   1.4199092379322107E-012
           2           8   1.7607184267414924E-012
           2           9  -5.8487516631379039E-013
           2          10  -7.5825387332241938E-012
           2          11   3.5850574928176778E-012
           2          12  -3.1725571185347806E-011
           2          13   1.0922133582401744E-011
           2          14   9.9897308608030828E-012
           2          15   7.6293812794172344E-012
           2          16  -1.5216532140340440E-011
           2          17  -1.1283485543359784E-011
           2          18  -1.6124702502617921E-002
           2          19   1.9146877905962955E-011
           2          20  -1.6124702192377091E-002
           2          21   1.7981115606034893E-012
           2          22  -1.2930553935045239E-011
           2          23  -1.6124702236157598E-002
           2          24  -1.0662862267257585E-003
           2          25   8.5967257944933551E-012
           2          26  -1.0662861216687060E-003
           2          27   2.0331476996382050E-012
           2          28  -6.7494873204468665E-012
           2          29  -1.0662861372154114E-003
           2          30   5.5667860244402144E-003
           2          31   2.1280304810294128E-012
           2          32   5.5667860318166923E-003
           2          33   1.5770152553890116E-012
           2          34  -6.4580277310459390E-013
           2          35   5.5667860334649554E-003
           3           1  0.28799130926571487     
           3           2  -1.1688216366892361     
           3           3   2.7820955986453391     
           3           4 -0.59384158500435047     
           3           5 -0.29343318202112822     
           3           6   6.5593240812255908E-011
           3           7  -2.5107008434592925E-011
           3           8  -2.9811999953666443E-011
           3           9  -1.0171208816682891E-010
           3          10   4.6632390934162797E-011
           3          11   4.9069184702019629E-011
           3          12   1.0792278764242781E-010
           3          13  -5.2963562274467347E-011
           3          14  -4.8865826038363205E-011
           3          15  -2.4384659906408991E-011
           3          16   3.7199454471520937E-011
           3          17   1.9327540248496702E-011
           3          18   3.4638224446333868E-002
           3          19  -7.8341757063979936E-011
           3          20   3.4638222674619731E-002
           3          21  -2.0769976780713086E-010
           3          22   5.2037740892505259E-013
           3          23   3.4638223047074028E-002
           3          24  -3.7168130525367479E-002
           3          25  -3.0520042708837743E-011
           3          26  -3.7168131113805521E-002
           3          27  -7.0025266678251923E-011
           3          28   7.9420837623996084E-012
           3          29  -3.7168130988630858E-002
           3          30  -5.3629118619051619E-002
           3          31  -8.8446290861797720E-012
           3          32  -5.3629118660215525E-002
           3          33  -1.2553358012711515E-011
           3          34   2.7742897060260561E-012
           3          35  -5.3629118663948608E-002
           4           1  -3.3137995210596433E-002
           4           2  0.18356415973419812     
           4           3 -0.59384158500435047     
           4           4  0.63653913795093997     
           4           5  0.32522960287864899     
           4           6   3.1733616618992612E-012
           4           7   1.7903078699673361E-012
           4           8   1.0104455900680637E-012
           4           9   1.9394554636140545E-011
           4          10  -3.0673628526845442E-011
           4          11  -3.6240396514212386E-011
           4          12  -1.1187896995265678E-010
           4          13   8.2897498422707306E-011
           4          14   6.2933940683988058E-011
           4          15   3.7368866993836058E-012
           4          16  -9.9972898608008353E-013
           4          17   3.2915610420549887E-012
           4          18  -1.1483032763435385E-002
           4          19   3.3353820535341657E-010
           4          20  -1.1483025669677335E-002
           4          21   8.5570307895064563E-010
           4          22   1.8015413591452092E-010
           4          23  -1.1483027678809193E-002
           4          24   6.7765137228664493E-002
           4          25   1.0988671997879095E-010
           4          26   6.7765139526635987E-002
           4          27   2.7937812746055962E-010
           4          28   5.2410776305842314E-011
           4          29   6.7765138879425729E-002
           4          30   9.1666156939124305E-002
           4          31   1.9760806005700707E-011
           4          32   9.1666157125697270E-002
           4          33   3.2859023726916010E-011
           4          34  -5.2418863321091847E-012
           4          35   9.1666157091522704E-002
           5           1  -2.1004630762379843E-002
           5           2   8.0450067725337693E-002
           5           3 -0.29343318202112822     
           5           4  0.32522960287864899     
           5           5  0.16680131336197160     
           5           6   1.9313168553510048E-012
           5           7   1.6828674941684113E-012
           5           8  -1.0513937858757345E-012
           5           9  -2.3314045119017910E-012
           5          10  -9.3804468715472911E-012
           5          11  -2.3791636951444444E-012
           5          12  -8.5942178966003762E-012
           5          13   1.3898549321933167E-011
           5          14   2.0009598550312645E-011
           5          15   6.1574227079972911E-011
           5          16  -3.3442642400478456E-011
           5          17  -1.3056412848980704E-011
           5          18  -5.7502996767245899E-003
           5          19   2.6213814640599704E-010
           5          20  -5.7502952393691971E-003
           5          21   2.8938475436649987E-010
           5          22  -2.1333904718177354E-010
           5          23  -5.7502959179823411E-003
           5          24   3.4910598783212447E-002
           5          25   8.5564586507061299E-011
           5          26   3.4910600227197622E-002
           5          27   9.5017110543051217E-011
           5          28  -7.1036265265809297E-011
           5          29   3.4910600005986503E-002
           5          30   4.6719439705838611E-002
           5          31   1.1855529673796427E-011
           5          32   4.6719439839635689E-002
           5          33   1.3282855673997836E-011
           5          34  -8.1467314812073572E-012
           5          35   4.6719439823537712E-002
           6           1  -3.0584548849274790E-012
           6           2   9.1738819380462151E-012
           6           3   6.5593240812255908E-011
           6           4   3.1733616618992612E-012
           6           5   1.9313168553510048E-012
           6           6   2.3439988828261065     
           6           7  -7.3493685187237703E-013
           6           8   1.0995355544685458E-012
           6           9 -0.90858349320843823     
           6          10   8.3316166721423581E-013
           6          11  -2.1207783757969046E-012
           6          12   2.8145453746123952E-002
           6          13  -7.0887186873981863E-013
           6          14   3.0314314419352638E-012
           6          15   6.5765504471330685E-002
           6          16   1.4632638706997776E-012
           6          17  -4.5636348781332220E-013
           6          18  -4.3245526804933626E-010
           6          19   5.2241792897808317E-011
           6          20   2.7400241107669227E-010
           6          21   8.9244615463627937E-011
           6          22  -5.6929422607770076E-011
           6          23   7.8720656551952734E-011
           6          24  -1.5323978152538635E-010
           6          25   1.9366162053611018E-011
           6          26   8.0380182029270858E-011
           6          27   2.7071646342940733E-011
           6          28  -1.6813740448070243E-011
           6          29   3.9857757094958411E-011
           6          30  -2.3357184868281204E-011
           6          31   1.2222055636494286E-011
           6          32   7.0566456812974271E-012
           6          33   3.5241899383236656E-012
           6          34   1.3934702316168306E-012
           6          35   6.4726716732552853E-012
           7           1  -4.7194428607428359E-013
           7           2   1.4199092379322107E-012
           7           3  -2.5107008434592925E-011
           7           4   1.7903078699673361E-012
           7           5   1.6828674941684113E-012
           7           6  -7.3493685187237703E-013
           7           7   2.3439988828244109     
           7           8  -2.5870603897580184E-013
           7           9   7.9401936832455888E-013
           7          10 -0.90858349320463272     
           7          11   4.5325333250918550E-013
           7          12   1.9217576628429321E-012
           7          13   2.8145453739623336E-002
           7          14  -3.8919260145660068E-012
           7          15  -4.4784321450917889E-012
           7          16   6.5765504471965386E-002
           7          17   2.5350990774441804E-012
           7          18  -2.0846629042327483E-010
           7          19   2.8508801474721086E-011
           7          20   1.3036154758487550E-010
           7          21   2.6789985743820300E-011
           7          22  -2.6043254221187953E-012
           7          23   9.9987473764696427E-011
           7          24  -6.9369980093285000E-011
           7          25  -1.7577336823815620E-012
           7          26   4.1133563233061892E-011
           7          27   1.2853832443011933E-011
           7          28   5.8778562289910164E-012
           7          29   3.6476309172189976E-011
           7          30  -1.4345581714083299E-011
           7          31  -6.5457486883221599E-012
           7          32   1.0202793943878744E-011
           7          33   4.2467879204907026E-013
           7          34   4.7937299330633251E-012
           7          35   1.2840225166146824E-012
           8           1  -8.2096083629274670E-013
           8           2   1.7607184267414924E-012
           8           3  -2.9811999953666443E-011
           8           4   1.0104455900680637E-012
           8           5  -1.0513937858757345E-012
           8           6   1.0995355544685458E-012
           8           7  -2.5870603897580184E-013
           8           8   2.3439988828248897     
           8           9  -3.4812801510809320E-012
           8          10   1.2711664642017511E-013
           8          11 -0.90858349320755671     
           8          12   7.1918881769721344E-012
           8          13   4.9409810965243668E-012
           8          14   2.8145453745756457E-002
           8          15  -3.8018124275739220E-012
           8          16  -1.0236404698120239E-012
           8          17   6.5765504471546762E-002
           8          18   1.3802346311230861E-010
           8          19  -1.9770407249220189E-011
           8          20  -1.0100997008776809E-010
           8          21  -9.2208761746191649E-012
           8          22  -2.6390770603734689E-011
           8          23   4.7052813984524023E-012
           8          24   3.4292486325573338E-011
           8          25  -2.2709727597134256E-012
           8          26  -2.0430322588923689E-011
           8          27   2.7758112576352563E-012
           8          28  -8.6010609528905890E-012
           8          29  -5.5052213739526510E-012
           8          30  -1.1180320994259361E-012
           8          31   3.9959090741180433E-012
           8          32  -3.9744063871873756E-012
           8          33  -4.3219261941347973E-012
           8          34   5.7074625911086965E-012
           8          35   3.3253733204714562E-012
           9           1  -5.0628169363337804E-013
           9           2  -5.8487516631379039E-013
           9           3  -1.0171208816682891E-010
           9           4   1.9394554636140545E-011
           9           5  -2.3314045119017910E-012
           9           6 -0.90858349320843823     
           9           7   7.9401936832455888E-013
           9           8  -3.4812801510809320E-012
           9           9   2.4053273883029034     
           9          10   7.7600771856225801E-013
           9          11   6.9777629835583467E-012
           9          12 -0.12277473828852425     
           9          13   8.7928362490257074E-013
           9          14  -6.4560201644325135E-012
           9          15 -0.19212267017790774     
           9          16  -2.8333669527516328E-012
           9          17  -3.3078497712974731E-012
           9          18   1.2249935867534431E-009
           9          19  -1.5127357453218662E-010
           9          20  -8.5410509810574714E-010
           9          21  -2.5440007581800402E-010
           9          22   1.7624434146117074E-010
           9          23  -2.6883397643070019E-010
           9          24   4.5709930428768676E-010
           9          25  -6.4420191654950180E-011
           9          26  -2.6059176954580707E-010
           9          27  -8.4891308611792755E-011
           9          28   5.1286092305489637E-011
           9          29  -1.2354135671362358E-010
           9          30   5.6056143357552957E-011
           9          31  -3.2798644625531814E-011
           9          32  -2.1219686339512404E-011
           9          33  -1.2232292240307322E-011
           9          34  -2.4645585055698886E-012
           9          35  -2.1643459135625020E-011
          10           1   2.4850233786128981E-012
          10           2  -7.5825387332241938E-012
          10           3   4.6632390934162797E-011
          10           4  -3.0673628526845442E-011
          10           5  -9.3804468715472911E-012
          10           6   8.3316166721423581E-013
          10           7 -0.90858349320463272     
          10           8   1.2711664642017511E-013
          10           9   7.7600771856225801E-013
          10          10   2.4053273882957580     
          10          11  -1.2759213938550680E-015
          10          12  -6.0360518316487959E-012
          10          13 -0.12277473828006788     
          10          14   9.9975461565865465E-012
          10          15   1.1920371447047689E-011
          10          16 -0.19212267017610546     
          10          17  -6.7405400101494034E-012
          10          18   4.7682387575600338E-010
          10          19  -7.2413024236584718E-011
          10          20  -2.8009952271164247E-010
          10          21  -4.9816601692950252E-011
          10          22   4.9488628765426886E-012
          10          23  -2.1711457606712280E-010
          10          24   1.6474764857415145E-010
          10          25   2.2210366991303771E-011
          10          26  -9.7671364768612887E-011
          10          27  -2.7587484852334077E-011
          10          28  -2.6324706741046375E-011
          10          29  -7.2912443595816584E-011
          10          30   4.0945480711782261E-011
          10          31   1.5836411571854188E-011
          10          32  -1.7262546166884041E-011
          10          33  -4.5165346717333658E-013
          10          34  -1.0665312093869783E-011
          10          35   7.1362522781261325E-012
          11           1  -2.6224273394911060E-014
          11           2   3.5850574928176778E-012
          11           3   4.9069184702019629E-011
          11           4  -3.6240396514212386E-011
          11           5  -2.3791636951444444E-012
          11           6  -2.1207783757969046E-012
          11           7   4.5325333250918550E-013
          11           8 -0.90858349320755671     
          11           9   6.9777629835583467E-012
          11          10  -1.2759213938550680E-015
          11          11   2.4053273883070752     
          11          12  -1.4883586615991088E-011
          11          13  -1.2084708641087054E-011
          11          14 -0.12277473829586660     
          11          15   9.7521294253668425E-012
          11          16   4.8518261528779962E-012
          11          17 -0.19212267017510740     
          11          18  -3.1102017076651840E-010
          11          19   5.0896735088153519E-011
          11          20   2.7093014158604874E-010
          11          21   2.0936965029196057E-012
          11          22   9.8933958453120995E-011
          11          23  -1.1308314984611262E-011
          11          24  -6.8556760532720662E-011
          11          25   4.3906502626630845E-012
          11          26   6.8367877895040779E-011
          11          27   5.8856702018365252E-012
          11          28   2.1709135169297793E-011
          11          29  -1.6561222253617757E-012
          11          30   1.7235804329936905E-011
          11          31  -9.3480962003546666E-012
          11          32   2.0072207873428196E-011
          11          33   5.8941716869084535E-012
          11          34  -1.4479720032748810E-011
          11          35  -7.1103859490402072E-013
          12           1   9.5930735151605756E-012
          12           2  -3.1725571185347806E-011
          12           3   1.0792278764242781E-010
          12           4  -1.1187896995265678E-010
          12           5  -8.5942178966003762E-012
          12           6   2.8145453746123952E-002
          12           7   1.9217576628429321E-012
          12           8   7.1918881769721344E-012
          12           9 -0.12277473828852425     
          12          10  -6.0360518316487959E-012
          12          11  -1.4883586615991088E-011
          12          12  0.26105206880313658     
          12          13   1.1487834588000864E-012
          12          14   7.5033993113507122E-012
          12          15  0.31954503271538054     
          12          16   1.7892508216919045E-011
          12          17   1.0163265602865960E-011
          12          18  -1.2918130425125983E-009
          12          19   1.7613258369531741E-010
          12          20   1.1544423789297247E-009
          12          21   2.3685532853975504E-010
          12          22  -1.2513466503586199E-010
          12          23   1.4213299130240372E-010
          12          24  -4.4732528486868165E-010
          12          25   6.8289661275902496E-011
          12          26   3.6370275231387191E-010
          12          27   8.3735435331725309E-011
          12          28  -4.0669034134394908E-011
          12          29   3.8115471843130099E-011
          12          30  -6.8974006358038854E-011
          12          31   4.3777462200979568E-011
          12          32   1.2628094426255955E-011
          12          33   1.6710377921647719E-011
          12          34  -2.8116596245371068E-012
          12          35   1.3605179974814617E-011
          13           1  -3.7978082291208843E-012
          13           2   1.0922133582401744E-011
          13           3  -5.2963562274467347E-011
          13           4   8.2897498422707306E-011
          13           5   1.3898549321933167E-011
          13           6  -7.0887186873981863E-013
          13           7   2.8145453739623336E-002
          13           8   4.9409810965243668E-012
          13           9   8.7928362490257074E-013
          13          10 -0.12277473828006788     
          13          11  -1.2084708641087054E-011
          13          12   1.1487834588000864E-012
          13          13  0.26105206880011694     
          13          14   5.9560135388354227E-012
          13          15  -1.7361809713848929E-011
          13          16  0.31954503271482904     
          13          17   5.4014300379208984E-012
          13          18  -7.4353389915582064E-010
          13          19   3.9160452618018992E-011
          13          20   5.0685439036063904E-010
          13          21  -4.6744717891409999E-011
          13          22   1.2759359933430484E-011
          13          23   2.3680145341775095E-010
          13          24  -2.5258722696018122E-010
          13          25   2.6791243310984550E-012
          13          26   1.7091711087104622E-010
          13          27  -1.3879787746477471E-011
          13          28   1.0082884036666264E-011
          13          29   7.2591198197525959E-011
          13          30  -5.0428656949906492E-011
          13          31  -1.4017444571442565E-011
          13          32   2.7757007825486929E-011
          13          33  -1.5600969479548281E-012
          13          34   5.7432747263903116E-012
          13          35  -6.8722291861511698E-012
          14           1  -3.7303910181709116E-012
          14           2   9.9897308608030828E-012
          14           3  -4.8865826038363205E-011
          14           4   6.2933940683988058E-011
          14           5   2.0009598550312645E-011
          14           6   3.0314314419352638E-012
          14           7  -3.8919260145660068E-012
          14           8   2.8145453745756457E-002
          14           9  -6.4560201644325135E-012
          14          10   9.9975461565865465E-012
          14          11 -0.12277473829586660     
          14          12   7.5033993113507122E-012
          14          13   5.9560135388354227E-012
          14          14  0.26105206881051451     
          14          15  -7.3762093108438763E-012
          14          16  -3.3996926770495653E-012
          14          17  0.31954503271669493     
          14          18   4.4136078577109725E-010
          14          19  -9.6322732645699031E-011
          14          20  -5.0691752647213332E-010
          14          21   7.6342398502338662E-011
          14          22  -2.2193277443319336E-010
          14          23   6.9644573580951758E-011
          14          24   1.3773483386898936E-010
          14          25  -2.9515397383572249E-011
          14          26  -1.7081987296493890E-010
          14          27   1.6979521002873493E-011
          14          28  -6.1969886009994377E-011
          14          29   3.3681888147401250E-011
          14          30  -1.2125851783308640E-011
          14          31   8.1820360191422440E-012
          14          32  -2.7310932350050100E-011
          14          33  -5.9237241885659261E-012
          14          34   1.7992485091881775E-011
          14          35   8.9968357954095291E-012
          15           1  -2.1183780708665678E-012
          15           2   7.6293812794172344E-012
          15           3  -2.4384659906408991E-011
          15           4   3.7368866993836058E-012
          15           5   6.1574227079972911E-011
          15           6   6.5765504471330685E-002
          15           7  -4.4784321450917889E-012
          15           8  -3.8018124275739220E-012
          15           9 -0.19212267017790774     
          15          10   1.1920371447047689E-011
          15          11   9.7521294253668425E-012
          15          12  0.31954503271538054     
          15          13  -1.7361809713848929E-011
          15          14  -7.3762093108438763E-012
          15          15  0.39200805640756681     
          15          16  -1.3047701760815724E-012
          15          17  -8.3268758736171550E-012
          15          18   8.5912886865258083E-010
          15          19  -9.9529108278003106E-011
          15          20  -5.9320969368897740E-010
          15          21  -1.0394716969881929E-010
          15          22   2.3688038098745968E-011
          15          23  -2.7067875268165317E-010
          15          24   2.6095640660677658E-010
          15          25  -1.8479406434486346E-011
          15          26  -1.9039321464624045E-010
          15          27  -2.5183616871108133E-011
          15          28   8.1031367592658408E-012
          15          29  -8.3015238922072128E-011
          15          30   8.8620700190998411E-012
          15          31   4.4880798208126571E-011
          15          32  -2.1882953019243677E-011
          15          33   9.6644872458138677E-012
          15          34   2.7032682912969467E-012
          15          35   1.9372263479386040E-011
          16           1   4.0844553608962275E-012
          16           2  -1.5216532140340440E-011
          16           3   3.7199454471520937E-011
          16           4  -9.9972898608008353E-013
          16           5  -3.3442642400478456E-011
          16           6   1.4632638706997776E-012
          16           7   6.5765504471965386E-002
          16           8  -1.0236404698120239E-012
          16           9  -2.8333669527516328E-012
          16          10 -0.19212267017610546     
          16          11   4.8518261528779962E-012
          16          12   1.7892508216919045E-011
          16          13  0.31954503271482904     
          16          14  -3.3996926770495653E-012
          16          15  -1.3047701760815724E-012
          16          16  0.39200805641106967     
          16          17  -6.3813429653608591E-012
          16          18   1.1923374563036980E-009
          16          19  -1.4000225079014190E-010
          16          20  -7.8128023783873634E-010
          16          21  -1.6406814939536025E-010
          16          22   2.0024012028620608E-010
          16          23  -4.0428199400024337E-010
          16          24   3.6411065891657526E-010
          16          25  -5.8532829597064319E-011
          16          26  -2.5879897032300249E-010
          16          27  -5.2360510646346120E-011
          16          28   7.2935356678567163E-011
          16          29  -1.4761283700338448E-010
          16          30  -1.2301551393358322E-011
          16          31  -2.3054984573972978E-011
          16          32  -2.6924899867796945E-011
          16          33  -7.1970203720355355E-012
          16          34   1.3088537082405586E-011
          16          35  -4.4615752865005127E-011
          17           1   2.9208793619974232E-012
          17           2  -1.1283485543359784E-011
          17           3   1.9327540248496702E-011
          17           4   3.2915610420549887E-012
          17           5  -1.3056412848980704E-011
          17           6  -4.5636348781332220E-013
          17           7   2.5350990774441804E-012
          17           8   6.5765504471546762E-002
          17           9  -3.3078497712974731E-012
          17          10  -6.7405400101494034E-012
          17          11 -0.19212267017510740     
          17          12   1.0163265602865960E-011
          17          13   5.4014300379208984E-012
          17          14  0.31954503271669493     
          17          15  -8.3268758736171550E-012
          17          16  -6.3813429653608591E-012
          17          17  0.39200805639949643     
          17          18  -7.5982459391452946E-011
          17          19   2.7613798600609885E-011
          17          20   1.1648814958037128E-010
          17          21  -8.6460170621492498E-011
          17          22   1.5439209338001283E-010
          17          23  -3.0049009680886560E-011
          17          24  -3.8920761602099507E-011
          17          25   1.1413836935335337E-011
          17          26   2.0705732355552213E-011
          17          27  -3.8104486114727044E-011
          17          28   6.1640375956328590E-011
          17          29  -4.0424673674665688E-012
          17          30  -4.0461089625996061E-011
          17          31   1.4579202781083237E-011
          17          32  -2.7304018106307945E-011
          17          33  -1.3784616497610286E-011
          17          34   3.2204271990035071E-011
          17          35  -1.7518306255620718E-012
          18           1   1.1999533963002271E-002
          18           2  -1.6124702502617921E-002
          18           3   3.4638224446333868E-002
          18           4  -1.1483032763435385E-002
          18           5  -5.7502996767245899E-003
          18           6  -4.3245526804933626E-010
          18           7  -2.0846629042327483E-010
          18           8   1.3802346311230861E-010
          18           9   1.2249935867534431E-009
          18          10   4.7682387575600338E-010
          18          11  -3.1102017076651840E-010
          18          12  -1.2918130425125983E-009
          18          13  -7.4353389915582064E-010
          18          14   4.4136078577109725E-010
          18          15   8.5912886865258083E-010
          18          16   1.1923374563036980E-009
          18          17  -7.5982459391452946E-011
          18          18   1.4362833616425408     
          18          19   5.6118735027045403E-011
          18          20 -0.71739084598088942     
          18          21  -2.0747063813385352E-010
          18          22  -1.8786380278503705E-010
          18          23 -0.71739084614121917     
          18          24  0.46278587542305760     
          18          25  -1.6734843588950612E-010
          18          26 -0.23282353537152989     
          18          27   2.7913196199139653E-010
          18          28   2.4674927788800203E-010
          18          29 -0.23282353541302295     
          18          30   3.4103947019173339E-002
          18          31   7.7086867536957364E-011
          18          32  -1.9112722000365127E-002
          18          33  -2.2476771848405323E-010
          18          34   2.4249729851813350E-010
          18          35  -1.9112720685287143E-002
          19           1  -9.4511978067861642E-012
          19           2   1.9146877905962955E-011
          19           3  -7.8341757063979936E-011
          19           4   3.3353820535341657E-010
          19           5   2.6213814640599704E-010
          19           6   5.2241792897808317E-011
          19           7   2.8508801474721086E-011
          19           8  -1.9770407249220189E-011
          19           9  -1.5127357453218662E-010
          19          10  -7.2413024236584718E-011
          19          11   5.0896735088153519E-011
          19          12   1.7613258369531741E-010
          19          13   3.9160452618018992E-011
          19          14  -9.6322732645699031E-011
          19          15  -9.9529108278003106E-011
          19          16  -1.4000225079014190E-010
          19          17   2.7613798600609885E-011
          19          18   5.6118735027045403E-011
          19          19   1.4357828048184507     
          19          20  -5.8876954811237101E-011
          19          21   1.5890507659445569E-011
          19          22   1.4017250034124874E-011
          19          23  -1.0152374802412476E-010
          19          24  -9.9581797880073091E-012
          19          25  0.46373960740650089     
          19          26  -1.5601998660331423E-010
          19          27  -1.2662673427974239E-011
          19          28  -4.1797633062306679E-011
          19          29  -1.4978152853701382E-012
          19          30  -2.3114844422739653E-010
          19          31   3.5477778131723099E-002
          19          32  -1.2305120681517139E-010
          19          33   4.8010065269091517E-011
          19          34  -1.3852681262035621E-011
          19          35  -1.4429557275659906E-010
          20           1   1.1999533786449638E-002
          20           2  -1.6124702192377091E-002
          20           3   3.4638222674619731E-002
          20           4  -1.1483025669677335E-002
          20           5  -5.7502952393691971E-003
          20           6   2.7400241107669227E-010
          20           7   1.3036154758487550E-010
          20           8  -1.0100997008776809E-010
          20           9  -8.5410509810574714E-010
          20          10  -2.8009952271164247E-010
          20          11   2.7093014158604874E-010
          20          12   1.1544423789297247E-009
          20          13   5.0685439036063904E-010
          20          14  -5.0691752647213332E-010
          20          15  -5.9320969368897740E-010
          20          16  -7.8128023783873634E-010
          20          17   1.1648814958037128E-010
          20          18 -0.71739084598088942     
          20          19  -5.8876954811237101E-011
          20          20   1.4362833601731120     
          20          21  -2.5791983373323461E-011
          20          22   1.6035812593398832E-010
          20          23 -0.71739084631370242     
          20          24 -0.23282353632297603     
          20          25   1.1888785941045524E-010
          20          26  0.46278587430052565     
          20          27  -8.8340059570339369E-011
          20          28  -1.6462238801218680E-010
          20          29 -0.23282353690554514     
          20          30  -1.9112724980871913E-002
          20          31  -5.1061265544383384E-011
          20          32   3.4103943422497236E-002
          20          33   7.6921833328730528E-011
          20          34  -2.1020597725487863E-010
          20          35  -1.9112724641192676E-002
          21           1  -1.1507078568783173E-011
          21           2   1.7981115606034893E-012
          21           3  -2.0769976780713086E-010
          21           4   8.5570307895064563E-010
          21           5   2.8938475436649987E-010
          21           6   8.9244615463627937E-011
          21           7   2.6789985743820300E-011
          21           8  -9.2208761746191649E-012
          21           9  -2.5440007581800402E-010
          21          10  -4.9816601692950252E-011
          21          11   2.0936965029196057E-012
          21          12   2.3685532853975504E-010
          21          13  -4.6744717891409999E-011
          21          14   7.6342398502338662E-011
          21          15  -1.0394716969881929E-010
          21          16  -1.6406814939536025E-010
          21          17  -8.6460170621492498E-011
          21          18  -2.0747063813385352E-010
          21          19   1.5890507659445569E-011
          21          20  -2.5791983373323461E-011
          21          21   1.4357828048792796     
          21          22  -6.8482823618347377E-012
          21          23   1.5752531546816178E-010
          21          24  -1.2776532619098051E-010
          21          25   1.9571771286682106E-011
          21          26  -1.9898955149247344E-010
          21          27  0.46373960735053388     
          21          28   5.0939191232038501E-011
          21          29  -2.2856449294617141E-010
          21          30  -4.4221829291539753E-010
          21          31  -1.1157106231193371E-010
          21          32  -1.5943418081576900E-010
          21          33   3.5477778187397745E-002
          21          34  -7.3080932906563032E-011
          21          35  -3.7042659944694460E-010
          22           1   2.2689457956218020E-012
          22           2  -1.2930553935045239E-011
          22           3   5.2037740892505259E-013
          22           4   1.8015413591452092E-010
          22           5  -2.1333904718177354E-010
          22           6  -5.6929422607770076E-011
          22           7  -2.6043254221187953E-012
          22           8  -2.6390770603734689E-011
          22           9   1.7624434146117074E-010
          22          10   4.9488628765426886E-012
          22          11   9.8933958453120995E-011
          22          12  -1.2513466503586199E-010
          22          13   1.2759359933430484E-011
          22          14  -2.2193277443319336E-010
          22          15   2.3688038098745968E-011
          22          16   2.0024012028620608E-010
          22          17   1.5439209338001283E-010
          22          18  -1.8786380278503705E-010
          22          19   1.4017250034124874E-011
          22          20   1.6035812593398832E-010
          22          21  -6.8482823618347377E-012
          22          22   1.4357828048548180     
          22          23   3.6731690456207813E-011
          22          24  -1.8594168820424141E-010
          22          25   1.3043614799552265E-011
          22          26   7.3850200317066466E-011
          22          27   1.6712502041052356E-011
          22          28  0.46373960736901954     
          22          29   1.0369337388445551E-011
          22          30   1.1371447799290631E-010
          22          31   4.4303398040259574E-011
          22          32  -6.3977278633920629E-011
          22          33  -8.4834837180547937E-011
          22          34   3.5477778175036945E-002
          22          35   6.2000080983586779E-011
          23           1   1.1999533822671833E-002
          23           2  -1.6124702236157598E-002
          23           3   3.4638223047074028E-002
          23           4  -1.1483027678809193E-002
          23           5  -5.7502959179823411E-003
          23           6   7.8720656551952734E-011
          23           7   9.9987473764696427E-011
          23           8   4.7052813984524023E-012
          23           9  -2.6883397643070019E-010
          23          10  -2.1711457606712280E-010
          23          11  -1.1308314984611262E-011
          23          12   1.4213299130240372E-010
          23          13   2.3680145341775095E-010
          23          14   6.9644573580951758E-011
