           1           1   2.2970232709582148     
           1           2  0.92542076458112854     
           1           3   8.7754530217853663E-002
           1           4   1.1093178991057692E-014
           1           5  -3.9890293196992643E-015
           1           6   2.1726476587418922E-015
           1           7  -2.4814171148114020E-015
           1           8  -1.7260707456269787E-015
           1           9   1.2312023739587454E-014
           1          10 -0.13921528778799325     
           1          11   2.6997334130426263E-003
           1          12 -0.12893686250751593     
           1          13   1.1108533966713368E-003
           1          14  -2.3730848755016532E-004
           1          15 -0.12852857446136146     
           2           1  0.92542076458112854     
           2           2   2.6850887160037016     
           2           3  0.16777463480166879     
           2           4   1.1174393815034329E-014
           2           5  -7.5130191220757456E-015
           2           6   1.0642589551826212E-014
           2           7   4.6008724375904509E-015
           2           8   4.1151982599148415E-015
           2           9   2.5467359098957855E-014
           2          10 -0.27914764947354664     
           2          11   6.7099906079505917E-003
           2          12 -0.25357043969339760     
           2          13   2.7609496114100172E-003
           2          14  -5.8983793419482009E-004
           2          15 -0.25255435357465539     
           3           1   8.7754530217853663E-002
           3           2  0.16777463480166879     
           3           3  0.16832366610900076     
           3           4   3.2023288046823576E-015
           3           5  -2.6865878369623232E-015
           3           6  -5.8685264400821541E-015
           3           7  -4.3482726080305664E-015
           3           8  -4.4013548454886878E-015
           3           9   8.9760234454983475E-015
           3          10   5.5457205428278049E-003
           3          11   4.0961135321105884E-003
           3          12   2.1158613097377314E-002
           3          13   1.6854214906489411E-003
           3          14  -3.6006596936133959E-004
           3          15   2.1778852447144163E-002
           4           1   1.1093178991057692E-014
           4           2   1.1174393815034329E-014
           4           3   3.2023288046823576E-015
           4           4  0.91717749677968718     
           4           5 -0.19602215839966869     
           4           6  -8.0658248570287264E-002
           4           7  -2.8667721409276377E-002
           4           8   6.1269586822370421E-003
           4           9   2.5210912909353384E-003
           4          10  -6.6388741524489980E-016
           4          11   1.5657300537679463E-016
           4          12  -4.3952861812657335E-016
           4          13   6.3655261947855518E-017
           4          14  -3.3252380729539326E-018
           4          15  -4.2630288182257745E-016
           5           1  -3.9890293196992643E-015
           5           2  -7.5130191220757456E-015
           5           3  -2.6865878369623232E-015
           5           4 -0.19602215839966869     
           5           5   4.1894493398037108E-002
           5           6   1.7238543284149692E-002
           5           7   6.1269586822370499E-003
           5           8  -1.3094735419639156E-003
           5           9  -5.3881583238457955E-004
           5          10   8.0414157271147901E-016
           5          11  -9.1532810245460953E-017
           5          12   5.3475682373889187E-016
           5          13  -3.7498397970373030E-017
           5          14   5.8153168108062877E-018
           5          15   5.2313319933751491E-016
           6           1   2.1726476587418922E-015
           6           2   1.0642589551826212E-014
           6           3  -5.8685264400821541E-015
           6           4  -8.0658248570287264E-002
           6           5   1.7238543284149692E-002
           6           6   7.0932323190098685E-003
           6           7   2.5210912909353561E-003
           6           8  -5.3881583238458259E-004
           6           9  -2.2170932968440933E-004
           6          10  -2.1269580680986643E-015
           6          11  -1.3107192517395103E-016
           6          12  -2.5937860944722128E-015
           6          13  -5.3864280393304959E-017
           6          14   1.0603816773679151E-017
           6          15  -2.6127105817470718E-015
           7           1  -2.4814171148114020E-015
           7           2   4.6008724375904509E-015
           7           3  -4.3482726080305664E-015
           7           4  -2.8667721409276377E-002
           7           5   6.1269586822370499E-003
           7           6   2.5210912909353561E-003
           7           7   8.9605147715185918E-004
           7           8  -1.9150703675704125E-004
           7           9  -7.8800388179658926E-005
           7          10  -8.8570227085287111E-016
           7          11  -1.0134395635444972E-016
           7          12  -1.2603711048049240E-015
           7          13  -4.1675789521706928E-017
           7          14   8.5823269350712456E-018
           7          15  -1.2753901077128593E-015
           8           1  -1.7260707456269787E-015
           8           2   4.1151982599148415E-015
           8           3  -4.4013548454886878E-015
           8           4   6.1269586822370421E-003
           8           5  -1.3094735419639156E-003
           8           6  -5.3881583238458259E-004
           8           7  -1.9150703675704125E-004
           8           8   4.0929506911852596E-005
           8           9   1.6841475317420328E-005
           8          10  -8.9331106980973219E-016
           8          11  -9.9843571239883780E-017
           8          12  -1.2763844964368968E-015
           8          13  -4.1087623268433120E-017
           8          14   8.8464229136554782E-018
           8          15  -1.2915737504191765E-015
           9           1   1.2312023739587454E-014
           9           2   2.5467359098957855E-014
           9           3   8.9760234454983475E-015
           9           4   2.5210912909353384E-003
           9           5  -5.3881583238457955E-004
           9           6  -2.2170932968440933E-004
           9           7  -7.8800388179658926E-005
           9           8   1.6841475317420328E-005
           9           9   6.9298487147212973E-006
           9          10  -1.7507212231162054E-015
           9          11   2.3752483460869672E-016
           9          12  -8.4636257633763677E-016
           9          13   9.7731863889753745E-017
           9          14  -2.0850780551167985E-017
           9          15  -8.1042401001162271E-016
          10           1 -0.13921528778799325     
          10           2 -0.27914764947354664     
          10           3   5.5457205428278049E-003
          10           4  -6.6388741524489980E-016
          10           5   8.0414157271147901E-016
          10           6  -2.1269580680986643E-015
          10           7  -8.8570227085287111E-016
          10           8  -8.9331106980973219E-016
          10           9  -1.7507212231162054E-015
          10          10   3.4873470293067511E-002
          10          11  -1.7594359753028924E-004
          10          12   3.4202683559062225E-002
          10          13  -7.2395261773835912E-005
          10          14   1.5466322038874816E-005
          10          15   3.4176035384235345E-002
          11           1   2.6997334130426263E-003
          11           2   6.7099906079505917E-003
          11           3   4.0961135321105884E-003
          11           4   1.5657300537679463E-016
          11           5  -9.1532810245460953E-017
          11           6  -1.3107192517395103E-016
          11           7  -1.0134395635444972E-016
          11           8  -9.9843571239883780E-017
          11           9   2.3752483460869672E-016
          11          10  -1.7594359753028924E-004
          11          11   1.0279990541553395E-004
          11          12   2.1590031825694545E-004
          11          13   4.2298919029625399E-005
          11          14  -9.0365597028181870E-006
          11          15   2.3146677219481658E-004
          12           1 -0.12893686250751593     
          12           2 -0.25357043969339760     
          12           3   2.1158613097377314E-002
          12           4  -4.3952861812657335E-016
          12           5   5.3475682373889187E-016
          12           6  -2.5937860944722128E-015
          12           7  -1.2603711048049240E-015
          12           8  -1.2763844964368968E-015
          12           9  -8.4636257633763677E-016
          12          10   3.4202683559062225E-002
          12          11   2.1590031825694545E-004
          12          12   3.5025494210211831E-002
          12          13   8.8836151829014599E-005
          12          14  -1.8978465993487768E-005
          12          15   3.5058180923916445E-002
          13           1   1.1108533966713368E-003
          13           2   2.7609496114100172E-003
          13           3   1.6854214906489411E-003
          13           4   6.3655261947855518E-017
          13           5  -3.7498397970373030E-017
          13           6  -5.3864280393304959E-017
          13           7  -4.1675789521706928E-017
          13           8  -4.1087623268433120E-017
          13           9   9.7731863889753745E-017
          13          10  -7.2395261773835912E-005
          13          11   4.2298919029625399E-005
          13          12   8.8836151829014599E-005
          13          13   1.7404671179831336E-005
          13          14  -3.7182593275026569E-006
          13          15   9.5241256698815760E-005
          14           1  -2.3730848755016532E-004
          14           2  -5.8983793419482009E-004
          14           3  -3.6006596936133959E-004
          14           4  -3.3252380729539326E-018
          14           5   5.8153168108062877E-018
          14           6   1.0603816773679151E-017
          14           7   8.5823269350712456E-018
          14           8   8.8464229136554782E-018
          14           9  -2.0850780551167985E-017
          14          10   1.5466322038874816E-005
          14          11  -9.0365597028181870E-006
          14          12  -1.8978465993487768E-005
          14          13  -3.7182593275026569E-006
          14          14   7.9435298060523138E-007
          14          15  -2.0346825140683863E-005
          15           1 -0.12852857446136146     
          15           2 -0.25255435357465539     
          15           3   2.1778852447144163E-002
          15           4  -4.2630288182257745E-016
          15           5   5.2313319933751491E-016
          15           6  -2.6127105817470718E-015
          15           7  -1.2753901077128593E-015
          15           8  -1.2915737504191765E-015
          15           9  -8.1042401001162271E-016
          15          10   3.4176035384235345E-002
          15          11   2.3146677219481658E-004
          15          12   3.5058180923916445E-002
          15          13   9.5241256698815760E-005
          15          14  -2.0346825140683863E-005
          15          15   3.5093224784891019E-002
