           1           1   2.1161159722131737     
           1           2 -0.32058066587261869     
           1           3 -0.21547957144563351     
           1           4  -3.8151243726049193E-009
           1           5  -1.4772666684774170E-009
           1           6  -9.1395528201675294E-009
           1           7  -1.5998072761369081E-009
           1           8   2.8356596692529224E-009
           1           9  -1.1972851447141102E-008
           2           1 -0.32058066587261869     
           2           2  0.97054843553588577     
           2           3  0.52914511776487017     
           2           4   3.0813587769826190E-009
           2           5   1.2447911983800050E-009
           2           6   7.2600129991937249E-009
           2           7   1.0329912206130420E-009
           2           8  -3.3857374108191174E-009
           2           9   1.1393916856592160E-008
           3           1 -0.21547957144563351     
           3           2  0.52914511776487017     
           3           3  0.28931503196297403     
           3           4   1.7363360102857967E-009
           3           5   6.9999005021989996E-010
           3           6   4.0944020759444637E-009
           3           7   5.8882889860769164E-010
           3           8  -1.8805236740019243E-009
           3           9   6.3783488989841623E-009
           4           1  -3.8151243726049193E-009
           4           2   3.0813587769826190E-009
           4           3   1.7363360102857967E-009
           4           4   1.8425545584451992E-015
           4           5   1.8035065995905526E-015
           4           6   1.8458377271330010E-015
           4           7  -1.1061700330357505E-015
           4           8  -1.1056307632798669E-015
           4           9  -1.0541800958190706E-015
           5           1  -1.4772666684774170E-009
           5           2   1.2447911983800050E-009
           5           3   6.9999005021989996E-010
           5           4   1.8035065995905526E-015
           5           5   1.7699438902628388E-015
           5           6   1.7957463732554920E-015
           5           7  -1.0904901573515376E-015
           5           8  -1.0793416067075342E-015
           5           9  -1.0642509585311340E-015
           6           1  -9.1395528201675294E-009
           6           2   7.2600129991937249E-009
           6           3   4.0944020759444637E-009
           6           4   1.8458377271330010E-015
           6           5   1.7957463732554920E-015
           6           6   1.8749815223228519E-015
           6           7  -1.0898525113176798E-015
           6           8  -1.1143351003686461E-015
           6           9  -9.7969600966210765E-016
           7           1  -1.5998072761369081E-009
           7           2   1.0329912206130420E-009
           7           3   5.8882889860769164E-010
           7           4  -1.1061700330357505E-015
           7           5  -1.0904901573515376E-015
           7           6  -1.0898525113176798E-015
           7           7   6.7704421166141274E-016
           7           8   6.5911036976282217E-016
           7           9   6.8669817395455462E-016
           8           1   2.8356596692529224E-009
           8           2  -3.3857374108191174E-009
           8           3  -1.8805236740019243E-009
           8           4  -1.1056307632798669E-015
           8           5  -1.0793416067075342E-015
           8           6  -1.1143351003686461E-015
           8           7   6.5911036976282217E-016
           8           8   6.6589111522128254E-016
           8           9   6.1139951970085066E-016
           9           1  -1.1972851447141102E-008
           9           2   1.1393916856592160E-008
           9           3   6.3783488989841623E-009
           9           4  -1.0541800958190706E-015
           9           5  -1.0642509585311340E-015
           9           6  -9.7969600966210765E-016
           9           7   6.8669817395455462E-016
           9           8   6.1139951970085066E-016
           9           9   8.3104051148412090E-016
