           1           1   2.2162788179847164     
           1           2 -0.75184062871000901     
           1           3  0.34572230474652371     
           1           4  0.11603337325657902     
           1           5  -5.4228627146384713E-003
           1           6   1.6642866358282167E-014
           1           7  -4.2931514040041796E-015
           1           8  -2.9272187634357734E-014
           1           9   3.4282221695032390E-016
           1          10   5.9289261361667756E-016
           1          11  -5.3720889895162226E-015
           1          12   2.3505646065951158E-015
           1          13  -3.6020525223503816E-015
           1          14   9.5124399095792891E-015
           1          15  -8.0961384230852765E-002
           1          16   2.6920793070197771E-004
           1          17  -8.1971741205215373E-002
           1          18   6.8546882601729238E-004
           1          19  -2.1767182031978924E-004
           1          20  -8.1973290768094426E-002
           1          21  -2.7608367821787549E-002
           1          22  -7.3816813859322125E-005
           1          23  -2.7420912465736746E-002
           1          24  -1.1063288087779340E-004
           1          25   3.8514410879557528E-005
           1          26  -2.7415938158844549E-002
           2           1 -0.75184062871000901     
           2           2   2.6360915733221955     
           2           3  -1.4911425897372681     
           2           4 -0.55718188168986371     
           2           5   1.5074884103623794E-002
           2           6  -6.3772895883848220E-014
           2           7   1.6563565993538329E-014
           2           8   9.8430600159024106E-014
           2           9  -1.1546860547411918E-015
           2          10  -3.0857310551720904E-015
           2          11   2.2331988711551697E-014
           2          12  -7.9538434195332019E-015
           2          13   5.8479023701512181E-015
           2          14  -2.6263213133729135E-014
           2          15  0.36083604859571816     
           2          16  -1.1185114812162771E-003
           2          17  0.36517040201827866     
           2          18  -2.9610273973504518E-003
           2          19   9.3635720652032490E-004
           2          20  0.36516990589525206     
           2          21  0.14064268657911833     
           2          22   3.1682925341385069E-004
           2          23  0.13983159783640317     
           2          24   4.8015834809678936E-004
           2          25  -1.6691144649261456E-004
           2          26  0.13981061387320837     
           3           1  0.34572230474652371     
           3           2  -1.4911425897372681     
           3           3   4.6983950940583803     
           3           4   1.6980360088037780     
           3           5  -2.2567426608510854E-002
           3           6   7.3216410798768890E-015
           3           7  -3.7420890715424370E-015
           3           8   9.4732358169410570E-015
           3           9  -2.9838555307816123E-014
           3          10   1.3747328167856698E-014
           3          11  -5.3120696015951083E-014
           3          12   7.3182407572188948E-015
           3          13  -1.5395943360510072E-014
           3          14   1.5837318132797954E-014
           3          15  -1.0503728505349412     
           3          16   2.4512961593049665E-005
           3          17  -1.0653955382413083     
           3          18   1.2524471728362581E-002
           3          19  -3.4932211813054198E-003
           3          20  -1.0646221033438490     
           3          21 -0.44329738332015861     
           3          22  -7.2051159148463911E-004
           3          23 -0.44042362577152849     
           3          24  -1.9371240772476091E-003
           3          25   6.1781051573842874E-004
           3          26 -0.44043503201190493     
           4           1  0.11603337325657902     
           4           2 -0.55718188168986371     
           4           3   1.6980360088037780     
           4           4  0.64473843767468475     
           4           5  -7.3701325796293529E-003
           4           6  -2.7183209559200668E-015
           4           7   8.0413874361489869E-015
           4           8   2.0085814294341246E-015
           4           9   2.0338473797744885E-015
           4          10  -2.7234795346507329E-014
           4          11  -3.2913019057587226E-014
           4          12   5.0990885027327547E-016
           4          13   3.7288684944650857E-016
           4          14   7.3364974129337450E-015
           4          15 -0.39961564153155665     
           4          16   2.3911745151332597E-003
           4          17 -0.40344581020780501     
           4          18   1.7857557615271592E-003
           4          19  -7.3890767825448688E-004
           4          20 -0.40372749572192351     
           4          21 -0.16960437716904847     
           4          22  -4.4644887587012204E-004
           4          23 -0.16886120528622989     
           4          24  -3.4805715515794409E-004
           4          25   1.4342024091984877E-004
           4          26 -0.16880861173601053     
           5           1  -5.4228627146384713E-003
           5           2   1.5074884103623794E-002
           5           3  -2.2567426608510854E-002
           5           4  -7.3701325796293529E-003
           5           5   1.6464108336386050E-004
           5           6   1.4022660068911242E-015
           5           7  -1.3845668658716804E-015
           5           8  -3.3726286831809656E-015
           5           9  -2.0941856916118146E-015
           5          10   4.2091326538156990E-015
           5          11   9.4882997216619146E-015
           5          12   1.7505671649795484E-016
           5          13  -4.3208214305148099E-016
           5          14  -1.3332485656344717E-015
           5          15   4.6155930898979791E-003
           5          16   3.1449448916097314E-004
           5          17   4.7453952802287407E-003
           5          18  -2.9395529206965713E-004
           5          19   5.0200052866943178E-005
           5          20   4.6755190934575121E-003
           5          21   1.8665556793002280E-003
           5          22  -2.8501166917355331E-005
           5          23   1.8432024341397246E-003
           5          24   3.5936534094343889E-005
           5          25  -7.1786375426985576E-006
           5          26   1.8506313183417737E-003
           6           1   1.6642866358282167E-014
           6           2  -6.3772895883848220E-014
           6           3   7.3216410798768890E-015
           6           4  -2.7183209559200668E-015
           6           5   1.4022660068911242E-015
           6           6   2.2480255001062135     
           6           7  -1.7745005953147264E-006
           6           8  -1.4631234890143119E-006
           6           9 -0.77319436590112356     
           6          10   3.1921553062044805E-006
           6          11   2.6310029439050031E-006
           6          12  0.10933884049377371     
           6          13  -1.4893695319084625E-005
           6          14  -1.2280511400866029E-005
           6          15   2.4746636797674328E-016
           6          16   4.5955525743811710E-016
           6          17  -9.5715212365448235E-016
           6          18  -7.1659637711871839E-016
           6          19  -2.4746200175130682E-016
           6          20  -6.9333810677719780E-016
           6          21   5.2236352436583455E-016
           6          22   3.1024595424479072E-016
           6          23   1.2115516569410321E-015
           6          24   1.4058595474272386E-015
           6          25   7.4971530002511826E-016
           6          26   7.4147668609904671E-016
           7           1  -4.2931514040041796E-015
           7           2   1.6563565993538329E-014
           7           3  -3.7420890715424370E-015
           7           4   8.0413874361489869E-015
           7           5  -1.3845668658716804E-015
           7           6  -1.7745005953147264E-006
           7           7   2.2480290339479607     
           7           8   6.0490006244251493E-007
           7           9   3.1921553048722129E-006
           7          10 -0.77320072814553664     
           7          11  -1.0814228414424143E-006
           7          12  -1.4893695318944113E-005
           7          13  0.10936849928304856     
           7          14   5.0787826589328289E-006
           7          15  -1.5493508683099804E-015
           7          16   2.2604845837314848E-015
           7          17  -5.0563322800497332E-015
           7          18   4.5471337987900533E-015
           7          19   1.4888345244507739E-015
           7          20  -1.6415954791831090E-015
           7          21  -3.3174857586115391E-015
           7          22   3.8801465768914036E-016
           7          23  -2.0036406900694519E-015
           7          24  -1.7345952213763940E-015
           7          25  -8.3982807436719692E-016
           7          26  -2.0171567842148503E-015
           8           1  -2.9272187634357734E-014
           8           2   9.8430600159024106E-014
           8           3   9.4732358169410570E-015
           8           4   2.0085814294341246E-015
           8           5  -3.3726286831809656E-015
           8           6  -1.4631234890143119E-006
           8           7   6.0490006244251493E-007
           8           8   2.2480292699288427     
           8           9   2.6310029434262194E-006
           8          10  -1.0814228424138594E-006
           8          11 -0.77320115299995029     
           8          12  -1.2280511402645855E-005
           8          13   5.0787826575138251E-006
           8          14  0.10937047982105987     
           8          15  -1.5161112368934499E-016
           8          16   1.5370556903590971E-017
           8          17  -2.9159904224089317E-015
           8          18  -8.9987129205347015E-017
           8          19   2.5830391805967263E-015
           8          20   9.3191909407604167E-016
           8          21   2.3099086995602711E-015
           8          22  -9.3099266252682214E-016
           8          23   7.0194602297404607E-016
           8          24  -6.7127403534434481E-018
           8          25  -2.5870965506014219E-016
           8          26  -1.3112389828858664E-015
           9           1   3.4282221695032390E-016
           9           2  -1.1546860547411918E-015
           9           3  -2.9838555307816123E-014
           9           4   2.0338473797744885E-015
           9           5  -2.0941856916118146E-015
           9           6 -0.77319436590112356     
           9           7   3.1921553048722129E-006
           9           8   2.6310029434262194E-006
           9           9   2.4031027704940424     
           9          10   6.7040669379792028E-006
           9          11   5.5379249564724287E-006
           9          12 -0.29063125777230236     
           9          13  -1.3003677381894646E-005
           9          14  -1.0741714109696598E-005
           9          15  -8.4233902157180967E-016
           9          16  -2.0379541671723931E-015
           9          17   5.1330325813556078E-015
           9          18  -1.3795755444059012E-015
           9          19   1.2611659501141358E-015
           9          20   4.5564854251352392E-015
           9          21   9.5261106974763365E-016
           9          22   6.4559685460820440E-016
           9          23  -1.8565199803203785E-015
           9          24  -2.0020646923620980E-015
           9          25  -1.1453016628521092E-015
           9          26  -2.4592318888923344E-016
          10           1   5.9289261361667756E-016
          10           2  -3.0857310551720904E-015
          10           3   1.3747328167856698E-014
          10           4  -2.7234795346507329E-014
          10           5   4.2091326538156990E-015
          10           6   3.1921553062044805E-006
          10           7 -0.77320072814553664     
          10           8  -1.0814228424138594E-006
          10           9   6.7040669379792028E-006
          10          10   2.4030894722351639     
          10          11  -2.3533389556518181E-006
          10          12  -1.3003677381086265E-005
          10          13 -0.29060546336967968     
          10          14   4.5644828925439640E-006
          10          15   4.3998739964143995E-015
          10          16  -4.6638681954778779E-015
          10          17   1.7680374618731347E-014
          10          18  -1.3506014316161340E-014
          10          19  -8.1735068004887226E-015
          10          20   4.0965382347525064E-015
          10          21   1.0982647445296621E-014
          10          22   2.7469710055025887E-016
          10          23   7.2252109503799441E-015
          10          24   5.3628411813743471E-015
          10          25   3.1021863810970534E-015
          10          26   5.9890353545265786E-015
          11           1  -5.3720889895162226E-015
          11           2   2.2331988711551697E-014
          11           3  -5.3120696015951083E-014
          11           4  -3.2913019057587226E-014
          11           5   9.4882997216619146E-015
          11           6   2.6310029439050031E-006
          11           7  -1.0814228414424143E-006
          11           8 -0.77320115299995029     
          11           9   5.5379249564724287E-006
          11          10  -2.3533389556518181E-006
          11          11   2.4030885842115799     
          11          12  -1.0741714105044070E-005
          11          13   4.5644828956664663E-006
          11          14 -0.29060374088553709     
          11          15   1.5100678304661774E-014
          11          16  -1.6431824315709508E-015
          11          17   1.7176428823057951E-014
          11          18   5.7507951007315758E-015
          11          19  -8.9948865765232063E-015
          11          20   6.1341956884884953E-015
          11          21   3.6982814349252944E-015
          11          22   4.4937699016367811E-015
          11          23   6.2747002636025076E-015
          11          24   4.1337829058922216E-015
          11          25   1.9401573190053987E-015
          11          26   1.1837138227470656E-014
          12           1   2.3505646065951158E-015
          12           2  -7.9538434195332019E-015
          12           3   7.3182407572188948E-015
          12           4   5.0990885027327547E-016
          12           5   1.7505671649795484E-016
          12           6  0.10933884049377371     
          12           7  -1.4893695318944113E-005
          12           8  -1.2280511402645855E-005
          12           9 -0.29063125777230236     
          12          10  -1.3003677381086265E-005
          12          11  -1.0741714105044070E-005
          12          12   3.6493514635154198E-002
          12          13   2.2374647506350973E-006
          12          14   1.8484543677400878E-006
          12          15  -6.3099206714752970E-016
          12          16  -1.0872740079404059E-015
          12          17  -1.2627992632535632E-015
          12          18   7.4708515934688525E-016
          12          19   1.9143914337197703E-016
          12          20  -9.0816315474692018E-016
          12          21  -2.5474749756328193E-016
          12          22   9.2975042884819454E-017
          12          23   1.2568743207998693E-016
          12          24   2.2673427973398807E-016
          12          25   6.6511445880473387E-017
          12          26  -1.4963165780659772E-016
          13           1  -3.6020525223503816E-015
          13           2   5.8479023701512181E-015
          13           3  -1.5395943360510072E-014
          13           4   3.7288684944650857E-016
          13           5  -4.3208214305148099E-016
          13           6  -1.4893695319084625E-005
          13           7  0.10936849928304856     
          13           8   5.0787826575138251E-006
          13           9  -1.3003677381894646E-005
          13          10 -0.29060546336967968     
          13          11   4.5644828956664663E-006
          13          12   2.2374647506350973E-006
          13          13   3.6489077333237807E-002
          13          14  -7.8665866011344565E-007
          13          15   1.4679021146040136E-015
          13          16   2.2182478669427740E-015
          13          17  -1.1593823538908078E-017
          13          18   1.3656841629758212E-015
          13          19   8.3155952792818456E-017
          13          20   1.3236568788300905E-015
          13          21  -7.3779566180960754E-016
          13          22  -2.1359455815123601E-016
          13          23  -2.1755481700860067E-016
          13          24  -7.8178139307395942E-016
          13          25  -2.2234357297140457E-016
          13          26   3.5253081650425370E-017
          14           1   9.5124399095792891E-015
          14           2  -2.6263213133729135E-014
          14           3   1.5837318132797954E-014
          14           4   7.3364974129337450E-015
          14           5  -1.3332485656344717E-015
          14           6  -1.2280511400866029E-005
          14           7   5.0787826589328289E-006
          14           8  0.10937047982105987     
          14           9  -1.0741714109696598E-005
          14          10   4.5644828925439640E-006
          14          11 -0.29060374088553709     
          14          12   1.8484543677400878E-006
          14          13  -7.8665866011344565E-007
          14          14   3.6488781021580881E-002
          14          15  -3.6225317150973374E-015
          14          16   3.2433692217480300E-015
          14          17  -3.8084452172603325E-015
          14          18  -2.1728506881671835E-015
          14          19   6.1579954023403260E-016
          14          20  -3.0583805847245062E-015
          14          21  -1.2368291509182680E-015
          14          22  -9.9998569052519548E-016
          14          23  -1.6213840416800737E-015
          14          24  -4.6340775767243294E-016
          14          25  -9.8742296492933767E-017
          14          26  -2.2495958934812705E-015
          15           1  -8.0961384230852765E-002
          15           2  0.36083604859571816     
          15           3  -1.0503728505349412     
          15           4 -0.39961564153155665     
          15           5   4.6155930898979791E-003
          15           6   2.4746636797674328E-016
          15           7  -1.5493508683099804E-015
          15           8  -1.5161112368934499E-016
          15           9  -8.4233902157180967E-016
          15          10   4.3998739964143995E-015
          15          11   1.5100678304661774E-014
          15          12  -6.3099206714752970E-016
          15          13   1.4679021146040136E-015
          15          14  -3.6225317150973374E-015
          15          15  0.24865396092616876     
          15          16   2.3014001914304982E-002
          15          17  0.25243141164149024     
          15          18  -1.6735168244779417E-002
          15          19   2.3427169042153843E-003
          15          20  0.24761453770489453     
          15          21  0.10502942573212987     
          15          22  -2.3568618029285089E-003
          15          23  0.10441121133906563     
          15          24   1.8931806517110969E-003
          15          25  -2.9073939813244502E-004
          15          26  0.10495002505282658     
          16           1   2.6920793070197771E-004
          16           2  -1.1185114812162771E-003
          16           3   2.4512961593049665E-005
          16           4   2.3911745151332597E-003
          16           5   3.1449448916097314E-004
          16           6   4.5955525743811710E-016
          16           7   2.2604845837314848E-015
          16           8   1.5370556903590971E-017
          16           9  -2.0379541671723931E-015
          16          10  -4.6638681954778779E-015
          16          11  -1.6431824315709508E-015
          16          12  -1.0872740079404059E-015
          16          13   2.2182478669427740E-015
          16          14   3.2433692217480300E-015
          16          15   2.3014001914304982E-002
          16          16  0.83811928363925781     
          16          17   6.6687357802995131E-002
          16          18 -0.35346525568011228     
          16          19 -0.23018401146208689     
          16          20  -8.4081126646225371E-002
          16          21  -3.1029060536903164E-003
          16          22  -9.6308737809451400E-002
          16          23  -8.1136453959737946E-003
          16          24   3.0373101367896484E-002
          16          25   4.3026734896160330E-002
          16          26   9.1390380913309692E-003
          17           1  -8.1971741205215373E-002
          17           2  0.36517040201827866     
          17           3  -1.0653955382413083     
          17           4 -0.40344581020780501     
          17           5   4.7453952802287407E-003
          17           6  -9.5715212365448235E-016
          17           7  -5.0563322800497332E-015
          17           8  -2.9159904224089317E-015
          17           9   5.1330325813556078E-015
          17          10   1.7680374618731347E-014
          17          11   1.7176428823057951E-014
          17          12  -1.2627992632535632E-015
          17          13  -1.1593823538908078E-017
          17          14  -3.8084452172603325E-015
          17          15  0.25243141164149024     
          17          16   6.6687357802995131E-002
          17          17  0.25890489430777536     
          17          18  -4.4760223886122365E-002
          17          19   5.7480542398466580E-003
          17          20  0.24517884254262373     
          17          21  0.10582146396208383     
          17          22  -7.0427731487461443E-003
          17          23  0.10488495192835423     
          17          24   4.9089954354358352E-003
          17          25  -6.5863216569347753E-004
          17          26  0.10644265570332032     
          18           1   6.8546882601729238E-004
          18           2  -2.9610273973504518E-003
          18           3   1.2524471728362581E-002
          18           4   1.7857557615271592E-003
          18           5  -2.9395529206965713E-004
          18           6  -7.1659637711871839E-016
          18           7   4.5471337987900533E-015
          18           8  -8.9987129205347015E-017
          18           9  -1.3795755444059012E-015
          18          10  -1.3506014316161340E-014
          18          11   5.7507951007315758E-015
          18          12   7.4708515934688525E-016
          18          13   1.3656841629758212E-015
          18          14  -2.1728506881671835E-015
          18          15  -1.6735168244779417E-002
          18          16 -0.35346525568011228     
          18          17  -4.4760223886122365E-002
          18          18  0.44734084521848816     
          18          19 -0.38502859147217877     
          18          20   5.1655232008795078E-002
          18          21   1.1701513481882754E-003
          18          22   3.0357111096961660E-002
          18          23   4.3930188255833329E-003
          18          24  -5.7289968229960811E-002
          18          25   6.3554508101963655E-002
          18          26  -6.6394567987701630E-003
          19           1  -2.1767182031978924E-004
          19           2   9.3635720652032490E-004
          19           3  -3.4932211813054198E-003
          19           4  -7.3890767825448688E-004
          19           5   5.0200052866943178E-005
          19           6  -2.4746200175130682E-016
          19           7   1.4888345244507739E-015
          19           8   2.5830391805967263E-015
          19           9   1.2611659501141358E-015
          19          10  -8.1735068004887226E-015
          19          11  -8.9948865765232063E-015
          19          12   1.9143914337197703E-016
          19          13   8.3155952792818456E-017
          19          14   6.1579954023403260E-016
          19          15   2.3427169042153843E-003
          19          16 -0.23018401146208689     
          19          17   5.7480542398466580E-003
          19          18 -0.38502859147217877     
          19          19  0.84260602878294033     
          19          20  -5.9152036451010515E-003
          19          21  -1.3129167057362063E-005
          19          22   4.3031240841798366E-002
          19          23  -4.0591912412335062E-004
          19          24   6.3552829596874430E-002
          19          25 -0.14389637760149071     
          19          26   9.2858651581109633E-004
          20           1  -8.1973290768094426E-002
          20           2  0.36516990589525206     
          20           3  -1.0646221033438490     
          20           4 -0.40372749572192351     
          20           5   4.6755190934575121E-003
          20           6  -6.9333810677719780E-016
          20           7  -1.6415954791831090E-015
          20           8   9.3191909407604167E-016
          20           9   4.5564854251352392E-015
          20          10   4.0965382347525064E-015
          20          11   6.1341956884884953E-015
          20          12  -9.0816315474692018E-016
          20          13   1.3236568788300905E-015
          20          14  -3.0583805847245062E-015
          20          15  0.24761453770489453     
          20          16  -8.4081126646225371E-002
          20          17  0.24517884254262373     
          20          18   5.1655232008795078E-002
          20          19  -5.9152036451010515E-003
          20          20  0.26218829562535806     
          20          21  0.10640348077544919     
          20          22   9.1529059505091343E-003
          20          23  0.10648960316802672     
          20          24  -5.4507664101036525E-003
          20          25   5.9501835227733469E-004
          20          26  0.10453022418431239     
          21           1  -2.7608367821787549E-002
          21           2  0.14064268657911833     
          21           3 -0.44329738332015861     
          21           4 -0.16960437716904847     
          21           5   1.8665556793002280E-003
          21           6   5.2236352436583455E-016
          21           7  -3.3174857586115391E-015
          21           8   2.3099086995602711E-015
          21           9   9.5261106974763365E-016
          21          10   1.0982647445296621E-014
          21          11   3.6982814349252944E-015
          21          12  -2.5474749756328193E-016
          21          13  -7.3779566180960754E-016
          21          14  -1.2368291509182680E-015
          21          15  0.10502942573212987     
          21          16  -3.1029060536903164E-003
          21          17  0.10582146396208383     
          21          18   1.1701513481882754E-003
          21          19  -1.3129167057362063E-005
          21          20  0.10640348077544919     
          21          21   4.4690435386688022E-002
          21          22   3.7989351410577121E-004
          21          23   4.4524951153578081E-002
          21          24  -8.7362510529577728E-005
          21          25  -1.4311396889790160E-005
          21          26   4.4453348563377980E-002
          22           1  -7.3816813859322125E-005
          22           2   3.1682925341385069E-004
          22           3  -7.2051159148463911E-004
          22           4  -4.4644887587012204E-004
          22           5  -2.8501166917355331E-005
          22           6   3.1024595424479072E-016
          22           7   3.8801465768914036E-016
          22           8  -9.3099266252682214E-016
          22           9   6.4559685460820440E-016
          22          10   2.7469710055025887E-016
          22          11   4.4937699016367811E-015
          22          12   9.2975042884819454E-017
          22          13  -2.1359455815123601E-016
          22          14  -9.9998569052519548E-016
          22          15  -2.3568618029285089E-003
          22          16  -9.6308737809451400E-002
          22          17  -7.0427731487461443E-003
          22          18   3.0357111096961660E-002
          22          19   4.3031240841798366E-002
          22          20   9.1529059505091343E-003
          22          21   3.7989351410577121E-004
          22          22   1.1419841413798454E-002
          22          23   9.1708848127436957E-004
          22          24  -1.9601643886904036E-003
          22          25  -7.7540875372423485E-003
          22          26  -9.3623829768320560E-004
          23           1  -2.7420912465736746E-002
          23           2  0.13983159783640317     
          23           3 -0.44042362577152849     
          23           4 -0.16886120528622989     
          23           5   1.8432024341397246E-003
          23           6   1.2115516569410321E-015
          23           7  -2.0036406900694519E-015
          23           8   7.0194602297404607E-016
          23           9  -1.8565199803203785E-015
          23          10   7.2252109503799441E-015
          23          11   6.2747002636025076E-015
          23          12   1.2568743207998693E-016
          23          13  -2.1755481700860067E-016
          23          14  -1.6213840416800737E-015
          23          15  0.10441121133906563     
          23          16  -8.1136453959737946E-003
          23          17  0.10488495192835423     
          23          18   4.3930188255833329E-003
          23          19  -4.0591912412335062E-004
          23          20  0.10648960316802672     
          23          21   4.4524951153578081E-002
          23          22   9.1708848127436957E-004
          23          23   4.4397704545490628E-002
          23          24  -4.3453261126011859E-004
          23          25   2.8267311245373972E-005
          23          26   4.4209195435065331E-002
          24           1  -1.1063288087779340E-004
          24           2   4.8015834809678936E-004
          24           3  -1.9371240772476091E-003
          24           4  -3.4805715515794409E-004
          24           5   3.5936534094343889E-005
          24           6   1.4058595474272386E-015
          24           7  -1.7345952213763940E-015
          24           8  -6.7127403534434481E-018
          24           9  -2.0020646923620980E-015
          24          10   5.3628411813743471E-015
          24          11   4.1337829058922216E-015
          24          12   2.2673427973398807E-016
          24          13  -7.8178139307395942E-016
          24          14  -4.6340775767243294E-016
          24          15   1.8931806517110969E-003
          24          16   3.0373101367896484E-002
          24          17   4.9089954354358352E-003
          24          18  -5.7289968229960811E-002
          24          19   6.3552829596874430E-002
          24          20  -5.4507664101036525E-003
          24          21  -8.7362510529577728E-005
          24          22  -1.9601643886904036E-003
          24          23  -4.3453261126011859E-004
          24          24   7.7339836329426833E-003
          24          25  -1.0624412548293181E-002
          24          26   7.5087413042693066E-004
          25           1   3.8514410879557528E-005
          25           2  -1.6691144649261456E-004
          25           3   6.1781051573842874E-004
          25           4   1.4342024091984877E-004
          25           5  -7.1786375426985576E-006
          25           6   7.4971530002511826E-016
          25           7  -8.3982807436719692E-016
          25           8  -2.5870965506014219E-016
          25           9  -1.1453016628521092E-015
          25          10   3.1021863810970534E-015
          25          11   1.9401573190053987E-015
          25          12   6.6511445880473387E-017
          25          13  -2.2234357297140457E-016
          25          14  -9.8742296492933767E-017
          25          15  -2.9073939813244502E-004
          25          16   4.3026734896160330E-002
          25          17  -6.5863216569347753E-004
          25          18   6.3554508101963655E-002
          25          19 -0.14389637760149071     
          25          20   5.9501835227733469E-004
          25          21  -1.4311396889790160E-005
          25          22  -7.7540875372423485E-003
          25          23   2.8267311245373972E-005
          25          24  -1.0624412548293181E-002
          25          25   2.4591782591880301E-002
          25          26  -1.1516518844264572E-004
          26           1  -2.7415938158844549E-002
          26           2  0.13981061387320837     
          26           3 -0.44043503201190493     
          26           4 -0.16880861173601053     
          26           5   1.8506313183417737E-003
          26           6   7.4147668609904671E-016
          26           7  -2.0171567842148503E-015
          26           8  -1.3112389828858664E-015
          26           9  -2.4592318888923344E-016
          26          10   5.9890353545265786E-015
          26          11   1.1837138227470656E-014
          26          12  -1.4963165780659772E-016
          26          13   3.5253081650425370E-017
          26          14  -2.2495958934812705E-015
          26          15  0.10495002505282658     
          26          16   9.1390380913309692E-003
          26          17  0.10644265570332032     
          26          18  -6.6394567987701630E-003
          26          19   9.2858651581109633E-004
          26          20  0.10453022418431239     
          26          21   4.4453348563377980E-002
          26          22  -9.3623829768320560E-004
          26          23   4.4209195435065331E-002
          26          24   7.5087413042693066E-004
          26          25  -1.1516518844264572E-004
          26          26   4.4423151366889388E-002
