           1           1   2.2316281274257683     
           1           2 -0.77445206987287052     
           1           3  0.24722762327908740     
           1           4  -1.8686210216288780E-002
           1           5  -6.8033563894914859E-003
           1           6   2.5560909076926177E-013
           1           7   1.2862414418631782E-012
           1           8  -6.6286588265453534E-013
           1           9  -7.5415606263557698E-013
           1          10  -4.2770571850404624E-012
           1          11   2.3166246498221595E-012
           1          12   1.1810158042634207E-012
           1          13  -6.2992591179854033E-012
           1          14  -1.7364070665540643E-012
           1          15   4.2480888901265442E-003
           1          16  -3.3210861875560449E-004
           1          17   4.7437426182020317E-003
           1          18  -2.6595542155890493E-004
           1          19   5.3804451348836565E-004
           1          20   5.9999703320409705E-003
           1          21  -1.6413611748741005E-003
           1          22   8.4553622863269581E-004
           1          23  -5.1221184454022075E-003
           1          24   4.2796225304058972E-004
           1          25  -1.5130476447820535E-003
           1          26  -1.8860766384172052E-003
           1          27   3.5899751512665495E-013
           1          28   6.2722119042851725E-013
           1          29  -5.4051508550235599E-013
           1          30   5.5183924386538956E-012
           1          31  -4.5922533353585908E-013
           1          32  -5.6310577143030471E-014
           1          33   8.3813068098920281E-013
           1          34   2.9951848391014808E-013
           1          35   2.9362446718519357E-013
           1          36  -1.5284829906241183E-012
           2           1 -0.77445206987287052     
           2           2   2.5949325563034082     
           2           3  -1.0066537861431617     
           2           4   6.7032868907081766E-002
           2           5   1.6620768673903621E-002
           2           6  -7.9681261610035906E-013
           2           7  -3.9827373529165166E-012
           2           8   2.0640367069847376E-012
           2           9   2.3654066955279274E-012
           2          10   1.3724728183928662E-011
           2          11  -7.3411971208047300E-012
           2          12  -3.6283725425374121E-012
           2          13   1.9113481166189263E-011
           2          14   5.4218421872316969E-012
           2          15   1.3978187026630364E-002
           2          16   1.2876044365243543E-003
           2          17   1.1086057778858537E-002
           2          18   9.1157175083601979E-004
           2          19  -2.0648847527078534E-003
           2          20   8.0907025983724401E-003
           2          21  -8.9746401707063066E-004
           2          22  -2.4431586697567557E-003
           2          23   9.7850080030364821E-003
           2          24  -1.2785456265981868E-003
           2          25   4.3444041115357343E-003
           2          26  -3.4913030325360627E-005
           2          27  -1.2754281684925621E-012
           2          28  -2.5994127662068541E-012
           2          29   1.7597426461818396E-012
           2          30  -1.9502289272635063E-011
           2          31   1.6781600414593683E-012
           2          32   1.8120216246583072E-013
           2          33  -2.6317513749727688E-012
           2          34  -1.0282987866048673E-012
           2          35  -1.4913356931022737E-012
           2          36   5.4214147352649535E-012
           3           1  0.24722762327908740     
           3           2  -1.0066537861431617     
           3           3   2.6958334569226552     
           3           4 -0.28642954867531206     
           3           5  -7.1979403757110913E-002
           3           6   5.1352957013999883E-012
           3           7   7.2649663898134364E-011
           3           8  -2.1476329414259392E-011
           3           9  -1.4534557537344285E-011
           3          10  -2.0656895718576212E-010
           3          11   6.0698697691100857E-011
           3          12   4.2181582044881164E-012
           3          13  -4.6498891007327606E-011
           3          14  -6.4310485408995448E-013
           3          15  -5.5646656031605478E-002
           3          16  -1.5807230993256371E-002
           3          17  -5.0942187794105226E-002
           3          18  -1.0287158564382577E-002
           3          19   3.0528370368500722E-002
           3          20  -2.5107798862607743E-002
           3          21  -5.5954744230288242E-003
           3          22   7.9460996545574897E-003
           3          23  -4.8723567655421060E-002
           3          24   3.7030944637863631E-003
           3          25  -1.3256875403148351E-002
           3          26  -5.1463517741458034E-003
           3          27   4.2611279894765760E-012
           3          28   4.9471039967695496E-012
           3          29  -7.8689671707165261E-012
           3          30   6.6211698104826771E-011
           3          31  -4.7900506313876241E-012
           3          32  -6.5497986095998430E-013
           3          33   1.2927891884159661E-011
           3          34   3.7712013593192291E-012
           3          35   5.5693043254920608E-013
           3          36  -1.8302053853675754E-011
           4           1  -1.8686210216288780E-002
           4           2   6.7032868907081766E-002
           4           3 -0.28642954867531206     
           4           4  0.55021263572434442     
           4           5  0.15020553291739833     
           4           6   2.6429926139447656E-012
           4           7  -2.3695774781429811E-011
           4           8  -3.8046194674847048E-012
           4           9  -9.4117544325023669E-012
           4          10   7.9068982926021805E-011
           4          11   1.4236882430276023E-011
           4          12   3.4285761600180391E-011
           4          13  -8.3152024903896791E-011
           4          14  -7.7449199430102703E-011
           4          15  -1.5777970150308143E-002
           4          16  -5.3861200634163914E-003
           4          17   1.3896681209959769E-002
           4          18   1.2644004906377758E-004
           4          19   1.0496939623212628E-002
           4          20  -3.1786512098497720E-002
           4          21   2.5629615299819171E-002
           4          22  -2.3843060294545491E-002
           4          23  0.10302770052737893     
           4          24  -1.0978839898831576E-002
           4          25   4.3936811822964938E-002
           4          26   3.0460843622038873E-002
           4          27  -3.5666194920338110E-012
           4          28   7.6756243596865795E-012
           4          29   8.8628537678303952E-012
           4          30  -4.4530432865145900E-011
           4          31   2.7633755884480647E-012
           4          32   8.9782027740842043E-013
           4          33  -1.6345392196669832E-011
           4          34  -3.7693833541816845E-012
           4          35   1.2413996839168156E-011
           4          36   1.3759452504894858E-011
           5           1  -6.8033563894914859E-003
           5           2   1.6620768673903621E-002
           5           3  -7.1979403757110913E-002
           5           4  0.15020553291739833     
           5           5   4.1070725803626917E-002
           5           6  -1.3599451298035272E-011
           5           7   4.5436871506302251E-011
           5           8   2.5968255314885486E-011
           5           9   4.5933006858457591E-011
           5          10  -1.5612057705460368E-010
           5          11  -8.7535818310678471E-011
           5          12  -1.3601707492883621E-010
           5          13   5.2442976651472311E-010
           5          14   2.5477534499025914E-010
           5          15  -1.9656646831334884E-003
           5          16  -4.1970180506844829E-003
           5          17   2.4731857319425492E-003
           5          18  -1.4989473284193358E-003
           5          19   7.4126753510069402E-003
           5          20  -1.0366432622266471E-002
           5          21   7.8260417858054526E-003
           5          22  -7.1993946080834027E-003
           5          23   2.7761863921763136E-002
           5          24  -3.3701846194131059E-003
           5          25   1.3084836817083459E-002
           5          26   7.7230924780536973E-003
           5          27   6.6106120938936217E-013
           5          28  -1.9537578248459698E-012
           5          29   2.9194374354719426E-012
           5          30  -1.9863551028897139E-011
           5          31  -1.5419911221219658E-012
           5          32   2.2063766178122858E-014
           5          33  -5.2635044139070904E-012
           5          34   1.4651335327039599E-013
           5          35  -2.7861315138166851E-013
           5          36   1.1263653256533295E-013
           6           1   2.5560909076926177E-013
           6           2  -7.9681261610035906E-013
           6           3   5.1352957013999883E-012
           6           4   2.6429926139447656E-012
           6           5  -1.3599451298035272E-011
           6           6   2.2716725685203327     
           6           7  -2.7288136674287213E-003
           6           8  -1.4187889707808822E-003
           6           9 -0.79602753586893471     
           6          10   9.0732805767450263E-003
           6          11   4.7133888082513502E-003
           6          12   7.7851204723641144E-003
           6          13  -2.2577003426318992E-002
           6          14  -1.1451835465747007E-002
           6          15  -3.2278907240182360E-011
           6          16   2.0308653359863132E-011
           6          17   8.1194879936447448E-011
           6          18  -3.1672694766516424E-012
           6          19   9.9435951565137187E-012
           6          20  -5.2292795595959390E-011
           6          21  -1.5604355660726605E-011
           6          22  -1.1379270036916525E-011
           6          23   4.7504139262345872E-011
           6          24  -3.5087885129810645E-013
           6          25   5.9745048921834098E-012
           6          26  -3.1176505239610391E-011
           6          27   2.8793285348794502E-003
           6          28   1.5572601493746025E-005
           6          29  -3.0576481284242140E-003
           6          30  -7.4013154490705827E-004
           6          31  -7.4740399670292527E-005
           6          32   4.7599727066736372E-004
           6          33  -5.0306435973751799E-006
           6          34   4.7975046746871926E-004
           6          35   1.8446491030588532E-004
           6          36  -2.8968260625243235E-004
           7           1   1.2862414418631782E-012
           7           2  -3.9827373529165166E-012
           7           3   7.2649663898134364E-011
           7           4  -2.3695774781429811E-011
           7           5   4.5436871506302251E-011
           7           6  -2.7288136674287213E-003
           7           7   2.2818903227519360     
           7           8   5.0946431441283467E-003
           7           9   9.0505023729777669E-003
           7          10 -0.83007115689723221     
           7          11  -1.6907046427581774E-002
           7          12  -2.2116023886188937E-002
           7          13   8.6953050301082344E-002
           7          14   4.1889401238891961E-002
           7          15   7.8598560997872745E-011
           7          16   2.9890310710294613E-011
           7          17  -3.3375240781957620E-010
           7          18  -1.0327794239384460E-011
           7          19  -5.1649213445641663E-011
           7          20   1.6758548984150827E-010
           7          21   6.1152404499200561E-011
           7          22   1.0845272596494672E-011
           7          23  -1.7048699118740880E-010
           7          24  -7.4117315066484331E-012
           7          25  -1.4908321312964389E-011
           7          26   1.1626923027623446E-010
           7          27   9.6892161917480895E-005
           7          28   4.0455017321479889E-004
           7          29  -1.2582923460474421E-003
           7          30   4.9764723872472213E-003
           7          31  -2.5919126703346325E-004
           7          32   5.7815170554088750E-005
           7          33   2.2045908727393285E-003
           7          34   2.1502911200546875E-004
           7          35  -1.8218095529527146E-003
           7          36  -2.8043719998549873E-004
           8           1  -6.6286588265453534E-013
           8           2   2.0640367069847376E-012
           8           3  -2.1476329414259392E-011
           8           4  -3.8046194674847048E-012
           8           5   2.5968255314885486E-011
           8           6  -1.4187889707808822E-003
           8           7   5.0946431441283467E-003
           8           8   2.2739709565162314     
           8           9   4.7086488507529917E-003
           8          10  -1.6932577912752877E-002
           8          11 -0.80367331905376727     
           8          12  -1.1341105315738636E-002
           8          13   4.2349876492235775E-002
           8          14   2.4117713513761442E-002
           8          15   5.3799731044962188E-011
           8          16   1.2594800226217173E-011
           8          17  -1.4707486271446029E-010
           8          18  -4.7404476421780665E-012
           8          19   1.0549428321217323E-011
           8          20   1.1285172520502545E-010
           8          21   3.1112959801910877E-011
           8          22   7.5413569177383086E-012
           8          23  -8.8757562831729034E-011
           8          24  -7.2790555759093625E-013
           8          25  -2.2135303181629430E-011
           8          26   5.4961327140776809E-011
           8          27  -2.0473020580339161E-004
           8          28  -2.2428940840516919E-004
           8          29   2.4202890969435352E-006
           8          30   8.6433374262940654E-004
           8          31   1.9919591759701115E-003
           8          32  -2.7842141880891457E-005
           8          33  -3.7479021097760676E-003
           8          34  -2.2449414850080578E-004
           8          35   5.1420436566672464E-004
           8          36   3.1273888234380496E-003
           9           1  -7.5415606263557698E-013
           9           2   2.3654066955279274E-012
           9           3  -1.4534557537344285E-011
           9           4  -9.4117544325023669E-012
           9           5   4.5933006858457591E-011
           9           6 -0.79602753586893471     
           9           7   9.0505023729777669E-003
           9           8   4.7086488507529917E-003
           9           9   2.3412075544876738     
           9          10  -3.0064951203642620E-002
           9          11  -1.5628548681705927E-002
           9          12  -3.5441947617893182E-002
           9          13   7.6352496378887524E-002
           9          14   3.8674033041255315E-002
           9          15   1.0467678473993405E-010
           9          16  -7.2469702836945575E-011
           9          17  -2.6849663835505315E-010
           9          18   1.2954013862491474E-011
           9          19  -3.2882020902203565E-011
           9          20   1.7174592683181723E-010
           9          21   5.3732537747243341E-011
           9          22   3.3213216854477272E-011
           9          23  -1.6246723714015925E-010
           9          24   1.3097814702828860E-012
           9          25  -2.0416370896688241E-011
           9          26   1.0597178555008492E-010
           9          27  -2.7205895866495997E-002
           9          28  -3.9486719964738426E-004
           9          29   1.1079962914215639E-003
           9          30   2.0501164188631493E-003
           9          31   1.4603631712798099E-004
           9          32  -1.2518996929711556E-003
           9          33  -7.0535818338960982E-005
           9          34  -9.8968915979012629E-003
           9          35  -7.6771724028461903E-004
           9          36   7.3768798518128670E-004
          10           1  -4.2770571850404624E-012
          10           2   1.3724728183928662E-011
          10           3  -2.0656895718576212E-010
          10           4   7.9068982926021805E-011
          10           5  -1.5612057705460368E-010
          10           6   9.0732805767450263E-003
          10           7 -0.83007115689723221     
          10           8  -1.6932577912752877E-002
          10           9  -3.0064951203642620E-002
          10          10   2.4545552073122110     
          10          11   5.6139342118506685E-002
          10          12   7.5002730954938632E-002
          10          13 -0.30295006090205284     
          10          14 -0.14212990539300119     
          10          15  -2.7037702266340102E-010
          10          16  -9.7895982531948129E-011
          10          17   1.0760111466433592E-009
          10          18   3.4463820430460097E-011
          10          19   1.7016024306161353E-010
          10          20  -5.6337484012289313E-010
          10          21  -2.0987177384986439E-010
          10          22  -3.9165027958623532E-011
          10          23   5.8626473101671331E-010
          10          24   2.4987392963391196E-011
          10          25   5.5590658535093966E-011
          10          26  -3.9681830218259536E-010
          10          27  -6.8533328771427872E-004
          10          28  -8.2735858175112201E-003
          10          29   3.7899242542435438E-003
          10          30  -3.4282633915521839E-002
          10          31   1.1432781195173972E-003
          10          32  -1.8784818399088682E-004
          10          33  -6.4566303901948553E-003
          10          34  -8.6859356849063908E-004
          10          35  -1.4622151528481675E-003
          10          36   1.5780642972998986E-003
          11           1   2.3166246498221595E-012
          11           2  -7.3411971208047300E-012
          11           3   6.0698697691100857E-011
          11           4   1.4236882430276023E-011
          11           5  -8.7535818310678471E-011
          11           6   4.7133888082513502E-003
          11           7  -1.6907046427581774E-002
          11           8 -0.80367331905376727     
          11           9  -1.5628548681705927E-002
          11          10   5.6139342118506685E-002
          11          11   2.3666263046163882     
          11          12   3.8344624725520728E-002
          11          13 -0.14345863711282694     
          11          14  -9.0209228158360064E-002
          11          15  -1.7374823668254401E-010
          11          16  -4.1800945914296654E-011
          11          17   4.8813004730684661E-010
          11          18   1.4519236509652888E-011
          11          19  -3.9190565002980098E-011
          11          20  -3.6516111272584176E-010
          11          21  -1.0512901029734341E-010
          11          22  -2.5755074292071406E-011
          11          23   3.0394687705272449E-010
          11          24   3.2978555733678738E-012
          11          25   6.8407593649567499E-011
          11          26  -1.8941103166556046E-010
          11          27   4.6401917193878648E-004
          11          28   1.0288042322045964E-003
          11          29  -9.5185445515331133E-005
          11          30  -2.1762036882228162E-003
          11          31  -1.4133908892279608E-002
          11          32  -1.9619219026963033E-005
          11          33   3.6038987130500143E-003
          11          34   6.3415661958293235E-004
          11          35  -8.8875181513778986E-004
          11          36  -2.8457652665744477E-002
          12           1   1.1810158042634207E-012
          12           2  -3.6283725425374121E-012
          12           3   4.2181582044881164E-012
          12           4   3.4285761600180391E-011
          12           5  -1.3601707492883621E-010
          12           6   7.7851204723641144E-003
          12           7  -2.2116023886188937E-002
          12           8  -1.1341105315738636E-002
          12           9  -3.5441947617893182E-002
          12          10   7.5002730954938632E-002
          12          11   3.8344624725520728E-002
          12          12   6.0131759684748348E-002
          12          13 -0.22656681858783798     
          12          14 -0.11394230374480156     
          12          15  -2.5133491929706563E-010
          12          16   8.4216903548559490E-011
          12          17   7.1169045992420092E-010
          12          18  -3.0505050976199389E-011
          12          19   8.7016176405862659E-011
          12          20  -4.4314520141042591E-010
          12          21  -1.7566272388340368E-010
          12          22  -4.7538912026230999E-012
          12          23   5.0342291019803804E-010
          12          24   2.2453826725651872E-012
          12          25   6.2347676702620266E-011
          12          26  -3.1839532718547199E-010
          12          27  -3.0348197739417810E-004
          12          28   1.6708157303927113E-003
          12          29  -3.5959248196526039E-004
          12          30   3.1431859712809725E-003
          12          31   9.4789530994434529E-004
          12          32   8.7445359326553362E-005
          12          33   4.0548948329686252E-004
          12          34  -5.6007325647584828E-004
          12          35   1.5089200719511698E-003
          12          36   1.5165279552891548E-003
          13           1  -6.2992591179854033E-012
          13           2   1.9113481166189263E-011
          13           3  -4.6498891007327606E-011
          13           4  -8.3152024903896791E-011
          13           5   5.2442976651472311E-010
          13           6  -2.2577003426318992E-002
          13           7   8.6953050301082344E-002
          13           8   4.2349876492235775E-002
          13           9   7.6352496378887524E-002
          13          10 -0.30295006090205284     
          13          11 -0.14345863711282694     
          13          12 -0.22656681858783798     
          13          13  0.85585314258144252     
          13          14  0.43029981776375320     
          13          15   8.9231037312618177E-010
          13          16   2.2468570101162509E-010
          13          17  -2.6152878339995978E-009
          13          18  -9.5660152038543999E-011
          13          19  -3.7769351247851486E-010
          13          20   1.6643712811428530E-009
          13          21   6.4944257096851916E-010
          13          22   1.5402786569758407E-010
          13          23  -1.8704333340635110E-009
          13          24  -7.0744887467741339E-011
          13          25  -2.4324301911905781E-010
          13          26   1.2072734998708430E-009
          13          27   2.5794430958923451E-003
          13          28  -6.3341320465579772E-003
          13          29   8.9546594772419797E-004
          13          30  -1.1547102900681125E-002
          13          31  -3.6436502170661073E-003
          13          32  -3.3676816027257325E-004
          13          33  -1.4373073573973802E-003
          13          34   1.8765551598994388E-003
          13          35  -5.6426868345756005E-003
          13          36  -5.7655782170518413E-003
          14           1  -1.7364070665540643E-012
          14           2   5.4218421872316969E-012
          14           3  -6.4310485408995448E-013
          14           4  -7.7449199430102703E-011
          14           5   2.5477534499025914E-010
          14           6  -1.1451835465747007E-002
          14           7   4.1889401238891961E-002
          14           8   2.4117713513761442E-002
          14           9   3.8674033041255315E-002
          14          10 -0.14212990539300119     
          14          11  -9.0209228158360064E-002
          14          12 -0.11394230374480156     
          14          13  0.43029981776375320     
          14          14  0.21656307900593647     
          14          15   4.1102698640961873E-010
          14          16   1.1103143155312445E-010
          14          17  -1.3292130120727545E-009
          14          18  -2.7246553393764393E-011
          14          19  -2.5648340196484691E-011
          14          20   8.8448983652652264E-010
          14          21   3.0975993701675515E-010
          14          22   7.9077217480354822E-011
          14          23  -9.5098553963439385E-010
          14          24  -2.8346812520890462E-011
          14          25  -8.3452289365044423E-011
          14          26   6.1890458199979861E-010
          14          27   1.2876315389691501E-003
          14          28  -3.2251254096369230E-003
          14          29   4.7618128751702240E-004
          14          30  -5.9762622892293111E-003
          14          31  -1.8072145060040350E-003
          14          32  -1.6446366528345794E-004
          14          33  -8.5061699068233261E-004
          14          34   9.2585719821845422E-004
          14          35  -2.8078183934256832E-003
          14          36  -2.5344709753812424E-003
          15           1   4.2480888901265442E-003
          15           2   1.3978187026630364E-002
          15           3  -5.5646656031605478E-002
          15           4  -1.5777970150308143E-002
          15           5  -1.9656646831334884E-003
          15           6  -3.2278907240182360E-011
          15           7   7.8598560997872745E-011
          15           8   5.3799731044962188E-011
          15           9   1.0467678473993405E-010
          15          10  -2.7037702266340102E-010
          15          11  -1.7374823668254401E-010
          15          12  -2.5133491929706563E-010
          15          13   8.9231037312618177E-010
          15          14   4.1102698640961873E-010
          15          15  0.65393150562616431     
          15          16  -2.2633577708124835E-002
          15          17 -0.12062447236236051     
          15          18   1.2018580089306629E-002
          15          19   2.5579440436279521E-002
          15          20 -0.52214693171430837     
          15          21  0.22485845407650426     
          15          22  -1.1658550341035951E-002
          15          23  -4.5651734474636094E-002
          15          24   2.8485033481622426E-003
          15          25  -5.6674043417081592E-003
          15          26 -0.18385561749648932     
          15          27   3.2644175715586485E-012
          15          28   3.0726340934727929E-012
          15          29   4.1259310679828699E-013
          15          30  -1.6581535251511623E-011
          15          31  -7.0434809792453958E-012
          15          32  -7.7458942506468549E-014
          15          33  -6.0927717369180214E-014
          15          34  -3.2746027863886340E-013
          15          35  -1.2212989419404981E-011
          15          36  -1.7217226354093050E-012
          16           1  -3.3210861875560449E-004
          16           2   1.2876044365243543E-003
          16           3  -1.5807230993256371E-002
          16           4  -5.3861200634163914E-003
          16           5  -4.1970180506844829E-003
          16           6   2.0308653359863132E-011
          16           7   2.9890310710294613E-011
          16           8   1.2594800226217173E-011
          16           9  -7.2469702836945575E-011
          16          10  -9.7895982531948129E-011
          16          11  -4.1800945914296654E-011
          16          12   8.4216903548559490E-011
          16          13   2.2468570101162509E-010
          16          14   1.1103143155312445E-010
          16          15  -2.2633577708124835E-002
          16          16  0.79956409301175690     
          16          17   7.7567809768296109E-002
          16          18   9.3048610754104828E-003
          16          19   6.7428545407902793E-003
          16          20  -3.5159285680537777E-002
          16          21  -4.2943199246285382E-003
          16          22  0.20226909097853277     
          16          23   2.2719238500705268E-002
          16          24  -3.8870493709608107E-003
          16          25   3.0743273960565352E-003
          16          26  -6.8480832025812777E-003
          16          27   1.7853868858698881E-011
          16          28   6.0323414960152393E-013
          16          29   3.0061022572456165E-011
          16          30   1.8026084686734659E-012
          16          31  -1.5828786945214427E-013
          16          32  -3.9606366523686891E-012
          16          33   2.8144818173459060E-013
          16          34   8.2565793177521768E-012
          16          35  -1.6389085017822857E-012
          16          36   9.0144348096742577E-014
          17           1   4.7437426182020317E-003
          17           2   1.1086057778858537E-002
          17           3  -5.0942187794105226E-002
          17           4   1.3896681209959769E-002
          17           5   2.4731857319425492E-003
          17           6   8.1194879936447448E-011
          17           7  -3.3375240781957620E-010
          17           8  -1.4707486271446029E-010
          17           9  -2.6849663835505315E-010
          17          10   1.0760111466433592E-009
          17          11   4.8813004730684661E-010
          17          12   7.1169045992420092E-010
          17          13  -2.6152878339995978E-009
          17          14  -1.3292130120727545E-009
          17          15 -0.12062447236236051     
          17          16   7.7567809768296109E-002
          17          17   4.2639261600374366E-002
          17          18  -2.3515889560665207E-002
          17          19  -9.9739706102357190E-002
          17          20   8.4634723727984362E-002
          17          21  -4.0255772124925475E-002
          17          22   2.0192357524538955E-002
          17          23   1.6082692482628724E-002
          17          24  -7.5590183328767815E-003
          17          25  -2.1979899557938703E-002
          17          26   3.1691589154883897E-002
          17          27  -7.0948157146300836E-012
          17          28   1.6368459756258286E-011
          17          29   1.0383784429909535E-012
          17          30   3.4614699666847970E-011
          17          31   9.0346403943557769E-012
          17          32   3.4847739241644233E-013
          17          33  -7.1111441406304007E-013
          17          34  -3.5118185127267067E-012
          17          35   1.8848225250449873E-011
          17          36   1.6806222863715230E-011
          18           1  -2.6595542155890493E-004
          18           2   9.1157175083601979E-004
          18           3  -1.0287158564382577E-002
          18           4   1.2644004906377758E-004
          18           5  -1.4989473284193358E-003
          18           6  -3.1672694766516424E-012
          18           7  -1.0327794239384460E-011
          18           8  -4.7404476421780665E-012
          18           9   1.2954013862491474E-011
          18          10   3.4463820430460097E-011
          18          11   1.4519236509652888E-011
          18          12  -3.0505050976199389E-011
          18          13  -9.5660152038543999E-011
          18          14  -2.7246553393764393E-011
          18          15   1.2018580089306629E-002
          18          16   9.3048610754104828E-003
          18          17  -2.3515889560665207E-002
          18          18  0.79052046843873047     
          18          19  -6.7077143727957960E-003
          18          20   2.2831314363269475E-002
          18          21   5.5331871840309330E-003
          18          22  -4.1325273607635670E-003
          18          23  -6.5208848414309295E-003
          18          24  0.21329537225952822     
          18          25   1.9237367968684821E-003
          18          26   9.3598896520069013E-003
          18          27  -5.4512808526889742E-012
          18          28  -5.0803697842573680E-014
          18          29  -1.8039164170124039E-012
          18          30  -9.3018851204767745E-013
          18          31   3.3034767825855057E-012
          18          32   1.1493118902949210E-011
          18          33   7.6566301848131687E-013
          18          34  -1.0493446510427120E-011
          18          35  -1.5117067223210952E-014
          18          36   2.0539866804476818E-012
          19           1   5.3804451348836565E-004
          19           2  -2.0648847527078534E-003
          19           3   3.0528370368500722E-002
          19           4   1.0496939623212628E-002
          19           5   7.4126753510069402E-003
          19           6   9.9435951565137187E-012
          19           7  -5.1649213445641663E-011
          19           8   1.0549428321217323E-011
          19           9  -3.2882020902203565E-011
          19          10   1.7016024306161353E-010
          19          11  -3.9190565002980098E-011
          19          12   8.7016176405862659E-011
          19          13  -3.7769351247851486E-010
          19          14  -2.5648340196484691E-011
          19          15   2.5579440436279521E-002
          19          16   6.7428545407902793E-003
          19          17  -9.9739706102357190E-002
          19          18  -6.7077143727957960E-003
          19          19  0.79663391329033839     
          19          20   3.4417419454502239E-002
          19          21   2.0844546723362244E-003
          19          22   2.8685100853726841E-003
          19          23  -2.8418886300250846E-002
          19          24   1.6718522407827047E-003
          19          25  0.20051966212654898     
          19          26   4.0250751130598596E-003
          19          27  -4.7307690637588339E-013
          19          28   8.3367033916238546E-013
          19          29   2.6491191970503507E-013
          19          30  -5.1538031896734622E-012
          19          31   8.4560120436781744E-012
          19          32   1.1135886610003187E-012
          19          33   2.9160435943626012E-011
          19          34  -4.2786370870148513E-013
          19          35  -6.4142134740545515E-012
          19          36   1.7991863219140249E-011
          20           1   5.9999703320409705E-003
          20           2   8.0907025983724401E-003
          20           3  -2.5107798862607743E-002
          20           4  -3.1786512098497720E-002
          20           5  -1.0366432622266471E-002
          20           6  -5.2292795595959390E-011
          20           7   1.6758548984150827E-010
          20           8   1.1285172520502545E-010
          20           9   1.7174592683181723E-010
          20          10  -5.6337484012289313E-010
          20          11  -3.6516111272584176E-010
          20          12  -4.4314520141042591E-010
          20          13   1.6643712811428530E-009
          20          14   8.8448983652652264E-010
          20          15 -0.52214693171430837     
          20          16  -3.5159285680537777E-002
          20          17   8.4634723727984362E-002
          20          18   2.2831314363269475E-002
          20          19   3.4417419454502239E-002
          20          20  0.43336686385728668     
          20          21 -0.18396910232768654     
          20          22  -2.4138413640881866E-003
          20          23   2.4317884679721943E-002
          20          24   8.0653903413213258E-003
          20          25   1.5074345898787214E-002
          20          26  0.14721293737894744     
          20          27   3.5911211684418375E-012
          20          28  -1.9047642171342955E-011
          20          29  -3.3062165791197469E-013
          20          30  -2.1659621012433388E-011
          20          31  -1.7665302959948170E-012
          20          32  -2.8814734962093936E-013
          20          33  -1.5927460823093015E-012
          20          34   3.4878394547407554E-012
          20          35  -5.9023839749361948E-012
          20          36  -1.3635184600570680E-011
          21           1  -1.6413611748741005E-003
          21           2  -8.9746401707063066E-004
          21           3  -5.5954744230288242E-003
          21           4   2.5629615299819171E-002
          21           5   7.8260417858054526E-003
          21           6  -1.5604355660726605E-011
          21           7   6.1152404499200561E-011
          21           8   3.1112959801910877E-011
          21           9   5.3732537747243341E-011
          21          10  -2.0987177384986439E-010
          21          11  -1.0512901029734341E-010
          21          12  -1.7566272388340368E-010
          21          13   6.4944257096851916E-010
          21          14   3.0975993701675515E-010
          21          15  0.22485845407650426     
          21          16  -4.2943199246285382E-003
          21          17  -4.0255772124925475E-002
          21          18   5.5331871840309330E-003
          21          19   2.0844546723362244E-003
          21          20 -0.18396910232768654     
          21          21   7.9534287450884977E-002
          21          22  -4.4413548750850832E-003
          21          23  -9.5430821835808775E-003
          21          24   6.7231984549507499E-004
          21          25  -1.3104680981819768E-003
          21          26  -6.1989619463493732E-002
          21          27   1.8904401352041597E-012
          21          28  -1.2831940281623610E-012
          21          29   1.2280769198062581E-012
          21          30  -1.1949469354556817E-011
          21          31  -4.0336319384705999E-012
          21          32  -9.0856868339467635E-014
          21          33  -1.5948419800745968E-012
          21          34   8.5727995945469735E-013
          21          35  -5.9618675836825426E-012
          21          36  -2.6143637741397063E-012
          22           1   8.4553622863269581E-004
          22           2  -2.4431586697567557E-003
          22           3   7.9460996545574897E-003
          22           4  -2.3843060294545491E-002
          22           5  -7.1993946080834027E-003
          22           6  -1.1379270036916525E-011
          22           7   1.0845272596494672E-011
          22           8   7.5413569177383086E-012
          22           9   3.3213216854477272E-011
          22          10  -3.9165027958623532E-011
          22          11  -2.5755074292071406E-011
          22          12  -4.7538912026230999E-012
          22          13   1.5402786569758407E-010
          22          14   7.9077217480354822E-011
          22          15  -1.1658550341035951E-002
          22          16  0.20226909097853277     
          22          17   2.0192357524538955E-002
          22          18  -4.1325273607635670E-003
          22          19   2.8685100853726841E-003
          22          20  -2.4138413640881866E-003
          22          21  -4.4413548750850832E-003
          22          22   5.2209322463086294E-002
          22          23   1.9385797052672953E-003
          22          24  -2.2649632369570816E-003
          22          25  -5.3890415911942379E-004
          22          26  -1.2038728687661935E-003
          22          27   4.4337457479382468E-012
          22          28  -1.1925486340933631E-012
