           1           1   2.2461082553167198     
           1           2 -0.80466374809612851     
           1           3  0.24319770746536823     
           1           4  -1.4172210458088098E-002
           1           5  -1.1833443851433556E-002
           1           6   9.5280049021658274E-010
           1           7  -2.3763031104817518E-009
           1           8  -1.1136188221454104E-009
           1           9   2.4296168394108759E-009
           1          10  -2.7510759371552456E-010
           1          11   1.6588016036123616E-009
           1          12  -2.1152588591699949E-009
           1          13   6.4966390750102779E-012
           1          14  -1.5742247632959806E-009
           1          15   1.2851513797122318E-002
           1          16   7.7998577620410047E-008
           1          17   1.2851528141182312E-002
           1          18  -1.1009672007792578E-008
           1          19  -1.0825901777603013E-008
           1          20   1.2851582815947541E-002
           1          21   1.7753278821758289E-005
           1          22   2.2804426665694347E-008
           1          23   1.7758464191376189E-005
           1          24  -2.8010991938989680E-009
           1          25  -3.4791042556527606E-009
           1          26   1.7773773491891205E-005
           1          27  -1.3738544673618504E-009
           1          28   1.3483115516379834E-011
           1          29  -6.0408669790835017E-010
           1          30  -2.2234776314595167E-011
           1          31  -4.6846442793218603E-010
           1          32  -3.1837787625674826E-011
           1          33  -4.9927523886320015E-010
           1          34  -6.1577252337068251E-010
           1          35   2.2901946038510665E-011
           1          36  -1.1449009186361161E-009
           2           1 -0.80466374809612851     
           2           2   2.6340711648694164     
           2           3 -0.99759359670616665     
           2           4   4.6031426665020157E-002
           2           5   3.3199437951546243E-002
           2           6  -3.2346152940516833E-009
           2           7   7.3204827830372657E-009
           2           8   3.1593547700862892E-009
           2           9  -6.6972223054714193E-009
           2          10   9.6414256819762867E-010
           2          11  -4.2485508739869056E-009
           2          12   6.5522557027269508E-009
           2          13  -1.8293987974039296E-011
           2          14   4.9359468865121261E-009
           2          15  -5.9559570485997818E-003
           2          16  -2.3056163990804191E-007
           2          17  -5.9560010272170904E-003
           2          18   3.2330252117762124E-008
           2          19   3.2231000450722827E-008
           2          20  -5.9561622243077062E-003
           2          21  -2.5897837278835104E-003
           2          22  -6.4770101653650653E-008
           2          23  -2.5897995874502675E-003
           2          24   7.6363451863485194E-009
           2          25   1.0152410797584463E-008
           2          26  -2.5898425518614794E-003
           2          27   4.6830492795212477E-009
           2          28  -5.2127296014379412E-011
           2          29   2.0628309340137771E-009
           2          30   5.9344648517654506E-011
           2          31   1.5959045660640202E-009
           2          32   1.1894239671512064E-010
           2          33   1.6906370165448310E-009
           2          34   2.0978457589052731E-009
           2          35  -8.0478335883830301E-011
           2          36   3.8997592404854207E-009
           3           1  0.24319770746536823     
           3           2 -0.99759359670616665     
           3           3   2.4588293671603223     
           3           4 -0.14856966138883920     
           3           5 -0.11228667733521955     
           3           6  -2.9677440739231706E-008
           3           7   4.6890475758116111E-009
           3           8  -2.1206606485877566E-008
           3           9   6.4550513896799455E-008
           3          10  -4.0518327415733201E-009
           3          11   5.3794846922671616E-008
           3          12  -1.9934639701541860E-008
           3          13   3.0513070694199601E-011
           3          14  -1.4747544296861132E-008
           3          15   9.0828157782999863E-004
           3          16   1.1924863580219880E-006
           3          17   9.0846166988616190E-004
           3          18  -1.8860488511784872E-007
           3          19  -1.4049202235515140E-007
           3          20   9.0926733770732831E-004
           3          21   1.4214221329788431E-003
           3          22   3.8937215046991431E-007
           3          23   1.4214868170742572E-003
           3          24  -5.9553470494514664E-008
           3          25  -4.6945538406430721E-008
           3          26   1.4217427411234180E-003
           3          27  -7.3724133452302318E-009
           3          28   1.1257412248583808E-010
           3          29  -3.1434570813062663E-009
           3          30  -2.7232967695356944E-010
           3          31  -2.4477385206900098E-009
           3          32  -3.6660766120355044E-010
           3          33  -2.6341452410613785E-009
           3          34  -3.4316876982004209E-009
           3          35   1.8585377380364635E-010
           3          36  -6.2161097590741964E-009
           4           1  -1.4172210458088098E-002
           4           2   4.6031426665020157E-002
           4           3 -0.14856966138883920     
           4           4  0.36479352610668447     
           4           5  0.27081856908500068     
           4           6  -6.1815289701875843E-009
           4           7   5.8019762631109958E-009
           4           8  -1.1838539996420308E-009
           4           9  -7.3250074431460023E-009
           4          10  -1.1357080468767516E-008
           4          11  -1.1436676607312205E-008
           4          12   3.9522522312147459E-008
           4          13  -2.3400513580672360E-010
           4          14   2.7489743535361305E-008
           4          15  -2.0674186275870567E-002
           4          16  -1.8708039218134194E-006
           4          17  -2.0674529061937789E-002
           4          18   2.6675384680993429E-007
           4          19   2.4142814289603120E-007
           4          20  -2.0675689710395007E-002
           4          21   1.2448395779647525E-002
           4          22  -6.4823750003973439E-007
           4          23   1.2448269236053060E-002
           4          24   8.9749357408135867E-008
           4          25   8.5247312480090349E-008
           4          26   1.2447876889880305E-002
           4          27  -1.8973044465459686E-009
           4          28  -8.1205530599957421E-011
           4          29  -1.1880562799201428E-009
           4          30   5.1881696914706896E-010
           4          31  -1.0317132079174766E-009
           4          32   1.2195827633435046E-010
           4          33  -5.8675173480586603E-010
           4          34  -5.6356419438677579E-010
           4          35  -2.5782124723749880E-010
           4          36  -1.6171738058995877E-009
           5           1  -1.1833443851433556E-002
           5           2   3.3199437951546243E-002
           5           3 -0.11228667733521955     
           5           4  0.27081856908500068     
           5           5  0.20105713938143838     
           5           6   5.2960038368222612E-009
           5           7  -3.0889812607513447E-009
           5           8   6.0991645675927702E-010
           5           9  -4.2899663816167123E-009
           5          10   6.2857331290615012E-009
           5          11   4.2360284799990199E-009
           5          12   2.9330296249406138E-008
           5          13  -8.3074090812633116E-011
           5          14   2.0473464444563412E-008
           5          15  -1.5346342448445531E-002
           5          16  -2.5085191978978726E-007
           5          17  -1.5346426111556163E-002
           5          18  -1.4559119927903497E-008
           5          19   1.1891686262604976E-007
           5          20  -1.5346924179545897E-002
           5          21   9.2378104278050526E-003
           5          22  -5.9803788854003283E-008
           5          23   9.2377750767464826E-003
           5          24  -1.4688271185803625E-008
           5          25   4.3640122449475285E-008
           5          26   9.2376171465845484E-003
           5          27  -1.4226416077138040E-009
           5          28  -6.1008275045674093E-011
           5          29  -8.8829704763629419E-010
           5          30   3.8372814148735466E-010
           5          31  -7.7117716769594230E-010
           5          32   9.0799615101828702E-011
           5          33  -4.4085769983308540E-010
           5          34  -4.2464575559100952E-010
           5          35  -1.9215481670715913E-010
           5          36  -1.2119746320126808E-009
           6           1   9.5280049021658274E-010
           6           2  -3.2346152940516833E-009
           6           3  -2.9677440739231706E-008
           6           4  -6.1815289701875843E-009
           6           5   5.2960038368222612E-009
           6           6   2.2973223503027889     
           6           7   1.3936283231435571E-009
           6           8  -1.7106853730362070E-009
           6           9 -0.82534400312780887     
           6          10  -4.7550701460577766E-009
           6          11   4.2660552234939520E-009
           6          12  -7.7214130195826739E-003
           6          13   1.4335676278672631E-008
           6          14  -3.2162564827928482E-009
           6          15  -3.3541022469824196E-009
           6          16  -4.8032054007978754E-009
           6          17   1.1839905696070118E-008
           6          18  -1.2020477773216310E-008
           6          19  -3.2139677761756374E-009
           6          20   2.8397130706259977E-008
           6          21  -3.4339639377700672E-009
           6          22  -2.1543686382784837E-009
           6          23   3.0762859641428317E-009
           6          24  -2.3171741989561517E-009
           6          25   8.1909330354917840E-010
           6          26   9.3245750435263292E-009
           6          27  -3.4359813437556015E-003
           6          28  -3.5332665850022161E-009
           6          29  -1.5366179797316399E-003
           6          30   2.6684139730144558E-010
           6          31  -1.6621887870811915E-009
           6          32   2.0600107702750112E-009
           6          33  -4.2846222153589966E-010
           6          34  -1.5366166677053309E-003
           6          35   2.0457346450426102E-010
           6          36  -1.5300820998718978E-009
           7           1  -2.3763031104817518E-009
           7           2   7.3204827830372657E-009
           7           3   4.6890475758116111E-009
           7           4   5.8019762631109958E-009
           7           5  -3.0889812607513447E-009
           7           6   1.3936283231435571E-009
           7           7   2.2973223518219221     
           7           8  -1.1048482683439126E-009
           7           9  -9.0229443046160065E-009
           7          10 -0.82534400650311945     
           7          11   1.1586749897939309E-009
           7          12   1.5497736571578070E-008
           7          13  -7.7214091756522656E-003
           7          14  -2.2869778096925389E-009
           7          15   3.5486016718637572E-009
           7          16  -8.6495100745338906E-009
           7          17   1.6769027519496787E-010
           7          18   1.0522022662885267E-009
           7          19  -8.0132943611138274E-009
           7          20  -1.0991483091341522E-008
           7          21   3.6472713499062196E-009
           7          22   8.3398744874561405E-011
           7          23   4.8398695212708994E-010
           7          24  -1.1921745864825001E-009
           7          25  -2.1179485857669936E-009
           7          26  -6.1234782549626038E-009
           7          27   2.2558921912055787E-009
           7          28  -1.5366158334123210E-003
           7          29  -2.1382414011398204E-009
           7          30  -3.4359789389482266E-003
           7          31   2.5191498977324975E-010
           7          32  -1.8747769639514686E-010
           7          33   9.1444847008957062E-010
           7          34  -2.6439505737667357E-010
           7          35  -1.5366171587208738E-003
           7          36  -1.0391169046422367E-010
           8           1  -1.1136188221454104E-009
           8           2   3.1593547700862892E-009
           8           3  -2.1206606485877566E-008
           8           4  -1.1838539996420308E-009
           8           5   6.0991645675927702E-010
           8           6  -1.7106853730362070E-009
           8           7  -1.1048482683439126E-009
           8           8   2.2973223536401441     
           8           9   5.0476641235469439E-009
           8          10   2.4964025627424462E-009
           8          11 -0.82534401291839288     
           8          12  -4.2322827836387334E-009
           8          13  -1.8010333253273412E-009
           8          14  -7.7213966250981748E-003
           8          15   1.4894959492396593E-008
           8          16   3.9113713456889699E-009
           8          17   2.1029292136049247E-008
           8          18  -1.1762404080531736E-008
           8          19  -2.1694876549669989E-009
           8          20  -1.0119114216073858E-008
           8          21   2.9592674953709628E-009
           8          22   1.0533067320686214E-009
           8          23   7.1280196064776115E-009
           8          24  -3.3024223694776423E-009
           8          25   5.0568361648438557E-011
           8          26  -3.2443261325411531E-009
           8          27  -1.8095271924420799E-009
           8          28  -8.7879294304453305E-010
           8          29  -1.6410334782001946E-009
           8          30  -6.9286136093502809E-010
           8          31  -1.5366166248722785E-003
           8          32  -1.8243225105498786E-010
           8          33  -1.5366153558683975E-003
           8          34   1.4409001973467934E-010
           8          35  -2.0349847182642470E-010
           8          36  -3.4359808647995535E-003
           9           1   2.4296168394108759E-009
           9           2  -6.6972223054714193E-009
           9           3   6.4550513896799455E-008
           9           4  -7.3250074431460023E-009
           9           5  -4.2899663816167123E-009
           9           6 -0.82534400312780887     
           9           7  -9.0229443046160065E-009
           9           8   5.0476641235469439E-009
           9           9   2.2978730510879064     
           9          10   2.9168363550841282E-008
           9          11  -1.0664391742620457E-008
           9          12   1.0611233249722915E-002
           9          13  -4.0819868896108192E-008
           9          14   1.0542572880276019E-008
           9          15   2.4095200968205225E-008
           9          16   1.0746892763410757E-008
           9          17  -1.9197368828160932E-008
           9          18   3.4712333148136696E-008
           9          19   2.6359376487526422E-009
           9          20  -7.1897217062144973E-008
           9          21   1.2330719821838226E-008
           9          22   2.9260604283803768E-009
           9          23  -3.0352174695059410E-009
           9          24   1.1521505113192287E-008
           9          25   6.4425262826892610E-010
           9          26  -2.1598498545396917E-008
           9          27  -8.4409771844908520E-004
           9          28   4.9404173297391586E-009
           9          29  -3.7749166417085480E-004
           9          30  -5.2885567521307531E-009
           9          31   8.4220591850987461E-010
           9          32  -1.4618732941197243E-009
           9          33   6.2048324396249796E-010
           9          34  -3.7748814933326281E-004
           9          35  -3.5275650019041819E-009
           9          36   2.3437412169319024E-009
          10           1  -2.7510759371552456E-010
          10           2   9.6414256819762867E-010
          10           3  -4.0518327415733201E-009
          10           4  -1.1357080468767516E-008
          10           5   6.2857331290615012E-009
          10           6  -4.7550701460577766E-009
          10           7 -0.82534400650311945     
          10           8   2.4964025627424462E-009
          10           9   2.9168363550841282E-008
          10          10   2.2978730541385266     
          10          11  -1.0721477936958899E-009
          10          12  -4.1071775985454016E-008
          10          13   1.0611231562972005E-002
          10          14   4.9755152974637248E-009
          10          15  -1.8841097791671196E-008
          10          16   2.6656951350570313E-008
          10          17  -6.7999900403772464E-009
          10          18   4.5657825768999866E-010
          10          19   2.6747803968224816E-008
          10          20   3.0364742110388654E-008
          10          21  -7.1176237297347951E-009
          10          22   6.2176854469797449E-009
          10          23  -1.2132263734330280E-009
          10          24   2.4836050747004042E-009
          10          25   8.1096913118957410E-009
          10          26   1.5034630782752070E-008
          10          27  -4.0012820209759614E-009
          10          28  -3.7749311204832408E-004
          10          29   4.1638980071323051E-009
          10          30  -8.4409643493019333E-004
          10          31   1.6695679163778244E-011
          10          32  -9.2575810233390326E-010
          10          33  -1.7623739142691846E-010
          10          34  -2.2808717929853739E-009
          10          35  -3.7749006099987802E-004
          10          36  -9.8133436506303723E-010
          11           1   1.6588016036123616E-009
          11           2  -4.2485508739869056E-009
          11           3   5.3794846922671616E-008
          11           4  -1.1436676607312205E-008
          11           5   4.2360284799990199E-009
          11           6   4.2660552234939520E-009
          11           7   1.1586749897939309E-009
          11           8 -0.82534401291839288     
          11           9  -1.0664391742620457E-008
          11          10  -1.0721477936958899E-009
          11          11   2.2978730775260745     
          11          12   7.8801168572647304E-009
          11          13   5.7112472866482586E-009
          11          14   1.0611194714566567E-002
          11          15  -4.2581745923940017E-008
          11          16  -1.5477248999794012E-008
          11          17  -5.6274650401259380E-008
          11          18   3.6419227745273830E-008
          11          19   3.5136189683177503E-009
          11          20   4.0419285902344617E-008
          11          21  -1.1624802999239414E-008
          11          22  -5.7682750684591855E-009
          11          23  -1.7260455246592708E-008
          11          24   1.4704832106449608E-008
          11          25   8.4042492080232660E-011
          11          26   2.0437260202391210E-008
          11          27   2.2916628997115692E-009
          11          28  -2.5659157295688759E-010
          11          29   4.3731525608945927E-010
          11          30  -5.1814746851159066E-011
          11          31  -3.7749403824041412E-004
          11          32   2.4341920189406804E-009
          11          33  -3.7749417790712049E-004
          11          34   2.5092394955793546E-010
          11          35  -1.2099046822564051E-009
          11          36  -8.4409410491323293E-004
          12           1  -2.1152588591699949E-009
          12           2   6.5522557027269508E-009
          12           3  -1.9934639701541860E-008
          12           4   3.9522522312147459E-008
          12           5   2.9330296249406138E-008
          12           6  -7.7214130195826739E-003
          12           7   1.5497736571578070E-008
          12           8  -4.2322827836387334E-009
          12           9   1.0611233249722915E-002
          12          10  -4.1071775985454016E-008
          12          11   7.8801168572647304E-009
          12          12   6.0527722726753008E-005
          12          13  -1.6989705429788278E-010
          12          14   6.9063286694787966E-011
          12          15  -5.6666522663861411E-008
          12          16  -6.4579591340562716E-009
          12          17  -3.5111887159141613E-008
          12          18  -8.7518594968322309E-008
          12          19   1.4836959232355022E-008
          12          20   8.4758163299650272E-008
          12          21  -1.9427318930522405E-008
          12          22  -2.4992825130955252E-009
          12          23  -1.1182656303799268E-008
          12          24  -3.3549294383501750E-008
          12          25   5.6833173560516481E-009
          12          26   3.4567257383522834E-008
          12          27   3.4123434225796425E-006
          12          28   4.7976099821919203E-011
          12          29   1.5260471974837135E-006
          12          30   4.4461132317162743E-011
          12          31   6.3782026789999275E-012
          12          32  -9.6775495891261776E-012
          12          33   8.1460690539857784E-013
          12          34   1.5260515820756460E-006
          12          35   1.0161792245953390E-011
          12          36   6.5180607706757145E-012
          13           1   6.4966390750102779E-012
          13           2  -1.8293987974039296E-011
          13           3   3.0513070694199601E-011
          13           4  -2.3400513580672360E-010
          13           5  -8.3074090812633116E-011
          13           6   1.4335676278672631E-008
          13           7  -7.7214091756522656E-003
          13           8  -1.8010333253273412E-009
          13           9  -4.0819868896108192E-008
          13          10   1.0611231562972005E-002
          13          11   5.7112472866482586E-009
          13          12  -1.6989705429788278E-010
          13          13   6.0527756452864064E-005
          13          14   1.2159571710050627E-011
          13          15   8.1244365970877737E-008
          13          16  -1.0026964351938503E-008
          13          17   6.2187101887742431E-008
          13          18  -2.7047879718020068E-008
          13          19  -2.9876933454924772E-008
          13          20  -1.4337034452008408E-007
          13          21   3.0547307413374317E-008
          13          22  -4.0958543151949180E-009
          13          23   2.4334207387223393E-008
          13          24  -1.0211983843458204E-008
          13          25  -1.1622395043875668E-008
          13          26  -5.4861763234992217E-008
          13          27   4.9103485188747170E-011
          13          28   1.5260420006844530E-006
          13          29   4.2536579309578960E-011
          13          30   3.4123522886548338E-006
          13          31  -6.1077777448310432E-012
          13          32  -2.5725005859692935E-012
          13          33  -6.0628627341832293E-012
          13          34   1.8551922668698078E-011
          13          35   1.5260465408820736E-006
          13          36  -1.8435691739464251E-011
          14           1  -1.5742247632959806E-009
          14           2   4.9359468865121261E-009
          14           3  -1.4747544296861132E-008
          14           4   2.7489743535361305E-008
          14           5   2.0473464444563412E-008
          14           6  -3.2162564827928482E-009
          14           7  -2.2869778096925389E-009
          14           8  -7.7213966250981748E-003
          14           9   1.0542572880276019E-008
          14          10   4.9755152974637248E-009
          14          11   1.0611194714566567E-002
          14          12   6.9063286694787966E-011
          14          13   1.2159571710050627E-011
          14          14   6.0527602561319022E-005
          14          15   2.4936380648099065E-008
          14          16   5.3268520806271728E-008
          14          17   1.5027629581106269E-007
          14          18  -5.3391099351968031E-008
          14          19  -1.9027849119303441E-008
          14          20  -1.8015648270647039E-007
          14          21   1.0851945140435605E-008
          14          22   2.0308434580572256E-008
          14          23   5.9150962084676129E-008
          14          24  -2.0229685398304497E-008
          14          25  -7.5227164223316840E-009
          14          26  -6.7255974461500940E-008
          14          27   2.5598863100920568E-012
          14          28  -4.6040952039823659E-012
          14          29   2.6360203571682011E-013
          14          30  -1.1144110659704301E-011
          14          31   1.5260646686464503E-006
          14          32  -5.4255201515300400E-013
          14          33   1.5260590423809539E-006
          14          34  -2.6306777909140403E-012
          14          35  -8.5955243698051864E-012
          14          36   3.4124153621107815E-006
          15           1   1.2851513797122318E-002
          15           2  -5.9559570485997818E-003
          15           3   9.0828157782999863E-004
          15           4  -2.0674186275870567E-002
          15           5  -1.5346342448445531E-002
          15           6  -3.3541022469824196E-009
          15           7   3.5486016718637572E-009
          15           8   1.4894959492396593E-008
          15           9   2.4095200968205225E-008
          15          10  -1.8841097791671196E-008
          15          11  -4.2581745923940017E-008
          15          12  -5.6666522663861411E-008
          15          13   8.1244365970877737E-008
          15          14   2.4936380648099065E-008
          15          15   1.4253671188204668     
          15          16  -1.0065246411340664E-007
          15          17 -0.71077361537384964     
          15          18   2.0983982085009364E-008
          15          19   5.0732072337123299E-009
          15          20 -0.71077369282694547     
          15          21  0.54482432534636482     
          15          22  -3.1722978971558317E-008
          15          23 -0.27349922473535360     
          15          24   5.6715121646664055E-009
          15          25   8.1025145444163619E-009
          15          26 -0.27349929375082255     
          15          27  -2.8285030137647898E-008
          15          28  -3.1549402130500736E-009
          15          29   6.6895886579469949E-009
          15          30   8.1425247631945585E-009
          15          31  -3.1600324570554423E-009
          15          32  -2.2710002619355828E-009
          15          33   1.1936369663866827E-008
          15          34   2.2398905676836371E-009
          15          35  -8.4463805976198082E-009
          15          36   1.3624456296639652E-008
          16           1   7.7998577620410047E-008
          16           2  -2.3056163990804191E-007
          16           3   1.1924863580219880E-006
          16           4  -1.8708039218134194E-006
          16           5  -2.5085191978978726E-007
          16           6  -4.8032054007978754E-009
          16           7  -8.6495100745338906E-009
          16           8   3.9113713456889699E-009
          16           9   1.0746892763410757E-008
          16          10   2.6656951350570313E-008
          16          11  -1.5477248999794012E-008
          16          12  -6.4579591340562716E-009
          16          13  -1.0026964351938503E-008
          16          14   5.3268520806271728E-008
          16          15  -1.0065246411340664E-007
          16          16   1.4240937949970203     
          16          17  -1.2479934124474546E-007
          16          18   9.1725922161513677E-009
          16          19   1.2454652758434588E-008
          16          20  -1.0611669891646126E-007
          16          21  -2.8074197219870267E-007
          16          22  0.54554906680668680     
          16          23  -2.2437044223843499E-007
          16          24  -5.5595203958145711E-009
          16          25  -2.0536749679137752E-008
          16          26  -2.6454771724009657E-007
          16          27  -2.9184677297921309E-009
          16          28  -1.7593281124861548E-008
          16          29   3.7333774278221030E-009
          16          30   7.5626131101026740E-010
          16          31  -2.5186449922508052E-009
          16          32  -1.0284980872361983E-008
          16          33   3.9704980632443686E-009
          16          34   4.4154789094737363E-010
          16          35  -1.0419093756236831E-008
          16          36   3.9482724715067050E-009
          17           1   1.2851528141182312E-002
          17           2  -5.9560010272170904E-003
          17           3   9.0846166988616190E-004
          17           4  -2.0674529061937789E-002
          17           5  -1.5346426111556163E-002
          17           6   1.1839905696070118E-008
          17           7   1.6769027519496787E-010
          17           8   2.1029292136049247E-008
          17           9  -1.9197368828160932E-008
          17          10  -6.7999900403772464E-009
          17          11  -5.6274650401259380E-008
          17          12  -3.5111887159141613E-008
          17          13   6.2187101887742431E-008
          17          14   1.5027629581106269E-007
          17          15 -0.71077361537384964     
          17          16  -1.2479934124474546E-007
          17          17   1.4253670458612704     
          17          18   3.3890188740972082E-008
          17          19   2.9267927463248759E-008
          17          20 -0.71077361952289619     
          17          21 -0.27349932482292516     
          17          22  -5.8927647636611580E-008
          17          23  0.54482431943787679     
          17          24   7.6642472246435528E-009
          17          25  -5.2769976493901677E-008
          17          26 -0.27349933846058100     
          17          27   1.0368373425272003E-008
          17          28   4.1229549122949360E-009
          17          29  -5.1549712186744804E-009
          17          30  -3.6203573229122165E-009
          17          31  -7.3250810376081516E-009
          17          32  -3.5226642500129570E-009
          17          33  -1.0025334458087441E-008
          17          34   7.3294750074658823E-009
          17          35  -7.4354125774225825E-009
          17          36   1.1229708968772716E-008
          18           1  -1.1009672007792578E-008
          18           2   3.2330252117762124E-008
          18           3  -1.8860488511784872E-007
          18           4   2.6675384680993429E-007
          18           5  -1.4559119927903497E-008
          18           6  -1.2020477773216310E-008
          18           7   1.0522022662885267E-009
          18           8  -1.1762404080531736E-008
          18           9   3.4712333148136696E-008
          18          10   4.5657825768999866E-010
          18          11   3.6419227745273830E-008
          18          12  -8.7518594968322309E-008
          18          13  -2.7047879718020068E-008
          18          14  -5.3391099351968031E-008
          18          15   2.0983982085009364E-008
          18          16   9.1725922161513677E-009
          18          17   3.3890188740972082E-008
          18          18   1.4240937731908785     
          18          19  -2.6903826338929439E-008
          18          20   2.3594869010272652E-008
          18          21   5.0832973572802481E-008
          18          22  -4.7932143494361043E-009
          18          23   3.3219581108243470E-008
          18          24  0.54554907781409190     
          18          25   1.1544758920107218E-008
          18          26   3.5492304972051062E-008
          18          27  -1.2653927345723668E-009
          18          28   2.5838345330587359E-009
          18          29  -2.3577894438837387E-009
          18          30  -3.2273407618512672E-010
          18          31  -1.8959208474147727E-008
          18          32  -4.2248878330332758E-010
          18          33  -4.9686747613827375E-009
          18          34  -1.3430943511411454E-008
          18          35   2.2204676721756947E-009
          18          36  -3.1056251617728740E-009
          19           1  -1.0825901777603013E-008
          19           2   3.2231000450722827E-008
          19           3  -1.4049202235515140E-007
          19           4   2.4142814289603120E-007
          19           5   1.1891686262604976E-007
          19           6  -3.2139677761756374E-009
          19           7  -8.0132943611138274E-009
          19           8  -2.1694876549669989E-009
          19           9   2.6359376487526422E-009
          19          10   2.6747803968224816E-008
          19          11   3.5136189683177503E-009
          19          12   1.4836959232355022E-008
          19          13  -2.9876933454924772E-008
          19          14  -1.9027849119303441E-008
          19          15   5.0732072337123299E-009
          19          16   1.2454652758434588E-008
          19          17   2.9267927463248759E-008
          19          18  -2.6903826338929439E-008
          19          19   1.4240937627451571     
          19          20  -2.5129494705660950E-008
          19          21   2.4106612371289971E-008
          19          22   6.2235394002275619E-009
          19          23   5.6721763959365011E-008
          19          24   1.6126353952082971E-008
          19          25  0.54554908346826525     
          19          26   2.1672187207546088E-008
          19          27  -1.6253778092570123E-009
          19          28  -3.1859082787355076E-009
          19          29   1.1573911053082763E-009
          19          30  -1.5899428972572776E-009
          19          31   4.7448292866119290E-010
          19          32  -9.1005248914913396E-009
          19          33   2.8384951669037842E-009
          19          34  -7.2434818278748156E-010
          19          35  -1.6609493449110095E-008
          19          36   9.6966459137175716E-010
          20           1   1.2851582815947541E-002
          20           2  -5.9561622243077062E-003
          20           3   9.0926733770732831E-004
          20           4  -2.0675689710395007E-002
          20           5  -1.5346924179545897E-002
          20           6   2.8397130706259977E-008
          20           7  -1.0991483091341522E-008
          20           8  -1.0119114216073858E-008
          20           9  -7.1897217062144973E-008
          20          10   3.0364742110388654E-008
          20          11   4.0419285902344617E-008
          20          12   8.4758163299650272E-008
          20          13  -1.4337034452008408E-007
          20          14  -1.8015648270647039E-007
          20          15 -0.71077369282694547     
          20          16  -1.0611669891646126E-007
          20          17 -0.71077361952289619     
          20          18   2.3594869010272652E-008
          20          19  -2.5129494705660950E-008
          20          20   1.4253669192887437     
          20          21 -0.27349947468224267     
          20          22  -3.7378240409329998E-008
          20          23 -0.27349956654914587     
          20          24   1.7981543457633844E-008
          20          25   4.7415312133310345E-008
          20          26  0.54482408019114503     
          20          27   1.8312446449670438E-008
          20          28  -9.5083714428398336E-010
          20          29  -1.3012046745983176E-009
          20          30  -4.6003710052961436E-009
          20          31   1.0692370124711959E-008
          20          32   5.7769664569381208E-009
          20          33  -1.7798073025825971E-009
          20          34  -9.4398588732435148E-009
          20          35   1.5929394849705693E-008
          20          36  -2.4503022103509436E-008
          21           1   1.7753278821758289E-005
          21           2  -2.5897837278835104E-003
          21           3   1.4214221329788431E-003
          21           4   1.2448395779647525E-002
          21           5   9.2378104278050526E-003
          21           6  -3.4339639377700672E-009
          21           7   3.6472713499062196E-009
          21           8   2.9592674953709628E-009
          21           9   1.2330719821838226E-008
          21          10  -7.1176237297347951E-009
          21          11  -1.1624802999239414E-008
          21          12  -1.9427318930522405E-008
          21          13   3.0547307413374317E-008
          21          14   1.0851945140435605E-008
          21          15  0.54482432534636482     
          21          16  -2.8074197219870267E-007
          21          17 -0.27349932482292516     
          21          18   5.0832973572802481E-008
          21          19   2.4106612371289971E-008
          21          20 -0.27349947468224267     
          21          21  0.20952273005817690     
          21          22  -9.8029383567284220E-008
          21          23 -0.10409592363800318     
          21          24   1.7653743671134953E-008
          21          25   1.1179176544831252E-008
          21          26 -0.10409599391496498     
          21          27  -1.1074561689026489E-008
          21          28  -1.2059685108715914E-009
          21          29   2.5711678413259811E-009
          21          30   3.0585272874259193E-009
          21          31  -1.3690077124954066E-009
          21          32  -8.7769591073549990E-010
          21          33   4.5349095404634553E-009
          21          34   8.9539265680278791E-010
          21          35  -3.2610241952713315E-009
          21          36   5.0581882841160876E-009
          22           1   2.2804426665694347E-008
          22           2  -6.4770101653650653E-008
          22           3   3.8937215046991431E-007
          22           4  -6.4823750003973439E-007
          22           5  -5.9803788854003283E-008
          22           6  -2.1543686382784837E-009
          22           7   8.3398744874561405E-011
          22           8   1.0533067320686214E-009
          22           9   2.9260604283803768E-009
          22          10   6.2176854469797449E-009
          22          11  -5.7682750684591855E-009
          22          12  -2.4992825130955252E-009
          22          13  -4.0958543151949180E-009
          22          14   2.0308434580572256E-008
          22          15  -3.1722978971558317E-008
          22          16  0.54554906680668680     
          22          17  -5.8927647636611580E-008
          22          18  -4.7932143494361043E-009
          22          19   6.2235394002275619E-009
          22          20  -3.7378240409329998E-008
          22          21  -9.8029383567284220E-008
          22          22  0.20907910721166023     
          22          23  -8.3690326853953162E-008
          22          24  -5.6908807884023864E-009
          22          25  -7.6410927819835565E-009
          22          26  -9.6116652442015019E-008
          22          27  -1.1353604687050474E-009
          22          28  -6.8708883280968198E-009
