           1           1   2.2246081331910719     
           1           2  0.53780688025308154     
           1           3  0.26589970350247255     
           1           4   1.8524732897515122E-014
           1           5   1.5849476101720048E-013
           1           6   9.9986936019628747E-014
           1           7   5.7435924574199125E-014
           1           8   3.2375049794068667E-014
           1           9  -3.3891076223380793E-014
           1          10  -3.3393884633802239E-002
           1          11   1.3157215775066027E-014
           1          12  -3.3393884633772235E-002
           1          13  -2.7570887353335732E-015
           1          14   9.3511243112055329E-015
           1          15  -3.3393884633899390E-002
           2           1  0.53780688025308154     
           2           2   1.3533015287171046     
           2           3  0.53862802119479225     
           2           4   6.4979634430378750E-014
           2           5   3.7958899518779306E-013
           2           6   2.6074199335867329E-013
           2           7   1.7062686623016151E-013
           2           8   1.0120338124884846E-013
           2           9  -6.7234728781994422E-014
           2          10  -6.6862357997591854E-002
           2          11   5.1590992435145623E-014
           2          12  -6.6862357997515665E-002
           2          13  -2.9496633442361282E-014
           2          14   1.2590012303319791E-014
           2          15  -6.6862357997866786E-002
           3           1  0.26589970350247255     
           3           2  0.53862802119479225     
           3           3  0.30760823090979761     
           3           4   7.7461855631161841E-015
           3           5   1.4932644716553709E-013
           3           6   6.7379927078522842E-014
           3           7   4.5792407913830068E-014
           3           8  -3.6882817816004139E-014
           3           9  -2.8706847644849214E-014
           3          10  -1.2685070780787119E-002
           3          11   1.1137821275480500E-014
           3          12  -1.2685070780767669E-002
           3          13  -7.2690525728837461E-015
           3          14   3.6845580558198541E-015
           3          15  -1.2685070780850748E-002
           4           1   1.8524732897515122E-014
           4           2   6.4979634430378750E-014
           4           3   7.7461855631161841E-015
           4           4   1.2097245850551606     
           4           5   5.2593956124754294E-002
           4           6 -0.15181043624405918     
           4           7 -0.38321615683946797     
           4           8  -4.1882367863347411E-002
           4           9  0.12089184774744720     
           4          10  -7.1383547614900916E-015
           4          11  -1.6378349346259434E-014
           4          12  -1.3342039523979477E-014
           4          13  -1.6734780346833573E-014
           4          14   3.6166144128699385E-015
           4          15   6.0058957361758382E-015
           5           1   1.5849476101720048E-013
           5           2   3.7958899518779306E-013
           5           3   1.4932644716553709E-013
           5           4   5.2593956124754294E-002
           5           5   1.2500959113657513     
           5           6  0.10434246943011397     
           5           7  -4.1882367863355356E-002
           5           8 -0.41536522612912746     
           5           9  -8.3091480665134831E-002
           5          10  -2.0473122335946662E-014
           5          11   3.1426737057168854E-016
           5          12  -5.4188788570314108E-014
           5          13   1.5444579360491048E-015
           5          14  -1.8403447274672308E-014
           5          15  -3.4152277566586337E-014
           6           1   9.9986936019628747E-014
           6           2   2.6074199335867329E-013
           6           3   6.7379927078522842E-014
           6           4 -0.15181043624405918     
           6           5  0.10434246943011397     
           6           6  0.98506429676733409     
           6           7  0.12089184774745387     
           6           8  -8.3091480665139383E-002
           6           9 -0.20431147782960177     
           6          10  -1.7848758249544239E-014
           6          11   8.1096953411327878E-015
           6          12  -2.5881678679585305E-014
           6          13   9.1270830051863308E-015
           6          14  -7.8348379654809769E-015
           6          15  -2.9425858449948358E-014
           7           1   5.7435924574199125E-014
           7           2   1.7062686623016151E-013
           7           3   4.5792407913830068E-014
           7           4 -0.38321615683946797     
           7           5  -4.1882367863355356E-002
           7           6  0.12089184774745387     
           7           7  0.22896816614398105     
           7           8   3.3352363409975189E-002
           7           9  -9.6270317202021269E-002
           7          10  -1.0557156385577050E-014
           7          11   1.3065663777278816E-014
           7          12  -5.7750092970278128E-015
           7          13   1.3436382668730685E-014
           7          14  -2.8886879024897251E-015
           7          15  -2.0877840482157079E-014
           8           1   3.2375049794068667E-014
           8           2   1.0120338124884846E-013
           8           3  -3.6882817816004139E-014
           8           4  -4.1882367863347411E-002
           8           5 -0.41536522612912746     
           8           6  -8.3091480665139383E-002
           8           7   3.3352363409975189E-002
           8           8  0.25456957067153424     
           8           9   6.6168590764943608E-002
           8          10  -1.5099242882326134E-014
           8          11  -2.8006298724369536E-016
           8          12   1.1936079616786136E-014
           8          13  -1.1560068343310852E-015
           8          14   1.4582933078599158E-014
           8          15  -4.4002270744373259E-015
           9           1  -3.3891076223380793E-014
           9           2  -6.7234728781994422E-014
           9           3  -2.8706847644849214E-014
           9           4  0.12089184774744720     
           9           5  -8.3091480665134831E-002
           9           6 -0.20431147782960177     
           9           7  -9.6270317202021269E-002
           9           8   6.6168590764943608E-002
           9           9   8.6500245286433020E-002
           9          10   2.9746088043428835E-015
           9          11  -6.6493350032918205E-015
           9          12   9.8620144546396699E-015
           9          13  -7.1937177793786001E-015
           9          14   6.4604315220427408E-015
           9          15   1.1911314280719419E-014
          10           1  -3.3393884633802239E-002
          10           2  -6.6862357997591854E-002
          10           3  -1.2685070780787119E-002
          10           4  -7.1383547614900916E-015
          10           5  -2.0473122335946662E-014
          10           6  -1.7848758249544239E-014
          10           7  -1.0557156385577050E-014
          10           8  -1.5099242882326134E-014
          10           9   2.9746088043428835E-015
          10          10   5.6737841564216520E-003
          10          11  -3.9279863377076239E-015
          10          12   5.6737841564163732E-003
          10          13   2.0582406861152915E-015
          10          14  -8.5718297817429840E-016
          10          15   5.6737841564420671E-003
          11           1   1.3157215775066027E-014
          11           2   5.1590992435145623E-014
          11           3   1.1137821275480500E-014
          11           4  -1.6378349346259434E-014
          11           5   3.1426737057168854E-016
          11           6   8.1096953411327878E-015
          11           7   1.3065663777278816E-014
          11           8  -2.8006298724369536E-016
          11           9  -6.6493350032918205E-015
          11          10  -3.9279863377076239E-015
          11          11   3.7381592001727295E-027
          11          12  -3.9279863377035960E-015
          11          13  -7.2858005845434899E-028
          11          14   2.8256402134467309E-028
          11          15  -3.9279863377234642E-015
          12           1  -3.3393884633772235E-002
          12           2  -6.6862357997515665E-002
          12           3  -1.2685070780767669E-002
          12           4  -1.3342039523979477E-014
          12           5  -5.4188788570314108E-014
          12           6  -2.5881678679585305E-014
          12           7  -5.7750092970278128E-015
          12           8   1.1936079616786136E-014
          12           9   9.8620144546396699E-015
          12          10   5.6737841564163732E-003
          12          11  -3.9279863377035960E-015
          12          12   5.6737841564110936E-003
          12          13   2.0582406861130484E-015
          12          14  -8.5718297817179623E-016
          12          15   5.6737841564367892E-003
          13           1  -2.7570887353335732E-015
          13           2  -2.9496633442361282E-014
          13           3  -7.2690525728837461E-015
          13           4  -1.6734780346833573E-014
          13           5   1.5444579360491048E-015
          13           6   9.1270830051863308E-015
          13           7   1.3436382668730685E-014
          13           8  -1.1560068343310852E-015
          13           9  -7.1937177793786001E-015
          13          10   2.0582406861152915E-015
          13          11  -7.2858005845434899E-028
          13          12   2.0582406861130484E-015
          13          13   1.7720825665401557E-027
          13          14  -7.1091237146231805E-028
          13          15   2.0582406861226311E-015
          14           1   9.3511243112055329E-015
          14           2   1.2590012303319791E-014
          14           3   3.6845580558198541E-015
          14           4   3.6166144128699385E-015
          14           5  -1.8403447274672308E-014
          14           6  -7.8348379654809769E-015
          14           7  -2.8886879024897251E-015
          14           8   1.4582933078599158E-014
          14           9   6.4604315220427408E-015
          14          10  -8.5718297817429840E-016
          14          11   2.8256402134467309E-028
          14          12  -8.5718297817179623E-016
          14          13  -7.1091237146231805E-028
          14          14   1.1509460819925249E-027
          14          15  -8.5718297817661735E-016
          15           1  -3.3393884633899390E-002
          15           2  -6.6862357997866786E-002
          15           3  -1.2685070780850748E-002
          15           4   6.0058957361758382E-015
          15           5  -3.4152277566586337E-014
          15           6  -2.9425858449948358E-014
          15           7  -2.0877840482157079E-014
          15           8  -4.4002270744373259E-015
          15           9   1.1911314280719419E-014
          15          10   5.6737841564420671E-003
          15          11  -3.9279863377234642E-015
          15          12   5.6737841564367892E-003
          15          13   2.0582406861226311E-015
          15          14  -8.5718297817661735E-016
          15          15   5.6737841564624830E-003
