           1           1   2.2382682016668278     
           1           2 -0.78972277449399386     
           1           3  0.21970808064551864     
           1           4  -1.1735028549620045E-002
           1           5  -1.6978435475576262E-002
           1           6   4.8134734936197610E-014
           1           7   2.2779900328454570E-014
           1           8   2.8794891540276173E-014
           1           9   4.4533962322222834E-014
           1          10  -1.5599652166867079E-014
           1          11   6.7451874910926789E-014
           1          12   3.4229995285311362E-015
           1          13   3.1031440914127423E-014
           1          14  -5.3536071723805475E-015
           1          15   1.8815158499595502E-002
           1          16  -3.0590090255953497E-011
           1          17   1.9783623444617118E-002
           1          18   2.0517489632517671E-015
           1          19   4.6173217664164891E-012
           1          20   1.8795703298082146E-002
           1          21   1.3681334357789003E-003
           1          22  -2.9407538795210449E-011
           1          23   3.0520004486294366E-003
           1          24   6.7589142396540695E-015
           1          25   1.1859835220991141E-012
           1          26   2.1723987167544950E-003
           1          27  -7.8064390530357632E-015
           1          28   1.2844207016775156E-014
           1          29  -1.7975287250558618E-014
           1          30   2.1724622943318749E-014
           1          31  -1.3279416720548017E-014
           1          32  -5.4961741724802556E-015
           1          33  -2.1405570003489690E-014
           1          34   6.3506273641789805E-015
           1          35  -1.4609421160413196E-014
           1          36  -1.1209896677728600E-014
           2           1 -0.78972277449399386     
           2           2   2.6230418640659900     
           2           3 -0.96068882006112111     
           2           4   4.0533195774826135E-002
           2           5   4.8085107048433558E-002
           2           6  -1.3748802090777572E-013
           2           7  -6.8810411251949824E-014
           2           8  -1.0261997056090536E-013
           2           9  -1.3941157702996540E-013
           2          10   4.2892083609282594E-014
           2          11  -2.0596498785829205E-013
           2          12  -2.0536621080477279E-014
           2          13  -1.0390621425097189E-013
           2          14   1.9628621977308617E-014
           2          15  -1.8170060443465662E-002
           2          16   1.0384204591180053E-010
           2          17  -2.1496724119494364E-002
           2          18   8.8718872295607753E-015
           2          19  -1.4487624915393273E-011
           2          20  -1.8579202050540051E-002
           2          21  -7.2947890206276917E-003
           2          22   1.0107500117035050E-010
           2          23  -1.3312593106723326E-002
           2          24  -2.7042810487338921E-015
           2          25  -3.3277070719673217E-012
           2          26  -1.0325252430762712E-002
           2          27   4.0023262267485601E-014
           2          28  -4.2649519050036568E-014
           2          29   4.8286211671017710E-014
           2          30  -6.0524288349378166E-014
           2          31   5.2821344549015093E-014
           2          32   1.6831012061226805E-014
           2          33   6.2355654539939581E-014
           2          34  -2.1307223221247048E-014
           2          35   4.4112439092529506E-014
           2          36   1.8786246348590322E-014
           3           1  0.21970808064551864     
           3           2 -0.96068882006112111     
           3           3   2.3135197796859419     
           3           4 -0.10769147610261415     
           3           5 -0.14207690863985145     
           3           6   8.6652888122310093E-016
           3           7   3.4078992198090594E-014
           3           8  -7.0472056744019020E-014
           3           9  -6.2110737727660685E-014
           3          10  -1.0456828804159977E-013
           3          11   1.6153440092500692E-013
           3          12  -8.2244351281542044E-015
           3          13   1.8940862826173129E-014
           3          14  -5.8347072318623907E-014
           3          15   2.4973481582503169E-002
           3          16  -3.9653311845894822E-010
           3          17   4.2377831634458928E-002
           3          18   7.5406840025901338E-013
           3          19   5.3642537918212982E-011
           3          20   2.6323383214787596E-002
           3          21   9.6002190564049832E-003
           3          22  -3.4239543547066407E-010
           3          23   3.0578386333569442E-002
           3          24   8.0125963720831418E-015
           3          25   1.6384566673848435E-011
           3          26   1.8328556861470991E-002
           3          27   2.6927516445685599E-014
           3          28   7.6926561588541178E-015
           3          29   3.4723661239212737E-015
           3          30   1.9091773355462516E-014
           3          31   6.1721338574849699E-015
           3          32  -8.7639895714265192E-015
           3          33  -1.4988127909715775E-015
           3          34  -2.1313970696775523E-014
           3          35  -8.0728809958679239E-015
           3          36  -2.4026960605687644E-014
           4           1  -1.1735028549620045E-002
           4           2   4.0533195774826135E-002
           4           3 -0.10769147610261415     
           4           4  0.21612445505250003     
           4           5  0.30420482616322359     
           4           6   1.5705882978032587E-015
           4           7   1.8817100581971566E-014
           4           8   1.1166629035897059E-014
           4           9   5.0015487933274275E-015
           4          10  -3.3243590827065885E-015
           4          11  -2.3363394403668994E-014
           4          12  -1.2619153354260777E-014
           4          13  -1.2071778317476877E-014
           4          14   2.4083057612689666E-014
           4          15  -2.6055446503281149E-002
           4          16   4.1277786093553722E-010
           4          17  -3.9450794534237901E-002
           4          18  -1.2550892381571025E-012
           4          19  -7.6568600581493204E-011
           4          20  -1.6944500250094009E-002
           4          21  -5.0805356613276573E-004
           4          22   3.2720242944366974E-010
           4          23  -1.4048924038279575E-002
           4          24  -3.4928774385895482E-013
           4          25  -3.0213640813486365E-011
           4          26  -2.8537353809146519E-003
           4          27   1.4130604017741447E-016
           4          28  -2.0323484974658594E-016
           4          29   4.2213220567052538E-016
           4          30  -4.1879909885566583E-016
           4          31   6.2149904844784450E-016
           4          32   5.3608758232618894E-017
           4          33   1.5884056674304105E-017
           4          34   7.1282792590285433E-016
           4          35  -7.0532055546331220E-016
           4          36   1.8612674207186406E-016
           5           1  -1.6978435475576262E-002
           5           2   4.8085107048433558E-002
           5           3 -0.14207690863985145     
           5           4  0.30420482616322359     
           5           5  0.42913678738638950     
           5           6  -8.2053434581052219E-015
           5           7  -1.3615210772580869E-014
           5           8  -6.1843840285539610E-015
           5           9   1.0678437119638013E-014
           5          10   3.6555417822393826E-014
           5          11   1.2696394027292254E-014
           5          12  -1.7395404976470609E-014
           5          13  -1.6303427714521596E-014
           5          14   3.4368114749836166E-014
           5          15  -4.9935773361408468E-002
           5          16  -8.4523890374157695E-011
           5          17  -3.5260295323259361E-002
           5          18  -7.5845275400463745E-013
           5          19  -5.5892133109495536E-011
           5          20  -3.1075615380636207E-002
           5          21  -7.2903388908002829E-003
           5          22   1.2492018988454982E-010
           5          23  -1.0053757496662215E-002
           5          24  -4.6191808997089128E-014
           5          25  -1.8370866142086241E-011
           5          26  -7.3197692607503686E-003
           5          27   1.1065006247451076E-015
           5          28   4.7260253906415879E-016
           5          29   1.5914496880507420E-016
           5          30  -6.2983136908233189E-016
           5          31   5.5599359483786367E-016
           5          32   5.8124379460449816E-017
           5          33   8.1501694285571692E-017
           5          34   2.0297892556737982E-016
           5          35  -2.8109933992513798E-016
           5          36   4.7557509968029195E-016
           6           1   4.8134734936197610E-014
           6           2  -1.3748802090777572E-013
           6           3   8.6652888122310093E-016
           6           4   1.5705882978032587E-015
           6           5  -8.2053434581052219E-015
           6           6   2.2798302271971460     
           6           7  -1.0652934736087498E-012
           6           8  -8.6793194832240444E-013
           6           9 -0.78973230510302450     
           6          10  -5.2916563965701384E-012
           6          11  -8.5314235032536239E-014
           6          12  -1.4084156525583874E-002
           6          13   9.5388352505595051E-012
           6          14   4.0189902123058069E-014
           6          15   7.6093266426756726E-015
           6          16   2.3804318582152818E-015
           6          17  -5.0020202914448981E-015
           6          18  -2.7077943308104139E-015
           6          19  -2.8042047802773724E-017
           6          20   1.3869217270824182E-015
           6          21   2.4892496110871413E-016
           6          22  -5.4766423663735293E-015
           6          23  -1.8048587629951823E-016
           6          24  -1.5030542842258946E-015
           6          25  -9.4508141641118115E-016
           6          26  -1.1711639988751101E-015
           6          27  -9.1402926171938650E-003
           6          28   1.8484334128500331E-010
           6          29  -6.6640961972294225E-003
           6          30   7.4019116764870648E-011
           6          31  -1.2603106325777431E-013
           6          32  -6.5074575062598932E-012
           6          33  -1.6794751742283837E-014
           6          34  -2.5190783875076094E-003
           6          35  -2.8419100276999252E-010
           6          36   9.5061902307782954E-014
           7           1   2.2779900328454570E-014
           7           2  -6.8810411251949824E-014
           7           3   3.4078992198090594E-014
           7           4   1.8817100581971566E-014
           7           5  -1.3615210772580869E-014
           7           6  -1.0652934736087498E-012
           7           7   2.2794774196793086     
           7           8   1.4005649412866461E-011
           7           9  -5.2988046640538998E-012
           7          10 -0.78843052404700287     
           7          11   9.2075962540749267E-013
           7          12   9.7096424494689355E-012
           7          13  -1.5621537419273262E-002
           7          14   1.1681705404377557E-012
           7          15  -1.9716233806397479E-014
           7          16   9.4506042366169024E-015
           7          17  -1.4986806935090879E-014
           7          18   2.9921837835827938E-015
           7          19  -4.7734785620893027E-015
           7          20  -2.7892556858462487E-014
           7          21   2.6302871295522529E-018
           7          22  -5.1670073840599571E-015
           7          23  -1.3317434744545830E-014
           7          24  -1.1209884328465270E-014
           7          25  -1.3840338017593143E-015
           7          26  -9.8977923896607541E-015
           7          27   1.7155402739392711E-010
           7          28  -9.7581761153524068E-003
           7          29   6.9203184107690185E-011
           7          30  -3.0482291971256322E-003
           7          31  -4.8149794724264531E-012
           7          32  -5.8024193555322608E-014
           7          33  -1.7977679866818263E-012
           7          34  -2.9931729368311590E-010
           7          35  -7.8325589789141007E-003
           7          36   4.2729011013617876E-012
           8           1   2.8794891540276173E-014
           8           2  -1.0261997056090536E-013
           8           3  -7.0472056744019020E-014
           8           4   1.1166629035897059E-014
           8           5  -6.1843840285539610E-015
           8           6  -8.6793194832240444E-013
           8           7   1.4005649412866461E-011
           8           8   2.2796569513517593     
           8           9  -8.3761187599886848E-014
           8          10   9.5441503383184319E-013
           8          11 -0.78910151731134870     
           8          12   3.6091891053447385E-014
           8          13   1.1536296312564440E-012
           8          14  -1.4922335845962195E-002
           8          15   1.3999327077500127E-014
           8          16  -3.0955309498114905E-015
           8          17   1.4579973100339158E-014
           8          18   5.5552252104200781E-015
           8          19   1.1585690578306734E-014
           8          20  -7.3504628737395022E-015
           8          21  -5.6262275967719736E-015
           8          22  -4.2722417665247244E-015
           8          23  -2.8099864270196007E-015
           8          24   3.3980070166884080E-015
           8          25  -5.5437594276666860E-015
           8          26  -1.7700775277689957E-015
           8          27  -5.1620819125687526E-014
           8          28  -4.5500402995844052E-012
           8          29  -1.3570366953431309E-014
           8          30  -7.7540495616185068E-014
           8          31  -3.6858756258997321E-003
           8          32  -3.7123276640884221E-010
           8          33  -6.2669815795753968E-003
           8          34   7.1807602632829003E-014
           8          35   3.7338824584711567E-012
           8          36  -8.6684905893425132E-003
           9           1   4.4533962322222834E-014
           9           2  -1.3941157702996540E-013
           9           3  -6.2110737727660685E-014
           9           4   5.0015487933274275E-015
           9           5   1.0678437119638013E-014
           9           6 -0.78973230510302450     
           9           7  -5.2988046640538998E-012
           9           8  -8.3761187599886848E-014
           9           9   2.2374636252543390     
           9          10   2.3159746876862750E-011
           9          11   2.6897245427726311E-013
           9          12   2.7891617257223812E-002
           9          13  -2.5681766646049094E-011
           9          14  -1.1026811003002574E-013
           9          15  -7.1201209808587406E-015
           9          16  -2.3676946158942425E-014
           9          17   4.2197306553201235E-014
           9          18   1.6721517479205707E-014
           9          19   5.8476488133238706E-015
           9          20   2.4519789920168844E-014
           9          21  -1.4711070319557859E-015
           9          22   2.0190054172220759E-014
           9          23   2.2354616528309835E-015
           9          24   3.8066370358740756E-016
           9          25  -1.4985318536499770E-015
           9          26  -1.0649947836532165E-015
           9          27   9.9249061692907922E-003
           9          28  -6.1390270526114296E-010
           9          29   1.3923342073292398E-002
           9          30  -2.3847512511910862E-010
           9          31   3.5892196146086220E-013
           9          32   2.0568767344204864E-011
           9          33   4.0541970935002508E-014
           9          34  -1.2753396286859647E-004
           9          35   9.2295422179777117E-010
           9          36  -3.4867115422918911E-013
          10           1  -1.5599652166867079E-014
          10           2   4.2892083609282594E-014
          10           3  -1.0456828804159977E-013
          10           4  -3.3243590827065885E-015
          10           5   3.6555417822393826E-014
          10           6  -5.2916563965701384E-012
          10           7 -0.78843052404700287     
          10           8   9.5441503383184319E-013
          10           9   2.3159746876862750E-011
          10          10   2.2326447585377194     
          10          11   5.1703144544487540E-013
          10          12  -2.6142332429538751E-011
          10          13   3.2027916240490603E-002
          10          14  -3.4326364049676313E-012
          10          15   6.3958016729486882E-014
          10          16  -4.1418157467879252E-014
          10          17   1.4310967777628852E-014
          10          18  -7.9254348782120079E-015
          10          19   1.7633248088983799E-014
          10          20   7.4217456336173834E-014
          10          21  -1.5744487027906650E-014
          10          22   1.9418140029377257E-014
          10          23   1.1214618965241762E-014
          10          24   1.2982920075037221E-014
          10          25  -3.4022757644763002E-016
          10          26   6.2240124250237182E-015
          10          27  -5.5253978336739891E-010
          10          28   2.2566125319757074E-002
          10          29  -2.3697192518589732E-010
          10          30  -7.6717951879488738E-003
          10          31   1.4925236882616794E-011
          10          32   1.8404140421738784E-013
          10          33   4.4286804159771602E-012
          10          34   9.6710640551568548E-010
          10          35   1.6828302041831170E-002
          10          36  -1.5097904736414310E-011
          11           1   6.7451874910926789E-014
          11           2  -2.0596498785829205E-013
          11           3   1.6153440092500692E-013
          11           4  -2.3363394403668994E-014
          11           5   1.2696394027292254E-014
          11           6  -8.5314235032536239E-014
          11           7   9.2075962540749267E-013
          11           8 -0.78910151731134870     
          11           9   2.6897245427726311E-013
          11          10   5.1703144544487540E-013
          11          11   2.2351550371996538     
          11          12  -9.9040681139805284E-014
          11          13  -3.3770995878315059E-012
          11          14   3.0166889664536761E-002
          11          15  -3.0818036863377112E-014
          11          16   9.6591416713461611E-015
          11          17  -3.2376415124056182E-014
          11          18  -1.8623203387065740E-014
          11          19  -4.0000804703907023E-014
          11          20   3.7758285359197830E-014
          11          21   1.3554883417086067E-014
          11          22   1.2520557180893597E-014
          11          23   4.6984305446080876E-015
          11          24  -3.2306160103639303E-015
          11          25   2.0303310946028244E-014
          11          26   1.3082400026662719E-015
          11          27   1.2521364316854142E-013
          11          28   1.4162878102894468E-011
          11          29   2.6812287564100814E-014
          11          30  -1.1633932565256939E-012
          11          31   3.0944183891878172E-003
          11          32   1.1895934095679912E-009
          11          33   1.2480499266002511E-002
          11          34  -2.7280389954091682E-013
          11          35  -1.3452111880067862E-011
          11          36   9.3324170815702445E-003
          12           1   3.4229995285311362E-015
          12           2  -2.0536621080477279E-014
          12           3  -8.2244351281542044E-015
          12           4  -1.2619153354260777E-014
          12           5  -1.7395404976470609E-014
          12           6  -1.4084156525583874E-002
          12           7   9.7096424494689355E-012
          12           8   3.6091891053447385E-014
          12           9   2.7891617257223812E-002
          12          10  -2.6142332429538751E-011
          12          11  -9.9040681139805284E-014
          12          12   3.6563272599580288E-004
          12          13  -9.1437162484884627E-013
          12          14  -2.4471269200477377E-015
          12          15  -8.4715729946481215E-015
          12          16   8.2237169797528562E-015
          12          17   5.1977228565082711E-015
          12          18   4.6313087430884095E-015
          12          19  -1.3190626983825692E-014
          12          20   8.3761343466143966E-015
          12          21  -4.8471270977986774E-015
          12          22   4.1754329164095252E-015
          12          23   1.9821220712418552E-015
          12          24   1.9903974273133305E-015
          12          25  -6.7129222074322150E-015
          12          26   3.5407613976446516E-015
          12          27   2.0736169956714638E-004
          12          28  -4.6044227449058383E-012
          12          29   1.5814747365699826E-004
          12          30  -6.5786468268836759E-012
          12          31   1.2427389088944329E-014
          12          32   2.7070148508569127E-013
          12          33  -1.3074030618591765E-015
          12          34  -7.1041635532398476E-005
          12          35   1.2829950468195358E-011
          12          36  -9.4980353388381381E-015
          13           1   3.1031440914127423E-014
          13           2  -1.0390621425097189E-013
          13           3   1.8940862826173129E-014
          13           4  -1.2071778317476877E-014
          13           5  -1.6303427714521596E-014
          13           6   9.5388352505595051E-012
          13           7  -1.5621537419273262E-002
          13           8   1.1536296312564440E-012
          13           9  -2.5681766646049094E-011
          13          10   3.2027916240490603E-002
          13          11  -3.3770995878315059E-012
          13          12  -9.1437162484884627E-013
          13          13   4.8477024866821686E-004
          13          14  -8.2142956445787887E-014
          13          15   3.4241315692225669E-014
          13          16   7.9600260129772415E-015
          13          17   3.4731998885001511E-015
          13          18  -6.3341071315546086E-015
          13          19  -3.2417559176463376E-014
          13          20  -2.9396680839957525E-014
          13          21   1.5447517571202164E-014
          13          22   3.8930145563469805E-015
          13          23   1.2894515579958809E-015
          13          24  -2.5970879285688865E-015
          13          25  -1.6982627580859667E-014
          13          26  -1.4970044848086950E-014
          13          27  -6.5855450182697527E-012
          13          28   3.2959648596065359E-004
          13          29  -8.9663208772830013E-012
          13          30  -1.2652488562436747E-004
          13          31   1.6839426264861482E-013
          13          32   1.1291244841252121E-015
          13          33   1.7596821197193637E-013
          13          34   1.7213554767292059E-011
          13          35   2.8875178285679432E-004
          13          36  -2.8641120507414375E-013
          14           1  -5.3536071723805475E-015
          14           2   1.9628621977308617E-014
          14           3  -5.8347072318623907E-014
          14           4   2.4083057612689666E-014
          14           5   3.4368114749836166E-014
          14           6   4.0189902123058069E-014
          14           7   1.1681705404377557E-012
          14           8  -1.4922335845962195E-002
          14           9  -1.1026811003002574E-013
          14          10  -3.4326364049676313E-012
          14          11   3.0166889664536761E-002
          14          12  -2.4471269200477377E-015
          14          13  -8.2142956445787887E-014
          14          14   4.2994018532704122E-004
          14          15   2.6573467642726071E-014
          14          16  -2.3050824360488286E-014
          14          17   4.8829951904950062E-015
          14          18   2.1759907854981069E-014
          14          19   1.1202090202479710E-014
          14          20  -4.2387711168842586E-014
          14          21   1.5031386567933053E-014
          14          22  -1.2032560791091711E-014
          14          23   2.6596455631519890E-015
          14          24   9.9929872335411828E-015
          14          25   6.0104656712545468E-015
          14          26  -2.0482122052575599E-014
          14          27   8.7114573069245353E-015
          14          28   1.3786700250068166E-013
          14          29  -3.0180071341392684E-015
          14          30   6.2152297774429120E-015
          14          31  -2.6801704721661360E-006
          14          32   1.9615105491813033E-011
          14          33   2.3070289375173988E-004
          14          34  -1.0489143419412105E-014
          14          35  -1.8674193138497567E-013
          14          36   1.3461377455597104E-004
          15           1   1.8815158499595502E-002
          15           2  -1.8170060443465662E-002
          15           3   2.4973481582503169E-002
          15           4  -2.6055446503281149E-002
          15           5  -4.9935773361408468E-002
          15           6   7.6093266426756726E-015
          15           7  -1.9716233806397479E-014
          15           8   1.3999327077500127E-014
          15           9  -7.1201209808587406E-015
          15          10   6.3958016729486882E-014
          15          11  -3.0818036863377112E-014
          15          12  -8.4715729946481215E-015
          15          13   3.4241315692225669E-014
          15          14   2.6573467642726071E-014
          15          15  0.61034461441117960     
          15          16  -1.7542825344748379E-008
          15          17 -0.16645370644513185     
          15          18   4.0874588573521822E-012
          15          19   4.6191268111543223E-010
          15          20 -0.42726771557140764     
          15          21  0.30056388105932813     
          15          22  -8.8089190926226279E-009
          15          23  -8.2410510623380201E-002
          15          24   3.2118287781209631E-012
          15          25   2.3595724686395634E-010
          15          26 -0.20999041283551503     
          15          27   5.1788129817754022E-016
          15          28  -1.4107263198989219E-015
          15          29   2.8457705966197322E-016
          15          30   1.4013577760079070E-016
          15          31   5.0933431612916188E-015
          15          32  -3.5484717702345771E-016
          15          33   7.4161938517503632E-016
          15          34   5.7384694027313816E-016
          15          35   1.1496904305705084E-015
          15          36   1.2585104740325993E-015
          16           1  -3.0590090255953497E-011
          16           2   1.0384204591180053E-010
          16           3  -3.9653311845894822E-010
          16           4   4.1277786093553722E-010
          16           5  -8.4523890374157695E-011
          16           6   2.3804318582152818E-015
          16           7   9.4506042366169024E-015
          16           8  -3.0955309498114905E-015
          16           9  -2.3676946158942425E-014
          16          10  -4.1418157467879252E-014
          16          11   9.6591416713461611E-015
          16          12   8.2237169797528562E-015
          16          13   7.9600260129772415E-015
          16          14  -2.3050824360488286E-014
          16          15  -1.7542825344748379E-008
          16          16   1.2177982798420590     
          16          17  -7.1974076980181852E-009
          16          18   3.6879639822705866E-010
          16          19   3.6543108509898550E-013
          16          20   2.4813460210198094E-008
          16          21  -8.7436666873967619E-009
          16          22  0.61414228053336628     
          16          23  -4.7254246462771899E-009
          16          24   1.9515633074579903E-010
          16          25  -2.4056298052785693E-013
          16          26   1.3644319010571152E-008
          16          27   1.4436440228465588E-014
          16          28  -4.0332401471588670E-015
          16          29  -5.7298944120075663E-015
          16          30   1.1407570718731350E-014
          16          31   6.3455538883725102E-017
          16          32  -1.1440022716452515E-015
          16          33  -5.4004727987884365E-016
          16          34   6.5275063474120638E-015
          16          35   4.7551039614143767E-015
          16          36  -8.6365136672953069E-016
          17           1   1.9783623444617118E-002
          17           2  -2.1496724119494364E-002
          17           3   4.2377831634458928E-002
          17           4  -3.9450794534237901E-002
          17           5  -3.5260295323259361E-002
          17           6  -5.0020202914448981E-015
          17           7  -1.4986806935090879E-014
          17           8   1.4579973100339158E-014
          17           9   4.2197306553201235E-014
          17          10   1.4310967777628852E-014
          17          11  -3.2376415124056182E-014
          17          12   5.1977228565082711E-015
          17          13   3.4731998885001511E-015
          17          14   4.8829951904950062E-015
          17          15 -0.16645370644513185     
          17          16  -7.1974076980181852E-009
          17          17  0.50055011389583270     
          17          18   4.5330901557282400E-012
          17          19  -1.7438889104545049E-011
          17          20 -0.32776448070064723     
          17          21  -8.5478282877904738E-002
          17          22  -4.7960216003270505E-009
          17          23  0.23695453909875952     
          17          24   2.0774645155998994E-012
          17          25   3.4766404382448861E-012
          17          26 -0.15640666834110456     
          17          27  -1.4029539641280065E-016
          17          28   4.5690246122500421E-015
          17          29  -3.2446834957782565E-015
          17          30   6.9037544445140426E-016
          17          31  -2.8909664376871939E-015
          17          32   1.2890502270053484E-015
          17          33  -5.7863525715959865E-015
          17          34   4.4812477505773669E-015
          17          35   6.9320271571913701E-015
          17          36   3.7651931280832977E-015
          18           1   2.0517489632517671E-015
          18           2   8.8718872295607753E-015
          18           3   7.5406840025901338E-013
          18           4  -1.2550892381571025E-012
          18           5  -7.5845275400463745E-013
          18           6  -2.7077943308104139E-015
          18           7   2.9921837835827938E-015
          18           8   5.5552252104200781E-015
          18           9   1.6721517479205707E-014
          18          10  -7.9254348782120079E-015
          18          11  -1.8623203387065740E-014
          18          12   4.6313087430884095E-015
          18          13  -6.3341071315546086E-015
          18          14   2.1759907854981069E-014
          18          15   4.0874588573521822E-012
          18          16   3.6879639822705866E-010
          18          17   4.5330901557282400E-012
          18          18  0.64135940484601539     
          18          19   2.5737488752645833E-008
          18          20  -8.7159483728081536E-012
          18          21   3.0796407947274248E-012
          18          22   1.9311805787657582E-010
          18          23   1.9853684150166453E-012
          18          24  0.29282298106539728     
          18          25   1.4006531600018490E-008
          18          26  -5.4392533041198964E-012
          18          27   1.4909052939746087E-016
          18          28   1.4108901191881291E-015
          18          29   1.1606163837264627E-015
          18          30  -1.2677660845386716E-015
          18          31  -3.4844952935073807E-015
          18          32  -5.4514752549841976E-015
          18          33   4.6292089248719154E-015
          18          34  -8.5235327185977060E-015
          18          35  -2.6861539167810644E-016
          18          36   8.8704942841146231E-015
          19           1   4.6173217664164891E-012
          19           2  -1.4487624915393273E-011
          19           3   5.3642537918212982E-011
          19           4  -7.6568600581493204E-011
          19           5  -5.5892133109495536E-011
          19           6  -2.8042047802773724E-017
          19           7  -4.7734785620893027E-015
          19           8   1.1585690578306734E-014
          19           9   5.8476488133238706E-015
          19          10   1.7633248088983799E-014
          19          11  -4.0000804703907023E-014
          19          12  -1.3190626983825692E-014
          19          13  -3.2417559176463376E-014
          19          14   1.1202090202479710E-014
          19          15   4.6191268111543223E-010
          19          16   3.6543108509898550E-013
          19          17  -1.7438889104545049E-011
          19          18   2.5737488752645833E-008
          19          19   1.2088322903506117     
          19          20  -4.3760749652776838E-010
          19          21   2.3351229113604248E-010
          19          22  -2.5102462438327195E-013
          19          23  -2.5690627767516615E-013
          19          24   1.3979711909454257E-008
          19          25  0.61814216960824186     
          19          26  -2.4466945676783210E-010
          19          27  -9.1105094346479258E-016
          19          28  -2.3951408191996359E-015
          19          29   3.2483099877215778E-016
          19          30  -4.0680940879519998E-015
          19          31   6.2185365062973308E-015
          19          32  -5.6121626897066632E-015
          19          33  -6.2033475063661988E-015
          19          34  -2.1662593035183073E-016
          19          35  -4.0881731179876621E-015
          19          36   1.3624683405251141E-014
          20           1   1.8795703298082146E-002
          20           2  -1.8579202050540051E-002
          20           3   2.6323383214787596E-002
          20           4  -1.6944500250094009E-002
          20           5  -3.1075615380636207E-002
          20           6   1.3869217270824182E-015
          20           7  -2.7892556858462487E-014
          20           8  -7.3504628737395022E-015
          20           9   2.4519789920168844E-014
          20          10   7.4217456336173834E-014
          20          11   3.7758285359197830E-014
          20          12   8.3761343466143966E-015
          20          13  -2.9396680839957525E-014
          20          14  -4.2387711168842586E-014
          20          15 -0.42726771557140764     
          20          16   2.4813460210198094E-008
          20          17 -0.32776448070064723     
          20          18  -8.7159483728081536E-012
          20          19  -4.3760749652776838E-010
          20          20  0.76602120492744219     
          20          21 -0.21163568821453654     
          20          22   1.3597359501934636E-008
          20          23 -0.15320118219918000     
          20          24  -5.4152399319456484E-012
          20          25  -2.3855689569059011E-010
          20          26  0.36962605267667720     
          20          27  -1.7921920269187307E-015
          20          28  -1.0190237304463441E-015
          20          29   3.2290352717002364E-015
          20          30  -2.9748355157390713E-016
          20          31  -1.9757594222662614E-015
          20          32  -1.2960526954917251E-015
          20          33   3.1642129829861754E-015
          20          34  -3.6764232637207967E-015
          20          35  -7.0936038947085869E-015
          20          36  -6.0245810020176352E-015
          21           1   1.3681334357789003E-003
          21           2  -7.2947890206276917E-003
          21           3   9.6002190564049832E-003
          21           4  -5.0805356613276573E-004
          21           5  -7.2903388908002829E-003
          21           6   2.4892496110871413E-016
          21           7   2.6302871295522529E-018
          21           8  -5.6262275967719736E-015
          21           9  -1.4711070319557859E-015
          21          10  -1.5744487027906650E-014
          21          11   1.3554883417086067E-014
          21          12  -4.8471270977986774E-015
          21          13   1.5447517571202164E-014
          21          14   1.5031386567933053E-014
          21          15  0.30056388105932813     
          21          16  -8.7436666873967619E-009
          21          17  -8.5478282877904738E-002
          21          18   3.0796407947274248E-012
          21          19   2.3351229113604248E-010
          21          20 -0.21163568821453654     
          21          21  0.14878511041188811     
          21          22  -4.3972773934514712E-009
          21          23  -4.1950233582866162E-002
          21          24   2.0856906726587862E-012
          21          25   1.1995243930781249E-010
          21          26 -0.10370387138957289     
          21          27   2.0969990313960685E-016
          21          28  -1.2025615511649279E-015
          21          29   3.0936291682835163E-016
          21          30   2.9670039393268204E-016
          21          31   2.5356995676567516E-015
          21          32  -1.3675584631738207E-016
          21          33   7.1054369075482238E-016
          21          34   5.4489269314004227E-016
          21          35   1.2853311369864976E-016
          21          36   7.8435759625151977E-016
          22           1  -2.9407538795210449E-011
          22           2   1.0107500117035050E-010
          22           3  -3.4239543547066407E-010
          22           4   3.2720242944366974E-010
          22           5   1.2492018988454982E-010
          22           6  -5.4766423663735293E-015
          22           7  -5.1670073840599571E-015
          22           8  -4.2722417665247244E-015
          22           9   2.0190054172220759E-014
          22          10   1.9418140029377257E-014
          22          11   1.2520557180893597E-014
          22          12   4.1754329164095252E-015
          22          13   3.8930145563469805E-015
          22          14  -1.2032560791091711E-014
          22          15  -8.8089190926226279E-009
          22          16  0.61414228053336628     
          22          17  -4.7960216003270505E-009
          22          18   1.9311805787657582E-010
          22          19  -2.5102462438327195E-013
          22          20   1.3597359501934636E-008
          22          21  -4.3972773934514712E-009
          22          22  0.31041567810284332     
          22          23  -2.9413486549492792E-009
          22          24   1.0242624986989180E-010
          22          25  -3.1413362957368993E-013
          22          26   7.4175729950000069E-009
          22          27   7.2305018015596608E-015
          22          28  -1.5769149654411765E-015
