           1           1   2.2521683920336630     
           1           2 -0.82359147650870002     
           1           3  0.26126151327950609     
           1           4   1.0131653563579941E-002
           1           5  -1.8414721193243645E-002
           1           6   7.9491346131689770E-010
           1           7  -3.1512006690098965E-010
           1           8  -2.0973322592166713E-010
           1           9  -2.1060023321226003E-009
           1          10   7.7531010474675631E-010
           1          11   3.5244366008129106E-010
           1          12  -2.6359911791504087E-010
           1          13   4.3721762360630224E-010
           1          14   1.9260435033934477E-010
           1          15  -8.3935193009065725E-011
           1          16   1.6750885840784750E-010
           1          17   6.0457269421599803E-011
           1          18   1.1993996715186082E-002
           1          19   2.4074962783327602E-004
           1          20   1.2441817056531478E-002
           1          21  -5.4300257156176634E-005
           1          22  -1.3799594546581528E-004
           1          23   1.1938910284473497E-002
           1          24  -1.0927128664980575E-002
           1          25   5.7275899143324943E-005
           1          26  -1.0820586327843690E-002
           1          27  -1.2918671056708810E-005
           1          28  -3.2831553654372448E-005
           1          29  -1.0940233238191252E-002
           1          30  -1.7198366618854349E-002
           1          31  -7.4283347606308070E-005
           1          32  -1.7336539872511061E-002
           1          33   1.6754243707681540E-005
           1          34   4.2578262091038743E-005
           1          35  -1.7181369366034462E-002
           2           1 -0.82359147650870002     
           2           2   2.6849437761586179     
           2           3  -1.0935808438110739     
           2           4  0.14711191586943168     
           2           5   6.9502077344003932E-002
           2           6  -1.9193575228752798E-009
           2           7   8.0710269088566613E-010
           2           8   7.3276869105788677E-010
           2           9   5.2581334519608707E-009
           2          10  -1.9665909373108581E-009
           2          11  -1.1199320340145131E-009
           2          12   8.3568120787590262E-010
           2          13  -1.3887342920194301E-009
           2          14  -6.1054912038574651E-010
           2          15   2.6159171050786448E-010
           2          16  -5.1976918186992203E-010
           2          17  -1.9137450820914827E-010
           2          18  -1.1710868601781318E-002
           2          19  -5.9984072606785691E-004
           2          20  -1.2826636111020423E-002
           2          21   1.3529208078478627E-004
           2          22   3.4382440720193434E-004
           2          23  -1.1573617683123830E-002
           2          24  -1.2285023270961221E-003
           2          25  -9.4052371512516348E-005
           2          26  -1.4034594210151265E-003
           2          27   2.1214247145287475E-005
           2          28   5.3915098753229038E-005
           2          29  -1.2069848756049873E-003
           2          30   2.7852809565339807E-003
           2          31   2.2961757434227046E-004
           2          32   3.2123887488231251E-003
           2          33  -5.1789082409366442E-005
           2          34  -1.3161374218892213E-004
           2          35   2.7327406186589982E-003
           3           1  0.26126151327950609     
           3           2  -1.0935808438110739     
           3           3   2.6688487410316499     
           3           4 -0.46268769228622425     
           3           5 -0.24865643007320068     
           3           6   2.5511993064599822E-009
           3           7  -1.4204653547178759E-010
           3           8   3.3707423687377688E-010
           3           9  -4.7382827432537953E-009
           3          10  -4.2741717448800879E-010
           3          11  -1.1975086647475834E-010
           3          12  -2.6231869920375356E-009
           3          13   4.8378414379630488E-009
           3          14   2.0963639270919902E-009
           3          15  -9.9134454655813023E-010
           3          16   2.1082162417196690E-009
           3          17   6.9531888629650090E-010
           3          18   1.6320996941730063E-002
           3          19   4.0944131238445395E-003
           3          20   2.3937059799085815E-002
           3          21  -9.2347920641955598E-004
           3          22  -2.3468850573555699E-003
           3          23   1.5384145651199038E-002
           3          24  -2.2068072484088923E-002
           3          25   1.3786693409146996E-003
           3          26  -1.9503539504524232E-002
           3          27  -3.1095637653145622E-004
           3          28  -7.9026246412476132E-004
           3          29  -2.2383515655480857E-002
           3          30  -2.8190151568028919E-002
           3          31  -8.4109568456875762E-004
           3          32  -2.9754664731011203E-002
           3          33   1.8970511038752386E-004
           3          34   4.8210672551118362E-004
           3          35  -2.7997696025151043E-002
           4           1   1.0131653563579941E-002
           4           2  0.14711191586943168     
           4           3 -0.46268769228622425     
           4           4  0.39582116984891380     
           4           5  0.27859500515436508     
           4           6  -3.2992451737777043E-008
           4           7   1.1819730646335335E-008
           4           8   1.7001647219403531E-009
           4           9   8.1826612813589947E-008
           4          10  -3.0136583697380817E-008
           4          11  -8.5096087274313199E-009
           4          12   3.3665766342885823E-009
           4          13  -7.0071436738324298E-009
           4          14  -2.3338919191317432E-009
           4          15   4.6112892029271480E-010
           4          16  -4.4198018566812161E-009
           4          17  -4.3233514170340760E-010
           4          18  -3.5502059400070725E-003
           4          19  -9.0951375022137355E-003
           4          20  -2.0468173340547225E-002
           4          21   2.0513789835021564E-003
           4          22   5.2132737503916230E-003
           4          23  -1.4691337091717782E-003
           4          24   6.6268393531396297E-002
           4          25  -3.6279224795621057E-003
           4          26   5.9520000103145086E-002
           4          27   8.1826735492856377E-004
           4          28   2.0795176378085364E-003
           4          29   6.7098492714199098E-002
           4          30   8.2307969119659416E-002
           4          31   8.4037250671433958E-004
           4          32   8.3871131191881013E-002
           4          33  -1.8954199180245667E-004
           4          34  -4.8169110818292379E-004
           4          35   8.2115678075319276E-002
           5           1  -1.8414721193243645E-002
           5           2   6.9502077344003932E-002
           5           3 -0.24865643007320068     
           5           4  0.27859500515436508     
           5           5  0.20032531906788978     
           5           6   1.9305782529142632E-009
           5           7  -1.0238757988856112E-009
           5           8  -1.5618836959371876E-009
           5           9  -5.0476136750628298E-009
           5          10   2.5709897583529169E-009
           5          11   4.0298455867114253E-009
           5          12   2.8291374382171150E-009
           5          13  -1.2503166030379672E-009
           5          14  -2.2369016401672798E-009
           5          15   2.5952563975218704E-009
           5          16   2.3400192026342808E-009
           5          17  -1.5320335240848649E-009
           5          18  -6.8584976379191861E-003
           5          19   1.8095336651670292E-003
           5          20  -3.4925157539153601E-003
           5          21  -4.0813821775093344E-004
           5          22  -1.0372347942001609E-003
           5          23  -7.2725271298226500E-003
           5          24   4.7533025406025248E-002
           5          25   2.1041597972381221E-004
           5          26   4.7924399708771576E-002
           5          27  -4.7459315703848095E-005
           5          28  -1.2060535199241680E-004
           5          29   4.7484876128972453E-002
           5          30   6.0549344138460179E-002
           5          31   1.8723818074878424E-003
           5          32   6.4032179503407491E-002
           5          33  -4.2230916671362841E-004
           5          34  -1.0732407352585654E-003
           5          35   6.0120923025725158E-002
           6           1   7.9491346131689770E-010
           6           2  -1.9193575228752798E-009
           6           3   2.5511993064599822E-009
           6           4  -3.2992451737777043E-008
           6           5   1.9305782529142632E-009
           6           6   2.3167651637707261     
           6           7   1.7081757251974422E-003
           6           8  -3.8527265847036025E-004
           6           9 -0.85412376871507112     
           6          10  -5.2801327097223381E-003
           6          11   1.1909152198251237E-003
           6          12  -1.5043454927848043E-002
           6          13   1.0195879361215380E-002
           6          14  -2.2996540597237593E-003
           6          15   1.0540964689142451E-002
           6          16   1.6002093258981474E-002
           6          17  -3.6092280266565666E-003
           6          18  -6.8891847319537007E-009
           6          19   4.2642883556835177E-009
           6          20   8.3834070212301682E-009
           6          21   1.5215815013695932E-010
           6          22  -2.9065343268773439E-009
           6          23   1.0315057521778407E-008
           6          24   5.4262461440353453E-009
           6          25   1.3671489848384079E-009
           6          26   2.4937707707057051E-009
           6          27   3.5001020277872771E-009
           6          28  -1.3312338555721805E-009
           6          29   8.5065189558810815E-009
           6          30   2.9341556007388985E-009
           6          31  -1.3605603182410226E-009
           6          32   8.9404396162323678E-009
           6          33  -1.5122470249089850E-009
           6          34   3.2879219600727782E-009
           6          35   1.1268904167663774E-008
           7           1  -3.1512006690098965E-010
           7           2   8.0710269088566613E-010
           7           3  -1.4204653547178759E-010
           7           4   1.1819730646335335E-008
           7           5  -1.0238757988856112E-009
           7           6   1.7081757251974422E-003
           7           7   2.3204337542980582     
           7           8  -9.7904716252741734E-004
           7           9  -5.2801329317427358E-003
           7          10 -0.86546392612851353     
           7          11   3.0263684740478771E-003
           7          12   1.0195878638738423E-002
           7          13   6.8561789035206291E-003
           7          14  -5.8442790658245645E-003
           7          15   1.6002089585396267E-002
           7          16   4.4911641235646227E-002
           7          17  -9.1724003295967343E-003
           7          18   1.9644754864579810E-009
           7          19  -2.2948094083581109E-009
           7          20  -2.8491952856838712E-009
           7          21  -9.0612245962312051E-012
           7          22   1.4335046703865270E-009
           7          23  -4.3982387452161001E-009
           7          24  -1.8097140750720218E-009
           7          25  -5.7877087908945152E-010
           7          26  -1.1587887194801773E-009
           7          27  -1.3382840475022914E-009
           7          28   4.3229369611124760E-010
           7          29  -3.4650714342982049E-009
           7          30  -9.9443158425048935E-010
           7          31   5.9456230529820594E-010
           7          32  -3.1655055364655248E-009
           7          33   6.8230589693462812E-010
           7          34  -1.2634383627422990E-009
           7          35  -4.4163526248380231E-009
           8           1  -2.0973322592166713E-010
           8           2   7.3276869105788677E-010
           8           3   3.3707423687377688E-010
           8           4   1.7001647219403531E-009
           8           5  -1.5618836959371876E-009
           8           6  -3.8527265847036025E-004
           8           7  -9.7904716252741734E-004
           8           8   2.3163137870279531     
           8           9   1.1909149764732160E-003
           8          10   3.0263685526563618E-003
           8          11 -0.85272855604542563     
           8          12  -2.2996505878406111E-003
           8          13  -5.8442817148454968E-003
           8          14  -1.7737246286382295E-002
           8          15  -3.6092270658013561E-003
           8          16  -9.1723996924921985E-003
           8          17   6.3131497426006621E-003
           8          18  -5.4142103589460911E-010
           8          19  -1.5853109927230366E-009
           8          20  -1.3468460213570611E-010
           8          21   1.7907676889110400E-010
           8          22   1.0087335810129936E-009
           8          23  -1.3191589436703088E-009
           8          24   5.3217487900099863E-010
           8          25   8.9722368763346333E-011
           8          26   6.1262255007900731E-011
           8          27  -8.3071087702647400E-011
           8          28  -1.5646367398648520E-010
           8          29  -7.8862301165635709E-010
           8          30   3.5136870003142482E-011
           8          31   2.6870819356603290E-010
           8          32  -1.5734344453131333E-010
           8          33   3.6764699423285150E-011
           8          34  -1.6551043141275100E-010
           8          35  -1.5762148156386890E-010
           9           1  -2.1060023321226003E-009
           9           2   5.2581334519608707E-009
           9           3  -4.7382827432537953E-009
           9           4   8.1826612813589947E-008
           9           5  -5.0476136750628298E-009
           9           6 -0.85412376871507112     
           9           7  -5.2801329317427358E-003
           9           8   1.1909149764732160E-003
           9           9   2.3052430597059699     
           9          10   1.6317510283263538E-002
           9          11  -3.6803583582585560E-003
           9          12   1.8812891035831121E-002
           9          13  -3.1395107985424338E-002
           9          14   7.0810841633099616E-003
           9          15  -2.3750754616927827E-002
           9          16  -4.9780033977063050E-002
           9          17   1.1227749376798447E-002
           9          18   1.7333738798591484E-008
           9          19  -1.0438215536573743E-008
           9          20  -2.2266572483794726E-008
           9          21  -2.3649281397773107E-010
           9          22   7.4845429459361307E-009
           9          23  -2.6908946904476004E-008
           9          24  -1.3091305802926998E-008
           9          25  -3.6585626523497751E-009
           9          26  -5.8704584867434583E-009
           9          27  -8.9873873387549510E-009
           9          28   3.3510924233612959E-009
           9          29  -2.1351195190839471E-008
           9          30  -7.0762557975765647E-009
           9          31   3.4708439386718318E-009
           9          32  -2.2447548659692588E-008
           9          33   3.9792181557437127E-009
           9          34  -8.5107193080747559E-009
           9          35  -2.8138748118536759E-008
          10           1   7.7531010474675631E-010
          10           2  -1.9665909373108581E-009
          10           3  -4.2741717448800879E-010
          10           4  -3.0136583697380817E-008
          10           5   2.5709897583529169E-009
          10           6  -5.2801327097223381E-003
          10           7 -0.86546392612851353     
          10           8   3.0263685526563618E-003
          10           9   1.6317510283263538E-002
          10          10   2.3402887311767042     
          10          11  -9.3526731089125324E-003
          10          12  -3.1395106489756880E-002
          10          13  -4.8620342561989577E-002
          10          14   1.7995678035958102E-002
          10          15  -4.9780022427128569E-002
          10          16 -0.13067261445870135     
          10          17   2.8533917552918130E-002
          10          18  -4.6549649708121940E-009
          10          19   5.9032743142997324E-009
          10          20   7.4679222648783673E-009
          10          21   1.2369982452332119E-011
          10          22  -3.6986036248760056E-009
          10          23   1.1460457254946758E-008
          10          24   4.7880690519277139E-009
          10          25   1.5688562795418686E-009
          10          26   3.0156456386462305E-009
          10          27   3.4138750736760622E-009
          10          28  -1.1171799420654719E-009
          10          29   9.0451491560439040E-009
          10          30   2.7931576690995515E-009
          10          31  -1.5360821936388713E-009
          10          32   8.2714060964860595E-009
          10          33  -1.7904985082508595E-009
          10          34   3.2360384646146372E-009
          10          35   1.1550421378048029E-008
          11           1   3.5244366008129106E-010
          11           2  -1.1199320340145131E-009
          11           3  -1.1975086647475834E-010
          11           4  -8.5096087274313199E-009
          11           5   4.0298455867114253E-009
          11           6   1.1909152198251237E-003
          11           7   3.0263684740478771E-003
          11           8 -0.85272855604542563     
          11           9  -3.6803583582585560E-003
          11          10  -9.3526731089125324E-003
          11          11   2.3009314420827813     
          11          12   7.0810751966432321E-003
          11          13   1.7995684693743044E-002
          11          14   2.7107603917960556E-002
          11          15   1.1227746257883114E-002
          11          16   2.8533915471176785E-002
          11          17  -1.0598675873340253E-002
          11          18   1.7138977524704600E-009
          11          19   4.7862168944061070E-009
          11          20  -1.7111538010052645E-010
          11          21  -4.8102026382704569E-010
          11          22  -2.8967862811588820E-009
          11          23   3.5871302439636911E-009
          11          24  -1.0749896598489948E-010
          11          25  -2.1809106432245776E-010
          11          26   7.8962859159860927E-010
          11          27   2.3192953570965080E-010
          11          28   2.1484136760662585E-010
          11          29   2.8041379220947679E-009
          11          30   1.0060485102233520E-009
          11          31  -7.3014901879011454E-010
          11          32   1.4146529026353403E-009
          11          33  -3.3226354964197704E-011
          11          34   3.6341358976416161E-010
          11          35   1.7995918272924028E-009
          12           1  -2.6359911791504087E-010
          12           2   8.3568120787590262E-010
          12           3  -2.6231869920375356E-009
          12           4   3.3665766342885823E-009
          12           5   2.8291374382171150E-009
          12           6  -1.5043454927848043E-002
          12           7   1.0195878638738423E-002
          12           8  -2.2996505878406111E-003
          12           9   1.8812891035831121E-002
          12          10  -3.1395106489756880E-002
          12          11   7.0810751966432321E-003
          12          12   2.3549795418480610E-002
          12          13   5.8703185450615786E-002
          12          14  -1.3240339700357210E-002
          12          15   3.8310202539655065E-002
          12          16   9.7529823800420704E-002
          12          17  -2.1997583901905385E-002
          12          18  -3.1021106503749560E-009
          12          19  -4.9202466781947055E-009
          12          20   4.9493570908641109E-009
          12          21   8.3561746612381382E-010
          12          22   4.9189476916975881E-010
          12          23  -2.4753073888317033E-009
          12          24  -8.0325689695214262E-010
          12          25  -1.6721758725200119E-009
          12          26   2.0974283518554908E-009
          12          27   1.4405141050327512E-010
          12          28   1.6640951815990657E-010
          12          29  -5.1149401607391241E-010
          12          30   3.9715818546697580E-010
          12          31  -1.7528905969166147E-010
          12          32   6.2027303354423072E-010
          12          33   1.7251620724591498E-010
          12          34   4.6841064554117109E-011
          12          35   3.9637240843932508E-011
          13           1   4.3721762360630224E-010
          13           2  -1.3887342920194301E-009
          13           3   4.8378414379630488E-009
          13           4  -7.0071436738324298E-009
          13           5  -1.2503166030379672E-009
          13           6   1.0195879361215380E-002
          13           7   6.8561789035206291E-003
          13           8  -5.8442817148454968E-003
          13           9  -3.1395107985424338E-002
          13          10  -4.8620342561989577E-002
          13          11   1.7995684693743044E-002
          13          12   5.8703185450615786E-002
          13          13  0.14963757345441328     
          13          14  -3.3648660104070867E-002
          13          15   9.7529787202860846E-002
          13          16  0.24779321043045480     
          13          17  -5.5904096274446903E-002
          13          18  -3.3479031438983648E-009
          13          19  -1.5805953524627248E-009
          13          20   2.7752126866246111E-009
          13          21   3.6407633362997731E-010
          13          22   7.9315166987137330E-010
          13          23   1.0156276996836928E-009
          13          24  -1.9757714053274701E-009
          13          25  -5.2555433600591520E-010
          13          26  -1.8338300979687744E-010
          13          27   1.2020444475487258E-010
          13          28   2.3006716838251730E-010
          13          29  -5.3658465630717292E-010
          13          30  -1.3333532289237825E-009
          13          31   1.0211982255755148E-010
          13          32  -1.8076068165463027E-010
          13          33   1.4367461914356008E-010
          13          34   2.7656893323114014E-010
          13          35  -1.4722158577098833E-009
          14           1   1.9260435033934477E-010
          14           2  -6.1054912038574651E-010
          14           3   2.0963639270919902E-009
          14           4  -2.3338919191317432E-009
          14           5  -2.2369016401672798E-009
          14           6  -2.2996540597237593E-003
          14           7  -5.8442790658245645E-003
          14           8  -1.7737246286382295E-002
          14           9   7.0810841633099616E-003
          14          10   1.7995678035958102E-002
          14          11   2.7107603917960556E-002
          14          12  -1.3240339700357210E-002
          14          13  -3.3648660104070867E-002
          14          14   8.0401652290856204E-003
          14          15  -2.1997571442822203E-002
          14          16  -5.5904085547995988E-002
          14          17   1.2542426912253940E-002
          14          18  -5.5135553024605260E-009
          14          19  -7.8142478368415302E-009
          14          20   6.8985783670425195E-009
          14          21   1.8643501020394561E-009
          14          22   3.0881414837004649E-009
          14          23  -1.1501453863876424E-009
          14          24  -2.3258849437238326E-009
          14          25  -2.6591791741738865E-009
          14          26   1.9500635877879704E-009
          14          27   6.3760363572739690E-010
          14          28   1.0610454789810610E-009
          14          29  -8.1741874272158068E-010
          14          30  -7.6154758261088796E-010
          14          31  -1.9751999595021914E-010
          14          32  -2.7825243513169794E-010
          14          33  -2.2846123299499942E-013
          14          34  -1.9141337566892349E-011
          14          35  -5.3486582687400502E-010
          15           1  -8.3935193009065725E-011
          15           2   2.6159171050786448E-010
          15           3  -9.9134454655813023E-010
          15           4   4.6112892029271480E-010
          15           5   2.5952563975218704E-009
          15           6   1.0540964689142451E-002
          15           7   1.6002089585396267E-002
          15           8  -3.6092270658013561E-003
          15           9  -2.3750754616927827E-002
          15          10  -4.9780022427128569E-002
          15          11   1.1227746257883114E-002
          15          12   3.8310202539655065E-002
          15          13   9.7529787202860846E-002
          15          14  -2.1997571442822203E-002
          15          15   6.3728046173867889E-002
          15          16  0.16192845119176622     
          15          17  -3.6522517440561696E-002
          15          18   1.5138757604417342E-009
          15          19   9.5307081562681483E-010
          15          20  -2.3100460846735860E-009
          15          21  -8.2082127275486200E-010
          15          22  -1.7978523411615117E-009
          15          23   7.2298219345062586E-010
          15          24   8.1695486180305200E-010
          15          25   3.2089756366156661E-010
          15          26  -6.6208013923063958E-010
          15          27  -2.8943549711851452E-010
          15          28  -6.3032944265326786E-010
          15          29   5.2295373734776412E-010
          15          30   3.6442210056505909E-010
          15          31   3.1496967960997402E-011
          15          32   5.9943279564473642E-010
          15          33   8.7372469161969979E-011
          15          34   1.5119558300219347E-010
          15          35   1.4188194146562434E-010
          16           1   1.6750885840784750E-010
          16           2  -5.1976918186992203E-010
          16           3   2.1082162417196690E-009
          16           4  -4.4198018566812161E-009
          16           5   2.3400192026342808E-009
          16           6   1.6002093258981474E-002
          16           7   4.4911641235646227E-002
          16           8  -9.1723996924921985E-003
          16           9  -4.9780033977063050E-002
          16          10 -0.13067261445870135     
          16          11   2.8533915471176785E-002
          16          12   9.7529823800420704E-002
          16          13  0.24779321043045480     
          16          14  -5.5904085547995988E-002
          16          15  0.16192845119176622     
          16          16  0.41153216056473557     
          16          17  -9.2817425095805539E-002
          16          18   1.7021946276083707E-009
          16          19   6.0331555317686518E-010
          16          20  -1.4242138208801934E-009
          16          21   1.4414582246258085E-010
          16          22   4.6220290358507647E-012
          16          23  -2.7746098279695812E-010
          16          24   1.6126917835387594E-010
          16          25   2.0981480691006090E-010
          16          26  -1.2266998453788507E-009
          16          27  -2.9306734562443669E-011
          16          28  -5.4534728456114247E-011
          16          29  -5.4251336890040228E-010
          16          30  -5.9314493314466567E-010
          16          31   1.7130529848732613E-010
          16          32   4.8278897195706911E-010
          16          33   3.0226995083098142E-010
          16          34   4.3075308233332964E-010
          16          35  -1.2916027018359150E-009
          17           1   6.0457269421599803E-011
          17           2  -1.9137450820914827E-010
          17           3   6.9531888629650090E-010
          17           4  -4.3233514170340760E-010
          17           5  -1.5320335240848649E-009
          17           6  -3.6092280266565666E-003
          17           7  -9.1724003295967343E-003
          17           8   6.3131497426006621E-003
          17           9   1.1227749376798447E-002
          17          10   2.8533917552918130E-002
          17          11  -1.0598675873340253E-002
          17          12  -2.1997583901905385E-002
          17          13  -5.5904096274446903E-002
          17          14   1.2542426912253940E-002
          17          15  -3.6522517440561696E-002
          17          16  -9.2817425095805539E-002
          17          17   2.0945903647690230E-002
          17          18   1.8075059178678879E-009
          17          19   2.1912275065732657E-009
          17          20  -2.9085804234693350E-009
          17          21  -1.5735104150271948E-009
          17          22  -3.0225921559866951E-009
          17          23   1.1702447128774819E-009
          17          24   4.4484725589918311E-010
          17          25   7.4703483468076152E-010
          17          26  -1.0692257796149034E-009
          17          27  -5.1690577065341509E-010
          17          28  -1.0152645346259308E-009
          17          29   2.3232349030397961E-010
          17          30  -1.3389690792878504E-010
          17          31   1.1929730327474222E-010
          17          32  -4.4380696788307099E-010
          17          33  -1.4213732447190046E-010
          17          34  -2.5212997010645712E-010
          17          35  -3.4152918775006684E-011
          18           1   1.1993996715186082E-002
          18           2  -1.1710868601781318E-002
          18           3   1.6320996941730063E-002
          18           4  -3.5502059400070725E-003
          18           5  -6.8584976379191861E-003
          18           6  -6.8891847319537007E-009
          18           7   1.9644754864579810E-009
          18           8  -5.4142103589460911E-010
          18           9   1.7333738798591484E-008
          18          10  -4.6549649708121940E-009
          18          11   1.7138977524704600E-009
          18          12  -3.1021106503749560E-009
          18          13  -3.3479031438983648E-009
          18          14  -5.5135553024605260E-009
          18          15   1.5138757604417342E-009
          18          16   1.7021946276083707E-009
          18          17   1.8075059178678879E-009
          18          18   1.4297556851237978     
          18          19   1.8499794237831948E-004
          18          20 -0.71573221956708888     
          18          21  -4.1810139467891128E-005
          18          22   8.2486669931350603E-004
          18          23 -0.71272690930517946     
          18          24  0.48298806011782613     
          18          25  -5.9629372947134001E-004
          18          26 -0.24232187837301183     
          18          27   1.3443067334537018E-004
          18          28  -5.0796797491290140E-004
          18          29 -0.24417322407989811     
          18          30   4.3932287398383271E-002
          18          31   5.9085339260813330E-004
          18          32  -2.7501501266788519E-002
          18          33  -1.3328610004308095E-004
          18          34   3.7726507274349764E-004
          18          35  -2.6126580297748239E-002
          19           1   2.4074962783327602E-004
          19           2  -5.9984072606785691E-004
          19           3   4.0944131238445395E-003
          19           4  -9.0951375022137355E-003
          19           5   1.8095336651670292E-003
          19           6   4.2642883556835177E-009
          19           7  -2.2948094083581109E-009
          19           8  -1.5853109927230366E-009
          19           9  -1.0438215536573743E-008
          19          10   5.9032743142997324E-009
          19          11   4.7862168944061070E-009
          19          12  -4.9202466781947055E-009
          19          13  -1.5805953524627248E-009
          19          14  -7.8142478368415302E-009
          19          15   9.5307081562681483E-010
          19          16   6.0331555317686518E-010
          19          17   2.1912275065732657E-009
          19          18   1.8499794237831948E-004
          19          19   1.4306877528870503     
          19          20   4.3153097497394165E-004
          19          21  -5.6745997479766606E-004
          19          22  -2.8729267461038630E-004
          19          23  -1.4688997499029905E-003
          19          24  -6.7580436684404701E-004
          19          25  0.48282703128792198     
          19          26  -6.2640678234725960E-004
          19          27   4.8458415866220309E-004
          19          28   1.7788727576198727E-004
          19          29   8.0066394572901112E-004
          19          30   3.5629413092356150E-003
          19          31   4.7896755321873652E-002
          19          32   2.7102749259131811E-003
          19          33  -3.0996619079450244E-004
          19          34   1.0010926720709759E-004
          19          35   2.4187532703074631E-003
          20           1   1.2441817056531478E-002
          20           2  -1.2826636111020423E-002
          20           3   2.3937059799085815E-002
          20           4  -2.0468173340547225E-002
          20           5  -3.4925157539153601E-003
          20           6   8.3834070212301682E-009
          20           7  -2.8491952856838712E-009
          20           8  -1.3468460213570611E-010
          20           9  -2.2266572483794726E-008
          20          10   7.4679222648783673E-009
          20          11  -1.7111538010052645E-010
          20          12   4.9493570908641109E-009
          20          13   2.7752126866246111E-009
          20          14   6.8985783670425195E-009
          20          15  -2.3100460846735860E-009
          20          16  -1.4242138208801934E-009
          20          17  -2.9085804234693350E-009
          20          18 -0.71573221956708888     
          20          19   4.3153097497394165E-004
          20          20   1.4309030338477162     
          20          21   2.6913915683070142E-004
          20          22  -2.4750739728385089E-004
          20          23 -0.71545978447330394     
          20          24 -0.24246978542721251     
          20          25  -5.4689578775940137E-004
          20          26  0.48071364444760478     
          20          27  -2.1092959345946213E-004
          20          28   3.1343894817745596E-004
          20          29 -0.24268385511458068     
          20          30  -2.1973071306840203E-002
          20          31  -2.6181278400243859E-004
          20          32   5.0072684131523659E-002
          20          33   3.4079109797029394E-004
          20          34   1.5007385916554564E-004
          20          35  -2.1627318125370089E-002
          21           1  -5.4300257156176634E-005
          21           2   1.3529208078478627E-004
          21           3  -9.2347920641955598E-004
          21           4   2.0513789835021564E-003
          21           5  -4.0813821775093344E-004
          21           6   1.5215815013695932E-010
          21           7  -9.0612245962312051E-012
          21           8   1.7907676889110400E-010
          21           9  -2.3649281397773107E-010
          21          10   1.2369982452332119E-011
          21          11  -4.8102026382704569E-010
          21          12   8.3561746612381382E-010
          21          13   3.6407633362997731E-010
          21          14   1.8643501020394561E-009
          21          15  -8.2082127275486200E-010
          21          16   1.4414582246258085E-010
          21          17  -1.5735104150271948E-009
          21          18  -4.1810139467891128E-005
          21          19  -5.6745997479766606E-004
          21          20   2.6913915683070142E-004
          21          21   1.4283007379781236     
          21          22   9.5476478946474660E-004
          21          23  -3.5081959895628002E-005
          21          24   1.5236475484835260E-004
          21          25   4.8458455261600117E-004
          21          26  -1.9299602268789011E-004
          21          27  0.48486661259518682     
          21          28  -8.5244360677177717E-004
          21          29   1.5375659651859836E-004
          21          30  -8.0362967466597829E-004
          21          31  -3.0996537706580392E-004
          21          32  -3.2955487708848108E-004
          21          33   4.6592457104564791E-002
          21          34   6.6189105020222720E-004
          21          35  -8.2725884792657529E-004
          22           1  -1.3799594546581528E-004
          22           2   3.4382440720193434E-004
          22           3  -2.3468850573555699E-003
          22           4   5.2132737503916230E-003
          22           5  -1.0372347942001609E-003
          22           6  -2.9065343268773439E-009
          22           7   1.4335046703865270E-009
          22           8   1.0087335810129936E-009
          22           9   7.4845429459361307E-009
          22          10  -3.6986036248760056E-009
          22          11  -2.8967862811588820E-009
          22          12   4.9189476916975881E-010
          22          13   7.9315166987137330E-010
          22          14   3.0881414837004649E-009
          22          15  -1.7978523411615117E-009
          22          16   4.6220290358507647E-012
          22          17  -3.0225921559866951E-009
          22          18   8.2486669931350603E-004
          22          19  -2.8729267461038630E-004
          22          20  -2.4750739728385089E-004
          22          21   9.5476478946474660E-004
          22          22   1.4303508227546033     
          22          23  -8.8787353807016618E-005
          22          24  -4.6238831795165621E-004
          22          25   1.7788806898096765E-004
          22          26   3.5901978859658357E-004
          22          27  -8.5244301202430607E-004
          22          28  0.48303533022663619     
          22          29   3.9086754932818974E-004
          22          30  -1.3263186156941679E-003
          22          31   1.0011307947452449E-004
          22          32  -1.5535112465591358E-003
          22          33   6.6188868176104379E-004
          22          34   4.8014039537678729E-002
          22          35  -2.1023579603978567E-003
          23           1   1.1938910284473497E-002
          23           2  -1.1573617683123830E-002
          23           3   1.5384145651199038E-002
          23           4  -1.4691337091717782E-003
          23           5  -7.2725271298226500E-003
          23           6   1.0315057521778407E-008
          23           7  -4.3982387452161001E-009
          23           8  -1.3191589436703088E-009
          23           9  -2.6908946904476004E-008
          23          10   1.1460457254946758E-008
          23          11   3.5871302439636911E-009
          23          12  -2.4753073888317033E-009
          23          13   1.0156276996836928E-009
          23          14  -1.1501453863876424E-009
