           1           1   2.2756914717444667     
           1           2 -0.87354639663383860     
           1           3  0.26939704020123356     
           1           4 -0.74566350742347987     
           1           5 -0.11414759715013068     
           1           6   3.1721588144673916E-014
           1           7   4.4156117923866494E-014
           1           8  -9.2043869879439980E-014
           1           9  -4.5249056731359150E-015
           1          10   4.6962258973722918E-015
           1          11   1.3064656922282813E-014
           1          12  -3.6125136204978148E-015
           1          13  -9.8329423834855625E-015
           1          14  -1.3857519081156341E-014
           1          15   2.7568017800539271E-015
           1          16   9.7151832146395967E-015
           1          17   7.9809384750526014E-017
           1          18  0.11340339030547353     
           1          19   1.3317920321082651E-004
           1          20  0.11358640496162997     
           1          21  -1.7390785754009278E-004
           1          22  -3.7458672179899513E-004
           1          23  0.11375091775523771     
           1          24  0.10623039309093940     
           1          25  -2.9319402027544201E-004
           1          26  0.10582404915449733     
           1          27   3.8286539767121315E-004
           1          28   8.2468565435100483E-004
           1          29  0.10545875214495806     
           1          30  0.23328749254449238     
           1          31  -1.3768253973293369E-004
           1          32  0.23309753683742465     
           1          33   1.7978846103510593E-004
           1          34   3.8725332968112740E-004
           1          35  0.23292678334342848     
           2           1 -0.87354639663383860     
           2           2   2.7682727258365478     
           2           3  -1.0405246320480370     
           2           4   1.9327289779150498     
           2           5  0.29124478412526600     
           2           6  -1.0322126651770885E-013
           2           7  -1.3094180627776478E-013
           2           8   2.8977683598823544E-013
           2           9   2.1496411807719855E-014
           2          10  -1.3040851235449144E-014
           2          11  -3.6066376034416702E-014
           2          12   5.7923140592490759E-015
           2          13   2.0479698532124299E-014
           2          14   2.7732559665841602E-014
           2          15  -3.1890249853115675E-015
           2          16  -2.3106821125408260E-014
           2          17   3.6338671581744084E-015
           2          18 -0.24109263027152666     
           2          19  -3.2739158660096784E-004
           2          20 -0.24155011986762265     
           2          21   4.2753837918975656E-004
           2          22   9.2094964477393239E-004
           2          23 -0.24196146819053738     
           2          24 -0.31347097519138756     
           2          25   5.6310957615479575E-004
           2          26 -0.31269306030769972     
           2          27  -7.3531554434165774E-004
           2          28  -1.5838160637418235E-003
           2          29 -0.31199379964092389     
           2          30 -0.61058164497927936     
           2          31   2.9238523008979828E-004
           2          32 -0.61017748278590633     
           2          33  -3.8180686466503765E-004
           2          34  -8.2239988238831403E-004
           2          35 -0.60981415643968973     
           3           1  0.26939704020123356     
           3           2  -1.0405246320480370     
           3           3   8.0410708373679114     
           3           4  -10.355800712722823     
           3           5  -1.6812796116292215     
           3           6   7.1651258440326863E-014
           3           7   2.7089517694412685E-013
           3           8  -2.6724386546412916E-013
           3           9  -2.9912682491489392E-014
           3          10   2.4492354532635163E-015
           3          11   9.0483598729611827E-014
           3          12   4.1638526678003254E-014
           3          13  -3.5069978535841520E-014
           3          14  -2.0198141146981697E-013
           3          15  -4.0104493455804056E-015
           3          16   8.4811749424744141E-015
           3          17   4.0648919820397899E-014
           3          18 -0.65256830677986799     
           3          19   1.6197443641051204E-003
           3          20 -0.65045481701859553     
           3          21  -2.1146384133644610E-003
           3          22  -4.5537121450701526E-003
           3          23 -0.64855697179003757     
           3          24  0.89902489363545701     
           3          25  -6.0090197146374855E-003
           3          26  0.89068299314098964     
           3          27   7.8469581959391375E-003
           3          28   1.6902506788966938E-002
           3          29  0.88318324322399822     
           3          30   3.2126276970072407     
           3          31  -2.6454170642564506E-003
           3          32   3.2089825415645383     
           3          33   3.4544074225469662E-003
           3          34   7.4405144617379392E-003
           3          35   3.2057059874360938     
           4           1 -0.74566350742347987     
           4           2   1.9327289779150498     
           4           3  -10.355800712722823     
           4           4   16.511308192833940     
           4           5   2.6702954447741116     
           4           6  -4.8340517053723328E-014
           4           7  -1.1690457735005357E-014
           4           8  -2.6605222524490722E-014
           4           9   4.4396533401244859E-014
           4          10  -3.8781739473970057E-015
           4          11  -2.8892242760473674E-014
           4          12  -5.5617979673299294E-014
           4          13   8.4425330429457778E-014
           4          14   4.1362910617032254E-013
           4          15   3.7913218892817160E-015
           4          16  -2.4852834620232172E-014
           4          17  -7.1265102736822358E-014
           4          18  0.95547607960737335     
           4          19  -4.7263598915894059E-003
           4          20  0.94910266242073005     
           4          21   6.1714270719553767E-003
           4          22   1.3292053471481227E-002
           4          23  0.94337510277531711     
           4          24  -1.1657302815953212     
           4          25   1.3046982835452284E-002
           4          26  -1.1475818299446174     
           4          27  -1.7037741295436212E-002
           4          28  -3.6700036412786408E-002
           4          29  -1.1312648300731567     
           4          30  -5.0193103837742328     
           4          31   5.4047635286118131E-003
           4          32  -5.0118745616052873     
           4          33  -7.0575179131830024E-003
           4          34  -1.5201162937232358E-002
           4          35  -5.0051909403425814     
           5           1 -0.11414759715013068     
           5           2  0.29124478412526600     
           5           3  -1.6812796116292215     
           5           4   2.6702954447741116     
           5           5  0.43332138375819512     
           5           6  -2.5629808799199770E-014
           5           7  -8.7509063865334314E-014
           5           8   7.5052547543850498E-014
           5           9   4.8392536435015927E-016
           5          10   3.6188594461969038E-015
           5          11   4.8637880292811115E-015
           5          12   2.6948770968731193E-015
           5          13   7.4738009269675279E-015
           5          14   6.2112275260455138E-014
           5          15  -1.5623411989412239E-015
           5          16  -2.6019863979962012E-015
           5          17  -1.0771653766998753E-014
           5          18  0.16118536697449731     
           5          19  -6.2322543937928267E-004
           5          20  0.16035987600892559     
           5          21   8.1373614741955976E-004
           5          22   1.7525378153021738E-003
           5          23  0.15961821379802199     
           5          24 -0.18916446522739117     
           5          25   1.9296735928561954E-003
           5          26 -0.18648134122180565     
           5          27  -2.5199139004700184E-003
           5          28  -5.4280031170438284E-003
           5          29 -0.18406898751934614     
           5          30 -0.81521349672451360     
           5          31   8.0553198432531446E-004
           5          32 -0.81410478306329548     
           5          33  -1.0518614243950272E-003
           5          34  -2.2656032108823712E-003
           5          35 -0.81310822098576885     
           6           1   3.1721588144673916E-014
           6           2  -1.0322126651770885E-013
           6           3   7.1651258440326863E-014
           6           4  -4.8340517053723328E-014
           6           5  -2.5629808799199770E-014
           6           6   2.3568187778559793     
           6           7  -8.5215347928616764E-004
           6           8   1.1131478617192861E-003
           6           9 -0.96066675173664318     
           6          10   3.4136026708130648E-003
           6          11  -4.4591081372683857E-003
           6          12  0.21495634051621512     
           6          13  -1.3911928196962024E-002
           6          14   1.8172821563336876E-002
           6          15  -7.0431743002946093E-002
           6          16   2.5869774738074220E-003
           6          17  -3.3793072645624238E-003
           6          18  -1.9174051055813822E-013
           6          19  -1.5249926231743355E-014
           6          20  -3.0038139047374229E-013
           6          21   1.2714123119438348E-015
           6          22   6.9012524090051559E-015
           6          23   4.1019384573230142E-013
           6          24   5.0582134650859584E-014
           6          25   1.8521928421389300E-014
           6          26   5.5219456193459220E-014
           6          27  -1.5786204483062178E-014
           6          28   9.4154346200108303E-015
           6          29  -6.8712335066620383E-014
           6          30   1.1732801973266460E-014
           6          31  -4.2050693068216688E-015
           6          32   5.1450531419716581E-015
           6          33  -4.1921053273329641E-015
           6          34   2.2775805682650828E-015
           6          35   3.8678300359873570E-014
           7           1   4.4156117923866494E-014
           7           2  -1.3094180627776478E-013
           7           3   2.7089517694412685E-013
           7           4  -1.1690457735005357E-014
           7           5  -8.7509063865334314E-014
           7           6  -8.5215347928616764E-004
           7           7   2.3553780476355524     
           7           8   2.3985867806008985E-003
           7           9   3.4136026707987832E-003
           7          10 -0.95489539640314791     
           7          11  -9.6083891440270214E-003
           7          12  -1.3911928196962350E-002
           7          13  0.19143553604164931     
           7          14   3.9158400293328718E-002
           7          15   2.5869774737948717E-003
           7          16  -6.6057957393870229E-002
           7          17  -7.2816577282234706E-003
           7          18  -1.1604846653809644E-013
           7          19  -5.8162408396374329E-014
           7          20  -1.0998944251073632E-013
           7          21   3.5994754861316564E-015
           7          22   1.8316845148197932E-015
           7          23  -1.2409571289824323E-013
           7          24   1.5033121718772712E-014
           7          25   3.4084404793388002E-014
           7          26  -9.8617960392695118E-015
           7          27  -8.4122425700182558E-016
           7          28  -9.1758582508914802E-015
           7          29   2.3826826488456376E-014
           7          30   6.0601577581882284E-014
           7          31  -2.4199851333068344E-014
           7          32   3.6034919339711555E-014
           7          33  -3.9616739494475651E-015
           7          34  -4.1880242284921774E-015
           7          35   1.9549884419534422E-014
           8           1  -9.2043869879439980E-014
           8           2   2.8977683598823544E-013
           8           3  -2.6724386546412916E-013
           8           4  -2.6605222524490722E-014
           8           5   7.5052547543850498E-014
           8           6   1.1131478617192861E-003
           8           7   2.3985867806008985E-003
           8           8   2.3540810324280970     
           8           9  -4.4591081372562279E-003
           8          10  -9.6083891440303902E-003
           8          11 -0.94969974247125344     
           8          12   1.8172821563339398E-002
           8          13   3.9158400293317158E-002
           8          14  0.17026096730227228     
           8          15  -3.3793072645310054E-003
           8          16  -7.2816577282376711E-003
           8          17  -6.2120463498593931E-002
           8          18  -3.7821875881224508E-014
           8          19   4.2904432553235255E-014
           8          20  -1.3922401106676553E-013
           8          21   2.9106473285471065E-015
           8          22  -2.1850252067276322E-015
           8          23   5.1747902314875967E-013
           8          24   1.9321003351558907E-014
           8          25  -5.7451797284893262E-014
           8          26   6.1280872686778631E-014
           8          27  -1.5047747953572830E-014
           8          28   1.1785216204525451E-014
           8          29  -6.8295456013021071E-014
           8          30  -3.6944420406475618E-014
           8          31   1.7704518974773219E-014
           8          32  -4.0994779228442028E-014
           8          33   4.2610931220767562E-015
           8          34   2.1696752425304897E-015
           8          35   3.0386574512007598E-014
           9           1  -4.5249056731359150E-015
           9           2   2.1496411807719855E-014
           9           3  -2.9912682491489392E-014
           9           4   4.4396533401244859E-014
           9           5   4.8392536435015927E-016
           9           6 -0.96066675173664318     
           9           7   3.4136026707987832E-003
           9           8  -4.4591081372562279E-003
           9           9   2.5893200904113991     
           9          10  -1.3679500991185820E-002
           9          11   1.7869207422472284E-002
           9          12 -0.64088249301569922     
           9          13   5.5779290322667478E-002
           9          14  -7.2863162863682288E-002
           9          15  0.19049045328052119     
           9          16  -1.0350134306208016E-002
           9          17   1.3520134753458986E-002
           9          18   4.3552369988553526E-013
           9          19  -6.7352939075593211E-015
           9          20   7.2873354200102786E-013
           9          21  -1.2701591172008416E-014
           9          22   1.3851192682396221E-014
           9          23  -1.1551791592344974E-012
           9          24  -1.0440000809124649E-013
           9          25   1.2718483084176291E-014
           9          26  -1.3578860325567714E-013
           9          27   8.5462792034832966E-014
           9          28  -6.7867403775999241E-014
           9          29   2.2793917675205645E-013
           9          30   2.2541107311525173E-014
           9          31   4.1695720008922152E-015
           9          32   3.8612050636173743E-014
           9          33   4.3176002234569831E-015
           9          34   4.9359776017660787E-015
           9          35  -8.9594571865790637E-014
          10           1   4.6962258973722918E-015
          10           2  -1.3040851235449144E-014
          10           3   2.4492354532635163E-015
          10           4  -3.8781739473970057E-015
          10           5   3.6188594461969038E-015
          10           6   3.4136026708130648E-003
          10           7 -0.95489539640314791     
          10           8  -9.6083891440303902E-003
          10           9  -1.3679500991185820E-002
          10          10   2.5661922490629250     
          10          11   3.8504179157290812E-002
          10          12   5.5779290322662572E-002
          10          13 -0.54657681785459855     
          10          14 -0.15700395715140095     
          10          15  -1.0350134306208465E-002
          10          16  0.17299155004753838     
          10          17   2.9132892041667517E-002
          10          18  -6.8313410318574237E-014
          10          19   3.5869847124257576E-014
          10          20  -7.1872509914391985E-014
          10          21  -5.8215404750798109E-015
          10          22  -2.1479683817877861E-014
          10          23   1.6880230936456865E-013
          10          24   2.1112122768797725E-014
          10          25   5.1716966133228587E-015
          10          26   3.2980323967931019E-014
          10          27  -4.9947394340465027E-015
          10          28   2.1502792526082101E-014
          10          29  -6.8945411960766140E-014
          10          30  -1.1632471592835805E-014
          10          31   2.8874898234997577E-015
          10          32  -6.7939687774922290E-015
          10          33  -3.3900682981733009E-015
          10          34  -1.5637243500129110E-015
          10          35   1.2164805425221317E-014
          11           1   1.3064656922282813E-014
          11           2  -3.6066376034416702E-014
          11           3   9.0483598729611827E-014
          11           4  -2.8892242760473674E-014
          11           5   4.8637880292811115E-015
          11           6  -4.4591081372683857E-003
          11           7  -9.6083891440270214E-003
          11           8 -0.94969974247125344     
          11           9   1.7869207422472284E-002
          11          10   3.8504179157290812E-002
          11          11   2.5453714447825169     
          11          12  -7.2863162863683897E-002
          11          13 -0.15700395715140303     
          11          14 -0.46167827608203521     
          11          15   1.3520134753458800E-002
          11          16   2.9132892041674029E-002
          11          17  0.15723818881484986     
          11          18   4.6161465587818247E-013
          11          19   4.0207096784096273E-014
          11          20   7.8199077670211589E-013
          11          21  -1.6612067134895260E-014
          11          22  -3.5856382889155235E-014
          11          23  -1.3217186804952041E-012
          11          24  -1.0854425543645683E-013
          11          25   4.1287639177233574E-015
          11          26  -1.5517942913406720E-013
          11          27   2.5906472335996705E-014
          11          28  -9.0017874278489636E-015
          11          29   2.1251121957691729E-013
          11          30   3.8710558421731086E-014
          11          31   7.6989160177041963E-015
          11          32   5.6294370462710089E-014
          11          33   1.3119438779161895E-015
          11          34   4.0066380372736915E-015
          11          35  -8.7490153004363353E-014
          12           1  -3.6125136204978148E-015
          12           2   5.7923140592490759E-015
          12           3   4.1638526678003254E-014
          12           4  -5.5617979673299294E-014
          12           5   2.6948770968731193E-015
          12           6  0.21495634051621512     
          12           7  -1.3911928196962350E-002
          12           8   1.8172821563339398E-002
          12           9 -0.64088249301569922     
          12          10   5.5779290322662572E-002
          12          11  -7.2863162863683897E-002
          12          12   1.3695701747570825     
          12          13 -0.22758404251393655     
          12          14  0.29728763236196609     
          12          15 -0.26255656235562275     
          12          16   4.2051720351103355E-002
          12          17  -5.4931164073860859E-002
          12          18  -1.0649386069293676E-013
          12          19   1.9185436386574155E-014
          12          20  -1.6733166849282671E-013
          12          21   9.6029930650861449E-014
          12          22  -8.1389362113618408E-014
          12          23   2.5156338391969637E-013
          12          24   9.1850193996280727E-014
          12          25  -5.8617114131120859E-014
          12          26   3.0217310267995545E-014
          12          27  -3.6542231542486374E-013
          12          28   2.7544103061724306E-013
          12          29  -1.3710587608403620E-013
          12          30   7.8270524271259608E-015
          12          31  -6.3068830652029004E-015
          12          32  -6.9463121441750521E-015
          12          33  -1.3599968604697333E-014
          12          34   6.1893612572639715E-015
          12          35   2.7648591148931845E-014
          13           1  -9.8329423834855625E-015
          13           2   2.0479698532124299E-014
          13           3  -3.5069978535841520E-014
          13           4   8.4425330429457778E-014
          13           5   7.4738009269675279E-015
          13           6  -1.3911928196962024E-002
          13           7  0.19143553604164931     
          13           8   3.9158400293317158E-002
          13           9   5.5779290322667478E-002
          13          10 -0.54657681785459855     
          13          11 -0.15700395715140303     
          13          12 -0.22758404251393655     
          13          13  0.98479534773948885     
          13          14  0.64058891843848220     
          13          15   4.2051720351104341E-002
          13          16 -0.19145999844386571     
          13          17 -0.11836447652757247     
          13          18  -7.7176178262804630E-015
          13          19  -2.0080981021366566E-015
          13          20   1.1564552030737294E-015
          13          21  -1.1388469935784938E-014
          13          22   2.3033333630150059E-014
          13          23   5.9467316454515503E-015
          13          24  -3.3342858261580448E-014
          13          25  -3.7352380923444129E-014
          13          26  -5.8482601805355557E-014
          13          27   3.6528926032364433E-014
          13          28  -8.1824703883382185E-014
          13          29   8.0463802359095532E-014
          13          30  -2.2099637012771605E-014
          13          31   5.1473801233636719E-016
          13          32  -2.5864988551726901E-014
          13          33   3.6043769037282065E-015
          13          34   6.1807855565874258E-016
          13          35  -1.3466558163904822E-014
          14           1  -1.3857519081156341E-014
          14           2   2.7732559665841602E-014
          14           3  -2.0198141146981697E-013
          14           4   4.1362910617032254E-013
          14           5   6.2112275260455138E-014
          14           6   1.8172821563336876E-002
          14           7   3.9158400293328718E-002
          14           8  0.17026096730227228     
          14           9  -7.2863162863682288E-002
          14          10 -0.15700395715140095     
          14          11 -0.46167827608203521     
          14          12  0.29728763236196609     
          14          13  0.64058891843848220     
          14          14  0.63840239027758394     
          14          15  -5.4931164073859368E-002
          14          16 -0.11836447652757559     
          14          17 -0.12745542405508456     
          14          18  -1.9266935409631793E-013
          14          19  -5.0691880444518515E-015
          14          20  -3.5244881052737533E-013
          14          21   3.0949752780516307E-014
          14          22  -2.0911752807975370E-015
          14          23   5.8829354553737790E-013
          14          24   2.7891081330232078E-014
          14          25  -4.7466210787464974E-014
          14          26   1.2545033012308629E-014
          14          27  -1.0354682389709009E-013
          14          28   3.1886541126419303E-014
          14          29  -7.4566224004463718E-014
          14          30  -1.2203172902136641E-013
          14          31  -2.0837126286388320E-015
          14          32  -1.3797924569525625E-013
          14          33  -2.6414815362645430E-015
          14          34   1.4492068913295492E-015
          14          35  -6.4787485324430861E-014
          15           1   2.7568017800539271E-015
          15           2  -3.1890249853115675E-015
          15           3  -4.0104493455804056E-015
          15           4   3.7913218892817160E-015
          15           5  -1.5623411989412239E-015
          15           6  -7.0431743002946093E-002
          15           7   2.5869774737948717E-003
          15           8  -3.3793072645310054E-003
          15           9  0.19049045328052119     
          15          10  -1.0350134306208465E-002
          15          11   1.3520134753458800E-002
          15          12 -0.26255656235562275     
          15          13   4.2051720351104341E-002
          15          14  -5.4931164073859368E-002
          15          15   5.2415551618081632E-002
          15          16  -7.7721525464044070E-003
          15          17   1.0152578376554984E-002
          15          18   6.7974515120037917E-015
          15          19  -2.3830534721367892E-015
          15          20  -2.3752079336345707E-014
          15          21  -1.4529480304592267E-014
          15          22   1.7673303695556098E-014
          15          23   2.0829001872793605E-014
          15          24  -1.6758999387333427E-014
          15          25   1.0945146715507244E-014
          15          26  -3.4765559297771521E-015
          15          27   6.7172477409802090E-014
          15          28  -5.1207974651178603E-014
          15          29   2.4205858207168921E-014
          15          30   2.4910844155399534E-016
          15          31   1.2168005299028331E-015
          15          32   1.2955805471730116E-015
          15          33   2.6851724308202751E-015
          15          34  -8.2734568881854344E-016
          15          35  -1.0943382086499437E-015
          16           1   9.7151832146395967E-015
          16           2  -2.3106821125408260E-014
          16           3   8.4811749424744141E-015
          16           4  -2.4852834620232172E-014
          16           5  -2.6019863979962012E-015
          16           6   2.5869774738074220E-003
          16           7  -6.6057957393870229E-002
          16           8  -7.2816577282376711E-003
          16           9  -1.0350134306208016E-002
          16          10  0.17299155004753838     
          16          11   2.9132892041674029E-002
          16          12   4.2051720351103355E-002
          16          13 -0.19145999844386571     
          16          14 -0.11836447652757559     
          16          15  -7.7721525464044070E-003
          16          16   3.9275225000434705E-002
          16          17   2.1876554870212221E-002
          16          18  -1.9494080648338744E-014
          16          19   7.5648558395325269E-015
          16          20  -2.8340634758141180E-014
          16          21   4.6327486299733267E-015
          16          22  -5.0708111926496164E-015
          16          23   5.4525739847036437E-014
          16          24   9.4092735424226574E-015
          16          25   5.8725125866036138E-015
          16          26   1.1339871402236307E-014
          16          27  -6.7415651214447653E-015
          16          28   1.5402398593456077E-014
          16          29  -1.4042422149177266E-014
          16          30   5.8830738758433006E-015
          16          31   3.7189892526721715E-016
          16          32   7.1075882970200901E-015
          16          33  -6.2869618195469175E-016
          16          34  -2.1547439988936726E-016
          16          35   7.1256694016239591E-015
          17           1   7.9809384750526014E-017
          17           2   3.6338671581744084E-015
          17           3   4.0648919820397899E-014
          17           4  -7.1265102736822358E-014
          17           5  -1.0771653766998753E-014
          17           6  -3.3793072645624238E-003
          17           7  -7.2816577282234706E-003
          17           8  -6.2120463498593931E-002
          17           9   1.3520134753458986E-002
          17          10   2.9132892041667517E-002
          17          11  0.15723818881484986     
          17          12  -5.4931164073860859E-002
          17          13 -0.11836447652757247     
          17          14 -0.12745542405508456     
          17          15   1.0152578376554984E-002
          17          16   2.1876554870212221E-002
          17          17   2.7445665789440740E-002
          17          18   1.2383166184607996E-013
          17          19   7.9730107156390069E-015
          17          20   1.9524352402591955E-013
          17          21  -3.1363030030384717E-015
          17          22   9.3532377144748964E-016
          17          23  -3.3457624467671338E-013
          17          24  -2.7588776337859049E-014
          17          25   7.9527829855055984E-015
          17          26  -4.0741140583425958E-014
          17          27   1.8891842750940256E-014
          17          28  -5.9901382758685274E-015
          17          29   7.1306754213747825E-014
          17          30   2.8374191862422708E-014
          17          31   8.6566639877763023E-016
          17          32   3.5762749892168357E-014
          17          33   6.2596552251294048E-016
          17          34  -1.3746344949059035E-016
          17          35  -7.9662304412887368E-015
          18           1  0.11340339030547353     
          18           2 -0.24109263027152666     
          18           3 -0.65256830677986799     
          18           4  0.95547607960737335     
          18           5  0.16118536697449731     
          18           6  -1.9174051055813822E-013
          18           7  -1.1604846653809644E-013
          18           8  -3.7821875881224508E-014
          18           9   4.3552369988553526E-013
          18          10  -6.8313410318574237E-014
          18          11   4.6161465587818247E-013
          18          12  -1.0649386069293676E-013
          18          13  -7.7176178262804630E-015
          18          14  -1.9266935409631793E-013
          18          15   6.7974515120037917E-015
          18          16  -1.9494080648338744E-014
          18          17   1.2383166184607996E-013
          18          18   2.2891975325807827     
          18          19   1.2263092176317494E-004
          18          20 -0.96147922295657728     
          18          21  -1.6025602421173492E-004
          18          22  -9.8728913796717233E-004
          18          23 -0.96099913211794608     
          18          24 -0.31636265951616738     
          18          25   4.6187424523953281E-004
          18          26   8.5827276371571670E-002
          18          27  -6.0319802010305040E-004
          18          28  -3.9252926050814129E-004
          18          29   8.5986722559239753E-002
          18          30 -0.18112949614703314     
          18          31   1.3474076815787206E-004
          18          32 -0.35582027404793054     
          18          33  -1.7593399593452032E-004
          18          34  -5.9580671144564366E-004
          18          35 -0.35555349205737480     
          19           1   1.3317920321082651E-004
          19           2  -3.2739158660096784E-004
          19           3   1.6197443641051204E-003
          19           4  -4.7263598915894059E-003
          19           5  -6.2322543937928267E-004
          19           6  -1.5249926231743355E-014
          19           7  -5.8162408396374329E-014
          19           8   4.2904432553235255E-014
          19           9  -6.7352939075593211E-015
          19          10   3.5869847124257576E-014
          19          11   4.0207096784096273E-014
          19          12   1.9185436386574155E-014
          19          13  -2.0080981021366566E-015
          19          14  -5.0691880444518515E-015
          19          15  -2.3830534721367892E-015
          19          16   7.5648558395325269E-015
          19          17   7.9730107156390069E-015
          19          18   1.2263092176317494E-004
          19          19   2.1627105509065965     
          19          20   1.3452397137044315E-004
          19          21   3.5890638074399100E-004
          19          22   1.4759805983058971E-004
          19          23   3.7321574767820747E-004
          19          24   8.7878350346615286E-005
          19          25 -0.26065180571007251     
          19          26   6.2007927696261232E-005
          19          27  -4.9126533887304308E-004
          19          28  -1.8694497207008516E-004
          19          29  -2.7720718222506183E-004
          19          30   1.0536391432295945E-003
          19          31  0.11675111918931677     
          19          32   1.0430530996484036E-003
          19          33   1.3030765064127398E-004
          19          34   7.7477022437249491E-005
          19          35   1.1075475158135542E-003
          20           1  0.11358640496162997     
          20           2 -0.24155011986762265     
          20           3 -0.65045481701859553     
          20           4  0.94910266242073005     
          20           5  0.16035987600892559     
          20           6  -3.0038139047374229E-013
          20           7  -1.0998944251073632E-013
          20           8  -1.3922401106676553E-013
          20           9   7.2873354200102786E-013
          20          10  -7.1872509914391985E-014
          20          11   7.8199077670211589E-013
          20          12  -1.6733166849282671E-013
          20          13   1.1564552030737294E-015
          20          14  -3.5244881052737533E-013
          20          15  -2.3752079336345707E-014
          20          16  -2.8340634758141180E-014
          20          17   1.9524352402591955E-013
          20          18 -0.96147922295657728     
          20          19   1.3452397137044315E-004
          20          20   2.2896117648316836     
          20          21  -4.7362946543613401E-004
          20          22  -3.7892719358644325E-004
          20          23 -0.96043494060412105     
          20          24   8.5286830749172496E-002
          20          25   4.3609320857863247E-004
          20          26 -0.31564402346155357     
          20          27  -1.4867105029984625E-004
          20          28  -1.2269104409592896E-003
          20          29   8.5555971632261446E-002
          20          30 -0.35461278519542677     
          20          31   1.2400634275988636E-004
          20          32 -0.17956911685856539     
          20          33  -2.6256674784665097E-004
          20          34  -3.4872914260546453E-004
          20          35 -0.35407734114279010     
          21           1  -1.7390785754009278E-004
          21           2   4.2753837918975656E-004
          21           3  -2.1146384133644610E-003
          21           4   6.1714270719553767E-003
          21           5   8.1373614741955976E-004
          21           6   1.2714123119438348E-015
          21           7   3.5994754861316564E-015
          21           8   2.9106473285471065E-015
          21           9  -1.2701591172008416E-014
          21          10  -5.8215404750798109E-015
          21          11  -1.6612067134895260E-014
          21          12   9.6029930650861449E-014
          21          13  -1.1388469935784938E-014
          21          14   3.0949752780516307E-014
          21          15  -1.4529480304592267E-014
          21          16   4.6327486299733267E-015
          21          17  -3.1363030030384717E-015
          21          18  -1.6025602421173492E-004
          21          19   3.5890638074399100E-004
          21          20  -4.7362946543613401E-004
          21          21   2.1625164701341308     
          21          22  -9.9930411819371655E-005
          21          23  -1.8974833865271140E-004
          21          24  -1.1473574117261771E-004
          21          25  -4.9126532862812033E-004
          21          26   3.3178858702330964E-004
          21          27 -0.26038614548464734     
          21          28   1.1484540500736847E-004
          21          29  -5.0579500863397454E-005
          21          30  -1.3757001079873722E-003
          21          31   1.3030835950135231E-004
          21          32  -1.4585565619866933E-003
          21          33  0.11668066414088550     
          21          34  -7.1022213909556435E-005
          21          35  -1.3494507662542812E-003
          22           1  -3.7458672179899513E-004
          22           2   9.2094964477393239E-004
          22           3  -4.5537121450701526E-003
          22           4   1.3292053471481227E-002
          22           5   1.7525378153021738E-003
          22           6   6.9012524090051559E-015
          22           7   1.8316845148197932E-015
          22           8  -2.1850252067276322E-015
          22           9   1.3851192682396221E-014
          22          10  -2.1479683817877861E-014
          22          11  -3.5856382889155235E-014
          22          12  -8.1389362113618408E-014
          22          13   2.3033333630150059E-014
          22          14  -2.0911752807975370E-015
          22          15   1.7673303695556098E-014
          22          16  -5.0708111926496164E-015
          22          17   9.3532377144748964E-016
          22          18  -9.8728913796717233E-004
          22          19   1.4759805983058971E-004
          22          20  -3.7892719358644325E-004
          22          21  -9.9930411819371655E-005
          22          22   2.1623475094482485     
          22          23  -4.0900078302865116E-004
          22          24   6.4230930820737778E-004
          22          25  -1.8694492550541884E-004
          22          26  -1.7432186674061603E-004
          22          27   1.1484537303128687E-004
          22          28 -0.26019194196169948     
          22          29  -1.0889780213205424E-004
          22          30  -3.1711204612842807E-003
          22          31   7.7480249017908965E-005
          22          32  -2.9330080615166203E-003
          22          33  -7.1024433474278597E-005
          22          34  0.11656062057171437     
          22          35  -2.9062434624028493E-003
          23           1  0.11375091775523771     
          23           2 -0.24196146819053738     
          23           3 -0.64855697179003757     
          23           4  0.94337510277531711     
          23           5  0.15961821379802199     
          23           6   4.1019384573230142E-013
          23           7  -1.2409571289824323E-013
          23           8   5.1747902314875967E-013
          23           9  -1.1551791592344974E-012
          23          10   1.6880230936456865E-013
          23          11  -1.3217186804952041E-012
          23          12   2.5156338391969637E-013
          23          13   5.9467316454515503E-015
          23          14   5.8829354553737790E-013
