           1           1   2.2182959229832155     
           1           2 -0.76209522786657713     
           1           3  0.35782637379819765     
           1           4  -5.4255486220215490E-002
           1           5   1.5385128378548283E-002
           1           6  -4.2673343515434433E-015
           1           7  -9.3275739994099331E-015
           1           8   9.1829647454160835E-014
           1           9   3.4058781896546773E-015
           1          10   1.2711253578674138E-015
           1          11  -1.1226501338363794E-014
           1          12  -2.9306173496206553E-015
           1          13   2.5529443406391923E-015
           1          14   4.2116007675251855E-015
           1          15  -7.6454799416493385E-002
           1          16  -3.2700156889753062E-015
           1          17  -7.6454799416489125E-002
           1          18  -2.7893143761413342E-015
           1          19   7.8358317770858948E-015
           1          20  -7.6454799416496286E-002
           1          21   2.6004152657453747E-002
           1          22   7.6365227398085316E-015
           1          23   2.6004152657447842E-002
           1          24   3.6813903953332996E-015
           1          25  -4.9094104012234430E-015
           1          26   2.6004152657453164E-002
           2           1 -0.76209522786657713     
           2           2   2.6697184793718138     
           2           3  -1.4320054016924710     
           2           4  0.21253045621070413     
           2           5  -6.0279435643037851E-002
           2           6   1.2657714297236719E-014
           2           7   3.6507556836562439E-014
           2           8  -3.0555458358131391E-013
           2           9  -7.6414599078649181E-015
           2          10  -4.7122677887317672E-015
           2          11   3.5370524571699809E-014
           2          12   9.8392559073759445E-015
           2          13  -3.7659096864409583E-015
           2          14  -1.8379934211139712E-014
           2          15  0.30691354410410243     
           2          16   3.4371617209526672E-015
           2          17  0.30691354410409255     
           2          18   5.5717070829362599E-015
           2          19  -2.1993343498710582E-014
           2          20  0.30691354410410965     
           2          21 -0.10119230785832545     
           2          22  -2.1059471596487251E-014
           2          23 -0.10119230785830680     
           2          24  -8.8309842544251166E-015
           2          25   1.3342266999303132E-014
           2          26 -0.10119230785831997     
           3           1  0.35782637379819765     
           3           2  -1.4320054016924710     
           3           3   4.2385806521042495     
           3           4 -0.56193916095072749     
           3           5  0.15764646828268872     
           3           6  -2.4735108767734485E-015
           3           7  -3.4411400381827987E-015
           3           8   2.2369282978968438E-014
           3           9   2.4156722880175599E-015
           3          10   9.4127830135598296E-015
           3          11  -1.4360237738815844E-014
           3          12  -1.1818778783420406E-015
           3          13  -2.9392866302671287E-015
           3          14   2.5309454440248163E-015
           3          15 -0.96755831198130515     
           3          16   9.0789362944667658E-016
           3          17 -0.96755831198132491     
           3          18  -4.3537816980306474E-015
           3          19   2.9880682630203938E-015
           3          20 -0.96755831198131736     
           3          21  0.25437627337470570     
           3          22   6.7732642281289887E-016
           3          23  0.25437627337470936     
           3          24   3.4818564336749665E-015
           3          25  -7.5309169232053539E-016
           3          26  0.25437627337470686     
           4           1  -5.4255486220215490E-002
           4           2  0.21253045621070413     
           4           3 -0.56193916095072749     
           4           4   9.6346697473440546E-002
           4           5  -2.5611342457050965E-002
           4           6  -1.5977386332668750E-015
           4           7   2.7374246367523316E-015
           4           8  -8.0244805542667353E-015
           4           9  -3.9147424669228466E-015
           4          10  -9.7267623721615202E-016
           4          11   7.3243028943768975E-015
           4          12   5.7647658137731079E-016
           4          13   3.1967506177729130E-016
           4          14  -9.9297160531432828E-016
           4          15  0.19544171577744632     
           4          16  -4.3688965272266600E-016
           4          17  0.19544171577745129     
           4          18   5.7674640642025710E-016
           4          19  -1.6339432967777173E-015
           4          20  0.19544171577744962     
           4          21  -3.7745954682255473E-002
           4          22  -2.3681885334683225E-016
           4          23  -3.7745954682256062E-002
           4          24  -6.6640256346076659E-016
           4          25   3.6076691245659777E-016
           4          26  -3.7745954682256104E-002
           5           1   1.5385128378548283E-002
           5           2  -6.0279435643037851E-002
           5           3  0.15764646828268872     
           5           4  -2.5611342457050965E-002
           5           5   6.8863236527460367E-003
           5           6   3.7234872083593584E-016
           5           7   1.5250578520099460E-015
           5           8   1.6365625141557198E-014
           5           9  -9.3749128142448315E-016
           5          10   1.6387446177408765E-015
           5          11  -3.6312662966630247E-015
           5          12   5.1080132237612361E-017
           5          13  -2.1673453660402494E-016
           5          14   5.0288943750785023E-016
           5          15  -5.0190951437908651E-002
           5          16   9.3025890304318827E-017
           5          17  -5.0190951437909859E-002
           5          18  -1.6410732438980959E-016
           5          19   3.8655700776416640E-016
           5          20  -5.0190951437909463E-002
           5          21   1.0364629013789001E-002
           5          22   6.9259439905054050E-017
           5          23   1.0364629013789144E-002
           5          24   1.8277391474053706E-016
           5          25  -9.3593109756776621E-017
           5          26   1.0364629013789154E-002
           6           1  -4.2673343515434433E-015
           6           2   1.2657714297236719E-014
           6           3  -2.4735108767734485E-015
           6           4  -1.5977386332668750E-015
           6           5   3.7234872083593584E-016
           6           6   2.2104017543834891     
           6           7   2.5478751053409354E-015
           6           8   1.8948384528094664E-014
           6           9 -0.69652856115897221     
           6          10   2.1380466841414147E-015
           6          11  -1.4849232954361469E-015
           6          12   8.2837358937092653E-002
           6          13   2.0249101874425524E-015
           6          14  -1.0278236595162582E-015
           6          15   1.9436399896501972E-015
           6          16  -7.9010626484175077E-016
           6          17   9.1164093057589113E-016
           6          18  -1.6783519065481634E-015
           6          19   5.6939240800763843E-016
           6          20   1.6189588429453980E-015
           6          21  -6.6285007182478427E-016
           6          22  -2.1599703651899388E-016
           6          23  -1.0809515118605323E-015
           6          24   3.2597562621621824E-016
           6          25  -1.2515911441041686E-016
           6          26  -1.6584879341283271E-016
           7           1  -9.3275739994099331E-015
           7           2   3.6507556836562439E-014
           7           3  -3.4411400381827987E-015
           7           4   2.7374246367523316E-015
           7           5   1.5250578520099460E-015
           7           6   2.5478751053409354E-015
           7           7   2.2104017543834971     
           7           8   1.6213592968217228E-014
           7           9  -2.7634144972310537E-015
           7          10 -0.69652856115897910     
           7          11  -3.0461744238152733E-015
           7          12  -1.9156226084560135E-015
           7          13   8.2837358937092376E-002
           7          14   4.6627198629911604E-015
           7          15  -2.1920984583202940E-015
           7          16   6.5993933673084844E-016
           7          17  -6.7976625281146012E-016
           7          18  -1.1595374509215763E-015
           7          19  -2.8741948472048869E-015
           7          20   6.4603849488324742E-016
           7          21   1.4672291212601480E-015
           7          22  -6.5188590282708449E-016
           7          23  -8.9291707732961912E-016
           7          24   6.2968884869629967E-016
           7          25   4.7816555311496692E-016
           7          26  -2.1192240149707915E-015
           8           1   9.1829647454160835E-014
           8           2  -3.0555458358131391E-013
           8           3   2.2369282978968438E-014
           8           4  -8.0244805542667353E-015
           8           5   1.6365625141557198E-014
           8           6   1.8948384528094664E-014
           8           7   1.6213592968217228E-014
           8           8   2.2104017543834917     
           8           9  -1.3794521080967570E-014
           8          10  -2.5637478251461232E-014
           8          11 -0.69652856115897577     
           8          12  -1.1927958620816526E-014
           8          13   1.4595529645999861E-015
           8          14   8.2837358937107669E-002
           8          15  -1.0339857591478244E-014
           8          16   2.6819765153008488E-015
           8          17  -7.5638830335703714E-015
           8          18  -5.8889789069626732E-016
           8          19  -7.5486559199989230E-015
           8          20  -1.6625959928200499E-014
           8          21   6.8752339786156938E-015
           8          22   1.7960329278690074E-015
           8          23   8.3574708712375850E-015
           8          24  -3.4077390107144845E-015
           8          25  -3.0978596290330568E-015
           8          26   5.7146311520048057E-015
           9           1   3.4058781896546773E-015
           9           2  -7.6414599078649181E-015
           9           3   2.4156722880175599E-015
           9           4  -3.9147424669228466E-015
           9           5  -9.3749128142448315E-016
           9           6 -0.69652856115897221     
           9           7  -2.7634144972310537E-015
           9           8  -1.3794521080967570E-014
           9           9   2.3024729288755825     
           9          10  -1.1206313654810174E-015
           9          11   1.5543122344752192E-015
           9          12 -0.23795998318556144     
           9          13  -7.6219412725730962E-016
           9          14  -1.1796119636642288E-015
           9          15  -9.0403350939036235E-016
           9          16   2.0992903798568685E-015
           9          17  -9.6848016251689650E-016
           9          18   6.9185690877036126E-015
           9          19   1.6020359968724697E-015
           9          20   1.8367303086206555E-016
           9          21   3.2171718645544307E-015
           9          22  -3.2357676012130197E-016
           9          23   1.7641808881001847E-015
           9          24  -3.8625793291820462E-016
           9          25  -5.8784740950259031E-016
           9          26   1.6221289845566473E-015
          10           1   1.2711253578674138E-015
          10           2  -4.7122677887317672E-015
          10           3   9.4127830135598296E-015
          10           4  -9.7267623721615202E-016
          10           5   1.6387446177408765E-015
          10           6   2.1380466841414147E-015
          10           7 -0.69652856115897910     
          10           8  -2.5637478251461232E-014
          10           9  -1.1206313654810174E-015
          10          10   2.3024729288755843     
          10          11   1.9984014443252818E-015
          10          12   2.4611389315420951E-016
          10          13 -0.23795998318555966     
          10          14  -1.7295193055488767E-015
          10          15  -1.6801466942323812E-015
          10          16  -3.1249201029595051E-015
          10          17  -9.8963583742690967E-016
          10          18   6.3751069537811380E-016
          10          19   6.4114299129284932E-015
          10          20  -2.1229181702973786E-015
          10          21   1.6545351779189285E-016
          10          22   1.8644801301975417E-015
          10          23   9.6630646249974990E-016
          10          24  -5.5180686179511823E-016
          10          25  -9.0039638964673118E-016
          10          26   1.5067800086288873E-016
          11           1  -1.1226501338363794E-014
          11           2   3.5370524571699809E-014
          11           3  -1.4360237738815844E-014
          11           4   7.3243028943768975E-015
          11           5  -3.6312662966630247E-015
          11           6  -1.4849232954361469E-015
          11           7  -3.0461744238152733E-015
          11           8 -0.69652856115897577     
          11           9   1.5543122344752192E-015
          11          10   1.9984014443252818E-015
          11          11   2.3024729288755830     
          11          12   1.4328815911568427E-015
          11          13  -1.0278236595162582E-015
          11          14 -0.23795998318555864     
          11          15  -3.2585500425768276E-015
          11          16  -2.3494240900447622E-015
          11          17  -1.0977098280489461E-015
          11          18  -1.1875601307415280E-015
          11          19  -9.9622089702087930E-016
          11          20   4.5583647610898383E-015
          11          21  -2.9860499973248682E-015
          11          22  -1.9224634735321526E-015
          11          23  -1.1169189456179002E-015
          11          24  -8.6536153750477640E-016
          11          25   9.4460401088575499E-016
          11          26  -2.8930474805135875E-015
          12           1  -2.9306173496206553E-015
          12           2   9.8392559073759445E-015
          12           3  -1.1818778783420406E-015
          12           4   5.7647658137731079E-016
          12           5   5.1080132237612361E-017
          12           6   8.2837358937092653E-002
          12           7  -1.9156226084560135E-015
          12           8  -1.1927958620816526E-014
          12           9 -0.23795998318556144     
          12          10   2.4611389315420951E-016
          12          11   1.4328815911568427E-015
          12          12   2.5054063035727828E-002
          12          13   5.4508264221708735E-017
          12          14  -2.0513105103425744E-016
          12          15   2.4058756756621016E-016
          12          16  -2.3153812396539961E-016
          12          17   3.5734746139674996E-016
          12          18  -6.3276939519528275E-016
          12          19  -1.5061413180077323E-016
          12          20   1.8657171338867196E-016
          12          21  -4.0035497602380841E-016
          12          22   4.0803964541598092E-017
          12          23  -3.0455227186590919E-016
          12          24   2.2730457745819331E-017
          12          25   6.1916043597132390E-017
          12          26  -2.4855676318679279E-016
          13           1   2.5529443406391923E-015
          13           2  -3.7659096864409583E-015
          13           3  -2.9392866302671287E-015
          13           4   3.1967506177729130E-016
          13           5  -2.1673453660402494E-016
          13           6   2.0249101874425524E-015
          13           7   8.2837358937092376E-002
          13           8   1.4595529645999861E-015
          13           9  -7.6219412725730962E-016
          13          10 -0.23795998318555966     
          13          11  -1.0278236595162582E-015
          13          12   5.4508264221708735E-017
          13          13   2.5054063035727474E-002
          13          14   3.2200804522819482E-016
          13          15   4.7735966785404382E-016
          13          16   3.2291289441194608E-016
          13          17   4.0257045136926331E-016
          13          18  -8.0862851472112663E-017
          13          19  -6.0553590304152887E-016
          13          20   5.3040707192085689E-016
          13          21  -1.3388692446040438E-016
          13          22  -2.0563826116309671E-016
          13          23  -2.1274886471491717E-016
          13          24   5.8065324757446772E-017
          13          25   6.9749066559300264E-017
          13          26  -1.2853609258770339E-016
          14           1   4.2116007675251855E-015
          14           2  -1.8379934211139712E-014
          14           3   2.5309454440248163E-015
          14           4  -9.9297160531432828E-016
          14           5   5.0288943750785023E-016
          14           6  -1.0278236595162582E-015
          14           7   4.6627198629911604E-015
          14           8   8.2837358937107669E-002
          14           9  -1.1796119636642288E-015
          14          10  -1.7295193055488767E-015
          14          11 -0.23795998318555864     
          14          12  -2.0513105103425744E-016
          14          13   3.2200804522819482E-016
          14          14   2.5054063035727523E-002
          14          15  -1.7499405034831583E-017
          14          16   3.0408076548070951E-016
          14          17  -2.3599858212094336E-016
          14          18   1.0513255100899634E-016
          14          19   6.7695721017761151E-017
          14          20  -6.6830615489918891E-016
          14          21   4.8248160104814155E-016
          14          22   2.1634397409705855E-016
          14          23   3.1217639710611025E-016
          14          24   8.7936058722759807E-017
          14          25  -1.2149675013509356E-016
          14          26   4.3407031033025846E-016
          15           1  -7.6454799416493385E-002
          15           2  0.30691354410410243     
          15           3 -0.96755831198130515     
          15           4  0.19544171577744632     
          15           5  -5.0190951437908651E-002
          15           6   1.9436399896501972E-015
          15           7  -2.1920984583202940E-015
          15           8  -1.0339857591478244E-014
          15           9  -9.0403350939036235E-016
          15          10  -1.6801466942323812E-015
          15          11  -3.2585500425768276E-015
          15          12   2.4058756756621016E-016
          15          13   4.7735966785404382E-016
          15          14  -1.7499405034831583E-017
          15          15  0.43846424316632282     
          15          16  -1.5421675533059910E-015
          15          17  0.43846424316633564     
          15          18   8.9019694781539281E-016
          15          19  -4.0912106424252475E-015
          15          20  0.43846424316633076     
          15          21  -6.8989295201763765E-002
          15          22  -5.7670549876234437E-017
          15          23  -6.8989295201765680E-002
          15          24  -1.0467266601655649E-015
          15          25   5.6999534999317699E-016
          15          26  -6.8989295201765319E-002
          16           1  -3.2700156889753062E-015
          16           2   3.4371617209526672E-015
          16           3   9.0789362944667658E-016
          16           4  -4.3688965272266600E-016
          16           5   9.3025890304318827E-017
          16           6  -7.9010626484175077E-016
          16           7   6.5993933673084844E-016
          16           8   2.6819765153008488E-015
          16           9   2.0992903798568685E-015
          16          10  -3.1249201029595051E-015
          16          11  -2.3494240900447622E-015
          16          12  -2.3153812396539961E-016
          16          13   3.2291289441194608E-016
          16          14   3.0408076548070951E-016
          16          15  -1.5421675533059910E-015
          16          16   6.2139935670226851E-029
          16          17  -1.5421675533060906E-015
          16          18   2.7533256044761162E-029
          16          19  -8.3817552902509961E-029
          16          20  -1.5421675533060155E-015
          16          21   6.5821893368996287E-017
          16          22  -7.3810773959314086E-029
          16          23   6.5821893369085342E-017
          16          24  -4.0469995558100618E-029
          16          25   3.3609977074655233E-029
          16          26   6.5821893369022270E-017
          17           1  -7.6454799416489125E-002
          17           2  0.30691354410409255     
          17           3 -0.96755831198132491     
          17           4  0.19544171577745129     
          17           5  -5.0190951437909859E-002
          17           6   9.1164093057589113E-016
          17           7  -6.7976625281146012E-016
          17           8  -7.5638830335703714E-015
          17           9  -9.6848016251689650E-016
          17          10  -9.8963583742690967E-016
          17          11  -1.0977098280489461E-015
          17          12   3.5734746139674996E-016
          17          13   4.0257045136926331E-016
          17          14  -2.3599858212094336E-016
          17          15  0.43846424316633564     
          17          16  -1.5421675533060906E-015
          17          17  0.43846424316634841     
          17          18   8.9019694781538531E-016
          17          19  -4.0912106424252017E-015
          17          20  0.43846424316634358     
          17          21  -6.8989295201765236E-002
          17          22  -5.7670549876020163E-017
          17          23  -6.8989295201767151E-002
          17          24  -1.0467266601655353E-015
          17          25   5.6999534999305668E-016
          17          26  -6.8989295201766790E-002
          18           1  -2.7893143761413342E-015
          18           2   5.5717070829362599E-015
          18           3  -4.3537816980306474E-015
          18           4   5.7674640642025710E-016
          18           5  -1.6410732438980959E-016
          18           6  -1.6783519065481634E-015
          18           7  -1.1595374509215763E-015
          18           8  -5.8889789069626732E-016
          18           9   6.9185690877036126E-015
          18          10   6.3751069537811380E-016
          18          11  -1.1875601307415280E-015
          18          12  -6.3276939519528275E-016
          18          13  -8.0862851472112663E-017
          18          14   1.0513255100899634E-016
          18          15   8.9019694781539281E-016
          18          16   2.7533256044761162E-029
          18          17   8.9019694781538531E-016
          18          18   7.0346491752162009E-029
          18          19  -9.0975142664168730E-029
          18          20   8.9019694781541154E-016
          18          21  -2.7358515337094056E-016
          18          22  -9.0235849759347144E-029
          18          23  -2.7358515337087573E-016
          18          24  -4.3801921276015617E-029
          18          25   5.2637896983009739E-029
          18          26  -2.7358515337090171E-016
          19           1   7.8358317770858948E-015
          19           2  -2.1993343498710582E-014
          19           3   2.9880682630203938E-015
          19           4  -1.6339432967777173E-015
          19           5   3.8655700776416640E-016
          19           6   5.6939240800763843E-016
          19           7  -2.8741948472048869E-015
          19           8  -7.5486559199989230E-015
          19           9   1.6020359968724697E-015
          19          10   6.4114299129284932E-015
          19          11  -9.9622089702087930E-016
          19          12  -1.5061413180077323E-016
          19          13  -6.0553590304152887E-016
          19          14   6.7695721017761151E-017
          19          15  -4.0912106424252475E-015
          19          16  -8.3817552902509961E-029
          19          17  -4.0912106424252017E-015
          19          18  -9.0975142664168730E-029
          19          19   5.3290367546617009E-028
          19          20  -4.0912106424253485E-015
          19          21   4.5348927522910683E-016
          19          22   3.8039004300731665E-028
          19          23   4.5348927522876693E-016
          19          24   1.6581394050509616E-028
          19          25  -2.2577003812329205E-028
          19          26   4.5348927522895892E-016
          20           1  -7.6454799416496286E-002
          20           2  0.30691354410410965     
          20           3 -0.96755831198131736     
          20           4  0.19544171577744962     
          20           5  -5.0190951437909463E-002
          20           6   1.6189588429453980E-015
          20           7   6.4603849488324742E-016
          20           8  -1.6625959928200499E-014
          20           9   1.8367303086206555E-016
          20          10  -2.1229181702973786E-015
          20          11   4.5583647610898383E-015
          20          12   1.8657171338867196E-016
          20          13   5.3040707192085689E-016
          20          14  -6.6830615489918891E-016
          20          15  0.43846424316633076     
          20          16  -1.5421675533060155E-015
          20          17  0.43846424316634358     
          20          18   8.9019694781541154E-016
          20          19  -4.0912106424253485E-015
          20          20  0.43846424316633875     
          20          21  -6.8989295201764805E-002
          20          22  -5.7670549876279698E-017
          20          23  -6.8989295201766720E-002
          20          24  -1.0467266601655744E-015
          20          25   5.6999534999323073E-016
          20          26  -6.8989295201766360E-002
          21           1   2.6004152657453747E-002
          21           2 -0.10119230785832545     
          21           3  0.25437627337470570     
          21           4  -3.7745954682255473E-002
          21           5   1.0364629013789001E-002
          21           6  -6.6285007182478427E-016
          21           7   1.4672291212601480E-015
          21           8   6.8752339786156938E-015
          21           9   3.2171718645544307E-015
          21          10   1.6545351779189285E-016
          21          11  -2.9860499973248682E-015
          21          12  -4.0035497602380841E-016
          21          13  -1.3388692446040438E-016
          21          14   4.8248160104814155E-016
          21          15  -6.8989295201763765E-002
          21          16   6.5821893368996287E-017
          21          17  -6.8989295201765236E-002
          21          18  -2.7358515337094056E-016
          21          19   4.5348927522910683E-016
          21          20  -6.8989295201764805E-002
          21          21   1.6194126115635695E-002
          21          22   1.3393237303190747E-016
          21          23   1.6194126115635844E-002
          21          24   2.9442922183102463E-016
          21          25  -1.4277784326356679E-016
          21          26   1.6194126115635879E-002
          22           1   7.6365227398085316E-015
          22           2  -2.1059471596487251E-014
          22           3   6.7732642281289887E-016
          22           4  -2.3681885334683225E-016
          22           5   6.9259439905054050E-017
          22           6  -2.1599703651899388E-016
          22           7  -6.5188590282708449E-016
          22           8   1.7960329278690074E-015
          22           9  -3.2357676012130197E-016
          22          10   1.8644801301975417E-015
          22          11  -1.9224634735321526E-015
          22          12   4.0803964541598092E-017
          22          13  -2.0563826116309671E-016
          22          14   2.1634397409705855E-016
          22          15  -5.7670549876234437E-017
          22          16  -7.3810773959314086E-029
          22          17  -5.7670549876020163E-017
          22          18  -9.0235849759347144E-029
          22          19   3.8039004300731665E-028
          22          20  -5.7670549876279698E-017
          22          21   1.3393237303190747E-016
          22          22   3.8461037604044835E-028
          22          23   1.3393237303158433E-016
          22          24   1.2098118064494746E-028
          22          25  -2.3646242824117870E-028
          22          26   1.3393237303172536E-016
          23           1   2.6004152657447842E-002
          23           2 -0.10119230785830680     
          23           3  0.25437627337470936     
          23           4  -3.7745954682256062E-002
          23           5   1.0364629013789144E-002
          23           6  -1.0809515118605323E-015
          23           7  -8.9291707732961912E-016
          23           8   8.3574708712375850E-015
          23           9   1.7641808881001847E-015
          23          10   9.6630646249974990E-016
          23          11  -1.1169189456179002E-015
          23          12  -3.0455227186590919E-016
          23          13  -2.1274886471491717E-016
          23          14   3.1217639710611025E-016
          23          15  -6.8989295201765680E-002
          23          16   6.5821893369085342E-017
          23          17  -6.8989295201767151E-002
          23          18  -2.7358515337087573E-016
          23          19   4.5348927522876693E-016
          23          20  -6.8989295201766720E-002
          23          21   1.6194126115635844E-002
          23          22   1.3393237303158433E-016
          23          23   1.6194126115635987E-002
          23          24   2.9442922183089728E-016
          23          25  -1.4277784326338407E-016
          23          26   1.6194126115636025E-002
          24           1   3.6813903953332996E-015
          24           2  -8.8309842544251166E-015
          24           3   3.4818564336749665E-015
          24           4  -6.6640256346076659E-016
          24           5   1.8277391474053706E-016
          24           6   3.2597562621621824E-016
          24           7   6.2968884869629967E-016
          24           8  -3.4077390107144845E-015
          24           9  -3.8625793291820462E-016
          24          10  -5.5180686179511823E-016
          24          11  -8.6536153750477640E-016
          24          12   2.2730457745819331E-017
          24          13   5.8065324757446772E-017
          24          14   8.7936058722759807E-017
          24          15  -1.0467266601655649E-015
          24          16  -4.0469995558100618E-029
          24          17  -1.0467266601655353E-015
          24          18  -4.3801921276015617E-029
          24          19   1.6581394050509616E-028
          24          20  -1.0467266601655744E-015
          24          21   2.9442922183102463E-016
          24          22   1.2098118064494746E-028
          24          23   2.9442922183089728E-016
          24          24   7.4397122533562316E-029
          24          25  -6.4041876716127636E-029
          24          26   2.9442922183098262E-016
          25           1  -4.9094104012234430E-015
          25           2   1.3342266999303132E-014
          25           3  -7.5309169232053539E-016
          25           4   3.6076691245659777E-016
          25           5  -9.3593109756776621E-017
          25           6  -1.2515911441041686E-016
          25           7   4.7816555311496692E-016
          25           8  -3.0978596290330568E-015
          25           9  -5.8784740950259031E-016
          25          10  -9.0039638964673118E-016
          25          11   9.4460401088575499E-016
          25          12   6.1916043597132390E-017
          25          13   6.9749066559300264E-017
          25          14  -1.2149675013509356E-016
          25          15   5.6999534999317699E-016
          25          16   3.3609977074655233E-029
          25          17   5.6999534999305668E-016
          25          18   5.2637896983009739E-029
          25          19  -2.2577003812329205E-028
          25          20   5.6999534999323073E-016
          25          21  -1.4277784326356679E-016
          25          22  -2.3646242824117870E-028
          25          23  -1.4277784326338407E-016
          25          24  -6.4041876716127636E-029
          25          25   1.5838821243785069E-028
          25          26  -1.4277784326346071E-016
          26           1   2.6004152657453164E-002
          26           2 -0.10119230785831997     
          26           3  0.25437627337470686     
          26           4  -3.7745954682256104E-002
          26           5   1.0364629013789154E-002
          26           6  -1.6584879341283271E-016
          26           7  -2.1192240149707915E-015
          26           8   5.7146311520048057E-015
          26           9   1.6221289845566473E-015
          26          10   1.5067800086288873E-016
          26          11  -2.8930474805135875E-015
          26          12  -2.4855676318679279E-016
          26          13  -1.2853609258770339E-016
          26          14   4.3407031033025846E-016
          26          15  -6.8989295201765319E-002
          26          16   6.5821893369022270E-017
          26          17  -6.8989295201766790E-002
          26          18  -2.7358515337090171E-016
          26          19   4.5348927522895892E-016
          26          20  -6.8989295201766360E-002
          26          21   1.6194126115635879E-002
          26          22   1.3393237303172536E-016
          26          23   1.6194126115636025E-002
          26          24   2.9442922183098262E-016
          26          25  -1.4277784326346071E-016
          26          26   1.6194126115636063E-002
