           1           1   2.2070925414240898     
           1           2 -0.71801945029050773     
           1           3  0.21133676374070295     
           1           4  -1.5270909350724601E-002
           1           5  -4.5412213602658543E-003
           1           6  -1.5850725726726027E-013
           1           7  -9.0171670286274591E-014
           1           8   1.2938377208996140E-016
           1           9  -9.1016438662587041E-014
           1          10  -9.3405210855681874E-014
           1          11   5.8772864648335925E-014
           1          12   3.1715609879181615E-014
           1          13  -1.5733102290577885E-013
           1          14   8.8555286102356274E-014
           1          15   3.4255294671824343E-003
           1          16   2.6125338929270843E-014
           1          17   3.4255294670208765E-003
           1          18  -2.1950457010301927E-014
           1          19  -1.0883076651533303E-013
           1          20   3.4255294670346268E-003
           1          21  -1.3722458731432474E-003
           1          22   1.3501718178819380E-014
           1          23  -1.3722458732471526E-003
           1          24  -1.8966285738492332E-014
           1          25  -1.3041277558777759E-013
           1          26  -1.3722458732798662E-003
           2           1 -0.71801945029050773     
           2           2   2.4964554054963894     
           2           3 -0.85450018608505340     
           2           4   5.3924692110349517E-002
           2           5   1.0895963582337203E-002
           2           6  -1.5238903618837520E-013
           2           7  -1.2294296436346583E-013
           2           8  -8.0784182037972093E-014
           2           9  -5.7315943612573598E-014
           2          10  -2.4903475802611790E-013
           2          11   1.1287409000561014E-013
           2          12   6.4860231964017931E-014
           2          13  -1.3714828299088570E-013
           2          14   1.1641165480463822E-013
           2          15  -3.6572069726449451E-003
           2          16   3.6743331274438647E-014
           2          17  -3.6572069727444281E-003
           2          18  -1.3927796285874173E-014
           2          19  -1.1654618950040597E-013
           2          20  -3.6572069726693952E-003
           2          21  -5.2669982069441352E-004
           2          22   2.3985435118174382E-014
           2          23  -5.2669982084663095E-004
           2          24  -5.2419468805825924E-015
           2          25  -1.4696228856823201E-013
           2          26  -5.2669982082430376E-004
           3           1  0.21133676374070295     
           3           2 -0.85450018608505340     
           3           3   2.4020863130457970     
           3           4 -0.27729578662562870     
           3           5  -6.2009883594368195E-002
           3           6   3.6419564859238002E-014
           3           7  -9.8440287622683418E-014
           3           8   7.8081344121642318E-014
           3           9  -1.3840735884651511E-014
           3          10   4.0069236230715351E-013
           3          11  -1.6902425100778364E-013
           3          12  -6.8257183529355922E-014
           3          13   1.5224389954298463E-013
           3          14  -1.1397433757061565E-013
           3          15   2.4153772586916152E-003
           3          16   1.9240639525083704E-014
           3          17   2.4153772587815151E-003
           3          18   1.8935029605133179E-014
           3          19   3.4977927725022728E-014
           3          20   2.4153772587353658E-003
           3          21  -6.5436933537766336E-003
           3          22   1.7086019147940396E-014
           3          23  -6.5436933536436861E-003
           3          24  -5.9217560151472970E-015
           3          25   7.8948645628095437E-014
           3          26  -6.5436933536515123E-003
           4           1  -1.5270909350724601E-002
           4           2   5.3924692110349517E-002
           4           3 -0.27729578662562870     
           4           4  0.61452399607783903     
           4           5  0.15491184087514520     
           4           6  -2.9800764860909040E-014
           4           7   7.1373233215264069E-014
           4           8  -6.4940636101540647E-014
           4           9   5.0664815648566537E-015
           4          10  -3.0308741116654951E-013
           4          11   1.6860480367343378E-013
           4          12   4.6875305182663719E-014
           4          13  -1.0432297953399271E-013
           4          14   9.3361539537604567E-014
           4          15  -1.2921844235702027E-002
           4          16  -1.6331397238325943E-015
           4          17  -1.2921844235714764E-002
           4          18   2.6235204553098991E-016
           4          19  -2.9680027108831862E-015
           4          20  -1.2921844235713506E-002
           4          21   4.1276706468651482E-002
           4          22  -9.4765821922804275E-015
           4          23   4.1276706468619237E-002
           4          24  -3.5483514905045076E-015
           4          25  -1.7300411685812442E-014
           4          26   4.1276706468629083E-002
           5           1  -4.5412213602658543E-003
           5           2   1.0895963582337203E-002
           5           3  -6.2009883594368195E-002
           5           4  0.15491184087514520     
           5           5   3.9079143408220864E-002
           5           6  -1.7258988155816061E-014
           5           7  -1.1032001674356622E-013
           5           8   1.4994112655479384E-014
           5           9  -1.0347982436260985E-013
           5          10   2.0892468832374374E-013
           5          11  -1.9855369283058780E-013
           5          12   1.1405747923117462E-014
           5          13  -2.3895463142216750E-014
           5          14   2.2187832101787291E-014
           5          15  -3.2712862815301568E-003
           5          16  -3.6913896259420681E-016
           5          17  -3.2712862815329558E-003
           5          18   1.4849408461868416E-016
           5          19  -5.4363166014717789E-016
           5          20  -3.2712862815328140E-003
           5          21   1.0448053252778538E-002
           5          22  -2.3560010222739257E-015
           5          23   1.0448053252770912E-002
           5          24  -9.0670210052174801E-016
           5          25  -4.0077977450105587E-015
           5          26   1.0448053252773400E-002
           6           1  -1.5850725726726027E-013
           6           2  -1.5238903618837520E-013
           6           3   3.6419564859238002E-014
           6           4  -2.9800764860909040E-014
           6           5  -1.7258988155816061E-014
           6           6   2.2010077317896650     
           6           7  -3.8007791358654628E-015
           6           8  -5.8546917314215394E-015
           6           9 -0.66427206036605602     
           6          10   1.1175088632243546E-014
           6          11  -9.2287288921972575E-015
           6          12  -7.4907903498667595E-003
           6          13   9.0072399408835976E-015
           6          14  -5.8183031960064249E-015
           6          15  -6.8015999371847187E-015
           6          16  -1.7638020610467810E-014
           6          17   3.3661497669407959E-014
           6          18  -2.6821894830002525E-014
           6          19  -3.4857999490836307E-015
           6          20   1.5911990512130254E-013
           6          21  -9.2254901468909909E-014
           6          22   1.6798790648006362E-014
           6          23  -4.9783166507865389E-014
           6          24   4.8167699375980955E-014
           6          25   2.2648097002974140E-014
           6          26   6.1175540040124639E-014
           7           1  -9.0171670286274591E-014
           7           2  -1.2294296436346583E-013
           7           3  -9.8440287622683418E-014
           7           4   7.1373233215264069E-014
           7           5  -1.1032001674356622E-013
           7           6  -3.8007791358654628E-015
           7           7   2.2010077317896597     
           7           8   2.5188184871178790E-015
           7           9   2.8796409701298854E-016
           7          10 -0.66427206036605446     
           7          11   6.8278716014462668E-015
           7          12   1.9807994220548263E-014
           7          13  -7.4907903498987157E-003
           7          14   1.0287181263082560E-014
           7          15   9.6089085147987117E-014
           7          16  -1.6028849144330933E-014
           7          17   1.4923205947787532E-014
           7          18  -3.8750846308421735E-014
           7          19  -1.1909601029985341E-014
           7          20   2.9340663325983944E-014
           7          21   1.3276025021705984E-013
           7          22  -1.5490838381380115E-014
           7          23  -9.6637463904773780E-014
           7          24   2.9738545299752053E-015
           7          25   3.2188208956282894E-015
           7          26  -3.4601243703526226E-014
           8           1   1.2938377208996140E-016
           8           2  -8.0784182037972093E-014
           8           3   7.8081344121642318E-014
           8           4  -6.4940636101540647E-014
           8           5   1.4994112655479384E-014
           8           6  -5.8546917314215394E-015
           8           7   2.5188184871178790E-015
           8           8   2.2010077317896686     
           8           9  -1.9949319973788739E-016
           8          10  -1.3322676295500354E-014
           8          11 -0.66427206036604636     
           8          12  -2.9652820997260282E-014
           8          13  -3.2048230172098668E-014
           8          14  -7.4907903498790292E-003
           8          15  -1.5835947324544909E-013
           8          16   5.1167704151876431E-014
           8          17  -6.6996870843054602E-014
           8          18   3.6826152115556376E-015
           8          19   1.5677303345526973E-014
           8          20   2.6842929298389403E-013
           8          21  -2.6425575621288976E-013
           8          22  -4.2484156369874630E-015
           8          23  -6.4018913603029606E-015
           8          24   1.3416822943462496E-014
           8          25  -3.6084794464971225E-014
           8          26   2.3601445041024141E-013
           9           1  -9.1016438662587041E-014
           9           2  -5.7315943612573598E-014
           9           3  -1.3840735884651511E-014
           9           4   5.0664815648566537E-015
           9           5  -1.0347982436260985E-013
           9           6 -0.66427206036605602     
           9           7   2.8796409701298854E-016
           9           8  -1.9949319973788739E-016
           9           9   2.1961789694416596     
           9          10   5.2735593669666158E-015
           9          11   2.7616797737570159E-015
           9          12   1.0823533966919312E-002
           9          13   1.6637082336831741E-015
           9          14   5.2086698669424591E-015
           9          15   3.3339789507001226E-014
           9          16  -2.6105987591378894E-014
           9          17   1.6209699871288418E-014
           9          18   2.0051255690290995E-014
           9          19  -5.3788201504339690E-015
           9          20  -3.2732763987281420E-014
           9          21   8.8460910138113044E-014
           9          22   9.0776514922123691E-015
           9          23  -4.9012032306972534E-014
           9          24  -4.6782809715886289E-014
           9          25  -1.9243048882161582E-014
           9          26   4.1736883031029819E-014
          10           1  -9.3405210855681874E-014
          10           2  -2.4903475802611790E-013
          10           3   4.0069236230715351E-013
          10           4  -3.0308741116654951E-013
          10           5   2.0892468832374374E-013
          10           6   1.1175088632243546E-014
          10           7 -0.66427206036605446     
          10           8  -1.3322676295500354E-014
          10           9   5.2735593669666158E-015
          10          10   2.1961789694416267     
          10          11   4.3298697960327810E-015
          10          12  -6.0329345685778145E-014
          10          13   1.0823533966984258E-002
          10          14  -8.6497649320789714E-015
          10          15   1.7000782702284738E-014
          10          16   1.6733820917793592E-014
          10          17  -1.7967784575087791E-014
          10          18   8.6632424840622472E-014
          10          19   6.3512542705569899E-014
          10          20  -2.0071360708890520E-014
          10          21  -2.4545411835610252E-013
          10          22  -6.4909912422046972E-014
          10          23   1.3842525902239539E-013
          10          24  -1.1039920246713649E-013
          10          25  -4.1700349602107958E-014
          10          26  -1.4167585856599025E-014
          11           1   5.8772864648335925E-014
          11           2   1.1287409000561014E-013
          11           3  -1.6902425100778364E-013
          11           4   1.6860480367343378E-013
          11           5  -1.9855369283058780E-013
          11           6  -9.2287288921972575E-015
          11           7   6.8278716014462668E-015
          11           8 -0.66427206036604636     
          11           9   2.7616797737570159E-015
          11          10   4.3298697960327810E-015
          11          11   2.1961789694416520     
          11          12   2.1302187444557147E-014
          11          13  -2.1287875975876161E-014
          11          14   1.0823533966910517E-002
          11          15   2.1986815821382386E-014
          11          16  -5.5925838493665469E-014
          11          17   5.9384201912617506E-015
          11          18   5.4293265801925547E-015
          11          19  -4.1754794846283397E-014
          11          20  -8.1157791882092871E-014
          11          21   1.8875279282628664E-013
          11          22   9.3214482564776523E-014
          11          23  -5.2562647734811250E-014
          11          24   2.9672372249780711E-014
          11          25   1.7042895812366283E-014
          11          26  -2.8914059642871726E-014
          12           1   3.1715609879181615E-014
          12           2   6.4860231964017931E-014
          12           3  -6.8257183529355922E-014
          12           4   4.6875305182663719E-014
          12           5   1.1405747923117462E-014
          12           6  -7.4907903498667595E-003
          12           7   1.9807994220548263E-014
          12           8  -2.9652820997260282E-014
          12           9   1.0823533966919312E-002
          12          10  -6.0329345685778145E-014
          12          11   2.1302187444557147E-014
          12          12   8.9667048910261645E-005
          12          13  -7.0134264505947734E-016
          12          14   4.0422910990860827E-016
          12          15  -8.0242489088501954E-016
          12          16   1.9949691453635460E-016
          12          17  -8.9958341081436921E-016
          12          18   2.2292279530438697E-017
          12          19   8.2579664575611080E-018
          12          20  -1.2677756826987474E-015
          12          21   3.5143221667194784E-015
          12          22  -1.9159905133818180E-016
          12          23   2.8305180018586214E-015
          12          24  -1.3385909611914428E-016
          12          25  -8.2429447864638680E-017
          12          26   2.7495758508305699E-015
          13           1  -1.5733102290577885E-013
          13           2  -1.3714828299088570E-013
          13           3   1.5224389954298463E-013
          13           4  -1.0432297953399271E-013
          13           5  -2.3895463142216750E-014
          13           6   9.0072399408835976E-015
          13           7  -7.4907903498987157E-003
          13           8  -3.2048230172098668E-014
          13           9   1.6637082336831741E-015
          13          10   1.0823533966984258E-002
          13          11  -2.1287875975876161E-014
          13          12  -7.0134264505947734E-016
          13          13   8.9667048911360348E-005
          13          14  -3.1751686479866041E-016
          13          15   1.8640505037570233E-015
          13          16  -1.3398495671905882E-016
          13          17   1.8339617311608321E-015
          13          18   8.5253796601624347E-016
          13          19   3.4716339516222869E-016
          13          20   1.3556196498426134E-015
          13          21  -8.0864808255687516E-015
          13          22  -5.6042043887728454E-017
          13          23  -5.2312034971702862E-015
          13          24  -1.0248275454132534E-015
          13          25  -4.2428712614792895E-016
          13          26  -5.9232906111046498E-015
          14           1   8.8555286102356274E-014
          14           2   1.1641165480463822E-013
          14           3  -1.1397433757061565E-013
          14           4   9.3361539537604567E-014
          14           5   2.2187832101787291E-014
          14           6  -5.8183031960064249E-015
          14           7   1.0287181263082560E-014
          14           8  -7.4907903498790292E-003
          14           9   5.2086698669424591E-015
          14          10  -8.6497649320789714E-015
          14          11   1.0823533966910517E-002
          14          12   4.0422910990860827E-016
          14          13  -3.1751686479866041E-016
          14          14   8.9667048910164175E-005
          14          15  -1.4715367006834232E-015
          14          16  -1.9977919836870108E-017
          14          17  -1.6541767839879056E-015
          14          18  -1.9252169073635214E-016
          14          19  -1.9220877263378311E-016
          14          20  -2.4565385445871608E-015
          14          21   7.3281679717011759E-015
          14          22   1.9915391436583635E-016
          14          23   5.5648211873162851E-015
          14          24   4.7318420700938035E-016
          14          25   3.0962967692742585E-016
          14          26   4.8265625794757116E-015
          15           1   3.4255294671824343E-003
          15           2  -3.6572069726449451E-003
          15           3   2.4153772586916152E-003
          15           4  -1.2921844235702027E-002
          15           5  -3.2712862815301568E-003
          15           6  -6.8015999371847187E-015
          15           7   9.6089085147987117E-014
          15           8  -1.5835947324544909E-013
          15           9   3.3339789507001226E-014
          15          10   1.7000782702284738E-014
          15          11   2.1986815821382386E-014
          15          12  -8.0242489088501954E-016
          15          13   1.8640505037570233E-015
          15          14  -1.4715367006834232E-015
          15          15   2.8737725423442020E-004
          15          16  -2.5386077776192099E-017
          15          17   2.8737725423446937E-004
          15          18  -4.9457352884948815E-017
          15          19   2.3103588007886542E-017
          15          20   2.8737725423444140E-004
          15          21  -8.8831154761665745E-004
          15          22   1.5284178280833652E-016
          15          23  -8.8831154761614863E-004
          15          24   7.0992442697187098E-017
          15          25   2.6060236602488222E-016
          15          26  -8.8831154761640592E-004
          16           1   2.6125338929270843E-014
          16           2   3.6743331274438647E-014
          16           3   1.9240639525083704E-014
          16           4  -1.6331397238325943E-015
          16           5  -3.6913896259420681E-016
          16           6  -1.7638020610467810E-014
          16           7  -1.6028849144330933E-014
          16           8   5.1167704151876431E-014
          16           9  -2.6105987591378894E-014
          16          10   1.6733820917793592E-014
          16          11  -5.5925838493665469E-014
          16          12   1.9949691453635460E-016
          16          13  -1.3398495671905882E-016
          16          14  -1.9977919836870108E-017
          16          15  -2.5386077776192099E-017
          16          16   1.3361460334603738E-026
          16          17  -2.5386077776569347E-017
          16          18  -6.8665156341757991E-027
          16          19  -2.7167923031546917E-027
          16          20  -2.5386077760462909E-017
          16          21  -3.1737234417040010E-017
          16          22  -7.5853987154716972E-027
          16          23  -3.1737234414750951E-017
          16          24   9.3863307529608096E-027
          16          25  -1.8145295191066596E-027
          16          26  -3.1737234422515888E-017
          17           1   3.4255294670208765E-003
          17           2  -3.6572069727444281E-003
          17           3   2.4153772587815151E-003
          17           4  -1.2921844235714764E-002
          17           5  -3.2712862815329558E-003
          17           6   3.3661497669407959E-014
          17           7   1.4923205947787532E-014
          17           8  -6.6996870843054602E-014
          17           9   1.6209699871288418E-014
          17          10  -1.7967784575087791E-014
          17          11   5.9384201912617506E-015
          17          12  -8.9958341081436921E-016
          17          13   1.8339617311608321E-015
          17          14  -1.6541767839879056E-015
          17          15   2.8737725423446937E-004
          17          16  -2.5386077776569347E-017
          17          17   2.8737725423451854E-004
          17          18  -4.9457352884146550E-017
          17          19   2.3103588024856357E-017
          17          20   2.8737725423449046E-004
          17          21  -8.8831154761694769E-004
          17          22   1.5284178280754384E-016
          17          23  -8.8831154761643877E-004
          17          24   7.0992442706640376E-017
          17          25   2.6060236604967657E-016
          17          26  -8.8831154761669605E-004
          18           1  -2.1950457010301927E-014
          18           2  -1.3927796285874173E-014
          18           3   1.8935029605133179E-014
          18           4   2.6235204553098991E-016
          18           5   1.4849408461868416E-016
          18           6  -2.6821894830002525E-014
          18           7  -3.8750846308421735E-014
          18           8   3.6826152115556376E-015
          18           9   2.0051255690290995E-014
          18          10   8.6632424840622472E-014
          18          11   5.4293265801925547E-015
          18          12   2.2292279530438697E-017
          18          13   8.5253796601624347E-016
          18          14  -1.9252169073635214E-016
          18          15  -4.9457352884948815E-017
          18          16  -6.8665156341757991E-027
          18          17  -4.9457352884146550E-017
          18          18   1.2699548987829040E-026
          18          19   5.1784396343854034E-027
          18          20  -4.9457352895590721E-017
          18          21   1.3483785823185089E-016
          18          22   2.5096634646026832E-027
          18          23   1.3483785826092505E-016
          18          24  -1.5996543143179937E-026
          18          25  -3.3737632072410446E-027
          18          26   1.3483785826036945E-016
          19           1  -1.0883076651533303E-013
          19           2  -1.1654618950040597E-013
          19           3   3.4977927725022728E-014
          19           4  -2.9680027108831862E-015
          19           5  -5.4363166014717789E-016
          19           6  -3.4857999490836307E-015
          19           7  -1.1909601029985341E-014
          19           8   1.5677303345526973E-014
          19           9  -5.3788201504339690E-015
          19          10   6.3512542705569899E-014
          19          11  -4.1754794846283397E-014
          19          12   8.2579664575611080E-018
          19          13   3.4716339516222869E-016
          19          14  -1.9220877263378311E-016
          19          15   2.3103588007886542E-017
          19          16  -2.7167923031546917E-027
          19          17   2.3103588024856357E-017
          19          18   5.1784396343854034E-027
          19          19   1.8449455842054487E-026
          19          20   2.3103588020441864E-017
          19          21   6.4212280051795050E-017
          19          22  -6.3419117269893536E-027
          19          23   6.4212280086467372E-017
          19          24  -2.6532745498456156E-027
          19          25   1.7091520104090738E-026
          19          26   6.4212280081864480E-017
          20           1   3.4255294670346268E-003
          20           2  -3.6572069726693952E-003
          20           3   2.4153772587353658E-003
          20           4  -1.2921844235713506E-002
          20           5  -3.2712862815328140E-003
          20           6   1.5911990512130254E-013
          20           7   2.9340663325983944E-014
          20           8   2.6842929298389403E-013
          20           9  -3.2732763987281420E-014
          20          10  -2.0071360708890520E-014
          20          11  -8.1157791882092871E-014
          20          12  -1.2677756826987474E-015
          20          13   1.3556196498426134E-015
          20          14  -2.4565385445871608E-015
          20          15   2.8737725423444140E-004
          20          16  -2.5386077760462909E-017
          20          17   2.8737725423449046E-004
          20          18  -4.9457352895590721E-017
          20          19   2.3103588020441864E-017
          20          20   2.8737725423446249E-004
          20          21  -8.8831154761711997E-004
          20          22   1.5284178280318159E-016
          20          23  -8.8831154761661116E-004
          20          24   7.0992442724522411E-017
          20          25   2.6060236604367452E-016
          20          26  -8.8831154761686844E-004
          21           1  -1.3722458731432474E-003
          21           2  -5.2669982069441352E-004
          21           3  -6.5436933537766336E-003
          21           4   4.1276706468651482E-002
          21           5   1.0448053252778538E-002
          21           6  -9.2254901468909909E-014
          21           7   1.3276025021705984E-013
          21           8  -2.6425575621288976E-013
          21           9   8.8460910138113044E-014
          21          10  -2.4545411835610252E-013
          21          11   1.8875279282628664E-013
          21          12   3.5143221667194784E-015
          21          13  -8.0864808255687516E-015
          21          14   7.3281679717011759E-015
          21          15  -8.8831154761665745E-004
          21          16  -3.1737234417040010E-017
          21          17  -8.8831154761694769E-004
          21          18   1.3483785823185089E-016
          21          19   6.4212280051795050E-017
          21          20  -8.8831154761711997E-004
          21          21   2.8375977431169355E-003
          21          22  -5.7910766228359700E-016
          21          23   2.8375977431154861E-003
          21          24  -2.6441969329711143E-016
          21          25  -6.8107295624927849E-016
          21          26   2.8375977431161479E-003
          22           1   1.3501718178819380E-014
          22           2   2.3985435118174382E-014
          22           3   1.7086019147940396E-014
          22           4  -9.4765821922804275E-015
          22           5  -2.3560010222739257E-015
          22           6   1.6798790648006362E-014
          22           7  -1.5490838381380115E-014
          22           8  -4.2484156369874630E-015
          22           9   9.0776514922123691E-015
          22          10  -6.4909912422046972E-014
          22          11   9.3214482564776523E-014
          22          12  -1.9159905133818180E-016
          22          13  -5.6042043887728454E-017
          22          14   1.9915391436583635E-016
          22          15   1.5284178280833652E-016
          22          16  -7.5853987154716972E-027
          22          17   1.5284178280754384E-016
          22          18   2.5096634646026832E-027
          22          19  -6.3419117269893536E-027
          22          20   1.5284178280318159E-016
          22          21  -5.7910766228359700E-016
          22          22   1.2606840686343786E-026
          22          23  -5.7910766229576961E-016
          22          24  -2.8318938200549624E-027
          22          25  -4.7797848475093258E-027
          22          26  -5.7910766228173992E-016
          23           1  -1.3722458732471526E-003
          23           2  -5.2669982084663095E-004
          23           3  -6.5436933536436861E-003
          23           4   4.1276706468619237E-002
          23           5   1.0448053252770912E-002
          23           6  -4.9783166507865389E-014
          23           7  -9.6637463904773780E-014
          23           8  -6.4018913603029606E-015
          23           9  -4.9012032306972534E-014
          23          10   1.3842525902239539E-013
          23          11  -5.2562647734811250E-014
          23          12   2.8305180018586214E-015
          23          13  -5.2312034971702862E-015
          23          14   5.5648211873162851E-015
          23          15  -8.8831154761614863E-004
          23          16  -3.1737234414750951E-017
          23          17  -8.8831154761643877E-004
          23          18   1.3483785826092505E-016
          23          19   6.4212280086467372E-017
          23          20  -8.8831154761661116E-004
          23          21   2.8375977431154861E-003
          23          22  -5.7910766229576961E-016
          23          23   2.8375977431140363E-003
          23          24  -2.6441969332854975E-016
          23          25  -6.8107295624554876E-016
          23          26   2.8375977431146985E-003
          24           1  -1.8966285738492332E-014
          24           2  -5.2419468805825924E-015
          24           3  -5.9217560151472970E-015
          24           4  -3.5483514905045076E-015
          24           5  -9.0670210052174801E-016
          24           6   4.8167699375980955E-014
          24           7   2.9738545299752053E-015
          24           8   1.3416822943462496E-014
          24           9  -4.6782809715886289E-014
          24          10  -1.1039920246713649E-013
          24          11   2.9672372249780711E-014
          24          12  -1.3385909611914428E-016
          24          13  -1.0248275454132534E-015
          24          14   4.7318420700938035E-016
          24          15   7.0992442697187098E-017
          24          16   9.3863307529608096E-027
          24          17   7.0992442706640376E-017
          24          18  -1.5996543143179937E-026
          24          19  -2.6532745498456156E-027
          24          20   7.0992442724522411E-017
          24          21  -2.6441969329711143E-016
          24          22  -2.8318938200549624E-027
          24          23  -2.6441969332854975E-016
          24          24   2.5555118590752181E-026
          24          25   1.2343157743736570E-026
          24          26  -2.6441969332504824E-016
          25           1  -1.3041277558777759E-013
          25           2  -1.4696228856823201E-013
          25           3   7.8948645628095437E-014
          25           4  -1.7300411685812442E-014
          25           5  -4.0077977450105587E-015
          25           6   2.2648097002974140E-014
          25           7   3.2188208956282894E-015
          25           8  -3.6084794464971225E-014
          25           9  -1.9243048882161582E-014
          25          10  -4.1700349602107958E-014
          25          11   1.7042895812366283E-014
          25          12  -8.2429447864638680E-017
          25          13  -4.2428712614792895E-016
          25          14   3.0962967692742585E-016
          25          15   2.6060236602488222E-016
          25          16  -1.8145295191066596E-027
          25          17   2.6060236604967657E-016
          25          18  -3.3737632072410446E-027
          25          19   1.7091520104090738E-026
          25          20   2.6060236604367452E-016
          25          21  -6.8107295624927849E-016
          25          22  -4.7797848475093258E-027
          25          23  -6.8107295624554876E-016
          25          24   1.2343157743736570E-026
          25          25   2.9935031940839145E-026
          25          26  -6.8107295624755049E-016
          26           1  -1.3722458732798662E-003
          26           2  -5.2669982082430376E-004
          26           3  -6.5436933536515123E-003
          26           4   4.1276706468629083E-002
          26           5   1.0448053252773400E-002
          26           6   6.1175540040124639E-014
          26           7  -3.4601243703526226E-014
          26           8   2.3601445041024141E-013
          26           9   4.1736883031029819E-014
          26          10  -1.4167585856599025E-014
          26          11  -2.8914059642871726E-014
          26          12   2.7495758508305699E-015
          26          13  -5.9232906111046498E-015
          26          14   4.8265625794757116E-015
          26          15  -8.8831154761640592E-004
          26          16  -3.1737234422515888E-017
          26          17  -8.8831154761669605E-004
          26          18   1.3483785826036945E-016
          26          19   6.4212280081864480E-017
          26          20  -8.8831154761686844E-004
          26          21   2.8375977431161479E-003
          26          22  -5.7910766228173992E-016
          26          23   2.8375977431146985E-003
          26          24  -2.6441969332504824E-016
          26          25  -6.8107295624755049E-016
          26          26   2.8375977431153599E-003
