           1           1   2.2632000508343415     
           1           2 -0.85241917247171650     
           1           3  0.39032636780258351     
           1           4  -7.3907260477439757E-002
           1           5  -3.0237171240223570E-002
           1           6  -5.0325743015551186E-013
           1           7   8.8930728559630887E-013
           1           8  -7.5517587515957625E-013
           1           9   1.4110581826105457E-012
           1          10  -2.9293409222870958E-012
           1          11   2.2743706099885303E-012
           1          12  -3.2038406865831674E-012
           1          13   7.0899491035379100E-012
           1          14  -3.0905160192965151E-012
           1          15   1.6384883798580664E-012
           1          16  -1.8406188645882397E-012
           1          17  -4.3238992959122792E-013
           1          18  -1.8343141214000040E-002
           1          19   5.7568584952293173E-013
           1          20  -1.8343141213918723E-002
           1          21   1.8970721897511525E-013
           1          22  -4.4497226789244223E-014
           1          23  -1.8343141214597711E-002
           1          24   7.9841770523786468E-005
           1          25  -1.3986151486049532E-013
           1          26   7.9841770273403421E-005
           1          27   3.8036468717708688E-013
           1          28  -3.1578689952519160E-013
           1          29   7.9841770730645955E-005
           1          30  -3.3066605978738389E-003
           1          31  -8.9286441918343746E-014
           1          32  -3.3066605980687632E-003
           1          33   4.6986240022174645E-014
           1          34  -3.0737930178513023E-015
           1          35  -3.3066605978572311E-003
           2           1 -0.85241917247171650     
           2           2   2.7909662597594012     
           2           3  -1.2802293987812208     
           2           4  0.22234704457141333     
           2           5   9.5276027442817851E-002
           2           6   6.7300679573467519E-012
           2           7  -3.0031931676240261E-013
           2           8   3.8413210618989566E-012
           2           9  -2.0358918228007625E-011
           2          10   4.0888101389212998E-013
           2          11  -9.4604521793579031E-012
           2          12   3.2910294300501011E-011
           2          13  -8.6467686474524997E-012
           2          14   1.1677444950955202E-011
           2          15   2.0131595690242577E-011
           2          16   1.8760426030345582E-011
           2          17   3.7184903404075625E-012
           2          18  -1.6445234774033483E-002
           2          19  -3.3757929160712757E-012
           2          20  -1.6445234775828127E-002
           2          21   1.8264274130647968E-013
           2          22   1.5504235059746417E-014
           2          23  -1.6445234771276386E-002
           2          24  -4.2995211520314982E-003
           2          25  -4.1813664045928281E-014
           2          26  -4.2995211519942424E-003
           2          27  -8.8327858797506152E-013
           2          28   8.6681151843615098E-013
           2          29  -4.2995211527454150E-003
           2          30   3.4212929931284998E-003
           2          31   2.1543191040569129E-013
           2          32   3.4212929935111894E-003
           2          33  -1.0267550971000755E-013
           2          34   4.5736234971252904E-014
           2          35   3.4212929930086079E-003
           3           1  0.39032636780258351     
           3           2  -1.2802293987812208     
           3           3   3.0846178951912497     
           3           4 -0.95338189768698323     
           3           5 -0.41771310433446934     
           3           6   1.8737290242765287E-011
           3           7   1.7833465832089954E-011
           3           8   2.4962382517055003E-012
           3           9  -5.1429794926558932E-011
           3          10  -6.9650861032008813E-011
           3          11   9.2114300315925459E-012
           3          12   5.6682490140124313E-011
           3          13   1.4408401968463166E-010
           3          14  -3.0259504115087990E-011
           3          15   1.2357374509334359E-010
           3          16   3.3448806331818773E-011
           3          17   1.6276916058539350E-012
           3          18   3.5476294626272817E-002
           3          19  -3.3685579092255813E-012
           3          20   3.5476294624539995E-002
           3          21   3.1621136107294734E-012
           3          22  -3.7713126956513536E-013
           3          23   3.5476294625544698E-002
           3          24  -2.6775322883933157E-002
           3          25  -4.5897019198926424E-012
           3          26  -2.6775322888993716E-002
           3          27   4.8717114167127085E-012
           3          28  -3.0805535294799026E-012
           3          29  -2.6775322881031176E-002
           3          30  -4.5118753639070946E-002
           3          31  -1.3559966680688145E-012
           3          32  -4.5118753641355189E-002
           3          33   1.2399135668565785E-012
           3          34  -8.2660685283080375E-013
           3          35  -4.5118753637566067E-002
           4           1  -7.3907260477439757E-002
           4           2  0.22234704457141333     
           4           3 -0.95338189768698323     
           4           4   1.0998134774453674     
           4           5  0.46553517116656862     
           4           6  -5.9640381474400367E-011
           4           7  -4.3789467407756900E-011
           4           8  -3.5115366131908459E-012
           4           9   1.8345528534357132E-010
           4          10   1.3834556565973647E-010
           4          11   8.2061610085078390E-012
           4          12  -2.5176856807231663E-010
           4          13  -2.4192340253890131E-010
           4          14   8.2325379600130666E-012
           4          15  -3.3616714013428896E-010
           4          16  -1.2738394124972484E-010
           4          17  -2.5634651615098311E-011
           4          18   9.3718211156292083E-003
           4          19   1.4664777551501502E-011
           4          20   9.3718211384070365E-003
           4          21  -1.7423099329330208E-011
           4          22   7.9046452207890322E-012
           4          23   9.3718211101663593E-003
           4          24   4.3668373178268952E-002
           4          25   7.3239527227628739E-012
           4          26   4.3668373191941078E-002
           4          27  -9.7368767245870940E-012
           4          28   5.1717583462853876E-012
           4          29   4.3668373177169949E-002
           4          30   6.0303229382265414E-002
           4          31   1.7672328099946452E-012
           4          32   6.0303229385785612E-002
           4          33  -2.1032086764168379E-012
           4          34   1.2923878320823388E-012
           4          35   6.0303229380152625E-002
           5           1  -3.0237171240223570E-002
           5           2   9.5276027442817851E-002
           5           3 -0.41771310433446934     
           5           4  0.46553517116656862     
           5           5  0.19715845042451069     
           5           6  -5.1610735962344162E-011
           5           7  -4.0809203326285223E-011
           5           8  -3.7572289332032333E-012
           5           9   1.6079837659538754E-010
           5          10   1.2591686387528692E-010
           5          11   1.2903697652786344E-011
           5          12  -2.3071534214259117E-010
           5          13  -1.9602239392097399E-010
           5          14  -1.6499534213979789E-011
           5          15  -2.7581907487688874E-010
           5          16  -1.5459512849694126E-010
           5          17  -3.2318841972999747E-011
           5          18   3.6710331254732938E-003
           5          19   1.0602771986110439E-011
           5          20   3.6710331365063637E-003
           5          21   1.8832815586685589E-012
           5          22  -5.4575926997880587E-012
           5          23   3.6710331358995024E-003
           5          24   1.8433904577378066E-002
           5          25   4.4530341159428481E-012
           5          26   1.8433904583583662E-002
           5          27  -1.2874818558397149E-012
           5          28  -5.0263528727115983E-013
           5          29   1.8433904580790014E-002
           5          30   2.5492872798310300E-002
           5          31   8.2843593793100122E-013
           5          32   2.5492872799823006E-002
           5          33  -7.1890454442392732E-013
           5          34   3.8525553784595750E-013
           5          35   2.5492872797649967E-002
           6           1  -5.0325743015551186E-013
           6           2   6.7300679573467519E-012
           6           3   1.8737290242765287E-011
           6           4  -5.9640381474400367E-011
           6           5  -5.1610735962344162E-011
           6           6   2.3922318475481532     
           6           7  -1.3870906918726778E-012
           6           8  -5.1492601415431549E-012
           6           9  -1.0140042150177158     
           6          10   6.0095175363761300E-012
           6          11   1.1114350759178215E-011
           6          12  0.11750927511199244     
           6          13  -1.6082065800587797E-011
           6          14  -1.7137119848187332E-011
           6          15  0.15317888298042187     
           6          16   3.6316213924969531E-011
           6          17   1.3196253118019641E-011
           6          18   3.9155280311097090E-011
           6          19   2.1098942707995927E-012
           6          20  -1.6144889085340673E-011
           6          21  -1.1366300497455698E-011
           6          22  -2.0734516412188043E-011
           6          23  -3.3481966280209030E-011
           6          24   1.4501350760428393E-011
           6          25   1.2450473911391544E-011
           6          26   3.3191533404957963E-011
           6          27  -1.0737029749935420E-011
           6          28  -7.5371998836526184E-012
           6          29   1.6045428066012890E-011
           6          30  -1.3611148549569069E-011
           6          31   1.2968979062575057E-011
           6          32   4.2076457866382545E-011
           6          33   1.5512295398173596E-012
           6          34   7.6630750383975190E-011
           6          35   8.6893733297281112E-011
           7           1   8.8930728559630887E-013
           7           2  -3.0031931676240261E-013
           7           3   1.7833465832089954E-011
           7           4  -4.3789467407756900E-011
           7           5  -4.0809203326285223E-011
           7           6  -1.3870906918726778E-012
           7           7   2.3922318475401312     
           7           8  -3.4234576707769387E-013
           7           9   3.8753842799763016E-012
           7          10  -1.0140042149910402     
           7          11  -5.6936980087282651E-013
           7          12   7.3300235239187606E-012
           7          13  0.11750927504970768     
           7          14   6.5514725805862484E-012
           7          15  -4.2766191629683981E-011
           7          16  0.15317888299877960     
           7          17  -1.0338180181715395E-011
           7          18   1.6790193892371321E-012
           7          19   8.1377845746202327E-013
           7          20  -7.5431063059606058E-012
           7          21   7.0923857631266889E-013
           7          22   9.1915797993376709E-012
           7          23   9.3515775289676080E-012
           7          24   1.0956139454418734E-011
           7          25   8.1994321565431178E-013
           7          26   1.0042931385614404E-011
           7          27   1.6186235756932774E-012
           7          28  -3.4992295034362015E-012
           7          29   3.0494565526726143E-012
           7          30   2.2021464938617674E-011
           7          31   2.6476049561967878E-012
           7          32   3.6621390596775417E-011
           7          33  -2.4395233915832391E-011
           7          34  -2.3258466691135260E-011
           7          35   1.7360455618985491E-012
           8           1  -7.5517587515957625E-013
           8           2   3.8413210618989566E-012
           8           3   2.4962382517055003E-012
           8           4  -3.5115366131908459E-012
           8           5  -3.7572289332032333E-012
           8           6  -5.1492601415431549E-012
           8           7  -3.4234576707769387E-013
           8           8   2.3922318475393483     
           8           9   1.6041509266762066E-011
           8          10   1.3910298152057521E-012
           8          11  -1.0140042149899040     
           8          12  -2.3417974157058374E-011
           8          13  -1.0760356364616919E-012
           8          14  0.11750927504848671     
           8          15  -2.3161885603917298E-011
           8          16   1.6632065733337975E-012
           8          17  0.15317888299650873     
           8          18   8.0315503125040695E-012
           8          19   2.6528430725960339E-013
           8          20  -4.9023864019504580E-012
           8          21  -7.0046437564124128E-012
           8          22  -4.4204052866943950E-012
           8          23  -1.4052791031122262E-011
           8          24  -1.4977652565254898E-012
           8          25   4.3251716246114916E-012
           8          26   7.1877369666949811E-012
           8          27  -4.3499027293498054E-012
           8          28  -2.0755618074365923E-012
           8          29   7.8440418953932947E-012
           8          30  -1.1528730744972994E-011
           8          31  -1.7379014860168496E-012
           8          32   5.1665525508065967E-012
           8          33   1.8640205391678397E-011
           8          34   1.5430438205441604E-011
           8          35   1.9263342614564964E-011
           9           1   1.4110581826105457E-012
           9           2  -2.0358918228007625E-011
           9           3  -5.1429794926558932E-011
           9           4   1.8345528534357132E-010
           9           5   1.6079837659538754E-010
           9           6  -1.0140042150177158     
           9           7   3.8753842799763016E-012
           9           8   1.6041509266762066E-011
           9           9   2.6355167346936295     
           9          10  -1.7039015597769547E-011
           9          11  -3.4789924413525242E-011
           9          12 -0.40447510719101948     
           9          13   4.6587515963036896E-011
           9          14   5.3440765701573412E-011
           9          15 -0.46095631609661725     
           9          16  -1.1550057351511489E-010
           9          17  -4.0523411015680466E-011
           9          18  -1.2495006332025875E-010
           9          19  -6.9086090690891558E-012
           9          20   4.7936586142384213E-011
           9          21   3.3345643225772814E-011
           9          22   6.3465577198967518E-011
           9          23   1.0060952109156325E-010
           9          24  -4.3762851972205598E-011
           9          25  -3.8589503674159040E-011
           9          26  -1.0245105181934821E-010
           9          27   3.5809236846173677E-011
           9          28   2.3975063645506166E-011
           9          29  -4.9055903612847256E-011
           9          30   4.0391752266607490E-011
           9          31  -3.8836066966126479E-011
           9          32  -1.3036870419620495E-010
           9          33  -5.3425339496042701E-012
           9          34  -2.3659565531326841E-010
           9          35  -2.6926708103079734E-010
          10           1  -2.9293409222870958E-012
          10           2   4.0888101389212998E-013
          10           3  -6.9650861032008813E-011
          10           4   1.3834556565973647E-010
          10           5   1.2591686387528692E-010
          10           6   6.0095175363761300E-012
          10           7  -1.0140042149910402     
          10           8   1.3910298152057521E-012
          10           9  -1.7039015597769547E-011
          10          10   2.6355167346057717     
          10          11   6.8622104526516736E-013
          10          12  -1.5137061309261624E-011
          10          13 -0.40447510699181505     
          10          14  -1.8167896874421441E-011
          10          15   1.3912840714572217E-010
          10          16 -0.46095631614526167     
          10          17   3.2731525606219392E-011
          10          18   3.8818254603954639E-013
          10          19  -2.6568589726771103E-012
          10          20   2.7772573938709814E-011
          10          21  -2.2073481146509539E-012
          10          22  -2.8377313265307512E-011
          10          23  -2.1817384640921198E-011
          10          24  -3.3505440374224872E-011
          10          25  -1.7821059848594715E-012
          10          26  -3.1973375462050363E-011
          10          27  -5.2604961224731153E-012
          10          28   1.1511066835307813E-011
          10          29  -1.0901152362512723E-011
          10          30  -6.8274501555597760E-011
          10          31  -8.9706304974694651E-012
          10          32  -1.1176703266373211E-010
          10          33   7.4968858750915427E-011
          10          34   7.0866447979914311E-011
          10          35  -5.3648852846320754E-012
          11           1   2.2743706099885303E-012
          11           2  -9.4604521793579031E-012
          11           3   9.2114300315925459E-012
          11           4   8.2061610085078390E-012
          11           5   1.2903697652786344E-011
          11           6   1.1114350759178215E-011
          11           7  -5.6936980087282651E-013
          11           8  -1.0140042149899040     
          11           9  -3.4789924413525242E-011
          11          10   6.8622104526516736E-013
          11          11   2.6355167346065009     
          11          12   5.0942399604236854E-011
          11          13  -3.5617387945247048E-012
          11          14 -0.40447510699480649     
          11          15   4.8773148714209569E-011
          11          16  -1.2542187123945614E-011
          11          17 -0.46095631614547589     
          11          18  -3.1610405068031007E-011
          11          19  -2.4887932493368728E-013
          11          20   8.3044345631255329E-012
          11          21   2.1139531299990893E-011
          11          22   1.3358717083593368E-011
          11          23   3.3210176493959943E-011
          11          24   2.4939899322016330E-012
          11          25  -1.2864837242016160E-011
          11          26  -2.3317522984245161E-011
          11          27   1.4339589783691945E-011
          11          28   6.2281895616202858E-012
          11          29  -1.9640275089669874E-011
          11          30   3.3795714080026399E-011
          11          31   4.8507682844420443E-012
          11          32  -1.6542125143611027E-011
          11          33  -5.8101508557451784E-011
          11          34  -4.7008450249221374E-011
          11          35  -5.8539230184587635E-011
          12           1  -3.2038406865831674E-012
          12           2   3.2910294300501011E-011
          12           3   5.6682490140124313E-011
          12           4  -2.5176856807231663E-010
          12           5  -2.3071534214259117E-010
          12           6  0.11750927511199244     
          12           7   7.3300235239187606E-012
          12           8  -2.3417974157058374E-011
          12           9 -0.40447510719101948     
          12          10  -1.5137061309261624E-011
          12          11   5.0942399604236854E-011
          12          12  0.62977825888387673     
          12          13  -1.1080874065538815E-011
          12          14  -7.8018619342756779E-011
          12          15  0.67689057291995836     
          12          16   2.3237887655791489E-010
          12          17   6.2647241561020195E-011
          12          18   1.8987076281992756E-010
          12          19   1.4371773952442366E-011
          12          20  -7.0624927017387781E-011
          12          21  -4.8095870592619243E-011
          12          22  -9.4678722982520377E-011
          12          23  -1.4656616334692255E-010
          12          24   5.9480649556731395E-011
          12          25   5.6185068825642016E-011
          12          26   1.4857056341902155E-010
          12          27  -5.9434732053209207E-011
          12          28  -3.8651713652960501E-011
          12          29   6.7525465438848083E-011
          12          30  -5.6356279200097514E-011
          12          31   5.0737422331322815E-011
          12          32   1.9213600932903323E-010
          12          33   9.0108126878131937E-012
          12          34   3.4688452163904527E-010
          12          35   3.9912867225341077E-010
          13           1   7.0899491035379100E-012
          13           2  -8.6467686474524997E-012
          13           3   1.4408401968463166E-010
          13           4  -2.4192340253890131E-010
          13           5  -1.9602239392097399E-010
          13           6  -1.6082065800587797E-011
          13           7  0.11750927504970768     
          13           8  -1.0760356364616919E-012
          13           9   4.6587515963036896E-011
          13          10 -0.40447510699181505     
          13          11  -3.5617387945247048E-012
          13          12  -1.1080874065538815E-011
          13          13  0.62977825849000058     
          13          14   2.8187393825290785E-011
          13          15  -2.3447604014653622E-010
          13          16  0.67689057287879850     
          13          17  -3.9899036331780824E-011
          13          18  -7.8217007477804205E-012
          13          19  -1.4337046583953966E-013
          13          20  -4.3350066491639331E-011
          13          21   3.9516898124831018E-012
          13          22   4.2223569109588167E-011
          13          23   3.0875406447453347E-011
          13          24   4.6582485815175419E-011
          13          25  -3.1322543121328964E-012
          13          26   4.9850097858792288E-011
          13          27   7.9830821155366587E-012
          13          28  -1.1841744882899208E-011
          13          29   2.5811924450066821E-011
          13          30   9.8381941883049195E-011
          13          31   1.7472464497978063E-011
          13          32   1.5936186588697568E-010
          13          33  -1.0873376957536597E-010
          13          34  -9.9529644036907163E-011
          13          35   5.3773469416516443E-012
          14           1  -3.0905160192965151E-012
          14           2   1.1677444950955202E-011
          14           3  -3.0259504115087990E-011
          14           4   8.2325379600130666E-012
          14           5  -1.6499534213979789E-011
          14           6  -1.7137119848187332E-011
          14           7   6.5514725805862484E-012
          14           8  0.11750927504848671     
          14           9   5.3440765701573412E-011
          14          10  -1.8167896874421441E-011
          14          11 -0.40447510699480649     
          14          12  -7.8018619342756779E-011
          14          13   2.8187393825290785E-011
          14          14  0.62977825849954716     
          14          15  -7.8702037942246506E-011
          14          16   4.5909702255098050E-011
          14          17  0.67689057287978160     
          14          18   5.2768652311318819E-011
          14          19  -4.1459119338241588E-012
          14          20  -6.7726929441335915E-012
          14          21  -3.5102783198497373E-011
          14          22  -2.2176158665859726E-011
          14          23  -4.4009508093696026E-011
          14          24  -3.3544241443910980E-012
          14          25   1.5514679433164311E-011
          14          26   3.6066823190992423E-011
          14          27  -2.8213741973088810E-011
          14          28  -7.1468990798323787E-012
          14          29   1.2576009571179870E-011
          14          30  -4.9868894695382002E-011
          14          31  -4.4911023567361827E-012
          14          32   2.3844544251909142E-011
          14          33   8.8241246647347908E-011
          14          34   6.5673755924061499E-011
          14          35   8.7825931587032379E-011
          15           1   1.6384883798580664E-012
          15           2   2.0131595690242577E-011
          15           3   1.2357374509334359E-010
          15           4  -3.3616714013428896E-010
          15           5  -2.7581907487688874E-010
          15           6  0.15317888298042187     
          15           7  -4.2766191629683981E-011
          15           8  -2.3161885603917298E-011
          15           9 -0.46095631609661725     
          15          10   1.3912840714572217E-010
          15          11   4.8773148714209569E-011
          15          12  0.67689057291995836     
          15          13  -2.3447604014653622E-010
          15          14  -7.8702037942246506E-011
          15          15  0.72795318488385818     
          15          16   1.0508533279662835E-011
          15          17   7.2968062148071056E-011
          15          18   1.7840980141947579E-010
          15          19   1.2003172778579345E-011
          15          20  -7.9067085814618061E-011
          15          21  -3.6426742353210843E-011
          15          22  -8.5730786807852696E-011
          15          23  -1.3012741784108639E-010
          15          24   5.3696656007503124E-011
          15          25   5.9376747801754588E-011
          15          26   1.5640130186719143E-010
          15          27  -5.9173720336214697E-011
          15          28  -3.6617183255357551E-011
          15          29   7.8640220153988276E-011
          15          30  -6.4656380755613660E-011
          15          31   5.4548376595688290E-011
          15          32   2.0300382338094217E-010
          15          33   9.9601506619564839E-012
          15          34   3.7333551857387044E-010
          15          35   4.2613962848320950E-010
          16           1  -1.8406188645882397E-012
          16           2   1.8760426030345582E-011
          16           3   3.3448806331818773E-011
          16           4  -1.2738394124972484E-010
          16           5  -1.5459512849694126E-010
          16           6   3.6316213924969531E-011
          16           7  0.15317888299877960     
          16           8   1.6632065733337975E-012
          16           9  -1.1550057351511489E-010
          16          10 -0.46095631614526167     
          16          11  -1.2542187123945614E-011
          16          12   2.3237887655791489E-010
          16          13  0.67689057287879850     
          16          14   4.5909702255098050E-011
          16          15   1.0508533279662835E-011
          16          16  0.72795318525089425     
          16          17  -2.6204158200954231E-011
          16          18   2.2125651474099491E-011
          16          19   2.5828367360556258E-011
          16          20  -3.7637022912262974E-011
          16          21   4.6616699386589962E-012
          16          22   1.2728573047454141E-011
          16          23  -3.1695798426416180E-012
          16          24   6.4370909564234521E-011
          16          25   4.6207263162831280E-012
          16          26   6.1253721120263548E-011
          16          27   8.7101306877315134E-012
          16          28  -2.2772453418543913E-011
          16          29   2.1467713025977416E-011
          16          30   1.1359988536778968E-010
          16          31   1.9231385208740578E-011
          16          32   1.7880907078751753E-010
          16          33  -1.1693464338855887E-010
          16          34  -1.0766590211121182E-010
          16          35   1.2365703582117657E-011
          17           1  -4.3238992959122792E-013
          17           2   3.7184903404075625E-012
          17           3   1.6276916058539350E-012
          17           4  -2.5634651615098311E-011
          17           5  -3.2318841972999747E-011
          17           6   1.3196253118019641E-011
          17           7  -1.0338180181715395E-011
          17           8  0.15317888299650873     
          17           9  -4.0523411015680466E-011
          17          10   3.2731525606219392E-011
          17          11 -0.46095631614547589     
          17          12   6.2647241561020195E-011
          17          13  -3.9899036331780824E-011
          17          14  0.67689057287978160     
          17          15   7.2968062148071056E-011
          17          16  -2.6204158200954231E-011
          17          17  0.72795318524203734     
          17          18   6.2963512587591115E-011
          17          19   6.5579822573769183E-012
          17          20  -2.0753147539813790E-011
          17          21  -1.5098162545907306E-011
          17          22  -1.4203281974347279E-011
          17          23  -4.0887680418954332E-011
          17          24  -2.9710209409161587E-012
          17          25   2.0072309505909941E-011
          17          26   3.3385018757636560E-011
          17          27  -2.3361005284261463E-011
          17          28  -4.7528506783243806E-012
          17          29   1.4364093755200626E-011
          17          30  -5.5382708310709006E-011
          17          31  -4.6489865403708385E-012
          17          32   2.3532971562353173E-011
          17          33   9.5285505198122757E-011
          17          34   7.0827037016758723E-011
          17          35   9.2689899929493062E-011
          18           1  -1.8343141214000040E-002
          18           2  -1.6445234774033483E-002
          18           3   3.5476294626272817E-002
          18           4   9.3718211156292083E-003
          18           5   3.6710331254732938E-003
          18           6   3.9155280311097090E-011
          18           7   1.6790193892371321E-012
          18           8   8.0315503125040695E-012
          18           9  -1.2495006332025875E-010
          18          10   3.8818254603954639E-013
          18          11  -3.1610405068031007E-011
          18          12   1.8987076281992756E-010
          18          13  -7.8217007477804205E-012
          18          14   5.2768652311318819E-011
          18          15   1.7840980141947579E-010
          18          16   2.2125651474099491E-011
          18          17   6.2963512587591115E-011
          18          18   1.4469264350541005     
          18          19  -1.7966222289590507E-012
          18          20 -0.72167283361393197     
          18          21   1.1040284128102397E-011
          18          22  -1.3707160323882817E-014
          18          23 -0.72167283360522250     
          18          24  0.44322057007002924     
          18          25  -1.3409332631765654E-012
          18          26 -0.22072834082938697     
          18          27  -8.8489229660516214E-012
          18          28   1.2098299250819711E-012
          18          29 -0.22072834083843570     
          18          30   2.7103132697033794E-002
          18          31  -6.0356402883163904E-013
          18          32  -1.2549758798867713E-002
          18          33  -1.0595345668675138E-011
          18          34  -5.6477288762175448E-012
          18          35  -1.2549758787414924E-002
          19           1   5.7568584952293173E-013
          19           2  -3.3757929160712757E-012
          19           3  -3.3685579092255813E-012
          19           4   1.4664777551501502E-011
          19           5   1.0602771986110439E-011
          19           6   2.1098942707995927E-012
          19           7   8.1377845746202327E-013
          19           8   2.6528430725960339E-013
          19           9  -6.9086090690891558E-012
          19          10  -2.6568589726771103E-012
          19          11  -2.4887932493368728E-013
          19          12   1.4371773952442366E-011
          19          13  -1.4337046583953966E-013
          19          14  -4.1459119338241588E-012
          19          15   1.2003172778579345E-011
          19          16   2.5828367360556258E-011
          19          17   6.5579822573769183E-012
          19          18  -1.7966222289590507E-012
          19          19   1.4457328457890619     
          19          20   3.7676971600826698E-012
          19          21   8.3826257552419128E-012
          19          22   4.1763120535073532E-013
          19          23   4.3273436747144096E-012
          19          24  -1.9848365840073845E-012
          19          25  0.44263260726133202     
          19          26  -5.4682731013202181E-012
          19          27  -9.1035770520584888E-012
          19          28   4.4225343580169291E-013
          19          29  -1.4096153743984245E-011
          19          30  -2.1331090756374528E-012
          19          31   2.6435260991801247E-002
          19          32  -1.3263536201862676E-011
          19          33  -5.8188899261609726E-012
          19          34  -1.6760015504948982E-012
          19          35  -4.0310634609295386E-012
          20           1  -1.8343141213918723E-002
          20           2  -1.6445234775828127E-002
          20           3   3.5476294624539995E-002
          20           4   9.3718211384070365E-003
          20           5   3.6710331365063637E-003
          20           6  -1.6144889085340673E-011
          20           7  -7.5431063059606058E-012
          20           8  -4.9023864019504580E-012
          20           9   4.7936586142384213E-011
          20          10   2.7772573938709814E-011
          20          11   8.3044345631255329E-012
          20          12  -7.0624927017387781E-011
          20          13  -4.3350066491639331E-011
          20          14  -6.7726929441335915E-012
          20          15  -7.9067085814618061E-011
          20          16  -3.7637022912262974E-011
          20          17  -2.0753147539813790E-011
          20          18 -0.72167283361393197     
          20          19   3.7676971600826698E-012
          20          20   1.4469264350584345     
          20          21   2.1540261053183937E-012
          20          22  -1.7784706760065205E-013
          20          23 -0.72167283361207724     
          20          24 -0.22072834083579324     
          20          25   7.8684691039324192E-014
          20          26  0.44322057005950477     
          20          27  -1.3476379508927459E-012
          20          28  -2.1338692223998890E-012
          20          29 -0.22072834083994117     
          20          30  -1.2549758806676196E-002
          20          31  -1.5994533197743700E-012
          20          32   2.7103132686163781E-002
          20          33   5.1349126439391381E-013
          20          34  -1.1734763696476833E-012
          20          35  -1.2549758807155585E-002
          21           1   1.8970721897511525E-013
          21           2   1.8264274130647968E-013
          21           3   3.1621136107294734E-012
          21           4  -1.7423099329330208E-011
          21           5   1.8832815586685589E-012
          21           6  -1.1366300497455698E-011
          21           7   7.0923857631266889E-013
          21           8  -7.0046437564124128E-012
          21           9   3.3345643225772814E-011
          21          10  -2.2073481146509539E-012
          21          11   2.1139531299990893E-011
          21          12  -4.8095870592619243E-011
          21          13   3.9516898124831018E-012
          21          14  -3.5102783198497373E-011
          21          15  -3.6426742353210843E-011
          21          16   4.6616699386589962E-012
          21          17  -1.5098162545907306E-011
          21          18   1.1040284128102397E-011
          21          19   8.3826257552419128E-012
          21          20   2.1540261053183937E-012
          21          21   1.4457328457927723     
          21          22   8.5193137958855087E-013
          21          23  -1.1554641770897199E-011
          21          24   3.2091653000085754E-012
          21          25   1.7348747164646017E-012
          21          26   4.1827322201407444E-012
          21          27  0.44263260726001930     
          21          28  -8.3390715891668176E-013
          21          29   2.3498873710741470E-012
          21          30   6.9398876846332563E-012
          21          31  -7.2467959251145835E-013
          21          32   9.9526338630936669E-013
          21          33   2.6435260989483247E-002
          21          34   3.6468548928737328E-013
          21          35   7.4818823613978305E-012
          22           1  -4.4497226789244223E-014
          22           2   1.5504235059746417E-014
          22           3  -3.7713126956513536E-013
          22           4   7.9046452207890322E-012
          22           5  -5.4575926997880587E-012
          22           6  -2.0734516412188043E-011
          22           7   9.1915797993376709E-012
          22           8  -4.4204052866943950E-012
          22           9   6.3465577198967518E-011
          22          10  -2.8377313265307512E-011
          22          11   1.3358717083593368E-011
          22          12  -9.4678722982520377E-011
          22          13   4.2223569109588167E-011
          22          14  -2.2176158665859726E-011
          22          15  -8.5730786807852696E-011
          22          16   1.2728573047454141E-011
          22          17  -1.4203281974347279E-011
          22          18  -1.3707160323882817E-014
          22          19   4.1763120535073532E-013
          22          20  -1.7784706760065205E-013
          22          21   8.5193137958855087E-013
          22          22   1.4457328457874818     
          22          23  -1.5139167626269894E-012
          22          24  -1.3852507642197810E-013
          22          25  -4.0322846268627443E-013
          22          26  -3.5078722041716543E-013
          22          27  -4.3987858836776460E-013
          22          28  0.44263260726247289     
          22          29  -3.0658050292257190E-012
          22          30  -3.6338846402820848E-012
          22          31   2.4600572698492695E-013
          22          32   2.1426705702886439E-012
          22          33   4.0449999698012039E-013
          22          34   2.6435260991197120E-002
          22          35  -1.2031989075375088E-012
          23           1  -1.8343141214597711E-002
          23           2  -1.6445234771276386E-002
          23           3   3.5476294625544698E-002
          23           4   9.3718211101663593E-003
          23           5   3.6710331358995024E-003
          23           6  -3.3481966280209030E-011
          23           7   9.3515775289676080E-012
          23           8  -1.4052791031122262E-011
          23           9   1.0060952109156325E-010
          23          10  -2.1817384640921198E-011
          23          11   3.3210176493959943E-011
          23          12  -1.4656616334692255E-010
          23          13   3.0875406447453347E-011
          23          14  -4.4009508093696026E-011
