           1           1   2.0529494011531551     
           1           2 -0.27507599839910796     
           1           3   4.3312127039209336E-002
           1           4   6.8855021832044027E-016
           1           5   2.6031900937139291E-015
           1           6   1.7176708963928534E-015
           1           7  -1.5628593406736165E-015
           1           8   1.3490035582651483E-015
           1           9  -3.2587048019524412E-015
           2           1 -0.27507599839910796     
           2           2   1.3485381933740144     
           2           3 -0.17811542160511573     
           2           4   1.8229628408398787E-015
           2           5  -1.9203960196596822E-014
           2           6   4.6246551494794812E-016
           2           7   8.3570549634018982E-015
           2           8  -8.7542267549613325E-015
           2           9  -2.0266058466202315E-015
           3           1   4.3312127039209336E-002
           3           2 -0.17811542160511573     
           3           3   2.4211768119952022E-002
           3           4  -3.0458840203854652E-016
           3           5   2.4745432400189823E-015
           3           6  -3.1039033391167015E-017
           3           7  -1.0666219166184188E-015
           3           8   1.1273205631715108E-015
           3           9   2.3449888792937178E-016
           4           1   6.8855021832044027E-016
           4           2   1.8229628408398787E-015
           4           3  -3.0458840203854652E-016
           4           4   9.9154020236124901E-030
           4           5  -2.0809199792451989E-029
           4           6  -8.3140527525382450E-031
           4           7   7.6298782486463871E-030
           4           8  -9.2691521145040215E-030
           4           9  -2.6145493828689908E-030
           5           1   2.6031900937139291E-015
           5           2  -1.9203960196596822E-014
           5           3   2.4745432400189823E-015
           5           4  -2.0809199792451989E-029
           5           5   2.7930631820769174E-028
           5           6  -9.8320281057888742E-030
           5           7  -1.2228043518861796E-028
           5           8   1.2732735984132976E-028
           5           9   3.3038457534431672E-029
           6           1   1.7176708963928534E-015
           6           2   4.6246551494794812E-016
           6           3  -3.1039033391167015E-017
           6           4  -8.3140527525382450E-031
           6           5  -9.8320281057888742E-030
           6           6   2.6522772348308822E-030
           6           7   4.3088979619556217E-030
           6           8  -4.3805544402818304E-030
           6           9  -4.7558776398661643E-030
           7           1  -1.5628593406736165E-015
           7           2   8.3570549634018982E-015
           7           3  -1.0666219166184188E-015
           7           4   7.6298782486463871E-030
           7           5  -1.2228043518861796E-028
           7           6   4.3088979619556217E-030
           7           7   5.3833254987622492E-029
           7           8  -5.5801631255679872E-029
           7           9  -1.3947393318129397E-029
           8           1   1.3490035582651483E-015
           8           2  -8.7542267549613325E-015
           8           3   1.1273205631715108E-015
           8           4  -9.2691521145040215E-030
           8           5   1.2732735984132976E-028
           8           6  -4.3805544402818304E-030
           8           7  -5.5801631255679872E-029
           8           8   5.8060391305203832E-029
           8           9   1.4801599603364883E-029
           9           1  -3.2587048019524412E-015
           9           2  -2.0266058466202315E-015
           9           3   2.3449888792937178E-016
           9           4  -2.6145493828689908E-030
           9           5   3.3038457534431672E-029
           9           6  -4.7558776398661643E-030
           9           7  -1.3947393318129397E-029
           9           8   1.4801599603364883E-029
           9           9   1.0423549897978916E-029
