           1           1   2.1545021231462940     
           1           2 -0.65942350986912524     
           1           3 -0.28793614709326765     
           1           4 -0.11444677130697851     
           1           5  -1.1460320947848994E-013
           1           6   1.3197823430708511E-013
           1           7   1.1218108609623361E-013
           1           8  -7.0020671369529825E-015
           1           9  -7.8313667438995271E-015
           1          10   2.7311599261553341E-014
           1          11   3.7987269098550554E-015
           1          12   3.2956326376763280E-015
           1          13  -1.4734020319896532E-014
           1          14  0.11849048285992515     
           1          15  -2.1298956309455624E-015
           1          16  0.11849048285992836     
           1          17   1.3652377195395282E-014
           1          18  -7.4865462400924435E-015
           1          19  0.11849048285993943     
           2           1 -0.65942350986912524     
           2           2   2.9675305047909086     
           2           3   2.0874220834101824     
           2           4  0.74371489867389318     
           2           5   4.6112979871699386E-013
           2           6  -5.1277688475165352E-013
           2           7  -4.3389816734929989E-013
           2           8   3.1358885938512600E-014
           2           9   6.6336258386173442E-014
           2          10  -8.5362958952818146E-014
           2          11  -2.2182494106901087E-014
           2          12  -1.4492124262555855E-014
           2          13   6.6275421506640092E-014
           2          14 -0.79209729664816053     
           2          15   1.2975634193604513E-014
           2          16 -0.79209729664817052     
           2          17  -4.9863477082752689E-014
           2          18   2.2750880870441451E-014
           2          19 -0.79209729664823691     
           3           1 -0.28793614709326765     
           3           2   2.0874220834101824     
           3           3   5.3583359603709937     
           3           4   1.6349817981591075     
           3           5   1.0563214086994956E-013
           3           6  -5.4184779570758927E-014
           3           7  -3.3822757308352586E-014
           3           8   1.3978777832038510E-014
           3           9   1.6590280613190142E-013
           3          10   1.1016757806596091E-013
           3          11  -1.5731380823767897E-014
           3          12   1.8917349763654727E-014
           3          13   3.4082787656198528E-014
           3          14  -1.8122562550106731     
           3          15   5.2306055613973633E-014
           3          16  -1.8122562550106931     
           3          17   1.7452537187238996E-014
           3          18  -2.1326716458487233E-015
           3          19  -1.8122562550107957     
           4           1 -0.11444677130697851     
           4           2  0.74371489867389318     
           4           3   1.6349817981591075     
           4           4  0.51388083652835181     
           4           5   4.9888500961070245E-014
           4           6  -6.0711509233878503E-014
           4           7  -7.4545221543804853E-015
           4           8   5.7751494728040290E-015
           4           9   3.9890618049623343E-014
           4          10   2.3469828287367714E-014
           4          11  -5.3628857456880025E-015
           4          12   4.0501507277448427E-015
           4          13   1.1011371792965132E-014
           4          14 -0.57106439440604317     
           4          15   1.3128186173489813E-014
           4          16 -0.57106439440604650     
           4          17   6.9809219467045244E-016
           4          18   1.2755632576263850E-015
           4          19 -0.57106439440607559     
           5           1  -1.1460320947848994E-013
           5           2   4.6112979871699386E-013
           5           3   1.0563214086994956E-013
           5           4   4.9888500961070245E-014
           5           5   2.1461925541032754     
           5           6   2.5118795932147594E-015
           5           7  -3.4694469519533408E-015
           5           8  0.32359646444569468     
           5           9  -2.6367796834682320E-016
           5          10  -9.8705765782950438E-016
           5          11 -0.12906675854204275     
           5          12  -1.9888604652071754E-015
           5          13  -1.2724196696287622E-015
           5          14  -5.0938087530498564E-014
           5          15   2.0841457093049036E-015
           5          16  -5.3980549925086887E-014
           5          17  -1.2606172740847043E-015
           5          18   5.3395326635637645E-016
           5          19  -4.7553861126955812E-014
           6           1   1.3197823430708511E-013
           6           2  -5.1277688475165352E-013
           6           3  -5.4184779570758927E-014
           6           4  -6.0711509233878503E-014
           6           5   2.5118795932147594E-015
           6           6   2.1461925541032745     
           6           7  -1.0547118733934767E-015
           6           8   1.4283713101193143E-014
           6           9  0.32359646444569906     
           6          10  -1.2975731600286504E-015
           6          11  -6.8009833875672513E-015
           6          12 -0.12906675854204783     
           6          13   3.8267999880051843E-015
           6          14   4.4131188657324185E-014
           6          15   1.0120373893216416E-014
           6          16   4.6177947205293170E-014
           6          17   2.4731687471628978E-015
           6          18   2.6238021011361396E-016
           6          19   5.3074709311968171E-014
           7           1   1.1218108609623361E-013
           7           2  -4.3389816734929989E-013
           7           3  -3.3822757308352586E-014
           7           4  -7.4545221543804853E-015
           7           5  -3.4694469519533408E-015
           7           6  -1.0547118733934767E-015
           7           7   2.1461925541032745     
           7           8  -1.5910883721659186E-014
           7           9  -6.5156213757668561E-015
           7          10  0.32359646444569723     
           7          11   7.9875342451350647E-015
           7          12   2.0816681711750419E-016
           7          13 -0.12906675854205210     
           7          14   2.6247460721604851E-014
           7          15  -1.1124813338698863E-014
           7          16   2.4611868743390310E-014
           7          17  -2.1547391685373593E-015
           7          18  -6.0150132525146753E-016
           7          19   1.0923284633182520E-014
           8           1  -7.0020671369529825E-015
           8           2   3.1358885938512600E-014
           8           3   1.3978777832038510E-014
           8           4   5.7751494728040290E-015
           8           5  0.32359646444569468     
           8           6   1.4283713101193143E-014
           8           7  -1.5910883721659186E-014
           8           8   5.0939900258788411E-002
           8           9   1.5122451901833277E-015
           8          10  -1.8377226823625017E-015
           8          11  -2.0186334355655165E-002
           8          12  -1.0487487614451509E-015
           8          13   4.2479041117989440E-016
           8          14  -5.8036622938745894E-015
           8          15   2.4778477746566033E-016
           8          16  -6.2893556898323522E-015
           8          17  -2.3724091117302317E-016
           8          18   9.5017245634221985E-017
           8          19  -5.2197822060384101E-015
           9           1  -7.8313667438995271E-015
           9           2   6.6336258386173442E-014
           9           3   1.6590280613190142E-013
           9           4   3.9890618049623343E-014
           9           5  -2.6367796834682320E-016
           9           6  0.32359646444569906     
           9           7  -6.5156213757668561E-015
           9           8   1.5122451901833277E-015
           9           9   5.0939900258789778E-002
           9          10  -8.9424995185640753E-016
           9          11  -7.2337968948319256E-016
           9          12  -2.0186334355656366E-002
           9          13   7.2511441295998248E-016
           9          14  -4.3695035063975992E-014
           9          15   1.1898861023735206E-015
           9          16  -4.3442580970846085E-014
           9          17   2.8611720571671905E-016
           9          18   6.6490771930689173E-017
           9          19  -4.2568714266828711E-014
          10           1   2.7311599261553341E-014
          10           2  -8.5362958952818146E-014
          10           3   1.1016757806596091E-013
          10           4   2.3469828287367714E-014
          10           5  -9.8705765782950438E-016
          10           6  -1.2975731600286504E-015
          10           7  0.32359646444569723     
          10           8  -1.8377226823625017E-015
          10           9  -8.9424995185640753E-016
          10          10   5.0939900258789382E-002
          10          11   8.9641835621033625E-016
          10          12   1.9515639104875454E-016
          10          13  -2.0186334355656609E-002
          10          14  -2.2892474745290729E-014
          10          15  -1.2720981698188862E-015
          10          16  -2.3002297262639957E-014
          10          17  -2.4653371060943401E-016
          10          18  -9.3225583074002874E-017
          10          19  -2.4974696591767063E-014
          11           1   3.7987269098550554E-015
          11           2  -2.2182494106901087E-014
          11           3  -1.5731380823767897E-014
          11           4  -5.3628857456880025E-015
          11           5 -0.12906675854204275     
          11           6  -6.8009833875672513E-015
          11           7   7.9875342451350647E-015
          11           8  -2.0186334355655165E-002
          11           9  -7.2337968948319256E-016
          11          10   8.9641835621033625E-016
          11          11   8.0070489456303372E-003
          11          12   4.6284590743393947E-016
          11          13  -2.4559889712239668E-016
          11          14   5.4556422349059039E-015
          11          15  -1.0288318052187263E-016
          11          16   5.6477168879877728E-015
          11          17   9.1746364400089796E-017
          11          18  -3.7012616049459509E-017
          11          19   5.2272518749639739E-015
          12           1   3.2956326376763280E-015
          12           2  -1.4492124262555855E-014
          12           3   1.8917349763654727E-014
          12           4   4.0501507277448427E-015
          12           5  -1.9888604652071754E-015
          12           6 -0.12906675854204783     
          12           7   2.0816681711750419E-016
          12           8  -1.0487487614451509E-015
          12           9  -2.0186334355656366E-002
          12          10   1.9515639104875454E-016
          12          11   4.6284590743393947E-016
          12          12   8.0070489456310588E-003
          12          13  -2.2139408362130266E-016
          12          14  -3.6577751626672027E-015
          12          15  -4.9508596730561152E-016
          12          16  -3.7618919893366789E-015
          12          17  -1.1941187066374763E-016
          12          18  -2.4877127987662111E-017
          12          19  -4.1205613012116326E-015
          13           1  -1.4734020319896532E-014
          13           2   6.6275421506640092E-014
          13           3   3.4082787656198528E-014
          13           4   1.1011371792965132E-014
          13           5  -1.2724196696287622E-015
          13           6   3.8267999880051843E-015
          13           7 -0.12906675854205210     
          13           8   4.2479041117989440E-016
          13           9   7.2511441295998248E-016
          13          10  -2.0186334355656609E-002
          13          11  -2.4559889712239668E-016
          13          12  -2.2139408362130266E-016
          13          13   8.0070489456313572E-003
          13          14  -1.2222853202622200E-014
          13          15   5.3209976890801934E-016
          13          16  -1.2170706079418669E-014
          13          17   1.0310980789154904E-016
          13          18   3.7028593063762159E-017
          13          19  -1.1378429550230201E-014
          14           1  0.11849048285992515     
          14           2 -0.79209729664816053     
          14           3  -1.8122562550106731     
          14           4 -0.57106439440604317     
          14           5  -5.0938087530498564E-014
          14           6   4.4131188657324185E-014
          14           7   2.6247460721604851E-014
          14           8  -5.8036622938745894E-015
          14           9  -4.3695035063975992E-014
          14          10  -2.2892474745290729E-014
          14          11   5.4556422349059039E-015
          14          12  -3.6577751626672027E-015
          14          13  -1.2222853202622200E-014
          14          14  0.63616916217994057     
          14          15  -1.3728816974173392E-014
          14          16  0.63616916217994401     
          14          17  -1.2276228538872520E-015
          14          18  -1.1351498396507069E-015
          14          19  0.63616916217997399     
          15           1  -2.1298956309455624E-015
          15           2   1.2975634193604513E-014
          15           3   5.2306055613973633E-014
          15           4   1.3128186173489813E-014
          15           5   2.0841457093049036E-015
          15           6   1.0120373893216416E-014
          15           7  -1.1124813338698863E-014
          15           8   2.4778477746566033E-016
          15           9   1.1898861023735206E-015
          15          10  -1.2720981698188862E-015
          15          11  -1.0288318052187263E-016
          15          12  -4.9508596730561152E-016
          15          13   5.3209976890801934E-016
          15          14  -1.3728816974173392E-014
          15          15   1.6171003379510501E-027
          15          16  -1.3728816974173207E-014
          15          17   6.2804403616046926E-028
          15          18  -6.4523125507917457E-029
          15          19  -1.3728816974175722E-014
          16           1  0.11849048285992836     
          16           2 -0.79209729664817052     
          16           3  -1.8122562550106931     
          16           4 -0.57106439440604650     
          16           5  -5.3980549925086887E-014
          16           6   4.6177947205293170E-014
          16           7   2.4611868743390310E-014
          16           8  -6.2893556898323522E-015
          16           9  -4.3442580970846085E-014
          16          10  -2.3002297262639957E-014
          16          11   5.6477168879877728E-015
          16          12  -3.7618919893366789E-015
          16          13  -1.2170706079418669E-014
          16          14  0.63616916217994401     
          16          15  -1.3728816974173207E-014
          16          16  0.63616916217994746     
          16          17  -1.2276228538890080E-015
          16          18  -1.1351498396493856E-015
          16          19  0.63616916217997743     
          17           1   1.3652377195395282E-014
          17           2  -4.9863477082752689E-014
          17           3   1.7452537187238996E-014
          17           4   6.9809219467045244E-016
          17           5  -1.2606172740847043E-015
          17           6   2.4731687471628978E-015
          17           7  -2.1547391685373593E-015
          17           8  -2.3724091117302317E-016
          17           9   2.8611720571671905E-016
          17          10  -2.4653371060943401E-016
          17          11   9.1746364400089796E-017
          17          12  -1.1941187066374763E-016
          17          13   1.0310980789154904E-016
          17          14  -1.2276228538872520E-015
          17          15   6.2804403616046926E-028
          17          16  -1.2276228538890080E-015
          17          17   2.1941216739747893E-027
          17          18  -1.0357353843131277E-027
          17          19  -1.2276228538883146E-015
          18           1  -7.4865462400924435E-015
          18           2   2.2750880870441451E-014
          18           3  -2.1326716458487233E-015
          18           4   1.2755632576263850E-015
          18           5   5.3395326635637645E-016
          18           6   2.6238021011361396E-016
          18           7  -6.0150132525146753E-016
          18           8   9.5017245634221985E-017
          18           9   6.6490771930689173E-017
          18          10  -9.3225583074002874E-017
          18          11  -3.7012616049459509E-017
          18          12  -2.4877127987662111E-017
          18          13   3.7028593063762159E-017
          18          14  -1.1351498396507069E-015
          18          15  -6.4523125507917457E-029
          18          16  -1.1351498396493856E-015
          18          17  -1.0357353843131277E-027
          18          18   5.6294711984398671E-028
          18          19  -1.1351498396502395E-015
          19           1  0.11849048285993943     
          19           2 -0.79209729664823691     
          19           3  -1.8122562550107957     
          19           4 -0.57106439440607559     
          19           5  -4.7553861126955812E-014
          19           6   5.3074709311968171E-014
          19           7   1.0923284633182520E-014
          19           8  -5.2197822060384101E-015
          19           9  -4.2568714266828711E-014
          19          10  -2.4974696591767063E-014
          19          11   5.2272518749639739E-015
          19          12  -4.1205613012116326E-015
          19          13  -1.1378429550230201E-014
          19          14  0.63616916217997399     
          19          15  -1.3728816974175722E-014
          19          16  0.63616916217997743     
          19          17  -1.2276228538883146E-015
          19          18  -1.1351498396502395E-015
          19          19  0.63616916218000741     
