           1           1   2.2350023589953576     
           1           2 -0.78262524266171185     
           1           3  0.21613282948023665     
           1           4  -1.1784419984501271E-002
           1           5  -1.6712638047978727E-002
           1           6   2.1009466245503707E-014
           1           7   5.7765232466349491E-014
           1           8   2.8884337918724293E-014
           1           9  -1.6834035845269514E-014
           1          10   7.6176782303337764E-015
           1          11   3.9191375233144698E-015
           1          12   6.8299659163797745E-015
           1          13   2.6688429966222740E-015
           1          14  -1.8754048356033767E-014
           1          15   1.6192804221948669E-002
           1          16   4.0714640551120202E-012
           1          17   2.0711182815213142E-002
           1          18  -2.0726741472776722E-011
           1          19  -6.2542334390546612E-013
           1          20   1.9571623868630150E-002
           1          21   1.6667975106629414E-003
           1          22  -1.3913153619152252E-012
           1          23   3.4367233850165040E-003
           1          24  -5.2464521743830729E-014
           1          25  -1.8528548321036318E-014
           1          26   1.6699879357138020E-003
           1          27  -9.8724377692646424E-015
           1          28  -1.0881315899490916E-014
           1          29   5.2134813179149919E-015
           1          30  -2.7082081726874107E-015
           1          31   1.9342322962012578E-014
           1          32  -3.2444456630301253E-015
           1          33  -6.5496898620596813E-015
           1          34   1.8712043783807710E-014
           1          35   2.8571469251773072E-015
           1          36   5.3934042177424225E-015
           2           1 -0.78262524266171185     
           2           2   2.6123571967460149     
           2           3 -0.95175339500457534     
           2           4   4.0710863371738203E-002
           2           5   4.6988698979556084E-002
           2           6  -6.8393046283038553E-014
           2           7  -1.8709490718906898E-013
           2           8  -8.2664078044651682E-014
           2           9   5.0900235595415240E-014
           2          10  -1.0612303146708117E-014
           2          11  -7.8595928835409835E-015
           2          12  -2.1302517613325816E-014
           2          13  -7.5348150662222017E-015
           2          14   5.7951703006234776E-014
           2          15  -9.1212537214117630E-003
           2          16  -1.1675710976365322E-011
           2          17  -2.4549390407880619E-002
           2          18   7.5359918469134169E-011
           2          19   2.3165209921454767E-012
           2          20  -2.1392641640255963E-002
           2          21  -8.5905693067162923E-003
           2          22   6.7908997678101469E-012
           2          23  -1.4788830069793989E-002
           2          24   5.4172785670343728E-013
           2          25   6.2303099103645419E-014
           2          26  -8.6538971962622276E-003
           2          27   3.7705678221376691E-014
           2          28   2.5569158432482558E-014
           2          29  -1.4986118432027626E-014
           2          30   3.2517288546265902E-016
           2          31  -5.7477200989925859E-014
           2          32   2.5186092092264188E-015
           2          33   1.9204584032119486E-014
           2          34  -7.1000226820573843E-014
           2          35  -9.2329545811819458E-015
           2          36  -2.7345553981361887E-014
           3           1  0.21613282948023665     
           3           2 -0.95175339500457534     
           3           3   2.3136002084199001     
           3           4 -0.10679300813888712     
           3           5 -0.13680517112623999     
           3           6   5.1962142364210939E-014
           3           7   6.7281337455627540E-014
           3           8  -1.3442078515838830E-014
           3           9  -1.0049225344028072E-014
           3          10  -2.8174262277459008E-013
           3          11  -6.3225259139592056E-014
           3          12   8.3599206958217726E-014
           3          13   1.7881129888788653E-013
           3          14  -1.8074431041607542E-013
           3          15  -4.1496788194616760E-003
           3          16   3.2490936692455683E-011
           3          17   5.8578426372168702E-002
           3          18  -2.2632757831988177E-010
           3          19  -5.6566502171526198E-012
           3          20   3.3924981081841207E-002
           3          21   1.0531979324307661E-002
           3          22  -2.0790752730414467E-011
           3          23   3.7948057888015904E-002
           3          24  -1.0641457596782677E-011
           3          25   6.4364133011301484E-014
           3          26   1.2831422638757001E-002
           3          27  -1.1863130786848001E-014
           3          28   1.0261900466662562E-014
           3          29  -8.3394120584299530E-015
           3          30  -4.7295794615970843E-015
           3          31   3.1088269459305098E-014
           3          32   6.2538474600775656E-015
           3          33   6.6666031210189725E-015
           3          34  -1.3944149059814939E-014
           3          35   4.6969384274425673E-014
           3          36   4.9396162608351159E-014
           4           1  -1.1784419984501271E-002
           4           2   4.0710863371738203E-002
           4           3 -0.10679300813888712     
           4           4  0.22575365652542834     
           4           5  0.31049664189407622     
           4           6   3.0492608488282101E-014
           4           7  -4.0297669456294685E-014
           4           8  -6.8304779634146779E-014
           4           9  -4.6676313113031219E-014
           4          10   1.0373484438449958E-013
           4          11  -8.8934183223051169E-014
           4          12  -1.4146765068179547E-013
           4          13  -3.9322594651124724E-013
           4          14   5.0989791492682825E-013
           4          15  -4.4191094339326407E-003
           4          16  -6.8698674580980336E-011
           4          17  -5.9440301752175531E-002
           4          18   1.3716258234867581E-010
           4          19   1.4906025890777848E-012
           4          20  -2.7163018468750199E-002
           4          21  -1.0152542775706732E-003
           4          22  -1.5491861432207374E-011
           4          23  -2.1495367955354762E-002
           4          24   4.2614701673692198E-012
           4          25   8.9619771152295515E-014
           4          26  -1.8905833915394850E-003
           4          27   4.7933500635024025E-015
           4          28   1.8781456704648686E-015
           4          29  -2.5814394536844140E-015
           4          30   6.9457044405742182E-015
           4          31  -1.0933286545980536E-014
           4          32   2.1437331952063720E-017
           4          33  -2.4078542868933623E-015
           4          34   3.3429506481196438E-015
           4          35   2.3215370053425388E-015
           4          36  -1.2440805240227574E-014
           5           1  -1.6712638047978727E-002
           5           2   4.6988698979556084E-002
           5           3 -0.13680517112623999     
           5           4  0.31049664189407622     
           5           5  0.43007385878319576     
           5           6  -2.5918144978193314E-014
           5           7  -3.9208787804519865E-014
           5           8   1.0645153605048010E-013
           5           9   6.6968365046356965E-014
           5          10   1.5152257465697237E-013
           5          11  -2.0955116863914989E-013
           5          12  -1.8873432014154565E-013
           5          13  -5.2911105434837726E-013
           5          14   7.2676834142357775E-013
           5          15  -4.0283948490570917E-002
           5          16  -1.5142054204609376E-010
           5          17  -4.3192223436569338E-002
           5          18   2.1900082079465466E-011
           5          19   2.9602646925927847E-012
           5          20  -4.3064228035226242E-002
           5          21  -1.8844848664947466E-002
           5          22  -6.4503251311359939E-011
           5          23  -1.0590585895382655E-002
           5          24  -8.0585615221080961E-011
           5          25   7.3073269207540688E-013
           5          26  -5.2339591521107015E-003
           5          27   3.5152037432885179E-015
           5          28   3.6318592885337024E-015
           5          29   2.0830418913794784E-015
           5          30   1.0433566602965348E-014
           5          31  -8.9355917389374574E-015
           5          32  -7.4091973147549990E-016
           5          33  -1.0824255986724980E-014
           5          34   5.6799927386930678E-015
           5          35   5.3188197574980432E-015
           5          36  -1.6565991999636892E-014
           6           1   2.1009466245503707E-014
           6           2  -6.8393046283038553E-014
           6           3   5.1962142364210939E-014
           6           4   3.0492608488282101E-014
           6           5  -2.5918144978193314E-014
           6           6   2.2712968941698142     
           6           7   2.2624698551200429E-012
           6           8  -3.0810000461097376E-012
           6           9 -0.77491591308698649     
           6          10  -3.5814337867794746E-012
           6          11   1.2966092482022775E-011
           6          12  -1.5277281823689114E-002
           6          13   4.2879515941239026E-012
           6          14  -1.2372288613566620E-011
           6          15   4.4676468997505303E-014
           6          16   2.5794052099845894E-014
           6          17  -4.8648106448737998E-014
           6          18  -2.7001136156596509E-014
           6          19   5.2440276803281272E-015
           6          20  -8.1620692814107066E-014
           6          21   1.9758290617149540E-014
           6          22  -2.0709320613749624E-015
           6          23  -2.5028191782434007E-014
           6          24  -2.4643815229350950E-014
           6          25   2.7851061699583007E-016
           6          26  -1.8155928412331937E-014
           6          27  -7.3717147886257443E-003
           6          28   3.2810250084251166E-012
           6          29  -8.3011909423762655E-003
           6          30   7.1972500017461402E-012
           6          31   3.4031215181771900E-011
           6          32  -2.0096550997773189E-012
           6          33  -2.8589779840928416E-011
           6          34  -6.7991503098745951E-003
           6          35  -1.2051941068968205E-011
           6          36  -6.8929926114167230E-012
           7           1   5.7765232466349491E-014
           7           2  -1.8709490718906898E-013
           7           3   6.7281337455627540E-014
           7           4  -4.0297669456294685E-014
           7           5  -3.9208787804519865E-014
           7           6   2.2624698551200429E-012
           7           7   2.2714712380566553     
           7           8  -7.6912071376448817E-012
           7           9  -3.5982404713605056E-012
           7          10 -0.77544129953061414     
           7          11  -7.8211396821353332E-014
           7          12   4.3775888740551839E-012
           7          13  -1.4761931108376543E-002
           7          14  -4.0621926795026048E-013
           7          15  -5.7235223333374650E-014
           7          16   2.5875882717362679E-014
           7          17   9.9070634478579192E-014
           7          18  -1.5519143749095758E-014
           7          19   1.0344966708663381E-013
           7          20  -4.8718077692029231E-014
           7          21  -2.1362354299933028E-014
           7          22   2.6638175903203095E-014
           7          23   2.3452546410057566E-015
           7          24  -4.6136732676242887E-015
           7          25  -8.7616055556268155E-015
           7          26   1.0401344005225042E-015
           7          27   1.1219476041008000E-011
           7          28  -8.0428500145349503E-003
           7          29  -3.2125216836025454E-012
           7          30  -7.4363006514163426E-003
           7          31  -2.3063644850624947E-012
           7          32  -8.1312514425310524E-012
           7          33   1.8037948137995531E-012
           7          34  -1.0855047098009088E-011
           7          35  -6.7097949340320807E-003
           7          36   4.9271658351698398E-013
           8           1   2.8884337918724293E-014
           8           2  -8.2664078044651682E-014
           8           3  -1.3442078515838830E-014
           8           4  -6.8304779634146779E-014
           8           5   1.0645153605048010E-013
           8           6  -3.0810000461097376E-012
           8           7  -7.6912071376448817E-012
           8           8   2.2720686089777145     
           8           9   1.2949818166158233E-011
           8          10  -6.3182806650948343E-014
           8          11 -0.77753072682447755     
           8          12  -1.2348172193200651E-011
           8          13  -3.8155629755406871E-013
           8          14  -1.2894631765431035E-002
           8          15   2.6975176739186290E-014
           8          16   2.3333976751515322E-014
           8          17   9.9070372873463609E-014
           8          18  -1.0814979370616792E-013
           8          19  -2.1486264027882268E-013
           8          20  -1.2929259743263488E-013
           8          21   1.8534650613174684E-014
           8          22   3.3743036929704812E-014
           8          23   3.9060938052439347E-014
           8          24   8.8450117312323445E-015
           8          25  -1.6381121191946575E-014
           8          26   8.1490855067477025E-015
           8          27  -6.7884273740567727E-012
           8          28  -2.3151398515763931E-012
           8          29  -2.8568893765112772E-011
           8          30   2.2924690140415952E-013
           8          31  -2.6888232179753642E-003
           8          32  -2.0787914445255993E-011
           8          33  -2.8664533028420628E-003
           8          34   3.3917345753997381E-011
           8          35   2.1676046799804634E-012
           8          36  -1.3830163082038497E-002
           9           1  -1.6834035845269514E-014
           9           2   5.0900235595415240E-014
           9           3  -1.0049225344028072E-014
           9           4  -4.6676313113031219E-014
           9           5   6.6968365046356965E-014
           9           6 -0.77491591308698649     
           9           7  -3.5982404713605056E-012
           9           8   1.2949818166158233E-011
           9           9   2.2222340077362359     
           9          10   1.2414200993973053E-011
           9          11  -4.4698079866030501E-011
           9          12   3.2417456443704182E-002
           9          13  -1.1754603800866998E-011
           9          14   3.3786460037295757E-011
           9          15  -1.6475348993535748E-013
           9          16  -8.0508148811908904E-014
           9          17   4.9920887959099084E-014
           9          18   2.4898588627481625E-014
           9          19  -1.9494679579637813E-014
           9          20   1.7926305230744552E-013
           9          21  -7.2054622229975339E-014
           9          22  -1.1052878306398826E-014
           9          23   5.4916779680179286E-014
           9          24   6.8121397019541749E-014
           9          25  -3.9900918879519126E-015
           9          26   6.2724671927671402E-014
           9          27   2.5573719447937113E-003
           9          28  -1.3996698218093074E-011
           9          29   1.7176225935246155E-002
           9          30  -2.1997234441345177E-011
           9          31  -9.6405235786658148E-011
           9          32   6.6993918920894114E-012
           9          33   9.0321587572828917E-011
           9          34   1.1035216956621432E-002
           9          35   3.8790025356597185E-011
           9          36   1.8738342986567451E-011
          10           1   7.6176782303337764E-015
          10           2  -1.0612303146708117E-014
          10           3  -2.8174262277459008E-013
          10           4   1.0373484438449958E-013
          10           5   1.5152257465697237E-013
          10           6  -3.5814337867794746E-012
          10           7 -0.77544129953061414     
          10           8  -6.3182806650948343E-014
          10           9   1.2414200993973053E-011
          10          10   2.2238059513341550     
          10          11  -8.2097303909445911E-013
          10          12  -1.1999870047986962E-011
          10          13   3.0945478686864099E-002
          10          14   1.1513770645932662E-012
          10          15   2.0639344728974912E-013
          10          16  -7.4760391011531052E-014
          10          17  -2.4934244614664468E-013
          10          18   4.6027541539085973E-014
          10          19  -2.6351129575814789E-013
          10          20   1.7140741841489037E-013
          10          21   7.1745570598535224E-014
          10          22  -9.3070880678755279E-014
          10          23  -9.9636777818507811E-015
          10          24   2.1143927423475587E-014
          10          25   5.6468360770709042E-014
          10          26   3.8207022018697419E-015
          10          27  -3.4861273238248193E-011
          10          28   1.6384641429697890E-002
          10          29   6.5746230638560987E-012
          10          30   2.8638696000147946E-003
          10          31   7.4701288640848917E-012
          10          32   3.4438233281613634E-011
          10          33  -5.1593933818475637E-012
          10          34   3.5187682251544768E-011
          10          35   1.0735921332544847E-002
          10          36  -1.3936933960893504E-012
          11           1   3.9191375233144698E-015
          11           2  -7.8595928835409835E-015
          11           3  -6.3225259139592056E-014
          11           4  -8.8934183223051169E-014
          11           5  -2.0955116863914989E-013
          11           6   1.2966092482022775E-011
          11           7  -7.8211396821353332E-014
          11           8 -0.77753072682447755     
          11           9  -4.4698079866030501E-011
          11          10  -8.2097303909445911E-013
          11          11   2.2311250441752968     
          11          12   3.3696179094804076E-011
          11          13   1.1055347574144804E-012
          11          14   2.5915612051379756E-002
          11          15   4.0551658311798856E-014
          11          16  -7.2845554689915602E-014
          11          17  -2.3645969700538855E-013
          11          18   3.9779035906308795E-013
          11          19   5.4520867241404741E-013
          11          20   3.8974058905853232E-013
          11          21  -1.9368405965299319E-014
          11          22  -4.2869695873467338E-014
          11          23  -9.4931890365244839E-014
          11          24   3.1686991964051268E-014
          11          25   6.8443143543595245E-014
          11          26   1.1202587158410950E-013
          11          27   1.8473944690416383E-011
          11          28   7.5402151083202353E-012
          11          29   9.0301313156718353E-011
          11          30  -6.0193238746971865E-013
          11          31  -4.8969417864396392E-004
          11          32   6.4006209896196385E-011
          11          33   3.1130442984708684E-005
          11          34  -9.6094393039982057E-011
          11          35  -6.3312560533784645E-012
          11          36   2.0987365330444790E-002
          12           1   6.8299659163797745E-015
          12           2  -2.1302517613325816E-014
          12           3   8.3599206958217726E-014
          12           4  -1.4146765068179547E-013
          12           5  -1.8873432014154565E-013
          12           6  -1.5277281823689114E-002
          12           7   4.3775888740551839E-012
          12           8  -1.2348172193200651E-011
          12           9   3.2417456443704182E-002
          12          10  -1.1999870047986962E-011
          12          11   3.3696179094804076E-011
          12          12   5.0063051481326164E-004
          12          13  -3.1345049460101237E-013
          12          14   9.2035895315087850E-013
          12          15   1.6526235457207603E-013
          12          16   1.2379111757769172E-013
          12          17   2.2458595082789164E-013
          12          18   3.1393958801389498E-013
          12          19   4.2311363516548903E-014
          12          20  -3.3440521959931290E-013
          12          21   7.9497328824524338E-014
          12          22   7.1296425443592734E-014
          12          23   1.0086164673713052E-013
          12          24   1.5272932128241540E-013
          12          25   2.2941579466798041E-014
          12          26  -1.6646608338657012E-013
          12          27   5.0877875279792040E-006
          12          28  -4.6922672677926493E-013
          12          29   3.3122371621689337E-004
          12          30  -5.1669732579811467E-013
          12          31  -1.4631276602108147E-012
          12          32   1.3818452568619376E-013
          12          33   1.1121085548015330E-012
          12          34   1.5853654943278971E-004
          12          35   9.5849476999204321E-013
          12          36   8.0086085036605273E-013
          13           1   2.6688429966222740E-015
          13           2  -7.5348150662222017E-015
          13           3   1.7881129888788653E-013
          13           4  -3.9322594651124724E-013
          13           5  -5.2911105434837726E-013
          13           6   4.2879515941239026E-012
          13           7  -1.4761931108376543E-002
          13           8  -3.8155629755406871E-013
          13           9  -1.1754603800866998E-011
          13          10   3.0945478686864099E-002
          13          11   1.1055347574144804E-012
          13          12  -3.1345049460101237E-013
          13          13   4.6417502332320707E-004
          13          14   2.6524464665086680E-014
          13          15  -6.7532974102992744E-014
          13          16   2.3029522615864357E-013
          13          17   2.8928726944032439E-013
          13          18  -7.0741568612814306E-014
          13          19  -4.8308562014373825E-013
          13          20  -6.7358798682571786E-014
          13          21  -3.8820705122694293E-014
          13          22   1.2261701353982987E-013
          13          23   1.2874297374995229E-013
          13          24  -3.4491749216794105E-014
          13          25  -2.5947219384981048E-013
          13          26  -5.2012382214661950E-014
          13          27  -7.4113506636413110E-013
          13          28   2.4993983564631654E-004
          13          29  -6.1890563684516653E-014
          13          30  -3.7185388467867592E-005
          13          31   1.3504852305191443E-013
          13          32  -1.4799866984851081E-013
          13          33  -7.3250435025189989E-014
          13          34   8.4850555680860949E-013
          13          35   2.7317919846940120E-004
          13          36  -3.3922731341593530E-014
          14           1  -1.8754048356033767E-014
          14           2   5.7951703006234776E-014
          14           3  -1.8074431041607542E-013
          14           4   5.0989791492682825E-013
          14           5   7.2676834142357775E-013
          14           6  -1.2372288613566620E-011
          14           7  -4.0621926795026048E-013
          14           8  -1.2894631765431035E-002
          14           9   3.3786460037295757E-011
          14          10   1.1513770645932662E-012
          14          11   2.5915612051379756E-002
          14          12   9.2035895315087850E-013
          14          13   2.6524464665086680E-014
          14          14   3.2649549755670937E-004
          14          15  -1.0849150588580207E-013
          14          16   1.6320107182971273E-013
          14          17   3.4406430358304875E-013
          14          18  -1.0278444093983485E-012
          14          19   2.0514406043907177E-013
          14          20  -4.5523472348501636E-013
          14          21  -5.7628400596826602E-014
          14          22   8.3509978827087117E-014
          14          23   1.8258139536883417E-013
          14          24  -5.0118663665613016E-013
          14          25   1.0931533857641608E-013
          14          26  -1.9278188006112314E-013
          14          27   4.5407639397931594E-013
          14          28   1.1945659516662059E-013
          14          29   1.0851098190003067E-012
          14          30  -9.3700339093557379E-015
          14          31  -3.7976675341567408E-005
          14          32   1.1917920707483863E-012
          14          33   1.3089266775411277E-004
          14          34  -9.6701225816916305E-013
          14          35  -8.9546002017252913E-014
          14          36   1.9623406166641722E-004
          15           1   1.6192804221948669E-002
          15           2  -9.1212537214117630E-003
          15           3  -4.1496788194616760E-003
          15           4  -4.4191094339326407E-003
          15           5  -4.0283948490570917E-002
          15           6   4.4676468997505303E-014
          15           7  -5.7235223333374650E-014
          15           8   2.6975176739186290E-014
          15           9  -1.6475348993535748E-013
          15          10   2.0639344728974912E-013
          15          11   4.0551658311798856E-014
          15          12   1.6526235457207603E-013
          15          13  -6.7532974102992744E-014
          15          14  -1.0849150588580207E-013
          15          15  0.61563278474443839     
          15          16  -8.1768953562801867E-010
          15          17 -0.29559911879530870     
          15          18  -4.9076007637751175E-011
          15          19   9.8024394235808311E-011
          15          20 -0.30176428316711101     
          15          21  0.30991482847500157     
          15          22  -5.1908595184982852E-010
          15          23 -0.15012081917197545     
          15          24   2.3642143487437442E-011
          15          25   5.2318655442945310E-011
          15          26 -0.14501686078844850     
          15          27   7.9589941886019459E-014
          15          28  -2.3775186496228427E-015
          15          29  -4.0022042576092498E-014
          15          30   1.2626241841410312E-014
          15          31  -1.1981035391459102E-013
          15          32   1.1416831109427031E-014
          15          33   3.4639809396961599E-014
          15          34  -3.8406994953495869E-014
          15          35  -4.0982402572440774E-014
          15          36   5.6686614658636208E-014
          16           1   4.0714640551120202E-012
          16           2  -1.1675710976365322E-011
          16           3   3.2490936692455683E-011
          16           4  -6.8698674580980336E-011
          16           5  -1.5142054204609376E-010
          16           6   2.5794052099845894E-014
          16           7   2.5875882717362679E-014
          16           8   2.3333976751515322E-014
          16           9  -8.0508148811908904E-014
          16          10  -7.4760391011531052E-014
          16          11  -7.2845554689915602E-014
          16          12   1.2379111757769172E-013
          16          13   2.3029522615864357E-013
          16          14   1.6320107182971273E-013
          16          15  -8.1768953562801867E-010
          16          16   1.1487768788953552     
          16          17  -4.1661694496351605E-010
          16          18   2.0730673988043418E-010
          16          19   3.0050993529325440E-009
          16          20   1.2718966232915282E-009
          16          21  -5.1371709079190852E-010
          16          22  0.63417360903871645     
          16          23  -2.6452082759020327E-010
          16          24   1.2743993584687237E-010
          16          25   1.6992659789111714E-009
          16          26   7.9453966057607729E-010
          16          27   1.7544033442611830E-014
          16          28   9.5818461869415905E-014
          16          29  -3.2005878251950749E-016
          16          30  -2.7322333039372465E-014
          16          31   1.7963822334211097E-015
          16          32  -1.0332643508531237E-013
          16          33   1.1673457915879688E-015
          16          34   1.0556051657974302E-014
          16          35  -1.7845888783224573E-014
          16          36   4.4513384741893197E-015
          17           1   2.0711182815213142E-002
          17           2  -2.4549390407880619E-002
          17           3   5.8578426372168702E-002
          17           4  -5.9440301752175531E-002
          17           5  -4.3192223436569338E-002
          17           6  -4.8648106448737998E-014
          17           7   9.9070634478579192E-014
          17           8   9.9070372873463609E-014
          17           9   4.9920887959099084E-014
          17          10  -2.4934244614664468E-013
          17          11  -2.3645969700538855E-013
          17          12   2.2458595082789164E-013
          17          13   2.8928726944032439E-013
          17          14   3.4406430358304875E-013
          17          15 -0.29559911879530870     
          17          16  -4.1661694496351605E-010
          17          17  0.61206541762958888     
          17          18   9.2409128593318825E-011
          17          19  -3.8907295930955319E-011
          17          20 -0.31243286761767525     
          17          21 -0.15501221047263181     
          17          22  -2.7048802241660592E-010
          17          23  0.29494995131862239     
          17          24  -2.1698982774620749E-011
          17          25  -1.9147854810661152E-011
          17          26 -0.15107926834973365     
          17          27  -9.8784369440744589E-015
          17          28   1.4609734458223398E-014
          17          29   6.2954220401680359E-014
          17          30   3.4920605118522416E-014
          17          31   5.1435532307358393E-014
          17          32  -8.5755046343733531E-015
          17          33  -1.2733310566904731E-013
          17          34  -1.9542991790477438E-014
          17          35  -1.8081193948768454E-015
          17          36   7.6722224622960911E-014
          18           1  -2.0726741472776722E-011
          18           2   7.5359918469134169E-011
          18           3  -2.2632757831988177E-010
          18           4   1.3716258234867581E-010
          18           5   2.1900082079465466E-011
          18           6  -2.7001136156596509E-014
          18           7  -1.5519143749095758E-014
          18           8  -1.0814979370616792E-013
          18           9   2.4898588627481625E-014
          18          10   4.6027541539085973E-014
          18          11   3.9779035906308795E-013
          18          12   3.1393958801389498E-013
          18          13  -7.0741568612814306E-014
          18          14  -1.0278444093983485E-012
          18          15  -4.9076007637751175E-011
          18          16   2.0730673988043418E-010
          18          17   9.2409128593318825E-011
          18          18  0.61701449099419092     
          18          19   6.4415904751646443E-010
          18          20  -4.5829798647719247E-011
          18          21   2.7940061118671281E-011
          18          22   1.2850226297130471E-010
          18          23  -2.5383894710500185E-011
          18          24  0.30034472570795473     
          18          25   3.9648198467311312E-010
          18          26   3.0312241482420087E-011
          18          27   1.0082903566991270E-013
          18          28  -2.8421582718755972E-015
          18          29   5.3933084476818029E-014
          18          30   1.8943155973823954E-015
          18          31   3.9945597333851476E-014
          18          32   2.7501497293969668E-014
          18          33  -5.9377291621583642E-014
          18          34  -9.9848347083311297E-014
          18          35  -3.4729541107973429E-015
          18          36  -1.0798412140000195E-013
          19           1  -6.2542334390546612E-013
          19           2   2.3165209921454767E-012
          19           3  -5.6566502171526198E-012
          19           4   1.4906025890777848E-012
          19           5   2.9602646925927847E-012
          19           6   5.2440276803281272E-015
          19           7   1.0344966708663381E-013
          19           8  -2.1486264027882268E-013
          19           9  -1.9494679579637813E-014
          19          10  -2.6351129575814789E-013
          19          11   5.4520867241404741E-013
          19          12   4.2311363516548903E-014
          19          13  -4.8308562014373825E-013
          19          14   2.0514406043907177E-013
          19          15   9.8024394235808311E-011
          19          16   3.0050993529325440E-009
          19          17  -3.8907295930955319E-011
          19          18   6.4415904751646443E-010
          19          19  0.58184018938803672     
          19          20  -6.0176792771973728E-011
          19          21   5.2860964066032561E-011
          19          22   1.7010998932944749E-009
          19          23  -1.9871948968278660E-011
          19          24   3.9826772658057104E-010
          19          25  0.31461663196730200     
          19          26  -3.3497714690151578E-011
          19          27  -3.5757331813400243E-015
          19          28  -7.5459228483434541E-015
          19          29   3.0022939474699446E-015
          19          30  -3.7159484445136602E-014
          19          31   2.8232289561798938E-014
          19          32   9.7982333827633411E-015
          19          33  -2.5310209521829657E-014
          19          34  -9.3013987501464277E-017
          19          35  -3.8910482495486359E-014
          19          36   2.6504345033460312E-014
          20           1   1.9571623868630150E-002
          20           2  -2.1392641640255963E-002
          20           3   3.3924981081841207E-002
          20           4  -2.7163018468750199E-002
          20           5  -4.3064228035226242E-002
          20           6  -8.1620692814107066E-014
          20           7  -4.8718077692029231E-014
          20           8  -1.2929259743263488E-013
          20           9   1.7926305230744552E-013
          20          10   1.7140741841489037E-013
          20          11   3.8974058905853232E-013
          20          12  -3.3440521959931290E-013
          20          13  -6.7358798682571786E-014
          20          14  -4.5523472348501636E-013
          20          15 -0.30176428316711101     
          20          16   1.2718966232915282E-009
          20          17 -0.31243286761767525     
          20          18  -4.5829798647719247E-011
          20          19  -6.0176792771973728E-011
          20          20  0.63136065877182046     
          20          21 -0.14593604433079083     
          20          22   8.0507209976504756E-010
          20          23 -0.14579569605208190     
          20          24   2.6334872224117232E-011
          20          25  -3.3449081272579280E-011
          20          26  0.29966847082834924     
          20          27  -7.2302956540293803E-014
          20          28  -1.2091027327223716E-014
          20          29  -2.1261416897129530E-014
          20          30  -5.3186311560817664E-014
          20          31   7.5611682080176016E-014
          20          32  -2.3754713892214867E-015
          20          33   8.2212340192976651E-014
          20          34   5.7008628887605297E-014
          20          35   4.5651113405250590E-014
          20          36  -1.1987078594810650E-013
          21           1   1.6667975106629414E-003
          21           2  -8.5905693067162923E-003
          21           3   1.0531979324307661E-002
          21           4  -1.0152542775706732E-003
          21           5  -1.8844848664947466E-002
          21           6   1.9758290617149540E-014
          21           7  -2.1362354299933028E-014
          21           8   1.8534650613174684E-014
          21           9  -7.2054622229975339E-014
          21          10   7.1745570598535224E-014
          21          11  -1.9368405965299319E-014
          21          12   7.9497328824524338E-014
          21          13  -3.8820705122694293E-014
          21          14  -5.7628400596826602E-014
          21          15  0.30991482847500157     
          21          16  -5.1371709079190852E-010
          21          17 -0.15501221047263181     
          21          18   2.7940061118671281E-011
          21          19   5.2860964066032561E-011
          21          20 -0.14593604433079083     
          21          21  0.15624993451778241     
          21          22  -3.1756234922902663E-010
          21          23  -7.8431691953187319E-002
          21          24   3.8704790229537921E-011
          21          25   2.8215368830839674E-011
          21          26  -7.0059883607879472E-002
          21          27   3.9352888131411909E-014
          21          28  -1.6200574407050362E-015
          21          29  -1.9630474956568945E-014
          21          30   7.2885762067754905E-015
          21          31  -6.1252425094437382E-014
          21          32   5.8256170369442234E-015
          21          33   2.1816894943554774E-014
          21          34  -1.8994572659982765E-014
          21          35  -2.2247419985830752E-014
          21          36   2.5064270563557470E-014
          22           1  -1.3913153619152252E-012
          22           2   6.7908997678101469E-012
          22           3  -2.0790752730414467E-011
          22           4  -1.5491861432207374E-011
          22           5  -6.4503251311359939E-011
          22           6  -2.0709320613749624E-015
          22           7   2.6638175903203095E-014
          22           8   3.3743036929704812E-014
          22           9  -1.1052878306398826E-014
          22          10  -9.3070880678755279E-014
          22          11  -4.2869695873467338E-014
          22          12   7.1296425443592734E-014
          22          13   1.2261701353982987E-013
          22          14   8.3509978827087117E-014
          22          15  -5.1908595184982852E-010
          22          16  0.63417360903871645     
          22          17  -2.7048802241660592E-010
          22          18   1.2850226297130471E-010
          22          19   1.7010998932944749E-009
          22          20   8.0507209976504756E-010
          22          21  -3.1756234922902663E-010
          22          22  0.35125196137524928     
          22          23  -1.6470547454594818E-010
          22          24   7.7650238138332716E-011
          22          25   9.6737244121874212E-010
          22          26   4.9191576704193634E-010
          22          27   1.0584296249235268E-014
          22          28   5.1591322785810891E-014
