           1           1   2.2262874133871104     
           1           2  0.53571841365305550     
           1           3  0.26019902304607162     
           1           4  -4.0513656792122044E-014
           1           5  -3.0848849130412489E-013
           1           6   5.7740877580480497E-014
           1           7   9.7308075263057322E-014
           1           8   1.4578992618012255E-013
           1           9  -1.5427492335203216E-013
           1          10  -2.6053762725669758E-002
           1          11  -3.6000207523050385E-014
           1          12  -2.6053762725686557E-002
           1          13  -2.2343401298642032E-014
           1          14   5.6699508712583964E-014
           1          15  -2.6053762725620225E-002
           2           1  0.53571841365305550     
           2           2   1.3277650621630963     
           2           3  0.52819127716059011     
           2           4  -1.0936445556079199E-013
           2           5  -7.6006176077940607E-013
           2           6   1.4519473847906261E-013
           2           7   2.2756377396417585E-013
           2           8   3.2571690966272141E-013
           2           9  -3.8302943510993317E-013
           2          10  -4.8036906381984511E-002
           2          11  -9.1124056186657499E-014
           2          12  -4.8036906382017977E-002
           2          13  -5.9769808824187425E-014
           2          14   1.3771544095886541E-013
           2          15  -4.8036906381855163E-002
           3           1  0.26019902304607162     
           3           2  0.52819127716059011     
           3           3  0.27318635615448977     
           3           4  -3.7664897238092997E-014
           3           5  -2.6792826652552590E-013
           3           6   4.7206172838634951E-014
           3           7   7.2437129804477206E-014
           3           8   1.5695595589172544E-013
           3           9  -1.1290171382150892E-013
           3          10  -7.8248504597063038E-003
           3          11  -2.3076632265783053E-014
           3          12  -7.8248504597147606E-003
           3          13  -1.5066377317363991E-014
           3          14   3.4844549629050574E-014
           3          15  -7.8248504596736025E-003
           4           1  -4.0513656792122044E-014
           4           2  -1.0936445556079199E-013
           4           3  -3.7664897238092997E-014
           4           4   1.3105641008230684     
           4           5   1.0675488271161271E-014
           4           6   3.4763858458575214E-015
           4           7 -0.45945291128758942     
           4           8   3.2022995366531859E-015
           4           9   2.3245294578089215E-016
           4          10   1.8466394821142079E-014
           4          11   4.9388592834499215E-014
           4          12   4.7052660240954242E-015
           4          13  -1.6991333971916184E-014
           4          14   2.5735661371903378E-015
           4          15   2.0343695042755741E-015
           5           1  -3.0848849130412489E-013
           5           2  -7.6006176077940607E-013
           5           3  -2.6792826652552590E-013
           5           4   1.0675488271161271E-014
           5           5   1.3105641008230702     
           5           6  -4.7184478546569153E-016
           5           7   3.6776137690708310E-015
           5           8 -0.45945291128759075     
           5           9   4.3853809472693683E-015
           5          10   2.8623231935958291E-014
           5          11   1.3300373065631455E-014
           5          12   1.0858056322094160E-013
           5          13   4.2322535527399922E-016
           5          14  -1.7545515170014240E-014
           5          15   2.8801602630960616E-014
           6           1   5.7740877580480497E-014
           6           2   1.4519473847906261E-013
           6           3   4.7206172838634951E-014
           6           4   3.4763858458575214E-015
           6           5  -4.7184478546569153E-016
           6           6   1.3105641008230786     
           6           7   3.4304156737441360E-015
           6           8  -3.0427049768633196E-015
           6           9 -0.45945291128758897     
           6          10  -2.4610517109214011E-015
           6          11   1.7069529440320157E-015
           6          12  -4.1257937032233145E-015
           6          13   1.0195053028993219E-014
           6          14   4.7230915299364772E-014
           6          15  -2.9269063981502647E-014
           7           1   9.7308075263057322E-014
           7           2   2.2756377396417585E-013
           7           3   7.2437129804477206E-014
           7           4 -0.45945291128758942     
           7           5   3.6776137690708310E-015
           7           6   3.4304156737441360E-015
           7           7  0.24400232084384627     
           7           8  -7.5529860144030181E-015
           7           9  -1.9348671970176312E-015
           7          10  -2.1115130677238585E-014
           7          11  -3.3314965966525010E-014
           7          12  -1.0878231871608766E-014
           7          13   1.2102517829122969E-014
           7          14  -1.6527790012933221E-015
           7          15  -9.9078333061993101E-015
           8           1   1.4578992618012255E-013
           8           2   3.2571690966272141E-013
           8           3   1.5695595589172544E-013
           8           4   3.2022995366531859E-015
           8           5 -0.45945291128759075     
           8           6  -3.0427049768633196E-015
           8           7  -7.5529860144030181E-015
           8           8  0.24400232084384027     
           8           9   1.3348697147641531E-015
           8          10  -3.8957718318610494E-015
           8          11  -8.5235040715498338E-015
           8          12  -5.8084632357097102E-014
           8          13   2.1650838857076475E-016
           8          14   1.2203352140095826E-014
           8          15  -3.5896659727013995E-015
           9           1  -1.5427492335203216E-013
           9           2  -3.8302943510993317E-013
           9           3  -1.1290171382150892E-013
           9           4   2.3245294578089215E-016
           9           5   4.3853809472693683E-015
           9           6 -0.45945291128758897     
           9           7  -1.9348671970176312E-015
           9           8   1.3348697147641531E-015
           9           9  0.24400232084383616     
           9          10   1.7906165012436107E-014
           9          11  -1.2387271865729569E-015
           9          12   1.8920568980516791E-014
           9          13  -6.9977092331561994E-015
           9          14  -3.2552296206023339E-014
           9          15   3.6183942826804610E-014
          10           1  -2.6053762725669758E-002
          10           2  -4.8036906381984511E-002
          10           3  -7.8248504597063038E-003
          10           4   1.8466394821142079E-014
          10           5   2.8623231935958291E-014
          10           6  -2.4610517109214011E-015
          10           7  -2.1115130677238585E-014
          10           8  -3.8957718318610494E-015
          10           9   1.7906165012436107E-014
          10          10   4.0105811287890775E-003
          10          11   5.6136122992464869E-015
          10          12   4.0105811287911540E-003
          10          13   3.7073656777134734E-015
          10          14  -8.5785686013461426E-015
          10          15   4.0105811287811195E-003
          11           1  -3.6000207523050385E-014
          11           2  -9.1124056186657499E-014
          11           3  -2.3076632265783053E-014
          11           4   4.9388592834499215E-014
          11           5   1.3300373065631455E-014
          11           6   1.7069529440320157E-015
          11           7  -3.3314965966525010E-014
          11           8  -8.5235040715498338E-015
          11           9  -1.2387271865729569E-015
          11          10   5.6136122992464869E-015
          11          11   1.4403649619485517E-026
          11          12   5.6136122992503357E-015
          11          13   4.1832176416937760E-027
          11          14  -1.3796837057362133E-026
          11          15   5.6136122992317233E-015
          12           1  -2.6053762725686557E-002
          12           2  -4.8036906382017977E-002
          12           3  -7.8248504597147606E-003
          12           4   4.7052660240954242E-015
          12           5   1.0858056322094160E-013
          12           6  -4.1257937032233145E-015
          12           7  -1.0878231871608766E-014
          12           8  -5.8084632357097102E-014
          12           9   1.8920568980516791E-014
          12          10   4.0105811287911540E-003
          12          11   5.6136122992503357E-015
          12          12   4.0105811287932305E-003
          12          13   3.7073656777161468E-015
          12          14  -8.5785686013544430E-015
          12          15   4.0105811287831960E-003
          13           1  -2.2343401298642032E-014
          13           2  -5.9769808824187425E-014
          13           3  -1.5066377317363991E-014
          13           4  -1.6991333971916184E-014
          13           5   4.2322535527399922E-016
          13           6   1.0195053028993219E-014
          13           7   1.2102517829122969E-014
          13           8   2.1650838857076475E-016
          13           9  -6.9977092331561994E-015
          13          10   3.7073656777134734E-015
          13          11   4.1832176416937760E-027
          13          12   3.7073656777161468E-015
          13          13   4.8208277334132262E-027
          13          14  -8.0654883948837373E-027
          13          15   3.7073656777050184E-015
          14           1   5.6699508712583964E-014
          14           2   1.3771544095886541E-013
          14           3   3.4844549629050574E-014
          14           4   2.5735661371903378E-015
          14           5  -1.7545515170014240E-014
          14           6   4.7230915299364772E-014
          14           7  -1.6527790012933221E-015
          14           8   1.2203352140095826E-014
          14           9  -3.2552296206023339E-014
          14          10  -8.5785686013461426E-015
          14          11  -1.3796837057362133E-026
          14          12  -8.5785686013544430E-015
          14          13  -8.0654883948837373E-027
          14          14   2.6256641959347557E-026
          14          15  -8.5785686013293304E-015
          15           1  -2.6053762725620225E-002
          15           2  -4.8036906381855163E-002
          15           3  -7.8248504596736025E-003
          15           4   2.0343695042755741E-015
          15           5   2.8801602630960616E-014
          15           6  -2.9269063981502647E-014
          15           7  -9.9078333061993101E-015
          15           8  -3.5896659727013995E-015
          15           9   3.6183942826804610E-014
          15          10   4.0105811287811195E-003
          15          11   5.6136122992317233E-015
          15          12   4.0105811287831960E-003
          15          13   3.7073656777050184E-015
          15          14  -8.5785686013293304E-015
          15          15   4.0105811287731614E-003
