           1           1   2.2439868380503967     
           1           2 -0.80185886584306143     
           1           3  0.22489191049129370     
           1           4  -1.1796116525706753E-002
           1           5  -1.7046330245699876E-002
           1           6   1.1377345694925519E-010
           1           7  -5.4498210121681014E-014
           1           8  -1.1657864710285947E-010
           1           9   2.7588623553026259E-012
           1          10   2.8535945266834536E-013
           1          11   6.4952565926880089E-012
           1          12   9.8048208721243909E-013
           1          13  -2.4265259551000595E-013
           1          14  -3.7895079613537366E-012
           1          15   1.9885593868369120E-002
           1          16   5.3419635445202754E-012
           1          17   1.9432124839266911E-002
           1          18  -5.8356946842799761E-011
           1          19   1.1288243079329620E-011
           1          20   1.9999795556428435E-002
           1          21   2.0286378554652644E-003
           1          22  -4.1124199705358471E-012
           1          23   3.0123991536102580E-003
           1          24  -2.0810332999340765E-011
           1          25  -7.9880421569066305E-012
           1          26   1.7480852959126480E-003
           1          27   4.6529577724622857E-013
           1          28  -4.1436018586151138E-014
           1          29   3.2137794313620080E-013
           1          30  -1.2913648798899633E-013
           1          31  -2.3852746344852072E-012
           1          32   1.9823966462609893E-014
           1          33  -2.2302501888412485E-012
           1          34   3.7662050509619099E-013
           1          35  -2.8558393204520046E-014
           1          36  -3.8622724271358991E-012
           2           1 -0.80185886584306143     
           2           2   2.6397659262634305     
           2           3 -0.97728521897151976     
           2           4   3.9409093967507920E-002
           2           5   4.8800118421515354E-002
           2           6  -3.6400647192017200E-010
           2           7   1.6166963086069025E-013
           2           8   3.6060073559734589E-010
           2           9  -8.4601776691884656E-012
           2          10  -8.7470108953904153E-013
           2          11  -1.9993927523036178E-011
           2          12  -3.0083289918307774E-012
           2          13   7.5551482790896413E-013
           2          14   1.1838712754283462E-011
           2          15  -1.9554081030770089E-002
           2          16  -1.7759657165158129E-011
           2          17  -1.7830353869851118E-002
           2          18   1.7628289929331859E-010
           2          19  -3.7563523894345451E-011
           2          20  -1.9954464008760657E-002
           2          21  -8.8129500879699472E-003
           2          22   1.5247588831968395E-011
           2          23  -1.2332193329940596E-002
           2          24   6.0718057738240454E-011
           2          25   3.0891897783899692E-011
           2          26  -7.7999381664777424E-003
           2          27  -1.6219893440908344E-012
           2          28   1.3191219472544556E-013
           2          29  -1.1184556218277009E-012
           2          30   4.2328485739259862E-013
           2          31   8.2168791820891858E-012
           2          32  -6.6032165391413336E-014
           2          33   7.6384894511649007E-012
           2          34  -1.3146819766815715E-012
           2          35   9.1999006578994119E-014
           2          36   1.2931804390923388E-011
           3           1  0.22489191049129370     
           3           2 -0.97728521897151976     
           3           3   2.3266208339872043     
           3           4 -0.10975291500341386     
           3           5 -0.15084220972445547     
           3           6  -3.7197204928637282E-010
           3           7  -1.4770467903602959E-012
           3           8   5.1532071716187685E-011
           3           9  -2.0940328870530153E-012
           3          10   4.1205477557872510E-012
           3          11   1.8730586835981733E-010
           3          12   1.0853775907493449E-011
           3          13  -2.0640215877425162E-012
           3          14  -3.3076490806661732E-011
           3          15   3.0682460624837017E-002
           3          16   4.1018533314031899E-011
           3          17   2.8200440226581885E-002
           3          18  -7.1571769031428472E-010
           3          19   1.1848313354222972E-010
           3          20   3.1702721894161831E-002
           3          21   1.4786480527463073E-002
           3          22  -3.4316981814721766E-011
           3          23   2.6059890790506711E-002
           3          24  -2.7423509020290856E-010
           3          25  -9.4710799567060968E-011
           3          26   1.1822565841325284E-002
           3          27   3.4959344919244641E-012
           3          28  -8.7468052760582756E-014
           3          29   1.7107523817611872E-012
           3          30  -4.2115318604788322E-013
           3          31  -1.1218221146538634E-011
           3          32   5.4837241672937664E-014
           3          33  -1.1180116626885664E-011
           3          34   1.5691721273188254E-012
           3          35  -1.3725303210731854E-013
           3          36  -1.6005440318056234E-011
           4           1  -1.1796116525706753E-002
           4           2   3.9409093967507920E-002
           4           3 -0.10975291500341386     
           4           4  0.20933107837635578     
           4           5  0.29742406117288284     
           4           6   3.0286948592698377E-010
           4           7   3.2157790202818368E-013
           4           8   3.1401582426928057E-010
           4           9  -3.6284635390862811E-011
           4          10  -9.6309182241274780E-013
           4          11  -3.2461000249663139E-012
           4          12  -1.7468827727814944E-011
           4          13   3.3328404025997830E-012
           4          14   5.3365175402788929E-011
           4          15  -2.1356781180586676E-002
           4          16  -4.8003583407239300E-011
           4          17  -2.3391210817497659E-002
           4          18   1.2795015588777995E-009
           4          19  -1.3392271363851165E-010
           4          20  -2.2080860363578734E-002
           4          21  -1.4306486615873026E-003
           4          22   2.2814150956849317E-012
           4          23  -8.9127073212202021E-003
           4          24   5.3748146495567181E-010
           4          25   1.4618021772869509E-011
           4          26   1.8589162751021755E-004
           4          27   7.4319351158885146E-014
           4          28  -6.3932294136016750E-014
           4          29   3.5900890685143157E-013
           4          30  -1.0475379190586198E-013
           4          31  -2.2101193896639799E-012
           4          32  -9.9253672246831448E-015
           4          33  -2.2127604792663757E-012
           4          34   4.2814814908158551E-013
           4          35  -7.1367198791572077E-014
           4          36  -5.8934963901814411E-012
           5           1  -1.7046330245699876E-002
           5           2   4.8800118421515354E-002
           5           3 -0.15084220972445547     
           5           4  0.29742406117288284     
           5           5  0.42275954630580592     
           5           6  -1.4761360394403007E-010
           5           7   2.3737367741268766E-013
           5           8  -1.7322916942780934E-010
           5           9   2.3920915218237680E-011
           5          10  -7.9864300636397345E-013
           5          11  -3.4427892079147348E-013
           5          12  -2.2990069235789172E-011
           5          13   4.7125949649405954E-012
           5          14   7.8432368019151807E-011
           5          15  -3.4711566268684713E-002
           5          16  -7.7155977562682561E-011
           5          17  -2.3215831327779327E-002
           5          18   3.7686348290813048E-010
           5          19  -1.7807329798005498E-010
           5          20  -3.6936343171949847E-002
           5          21  -4.1415920062825807E-003
           5          22  -7.8111115981414370E-013
           5          23  -7.9167183358849844E-003
           5          24   1.0997573062441221E-010
           5          25   2.7173158449445228E-011
           5          26  -2.3023331195631620E-003
           5          27   1.5348549275346558E-012
           5          28  -8.3686938168583681E-014
           5          29   5.5984584419161853E-013
           5          30  -1.6443000846849019E-013
           5          31  -3.1638431596439612E-012
           5          32  -1.3956147424552337E-014
           5          33  -3.6713351731714805E-012
           5          34   5.1025822109701116E-013
           5          35  -9.2261718979963226E-014
           5          36  -6.7527732309522891E-012
           6           1   1.1377345694925519E-010
           6           2  -3.6400647192017200E-010
           6           3  -3.7197204928637282E-010
           6           4   3.0286948592698377E-010
           6           5  -1.4761360394403007E-010
           6           6   2.2937111217470445     
           6           7   1.0839625368157293E-009
           6           8   5.1652556369395023E-010
           6           9 -0.81295949604079032     
           6          10   2.1474262937386489E-010
           6          11   6.2215201503446960E-010
           6          12  -1.4389288881132535E-002
           6          13   8.5226539802844479E-011
           6          14  -3.8922102927943184E-013
           6          15   8.0166034840560211E-011
           6          16  -5.2479479045690425E-011
           6          17   2.2421636363437738E-010
           6          18  -9.9028376535615511E-011
           6          19   4.3580786090156807E-011
           6          20   2.2910099048994720E-010
           6          21  -7.6225167890368771E-011
           6          22  -2.3748642683585942E-011
           6          23  -1.5809387789799749E-010
           6          24   3.5855708822705000E-011
           6          25  -5.9950846976006219E-011
           6          26  -1.1889845266565450E-010
           6          27  -4.9392739684675502E-003
           6          28   3.7886380369950935E-011
           6          29  -1.0500411000281848E-003
           6          30   1.1454609928992403E-011
           6          31   1.3064008327893823E-010
           6          32  -1.0618119911494149E-010
           6          33  -9.4659952683363331E-011
           6          34  -6.6772231649467884E-003
           6          35  -6.5700581391041126E-011
           6          36  -1.2370294559695483E-010
           7           1  -5.4498210121681014E-014
           7           2   1.6166963086069025E-013
           7           3  -1.4770467903602959E-012
           7           4   3.2157790202818368E-013
           7           5   2.3737367741268766E-013
           7           6   1.0839625368157293E-009
           7           7   2.2934763194877621     
           7           8  -1.0817363794763875E-009
           7           9   2.2575847105403219E-010
           7          10 -0.81198618687171131     
           7          11  -5.1175821143142205E-011
           7          12   3.6859067340394270E-012
           7          13  -1.5948966784842752E-002
           7          14   2.1194397542334001E-011
           7          15   5.7382875279096502E-013
           7          16   7.5247279233275248E-012
           7          17  -4.8446420761077829E-013
           7          18   2.3607630739961356E-013
           7          19  -3.9532028650865985E-011
           7          20   1.1523743381996289E-012
           7          21   1.5833612739515576E-013
           7          22   1.9703502814200078E-012
           7          23   1.1655720751578923E-013
           7          24   8.2761412666061860E-014
           7          25  -1.1250298429344343E-011
           7          26   2.2732786714200257E-013
           7          27   4.8883663879167403E-012
           7          28  -4.0766709258757130E-003
           7          29  -2.1676881216699490E-011
           7          30  -3.5888744160173444E-003
           7          31  -8.7226748284839510E-012
           7          32   4.2760849383717556E-012
           7          33  -5.3096248379616843E-011
           7          34  -8.6997442514777055E-012
           7          35  -5.3261130529655898E-003
           7          36   6.1106437544886321E-011
           8           1  -1.1657864710285947E-010
           8           2   3.6060073559734589E-010
           8           3   5.1532071716187685E-011
           8           4   3.1401582426928057E-010
           8           5  -1.7322916942780934E-010
           8           6   5.1652556369395023E-010
           8           7  -1.0817363794763875E-009
           8           8   2.2937770200080276     
           8           9   6.6208063205538538E-010
           8          10  -9.3391241249221052E-011
           8          11 -0.81323526409491675     
           8          12  -5.3325849610797589E-011
           8          13   3.6898596462884281E-011
           8          14  -1.3941410475107201E-002
           8          15  -2.4570766450345881E-011
           8          16   2.4943632468135775E-011
           8          17  -5.4301438913078950E-011
           8          18   4.2333122702031776E-012
           8          19   2.8408910367565886E-011
           8          20  -4.6832582235741058E-011
           8          21  -7.3081000026483095E-011
           8          22  -3.9685287426919424E-011
           8          23  -3.1797389879783808E-011
           8          24   1.4261815759724793E-011
           8          25  -2.1751351405374332E-011
           8          26  -7.9921395739240539E-011
           8          27   7.3773018398590489E-011
           8          28  -5.3512037123508274E-011
           8          29   4.3811077794878507E-012
           8          30   3.0476441738745055E-011
           8          31  -5.8128969455382247E-003
           8          32  -8.8810249137043581E-012
           8          33  -1.4347780207303812E-003
           8          34  -1.4529222515026321E-010
           8          35  -1.1978231501775838E-012
           8          36  -5.3263201624332351E-003
           9           1   2.7588623553026259E-012
           9           2  -8.4601776691884656E-012
           9           3  -2.0940328870530153E-012
           9           4  -3.6284635390862811E-011
           9           5   2.3920915218237680E-011
           9           6 -0.81295949604079032     
           9           7   2.2575847105403219E-010
           9           8   6.6208063205538538E-010
           9           9   2.2560857888862178     
           9          10  -5.1196830082736065E-010
           9          11  -1.5753650845275672E-009
           9          12   2.7969650326659497E-002
           9          13  -1.0921777501266950E-011
           9          14   1.3133881260456332E-011
           9          15  -2.2440974210720589E-011
           9          16   2.1821611098230827E-012
           9          17   2.0365190373364541E-011
           9          18   1.1389237419220748E-010
           9          19  -2.5387103326068353E-012
           9          20   2.3049915920068672E-011
           9          21   4.9066978667423820E-012
           9          22  -2.5650984008199443E-012
           9          23   1.3948377837516752E-011
           9          24   5.1029833002117373E-011
           9          25   3.5379478371794056E-012
           9          26   1.5837912948013645E-011
           9          27   4.6926074684876633E-003
           9          28   3.4872413883528927E-012
           9          29  -4.0912611308922342E-004
           9          30   3.3051314106496451E-012
           9          31  -2.1485437000405465E-010
           9          32   1.5038768989865001E-010
           9          33  -5.6720199485632433E-012
           9          34   1.6352259999838002E-002
           9          35   1.6656135851788162E-011
           9          36   1.5576396609434162E-010
          10           1   2.8535945266834536E-013
          10           2  -8.7470108953904153E-013
          10           3   4.1205477557872510E-012
          10           4  -9.6309182241274780E-013
          10           5  -7.9864300636397345E-013
          10           6   2.1474262937386489E-010
          10           7 -0.81198618687171131     
          10           8  -9.3391241249221052E-011
          10           9  -5.1196830082736065E-010
          10          10   2.2520465270811627     
          10          11   7.8714045432402727E-011
          10          12  -1.7867953376915153E-011
          10          13   3.2132166629821962E-002
          10          14  -4.9365800585741939E-011
          10          15  -1.6281941788927553E-012
          10          16  -2.2672308989387967E-011
          10          17   1.4908332354467060E-012
          10          18  -7.7226254048471547E-013
          10          19   1.1675615040812753E-010
          10          20  -3.0839967159684752E-012
          10          21  -6.9535385031506964E-013
          10          22  -8.9827606752977906E-012
          10          23   2.0636492387752091E-013
          10          24  -2.4752602368000814E-013
          10          25   5.4713428535801788E-011
          10          26  -8.4479925571180841E-013
          10          27  -3.7965703222019535E-011
          10          28   8.0392763278967806E-003
          10          29   4.9162019061410164E-011
          10          30   2.7630919426881928E-003
          10          31   3.9568920875267519E-011
          10          32  -1.3719360201378611E-011
          10          33   1.5966194008634975E-010
          10          34   1.8032849579445148E-011
          10          35   1.1756975280374412E-002
          10          36  -1.7684476015585041E-010
          11           1   6.4952565926880089E-012
          11           2  -1.9993927523036178E-011
          11           3   1.8730586835981733E-010
          11           4  -3.2461000249663139E-012
          11           5  -3.4427892079147348E-013
          11           6   6.2215201503446960E-010
          11           7  -5.1175821143142205E-011
          11           8 -0.81323526409491675     
          11           9  -1.5753650845275672E-009
          11          10   7.8714045432402727E-011
          11          11   2.2572369002362533     
          11          12   1.9557832202479504E-011
          11          13  -4.9502623188275890E-011
          11          14   2.6773246203227727E-002
          11          15  -1.5322240433006808E-010
          11          16   2.6282165322555076E-012
          11          17  -1.3360614104808394E-010
          11          18  -2.1560992243667946E-011
          11          19   4.6085122661848443E-012
          11          20   1.0722841319439306E-010
          11          21  -4.9126362730440001E-011
          11          22  -7.8152771029958456E-013
          11          23  -5.0739834312330312E-011
          11          24  -7.2713425863127223E-012
          11          25   9.1411487305937210E-013
          11          26   3.9327448435400825E-011
          11          27  -1.6871039056633410E-010
          11          28   3.8475116926714090E-011
          11          29  -6.4170824808107093E-012
          11          30  -1.9524860209470968E-011
          11          31   1.3944402807920130E-002
          11          32   5.2195419858634850E-011
          11          33   8.9959532790976487E-004
          11          34   2.2762111451888388E-010
          11          35  -5.1237783105879443E-011
          11          36   5.2406270839223832E-003
          12           1   9.8048208721243909E-013
          12           2  -3.0083289918307774E-012
          12           3   1.0853775907493449E-011
          12           4  -1.7468827727814944E-011
          12           5  -2.2990069235789172E-011
          12           6  -1.4389288881132535E-002
          12           7   3.6859067340394270E-012
          12           8  -5.3325849610797589E-011
          12           9   2.7969650326659497E-002
          12          10  -1.7867953376915153E-011
          12          11   1.9557832202479504E-011
          12          12   3.5616941578519689E-004
          12          13  -4.6836004320610155E-013
          12          14   6.8528973922661043E-013
          12          15   3.5809994640269641E-011
          12          16  -7.2730478059183233E-012
          12          17  -3.5132558304913051E-011
          12          18  -2.4365581441348886E-010
          12          19   3.2181823596224172E-012
          12          20   3.8297991464575667E-012
          12          21   1.6339581775855263E-011
          12          22  -3.4889451190012935E-012
          12          23  -1.6375933457640011E-011
          12          24  -1.1110651810242089E-010
          12          25   1.7469784063483145E-012
          12          26   2.1065895440452241E-012
          12          27   6.7891819605509429E-005
          12          28  -6.6518632125824296E-014
          12          29  -3.6094681957133854E-006
          12          30   2.3619427783950492E-015
          12          31  -1.9454009916095734E-012
          12          32   1.9535645366207347E-012
          12          33   4.5554611081970556E-013
          12          34   2.0139546444560556E-004
          12          35   2.6001690975831998E-013
          12          36   1.6215370389572003E-012
          13           1  -2.4265259551000595E-013
          13           2   7.5551482790896413E-013
          13           3  -2.0640215877425162E-012
          13           4   3.3328404025997830E-012
          13           5   4.7125949649405954E-012
          13           6   8.5226539802844479E-011
          13           7  -1.5948966784842752E-002
          13           8   3.6898596462884281E-011
          13           9  -1.0921777501266950E-011
          13          10   3.2132166629821962E-002
          13          11  -4.9502623188275890E-011
          13          12  -4.6836004320610155E-013
          13          13   4.6907344785441889E-004
          13          14  -1.3484131642627684E-012
          13          15   2.5974724102783775E-012
          13          16   5.2553471402251672E-011
          13          17  -5.2024455010808425E-012
          13          18   1.9346613588231722E-012
          13          19  -2.6008037190410875E-010
          13          20   1.4897945974671197E-012
          13          21   1.3820673985880230E-012
          13          22   2.4921483040815553E-011
          13          23  -2.4582867057049582E-012
          13          24   8.7865085031514075E-013
          13          25  -1.2205224267623062E-010
          13          26   8.9890788485391732E-013
          13          27  -6.3829398706937846E-013
          13          28   1.1878144408476003E-004
          13          29   6.8114193376688560E-013
          13          30   4.2947025582134935E-005
          13          31   1.4925764416130452E-013
          13          32  -1.9111092680335967E-013
          13          33   2.2225585587360796E-012
          13          34   1.9989517551810696E-013
          13          35   1.7035064793548396E-004
          13          36  -2.5672712466542610E-012
          14           1  -3.7895079613537366E-012
          14           2   1.1838712754283462E-011
          14           3  -3.3076490806661732E-011
          14           4   5.3365175402788929E-011
          14           5   7.8432368019151807E-011
          14           6  -3.8922102927943184E-013
          14           7   2.1194397542334001E-011
          14           8  -1.3941410475107201E-002
          14           9   1.3133881260456332E-011
          14          10  -4.9365800585741939E-011
          14          11   2.6773246203227727E-002
          14          12   6.8528973922661043E-013
          14          13  -1.3484131642627684E-012
          14          14   3.2682538526774218E-004
          14          15   1.6025092158011523E-011
          14          16  -3.5580405696900623E-012
          14          17   1.3060218715990947E-010
          14          18   4.6936092571997786E-011
          14          19  -9.4724314542211708E-012
          14          20  -1.6625298621038948E-010
          14          21   6.0448904119583158E-012
          14          22  -1.6105719975610745E-012
          14          23   6.2397778857710953E-011
          14          24   2.1368848913502677E-011
          14          25  -4.3902775336409613E-012
          14          26  -7.2036675009452481E-011
          14          27  -2.3946585554671923E-012
          14          28   3.4405351864551417E-013
          14          29   1.0308338597988350E-013
          14          30  -3.5437141841014443E-013
          14          31   1.6557496923214757E-004
          14          32   5.9575094317375390E-013
          14          33   1.2196143076526561E-005
          14          34   3.5305979287764308E-012
          14          35  -7.9961823850458417E-013
          14          36   7.1226916087495750E-005
          15           1   1.9885593868369120E-002
          15           2  -1.9554081030770089E-002
          15           3   3.0682460624837017E-002
          15           4  -2.1356781180586676E-002
          15           5  -3.4711566268684713E-002
          15           6   8.0166034840560211E-011
          15           7   5.7382875279096502E-013
          15           8  -2.4570766450345881E-011
          15           9  -2.2440974210720589E-011
          15          10  -1.6281941788927553E-012
          15          11  -1.5322240433006808E-010
          15          12   3.5809994640269641E-011
          15          13   2.5974724102783775E-012
          15          14   1.6025092158011523E-011
          15          15  0.87301442379536565     
          15          16  -1.3188285247260686E-009
          15          17 -0.68096157121107992     
          15          18  -5.9386506509503409E-009
          15          19   4.4177873116620045E-009
          15          20 -0.18300393535925485     
          15          21  0.39772575576259556     
          15          22  -6.7114370313936028E-010
          15          23 -0.32716503121034646     
          15          24  -2.7540611529719059E-009
          15          25   2.3078124375005160E-009
          15          26  -6.7533268584803630E-002
          15          27   9.6056375420609354E-012
          15          28  -4.2763295048402249E-013
          15          29  -2.8559296799864456E-012
          15          30   6.1874373704211664E-013
          15          31  -4.1599459433360687E-011
          15          32   5.6271014143729487E-015
          15          33   1.1813286942862451E-011
          15          34  -3.1220375183273736E-012
          15          35   2.4364615729237412E-013
          15          36   3.0455272182078959E-011
          16           1   5.3419635445202754E-012
          16           2  -1.7759657165158129E-011
          16           3   4.1018533314031899E-011
          16           4  -4.8003583407239300E-011
          16           5  -7.7155977562682561E-011
          16           6  -5.2479479045690425E-011
          16           7   7.5247279233275248E-012
          16           8   2.4943632468135775E-011
          16           9   2.1821611098230827E-012
          16          10  -2.2672308989387967E-011
          16          11   2.6282165322555076E-012
          16          12  -7.2730478059183233E-012
          16          13   5.2553471402251672E-011
          16          14  -3.5580405696900623E-012
          16          15  -1.3188285247260686E-009
          16          16   1.2680543675026978     
          16          17  -1.4178402104544320E-010
          16          18   2.1025597336893421E-010
          16          19  -1.0217783381742656E-010
          16          20   1.4817860765230725E-009
          16          21  -6.5488346655667714E-010
          16          22  0.60021768339392456     
          16          23  -8.8203118111538953E-011
          16          24  -9.9145713461453757E-011
          16          25   4.6708959976285721E-011
          16          26   7.6063320815259790E-010
          16          27  -1.1331723029639530E-013
          16          28   7.8242824521834148E-012
          16          29  -8.5116236020601362E-013
          16          30   7.0064719212013112E-013
          16          31  -1.7114277008606120E-013
          16          32  -3.5340986947788481E-011
          16          33  -1.0488962667796965E-013
          16          34  -1.2072470978594363E-013
          16          35   4.3683233184317453E-013
          16          36  -5.1658897038526128E-013
          17           1   1.9432124839266911E-002
          17           2  -1.7830353869851118E-002
          17           3   2.8200440226581885E-002
          17           4  -2.3391210817497659E-002
          17           5  -2.3215831327779327E-002
          17           6   2.2421636363437738E-010
          17           7  -4.8446420761077829E-013
          17           8  -5.4301438913078950E-011
          17           9   2.0365190373364541E-011
          17          10   1.4908332354467060E-012
          17          11  -1.3360614104808394E-010
          17          12  -3.5132558304913051E-011
          17          13  -5.2024455010808425E-012
          17          14   1.3060218715990947E-010
          17          15 -0.68096157121107992     
          17          16  -1.4178402104544320E-010
          17          17   1.2567880218768506     
          17          18  -6.6113937136428939E-010
          17          19   7.4978145626617016E-010
          17          20 -0.57059572681525461     
          17          21 -0.32908850732515393     
          17          22  -9.4639989839135359E-011
          17          23  0.59838881669601385     
          17          24  -4.2018802228664526E-010
          17          25   2.2941223275614615E-010
          17          26 -0.27164478374256101     
          17          27  -5.9681927251245870E-012
          17          28   1.8228823813538272E-013
          17          29   4.0293141398830895E-012
          17          30  -1.0927944517604552E-012
          17          31   1.6989860933177308E-011
          17          32  -5.5071858682416640E-015
          17          33  -3.5998838657316754E-011
          17          34  -2.5694564051844023E-012
          17          35   2.1246834005887081E-013
          17          36   3.8368368572142419E-011
          18           1  -5.8356946842799761E-011
          18           2   1.7628289929331859E-010
          18           3  -7.1571769031428472E-010
          18           4   1.2795015588777995E-009
          18           5   3.7686348290813048E-010
          18           6  -9.9028376535615511E-011
          18           7   2.3607630739961356E-013
          18           8   4.2333122702031776E-012
          18           9   1.1389237419220748E-010
          18          10  -7.7226254048471547E-013
          18          11  -2.1560992243667946E-011
          18          12  -2.4365581441348886E-010
          18          13   1.9346613588231722E-012
          18          14   4.6936092571997786E-011
          18          15  -5.9386506509503409E-009
          18          16   2.1025597336893421E-010
          18          17  -6.6113937136428939E-010
          18          18   1.2928055288899472     
          18          19   3.8931499945825365E-011
          18          20   6.5593402924161843E-009
          18          21  -2.6659422228855699E-009
          18          22  -9.7889538801358789E-011
          18          23  -3.3013718291598393E-010
          18          24  0.58863705173014058     
          18          25  -1.9140824871531835E-011
          18          26   3.2819734847349727E-009
          18          27  -3.0715280592884826E-012
          18          28  -2.6697468262657812E-014
          18          29   8.5645773891844680E-014
          18          30   7.0756130082415463E-014
          18          31   7.4356331938685868E-012
          18          32  -5.2529518074565514E-013
          18          33   3.7055887070397271E-013
          18          34  -5.6408231924044408E-011
          18          35   1.5592879823683440E-013
          18          36   1.5198570656457734E-012
          19           1   1.1288243079329620E-011
          19           2  -3.7563523894345451E-011
          19           3   1.1848313354222972E-010
          19           4  -1.3392271363851165E-010
          19           5  -1.7807329798005498E-010
          19           6   4.3580786090156807E-011
          19           7  -3.9532028650865985E-011
          19           8   2.8408910367565886E-011
          19           9  -2.5387103326068353E-012
          19          10   1.1675615040812753E-010
          19          11   4.6085122661848443E-012
          19          12   3.2181823596224172E-012
          19          13  -2.6008037190410875E-010
          19          14  -9.4724314542211708E-012
          19          15   4.4177873116620045E-009
          19          16  -1.0217783381742656E-010
          19          17   7.4978145626617016E-010
          19          18   3.8931499945825365E-011
          19          19   1.2736494625664023     
          19          20  -5.1264870503064419E-009
          19          21   2.3293360288582385E-009
          19          22   4.5921575602136006E-011
          19          23   2.4358669488574810E-010
          19          24  -1.7485516749733500E-011
          19          25  0.59764737016589486     
          19          26  -2.5432340942177451E-009
          19          27   1.3749802393956767E-013
          19          28  -8.2671075173933126E-013
          19          29   4.1353303545613172E-014
          19          30   7.3180934814554136E-014
          19          31  -7.3127630970329506E-014
          19          32   4.4065720448220564E-012
          19          33  -1.0142143736954230E-012
          19          34   1.6627704717944799E-013
          19          35  -5.8861932132343154E-011
          19          36  -3.2609957007378145E-013
          20           1   1.9999795556428435E-002
          20           2  -1.9954464008760657E-002
          20           3   3.1702721894161831E-002
          20           4  -2.2080860363578734E-002
          20           5  -3.6936343171949847E-002
          20           6   2.2910099048994720E-010
          20           7   1.1523743381996289E-012
          20           8  -4.6832582235741058E-011
          20           9   2.3049915920068672E-011
          20          10  -3.0839967159684752E-012
          20          11   1.0722841319439306E-010
          20          12   3.8297991464575667E-012
          20          13   1.4897945974671197E-012
          20          14  -1.6625298621038948E-010
          20          15 -0.18300393535925485     
          20          16   1.4817860765230725E-009
          20          17 -0.57059572681525461     
          20          18   6.5593402924161843E-009
          20          19  -5.1264870503064419E-009
          20          20  0.76326596130026281     
          20          21  -6.7146153138456482E-002
          20          22   7.6696772858799505E-010
          20          23 -0.26930424186756502     
          20          24   3.1704195317104152E-009
          20          25  -2.5450519808286234E-009
          20          26  0.34025441372268439     
          20          27  -4.7121208524045014E-012
          20          28   2.4787870544323699E-013
          20          29  -1.3916647999656113E-012
          20          30   4.9272753515506621E-013
          20          31   2.3882053538790954E-011
          20          32   4.6007128478463262E-015
          20          33   2.4744723375095423E-011
          20          34   5.9912737140159037E-012
          20          35  -4.6035407824456514E-013
          20          36  -6.7967896909516761E-011
          21           1   2.0286378554652644E-003
          21           2  -8.8129500879699472E-003
          21           3   1.4786480527463073E-002
          21           4  -1.4306486615873026E-003
          21           5  -4.1415920062825807E-003
          21           6  -7.6225167890368771E-011
          21           7   1.5833612739515576E-013
          21           8  -7.3081000026483095E-011
          21           9   4.9066978667423820E-012
          21          10  -6.9535385031506964E-013
          21          11  -4.9126362730440001E-011
          21          12   1.6339581775855263E-011
          21          13   1.3820673985880230E-012
          21          14   6.0448904119583158E-012
          21          15  0.39772575576259556     
          21          16  -6.5488346655667714E-010
          21          17 -0.32908850732515393     
          21          18  -2.6659422228855699E-009
          21          19   2.3293360288582385E-009
          21          20  -6.7146153138456482E-002
          21          21  0.18198383718626837     
          21          22  -3.2911875074190900E-010
          21          23 -0.15786110279246790     
          21          24  -1.2341381521493791E-009
          21          25   1.2014845100692072E-009
          21          26  -2.2981786535302078E-002
          21          27   4.5631082757104619E-012
          21          28  -1.9243150412724541E-013
          21          29  -1.2846207549429158E-012
          21          30   2.9101337726167463E-013
          21          31  -1.8333416663416064E-011
          21          32   2.3565526694863663E-015
          21          33   6.0108628112648131E-012
          21          34  -1.1965782105464324E-012
          21          35   1.0053919192856473E-013
          21          36   1.2078878210922593E-011
          22           1  -4.1124199705358471E-012
          22           2   1.5247588831968395E-011
          22           3  -3.4316981814721766E-011
          22           4   2.2814150956849317E-012
          22           5  -7.8111115981414370E-013
          22           6  -2.3748642683585942E-011
          22           7   1.9703502814200078E-012
          22           8  -3.9685287426919424E-011
          22           9  -2.5650984008199443E-012
          22          10  -8.9827606752977906E-012
          22          11  -7.8152771029958456E-013
          22          12  -3.4889451190012935E-012
          22          13   2.4921483040815553E-011
          22          14  -1.6105719975610745E-012
          22          15  -6.7114370313936028E-010
          22          16  0.60021768339392456     
          22          17  -9.4639989839135359E-011
          22          18  -9.7889538801358789E-011
          22          19   4.5921575602136006E-011
          22          20   7.6696772858799505E-010
          22          21  -3.2911875074190900E-010
          22          22  0.28412959566143470     
          22          23  -5.4627977793027680E-011
          22          24  -1.3706970179228334E-010
          22          25   6.7575073051880283E-011
          22          26   3.9000722058084452E-010
          22          27  -7.3009296706137174E-014
          22          28   3.6637852620947903E-012
