           1           1   2.2326661859136463     
           1           2  0.57346813979190203     
           1           3  0.25337063202198162     
           1           4   3.3970287010872275E-014
           1           5  -2.4199178361612644E-013
           1           6  -9.3016495524099316E-014
           1           7  -4.4987385942010787E-014
           1           8   2.0221255623105770E-014
           1           9  -6.0542007301241807E-014
           1          10  -4.7553156744955874E-002
           1          11   5.7881570261238745E-014
           1          12  -4.7553156745009553E-002
           1          13   5.7427523052250053E-015
           1          14   3.8523531590792735E-014
           1          15  -4.7553156744994399E-002
           2           1  0.57346813979190203     
           2           2   1.4601854706005395     
           2           3  0.50284145112343559     
           2           4   9.1545412103996269E-014
           2           5  -7.0632373988267588E-013
           2           6  -2.5002997008739230E-013
           2           7  -1.5183182021005836E-013
           2           8   1.2055017242387127E-014
           2           9  -1.4277332911908400E-013
           2          10  -8.5263510355401584E-002
           2          11   1.5949285068158626E-013
           2          12  -8.5263510355523917E-002
           2          13   2.0986324435504906E-014
           2          14   9.2496880762153209E-014
           2          15  -8.5263510355474650E-002
           3           1  0.25337063202198162     
           3           2  0.50284145112343559     
           3           3  0.32158851174560049     
           3           4   6.2179560658195635E-014
           3           5  -2.5910741188333056E-014
           3           6  -7.5312090297696604E-014
           3           7   1.1218512851717984E-014
           3           8   5.4657873397036864E-014
           3           9  -8.0411342262602474E-014
           3          10  -1.1829872916458152E-002
           3          11   2.6121785827361063E-014
           3          12  -1.1829872916480386E-002
           3          13   2.1072367380151306E-015
           3          14   1.6044727792385234E-014
           3          15  -1.1829872916471012E-002
           4           1   3.3970287010872275E-014
           4           2   9.1545412103996269E-014
           4           3   6.2179560658195635E-014
           4           4  0.93948304959696649     
           4           5  -2.4973748280149269E-002
           4           6 -0.13197966507401079     
           4           7  0.17962654743358358     
           4           8  -2.4792259016236023E-002
           4           9 -0.13102054223842569     
           4          10  -2.0149596300611036E-015
           4          11   9.2548587672306431E-015
           4          12  -1.0403345955183795E-014
           4          13   1.2868383727257437E-015
           4          14  -1.6446638261931095E-014
           4          15  -1.2138599590102606E-014
           5           1  -2.4199178361612644E-013
           5           2  -7.0632373988267588E-013
           5           3  -2.5910741188333056E-014
           5           4  -2.4973748280149269E-002
           5           5  0.88141256117384426     
           5           6   4.8950991113648076E-002
           5           7  -2.4792259016236044E-002
           5           8  0.12197806895789265     
           5           9   4.8595254391817042E-002
           5          10   6.6280260938176661E-014
           5          11  -4.0462085129439084E-015
           5          12   6.9804475991087013E-014
           5          13  -9.3286078474828552E-016
           5          14   5.9917064581706161E-015
           5          15   6.9735259367604565E-014
           6           1  -9.3016495524099316E-014
           6           2  -2.5002997008739230E-013
           6           3  -7.5312090297696604E-014
           6           4 -0.13197966507401079     
           6           5   4.8950991113648076E-002
           6           6   1.1308429103961466     
           6           7 -0.13102054223842349     
           6           8   4.8595254391815987E-002
           6           9  0.36959575754271690     
           6          10   1.3288409509446488E-014
           6          11  -1.4878622601277987E-014
           6          12   2.2052950316751894E-014
           6          13  -6.1391427018349702E-015
           6          14   3.2724589652154793E-014
           6          15   3.5367772527390934E-014
           7           1  -4.4987385942010787E-014
           7           2  -1.5183182021005836E-013
           7           3   1.1218512851717984E-014
           7           4  0.17962654743358358     
           7           5  -2.4792259016236044E-002
           7           6 -0.13102054223842349     
           7           7   8.0942679524562661E-002
           7           8  -2.4612088671395822E-002
           7           9 -0.13006838954185959     
           7          10   1.7118623458601544E-014
           7          11   7.9666763771296509E-015
           7          12   1.1660813154008931E-014
           7          13   2.7263745214460007E-015
           7          14  -1.6528414371410941E-014
           7          15   6.2391641944212619E-015
           8           1   2.0221255623105770E-014
           8           2   1.2055017242387127E-014
           8           3   5.4657873397036864E-014
           8           4  -2.4792259016236023E-002
           8           5  0.12197806895789265     
           8           6   4.8595254391815987E-002
           8           7  -2.4612088671395822E-002
           8           8   2.3713144164934051E-002
           8           9   4.8242102880466452E-002
           8          10   4.8999532014647330E-015
           8          11  -3.0341722990595955E-015
           8          12   6.9776487518771146E-015
           8          13  -1.0701198066892931E-015
           8          14   6.1163482194788521E-015
           8          15   8.8963487470413217E-015
           9           1  -6.0542007301241807E-014
           9           2  -1.4277332911908400E-013
           9           3  -8.0411342262602474E-014
           9           4 -0.13102054223842569     
           9           5   4.8595254391817042E-002
           9           6  0.36959575754271690     
           9           7 -0.13006838954185959     
           9           8   4.8242102880466452E-002
           9           9  0.26953134508259602     
           9          10   2.4224706605500624E-015
           9          11  -1.5193662700488109E-014
           9          12   1.2127489516976426E-014
           9          13  -5.8116717076658479E-015
           9          14   3.2460360310110170E-014
           9          15   2.4036430518381289E-014
          10           1  -4.7553156744955874E-002
          10           2  -8.5263510355401584E-002
          10           3  -1.1829872916458152E-002
          10           4  -2.0149596300611036E-015
          10           5   6.6280260938176661E-014
          10           6   1.3288409509446488E-014
          10           7   1.7118623458601544E-014
          10           8   4.8999532014647330E-015
          10           9   2.4224706605500624E-015
          10          10   7.5902393383804802E-003
          10          11  -1.2578758858634649E-014
          10          12   7.5902393383898512E-003
          10          13  -1.8192452363724718E-015
          10          14  -7.1806951128035409E-015
          10          15   7.5902393383860947E-003
          11           1   5.7881570261238745E-014
          11           2   1.5949285068158626E-013
          11           3   2.6121785827361063E-014
          11           4   9.2548587672306431E-015
          11           5  -4.0462085129439084E-015
          11           6  -1.4878622601277987E-014
          11           7   7.9666763771296509E-015
          11           8  -3.0341722990595955E-015
          11           9  -1.5193662700488109E-014
          11          10  -1.2578758858634649E-014
          11          11   2.4068760022462474E-026
          11          12  -1.2578758858652665E-014
          11          13   3.6292531411838806E-027
          11          14   1.1360079439153501E-026
          11          15  -1.2578758858646507E-014
          12           1  -4.7553156745009553E-002
          12           2  -8.5263510355523917E-002
          12           3  -1.1829872916480386E-002
          12           4  -1.0403345955183795E-014
          12           5   6.9804475991087013E-014
          12           6   2.2052950316751894E-014
          12           7   1.1660813154008931E-014
          12           8   6.9776487518771146E-015
          12           9   1.2127489516976426E-014
          12          10   7.5902393383898512E-003
          12          11  -1.2578758858652665E-014
          12          12   7.5902393383992239E-003
          12          13  -1.8192452363751319E-015
          12          14  -7.1806951128123445E-015
          12          15   7.5902393383954674E-003
          13           1   5.7427523052250053E-015
          13           2   2.0986324435504906E-014
          13           3   2.1072367380151306E-015
          13           4   1.2868383727257437E-015
          13           5  -9.3286078474828552E-016
          13           6  -6.1391427018349702E-015
          13           7   2.7263745214460007E-015
          13           8  -1.0701198066892931E-015
          13           9  -5.8116717076658479E-015
          13          10  -1.8192452363724718E-015
          13          11   3.6292531411838806E-027
          13          12  -1.8192452363751319E-015
          13          13   6.1240580167186058E-028
          13          14   1.1400226591725002E-027
          13          15  -1.8192452363744365E-015
          14           1   3.8523531590792735E-014
          14           2   9.2496880762153209E-014
          14           3   1.6044727792385234E-014
          14           4  -1.6446638261931095E-014
          14           5   5.9917064581706161E-015
          14           6   3.2724589652154793E-014
          14           7  -1.6528414371410941E-014
          14           8   6.1163482194788521E-015
          14           9   3.2460360310110170E-014
          14          10  -7.1806951128035409E-015
          14          11   1.1360079439153501E-026
          14          12  -7.1806951128123445E-015
          14          13   1.1400226591725002E-027
          14          14   1.1799810205505428E-026
          14          15  -7.1806951128069282E-015
          15           1  -4.7553156744994399E-002
          15           2  -8.5263510355474650E-002
          15           3  -1.1829872916471012E-002
          15           4  -1.2138599590102606E-014
          15           5   6.9735259367604565E-014
          15           6   3.5367772527390934E-014
          15           7   6.2391641944212619E-015
          15           8   8.8963487470413217E-015
          15           9   2.4036430518381289E-014
          15          10   7.5902393383860947E-003
          15          11  -1.2578758858646507E-014
          15          12   7.5902393383954674E-003
          15          13  -1.8192452363744365E-015
          15          14  -7.1806951128069282E-015
          15          15   7.5902393383917108E-003
