           1           1   2.1950150286583181     
           1           2  0.86161657061501962     
           1           3  0.65255268468588146     
           1           4  -5.7696264210857651E-003
           1           5   6.7741181063480024E-015
           1           6   1.9980022715561056E-015
           1           7  -5.7318679634928868E-014
           1           8   2.7698260283207599E-015
           1           9  -1.4848606324422549E-014
           1          10   9.4911583641398179E-016
           1          11  -6.3525270840852176E-015
           1          12   7.8506910610319937E-015
           1          13  -6.7363150818199055E-016
           1          14 -0.17434152770818331     
           1          15   1.1177449308547069E-014
           1          16 -0.17434152770817768     
           1          17  -3.9421675065563827E-015
           1          18  -5.0987226056367295E-015
           1          19 -0.17434152770817973     
           2           1  0.86161657061501962     
           2           2   4.2657111689609595     
           2           3   4.8321283290498078     
           2           4  -8.0077242182389624E-002
           2           5   3.2886638802707338E-014
           2           6   1.4091117420878547E-014
           2           7  -2.3503368586609228E-013
           2           8  -9.7341557615474828E-015
           2           9  -5.9886122347217659E-014
           2          10   9.1780576537820511E-015
           2          11  -3.1588337556042995E-014
           2          12   1.7839171149824263E-014
           2          13  -1.5808660346823529E-014
           2          14  -1.1673584600972782     
           2          15   4.9195108667392739E-014
           2          16  -1.1673584600972768     
           2          17  -9.2745094942854161E-015
           2          18  -2.6287100626047069E-014
           2          19  -1.1673584600972537     
           3           1  0.65255268468588146     
           3           2   4.8321283290498078     
           3           3   10.448335642858506     
           3           4 -0.25141478932049932     
           3           5   2.5156103631519996E-014
           3           6   5.7857712910842916E-015
           3           7  -1.1191968730708957E-013
           3           8  -4.4882741481225542E-014
           3           9  -3.8154293246259394E-014
           3          10   7.7906328386486154E-015
           3          11  -6.4970467117230926E-014
           3          12  -1.1356759438102311E-014
           3          13  -2.6883408182366744E-014
           3          14  -2.2567860342850508     
           3          15   5.9806286809521891E-014
           3          16  -2.2567860342851014     
           3          17  -2.6447635315757727E-015
           3          18  -4.1045069790122985E-014
           3          19  -2.2567860342850250     
           4           1  -5.7696264210857651E-003
           4           2  -8.0077242182389624E-002
           4           3 -0.25141478932049932     
           4           4   2.9620222000310368E-002
           4           5   1.4199261292477650E-015
           4           6   8.8528887670982639E-015
           4           7   4.0126968910646598E-015
           4           8  -3.6316977986812500E-015
           4           9  -6.5892620474823667E-015
           4          10  -1.5436123195929433E-014
           4          11  -1.7591517958472864E-015
           4          12   1.0009965971180274E-016
           4          13  -1.3902510067255146E-015
           4          14   7.3130791916057772E-002
           4          15  -4.1784153437594419E-017
           4          16   7.3130791916053983E-002
           4          17   2.4307711257268435E-015
           4          18  -2.5881840821186653E-017
           4          19   7.3130791916058577E-002
           5           1   6.7741181063480024E-015
           5           2   3.2886638802707338E-014
           5           3   2.5156103631519996E-014
           5           4   1.4199261292477650E-015
           5           5   2.1773657013950034     
           5           6   1.6653345369378208E-015
           5           7   5.8980598183324840E-017
           5           8 -0.48883388517583459     
           5           9  -9.9746599868857362E-017
           5          10  -4.4408920985057419E-016
           5          11   9.3944969978349099E-002
           5          12  -9.6846359057274014E-016
           5          13   2.1656938395386616E-016
           5          14  -5.1556584944434303E-015
           5          15  -1.8735938613989534E-017
           5          16  -6.4584170132966169E-015
           5          17  -4.7765090711314963E-016
           5          18  -7.0188109380541992E-016
           5          19  -6.0799605545330584E-015
           6           1   1.9980022715561056E-015
           6           2   1.4091117420878547E-014
           6           3   5.7857712910842916E-015
           6           4   8.8528887670982639E-015
           6           5   1.6653345369378208E-015
           6           6   2.1773657013950034     
           6           7   2.9143354396412138E-015
           6           8   1.4745149545799297E-015
           6           9 -0.48883388517583459     
           6          10  -7.6822229133640917E-015
           6          11  -2.5518595483251549E-015
           6          12   9.3944969978349974E-002
           6          13  -3.4080811089911121E-015
           6          14  -4.1599565985521047E-015
           6          15  -2.5051966860298338E-016
           6          16   5.6731864018473088E-015
           6          17   6.2833779320929367E-015
           6          18   1.5017788265646109E-015
           6          19   1.4419845450675381E-016
           7           1  -5.7318679634928868E-014
           7           2  -2.3503368586609228E-013
           7           3  -1.1191968730708957E-013
           7           4   4.0126968910646598E-015
           7           5   5.8980598183324840E-017
           7           6   2.9143354396412138E-015
           7           7   2.1773657013949999     
           7           8   3.4694469514834777E-018
           7           9  -1.2047654540662874E-015
           7          10 -0.48883388517582838     
           7          11   8.8308266948502377E-017
           7          12   1.6315074291560561E-015
           7          13   9.3944969978345338E-002
           7          14   4.3735169708167109E-014
           7          15  -3.4663110032937465E-016
           7          16   4.4913978019590362E-014
           7          17   1.1654256446502432E-015
           7          18  -2.4947298642183211E-015
           7          19   4.0906531835883136E-014
           8           1   2.7698260283207599E-015
           8           2  -9.7341557615474828E-015
           8           3  -4.4882741481225542E-014
           8           4  -3.6316977986812500E-015
           8           5 -0.48883388517583459     
           8           6   1.4745149545799297E-015
           8           7   3.4694469514834777E-018
           8           8   1.1773382412829621     
           8           9   1.9765547705504905E-015
           8          10   9.7795035960313624E-017
           8          11  -3.5004417529568066E-002
           8          12  -3.0962374591295287E-015
           8          13   4.5894277961358409E-016
           8          14   4.3898139304351936E-015
           8          15  -9.2497903297790226E-016
           8          16   4.8769500456117061E-015
           8          17  -1.5522442548297283E-015
           8          18   1.1178747082224007E-015
           8          19   5.3720840172108044E-015
           9           1  -1.4848606324422549E-014
           9           2  -5.9886122347217659E-014
           9           3  -3.8154293246259394E-014
           9           4  -6.5892620474823667E-015
           9           5  -9.9746599868857362E-017
           9           6 -0.48883388517583459     
           9           7  -1.2047654540662874E-015
           9           8   1.9765547705504905E-015
           9           9   1.1773382412829640     
           9          10   5.7375436866864464E-015
           9          11  -1.5032463121504076E-015
           9          12  -3.5004417529570453E-002
           9          13   1.9823416996457351E-015
           9          14   8.7326564984932150E-015
           9          15   4.4395131235414253E-016
           9          16   5.1020211791872688E-016
           9          17  -5.9171231971994503E-015
           9          18   4.8371969132193275E-015
           9          19   7.4198825269358202E-015
          10           1   9.4911583641398179E-016
          10           2   9.1780576537820511E-015
          10           3   7.7906328386486154E-015
          10           4  -1.5436123195929433E-014
          10           5  -4.4408920985057419E-016
          10           6  -7.6822229133640917E-015
          10           7 -0.48883388517582838     
          10           8   9.7795035960313624E-017
          10           9   5.7375436866864464E-015
          10          10   1.1773382412829507     
          10          11  -4.1807919973193594E-015
          10          12  -9.6265362218081113E-015
          10          13  -3.5004417529560738E-002
          10          14  -1.4679832329112390E-014
          10          15   4.5319556189487678E-017
          10          16  -2.5583702095510980E-014
          10          17  -8.3325114867861853E-015
          10          18   7.9457216355175698E-015
          10          19  -1.4083857829337745E-014
          11           1  -6.3525270840852176E-015
          11           2  -3.1588337556042995E-014
          11           3  -6.4970467117230926E-014
          11           4  -1.7591517958472864E-015
          11           5   9.3944969978349099E-002
          11           6  -2.5518595483251549E-015
          11           7   8.8308266948502377E-017
          11           8  -3.5004417529568066E-002
          11           9  -1.5032463121504076E-015
          11          10  -4.1807919973193594E-015
          11          11   4.4772028949241396E-003
          11          12  -1.2871851479630563E-016
          11          13   6.8081120168953579E-017
          11          14   1.1194006037192366E-014
          11          15   1.2752187642496094E-017
          11          16   1.1144570072031137E-014
          11          17   6.7006477944409496E-018
          11          18  -3.8793404368305869E-017
          11          19   1.1145668327621759E-014
          12           1   7.8506910610319937E-015
          12           2   1.7839171149824263E-014
          12           3  -1.1356759438102311E-014
          12           4   1.0009965971180274E-016
          12           5  -9.6846359057274014E-016
          12           6   9.3944969978349974E-002
          12           7   1.6315074291560561E-015
          12           8  -3.0962374591295287E-015
          12           9  -3.5004417529570453E-002
          12          10  -9.6265362218081113E-015
          12          11  -1.2871851479630563E-016
          12          12   4.4772028949242610E-003
          12          13  -4.6546154517387398E-017
          12          14  -6.0555409489612536E-016
          12          15  -3.9020429193741698E-017
          12          16  -7.1592656335473632E-017
          12          17   3.9418871782766451E-016
          12          18   3.1972341538284413E-017
          12          19  -3.9988739500019243E-016
          13           1  -6.7363150818199055E-016
          13           2  -1.5808660346823529E-014
          13           3  -2.6883408182366744E-014
          13           4  -1.3902510067255146E-015
          13           5   2.1656938395386616E-016
          13           6  -3.4080811089911121E-015
          13           7   9.3944969978345338E-002
          13           8   4.5894277961358409E-016
          13           9   1.9823416996457351E-015
          13          10  -3.5004417529560738E-002
          13          11   6.8081120168953579E-017
          13          12  -4.6546154517387398E-017
          13          13   4.4772028949236955E-003
          13          14   4.4037700252654258E-015
          13          15  -9.5000967385453025E-018
          13          16   4.5888604467201870E-015
          13          17   1.3654460275212178E-016
          13          18  -1.9527672275169417E-016
          13          19   4.3096911432726871E-015
          14           1 -0.17434152770818331     
          14           2  -1.1673584600972782     
          14           3  -2.2567860342850508     
          14           4   7.3130791916057772E-002
          14           5  -5.1556584944434303E-015
          14           6  -4.1599565985521047E-015
          14           7   4.3735169708167109E-014
          14           8   4.3898139304351936E-015
          14           9   8.7326564984932150E-015
          14          10  -1.4679832329112390E-014
          14          11   1.1194006037192366E-014
          14          12  -6.0555409489612536E-016
          14          13   4.4037700252654258E-015
          14          14  0.51543833648128112     
          14          15  -1.3870701329779695E-014
          14          16  0.51543833648128490     
          14          17   3.6481373983310605E-015
          14          18   8.7882852053908900E-015
          14          19  0.51543833648127546     
          15           1   1.1177449308547069E-014
          15           2   4.9195108667392739E-014
          15           3   5.9806286809521891E-014
          15           4  -4.1784153437594419E-017
          15           5  -1.8735938613989534E-017
          15           6  -2.5051966860298338E-016
          15           7  -3.4663110032937465E-016
          15           8  -9.2497903297790226E-016
          15           9   4.4395131235414253E-016
          15          10   4.5319556189487678E-017
          15          11   1.2752187642496094E-017
          15          12  -3.9020429193741698E-017
          15          13  -9.5000967385453025E-018
          15          14  -1.3870701329779695E-014
          15          15   9.0799195216933120E-028
          15          16  -1.3870701329779703E-014
          15          17  -1.4125997412128939E-028
          15          18  -4.9887519650244592E-028
          15          19  -1.3870701329779211E-014
          16           1 -0.17434152770817768     
          16           2  -1.1673584600972768     
          16           3  -2.2567860342851014     
          16           4   7.3130791916053983E-002
          16           5  -6.4584170132966169E-015
          16           6   5.6731864018473088E-015
          16           7   4.4913978019590362E-014
          16           8   4.8769500456117061E-015
          16           9   5.1020211791872688E-016
          16          10  -2.5583702095510980E-014
          16          11   1.1144570072031137E-014
          16          12  -7.1592656335473632E-017
          16          13   4.5888604467201870E-015
          16          14  0.51543833648128490     
          16          15  -1.3870701329779703E-014
          16          16  0.51543833648128878     
          16          17   3.6481373983303876E-015
          16          18   8.7882852053909815E-015
          16          19  0.51543833648127935     
          17           1  -3.9421675065563827E-015
          17           2  -9.2745094942854161E-015
          17           3  -2.6447635315757727E-015
          17           4   2.4307711257268435E-015
          17           5  -4.7765090711314963E-016
          17           6   6.2833779320929367E-015
          17           7   1.1654256446502432E-015
          17           8  -1.5522442548297283E-015
          17           9  -5.9171231971994503E-015
          17          10  -8.3325114867861853E-015
          17          11   6.7006477944409496E-018
          17          12   3.9418871782766451E-016
          17          13   1.3654460275212178E-016
          17          14   3.6481373983310605E-015
          17          15  -1.4125997412128939E-028
          17          16   3.6481373983303876E-015
          17          17   5.0011909542441422E-028
          17          18  -5.2307465804508447E-029
          17          19   3.6481373983310747E-015
          18           1  -5.0987226056367295E-015
          18           2  -2.6287100626047069E-014
          18           3  -4.1045069790122985E-014
          18           4  -2.5881840821186653E-017
          18           5  -7.0188109380541992E-016
          18           6   1.5017788265646109E-015
          18           7  -2.4947298642183211E-015
          18           8   1.1178747082224007E-015
          18           9   4.8371969132193275E-015
          18          10   7.9457216355175698E-015
          18          11  -3.8793404368305869E-017
          18          12   3.1972341538284413E-017
          18          13  -1.9527672275169417E-016
          18          14   8.7882852053908900E-015
          18          15  -4.9887519650244592E-028
          18          16   8.7882852053909815E-015
          18          17  -5.2307465804508447E-029
          18          18   3.8114948119472690E-028
          18          19   8.7882852053906265E-015
          19           1 -0.17434152770817973     
          19           2  -1.1673584600972537     
          19           3  -2.2567860342850250     
          19           4   7.3130791916058577E-002
          19           5  -6.0799605545330584E-015
          19           6   1.4419845450675381E-016
          19           7   4.0906531835883136E-014
          19           8   5.3720840172108044E-015
          19           9   7.4198825269358202E-015
          19          10  -1.4083857829337745E-014
          19          11   1.1145668327621759E-014
          19          12  -3.9988739500019243E-016
          19          13   4.3096911432726871E-015
          19          14  0.51543833648127546     
          19          15  -1.3870701329779211E-014
          19          16  0.51543833648127935     
          19          17   3.6481373983310747E-015
          19          18   8.7882852053906265E-015
          19          19  0.51543833648126991     
