           1           1   2.1695864785285215     
           1           2  0.63832063771989889     
           1           3   3.6882561188465009E-002
           1           4   6.2533003501883483E-002
           1           5   1.4309683583933875E-012
           1           6   1.7547382533569177E-012
           1           7   1.0358993529485044E-012
           1           8   1.8388189773411790E-013
           1           9   6.0215047056303277E-013
           1          10  -3.4845810834961848E-013
           1          11   9.2786261799212479E-013
           1          12  -9.0011956825215002E-013
           1          13   5.2878076944110116E-013
           1          14   2.2029090320311438E-002
           1          15   1.8427046368547732E-013
           1          16   2.2029090320973714E-002
           1          17  -2.4418729550492440E-013
           1          18  -5.0784602617251477E-014
           1          19   2.2029090320616496E-002
           2           1  0.63832063771989889     
           2           2   2.5736867804039196     
           2           3  0.62029539023914892     
           2           4  0.37724171917947175     
           2           5   4.8356323945685514E-012
           2           6   5.7835818856896015E-012
           2           7   3.4047775203487656E-012
           2           8   3.8475934785137301E-013
           2           9   2.0131560021931466E-012
           2          10  -1.2712846134243421E-012
           2          11   3.3974467950546175E-012
           2          12  -2.6917216548360746E-012
           2          13   1.9073610822146348E-012
           2          14   1.9667528412314516E-002
           2          15   6.0326775742288418E-013
           2          16   1.9667528415037556E-002
           2          17  -8.6829049601105641E-013
           2          18  -1.8944000494149592E-013
           2          19   1.9667528413314306E-002
           3           1   3.6882561188465009E-002
           3           2  0.62029539023914892     
           3           3  0.99095671961857490     
           3           4  0.53288536296748190     
           3           5  -7.6888479604259528E-013
           3           6  -1.3668534391509387E-012
           3           7  -7.4879723163411828E-013
           3           8  -6.6324049863715713E-013
           3           9  -1.6472616007682759E-013
           3          10   2.2641783287907900E-013
           3          11   2.5661367814444370E-013
           3          12   9.2457341504102000E-013
           3          13   5.2308834814277081E-013
           3          14   3.3527371287158804E-002
           3          15  -7.3166172435041290E-014
           3          16   3.3527371287083947E-002
           3          17   9.4865872911579104E-015
           3          18   8.8554954518337526E-015
           3          19   3.3527371287122389E-002
           4           1   6.2533003501883483E-002
           4           2  0.37724171917947175     
           4           3  0.53288536296748190     
           4           4  0.28829004962135779     
           4           5   3.1366215506820021E-013
           4           6   1.0985247218485620E-013
           4           7   7.9164252896830174E-013
           4           8   2.6842338311703137E-014
           4           9  -3.6309119935428265E-013
           4          10  -1.6222325090057009E-013
           4          11   6.4832646069736433E-013
           4          12  -7.3433489450544507E-014
           4          13  -1.2141611798132973E-013
           4          14   1.7975743675465020E-002
           4          15  -2.5999250728764067E-014
           4          16   1.7975743675479196E-002
           4          17  -1.2689280103483232E-014
           4          18   9.6758053059240470E-016
           4          19   1.7975743675466310E-002
           5           1   1.4309683583933875E-012
           5           2   4.8356323945685514E-012
           5           3  -7.6888479604259528E-013
           5           4   3.1366215506820021E-013
           5           5   2.0073487880236627     
           5           6   2.3054474995732694E-014
           5           7   9.7282235435659275E-014
           5           8  -3.5899101820695625E-002
           5           9  -2.3555810080280673E-014
           5          10  -3.9310975264912391E-014
           5          11 -0.17756339318921813     
           5          12   3.7615743853101229E-014
           5          13   9.5116514491212590E-015
           5          14   3.8560199187190493E-013
           5          15   2.7910980146201363E-014
           5          16   1.9703958443910968E-013
           5          17  -6.0655585459079620E-014
           5          18  -1.0584975166934925E-013
           5          19   1.0909220244499468E-013
           6           1   1.7547382533569177E-012
           6           2   5.7835818856896015E-012
           6           3  -1.3668534391509387E-012
           6           4   1.0985247218485620E-013
           6           5   2.3054474995732694E-014
           6           6   2.0073487880236129     
           6           7   1.4542750684243160E-013
           6           8   1.9211021662358913E-013
           6           9  -3.5899101820380155E-002
           6          10  -2.8841187250931581E-014
           6          11  -2.2863980674024574E-013
           6          12 -0.17756339318947678     
           6          13  -8.5354900231085732E-014
           6          14   3.1578317178567248E-013
           6          15   1.9233305615278865E-013
           6          16   5.2302968167139022E-013
           6          17   5.7745640622192906E-014
           6          18   1.3767278564809018E-013
           6          19   3.1067234996539879E-013
           7           1   1.0358993529485044E-012
           7           2   3.4047775203487656E-012
           7           3  -7.4879723163411828E-013
           7           4   7.9164252896830174E-013
           7           5   9.7282235435659275E-014
           7           6   1.4542750684243160E-013
           7           7   2.0073487880235046     
           7           8  -4.5306317833680717E-013
           7           9  -3.4721932360566149E-013
           7          10  -3.5899101820496576E-002
           7          11   5.6689407942203420E-013
           7          12   3.1476297263075486E-013
           7          13 -0.17756339318956754     
           7          14  -4.9189905016011328E-014
           7          15  -2.1598245185565622E-013
           7          16   9.8093479727126468E-014
           7          17   3.2333482323625444E-014
           7          18   6.2722977553951706E-014
           7          19   5.2339913901023518E-015
           8           1   1.8388189773411790E-013
           8           2   3.8475934785137301E-013
           8           3  -6.6324049863715713E-013
           8           4   2.6842338311703137E-014
           8           5  -3.5899101820695625E-002
           8           6   1.9211021662358913E-013
           8           7  -4.5306317833680717E-013
           8           8  0.21797951188411391     
           8           9  -1.7740529097714274E-014
           8          10   9.4112543281208064E-015
           8          11  0.30838836641277872     
           8          12  -6.0251317010387321E-014
           8          13   2.4778627502658717E-015
           8          14  -4.5814118697280735E-013
           8          15  -4.5893175985218805E-013
           8          16   4.2905767049127967E-013
           8          17  -2.1838827399387578E-013
           8          18  -2.3375272106414505E-014
           8          19   4.0806601550728864E-013
           9           1   6.0215047056303277E-013
           9           2   2.0131560021931466E-012
           9           3  -1.6472616007682759E-013
           9           4  -3.6309119935428265E-013
           9           5  -2.3555810080280673E-014
           9           6  -3.5899101820380155E-002
           9           7  -3.4721932360566149E-013
           9           8  -1.7740529097714274E-014
           9           9  0.21797951188417045     
           9          10  -2.6119026646306834E-014
           9          11   2.2919647679454082E-014
           9          12  0.30838836641275780     
           9          13  -8.4312575366789927E-015
           9          14   3.2366505932639905E-013
           9          15  -4.7017126988161168E-013
           9          16  -4.4367769092227617E-013
           9          17  -8.3112762237771705E-015
           9          18  -2.3568308260746414E-013
           9          19   3.4089930133380106E-013
          10           1  -3.4845810834961848E-013
          10           2  -1.2712846134243421E-012
          10           3   2.2641783287907900E-013
          10           4  -1.6222325090057009E-013
          10           5  -3.9310975264912391E-014
          10           6  -2.8841187250931581E-014
          10           7  -3.5899101820496576E-002
          10           8   9.4112543281208064E-015
          10           9  -2.6119026646306834E-014
          10          10  0.21797951188413028     
          10          11   4.4950534180475161E-014
          10          12   7.0540903848870266E-015
          10          13  0.30838836641277423     
          10          14   1.5583771649843915E-013
          10          15  -1.0863041998071445E-014
          10          16   1.5692817043773693E-013
          10          17  -4.8229734453512007E-013
          10          18  -4.7580703254111955E-013
          10          19  -2.0486075998067067E-013
          11           1   9.2786261799212479E-013
          11           2   3.3974467950546175E-012
          11           3   2.5661367814444370E-013
          11           4   6.4832646069736433E-013
          11           5 -0.17756339318921813     
          11           6  -2.2863980674024574E-013
          11           7   5.6689407942203420E-013
          11           8  0.30838836641277872     
          11           9   2.2919647679454082E-014
          11          10   4.4950534180475161E-014
          11          11  0.44433230913531702     
          11          12   1.0613194927444091E-014
          11          13  -3.4044344627230929E-014
          11          14  -6.0450744326422663E-013
          11          15  -6.4634719380325941E-013
          11          16   6.5385458250857308E-013
          11          17  -3.0267293767757846E-013
          11          18  -2.5825832311723648E-014
          11          19   6.2986007391722123E-013
          12           1  -9.0011956825215002E-013
          12           2  -2.6917216548360746E-012
          12           3   9.2457341504102000E-013
          12           4  -7.3433489450544507E-014
          12           5   3.7615743853101229E-014
          12           6 -0.17756339318947678     
          12           7   3.1476297263075486E-013
          12           8  -6.0251317010387321E-014
          12           9  0.30838836641275780     
          12          10   7.0540903848870266E-015
          12          11   1.0613194927444091E-014
          12          12  0.44433230913523741     
          12          13   2.2398346335883302E-015
          12          14   4.8328028035104571E-013
          12          15  -6.7273110930530280E-013
          12          16  -6.0781598517410507E-013
          12          17  -1.5451854191782777E-014
          12          18  -3.3999511268135281E-013
          12          19   5.0773844970926170E-013
          13           1   5.2878076944110116E-013
          13           2   1.9073610822146348E-012
          13           3   5.2308834814277081E-013
          13           4  -1.2141611798132973E-013
          13           5   9.5116514491212590E-015
          13           6  -8.5354900231085732E-014
          13           7 -0.17756339318956754     
          13           8   2.4778627502658717E-015
          13           9  -8.4312575366789927E-015
          13          10  0.30838836641277423     
          13          11  -3.4044344627230929E-014
          13          12   2.2398346335883302E-015
          13          13  0.44433230913535410     
          13          14   2.3637945853476866E-013
          13          15  -1.4156945878784192E-015
          13          16   2.2881615543066017E-013
          13          17  -6.7904459865079989E-013
          13          18  -6.7165338293289684E-013
          13          19  -2.7371544555159136E-013
          14           1   2.2029090320311438E-002
          14           2   1.9667528412314516E-002
          14           3   3.3527371287158804E-002
          14           4   1.7975743675465020E-002
          14           5   3.8560199187190493E-013
          14           6   3.1578317178567248E-013
          14           7  -4.9189905016011328E-014
          14           8  -4.5814118697280735E-013
          14           9   3.2366505932639905E-013
          14          10   1.5583771649843915E-013
          14          11  -6.0450744326422663E-013
          14          12   4.8328028035104571E-013
          14          13   2.3637945853476866E-013
          14          14   1.6713928590850013E-003
          14          15  -2.6160789866072283E-015
          14          16   1.6713928590812838E-003
          14          17  -1.5018773763718808E-016
          14          18   5.6789036504586908E-016
          14          19   1.6713928590838163E-003
          15           1   1.8427046368547732E-013
          15           2   6.0326775742288418E-013
          15           3  -7.3166172435041290E-014
          15           4  -2.5999250728764067E-014
          15           5   2.7910980146201363E-014
          15           6   1.9233305615278865E-013
          15           7  -2.1598245185565622E-013
          15           8  -4.5893175985218805E-013
          15           9  -4.7017126988161168E-013
          15          10  -1.0863041998071445E-014
          15          11  -6.4634719380325941E-013
          15          12  -6.7273110930530280E-013
          15          13  -1.4156945878784192E-015
          15          14  -2.6160789866072283E-015
          15          15   2.3034480141629243E-024
          15          16  -2.6160789855955615E-015
          15          17   4.7739461184494883E-026
          15          18   5.7648475979953094E-025
          15          19  -2.6160789880474232E-015
          16           1   2.2029090320973714E-002
          16           2   1.9667528415037556E-002
          16           3   3.3527371287083947E-002
          16           4   1.7975743675479196E-002
          16           5   1.9703958443910968E-013
          16           6   5.2302968167139022E-013
          16           7   9.8093479727126468E-014
          16           8   4.2905767049127967E-013
          16           9  -4.4367769092227617E-013
          16          10   1.5692817043773693E-013
          16          11   6.5385458250857308E-013
          16          12  -6.0781598517410507E-013
          16          13   2.2881615543066017E-013
          16          14   1.6713928590812838E-003
          16          15  -2.6160789855955615E-015
          16          16   1.6713928590775663E-003
          16          17  -1.5018774066347782E-016
          16          18   5.6789036571303715E-016
          16          19   1.6713928590800988E-003
          17           1  -2.4418729550492440E-013
          17           2  -8.6829049601105641E-013
          17           3   9.4865872911579104E-015
          17           4  -1.2689280103483232E-014
          17           5  -6.0655585459079620E-014
          17           6   5.7745640622192906E-014
          17           7   3.2333482323625444E-014
          17           8  -2.1838827399387578E-013
          17           9  -8.3112762237771705E-015
          17          10  -4.8229734453512007E-013
          17          11  -3.0267293767757846E-013
          17          12  -1.5451854191782777E-014
          17          13  -6.7904459865079989E-013
          17          14  -1.5018773763718808E-016
          17          15   4.7739461184494883E-026
          17          16  -1.5018774066347782E-016
          17          17   2.2522922772408861E-024
          17          18   1.1384204408184779E-024
          17          19  -1.5018773837315512E-016
          18           1  -5.0784602617251477E-014
          18           2  -1.8944000494149592E-013
          18           3   8.8554954518337526E-015
          18           4   9.6758053059240470E-016
          18           5  -1.0584975166934925E-013
          18           6   1.3767278564809018E-013
          18           7   6.2722977553951706E-014
          18           8  -2.3375272106414505E-014
          18           9  -2.3568308260746414E-013
          18          10  -4.7580703254111955E-013
          18          11  -2.5825832311723648E-014
          18          12  -3.3999511268135281E-013
          18          13  -6.7165338293289684E-013
          18          14   5.6789036504586908E-016
          18          15   5.7648475979953094E-025
          18          16   5.6789036571303715E-016
          18          17   1.1384204408184779E-024
          18          18   1.3935837710858918E-024
          18          19   5.6789036568068932E-016
          19           1   2.2029090320616496E-002
          19           2   1.9667528413314306E-002
          19           3   3.3527371287122389E-002
          19           4   1.7975743675466310E-002
          19           5   1.0909220244499468E-013
          19           6   3.1067234996539879E-013
          19           7   5.2339913901023518E-015
          19           8   4.0806601550728864E-013
          19           9   3.4089930133380106E-013
          19          10  -2.0486075998067067E-013
          19          11   6.2986007391722123E-013
          19          12   5.0773844970926170E-013
          19          13  -2.7371544555159136E-013
          19          14   1.6713928590838163E-003
          19          15  -2.6160789880474232E-015
          19          16   1.6713928590800988E-003
          19          17  -1.5018773837315512E-016
          19          18   5.6789036568068932E-016
          19          19   1.6713928590826317E-003
