           1           1   2.2005549656266572     
           1           2  0.86032163256507843     
           1           3 -0.55936287512851379     
           1           4  -2.3229540277973845E-002
           1           5  -5.0964437536110780E-013
           1           6   5.0118244599055954E-013
           1           7   4.3623191282890460E-013
           1           8  -2.7305919149172861E-015
           1           9  -3.5325538479986187E-014
           1          10   4.8906901888146566E-015
           1          11   2.2378276342501042E-014
           1          12  -1.9876620295732596E-014
           1          13   7.1208726326583173E-015
           1          14  0.14271577198075230     
           1          15  -2.9326784105719047E-014
           1          16  0.14271577198066826     
           1          17  -3.4087110022956022E-014
           1          18  -2.5300555927634057E-014
           1          19  0.14271577198072052     
           2           1  0.86032163256507843     
           2           2   4.1274244282088457     
           2           3  -4.0742784191215460     
           2           4 -0.13154448198301866     
           2           5  -1.9226963914842566E-012
           2           6   1.8446857567692344E-012
           2           7   1.5986420548126589E-012
           2           8   5.7812414266995706E-014
           2           9  -1.4537914042056309E-013
           2          10  -1.3428019334859618E-014
           2          11   1.0818734741130315E-013
           2          12  -7.9584405526968004E-014
           2          13   3.3842961064774859E-014
           2          14  0.92730937994179341     
           2          15  -1.0600703985903814E-013
           2          16  0.92730937994148854     
           2          17  -1.3516798220150309E-013
           2          18  -1.0328255108438284E-013
           2          19  0.92730937994168550     
           3           1 -0.55936287512851379     
           3           2  -4.0742784191215460     
           3           3   7.9664903682347683     
           3           4  0.18257877334636791     
           3           5   5.9396675400259510E-013
           3           6  -4.6099619579940215E-013
           3           7  -3.6370642664376310E-013
           3           8  -2.7372967986909922E-013
           3           9   1.4759197582090139E-013
           3          10   2.2023683527990032E-013
           3          11  -1.0575851258993801E-013
           3          12   7.3121999531457354E-014
           3          13  -2.6662470500329425E-014
           3          14  -1.5855359031675627     
           3          15   4.9414466201371184E-014
           3          16  -1.5855359031674598     
           3          17   3.0533013574053220E-014
           3          18   3.1376029953028277E-014
           3          19  -1.5855359031674789     
           4           1  -2.3229540277973845E-002
           4           2 -0.13154448198301866     
           4           3  0.18257877334636791     
           4           4   3.7487570981161740E-002
           4           5   1.5569386700446701E-014
           4           6  -4.3503199626328014E-014
           4           7  -4.9584912968565591E-014
           4           8  -3.8316197103570190E-014
           4           9  -5.1038492250688544E-014
           4          10  -6.9385427448997127E-014
           4          11   6.0153375431062543E-015
           4          12  -4.3217805731729997E-014
           4          13  -4.8114601260886974E-014
           4          14  -1.4434971040334131E-002
           4          15   6.7473647652615125E-017
           4          16  -1.4434971040328006E-002
           4          17   1.1165006062485333E-015
           4          18   1.7610447480080310E-015
           4          19  -1.4434971040333304E-002
           5           1  -5.0964437536110780E-013
           5           2  -1.9226963914842566E-012
           5           3   5.9396675400259510E-013
           5           4   1.5569386700446701E-014
           5           5   2.1843039639947124     
           5           6  -1.1180656584390981E-002
           5           7  -1.2114082553997631E-002
           5           8  0.48531880156886981     
           5           9  -2.8237388044703705E-002
           5          10  -3.0594808748565943E-002
           5          11  -6.2859930304832459E-002
           5          12  -1.5932814358168297E-002
           5          13  -1.7262977983056180E-002
           5          14  -2.4087067818992398E-013
           5          15  -3.5101018085085788E-015
           5          16  -2.5550001237684150E-013
           5          17   3.0710301242204288E-015
           5          18  -4.6219853445239130E-015
           5          19  -2.5588550179456083E-013
           6           1   5.0118244599055954E-013
           6           2   1.8446857567692344E-012
           6           3  -4.6099619579940215E-013
           6           4  -4.3503199626328014E-014
           6           5  -1.1180656584390981E-002
           6           6   2.2186571273731923     
           6           7   4.0816544623504175E-002
           6           8  -2.8237388044705998E-002
           6           9  0.57207968162626832     
           6          10  0.10308451927474133     
           6          11  -1.5932814358165782E-002
           6          12  -1.3905508836468489E-002
           6          13   5.8164958678383630E-002
           6          14   1.8879027904040596E-013
           6          15  -7.8373625329074900E-015
           6          16   1.8579869308737207E-013
           6          17  -1.7639157822369377E-014
           6          18   1.1249007659239530E-014
           6          19   1.8885927620169953E-013
           7           1   4.3623191282890460E-013
           7           2   1.5986420548126589E-012
           7           3  -3.6370642664376310E-013
           7           4  -4.9584912968565591E-014
           7           5  -1.2114082553997631E-002
           7           6   4.0816544623504175E-002
           7           7   2.2252097646787585     
           7           8  -3.0594808748563448E-002
           7           9  0.10308451927473834     
           7          10  0.58862874213242178     
           7          11  -1.7262977983049675E-002
           7          12   5.8164958678382866E-002
           7          13  -4.5677787167670569E-003
           7          14   1.5212994345909907E-013
           7          15  -1.9576221749731488E-014
           7          16   1.5642760336889272E-013
           7          17  -9.8928996420168660E-015
           7          18   1.0401256151505476E-014
           7          19   1.4781349030085842E-013
           8           1  -2.7305919149172861E-015
           8           2   5.7812414266995706E-014
           8           3  -2.7372967986909922E-013
           8           4  -3.8316197103570190E-014
           8           5  0.48531880156886981     
           8           6  -2.8237388044705998E-002
           8           7  -3.0594808748563448E-002
           8           8   1.1421432363559321     
           8           9  -7.1315139461520238E-002
           8          10  -7.7268940358372409E-002
           8          11   3.1161761298733409E-002
           8          12  -4.0239234456407980E-002
           8          13  -4.3598638812962096E-002
           8          14   1.0874200685884962E-014
           8          15   1.3142671835127227E-014
           8          16   6.3309276183881270E-015
           8          17   1.3250917385321735E-014
           8          18  -9.9189038728837004E-015
           8          19   9.9346918043165737E-015
           9           1  -3.5325538479986187E-014
           9           2  -1.4537914042056309E-013
           9           3   1.4759197582090139E-013
           9           4  -5.1038492250688544E-014
           9           5  -2.8237388044703705E-002
           9           6  0.57207968162626832     
           9           7  0.10308451927473834     
           9           8  -7.1315139461520238E-002
           9           9   1.3612628040476253     
           9          10  0.26034585269584731     
           9          11  -4.0239234456404212E-002
           9          12  0.15479895425536139     
           9          13  0.14689893177639168     
           9          14  -2.9679203780435458E-014
           9          15  -4.3011937547741369E-014
           9          16  -2.2062947496748684E-014
           9          17  -4.2506002796009626E-014
           9          18   3.6338407330382359E-014
           9          19  -2.7531374425633362E-014
          10           1   4.8906901888146566E-015
          10           2  -1.3428019334859618E-014
          10           3   2.2023683527990032E-013
          10           4  -6.9385427448997127E-014
          10           5  -3.0594808748565943E-002
          10           6  0.10308451927474133     
          10           7  0.58862874213242178     
          10           8  -7.7268940358372409E-002
          10           9  0.26034585269584731     
          10          10   1.4030584034169853     
          10          11  -4.3598638812953588E-002
          10          12  0.14689893177638894     
          10          13  0.17838192604745309     
          10          14  -4.9868481336338340E-014
          10          15  -4.7170538048133554E-014
          10          16  -4.0505921810283841E-014
          10          17  -4.5919585746877369E-014
          10          18   3.8339169691000093E-014
          10          19  -4.9526722700004422E-014
          11           1   2.2378276342501042E-014
          11           2   1.0818734741130315E-013
          11           3  -1.0575851258993801E-013
          11           4   6.0153375431062543E-015
          11           5  -6.2859930304832459E-002
          11           6  -1.5932814358165782E-002
          11           7  -1.7262977983049675E-002
          11           8   3.1161761298733409E-002
          11           9  -4.0239234456404212E-002
          11          10  -4.3598638812953588E-002
          11          11   1.0292349872345568E-002
          11          12  -2.2704800156932096E-002
          11          13  -2.4600328379381069E-002
          11          14   2.4555522593757797E-014
          11          15   7.8020503998524457E-015
          11          16   2.3029321844635479E-014
          11          17   7.4209585051536575E-015
          11          18  -5.7493913297282696E-015
          11          19   2.4693664344582701E-014
          12           1  -1.9876620295732596E-014
          12           2  -7.9584405526968004E-014
          12           3   7.3121999531457354E-014
          12           4  -4.3217805731729997E-014
          12           5  -1.5932814358168297E-002
          12           6  -1.3905508836468489E-002
          12           7   5.8164958678382866E-002
          12           8  -4.0239234456407980E-002
          12           9  0.15479895425536139     
          12          10  0.14689893177638894     
          12          11  -2.2704800156932096E-002
          12          12   8.0054058711158380E-002
          12          13   8.2887036354119190E-002
          12          14  -3.0300843127205639E-014
          12          15  -2.5562411252386232E-014
          12          16  -2.4220037913825456E-014
          12          17  -2.4734225665690094E-014
          12          18   1.9625327197435523E-014
          12          19  -2.9368743365119648E-014
          13           1   7.1208726326583173E-015
          13           2   3.3842961064774859E-014
          13           3  -2.6662470500329425E-014
          13           4  -4.8114601260886974E-014
          13           5  -1.7262977983056180E-002
          13           6   5.8164958678383630E-002
          13           7  -4.5677787167670569E-003
          13           8  -4.3598638812962096E-002
          13           9  0.14689893177639168     
          13          10  0.17838192604745309     
          13          11  -2.4600328379381069E-002
          13          12   8.2887036354119190E-002
          13          13   9.3360640431203235E-002
          13          14  -2.6821223811235279E-015
          13          15  -2.7439043808458299E-014
          13          16   3.7478693927549263E-015
          13          17  -2.7021619973082062E-014
          13          18   2.1286497260709571E-014
          13          19  -1.6099288004312315E-015
          14           1  0.14271577198075230     
          14           2  0.92730937994179341     
          14           3  -1.5855359031675627     
          14           4  -1.4434971040334131E-002
          14           5  -2.4087067818992398E-013
          14           6   1.8879027904040596E-013
          14           7   1.5212994345909907E-013
          14           8   1.0874200685884962E-014
          14           9  -2.9679203780435458E-014
          14          10  -4.9868481336338340E-014
          14          11   2.4555522593757797E-014
          14          12  -3.0300843127205639E-014
          14          13  -2.6821223811235279E-015
          14          14  0.34107509254681756     
          14          15  -1.4803709426745905E-014
          14          16  0.34107509254677815     
          14          17  -1.3803032694787004E-014
          14          18  -1.0133785599436099E-014
          14          19  0.34107509254679258     
          15           1  -2.9326784105719047E-014
          15           2  -1.0600703985903814E-013
          15           3   4.9414466201371184E-014
          15           4   6.7473647652615125E-017
          15           5  -3.5101018085085788E-015
          15           6  -7.8373625329074900E-015
          15           7  -1.9576221749731488E-014
          15           8   1.3142671835127227E-014
          15           9  -4.3011937547741369E-014
          15          10  -4.7170538048133554E-014
          15          11   7.8020503998524457E-015
          15          12  -2.5562411252386232E-014
          15          13  -2.7439043808458299E-014
          15          14  -1.4803709426745905E-014
          15          15   1.4427519008583716E-026
          15          16  -1.4803709426742566E-014
          15          17   1.3868616262620429E-026
          15          18  -6.7677839290030265E-028
          15          19  -1.4803709426746817E-014
          16           1  0.14271577198066826     
          16           2  0.92730937994148854     
          16           3  -1.5855359031674598     
          16           4  -1.4434971040328006E-002
          16           5  -2.5550001237684150E-013
          16           6   1.8579869308737207E-013
          16           7   1.5642760336889272E-013
          16           8   6.3309276183881270E-015
          16           9  -2.2062947496748684E-014
          16          10  -4.0505921810283841E-014
          16          11   2.3029321844635479E-014
          16          12  -2.4220037913825456E-014
          16          13   3.7478693927549263E-015
          16          14  0.34107509254677815     
          16          15  -1.4803709426742566E-014
          16          16  0.34107509254673879     
          16          17  -1.3803032694775202E-014
          16          18  -1.0133785599428710E-014
          16          19  0.34107509254675322     
          17           1  -3.4087110022956022E-014
          17           2  -1.3516798220150309E-013
          17           3   3.0533013574053220E-014
          17           4   1.1165006062485333E-015
          17           5   3.0710301242204288E-015
          17           6  -1.7639157822369377E-014
          17           7  -9.8928996420168660E-015
          17           8   1.3250917385321735E-014
          17           9  -4.2506002796009626E-014
          17          10  -4.5919585746877369E-014
          17          11   7.4209585051536575E-015
          17          12  -2.4734225665690094E-014
          17          13  -2.7021619973082062E-014
          17          14  -1.3803032694787004E-014
          17          15   1.3868616262620429E-026
          17          16  -1.3803032694775202E-014
          17          17   1.5493764993991682E-026
          17          18  -5.0557404302941423E-028
          17          19  -1.3803032694784151E-014
          18           1  -2.5300555927634057E-014
          18           2  -1.0328255108438284E-013
          18           3   3.1376029953028277E-014
          18           4   1.7610447480080310E-015
          18           5  -4.6219853445239130E-015
          18           6   1.1249007659239530E-014
          18           7   1.0401256151505476E-014
          18           8  -9.9189038728837004E-015
          18           9   3.6338407330382359E-014
          18          10   3.8339169691000093E-014
          18          11  -5.7493913297282696E-015
          18          12   1.9625327197435523E-014
          18          13   2.1286497260709571E-014
          18          14  -1.0133785599436099E-014
          18          15  -6.7677839290030265E-028
          18          16  -1.0133785599428710E-014
          18          17  -5.0557404302941423E-028
          18          18   1.0977852964269992E-026
          18          19  -1.0133785599436648E-014
          19           1  0.14271577198072052     
          19           2  0.92730937994168550     
          19           3  -1.5855359031674789     
          19           4  -1.4434971040333304E-002
          19           5  -2.5588550179456083E-013
          19           6   1.8885927620169953E-013
          19           7   1.4781349030085842E-013
          19           8   9.9346918043165737E-015
          19           9  -2.7531374425633362E-014
          19          10  -4.9526722700004422E-014
          19          11   2.4693664344582701E-014
          19          12  -2.9368743365119648E-014
          19          13  -1.6099288004312315E-015
          19          14  0.34107509254679258     
          19          15  -1.4803709426746817E-014
          19          16  0.34107509254675322     
          19          17  -1.3803032694784151E-014
          19          18  -1.0133785599436648E-014
          19          19  0.34107509254676777     
