           1           1   2.1610138230715008     
           1           2  0.61581963446852528     
           1           3   2.8940279491905536E-002
           1           4   5.6488294680266886E-002
           1           5   1.7268807866520849E-011
           1           6  -9.3037455724919505E-012
           1           7   1.1075546711711168E-011
           1           8  -6.1027774712703251E-013
           1           9   2.7345130435423649E-012
           1          10   9.3448926887697199E-014
           1          11  -1.3563331315444855E-011
           1          12   6.7478562641432538E-012
           1          13  -1.4084892949084108E-011
           1          14   2.2394043960026269E-002
           1          15   1.2199848333174605E-005
           1          16   2.2384984605900243E-002
           1          17  -1.2618810095477726E-005
           1          18  -8.3196142309602695E-006
           1          19   2.2385471251353699E-002
           2           1  0.61581963446852528     
           2           2   2.5029027305636022     
           2           3  0.56378513457326107     
           2           4  0.33012721964960234     
           2           5   5.3980376484062942E-011
           2           6  -2.3259484537329972E-011
           2           7   4.3516717984581975E-011
           2           8  -1.3309161283541524E-011
           2           9   1.5330417359488147E-011
           2          10  -1.1027386831177197E-011
           2          11  -7.5178497307555197E-011
           2          12   3.4503748011647759E-011
           2          13  -8.1854392307954504E-011
           2          14   2.2748793220102103E-002
           2          15   4.4283840553523655E-004
           2          16   2.2419949218621695E-002
           2          17  -4.5804683476859988E-004
           2          18  -3.0199038857105578E-004
           2          19   2.2437614574121943E-002
           3           1   2.8940279491905536E-002
           3           2  0.56378513457326107     
           3           3  0.96902230119702937     
           3           4  0.49827205103732408     
           3           5   6.4147656742561054E-012
           3           6   9.2226006914382674E-012
           3           7   4.3542786407439590E-011
           3           8  -1.3037328392979376E-010
           3           9   9.8229658537600089E-011
           3          10  -9.8176472735357771E-011
           3          11  -2.3926726437473077E-010
           3          12   1.5668116844917047E-010
           3          13  -2.0785639553742350E-010
           3          14   4.1620596364080789E-002
           3          15   1.6857774888174443E-003
           3          16   4.0368767020210937E-002
           3          17  -1.7436725727459808E-003
           3          18  -1.1496032358365594E-003
           3          19   4.0436015063118294E-002
           4           1   5.6488294680266886E-002
           4           2  0.33012721964960234     
           4           3  0.49827205103732408     
           4           4  0.25748339930504999     
           4           5  -1.0079898081475986E-010
           4           6   8.8409928765137484E-011
           4           7  -6.4646450835211254E-011
           4           8   1.6644191903093805E-010
           4           9  -1.4773423428494159E-010
           4          10   9.9676808706649739E-011
           4          11   2.3874784808378133E-010
           4          12  -2.2717889730845964E-010
           4          13   1.2634759601945680E-010
           4          14   2.1658650193050487E-002
           4          15   5.4632675047530839E-004
           4          16   2.1252957473380758E-002
           4          17  -5.6508934300606752E-004
           4          18  -3.7256345490301220E-004
           4          19   2.1274751170319309E-002
           5           1   1.7268807866520849E-011
           5           2   5.3980376484062942E-011
           5           3   6.4147656742561054E-012
           5           4  -1.0079898081475986E-010
           5           5   1.9746008085951412     
           5           6  -1.8781402486836879E-002
           5           7   1.9426417898862149E-002
           5           8   2.9934323318183659E-002
           5           9   3.6316418511506111E-002
           5          10  -3.7563647560334257E-002
           5          11  -8.5442098419327789E-002
           5          12   5.2670135965815892E-002
           5          13  -5.4479007722750029E-002
           5          14  -7.2167843224975262E-012
           5          15   6.1942232584609785E-014
           5          16   8.4657225930647675E-011
           5          17   4.6945575976237092E-012
           5          18   3.3663494924592404E-011
           5          19   4.1958773381523064E-012
           6           1  -9.3037455724919505E-012
           6           2  -2.3259484537329972E-011
           6           3   9.2226006914382674E-012
           6           4   8.8409928765137484E-011
           6           5  -1.8781402486836879E-002
           6           6   1.9907051190213858     
           6           7   1.2807835444894193E-002
           6           8   3.6316418499345138E-002
           6           9  -1.2055928538363611E-003
           6          10  -2.4765701998632386E-002
           6          11   5.2670136608378292E-002
           6          12 -0.13060469219300666     
           6          13  -3.5917994926168061E-002
           6          14  -3.6492599562745714E-012
           6          15   2.4493053881321628E-011
           6          16  -6.8467982265495827E-011
           6          17   7.1346564768929780E-012
           6          18  -5.5545178682546835E-011
           6          19   1.4175275990899598E-011
           7           1   1.1075546711711168E-011
           7           2   4.3516717984581975E-011
           7           3   4.3542786407439590E-011
           7           4  -6.4646450835211254E-011
           7           5   1.9426417898862149E-002
           7           6   1.2807835444894193E-002
           7           7   1.9898399970066647     
           7           8  -3.7563647495070775E-002
           7           9  -2.4765701962546002E-002
           7          10   4.6724319378044915E-004
           7          11  -5.4479008065584832E-002
           7          12  -3.5917994817869697E-002
           7          13 -0.12817855757688390     
           7          14  -1.3655998825916511E-011
           7          15   3.2414120129021365E-011
           7          16   5.0730277335021060E-011
           7          17   1.5926228529137302E-011
           7          18  -1.3355422475735140E-012
           7          19   2.6504110646171979E-012
           8           1  -6.1027774712703251E-013
           8           2  -1.3309161283541524E-011
           8           3  -1.3037328392979376E-010
           8           4   1.6644191903093805E-010
           8           5   2.9934323318183659E-002
           8           6   3.6316418499345138E-002
           8           7  -3.7563647495070775E-002
           8           8   9.4708880432251133E-002
           8           9  -6.7024998827499682E-002
           8          10   6.9326865133845061E-002
           8          11  0.14233819741949846     
           8          12 -0.10470830448702742     
           8          13  0.10830434373172779     
           8          14   7.0533475712680486E-011
           8          15   1.3753742114359572E-011
           8          16  -1.3541832478825318E-010
           8          17  -2.9727079246008643E-011
           8          18  -5.3447200040843561E-011
           8          19   1.1409821518129753E-011
           9           1   2.7345130435423649E-012
           9           2   1.5330417359488147E-011
           9           3   9.8229658537600089E-011
           9           4  -1.4773423428494159E-010
           9           5   3.6316418511506111E-002
           9           6  -1.2055928538363611E-003
           9           7  -2.4765701962546002E-002
           9           8  -6.7024998827499682E-002
           9           9  0.15218021033809082     
           9          10   4.5707181710769207E-002
           9          11 -0.10470830585308399     
           9          12  0.23212149682774486     
           9          13   7.1405023871561682E-002
           9          14  -4.6256673603761561E-011
           9          15  -6.8547694967561045E-011
           9          16   1.3069470332374494E-010
           9          17   5.5210142101630065E-012
           9          18   7.0111208906244620E-011
           9          19  -2.8362870931066392E-011
          10           1   9.3448926887697199E-014
          10           2  -1.1027386831177197E-011
          10           3  -9.8176472735357771E-011
          10           4   9.9676808706649739E-011
          10           5  -3.7563647560334257E-002
          10           6  -2.4765701998632386E-002
          10           7   4.6724319378044915E-004
          10           8   6.9326865133845061E-002
          10           9   4.5707181710769207E-002
          10          10  0.14909285041260845     
          10          11  0.10830434466211697     
          10          12   7.1405023820480570E-002
          10          13  0.22729833807487748     
          10          14   5.8488216146382199E-011
          10          15  -4.6520641916603315E-011
          10          16  -7.2183421582647199E-011
          10          17  -3.7368743073299053E-011
          10          18  -9.9434565076288300E-012
          10          19  -1.1090578953638892E-011
          11           1  -1.3563331315444855E-011
          11           2  -7.5178497307555197E-011
          11           3  -2.3926726437473077E-010
          11           4   2.3874784808378133E-010
          11           5  -8.5442098419327789E-002
          11           6   5.2670136608378292E-002
          11           7  -5.4479008065584832E-002
          11           8  0.14233819741949846     
          11           9 -0.10470830585308399     
          11          10  0.10830434466211697     
          11          11  0.22259670583261590     
          11          12 -0.16304567318199653     
          11          13  0.16864521555846101     
          11          14   1.0660119008338164E-010
          11          15   2.3085102655453889E-011
          11          16  -2.1493301683187529E-010
          11          17  -4.7812786679258333E-011
          11          18  -8.5112189163468332E-011
          11          19   1.4215895161188212E-011
          12           1   6.7478562641432538E-012
          12           2   3.4503748011647759E-011
          12           3   1.5668116844917047E-010
          12           4  -2.2717889730845964E-010
          12           5   5.2670135965815892E-002
          12           6 -0.13060469219300666     
          12           7  -3.5917994817869697E-002
          12           8 -0.10470830448702742     
          12           9  0.23212149682774486     
          12          10   7.1405023820480570E-002
          12          11 -0.16304567318199653     
          12          12  0.36240202934390303     
          12          13  0.11118774606700836     
          12          14  -6.9863649782634725E-011
          12          15  -1.0546725408511302E-010
          12          16   2.0364513945878152E-010
          12          17   7.2946861624691715E-012
          12          18   1.1006497683937651E-010
          12          19  -4.4230646048225667E-011
          13           1  -1.4084892949084108E-011
          13           2  -8.1854392307954504E-011
          13           3  -2.0785639553742350E-010
          13           4   1.2634759601945680E-010
          13           5  -5.4479007722750029E-002
          13           6  -3.5917994926168061E-002
          13           7 -0.12817855757688390     
          13           8  0.10830434373172779     
          13           9   7.1405023871561682E-002
          13          10  0.22729833807487748     
          13          11  0.16864521555846101     
          13          12  0.11118774606700836     
          13          13  0.35489168777001179     
          13          14   8.8301633014821811E-011
          13          15  -6.8943905050147497E-011
          13          16  -1.1814230076772535E-010
          13          17  -6.2277192458353610E-011
          13          18  -1.7893030635013551E-011
          13          19  -2.1726179174897954E-011
          14           1   2.2394043960026269E-002
          14           2   2.2748793220102103E-002
          14           3   4.1620596364080789E-002
          14           4   2.1658650193050487E-002
          14           5  -7.2167843224975262E-012
          14           6  -3.6492599562745714E-012
          14           7  -1.3655998825916511E-011
          14           8   7.0533475712680486E-011
          14           9  -4.6256673603761561E-011
          14          10   5.8488216146382199E-011
          14          11   1.0660119008338164E-010
          14          12  -6.9863649782634725E-011
          14          13   8.8301633014821811E-011
          14          14   2.0566917915694886E-003
          14          15   3.1100270601557749E-004
          14          16   1.8257464462658243E-003
          14          17  -3.2168358446158960E-004
          14          18  -2.1208591081290908E-004
          14          19   1.8381528184135785E-003
          15           1   1.2199848333174605E-005
          15           2   4.4283840553523655E-004
          15           3   1.6857774888174443E-003
          15           4   5.4632675047530839E-004
          15           5   6.1942232584609785E-014
          15           6   2.4493053881321628E-011
          15           7   3.2414120129021365E-011
          15           8   1.3753742114359572E-011
          15           9  -6.8547694967561045E-011
          15          10  -4.6520641916603315E-011
          15          11   2.3085102655453889E-011
          15          12  -1.0546725408511302E-010
          15          13  -6.8943905050147497E-011
          15          14   3.1100270601557749E-004
          15          15   1.6239767823606017E-003
          15          16  -8.9493510726014361E-004
          15          17  -1.6797496582272712E-003
          15          18  -1.1074584553665795E-003
          15          19  -8.3015214084174193E-004
          16           1   2.2384984605900243E-002
          16           2   2.2419949218621695E-002
          16           3   4.0368767020210937E-002
          16           4   2.1252957473380758E-002
          16           5   8.4657225930647675E-011
          16           6  -6.8467982265495827E-011
          16           7   5.0730277335021060E-011
          16           8  -1.3541832478825318E-010
          16           9   1.3069470332374494E-010
          16          10  -7.2183421582647199E-011
          16          11  -2.1493301683187529E-010
          16          12   2.0364513945878152E-010
          16          13  -1.1814230076772535E-010
          16          14   1.8257464462658243E-003
          16          15  -8.9493510726014361E-004
          16          16   2.4903102149374779E-003
          16          17   9.2567022730210484E-004
          16          18   6.1029409022206197E-004
          16          19   2.4546098470697975E-003
          17           1  -1.2618810095477726E-005
          17           2  -4.5804683476859988E-004
          17           3  -1.7436725727459808E-003
          17           4  -5.6508934300606752E-004
          17           5   4.6945575976237092E-012
          17           6   7.1346564768929780E-012
          17           7   1.5926228529137302E-011
          17           8  -2.9727079246008643E-011
          17           9   5.5210142101630065E-012
          17          10  -3.7368743073299053E-011
          17          11  -4.7812786679258333E-011
          17          12   7.2946861624691715E-012
          17          13  -6.2277192458353610E-011
          17          14  -3.2168358446158960E-004
          17          15  -1.6797496582272712E-003
          17          16   9.2567022730210484E-004
          17          17   1.7374379639918467E-003
          17          18   1.1454923383811327E-003
          17          19   8.5866239388832858E-004
          18           1  -8.3196142309602695E-006
          18           2  -3.0199038857105578E-004
          18           3  -1.1496032358365594E-003
          18           4  -3.7256345490301220E-004
          18           5   3.3663494924592404E-011
          18           6  -5.5545178682546835E-011
          18           7  -1.3355422475735140E-012
          18           8  -5.3447200040843561E-011
          18           9   7.0111208906244620E-011
          18          10  -9.9434565076288300E-012
          18          11  -8.5112189163468332E-011
          18          12   1.1006497683937651E-010
          18          13  -1.7893030635013551E-011
          18          14  -2.1208591081290908E-004
          18          15  -1.1074584553665795E-003
          18          16   6.1029409022206197E-004
          18          17   1.1454923383811327E-003
          18          18   7.5522276160878965E-004
          18          19   5.6611584537086344E-004
          19           1   2.2385471251353699E-002
          19           2   2.2437614574121943E-002
          19           3   4.0436015063118294E-002
          19           4   2.1274751170319309E-002
          19           5   4.1958773381523064E-012
          19           6   1.4175275990899598E-011
          19           7   2.6504110646171979E-012
          19           8   1.1409821518129753E-011
          19           9  -2.8362870931066392E-011
          19          10  -1.1090578953638892E-011
          19          11   1.4215895161188212E-011
          19          12  -4.4230646048225667E-011
          19          13  -2.1726179174897954E-011
          19          14   1.8381528184135785E-003
          19          15  -8.3015214084174193E-004
          19          16   2.4546098470697975E-003
          19          17   8.5866239388832858E-004
          19          18   5.6611584537086344E-004
          19          19   2.4214937727607159E-003
