           1           1   2.2240622532619074     
           1           2 -0.75967213934600419     
           1           3  0.22653462780106859     
           1           4  -2.4352019808468940E-002
           1           5  -6.8409558389466501E-003
           1           6  -2.8090782519711202E-014
           1           7   1.1502965686102106E-013
           1           8   1.6401859075144774E-014
           1           9   3.8869631130377029E-014
           1          10  -1.8545228338957490E-014
           1          11  -2.2703772600555986E-016
           1          12  -2.5260030801752445E-015
           1          13   1.1276152229730876E-014
           1          14   4.2881222246224902E-015
           1          15   1.1411003919355324E-002
           1          16  -1.4125543227735398E-003
           1          17   1.1389507870787633E-002
           1          18   4.4728573735121997E-004
           1          19  -1.7914228388577467E-004
           1          20   1.0406618953125784E-002
           1          21  -1.1244275642510261E-004
           1          22  -8.3417829001042700E-004
           1          23  -5.5344057587633771E-004
           1          24  -7.5181005154321696E-004
           1          25  -1.6147796147188854E-003
           1          26  -2.9292932319868827E-003
           1          27  -1.1736671019736844E-014
           1          28  -1.8267699313975155E-015
           1          29  -1.4203518536017109E-014
           1          30   1.2452338237731075E-014
           1          31  -4.9461138175857349E-015
           1          32   2.0419340694212487E-015
           1          33   5.8004244632842185E-015
           1          34  -1.5068789121804919E-014
           1          35   2.7755111049081452E-015
           1          36   5.2487820485286652E-015
           2           1 -0.75967213934600419     
           2           2   2.5839381376469532     
           2           3 -0.96858808428561094     
           2           4   8.4770212932107986E-002
           2           5   1.6914611120395127E-002
           2           6   6.7434083008983220E-014
           2           7  -3.5180713464099618E-013
           2           8  -6.5397155665351508E-014
           2           9  -1.0454970196509439E-013
           2          10   7.1078423598461322E-014
           2          11  -3.9538463180775807E-016
           2          12   1.2443183501284287E-014
           2          13  -4.0749327816754369E-014
           2          14   3.3575275376423539E-015
           2          15  -7.5458501178680849E-003
           2          16   5.1634047452968242E-003
           2          17  -6.7777651010733084E-003
           2          18  -2.0831423488920963E-003
           2          19   1.2066276982139624E-003
           2          20  -3.6189259461846157E-003
           2          21  -6.3627008164679547E-003
           2          22   2.9657089174260597E-003
           2          23  -4.7817883007215539E-003
           2          24   1.9557717348568770E-003
           2          25   5.1387781172403182E-003
           2          26   2.5433535185190623E-003
           2          27   2.3672169315968175E-014
           2          28  -9.7853024381381702E-015
           2          29   3.5934744251630570E-014
           2          30  -3.9388300670941422E-014
           2          31   8.1883805651583952E-015
           2          32  -1.3498868848979445E-014
           2          33  -1.4293106033968601E-014
           2          34   5.2263983419610090E-014
           2          35  -1.0097745335219747E-014
           2          36  -2.7293925297778599E-014
           3           1  0.22653462780106859     
           3           2 -0.96858808428561094     
           3           3   2.5377423943130770     
           3           4 -0.32288111366240368     
           3           5  -6.9827797136122208E-002
           3           6  -1.0410939077852460E-015
           3           7   3.3782192147594599E-014
           3           8   6.9439749107206487E-015
           3           9  -2.1409463557668584E-014
           3          10  -3.7172837939502119E-014
           3          11  -5.8155471058297367E-014
           3          12   1.4715659268562127E-014
           3          13  -2.7430825643863897E-014
           3          14  -1.0625198881816975E-016
           3          15  -1.9282666738543487E-003
           3          16  -2.8799993537729766E-002
           3          17   7.8910500840429897E-003
           3          18   1.3364921229356001E-002
           3          19   1.3539990399484952E-002
           3          20  -1.7167147625152899E-003
           3          21   8.0071480663381107E-003
           3          22  -1.4793450016445024E-002
           3          23   7.5395829215307436E-003
           3          24  -5.7634879722356785E-003
           3          25  -1.1950826561065341E-002
           3          26  -1.9702082380998319E-002
           3          27  -1.1069352059433863E-014
           3          28  -1.7157529335955671E-014
           3          29  -8.4181182193303012E-016
           3          30   4.2793322885229026E-015
           3          31   4.7387033376016866E-015
           3          32  -3.8919788569288028E-016
           3          33   1.0312697091713030E-014
           3          34   2.0999571826702839E-015
           3          35  -1.1012486994731686E-014
           3          36   7.6684989262842719E-016
           4           1  -2.4352019808468940E-002
           4           2   8.4770212932107986E-002
           4           3 -0.32288111366240368     
           4           4  0.70446212569530986     
           4           5  0.16844804155568577     
           4           6   8.1662500085352157E-014
           4           7  -7.0872861465947687E-014
           4           8   6.0562852364487401E-014
           4           9   2.5493988949997504E-014
           4          10  -8.2886216664094741E-014
           4          11  -7.2476060122501226E-014
           4          12   1.9867238388071492E-014
           4          13   1.1018221166490417E-013
           4          14   9.6373348385666271E-014
           4          15  -3.6391731288685426E-002
           4          16   1.0273814953566504E-002
           4          17  -5.0089151458151959E-002
           4          18   8.0982656880634850E-003
           4          19  -7.7352748011661147E-003
           4          20  -3.0500173899852403E-002
           4          21   1.0914927093350887E-002
           4          22   9.0834355906383515E-003
           4          23   1.7470338256604663E-002
           4          24   2.7553535381959735E-002
           4          25   3.6767673360538287E-002
           4          26   7.4505078472170944E-002
           4          27   2.7196514983099377E-015
           4          28   4.8458627082183400E-015
           4          29   1.2637610542651109E-014
           4          30   7.4759351746410279E-015
           4          31   2.8197119634114572E-015
           4          32  -1.9717707569745334E-015
           4          33   9.1200187962630804E-015
           4          34  -2.8804612841679738E-015
           4          35  -1.0876623775541638E-014
           4          36   5.1696832319359501E-015
           5           1  -6.8409558389466501E-003
           5           2   1.6914611120395127E-002
           5           3  -6.9827797136122208E-002
           5           4  0.16844804155568577     
           5           5   4.0631690348910433E-002
           5           6  -1.6979267977851982E-014
           5           7   1.6395253731392074E-014
           5           8  -2.4291332435528260E-014
           5           9  -5.2860193982607139E-015
           5          10   2.9521109702810089E-014
           5          11   4.7308407065288822E-014
           5          12  -2.1525227243691808E-014
           5          13  -4.2174960489962469E-014
           5          14  -8.8906211734098942E-014
           5          15  -1.7217105584061429E-003
           5          16  -2.1061181639308651E-003
           5          17  -1.4475269228727409E-002
           5          18   6.6490345942687617E-003
           5          19  -1.2696159700906089E-002
           5          20  -1.1736250912130082E-002
           5          21   5.9077216239916564E-003
           5          22   2.2421882214511798E-004
           5          23   3.1006844896295026E-003
           5          24   8.6402190776770933E-003
           5          25   3.7427107055565539E-003
           5          26   1.5839174565789971E-002
           5          27   9.7675725968001200E-016
           5          28   1.5315221252240723E-015
           5          29   2.0290004734810124E-015
           5          30   2.8541011113067838E-015
           5          31   1.9309848178390631E-015
           5          32   1.1114271408266612E-016
           5          33   1.2931890382889656E-015
           5          34   4.1644618698910606E-016
           5          35  -2.3549011611826073E-015
           5          36   5.0668281215572160E-015
           6           1  -2.8090782519711202E-014
           6           2   6.7434083008983220E-014
           6           3  -1.0410939077852460E-015
           6           4   8.1662500085352157E-014
           6           5  -1.6979267977851982E-014
           6           6   2.2544264402154996     
           6           7   1.2262250204278543E-003
           6           8   2.2210440223539626E-003
           6           9 -0.75852454890416454     
           6          10  -4.1639188634238697E-003
           6          11  -7.5214241694140094E-003
           6          12   2.3198833089732381E-003
           6          13   1.0373309850076238E-002
           6          14   1.8421438455682292E-002
           6          15  -1.1140763464131677E-014
           6          16   1.1104760639286194E-014
           6          17  -1.4535276037792318E-014
           6          18  -1.3344823748553771E-014
           6          19  -5.7313212028191309E-015
           6          20   2.3359993291349681E-015
           6          21  -2.8655043779531253E-014
           6          22   1.1666630362264042E-014
           6          23  -1.3619139789480977E-014
           6          24  -5.5287782564876081E-015
           6          25   1.2793828127415228E-014
           6          26  -3.0724351134110165E-014
           6          27  -6.8695153199721448E-003
           6          28   3.0857662944809301E-004
           6          29  -4.9642773941363525E-003
           6          30  -2.3189840968165754E-004
           6          31  -6.5356255558359617E-004
           6          32   6.3833642585914702E-003
           6          33   4.9055141802463345E-004
           6          34  -2.3672251319645492E-003
           6          35   8.1079209797343737E-005
           6          36   2.7007525830504461E-004
           7           1   1.1502965686102106E-013
           7           2  -3.5180713464099618E-013
           7           3   3.3782192147594599E-014
           7           4  -7.0872861465947687E-014
           7           5   1.6395253731392074E-014
           7           6   1.2262250204278543E-003
           7           7   2.2569453866109495     
           7           8   5.4620052214674935E-003
           7           9  -4.1677880373405789E-003
           7          10 -0.76709755454864803     
           7          11  -1.8552144038110049E-002
           7          12   1.0414623068743002E-002
           7          13   2.4322560113907595E-002
           7          14   4.6603080977176227E-002
           7          15  -3.9813280063574691E-014
           7          16   1.1464300319963371E-015
           7          17   1.7479345335317069E-014
           7          18  -1.2073532538440360E-014
           7          19   5.1156195321098142E-014
           7          20  -1.2934699374921316E-015
           7          21   5.5852900037329984E-015
           7          22  -9.1091313660766053E-016
           7          23   1.8215090797886642E-014
           7          24  -9.6818240512561041E-015
           7          25   1.4368829485952346E-014
           7          26   4.5893017397584350E-014
           7          27   2.2206339063528534E-004
           7          28  -6.0527687163458204E-003
           7          29  -2.5411647352072543E-004
           7          30  -3.8046857950987927E-003
           7          31   3.9999702793323353E-003
           7          32   8.6889741161463928E-004
           7          33   3.6151856165726531E-005
           7          34  -4.1471649642811506E-005
           7          35  -5.4754074678519454E-003
           7          36  -2.9724959962904086E-003
           8           1   1.6401859075144774E-014
           8           2  -6.5397155665351508E-014
           8           3   6.9439749107206487E-015
           8           4   6.0562852364487401E-014
           8           5  -2.4291332435528260E-014
           8           6   2.2210440223539626E-003
           8           7   5.4620052214674935E-003
           8           8   2.2637202331807966     
           8           9  -7.5256195282551253E-003
           8          10  -1.8545264051093246E-002
           8          11 -0.79007526993108645     
           8          12   1.8462985970704848E-002
           8          13   4.6521486046155650E-002
           8          14   8.1179476764549854E-002
           8          15  -2.4268899619578710E-014
           8          16   5.8183523203773792E-015
           8          17  -1.2763708141062632E-014
           8          18  -4.7051809057234416E-014
           8          19   2.7103847526814601E-014
           8          20   2.2120884673283080E-014
           8          21  -2.6124354942232487E-014
           8          22   1.6187456634906204E-014
           8          23  -2.3461898961813945E-015
           8          24  -2.4453863511303466E-014
           8          25   2.1594781171645815E-014
           8          26  -8.0685907583653227E-015
           8          27  -1.0273116403915314E-003
           8          28   3.8794534939952646E-003
           8          29   3.6601905756822924E-004
           8          30  -2.2821272155591175E-003
           8          31  -4.6284675686474527E-003
           8          32  -7.6389250104983439E-005
           8          33  -6.4336785118173281E-003
           8          34   1.1255428923406900E-003
           8          35  -6.4623568482541360E-004
           8          36  -3.8922610985402399E-003
           9           1   3.8869631130377029E-014
           9           2  -1.0454970196509439E-013
           9           3  -2.1409463557668584E-014
           9           4   2.5493988949997504E-014
           9           5  -5.2860193982607139E-015
           9           6 -0.75852454890416454     
           9           7  -4.1677880373405789E-003
           9           8  -7.5256195282551253E-003
           9           9   2.2650219332907584     
           9          10   1.4194234421904036E-002
           9          11   2.5572739672326823E-002
           9          12  -7.5352021101072223E-003
           9          13  -3.6283232506500965E-002
           9          14  -6.4525764013401890E-002
           9          15   2.2208342697618220E-014
           9          16  -1.0790038225340046E-014
           9          17  -1.2456885906222314E-014
           9          18   2.2766557128619475E-014
           9          19  -6.5968475288256097E-015
           9          20  -1.4726047465965122E-014
           9          21   1.0397653124491151E-014
           9          22  -2.9157254674000263E-015
           9          23   2.7228940522319498E-015
           9          24   5.2432435188906893E-015
           9          25   5.5818462067229610E-015
           9          26  -1.3129834630704684E-014
           9          27  -4.5891521932716478E-003
           9          28  -8.7884172377947320E-004
           9          29   4.0870077940544265E-003
           9          30   1.0136229267184156E-003
           9          31   2.4261988166302383E-003
           9          32  -1.9751513106445819E-002
           9          33  -1.3804713804318491E-003
           9          34  -3.9050851174943840E-003
           9          35  -1.7069440325138312E-004
           9          36  -4.2138176913367165E-004
          10           1  -1.8545228338957490E-014
          10           2   7.1078423598461322E-014
          10           3  -3.7172837939502119E-014
          10           4  -8.2886216664094741E-014
          10           5   2.9521109702810089E-014
          10           6  -4.1639188634238697E-003
          10           7 -0.76709755454864803     
          10           8  -1.8545264051093246E-002
          10           9   1.4194234421904036E-002
          10          10   2.2942860030998755     
          10          11   6.3188513327818288E-002
          10          12  -3.6390462037960682E-002
          10          13  -8.4477275413906525E-002
          10          14 -0.16298799924679500     
          10          15   9.3594817721520765E-014
          10          16  -1.4368640630605845E-014
          10          17  -9.2407140476412186E-015
          10          18   7.6863658957390900E-014
          10          19  -1.3042335341356661E-013
          10          20  -2.6218256027222895E-014
          10          21   6.6426836454682515E-014
          10          22  -2.8967173716461851E-014
          10          23  -8.9763369493803797E-015
          10          24   4.7975247294000273E-014
          10          25  -7.1229629437121914E-014
          10          26  -2.8476479791266362E-014
          10          27  -4.0775568860577103E-004
          10          28   7.5584025499077310E-003
          10          29   8.7360930342664732E-004
          10          30  -1.3374874200614643E-002
          10          31  -1.2061541231764381E-002
          10          32  -2.6388009552608103E-003
          10          33   7.6416874625379050E-004
          10          34   2.5035917304800466E-004
          10          35   5.8879146013160206E-003
          10          36   1.0304353972492113E-002
          11           1  -2.2703772600555986E-016
          11           2  -3.9538463180775807E-016
          11           3  -5.8155471058297367E-014
          11           4  -7.2476060122501226E-014
          11           5   4.7308407065288822E-014
          11           6  -7.5214241694140094E-003
          11           7  -1.8552144038110049E-002
          11           8 -0.79007526993108645     
          11           9   2.5572739672326823E-002
          11          10   6.3188513327818288E-002
          11          11   2.3724712745546959     
          11          12  -6.4631041222719704E-002
          11          13 -0.16276954700798513     
          11          14 -0.28344465554881293     
          11          15   1.0147782986924613E-013
          11          16  -1.8670232204297557E-014
          11          17   1.5718045920073111E-014
          11          18   1.3487036097233364E-013
          11          19  -9.0158089178916873E-014
          11          20  -4.9483521637618856E-014
          11          21   4.0961319350053712E-014
          11          22  -3.8376095247076031E-014
          11          23  -3.4741663737539556E-015
          11          24   7.2452723574065180E-014
          11          25  -5.0906386343332923E-014
          11          26  -2.3286473625565087E-014
          11          27   3.6718990787949213E-003
          11          28  -1.1652817134862287E-002
          11          29  -9.5277410194061522E-004
          11          30   8.1888722629959790E-003
          11          31   3.7369907484531648E-003
          11          32   2.1549896203164852E-004
          11          33   9.3222232892471377E-003
          11          34  -3.1915943611586233E-003
          11          35   2.7626681561506014E-003
          11          36  -1.1421720320471123E-002
          12           1  -2.5260030801752445E-015
          12           2   1.2443183501284287E-014
          12           3   1.4715659268562127E-014
          12           4   1.9867238388071492E-014
          12           5  -2.1525227243691808E-014
          12           6   2.3198833089732381E-003
          12           7   1.0414623068743002E-002
          12           8   1.8462985970704848E-002
          12           9  -7.5352021101072223E-003
          12          10  -3.6390462037960682E-002
          12          11  -6.4631041222719704E-002
          12          12   4.3424746752337373E-002
          12          13  0.10892966909029438     
          12          14  0.19443394325241528     
          12          15  -5.2539521936943969E-014
          12          16  -2.6937969975999288E-015
          12          17   1.0038438076339729E-014
          12          18  -4.7574979187011114E-014
          12          19   7.9788285379322497E-014
          12          20   3.2380774225204853E-014
          12          21  -2.5895180720742942E-014
          12          22   1.3998168905032567E-014
          12          23   1.8293148482875057E-015
          12          24  -4.0617878723761085E-014
          12          25   3.2519013738289056E-014
          12          26   1.5721464808964836E-014
          12          27  -1.5567469562837628E-003
          12          28  -2.3139404354883077E-003
          12          29  -7.4936838422518502E-004
          12          30  -3.9570000309161520E-003
          12          31  -3.6599782613739606E-003
          12          32  -7.6857434682951064E-005
          12          33  -2.0506405272253127E-003
          12          34  -6.2318519142700451E-004
          12          35  -2.4958531925626474E-004
          12          36  -6.5772990613856058E-003
          13           1   1.1276152229730876E-014
          13           2  -4.0749327816754369E-014
          13           3  -2.7430825643863897E-014
          13           4   1.1018221166490417E-013
          13           5  -4.2174960489962469E-014
          13           6   1.0373309850076238E-002
          13           7   2.4322560113907595E-002
          13           8   4.6521486046155650E-002
          13           9  -3.6283232506500965E-002
          13          10  -8.4477275413906525E-002
          13          11 -0.16276954700798513     
          13          12  0.10892966909029438     
          13          13  0.27359559645287401     
          13          14  0.48823521277812193     
          13          15  -1.7960926008608347E-013
          13          16   9.0763354510893975E-014
          13          17   3.7617817717935952E-014
          13          18  -1.9883063803452835E-013
          13          19   2.5454310470058213E-013
          13          20   1.1113331176439923E-013
          13          21  -8.4495838176812706E-014
          13          22   7.5527339462449158E-014
          13          23   1.3426605762088792E-014
          13          24  -1.3254297812625643E-013
          13          25   1.1109882624757176E-013
          13          26   6.0747953267338375E-014
          13          27  -3.9956456553047219E-003
          13          28  -5.8388253634938580E-003
          13          29  -1.7867231503122594E-003
          13          30  -1.0011812393160405E-002
          13          31  -9.2755658328676910E-003
          13          32  -9.5574907163791911E-005
          13          33  -5.1613361213540777E-003
          13          34  -1.5142268614036578E-003
          13          35  -4.9109936529180781E-004
          13          36  -1.6453380203733305E-002
          14           1   4.2881222246224902E-015
          14           2   3.3575275376423539E-015
          14           3  -1.0625198881816975E-016
          14           4   9.6373348385666271E-014
          14           5  -8.8906211734098942E-014
          14           6   1.8421438455682292E-002
          14           7   4.6603080977176227E-002
          14           8   8.1179476764549854E-002
          14           9  -6.4525764013401890E-002
          14          10 -0.16298799924679500     
          14          11 -0.28344465554881293     
          14          12  0.19443394325241528     
          14          13  0.48823521277812193     
          14          14  0.87143891755590031     
          14          15  -7.0023845866554727E-014
          14          16   1.1505817011787175E-013
          14          17  -1.0912482478927574E-014
          14          18  -2.7586722217199331E-013
          14          19   5.2172600303908997E-014
          14          20   5.4758828682341788E-014
          14          21  -3.8492299252653314E-014
          14          22   1.1182525869157013E-013
          14          23  -1.7339486216479187E-014
          14          24  -2.0282193776956010E-013
          14          25   6.9281213261287890E-015
          14          26   3.0450658239979206E-014
          14          27  -7.1104764952750641E-003
          14          28  -1.0386691852109834E-002
          14          29  -3.2060771819802836E-003
          14          30  -1.7799604832353960E-002
          14          31  -1.6523294389247819E-002
          14          32  -2.2284422557776313E-004
          14          33  -9.1747306795791333E-003
          14          34  -2.6930182299986301E-003
          14          35  -9.7631265525592776E-004
          14          36  -2.9431381498508213E-002
          15           1   1.1411003919355324E-002
          15           2  -7.5458501178680849E-003
          15           3  -1.9282666738543487E-003
          15           4  -3.6391731288685426E-002
          15           5  -1.7217105584061429E-003
          15           6  -1.1140763464131677E-014
          15           7  -3.9813280063574691E-014
          15           8  -2.4268899619578710E-014
          15           9   2.2208342697618220E-014
          15          10   9.3594817721520765E-014
          15          11   1.0147782986924613E-013
          15          12  -5.2539521936943969E-014
          15          13  -1.7960926008608347E-013
          15          14  -7.0023845866554727E-014
          15          15  0.16742769462029020     
          15          16  -2.6042581512673871E-002
          15          17  -5.4252942135074936E-002
          15          18   4.9614976534668211E-002
          15          19 -0.27220944115178469     
          15          20  -9.7079495424111803E-002
          15          21   7.6096846212443447E-002
          15          22  -1.3047655441799066E-002
          15          23  -2.7040828661233331E-002
          15          24   2.2517529250737776E-002
          15          25 -0.12761570066427119     
          15          26  -4.9078462764100016E-002
          15          27  -1.8734589719879812E-014
          15          28  -1.7497856125251374E-014
          15          29  -3.2658792349385201E-014
          15          30  -2.2717980982653262E-014
          15          31  -2.4511154848685896E-014
          15          32   6.8110638792904448E-015
          15          33  -4.7742832266240481E-014
          15          34   1.8024298957064233E-014
          15          35   1.2281113935323766E-014
          15          36   2.5408239843876339E-015
          16           1  -1.4125543227735398E-003
          16           2   5.1634047452968242E-003
          16           3  -2.8799993537729766E-002
          16           4   1.0273814953566504E-002
          16           5  -2.1061181639308651E-003
          16           6   1.1104760639286194E-014
          16           7   1.1464300319963371E-015
          16           8   5.8183523203773792E-015
          16           9  -1.0790038225340046E-014
          16          10  -1.4368640630605845E-014
          16          11  -1.8670232204297557E-014
          16          12  -2.6937969975999288E-015
          16          13   9.0763354510893975E-014
          16          14   1.1505817011787175E-013
          16          15  -2.6042581512673871E-002
          16          16  0.42527608216497864     
          16          17   8.9871884273721031E-003
          16          18 -0.32004271604279122     
          16          19  -5.0006036051670900E-002
          16          20   3.6323422617237380E-002
          16          21  -9.0461166537586443E-003
          16          22  0.17296932341839868     
          16          23   6.0849658068968440E-003
          16          24 -0.12830123565030976     
          16          25  -1.7643924538618523E-002
          16          26   1.9980872703328816E-002
          16          27   6.4220510635637447E-015
          16          28  -8.3126342485617862E-016
          16          29  -2.7113789770601320E-015
          16          30   1.0151549325806343E-014
          16          31  -5.8269694390741071E-015
          16          32   7.9648916068223070E-015
          16          33   2.7615568953103414E-015
          16          34   3.8571074914619349E-015
          16          35   1.1527405454362376E-014
          16          36  -1.5620440590983320E-014
          17           1   1.1389507870787633E-002
          17           2  -6.7777651010733084E-003
          17           3   7.8910500840429897E-003
          17           4  -5.0089151458151959E-002
          17           5  -1.4475269228727409E-002
          17           6  -1.4535276037792318E-014
          17           7   1.7479345335317069E-014
          17           8  -1.2763708141062632E-014
          17           9  -1.2456885906222314E-014
          17          10  -9.2407140476412186E-015
          17          11   1.5718045920073111E-014
          17          12   1.0038438076339729E-014
          17          13   3.7617817717935952E-014
          17          14  -1.0912482478927574E-014
          17          15  -5.4252942135074936E-002
          17          16   8.9871884273721031E-003
          17          17   2.3477180306921832E-002
          17          18  -1.8555286223338081E-002
          17          19   9.4407358225973959E-002
          17          20   3.6507100681713978E-002
          17          21  -2.7406404453412744E-002
          17          22   4.0621954728259618E-003
          17          23   7.6540753591651132E-003
          17          24  -1.0496239341979709E-002
          17          25   4.0756730334303388E-002
          17          26   1.0220383305133703E-002
          17          27   6.4001496314613898E-015
          17          28   6.0270259959843883E-015
          17          29   1.0150452684423148E-014
          17          30   7.8586884119674130E-015
          17          31   8.6339833373966921E-015
          17          32  -2.0531224713725388E-015
          17          33   1.5762666167288857E-014
          17          34  -6.0968112361565651E-015
          17          35  -3.1008361253826417E-015
          17          36  -5.8620768993615378E-016
          18           1   4.4728573735121997E-004
          18           2  -2.0831423488920963E-003
          18           3   1.3364921229356001E-002
          18           4   8.0982656880634850E-003
          18           5   6.6490345942687617E-003
          18           6  -1.3344823748553771E-014
          18           7  -1.2073532538440360E-014
          18           8  -4.7051809057234416E-014
          18           9   2.2766557128619475E-014
          18          10   7.6863658957390900E-014
          18          11   1.3487036097233364E-013
          18          12  -4.7574979187011114E-014
          18          13  -1.9883063803452835E-013
          18          14  -2.7586722217199331E-013
          18          15   4.9614976534668211E-002
          18          16 -0.32004271604279122     
          18          17  -1.8555286223338081E-002
          18          18  0.24702869159443031     
          18          19  -1.4399788741094252E-002
          18          20  -4.6240855947673506E-002
          18          21   2.1432208213183750E-002
          18          22 -0.13046834018867912     
          18          23  -9.0349877760905785E-003
          18          24  0.10029813263982221     
          18          25  -9.8042421151235404E-003
          18          26  -2.1668692646407507E-002
          18          27  -6.9363737502793251E-015
          18          28  -5.7481167350162227E-016
          18          29  -2.8871125965422578E-015
          18          30  -8.2501757863492048E-015
          18          31   2.7717909931763704E-015
          18          32  -4.9651500214538799E-015
          18          33  -8.5740009911698041E-015
          18          34   1.0299328382124231E-015
          18          35  -6.1700604755775131E-015
          18          36   1.8062246477032577E-014
          19           1  -1.7914228388577467E-004
          19           2   1.2066276982139624E-003
          19           3   1.3539990399484952E-002
          19           4  -7.7352748011661147E-003
          19           5  -1.2696159700906089E-002
          19           6  -5.7313212028191309E-015
          19           7   5.1156195321098142E-014
          19           8   2.7103847526814601E-014
          19           9  -6.5968475288256097E-015
          19          10  -1.3042335341356661E-013
          19          11  -9.0158089178916873E-014
          19          12   7.9788285379322497E-014
          19          13   2.5454310470058213E-013
          19          14   5.2172600303908997E-014
          19          15 -0.27220944115178469     
          19          16  -5.0006036051670900E-002
          19          17   9.4407358225973959E-002
          19          18  -1.4399788741094252E-002
          19          19  0.46960056266390809     
          19          20  0.15858758557006278     
          19          21 -0.12729462492175800     
          19          22  -1.6672472826627278E-002
          19          23   4.2348276433791784E-002
          19          24  -1.2486264995910545E-002
          19          25  0.21513386773567272     
          19          26   7.1001760639233552E-002
          19          27   2.9886437879281875E-014
          19          28   2.9726593778427366E-014
          19          29   5.4411821157353503E-014
          19          30   3.6082060900602047E-014
          19          31   4.2556346013131100E-014
          19          32  -1.3379494517004328E-014
          19          33   7.9064145716268597E-014
          19          34  -3.1156238400430471E-014
          19          35  -2.1938988759614696E-014
          19          36  -6.4574446697420143E-016
          20           1   1.0406618953125784E-002
          20           2  -3.6189259461846157E-003
          20           3  -1.7167147625152899E-003
          20           4  -3.0500173899852403E-002
          20           5  -1.1736250912130082E-002
          20           6   2.3359993291349681E-015
          20           7  -1.2934699374921316E-015
          20           8   2.2120884673283080E-014
          20           9  -1.4726047465965122E-014
          20          10  -2.6218256027222895E-014
          20          11  -4.9483521637618856E-014
          20          12   3.2380774225204853E-014
          20          13   1.1113331176439923E-013
          20          14   5.4758828682341788E-014
          20          15  -9.7079495424111803E-002
          20          16   3.6323422617237380E-002
          20          17   3.6507100681713978E-002
          20          18  -4.6240855947673506E-002
          20          19  0.15858758557006278     
          20          20   6.1678031011984089E-002
          20          21  -4.6350525863643598E-002
          20          22   1.5859785073819008E-002
          20          23   1.4800922856682100E-002
          20          24  -2.1893688031624964E-002
          20          25   7.1674713472946003E-002
          20          26   2.4271363491258219E-002
          20          27   1.0990063456426394E-014
          20          28   9.5982118592123822E-015
          20          29   1.7962503979315559E-014
          20          30   1.3071715015342564E-014
          20          31   1.3271101507741435E-014
          20          32  -3.2919979375417818E-015
          20          33   2.7520181364157696E-014
          20          34  -1.0697516820275257E-014
          20          35  -5.0925655600032247E-015
          20          36  -3.3036521836659454E-015
          21           1  -1.1244275642510261E-004
          21           2  -6.3627008164679547E-003
          21           3   8.0071480663381107E-003
          21           4   1.0914927093350887E-002
          21           5   5.9077216239916564E-003
          21           6  -2.8655043779531253E-014
          21           7   5.5852900037329984E-015
          21           8  -2.6124354942232487E-014
          21           9   1.0397653124491151E-014
          21          10   6.6426836454682515E-014
          21          11   4.0961319350053712E-014
          21          12  -2.5895180720742942E-014
          21          13  -8.4495838176812706E-014
          21          14  -3.8492299252653314E-014
          21          15   7.6096846212443447E-002
          21          16  -9.0461166537586443E-003
          21          17  -2.7406404453412744E-002
          21          18   2.1432208213183750E-002
          21          19 -0.12729462492175800     
          21          20  -4.6350525863643598E-002
          21          21   3.5967013214447882E-002
          21          22  -4.6267450066472876E-003
          21          23  -1.1726602099168761E-002
          21          24   1.0764823115592577E-002
          21          25  -5.8114001958176564E-002
          21          26  -1.9657651612099172E-002
          21          27  -8.6324491440263739E-015
          21          28  -7.8578079258196850E-015
          21          29  -1.4492741999039936E-014
          21          30  -1.0285855978382368E-014
          21          31  -1.1171575331186147E-014
          21          32   2.9991899681759948E-015
          21          33  -2.1729860795346638E-014
          21          34   8.5170658475999879E-015
          21          35   5.1777416824540517E-015
          21          36   1.9187096084289583E-015
          22           1  -8.3417829001042700E-004
          22           2   2.9657089174260597E-003
          22           3  -1.4793450016445024E-002
          22           4   9.0834355906383515E-003
          22           5   2.2421882214511798E-004
          22           6   1.1666630362264042E-014
          22           7  -9.1091313660766053E-016
          22           8   1.6187456634906204E-014
          22           9  -2.9157254674000263E-015
          22          10  -2.8967173716461851E-014
          22          11  -3.8376095247076031E-014
          22          12   1.3998168905032567E-014
          22          13   7.5527339462449158E-014
          22          14   1.1182525869157013E-013
          22          15  -1.3047655441799066E-002
          22          16  0.17296932341839868     
          22          17   4.0621954728259618E-003
          22          18 -0.13046834018867912     
          22          19  -1.6672472826627278E-002
          22          20   1.5859785073819008E-002
          22          21  -4.6267450066472876E-003
          22          22   7.0416254362167724E-002
          22          23   2.9340251962085319E-003
          22          24  -5.2187360301671856E-002
          22          25  -5.2201432585317932E-003
          22          26   9.2268444662587934E-003
          22          27   2.4063848313238161E-015
          22          28  -8.0015563825769239E-016
