           1           1   2.2276741853647666     
           1           2 -0.76687570747565625     
           1           3  0.21015897576849679     
           1           4  -1.1533603270649079E-002
           1           5  -1.7271969433050153E-002
           1           6  -7.9155154303946090E-012
           1           7  -3.7309851777196379E-013
           1           8  -2.1992230299054016E-013
           1           9   1.4694485728118736E-011
           1          10  -8.6042465044906022E-012
           1          11   5.8294860615287985E-013
           1          12  -2.3581803938950890E-013
           1          13   1.2848635966931456E-011
           1          14  -1.8914793896830403E-012
           1          15   2.1563797128231692E-002
           1          16  -4.6938801784513896E-012
           1          17   2.1563796031221646E-002
           1          18  -4.8149950706070656E-009
           1          19  -5.0747781597452145E-009
           1          20   1.0380296106105535E-002
           1          21   2.8838046459906939E-003
           1          22  -5.3613617326295083E-012
           1          23   2.8838042407345783E-003
           1          24  -1.2298909393589526E-009
           1          25  -1.7960492604296647E-009
           1          26  -4.9495461409583595E-004
           1          27   5.6721099086573301E-012
           1          28  -5.1534562121936103E-013
           1          29   4.1409796785992495E-013
           1          30  -7.6837258777422589E-013
           1          31   2.5058710154252855E-013
           1          32   1.0737427572888613E-012
           1          33   1.1003036410882067E-013
           1          34   3.2833499188975482E-012
           1          35  -1.1142608001063676E-012
           1          36   2.9822404255981819E-013
           2           1 -0.76687570747565625     
           2           2   2.5907149932365745     
           2           3 -0.91756467924117824     
           2           4   4.3912609871270492E-002
           2           5   4.7162623593495760E-002
           2           6   2.3979897657478642E-011
           2           7   1.2680796647207935E-012
           2           8   5.3810356752726786E-013
           2           9  -4.2478997360838983E-011
           2          10   2.6752213018154982E-011
           2          11  -1.3620656970173693E-012
           2          12  -1.2204564268258423E-012
           2          13  -3.7411965941732700E-011
           2          14   5.5049772770327538E-012
           2          15  -3.7498136264293491E-002
           2          16   1.1901075107092721E-011
           2          17  -3.7498132757667620E-002
           2          18   1.6106991703006238E-008
           2          19   1.6451874481923912E-008
           2          20  -5.6450309862696342E-004
           2          21  -1.4710619039596529E-002
           2          22   1.6511040007718641E-011
           2          23  -1.4710617784067770E-002
           2          24   3.7918448323060007E-009
           2          25   5.5216588391704581E-009
           2          26  -4.2976012560423781E-003
           2          27  -2.0291915783861056E-011
           2          28   1.6455781187570567E-012
           2          29  -1.2333942227841381E-012
           2          30   2.2396478171558245E-012
           2          31  -8.6688589165798148E-013
           2          32  -4.1981508883493230E-012
           2          33  -4.2618530093651198E-013
           2          34  -1.2380942893002251E-011
           2          35   4.0873744686472444E-012
           2          36  -1.1178249287289890E-012
           3           1  0.21015897576849679     
           3           2 -0.91756467924117824     
           3           3   2.2523885161154800     
           3           4 -0.12197618234191231     
           3           5 -0.13469155476003036     
           3           6   1.1146258209856201E-010
           3           7   1.2368382179675172E-012
           3           8  -1.2312301863074749E-012
           3           9  -3.1376970712063898E-010
           3          10  -4.2744009200821462E-011
           3          11   3.5218441658332413E-012
           3          12   1.6459963593854978E-011
           3          13   1.2107234093313157E-010
           3          14  -2.4394565208666279E-011
           3          15   9.6120163251738513E-002
           3          16  -9.2422857657713164E-011
           3          17   9.6120145456054240E-002
           3          18  -6.4135530308136215E-008
           3          19  -7.5487546982100836E-008
           3          20  -6.3171447114445500E-002
           3          21   4.2596340093241453E-002
           3          22  -7.8373798909144355E-011
           3          23   4.2596332303616556E-002
           3          24  -2.1984449510282665E-008
           3          25  -3.2788909757558949E-008
           3          26  -1.9818471326606687E-002
           3          27   4.1646541193064226E-011
           3          28  -3.6067773412584209E-012
           3          29   5.3801784287251729E-012
           3          30  -4.1171452887219427E-012
           3          31   2.1883938617206661E-012
           3          32   1.0942540674164425E-011
           3          33   1.6631264723991404E-012
           3          34   2.5661534944110966E-011
           3          35  -8.1056102109564555E-012
           3          36   1.8060341195014212E-012
           4           1  -1.1533603270649079E-002
           4           2   4.3912609871270492E-002
           4           3 -0.12197618234191231     
           4           4  0.22984794550671706     
           4           5  0.31658301477943873     
           4           6   1.9986955344628245E-010
           4           7  -5.7779515538712726E-011
           4           8   8.0073990063958132E-012
           4           9  -5.5824180283319636E-010
           4          10   1.8217369527665244E-010
           4          11  -2.5159165577370280E-011
           4          12   1.9469789793870592E-011
           4          13  -2.5279372063270785E-010
           4          14   4.3876023011988083E-011
           4          15  -9.4850078750614367E-002
           4          16   1.7605034041461802E-010
           4          17  -9.4850057198997501E-002
           4          18   7.5704993700528729E-008
           4          19   9.2416958510860506E-008
           4          20   8.9574675810802737E-002
           4          21  -3.4205706091319600E-002
           4          22   1.1559287871648144E-010
           4          23  -3.4205696208758907E-002
           4          24   3.2545477533218743E-008
           4          25   4.4739545922814040E-008
           4          26   5.0568329713479000E-002
           4          27  -3.2533125657253485E-011
           4          28   4.1926685022550354E-012
           4          29   1.8282916565947275E-012
           4          30   1.1224952980520216E-011
           4          31  -2.0810936747083062E-012
           4          32  -7.4274053130358027E-013
           4          33  -1.2502749986241968E-012
           4          34  -4.8104805136746254E-012
           4          35   1.5047850928958580E-012
           4          36   7.7703335005292208E-014
           5           1  -1.7271969433050153E-002
           5           2   4.7162623593495760E-002
           5           3 -0.13469155476003036     
           5           4  0.31658301477943873     
           5           5  0.48222963791818796     
           5           6  -7.6380284455807493E-011
           5           7  -1.0674856134052459E-011
           5           8   2.4135209154801574E-012
           5           9   2.0904654502029152E-010
           5          10   4.6090681134716759E-011
           5          11  -8.2502941756173982E-012
           5          12   1.1927049382104799E-010
           5          13  -3.2379002701687797E-010
           5          14   3.1519058453656037E-011
           5          15  -6.3803965660036988E-002
           5          16   3.4754898041610293E-011
           5          17  -6.3803963484808227E-002
           5          18   1.2085780771245403E-008
           5          19   1.4611843879107792E-008
           5          20  -3.1348115127174600E-002
           5          21  -1.0532298279070576E-002
           5          22   4.6905795027402256E-011
           5          23  -1.0532298861828014E-002
           5          24  -8.2414439539468022E-009
           5          25  -1.9401011475744462E-009
           5          26  -2.0400989397802109E-002
           5          27  -1.3753125101079140E-011
           5          28   8.2407810940035438E-012
           5          29  -9.6499629572563320E-012
           5          30   1.4344749294033086E-011
           5          31  -3.0582950327032790E-012
           5          32   1.8690558555930969E-013
           5          33  -4.5585257565719247E-013
           5          34  -1.5139702622368035E-012
           5          35   5.8680461619991624E-012
           5          36  -4.2964543188906169E-012
           6           1  -7.9155154303946090E-012
           6           2   2.3979897657478642E-011
           6           3   1.1146258209856201E-010
           6           4   1.9986955344628245E-010
           6           5  -7.6380284455807493E-011
           6           6   2.2545029805248138     
           6           7   1.4793666119469435E-011
           6           8   2.3008896713458995E-010
           6           9 -0.74631053620413579     
           6          10  -4.2954654791433229E-011
           6          11  -1.1744688244660450E-009
           6          12  -1.0784016733529852E-002
           6          13   2.8217439549911311E-011
           6          14  -1.4404182153427209E-009
           6          15  -8.6887330759719322E-011
           6          16  -9.2971694400126024E-012
           6          17  -5.3563674457238949E-011
           6          18   2.8040439037280347E-011
           6          19   1.0832813183081580E-011
           6          20  -1.2740817792196388E-010
           6          21  -4.6307874253113382E-012
           6          22   1.3650105441976521E-011
           6          23  -6.9607498506800827E-011
           6          24   1.2133999213125756E-011
           6          25   4.1118981656827595E-011
           6          26  -8.4356432338562829E-011
           6          27  -2.0032509173860194E-002
           6          28  -7.1064506749114901E-011
           6          29  -3.2455422604652623E-003
           6          30   8.3758398018696811E-011
           6          31   3.7518150194206556E-009
           6          32  -5.4421364854683976E-010
           6          33  -3.3845872261228019E-009
           6          34  -5.2109500755741943E-003
           6          35   8.6365895892811051E-013
           6          36  -3.4027974383941803E-010
           7           1  -3.7309851777196379E-013
           7           2   1.2680796647207935E-012
           7           3   1.2368382179675172E-012
           7           4  -5.7779515538712726E-011
           7           5  -1.0674856134052459E-011
           7           6   1.4793666119469435E-011
           7           7   2.2545029804222643     
           7           8  -9.8103664248322192E-010
           7           9  -4.2380499589938153E-011
           7          10 -0.74631053587783758     
           7          11   2.4302261610410958E-009
           7          12  -4.5591884284643786E-012
           7          13  -1.0784017058733298E-002
           7          14  -1.3596334478537319E-009
           7          15  -4.8178853158431913E-012
           7          16   3.1748710437721270E-011
           7          17   6.6347171326579059E-011
           7          18   2.4277319327064022E-010
           7          19  -6.1238012186578358E-011
           7          20  -1.0212093826781145E-011
           7          21  -1.8713365027946588E-011
           7          22  -6.6026017395668448E-012
           7          23   2.7346266939497061E-011
           7          24   1.4571821575900837E-010
           7          25  -2.8422910331084495E-011
           7          26   4.6603311502271585E-013
           7          27  -4.5981223760864968E-011
           7          28  -3.2455423942151897E-003
           7          29   8.1257404296221274E-011
           7          30  -2.0032509151732224E-002
           7          31  -1.7680181510687092E-009
           7          32  -1.2549147236114239E-009
           7          33   1.4053022773524103E-009
           7          34   3.3372806042512015E-012
           7          35  -5.2109500611920634E-003
           7          36  -4.4386422480288189E-010
           8           1  -2.1992230299054016E-013
           8           2   5.3810356752726786E-013
           8           3  -1.2312301863074749E-012
           8           4   8.0073990063958132E-012
           8           5   2.4135209154801574E-012
           8           6   2.3008896713458995E-010
           8           7  -9.8103664248322192E-010
           8           8   2.2528708745559509     
           8           9  -1.1829043880245866E-009
           8          10   2.4274882932518963E-009
           8          11 -0.74109127856302126     
           8          12  -1.4714901650723430E-009
           8          13  -1.3307416778540825E-009
           8          14  -1.4637925094131473E-002
           8          15   6.0057316245207420E-012
           8          16  -1.2239459923606823E-011
           8          17  -3.4880005747504375E-011
           8          18  -7.5760276408651337E-011
           8          19   1.6811568028276819E-011
           8          20   2.6203591665743071E-011
           8          21   1.7583350852909798E-012
           8          22   4.5464515912150220E-012
           8          23  -6.9442841547580046E-012
           8          24  -3.4867503030229113E-011
           8          25   1.0492507842542653E-011
           8          26   6.3015997284077834E-012
           8          27  -6.9965370422743794E-010
           8          28  -1.7700661904537175E-009
           8          29  -3.3768287525521692E-009
           8          30  -8.5923311520880981E-010
           8          31  -1.0033630465101404E-002
           8          32  -1.0515991199038183E-011
           8          33  -1.0033630332204516E-002
           8          34   4.2472639672006307E-009
           8          35   1.9731004157514390E-009
           8          36  -1.3079002452209549E-002
           9           1   1.4694485728118736E-011
           9           2  -4.2478997360838983E-011
           9           3  -3.1376970712063898E-010
           9           4  -5.5824180283319636E-010
           9           5   2.0904654502029152E-010
           9           6 -0.74631053620413579     
           9           7  -4.2380499589938153E-011
           9           8  -1.1829043880245866E-009
           9           9   2.1956324170132544     
           9          10   1.2270411922005298E-010
           9          11   2.2463375170725983E-009
           9          12   2.5382893020008995E-002
           9          13  -7.9437229834488103E-011
           9          14   4.0029393595004010E-009
           9          15   2.3302815853805561E-010
           9          16   2.6344379586672370E-011
           9          17   1.3959419995596993E-010
           9          18  -5.4422883856924646E-011
           9          19  -5.2793383175805136E-011
           9          20   3.6872732474087823E-010
           9          21   7.7469068417144117E-013
           9          22  -3.9285665760891482E-011
           9          23   1.8919726216482893E-010
           9          24  -1.7190488670824683E-011
           9          25  -1.3083234380827593E-010
           9          26   2.5596531501048158E-010
           9          27   3.4720064736358955E-002
           9          28   2.2846452425493283E-010
           9          29  -2.5169388187232713E-003
           9          30  -2.5432512066066772E-010
           9          31  -1.0622811528804917E-008
           9          32   2.0547468244054738E-009
           9          33   1.0678484312184276E-008
           9          34   4.8567869853744575E-003
           9          35  -3.6849876878925161E-012
           9          36   9.9614784099386207E-010
          10           1  -8.6042465044906022E-012
          10           2   2.6752213018154982E-011
          10           3  -4.2744009200821462E-011
          10           4   1.8217369527665244E-010
          10           5   4.6090681134716759E-011
          10           6  -4.2954654791433229E-011
          10           7 -0.74631053587783758     
          10           8   2.4274882932518963E-009
          10           9   1.2270411922005298E-010
          10          10   2.1956324159772911     
          10          11  -7.4050522420259790E-009
          10          12   7.1910832822222940E-012
          10          13   2.5382893944986377E-002
          10          14   3.8223638496728447E-009
          10          15   3.7765443070720409E-011
          10          16  -8.5026841130525619E-011
          10          17  -1.9219208101431771E-010
          10          18  -7.9308990876186863E-010
          10          19   2.0692696594808800E-010
          10          20   5.0402007719914019E-011
          10          21   4.7435593900150630E-011
          10          22   1.6024609643317919E-011
          10          23  -8.5877871651216921E-011
          10          24  -4.6535233298677847E-010
          10          25   9.6077924886575499E-011
          10          26   6.9738862703286709E-012
          10          27   1.5191130236655897E-010
          10          28  -2.5169384251775770E-003
          10          29  -2.5324845711644078E-010
          10          30   3.4720064722933160E-002
          10          31   5.4532542039764368E-009
          10          32   4.7033868972062505E-009
          10          33  -4.0016635449720003E-009
          10          34  -6.5324570309145947E-012
          10          35   4.8567869299554773E-003
          10          36   1.1079078756915113E-009
          11           1   5.8294860615287985E-013
          11           2  -1.3620656970173693E-012
          11           3   3.5218441658332413E-012
          11           4  -2.5159165577370280E-011
          11           5  -8.2502941756173982E-012
          11           6  -1.1744688244660450E-009
          11           7   2.4302261610410958E-009
          11           8 -0.74109127856302126     
          11           9   2.2463375170725983E-009
          11          10  -7.4050522420259790E-009
          11          11   2.1789825593191292     
          11          12   4.0915378579777437E-009
          11          13   3.7395382585181851E-009
          11          14   3.6159641278290702E-002
          11          15  -2.1914763513557198E-011
          11          16   3.7703747839770309E-011
          11          17   1.1319036469453106E-010
          11          18   2.8721493566219721E-010
          11          19  -6.8681878973915177E-011
          11          20  -8.2131717863275137E-011
          11          21  -7.8988636040433523E-012
          11          22  -1.3875182628887733E-011
          11          23   2.6718671818213375E-011
          11          24   1.3329626174558930E-010
          11          25  -3.8088621122156605E-011
          11          26  -2.2996418156937816E-011
          11          27   2.1435273230657547E-009
          11          28   5.4675994097451251E-009
          11          29   1.0648899603133176E-008
          11          30   2.4241993867365516E-009
          11          31   1.8574848342010994E-002
          11          32   3.1298675409955631E-011
          11          33   1.8574847944715388E-002
          11          34  -1.2172027236244676E-008
          11          35  -5.8078736686955078E-009
          11          36   1.4559137084779430E-002
          12           1  -2.3581803938950890E-013
          12           2  -1.2204564268258423E-012
          12           3   1.6459963593854978E-011
          12           4   1.9469789793870592E-011
          12           5   1.1927049382104799E-010
          12           6  -1.0784016733529852E-002
          12           7  -4.5591884284643786E-012
          12           8  -1.4714901650723430E-009
          12           9   2.5382893020008995E-002
          12          10   7.1910832822222940E-012
          12          11   4.0915378579777437E-009
          12          12   3.2264193153005484E-004
          12          13  -7.1598859814658881E-013
          12          14   1.0850190244881484E-010
          12          15   1.1566919206780999E-010
          12          16   3.6052915430795289E-013
          12          17   1.1221145126160830E-010
          12          18  -2.4146871166562602E-010
          12          19  -8.2026827026447598E-011
          12          20  -2.7165434783859803E-010
          12          21   6.4407989493345519E-011
          12          22  -3.2705515931310595E-013
          12          23   6.4055404033490610E-011
          12          24  -1.2825495827669634E-010
          12          25  -4.4404109826846125E-011
          12          26  -1.5838126122612928E-010
          12          27   3.8006842481045494E-004
          12          28   1.1544609144733626E-012
          12          29   5.9658723626419965E-005
          12          30  -1.5252914717919663E-012
          12          31  -9.4236468750815575E-011
          12          32  -9.8588046010338726E-012
          12          33   1.1663758480673415E-010
          12          34   2.7202604576575870E-005
          12          35   6.1075739695288314E-014
          12          36   7.7196893224804554E-011
          13           1   1.2848635966931456E-011
          13           2  -3.7411965941732700E-011
          13           3   1.2107234093313157E-010
          13           4  -2.5279372063270785E-010
          13           5  -3.2379002701687797E-010
          13           6   2.8217439549911311E-011
          13           7  -1.0784017058733298E-002
          13           8  -1.3307416778540825E-009
          13           9  -7.9437229834488103E-011
          13          10   2.5382893944986377E-002
          13          11   3.7395382585181851E-009
          13          12  -7.1598859814658881E-013
          13          13   3.2264194344251175E-004
          13          14   9.4862171751555201E-011
          13          15  -9.6328449492221547E-011
          13          16  -6.2244403409727424E-013
          13          17   3.8024557839516788E-010
          13          18   2.2671308251681091E-010
          13          19  -5.4766892596539712E-010
          13          20  -1.8735288577646633E-010
          13          21  -6.0325903510066314E-011
          13          22   2.0853388911115176E-013
          13          23   1.7689044939384089E-010
          13          24   1.2015472270139042E-010
          13          25  -2.9105536926006500E-010
          13          26  -1.0758720991319693E-010
          13          27  -7.8178100429533193E-013
          13          28   5.9658711769226963E-005
          13          29  -5.4923258701622733E-013
          13          30   3.8006844047469091E-004
          13          31   7.1891904050813172E-011
          13          32  -1.9292435056460294E-011
          13          33  -2.3824807874088155E-011
          13          34  -6.0143389917109962E-013
          13          35   2.7202612020784998E-005
          13          36   6.1465413292988966E-011
          14           1  -1.8914793896830403E-012
          14           2   5.5049772770327538E-012
          14           3  -2.4394565208666279E-011
          14           4   4.3876023011988083E-011
          14           5   3.1519058453656037E-011
          14           6  -1.4404182153427209E-009
          14           7  -1.3596334478537319E-009
          14           8  -1.4637925094131473E-002
          14           9   4.0029393595004010E-009
          14          10   3.8223638496728447E-009
          14          11   3.6159641278290702E-002
          14          12   1.0850190244881484E-010
          14          13   9.4862171751555201E-011
          14          14   6.0357292002477633E-004
          14          15   7.8368533399563400E-011
          14          16   6.4596997281193240E-013
          14          17  -1.9856557630417716E-010
          14          18  -1.7111515151235389E-009
          14          19   6.1969368032043148E-010
          14          20   1.1518559090997461E-010
          14          21   3.9506163049788980E-011
          14          22  -2.3751390180485654E-013
          14          23  -9.8957904972159013E-011
          14          24  -9.1000658475917922E-010
          14          25   3.2939853547918046E-010
          14          26   6.7324378699946560E-011
          14          27   1.0123755131884564E-010
          14          28   4.1426162755213353E-011
          14          29   1.5856570744573143E-010
          14          30   1.2049388568737729E-010
          14          31   3.1269486969495741E-004
          14          32   5.2958909606865163E-013
          14          33   3.1269486305926812E-004
          14          34  -1.8510348173699466E-010
          14          35  -6.8303367543002944E-011
          14          36   2.5588636567684550E-004
          15           1   2.1563797128231692E-002
          15           2  -3.7498136264293491E-002
          15           3   9.6120163251738513E-002
          15           4  -9.4850078750614367E-002
          15           5  -6.3803965660036988E-002
          15           6  -8.6887330759719322E-011
          15           7  -4.8178853158431913E-012
          15           8   6.0057316245207420E-012
          15           9   2.3302815853805561E-010
          15          10   3.7765443070720409E-011
          15          11  -2.1914763513557198E-011
          15          12   1.1566919206780999E-010
          15          13  -9.6328449492221547E-011
          15          14   7.8368533399563400E-011
          15          15  0.59230990355474211     
          15          16   4.4815529873267797E-009
          15          17 -0.32007710281311397     
          15          18  -8.2239831442701217E-009
          15          19   2.9404471650834012E-008
          15          20 -0.26103198901888297     
          15          21  0.29423489426832411     
          15          22   2.2076344455381645E-009
          15          23 -0.16003757388199213     
          15          24   1.9609415613318513E-009
          15          25   6.5456941557840154E-009
          15          26 -0.15139903493640369     
          15          27   3.4295883627537756E-011
          15          28  -1.2883011127220313E-011
          15          29  -3.9515110572774867E-011
          15          30  -5.1676383754249804E-012
          15          31   7.7762579619211520E-012
          15          32   7.0636204504293031E-012
          15          33   7.0188733448734765E-012
          15          34  -1.4275177339368047E-011
          15          35   3.0335648684274808E-012
          15          36   4.6103310679494643E-012
          16           1  -4.6938801784513896E-012
          16           2   1.1901075107092721E-011
          16           3  -9.2422857657713164E-011
          16           4   1.7605034041461802E-010
          16           5   3.4754898041610293E-011
          16           6  -9.2971694400126024E-012
          16           7   3.1748710437721270E-011
          16           8  -1.2239459923606823E-011
          16           9   2.6344379586672370E-011
          16          10  -8.5026841130525619E-011
          16          11   3.7703747839770309E-011
          16          12   3.6052915430795289E-013
          16          13  -6.2244403409727424E-013
          16          14   6.4596997281193240E-013
          16          15   4.4815529873267797E-009
          16          16   2.1239311686786315E-013
          16          17  -5.2292421761660375E-009
          16          18   1.4186151311698640E-007
          16          19   3.2307232300384585E-007
          16          20   7.7107922536619870E-010
          16          21   2.2265738987065746E-009
          16          22   1.1250927535585157E-013
          16          23  -2.6083753033203148E-009
          16          24   7.5412307401768627E-008
          16          25   1.7174234809161680E-007
          16          26   4.4897885871505632E-010
          16          27   3.5736621632805738E-013
          16          28   1.2319560340351051E-012
          16          29   1.4765826426326107E-013
          16          30  -1.7659484066404889E-012
          16          31   3.2306938735730484E-013
          16          32   7.0040325663609259E-017
          16          33   3.2304391154043655E-013
          16          34  -8.3113644840675043E-015
          16          35  -6.3733694956338490E-013
          16          36   3.7866365004140150E-013
          17           1   2.1563796031221646E-002
          17           2  -3.7498132757667620E-002
          17           3   9.6120145456054240E-002
          17           4  -9.4850057198997501E-002
          17           5  -6.3803963484808227E-002
          17           6  -5.3563674457238949E-011
          17           7   6.6347171326579059E-011
          17           8  -3.4880005747504375E-011
          17           9   1.3959419995596993E-010
          17          10  -1.9219208101431771E-010
          17          11   1.1319036469453106E-010
          17          12   1.1221145126160830E-010
          17          13   3.8024557839516788E-010
          17          14  -1.9856557630417716E-010
          17          15 -0.32007710281311397     
          17          16  -5.2292421761660375E-009
          17          17  0.59230991325556182     
          17          18   3.3590065271187500E-008
          17          19   9.9677320076543531E-009
          17          20 -0.26103199378410630     
          17          21 -0.16003757133002569     
          17          22  -2.6284449913756565E-009
          17          23  0.29423490091554627     
          17          24   6.0438820040172620E-009
          17          25   7.4009646049216600E-009
          17          26 -0.15139903402412783     
          17          27   2.5335933320216664E-011
          17          28   8.4051361831562118E-012
          17          29   3.6766485413969646E-011
          17          30   4.6790187494135395E-012
          17          31  -6.6934209126393097E-012
          17          32  -2.9025964938714832E-012
          17          33  -2.3554953734547826E-012
          17          34   1.4568865239743953E-011
          17          35   1.0940047119698705E-011
          17          36  -1.7650771199238022E-011
          18           1  -4.8149950706070656E-009
          18           2   1.6106991703006238E-008
          18           3  -6.4135530308136215E-008
          18           4   7.5704993700528729E-008
          18           5   1.2085780771245403E-008
          18           6   2.8040439037280347E-011
          18           7   2.4277319327064022E-010
          18           8  -7.5760276408651337E-011
          18           9  -5.4422883856924646E-011
          18          10  -7.9308990876186863E-010
          18          11   2.8721493566219721E-010
          18          12  -2.4146871166562602E-010
          18          13   2.2671308251681091E-010
          18          14  -1.7111515151235389E-009
          18          15  -8.2239831442701217E-009
          18          16   1.4186151311698640E-007
          18          17   3.3590065271187500E-008
          18          18  0.58632481364823830     
          18          19   3.1587980584950716E-010
          18          20  -2.0526922390178101E-008
          18          21   6.1034764627022572E-009
          18          22   7.7219724472339258E-008
          18          23   8.8940122307594794E-009
          18          24  0.31168500904198343     
          18          25  -4.7733687913721194E-010
          18          26   5.4648517239098371E-009
          18          27   1.1788665664022415E-010
          18          28   1.9771517500707925E-011
          18          29   1.7125906409187310E-010
          18          30   3.9235339548904099E-010
          18          31   4.4590046965661055E-010
          18          32   1.7574170703394428E-010
          18          33   6.1182865985175763E-011
          18          34   1.9718612118899011E-010
          18          35   1.6558944116977564E-010
          18          36  -2.2737798927689733E-010
          19           1  -5.0747781597452145E-009
          19           2   1.6451874481923912E-008
          19           3  -7.5487546982100836E-008
          19           4   9.2416958510860506E-008
          19           5   1.4611843879107792E-008
          19           6   1.0832813183081580E-011
          19           7  -6.1238012186578358E-011
          19           8   1.6811568028276819E-011
          19           9  -5.2793383175805136E-011
          19          10   2.0692696594808800E-010
          19          11  -6.8681878973915177E-011
          19          12  -8.2026827026447598E-011
          19          13  -5.4766892596539712E-010
          19          14   6.1969368032043148E-010
          19          15   2.9404471650834012E-008
          19          16   3.2307232300384585E-007
          19          17   9.9677320076543531E-009
          19          18   3.1587980584950716E-010
          19          19  0.58632481215654442     
          19          20  -2.5271274754994026E-008
          19          21   1.4726670922897418E-008
          19          22   1.7023133547395295E-007
          19          23   1.7049571108611583E-008
          19          24   2.3334081667024382E-010
          19          25  0.31168500961755152     
          19          26   5.3918249768697868E-009
          19          27  -4.5868317482913021E-011
          19          28  -8.5968557826318576E-011
          19          29  -3.8780644697283954E-011
          19          30   4.1995543377462978E-012
          19          31  -1.8283634636153514E-010
          19          32   5.2067227561814574E-011
          19          33  -6.1392583941297667E-011
          19          34  -4.9914225184104337E-011
          19          35  -4.4994615033100995E-011
          19          36   8.3383044019980754E-011
          20           1   1.0380296106105535E-002
          20           2  -5.6450309862696342E-004
          20           3  -6.3171447114445500E-002
          20           4   8.9574675810802737E-002
          20           5  -3.1348115127174600E-002
          20           6  -1.2740817792196388E-010
          20           7  -1.0212093826781145E-011
          20           8   2.6203591665743071E-011
          20           9   3.6872732474087823E-010
          20          10   5.0402007719914019E-011
          20          11  -8.2131717863275137E-011
          20          12  -2.7165434783859803E-010
          20          13  -1.8735288577646633E-010
          20          14   1.1518559090997461E-010
          20          15 -0.26103198901888297     
          20          16   7.7107922536619870E-010
          20          17 -0.26103199378410630     
          20          18  -2.0526922390178101E-008
          20          19  -2.5271274754994026E-008
          20          20  0.55781722065211536     
          20          21 -0.13599909771725296     
          20          22   4.2411862854350795E-010
          20          23 -0.13599909870555640     
          20          24   1.7471130294036911E-010
          20          25  -2.5240044515223065E-009
          20          26  0.32474102427034546     
          20          27  -3.9624555819730811E-011
          20          28   2.2044984298721726E-012
          20          29  -3.1397671453622778E-012
          20          30  -6.0192873425032423E-012
          20          31   3.1663488174637690E-014
          20          32  -3.9037164016267030E-012
          20          33  -4.5735731748586528E-012
          20          34   6.6054141988458119E-012
          20          35  -1.7344731058029362E-011
          20          36   1.5225598623242513E-011
          21           1   2.8838046459906939E-003
          21           2  -1.4710619039596529E-002
          21           3   4.2596340093241453E-002
          21           4  -3.4205706091319600E-002
          21           5  -1.0532298279070576E-002
          21           6  -4.6307874253113382E-012
          21           7  -1.8713365027946588E-011
          21           8   1.7583350852909798E-012
          21           9   7.7469068417144117E-013
          21          10   4.7435593900150630E-011
          21          11  -7.8988636040433523E-012
          21          12   6.4407989493345519E-011
          21          13  -6.0325903510066314E-011
          21          14   3.9506163049788980E-011
          21          15  0.29423489426832411     
          21          16   2.2265738987065746E-009
          21          17 -0.16003757133002569     
          21          18   6.1034764627022572E-009
          21          19   1.4726670922897418E-008
          21          20 -0.13599909771725296     
          21          21  0.14716595233045443     
          21          22   1.0977161132751295E-009
          21          23  -7.9013807790880380E-002
          21          24   5.6753327736768255E-009
          21          25   2.7891169878708570E-009
          21          26  -7.8949040149283847E-002
          21          27   1.3944082101357284E-011
          21          28  -6.5413322068720477E-012
          21          29  -1.7418457967963106E-011
          21          30  -1.2946856374817145E-012
          21          31   3.7671957735266915E-012
          21          32   3.5474040374206649E-012
          21          33   3.5350333009330068E-012
          21          34  -8.4852054152390589E-012
          21          35   2.1529578009600430E-012
          21          36   2.1031068442875389E-012
          22           1  -5.3613617326295083E-012
          22           2   1.6511040007718641E-011
          22           3  -7.8373798909144355E-011
          22           4   1.1559287871648144E-010
          22           5   4.6905795027402256E-011
          22           6   1.3650105441976521E-011
          22           7  -6.6026017395668448E-012
          22           8   4.5464515912150220E-012
          22           9  -3.9285665760891482E-011
          22          10   1.6024609643317919E-011
          22          11  -1.3875182628887733E-011
          22          12  -3.2705515931310595E-013
          22          13   2.0853388911115176E-013
          22          14  -2.3751390180485654E-013
          22          15   2.2076344455381645E-009
          22          16   1.1250927535585157E-013
          22          17  -2.6284449913756565E-009
          22          18   7.7219724472339258E-008
          22          19   1.7023133547395295E-007
          22          20   4.2411862854350795E-010
          22          21   1.0977161132751295E-009
          22          22   5.9607411610041540E-014
          22          23  -1.3101401051984848E-009
          22          24   4.1049312604872619E-008
          22          25   9.0493450509285289E-008
          22          26   2.4660770368574613E-010
          22          27  -7.6601306532770303E-013
          22          28   5.4200703689889209E-014
