           1           1   2.2500169203939824     
           1           2 -0.81528013508343800     
           1           3  0.24944268181378529     
           1           4  -3.8621319365357280E-002
           1           5  -2.5459342955838560E-002
           1           6  -3.5973891801976905E-010
           1           7  -4.1650928578685287E-011
           1           8   1.7496221632471460E-010
           1           9   6.6164789935175203E-010
           1          10  -1.0125737276808624E-010
           1          11   1.6793888007799436E-010
           1          12   7.4073423749276175E-011
           1          13   3.8722317503119175E-011
           1          14  -5.4513314625963127E-011
           1          15   1.7842945827190780E-002
           1          16   4.6063409631815403E-009
           1          17   1.7842946125844313E-002
           1          18  -8.9164099583262865E-010
           1          19  -3.9346996012047091E-010
           1          20   1.7842950651752291E-002
           1          21   1.0518550025020491E-004
           1          22   1.3871061980414739E-009
           1          23   1.0518564304026594E-004
           1          24  -2.0668292457923189E-010
           1          25  -1.2120618070920830E-010
           1          26   1.0518722162767126E-004
           1          27  -2.6798642952949223E-011
           1          28  -3.5525027033655204E-011
           1          29   1.3734737511351482E-012
           1          30  -7.8884868437640384E-011
           1          31   1.5960573077076981E-011
           1          32  -1.1018844728863386E-011
           1          33   4.2074470075381281E-012
           1          34  -1.5538267330135098E-011
           1          35  -9.5597198484921454E-012
           1          36  -9.9463859167913913E-012
           2           1 -0.81528013508343800     
           2           2   2.6618890655382357     
           2           3  -1.0559229788979876     
           2           4  0.11660975550837449     
           2           5   7.4167027671510025E-002
           2           6   1.2624518203146998E-009
           2           7   1.7682246823233603E-010
           2           8  -6.5668569568317580E-010
           2           9  -2.3945385173708737E-009
           2          10   2.0542885674304476E-010
           2          11  -3.0513687565097117E-010
           2          12  -2.3304308299499396E-010
           2          13  -1.0436252111395999E-010
           2          14   1.9174888115926117E-010
           2          15  -8.5774948595617184E-003
           2          16  -1.5868538098724204E-008
           2          17  -8.5774959526651803E-003
           2          18   2.6624531981621563E-009
           2          19   6.7359186476142734E-010
           2          20  -8.5775103522007148E-003
           2          21  -1.5210179623154267E-003
           2          22  -4.8368164625424809E-009
           2          23  -1.5210183720056917E-003
           2          24   5.8566749791468547E-010
           2          25   1.1730919355706874E-010
           2          26  -1.5210235005512136E-003
           2          27   5.9702531632032581E-011
           2          28   1.0683150636122963E-010
           2          29  -2.3879415537768622E-011
           2          30   2.2696357459286438E-010
           2          31  -3.5899803558451218E-011
           2          32   4.1494846671206050E-011
           2          33   9.7090228892475158E-012
           2          34   4.2955064968050957E-011
           2          35   2.8211787806289406E-012
           2          36   8.6891773491373775E-011
           3           1  0.24944268181378529     
           3           2  -1.0559229788979876     
           3           3   2.6075702156527338     
           3           4 -0.39750048481173400     
           3           5 -0.25944114958346987     
           3           6  -2.7175290732269519E-009
           3           7  -1.2052726256614369E-009
           3           8  -3.9313691752142501E-009
           3           9   7.6146547814627218E-009
           3          10   3.5189755895781670E-009
           3          11   8.6387245962630978E-009
           3          12   7.7339445524870503E-010
           3          13   4.8908401751968141E-010
           3          14  -5.2079251461959799E-010
           3          15   1.0888721635309932E-002
           3          16   4.8122137759733225E-008
           3          17   1.0888727043469063E-002
           3          18  -6.0668068920957387E-009
           3          19  -4.7781143773937179E-009
           3          20   1.0888753901032042E-002
           3          21  -5.0852708911923294E-003
           3          22   1.4878942660508654E-008
           3          23  -5.0852687913492704E-003
           3          24  -1.1503878184262140E-009
           3          25  -1.4733525188288497E-009
           3          26  -5.0852594370913648E-003
           3          27   1.2669420778685466E-010
           3          28  -1.1215830392551760E-010
           3          29   1.9327812753187601E-010
           3          30  -2.3983491721229224E-010
           3          31  -6.4183255766696885E-011
           3          32  -1.1192937559669896E-010
           3          33  -2.0252259886059290E-010
           3          34   1.6843392087414260E-011
           3          35   1.4417592056498843E-010
           3          36  -6.5737638689492374E-010
           4           1  -3.8621319365357280E-002
           4           2  0.11660975550837449     
           4           3 -0.39750048481173400     
           4           4  0.86292321854592247     
           4           5  0.55141761295242708     
           4           6   1.8917171446795541E-009
           4           7  -4.6502359372673795E-009
           4           8  -3.1306831859530231E-009
           4           9  -5.0397254895883299E-009
           4          10   1.2486755826442580E-008
           4          11   8.4065324465535564E-009
           4          12  -1.3333471501053010E-009
           4          13  -1.2863112732933464E-009
           4          14   5.3527650722852908E-010
           4          15  -4.5259708003732663E-002
           4          16  -1.1046433105548227E-007
           4          17  -4.5259715731948466E-002
           4          18   2.5504589331767252E-008
           4          19   9.0539343573720496E-009
           4          20  -4.5259841233845757E-002
           4          21   2.3234231127036022E-002
           4          22  -3.6673143865400317E-008
           4          23   2.3234225690483147E-002
           4          24   7.8763771260663503E-009
           4          25   4.3159334104516874E-009
           4          26   2.3234183221375538E-002
           4          27  -1.1849231703710423E-010
           4          28  -1.4123335541655279E-010
           4          29  -8.7385044796737138E-011
           4          30  -7.5503786931801627E-011
           4          31   4.0718235442311993E-011
           4          32   2.4802862357596330E-011
           4          33   9.8422520461104441E-011
           4          34  -1.0295078279575182E-010
           4          35  -3.3113756531991362E-011
           4          36   4.2287981492144079E-010
           5           1  -2.5459342955838560E-002
           5           2   7.4167027671510025E-002
           5           3 -0.25944114958346987     
           5           4  0.55141761295242708     
           5           5  0.35237782897801928     
           5           6  -1.6571543412628605E-009
           5           7   3.8835184444867616E-009
           5           8   3.2698747944390090E-009
           5           9   4.6755846184555806E-009
           5          10  -1.0414349938962330E-008
           5          11  -8.7583834425710036E-009
           5          12  -8.1893960918540937E-010
           5          13  -8.9963300918894454E-010
           5          14   2.8284421707346416E-010
           5          15  -2.8899542272931494E-002
           5          16   9.8181007662135313E-008
           5          17  -2.8899525858623105E-002
           5          18   7.1635562961308491E-009
           5          19   4.4238667096203011E-008
           5          20  -2.8899522068265650E-002
           5          21   1.4837123390378560E-002
           5          22   3.8210095683951818E-008
           5          23   1.4837127718016286E-002
           5          24   1.6960427464522334E-009
           5          25   1.6801170779912009E-008
           5          26   1.4837131253231927E-002
           5          27  -7.8251455355493800E-011
           5          28  -8.7664698930127345E-011
           5          29  -5.7250159659982483E-011
           5          30  -4.2729951954364991E-011
           5          31   2.7919533762730015E-011
           5          32   1.6079439955645827E-011
           5          33   6.5052563630791596E-011
           5          34  -6.6776422507642516E-011
           5          35  -1.9268178576273720E-011
           5          36   2.7529823147273102E-010
           6           1  -3.5973891801976905E-010
           6           2   1.2624518203146998E-009
           6           3  -2.7175290732269519E-009
           6           4   1.8917171446795541E-009
           6           5  -1.6571543412628605E-009
           6           6   2.3072685076237933     
           6           7   2.2009671891039814E-010
           6           8   3.6980211414049794E-010
           6           9 -0.84103152897127864     
           6          10  -9.0108047561947174E-010
           6          11  -9.6896191247939485E-010
           6          12  -7.4020670768453339E-003
           6          13   6.6926031120051417E-010
           6          14  -6.1697604469722215E-010
           6          15  -1.5242971758633014E-009
           6          16   7.5463349804759918E-010
           6          17   1.8845268811194365E-010
           6          18   1.0340918328830264E-010
           6          19   5.7210156070400498E-010
           6          20   1.6087056307620791E-009
           6          21  -4.2091312369542958E-010
           6          22  -1.2344230559593526E-010
           6          23  -4.8824386963307213E-010
           6          24   7.0955734625583547E-010
           6          25   5.8809133404937481E-010
           6          26   1.1157205118006793E-009
           6          27  -2.0813151552862902E-003
           6          28  -1.8815781023346965E-010
           6          29  -9.3079270559469590E-004
           6          30   5.7351236914920248E-010
           6          31   1.7823124212422554E-010
           6          32  -7.5531136444711083E-011
           6          33  -6.3894720685123880E-011
           6          34  -9.3079240727668552E-004
           6          35  -2.6204796392925163E-011
           6          36   4.7828265052996629E-010
           7           1  -4.1650928578685287E-011
           7           2   1.7682246823233603E-010
           7           3  -1.2052726256614369E-009
           7           4  -4.6502359372673795E-009
           7           5   3.8835184444867616E-009
           7           6   2.2009671891039814E-010
           7           7   2.3072685086292068     
           7           8   1.0999991322584417E-010
           7           9  -4.6901356399364863E-010
           7          10 -0.84103153232402761     
           7          11   2.7536281660758106E-010
           7          12   1.0845959041361840E-009
           7          13  -7.4020673209513749E-003
           7          14  -2.9326896224174025E-010
           7          15  -4.9420364192290375E-010
           7          16  -9.4904438283665454E-011
           7          17   2.6259653255473975E-009
           7          18  -2.1990325960687997E-009
           7          19   2.4462077106512971E-009
           7          20  -1.0748339984917656E-010
           7          21   2.8912788124600155E-009
           7          22   8.0002865538839344E-010
           7          23   6.5451066647197525E-010
           7          24  -1.9897437191367727E-009
           7          25   1.5246857747985411E-009
           7          26   8.2612416881317822E-010
           7          27   1.0942724252337088E-010
           7          28  -9.3079247396340428E-004
           7          29  -1.7357314365307790E-010
           7          30  -2.0813133710063667E-003
           7          31   8.1638413726753382E-010
           7          32  -3.5811629473959014E-010
           7          33   7.5146004636545015E-011
           7          34  -5.8247177901076364E-011
           7          35  -9.3079197978377347E-004
           7          36  -1.0323521005642678E-009
           8           1   1.7496221632471460E-010
           8           2  -6.5668569568317580E-010
           8           3  -3.9313691752142501E-009
           8           4  -3.1306831859530231E-009
           8           5   3.2698747944390090E-009
           8           6   3.6980211414049794E-010
           8           7   1.0999991322584417E-010
           8           8   2.3072685073328807     
           8           9  -7.9214375900660191E-010
           8          10   4.6083723454529677E-010
           8          11 -0.84103152793352520     
           8          12  -1.4373670134276045E-009
           8          13  -5.3474440137174712E-010
           8          14  -7.4020672305176944E-003
           8          15  -1.8140527557919116E-009
           8          16   3.3978422629600394E-009
           8          17   3.7770780882664357E-010
           8          18   1.7338623463165986E-009
           8          19   3.2621061602360706E-010
           8          20   6.6222792570186351E-009
           8          21  -6.2579356731233721E-010
           8          22   2.3827614132957891E-009
           8          23  -6.4888459371203908E-011
           8          24   1.0819981219109747E-009
           8          25  -7.4383013810736114E-010
           8          26   7.8277448545257254E-010
           8          27   7.0622106647210785E-010
           8          28   1.4694156959415616E-010
           8          29  -2.9908823632748338E-010
           8          30  -4.7765722991971690E-010
           8          31  -9.3079224109106514E-004
           8          32   3.1655285006289415E-010
           8          33  -9.3079263363790490E-004
           8          34   5.8039556129159678E-010
           8          35   1.0571062246463479E-013
           8          36  -2.0813160426784508E-003
           9           1   6.6164789935175203E-010
           9           2  -2.3945385173708737E-009
           9           3   7.6146547814627218E-009
           9           4  -5.0397254895883299E-009
           9           5   4.6755846184555806E-009
           9           6 -0.84103152897127864     
           9           7  -4.6901356399364863E-010
           9           8  -7.9214375900660191E-010
           9           9   2.3068921111997098     
           9          10   2.0826255447390470E-009
           9          11   2.1198759317899024E-009
           9          12   9.7814855911717326E-003
           9          13  -1.8887175713467098E-009
           9          14   1.3389346000621656E-009
           9          15   3.7639800360443324E-009
           9          16  -1.8940103202030562E-009
           9          17  -3.2060570895239200E-010
           9          18  -7.6754176430195285E-011
           9          19  -1.0738249824190010E-009
           9          20  -4.7912023555895858E-009
           9          21   1.4804688413507952E-009
           9          22   6.6449775408804305E-010
           9          23   1.2385195667661028E-009
           9          24  -1.9550063721749767E-009
           9          25  -1.5382005914050776E-009
           9          26  -3.3032899988385818E-009
           9          27  -6.5322841731058740E-004
           9          28   5.6513873775219991E-010
           9          29  -2.9213184622682077E-004
           9          30  -1.5734411980370231E-009
           9          31  -4.4026248517873356E-010
           9          32   1.7919559797800761E-010
           9          33   3.5029658102101569E-011
           9          34  -2.9213277572928638E-004
           9          35   1.7366064158545119E-010
           9          36  -1.3394860010650420E-009
          10           1  -1.0125737276808624E-010
          10           2   2.0542885674304476E-010
          10           3   3.5189755895781670E-009
          10           4   1.2486755826442580E-008
          10           5  -1.0414349938962330E-008
          10           6  -9.0108047561947174E-010
          10           7 -0.84103153232402761     
          10           8   4.6083723454529677E-010
          10           9   2.0826255447390470E-009
          10          10   2.3068921220796588     
          10          11  -2.8173375704185578E-009
          10          12  -2.9174747289640457E-009
          10          13   9.7814864573183315E-003
          10          14   7.7855603891750170E-010
          10          15   1.3914893170135504E-009
          10          16  -1.7641899531854463E-010
          10          17  -8.2437313435242185E-009
          10          18   4.6235278670625628E-009
          10          19  -7.3515324011955639E-009
          10          20   1.0897646171286967E-009
          10          21  -7.9400275047707947E-009
          10          22  -1.7662726376930623E-009
          10          23  -1.7354559254515104E-009
          10          24   4.6379531813056022E-009
          10          25  -4.7662520617754169E-009
          10          26  -1.8033086846985891E-009
          10          27  -9.2850759899291194E-011
          10          28  -2.9213250747783234E-004
          10          29   2.9245710573434429E-010
          10          30  -6.5323341451692667E-004
          10          31  -2.0572317582022759E-009
          10          32   1.0812351592443784E-009
          10          33  -1.2627855168820993E-010
          10          34   6.6796498801944314E-012
          10          35  -2.9213411132919650E-004
          10          36   2.9369585693812439E-009
          11           1   1.6793888007799436E-010
          11           2  -3.0513687565097117E-010
          11           3   8.6387245962630978E-009
          11           4   8.4065324465535564E-009
          11           5  -8.7583834425710036E-009
          11           6  -9.6896191247939485E-010
          11           7   2.7536281660758106E-010
          11           8 -0.84103152793352520     
          11           9   2.1198759317899024E-009
          11          10  -2.8173375704185578E-009
          11          11   2.3068921077809144     
          11          12   3.8491071946660297E-009
          11          13   1.4617569781403271E-009
          11          14   9.7814861560827551E-003
          11          15   7.6993968550530279E-009
          11          16  -1.1774832437673078E-008
          11          17   3.8395370256709262E-010
          11          18  -4.8951492912765563E-009
          11          19  -1.0586205109216374E-009
          11          20  -1.9237477025443869E-008
          11          21   2.4888707613000678E-009
          11          22  -7.2934798012274222E-009
          11          23   5.7728888442840235E-010
          11          24  -2.8579229232257746E-009
          11          25   2.1847565888028651E-009
          11          26  -3.6318747511933500E-009
          11          27  -2.2185747780730306E-009
          11          28  -3.7409263068045927E-010
          11          29   9.3750772501718974E-010
          11          30   1.4074946614157175E-009
          11          31  -2.9213316399923832E-004
          11          32  -8.3890741295033434E-010
          11          33  -2.9213195323558394E-004
          11          34  -1.1771727187469211E-009
          11          35   9.5160479469315018E-011
          11          36  -6.5322627102902260E-004
          12           1   7.4073423749276175E-011
          12           2  -2.3304308299499396E-010
          12           3   7.7339445524870503E-010
          12           4  -1.3333471501053010E-009
          12           5  -8.1893960918540937E-010
          12           6  -7.4020670768453339E-003
          12           7   1.0845959041361840E-009
          12           8  -1.4373670134276045E-009
          12           9   9.7814855911717326E-003
          12          10  -2.9174747289640457E-009
          12          11   3.8491071946660297E-009
          12          12   4.8829659434627661E-005
          12          13  -2.0420447541084648E-011
          12          14   2.2268856490899230E-011
          12          15  -1.8301722705725301E-008
          12          16  -2.7095794812676864E-008
          12          17  -9.9535811382126455E-009
          12          18  -4.1393212244008302E-009
          12          19  -2.9739476981606298E-008
          12          20   2.8454707461100306E-008
          12          21  -6.7444508941676013E-009
          12          22  -9.8910995953679352E-009
          12          23  -3.6895683677457224E-009
          12          24  -1.5199814820238869E-009
          12          25  -1.0867015071652207E-008
          12          26   1.0326505676161684E-008
          12          27   1.6775206577769976E-006
          12          28   2.7220428534453571E-012
          12          29   7.5021333859978099E-007
          12          30  -5.8659612485072771E-012
          12          31  -2.3692794041431742E-012
          12          32   7.7933355879169621E-013
          12          33  -2.2217051443651458E-013
          12          34   7.5020947514645337E-007
          12          35   1.0254769453705133E-012
          12          36  -6.7081551671817352E-012
          13           1   3.8722317503119175E-011
          13           2  -1.0436252111395999E-010
          13           3   4.8908401751968141E-010
          13           4  -1.2863112732933464E-009
          13           5  -8.9963300918894454E-010
          13           6   6.6926031120051417E-010
          13           7  -7.4020673209513749E-003
          13           8  -5.3474440137174712E-010
          13           9  -1.8887175713467098E-009
          13          10   9.7814864573183315E-003
          13          11   1.4617569781403271E-009
          13          12  -2.0420447541084648E-011
          13          13   4.8829666314759894E-005
          13          14   9.5608697070253904E-012
          13          15   1.3817248441409626E-008
          13          16  -1.7249800339521088E-009
          13          17   1.1843071712934801E-008
          13          18   8.3230992976691073E-010
          13          19   1.8767570577693124E-008
          13          20  -2.5472305489480692E-008
          13          21   4.9486272622725244E-009
          13          22  -6.3765202733770504E-010
          13          23   4.2684632512909991E-009
          13          24   3.1670176272535574E-010
          13          25   6.8461936249285223E-009
          13          26  -9.3753726831967234E-009
          13          27   2.0278895031444494E-014
          13          28   7.5021041248981692E-007
          13          29   1.6183168757248119E-012
          13          30   1.6774992274573528E-006
          13          31  -9.0371259764154623E-012
          13          32   4.5156194132073850E-012
          13          33  -7.7826187476277792E-013
          13          34   3.8508257679414211E-013
          13          35   7.5020378526916801E-007
          13          36   1.1962370925695684E-011
          14           1  -5.4513314625963127E-011
          14           2   1.9174888115926117E-010
          14           3  -5.2079251461959799E-010
          14           4   5.3527650722852908E-010
          14           5   2.8284421707346416E-010
          14           6  -6.1697604469722215E-010
          14           7  -2.9326896224174025E-010
          14           8  -7.4020672305176944E-003
          14           9   1.3389346000621656E-009
          14          10   7.7855603891750170E-010
          14          11   9.7814861560827551E-003
          14          12   2.2268856490899230E-011
          14          13   9.5608697070253904E-012
          14          14   4.8829664082138106E-005
          14          15  -2.2713299229026078E-008
          14          16   3.9096865606030907E-008
          14          17  -2.1658683494789850E-009
          14          18   5.1582303260670415E-009
          14          19   1.4460089291656129E-008
          14          20   2.4755168492970042E-008
          14          21  -8.2754112149139093E-009
          14          22   1.4267237894632497E-008
          14          23  -7.6735871607751823E-010
          14          24   1.8793996404747169E-009
          14          25   5.2922774667978291E-009
          14          26   9.0786792820731632E-009
          14          27  -9.4382019551764117E-012
          14          28  -1.7027108263863270E-012
          14          29   3.7910906825421320E-012
          14          30   5.6841922100365845E-012
          14          31   7.5020768063430776E-007
          14          32  -3.5777143427492233E-012
          14          33   7.5021272069849303E-007
          14          34  -5.3831041312857135E-012
          14          35   2.3991214153078928E-013
          14          36   1.6775297336734164E-006
          15           1   1.7842945827190780E-002
          15           2  -8.5774948595617184E-003
          15           3   1.0888721635309932E-002
          15           4  -4.5259708003732663E-002
          15           5  -2.8899542272931494E-002
          15           6  -1.5242971758633014E-009
          15           7  -4.9420364192290375E-010
          15           8  -1.8140527557919116E-009
          15           9   3.7639800360443324E-009
          15          10   1.3914893170135504E-009
          15          11   7.6993968550530279E-009
          15          12  -1.8301722705725301E-008
          15          13   1.3817248441409626E-008
          15          14  -2.2713299229026078E-008
          15          15   1.4303305825665060     
          15          16   8.1266711997696103E-009
          15          17 -0.71135261542998773     
          15          18   4.7758024472833097E-009
          15          19  -2.9773736615208243E-009
          15          20 -0.71135260268864320     
          15          21  0.52025916797610994     
          15          22   4.9944261317088207E-009
          15          23 -0.26198332931492352     
          15          24  -6.4208004989342573E-009
          15          25   9.1698425298455879E-009
          15          26 -0.26198332000742275     
          15          27   1.3311432794874639E-009
          15          28  -1.4938262395321851E-009
          15          29  -1.2583500950101929E-009
          15          30  -1.0815786366682303E-009
          15          31  -1.2742459068460286E-009
          15          32   6.8262886520374447E-010
          15          33  -2.4535537240610673E-009
          15          34  -3.0686521503861776E-009
          15          35   2.0659916274371511E-009
          15          36  -1.6400827140773449E-009
          16           1   4.6063409631815403E-009
          16           2  -1.5868538098724204E-008
          16           3   4.8122137759733225E-008
          16           4  -1.1046433105548227E-007
          16           5   9.8181007662135313E-008
          16           6   7.5463349804759918E-010
          16           7  -9.4904438283665454E-011
          16           8   3.3978422629600394E-009
          16           9  -1.8940103202030562E-009
          16          10  -1.7641899531854463E-010
          16          11  -1.1774832437673078E-008
          16          12  -2.7095794812676864E-008
          16          13  -1.7249800339521088E-009
          16          14   3.9096865606030907E-008
          16          15   8.1266711997696103E-009
          16          16   1.4277887930751796     
          16          17  -1.6202085680514700E-008
          16          18  -1.7419301550257683E-009
          16          19  -2.2577338440647374E-009
          16          20   1.8003817158983371E-008
          16          21  -3.6185807202269064E-008
          16          22  0.52149499982326519     
          16          23  -4.9627430925549844E-009
          16          24  -6.9981188680777972E-009
          16          25  -1.1285082321343481E-008
          16          26  -3.8359028792208232E-008
          16          27   3.0762171388029100E-009
          16          28   5.3481594851860842E-010
          16          29   2.7003958827754666E-009
          16          30   4.8066053028614042E-009
          16          31   1.9134150252653027E-010
          16          32  -3.0198299536782363E-009
          16          33   3.2573809606606260E-009
          16          34   4.4364207047671346E-009
          16          35  -3.6440168027376798E-009
          16          36  -4.7533506178212015E-010
          17           1   1.7842946125844313E-002
          17           2  -8.5774959526651803E-003
          17           3   1.0888727043469063E-002
          17           4  -4.5259715731948466E-002
          17           5  -2.8899525858623105E-002
          17           6   1.8845268811194365E-010
          17           7   2.6259653255473975E-009
          17           8   3.7770780882664357E-010
          17           9  -3.2060570895239200E-010
          17          10  -8.2437313435242185E-009
          17          11   3.8395370256709262E-010
          17          12  -9.9535811382126455E-009
          17          13   1.1843071712934801E-008
          17          14  -2.1658683494789850E-009
          17          15 -0.71135261542998773     
          17          16  -1.6202085680514700E-008
          17          17   1.4303305866847977     
          17          18  -1.5180907889625667E-009
          17          19  -9.2500204063551195E-009
          17          20 -0.71135260956594926     
          17          21 -0.26198332998721663     
          17          22   2.6031015537192773E-009
          17          23  0.52025915981606485     
          17          24  -4.8356205535074088E-009
          17          25   1.5325979575112363E-009
          17          26 -0.26198332448231865     
          17          27   1.5788754896827576E-009
          17          28   1.2566252290939639E-009
          17          29  -1.3353519555621524E-009
          17          30  -2.0055679416223892E-010
          17          31  -1.3635228446576786E-009
          17          32   9.2034449632863819E-010
          17          33  -1.4618824825877535E-010
          17          34  -2.1072454688200947E-009
          17          35   2.0908415654387354E-009
          17          36  -4.0093000265663176E-010
          18           1  -8.9164099583262865E-010
          18           2   2.6624531981621563E-009
          18           3  -6.0668068920957387E-009
          18           4   2.5504589331767252E-008
          18           5   7.1635562961308491E-009
          18           6   1.0340918328830264E-010
          18           7  -2.1990325960687997E-009
          18           8   1.7338623463165986E-009
          18           9  -7.6754176430195285E-011
          18          10   4.6235278670625628E-009
          18          11  -4.8951492912765563E-009
          18          12  -4.1393212244008302E-009
          18          13   8.3230992976691073E-010
          18          14   5.1582303260670415E-009
          18          15   4.7758024472833097E-009
          18          16  -1.7419301550257683E-009
          18          17  -1.5180907889625667E-009
          18          18   1.4277888024158047     
          18          19   5.0132319609350740E-009
          18          20  -1.0020800506546312E-008
          18          21  -3.8527686064065028E-009
          18          22   9.0624485242059230E-009
          18          23   2.0207736500001987E-009
          18          24  0.52149499428851065     
          18          25   2.2351508541285337E-009
          18          26  -1.7463682089227140E-009
          18          27   1.6964939562154527E-009
          18          28   1.5421831969177492E-009
          18          29  -1.2878022213030096E-009
          18          30   1.4041050330061332E-009
          18          31  -6.6685395844613707E-010
          18          32  -3.6259963685213545E-010
          18          33   2.2673624452306969E-010
          18          34   9.7815602379549313E-010
          18          35   1.1944985992933751E-009
          18          36   6.1630026526368644E-010
          19           1  -3.9346996012047091E-010
          19           2   6.7359186476142734E-010
          19           3  -4.7781143773937179E-009
          19           4   9.0539343573720496E-009
          19           5   4.4238667096203011E-008
          19           6   5.7210156070400498E-010
          19           7   2.4462077106512971E-009
          19           8   3.2621061602360706E-010
          19           9  -1.0738249824190010E-009
          19          10  -7.3515324011955639E-009
          19          11  -1.0586205109216374E-009
          19          12  -2.9739476981606298E-008
          19          13   1.8767570577693124E-008
          19          14   1.4460089291656129E-008
          19          15  -2.9773736615208243E-009
          19          16  -2.2577338440647374E-009
          19          17  -9.2500204063551195E-009
          19          18   5.0132319609350740E-009
          19          19   1.4277888009008191     
          19          20   9.7947187758621574E-009
          19          21  -1.4008422821338856E-008
          19          22   1.3960689355702594E-008
          19          23   1.0622885398203862E-009
          19          24  -8.1762410690104747E-009
          19          25  0.52149499518628684     
          19          26  -8.2158062669968386E-009
          19          27   3.0388115451339854E-009
          19          28   1.0187078501373263E-009
          19          29   9.2556870432063166E-010
          19          30   1.5980402562745995E-009
          19          31  -1.8731081972905407E-009
          19          32  -8.4307700537020897E-010
          19          33  -1.6597564752080311E-009
          19          34  -2.3241443040337664E-009
          19          35   1.3685958173267845E-009
          19          36   2.5405058374565173E-010
          20           1   1.7842950651752291E-002
          20           2  -8.5775103522007148E-003
          20           3   1.0888753901032042E-002
          20           4  -4.5259841233845757E-002
          20           5  -2.8899522068265650E-002
          20           6   1.6087056307620791E-009
          20           7  -1.0748339984917656E-010
          20           8   6.6222792570186351E-009
          20           9  -4.7912023555895858E-009
          20          10   1.0897646171286967E-009
          20          11  -1.9237477025443869E-008
          20          12   2.8454707461100306E-008
          20          13  -2.5472305489480692E-008
          20          14   2.4755168492970042E-008
          20          15 -0.71135260268864320     
          20          16   1.8003817158983371E-008
          20          17 -0.71135260956594926     
          20          18  -1.0020800506546312E-008
          20          19   9.7947187758621574E-009
          20          20   1.4303306161327609     
          20          21 -0.26198333729756207     
          20          22  -4.5377243363644203E-009
          20          23 -0.26198333039247612     
          20          24   9.0080818748271453E-009
          20          25  -1.1758886405047919E-008
          20          26  0.52025915946337165     
          20          27  -2.8924861063573626E-009
          20          28   2.6147591458432666E-010
          20          29   2.6054654475249560E-009
          20          30   1.2970863799084643E-009
          20          31   2.6331741123649245E-009
          20          32  -1.6056381688136199E-009
          20          33   2.5874933363547876E-009
          20          34   5.1923841017421659E-009
          20          35  -4.1533240832494842E-009
          20          36   1.9831062625080650E-009
          21           1   1.0518550025020491E-004
          21           2  -1.5210179623154267E-003
          21           3  -5.0852708911923294E-003
          21           4   2.3234231127036022E-002
          21           5   1.4837123390378560E-002
          21           6  -4.2091312369542958E-010
          21           7   2.8912788124600155E-009
          21           8  -6.2579356731233721E-010
          21           9   1.4804688413507952E-009
          21          10  -7.9400275047707947E-009
          21          11   2.4888707613000678E-009
          21          12  -6.7444508941676013E-009
          21          13   4.9486272622725244E-009
          21          14  -8.2754112149139093E-009
          21          15  0.52025916797610994     
          21          16  -3.6185807202269064E-008
          21          17 -0.26198332998721663     
          21          18  -3.8527686064065028E-009
          21          19  -1.4008422821338856E-008
          21          20 -0.26198333729756207     
          21          21  0.19111533219523524     
          21          22  -1.2311214591610235E-008
          21          23  -9.4596077381623261E-002
          21          24  -4.4543402784338040E-009
          21          25  -1.3208358464560767E-009
          21          26  -9.4596078192553085E-002
          21          27   4.8073689213750650E-010
          21          28  -5.5162909780046979E-010
          21          29  -4.6317641615211226E-010
          21          30  -3.9695473324398552E-010
          21          31  -4.6358571199077187E-010
          21          32   2.5009020334641658E-010
          21          33  -8.9208767402149471E-010
          21          34  -1.1257941182886368E-009
          21          35   7.5472432345526832E-010
          21          36  -5.8102105244398355E-010
          22           1   1.3871061980414739E-009
          22           2  -4.8368164625424809E-009
          22           3   1.4878942660508654E-008
          22           4  -3.6673143865400317E-008
          22           5   3.8210095683951818E-008
          22           6  -1.2344230559593526E-010
          22           7   8.0002865538839344E-010
          22           8   2.3827614132957891E-009
          22           9   6.6449775408804305E-010
          22          10  -1.7662726376930623E-009
          22          11  -7.2934798012274222E-009
          22          12  -9.8910995953679352E-009
          22          13  -6.3765202733770504E-010
          22          14   1.4267237894632497E-008
          22          15   4.9944261317088207E-009
          22          16  0.52149499982326519     
          22          17   2.6031015537192773E-009
          22          18   9.0624485242059230E-009
          22          19   1.3960689355702594E-008
          22          20  -4.5377243363644203E-009
          22          21  -1.2311214591610235E-008
          22          22  0.19047427474029877     
          22          23   1.4650453701868670E-009
          22          24   9.8638281854277971E-010
          22          25   1.2784589930355647E-009
          22          26  -1.7904188302956904E-008
          22          27   1.1230877836418516E-009
          22          28   1.9544806142469497E-010
