           1           1   2.1548857188818129     
           1           2 -0.58026763393210079     
           1           3  0.10314493167206557     
           1           4   6.6341027297899674E-002
           1           5   5.3901934754557019E-012
           1           6   1.0421754490032943E-012
           1           7  -2.2692449348702052E-012
           1           8  -1.1465275690781334E-012
           1           9  -3.7218564144138080E-012
           1          10  -2.2317205780514536E-012
           1          11  -6.6198199727690720E-013
           1          12  -3.8185424928436758E-012
           1          13  -1.4527830012916784E-012
           1          14  -2.2391372133426651E-002
           1          15   1.8088571158189328E-005
           1          16  -2.2468562788403000E-002
           1          17   1.3492531165925237E-004
           1          18   2.6338481781970320E-005
           1          19  -2.2301479151536054E-002
           2           1 -0.58026763393210079     
           2           2   2.2237998069821563     
           2           3 -0.30276651687907918     
           2           4 -0.30432126033134266     
           2           5  -2.2864616720700562E-011
           2           6   3.7132233749208037E-011
           2           7   1.0944987363241472E-011
           2           8  -3.4878722133349643E-012
           2           9   1.1521425617546742E-011
           2          10   4.3482332582932120E-012
           2          11  -3.9941916993504856E-012
           2          12   1.3439884696970140E-011
           2          13  -4.1638862409344117E-013
           2          14   4.8048546699855990E-002
           2          15  -1.1783620492608745E-004
           2          16   4.8551397412451180E-002
           2          17  -8.7895715126948357E-004
           2          18  -1.7157940750972566E-004
           2          19   4.7462948243111092E-002
           3           1  0.10314493167206557     
           3           2 -0.30276651687907918     
           3           3  0.26167743457598130     
           3           4  0.45352140102765182     
           3           5  -2.2300898804554054E-011
           3           6   1.6398008541532984E-010
           3           7   1.7081025559052968E-011
           3           8  -2.0069430756444064E-011
           3           9  -2.6460332708151664E-011
           3          10  -2.1167292157938070E-011
           3          11  -2.3631263545831683E-011
           3          12  -3.1675119449427926E-011
           3          13  -2.5868004351307724E-011
           3          14   1.9444508209912694E-002
           3          15  -1.4639638602880140E-004
           3          16   2.0069235193639054E-002
           3          17  -1.0919900720442119E-003
           3          18  -2.1316533130128390E-004
           3          19   1.8716979068374794E-002
           4           1   6.6341027297899674E-002
           4           2 -0.30432126033134266     
           4           3  0.45352140102765182     
           4           4  0.81984768563750232     
           4           5  -6.3067102412732070E-012
           4           6  -1.0763020308759743E-010
           4           7   1.1081246302257228E-011
           4           8   2.4073631015468623E-011
           4           9  -2.0113425661839773E-011
           4          10  -3.4755733693242342E-012
           4          11   1.8657809795692391E-011
           4          12  -3.3343113129070696E-011
           4          13   1.3782800647958786E-011
           4          14   4.3026013303636104E-002
           4          15   8.7441630124493117E-005
           4          16   4.2652867367889501E-002
           4          17   6.5224005768701326E-004
           4          18   1.2732240423023481E-004
           4          19   4.3460563751292425E-002
           5           1   5.3901934754557019E-012
           5           2  -2.2864616720700562E-011
           5           3  -2.2300898804554054E-011
           5           4  -6.3067102412732070E-012
           5           5   1.9991023116522764     
           5           6   2.4504513604064302E-003
           5           7   1.8278198102119586E-002
           5           8  -8.0525176530464680E-003
           5           9  -6.1299401419958391E-003
           5          10  -4.5724059689905332E-002
           5          11  -3.9796949754888400E-002
           5          12  -7.5299099687320230E-003
           5          13  -5.6166629879951580E-002
           5          14   1.4822388557323884E-011
           5          15  -6.7142280898164873E-012
           5          16   9.4284470753495656E-012
           5          17   5.3080002817494842E-012
           5          18  -9.8748641897952123E-012
           5          19   6.9611669561777428E-012
           6           1   1.0421754490032943E-012
           6           2   3.7132233749208037E-011
           6           3   1.6398008541532984E-010
           6           4  -1.0763020308759743E-010
           6           5   2.4504513604064302E-003
           6           6   1.9870276743313653     
           6           7   3.5680620490647626E-003
           6           8  -6.1299401121212181E-003
           6           9   2.2152952230236542E-002
           6          10  -8.9257053286811404E-003
           6          11  -7.5299098726617740E-003
           6          12  -2.6930819425167378E-003
           6          13  -1.0964178438311900E-002
           6          14  -4.9210297030413862E-011
           6          15  -1.1855431107518171E-011
           6          16   2.2626686120571736E-011
           6          17  -1.9446765476121013E-011
           6          18   2.0440600346187539E-011
           6          19  -3.7033194001594380E-011
           7           1  -2.2692449348702052E-012
           7           2   1.0944987363241472E-011
           7           3   1.7081025559052968E-011
           7           4   1.1081246302257228E-011
           7           5   1.8278198102119586E-002
           7           6   3.5680620490647626E-003
           7           7   2.0131639096875382     
           7           8  -4.5724059636055941E-002
           7           9  -8.9257053715159872E-003
           7          10  -4.3228487979504494E-002
           7          11  -5.6166630710973928E-002
           7          12  -1.0964178728389061E-002
           7          13  -8.3006493717408855E-002
           7          14  -1.2398567720414272E-011
           7          15  -1.9866855217193061E-012
           7          16  -1.5010692332872394E-011
           7          17  -3.3695817275224926E-012
           7          18  -6.4826260788521199E-012
           7          19   4.6117607054973302E-012
           8           1  -1.1465275690781334E-012
           8           2  -3.4878722133349643E-012
           8           3  -2.0069430756444064E-011
           8           4   2.4073631015468623E-011
           8           5  -8.0525176530464680E-003
           8           6  -6.1299401121212181E-003
           8           7  -4.5724059636055941E-002
           8           8   7.6015077656609198E-002
           8           9   1.4785181526649711E-002
           8          10  0.11028469302842625     
           8          11  0.10007210085000330     
           8          12   1.9537686961409617E-002
           8          13  0.14573428015384121     
           8          14   8.8154472410537044E-012
           8          15   1.2783949050911988E-011
           8          16  -1.0673224688064825E-012
           8          17   1.3714883769199874E-011
           8          18   1.6750030992708146E-011
           8          19   1.3569970426354570E-012
           9           1  -3.7218564144138080E-012
           9           2   1.1521425617546742E-011
           9           3  -2.6460332708151664E-011
           9           4  -2.0113425661839773E-011
           9           5  -6.1299401419958391E-003
           9           6   2.2152952230236542E-002
           9           7  -8.9257053715159872E-003
           9           8   1.4785181526649711E-002
           9           9   3.1606334551163456E-003
           9          10   2.1528460868946449E-002
           9          11   1.9537687083582961E-002
           9          12   3.7995369833944931E-003
           9          13   2.8448505981810430E-002
           9          14   8.5745025787749855E-013
           9          15   3.6548945573824236E-012
           9          16  -5.6913696501846802E-012
           9          17   1.2008796931912566E-011
           9          18   5.4012082893335100E-012
           9          19   5.9401001745152623E-012
          10           1  -2.2317205780514536E-012
          10           2   4.3482332582932120E-012
          10           3  -2.1167292157938070E-011
          10           4  -3.4755733693242342E-012
          10           5  -4.5724059689905332E-002
          10           6  -8.9257053286811404E-003
          10           7  -4.3228487979504494E-002
          10           8  0.11028469302842625     
          10           9   2.1528460868946449E-002
          10          10  0.16085818362943086     
          10          11  0.14573428246553360     
          10          12   2.8448506255309043E-002
          10          13  0.21218692346109302     
          10          14   7.9720081354546301E-012
          10          15   1.5449532386090606E-011
          10          16   7.5402643771616642E-012
          10          17  -4.4512683726612350E-012
          10          18   1.9740499351957504E-011
          10          19  -1.8737190177990170E-011
          11           1  -6.6198199727690720E-013
          11           2  -3.9941916993504856E-012
          11           3  -2.3631263545831683E-011
          11           4   1.8657809795692391E-011
          11           5  -3.9796949754888400E-002
          11           6  -7.5299098726617740E-003
          11           7  -5.6166630710973928E-002
          11           8  0.10007210085000330     
          11           9   1.9537687083582961E-002
          11          10  0.14573428246553360     
          11          11  0.13217931568045951     
          11          12   2.5802319485037022E-002
          11          13  0.19246303127912262     
          11          14   9.7771524001381601E-012
          11          15   1.5855927354450067E-011
          11          16   1.3966416792725274E-012
          11          17   1.0035278813587020E-011
          11          18   2.0637392332164165E-011
          11          19  -5.1702058619575501E-012
          12           1  -3.8185424928436758E-012
          12           2   1.3439884696970140E-011
          12           3  -3.1675119449427926E-011
          12           4  -3.3343113129070696E-011
          12           5  -7.5299099687320230E-003
          12           6  -2.6930819425167378E-003
          12           7  -1.0964178728389061E-002
          12           8   1.9537686961409617E-002
          12           9   3.7995369833944931E-003
          12          10   2.8448506255309043E-002
          12          11   2.5802319485037022E-002
          12          12   5.0375789809638310E-003
          12          13   3.7570334558858963E-002
          12          14   5.2249255270828100E-013
          12          15   3.8287734032111903E-012
          12          16  -4.2619611424240414E-012
          12          17   7.3922522484427802E-012
          12          18   5.0714533333622245E-012
          12          19   1.2064111854282674E-012
          13           1  -1.4527830012916784E-012
          13           2  -4.1638862409344117E-013
          13           3  -2.5868004351307724E-011
          13           4   1.3782800647958786E-011
          13           5  -5.6166629879951580E-002
          13           6  -1.0964178438311900E-002
          13           7  -8.3006493717408855E-002
          13           8  0.14573428015384121     
          13           9   2.8448505981810430E-002
          13          10  0.21218692346109302     
          13          11  0.19246303127912262     
          13          12   3.7570334558858963E-002
          13          13  0.28024302410350937     
          13          14   1.2302789543267117E-011
          13          15   2.1258547960937654E-011
          13          16   7.8808558197444579E-012
          13          17   1.0137522388947936E-012
          13          18   2.7389581984413875E-011
          13          19  -1.8542646144032039E-011
          14           1  -2.2391372133426651E-002
          14           2   4.8048546699855990E-002
          14           3   1.9444508209912694E-002
          14           4   4.3026013303636104E-002
          14           5   1.4822388557323884E-011
          14           6  -4.9210297030413862E-011
          14           7  -1.2398567720414272E-011
          14           8   8.8154472410537044E-012
          14           9   8.5745025787749855E-013
          14          10   7.9720081354546301E-012
          14          11   9.7771524001381601E-012
          14          12   5.2249255270828100E-013
          14          13   1.2302789543267117E-011
          14          14   4.2516471488207933E-003
          14          15   1.7885077084780788E-005
          14          16   4.1753249372721794E-003
          14          17   1.3340727263867226E-004
          14          18   2.6042171279662917E-005
          14          19   4.3405287062459053E-003
          15           1   1.8088571158189328E-005
          15           2  -1.1783620492608745E-004
          15           3  -1.4639638602880140E-004
          15           4   8.7441630124493117E-005
          15           5  -6.7142280898164873E-012
          15           6  -1.1855431107518171E-011
          15           7  -1.9866855217193061E-012
          15           8   1.2783949050911988E-011
          15           9   3.6548945573824236E-012
          15          10   1.5449532386090606E-011
          15          11   1.5855927354450067E-011
          15          12   3.8287734032111903E-012
          15          13   2.1258547960937654E-011
          15          14   1.7885077084780788E-005
          15          15   2.2797869055373663E-005
          15          16  -7.9401810474140485E-005
          15          17   1.7005242058497019E-004
          15          18   3.3195603244560664E-005
          15          19   1.3118113005678727E-004
          16           1  -2.2468562788403000E-002
          16           2   4.8551397412451180E-002
          16           3   2.0069235193639054E-002
          16           4   4.2652867367889501E-002
          16           5   9.4284470753495656E-012
          16           6   2.2626686120571736E-011
          16           7  -1.5010692332872394E-011
          16           8  -1.0673224688064825E-012
          16           9  -5.6913696501846802E-012
          16          10   7.5402643771616642E-012
          16          11   1.3966416792725274E-012
          16          12  -4.2619611424240414E-012
          16          13   7.8808558197444579E-012
          16          14   4.1753249372721794E-003
          16          15  -7.9401810474140485E-005
          16          16   4.5141616367565807E-003
          16          17  -5.9226891579758237E-004
          16          18  -1.1561567018174832E-004
          16          19   3.7807305900157896E-003
          17           1   1.3492531165925237E-004
          17           2  -8.7895715126948357E-004
          17           3  -1.0919900720442119E-003
          17           4   6.5224005768701326E-004
          17           5   5.3080002817494842E-012
          17           6  -1.9446765476121013E-011
          17           7  -3.3695817275224926E-012
          17           8   1.3714883769199874E-011
          17           9   1.2008796931912566E-011
          17          10  -4.4512683726612350E-012
          17          11   1.0035278813587020E-011
          17          12   7.3922522484427802E-012
          17          13   1.0137522388947936E-012
          17          14   1.3340727263867226E-004
          17          15   1.7005242058497019E-004
          17          16  -5.9226891579758237E-004
          17          17   1.2684442425986932E-003
          17          18   2.4761054073978270E-004
          17          19   9.7849801352401476E-004
          18           1   2.6338481781970320E-005
          18           2  -1.7157940750972566E-004
          18           3  -2.1316533130128390E-004
          18           4   1.2732240423023481E-004
          18           5  -9.8748641897952123E-012
          18           6   2.0440600346187539E-011
          18           7  -6.4826260788521199E-012
          18           8   1.6750030992708146E-011
          18           9   5.4012082893335100E-012
          18          10   1.9740499351957504E-011
          18          11   2.0637392332164165E-011
          18          12   5.0714533333622245E-012
          18          13   2.7389581984413875E-011
          18          14   2.6042171279662917E-005
          18          15   3.3195603244560664E-005
          18          16  -1.1561567018174832E-004
          18          17   2.4761054073978270E-004
          18          18   4.8335573473721090E-005
          18          19   1.9101069594740908E-004
          19           1  -2.2301479151536054E-002
          19           2   4.7462948243111092E-002
          19           3   1.8716979068374794E-002
          19           4   4.3460563751292425E-002
          19           5   6.9611669561777428E-012
          19           6  -3.7033194001594380E-011
          19           7   4.6117607054973302E-012
          19           8   1.3569970426354570E-012
          19           9   5.9401001745152623E-012
          19          10  -1.8737190177990170E-011
          19          11  -5.1702058619575501E-012
          19          12   1.2064111854282674E-012
          19          13  -1.8542646144032039E-011
          19          14   4.3405287062459053E-003
          19          15   1.3118113005678727E-004
          19          16   3.7807305900157896E-003
          19          17   9.7849801352401476E-004
          19          18   1.9101069594740908E-004
          19          19   4.9924451503026782E-003
