           1           1   2.1909388399007899     
           1           2 -0.66285266344374461     
           1           3   7.9889292628083516E-002
           1           4  0.11241694464101047     
           1           5   4.8409954953314638E-013
           1           6  -9.0335853252305074E-014
           1           7   3.8216046944506570E-013
           1           8  -1.5258525869171070E-013
           1           9  -1.8967247157206578E-014
           1          10   6.1245682421901491E-014
           1          11   3.1717658414041580E-014
           1          12   4.5132549534274449E-015
           1          13  -6.4626775544047760E-015
           1          14  -3.7586465518381967E-003
           1          15   3.9407654928860832E-014
           1          16  -3.7586465518233019E-003
           1          17  -7.0291089866521733E-014
           1          18  -1.7721306064487389E-016
           1          19  -3.7586465518765445E-003
           2           1 -0.66285266344374461     
           2           2   2.3169065955054640     
           2           3 -0.20937377820691630     
           2           4 -0.32665982885036432     
           2           5  -1.7783179751305323E-012
           2           6   3.2455109183635278E-013
           2           7  -1.3539351419567865E-012
           2           8   6.3694153496362987E-013
           2           9   9.4161162339490069E-014
           2          10  -2.2068441243986694E-013
           2          11  -9.1087625647327304E-014
           2          12  -7.3821985247610561E-014
           2          13   3.6621480150624594E-014
           2          14   2.6135151412792941E-003
           2          15  -1.2269739750974269E-013
           2          16   2.6135151412128368E-003
           2          17   2.8596561609335299E-013
           2          18  -2.0386105109196944E-015
           2          19   2.6135151414387798E-003
           3           1   7.9889292628083516E-002
           3           2 -0.20937377820691630     
           3           3  0.47053477418192602     
           3           4  0.55368355540419589     
           3           5  -9.4924114804256433E-014
           3           6   1.9172060065130363E-014
           3           7  -7.7759893654045399E-014
           3           8   2.1687075361553410E-013
           3           9  -6.4288287772335313E-014
           3          10   9.8047398572669646E-014
           3          11   1.7895002446428874E-014
           3          12  -1.8590432606953109E-014
           3          13   6.8946612327485473E-016
           3          14   9.7273883160403952E-003
           3          15  -2.8634126945498788E-015
           3          16   9.7273883160419877E-003
           3          17   5.1847961676441908E-015
           3          18   8.5534948946002834E-016
           3          19   9.7273883160450183E-003
           4           1  0.11241694464101047     
           4           2 -0.32665982885036432     
           4           3  0.55368355540419589     
           4           4  0.65443338465768108     
           4           5   8.5487794908162729E-014
           4           6  -2.2893735082799295E-015
           4           7   2.2815039273734457E-014
           4           8  -6.2103876987562236E-014
           4           9   4.9181800243074294E-014
           4          10   3.1144318711894548E-015
           4          11  -1.4058542981135035E-013
           4          12   5.3841305216270697E-014
           4          13  -6.7550305623800749E-014
           4          14   1.1203005681782480E-002
           4          15   1.0961101137488153E-015
           4          16   1.1203005681786737E-002
           4          17  -4.3284658837124448E-015
           4          18   1.0680289017713453E-015
           4          19   1.1203005681782074E-002
           5           1   4.8409954953314638E-013
           5           2  -1.7783179751305323E-012
           5           3  -9.4924114804256433E-014
           5           4   8.5487794908162729E-014
           5           5   2.1935190616069944     
           5           6   3.0617869350990645E-015
           5           7   1.9741153156616065E-015
           5           8 -0.46771931319872401     
           5           9  -2.3335500198840009E-014
           5          10   1.4731271757995046E-014
           5          11 -0.23413398512926054     
           5          12   1.4606371667724716E-015
           5          13   2.2204460492503131E-015
           5          14  -3.8746055709602954E-014
           5          15  -2.0401249715547832E-014
           5          16  -3.7744903208651437E-014
           5          17  -4.3822137706525407E-014
           5          18   1.8070433497909285E-014
           5          19  -7.9583840074787081E-015
           6           1  -9.0335853252305074E-014
           6           2   3.2455109183635278E-013
           6           3   1.9172060065130363E-014
           6           4  -2.2893735082799295E-015
           6           5   3.0617869350990645E-015
           6           6   2.1935190616070175     
           6           7  -1.0942635686461699E-014
           6           8   5.2388648974499574E-015
           6           9 -0.46771931319876003     
           6          10   5.1313120419393954E-015
           6          11  -2.3522850334245504E-015
           6          12 -0.23413398512926056     
           6          13   3.1016855750465311E-015
           6          14  -7.5717032933655746E-015
           6          15  -3.3645162541683988E-014
           6          16  -1.2577858323710940E-014
           6          17   1.7111393055420796E-014
           6          18  -4.9966429148691104E-014
           6          19   5.1244353703706472E-015
           7           1   3.8216046944506570E-013
           7           2  -1.3539351419567865E-012
           7           3  -7.7759893654045399E-014
           7           4   2.2815039273734457E-014
           7           5   1.9741153156616065E-015
           7           6  -1.0942635686461699E-014
           7           7   2.1935190616070113     
           7           8  -5.3360094121046586E-015
           7           9   2.9577035265404561E-014
           7          10 -0.46771931319873850     
           7          11   2.8449465006019636E-016
           7          12  -5.2041704279304213E-015
           7          13 -0.23413398512927000     
           7          14   3.2475262896275972E-014
           7          15  -1.3421770186759755E-014
           7          16   1.1211834523862258E-014
           7          17  -9.9189117060921739E-014
           7          18   5.1410523163331510E-014
           7          19  -2.7014830695386345E-014
           8           1  -1.5258525869171070E-013
           8           2   6.3694153496362987E-013
           8           3   2.1687075361553410E-013
           8           4  -6.2103876987562236E-014
           8           5 -0.46771931319872401     
           8           6   5.2388648974499574E-015
           8           7  -5.3360094121046586E-015
           8           8   1.0978274946511477     
           8           9  -2.5257573810222311E-015
           8          10  -3.4416913763379853E-015
           8          11  0.62200417438976363     
           8          12   1.5126788710517758E-015
           8          13   1.2767564783189300E-015
           8          14   6.6840281093146161E-014
           8          15  -1.4192553147434489E-014
           8          16  -4.9156547112395241E-014
           8          17   6.3223804928984782E-014
           8          18  -4.6116123257595930E-015
           8          19  -4.9746725169583226E-014
           9           1  -1.8967247157206578E-014
           9           2   9.4161162339490069E-014
           9           3  -6.4288287772335313E-014
           9           4   4.9181800243074294E-014
           9           5  -2.3335500198840009E-014
           9           6 -0.46771931319876003     
           9           7   2.9577035265404561E-014
           9           8  -2.5257573810222311E-015
           9           9   1.0978274946511495     
           9          10  -5.4400928206632670E-015
           9          11  -6.9388939039072284E-018
           9          12  0.62200417438976108     
           9          13   5.4817261840867104E-016
           9          14   3.4910357524458230E-015
           9          15   7.2988212933234625E-014
           9          16  -1.7431576390236727E-014
           9          17  -3.0176700064402722E-015
           9          18   6.9169123924942110E-014
           9          19   2.3761314601939256E-015
          10           1   6.1245682421901491E-014
          10           2  -2.2068441243986694E-013
          10           3   9.8047398572669646E-014
          10           4   3.1144318711894548E-015
          10           5   1.4731271757995046E-014
          10           6   5.1313120419393954E-015
          10           7 -0.46771931319873850     
          10           8  -3.4416913763379853E-015
          10           9  -5.4400928206632670E-015
          10          10   1.0978274946511504     
          10          11  -4.7323256424647298E-015
          10          12  -8.6736173798840355E-016
          10          13  0.62200417438975819     
          10          14  -4.9751738899206105E-014
          10          15   6.7093629301964777E-015
          10          16  -4.5886993127102796E-014
          10          17   9.2310734628734858E-014
          10          18  -2.0294590996307391E-014
          10          19   5.9058220338267111E-014
          11           1   3.1717658414041580E-014
          11           2  -9.1087625647327304E-014
          11           3   1.7895002446428874E-014
          11           4  -1.4058542981135035E-013
          11           5 -0.23413398512926054     
          11           6  -2.3522850334245504E-015
          11           7   2.8449465006019636E-016
          11           8  0.62200417438976363     
          11           9  -6.9388939039072284E-018
          11          10  -4.7323256424647298E-015
          11          11  0.35289116903345907     
          11          12   1.8388068845354155E-015
          11          13  -9.0899510141184692E-016
          11          14   3.4065990722990328E-014
          11          15  -8.4505639986189419E-015
          11          16  -3.2404645480946194E-014
          11          17   3.5559793275275084E-014
          11          18  -2.3635818518905096E-015
          11          19  -3.2281928880092046E-014
          12           1   4.5132549534274449E-015
          12           2  -7.3821985247610561E-014
          12           3  -1.8590432606953109E-014
          12           4   5.3841305216270697E-014
          12           5   1.4606371667724716E-015
          12           6 -0.23413398512926056     
          12           7  -5.2041704279304213E-015
          12           8   1.5126788710517758E-015
          12           9  0.62200417438976108     
          12          10  -8.6736173798840355E-016
          12          11   1.8388068845354155E-015
          12          12  0.35289116903345619     
          12          13   1.2836953722228372E-015
          12          14   1.9024766149400587E-015
          12          15   4.1314076489051082E-014
          12          16  -1.0167256223018901E-014
          12          17  -1.4648191901894877E-015
          12          18   3.8872378291952269E-014
          12          19   1.4599465254060388E-015
          13           1  -6.4626775544047760E-015
          13           2   3.6621480150624594E-014
          13           3   6.8946612327485473E-016
          13           4  -6.7550305623800749E-014
          13           5   2.2204460492503131E-015
          13           6   3.1016855750465311E-015
          13           7 -0.23413398512927000     
          13           8   1.2767564783189300E-015
          13           9   5.4817261840867104E-016
          13          10  0.62200417438975819     
          13          11  -9.0899510141184692E-016
          13          12   1.2836953722228372E-015
          13          13  0.35289116903345197     
          13          14  -2.8648885687579813E-014
          13          15   3.6378813111930878E-015
          13          16  -2.6762829416165236E-014
          13          17   5.1374775749649291E-014
          13          18  -1.0836617783824957E-014
          13          19   3.2797088409587762E-014
          14           1  -3.7586465518381967E-003
          14           2   2.6135151412792941E-003
          14           3   9.7273883160403952E-003
          14           4   1.1203005681782480E-002
          14           5  -3.8746055709602954E-014
          14           6  -7.5717032933655746E-015
          14           7   3.2475262896275972E-014
          14           8   6.6840281093146161E-014
          14           9   3.4910357524458230E-015
          14          10  -4.9751738899206105E-014
          14          11   3.4065990722990328E-014
          14          12   1.9024766149400587E-015
          14          13  -2.8648885687579813E-014
          14          14   2.2872217625218840E-004
          14          15  -4.5469450213377594E-016
          14          16   2.2872217625202285E-004
          14          17   9.8958053758381342E-016
          14          18   1.3870949183685200E-017
          14          19   2.2872217625277715E-004
          15           1   3.9407654928860832E-014
          15           2  -1.2269739750974269E-013
          15           3  -2.8634126945498788E-015
          15           4   1.0961101137488153E-015
          15           5  -2.0401249715547832E-014
          15           6  -3.3645162541683988E-014
          15           7  -1.3421770186759755E-014
          15           8  -1.4192553147434489E-014
          15           9   7.2988212933234625E-014
          15          10   6.7093629301964777E-015
          15          11  -8.4505639986189419E-015
          15          12   4.1314076489051082E-014
          15          13   3.6378813111930878E-015
          15          14  -4.5469450213377594E-016
          15          15   1.5294419999948749E-026
          15          16  -4.5469450213101049E-016
          15          17  -1.1156818758768171E-026
          15          18  -1.8357015995979676E-027
          15          19  -4.5469450213270279E-016
          16           1  -3.7586465518233019E-003
          16           2   2.6135151412128368E-003
          16           3   9.7273883160419877E-003
          16           4   1.1203005681786737E-002
          16           5  -3.7744903208651437E-014
          16           6  -1.2577858323710940E-014
          16           7   1.1211834523862258E-014
          16           8  -4.9156547112395241E-014
          16           9  -1.7431576390236727E-014
          16          10  -4.5886993127102796E-014
          16          11  -3.2404645480946194E-014
          16          12  -1.0167256223018901E-014
          16          13  -2.6762829416165236E-014
          16          14   2.2872217625202285E-004
          16          15  -4.5469450213101049E-016
          16          16   2.2872217625185729E-004
          16          17   9.8958053756324584E-016
          16          18   1.3870949190495288E-017
          16          19   2.2872217625261160E-004
          17           1  -7.0291089866521733E-014
          17           2   2.8596561609335299E-013
          17           3   5.1847961676441908E-015
          17           4  -4.3284658837124448E-015
          17           5  -4.3822137706525407E-014
          17           6   1.7111393055420796E-014
          17           7  -9.9189117060921739E-014
          17           8   6.3223804928984782E-014
          17           9  -3.0176700064402722E-015
          17          10   9.2310734628734858E-014
          17          11   3.5559793275275084E-014
          17          12  -1.4648191901894877E-015
          17          13   5.1374775749649291E-014
          17          14   9.8958053758381342E-016
          17          15  -1.1156818758768171E-026
          17          16   9.8958053756324584E-016
          17          17   6.5837009456540669E-026
          17          18  -2.0117064852021390E-026
          17          19   9.8958053762669116E-016
          18           1  -1.7721306064487389E-016
          18           2  -2.0386105109196944E-015
          18           3   8.5534948946002834E-016
          18           4   1.0680289017713453E-015
          18           5   1.8070433497909285E-014
          18           6  -4.9966429148691104E-014
          18           7   5.1410523163331510E-014
          18           8  -4.6116123257595930E-015
          18           9   6.9169123924942110E-014
          18          10  -2.0294590996307391E-014
          18          11  -2.3635818518905096E-015
          18          12   3.8872378291952269E-014
          18          13  -1.0836617783824957E-014
          18          14   1.3870949183685200E-017
          18          15  -1.8357015995979676E-027
          18          16   1.3870949190495288E-017
          18          17  -2.0117064852021390E-026
          18          18   2.5293065160259367E-026
          18          19   1.3870949159718422E-017
          19           1  -3.7586465518765445E-003
          19           2   2.6135151414387798E-003
          19           3   9.7273883160450183E-003
          19           4   1.1203005681782074E-002
          19           5  -7.9583840074787081E-015
          19           6   5.1244353703706472E-015
          19           7  -2.7014830695386345E-014
          19           8  -4.9746725169583226E-014
          19           9   2.3761314601939256E-015
          19          10   5.9058220338267111E-014
          19          11  -3.2281928880092046E-014
          19          12   1.4599465254060388E-015
          19          13   3.2797088409587762E-014
          19          14   2.2872217625277715E-004
          19          15  -4.5469450213270279E-016
          19          16   2.2872217625261160E-004
          19          17   9.8958053762669116E-016
          19          18   1.3870949159718422E-017
          19          19   2.2872217625336590E-004
