           1           1   1.9995719688802369     
           1           2   2.4094957371992479E-002
           1           3   6.2293449184769575E-002
           1           4  -2.9596101266938346E-002
           1           5 -0.22414382482501660     
           1           6  -2.3220944841164638E-015
           1           7   1.3006062208791264E-015
           1           8   1.2494006158572053E-015
           1           9  -5.4927713951349347E-015
           1          10   5.1056451491931504E-015
           1          11   4.6713917871376230E-015
           1          12   1.3776471034077710E-015
           1          13  -4.6705841228217552E-016
           1          14   4.7884009583323797E-016
           1          15   1.3436060072112555E-015
           1          16  -5.8246938003917058E-016
           1          17   9.9091225776651089E-016
           1          18   2.3162189661400691E-003
           1          19  -3.2103357132133261E-016
           1          20   2.3162189660671717E-003
           1          21   2.5513236682438650E-015
           1          22   2.9712944779321335E-015
           1          23   2.3162189660941883E-003
           1          24   7.6133942544383534E-002
           1          25   1.6776379215056228E-015
           1          26   7.6133942544393041E-002
           1          27   3.1848553368965414E-018
           1          28  -6.6946054408432096E-016
           1          29   7.6133942544387934E-002
           2           1   2.4094957371992479E-002
           2           2   2.7906502852951833     
           2           3   1.5409058231248407     
           2           4 -0.15160350488946148     
           2           5  -1.6019140182190772     
           2           6  -1.6638669209148484E-013
           2           7   7.9838681511594657E-014
           2           8  -5.8733886049479616E-014
           2           9  -2.9311855014696476E-014
           2          10   1.5410500849328563E-014
           2          11   3.8850843873162185E-014
           2          12   6.7606424842888739E-015
           2          13  -5.8619194464896791E-015
           2          14   1.3464058558328278E-014
           2          15  -6.7200186726455493E-016
           2          16   7.1170306170596443E-015
           2          17   3.5830680789407890E-017
           2          18 -0.51439180412480323     
           2          19  -2.5185600067330359E-015
           2          20 -0.51439180412573871     
           2          21   4.8801506754305486E-015
           2          22   2.0072437816736684E-014
           2          23 -0.51439180412542196     
           2          24  0.51907930132752256     
           2          25   5.1486837891738772E-016
           2          26  0.51907930132762892     
           2          27  -8.4740131739565974E-015
           2          28   1.4730933317730870E-015
           2          29  0.51907930132758184     
           3           1   6.2293449184769575E-002
           3           2   1.5409058231248407     
           3           3   5.4644965647667121     
           3           4 -0.17844541191571447     
           3           5  -5.2143068066711820     
           3           6  -5.8759606710453838E-014
           3           7   2.6356855453078199E-014
           3           8  -1.7858388766782887E-014
           3           9  -4.7071457228468562E-014
           3          10   4.7907494452446519E-014
           3          11   6.2973099146100939E-014
           3          12   1.8397591656455235E-014
           3          13  -1.3579447303396904E-014
           3          14   3.9678522759765382E-014
           3          15  -3.8168614638810079E-015
           3          16   6.0446705693899143E-015
           3          17  -8.6187919431475978E-016
           3          18 -0.85053221658014655     
           3          19  -5.5693376432421137E-015
           3          20 -0.85053221658200884     
           3          21   1.7763437780157234E-014
           3          22   1.6263519593834638E-014
           3          23 -0.85053221658133027     
           3          24   1.7471680102936435     
           3          25   2.1563481882619844E-015
           3          26   1.7471680102938576     
           3          27  -1.6718249693119823E-014
           3          28   4.2357942399483811E-015
           3          29   1.7471680102937519     
           4           1  -2.9596101266938346E-002
           4           2 -0.15160350488946148     
           4           3 -0.17844541191571447     
           4           4  0.23279343325309554     
           4           5   1.0170316547212148     
           4           6  -1.5823331593950871E-014
           4           7   5.2714776943137374E-015
           4           8   1.7671724053159098E-015
           4           9  -1.0439445401248570E-013
           4          10   1.1187862431929633E-013
           4          11   8.5883443192743320E-014
           4          12   1.2334992937541619E-014
           4          13  -1.2092280180255163E-014
           4          14   4.0003518654584338E-014
           4          15  -2.4572631121725760E-015
           4          16   2.9985909468456304E-016
           4          17  -7.4625731975264488E-015
           4          18  0.11506735537752141     
           4          19  -1.1647848874663503E-014
           4          20  0.11506735537716517     
           4          21   3.8874835565595519E-015
           4          22   7.0178927035280451E-015
           4          23  0.11506735537733626     
           4          24 -0.31504668046323814     
           4          25   1.3024234862019759E-015
           4          26 -0.31504668046319628     
           4          27   9.9539371917572783E-015
           4          28  -1.2282098843072033E-014
           4          29 -0.31504668046320727     
           5           1 -0.22414382482501660     
           5           2  -1.6019140182190772     
           5           3  -5.2143068066711820     
           5           4   1.0170316547212148     
           5           5   8.8856669185633894     
           5           6   4.4171589255793864E-015
           5           7   5.5803453528370666E-015
           5           8  -2.0048823232975819E-014
           5           9   1.6462384144427199E-013
           5          10  -1.4537180734510600E-013
           5          11  -1.0675873116426220E-013
           5          12  -5.8654864341247990E-014
           5          13   4.5256300083856196E-014
           5          14  -1.6006850472220315E-016
           5          15   1.9438480658695533E-014
           5          16  -2.6071122922613556E-014
           5          17  -1.5608279172295369E-014
           5          18   1.2848052488041903     
           5          19   3.5706181346695122E-014
           5          20   1.2848052488032471     
           5          21  -2.7166993901179733E-014
           5          22   5.6879797181072922E-014
           5          23   1.2848052488035673     
           5          24  -2.9123043371314350     
           5          25  -3.1086964599069389E-015
           5          26  -2.9123043371313289     
           5          27   4.6573298889486971E-014
           5          28  -4.2351664669864167E-014
           5          29  -2.9123043371313035     
           6           1  -2.3220944841164638E-015
           6           2  -1.6638669209148484E-013
           6           3  -5.8759606710453838E-014
           6           4  -1.5823331593950871E-014
           6           5   4.4171589255793864E-015
           6           6   2.0003870944717317     
           6           7  -6.1304634244329987E-016
           6           8  -7.4515775358916415E-016
           6           9   2.9608773930719923E-003
           6          10  -5.4717108665183803E-015
           6          11  -8.9731824401416494E-015
           6          12   2.3052903990741724E-002
           6          13  -2.8927733689358373E-015
           6          14   1.6686955636724276E-015
           6          15  -8.9948547696572564E-003
           6          16  -1.8626339213416119E-015
           6          17  -8.1618739544703843E-016
           6          18   2.7229788639659712E-014
           6          19  -4.2644689420553619E-015
           6          20   1.7710829068933850E-014
           6          21  -1.2051999353365959E-015
           6          22   8.0040676583973568E-015
           6          23   4.3800356815207218E-014
           6          24  -3.3467305008653692E-016
           6          25   3.6930969216433871E-015
           6          26   5.7518040165381866E-015
           6          27   2.6060819314514342E-015
           6          28  -6.3572585095223153E-015
           6          29  -7.6370724542850826E-015
           7           1   1.3006062208791264E-015
           7           2   7.9838681511594657E-014
           7           3   2.6356855453078199E-014
           7           4   5.2714776943137374E-015
           7           5   5.5803453528370666E-015
           7           6  -6.1304634244329987E-016
           7           7   2.0003870944717361     
           7           8   7.4179333872228957E-017
           7           9   9.5885247712673104E-015
           7          10   2.9608773930706526E-003
           7          11   7.0904111575118567E-015
           7          12   4.1923523029855064E-015
           7          13   2.3052903990752164E-002
           7          14  -2.1232744295405917E-016
           7          15  -3.1507948512625979E-015
           7          16  -8.9948547696621257E-003
           7          17  -4.2346565165032880E-015
           7          18  -1.5801997603841481E-014
           7          19  -2.6869381965937946E-016
           7          20   3.3011930927699405E-017
           7          21   1.0813839946428581E-015
           7          22  -3.5550980045241300E-015
           7          23  -2.7616878729624312E-014
           7          24  -2.2877119217394650E-015
           7          25   6.6621979482655675E-017
           7          26  -6.3014312009112544E-015
           7          27  -3.5248620484099281E-015
           7          28   1.3747701490010414E-015
           7          29   2.8186776011053660E-015
           8           1   1.2494006158572053E-015
           8           2  -5.8733886049479616E-014
           8           3  -1.7858388766782887E-014
           8           4   1.7671724053159098E-015
           8           5  -2.0048823232975819E-014
           8           6  -7.4515775358916415E-016
           8           7   7.4179333872228957E-017
           8           8   2.0003870944717375     
           8           9  -3.1337237492429315E-015
           8          10   6.7741358312708952E-015
           8          11   2.9608773930724910E-003
           8          12  -3.6429192995517662E-016
           8          13  -2.7434719535211805E-015
           8          14   2.3052903990746828E-002
           8          15   9.7805877979939088E-016
           8          16   1.0273798142520975E-015
           8          17  -8.9948547696619280E-003
           8          18   1.2622541853304507E-014
           8          19   1.0403776758169747E-015
           8          20   5.5986488814691033E-015
           8          21   1.3584237541513148E-015
           8          22   2.9083327792334713E-015
           8          23   1.6595094541957536E-014
           8          24   7.8546665086354522E-015
           8          25   4.4699482282599234E-016
           8          26   8.2243344091385300E-015
           8          27   4.6861474491657073E-016
           8          28  -6.4496859569880214E-016
           8          29   3.8156082502932622E-015
           9           1  -5.4927713951349347E-015
           9           2  -2.9311855014696476E-014
           9           3  -4.7071457228468562E-014
           9           4  -1.0439445401248570E-013
           9           5   1.6462384144427199E-013
           9           6   2.9608773930719923E-003
           9           7   9.5885247712673104E-015
           9           8  -3.1337237492429315E-015
           9           9   1.9469585457703371     
           9          10  -5.8703042427055815E-015
           9          11  -1.3336554083306823E-014
           9          12   4.3862201869312972E-002
           9          13  -2.7504908073352616E-014
           9          14  -3.1342983763949796E-014
           9          15   4.9803092447612406E-002
           9          16   8.5327795176799103E-015
           9          17   3.4988505148716205E-014
           9          18   2.7048552118884990E-014
           9          19  -3.1898090585566797E-014
           9          20  -1.4831166199646678E-013
           9          21  -2.5059474873514879E-015
           9          22   7.6556288332365833E-014
           9          23   1.3526520189306126E-013
           9          24  -5.2619262917326046E-014
           9          25   2.8124832740425417E-016
           9          26  -3.7957460762919610E-015
           9          27   1.7484768621607151E-014
           9          28  -2.3548196861880046E-014
           9          29  -6.0772962130863605E-014
          10           1   5.1056451491931504E-015
          10           2   1.5410500849328563E-014
          10           3   4.7907494452446519E-014
          10           4   1.1187862431929633E-013
          10           5  -1.4537180734510600E-013
          10           6  -5.4717108665183803E-015
          10           7   2.9608773930706526E-003
          10           8   6.7741358312708952E-015
          10           9  -5.8703042427055815E-015
          10          10   1.9469585457703631     
          10          11   2.0154017343898532E-014
          10          12   1.9630130854153420E-014
          10          13   4.3862201869354467E-002
          10          14   5.8721257023552984E-014
          10          15   2.6793563027982557E-014
          10          16   4.9803092447589362E-002
          10          17  -6.5750464968428192E-014
          10          18   8.4375619358941105E-014
          10          19   2.5042730400333572E-014
          10          20   1.1759209060254185E-013
          10          21   2.9429845840579115E-014
          10          22  -2.8708713423074538E-014
          10          23  -1.7810545017243392E-013
          10          24   4.0103569865412607E-014
          10          25   6.9348835001484768E-015
          10          26  -9.6209283574577895E-016
          10          27  -3.0289530486473631E-014
          10          28   3.9861370472227851E-014
          10          29   3.5910592245992638E-014
          11           1   4.6713917871376230E-015
          11           2   3.8850843873162185E-014
          11           3   6.2973099146100939E-014
          11           4   8.5883443192743320E-014
          11           5  -1.0675873116426220E-013
          11           6  -8.9731824401416494E-015
          11           7   7.0904111575118567E-015
          11           8   2.9608773930724910E-003
          11           9  -1.3336554083306823E-014
          11          10   2.0154017343898532E-014
          11          11   1.9469585457703404     
          11          12  -1.0651202142497327E-014
          11          13   7.1600711470703215E-016
          11          14   4.3862201869318607E-002
          11          15   7.2702260878197657E-015
          11          16   1.1803058530547874E-014
          11          17   4.9803092447623071E-002
          11          18  -2.1025485402964847E-014
          11          19   2.1558872452287158E-014
          11          20  -4.8856888597227259E-014
          11          21  -4.1770713927616754E-015
          11          22  -1.0615599705380719E-014
          11          23   1.5981020756787952E-014
          11          24   4.2016711917485243E-014
          11          25  -1.4614764559976676E-014
          11          26   1.2877985456890420E-014
          11          27  -7.1090447079683463E-015
          11          28   4.7478176465713505E-015
          11          29   1.8477480670151608E-014
          12           1   1.3776471034077710E-015
          12           2   6.7606424842888739E-015
          12           3   1.8397591656455235E-014
          12           4   1.2334992937541619E-014
          12           5  -5.8654864341247990E-014
          12           6   2.3052903990741724E-002
          12           7   4.1923523029855064E-015
          12           8  -3.6429192995517662E-016
          12           9   4.3862201869312972E-002
          12          10   1.9630130854153420E-014
          12          11  -1.0651202142497327E-014
          12          12   1.2716676936181641     
          12          13   4.9162063309175582E-015
          12          14  -3.8723364792494312E-015
          12          15 -0.21237680022322586     
          12          16  -4.1645289647336640E-015
          12          17  -5.2106756409654077E-015
          12          18  -2.6049466720039157E-014
          12          19   1.3842838413769023E-015
          12          20   3.0790963572319329E-014
          12          21   1.4201949566244135E-015
          12          22  -4.4830265313459131E-015
          12          23  -1.4759923388109973E-014
          12          24   2.3535100853301298E-014
          12          25  -3.1759953931007113E-016
          12          26   8.2007202089127418E-015
          12          27  -4.3920563251706216E-015
          12          28   2.8976280741619324E-015
          12          29   1.5245199601902008E-014
          13           1  -4.6705841228217552E-016
          13           2  -5.8619194464896791E-015
          13           3  -1.3579447303396904E-014
          13           4  -1.2092280180255163E-014
          13           5   4.5256300083856196E-014
          13           6  -2.8927733689358373E-015
          13           7   2.3052903990752164E-002
          13           8  -2.7434719535211805E-015
          13           9  -2.7504908073352616E-014
          13          10   4.3862201869354467E-002
          13          11   7.1600711470703215E-016
          13          12   4.9162063309175582E-015
          13          13   1.2716676936181497     
          13          14  -7.3293693163271318E-015
          13          15  -6.0214420255505751E-015
          13          16 -0.21237680022321997     
          13          17   1.2583236861338501E-014
          13          18  -1.0396558078221203E-013
          13          19   7.3385220765355592E-015
          13          20   1.6261032418390047E-014
          13          21  -9.4931402578219016E-015
          13          22  -6.8897647292843447E-015
          13          23   8.6573939436893846E-014
          13          24  -7.2427616652027624E-015
          13          25  -9.2313984904272703E-016
          13          26  -7.2801912552297157E-015
          13          27   6.7132995771033403E-015
          13          28  -5.5606239516559438E-015
          13          29  -1.5929678447072910E-014
          14           1   4.7884009583323797E-016
          14           2   1.3464058558328278E-014
          14           3   3.9678522759765382E-014
          14           4   4.0003518654584338E-014
          14           5  -1.6006850472220315E-016
          14           6   1.6686955636724276E-015
          14           7  -2.1232744295405917E-016
          14           8   2.3052903990746828E-002
          14           9  -3.1342983763949796E-014
          14          10   5.8721257023552984E-014
          14          11   4.3862201869318607E-002
          14          12  -3.8723364792494312E-015
          14          13  -7.3293693163271318E-015
          14          14   1.2716676936181657     
          14          15   1.8230642689908951E-014
          14          16  -5.3310762922204925E-015
          14          17 -0.21237680022323119     
          14          18  -2.1549269882211823E-014
          14          19  -7.7247088790460071E-015
          14          20   5.3827076877031036E-015
          14          21   1.6108632080302182E-015
          14          22   1.0312565149504057E-014
          14          23  -1.1437789590592777E-014
          14          24   3.2231223926300429E-014
          14          25  -1.5347769801372659E-014
          14          26  -9.6109104361081829E-015
          14          27  -1.8994915463850643E-014
          14          28   3.2995273671759429E-015
          14          29  -3.2359552913236558E-014
          15           1   1.3436060072112555E-015
          15           2  -6.7200186726455493E-016
          15           3  -3.8168614638810079E-015
          15           4  -2.4572631121725760E-015
          15           5   1.9438480658695533E-014
          15           6  -8.9948547696572564E-003
          15           7  -3.1507948512625979E-015
          15           8   9.7805877979939088E-016
          15           9   4.9803092447612406E-002
          15          10   2.6793563027982557E-014
          15          11   7.2702260878197657E-015
          15          12 -0.21237680022322586     
          15          13  -6.0214420255505751E-015
          15          14   1.8230642689908951E-014
          15          15   3.7213133551015007E-002
          15          16   2.3829679549064183E-015
          15          17  -1.1855750756120373E-015
          15          18   5.6676989054839758E-014
          15          19  -9.7570361318886549E-017
          15          20  -4.4153029708009053E-014
          15          21   7.3023684910562657E-016
          15          22   3.4556427936314624E-016
          15          23  -1.0129376577527592E-014
          15          24  -1.2972345600877312E-014
          15          25  -1.7781359208551894E-017
          15          26   8.4192950322900643E-016
          15          27   1.0418415379388383E-015
          15          28  -8.0796984544853736E-016
          15          29  -3.2543324038098051E-015
          16           1  -5.8246938003917058E-016
          16           2   7.1170306170596443E-015
          16           3   6.0446705693899143E-015
          16           4   2.9985909468456304E-016
          16           5  -2.6071122922613556E-014
          16           6  -1.8626339213416119E-015
          16           7  -8.9948547696621257E-003
          16           8   1.0273798142520975E-015
          16           9   8.5327795176799103E-015
          16          10   4.9803092447589362E-002
          16          11   1.1803058530547874E-014
          16          12  -4.1645289647336640E-015
          16          13 -0.21237680022321997     
          16          14  -5.3310762922204925E-015
          16          15   2.3829679549064183E-015
          16          16   3.7213133551012606E-002
          16          17  -2.0584865734707615E-015
          16          18   5.5430751569322740E-014
          16          19  -2.1239571037013287E-015
          16          20  -1.4904615031265070E-014
          16          21   7.9664016487650090E-015
          16          22   2.8195232052513352E-016
          16          23  -4.4074506474054776E-014
          16          24   2.3406579964941314E-015
          16          25   4.6793076895160371E-016
          16          26   6.9935193870390778E-015
          16          27  -2.4872383341702643E-015
          16          28   1.9086529060799887E-015
          16          29   1.0844299267012734E-014
          17           1   9.9091225776651089E-016
          17           2   3.5830680789407890E-017
          17           3  -8.6187919431475978E-016
          17           4  -7.4625731975264488E-015
          17           5  -1.5608279172295369E-014
          17           6  -8.1618739544703843E-016
          17           7  -4.2346565165032880E-015
          17           8  -8.9948547696619280E-003
          17           9   3.4988505148716205E-014
          17          10  -6.5750464968428192E-014
          17          11   4.9803092447623071E-002
          17          12  -5.2106756409654077E-015
          17          13   1.2583236861338501E-014
          17          14 -0.21237680022323119     
          17          15  -1.1855750756120373E-015
          17          16  -2.0584865734707615E-015
          17          17   3.7213133551017442E-002
          17          18   2.4076109421638319E-014
          17          19   1.2296466512146898E-014
          17          20  -2.8484016674356999E-014
          17          21  -5.1315024531446562E-015
          17          22  -1.2347338271608866E-014
          17          23   4.1026828117151738E-015
          17          24  -2.7591491850986818E-015
          17          25   1.0483399216167604E-015
          17          26   8.4874527530021204E-015
          17          27   3.5546074157892309E-015
          17          28   6.2858906577916757E-016
          17          29   9.6013848338061006E-015
          18           1   2.3162189661400691E-003
          18           2 -0.51439180412480323     
          18           3 -0.85053221658014655     
          18           4  0.11506735537752141     
          18           5   1.2848052488041903     
          18           6   2.7229788639659712E-014
          18           7  -1.5801997603841481E-014
          18           8   1.2622541853304507E-014
          18           9   2.7048552118884990E-014
          18          10   8.4375619358941105E-014
          18          11  -2.1025485402964847E-014
          18          12  -2.6049466720039157E-014
          18          13  -1.0396558078221203E-013
          18          14  -2.1549269882211823E-014
          18          15   5.6676989054839758E-014
          18          16   5.5430751569322740E-014
          18          17   2.4076109421638319E-014
          18          18   2.3059369776148433     
          18          19  -5.0590461975526712E-013
          18          20 -0.79869939507654875     
          18          21   1.0816979807136295E-012
          18          22  -1.6011247956122268E-012
          18          23 -0.79869939507689491     
          18          24 -0.66482761949976554     
          18          25   1.7271069103849665E-014
          18          26 -0.30853593000872104     
          18          27  -1.8779146211459006E-013
          18          28   1.8275844455366524E-013
          18          29 -0.30853593000865542     
          19           1  -3.2103357132133261E-016
          19           2  -2.5185600067330359E-015
          19           3  -5.5693376432421137E-015
          19           4  -1.1647848874663503E-014
          19           5   3.5706181346695122E-014
          19           6  -4.2644689420553619E-015
          19           7  -2.6869381965937946E-016
          19           8   1.0403776758169747E-015
          19           9  -3.1898090585566797E-014
          19          10   2.5042730400333572E-014
          19          11   2.1558872452287158E-014
          19          12   1.3842838413769023E-015
          19          13   7.3385220765355592E-015
          19          14  -7.7247088790460071E-015
          19          15  -9.7570361318886549E-017
          19          16  -2.1239571037013287E-015
          19          17   1.2296466512146898E-014
          19          18  -5.0590461975526712E-013
          19          19   2.0692205123426106     
          19          20  -6.1969823180277643E-013
          19          21   2.8033131360252025E-015
          19          22  -1.8873791413703745E-015
          19          23   1.1171820096895170E-012
          19          24   4.2174271209765441E-014
          19          25 -0.23461802474412519     
          19          26   6.4154751096289517E-014
          19          27  -3.1164307244485633E-015
          19          28   4.0193542937882546E-015
          19          29  -1.4692655631654757E-013
          20           1   2.3162189660671717E-003
          20           2 -0.51439180412573871     
          20           3 -0.85053221658200884     
          20           4  0.11506735537716517     
          20           5   1.2848052488032471     
          20           6   1.7710829068933850E-014
          20           7   3.3011930927699405E-017
          20           8   5.5986488814691033E-015
          20           9  -1.4831166199646678E-013
          20          10   1.1759209060254185E-013
          20          11  -4.8856888597227259E-014
          20          12   3.0790963572319329E-014
          20          13   1.6261032418390047E-014
          20          14   5.3827076877031036E-015
          20          15  -4.4153029708009053E-014
          20          16  -1.4904615031265070E-014
          20          17  -2.8484016674356999E-014
          20          18 -0.79869939507654875     
          20          19  -6.1969823180277643E-013
          20          20   2.3059369776168106     
          20          21   5.7521514066612464E-013
          20          22   8.2954323523924285E-013
          20          23 -0.79869939507590715     
          20          24 -0.30853593000821644     
          20          25   1.3287718326277431E-013
          20          26 -0.66482761949949520     
          20          27  -1.5648926451044311E-014
          20          28  -1.0508044255181876E-013
          20          29 -0.30853593000831331     
          21           1   2.5513236682438650E-015
          21           2   4.8801506754305486E-015
          21           3   1.7763437780157234E-014
          21           4   3.8874835565595519E-015
          21           5  -2.7166993901179733E-014
          21           6  -1.2051999353365959E-015
          21           7   1.0813839946428581E-015
          21           8   1.3584237541513148E-015
          21           9  -2.5059474873514879E-015
          21          10   2.9429845840579115E-014
          21          11  -4.1770713927616754E-015
          21          12   1.4201949566244135E-015
          21          13  -9.4931402578219016E-015
          21          14   1.6108632080302182E-015
          21          15   7.3023684910562657E-016
          21          16   7.9664016487650090E-015
          21          17  -5.1315024531446562E-015
          21          18   1.0816979807136295E-012
          21          19   2.8033131360252025E-015
          21          20   5.7521514066612464E-013
          21          21   2.0692205123426071     
          21          22   3.8857805744960648E-016
          21          23  -1.6550664575492442E-012
          21          24  -1.2826217818408818E-013
          21          25  -3.4625080579087225E-015
          21          26  -4.6875814135215581E-014
          21          27 -0.23461802474412574     
          21          28  -2.8657631821723289E-015
          21          29   1.9551970987722078E-013
          22           1   2.9712944779321335E-015
          22           2   2.0072437816736684E-014
          22           3   1.6263519593834638E-014
          22           4   7.0178927035280451E-015
          22           5   5.6879797181072922E-014
          22           6   8.0040676583973568E-015
          22           7  -3.5550980045241300E-015
          22           8   2.9083327792334713E-015
          22           9   7.6556288332365833E-014
          22          10  -2.8708713423074538E-014
          22          11  -1.0615599705380719E-014
          22          12  -4.4830265313459131E-015
          22          13  -6.8897647292843447E-015
          22          14   1.0312565149504057E-014
          22          15   3.4556427936314624E-016
          22          16   2.8195232052513352E-016
          22          17  -1.2347338271608866E-014
          22          18  -1.6011247956122268E-012
          22          19  -1.8873791413703745E-015
          22          20   8.2954323523924285E-013
          22          21   3.8857805744960648E-016
          22          22   2.0692205123426084     
          22          23   6.9820862340918832E-013
          22          24   1.7970334804809735E-013
          22          25   8.7256590841613249E-015
          22          26  -1.2140145756495818E-013
          22          27   6.0229599088014769E-015
          22          28 -0.23461802474413337     
          22          29  -8.0480093492938862E-014
          23           1   2.3162189660941883E-003
          23           2 -0.51439180412542196     
          23           3 -0.85053221658133027     
          23           4  0.11506735537733626     
          23           5   1.2848052488035673     
          23           6   4.3800356815207218E-014
          23           7  -2.7616878729624312E-014
          23           8   1.6595094541957536E-014
          23           9   1.3526520189306126E-013
          23          10  -1.7810545017243392E-013
          23          11   1.5981020756787952E-014
          23          12  -1.4759923388109973E-014
          23          13   8.6573939436893846E-014
          23          14  -1.1437789590592777E-014
          23          15  -1.0129376577527592E-014
          23          16  -4.4074506474054776E-014
          23          17   4.1026828117151738E-015
          23          18 -0.79869939507689491     
          23          19   1.1171820096895170E-012
          23          20 -0.79869939507590715     
          23          21  -1.6550664575492442E-012
          23          22   6.9820862340918832E-013
          23          23   2.3059369776161369     
          23          24 -0.30853593000835211     
          23          25  -1.4844645195195546E-013
          23          26 -0.30853593000846230     
          23          27   2.1563915623329023E-013
          23          28  -7.3846204502479668E-014
          23          29 -0.66482761949956792     
          24           1   7.6133942544383534E-002
          24           2  0.51907930132752256     
          24           3   1.7471680102936435     
          24           4 -0.31504668046323814     
          24           5  -2.9123043371314350     
          24           6  -3.3467305008653692E-016
          24           7  -2.2877119217394650E-015
          24           8   7.8546665086354522E-015
          24           9  -5.2619262917326046E-014
          24          10   4.0103569865412607E-014
          24          11   4.2016711917485243E-014
          24          12   2.3535100853301298E-014
          24          13  -7.2427616652027624E-015
          24          14   3.2231223926300429E-014
          24          15  -1.2972345600877312E-014
          24          16   2.3406579964941314E-015
          24          17  -2.7591491850986818E-015
          24          18 -0.66482761949976554     
          24          19   4.2174271209765441E-014
          24          20 -0.30853593000821644     
          24          21  -1.2826217818408818E-013
          24          22   1.7970334804809735E-013
          24          23 -0.30853593000835211     
          24          24  0.98577352399039975     
          24          25  -7.4453083251519636E-016
          24          26  0.94463379915632661     
          24          27   9.2592641863489385E-015
          24          28  -1.0480752859860495E-014
          24          29  0.94463379915632129     
          25           1   1.6776379215056228E-015
          25           2   5.1486837891738772E-016
          25           3   2.1563481882619844E-015
          25           4   1.3024234862019759E-015
          25           5  -3.1086964599069389E-015
          25           6   3.6930969216433871E-015
          25           7   6.6621979482655675E-017
          25           8   4.4699482282599234E-016
          25           9   2.8124832740425417E-016
          25          10   6.9348835001484768E-015
          25          11  -1.4614764559976676E-014
          25          12  -3.1759953931007113E-016
          25          13  -9.2313984904272703E-016
          25          14  -1.5347769801372659E-014
          25          15  -1.7781359208551894E-017
          25          16   4.6793076895160371E-016
          25          17   1.0483399216167604E-015
          25          18   1.7271069103849665E-014
          25          19 -0.23461802474412519     
          25          20   1.3287718326277431E-013
          25          21  -3.4625080579087225E-015
          25          22   8.7256590841613249E-015
          25          23  -1.4844645195195546E-013
          25          24  -7.4453083251519636E-016
          25          25   2.6773026281314838E-002
          25          26  -1.4485343323709952E-014
          25          27   6.7708425670200406E-016
          25          28  -1.3147035543561225E-015
          25          29   1.8595339687793962E-014
          26           1   7.6133942544393041E-002
          26           2  0.51907930132762892     
          26           3   1.7471680102938576     
          26           4 -0.31504668046319628     
          26           5  -2.9123043371313289     
          26           6   5.7518040165381866E-015
          26           7  -6.3014312009112544E-015
          26           8   8.2243344091385300E-015
          26           9  -3.7957460762919610E-015
          26          10  -9.6209283574577895E-016
          26          11   1.2877985456890420E-014
          26          12   8.2007202089127418E-015
          26          13  -7.2801912552297157E-015
          26          14  -9.6109104361081829E-015
          26          15   8.4192950322900643E-016
          26          16   6.9935193870390778E-015
          26          17   8.4874527530021204E-015
          26          18 -0.30853593000872104     
          26          19   6.4154751096289517E-014
          26          20 -0.66482761949949520     
          26          21  -4.6875814135215581E-014
          26          22  -1.2140145756495818E-013
          26          23 -0.30853593000846230     
          26          24  0.94463379915632661     
          26          25  -1.4485343323709952E-014
          26          26  0.98577352399031337     
          26          27  -1.2726339301468383E-014
          26          28   2.5212961593747432E-014
          26          29  0.94463379915628232     
          27           1   3.1848553368965414E-018
          27           2  -8.4740131739565974E-015
          27           3  -1.6718249693119823E-014
          27           4   9.9539371917572783E-015
          27           5   4.6573298889486971E-014
          27           6   2.6060819314514342E-015
          27           7  -3.5248620484099281E-015
          27           8   4.6861474491657073E-016
          27           9   1.7484768621607151E-014
          27          10  -3.0289530486473631E-014
          27          11  -7.1090447079683463E-015
          27          12  -4.3920563251706216E-015
          27          13   6.7132995771033403E-015
          27          14  -1.8994915463850643E-014
          27          15   1.0418415379388383E-015
          27          16  -2.4872383341702643E-015
          27          17   3.5546074157892309E-015
          27          18  -1.8779146211459006E-013
          27          19  -3.1164307244485633E-015
          27          20  -1.5648926451044311E-014
          27          21 -0.23461802474412574     
          27          22   6.0229599088014769E-015
          27          23   2.1563915623329023E-013
          27          24   9.2592641863489385E-015
          27          25   6.7708425670200406E-016
          27          26  -1.2726339301468383E-014
          27          27   2.6773026281314890E-002
          27          28  -3.0097452310715263E-016
          27          29  -3.8261199817307568E-014
          28           1  -6.6946054408432096E-016
