           1           1   2.0682266781386476     
           1           2 -0.14982210935541251     
           1           3 -0.24561989692566563     
           1           4  -3.3356567383330987E-015
           1           5   9.3365192477702940E-016
           1           6   3.5535731043228719E-015
           1           7  -3.1094587369150309E-015
           1           8   3.8360366738437055E-015
           1           9   9.1721982824058575E-016
           2           1 -0.14982210935541251     
           2           2  0.40477844930920581     
           2           3  0.55534714911267713     
           2           4  -2.9997964687569130E-016
           2           5  -8.6758484319882121E-016
           2           6   2.6179339311515782E-016
           2           7  -8.8191994758118991E-016
           2           8  -4.5284055135329264E-016
           2           9  -3.0754009828311098E-015
           3           1 -0.24561989692566563     
           3           2  0.55534714911267713     
           3           3  0.76272169950792157     
           3           4  -3.4295098114867259E-016
           3           5  -1.2024860841863084E-015
           3           6   2.8650891137950906E-016
           3           7  -1.1415715018123478E-015
           3           8  -6.9428376028521624E-016
           3           9  -4.2149335918341704E-015
           4           1  -3.3356567383330987E-015
           4           2  -2.9997964687569130E-016
           4           3  -3.4295098114867259E-016
           4           4   6.6170392155779389E-030
           4           5   5.2082916287184650E-031
           4           6  -5.9484991687033832E-030
           4           7   7.0863595298833739E-030
           4           8  -2.2956613435114906E-030
           4           9   6.4506655725087926E-030
           5           1   9.3365192477702940E-016
           5           2  -8.6758484319882121E-016
           5           3  -1.2024860841863084E-015
           5           4   5.2082916287184650E-031
           5           5   1.0276033980534849E-029
           5           6   9.0795900733874430E-031
           5           7   4.4068565458990380E-030
           5           8   1.3889614030967531E-029
           5           9   3.1659836134749226E-029
           6           1   3.5535731043228719E-015
           6           2   2.6179339311515782E-016
           6           3   2.8650891137950906E-016
           6           4  -5.9484991687033832E-030
           6           5   9.0795900733874430E-031
           6           6   7.3418675823529530E-030
           6           7  -6.4729295851491988E-030
           6           8   9.6025118185448317E-030
           6           9  -1.6496312638255831E-031
           7           1  -3.1094587369150309E-015
           7           2  -8.8191994758118991E-016
           7           3  -1.1415715018123478E-015
           7           4   7.0863595298833739E-030
           7           5   4.4068565458990380E-030
           7           6  -6.4729295851491988E-030
           7           7   9.3849422340946405E-030
           7           8   7.1799459988381986E-031
           7           9   1.8324212324865451E-029
           8           1   3.8360366738437055E-015
           8           2  -4.5284055135329264E-016
           8           3  -6.9428376028521624E-016
           8           4  -2.2956613435114906E-030
           8           5   1.3889614030967531E-029
           8           6   9.6025118185448317E-030
           8           7   7.1799459988381986E-031
           8           8   3.8000921519434059E-029
           8           9   4.4839390675200877E-029
           9           1   9.1721982824058575E-016
           9           2  -3.0754009828311098E-015
           9           3  -4.2149335918341704E-015
           9           4   6.4506655725087926E-030
           9           5   3.1659836134749226E-029
           9           6  -1.6496312638255831E-031
           9           7   1.8324212324865451E-029
           9           8   4.4839390675200877E-029
           9           9   1.0254244616879576E-028
