           1           1   2.0685245923268383     
           1           2 -0.18834466327415511     
           1           3 -0.20912009690379141     
           1           4   5.0644834957555130E-016
           1           5   7.0031676916761714E-016
           1           6  -2.3866210886442238E-016
           1           7  -3.5578691703399730E-016
           1           8  -4.2105674938780467E-016
           1           9  -5.5362458892694621E-016
           2           1 -0.18834466327415511     
           2           2  0.62983423744011513     
           2           3  0.55545017202648117     
           2           4   5.3760926681607121E-016
           2           5  -5.3574635191419854E-016
           2           6  -6.0245052440653744E-016
           2           7   3.3688453605245743E-016
           2           8  -6.4622999927036613E-016
           2           9  -3.7494743229977682E-016
           3           1 -0.20912009690379141     
           3           2  0.55545017202648117     
           3           3  0.53870860132679543     
           3           4   2.2855397663700551E-016
           3           5  -3.1588129009414955E-016
           3           6  -3.1357783805622923E-016
           3           7  -2.8108603399229599E-016
           3           8  -3.3069597721354135E-016
           3           9  -1.3039993800660659E-017
           4           1   5.0644834957555130E-016
           4           2   5.3760926681607121E-016
           4           3   2.2855397663700551E-016
           4           4   1.8021222230055731E-030
           4           5  -1.1210126322465975E-030
           4           6  -1.6876480773867835E-030
           4           7   3.0983874353513947E-030
           4           8  -1.8788327025240556E-030
           4           9  -2.0131705802711810E-030
           5           1   7.0031676916761714E-016
           5           2  -5.3574635191419854E-016
           5           3  -3.1588129009414955E-016
           5           4  -1.1210126322465975E-030
           5           5   1.3564809934804668E-030
           5           6   1.2757013517231507E-030
           5           7  -2.8200347965896557E-030
           5           8   1.3499774209297403E-030
           5           9   1.2492172861828837E-030
           6           1  -2.3866210886442238E-016
           6           2  -6.0245052440653744E-016
           6           3  -3.1357783805622923E-016
           6           4  -1.6876480773867835E-030
           6           5   1.2757013517231507E-030
           6           6   1.6964860878044912E-030
           6           7  -3.1718576978258366E-030
           6           8   1.8793072884704475E-030
           6           9   1.8572150833049486E-030
           7           1  -3.5578691703399730E-016
           7           2   3.3688453605245743E-016
           7           3  -2.8108603399229599E-016
           7           4   3.0983874353513947E-030
           7           5  -2.8200347965896557E-030
           7           6  -3.1718576978258366E-030
           7           7   8.3701362775838180E-030
           7           8  -3.4537222337179324E-030
           7           9  -3.9227966451115564E-030
           8           1  -4.2105674938780467E-016
           8           2  -6.4622999927036613E-016
           8           3  -3.3069597721354135E-016
           8           4  -1.8788327025240556E-030
           8           5   1.3499774209297403E-030
           8           6   1.8793072884704475E-030
           8           7  -3.4537222337179324E-030
           8           8   2.0954060206404464E-030
           8           9   2.0652929107991758E-030
           9           1  -5.5362458892694621E-016
           9           2  -3.7494743229977682E-016
           9           3  -1.3039993800660659E-017
           9           4  -2.0131705802711810E-030
           9           5   1.2492172861828837E-030
           9           6   1.8572150833049486E-030
           9           7  -3.9227966451115564E-030
           9           8   2.0652929107991758E-030
           9           9   2.3757181655304728E-030
