           1           1   2.1108860002670049     
           1           2 -0.38603893018815039     
           1           3 -0.23798554647745238     
           1           4   2.3549478086396983E-015
           1           5   3.2655871053660808E-015
           1           6   6.3834526171388076E-016
           1           7  -7.6277380047720452E-015
           1           8   9.5245721592842362E-016
           1           9   5.8682769976521688E-016
           1          10   7.3835675322878214E-002
           1          11   1.1462685346962829E-003
           1          12   7.3533998138948578E-002
           1          13   2.3457529243470538E-003
           1          14  -2.7345056410462486E-003
           1          15   6.9892841517871299E-002
           2           1 -0.38603893018815039     
           2           2   1.2100828766786951     
           2           3  0.59198478646947228     
           2           4  -2.1620389267076868E-015
           2           5  -1.1425535246588659E-014
           2           6   1.0420855270479547E-015
           2           7   8.3187750619627324E-015
           2           8  -2.9485779267505623E-015
           2           9   3.1933544748602761E-016
           2          10 -0.12152134151171307     
           2          11  -2.5475441171043086E-003
           2          12 -0.12084987495944756     
           2          13  -5.2134803833716256E-003
           2          14   6.0775024247906794E-003
           2          15 -0.11274505315440568     
           3           1 -0.23798554647745238     
           3           2  0.59198478646947228     
           3           3  0.52866388812613441     
           3           4  -2.5852836592646162E-015
           3           5  -1.4485579101603439E-014
           3           6   2.0221463445031695E-016
           3           7   1.2115388613349081E-014
           3           8  -4.7364741844271784E-015
           3           9   1.3237195200370418E-015
           3          10  -4.4473610632287178E-002
           3          11  -3.8657541315503877E-003
           3          12  -4.3454727335159447E-002
           3          13  -7.9111580950390215E-003
           3          14   9.2222617479177406E-003
           3          15  -3.1156483420597379E-002
           4           1   2.3549478086396983E-015
           4           2  -2.1620389267076868E-015
           4           3  -2.5852836592646162E-015
           4           4  0.79598512009388611     
           4           5  0.13158004581465743     
           4           6  0.26931637186072266     
           4           7   7.3734042487304780E-002
           4           8   1.2188580469236668E-002
           4           9   2.4947432186876190E-002
           4          10   2.1964258799913057E-016
           4          11   6.7210778475639903E-018
           4          12   1.7235614311541663E-016
           4          13   2.8122022552703699E-017
           4          14   3.2561945834173483E-017
           4          15   8.0932230832834436E-017
           5           1   3.2655871053660808E-015
           5           2  -1.1425535246588659E-014
           5           3  -1.4485579101603439E-014
           5           4  0.13158004581465743     
           5           5  0.75546879647872889     
           5           6 -0.31395375223090083     
           5           7   1.2188580469237272E-002
           5           8   6.9980916641789431E-002
           5           9  -2.9082301567787839E-002
           5          10   7.7558734590963465E-016
           5          11   1.6503717214698093E-016
           5          12   5.7852223718262250E-016
           5          13   1.0554217452257052E-016
           5          14  -2.2883416358418001E-016
           5          15  -2.5296166446594207E-017
           6           1   6.3834526171388076E-016
           6           2   1.0420855270479547E-015
           6           3   2.0221463445031695E-016
           6           4  0.26931637186072266     
           6           5 -0.31395375223090083     
           6           6  0.26626078627097444     
           6           7   2.4947432186876679E-002
           6           8  -2.9082301567787253E-002
           6           9   2.4664385843408018E-002
           6          10  -1.8650138029992030E-016
           6          11  -2.6092270687171139E-017
           6          12  -1.2367180537451166E-016
           6          13   6.6071385742479820E-017
           6          14   2.0561280043445270E-018
           6          15  -3.1529831861159057E-017
           7           1  -7.6277380047720452E-015
           7           2   8.3187750619627324E-015
           7           3   1.2115388613349081E-014
           7           4   7.3734042487304780E-002
           7           5   1.2188580469237272E-002
           7           6   2.4947432186876679E-002
           7           7   6.8301641378401739E-003
           7           8   1.1290579277068143E-003
           7           9   2.3109414716185922E-003
           7          10  -3.6870295344316192E-016
           7          11  -1.0637086801113241E-016
           7          12  -3.4488453014721611E-016
           7          13  -2.1635397082775114E-016
           7          14   2.5826298456679569E-016
           7          15  -1.2986833211820817E-017
           8           1   9.5245721592842362E-016
           8           2  -2.9485779267505623E-015
           8           3  -4.7364741844271784E-015
           8           4   1.2188580469236668E-002
           8           5   6.9980916641789431E-002
           8           6  -2.9082301567787253E-002
           8           7   1.1290579277068143E-003
           8           8   6.4825029397001330E-003
           8           9  -2.6939645042295896E-003
           8          10   8.8344201934138491E-017
           8          11   4.6235618654367681E-017
           8          12   6.1932854270067245E-017
           8          13   7.3110476088538385E-017
           8          14  -9.5027530459328673E-017
           8          15  -9.2454548769518537E-017
           9           1   5.8682769976521688E-016
           9           2   3.1933544748602761E-016
           9           3   1.3237195200370418E-015
           9           4   2.4947432186876190E-002
           9           5  -2.9082301567787839E-002
           9           6   2.4664385843408018E-002
           9           7   2.3109414716185922E-003
           9           8  -2.6939645042295896E-003
           9           9   2.2847221986845800E-003
           9          10   2.1120125184227828E-017
           9          11  -1.6528073594167877E-017
           9          12   3.0659912629382728E-017
           9          13  -2.2757647983357008E-017
           9          14   3.3854377115958148E-017
           9          15   8.4093791675703608E-017
          10           1   7.3835675322878214E-002
          10           2 -0.12152134151171307     
          10           3  -4.4473610632287178E-002
          10           4   2.1964258799913057E-016
          10           5   7.7558734590963465E-016
          10           6  -1.8650138029992030E-016
          10           7  -3.6870295344316192E-016
          10           8   8.8344201934138491E-017
          10           9   2.1120125184227828E-017
          10          10   1.4514215239709301E-002
          10          11   9.7189310808365245E-005
          10          12   1.4488597600308397E-002
          10          13   1.9889543431755210E-004
          10          14  -2.3185807950608031E-004
          10          15   1.4179383841600243E-002
          11           1   1.1462685346962829E-003
          11           2  -2.5475441171043086E-003
          11           3  -3.8657541315503877E-003
          11           4   6.7210778475639903E-018
          11           5   1.6503717214698093E-016
          11           6  -2.6092270687171139E-017
          11           7  -1.0637086801113241E-016
          11           8   4.6235618654367681E-017
          11           9  -1.6528073594167877E-017
          11          10   9.7189310808365245E-005
          11          11   3.4225951978015378E-005
          11          12   8.8168396981857923E-005
          11          13   7.0042468976802194E-005
          11          14  -8.1650497166397615E-005
          11          15  -2.0716929524217443E-005
          12           1   7.3533998138948578E-002
          12           2 -0.12084987495944756     
          12           3  -4.3454727335159447E-002
          12           4   1.7235614311541663E-016
          12           5   5.7852223718262250E-016
          12           6  -1.2367180537451166E-016
          12           7  -3.4488453014721611E-016
          12           8   6.1932854270067245E-017
          12           9   3.0659912629382728E-017
          12          10   1.4488597600308397E-002
          12          11   8.8168396981857923E-005
          12          12   1.4465357598002087E-002
          12          13   1.8043438236305399E-004
          12          14  -2.1033750645258986E-004
          12          15   1.4184842682567891E-002
          13           1   2.3457529243470538E-003
          13           2  -5.2134803833716256E-003
          13           3  -7.9111580950390215E-003
          13           4   2.8122022552703699E-017
          13           5   1.0554217452257052E-016
          13           6   6.6071385742479820E-017
          13           7  -2.1635397082775114E-016
          13           8   7.3110476088538385E-017
          13           9  -2.2757647983357008E-017
          13          10   1.9889543431755210E-004
          13          11   7.0042468976802194E-005
          13          12   1.8043438236305399E-004
          13          13   1.4333998550625495E-004
          13          14  -1.6709549579564369E-004
          13          15  -4.2396442591095330E-005
          14           1  -2.7345056410462486E-003
          14           2   6.0775024247906794E-003
          14           3   9.2222617479177406E-003
          14           4   3.2561945834173483E-017
          14           5  -2.2883416358418001E-016
          14           6   2.0561280043445270E-018
          14           7   2.5826298456679569E-016
          14           8  -9.5027530459328673E-017
          14           9   3.3854377115958148E-017
          14          10  -2.3185807950608031E-004
          14          11  -8.1650497166397615E-005
          14          12  -2.1033750645258986E-004
          14          13  -1.6709549579564369E-004
          14          14   1.9478796943214082E-004
          14          15   4.9422720582827052E-005
          15           1   6.9892841517871299E-002
          15           2 -0.11274505315440568     
          15           3  -3.1156483420597379E-002
          15           4   8.0932230832834436E-017
          15           5  -2.5296166446594207E-017
          15           6  -3.1529831861159057E-017
          15           7  -1.2986833211820817E-017
          15           8  -9.2454548769518537E-017
          15           9   8.4093791675703608E-017
          15          10   1.4179383841600243E-002
          15          11  -2.0716929524217443E-005
          15          12   1.4184842682567891E-002
          15          13  -4.2396442591095330E-005
          15          14   4.9422720582827052E-005
          15          15   1.4250732021683957E-002
