           1           1   2.0009479958115248     
           1           2   1.2015917266856255E-002
           1           3   9.0436592099449778E-002
           1           4   1.5245846986386272E-002
           1           5  -1.2554336948337784E-003
           1           6  -1.3156624119692540E-014
           1           7   2.3904498969383048E-014
           1           8   1.3066321597372504E-014
           1           9   6.1355630661901845E-015
           1          10  -7.8446308792298371E-015
           1          11  -2.4356338679865814E-015
           1          12   3.2057144997020442E-015
           1          13  -3.0910208209164226E-015
           1          14   5.0649194898252330E-015
           1          15  -2.1588082682090587E-002
           1          16  -6.7564412104830382E-005
           1          17  -2.1584348892398103E-002
           1          18   1.2659876565335521E-004
           1          19   6.2560762976722923E-005
           1          20  -2.1510387274924353E-002
           1          21  -5.7589614232526646E-003
           1          22   9.9995009699320896E-006
           1          23  -5.7607610643846379E-003
           1          24  -1.6009609000156225E-005
           1          25  -1.4441668093675158E-005
           1          26  -5.7719791892926076E-003
           2           1   1.2015917266856255E-002
           2           2   2.1242538915005205     
           2           3   1.3952154914402644     
           2           4  0.19067996666960144     
           2           5  -5.0517915959021574E-004
           2           6  -1.4271427593202397E-012
           2           7   2.5556064971942246E-012
           2           8   1.8662368510703876E-012
           2           9   1.1654856591217054E-013
           2          10  -2.8009427632816526E-013
           2          11  -2.0163645935677634E-013
           2          12  -1.9738674338427010E-014
           2          13   1.4896625512937816E-013
           2          14   1.3515387253472868E-014
           2          15 -0.27471889727268639     
           2          16  -1.9419748207706719E-003
           2          17 -0.27461898607722984     
           2          18   3.6480166657596059E-003
           2          19   1.7635546225005685E-003
           2          20 -0.27249520018612888     
           2          21  -8.0421169213846622E-002
           2          22   3.0879889400017082E-004
           2          23  -8.0477703819640464E-002
           2          24  -4.9124015978534825E-004
           2          25  -4.4870870426345032E-004
           2          26  -8.0822849212414394E-002
           3           1   9.0436592099449778E-002
           3           2   1.3952154914402644     
           3           3   9.4329698623757885     
           3           4   1.5219377876696056     
           3           5  -6.1374681123245726E-002
           3           6   5.6999189626099708E-013
           3           7  -9.9395280451537562E-013
           3           8  -7.3611581388560780E-013
           3           9   9.3485934273081722E-014
           3          10  -1.9237779869776036E-013
           3          11  -1.3420691305039815E-013
           3          12  -1.2652267890222451E-014
           3          13  -1.3692276088237232E-015
           3          14   3.7278874558512209E-014
           3          15  -2.1273682478959399     
           3          16  -1.0491543844585133E-002
           3          17  -2.1262008517930218     
           3          18   1.8487535166958429E-002
           3          19   1.2054678600724228E-002
           3          20  -2.1146866928753707     
           3          21 -0.55502266045214321     
           3          22   1.5533554107291269E-003
           3          23 -0.55533652196134786     
           3          24  -2.4303498350589938E-003
           3          25  -2.3589033641836167E-003
           3          26 -0.55708004046049864     
           4           1   1.5245846986386272E-002
           4           2  0.19067996666960144     
           4           3   1.5219377876696056     
           4           4  0.26525116829790463     
           4           5  -9.2330775145126436E-003
           4           6   1.1971170888589592E-013
           4           7  -2.1636262869747230E-013
           4           8  -1.7209976931819602E-013
           4           9   1.5737263047000022E-014
           4          10  -2.7512864108863937E-014
           4          11  -1.8456324040447448E-014
           4          12  -6.5144058695303746E-016
           4          13  -6.3729053918002891E-015
           4          14   4.2775022541619412E-015
           4          15 -0.35750827526236739     
           4          16  -8.7788300625949898E-004
           4          17 -0.35711223155704508     
           4          18   9.5013062788903394E-004
           4          19   2.1948205418227591E-003
           4          20 -0.35613462199998086     
           4          21  -9.6036631967953076E-002
           4          22   1.3945854052629082E-004
           4          23  -9.6082614752572001E-002
           4          24  -1.8812787186185117E-004
           4          25  -2.7151305900565401E-004
           4          26  -9.6239039510752369E-002
           5           1  -1.2554336948337784E-003
           5           2  -5.0517915959021574E-004
           5           3  -6.1374681123245726E-002
           5           4  -9.2330775145126436E-003
           5           5   4.7741314589522189E-004
           5           6  -1.2041944156240635E-014
           5           7   1.9496705437185034E-014
           5           8   1.6012891904215429E-014
           5           9  -3.5325901111804807E-015
           5          10   9.0509230131963392E-015
           5          11   4.5313043245984951E-015
           5          12   3.7103458714857450E-016
           5          13  -1.5053054205121003E-016
           5          14  -6.4798380605564354E-016
           5          15   1.3414994590190715E-002
           5          16   1.1721454108187846E-004
           5          17   1.3457528934816769E-002
           5          18  -3.1777151629915534E-004
           5          19   8.6220463194580156E-005
           5          20   1.3331510965473695E-002
           5          21   3.3386956832215154E-003
           5          22  -1.5385869028622680E-005
           5          23   3.3384792169179494E-003
           5          24   2.9702254053597212E-005
           5          25   1.2213447936388229E-005
           5          26   3.3557806182650078E-003
           6           1  -1.3156624119692540E-014
           6           2  -1.4271427593202397E-012
           6           3   5.6999189626099708E-013
           6           4   1.1971170888589592E-013
           6           5  -1.2041944156240635E-014
           6           6   1.9991970889875446     
           6           7  -1.5921993320882916E-006
           6           8   2.2862907055096302E-006
           6           9   1.6203593195880024E-003
           6          10  -1.2100493998738748E-005
           6          11   1.7332361291816020E-005
           6          12   1.6480624033543015E-002
           6          13   2.9514083179934961E-005
           6          14  -4.2427576741623256E-005
           6          15  -1.4467299725321477E-013
           6          16  -4.0948311034088756E-014
           6          17  -1.8990493819344047E-013
           6          18  -2.3062593496085784E-014
           6          19  -4.2330933793355769E-015
           6          20  -1.9102379713508529E-013
           6          21  -3.9305429095104150E-014
           6          22   9.6090252087237729E-015
           6          23  -2.9577158664789776E-014
           6          24   8.5912843003136703E-015
           6          25   4.5959898915855915E-017
           6          26  -2.9624172615848510E-014
           7           1   2.3904498969383048E-014
           7           2   2.5556064971942246E-012
           7           3  -9.9395280451537562E-013
           7           4  -2.1636262869747230E-013
           7           5   1.9496705437185034E-014
           7           6  -1.5921993320882916E-006
           7           7   1.9991975440301619     
           7           8   2.6370553312522705E-006
           7           9  -1.2100493999318146E-005
           7          10   1.6238010422004838E-003
           7          11   1.9979965022502710E-005
           7          12   2.9514083179935612E-005
           7          13   1.6472170843041894E-002
           7          14  -4.8949475794283701E-005
           7          15   3.2537222750089337E-013
           7          16   2.6645201851594016E-014
           7          17   2.5688083947050956E-013
           7          18  -1.2845577606954645E-014
           7          19  -1.1024595183328066E-014
           7          20   3.3101165814772445E-013
           7          21   5.7547014046357329E-014
           7          22  -5.3496015780132756E-015
           7          23   7.3113190009744827E-014
           7          24   4.6364034421390022E-016
           7          25   7.5451328333911575E-015
           7          26   5.4763405249095715E-014
           8           1   1.3066321597372504E-014
           8           2   1.8662368510703876E-012
           8           3  -7.3611581388560780E-013
           8           4  -1.7209976931819602E-013
           8           5   1.6012891904215429E-014
           8           6   2.2862907055096302E-006
           8           7   2.6370553312522705E-006
           8           8   1.9991995253568684     
           8           9   1.7332361290340638E-005
           8          10   1.9979965022513119E-005
           8          11   1.6387867621832806E-003
           8          12  -4.2427576740713068E-005
           8          13  -4.8949475795311091E-005
           8          14   1.6435364521276162E-002
           8          15   2.3390260354660203E-013
           8          16   2.8684186501272165E-015
           8          17   2.4529498726089735E-013
           8          18  -1.8091437610909810E-015
           8          19  -5.2551449073379750E-015
           8          20   1.9166618359590499E-013
           8          21   4.5636419198438891E-014
           8          22   4.9764133761313990E-016
           8          23   4.4961222616865688E-014
           8          24  -3.6552096094026522E-015
           8          25   9.0851498504423283E-015
           8          26   5.7985353820930674E-014
           9           1   6.1355630661901845E-015
           9           2   1.1654856591217054E-013
           9           3   9.3485934273081722E-014
           9           4   1.5737263047000022E-014
           9           5  -3.5325901111804807E-015
           9           6   1.6203593195880024E-003
           9           7  -1.2100493999318146E-005
           9           8   1.7332361290340638E-005
           9           9   2.1143052381458478     
           9          10  -9.1245546844032077E-005
           9          11   1.3030343819679657E-004
           9          12 -0.23039225829935400     
           9          13   2.0512046486767174E-004
           9          14  -2.9321644186796128E-004
           9          15   1.3521659018422214E-013
           9          16  -2.6774774489731840E-013
           9          17  -1.4746319665712423E-013
           9          18  -1.4871756251542848E-013
           9          19  -5.6216832904787797E-014
           9          20  -1.4101971257638902E-013
           9          21  -3.1461390032957872E-014
           9          22   3.4815197497216205E-014
           9          23   6.5046834321835670E-015
           9          24   2.2940415236123587E-014
           9          25   3.5007387980362014E-015
           9          26   8.6044666486393788E-015
          10           1  -7.8446308792298371E-015
          10           2  -2.8009427632816526E-013
          10           3  -1.9237779869776036E-013
          10           4  -2.7512864108863937E-014
          10           5   9.0509230131963392E-015
          10           6  -1.2100493998738748E-005
          10           7   1.6238010422004838E-003
          10           8   1.9979965022513119E-005
          10           9  -9.1245546844032077E-005
          10          10   2.1143310398193460     
          10          11   1.5010241549606729E-004
          10          12   2.0512046486703336E-004
          10          13 -0.23045037330032309     
          10          14  -3.3784818377044154E-004
          10          15   2.1782173565594986E-013
          10          16   1.6882035855978727E-013
          10          17  -1.8888787057773798E-013
          10          18  -8.0361998285129058E-014
          10          19  -5.6007635765105567E-014
          10          20   2.4319469849219230E-013
          10          21  -1.0665782106637207E-014
          10          22  -2.1399555126914126E-014
          10          23   5.2804858574738846E-014
          10          24   5.2302403054029000E-015
          10          25   1.8618960873894243E-014
          10          26  -9.0364248488667194E-015
          11           1  -2.4356338679865814E-015
          11           2  -2.0163645935677634E-013
          11           3  -1.3420691305039815E-013
          11           4  -1.8456324040447448E-014
          11           5   4.5313043245984951E-015
          11           6   1.7332361291816020E-005
          11           7   1.9979965022502710E-005
          11           8   1.6387867621832806E-003
          11           9   1.3030343819679657E-004
          11          10   1.5010241549606729E-004
          11          11   2.1144433837573868     
          11          12  -2.9321644187057117E-004
          11          13  -3.3784818376985867E-004
          11          14 -0.23070341378639830     
          11          15   1.2408478257159566E-013
          11          16   2.1487968950033432E-014
          11          17   1.9033184076234122E-013
          11          18   1.6164545765157426E-015
          11          19  -2.9546276327326119E-014
          11          20  -1.2393778554203374E-013
          11          21  -4.8947626433847034E-015
          11          22  -2.4741928101025750E-016
          11          23  -7.9883042772895166E-015
          11          24  -1.5028183338458852E-014
          11          25   2.3556792912537880E-014
          11          26   3.2940966423098698E-014
          12           1   3.2057144997020442E-015
          12           2  -1.9738674338427010E-014
          12           3  -1.2652267890222451E-014
          12           4  -6.5144058695303746E-016
          12           5   3.7103458714857450E-016
          12           6   1.6480624033543015E-002
          12           7   2.9514083179935612E-005
          12           8  -4.2427576740713068E-005
          12           9 -0.23039225829935400     
          12          10   2.0512046486703336E-004
          12          11  -2.9321644187057117E-004
          12          12   2.6469547840080765E-002
          12          13  -3.3546929266513315E-005
          12          14   4.8084644697385642E-005
          12          15  -1.1238684533650848E-014
          12          16   2.0289698064458423E-014
          12          17   1.2146831946243929E-014
          12          18   1.4212634291522165E-014
          12          19   5.3566202185277093E-015
          12          20   1.1661080111969187E-014
          12          21   2.4466960332208852E-015
          12          22  -2.5426378468032041E-015
          12          23  -6.4963477984907690E-016
          12          24  -2.0675484685090688E-015
          12          25  -4.7254746418704701E-016
          12          26  -8.6781251218744260E-016
          13           1  -3.0910208209164226E-015
          13           2   1.4896625512937816E-013
          13           3  -1.3692276088237232E-015
          13           4  -6.3729053918002891E-015
          13           5  -1.5053054205121003E-016
          13           6   2.9514083179934961E-005
          13           7   1.6472170843041894E-002
          13           8  -4.8949475795311091E-005
          13           9   2.0512046486767174E-004
          13          10 -0.23045037330032309     
          13          11  -3.3784818376985867E-004
          13          12  -3.3546929266513315E-005
          13          13   2.6479102237312070E-002
          13          14   5.5438679867942427E-005
          13          15  -1.1152689084248086E-014
          13          16  -1.3653342365315843E-014
          13          17   2.6476569623097428E-014
          13          18  -2.5450817165862538E-015
          13          19   1.8649006567627774E-014
          13          20  -1.0620126555419027E-014
          13          21   3.3089264449975953E-015
          13          22   1.8002677122125391E-015
          13          23  -2.2297813388403400E-015
          13          24  -5.0458378461589255E-017
          13          25  -2.3006135315298532E-015
          13          26   2.8729933560362543E-015
          14           1   5.0649194898252330E-015
          14           2   1.3515387253472868E-014
          14           3   3.7278874558512209E-014
          14           4   4.2775022541619412E-015
          14           5  -6.4798380605564354E-016
          14           6  -4.2427576741623256E-005
          14           7  -4.8949475794283701E-005
          14           8   1.6435364521276162E-002
          14           9  -2.9321644186796128E-004
          14          10  -3.3784818377044154E-004
          14          11 -0.23070341378639830     
          14          12   4.8084644697385642E-005
          14          13   5.5438679867942427E-005
          14          14   2.6520703360580777E-002
          14          15  -1.9273236407335385E-014
          14          16   2.2006912680743385E-015
          14          17  -1.7569306565556051E-014
          14          18  -1.9998164604951155E-014
          14          19   2.7720982723446013E-014
          14          20   6.2909245347343448E-015
          14          21  -3.4862626983673438E-016
          14          22  -3.3287830803892335E-016
          14          23  -5.6848532450899172E-016
          14          24   2.3093895092916912E-015
          14          25  -3.0871822457752797E-015
          14          26  -3.7675902816247459E-015
          15           1  -2.1588082682090587E-002
          15           2 -0.27471889727268639     
          15           3  -2.1273682478959399     
          15           4 -0.35750827526236739     
          15           5   1.3414994590190715E-002
          15           6  -1.4467299725321477E-013
          15           7   3.2537222750089337E-013
          15           8   2.3390260354660203E-013
          15           9   1.3521659018422214E-013
          15          10   2.1782173565594986E-013
          15          11   1.2408478257159566E-013
          15          12  -1.1238684533650848E-014
          15          13  -1.1152689084248086E-014
          15          14  -1.9273236407335385E-014
          15          15  0.50423070028260786     
          15          16  -7.4653842150828147E-003
          15          17  0.47805186181848869     
          15          18   6.7199642028278175E-002
          15          19  -9.8783586744701044E-002
          15          20  0.48496832203889839     
          15          21  0.12895669887271022     
          15          22   1.8113196844461024E-004
          15          23  0.13053471840246372     
          15          24  -3.0146994277759705E-003
          15          25   5.1403566813622310E-003
          15          26  0.13031782412709728     
          16           1  -6.7564412104830382E-005
          16           2  -1.9419748207706719E-003
          16           3  -1.0491543844585133E-002
          16           4  -8.7788300625949898E-004
          16           5   1.1721454108187846E-004
          16           6  -4.0948311034088756E-014
          16           7   2.6645201851594016E-014
          16           8   2.8684186501272165E-015
          16           9  -2.6774774489731840E-013
          16          10   1.6882035855978727E-013
          16          11   2.1487968950033432E-014
          16          12   2.0289698064458423E-014
          16          13  -1.3653342365315843E-014
          16          14   2.2006912680743385E-015
          16          15  -7.4653842150828147E-003
          16          16  0.59334824110478024     
          16          17   9.5812724741689420E-003
          16          18 -0.45228082580489870     
          16          19 -0.28794626381775762     
          16          20   3.6561036556811942E-003
          16          21   8.9615397731780861E-004
          16          22  -8.8750424816349885E-002
          16          23  -1.0222630758376081E-004
          16          24   6.3415723927503526E-002
          16          25   4.9830502387931408E-002
          16          26   2.4931632644666985E-004
          17           1  -2.1584348892398103E-002
          17           2 -0.27461898607722984     
          17           3  -2.1262008517930218     
          17           4 -0.35711223155704508     
          17           5   1.3457528934816769E-002
          17           6  -1.8990493819344047E-013
          17           7   2.5688083947050956E-013
          17           8   2.4529498726089735E-013
          17           9  -1.4746319665712423E-013
          17          10  -1.8888787057773798E-013
          17          11   1.9033184076234122E-013
          17          12   1.2146831946243929E-014
          17          13   2.6476569623097428E-014
          17          14  -1.7569306565556051E-014
          17          15  0.47805186181848869     
          17          16   9.5812724741689420E-003
          17          17  0.49934408736024144     
          17          18  -6.1621699760032338E-002
          17          19   7.7863983319874944E-002
          17          20  0.48988556633325908     
          17          21  0.13035949000214342     
          17          22  -6.5224605288244635E-004
          17          23  0.12915465023956868     
          17          24   3.2816397586702610E-003
          17          25  -3.4925247687357538E-003
          17          26  0.12989807135435141     
          18           1   1.2659876565335521E-004
          18           2   3.6480166657596059E-003
          18           3   1.8487535166958429E-002
          18           4   9.5013062788903394E-004
          18           5  -3.1777151629915534E-004
          18           6  -2.3062593496085784E-014
          18           7  -1.2845577606954645E-014
          18           8  -1.8091437610909810E-015
          18           9  -1.4871756251542848E-013
          18          10  -8.0361998285129058E-014
          18          11   1.6164545765157426E-015
          18          12   1.4212634291522165E-014
          18          13  -2.5450817165862538E-015
          18          14  -1.9998164604951155E-014
          18          15   6.7199642028278175E-002
          18          16 -0.45228082580489870     
          18          17  -6.1621699760032338E-002
          18          18  0.63038129061845427     
          18          19 -0.23640779716797372     
          18          20  -1.7095944064584957E-002
          18          21  -4.5856287617040683E-003
          18          22   6.3418303899312620E-002
          18          23   2.9643137766186224E-003
          18          24  -5.9377113872905139E-002
          18          25  -1.3176182876421604E-002
          18          26   3.4503199307616333E-004
          19           1   6.2560762976722923E-005
          19           2   1.7635546225005685E-003
          19           3   1.2054678600724228E-002
          19           4   2.1948205418227591E-003
          19           5   8.6220463194580156E-005
          19           6  -4.2330933793355769E-015
          19           7  -1.1024595183328066E-014
          19           8  -5.2551449073379750E-015
          19           9  -5.6216832904787797E-014
          19          10  -5.6007635765105567E-014
          19          11  -2.9546276327326119E-014
          19          12   5.3566202185277093E-015
          19          13   1.8649006567627774E-014
          19          14   2.7720982723446013E-014
          19          15  -9.8783586744701044E-002
          19          16 -0.28794626381775762     
          19          17   7.7863983319874944E-002
          19          18 -0.23640779716797372     
          19          19  0.86759036764782926     
          19          20   1.6961790721461638E-002
          19          21   4.9426598909834531E-003
          19          22   4.9825468668403088E-002
          19          23  -5.4134722338908398E-003
          19          24  -1.3164124262635687E-002
          19          25  -6.3796946713819525E-002
          19          26  -1.8447140304105451E-003
          20           1  -2.1510387274924353E-002
          20           2 -0.27249520018612888     
          20           3  -2.1146866928753707     
          20           4 -0.35613462199998086     
          20           5   1.3331510965473695E-002
          20           6  -1.9102379713508529E-013
          20           7   3.3101165814772445E-013
          20           8   1.9166618359590499E-013
          20           9  -1.4101971257638902E-013
          20          10   2.4319469849219230E-013
          20          11  -1.2393778554203374E-013
          20          12   1.1661080111969187E-014
          20          13  -1.0620126555419027E-014
          20          14   6.2909245347343448E-015
          20          15  0.48496832203889839     
          20          16   3.6561036556811942E-003
          20          17  0.48988556633325908     
          20          18  -1.7095944064584957E-002
          20          19   1.6961790721461638E-002
          20          20  0.48612466776391333     
          20          21  0.12944698766389545     
          20          22  -3.5825905926782485E-004
          20          23  0.12920106713763019     
          20          24   1.0990419191691926E-003
          20          25  -5.2353682769136869E-004
          20          26  0.12960591606142846     
          21           1  -5.7589614232526646E-003
          21           2  -8.0421169213846622E-002
          21           3 -0.55502266045214321     
          21           4  -9.6036631967953076E-002
          21           5   3.3386956832215154E-003
          21           6  -3.9305429095104150E-014
          21           7   5.7547014046357329E-014
          21           8   4.5636419198438891E-014
          21           9  -3.1461390032957872E-014
          21          10  -1.0665782106637207E-014
          21          11  -4.8947626433847034E-015
          21          12   2.4466960332208852E-015
          21          13   3.3089264449975953E-015
          21          14  -3.4862626983673438E-016
          21          15  0.12895669887271022     
          21          16   8.9615397731780861E-004
          21          17  0.13035949000214342     
          21          18  -4.5856287617040683E-003
          21          19   4.9426598909834531E-003
          21          20  0.12944698766389545     
          21          21   3.4896049992408924E-002
          21          22  -8.1089116448860560E-005
          21          23   3.4822607279526921E-002
          21          24   2.7883597077567161E-004
          21          25  -1.7813467864881218E-004
          21          26   3.4914390241308789E-002
          22           1   9.9995009699320896E-006
          22           2   3.0879889400017082E-004
          22           3   1.5533554107291269E-003
          22           4   1.3945854052629082E-004
          22           5  -1.5385869028622680E-005
          22           6   9.6090252087237729E-015
          22           7  -5.3496015780132756E-015
          22           8   4.9764133761313990E-016
          22           9   3.4815197497216205E-014
          22          10  -2.1399555126914126E-014
          22          11  -2.4741928101025750E-016
          22          12  -2.5426378468032041E-015
          22          13   1.8002677122125391E-015
          22          14  -3.3287830803892335E-016
          22          15   1.8113196844461024E-004
          22          16  -8.8750424816349885E-002
          22          17  -6.5224605288244635E-004
          22          18   6.3418303899312620E-002
          22          19   4.9825468668403088E-002
          22          20  -3.5825905926782485E-004
          22          21  -8.1089116448860560E-005
          22          22   1.3337606282308545E-002
          22          23  -3.2369903440026946E-005
          22          24  -9.3219486941589925E-003
          22          25  -7.8210931028587175E-003
          22          26  -5.0199598042131440E-005
          23           1  -5.7607610643846379E-003
          23           2  -8.0477703819640464E-002
          23           3 -0.55533652196134786     
          23           4  -9.6082614752572001E-002
          23           5   3.3384792169179494E-003
          23           6  -2.9577158664789776E-014
          23           7   7.3113190009744827E-014
          23           8   4.4961222616865688E-014
          23           9   6.5046834321835670E-015
          23          10   5.2804858574738846E-014
          23          11  -7.9883042772895166E-015
          23          12  -6.4963477984907690E-016
          23          13  -2.2297813388403400E-015
          23          14  -5.6848532450899172E-016
          23          15  0.13053471840246372     
          23          16  -1.0222630758376081E-004
          23          17  0.12915465023956868     
          23          18   2.9643137766186224E-003
          23          19  -5.4134722338908398E-003
          23          20  0.12920106713763019     
          23          21   3.4822607279526921E-002
          23          22  -3.2369903440026946E-005
          23          23   3.4912323121590233E-002
          23          24  -9.0047415582522998E-005
          23          25   3.2812870566930490E-004
          23          26   3.4947962086698044E-002
          24           1  -1.6009609000156225E-005
          24           2  -4.9124015978534825E-004
          24           3  -2.4303498350589938E-003
          24           4  -1.8812787186185117E-004
          24           5   2.9702254053597212E-005
          24           6   8.5912843003136703E-015
          24           7   4.6364034421390022E-016
          24           8  -3.6552096094026522E-015
          24           9   2.2940415236123587E-014
          24          10   5.2302403054029000E-015
          24          11  -1.5028183338458852E-014
          24          12  -2.0675484685090688E-015
          24          13  -5.0458378461589255E-017
          24          14   2.3093895092916912E-015
          24          15  -3.0146994277759705E-003
          24          16   6.3415723927503526E-002
          24          17   3.2816397586702610E-003
          24          18  -5.9377113872905139E-002
          24          19  -1.3164124262635687E-002
          24          20   1.0990419191691926E-003
          24          21   2.7883597077567161E-004
          24          22  -9.3219486941589925E-003
          24          23  -9.0047415582522998E-005
          24          24   7.2046051422806987E-003
          24          25   4.3678386770474994E-003
          24          26   3.8918007356320931E-005
          25           1  -1.4441668093675158E-005
          25           2  -4.4870870426345032E-004
          25           3  -2.3589033641836167E-003
          25           4  -2.7151305900565401E-004
          25           5   1.2213447936388229E-005
          25           6   4.5959898915855915E-017
          25           7   7.5451328333911575E-015
          25           8   9.0851498504423283E-015
          25           9   3.5007387980362014E-015
          25          10   1.8618960873894243E-014
          25          11   2.3556792912537880E-014
          25          12  -4.7254746418704701E-016
          25          13  -2.3006135315298532E-015
          25          14  -3.0871822457752797E-015
          25          15   5.1403566813622310E-003
          25          16   4.9830502387931408E-002
          25          17  -3.4925247687357538E-003
          25          18  -1.3176182876421604E-002
          25          19  -6.3796946713819525E-002
          25          20  -5.2353682769136869E-004
          25          21  -1.7813467864881218E-004
          25          22  -7.8210931028587175E-003
          25          23   3.2812870566930490E-004
          25          24   4.3678386770474994E-003
          25          25   6.3413863963461643E-003
          25          26   1.5481544959459608E-004
          26           1  -5.7719791892926076E-003
          26           2  -8.0822849212414394E-002
          26           3 -0.55708004046049864     
          26           4  -9.6239039510752369E-002
          26           5   3.3557806182650078E-003
          26           6  -2.9624172615848510E-014
          26           7   5.4763405249095715E-014
          26           8   5.7985353820930674E-014
          26           9   8.6044666486393788E-015
          26          10  -9.0364248488667194E-015
          26          11   3.2940966423098698E-014
          26          12  -8.6781251218744260E-016
          26          13   2.8729933560362543E-015
          26          14  -3.7675902816247459E-015
          26          15  0.13031782412709728     
          26          16   2.4931632644666985E-004
          26          17  0.12989807135435141     
          26          18   3.4503199307616333E-004
          26          19  -1.8447140304105451E-003
          26          20  0.12960591606142846     
          26          21   3.4914390241308789E-002
          26          22  -5.0199598042131440E-005
          26          23   3.4947962086698044E-002
          26          24   3.8918007356320931E-005
          26          25   1.5481544959459608E-004
          26          26   3.5004117569569324E-002
