           1           1   2.0003171197561858     
           1           2   5.0419843462533992E-004
           1           3   1.2400049787536598E-002
           1           4   5.2018348366992938E-003
           1           5  -3.2528430998013929E-003
           1           6  -1.8607543094527865E-011
           1           7  -7.7213406955816710E-011
           1           8   1.2905892794962291E-010
           1           9   7.9824637282688247E-012
           1          10  -5.2020845922931059E-012
           1          11  -6.1713430989068796E-012
           1          12   6.5760844482207714E-014
           1          13  -7.8512807061120707E-014
           1          14   2.6683108319577316E-013
           1          15  -2.1194713026393064E-003
           1          16  -2.2744649778509789E-009
           1          17  -2.1194724493393295E-003
           1          18   4.0203425192934954E-009
           1          19  -3.0068752635982016E-010
           1          20  -2.1194713665778813E-003
           1          21  -3.3451549647931489E-003
           1          22  -3.7670433913373152E-009
           1          23  -3.3451568721778865E-003
           1          24   6.6605594756572916E-009
           1          25  -5.0368974241753918E-010
           1          26  -3.3451550733516779E-003
           2           1   5.0419843462533992E-004
           2           2   1.9411749804503993     
           2           3  -3.7720320049406897E-002
           2           4  -4.3561677096164708E-002
           2           5  -2.5392995253273168E-002
           2           6  -2.3154441831479107E-009
           2           7   1.6639327713239958E-009
           2           8  -2.4675053133806647E-009
           2           9   2.5498261801071554E-010
           2          10  -1.2680287940884030E-010
           2          11   1.0706330563850447E-010
           2          12   1.3389100671581053E-012
           2          13  -1.2949429684040301E-012
           2          14   1.6759783241105273E-012
           2          15   3.5910170890388990E-002
           2          16  -1.6196396958541502E-008
           2          17   3.5910162721375941E-002
           2          18   2.8632084798187259E-008
           2          19  -2.1402069554325089E-009
           2          20   3.5910170434490477E-002
           2          21   6.7156807656243468E-003
           2          22  -2.3171195655730988E-008
           2          23   6.7156690354145841E-003
           2          24   4.0968084079834086E-008
           2          25  -3.0976738345643946E-009
           2          26   6.7156800991669107E-003
           3           1   1.2400049787536598E-002
           3           2  -3.7720320049406897E-002
           3           3   2.4740423616746088     
           3           4   9.6447372528400910E-002
           3           5 -0.13854653299709571     
           3           6   1.3304526803710879E-009
           3           7  -2.8047562470100372E-009
           3           8   5.2293786008522590E-009
           3           9   6.1877800386632313E-010
           3          10  -2.7309664794095388E-010
           3          11  -1.1594938198173370E-010
           3          12  -7.3033911742015746E-011
           3          13   5.1456363334371267E-011
           3          14  -6.8622344596490771E-011
           3          15  -6.2470460509212074E-002
           3          16  -1.1256026199647215E-007
           3          17  -6.2470517009998811E-002
           3          18   1.9889861931462539E-007
           3          19  -1.4691763976443988E-008
           3          20  -6.2470463618591925E-002
           3          21  -8.3475782918983166E-002
           3          22  -1.1132043171889507E-007
           3          23  -8.3475839267980800E-002
           3          24   1.9681690929776786E-007
           3          25  -1.4875563340487773E-008
           3          26  -8.3475786108105882E-002
           4           1   5.2018348366992938E-003
           4           2  -4.3561677096164708E-002
           4           3   9.6447372528400910E-002
           4           4  0.18716127002345478     
           4           5  0.44445565238152740     
           4           6   5.2665444520883373E-010
           4           7  -1.4706416106911735E-010
           4           8   1.0738403615567142E-009
           4           9  -1.9252653081092094E-010
           4          10   7.2244940235676509E-011
           4          11  -1.0779852660508800E-009
           4          12   4.1678274991739436E-011
           4          13  -3.4523018584384153E-011
           4          14   3.0290742067577536E-011
           4          15  -1.2596254465402709E-002
           4          16   2.5685460252022423E-007
           4          17  -1.2596124915246401E-002
           4          18  -4.5403098551356060E-007
           4          19   3.3996289428654256E-008
           4          20  -1.2596247231255827E-002
           4          21   1.5463254531666162E-002
           4          22   4.4217041447974952E-007
           4          23   1.5463478419310646E-002
           4          24  -7.8181035996712429E-007
           4          25   5.9127183972058636E-008
           4          26   1.5463267269437728E-002
           5           1  -3.2528430998013929E-003
           5           2  -2.5392995253273168E-002
           5           3 -0.13854653299709571     
           5           4  0.44445565238152740     
           5           5   1.1142626890137115     
           5           6  -3.2222461965165202E-010
           5           7   1.6593459321247748E-009
           5           8  -2.4074966367163839E-009
           5           9   1.7396239513313731E-010
           5          10   1.4525389144843073E-010
           5          11   4.7528487395352423E-011
           5          12   1.2052543184528310E-010
           5          13  -9.1902528483544117E-011
           5          14   1.1074728847281529E-010
           5          15  -2.0134026223568253E-002
           5          16   6.4880267252676046E-007
           5          17  -2.0133699027032187E-002
           5          18  -1.1468503676000687E-006
           5          19   8.5841947003991962E-008
           5          20  -2.0134007959646066E-002
           5          21   5.0992060081992377E-002
           5          22   1.1046069102230799E-006
           5          23   5.0992619383901497E-002
           5          24  -1.9530759797081985E-006
           5          25   1.4770690670130362E-007
           5          26   5.0992091900182925E-002
           6           1  -1.8607543094527865E-011
           6           2  -2.3154441831479107E-009
           6           3   1.3304526803710879E-009
           6           4   5.2665444520883373E-010
           6           5  -3.2222461965165202E-010
           6           6   1.9999084186817866     
           6           7  -3.1946780726799976E-011
           6           8   9.1440833369097559E-011
           6           9  -7.0942567301237843E-004
           6          10  -1.7302117907061007E-009
           6          11   4.3663968572926219E-009
           6          12   2.2325281673493767E-003
           6          13   6.5926197438931888E-010
           6          14  -2.5939512706384823E-009
           6          15  -5.6911444537983614E-011
           6          16   8.6775336257707252E-010
           6          17  -1.2218134798378126E-009
           6          18   1.5976576590935458E-010
           6          19  -1.7642669262289546E-009
           6          20   7.1307756161211036E-010
           6          21   7.2541423582154206E-010
           6          22  -9.2405911279516383E-010
           6          23   7.5166139381941151E-010
           6          24  -1.9624321737213873E-009
           6          25   5.8268604770572158E-010
           6          26  -1.0121911283668970E-009
           7           1  -7.7213406955816710E-011
           7           2   1.6639327713239958E-009
           7           3  -2.8047562470100372E-009
           7           4  -1.4706416106911735E-010
           7           5   1.6593459321247748E-009
           7           6  -3.1946780726799976E-011
           7           7   1.9999084186557825     
           7           8   8.1542731986043560E-014
           7           9  -6.4890746037889571E-010
           7          10  -7.0942547899366121E-004
           7          11  -1.3420431820416006E-009
           7          12   1.2326894067959939E-009
           7          13   2.2325291795665166E-003
           7          14   4.0555199791854819E-010
           7          15   1.3800940741480734E-009
           7          16  -7.3849517479386090E-010
           7          17   2.1167983564368402E-009
           7          18   1.6280643656757834E-010
           7          19   2.1147991004383878E-009
           7          20  -1.7770799805867533E-010
           7          21  -1.1204815371526114E-009
           7          22   5.1416726532034204E-010
           7          23  -1.4781737216459917E-009
           7          24   1.7806556155039012E-009
           7          25  -5.8866705177936702E-010
           7          26   1.7720815494950714E-010
           8           1   1.2905892794962291E-010
           8           2  -2.4675053133806647E-009
           8           3   5.2293786008522590E-009
           8           4   1.0738403615567142E-009
           8           5  -2.4074966367163839E-009
           8           6   9.1440833369097559E-011
           8           7   8.1542731986043560E-014
           8           8   1.9999084187406897     
           8           9   1.4592053263900734E-009
           8          10   1.4764018915763229E-010
           8          11  -7.0942236394872177E-004
           8          12  -2.0854003233578653E-009
           8          13  -6.4270256267678344E-010
           8          14   2.2325276464706958E-003
           8          15  -2.1776638458862167E-009
           8          16   1.1337155872808157E-009
           8          17  -3.3975599439686250E-009
           8          18  -1.8870386187752603E-010
           8          19  -3.1081630110566745E-009
           8          20   4.9106823721699724E-011
           8          21   1.3815034439211573E-009
           8          22  -7.2582622043414076E-010
           8          23   1.8613138278786498E-009
           8          24  -2.7375718425308286E-009
           8          25   8.7639136840336069E-010
           8          26  -5.9317521323938070E-010
           9           1   7.9824637282688247E-012
           9           2   2.5498261801071554E-010
           9           3   6.1877800386632313E-010
           9           4  -1.9252653081092094E-010
           9           5   1.7396239513313731E-010
           9           6  -7.0942567301237843E-004
           9           7  -6.4890746037889571E-010
           9           8   1.4592053263900734E-009
           9           9   1.9860013331219730     
           9          10  -4.8873097402792964E-008
           9          11   8.6450324724760082E-008
           9          12   2.2515521039119125E-002
           9          13   7.7235461538061872E-008
           9          14  -1.3651513727481057E-007
           9          15  -1.3753604088277781E-010
           9          16  -1.8068521552649106E-010
           9          17  -5.7173169835448906E-010
           9          18   1.8817000148292815E-010
           9          19   1.4552834219066990E-011
           9          20  -4.7929125070614226E-010
           9          21  -2.9989413028654527E-012
           9          22   4.4263646601708615E-011
           9          23   1.1330650844174319E-010
           9          24  -6.1211119731737923E-011
           9          25  -2.5700093277643242E-011
           9          26   4.1247254881495312E-011
          10           1  -5.2020845922931059E-012
          10           2  -1.2680287940884030E-010
          10           3  -2.7309664794095388E-010
          10           4   7.2244940235676509E-011
          10           5   1.4525389144843073E-010
          10           6  -1.7302117907061007E-009
          10           7  -7.0942547899366121E-004
          10           8   1.4764018915763229E-010
          10           9  -4.8873097402792964E-008
          10          10   1.9860013045330189     
          10          11  -6.5615262109224971E-009
          10          12   7.7120980781964247E-008
          10          13   2.2515566178835621E-002
          10          14   1.0417391749844435E-008
          10          15   7.7733845649295230E-011
          10          16   1.8811585197694625E-010
          10          17   1.2019813250537214E-010
          10          18  -2.0601366611051986E-010
          10          19   2.4746751466026014E-010
          10          20   2.5367003156824272E-010
          10          21   5.9281024216183328E-011
          10          22   1.0786604339622567E-011
          10          23  -1.4767352020979064E-010
          10          24   6.4616615543337214E-011
          10          25  -1.5383599050022474E-012
          10          26  -1.7473442508783636E-010
          11           1  -6.1713430989068796E-012
          11           2   1.0706330563850447E-010
          11           3  -1.1594938198173370E-010
          11           4  -1.0779852660508800E-009
          11           5   4.7528487395352423E-011
          11           6   4.3663968572926219E-009
          11           7  -1.3420431820416006E-009
          11           8  -7.0942236394872177E-004
          11           9   8.6450324724760082E-008
          11          10  -6.5615262109224971E-009
          11          11   1.9860013314069014     
          11          12  -1.3654784907833776E-007
          11          13   1.0337761138352935E-008
          11          14   2.2515523695896149E-002
          11          15  -3.4180898072700256E-010
          11          16  -8.8384715534108063E-011
          11          17  -3.0608513844503304E-010
          11          18  -4.1080251623514940E-011
          11          19  -6.6827796157751858E-011
          11          20  -2.0252051108820106E-010
          11          21   4.7250760296272657E-010
          11          22  -3.6899058952556091E-013
          11          23   3.2013741510337447E-010
          11          24   5.4608149508707421E-011
          11          25   6.4787405528095262E-011
          11          26   3.5747553911420038E-010
          12           1   6.5760844482207714E-014
          12           2   1.3389100671581053E-012
          12           3  -7.3033911742015746E-011
          12           4   4.1678274991739436E-011
          12           5   1.2052543184528310E-010
          12           6   2.2325281673493767E-003
          12           7   1.2326894067959939E-009
          12           8  -2.0854003233578653E-009
          12           9   2.2515521039119125E-002
          12          10   7.7120980781964247E-008
          12          11  -1.3654784907833776E-007
          12          12   2.5777120550741193E-004
          12          13   1.7582878248161933E-009
          12          14  -3.1102854690864434E-009
          12          15  -1.9237537415471466E-012
          12          16  -1.2859616943645866E-012
          12          17  -8.2568985257529198E-012
          12          18   2.6832581887240785E-012
          12          19  -1.8409298341722736E-012
          12          20  -4.9398276671900735E-012
          12          21   8.3735380932202884E-012
          12          22  -8.0915670212388414E-013
          12          23   9.5813496333971437E-012
          12          24  -2.4047526564897648E-012
          12          25   3.2419926813434327E-013
          12          26   6.9199388205519653E-012
          13           1  -7.8512807061120707E-014
          13           2  -1.2949429684040301E-012
          13           3   5.1456363334371267E-011
          13           4  -3.4523018584384153E-011
          13           5  -9.1902528483544117E-011
          13           6   6.5926197438931888E-010
          13           7   2.2325291795665166E-003
          13           8  -6.4270256267678344E-010
          13           9   7.7235461538061872E-008
          13          10   2.2515566178835621E-002
          13          11   1.0337761138352935E-008
          13          12   1.7582878248161933E-009
          13          13   2.5777222753286936E-004
          13          14   2.3158975617598352E-010
          13          15   2.8795126649831219E-012
          13          16   1.3246872370483676E-012
          13          17   4.1984477562203340E-012
          13          18  -2.1884635457037529E-012
          13          19   5.1773580356353214E-012
          13          20   3.1311650669478162E-012
          13          21  -6.4031697501926825E-012
          13          22   7.2389926227924411E-013
          13          23  -9.1372538954232693E-012
          13          24   2.6824148712239145E-012
          13          25  -6.7345320504566568E-013
          13          26  -7.6017426814814062E-012
          14           1   2.6683108319577316E-013
          14           2   1.6759783241105273E-012
          14           3  -6.8622344596490771E-011
          14           4   3.0290742067577536E-011
          14           5   1.1074728847281529E-010
          14           6  -2.5939512706384823E-009
          14           7   4.0555199791854819E-010
          14           8   2.2325276464706958E-003
          14           9  -1.3651513727481057E-007
          14          10   1.0417391749844435E-008
          14          11   2.2515523695896149E-002
          14          12  -3.1102854690864434E-009
          14          13   2.3158975617598352E-010
          14          14   2.5777126225329195E-004
          14          15  -6.7372831656985418E-012
          14          16   4.4694800629548346E-013
          14          17  -7.6106486733524700E-012
          14          18  -9.9365899631370944E-013
          14          19  -4.2156455445348641E-012
          14          20  -2.6609212806722843E-012
          14          21   1.3901186123623252E-011
          14          22  -5.7943460269885569E-013
          14          23   1.2831881193626169E-011
          14          24  -2.8687213991584789E-012
          14          25   1.7485579610619065E-012
          14          26   1.0391571311513024E-011
          15           1  -2.1194713026393064E-003
          15           2   3.5910170890388990E-002
          15           3  -6.2470460509212074E-002
          15           4  -1.2596254465402709E-002
          15           5  -2.0134026223568253E-002
          15           6  -5.6911444537983614E-011
          15           7   1.3800940741480734E-009
          15           8  -2.1776638458862167E-009
          15           9  -1.3753604088277781E-010
          15          10   7.7733845649295230E-011
          15          11  -3.4180898072700256E-010
          15          12  -1.9237537415471466E-012
          15          13   2.8795126649831219E-012
          15          14  -6.7372831656985418E-012
          15          15   2.6928387550808324E-003
          15          16  -1.1001048138398668E-008
          15          17   2.6928331998858222E-003
          15          18   1.9447800951689154E-008
          15          19  -1.4609745825069407E-009
          15          20   2.6928384437336309E-003
          15          21   1.2380358948936017E-003
          15          22  -2.0718534076642313E-008
          15          23   1.2380254037408461E-003
          15          24   3.6633136586628680E-008
          15          25  -2.7708672983071297E-009
          15          26   1.2380352975768915E-003
          16           1  -2.2744649778509789E-009
          16           2  -1.6196396958541502E-008
          16           3  -1.1256026199647215E-007
          16           4   2.5685460252022423E-007
          16           5   6.4880267252676046E-007
          16           6   8.6775336257707252E-010
          16           7  -7.3849517479386090E-010
          16           8   1.1337155872808157E-009
          16           9  -1.8068521552649106E-010
          16          10   1.8811585197694625E-010
          16          11  -8.8384715534108063E-011
          16          12  -1.2859616943645866E-012
          16          13   1.3246872370483676E-012
          16          14   4.4694800629548346E-013
          16          15  -1.1001048138398668E-008
          16          16   4.8422556393293917E-010
          16          17  -1.0754914226519267E-008
          16          18  -8.5638944335867999E-010
          16          19   6.5407535353557805E-011
          16          20  -1.0986760116736990E-008
          16          21   3.0571621729811785E-008
          16          22   6.3911122868083994E-010
          16          23   3.0896490104198464E-008
          16          24  -1.1303194903102259E-009
          16          25   8.6329158746947627E-011
          16          26   3.0590480671022100E-008
          17           1  -2.1194724493393295E-003
          17           2   3.5910162721375941E-002
          17           3  -6.2470517009998811E-002
          17           4  -1.2596124915246401E-002
          17           5  -2.0133699027032187E-002
          17           6  -1.2218134798378126E-009
          17           7   2.1167983564368402E-009
          17           8  -3.3975599439686250E-009
          17           9  -5.7173169835448906E-010
          17          10   1.2019813250537214E-010
          17          11  -3.0608513844503304E-010
          17          12  -8.2568985257529198E-012
          17          13   4.1984477562203340E-012
          17          14  -7.6106486733524700E-012
          17          15   2.6928331998858222E-003
          17          16  -1.0754914226519267E-008
          17          17   2.6928277698017415E-003
          17          18   1.9012494547740635E-008
          17          19  -1.4277276389467673E-009
          17          20   2.6928328958012800E-003
          17          21   1.2380513036718698E-003
          17          22  -2.0393671521292360E-008
          17          23   1.2380409776508892E-003
          17          24   3.6058591105693080E-008
          17          25  -2.7269858739087935E-009
          17          26   1.2380507159412380E-003
          18           1   4.0203425192934954E-009
          18           2   2.8632084798187259E-008
          18           3   1.9889861931462539E-007
          18           4  -4.5403098551356060E-007
          18           5  -1.1468503676000687E-006
          18           6   1.5976576590935458E-010
          18           7   1.6280643656757834E-010
          18           8  -1.8870386187752603E-010
          18           9   1.8817000148292815E-010
          18          10  -2.0601366611051986E-010
          18          11  -4.1080251623514940E-011
          18          12   2.6832581887240785E-012
          18          13  -2.1884635457037529E-012
          18          14  -9.9365899631370944E-013
          18          15   1.9447800951689154E-008
          18          16  -8.5638944335867999E-010
          18          17   1.9012494547740635E-008
          18          18   1.5145893538209954E-009
          18          19  -1.1567817330413724E-010
          18          20   1.9422531514373166E-008
          18          21  -5.4037427089013590E-008
          18          22  -1.1303164388156285E-009
          18          23  -5.4611981323189256E-008
          18          24   1.9990553027186615E-009
          18          25  -1.5267962946231871E-010
          18          26  -5.4070780557799708E-008
          19           1  -3.0068752635982016E-010
          19           2  -2.1402069554325089E-009
          19           3  -1.4691763976443988E-008
          19           4   3.3996289428654256E-008
          19           5   8.5841947003991962E-008
          19           6  -1.7642669262289546E-009
          19           7   2.1147991004383878E-009
          19           8  -3.1081630110566745E-009
          19           9   1.4552834219066990E-011
          19          10   2.4746751466026014E-010
          19          11  -6.6827796157751858E-011
          19          12  -1.8409298341722736E-012
          19          13   5.1773580356353214E-012
          19          14  -4.2156455445348641E-012
          19          15  -1.4609745825069407E-009
          19          16   6.5407535353557805E-011
          19          17  -1.4277276389467673E-009
          19          18  -1.1567817330413724E-010
          19          19   8.8350484090573222E-012
          19          20  -1.4590446159605866E-009
          19          21   4.0382750950618107E-009
          19          22   8.6328536724242789E-011
          19          23   4.0821569878075399E-009
          19          24  -1.5267891939977855E-010
          19          25   1.1660986996468135E-011
          19          26   4.0408224974938753E-009
          20           1  -2.1194713665778813E-003
          20           2   3.5910170434490477E-002
          20           3  -6.2470463618591925E-002
          20           4  -1.2596247231255827E-002
          20           5  -2.0134007959646066E-002
          20           6   7.1307756161211036E-010
          20           7  -1.7770799805867533E-010
          20           8   4.9106823721699724E-011
          20           9  -4.7929125070614226E-010
          20          10   2.5367003156824272E-010
          20          11  -2.0252051108820106E-010
          20          12  -4.9398276671900735E-012
          20          13   3.1311650669478162E-012
          20          14  -2.6609212806722843E-012
          20          15   2.6928384437336309E-003
          20          16  -1.0986760116736990E-008
          20          17   2.6928328958012800E-003
          20          18   1.9422531514373166E-008
          20          19  -1.4590446159605866E-009
          20          20   2.6928381328080362E-003
          20          21   1.2380367534799482E-003
          20          22  -2.0699676051279702E-008
          20          23   1.2380262719129725E-003
          20          24   3.6599784639723282E-008
          20          25  -2.7683200100620349E-009
          20          26   1.2380361567196950E-003
          21           1  -3.3451549647931489E-003
          21           2   6.7156807656243468E-003
          21           3  -8.3475782918983166E-002
          21           4   1.5463254531666162E-002
          21           5   5.0992060081992377E-002
          21           6   7.2541423582154206E-010
          21           7  -1.1204815371526114E-009
          21           8   1.3815034439211573E-009
          21           9  -2.9989413028654527E-012
          21          10   5.9281024216183328E-011
          21          11   4.7250760296272657E-010
          21          12   8.3735380932202884E-012
          21          13  -6.4031697501926825E-012
          21          14   1.3901186123623252E-011
          21          15   1.2380358948936017E-003
          21          16   3.0571621729811785E-008
          21          17   1.2380513036718698E-003
          21          18  -5.4037427089013590E-008
          21          19   4.0382750950618107E-009
          21          20   1.2380367534799482E-003
          21          21   4.7817347674358607E-003
          21          22   4.9590647592413229E-008
          21          23   4.7817598761409575E-003
          21          24  -8.7681740093534527E-008
          21          25   6.6306908999743349E-009
          21          26   4.7817361952435305E-003
          22           1  -3.7670433913373152E-009
          22           2  -2.3171195655730988E-008
          22           3  -1.1132043171889507E-007
          22           4   4.4217041447974952E-007
          22           5   1.1046069102230799E-006
          22           6  -9.2405911279516383E-010
          22           7   5.1416726532034204E-010
          22           8  -7.2582622043414076E-010
          22           9   4.4263646601708615E-011
          22          10   1.0786604339622567E-011
          22          11  -3.6899058952556091E-013
          22          12  -8.0915670212388414E-013
          22          13   7.2389926227924411E-013
          22          14  -5.7943460269885569E-013
          22          15  -2.0718534076642313E-008
          22          16   6.3911122868083994E-010
          22          17  -2.0393671521292360E-008
          22          18  -1.1303164388156285E-009
          22          19   8.6328536724242789E-011
          22          20  -2.0699676051279702E-008
          22          21   4.9590647592413229E-008
          22          22   8.4685978454342606E-010
          22          23   5.0021116713131960E-008
          22          24  -1.4977393481994948E-009
          22          25   1.1439087357532220E-010
          22          26   4.9615636635897163E-008
          23           1  -3.3451568721778865E-003
          23           2   6.7156690354145841E-003
          23           3  -8.3475839267980800E-002
          23           4   1.5463478419310646E-002
          23           5   5.0992619383901497E-002
          23           6   7.5166139381941151E-010
          23           7  -1.4781737216459917E-009
          23           8   1.8613138278786498E-009
          23           9   1.1330650844174319E-010
          23          10  -1.4767352020979064E-010
          23          11   3.2013741510337447E-010
          23          12   9.5813496333971437E-012
          23          13  -9.1372538954232693E-012
          23          14   1.2831881193626169E-011
          23          15   1.2380254037408461E-003
          23          16   3.0896490104198464E-008
          23          17   1.2380409776508892E-003
          23          18  -5.4611981323189256E-008
          23          19   4.0821569878075399E-009
          23          20   1.2380262719129725E-003
          23          21   4.7817598761409575E-003
          23          22   5.0021116713131960E-008
          23          23   4.7817852036587463E-003
          23          24  -8.8443059214801092E-008
          23          25   6.6888371757517452E-009
          23          26   4.7817613166508590E-003
          24           1   6.6605594756572916E-009
          24           2   4.0968084079834086E-008
          24           3   1.9681690929776786E-007
          24           4  -7.8181035996712429E-007
          24           5  -1.9530759797081985E-006
          24           6  -1.9624321737213873E-009
          24           7   1.7806556155039012E-009
          24           8  -2.7375718425308286E-009
          24           9  -6.1211119731737923E-011
          24          10   6.4616615543337214E-011
          24          11   5.4608149508707421E-011
          24          12  -2.4047526564897648E-012
          24          13   2.6824148712239145E-012
          24          14  -2.8687213991584789E-012
          24          15   3.6633136586628680E-008
          24          16  -1.1303194903102259E-009
          24          17   3.6058591105693080E-008
          24          18   1.9990553027186615E-009
          24          19  -1.5267891939977855E-010
          24          20   3.6599784639723282E-008
          24          21  -8.7681740093534527E-008
          24          22  -1.4977393481994948E-009
          24          23  -8.8443059214801092E-008
          24          24   2.6488720175128082E-009
          24          25  -2.0230942954074378E-010
          24          26  -8.7725935201108257E-008
          25           1  -5.0368974241753918E-010
          25           2  -3.0976738345643946E-009
          25           3  -1.4875563340487773E-008
          25           4   5.9127183972058636E-008
          25           5   1.4770690670130362E-007
          25           6   5.8268604770572158E-010
          25           7  -5.8866705177936702E-010
          25           8   8.7639136840336069E-010
          25           9  -2.5700093277643242E-011
          25          10  -1.5383599050022474E-012
          25          11   6.4787405528095262E-011
          25          12   3.2419926813434327E-013
          25          13  -6.7345320504566568E-013
          25          14   1.7485579610619065E-012
          25          15  -2.7708672983071297E-009
          25          16   8.6329158746947627E-011
          25          17  -2.7269858739087935E-009
          25          18  -1.5267962946231871E-010
          25          19   1.1660986996468135E-011
          25          20  -2.7683200100620349E-009
          25          21   6.6306908999743349E-009
          25          22   1.1439087357532220E-010
          25          23   6.6888371757517452E-009
          25          24  -2.0230942954074378E-010
          25          25   1.5451525136487222E-011
          25          26   6.6340663301451264E-009
          26           1  -3.3451550733516779E-003
          26           2   6.7156800991669107E-003
          26           3  -8.3475786108105882E-002
          26           4   1.5463267269437728E-002
          26           5   5.0992091900182925E-002
          26           6  -1.0121911283668970E-009
          26           7   1.7720815494950714E-010
          26           8  -5.9317521323938070E-010
          26           9   4.1247254881495312E-011
          26          10  -1.7473442508783636E-010
          26          11   3.5747553911420038E-010
          26          12   6.9199388205519653E-012
          26          13  -7.6017426814814062E-012
          26          14   1.0391571311513024E-011
          26          15   1.2380352975768915E-003
          26          16   3.0590480671022100E-008
          26          17   1.2380507159412380E-003
          26          18  -5.4070780557799708E-008
          26          19   4.0408224974938753E-009
          26          20   1.2380361567196950E-003
          26          21   4.7817361952435305E-003
          26          22   4.9615636635897163E-008
          26          23   4.7817613166508590E-003
          26          24  -8.7725935201108257E-008
          26          25   6.6340663301451264E-009
          26          26   4.7817376237885827E-003
