           1           1   2.1850243000045668     
           1           2 -0.65104895386357653     
           1           3   7.8312970793320349E-002
           1           4  0.10768021900716704     
           1           5   1.5506948073977837E-013
           1           6  -1.8342940538241135E-013
           1           7   4.9850636003066795E-013
           1           8   1.0124957942339114E-013
           1           9  -8.1660627794690370E-014
           1          10  -3.8109397060255773E-014
           1          11  -1.1896262442056789E-013
           1          12   1.4518781471071171E-013
           1          13   1.9785838326271115E-013
           1          14  -4.4542548656596927E-003
           1          15  -1.0731811702601292E-004
           1          16  -4.9423244534965030E-003
           1          17  -2.7672658186852827E-005
           1          18  -1.5041235926150330E-004
           1          19  -4.4707444597851384E-003
           2           1 -0.65104895386357653     
           2           2   2.3085829611913029     
           2           3 -0.21066127923293998     
           2           4 -0.32631524359644937     
           2           5  -4.9360495906824774E-013
           2           6   7.1761640181743240E-013
           2           7  -1.7974221887806673E-012
           2           8  -3.4594212803080133E-013
           2           9   2.4830570026048512E-013
           2          10   1.3078909202661466E-013
           2          11   4.1763376416956881E-013
           2          12  -5.7900106956645520E-013
           2          13  -7.8677473173698127E-013
           2          14   3.9004322369199824E-003
           2          15   4.2628827767269162E-004
           2          16   5.8391389111786193E-003
           2          17   1.0992113372475156E-004
           2          18   5.9746693815009803E-004
           2          19   3.9659320896195081E-003
           3           1   7.8312970793320349E-002
           3           2 -0.21066127923293998     
           3           3  0.45759033667468130     
           3           4  0.54921557662830867     
           3           5  -2.1339080194744857E-014
           3           6   1.7753883577346616E-013
           3           7  -2.5707036052393543E-013
           3           8   3.2772035489537507E-014
           3           9  -1.3236274802666816E-013
           3          10   1.0336540773764729E-013
           3          11   7.1843601280179464E-014
           3          12   4.4859255662147465E-014
           3          13  -1.5416136725386008E-014
           3          14   1.0625893576764280E-002
           3          15  -4.7305488317579778E-004
           3          16   8.4744980928827332E-003
           3          17  -1.2198019838279917E-004
           3          18  -6.6301297115933366E-004
           3          19   1.0553207960708397E-002
           4           1  0.10768021900716704     
           4           2 -0.32631524359644937     
           4           3  0.54921557662830867     
           4           4  0.66224445340841753     
           4           5  -5.8917967377164379E-014
           4           6  -2.8223355555894814E-013
           4           7  -1.9285147438618930E-013
           4           8   2.0532020783572045E-014
           4           9   3.4785491126042935E-013
           4          10   1.8029822974938904E-013
           4          11   3.3102951596526971E-014
           4          12   3.9686773201393493E-013
           4          13   2.8735749905164411E-014
           4          14   1.2931755787344885E-002
           4          15  -9.4188790090255110E-004
           4          16   8.6481653411376522E-003
           4          17  -2.4287176197395483E-004
           4          18  -1.3201087621680062E-003
           4          19   1.2787033251310819E-002
           5           1   1.5506948073977837E-013
           5           2  -4.9360495906824774E-013
           5           3  -2.1339080194744857E-014
           5           4  -5.8917967377164379E-014
           5           5   2.1669682730926576     
           5           6  -1.2595172950588471E-002
           5           7  -3.2477451323605433E-003
           5           8 -0.39839472666061182     
           5           9   3.0086236313617440E-002
           5          10   7.7579266216289498E-003
           5          11 -0.25090328208609047     
           5          12   2.2612656117196994E-002
           5          13   5.8308166248963499E-003
           5          14   3.9984282985120956E-014
           5          15   2.5632321591454600E-011
           5          16   6.3436597736649540E-014
           5          17   9.1325526370620941E-012
           5          18   3.4068070090611983E-013
           5          19  -3.3038261393882221E-014
           6           1  -1.8342940538241135E-013
           6           2   7.1761640181743240E-013
           6           3   1.7753883577346616E-013
           6           4  -2.8223355555894814E-013
           6           5  -1.2595172950588471E-002
           6           6   2.1008255261103255     
           6           7  -1.7652841907166723E-002
           6           8   3.0086236313689878E-002
           6           9 -0.24039877663084039     
           6          10   4.2167549052082316E-002
           6          11   2.2612656117207679E-002
           6          12 -0.13215436152862742     
           6          13   3.1692906885099334E-002
           6          14   4.9536222837555744E-014
           6          15   9.6597774523872396E-012
           6          16  -1.2984461376155940E-013
           6          17   7.1833225362870386E-012
           6          18   3.4508649521441734E-012
           6          19   7.9926994125546183E-014
           7           1   4.9850636003066795E-013
           7           2  -1.7974221887806673E-012
           7           3  -2.5707036052393543E-013
           7           4  -1.9285147438618930E-013
           7           5  -3.2477451323605433E-003
           7           6  -1.7652841907166723E-002
           7           7   2.1647336182615411     
           7           8   7.7579266216122001E-003
           7           9   4.2167549052012185E-002
           7          10 -0.39305678064064098     
           7          11   5.8308166248982165E-003
           7          12   3.1692906885112525E-002
           7          13 -0.24689131008467663     
           7          14   1.9663962924627737E-013
           7          15  -1.7794858158652140E-011
           7          16   2.0701195115229880E-013
           7          17  -7.3643775884681600E-012
           7          18   6.0350321945256687E-012
           7          19   4.5670996150720799E-014
           8           1   1.0124957942339114E-013
           8           2  -3.4594212803080133E-013
           8           3   3.2772035489537507E-014
           8           4   2.0532020783572045E-014
           8           5 -0.39839472666061182     
           8           6   3.0086236313689878E-002
           8           7   7.7579266216122001E-003
           8           8  0.92501577816391278     
           8           9  -7.0844594701594044E-002
           8          10  -1.8267727525151427E-002
           8          11  0.64054398168643845     
           8          12  -5.5805961148798502E-002
           8          13  -1.4389920597886546E-002
           8          14  -4.7049546952075436E-014
           8          15  -5.3460074734890895E-012
           8          16  -8.2423173457355281E-014
           8          17  -2.1347789367373335E-012
           8          18  -3.1036449722669986E-013
           8          19   9.3626914266476660E-014
           9           1  -8.1660627794690370E-014
           9           2   2.4830570026048512E-013
           9           3  -1.3236274802666816E-013
           9           4   3.4785491126042935E-013
           9           5   3.0086236313617440E-002
           9           6 -0.24039877663084039     
           9           7   4.2167549052012185E-002
           9           8  -7.0844594701594044E-002
           9           9  0.55297991008162006     
           9          10  -9.9292676258987300E-002
           9          11  -5.5805961148729433E-002
           9          12  0.34748253800700374     
           9          13  -7.8215187157156404E-002
           9          14  -1.8503773240628191E-013
           9          15  -2.0492798525374826E-012
           9          16   3.4166397042597440E-013
           9          17  -1.0268899328290733E-012
           9          18  -2.7216497251192399E-013
           9          19  -1.8248723498277419E-013
          10           1  -3.8109397060255773E-014
          10           2   1.3078909202661466E-013
          10           3   1.0336540773764729E-013
          10           4   1.8029822974938904E-013
          10           5   7.7579266216289498E-003
          10           6   4.2167549052082316E-002
          10           7 -0.39305678064064098     
          10           8  -1.8267727525151427E-002
          10           9  -9.9292676258987300E-002
          10          10  0.91244642191814096     
          10          11  -1.4389920597879399E-002
          10          12  -7.8215187157239546E-002
          10          13  0.63064280278541862     
          10          14  -1.7311737952739779E-013
          10          15   4.3784230808908479E-012
          10          16  -1.9414140178095239E-013
          10          17   1.8222421781493494E-012
          10          18  -1.0418562026451241E-012
          10          19   2.4805554812549540E-013
          11           1  -1.1896262442056789E-013
          11           2   4.1763376416956881E-013
          11           3   7.1843601280179464E-014
          11           4   3.3102951596526971E-014
          11           5 -0.25090328208609047     
          11           6   2.2612656117207679E-002
          11           7   5.8308166248982165E-003
          11           8  0.64054398168643845     
          11           9  -5.5805961148729433E-002
          11          10  -1.4389920597879399E-002
          11          11  0.44412354374010998     
          11          12  -4.2872124339034229E-002
          11          13  -1.1054848844138696E-002
          11          14  -2.7090211515493163E-014
          11          15  -3.3887377517927507E-012
          11          16  -4.6044211372577949E-014
          11          17  -1.3646814498307756E-012
          11          18  -2.0307041690572706E-013
          11          19   6.5546338501017500E-014
          12           1   1.4518781471071171E-013
          12           2  -5.7900106956645520E-013
          12           3   4.4859255662147465E-014
          12           4   3.9686773201393493E-013
          12           5   2.2612656117196994E-002
          12           6 -0.13215436152862742     
          12           7   3.1692906885112525E-002
          12           8  -5.5805961148798502E-002
          12           9  0.34748253800700374     
          12          10  -7.8215187157239546E-002
          12          11  -4.2872124339034229E-002
          12          12  0.21898331868594270     
          12          13  -6.0087688841406431E-002
          12          14  -1.0733424717351967E-013
          12          15  -1.2087572442469992E-012
          12          16   2.0659487099089475E-013
          12          17  -5.8297934814562710E-013
          12          18  -1.2481234691147177E-013
          12          19  -1.1603803091331286E-013
          13           1   1.9785838326271115E-013
          13           2  -7.8677473173698127E-013
          13           3  -1.5416136725386008E-014
          13           4   2.8735749905164411E-014
          13           5   5.8308166248963499E-003
          13           6   3.1692906885099334E-002
          13           7 -0.24689131008467663     
          13           8  -1.4389920597886546E-002
          13           9  -7.8215187157156404E-002
          13          10  0.63064280278541862     
          13          11  -1.1054848844138696E-002
          13          12  -6.0087688841406431E-002
          13          13  0.43651710592939902     
          13          14  -1.2954808743905672E-013
          13          15   2.8665132637012560E-012
          13          16  -1.2669333724564403E-013
          13          17   1.1949547634802563E-012
          13          18  -6.3781017248564779E-013
          13          19   1.6610811267479803E-013
          14           1  -4.4542548656596927E-003
          14           2   3.9004322369199824E-003
          14           3   1.0625893576764280E-002
          14           4   1.2931755787344885E-002
          14           5   3.9984282985120956E-014
          14           6   4.9536222837555744E-014
          14           7   1.9663962924627737E-013
          14           8  -4.7049546952075436E-014
          14           9  -1.8503773240628191E-013
          14          10  -1.7311737952739779E-013
          14          11  -2.7090211515493163E-014
          14          12  -1.0733424717351967E-013
          14          13  -1.2954808743905672E-013
          14          14   6.4161087598887945E-004
          14          15  -2.9312823591566420E-004
          14          16  -6.9150032784688913E-004
          14          17  -7.5584972514541012E-005
          14          18  -4.1083567707862452E-004
          14          19   5.9657126805043206E-004
          15           1  -1.0731811702601292E-004
          15           2   4.2628827767269162E-004
          15           3  -4.7305488317579778E-004
          15           4  -9.4188790090255110E-004
          15           5   2.5632321591454600E-011
          15           6   9.6597774523872396E-012
          15           7  -1.7794858158652140E-011
          15           8  -5.3460074734890895E-012
          15           9  -2.0492798525374826E-012
          15          10   4.3784230808908479E-012
          15          11  -3.3887377517927507E-012
          15          12  -1.2087572442469992E-012
          15          13   2.8665132637012560E-012
          15          14  -2.9312823591566420E-004
          15          15   2.2754523839461818E-004
          15          16   7.4171955255245329E-004
          15          17   5.8673981157939575E-005
          15          18   3.1891742461596023E-004
          15          19  -2.5816555723514250E-004
          16           1  -4.9423244534965030E-003
          16           2   5.8391389111786193E-003
          16           3   8.4744980928827332E-003
          16           4   8.6481653411376522E-003
          16           5   6.3436597736649540E-014
          16           6  -1.2984461376155940E-013
          16           7   2.0701195115229880E-013
          16           8  -8.2423173457355281E-014
          16           9   3.4166397042597440E-013
          16          10  -1.9414140178095239E-013
          16          11  -4.6044211372577949E-014
          16          12   2.0659487099089475E-013
          16          13  -1.2669333724564403E-013
          16          14  -6.9150032784688913E-004
          16          15   7.4171955255245329E-004
          16          16   2.6817490709511709E-003
          16          17   1.9125708522438220E-004
          16          18   1.0395615885210221E-003
          16          19  -5.7753396859074903E-004
          17           1  -2.7672658186852827E-005
          17           2   1.0992113372475156E-004
          17           3  -1.2198019838279917E-004
          17           4  -2.4287176197395483E-004
          17           5   9.1325526370620941E-012
          17           6   7.1833225362870386E-012
          17           7  -7.3643775884681600E-012
          17           8  -2.1347789367373335E-012
          17           9  -1.0268899328290733E-012
          17          10   1.8222421781493494E-012
          17          11  -1.3646814498307756E-012
          17          12  -5.8297934814562710E-013
          17          13   1.1949547634802563E-012
          17          14  -7.5584972514541012E-005
          17          15   5.8673981157939575E-005
          17          16   1.9125708522438220E-004
          17          17   1.5129457725465071E-005
          17          18   8.2234878193337887E-005
          17          19  -6.6569624337602226E-005
          18           1  -1.5041235926150330E-004
          18           2   5.9746693815009803E-004
          18           3  -6.6301297115933366E-004
          18           4  -1.3201087621680062E-003
          18           5   3.4068070090611983E-013
          18           6   3.4508649521441734E-012
          18           7   6.0350321945256687E-012
          18           8  -3.1036449722669986E-013
          18           9  -2.7216497251192399E-013
          18          10  -1.0418562026451241E-012
          18          11  -2.0307041690572706E-013
          18          12  -1.2481234691147177E-013
          18          13  -6.3781017248564779E-013
          18          14  -4.1083567707862452E-004
          18          15   3.1891742461596023E-004
          18          16   1.0395615885210221E-003
          18          17   8.2234878193337887E-005
          18          18   4.4698067268403991E-004
          18          19  -3.6183352031571227E-004
          19           1  -4.4707444597851384E-003
          19           2   3.9659320896195081E-003
          19           3   1.0553207960708397E-002
          19           4   1.2787033251310819E-002
          19           5  -3.3038261393882221E-014
          19           6   7.9926994125546183E-014
          19           7   4.5670996150720799E-014
          19           8   9.3626914266476660E-014
          19           9  -1.8248723498277419E-013
          19          10   2.4805554812549540E-013
          19          11   6.5546338501017500E-014
          19          12  -1.1603803091331286E-013
          19          13   1.6610811267479803E-013
          19          14   5.9657126805043206E-004
          19          15  -2.5816555723514250E-004
          19          16  -5.7753396859074903E-004
          19          17  -6.6569624337602226E-005
          19          18  -3.6183352031571227E-004
          19          19   5.5690372989969632E-004
