           1           1   2.2114327280552186     
           1           2 -0.67048929007983205     
           1           3  0.34224440926576893     
           1           4  0.15685655283576133     
           1           5   4.7531262067362663E-014
           1           6   4.8127843606715859E-014
           1           7   2.0774397070268397E-014
           1           8  -4.0860897320429164E-015
           1           9  -1.6406388183783673E-014
           1          10  -5.3562491581341376E-015
           1          11   1.2762265787252391E-015
           1          12  -3.0286227293051510E-015
           1          13  -1.2732354897637726E-016
           1          14 -0.11354112251567614     
           1          15   3.7779535825724750E-016
           1          16 -0.11354112251567947     
           1          17  -7.0749993506585033E-015
           1          18  -6.8771235740957131E-015
           1          19 -0.11354112251567607     
           2           1 -0.67048929007983205     
           2           2   2.2520653397832078     
           2           3 -0.59371039251968782     
           2           4 -0.31422717774681469     
           2           5  -1.7543368419726098E-013
           2           6  -1.6411600122993919E-013
           2           7  -7.5114322741911854E-014
           2           8   3.0048952891170739E-014
           2           9   3.3984583256615978E-014
           2          10   2.4272898900732636E-014
           2          11  -1.2653498876081289E-014
           2          12   1.0991898453305945E-014
           2          13  -3.4561741961234235E-015
           2          14  0.24710782342630275     
           2          15  -1.1023147133788896E-015
           2          16  0.24710782342630128     
           2          17   1.2924516564694940E-014
           2          18   1.8837950034602268E-014
           2          19  0.24710782342630325     
           3           1  0.34224440926576893     
           3           2 -0.59371039251968782     
           3           3   2.4648014886787175     
           3           4  0.96150436544330597     
           3           5   5.0169166211386356E-014
           3           6   8.1255568330199102E-014
           3           7   2.1962331309408998E-014
           3           8   2.5363515806616075E-014
           3           9  -1.2418089461538578E-013
           3          10   1.3075043000139539E-014
           3          11  -1.6067560161280765E-014
           3          12  -2.2132131175057670E-014
           3          13  -1.0850268919522665E-014
           3          14 -0.55155045928954949     
           3          15   2.0053130529965934E-014
           3          16 -0.55155045928958768     
           3          17  -5.1002740454826075E-014
           3          18  -2.2495009020023329E-014
           3          19 -0.55155045928951441     
           4           1  0.15685655283576133     
           4           2 -0.31422717774681469     
           4           3  0.96150436544330597     
           4           4  0.40434751525484763     
           4           5   2.8760869740009454E-014
           4           6   4.3083634010933940E-014
           4           7   1.2968241021220878E-014
           4           8   3.1392725920650925E-015
           4           9  -5.9771341532246926E-014
           4          10  -4.5374167761942897E-015
           4          11  -1.1468183019513834E-014
           4          12  -1.0006971132330755E-014
           4          13  -8.8437275979550653E-015
           4          14 -0.20311914917102591     
           4          15   1.0973293563380482E-014
           4          16 -0.20311914917104734     
           4          17  -2.8717671287680090E-014
           4          18  -1.2471435445809631E-014
           4          19 -0.20311914917100557     
           5           1   4.7531262067362663E-014
           5           2  -1.7543368419726098E-013
           5           3   5.0169166211386356E-014
           5           4   2.8760869740009454E-014
           5           5   2.2737373473251168     
           5           6  -4.1107815746844426E-002
           5           7  -8.7284295107221219E-003
           5           8 -0.75021892606626872     
           5           9  0.12857617858224679     
           5          10   2.7300601871538998E-002
           5          11   9.1004963032699934E-002
           5          12   2.5254762749891094E-002
           5          13   5.3623480709831684E-003
           5          14  -2.7749110851945690E-014
           5          15   8.0656705346896293E-016
           5          16  -2.5469632244373105E-014
           5          17  -1.2804687872409804E-015
           5          18   4.8191956748060746E-016
           5          19  -2.4018763849683990E-014
           6           1   4.8127843606715859E-014
           6           2  -1.6411600122993919E-013
           6           3   8.1255568330199102E-014
           6           4   4.3083634010933940E-014
           6           5  -4.1107815746844426E-002
           6           6   2.2441794521332925     
           6           7  -1.2413394024155047E-002
           6           8  0.12857617858224757     
           6           9 -0.65776835087386143     
           6          10   3.8826357904556373E-002
           6          11   2.5254762749894747E-002
           6          12  0.10916398259854003     
           6          13   7.6262218097776528E-003
           6          14  -2.0373875591438684E-014
           6          15   2.5129813102054906E-016
           6          16  -2.6436765548157324E-014
           6          17   2.9800614260870479E-015
           6          18  -1.6517289426042035E-015
           6          19  -2.3245792778040036E-014
           7           1   2.0774397070268397E-014
           7           2  -7.5114322741911854E-014
           7           3   2.1962331309408998E-014
           7           4   1.2968241021220878E-014
           7           5  -8.7284295107221219E-003
           7           6  -1.2413394024155047E-002
           7           7   2.3000064093002326     
           7           8   2.7300601871539751E-002
           7           9   3.8826357904556831E-002
           7          10 -0.83238275652861382     
           7          11   5.3623480709813643E-003
           7          12   7.6262218097762572E-003
           7          13   7.4866452246106371E-002
           7          14  -9.9749797233303312E-015
           7          15  -5.8634343872488420E-016
           7          16  -1.1552811326943124E-014
           7          17  -3.4248195047885316E-015
           7          18  -1.2522481010659052E-015
           7          19  -1.5552274703203329E-014
           8           1  -4.0860897320429164E-015
           8           2   3.0048952891170739E-014
           8           3   2.5363515806616075E-014
           8           4   3.1392725920650925E-015
           8           5 -0.75021892606626872     
           8           6  0.12857617858224757     
           8           7   2.7300601871539751E-002
           8           8   1.9192018114263192     
           8           9 -0.40215792054294913     
           8          10  -8.5390259683335037E-002
           8          11  -3.3157701230656186E-002
           8          12  -7.8991326257253830E-002
           8          13  -1.6772241742076054E-002
           8          14   1.1155592881473534E-014
           8          15  -4.0176568699476564E-015
           8          16  -1.0371917667476929E-014
           8          17   7.2621888546801358E-015
           8          18  -6.4119114777884484E-015
           8          19  -7.8554406911541725E-015
           9           1  -1.6406388183783673E-014
           9           2   3.3984583256615978E-014
           9           3  -1.2418089461538578E-013
           9           4  -5.9771341532246926E-014
           9           5  0.12857617858224679     
           9           6 -0.65776835087386143     
           9           7   3.8826357904556831E-002
           9           8 -0.40215792054294913     
           9           9   1.6300368083725372     
           9          10 -0.12144028177944136     
           9          11  -7.8991326257259492E-002
           9          12  -8.9955108248194693E-002
           9          13  -2.3853139348496238E-002
           9          14   8.5166567263288737E-015
           9          15   2.0781566767967609E-015
           9          16   2.2205068557082491E-014
           9          17  -6.7400089958009926E-015
           9          18   2.8870786067129434E-015
           9          19   1.7037471087092197E-014
          10           1  -5.3562491581341376E-015
          10           2   2.4272898900732636E-014
          10           3   1.3075043000139539E-014
          10           4  -4.5374167761942897E-015
          10           5   2.7300601871538998E-002
          10           6   3.8826357904556373E-002
          10           7 -0.83238275652861382     
          10           8  -8.5390259683335037E-002
          10           9 -0.12144028177944136     
          10          10   2.1761921463929452     
          10          11  -1.6772241742074409E-002
          10          12  -2.3853139348494059E-002
          10          13   1.7320000083543924E-002
          10          14  -8.2423453691050739E-015
          10          15   2.4511168492761701E-015
          10          16  -2.5021416703128683E-015
          10          17   1.5750994933628351E-014
          10          18   6.9289863608267322E-015
          10          19   1.1571240735558758E-014
          11           1   1.2762265787252391E-015
          11           2  -1.2653498876081289E-014
          11           3  -1.6067560161280765E-014
          11           4  -1.1468183019513834E-014
          11           5   9.1004963032699934E-002
          11           6   2.5254762749894747E-002
          11           7   5.3623480709813643E-003
          11           8  -3.3157701230656186E-002
          11           9  -7.8991326257259492E-002
          11          10  -1.6772241742074409E-002
          11          11   4.2484042608914294E-002
          11          12  -1.5515371711331521E-002
          11          13  -3.2943815149169935E-003
          11          14   2.0673839301817368E-015
          11          15  -5.8341450809885441E-016
          11          16  -1.6749296543119203E-015
          11          17   1.2535269122367741E-015
          11          18  -1.2110885136159157E-015
          11          19  -1.7481417413096240E-015
          12           1  -3.0286227293051510E-015
          12           2   1.0991898453305945E-014
          12           3  -2.2132131175057670E-014
          12           4  -1.0006971132330755E-014
          12           5   2.5254762749891094E-002
          12           6  0.10916398259854003     
          12           7   7.6262218097762572E-003
          12           8  -7.8991326257253830E-002
          12           9  -8.9955108248194693E-002
          12          10  -2.3853139348494059E-002
          12          11  -1.5515371711331521E-002
          12          12   3.1327971127763102E-002
          12          13  -4.6852020469801362E-003
          12          14   2.2668926612262925E-015
          12          15   6.2485081091988680E-016
          12          16   4.9206755342705862E-015
          12          17  -1.5368868613084648E-015
          12          18   7.1529051596111267E-016
          12          19   4.0762788931542669E-015
          13           1  -1.2732354897637726E-016
          13           2  -3.4561741961234235E-015
          13           3  -1.0850268919522665E-014
          13           4  -8.8437275979550653E-015
          13           5   5.3623480709831684E-003
          13           6   7.6262218097776528E-003
          13           7   7.4866452246106371E-002
          13           8  -1.6772241742076054E-002
          13           9  -2.3853139348496238E-002
          13          10   1.7320000083543924E-002
          13          11  -3.2943815149169935E-003
          13          12  -4.6852020469801362E-003
          13          13   5.2398805863716244E-002
          13          14  -2.3224378029959371E-015
          13          15  -8.8683665301450735E-016
          13          16  -2.9745744940125297E-015
          13          17   2.4645274824169040E-015
          13          18   4.9294729826544786E-016
          13          19   1.9269054849104820E-015
          14           1 -0.11354112251567614     
          14           2  0.24710782342630275     
          14           3 -0.55155045928954949     
          14           4 -0.20311914917102591     
          14           5  -2.7749110851945690E-014
          14           6  -2.0373875591438684E-014
          14           7  -9.9749797233303312E-015
          14           8   1.1155592881473534E-014
          14           9   8.5166567263288737E-015
          14          10  -8.2423453691050739E-015
          14          11   2.0673839301817368E-015
          14          12   2.2668926612262925E-015
          14          13  -2.3224378029959371E-015
          14          14  0.14114981674738192     
          14          15  -2.5841917468233072E-015
          14          16  0.14114981674738469     
          14          17   5.4678106308506199E-015
          14          18   3.7552645711246445E-015
          14          19  0.14114981674737928     
          15           1   3.7779535825724750E-016
          15           2  -1.1023147133788896E-015
          15           3   2.0053130529965934E-014
          15           4   1.0973293563380482E-014
          15           5   8.0656705346896293E-016
          15           6   2.5129813102054906E-016
          15           7  -5.8634343872488420E-016
          15           8  -4.0176568699476564E-015
          15           9   2.0781566767967609E-015
          15          10   2.4511168492761701E-015
          15          11  -5.8341450809885441E-016
          15          12   6.2485081091988680E-016
          15          13  -8.8683665301450735E-016
          15          14  -2.5841917468233072E-015
          15          15   7.7993963302784632E-028
          15          16  -2.5841917468240897E-015
          15          17  -1.4487385573508994E-027
          15          18  -5.2848350280490355E-028
          15          19  -2.5841917468221906E-015
          16           1 -0.11354112251567947     
          16           2  0.24710782342630128     
          16           3 -0.55155045928958768     
          16           4 -0.20311914917104734     
          16           5  -2.5469632244373105E-014
          16           6  -2.6436765548157324E-014
          16           7  -1.1552811326943124E-014
          16           8  -1.0371917667476929E-014
          16           9   2.2205068557082491E-014
          16          10  -2.5021416703128683E-015
          16          11  -1.6749296543119203E-015
          16          12   4.9206755342705862E-015
          16          13  -2.9745744940125297E-015
          16          14  0.14114981674738469     
          16          15  -2.5841917468240897E-015
          16          16  0.14114981674738747     
          16          17   5.4678106308537896E-015
          16          18   3.7552645711259760E-015
          16          19  0.14114981674738206     
          17           1  -7.0749993506585033E-015
          17           2   1.2924516564694940E-014
          17           3  -5.1002740454826075E-014
          17           4  -2.8717671287680090E-014
          17           5  -1.2804687872409804E-015
          17           6   2.9800614260870479E-015
          17           7  -3.4248195047885316E-015
          17           8   7.2621888546801358E-015
          17           9  -6.7400089958009926E-015
          17          10   1.5750994933628351E-014
          17          11   1.2535269122367741E-015
          17          12  -1.5368868613084648E-015
          17          13   2.4645274824169040E-015
          17          14   5.4678106308506199E-015
          17          15  -1.4487385573508994E-027
          17          16   5.4678106308537896E-015
          17          17   4.5093296058606386E-027
          17          18   1.5290678735855927E-027
          17          19   5.4678106308475134E-015
          18           1  -6.8771235740957131E-015
          18           2   1.8837950034602268E-014
          18           3  -2.2495009020023329E-014
          18           4  -1.2471435445809631E-014
          18           5   4.8191956748060746E-016
          18           6  -1.6517289426042035E-015
          18           7  -1.2522481010659052E-015
          18           8  -6.4119114777884484E-015
          18           9   2.8870786067129434E-015
          18          10   6.9289863608267322E-015
          18          11  -1.2110885136159157E-015
          18          12   7.1529051596111267E-016
          18          13   4.9294729826544786E-016
          18          14   3.7552645711246445E-015
          18          15  -5.2848350280490355E-028
          18          16   3.7552645711259760E-015
          18          17   1.5290678735855927E-027
          18          18   7.6089197692296799E-028
          18          19   3.7552645711237956E-015
          19           1 -0.11354112251567607     
          19           2  0.24710782342630325     
          19           3 -0.55155045928951441     
          19           4 -0.20311914917100557     
          19           5  -2.4018763849683990E-014
          19           6  -2.3245792778040036E-014
          19           7  -1.5552274703203329E-014
          19           8  -7.8554406911541725E-015
          19           9   1.7037471087092197E-014
          19          10   1.1571240735558758E-014
          19          11  -1.7481417413096240E-015
          19          12   4.0762788931542669E-015
          19          13   1.9269054849104820E-015
          19          14  0.14114981674737928     
          19          15  -2.5841917468221906E-015
          19          16  0.14114981674738206     
          19          17   5.4678106308475134E-015
          19          18   3.7552645711237956E-015
          19          19  0.14114981674737670     
