           1           1   2.0000287410089248     
           1           2   1.9049496887867208E-003
           1           3   8.9568997608692642E-003
           1           4   8.2327748415024959E-004
           1           5  -6.1477764202900317E-003
           1           6   5.6446679225600870E-012
           1           7   2.9608630383680256E-012
           1           8  -1.2174595796822743E-011
           1           9  -3.0135873721873684E-011
           1          10  -5.0159550133202493E-011
           1          11   8.5340866257128317E-013
           1          12   3.0205127163790553E-011
           1          13   7.8404758905613958E-011
           1          14   8.0881223084984615E-012
           1          15   2.8173897958824967E-004
           1          16   3.9366679619907522E-009
           1          17   3.3873601161557760E-004
           1          18   1.6551596449104945E-010
           1          19   1.4897201369289088E-012
           1          20   3.3864981969390401E-004
           1          21  -1.6427245976607481E-003
           1          22   9.8706177137619541E-010
           1          23  -1.7941230919247769E-003
           1          24  -3.4451948648764709E-011
           1          25   1.2596861515317693E-012
           1          26  -1.7941590522137472E-003
           1          27   5.7912856260941832E-013
           1          28  -1.1790897219521016E-012
           1          29  -6.0121516848206404E-013
           1          30  -8.1001778560966859E-013
           1          31   1.0613627821618457E-014
           1          32   5.2445179759003895E-013
           1          33   1.5842936248087869E-014
           1          34   1.0635683907546736E-014
           1          35  -1.0040580319385733E-013
           1          36   2.3846218061571006E-013
           2           1   1.9049496887867208E-003
           2           2   2.0432129472492750     
           2           3  0.17287955050950818     
           2           4   7.3094338805543654E-002
           2           5  -4.8334141496322494E-002
           2           6   5.9648906433346246E-011
           2           7   6.4652914265004815E-011
           2           8  -1.2111909803166603E-010
           2           9  -4.3852474785680555E-010
           2          10  -5.5112610853123296E-010
           2          11   3.5440530641404702E-012
           2          12   2.2501453681778629E-010
           2          13   5.7724231898679552E-010
           2          14   5.9931968857319900E-011
           2          15  -1.6279970400555999E-002
           2          16   5.0641460223754094E-008
           2          17  -1.5239769800111047E-002
           2          18   1.5453574925966952E-009
           2          19   2.5868882740646972E-011
           2          20  -1.5240354505319888E-002
           2          21  -3.5746963053739159E-002
           2          22   1.2795236671100261E-008
           2          23  -3.7469579306226991E-002
           2          24  -6.1564852786321536E-010
           2          25   5.8683825992338902E-012
           2          26  -3.7469830222590164E-002
           2          27   7.3910773593370238E-011
           2          28   2.2681446668292727E-011
           2          29   1.6288752077972015E-011
           2          30   8.3515682232370920E-011
           2          31   2.0136935823052283E-012
           2          32   9.5220465232041935E-012
           2          33   2.5861717934949538E-012
           2          34   3.1173131274355955E-011
           2          35   4.3389691914320278E-011
           2          36   1.0697013728790823E-011
           3           1   8.9568997608692642E-003
           3           2  0.17287955050950818     
           3           3   2.5987657852359876     
           3           4  0.15195038274016370     
           3           5 -0.25493788712383403     
           3           6   1.8646541476264205E-010
           3           7   1.1636248965639307E-010
           3           8  -4.1504055585075256E-010
           3           9  -1.3236829297555770E-009
           3          10  -2.1667414116431643E-009
           3          11   4.5768930822112080E-011
           3          12   1.3508959576666306E-009
           3          13   3.2156555954341350E-009
           3          14   3.5834294110726199E-010
           3          15  -8.3318951837623723E-002
           3          16   1.4318197364641264E-007
           3          17  -7.9957652581240046E-002
           3          18   7.9175912280453921E-009
           3          19   1.8918708069202710E-010
           3          20  -7.9961406559962145E-002
           3          21  -8.9605683169917932E-002
           3          22   4.8467261305232955E-008
           3          23 -0.10218287516937882     
           3          24  -5.5326099321030867E-009
           3          25   2.0948200317239598E-011
           3          26 -0.10218419660341149     
           3          27   2.7723633914543629E-010
           3          28  -1.8368771645415223E-010
           3          29  -1.1706579278446078E-010
           3          30   6.7128324878454767E-011
           3          31  -3.5942249166961037E-011
           3          32   8.3151595531318969E-011
           3          33  -1.6099591097841435E-011
           3          34   1.6468366412296706E-010
           3          35   1.6681364631168513E-010
           3          36   6.9222566171170645E-011
           4           1   8.2327748415024959E-004
           4           2   7.3094338805543654E-002
           4           3  0.15195038274016370     
           4           4  0.13529346418983007     
           4           5  0.33707125348254108     
           4           6   2.3712159505666360E-010
           4           7   2.6485729812870091E-010
           4           8  -2.2232036596504175E-010
           4           9   1.6392072980016095E-010
           4          10  -5.7725899928853195E-010
           4          11   2.3830834518139347E-010
           4          12  -1.0073371505279016E-009
           4          13  -2.5375523120256983E-009
           4          14  -2.2310508240846803E-010
           4          15  -2.9812822147581670E-003
           4          16   8.4100215042472288E-008
           4          17  -8.2209041861005892E-003
           4          18   6.7535668410204487E-009
           4          19  -3.6817377745108657E-011
           4          20  -8.2205565422216222E-003
           4          21   7.4648448839422319E-003
           4          22   1.2963393859549874E-008
           4          23   1.5451304932752997E-002
           4          24   2.9099502061758098E-009
           4          25  -4.9239433787075728E-011
           4          26   1.5451757063402100E-002
           4          27  -3.5954975501072996E-012
           4          28  -6.6270621577687880E-011
           4          29  -3.0922773467603035E-011
           4          30  -1.5495077403201496E-011
           4          31  -3.3974316418136784E-012
           4          32  -4.5930217921280589E-012
           4          33  -3.9170951695811006E-012
           4          34  -1.2398592664334455E-012
           4          35   9.1126950534758449E-012
           4          36   3.7549926358804816E-012
           5           1  -6.1477764202900317E-003
           5           2  -4.8334141496322494E-002
           5           3 -0.25493788712383403     
           5           4  0.33707125348254108     
           5           5   1.1499581059913355     
           5           6   1.1307367137284454E-010
           5           7   2.8861404844984735E-010
           5           8   7.9375834099251250E-012
           5           9   1.6411771687533056E-009
           5          10   4.1805470138484079E-009
           5          11   3.0482740201611561E-010
           5          12  -5.0235202488619386E-009
           5          13  -1.2955386893234665E-008
           5          14  -1.2804521732413234E-009
           5          15   5.3087229229973297E-003
           5          16   2.0798918819881899E-008
           5          17  -1.2154760473932955E-003
           5          18  -7.6421528270719346E-009
           5          19  -1.6386638869964007E-010
           5          20  -1.2040780806296112E-003
           5          21   5.5531055208782945E-002
           5          22  -2.0959246343171387E-008
           5          23   8.2946691815505402E-002
           5          24   7.7497277867890480E-009
           5          25  -2.2238802471134849E-010
           5          26   8.2951836056183684E-002
           5          27  -1.3069516813055461E-010
           5          28  -9.7997222486328572E-011
           5          29  -9.1722023823401346E-011
           5          30  -8.0629665930226732E-011
           5          31  -2.4066403202896527E-011
           5          32  -5.4827495916191891E-011
           5          33  -1.6989689449970368E-011
           5          34  -6.5458914971292516E-011
           5          35  -1.6365999315694035E-011
           5          36  -2.2955188233576374E-011
           6           1   5.6446679225600870E-012
           6           2   5.9648906433346246E-011
           6           3   1.8646541476264205E-010
           6           4   2.3712159505666360E-010
           6           5   1.1307367137284454E-010
           6           6   1.9986788030321616     
           6           7  -5.4724280394799154E-010
           6           8  -1.3009900123814295E-010
           6           9  -1.0809697701070729E-002
           6          10  -1.0937795423221561E-009
           6          11   4.6201833878985314E-010
           6          12  -6.9753803884816919E-004
           6          13   2.6835917636952843E-011
           6          14  -1.5265972639353426E-011
           6          15  -1.3902964177126711E-010
           6          16  -3.1116060875917033E-009
           6          17  -2.1917420957851914E-011
           6          18   5.5477887861564223E-011
           6          19   1.4701139580118902E-011
           6          20  -6.0122328772820776E-012
           6          21  -4.5856766371724722E-011
           6          22  -5.6829212680968461E-010
           6          23  -7.8799837936396259E-011
           6          24   1.9258327287089640E-011
           6          25  -4.3898065817046651E-012
           6          26  -8.3112777119379060E-011
           6          27   5.6283020816477805E-003
           6          28  -2.2470714713365034E-010
           6          29   3.5629808520939283E-003
           6          30   8.1088015208143617E-010
           6          31  -3.3293637983213315E-011
           6          32   1.8429522736407416E-012
           6          33  -1.3943745481099365E-010
           6          34   3.5629802697008570E-003
           6          35   4.2885481737267977E-010
           6          36  -3.7802519418783642E-010
           7           1   2.9608630383680256E-012
           7           2   6.4652914265004815E-011
           7           3   1.1636248965639307E-010
           7           4   2.6485729812870091E-010
           7           5   2.8861404844984735E-010
           7           6  -5.4724280394799154E-010
           7           7   1.9987213635509717     
           7           8   1.2133715400126578E-012
           7           9  -1.0935380947122998E-009
           7          10  -1.0272968745166774E-002
           7          11   1.2310881797577648E-011
           7          12   3.5211874587263212E-011
           7          13  -6.8073383835881877E-004
           7          14   2.4366069856504184E-012
           7          15   1.6743816661821716E-011
           7          16   5.0546518695217209E-012
           7          17  -1.6433967326047332E-010
           7          18   1.1875076831366992E-010
           7          19  -1.1322386820127926E-011
           7          20   4.0465220557507025E-011
           7          21  -8.2181069816554325E-011
           7          22   5.4186464530622162E-011
           7          23  -2.7648288006213060E-011
           7          24   1.5504119954461857E-011
           7          25   5.0445237295407645E-012
           7          26  -7.6285115182416480E-011
           7          27   5.8135446737556118E-010
           7          28   3.4853442898760091E-003
           7          29   6.7443638387633258E-011
           7          30   5.9955799907978969E-003
           7          31  -5.1784159062606507E-012
           7          32   1.1587051722645484E-010
           7          33   2.0653444611007569E-012
           7          34   4.4439764222698276E-010
           7          35   2.6813047159378036E-003
           7          36  -1.2798550019567853E-011
           8           1  -1.2174595796822743E-011
           8           2  -1.2111909803166603E-010
           8           3  -4.1504055585075256E-010
           8           4  -2.2232036596504175E-010
           8           5   7.9375834099251250E-012
           8           6  -1.3009900123814295E-010
           8           7   1.2133715400126578E-012
           8           8   1.9987213630298137     
           8           9   4.7249126474896623E-010
           8          10   1.4973943447679149E-011
           8          11  -1.0272978845859648E-002
           8          12  -7.9779163723185789E-012
           8          13  -1.5655095934868225E-011
           8          14  -6.8072929484610319E-004
           8          15   1.3420383324819810E-010
           8          16  -3.7554623717955107E-009
           8          17   1.7802420021322888E-010
           8          18  -4.9889200463794830E-011
           8          19  -1.2954533037355842E-010
           8          20   1.2651166558049119E-010
           8          21   9.4882872060962413E-011
           8          22  -7.9166846794864805E-010
           8          23   7.6695640529968642E-011
           8          24   2.6691161173409108E-011
           8          25   3.6932255106386495E-011
           8          26   7.4159505196375092E-011
           8          27  -3.7130617991675541E-010
           8          28   2.7864901466011663E-011
           8          29  -1.4507389864792265E-010
           8          30  -1.4168457006401217E-011
           8          31   3.4853445012020764E-003
           8          32  -8.6574555517364926E-011
           8          33   2.6813057987769640E-003
           8          34  -3.5592672333834787E-011
           8          35  -8.2772272333591713E-012
           8          36   5.9955811839127850E-003
           9           1  -3.0135873721873684E-011
           9           2  -4.3852474785680555E-010
           9           3  -1.3236829297555770E-009
           9           4   1.6392072980016095E-010
           9           5   1.6411771687533056E-009
           9           6  -1.0809697701070729E-002
           9           7  -1.0935380947122998E-009
           9           8   4.7249126474896623E-010
           9           9   1.9264208966512029     
           9          10  -9.7680257663197748E-009
           9          11   1.8379711091241162E-009
           9          12   2.4443560869917964E-002
           9          13   3.8973546440668616E-009
           9          14  -1.1282936356773819E-009
           9          15  -1.6837071008131114E-009
           9          16   2.4201807261592172E-008
           9          17   1.0013799179642038E-009
           9          18   9.4333507373882052E-010
           9          19   2.6998256685404343E-010
           9          20   1.5702486934081593E-009
           9          21   2.6682247675384570E-010
           9          22   6.1640361543054591E-009
           9          23   1.7593736020216800E-010
           9          24   3.7498121004866758E-010
           9          25  -8.7503742820405612E-011
           9          26   1.4701429795432312E-010
           9          27   3.4231281062735309E-003
           9          28  -2.0961580194531993E-008
           9          29   2.3147125143870993E-002
           9          30   1.3768955522298812E-008
           9          31   4.5928573388906337E-009
           9          32   5.1546586346895825E-011
           9          33  -2.5380310829368893E-010
           9          34   2.3147080429433267E-002
           9          35   7.8381915889094406E-009
           9          36  -3.9452629926254584E-009
          10           1  -5.0159550133202493E-011
          10           2  -5.5112610853123296E-010
          10           3  -2.1667414116431643E-009
          10           4  -5.7725899928853195E-010
          10           5   4.1805470138484079E-009
          10           6  -1.0937795423221561E-009
          10           7  -1.0272968745166774E-002
          10           8   1.4973943447679149E-011
          10           9  -9.7680257663197748E-009
          10          10   1.9334897413159675     
          10          11   7.4448459298989558E-011
          10          12   4.2131177468345681E-009
          10          13   2.0103158565870225E-002
          10          14  -6.2410755035411134E-011
          10          15   1.7525929384083301E-009
          10          16   2.1834386567010981E-008
          10          17  -3.7267130328234453E-009
          10          18  -3.2304677728232551E-010
          10          19  -6.3175590583403727E-010
          10          20   2.3568742816060654E-009
          10          21   7.4899221494249229E-010
          10          22   5.4857874268409136E-009
          10          23   8.4293932696106985E-010
          10          24  -1.2182657898735009E-010
          10          25  -5.7281366932058624E-011
          10          26   9.0630815062988478E-010
          10          27   3.3322546638631709E-009
          10          28   1.3434316075222566E-002
          10          29  -7.6312553002706627E-009
          10          30   1.8886622656563289E-002
          10          31  -5.8343557733250745E-011
          10          32   5.4000888275555225E-009
          10          33   5.3452966294327735E-011
          10          34   8.2927031817179452E-009
          10          35   8.4463152107351735E-003
          10          36  -5.7077927253853274E-013
          11           1   8.5340866257128317E-013
          11           2   3.5440530641404702E-012
          11           3   4.5768930822112080E-011
          11           4   2.3830834518139347E-010
          11           5   3.0482740201611561E-010
          11           6   4.6201833878985314E-010
          11           7   1.2310881797577648E-011
          11           8  -1.0272978845859648E-002
          11           9   1.8379711091241162E-009
          11          10   7.4448459298989558E-011
          11          11   1.9334895539061558     
          11          12  -1.1657055733644136E-009
          11          13  -2.1141407803225364E-011
          11          14   2.0103450195212466E-002
          11          15   2.1994166752048839E-010
          11          16  -5.4297620059128073E-008
          11          17   2.2736375666356175E-010
          11          18   6.2746298344662500E-010
          11          19  -3.0869767945279052E-009
          11          20  -4.8810599035296780E-010
          11          21   4.0115291119598880E-011
          11          22  -1.1231448129620681E-008
          11          23   4.5430936431761644E-011
          11          24   7.5684391491594729E-010
          11          25  -3.6053076818843258E-011
          11          26  -2.6116243736454492E-012
          11          27  -3.7685936724293431E-009
          11          28  -9.4997381444868992E-013
          11          29  -3.7694939522059327E-010
          11          30  -6.9471358860202880E-011
          11          31   1.3434327100152195E-002
          11          32  -6.2050294444448753E-009
          11          33   8.4463733579033876E-003
          11          34   4.4576715384119611E-009
          11          35   1.5936428436123871E-011
          11          36   1.8886571639724941E-002
          12           1   3.0205127163790553E-011
          12           2   2.2501453681778629E-010
          12           3   1.3508959576666306E-009
          12           4  -1.0073371505279016E-009
          12           5  -5.0235202488619386E-009
          12           6  -6.9753803884816919E-004
          12           7   3.5211874587263212E-011
          12           8  -7.9779163723185789E-012
          12           9   2.4443560869917964E-002
          12          10   4.2131177468345681E-009
          12          11  -1.1657055733644136E-009
          12          12   3.2342495376622095E-004
          12          13   1.1816751157302736E-010
          12          14  -3.3018060291111803E-011
          12          15  -9.2003377347073149E-012
          12          16   9.5784408661543906E-008
          12          17   3.3827433968073290E-011
          12          18   2.7777074134744425E-009
          12          19   1.0517758832791910E-011
          12          20   3.5762686162751444E-011
          12          21  -2.8811097817850721E-010
          12          22   1.9502591247108295E-008
          12          23  -3.7536251924801397E-010
          12          24   5.6538968877474525E-010
          12          25  -2.0684814796599661E-013
          12          26  -3.7701164472410710E-010
          12          27   1.1068738575428677E-005
          12          28  -2.4415377616330581E-010
          12          29   3.2623561561907446E-004
          12          30   2.4263731802684441E-010
          12          31   4.8792580417855893E-011
          12          32   7.9192582207940535E-013
          12          33  -7.6457834488071568E-012
          12          34   3.2623498294786699E-004
          12          35   1.3522955909168544E-010
          12          36  -6.8777972453983551E-011
          13           1   7.8404758905613958E-011
          13           2   5.7724231898679552E-010
          13           3   3.2156555954341350E-009
          13           4  -2.5375523120256983E-009
          13           5  -1.2955386893234665E-008
          13           6   2.6835917636952843E-011
          13           7  -6.8073383835881877E-004
          13           8  -1.5655095934868225E-011
          13           9   3.8973546440668616E-009
          13          10   2.0103158565870225E-002
          13          11  -2.1141407803225364E-011
          13          12   1.1816751157302736E-010
          13          13   2.2977141691477831E-004
          13          14  -9.6406552560305263E-013
          13          15   9.3987015293588442E-011
          13          16   2.4707601146828017E-008
          13          17  -1.9496715336571895E-011
          13          18  -3.5560631010688480E-009
          13          19  -4.6337175816946750E-011
          13          20   9.5884338557853571E-011
          13          21  -7.4039922994592258E-010
          13          22   5.0525577309952288E-009
          13          23  -9.5991474176608713E-010
          13          24  -7.6524795548485823E-010
          13          25  -7.1480435479334144E-012
          13          26  -9.5298735813998106E-010
          13          27   2.7443872381003675E-011
          13          28   2.1012171191612478E-004
          13          29  -2.9980657942407945E-011
          13          30   1.7927757029224668E-004
          13          31  -1.0206599327589115E-012
          13          32   7.3194014011937456E-011
          13          33   6.9073096006946293E-013
          13          34   1.8882539989190710E-010
          13          35   8.0174913257891723E-005
          13          36  -1.5089568116106160E-013
          14           1   8.0881223084984615E-012
          14           2   5.9931968857319900E-011
          14           3   3.5834294110726199E-010
          14           4  -2.2310508240846803E-010
          14           5  -1.2804521732413234E-009
          14           6  -1.5265972639353426E-011
          14           7   2.4366069856504184E-012
          14           8  -6.8072929484610319E-004
          14           9  -1.1282936356773819E-009
          14          10  -6.2410755035411134E-011
          14          11   2.0103450195212466E-002
          14          12  -3.3018060291111803E-011
          14          13  -9.6406552560305263E-013
          14          14   2.2978060390500975E-004
          14          15   2.5758053155285341E-011
          14          16   6.6291448569659110E-008
          14          17   1.0515935455762522E-011
          14          18  -2.5785165790445609E-009
          14          19  -4.7150244822532309E-011
          14          20  -1.9870868844961715E-011
          14          21  -7.4033036885029214E-011
          14          22   1.3529147048180393E-008
          14          23  -9.6298774380340808E-011
          14          24  -5.3104569374651624E-010
          14          25  -1.3364812889832381E-012
          14          26  -1.0031947768575666E-010
          14          27  -4.6386090572174051E-011
          14          28  -5.2236189283134675E-013
          14          29  -2.5843705582470681E-011
          14          30  -1.5338694444382624E-012
          14          31   2.1012953958263387E-004
          14          32  -8.3337652049489294E-011
          14          33   8.0176640095214801E-005
          14          34   3.9090908008428775E-011
          14          35  -3.1576379803512468E-014
          14          36   1.7927936418823300E-004
          15           1   2.8173897958824967E-004
          15           2  -1.6279970400555999E-002
          15           3  -8.3318951837623723E-002
          15           4  -2.9812822147581670E-003
          15           5   5.3087229229973297E-003
          15           6  -1.3902964177126711E-010
          15           7   1.6743816661821716E-011
          15           8   1.3420383324819810E-010
          15           9  -1.6837071008131114E-009
          15          10   1.7525929384083301E-009
          15          11   2.1994166752048839E-010
          15          12  -9.2003377347073149E-012
          15          13   9.3987015293588442E-011
          15          14   2.5758053155285341E-011
          15          15  0.86749548438424096     
          15          16   1.3672497462399384E-006
          15          17 -0.42867215757697713     
          15          18  -2.0734608443700608E-008
          15          19  -6.6469240319603808E-012
          15          20 -0.42867262633604164     
          15          21  0.16700391270645717     
          15          22   2.7366785774899386E-007
          15          23  -7.9620233267854182E-002
          15          24  -3.6491539487064020E-009
          15          25  -4.1651315010608350E-013
          15          26  -7.9619978988875587E-002
          15          27  -4.2118655922995726E-011
          15          28   4.7287011197640932E-011
          15          29   2.7945237849833969E-012
          15          30   7.3632312938326951E-012
          15          31   4.3724137733656156E-011
          15          32  -1.8361918134580079E-012
          15          33  -5.9164761609725917E-012
          15          34  -5.5199858267085850E-012
          15          35  -1.2402791273586441E-012
          15          36  -1.0986180997601819E-011
          16           1   3.9366679619907522E-009
          16           2   5.0641460223754094E-008
          16           3   1.4318197364641264E-007
          16           4   8.4100215042472288E-008
          16           5   2.0798918819881899E-008
          16           6  -3.1116060875917033E-009
          16           7   5.0546518695217209E-012
          16           8  -3.7554623717955107E-009
          16           9   2.4201807261592172E-008
          16          10   2.1834386567010981E-008
          16          11  -5.4297620059128073E-008
          16          12   9.5784408661543906E-008
          16          13   2.4707601146828017E-008
          16          14   6.6291448569659110E-008
          16          15   1.3672497462399384E-006
          16          16   1.6663098284525200     
          16          17  -5.5801540366543191E-007
          16          18  -9.0416560842370349E-009
          16          19  -3.9082956738857216E-007
          16          20  -9.6173428492400336E-007
          16          21   2.9682334704856537E-007
          16          22  0.38279008762768918     
          16          23  -1.2314737323933547E-007
          16          24   1.8679776619359640E-008
          16          25  -8.2404263945014823E-008
          16          26  -1.6486035597735190E-007
          16          27  -4.1368087292319721E-008
          16          28  -5.2102162991425316E-010
          16          29   1.5876472505985078E-008
          16          30  -5.8405905680760820E-009
          16          31   1.8986894419886030E-008
          16          32   6.3694420065550839E-009
          16          33  -4.2385185481514972E-010
          16          34  -1.4850506988093208E-008
          16          35  -5.4829804220067139E-009
          16          36   1.5873420688898782E-008
          17           1   3.3873601161557760E-004
          17           2  -1.5239769800111047E-002
          17           3  -7.9957652581240046E-002
          17           4  -8.2209041861005892E-003
          17           5  -1.2154760473932955E-003
          17           6  -2.1917420957851914E-011
          17           7  -1.6433967326047332E-010
          17           8   1.7802420021322888E-010
          17           9   1.0013799179642038E-009
          17          10  -3.7267130328234453E-009
          17          11   2.2736375666356175E-010
          17          12   3.3827433968073290E-011
          17          13  -1.9496715336571895E-011
          17          14   1.0515935455762522E-011
          17          15 -0.42867215757697713     
          17          16  -5.5801540366543191E-007
          17          17  0.87326030200480420     
          17          18   1.6565492267103417E-008
          17          19  -1.0092633799551991E-011
          17          20 -0.43742736536740517     
          17          21  -7.9499329301854604E-002
          17          22  -1.1449206754215198E-007
          17          23  0.16003158922502986     
          17          24   2.5039019546263399E-009
          17          25   4.6433652976073093E-012
          17          26  -7.1943724509266144E-002
          17          27   1.2337630190353253E-011
          17          28  -6.7815988285214850E-011
          17          29  -2.6512220026985142E-011
          17          30  -2.2709679997467478E-011
          17          31   9.7288748889368551E-013
          17          32  -1.5117848571275082E-012
          17          33   4.1296376583331236E-011
          17          34   3.0313893727508762E-011
          17          35  -2.5301875358871962E-011
          17          36  -1.7982287933773947E-011
          18           1   1.6551596449104945E-010
          18           2   1.5453574925966952E-009
          18           3   7.9175912280453921E-009
          18           4   6.7535668410204487E-009
          18           5  -7.6421528270719346E-009
          18           6   5.5477887861564223E-011
          18           7   1.1875076831366992E-010
          18           8  -4.9889200463794830E-011
          18           9   9.4333507373882052E-010
          18          10  -3.2304677728232551E-010
          18          11   6.2746298344662500E-010
          18          12   2.7777074134744425E-009
          18          13  -3.5560631010688480E-009
          18          14  -2.5785165790445609E-009
          18          15  -2.0734608443700608E-008
          18          16  -9.0416560842370349E-009
          18          17   1.6565492267103417E-008
          18          18   1.6663099231387413     
          18          19   1.2412303376423493E-008
          18          20   3.5410829121429833E-009
          18          21  -4.7192918226405268E-009
          18          22  -2.0934252695324135E-009
          18          23   2.7683583182668880E-009
          18          24  0.38278996097803353     
          18          25   2.1952478186975636E-009
          18          26  -4.8629054413034494E-010
          18          27   2.5222547641602833E-010
          18          28   1.0921957933541995E-009
          18          29   9.5360467270740750E-011
          18          30  -5.9889394233199509E-010
          18          31  -5.1455373427249800E-010
          18          32  -6.8018090593969550E-010
          18          33  -3.7857276115713402E-010
          18          34   2.3192586640214520E-010
          18          35   6.5236023894600092E-010
          18          36   9.0482425740504719E-010
          19           1   1.4897201369289088E-012
          19           2   2.5868882740646972E-011
          19           3   1.8918708069202710E-010
          19           4  -3.6817377745108657E-011
          19           5  -1.6386638869964007E-010
          19           6   1.4701139580118902E-011
          19           7  -1.1322386820127926E-011
          19           8  -1.2954533037355842E-010
          19           9   2.6998256685404343E-010
          19          10  -6.3175590583403727E-010
          19          11  -3.0869767945279052E-009
          19          12   1.0517758832791910E-011
          19          13  -4.6337175816946750E-011
          19          14  -4.7150244822532309E-011
          19          15  -6.6469240319603808E-012
          19          16  -3.9082956738857216E-007
          19          17  -1.0092633799551991E-011
          19          18   1.2412303376423493E-008
          19          19  0.87379183564085383     
          19          20  -6.4280577758972679E-012
          19          21  -1.0122415671724597E-011
          19          22  -7.8144143409310637E-008
          19          23  -1.0073105762326468E-011
          19          24   2.5960099736915471E-009
          19          25  0.15465002767950425     
          19          26  -1.1245692434748996E-011
          19          27  -2.0562356123873710E-012
          19          28  -2.9961954800273180E-011
          19          29   5.9127934555904459E-012
          19          30  -4.1083297339086102E-011
          19          31  -5.9706472378690935E-011
          19          32  -4.2899550426409105E-011
          19          33   8.2064455558767676E-013
          19          34   6.4774534254162334E-012
          19          35   3.5684023942768804E-011
          19          36  -2.7571760035462308E-011
          20           1   3.3864981969390401E-004
          20           2  -1.5240354505319888E-002
          20           3  -7.9961406559962145E-002
          20           4  -8.2205565422216222E-003
          20           5  -1.2040780806296112E-003
          20           6  -6.0122328772820776E-012
          20           7   4.0465220557507025E-011
          20           8   1.2651166558049119E-010
          20           9   1.5702486934081593E-009
          20          10   2.3568742816060654E-009
          20          11  -4.8810599035296780E-010
          20          12   3.5762686162751444E-011
          20          13   9.5884338557853571E-011
          20          14  -1.9870868844961715E-011
          20          15 -0.42867262633604164     
          20          16  -9.6173428492400336E-007
          20          17 -0.43742736536740517     
          20          18   3.5410829121429833E-009
          20          19  -6.4280577758972679E-012
          20          20  0.87326034384941520     
          20          21  -7.9498055080216290E-002
          20          22  -1.9099788443932598E-007
          20          23  -7.1942505363202347E-002
          20          24   1.2782231863238794E-009
          20          25  -7.3936004152371368E-013
          20          26  0.16003239131636349     
          20          27   5.8891152293002623E-012
          20          28   5.0306574835590556E-011
          20          29   5.0782271581993542E-011
          20          30   1.2208805500282994E-011
          20          31  -3.9003486862573503E-011
          20          32  -1.8345543355656561E-012
          20          33  -3.2783867955680088E-011
          20          34  -2.2207657007925432E-011
          20          35   1.3088498283036682E-011
          20          36   2.5716992986234738E-011
          21           1  -1.6427245976607481E-003
          21           2  -3.5746963053739159E-002
          21           3  -8.9605683169917932E-002
          21           4   7.4648448839422319E-003
          21           5   5.5531055208782945E-002
          21           6  -4.5856766371724722E-011
          21           7  -8.2181069816554325E-011
          21           8   9.4882872060962413E-011
          21           9   2.6682247675384570E-010
          21          10   7.4899221494249229E-010
          21          11   4.0115291119598880E-011
          21          12  -2.8811097817850721E-010
          21          13  -7.4039922994592258E-010
          21          14  -7.4033036885029214E-011
          21          15  0.16700391270645717     
          21          16   2.9682334704856537E-007
          21          17  -7.9499329301854604E-002
          21          18  -4.7192918226405268E-009
          21          19  -1.0122415671724597E-011
          21          20  -7.9498055080216290E-002
          21          21   3.6752568701777115E-002
          21          22   5.7795044835528000E-008
          21          23  -8.7705328950587504E-003
          21          24  -1.6418877099106818E-010
          21          25  -1.1373775998221158E-011
          21          26  -8.7700382030448769E-003
          21          27  -2.4363191687004105E-011
          21          28   1.2014351138026836E-011
          21          29   6.9534457074396765E-012
          21          30  -5.3497013420419200E-012
          21          31   6.7284698918279130E-012
          21          32  -5.4357749521172891E-012
          21          33  -1.6165170990389403E-012
          21          34  -6.4941734773575823E-013
          21          35  -5.8256333882454327E-012
          21          36  -5.2298863521255068E-012
          22           1   9.8706177137619541E-010
          22           2   1.2795236671100261E-008
          22           3   4.8467261305232955E-008
          22           4   1.2963393859549874E-008
          22           5  -2.0959246343171387E-008
          22           6  -5.6829212680968461E-010
          22           7   5.4186464530622162E-011
          22           8  -7.9166846794864805E-010
          22           9   6.1640361543054591E-009
          22          10   5.4857874268409136E-009
          22          11  -1.1231448129620681E-008
          22          12   1.9502591247108295E-008
          22          13   5.0525577309952288E-009
          22          14   1.3529147048180393E-008
          22          15   2.7366785774899386E-007
          22          16  0.38279008762768918     
          22          17  -1.1449206754215198E-007
          22          18  -2.0934252695324135E-009
          22          19  -7.8144143409310637E-008
          22          20  -1.9099788443932598E-007
          22          21   5.7795044835528000E-008
          22          22   8.9048417275065878E-002
          22          23  -2.7536077384072909E-008
          22          24   3.7415878647849765E-009
          22          25  -1.6539897508301598E-008
          22          26  -3.4897946286795696E-008
          22          27  -8.4158063108570369E-009
          22          28  -1.4637103312854090E-010
