           1           1   2.0003111764036801     
           1           2   1.2657565887524356E-004
           1           3   1.1862820878917135E-002
           1           4   4.6419541470827975E-003
           1           5  -5.9171852783532737E-003
           1           6  -1.6700119402149647E-012
           1           7  -1.5554814033257364E-012
           1           8   2.2447140977404564E-012
           1           9   3.3856768069576410E-012
           1          10   1.7161238193852700E-011
           1          11  -2.2529381526676543E-011
           1          12   1.1966620665090868E-012
           1          13   9.2800129614968042E-012
           1          14  -1.2841722176753134E-011
           1          15  -1.1429295630987490E-003
           1          16  -1.1494995844591956E-006
           1          17  -1.1427612739991274E-003
           1          18   5.9770152427183938E-007
           1          19  -2.0428570332698150E-006
           1          20  -1.1430195916638279E-003
           1          21  -2.4638795261579210E-003
           1          22  -1.0361311146887429E-006
           1          23  -2.4637448058910305E-003
           1          24   5.3889550005948249E-007
           1          25  -1.8416310262855826E-006
           1          26  -2.4639730966384710E-003
           1          27  -8.3899797013676123E-013
           1          28   1.2008861646977809E-012
           1          29  -8.4207287551308322E-013
           1          30  -1.5529923320690556E-012
           1          31  -1.0815526163773137E-012
           1          32  -7.8969879909309079E-014
           1          33  -6.1262191491870687E-013
           1          34   1.1870141430808125E-012
           1          35  -4.9529932953877156E-014
           1          36   2.2443864414547148E-012
           2           1   1.2657565887524356E-004
           2           2   1.9556213873017962     
           2           3   9.8877308117065726E-003
           2           4  -6.9067607998134425E-003
           2           5  -2.6995176812977355E-002
           2           6  -2.3807032745730308E-011
           2           7  -1.9023212143374810E-011
           2           8   2.7819888228221474E-011
           2           9   3.5005350881917255E-011
           2          10   2.5398170674339639E-010
           2          11  -3.3245403029151033E-010
           2          12   7.7805397391490861E-012
           2          13   5.0109888602088601E-011
           2          14  -6.9294600998205290E-011
           2          15   2.6059047616203947E-002
           2          16   3.4574099553915515E-006
           2          17   2.6058614584718944E-002
           2          18  -1.8020065272074317E-006
           2          19   6.1417299260293424E-006
           2          20   2.6059358499522060E-002
           2          21  -4.8099161860140124E-003
           2          22  -2.1263287546044370E-006
           2          23  -4.8096830602409333E-003
           2          24   1.1038141748073642E-006
           2          25  -3.7825526596056755E-006
           2          26  -4.8101455250752108E-003
           2          27  -1.4190130702539557E-012
           2          28   8.4001444521126378E-012
           2          29   8.1470780490347034E-013
           2          30  -2.0155108112811165E-011
           2          31  -8.1995781475973653E-012
           2          32  -6.9799906590823769E-013
           2          33  -6.6302279726674086E-012
           2          34   1.8343101071479770E-011
           2          35  -4.2392256765800178E-013
           2          36   2.6679490928858321E-011
           3           1   1.1862820878917135E-002
           3           2   9.8877308117065726E-003
           3           3   2.4909967970325511     
           3           4  0.19499581172424096     
           3           5 -0.22160878139239293     
           3           6  -6.1742549836011079E-011
           3           7  -4.6832932487354972E-011
           3           8   6.9739297184448259E-011
           3           9   1.1449693607927342E-010
           3          10   7.3970968594774484E-010
           3          11  -9.6830257648858725E-010
           3          12   6.8783894332937566E-011
           3          13   3.2318717473873493E-010
           3          14  -4.5339683414361869E-010
           3          15  -4.1459523133379250E-002
           3          16   3.2008860859696986E-005
           3          17  -4.1464115014146617E-002
           3          18  -1.6546150031688428E-005
           3          19   5.6995377142380550E-005
           3          20  -4.1456996789597959E-002
           3          21  -8.9710917220433117E-002
           3          22  -1.7719163974734491E-005
           3          23  -8.9709160776675484E-002
           3          24   9.2631999546491086E-006
           3          25  -3.1454401892247232E-005
           3          26  -8.9712936556639172E-002
           3          27  -1.3092392950868210E-010
           3          28   1.1227072807180083E-011
           3          29  -1.9120264945956037E-011
           3          30  -2.1211237236792415E-010
           3          31   1.8086082163351924E-011
           3          32  -6.3518561961558782E-012
           3          33   1.3685342631403686E-011
           3          34   1.3714765666785601E-010
           3          35  -3.1656049378340099E-011
           3          36   2.6826259916251258E-010
           4           1   4.6419541470827975E-003
           4           2  -6.9067607998134425E-003
           4           3  0.19499581172424096     
           4           4   1.9657436533672849E-002
           4           5   4.5801569428522308E-002
           4           6  -2.6923057806331609E-011
           4           7  -2.7460367303181870E-011
           4           8   3.9251360109831300E-011
           4           9  -4.0999793178724382E-011
           4          10   1.5682588876833221E-010
           4          11  -2.3320411798493279E-010
           4          12  -5.9891264899153903E-012
           4          13  -6.4335330201526969E-011
           4          14   8.9231711659604662E-011
           4          15  -6.0527622848646767E-003
           4          16  -2.5333863626966427E-004
           4          17  -6.0190323242271682E-003
           4          18   1.3221073093289332E-004
           4          19  -4.4977846431679022E-004
           4          20  -6.0749060529196493E-003
           4          21  -5.4917869657678201E-003
           4          22  -7.8560555489469913E-005
           4          23  -5.4811636264173701E-003
           4          24   4.1042410561447054E-005
           4          25  -1.3942503054171354E-004
           4          26  -5.4985246040029894E-003
           4          27  -1.8034838849294915E-012
           4          28  -1.9327661140936215E-011
           4          29   3.9108039585427253E-012
           4          30   1.5589327967286720E-011
           4          31   2.0829404829754048E-011
           4          32   3.7544569411399069E-013
           4          33   1.6427922410489679E-011
           4          34  -3.5884857188915997E-012
           4          35  -7.0694675379953321E-012
           4          36  -2.3041289363712895E-011
           5           1  -5.9171852783532737E-003
           5           2  -2.6995176812977355E-002
           5           3 -0.22160878139239293     
           5           4   4.5801569428522308E-002
           5           5  0.93301043969106645     
           5           6  -8.2813571447002564E-015
           5           7   1.2037284929641228E-011
           5           8  -1.9187493470570518E-011
           5           9  -8.6583458564882124E-011
           5          10  -2.3730656083999605E-011
           5          11  -4.6312013428544289E-011
           5          12  -1.7000223193045921E-010
           5          13  -1.3803667249906430E-009
           5          14   1.9131379465154587E-009
           5          15  -3.5719642990766749E-002
           5          16  -1.2983854790370069E-004
           5          17  -3.5704774479834729E-002
           5          18   6.8117536649592682E-005
           5          19  -2.3017973384480524E-004
           5          20  -3.5732769254942912E-002
           5          21   3.0030660568293382E-002
           5          22   5.7248643282423265E-005
           5          23   3.0023583412989399E-002
           5          24  -2.9544251370717868E-005
           5          25   1.0201651265874282E-004
           5          26   3.0036122709132682E-002
           5          27   7.2697994914761304E-011
           5          28  -1.6267073001782064E-010
           5          29   1.3950773496652290E-010
           5          30   2.5888491275161511E-010
           5          31   1.3632066160431266E-010
           5          32   1.1946729341672452E-011
           5          33   5.2314020542939232E-011
           5          34  -1.6727908711980479E-010
           5          35   3.9700279209019360E-011
           5          36  -3.5163825748295008E-010
           6           1  -1.6700119402149647E-012
           6           2  -2.3807032745730308E-011
           6           3  -6.1742549836011079E-011
           6           4  -2.6923057806331609E-011
           6           5  -8.2813571447002564E-015
           6           6   1.9981749574211254     
           6           7   1.6547472656820225E-008
           6           8  -8.6764780049891345E-009
           6           9  -1.6025256464731758E-002
           6          10   3.8991325723353417E-007
           6          11  -2.0330596531385595E-007
           6          12  -3.1615987410341464E-004
           6          13  -9.5081128519391859E-008
           6          14   4.9605126644603051E-008
           6          15  -1.9038174977090882E-010
           6          16   2.6214602917420149E-011
           6          17  -1.8690938390233756E-010
           6          18  -3.4541896379230297E-011
           6          19  -2.6919164623590831E-011
           6          20   4.4851396149025686E-010
           6          21  -6.7034599867352612E-011
           6          22  -4.2710911646313072E-012
           6          23  -8.6599584970122808E-011
           6          24   3.9011095242969723E-013
           6          25  -1.1100839779197633E-011
           6          26   1.7755496549250932E-010
           6          27   8.6797079726175889E-003
           6          28   2.0003489131020827E-008
           6          29   3.9085681627300311E-003
           6          30  -1.9939141368943509E-007
           6          31  -7.4071546797651702E-007
           6          32   2.5271384541508920E-007
           6          33  -1.2246384289631651E-007
           6          34   3.9085847059853896E-003
           6          35   1.4127951409215405E-007
           6          36   6.8505224683134696E-007
           7           1  -1.5554814033257364E-012
           7           2  -1.9023212143374810E-011
           7           3  -4.6832932487354972E-011
           7           4  -2.7460367303181870E-011
           7           5   1.2037284929641228E-011
           7           6   1.6547472656820225E-008
           7           7   1.9981749555449615     
           7           8   2.9344739808363837E-008
           7           9   3.8991219755089282E-007
           7          10  -1.6025310708894548E-002
           7          11   6.9254570157957193E-007
           7          12  -9.5082268481012590E-008
           7          13  -3.1614592997342367E-004
           7          14  -1.6883622950973720E-007
           7          15   7.7517084874696932E-010
           7          16   3.2297900392881275E-011
           7          17  -4.3156089376888736E-010
           7          18   1.0283901149217006E-011
           7          19  -6.8057470390191043E-011
           7          20  -2.8681379502389044E-010
           7          21   3.1944099669226282E-010
           7          22   2.1566973239324932E-011
           7          23  -1.7491676437512038E-010
           7          24   4.6796368461695890E-012
           7          25  -1.1784842850239106E-011
           7          26  -1.1069638205931891E-010
           7          27  -3.3107281952754628E-007
           7          28   3.9085599543768352E-003
           7          29   1.7561459390804850E-007
           7          30   8.6798659550841404E-003
           7          31   3.1417527227185816E-007
           7          32  -8.3781053427881375E-008
           7          33  -2.8119775146451671E-006
           7          34   1.6233643349819094E-007
           7          35   3.9083903612727837E-003
           7          36   1.7214831898489780E-006
           8           1   2.2447140977404564E-012
           8           2   2.7819888228221474E-011
           8           3   6.9739297184448259E-011
           8           4   3.9251360109831300E-011
           8           5  -1.9187493470570518E-011
           8           6  -8.6764780049891345E-009
           8           7   2.9344739808363837E-008
           8           8   1.9981749595895999     
           8           9  -2.0330403475461969E-007
           8          10   6.9254252767571623E-007
           8          11  -1.6025212798793223E-002
           8          12   4.9606550952114231E-008
           8          13  -1.6883809628617712E-007
           8          14  -3.1616997460092621E-004
           8          15  -4.8438113106009782E-010
           8          16  -8.5188419712298021E-013
           8          17  -6.5448790745986305E-012
           8          18   7.6724003809826594E-012
           8          19   3.6431193638118209E-011
           8          20   4.0891255711504592E-010
           8          21  -2.0280311379324594E-010
           8          22  -4.4050587523088366E-014
           8          23  -9.6491457675142957E-012
           8          24  -5.7071441519430277E-013
           8          25   3.0903291282734971E-012
           8          26   1.6509798392976180E-010
           8          27  -3.7695443954230729E-007
           8          28   3.1945362926024103E-007
           8          29  -1.0131256890739871E-007
           8          30  -2.7001276326370281E-006
           8          31   3.9085968136635309E-003
           8          32   1.1186571189112145E-007
           8          33   3.9083299235692509E-003
           8          34   6.6296627575236939E-007
           8          35   3.1149555412064061E-006
           8          36   8.6798646766818900E-003
           9           1   3.3856768069576410E-012
           9           2   3.5005350881917255E-011
           9           3   1.1449693607927342E-010
           9           4  -4.0999793178724382E-011
           9           5  -8.6583458564882124E-011
           9           6  -1.6025256464731758E-002
           9           7   3.8991219755089282E-007
           9           8  -2.0330403475461969E-007
           9           9   1.8704298037277691     
           9          10   7.7513726253545741E-006
           9          11  -4.0341351752718572E-006
           9          12   4.1561018751857332E-002
           9          13  -5.5666342249614864E-006
           9          14   2.9083320221108911E-006
           9          15   1.1310657736552783E-009
           9          16   4.0216905060032517E-010
           9          17  -5.3447457091770561E-009
           9          18  -3.9207662029034297E-010
           9          19  -4.1247889061511531E-010
           9          20   4.0537728756603377E-009
           9          21   1.0861694214910107E-009
           9          22  -2.9858886152496623E-010
           9          23  -1.9243432990752090E-009
           9          24   2.4619457618311045E-010
           9          25  -1.2698733789968884E-010
           9          26   9.3920187207963616E-010
           9          27   3.8994478086103165E-002
           9          28   2.3645274113236458E-006
           9          29   1.7473191672101339E-002
           9          30  -6.3249784857604842E-006
           9          31  -2.1978959626727662E-006
           9          32   3.7000362057385772E-006
           9          33  -2.2577525562779980E-006
           9          34   1.7473550003614776E-002
           9          35   2.7383377020029310E-006
           9          36   4.6308615149624386E-006
          10           1   1.7161238193852700E-011
          10           2   2.5398170674339639E-010
          10           3   7.3970968594774484E-010
          10           4   1.5682588876833221E-010
          10           5  -2.3730656083999605E-011
          10           6   3.8991325723353417E-007
          10           7  -1.6025310708894548E-002
          10           8   6.9254252767571623E-007
          10           9   7.7513726253545741E-006
          10          10   1.8704286509863519     
          10          11   1.3774611964699504E-005
          10          12  -5.5666920651817901E-006
          10          13   4.1561818917709811E-002
          10          14  -9.8803161103943102E-006
          10          15   7.8851607047503666E-009
          10          16   3.6126079148071829E-010
          10          17  -5.4350110970079758E-009
          10          18   1.0001075619857346E-010
          10          19  -8.4369620891064921E-010
          10          20  -3.2625885374744804E-009
          10          21   2.8345943509191788E-009
          10          22   4.8317634439745283E-010
          10          23  -1.4918365068062621E-009
          10          24   6.0259142854578750E-011
          10          25   9.1560268340584552E-012
          10          26  -1.1802137512242564E-009
          10          27  -6.9632290870653721E-006
          10          28   1.7472975292227116E-002
          10          29   2.7003216464607895E-006
          10          30   3.8994805013441332E-002
          10          31   5.3561334469294991E-006
          10          32  -1.2533210341222931E-006
          10          33   6.6648591573416002E-007
          10          34   3.2588256524997167E-006
          10          35   1.7473816315760768E-002
          10          36  -8.9728703095343955E-006
          11           1  -2.2529381526676543E-011
          11           2  -3.3245403029151033E-010
          11           3  -9.6830257648858725E-010
          11           4  -2.3320411798493279E-010
          11           5  -4.6312013428544289E-011
          11           6  -2.0330596531385595E-007
          11           7   6.9254570157957193E-007
          11           8  -1.6025212798793223E-002
          11           9  -4.0341351752718572E-006
          11          10   1.3774611964699504E-005
          11          11   1.8704306165596600     
          11          12   2.9084275283572309E-006
          11          13  -9.8804706081619305E-006
          11          14   4.1560415828778306E-002
          11          15  -7.8377428407995483E-009
          11          16  -2.0079344209100208E-011
          11          17   1.0614611618283260E-009
          11          18   2.5930678406586608E-010
          11          19   3.5085172205387922E-010
          11          20   7.8555240891660994E-009
          11          21  -2.8806736060434515E-009
          11          22   1.2327259055449377E-011
          11          23   5.9852781510841679E-010
          11          24  -1.9561867278546936E-010
          11          25   2.3242942261054467E-011
          11          26   2.0889431900542899E-009
          11          27   2.7809827759257681E-006
          11          28   5.4866086013907544E-006
          11          29  -1.7348536154841252E-006
          11          30  -1.4747412677932475E-005
          11          31   1.7473814046126600E-002
          11          32   2.0279662110221984E-006
          11          33   1.7472300203345736E-002
          11          34  -2.3889414303799195E-007
          11          35   8.2833405206810852E-006
          11          36   3.8994672635758509E-002
          12           1   1.1966620665090868E-012
          12           2   7.7805397391490861E-012
          12           3   6.8783894332937566E-011
          12           4  -5.9891264899153903E-012
          12           5  -1.7000223193045921E-010
          12           6  -3.1615987410341464E-004
          12           7  -9.5082268481012590E-008
          12           8   4.9606550952114231E-008
          12           9   4.1561018751857332E-002
          12          10  -5.5666920651817901E-006
          12          11   2.9084275283572309E-006
          12          12   9.4152326165331977E-004
          12          13  -1.6769214604762354E-007
          12          14   8.7747526588141682E-008
          12          15   9.3448440162497218E-009
          12          16  -3.7709261975819688E-010
          12          17   1.0573490153961669E-008
          12          18   5.9094740803085111E-010
          12          19   1.2661470255513987E-009
          12          20  -1.9902765625252482E-008
          12          21   3.6920219365948380E-009
          12          22  -1.3153317632167646E-010
          12          23   4.1674009944172594E-009
          12          24   2.2369709501690250E-010
          12          25   4.9951908463131940E-010
          12          26  -7.8765284637693521E-009
          12          27   9.9644983615248509E-004
          12          28   4.4661366957323211E-007
          12          29   3.0374561864818288E-004
          12          30  -3.2185602877527612E-007
          12          31   3.6138947207369701E-006
          12          32  -2.0049455963520492E-007
          12          33   2.8049337586709366E-007
          12          34   3.0378600756667527E-004
          12          35  -3.2640748319578378E-007
          12          36  -2.7815498220820479E-006
          13           1   9.2800129614968042E-012
          13           2   5.0109888602088601E-011
          13           3   3.2318717473873493E-010
          13           4  -6.4335330201526969E-011
          13           5  -1.3803667249906430E-009
          13           6  -9.5081128519391859E-008
          13           7  -3.1614592997342367E-004
          13           8  -1.6883809628617712E-007
          13           9  -5.5666342249614864E-006
          13          10   4.1561818917709811E-002
          13          11  -9.8804706081619305E-006
          13          12  -1.6769214604762354E-007
          13          13   9.4154731910349508E-004
          13          14  -2.9749285900503650E-007
          13          15  -1.9829703817138498E-008
          13          16  -1.2332903096856308E-009
          13          17   1.4208287670715452E-008
          13          18  -2.6871695299842900E-010
          13          19   1.9169344612392898E-009
          13          20   5.7652163511839992E-009
          13          21  -7.8961998896744128E-009
          13          22  -3.9887976963232771E-010
          13          23   5.5629688816615273E-009
          13          24  -1.0302454561513356E-010
          13          25   6.6538912122499506E-010
          13          26   2.2050934186470479E-009
          13          27   2.8149956347121796E-007
          13          28   3.0379680660338283E-004
          13          29  -3.3764664111834459E-007
          13          30   9.9561561958668820E-004
          13          31  -8.4020913598567341E-007
          13          32   6.6887183544791035E-008
          13          33   1.5847959311524619E-005
          13          34  -3.5163066500009631E-007
          13          35   3.0489848538288721E-004
          13          36  -1.1598578223118190E-005
          14           1  -1.2841722176753134E-011
          14           2  -6.9294600998205290E-011
          14           3  -4.5339683414361869E-010
          14           4   8.9231711659604662E-011
          14           5   1.9131379465154587E-009
          14           6   4.9605126644603051E-008
          14           7  -1.6883622950973720E-007
          14           8  -3.1616997460092621E-004
          14           9   2.9083320221108911E-006
          14          10  -9.8803161103943102E-006
          14          11   4.1560415828778306E-002
          14          12   8.7747526588141682E-008
          14          13  -2.9749285900503650E-007
          14          14   9.4150509137249814E-004
          14          15   1.6284991384212914E-008
          14          16   1.4699764936495591E-011
          14          17   2.5307277386465241E-010
          14          18   1.1401583746836210E-010
          14          19  -9.5166280931396070E-010
          14          20  -1.6738081709158860E-008
          14          21   6.5218101654693332E-009
          14          22   9.0626391723250641E-012
          14          23   1.8923186377781202E-010
          14          24   5.1267505467505003E-011
          14          25  -2.6961963893877628E-010
          14          26  -6.5321008186818618E-009
          14          27   2.7245913863471988E-006
          14          28  -8.4652499191314301E-007
          14          29   2.5524481508120981E-007
          14          30   1.1706467575242602E-005
          14          31   3.0373518888300317E-004
          14          32   4.3903109146430236E-008
          14          33   3.0489263748531228E-004
          14          34  -3.7481244961113371E-006
          14          35  -1.5412718228963737E-005
          14          36   9.9560739543167213E-004
          15           1  -1.1429295630987490E-003
          15           2   2.6059047616203947E-002
          15           3  -4.1459523133379250E-002
          15           4  -6.0527622848646767E-003
          15           5  -3.5719642990766749E-002
          15           6  -1.9038174977090882E-010
          15           7   7.7517084874696932E-010
          15           8  -4.8438113106009782E-010
          15           9   1.1310657736552783E-009
          15          10   7.8851607047503666E-009
          15          11  -7.8377428407995483E-009
          15          12   9.3448440162497218E-009
          15          13  -1.9829703817138498E-008
          15          14   1.6284991384212914E-008
          15          15  0.70726764406544174     
          15          16  -1.4752156592153778E-004
          15          17 -0.34956585026050158     
          15          18  -6.9456057893972807E-004
          15          19   1.8108404168067256E-004
          15          20 -0.34955466230715432     
          15          21  0.27839467346592106     
          15          22   7.4968470052611978E-005
          15          23 -0.13844968057034335     
          15          24   4.4393614363106605E-004
          15          25  -1.7159244732107008E-004
          15          26 -0.13846439771899646     
          15          27   3.1555521153629666E-010
          15          28   8.4783106503676828E-011
          15          29  -1.2715894823546740E-009
          15          30  -2.3273586388358374E-009
          15          31  -1.0239818023705238E-009
          15          32   3.5706905672739829E-011
          15          33   1.0740735884962054E-009
          15          34  -2.1196941075932246E-009
          15          35   1.8983274696497669E-009
          15          36   1.3753153299842768E-009
          16           1  -1.1494995844591956E-006
          16           2   3.4574099553915515E-006
          16           3   3.2008860859696986E-005
          16           4  -2.5333863626966427E-004
          16           5  -1.2983854790370069E-004
          16           6   2.6214602917420149E-011
          16           7   3.2297900392881275E-011
          16           8  -8.5188419712298021E-013
          16           9   4.0216905060032517E-010
          16          10   3.6126079148071829E-010
          16          11  -2.0079344209100208E-011
          16          12  -3.7709261975819688E-010
          16          13  -1.2332903096856308E-009
          16          14   1.4699764936495591E-011
          16          15  -1.4752156592153778E-004
          16          16  0.75376618822415720     
          16          17   1.3024789786977940E-005
          16          18   7.2367831428091055E-005
          16          19  -2.7302709242749915E-005
          16          20   7.4482252061739600E-005
          16          21   6.2210089150520451E-005
          16          22  0.24709501962127761     
          16          23  -3.7189352267633276E-005
          16          24  -4.9162234836014195E-005
          16          25   1.6595684135628105E-005
          16          26  -4.1983495290168356E-005
          16          27  -3.7823024458829860E-011
          16          28  -3.3809739490984019E-010
          16          29  -7.2333476123282909E-011
          16          30   7.5085439199430615E-011
          16          31  -1.2604638320756717E-012
          16          32   5.3081949610015419E-011
          16          33   3.2884665127493033E-012
          16          34  -4.9226850688614392E-012
          16          35   4.2525115136648038E-011
          16          36   2.4994026952993163E-012
          17           1  -1.1427612739991274E-003
          17           2   2.6058614584718944E-002
          17           3  -4.1464115014146617E-002
          17           4  -6.0190323242271682E-003
          17           5  -3.5704774479834729E-002
          17           6  -1.8690938390233756E-010
          17           7  -4.3156089376888736E-010
          17           8  -6.5448790745986305E-012
          17           9  -5.3447457091770561E-009
          17          10  -5.4350110970079758E-009
          17          11   1.0614611618283260E-009
          17          12   1.0573490153961669E-008
          17          13   1.4208287670715452E-008
          17          14   2.5307277386465241E-010
          17          15 -0.34956585026050158     
          17          16   1.3024789786977940E-005
          17          17  0.70747677332234926     
          17          18  -5.7883040560668866E-005
          17          19  -3.2746099770997461E-003
          17          20 -0.34975540349236506     
          17          21 -0.13845430922626403     
          17          22  -2.6273093874770259E-005
          17          23  0.27827015097382202     
          17          24   5.4096951512121324E-005
          17          25   2.0185196445357129E-003
          17          26 -0.13833281194157185     
          17          27  -1.3608315875710030E-010
          17          28  -1.8577204839939887E-011
          17          29   4.8938749646478302E-010
          17          30   8.4824419923460125E-010
          17          31   5.8537275040468991E-010
          17          32  -1.4225008101108514E-010
          17          33  -3.1630942646049024E-010
          17          34   8.2637800650318414E-010
          17          35  -7.3719193815342596E-010
          17          36  -4.8442536778331199E-010
          18           1   5.9770152427183938E-007
          18           2  -1.8020065272074317E-006
          18           3  -1.6546150031688428E-005
          18           4   1.3221073093289332E-004
          18           5   6.8117536649592682E-005
          18           6  -3.4541896379230297E-011
          18           7   1.0283901149217006E-011
          18           8   7.6724003809826594E-012
          18           9  -3.9207662029034297E-010
          18          10   1.0001075619857346E-010
          18          11   2.5930678406586608E-010
          18          12   5.9094740803085111E-010
          18          13  -2.6871695299842900E-010
          18          14   1.1401583746836210E-010
          18          15  -6.9456057893972807E-004
          18          16   7.2367831428091055E-005
          18          17  -5.7883040560668866E-005
          18          18  0.75376243201535886     
          18          19   9.3218255442035418E-006
          18          20   7.8369972905725262E-004
          18          21   4.5015214959233125E-004
          18          22  -4.8629256591977779E-005
          18          23   3.2735129228078533E-005
          18          24  0.24709697123829066     
          18          25  -8.8465373860957357E-006
          18          26  -4.7397324317121009E-004
          18          27   8.9779195841781778E-011
          18          28   7.8105889946106162E-013
          18          29  -4.8016279344024885E-012
          18          30  -3.8465196187670185E-011
          18          31  -3.2221474472459653E-010
          18          32  -9.7825151893041672E-012
          18          33   9.1123790182016539E-011
          18          34   2.6357446377723256E-011
          18          35   2.8061208389067487E-011
          18          36   1.8496823762803072E-010
          19           1  -2.0428570332698150E-006
          19           2   6.1417299260293424E-006
          19           3   5.6995377142380550E-005
          19           4  -4.4977846431679022E-004
          19           5  -2.3017973384480524E-004
          19           6  -2.6919164623590831E-011
          19           7  -6.8057470390191043E-011
          19           8   3.6431193638118209E-011
          19           9  -4.1247889061511531E-010
          19          10  -8.4369620891064921E-010
          19          11   3.5085172205387922E-010
          19          12   1.2661470255513987E-009
          19          13   1.9169344612392898E-009
          19          14  -9.5166280931396070E-010
          19          15   1.8108404168067256E-004
          19          16  -2.7302709242749915E-005
          19          17  -3.2746099770997461E-003
          19          18   9.3218255442035418E-006
          19          19  0.75350266672043720     
          19          20   2.9869143253471869E-003
          19          21  -1.0493698586559047E-004
          19          22   1.8731548673020840E-005
          19          23   1.9972454289177814E-003
          19          24  -6.7145329314534472E-006
          19          25  0.24725940569277186     
          19          26  -1.9223534280390277E-003
          19          27   5.2207460080887333E-013
          19          28   7.4326850517000311E-011
          19          29   7.5006288023657457E-012
          19          30   1.1780145090943832E-010
          19          31  -6.2532108633597917E-011
          19          32  -1.9118791436960589E-010
          19          33  -6.1319021991473298E-011
          19          34  -2.1232779157533196E-011
          19          35   9.5692348002365626E-011
          19          36  -7.7634658807527882E-011
          20           1  -1.1430195916638279E-003
          20           2   2.6059358499522060E-002
          20           3  -4.1456996789597959E-002
          20           4  -6.0749060529196493E-003
          20           5  -3.5732769254942912E-002
          20           6   4.4851396149025686E-010
          20           7  -2.8681379502389044E-010
          20           8   4.0891255711504592E-010
          20           9   4.0537728756603377E-009
          20          10  -3.2625885374744804E-009
          20          11   7.8555240891660994E-009
          20          12  -1.9902765625252482E-008
          20          13   5.7652163511839992E-009
          20          14  -1.6738081709158860E-008
          20          15 -0.34955466230715432     
          20          16   7.4482252061739600E-005
          20          17 -0.34975540349236506     
          20          18   7.8369972905725262E-004
          20          19   2.9869143253471869E-003
          20          20  0.70745228416941397     
          20          21 -0.13845987561081483     
          20          22  -7.9436455872559757E-005
          20          23 -0.13833586252299210     
          20          24  -4.8202646480820840E-004
          20          25  -1.9015446451914365E-003
          20          26  0.27827504214613763     
          20          27  -1.7556004319285162E-010
          20          28  -6.4772357616742682E-011
          20          29   7.5838581691430002E-010
          20          30   1.4574743800502490E-009
          20          31   4.4527456911372079E-010
          20          32   1.0540880909654952E-010
          20          33  -7.3825892637111914E-010
          20          34   1.3002986338689086E-009
          20          35  -1.1802720954814646E-009
          20          36  -8.6550267750454913E-010
          21           1  -2.4638795261579210E-003
          21           2  -4.8099161860140124E-003
          21           3  -8.9710917220433117E-002
          21           4  -5.4917869657678201E-003
          21           5   3.0030660568293382E-002
          21           6  -6.7034599867352612E-011
          21           7   3.1944099669226282E-010
          21           8  -2.0280311379324594E-010
          21           9   1.0861694214910107E-009
          21          10   2.8345943509191788E-009
          21          11  -2.8806736060434515E-009
          21          12   3.6920219365948380E-009
          21          13  -7.8961998896744128E-009
          21          14   6.5218101654693332E-009
          21          15  0.27839467346592106     
          21          16   6.2210089150520451E-005
          21          17 -0.13845430922626403     
          21          18   4.5015214959233125E-004
          21          19  -1.0493698586559047E-004
          21          20 -0.13845987561081483     
          21          21  0.11338774044699111     
          21          22   7.3777472807467137E-005
          21          23  -5.1031076507295943E-002
          21          24   4.0997306783981374E-004
          21          25  -1.1697752058888590E-004
          21          26  -5.1039083381138529E-002
          21          27   1.4603918552652448E-010
          21          28   3.7919845046022841E-011
          21          29  -4.8999815114807685E-010
          21          30  -9.2606509921076100E-010
          21          31  -4.1343695835145869E-010
          21          32   1.4763503135720824E-011
          21          33   4.0862071937182052E-010
          21          34  -8.4189633638144598E-010
          21          35   7.5974016194776363E-010
          21          36   5.5153598357959796E-010
          22           1  -1.0361311146887429E-006
          22           2  -2.1263287546044370E-006
          22           3  -1.7719163974734491E-005
          22           4  -7.8560555489469913E-005
          22           5   5.7248643282423265E-005
          22           6  -4.2710911646313072E-012
          22           7   2.1566973239324932E-011
          22           8  -4.4050587523088366E-014
          22           9  -2.9858886152496623E-010
          22          10   4.8317634439745283E-010
          22          11   1.2327259055449377E-011
          22          12  -1.3153317632167646E-010
          22          13  -3.9887976963232771E-010
          22          14   9.0626391723250641E-012
          22          15   7.4968470052611978E-005
          22          16  0.24709501962127761     
          22          17  -2.6273093874770259E-005
          22          18  -4.8629256591977779E-005
          22          19   1.8731548673020840E-005
          22          20  -7.9436455872559757E-005
          22          21   7.3777472807467137E-005
          22          22   8.1001222586277635E-002
          22          23  -1.9321342108745236E-005
          22          24  -3.9692128529734380E-005
          22          25   1.4713259886062374E-005
          22          26  -4.9938034852348433E-005
          22          27  -2.9064416759764931E-011
          22          28  -1.1062993053062108E-010
