           1           1   2.0780112948717058     
           1           2 -0.16562903506866103     
           1           3 -0.24930369530797605     
           1           4   1.0569283078534570E-013
           1           5   2.0337815441002198E-013
           1           6  -2.3928530531902489E-014
           1           7  -2.6799295549186122E-014
           1           8   1.7253272044951171E-013
           1           9   2.5581189111417127E-014
           1          10  -1.6165522272298373E-002
           1          11   7.6921363292921006E-006
           1          12  -1.6293144657477318E-002
           1          13   1.9125792305964284E-004
           1          14   9.9562036936712349E-006
           1          15  -1.6079105642613091E-002
           2           1 -0.16562903506866103     
           2           2  0.47128652791339520     
           2           3  0.54725598203975145     
           2           4   2.7371905556964206E-013
           2           5   1.3235354490241619E-013
           2           6  -3.2910193148173193E-013
           2           7   1.4326922050854053E-013
           2           8   4.3818848064451516E-014
           2           9  -1.7223947102110392E-013
           2          10   1.4466269710712618E-002
           2          11  -4.2078193056091051E-005
           2          12   1.5164398692239385E-002
           2          13  -1.0462340371163222E-003
           2          14  -5.4463107842290203E-005
           2          15   1.3993547361925464E-002
           3           1 -0.24930369530797605     
           3           2  0.54725598203975145     
           3           3  0.63950440645069562     
           3           4  -7.2418155622892844E-013
           3           5  -1.3356170128327827E-012
           3           6   4.9485157980597616E-013
           3           7  -5.0169485218550653E-013
           3           8  -8.9147528058512537E-013
           3           9   3.5672925134646526E-013
           3          10   1.6901219743033144E-002
           3          11  -9.5435249372112041E-005
           3          12   1.8484607931914719E-002
           3          13  -2.3729062381008647E-003
           3          14  -1.2352479811442233E-004
           3          15   1.5829064018436534E-002
           4           1   1.0569283078534570E-013
           4           2   2.7371905556964206E-013
           4           3  -7.2418155622892844E-013
           4           4  0.82569520917155326     
           4           5  -8.8885020509870127E-003
           4           6 -0.22100410545438498     
           4           7  0.51658346638711161     
           4           8  -6.4606827497694190E-003
           4           9 -0.16063869977004730     
           4          10   1.0424406822267776E-013
           4          11   1.2687463892499717E-013
           4          12   8.6577940751830828E-014
           4          13   8.2876034691490338E-013
           4          14  -4.7023115248839810E-014
           4          15   4.3434917539393022E-013
           5           1   2.0337815441002198E-013
           5           2   1.3235354490241619E-013
           5           3  -1.3356170128327827E-012
           5           4  -8.8885020509870127E-003
           5           5  0.99598026279040586     
           5           6  -1.1504663284611194E-002
           5           7  -6.4606827512071092E-003
           5           8  0.64035659516382437     
           5           9  -8.3622616286032278E-003
           5          10   2.6049583865483902E-013
           5          11   3.0721931522058278E-013
           5          12   4.6937238319106396E-014
           5          13  -8.4207039361816838E-013
           5          14   1.2927219519883571E-013
           5          15   7.6557289888767593E-013
           6           1  -2.3928530531902489E-014
           6           2  -3.2910193148173193E-013
           6           3   4.9485157980597616E-013
           6           4 -0.22100410545438498     
           6           5  -1.1504663284611194E-002
           6           6  0.71039051231526984     
           6           7 -0.16063869976982392     
           6           8  -8.3622616290713256E-003
           6           9  0.43277327406736427     
           6          10  -3.3572548160946536E-014
           6          11  -2.3641791303495223E-013
           6          12  -1.6069674722877345E-014
           6          13  -2.4040292520156740E-013
           6          14   1.0789431127189715E-013
           6          15  -4.8606001657155631E-013
           7           1  -2.6799295549186122E-014
           7           2   1.4326922050854053E-013
           7           3  -5.0169485218550653E-013
           7           4  0.51658346638711161     
           7           5  -6.4606827512071092E-003
           7           6 -0.16063869976982392     
           7           7  0.32422287753834256     
           7           8  -4.5884979079053086E-003
           7           9 -0.11408861361165520     
           7          10   6.3106332104343970E-014
           7          11   8.5825780517721967E-014
           7          12   5.3041535436269043E-014
           7          13   5.2502763633919447E-013
           7          14  -3.5007660238377331E-014
           7          15   2.7908247686249305E-013
           8           1   1.7253272044951171E-013
           8           2   4.3818848064451516E-014
           8           3  -8.9147528058512537E-013
           8           4  -6.4606827497694190E-003
           8           5  0.64035659516382437     
           8           6  -8.3622616290713256E-003
           8           7  -4.5884979079053086E-003
           8           8  0.41212887207869470     
           8           9  -5.9390348471002070E-003
           8          10   1.7084406862209811E-013
           8          11   2.0164271719729784E-013
           8          12   2.3282059268978968E-014
           8          13  -5.3921618200947097E-013
           8          14   7.2472809800106488E-014
           8          15   4.8649378064254170E-013
           9           1   2.5581189111417127E-014
           9           2  -1.7223947102110392E-013
           9           3   3.5672925134646526E-013
           9           4 -0.16063869977004730     
           9           5  -8.3622616286032278E-003
           9           6  0.43277327406736427     
           9           7 -0.11408861361165520     
           9           8  -5.9390348471002070E-003
           9           9  0.26469930904325800     
           9          10  -2.2084521341956232E-014
           9          11  -1.4639961502276944E-013
           9          12  -1.2636963960985355E-014
           9          13  -1.7230589633398478E-013
           9          14   6.8150295095011905E-014
           9          15  -3.0188303410053912E-013
          10           1  -1.6165522272298373E-002
          10           2   1.4466269710712618E-002
          10           3   1.6901219743033144E-002
          10           4   1.0424406822267776E-013
          10           5   2.6049583865483902E-013
          10           6  -3.3572548160946536E-014
          10           7   6.3106332104343970E-014
          10           8   1.7084406862209811E-013
          10           9  -2.2084521341956232E-014
          10          10   5.2337939335567424E-004
          10          11   2.7851464125049172E-006
          10          12   4.7717039057679309E-004
          10          13   6.9250001220576811E-005
          10          14   3.6049010016860032E-006
          10          15   5.5466878104461746E-004
          11           1   7.6921363292921006E-006
          11           2  -4.2078193056091051E-005
          11           3  -9.5435249372112041E-005
          11           4   1.2687463892499717E-013
          11           5   3.0721931522058278E-013
          11           6  -2.3641791303495223E-013
          11           7   8.5825780517721967E-014
          11           8   2.0164271719729784E-013
          11           9  -1.4639961502276944E-013
          11          10   2.7851464125049172E-006
          11          11   9.0570800782450759E-007
          11          12  -1.2241663509630946E-005
          11          13   2.2519563705013195E-005
          11          14   1.1722859041018063E-006
          11          15   1.2960213020681680E-005
          12           1  -1.6293144657477318E-002
          12           2   1.5164398692239385E-002
          12           3   1.8484607931914719E-002
          12           4   8.6577940751830828E-014
          12           5   4.6937238319106396E-014
          12           6  -1.6069674722877345E-014
          12           7   5.3041535436269043E-014
          12           8   2.3282059268978968E-014
          12           9  -1.2636963960985355E-014
          12          10   4.7717039057679309E-004
          12          11  -1.2241663509630946E-005
          12          12   6.8027464823642800E-004
          12          13  -3.0437726098889216E-004
          12          14  -1.5844764125654142E-005
          12          15   3.3964290732583645E-004
          13           1   1.9125792305964284E-004
          13           2  -1.0462340371163222E-003
          13           3  -2.3729062381008647E-003
          13           4   8.2876034691490338E-013
          13           5  -8.4207039361816838E-013
          13           6  -2.4040292520156740E-013
          13           7   5.2502763633919447E-013
          13           8  -5.3921618200947097E-013
          13           9  -1.7230589633398478E-013
          13          10   6.9250001220576811E-005
          13          11   2.2519563705013195E-005
          13          12  -3.0437726098889216E-004
          13          13   5.5992742151222193E-004
          13          14   2.9147768231971775E-005
          13          15   3.2224330447730101E-004
          14           1   9.9562036936712349E-006
          14           2  -5.4463107842290203E-005
          14           3  -1.2352479811442233E-004
          14           4  -4.7023115248839810E-014
          14           5   1.2927219519883571E-013
          14           6   1.0789431127189715E-013
          14           7  -3.5007660238377331E-014
          14           8   7.2472809800106488E-014
          14           9   6.8150295095011905E-014
          14          10   3.6049010016860032E-006
          14          11   1.1722859041018063E-006
          14          12  -1.5844764125654142E-005
          14          13   2.9147768231971775E-005
          14          14   1.5173259252247542E-006
          14          15   1.6774804607500000E-005
          15           1  -1.6079105642613091E-002
          15           2   1.3993547361925464E-002
          15           3   1.5829064018436534E-002
          15           4   4.3434917539393022E-013
          15           5   7.6557289888767593E-013
          15           6  -4.8606001657155631E-013
          15           7   2.7908247686249305E-013
          15           8   4.8649378064254170E-013
          15           9  -3.0188303410053912E-013
          15          10   5.5466878104461746E-004
          15          11   1.2960213020681680E-005
          15          12   3.3964290732583645E-004
          15          13   3.2224330447730101E-004
          15          14   1.6774804607500000E-005
          15          15   7.0026871869713629E-004
