           1           1   2.0990856233272965     
           1           2 -0.23808593198707004     
           1           3 -0.26856667413120583     
           1           4   1.3670946133277352E-015
           1           5  -5.5359400784303750E-016
           1           6   1.0530182563934581E-016
           1           7  -7.5088148255732003E-016
           1           8   6.5965698731005167E-017
           1           9   4.5776081825306458E-016
           1          10   1.5818959868098129E-002
           1          11  -5.9430102304013536E-016
           1          12   1.5818959868095464E-002
           1          13   2.7196803821411680E-016
           1          14  -6.1548447543337896E-016
           1          15   1.5818959868095603E-002
           2           1 -0.23808593198707004     
           2           2  0.72586038044628498     
           2           3  0.59061697246118372     
           2           4  -6.0581516123171158E-016
           2           5  -2.4775125764312389E-015
           2           6  -1.8346201771578089E-015
           2           7   1.1715333170279564E-016
           2           8   1.5239273426864597E-016
           2           9   7.0971211163448959E-016
           2          10  -2.8135113660450711E-002
           2          11   3.3056843964869071E-016
           2          12  -2.8135113660448734E-002
           2          13  -2.4253749323325626E-017
           2          14  -5.8367257808197898E-016
           2          15  -2.8135113660451613E-002
           3           1 -0.26856667413120583     
           3           2  0.59061697246118372     
           3           3  0.58529700908691451     
           3           4  -3.4898798346625283E-015
           3           5  -2.8685169742912302E-015
           3           6  -2.7384107404965281E-015
           3           7  -1.7521712869435216E-016
           3           8  -7.2200977110637095E-017
           3           9   9.5523342020791782E-016
           3          10  -1.2990283390396474E-002
           3          11   4.2593968322795624E-016
           3          12  -1.2990283390393615E-002
           3          13   4.2770167041696808E-018
           3          14  -7.3846943695534425E-016
           3          15  -1.2990283390397209E-002
           4           1   1.3670946133277352E-015
           4           2  -6.0581516123171158E-016
           4           3  -3.4898798346625283E-015
           4           4   1.3708504244857977     
           4           5   7.9656942123475932E-003
           4           6  -1.9182209261767114E-002
           4           7  0.40569711436305150     
           4           8   5.9284309604791391E-003
           4           9  -1.4276270246673557E-002
           4          10   1.2620868573891070E-015
           4          11   8.8758914120022963E-016
           4          12   3.0313009274412399E-016
           4          13  -7.9498805916719992E-016
           4          14  -1.2384625321008671E-015
           4          15   8.6573780396984365E-016
           5           1  -5.5359400784303750E-016
           5           2  -2.4775125764312389E-015
           5           3  -2.8685169742912302E-015
           5           4   7.9656942123475932E-003
           5           5   1.3063191345251419     
           5           6  0.15773078728505757     
           5           7   5.9284309604784383E-003
           5           8  0.35767000120455883     
           5           9  0.11739040664049125     
           5          10   1.6844567945527123E-016
           5          11  -3.7221258400095851E-017
           5          12   2.7554448396518086E-016
           5          13  -4.3274887075835796E-017
           5          14  -5.8398496537554815E-016
           5          15  -1.2491364932447837E-016
           6           1   1.0530182563934581E-016
           6           2  -1.8346201771578089E-015
           6           3  -2.7384107404965281E-015
           6           4  -1.9182209261767114E-002
           6           5  0.15773078728505757     
           6           6  0.99198723599305783     
           6           7  -1.4276270246672667E-002
           6           8  0.11739040664049245     
           6           9  0.12372994407371707     
           6          10  -2.9760998480631630E-017
           6          11   8.9853060124755467E-018
           6          12  -3.4894429773036264E-017
           6          13   4.6313966185889196E-017
           6          14  -4.5138658077809743E-017
           6          15   1.7695701442103915E-016
           7           1  -7.5088148255732003E-016
           7           2   1.1715333170279564E-016
           7           3  -1.7521712869435216E-016
           7           4  0.40569711436305150     
           7           5   5.9284309604784383E-003
           7           6  -1.4276270246672667E-002
           7           7  0.25262835709287468     
           7           8   4.4122072372145549E-003
           7           9  -1.0625047895930046E-002
           7          10   2.4402608264579634E-016
           7          11   1.3249258728394583E-016
           7          12  -5.1056947306103061E-017
           7          13  -3.0157838886547337E-018
           7          14  -1.1714893971807956E-016
           7          15   8.4682582150419377E-017
           8           1   6.5965698731005167E-017
           8           2   1.5239273426864597E-016
           8           3  -7.2200977110637095E-017
           8           4   5.9284309604791391E-003
           8           5  0.35767000120455883     
           8           6  0.11739040664049245     
           8           7   4.4122072372145549E-003
           8           8  0.21688440094780664     
           8           9   8.7367265506101965E-002
           8          10  -1.1794092419800314E-016
           8          11   8.5754141812799557E-017
           8          12   7.5449313841353284E-017
           8          13   8.7207288278902805E-017
           8          14  -4.2728734177323210E-017
           8          15   6.1840158981623077E-017
           9           1   4.5776081825306458E-016
           9           2   7.0971211163448959E-016
           9           3   9.5523342020791782E-016
           9           4  -1.4276270246673557E-002
           9           5  0.11739040664049125     
           9           6  0.12372994407371707     
           9           7  -1.0625047895930046E-002
           9           8   8.7367265506101965E-002
           9           9   4.2775598799633732E-002
           9          10  -4.2989301936599584E-017
           9          11   3.4477317274851194E-017
           9          12   4.4354881374250910E-017
           9          13   3.8303023281577284E-017
           9          14  -1.0095335992761097E-018
           9          15   6.4469584237447363E-017
          10           1   1.5818959868098129E-002
          10           2  -2.8135113660450711E-002
          10           3  -1.2990283390396474E-002
          10           4   1.2620868573891070E-015
          10           5   1.6844567945527123E-016
          10           6  -2.9760998480631630E-017
          10           7   2.4402608264579634E-016
          10           8  -1.1794092419800314E-016
          10           9  -4.2989301936599584E-017
          10          10   2.3110870204338190E-003
          10          11  -4.7092381385190680E-018
          10          12   2.3110870204338754E-003
          10          13   3.6932267614576486E-018
          10          14  -6.1790201378763728E-018
          10          15   2.3110870204338550E-003
          11           1  -5.9430102304013536E-016
          11           2   3.3056843964869071E-016
          11           3   4.2593968322795624E-016
          11           4   8.8758914120022963E-016
          11           5  -3.7221258400095851E-017
          11           6   8.9853060124755467E-018
          11           7   1.3249258728394583E-016
          11           8   8.5754141812799557E-017
          11           9   3.4477317274851194E-017
          11          10  -4.7092381385190680E-018
          11          11   1.3292179960330030E-030
          11          12  -4.7092381385170419E-018
          11          13  -6.5884155595175280E-031
          11          14  -1.4714222522464452E-030
          11          15  -4.7092381385194192E-018
          12           1   1.5818959868095464E-002
          12           2  -2.8135113660448734E-002
          12           3  -1.2990283390393615E-002
          12           4   3.0313009274412399E-016
          12           5   2.7554448396518086E-016
          12           6  -3.4894429773036264E-017
          12           7  -5.1056947306103061E-017
          12           8   7.5449313841353284E-017
          12           9   4.4354881374250910E-017
          12          10   2.3110870204338754E-003
          12          11  -4.7092381385170419E-018
          12          12   2.3110870204339326E-003
          12          13   3.6932267614582071E-018
          12          14  -6.1790201378792232E-018
          12          15   2.3110870204339118E-003
          13           1   2.7196803821411680E-016
          13           2  -2.4253749323325626E-017
          13           3   4.2770167041696808E-018
          13           4  -7.9498805916719992E-016
          13           5  -4.3274887075835796E-017
          13           6   4.6313966185889196E-017
          13           7  -3.0157838886547337E-018
          13           8   8.7207288278902805E-017
          13           9   3.8303023281577284E-017
          13          10   3.6932267614576486E-018
          13          11  -6.5884155595175280E-031
          13          12   3.6932267614582071E-018
          13          13   1.0086896790015020E-030
          13          14   1.0657589437974631E-030
          13          15   3.6932267614574884E-018
          14           1  -6.1548447543337896E-016
          14           2  -5.8367257808197898E-016
          14           3  -7.3846943695534425E-016
          14           4  -1.2384625321008671E-015
          14           5  -5.8398496537554815E-016
          14           6  -4.5138658077809743E-017
          14           7  -1.1714893971807956E-016
          14           8  -4.2728734177323210E-017
          14           9  -1.0095335992761097E-018
          14          10  -6.1790201378763728E-018
          14          11  -1.4714222522464452E-030
          14          12  -6.1790201378792232E-018
          14          13   1.0657589437974631E-030
          14          14   3.6516613194956686E-030
          14          15  -6.1790201378732050E-018
          15           1   1.5818959868095603E-002
          15           2  -2.8135113660451613E-002
          15           3  -1.2990283390397209E-002
          15           4   8.6573780396984365E-016
          15           5  -1.2491364932447837E-016
          15           6   1.7695701442103915E-016
          15           7   8.4682582150419377E-017
          15           8   6.1840158981623077E-017
          15           9   6.4469584237447363E-017
          15          10   2.3110870204338550E-003
          15          11  -4.7092381385194192E-018
          15          12   2.3110870204339118E-003
          15          13   3.6932267614574884E-018
          15          14  -6.1790201378732050E-018
          15          15   2.3110870204338919E-003
