           1           1   2.0001531109091175     
           1           2   1.2518625446434973E-003
           1           3   1.1239916405226709E-002
           1           4   1.9774847900505682E-003
           1           5  -5.4139899666459657E-003
           1           6   2.4120010886289743E-015
           1           7   4.0597164651252676E-016
           1           8   6.8286704593056372E-016
           1           9  -4.1930177762567170E-015
           1          10  -7.6278188389877877E-016
           1          11   5.8279882906259128E-015
           1          12   5.9800058003228743E-016
           1          13   8.3450553421747250E-016
           1          14  -6.6285125459430055E-016
           1          15  -5.3825307925111320E-004
           1          16   1.5297261632060544E-012
           1          17  -4.4175334754205191E-004
           1          18  -4.6496218947645716E-012
           1          19  -2.0535680595486001E-014
           1          20  -3.8127467368057576E-004
           1          21  -2.0998353286923654E-003
           1          22  -1.6606511644356277E-012
           1          23  -2.0415867433870127E-003
           1          24  -1.4097282564320883E-014
           1          25   6.2793041873372459E-015
           1          26  -2.2134812988163317E-003
           1          27  -1.7123416739988876E-015
           1          28   4.3201577673723327E-016
           1          29  -9.8043194474506311E-016
           1          30  -6.6304934105070999E-016
           1          31   8.2920513575109015E-016
           1          32   2.8676907298093397E-016
           1          33   9.9669579870423855E-017
           1          34   2.7586836446094817E-015
           1          35  -6.2911824484312552E-016
           1          36  -5.4711322144530277E-016
           2           1   1.2518625446434973E-003
           2           2   2.0086517975933540     
           2           3  0.12633267800293807     
           2           4   3.6650035918395094E-002
           2           5  -3.8397531527923183E-002
           2           6   8.2627765896683918E-014
           2           7   6.7220392689051000E-014
           2           8   2.2400774538459235E-014
           2           9  -3.4037940749329373E-014
           2          10   8.0774886796717862E-015
           2          11   8.1432292520861307E-014
           2          12  -8.1331089175144534E-015
           2          13   2.1297656527406259E-014
           2          14   1.7951826367958800E-014
           2          15  -6.7076219208367848E-004
           2          16   2.2396726653644012E-011
           2          17  -1.5311701849285045E-003
           2          18  -3.0361770132771018E-012
           2          19  -3.1469151504420987E-014
           2          20  -2.3638547616441647E-005
           2          21  -2.3653102339411765E-002
           2          22  -1.8591171698173054E-011
           2          23  -2.3485910995841880E-002
           2          24   1.3034798660672810E-011
           2          25   1.0238081991755262E-013
           2          26  -2.5248425248864385E-002
           2          27  -1.8419852539948420E-015
           2          28  -5.1386806769737174E-015
           2          29   1.9651200660364102E-014
           2          30  -1.8777962696360414E-015
           2          31  -1.5361694009387525E-014
           2          32   8.6267489889959159E-015
           2          33   3.8144719874583165E-015
           2          34  -6.4319820277893890E-015
           2          35  -3.2189665679305597E-014
           2          36  -2.5995337526959921E-015
           3           1   1.1239916405226709E-002
           3           2  0.12633267800293807     
           3           3   2.6224992930843642     
           3           4  0.14669672789058730     
           3           5 -0.22327725250000138     
           3           6   9.3857353456019026E-014
           3           7  -2.1329998950998402E-014
           3           8   3.6097184445232282E-014
           3           9  -2.5380804587655462E-013
           3          10  -1.3042860220207175E-013
           3          11   4.0295126141187403E-013
           3          12   6.5517815799233697E-014
           3          13   7.7872432939696460E-015
           3          14  -2.9837022836312367E-015
           3          15  -7.5302653617269663E-002
           3          16   1.7755157110332968E-010
           3          17 -0.10313719279362779     
           3          18   5.4963834924246920E-010
           3          19   1.7390209695359617E-012
           3          20  -8.8871070116032930E-002
           3          21  -8.9299759568236672E-002
           3          22  -1.3823437843412915E-010
           3          23  -9.3078235714458252E-002
           3          24   2.2611326287903338E-010
           3          25   1.2838681548218175E-012
           3          26 -0.10486614855736762     
           3          27   3.8114982986989204E-014
           3          28   2.3354102487526704E-014
           3          29   9.5901463654498918E-015
           3          30  -9.1533534943328324E-015
           3          31  -2.8143142108742806E-014
           3          32   1.8374133946226935E-014
           3          33   7.2770845918615866E-016
           3          34  -1.9931304629942533E-015
           3          35   5.2693306755154512E-014
           3          36  -1.7130953295403785E-014
           4           1   1.9774847900505682E-003
           4           2   3.6650035918395094E-002
           4           3  0.14669672789058730     
           4           4  0.13682017411881556     
           4           5  0.36610253685480060     
           4           6   6.7729524349072228E-014
           4           7  -1.5013211741227003E-014
           4           8   1.4248810047548035E-014
           4           9  -8.7912812011095246E-014
           4          10   3.8980925425732459E-014
           4          11  -2.6226957076460202E-014
           4          12  -4.3362416669787386E-015
           4          13  -1.0218407542768655E-014
           4          14  -8.5289958523852364E-015
           4          15  -7.3491345773060287E-003
           4          16  -6.3702226097619955E-011
           4          17  -8.2181892499788595E-003
           4          18   8.2862727216405030E-011
           4          19   1.3541314232976393E-013
           4          20  -1.0166617402696993E-002
           4          21   1.2671603915726571E-002
           4          22   8.9417301941218691E-011
           4          23   1.0220021636812217E-002
           4          24  -2.2701066761835339E-011
           4          25  -5.5511821291052568E-013
           4          26   1.9827097594406429E-002
           4          27  -1.3573297935535115E-015
           4          28  -1.7141551293802702E-015
           4          29   7.5466132454396057E-016
           4          30   2.5008137069674872E-015
           4          31  -6.0020462904803237E-016
           4          32   4.6943495047197023E-015
           4          33  -5.4163651159969547E-015
           4          34  -1.8359140657469964E-015
           4          35   3.4132023990283934E-015
           4          36   3.2197982291391641E-015
           5           1  -5.4139899666459657E-003
           5           2  -3.8397531527923183E-002
           5           3 -0.22327725250000138     
           5           4  0.36610253685480060     
           5           5   1.1402353922881732     
           5           6  -2.7967291527326285E-015
           5           7   5.2521155903378287E-016
           5           8   3.0133724182369557E-015
           5           9   8.3654142810322486E-015
           5          10   7.6871397900067800E-016
           5          11   2.8487210173839799E-014
           5          12  -2.6357970265487907E-014
           5          13  -3.5730339997209015E-014
           5          14  -2.4371836229813760E-014
           5          15   7.6987570384027390E-003
           5          16  -1.9722279255061342E-010
           5          17  -7.1301238511797069E-003
           5          18   6.5065662588818235E-010
           5          19   2.1549620705165283E-012
           5          20  -1.0283571780199324E-002
           5          21   6.3279633446662334E-002
           5          22   3.1159979713395874E-010
           5          23   5.2722304538393404E-002
           5          24  -1.1621041859980477E-011
           5          25  -1.5695155292358887E-012
           5          26   8.5695499069290193E-002
           5          27  -1.4515348622996528E-014
           5          28  -6.6565196681112339E-015
           5          29   8.7912460311531105E-016
           5          30   7.0247393346913234E-015
           5          31   3.4140295778337853E-015
           5          32   8.8557157107199470E-015
           5          33   4.0779422821543071E-015
           5          34  -1.8491412025109585E-015
           5          35  -3.6595699904673074E-015
           5          36   5.4594557741750003E-015
           6           1   2.4120010886289743E-015
           6           2   8.2627765896683918E-014
           6           3   9.3857353456019026E-014
           6           4   6.7729524349072228E-014
           6           5  -2.7967291527326285E-015
           6           6   1.9985525596177123     
           6           7  -7.4709289280138545E-013
           6           8   2.9121757333830816E-011
           6           9  -1.1362792887362550E-002
           6          10   5.9424943204599478E-012
           6          11  -4.1278588720419814E-012
           6          12  -6.1666417429383864E-004
           6          13  -1.5773987829056852E-014
           6          14  -4.0093087052086393E-014
           6          15  -2.9338073871025007E-014
           6          16   2.5369023362915470E-015
           6          17  -2.5039531013483033E-014
           6          18  -3.2084688822939677E-015
           6          19   4.3662886287429509E-016
           6          20  -2.3272684387110803E-014
           6          21  -1.9737054761311042E-014
           6          22  -2.4265738168736034E-015
           6          23  -2.2569131191644654E-014
           6          24   3.1882682182702919E-015
           6          25  -5.1844466307879321E-016
           6          26  -2.5160275494618790E-014
           6          27   6.6321888765882835E-003
           6          28  -1.2394664051649842E-011
           6          29   3.9630437459024746E-003
           6          30  -6.8882790540313278E-012
           6          31   7.6911566954566558E-012
           6          32  -1.0534377174578303E-013
           6          33  -7.9548886434690329E-012
           6          34   3.1948778407911282E-003
           6          35   1.5987789822582498E-011
           6          36   3.6130101025433092E-012
           7           1   4.0597164651252676E-016
           7           2   6.7220392689051000E-014
           7           3  -2.1329998950998402E-014
           7           4  -1.5013211741227003E-014
           7           5   5.2521155903378287E-016
           7           6  -7.4709289280138545E-013
           7           7   1.9985482185764223     
           7           8  -3.6451427998462089E-013
           7           9   5.9615748008209638E-012
           7          10  -1.1461125976809518E-002
           7          11  -3.1056720291367763E-014
           7          12  -1.1363072847601852E-014
           7          13  -6.1879981613396874E-004
           7          14   3.1952020893816963E-016
           7          15   7.6967296674488664E-015
           7          16  -1.1494004579009881E-015
           7          17   4.8161874922408370E-015
           7          18  -8.9995045556323118E-016
           7          19  -1.9788314278463364E-015
           7          20   4.6530002809172453E-015
           7          21   8.8992943494470648E-015
           7          22   2.3168488067433282E-015
           7          23   3.3300128769627500E-015
           7          24   1.0304193626760252E-015
           7          25   1.7631250397997739E-015
           7          26   6.5600944106860578E-015
           7          27  -1.0624493777733055E-011
           7          28   3.9968542582759971E-003
           7          29  -6.6148730286155352E-012
           7          30   6.7393839523467681E-003
           7          31  -6.2963797165782093E-014
           7          32  -9.2494171683852232E-012
           7          33  -2.9748304294359220E-015
           7          34   1.5227657867452715E-011
           7          35   3.0502979546493652E-003
           7          36   7.2568415909800756E-014
           8           1   6.8286704593056372E-016
           8           2   2.2400774538459235E-014
           8           3   3.6097184445232282E-014
           8           4   1.4248810047548035E-014
           8           5   3.0133724182369557E-015
           8           6   2.9121757333830816E-011
           8           7  -3.6451427998462089E-013
           8           8   1.9985975063779033     
           8           9  -4.0915267638448383E-012
           8          10  -3.2585080783163782E-014
           8          11  -1.0871712792416043E-002
           8          12  -3.8411677785075715E-014
           8          13   1.8395501756545223E-016
           8          14  -6.1182910235835697E-004
           8          15  -8.1717618168078362E-015
           8          16  -2.9195682302544981E-015
           8          17  -8.2694301035308632E-015
           8          18  -1.2276395029508638E-015
           8          19   1.2039402508312627E-015
           8          20  -1.0324601395948946E-014
           8          21  -5.2983735181588384E-015
           8          22   1.9936033156725099E-015
           8          23  -5.6127766936664625E-015
           8          24   9.0890860683169643E-016
           8          25  -6.7558687014974224E-016
           8          26  -5.2714328818147674E-015
           8          27   7.1279127745480816E-012
           8          28  -7.7931532032993222E-014
           8          29  -7.2924242092038223E-012
           8          30  -1.1253949842267538E-014
           8          31   3.0749417839793674E-003
           8          32   1.9871641815296995E-011
           8          33   2.9809263533317298E-003
           8          34   2.2948507370335187E-012
           8          35   1.2772992539053402E-013
           8          36   7.0844431097499497E-003
           9           1  -4.1930177762567170E-015
           9           2  -3.4037940749329373E-014
           9           3  -2.5380804587655462E-013
           9           4  -8.7912812011095246E-014
           9           5   8.3654142810322486E-015
           9           6  -1.1362792887362550E-002
           9           7   5.9615748008209638E-012
           9           8  -4.0915267638448383E-012
           9           9   1.9334528422054493     
           9          10   6.9765562081277480E-011
           9          11  -3.2434003282550876E-011
           9          12   2.1280804722452071E-002
           9          13  -5.2867454639102254E-011
           9          14   3.6594410836541931E-011
           9          15   1.1474528953911326E-014
           9          16  -1.6585267378005260E-015
           9          17   7.4754077584320987E-014
           9          18  -2.5460461262849456E-014
           9          19   8.5919458179187367E-015
           9          20   7.3238136635350851E-014
           9          21   5.0069176482683545E-014
           9          22  -1.0869617993054043E-015
           9          23   3.1950793454905433E-014
           9          24   6.7423143011836098E-015
           9          25  -5.5510339524017824E-016
           9          26   4.1735297448626625E-014
           9          27   1.0594711496144932E-002
           9          28  -6.1606511872720023E-011
           9          29   1.8093398514433867E-002
           9          30  -1.4005064742111069E-010
           9          31   2.3906708894753318E-011
           9          32  -1.9641091768942482E-012
           9          33  -1.1352435536239700E-010
           9          34   1.4234078875237734E-002
           9          35   2.1280595042079041E-010
           9          36   8.2042453768247790E-011
          10           1  -7.6278188389877877E-016
          10           2   8.0774886796717862E-015
          10           3  -1.3042860220207175E-013
          10           4   3.8980925425732459E-014
          10           5   7.6871397900067800E-016
          10           6   5.9424943204599478E-012
          10           7  -1.1461125976809518E-002
          10           8  -3.2585080783163782E-014
          10           9   6.9765562081277480E-011
          10          10   1.9315280977832945     
          10          11  -1.5893215664176700E-013
          10          12  -5.2742675369499289E-011
          10          13   2.1970343907512839E-002
          10          14   3.0030766093665547E-013
          10          15   6.3051033992173891E-014
          10          16  -9.5935575436693929E-015
          10          17   6.2707083678228654E-015
          10          18   4.3702052741709921E-015
          10          19  -2.3558253992646852E-014
          10          20   3.5941409460613063E-014
          10          21  -7.2669218469847881E-015
          10          22   1.2098755932937286E-014
          10          23  -1.1647219255282524E-014
          10          24  -1.6658450187443578E-016
          10          25   5.7174723300753131E-015
          10          26  -1.3988485253536226E-014
          10          27  -1.9344832634616709E-010
          10          28   2.0436944231636230E-002
          10          29   2.9061956882575947E-011
          10          30   1.0939748417933524E-002
          10          31  -5.6511509632570766E-013
          10          32  -1.9055809820424238E-010
          10          33  -7.2830714759548342E-013
          10          34   1.9421659094365375E-010
          10          35   1.2481884722237997E-002
          10          36   1.1438098261854371E-012
          11           1   5.8279882906259128E-015
          11           2   8.1432292520861307E-014
          11           3   4.0295126141187403E-013
          11           4  -2.6226957076460202E-014
          11           5   2.8487210173839799E-014
          11           6  -4.1278588720419814E-012
          11           7  -3.1056720291367763E-014
          11           8  -1.0871712792416043E-002
          11           9  -3.2434003282550876E-011
          11          10  -1.5893215664176700E-013
          11          11   1.9389163440234882     
          11          12   3.6578516366482093E-011
          11          13   2.7504660161724016E-013
          11          14   1.7031997521680040E-002
          11          15   1.3693258652495812E-014
          11          16  -6.3148839214930002E-014
          11          17  -1.8637990249284052E-013
          11          18  -9.2958804697279130E-015
          11          19   4.3885745612313897E-014
          11          20  -1.5648015565577488E-013
          11          21  -1.8148583697080227E-014
          11          22   2.4559988720962827E-014
          11          23  -7.9354475385340257E-014
          11          24  -4.0735563034639383E-014
          11          25  -3.3312528608625126E-014
          11          26   5.0567160576708124E-014
          11          27   1.2643269858104859E-010
          11          28  -9.1614155654875080E-013
          11          29  -9.4491568350669962E-011
          11          30  -8.7385978486570112E-014
          11          31   4.5699357504509599E-003
          11          32   3.6636533118963071E-010
          11          33   2.5921672359332931E-003
          11          34  -5.4706765954205864E-011
          11          35   1.2924209865158942E-012
          11          36   2.7149409649851942E-002
          12           1   5.9800058003228743E-016
          12           2  -8.1331089175144534E-015
          12           3   6.5517815799233697E-014
          12           4  -4.3362416669787386E-015
          12           5  -2.6357970265487907E-014
          12           6  -6.1666417429383864E-004
          12           7  -1.1363072847601852E-014
          12           8  -3.8411677785075715E-014
          12           9   2.1280804722452071E-002
          12          10  -5.2742675369499289E-011
          12          11   3.6578516366482093E-011
          12          12   2.3505266943271897E-004
          12          13  -1.2116783036651599E-012
          12          14   6.6945998381530180E-013
          12          15   1.1013808339181181E-014
          12          16   1.5786774894034739E-015
          12          17  -2.5777713858385669E-014
          12          18  -2.0077383207492105E-014
          12          19  -6.7350346757201591E-015
          12          20   1.0128198140415518E-014
          12          21  -9.8484234187001925E-016
          12          22   7.1705691951889545E-016
          12          23  -4.5908474990749924E-015
          12          24  -3.9239011634056572E-015
          12          25  -1.3748840646414046E-015
          12          26  -3.3533087251390165E-015
          12          27   1.2343797022752021E-004
          12          28  -1.9087561326801917E-012
          12          29   1.9569422665747572E-004
          12          30  -1.6314817861862704E-012
          12          31   9.6093805095956448E-013
          12          32  -2.5727440750976767E-014
          12          33  -2.2542637393192960E-012
          12          34   1.4839412915069303E-004
          12          35   2.3186346778129287E-012
          12          36   1.6384121652079316E-012
          13           1   8.3450553421747250E-016
          13           2   2.1297656527406259E-014
          13           3   7.7872432939696460E-015
          13           4  -1.0218407542768655E-014
          13           5  -3.5730339997209015E-014
          13           6  -1.5773987829056852E-014
          13           7  -6.1879981613396874E-004
          13           8   1.8395501756545223E-016
          13           9  -5.2867454639102254E-011
          13          10   2.1970343907512839E-002
          13          11   2.7504660161724016E-013
          13          12  -1.2116783036651599E-012
          13          13   2.5306642912080771E-004
          13          14   5.9684455873515717E-015
          13          15  -5.8296337774131432E-014
          13          16  -5.9879994856951028E-015
          13          17   5.4360150582874246E-014
          13          18  -8.6590923428143485E-015
          13          19   2.1857460959359310E-014
          13          20   5.0118636768796428E-015
          13          21  -1.6262845717533949E-014
          13          22  -1.0818573117851187E-015
          13          23   1.3877190453629952E-014
          13          24  -1.7622225271686116E-015
          13          25   4.4930913108489709E-015
          13          26  -4.7759122454164439E-015
          13          27  -2.2841305250394855E-012
          13          28   2.6795120553819329E-004
          13          29   3.0301607436317454E-015
          13          30   1.1136885139416023E-004
          13          31   1.1536340435579896E-014
          13          32  -1.9656717336650948E-012
          13          33  -9.6864162083557054E-015
          13          34   1.3094608305793613E-012
          13          35   1.2795716005663114E-004
          13          36   5.5065048069905869E-015
          14           1  -6.6285125459430055E-016
          14           2   1.7951826367958800E-014
          14           3  -2.9837022836312367E-015
          14           4  -8.5289958523852364E-015
          14           5  -2.4371836229813760E-014
          14           6  -4.0093087052086393E-014
          14           7   3.1952020893816963E-016
          14           8  -6.1182910235835697E-004
          14           9   3.6594410836541931E-011
          14          10   3.0030766093665547E-013
          14          11   1.7031997521680040E-002
          14          12   6.6945998381530180E-013
          14          13   5.9684455873515717E-015
          14          14   1.5183279802008187E-004
          14          15  -7.6681534783939142E-014
          14          16  -1.2123653123245729E-014
          14          17   8.7617380546123092E-014
          14          18  -4.5832592123626309E-015
          14          19   2.6182197143272000E-014
          14          20  -1.2539723381000069E-014
          14          21  -2.1146941184912434E-014
          14          22  -2.5064433507162352E-015
          14          23   2.6801629840808352E-014
          14          24  -1.2699818213482243E-015
          14          25   4.8441089063771988E-015
          14          26  -9.0759969282859683E-015
          14          27   1.2424560270825694E-012
          14          28  -4.1149310407459877E-015
          14          29  -8.9033421069214155E-013
          14          30  -2.2610441675755323E-014
          14          31   3.3194219355774275E-005
          14          32   3.3407581718000330E-012
          14          33   6.4950419451328088E-005
          14          34   1.4338132100081004E-013
          14          35   4.5024825250299206E-014
          14          36   2.1274350736924532E-004
          15           1  -5.3825307925111320E-004
          15           2  -6.7076219208367848E-004
          15           3  -7.5302653617269663E-002
          15           4  -7.3491345773060287E-003
          15           5   7.6987570384027390E-003
          15           6  -2.9338073871025007E-014
          15           7   7.6967296674488664E-015
          15           8  -8.1717618168078362E-015
          15           9   1.1474528953911326E-014
          15          10   6.3051033992173891E-014
          15          11   1.3693258652495812E-014
          15          12   1.1013808339181181E-014
          15          13  -5.8296337774131432E-014
          15          14  -7.6681534783939142E-014
          15          15  0.77318841186019405     
          15          16  -7.6732546305049506E-009
          15          17 -0.39617348054325263     
          15          18   4.6556841098527541E-009
          15          19  -7.1089487251664122E-011
          15          20 -0.36760052146018352     
          15          21  0.16599049660563703     
          15          22  -1.9659857525311888E-009
          15          23  -9.0419054934784845E-002
          15          24   1.1231102271503670E-009
          15          25  -1.7006940984065903E-011
          15          26  -6.6985102048774392E-002
          15          27  -4.3509060776483167E-015
          15          28   1.7617809512566310E-014
          15          29   6.1179602060483793E-015
          15          30  -2.7830812049722564E-014
          15          31  -1.3216826449587664E-014
          15          32   8.6236776654806188E-016
          15          33   9.7016210769554551E-015
          15          34   6.5955102720088916E-015
          15          35   1.3126557516744571E-014
          15          36  -4.9523731153541984E-015
          16           1   1.5297261632060544E-012
          16           2   2.2396726653644012E-011
          16           3   1.7755157110332968E-010
          16           4  -6.3702226097619955E-011
          16           5  -1.9722279255061342E-010
          16           6   2.5369023362915470E-015
          16           7  -1.1494004579009881E-015
          16           8  -2.9195682302544981E-015
          16           9  -1.6585267378005260E-015
          16          10  -9.5935575436693929E-015
          16          11  -6.3148839214930002E-014
          16          12   1.5786774894034739E-015
          16          13  -5.9879994856951028E-015
          16          14  -1.2123653123245729E-014
          16          15  -7.6732546305049506E-009
          16          16   1.6585376632643547     
          16          17  -5.2637727144468620E-009
          16          18  -3.7476059707065208E-011
          16          19  -2.7560897138358390E-009
          16          20   1.2908053135238754E-008
          16          21  -1.9454134091978506E-009
          16          22  0.38798158826474505     
          16          23  -1.5270854149633663E-009
          16          24  -9.8359733385476283E-012
          16          25  -4.7540625457995022E-010
          16          26   3.4243783527227324E-009
          16          27  -1.2804896589877203E-014
          16          28  -1.5125068751738013E-014
          16          29   2.0411766888609983E-014
          16          30   1.5244628199725789E-014
          16          31  -1.0064518690597950E-016
          16          32  -1.7119840951824073E-014
          16          33  -1.8557748293990711E-015
          16          34  -4.2553433603132050E-015
          16          35   7.6809571816493975E-015
          16          36  -2.6871505976473480E-015
          17           1  -4.4175334754205191E-004
          17           2  -1.5311701849285045E-003
          17           3 -0.10313719279362779     
          17           4  -8.2181892499788595E-003
          17           5  -7.1301238511797069E-003
          17           6  -2.5039531013483033E-014
          17           7   4.8161874922408370E-015
          17           8  -8.2694301035308632E-015
          17           9   7.4754077584320987E-014
          17          10   6.2707083678228654E-015
          17          11  -1.8637990249284052E-013
          17          12  -2.5777713858385669E-014
          17          13   5.4360150582874246E-014
          17          14   8.7617380546123092E-014
          17          15 -0.39617348054325263     
          17          16  -5.2637727144468620E-009
          17          17  0.90720412284343599     
          17          18  -6.3868313610512417E-009
          17          19   3.0932354793736271E-012
          17          20 -0.50019060920803904     
          17          21  -8.9336513102289961E-002
          17          22  -1.5200906334606395E-009
          17          23  0.19759377616647134     
          17          24  -1.5450252893361389E-009
          17          25   2.0451883395482482E-012
          17          26 -0.10002950900182178     
          17          27  -2.8960611948287444E-015
          17          28  -2.5196635452255004E-014
          17          29  -8.8876337986918514E-015
          17          30   2.7611840798623629E-014
          17          31   1.4202888204314280E-014
          17          32  -3.6693468765623313E-015
          17          33  -1.4229391794559206E-014
          17          34   4.7610976697984954E-015
          17          35  -6.1541088366886242E-015
          17          36   1.1464706429101230E-015
          18           1  -4.6496218947645716E-012
          18           2  -3.0361770132771018E-012
          18           3   5.4963834924246920E-010
          18           4   8.2862727216405030E-011
          18           5   6.5065662588818235E-010
          18           6  -3.2084688822939677E-015
          18           7  -8.9995045556323118E-016
          18           8  -1.2276395029508638E-015
          18           9  -2.5460461262849456E-014
          18          10   4.3702052741709921E-015
          18          11  -9.2958804697279130E-015
          18          12  -2.0077383207492105E-014
          18          13  -8.6590923428143485E-015
          18          14  -4.5832592123626309E-015
          18          15   4.6556841098527541E-009
          18          16  -3.7476059707065208E-011
          18          17  -6.3868313610512417E-009
          18          18  0.85377683355996437     
          18          19   6.5925233397223828E-009
          18          20   1.7208454519171570E-009
          18          21   1.1638509461931305E-009
          18          22  -1.0838612266601114E-011
          18          23  -1.5599754713556768E-009
          18          24  0.17244269353607053     
          18          25   1.3476228572366198E-009
          18          26   4.6512278244018743E-010
          18          27   6.2290884675216750E-015
          18          28  -1.7616802649781048E-015
          18          29   4.3233978314757383E-015
          18          30  -2.0942757064554765E-015
          18          31  -1.1944114012295401E-014
          18          32  -7.2844288710205029E-015
          18          33   1.2397893981367063E-015
          18          34  -2.3015374142644416E-015
          18          35   1.3826248882670744E-015
          18          36   3.5570088444929802E-015
          19           1  -2.0535680595486001E-014
          19           2  -3.1469151504420987E-014
          19           3   1.7390209695359617E-012
          19           4   1.3541314232976393E-013
          19           5   2.1549620705165283E-012
          19           6   4.3662886287429509E-016
          19           7  -1.9788314278463364E-015
          19           8   1.2039402508312627E-015
          19           9   8.5919458179187367E-015
          19          10  -2.3558253992646852E-014
          19          11   4.3885745612313897E-014
          19          12  -6.7350346757201591E-015
          19          13   2.1857460959359310E-014
          19          14   2.6182197143272000E-014
          19          15  -7.1089487251664122E-011
          19          16  -2.7560897138358390E-009
          19          17   3.0932354793736271E-012
          19          18   6.5925233397223828E-009
          19          19  0.85482942160843134     
          19          20   6.8090705074079408E-011
          19          21  -1.5846836497175800E-011
          19          22  -4.7137000069496065E-010
          19          23   1.7568671989323134E-012
          19          24   1.3208206264573468E-009
          19          25  0.17147951795044528     
          19          26   1.4280019183901721E-011
          19          27  -1.2299954385628783E-016
          19          28   5.2104971180053789E-015
          19          29   1.9786853085963801E-015
          19          30   1.2817608705171230E-014
          19          31  -6.5269013171987409E-015
          19          32  -6.9553771206255031E-015
          19          33   3.5322061708231592E-014
          19          34   5.1882754863621464E-016
          19          35  -2.2707242761677623E-014
          19          36  -1.4307677609048616E-014
          20           1  -3.8127467368057576E-004
          20           2  -2.3638547616441647E-005
          20           3  -8.8871070116032930E-002
          20           4  -1.0166617402696993E-002
          20           5  -1.0283571780199324E-002
          20           6  -2.3272684387110803E-014
          20           7   4.6530002809172453E-015
          20           8  -1.0324601395948946E-014
          20           9   7.3238136635350851E-014
          20          10   3.5941409460613063E-014
          20          11  -1.5648015565577488E-013
          20          12   1.0128198140415518E-014
          20          13   5.0118636768796428E-015
          20          14  -1.2539723381000069E-014
          20          15 -0.36760052146018352     
          20          16   1.2908053135238754E-008
          20          17 -0.50019060920803904     
          20          18   1.7208454519171570E-009
          20          19   6.8090705074079408E-011
          20          20  0.87577768664685951     
          20          21  -6.8885759585028974E-002
          20          22   3.4872772383747871E-009
          20          23  -9.9129488488162942E-002
          20          24   4.1214980789131959E-010
          20          25   1.4933414573217786E-011
          20          26  0.17508067126430935     
          20          27   4.3192922738746525E-015
          20          28   4.3313528145249014E-015
          20          29   2.9060230776489114E-015
          20          30   2.1291246985379719E-015
          20          31   1.1865561856118936E-015
          20          32   6.7560813234134379E-016
          20          33   2.8566255911816155E-015
          20          34  -1.0371979810822385E-014
          20          35  -1.1146862726697374E-014
          20          36   1.8934896914494960E-015
          21           1  -2.0998353286923654E-003
          21           2  -2.3653102339411765E-002
          21           3  -8.9299759568236672E-002
          21           4   1.2671603915726571E-002
          21           5   6.3279633446662334E-002
          21           6  -1.9737054761311042E-014
          21           7   8.8992943494470648E-015
          21           8  -5.2983735181588384E-015
          21           9   5.0069176482683545E-014
          21          10  -7.2669218469847881E-015
          21          11  -1.8148583697080227E-014
          21          12  -9.8484234187001925E-016
          21          13  -1.6262845717533949E-014
          21          14  -2.1146941184912434E-014
          21          15  0.16599049660563703     
          21          16  -1.9454134091978506E-009
          21          17  -8.9336513102289961E-002
          21          18   1.1638509461931305E-009
          21          19  -1.5846836497175800E-011
          21          20  -6.8885759585028974E-002
          21          21   4.0728850331182703E-002
          21          22  -4.6356538781730629E-010
          21          23  -1.5909202776273730E-002
          21          24   2.6192654365147418E-010
          21          25  -3.9328425102696693E-012
          21          26  -5.7049465700891831E-003
          21          27  -2.4282931514805405E-015
          21          28   3.6037115023945187E-015
          21          29   1.3949697035806037E-015
          21          30  -5.6886039831418723E-015
          21          31  -2.1828185565585628E-015
          21          32   1.4465366949729967E-016
          21          33   3.2385143569855099E-015
          21          34   1.8533147165804324E-015
          21          35   1.3248276276048161E-015
          21          36  -1.1929440713631103E-015
          22           1  -1.6606511644356277E-012
          22           2  -1.8591171698173054E-011
          22           3  -1.3823437843412915E-010
          22           4   8.9417301941218691E-011
          22           5   3.1159979713395874E-010
          22           6  -2.4265738168736034E-015
          22           7   2.3168488067433282E-015
          22           8   1.9936033156725099E-015
          22           9  -1.0869617993054043E-015
          22          10   1.2098755932937286E-014
          22          11   2.4559988720962827E-014
          22          12   7.1705691951889545E-016
          22          13  -1.0818573117851187E-015
          22          14  -2.5064433507162352E-015
          22          15  -1.9659857525311888E-009
          22          16  0.38798158826474505     
          22          17  -1.5200906334606395E-009
          22          18  -1.0838612266601114E-011
          22          19  -4.7137000069496065E-010
          22          20   3.4872772383747871E-009
          22          21  -4.6356538781730629E-010
          22          22   9.0835573122896973E-002
          22          23  -4.0254830267035460E-010
          22          24  -2.7108138033868478E-012
          22          25  -7.4918957028183630E-011
          22          26   9.2890788751168000E-010
          22          27  -3.1578592400735445E-015
          22          28  -3.5142035446454212E-015
