           1           1   1.9992137801308147     
           1           2  -7.5150575520002618E-003
           1           3  -1.0438012798469721E-002
           1           4  -1.8636454947221488E-003
           1           5  -3.7599092267795579E-003
           1           6   2.3510839179433761E-011
           1           7  -1.9142096175746340E-011
           1           8   9.2334176805265014E-012
           1           9  -1.1537905460838958E-009
           1          10   1.8596199862980470E-009
           1          11   1.2602061776066613E-009
           1          12  -8.5752081377819896E-011
           1          13  -8.5645155471986787E-011
           1          14   3.1445278385402091E-011
           1          15  -1.2392769288022364E-010
           1          16  -1.3001029028167591E-010
           1          17   4.9475206430164484E-011
           1          18   5.8080225649152772E-003
           1          19   1.4909323210428760E-004
           1          20   5.7841097616758725E-003
           1          21  -7.0920795844764024E-005
           1          22  -6.4657203872504275E-005
           1          23   5.6930306223120543E-003
           1          24   1.9349595675657999E-003
           1          25  -1.9299423025410239E-007
           1          26   1.9349906083624582E-003
           1          27   9.1867181113168875E-008
           1          28   8.3722057825107084E-008
           1          29   1.9351084298511005E-003
           2           1  -7.5150575520002618E-003
           2           2   1.9490896412718230     
           2           3  -3.6623106458197885E-002
           2           4  -9.2830504551482465E-003
           2           5   3.7727216519674450E-002
           2           6   6.0496849159421560E-010
           2           7  -8.1901168921557432E-010
           2           8  -3.9968243692716415E-010
           2           9  -9.7137363859113908E-009
           2          10   1.6134618243509465E-008
           2          11   1.1594774697332023E-008
           2          12  -5.9228490788445270E-010
           2          13  -6.2049556604764303E-010
           2          14   2.2294338789412820E-010
           2          15  -8.3658604267051460E-010
           2          16  -9.1760148557789476E-010
           2          17   3.2532169805235423E-010
           2          18   2.3941722786047462E-002
           2          19   2.0324188970356539E-003
           2          20   2.3615740873028670E-002
           2          21  -9.6678548276332775E-004
           2          22  -8.8139842453655449E-004
           2          23   2.2374167395175212E-002
           2          24  -4.6100534756997012E-003
           2          25   1.3555206400842903E-004
           2          26  -4.6317944022387023E-003
           2          27  -6.4479361637390597E-005
           2          28  -5.8784535291531463E-005
           2          29  -4.7146013661379192E-003
           3           1  -1.0438012798469721E-002
           3           2  -3.6623106458197885E-002
           3           3   2.0698158830744062     
           3           4  -1.5023517530141023E-002
           3           5  0.16337350646018717     
           3           6   8.6827674710696489E-010
           3           7  -7.8168434925343731E-010
           3           8   2.2699732710987831E-010
           3           9  -2.8708952772778598E-008
           3          10   4.8173569515005915E-008
           3          11   3.5441141146699861E-008
           3          12  -2.4896225957830117E-009
           3          13  -2.4358590637520440E-009
           3          14   1.0582383080393942E-009
           3          15  -3.6238068028461551E-009
           3          16  -3.7384994005965772E-009
           3          17   1.3845362299071910E-009
           3          18  -4.2740574144200821E-002
           3          19   3.3563545871650039E-003
           3          20  -4.3278887882614733E-002
           3          21  -1.5965508011429057E-003
           3          22  -1.4555493134997095E-003
           3          23  -4.5329247139585409E-002
           3          24  -4.7244489223871727E-002
           3          25   7.3926290769292524E-005
           3          26  -4.7256345170651096E-002
           3          27  -3.5164511471166057E-005
           3          28  -3.2058597381730953E-005
           3          29  -4.7301506178913336E-002
           4           1  -1.8636454947221488E-003
           4           2  -9.2830504551482465E-003
           4           3  -1.5023517530141023E-002
           4           4  0.40709510241215174     
           4           5  0.53664058998807351     
           4           6   4.1337663051996734E-010
           4           7  -4.5405205946793791E-010
           4           8  -1.5472595436801406E-011
           4           9  -2.4923201562211652E-008
           4          10   3.8547977085636551E-008
           4          11   2.4556649475559975E-008
           4          12  -2.9336070153809802E-009
           4          13  -3.2101837663484375E-009
           4          14   3.2037387319890789E-010
           4          15  -3.2356468883132887E-009
           4          16  -3.6473936522575464E-009
           4          17   1.5138060179348946E-009
           4          18  -1.8981200692253994E-002
           4          19  -4.9146868843018710E-003
           4          20  -1.8192888284960941E-002
           4          21   2.3378480489090366E-003
           4          22   2.1313484412590171E-003
           4          23  -1.5190616529073536E-002
           4          24   3.1760492366305321E-002
           4          25   2.7119418069041744E-003
           4          26   3.1325544002414579E-002
           4          27  -1.2900050947804807E-003
           4          28  -1.1760811854770554E-003
           4          29   2.9668839819359649E-002
           5           1  -3.7599092267795579E-003
           5           2   3.7727216519674450E-002
           5           3  0.16337350646018717     
           5           4  0.53664058998807351     
           5           5  0.72714763242188274     
           5           6   2.3588396337918736E-011
           5           7   2.1769149260492215E-010
           5           8   5.4797291655041955E-010
           5           9   4.1988833200902255E-008
           5          10  -6.0952489359736457E-008
           5          11  -3.1177751591899715E-008
           5          12   4.9298153360831436E-009
           5          13   3.9971363811695682E-009
           5          14  -2.9789292715977122E-009
           5          15   8.9341364543873648E-009
           5          16   8.1222880616825347E-009
           5          17  -3.3844693029757142E-009
           5          18  -2.8053352262905638E-002
           5          19  -5.0509144404175515E-003
           5          20  -2.7243270354995863E-002
           5          21   2.4026113866088225E-003
           5          22   2.1904237488645528E-003
           5          23  -2.4157709147073433E-002
           5          24   3.8423254155738634E-002
           5          25   5.9514080299431331E-003
           5          26   3.7468720701021321E-002
           5          27  -2.8309641042315557E-003
           5          28  -2.5809393319512677E-003
           5          29   3.3833080684104365E-002
           6           1   2.3510839179433761E-011
           6           2   6.0496849159421560E-010
           6           3   8.6827674710696489E-010
           6           4   4.1337663051996734E-010
           6           5   2.3588396337918736E-011
           6           6   2.0000160545875252     
           6           7   2.4730623327448865E-007
           6           8  -1.1764269392232575E-007
           6           9   9.7059160166390167E-005
           6          10  -8.4905303911302331E-006
           6          11   4.0418185516697990E-006
           6          12   9.7863049127209925E-004
           6          13  -7.6069141271361396E-005
           6          14   3.6185024584937838E-005
           6          15  -4.9476409417604996E-004
           6          16  -1.3517116456243482E-004
           6          17   6.4299114439144009E-005
           6          18  -4.7585077773956026E-010
           6          19   7.5607596530453161E-011
           6          20  -4.3216850821627207E-010
           6          21  -9.3308988553780718E-011
           6          22  -1.2339021247833450E-010
           6          23  -3.4546382446982318E-010
           6          24  -7.6094399234375299E-011
           6          25   8.5962495138525021E-011
           6          26  -1.2633564630453994E-010
           6          27   1.1623603568170273E-010
           6          28   9.1563550867998446E-011
           6          29  -8.3414690501571801E-011
           7           1  -1.9142096175746340E-011
           7           2  -8.1901168921557432E-010
           7           3  -7.8168434925343731E-010
           7           4  -4.5405205946793791E-010
           7           5   2.1769149260492215E-010
           7           6   2.4730623327448865E-007
           7           7   2.0000160087798600     
           7           8  -1.0725249286247242E-007
           7           9  -8.4902933777967944E-006
           7          10   9.8639301306609154E-005
           7          11   3.6831479214345042E-006
           7          12  -7.6068596033039456E-005
           7          13   9.9271982780596308E-004
           7          14   3.2988629927195763E-005
           7          15  -1.3517056723575047E-004
           7          16  -4.6972832062228197E-004
           7          17   5.8619419491136173E-005
           7          18   3.1304358781461266E-010
           7          19  -7.2064614656909809E-012
           7          20   3.3202529107599173E-010
           7          21   5.0352272989145568E-011
           7          22   1.2187135136409557E-010
           7          23   2.5134161588575621E-010
           7          24  -5.8329416080068776E-011
           7          25  -3.3512495538598721E-011
           7          26   1.2117272869280608E-011
           7          27  -9.8096144478271241E-011
           7          28  -3.7323843180724807E-011
           7          29   1.4222871925613225E-011
           8           1   9.2334176805265014E-012
           8           2  -3.9968243692716415E-010
           8           3   2.2699732710987831E-010
           8           4  -1.5472595436801406E-011
           8           5   5.4797291655041955E-010
           8           6  -1.1764269392232575E-007
           8           7  -1.0725249286247242E-007
           8           8   2.0000158343363195     
           8           9   4.0430513277597382E-006
           8          10   3.6849193462720798E-006
           8          11   1.0462318058314146E-004
           8          12   3.6185034532218563E-005
           8          13   3.2988706303905434E-005
           8          14   1.0463771978056770E-003
           8          15   6.4299138861122771E-005
           8          16   5.8619837306798314E-005
           8          17  -3.7438145814783826E-004
           8          18  -3.5022439674453223E-010
           8          19   1.6102452052818264E-010
           8          20  -3.0908716672975300E-010
           8          21  -6.0526520303102594E-011
           8          22  -6.5129638633841720E-011
           8          23  -1.7205078952674709E-010
           8          24  -3.1434442670184257E-010
           8          25   1.2019390645645366E-010
           8          26  -2.7391217938163491E-010
           8          27   4.7946312646349150E-011
           8          28   1.1113438322415478E-010
           8          29  -1.3893958247165326E-010
           9           1  -1.1537905460838958E-009
           9           2  -9.7137363859113908E-009
           9           3  -2.8708952772778598E-008
           9           4  -2.4923201562211652E-008
           9           5   4.1988833200902255E-008
           9           6   9.7059160166390167E-005
           9           7  -8.4902933777967944E-006
           9           8   4.0430513277597382E-006
           9           9   2.0004194515767226     
           9          10  -3.9843985653427780E-004
           9          11   1.8352305284140947E-004
           9          12  -6.5448600209021416E-003
           9          13  -1.7531266915487074E-003
           9          14   8.3394665716480501E-004
           9          15  -1.1395303982616995E-002
           9          16  -1.6020482045096032E-005
           9          17   7.6708303326300856E-006
           9          18   1.4676944132750370E-008
           9          19   2.5526294902289298E-009
           9          20  -1.1136581643819840E-008
           9          21  -6.1482569509448941E-009
           9          22   4.6793168530820677E-009
           9          23   1.1587425037039936E-008
           9          24  -1.9342243699862849E-008
           9          25   6.7005580606877621E-009
           9          26  -1.1875827177417046E-008
           9          27   8.0144148800474521E-009
           9          28   2.1786946737382049E-009
           9          29  -9.7994004235192950E-009
          10           1   1.8596199862980470E-009
          10           2   1.6134618243509465E-008
          10           3   4.8173569515005915E-008
          10           4   3.8547977085636551E-008
          10           5  -6.0952489359736457E-008
          10           6  -8.4905303911302331E-006
          10           7   9.8639301306609154E-005
          10           8   3.6849193462720798E-006
          10           9  -3.9843985653427780E-004
          10          10   2.0004821175846481     
          10          11   1.6972102074744186E-004
          10          12  -1.7531226089703377E-003
          10          13  -6.2201281812394706E-003
          10          14   7.6029562183907028E-004
          10          15  -1.6017078978448191E-005
          10          16  -1.1392263404281785E-002
          10          17   6.9289694880810207E-006
          10          18  -3.1377208514617716E-008
          10          19  -1.0351617295321831E-008
          10          20   2.8109418578873077E-008
          10          21   1.9598119883411864E-008
          10          22  -6.8594723331036453E-009
          10          23  -2.4389168865694530E-008
          10          24   3.1526229384257811E-008
          10          25  -1.7220646085481088E-008
          10          26   1.4356063706561422E-008
          10          27  -1.8849625429992328E-008
          10          28  -3.4464552395775175E-009
          10          29   1.1858302083845419E-008
          11           1   1.2602061776066613E-009
          11           2   1.1594774697332023E-008
          11           3   3.5441141146699861E-008
          11           4   2.4556649475559975E-008
          11           5  -3.1177751591899715E-008
          11           6   4.0418185516697990E-006
          11           7   3.6831479214345042E-006
          11           8   1.0462318058314146E-004
          11           9   1.8352305284140947E-004
          11          10   1.6972102074744186E-004
          11          11   2.0007722986764023     
          11          12   8.3395455099602184E-004
          11          13   7.6028954414867332E-004
          11          14  -4.9835183115749995E-003
          11          15   7.6430666260679655E-006
          11          16   6.9632482475634911E-006
          11          17  -1.1381058315864353E-002
          11          18  -3.1611564533336359E-008
          11          19  -1.5955951623113337E-008
          11          20   3.3075560015232402E-008
          11          21   2.7644615563896902E-008
          11          22  -3.5771155825787574E-009
          11          23  -2.4716560128444408E-008
          11          24   2.1228559714939601E-008
          11          25  -2.0885946583209235E-008
          11          26   2.4535927535706856E-009
          11          27  -2.1031941644690028E-008
          11          28  -2.6246701758155875E-009
          11          29   2.9122084445711187E-009
          12           1  -8.5752081377819896E-011
          12           2  -5.9228490788445270E-010
          12           3  -2.4896225957830117E-009
          12           4  -2.9336070153809802E-009
          12           5   4.9298153360831436E-009
          12           6   9.7863049127209925E-004
          12           7  -7.6068596033039456E-005
          12           8   3.6185034532218563E-005
          12           9  -6.5448600209021416E-003
          12          10  -1.7531226089703377E-003
          12          11   8.3395455099602184E-004
          12          12   9.8933813256651196E-002
          12          13   9.0185055311154672E-002
          12          14  -4.2899738237299062E-002
          12          15  0.14901616164551304     
          12          16  0.13583020282162631     
          12          17  -6.4612546659582368E-002
          12          18  -2.7534650623861840E-009
          12          19  -1.4833592339814705E-009
          12          20   2.3204321804283400E-009
          12          21  -4.5789695133901196E-009
          12          22  -9.2743475747297158E-010
          12          23   4.6383081988997053E-010
          12          24  -3.6050094370707795E-010
          12          25   6.7570761392934690E-010
          12          26  -7.1119354329856597E-010
          12          27  -3.9026906893477912E-010
          12          28   9.2349650999992034E-011
          12          29  -1.5579655186078623E-009
          13           1  -8.5645155471986787E-011
          13           2  -6.2049556604764303E-010
          13           3  -2.4358590637520440E-009
          13           4  -3.2101837663484375E-009
          13           5   3.9971363811695682E-009
          13           6  -7.6069141271361396E-005
          13           7   9.9271982780596308E-004
          13           8   3.2988706303905434E-005
          13           9  -1.7531266915487074E-003
          13          10  -6.2201281812394706E-003
          13          11   7.6028954414867332E-004
          13          12   9.0185055311154672E-002
          13          13   8.2230639557687057E-002
          13          14  -3.9110562764120407E-002
          13          15  0.13583032480770990     
          13          16  0.12385891653593548     
          13          17  -5.8905558812029579E-002
          13          18  -4.8914844543879999E-010
          13          19  -3.9001206285987208E-010
          13          20   9.0983498779226513E-010
          13          21  -1.4265291380697553E-010
          13          22  -1.0250030290669536E-009
          13          23  -1.7986343942234029E-010
          13          24  -5.8219753101269621E-010
          13          25   3.7189506933066601E-010
          13          26  -7.8155909411838071E-010
          13          27  -1.8501931182200858E-010
          13          28   2.4149678093240716E-010
          13          29  -1.3718796826391357E-009
          14           1   3.1445278385402091E-011
          14           2   2.2294338789412820E-010
          14           3   1.0582383080393942E-009
          14           4   3.2037387319890789E-010
          14           5  -2.9789292715977122E-009
          14           6   3.6185024584937838E-005
          14           7   3.2988629927195763E-005
          14           8   1.0463771978056770E-003
          14           9   8.3394665716480501E-004
          14          10   7.6029562183907028E-004
          14          11  -4.9835183115749995E-003
          14          12  -4.2899738237299062E-002
          14          13  -3.9110562764120407E-002
          14          14   1.8615631349302685E-002
          14          15  -6.4612538700874023E-002
          14          16  -5.8905498880808177E-002
          14          17   2.8046624273531308E-002
          14          18  -7.3733533507633622E-009
          14          19  -2.4703587556920185E-009
          14          20   2.9771757435574320E-009
          14          21  -5.8528059129889621E-009
          14          22  -4.8710835438275348E-009
          14          23   4.4480488215226425E-009
          14          24   2.4130897405252815E-010
          14          25   1.9649422114077449E-010
          14          26   2.9084124269378319E-010
          14          27   5.6592611829029384E-011
          14          28  -2.0558967017654378E-010
          14          29   4.0268127439475949E-010
          15           1  -1.2392769288022364E-010
          15           2  -8.3658604267051460E-010
          15           3  -3.6238068028461551E-009
          15           4  -3.2356468883132887E-009
          15           5   8.9341364543873648E-009
          15           6  -4.9476409417604996E-004
          15           7  -1.3517056723575047E-004
          15           8   6.4299138861122771E-005
          15           9  -1.1395303982616995E-002
          15          10  -1.6017078978448191E-005
          15          11   7.6430666260679655E-006
          15          12  0.14901616164551304     
          15          13  0.13583032480770990     
          15          14  -6.4612538700874023E-002
          15          15  0.22445917996937070     
          15          16  0.20457430669239263     
          15          17  -9.7313164988606607E-002
          15          18  -3.8351671773861622E-010
          15          19   3.1700943049823639E-010
          15          20  -7.2372022371560557E-010
          15          21   1.3682912111214508E-009
          15          22  -3.9999620271879863E-010
          15          23   9.4496775930401379E-010
          15          24  -3.7738756925870995E-010
          15          25   1.1481465200923243E-009
          15          26  -8.9925008716686996E-010
          15          27  -7.4625078098546591E-010
          15          28   7.9255105172826831E-011
          15          29  -2.3319873071660893E-009
          16           1  -1.3001029028167591E-010
          16           2  -9.1760148557789476E-010
          16           3  -3.7384994005965772E-009
          16           4  -3.6473936522575464E-009
          16           5   8.1222880616825347E-009
          16           6  -1.3517116456243482E-004
          16           7  -4.6972832062228197E-004
          16           8   5.8619837306798314E-005
          16           9  -1.6020482045096032E-005
          16          10  -1.1392263404281785E-002
          16          11   6.9632482475634911E-006
          16          12  0.13583020282162631     
          16          13  0.12385891653593548     
          16          14  -5.8905498880808177E-002
          16          15  0.20457430669239263     
          16          16  0.18656960431792105     
          16          17  -8.8717772421182353E-002
          16          18   8.3744310799131984E-011
          16          19   2.5069436377887343E-010
          16          20  -7.0470714236817934E-010
          16          21   3.7592260395270394E-010
          16          22   9.6225296798074258E-011
          16          23   7.8810168258047960E-010
          16          24  -7.0759222288334110E-010
          16          25   1.0109442804688876E-009
          16          26  -1.0204584644651677E-009
          16          27  -4.4344340419428322E-010
          16          28   1.7307659891502559E-010
          16          29  -2.1940587763888782E-009
          17           1   4.9475206430164484E-011
          17           2   3.2532169805235423E-010
          17           3   1.3845362299071910E-009
          17           4   1.5138060179348946E-009
          17           5  -3.3844693029757142E-009
          17           6   6.4299114439144009E-005
          17           7   5.8619419491136173E-005
          17           8  -3.7438145814783826E-004
          17           9   7.6708303326300856E-006
          17          10   6.9289694880810207E-006
          17          11  -1.1381058315864353E-002
          17          12  -6.4612546659582368E-002
          17          13  -5.8905558812029579E-002
          17          14   2.8046624273531308E-002
          17          15  -9.7313164988606607E-002
          17          16  -8.8717772421182353E-002
          17          17   4.2266574941340881E-002
          17          18   3.5328011465117363E-010
          17          19   1.7285816261089697E-010
          17          20  -4.3074842272910012E-010
          17          21  -1.5246792420948497E-010
          17          22  -7.8469613190109800E-012
          17          23   1.7363958630241528E-010
          17          24   1.8667702102097128E-010
          17          25  -1.6101443476969017E-010
          17          26   4.6888330105242598E-010
          17          27   3.0617462230258482E-010
          17          28  -1.2454380988007386E-010
          17          29   9.2644604456270683E-010
          18           1   5.8080225649152772E-003
          18           2   2.3941722786047462E-002
          18           3  -4.2740574144200821E-002
          18           4  -1.8981200692253994E-002
          18           5  -2.8053352262905638E-002
          18           6  -4.7585077773956026E-010
          18           7   3.1304358781461266E-010
          18           8  -3.5022439674453223E-010
          18           9   1.4676944132750370E-008
          18          10  -3.1377208514617716E-008
          18          11  -3.1611564533336359E-008
          18          12  -2.7534650623861840E-009
          18          13  -4.8914844543879999E-010
          18          14  -7.3733533507633622E-009
          18          15  -3.8351671773861622E-010
          18          16   8.3744310799131984E-011
          18          17   3.5328011465117363E-010
          18          18   2.0080068743866093     
          18          19  -2.4201536182573377E-003
          18          20  -1.0026718686184148     
          18          21   1.1512605883451489E-003
          18          22   8.2394473457571629E-004
          18          23  -1.0015111589026342     
          18          24  -1.8350118718542162E-002
          18          25  -1.9458443934507088E-004
          18          26   1.0027545353809689E-002
          18          27   9.2555232958036824E-005
          18          28   6.5124554215985971E-004
          18          29   1.0945014364089720E-002
          19           1   1.4909323210428760E-004
          19           2   2.0324188970356539E-003
          19           3   3.3563545871650039E-003
          19           4  -4.9146868843018710E-003
          19           5  -5.0509144404175515E-003
          19           6   7.5607596530453161E-011
          19           7  -7.2064614656909809E-012
          19           8   1.6102452052818264E-010
          19           9   2.5526294902289298E-009
          19          10  -1.0351617295321831E-008
          19          11  -1.5955951623113337E-008
          19          12  -1.4833592339814705E-009
          19          13  -3.9001206285987208E-010
          19          14  -2.4703587556920185E-009
          19          15   3.1700943049823639E-010
          19          16   2.5069436377887343E-010
          19          17   1.7285816261089697E-010
          19          18  -2.4201536182573377E-003
          19          19   2.0075898464083561     
          19          20  -2.4540585256541589E-003
          19          21   2.9308523875073988E-005
          19          22   5.0737470622763876E-005
          19          23  -2.0638173770426540E-003
          19          24   4.2618420886775706E-003
          19          25  -1.9843881684020376E-002
          19          26   4.4135210106184897E-003
          19          27   1.2289506579294719E-004
          19          28   5.1502015573069455E-005
          19          29   3.6846264441798742E-003
          20           1   5.7841097616758725E-003
          20           2   2.3615740873028670E-002
          20           3  -4.3278887882614733E-002
          20           4  -1.8192888284960941E-002
          20           5  -2.7243270354995863E-002
          20           6  -4.3216850821627207E-010
          20           7   3.3202529107599173E-010
          20           8  -3.0908716672975300E-010
          20           9  -1.1136581643819840E-008
          20          10   2.8109418578873077E-008
          20          11   3.3075560015232402E-008
          20          12   2.3204321804283400E-009
          20          13   9.0983498779226513E-010
          20          14   2.9771757435574320E-009
          20          15  -7.2372022371560557E-010
          20          16  -7.0470714236817934E-010
          20          17  -4.3074842272910012E-010
          20          18  -1.0026718686184148     
          20          19  -2.4540585256541589E-003
          20          20   2.0087884827246087     
          20          21   9.2001683791465743E-004
          20          22   1.0643802670625255E-003
          20          23  -1.0011799487065951     
          20          24   9.3127670414119706E-003
          20          25  -4.2896496276241412E-005
          20          26  -1.9026648629538685E-002
          20          27   6.4211357528538230E-004
          20          28   1.8550083231767910E-005
          20          29   1.0353877275152206E-002
          21           1  -7.0920795844764024E-005
          21           2  -9.6678548276332775E-004
          21           3  -1.5965508011429057E-003
          21           4   2.3378480489090366E-003
          21           5   2.4026113866088225E-003
          21           6  -9.3308988553780718E-011
          21           7   5.0352272989145568E-011
          21           8  -6.0526520303102594E-011
          21           9  -6.1482569509448941E-009
          21          10   1.9598119883411864E-008
          21          11   2.7644615563896902E-008
          21          12  -4.5789695133901196E-009
          21          13  -1.4265291380697553E-010
          21          14  -5.8528059129889621E-009
          21          15   1.3682912111214508E-009
          21          16   3.7592260395270394E-010
          21          17  -1.5246792420948497E-010
          21          18   1.1512605883451489E-003
          21          19   2.9308523875073988E-005
          21          20   9.2001683791465743E-004
          21          21   2.0076374892346749     
          21          22  -2.5636583800699148E-004
          21          23   1.2290292363080553E-003
          21          24  -2.0272853234568878E-003
          21          25   1.2289221153165633E-004
          21          26  -1.4777295312050980E-003
          21          27  -1.9644016947587311E-002
          21          28   5.5941614358632065E-004
          21          29  -2.3744175716544076E-003
          22           1  -6.4657203872504275E-005
          22           2  -8.8139842453655449E-004
          22           3  -1.4555493134997095E-003
          22           4   2.1313484412590171E-003
          22           5   2.1904237488645528E-003
          22           6  -1.2339021247833450E-010
          22           7   1.2187135136409557E-010
          22           8  -6.5129638633841720E-011
          22           9   4.6793168530820677E-009
          22          10  -6.8594723331036453E-009
          22          11  -3.5771155825787574E-009
          22          12  -9.2743475747297158E-010
          22          13  -1.0250030290669536E-009
          22          14  -4.8710835438275348E-009
          22          15  -3.9999620271879863E-010
          22          16   9.6225296798074258E-011
          22          17  -7.8469613190109800E-012
          22          18   8.2394473457571629E-004
          22          19   5.0737470622763876E-005
          22          20   1.0643802670625255E-003
          22          21  -2.5636583800699148E-004
          22          22   2.0076849533397616     
          22          23   1.1204883375086289E-003
          22          24  -1.2813637728612093E-003
          22          25   5.1501599166570221E-005
          22          26  -1.9140612151609339E-003
          22          27   5.5941862903454548E-004
          22          28  -1.9747526863731511E-002
          22          29  -2.1647249638002048E-003
          23           1   5.6930306223120543E-003
          23           2   2.2374167395175212E-002
          23           3  -4.5329247139585409E-002
          23           4  -1.5190616529073536E-002
          23           5  -2.4157709147073433E-002
          23           6  -3.4546382446982318E-010
          23           7   2.5134161588575621E-010
          23           8  -1.7205078952674709E-010
          23           9   1.1587425037039936E-008
          23          10  -2.4389168865694530E-008
          23          11  -2.4716560128444408E-008
          23          12   4.6383081988997053E-010
          23          13  -1.7986343942234029E-010
          23          14   4.4480488215226425E-009
          23          15   9.4496775930401379E-010
          23          16   7.8810168258047960E-010
          23          17   1.7363958630241528E-010
          23          18  -1.0015111589026342     
          23          19  -2.0638173770426540E-003
          23          20  -1.0011799487065951     
          23          21   1.2290292363080553E-003
          23          22   1.1204883375086289E-003
          23          23   2.0118660909465031     
          23          24   7.5078869993965083E-003
          23          25  -7.7179105274310846E-004
          23          26   7.6315173899682807E-003
          23          27  -2.5457560237790791E-004
          23          28  -2.3210543900174159E-004
          23          29  -2.2049929825972057E-002
          24           1   1.9349595675657999E-003
          24           2  -4.6100534756997012E-003
          24           3  -4.7244489223871727E-002
          24           4   3.1760492366305321E-002
          24           5   3.8423254155738634E-002
          24           6  -7.6094399234375299E-011
          24           7  -5.8329416080068776E-011
          24           8  -3.1434442670184257E-010
          24           9  -1.9342243699862849E-008
          24          10   3.1526229384257811E-008
          24          11   2.1228559714939601E-008
          24          12  -3.6050094370707795E-010
          24          13  -5.8219753101269621E-010
          24          14   2.4130897405252815E-010
          24          15  -3.7738756925870995E-010
          24          16  -7.0759222288334110E-010
          24          17   1.8667702102097128E-010
          24          18  -1.8350118718542162E-002
          24          19   4.2618420886775706E-003
          24          20   9.3127670414119706E-003
          24          21  -2.0272853234568878E-003
          24          22  -1.2813637728612093E-003
          24          23   7.5078869993965083E-003
          24          24   4.1187568104246036E-003
          24          25   1.3284146105236707E-003
          24          26   3.6018698073117775E-003
          24          27  -6.3190624001423408E-004
          24          28  -5.7799612130707311E-004
          24          29   2.7876845093956133E-003
          25           1  -1.9299423025410239E-007
          25           2   1.3555206400842903E-004
          25           3   7.3926290769292524E-005
          25           4   2.7119418069041744E-003
          25           5   5.9514080299431331E-003
          25           6   8.5962495138525021E-011
          25           7  -3.3512495538598721E-011
          25           8   1.2019390645645366E-010
          25           9   6.7005580606877621E-009
          25          10  -1.7220646085481088E-008
          25          11  -2.0885946583209235E-008
          25          12   6.7570761392934690E-010
          25          13   3.7189506933066601E-010
          25          14   1.9649422114077449E-010
          25          15   1.1481465200923243E-009
          25          16   1.0109442804688876E-009
          25          17  -1.6101443476969017E-010
          25          18  -1.9458443934507088E-004
          25          19  -1.9843881684020376E-002
          25          20  -4.2896496276241412E-005
          25          21   1.2289221153165633E-004
          25          22   5.1501599166570221E-005
          25          23  -7.7179105274310846E-004
          25          24   1.3284146105236707E-003
          25          25   3.6039134018462375E-003
          25          26   7.8284970421972568E-004
          25          27  -1.6168855872929584E-003
          25          28  -1.4738697104276560E-003
          25          29  -1.2905926817397394E-003
          26           1   1.9349906083624582E-003
          26           2  -4.6317944022387023E-003
          26           3  -4.7256345170651096E-002
          26           4   3.1325544002414579E-002
          26           5   3.7468720701021321E-002
          26           6  -1.2633564630453994E-010
          26           7   1.2117272869280608E-011
          26           8  -2.7391217938163491E-010
          26           9  -1.1875827177417046E-008
          26          10   1.4356063706561422E-008
          26          11   2.4535927535706856E-009
          26          12  -7.1119354329856597E-010
          26          13  -7.8155909411838071E-010
          26          14   2.9084124269378319E-010
          26          15  -8.9925008716686996E-010
          26          16  -1.0204584644651677E-009
          26          17   4.6888330105242598E-010
          26          18   1.0027545353809689E-002
          26          19   4.4135210106184897E-003
          26          20  -1.9026648629538685E-002
          26          21  -1.4777295312050980E-003
          26          22  -1.9140612151609339E-003
          26          23   7.6315173899682807E-003
          26          24   3.6018698073117775E-003
          26          25   7.8284970421972568E-004
          26          26   3.7801207852340302E-003
          26          27  -3.7447470972730846E-004
          26          28  -3.3949725672967736E-004
          26          29   2.9946953601443288E-003
          27           1   9.1867181113168875E-008
          27           2  -6.4479361637390597E-005
          27           3  -3.5164511471166057E-005
          27           4  -1.2900050947804807E-003
          27           5  -2.8309641042315557E-003
          27           6   1.1623603568170273E-010
          27           7  -9.8096144478271241E-011
          27           8   4.7946312646349150E-011
          27           9   8.0144148800474521E-009
          27          10  -1.8849625429992328E-008
          27          11  -2.1031941644690028E-008
          27          12  -3.9026906893477912E-010
          27          13  -1.8501931182200858E-010
          27          14   5.6592611829029384E-011
          27          15  -7.4625078098546591E-010
          27          16  -4.4344340419428322E-010
          27          17   3.0617462230258482E-010
          27          18   9.2555232958036824E-005
          27          19   1.2289506579294719E-004
          27          20   6.4211357528538230E-004
          27          21  -1.9644016947587311E-002
          27          22   5.5941862903454548E-004
          27          23  -2.5457560237790791E-004
          27          24  -6.3190624001423408E-004
          27          25  -1.6168855872929584E-003
          27          26  -3.7447470972730846E-004
          27          27   9.7398216602146109E-004
          27          28   6.9913907148685429E-004
          27          29   6.1600436907273339E-004
          28           1   8.3722057825107084E-008
