           1           1   2.0170581844867610     
           1           2  0.20225597265856482     
           1           3  0.52924175500874970     
           1           4   9.0105619860430405E-002
           1           5 -0.40374279889887482     
           1           6  -4.8531562903430370E-015
           1           7  -4.6237999723930635E-016
           1           8  -8.8460039881909400E-016
           1           9  -1.8618789236142873E-015
           1          10   3.8815947300724908E-016
           1          11  -1.1276486388918002E-014
           1          12  -4.5936790756469128E-015
           1          13   3.7336068605046889E-015
           1          14  -6.1321650186526363E-015
           1          15   4.3874773967173767E-015
           1          16  -2.0841987409572926E-015
           1          17   3.3467463320382940E-015
           1          18 -0.18266322886377240     
           1          19  -4.1611227634679483E-005
           1          20 -0.18293098146589268     
           1          21   3.8993341186070537E-005
           1          22  -5.3762054541120844E-006
           1          23 -0.18293161376760542     
           1          24  0.12862083661478446     
           1          25  -1.2069658086753719E-004
           1          26  0.12789684814197927     
           1          27   1.1310310776805210E-004
           1          28  -1.5588755282307644E-005
           1          29  0.12789513958633489     
           2           1  0.20225597265856482     
           2           2   4.4834759649227394     
           2           3   6.3505916763310220     
           2           4   1.0341321453240828     
           2           5  -4.1741454690230988     
           2           6  -3.8668197241648054E-013
           2           7   3.5759201428672128E-013
           2           8  -4.2232270278085385E-013
           2           9  -1.0140748606349330E-013
           2          10  -2.8747928563789878E-015
           2          11  -9.8156898986792554E-014
           2          12  -4.3343606416469070E-014
           2          13   5.5216501640096862E-015
           2          14  -5.1459754617521184E-014
           2          15   3.6550462475997122E-014
           2          16  -7.3180425682683474E-015
           2          17   4.4430531598057962E-014
           2          18  -2.2891071671573848     
           2          19  -5.2089094342994005E-004
           2          20  -2.2924430530489044     
           2          21   4.8812014073914677E-004
           2          22  -6.7299560329807436E-005
           2          23  -2.2924509308084415     
           2          24   1.3184889446803707     
           2          25  -1.3299494413607350E-003
           2          26   1.3105133414216543     
           2          27   1.2462773468982723E-003
           2          28  -1.7177150056584857E-004
           2          29   1.3104945196734576     
           3           1  0.52924175500874970     
           3           2   6.3505916763310220     
           3           3   18.297088894926887     
           3           4   3.0223443281714335     
           3           5  -10.709461346153377     
           3           6   6.5572831705479765E-014
           3           7  -6.5221619435768964E-014
           3           8   6.9204106026068411E-014
           3           9  -1.9905166022143182E-013
           3          10   4.8564758044016935E-014
           3          11  -4.9416515045935336E-013
           3          12  -6.2190213543638095E-014
           3          13   1.3931330246117395E-013
           3          14  -7.4681777543003498E-014
           3          15   6.6863581850476569E-014
           3          16  -3.3002709678409678E-014
           3          17   2.9011684017766838E-016
           3          18  -5.8551209923314982     
           3          19  -1.1534334829805862E-003
           3          20  -5.8625245338925636     
           3          21   1.0808675231905364E-003
           3          22  -1.4902345130043691E-004
           3          23  -5.8625420172298028     
           3          24   3.3704306854525421     
           3          25  -2.9600497320735495E-003
           3          26   3.3526841825648908     
           3          27   2.7738219375154681E-003
           3          28  -3.8230981960611106E-004
           3          29   3.3526423022338454     
           4           1   9.0105619860430405E-002
           4           2   1.0341321453240828     
           4           3   3.0223443281714335     
           4           4  0.59796891547375719     
           4           5  -1.5706188113077619     
           4           6   2.7014593895632717E-014
           4           7  -2.3890844283216775E-014
           4           8   2.3582619251472531E-014
           4           9  -2.4934904654219519E-014
           4          10   1.5653467583715117E-015
           4          11  -7.3204176585587453E-014
           4          12   9.5038389889187088E-015
           4          13   8.9372807150530105E-015
           4          14  -3.7243109004636678E-015
           4          15   8.6897319572597115E-015
           4          16   2.8979083388333884E-015
           4          17  -1.9903610998659363E-015
           4          18  -1.0070045737775724     
           4          19  -4.2162186470799911E-004
           4          20  -1.0096808153304297     
           4          21   3.9509625212020644E-004
           4          22  -5.4466663776530143E-005
           4          23  -1.0096871337223150     
           4          24  0.49863630610589010     
           4          25   2.5480972752149335E-004
           4          26  0.50019175139921179     
           4          27  -2.3877869293999215E-004
           4          28   3.2910228669067007E-005
           4          29  0.50019542212200951     
           5           1 -0.40374279889887482     
           5           2  -4.1741454690230988     
           5           3  -10.709461346153377     
           5           4  -1.5706188113077619     
           5           5   8.7417179178624203     
           5           6  -8.0363655408655510E-014
           5           7   7.3456176948320546E-014
           5           8  -6.5629513720648923E-014
           5           9   5.4147897084792887E-014
           5          10  -2.7752597129413781E-014
           5          11   1.0277309959474515E-013
           5          12   1.2290978990744047E-013
           5          13  -1.1258721866795402E-013
           5          14   6.1325895236603685E-014
           5          15  -2.0583081085645536E-014
           5          16   5.1136286876914339E-014
           5          17   3.0985907805061312E-015
           5          18   3.9523805958420279     
           5          19  -1.2922709240714852E-004
           5          20   3.9518681784453817     
           5          21   1.2109684954669592E-004
           5          22  -1.6685630272942920E-005
           5          23   3.9518669704904221     
           5          24  -2.7642153823539455     
           5          25   4.8504859504943142E-003
           5          26  -2.7350488027626869     
           5          27  -4.5453238068674804E-003
           5          28   6.2647560174889348E-004
           5          29  -2.7349799710847380     
           6           1  -4.8531562903430370E-015
           6           2  -3.8668197241648054E-013
           6           3   6.5572831705479765E-014
           6           4   2.7014593895632717E-014
           6           5  -8.0363655408655510E-014
           6           6   2.0001633174518458     
           6           7  -1.5254164220862259E-007
           6           8   1.4294477910300620E-007
           6           9   1.6110466273584630E-003
           6          10  -4.0930045087727852E-005
           6          11   3.8355010553016117E-005
           6          12   1.5939959006359347E-002
           6          13  -1.6396661046062715E-004
           6          14   1.5365096874254505E-004
           6          15  -6.5171476253086478E-003
           6          16   3.2315433512226670E-005
           6          17  -3.0282370602582415E-005
           6          18  -6.2680043271738901E-015
           6          19   7.1516414163586316E-015
           6          20  -3.9096596455420443E-015
           6          21  -3.3466868745632145E-014
           6          22  -4.0628188575589025E-015
           6          23  -6.4285908103192075E-015
           6          24   2.5301562879202322E-014
           6          25  -9.4237125435545009E-016
           6          26   2.5188206466998984E-014
           6          27   4.3702164208797386E-015
           6          28   3.2850222753181989E-017
           6          29   2.5250686073448541E-014
           7           1  -4.6237999723930635E-016
           7           2   3.5759201428672128E-013
           7           3  -6.5221619435768964E-014
           7           4  -2.3890844283216775E-014
           7           5   7.3456176948320546E-014
           7           6  -1.5254164220862259E-007
           7           7   2.0001622320655787     
           7           8  -1.9707784752524228E-008
           7           9  -4.0930045088955345E-005
           7          10   1.3198152728078091E-003
           7          11  -5.2880020526878723E-006
           7          12  -1.6396661045698261E-004
           7          13   1.4773280152675931E-002
           7          14  -2.1183846013839053E-005
           7          15   3.2315433508888927E-005
           7          16  -6.2872121962667081E-003
           7          17   4.1750278659131951E-006
           7          18   4.9467334233698836E-015
           7          19  -8.8187946683086552E-015
           7          20   7.0517733392436204E-015
           7          21   2.1811710721588260E-014
           7          22   3.7294627618967016E-015
           7          23   6.9742035740436392E-015
           7          24  -2.4769438475144263E-014
           7          25   1.3233432455140550E-015
           7          26  -2.3176093728220939E-014
           7          27  -3.2809819935077698E-015
           7          28  -2.1144739575843193E-015
           7          29  -2.3281346362492968E-014
           8           1  -8.8460039881909400E-016
           8           2  -4.2232270278085385E-013
           8           3   6.9204106026068411E-014
           8           4   2.3582619251472531E-014
           8           5  -6.5629513720648923E-014
           8           6   1.4294477910300620E-007
           8           7  -1.9707784752524228E-008
           8           8   2.0001622295025849     
           8           9   3.8355010554666836E-005
           8          10  -5.2880020520305671E-006
           8          11   1.3191275686060659E-003
           8          12   1.5365096873720007E-004
           8          13  -2.1183846015159170E-005
           8          14   1.4770525195386455E-002
           8          15  -3.0282370600207605E-005
           8          16   4.1750278628536909E-006
           8          17  -6.2866692342650327E-003
           8          18  -7.5000272443392219E-015
           8          19  -4.0497802367377368E-015
           8          20  -1.2208166815466200E-014
           8          21   2.1538526889916290E-014
           8          22   2.5868161219209903E-015
           8          23  -1.2680842617970393E-014
           8          24   1.9648576173115795E-014
           8          25   1.9807870211783461E-015
           8          26   2.2272976624753247E-014
           8          27  -4.0588203307664027E-015
           8          28  -5.5233847331010838E-016
           8          29   2.0030271089359102E-014
           9           1  -1.8618789236142873E-015
           9           2  -1.0140748606349330E-013
           9           3  -1.9905166022143182E-013
           9           4  -2.4934904654219519E-014
           9           5   5.4147897084792887E-014
           9           6   1.6110466273584630E-003
           9           7  -4.0930045088955345E-005
           9           8   3.8355010554666836E-005
           9           9   1.9630839776491120     
           9          10  -1.0356568738004715E-002
           9          11   9.7050052739851324E-003
           9          12   7.5588840200397078E-003
           9          13  -4.1247278376202227E-002
           9          14   3.8652285746005953E-002
           9          15   3.5051727237993727E-002
           9          16   8.2143506767807274E-003
           9          17  -7.6975607137380062E-003
           9          18   4.3561713405275353E-014
           9          19  -9.4172964769436146E-014
           9          20   6.8165062079726657E-014
           9          21   3.5156383356831504E-013
           9          22   4.9413561921102730E-014
           9          23   4.2448620302415420E-014
           9          24  -1.6209935071526952E-014
           9          25   1.2898338896888221E-014
           9          26  -1.6932517636587872E-014
           9          27  -5.1141061886735353E-014
           9          28  -6.2924324742821610E-015
           9          29  -1.4503213270088648E-014
          10           1   3.8815947300724908E-016
          10           2  -2.8747928563789878E-015
          10           3   4.8564758044016935E-014
          10           4   1.5653467583715117E-015
          10           5  -2.7752597129413781E-014
          10           6  -4.0930045087727852E-005
          10           7   1.3198152728078091E-003
          10           8  -5.2880020520305671E-006
          10           9  -1.0356568738004715E-002
          10          10   1.8893934274282640     
          10          11  -1.3380282533531592E-003
          10          12  -4.1247278376200985E-002
          10          13 -0.28592969465059387     
          10          14  -5.3289873546722389E-003
          10          15   8.2143506767798427E-003
          10          16   9.3499658828654519E-002
          10          17   1.0612620421678863E-003
          10          18  -5.2172697818608156E-014
          10          19  -1.5016199636707375E-013
          10          20   1.1301986529841013E-014
          10          21   5.1352140894106907E-013
          10          22   7.9453413299513487E-014
          10          23  -4.1558882055289305E-015
          10          24   1.3113151221919710E-014
          10          25   2.0200788782873879E-014
          10          26   4.8785731599582844E-015
          10          27  -7.0234250696099887E-014
          10          28  -1.1005180230057341E-014
          10          29   6.8235256864543746E-015
          11           1  -1.1276486388918002E-014
          11           2  -9.8156898986792554E-014
          11           3  -4.9416515045935336E-013
          11           4  -7.3204176585587453E-014
          11           5   1.0277309959474515E-013
          11           6   3.8355010553016117E-005
          11           7  -5.2880020526878723E-006
          11           8   1.3191275686060659E-003
          11           9   9.7050052739851324E-003
          11          10  -1.3380282533531592E-003
          11          11   1.8892194169726508     
          11          12   3.8652285746005710E-002
          11          13  -5.3289873546725052E-003
          11          14 -0.28662272898232921     
          11          15  -7.6975607137399525E-003
          11          16   1.0612620421689067E-003
          11          17   9.3637675862889791E-002
          11          18   1.3632535357519671E-013
          11          19  -6.2539211505218294E-014
          11          20   9.4452731667524213E-014
          11          21   2.1828909428137739E-013
          11          22   2.6142530033365962E-014
          11          23   9.2300308982158513E-014
          11          24  -3.3420069681567332E-014
          11          25   8.8204997158796553E-015
          11          26  -2.6897318046625057E-014
          11          27  -3.0718280161370158E-014
          11          28  -4.0262097408727315E-015
          11          29  -2.6990403102760786E-014
          12           1  -4.5936790756469128E-015
          12           2  -4.3343606416469070E-014
          12           3  -6.2190213543638095E-014
          12           4   9.5038389889187088E-015
          12           5   1.2290978990744047E-013
          12           6   1.5939959006359347E-002
          12           7  -1.6396661045698261E-004
          12           8   1.5365096873720007E-004
          12           9   7.5588840200397078E-003
          12          10  -4.1247278376200985E-002
          12          11   3.8652285746005710E-002
          12          12   1.2377349556905353     
          12          13 -0.16430557453392694     
          12          14  0.15396860754319544     
          12          15 -0.25301103370067907     
          12          16   3.2817175168492384E-002
          12          17  -3.0752546153874263E-002
          12          18   3.7023453396575333E-015
          12          19  -6.6700262117728225E-014
          12          20   3.6065775209806331E-014
          12          21   2.3853280502901709E-013
          12          22   3.4188782252449439E-014
          12          23   3.7723574600902794E-014
          12          24  -3.5203909329172711E-014
          12          25   9.6837221425937241E-015
          12          26  -3.8354050446355213E-014
          12          27  -3.2956144652450698E-014
          12          28  -4.5080235401947110E-015
          12          29  -3.8852169035689803E-014
          13           1   3.7336068605046889E-015
          13           2   5.5216501640096862E-015
          13           3   1.3931330246117395E-013
          13           4   8.9372807150530105E-015
          13           5  -1.1258721866795402E-013
          13           6  -1.6396661046062715E-004
          13           7   1.4773280152675931E-002
          13           8  -2.1183846015159170E-005
          13           9  -4.1247278376202227E-002
          13          10 -0.28592969465059387     
          13          11  -5.3289873546725052E-003
          13          12 -0.16430557453392694     
          13          13   6.8644255990991526E-002
          13          14  -2.1227638851874214E-002
          13          15   3.2817175168490496E-002
          13          16  -1.9505540118236010E-002
          13          17   4.2398509277089928E-003
          13          18  -4.3676962378525446E-014
          13          19  -2.0408464546761025E-013
          13          20  -3.0957909574430341E-014
          13          21   7.1787723169714391E-013
          13          22   1.1287150882785827E-013
          13          23  -3.4518315894509400E-014
          13          24   3.5597870442228065E-014
          13          25   2.7667370194488554E-014
          13          26   3.2953772017102060E-014
          13          27  -9.7893701096880635E-014
          13          28  -1.5444466560902980E-014
          13          29   3.3412047774732858E-014
          14           1  -6.1321650186526363E-015
          14           2  -5.1459754617521184E-014
          14           3  -7.4681777543003498E-014
          14           4  -3.7243109004636678E-015
          14           5   6.1325895236603685E-014
          14           6   1.5365096874254505E-004
          14           7  -2.1183846013839053E-005
          14           8   1.4770525195386455E-002
          14           9   3.8652285746005953E-002
          14          10  -5.3289873546722389E-003
          14          11 -0.28662272898232921     
          14          12  0.15396860754319544     
          14          13  -2.1227638851874214E-002
          14          14   6.5883603445312425E-002
          14          15  -3.0752546153873642E-002
          14          16   4.2398509277090293E-003
          14          17  -1.8954147881983553E-002
          14          18   1.5275956105866662E-014
          14          19  -7.0810951208723687E-014
          14          20   2.7146248643410375E-014
          14          21   2.5034506249606026E-013
          14          22   4.0346602368241223E-014
          14          23   2.2785154531129235E-014
          14          24  -1.7813443008974303E-014
          14          25   9.7622150486562808E-015
          14          26  -1.8970671979788707E-014
          14          27  -3.4282920265349343E-014
          14          28  -5.3815991726246632E-015
          14          29  -1.8518514521834530E-014
          15           1   4.3874773967173767E-015
          15           2   3.6550462475997122E-014
          15           3   6.6863581850476569E-014
          15           4   8.6897319572597115E-015
          15           5  -2.0583081085645536E-014
          15           6  -6.5171476253086478E-003
          15           7   3.2315433508888927E-005
          15           8  -3.0282370600207605E-005
          15           9   3.5051727237993727E-002
          15          10   8.2143506767798427E-003
          15          11  -7.6975607137399525E-003
          15          12 -0.25301103370067907     
          15          13   3.2817175168490496E-002
          15          14  -3.0752546153873642E-002
          15          15   5.2430992403069983E-002
          15          16  -6.5553866048699795E-003
          15          17   6.1429671532571223E-003
          15          18   1.4712340813393810E-014
          15          19   4.5381270319303893E-014
          15          20  -3.3739061133264635E-014
          15          21  -1.6071458892161626E-013
          15          22  -2.2417684631503489E-014
          15          23  -2.8397578161007336E-014
          15          24   1.7556625526600419E-015
          15          25  -6.2950436818182336E-015
          15          26   8.3018508063711937E-015
          15          27   2.1977671448772753E-014
          15          28   3.0648713183803094E-015
          15          29   7.6373052897348673E-015
          16           1  -2.0841987409572926E-015
          16           2  -7.3180425682683474E-015
          16           3  -3.3002709678409678E-014
          16           4   2.8979083388333884E-015
          16           5   5.1136286876914339E-014
          16           6   3.2315433512226670E-005
          16           7  -6.2872121962667081E-003
          16           8   4.1750278628536909E-006
          16           9   8.2143506767807274E-003
          16          10   9.3499658828654519E-002
          16          11   1.0612620421689067E-003
          16          12   3.2817175168492384E-002
          16          13  -1.9505540118236010E-002
          16          14   4.2398509277090293E-003
          16          15  -6.5553866048699795E-003
          16          16   5.7871610271313786E-003
          16          17  -8.4693035995478058E-004
          16          18   6.3968191582774132E-016
          16          19   9.3401095290186898E-014
          16          20   1.4008799154335815E-014
          16          21  -3.2634835355315743E-013
          16          22  -5.5084764025419469E-014
          16          23   1.7110928520776491E-014
          16          24  -1.4431651558518255E-014
          16          25  -1.2648746228632344E-014
          16          26  -1.5820660165860871E-014
          16          27   4.4519480945675606E-014
          16          28   7.5069313696554725E-015
          16          29  -1.6208977902186153E-014
          17           1   3.3467463320382940E-015
          17           2   4.4430531598057962E-014
          17           3   2.9011684017766838E-016
          17           4  -1.9903610998659363E-015
          17           5   3.0985907805061312E-015
          17           6  -3.0282370602582415E-005
          17           7   4.1750278659131951E-006
          17           8  -6.2866692342650327E-003
          17           9  -7.6975607137380062E-003
          17          10   1.0612620421678863E-003
          17          11   9.3637675862889791E-002
          17          12  -3.0752546153874263E-002
          17          13   4.2398509277089928E-003
          17          14  -1.8954147881983553E-002
          17          15   6.1429671532571223E-003
          17          16  -8.4693035995478058E-004
          17          17   5.6770178091058235E-003
          17          18   7.0935709942647142E-015
          17          19   7.9530866493715917E-014
          17          20  -4.1954342490473941E-015
          17          21  -2.7424231290636128E-013
          17          22  -4.3140283990853157E-014
          17          23  -4.9011670789487762E-015
          17          24  -2.2978580539948604E-015
          17          25  -1.0861494278051303E-014
          17          26  -7.0910484696339841E-016
          17          27   3.7484510744856430E-014
          17          28   5.8286473253216338E-015
          17          29  -6.2118596253308845E-016
          18           1 -0.18266322886377240     
          18           2  -2.2891071671573848     
          18           3  -5.8551209923314982     
          18           4  -1.0070045737775724     
          18           5   3.9523805958420279     
          18           6  -6.2680043271738901E-015
          18           7   4.9467334233698836E-015
          18           8  -7.5000272443392219E-015
          18           9   4.3561713405275353E-014
          18          10  -5.2172697818608156E-014
          18          11   1.3632535357519671E-013
          18          12   3.7023453396575333E-015
          18          13  -4.3676962378525446E-014
          18          14   1.5275956105866662E-014
          18          15   1.4712340813393810E-014
          18          16   6.3968191582774132E-016
          18          17   7.0935709942647142E-015
          18          18   4.1492043720292582     
          18          19   5.2749298268959914E-004
          18          20   1.0433095801597478     
          18          21  -4.9430682779854382E-004
          18          22   7.0989637128899776E-005
          18          23   1.0433178325017809     
          18          24  -1.5203676037624401     
          18          25   1.1533843721592508E-003
          18          26  -1.1102009529210211     
          18          27  -1.0808206822036086E-003
          18          28   1.3131328597913329E-004
          18          29  -1.1101866097096473     
          19           1  -4.1611227634679483E-005
          19           2  -5.2089094342994005E-004
          19           3  -1.1534334829805862E-003
          19           4  -4.2162186470799911E-004
          19           5  -1.2922709240714852E-004
          19           6   7.1516414163586316E-015
          19           7  -8.8187946683086552E-015
          19           8  -4.0497802367377368E-015
          19           9  -9.4172964769436146E-014
          19          10  -1.5016199636707375E-013
          19          11  -6.2539211505218294E-014
          19          12  -6.6700262117728225E-014
          19          13  -2.0408464546761025E-013
          19          14  -7.0810951208723687E-014
          19          15   4.5381270319303893E-014
          19          16   9.3401095290186898E-014
          19          17   7.9530866493715917E-014
          19          18   5.2749298268959914E-004
          19          19   2.0724134891289405     
          19          20   5.2920428580086444E-004
          19          21  -1.9014780106500906E-006
          19          22   1.1893272263050026E-005
          19          23   5.5116674990429281E-004
          19          24  -3.7744649470895462E-006
          19          25 -0.26599071090307402     
          19          26  -1.9332162421516565E-005
          19          27   1.2400029999188319E-005
          19          28  -7.2646775051669418E-005
          19          29  -1.5317578196583512E-004
          20           1 -0.18293098146589268     
          20           2  -2.2924430530489044     
          20           3  -5.8625245338925636     
          20           4  -1.0096808153304297     
          20           5   3.9518681784453817     
          20           6  -3.9096596455420443E-015
          20           7   7.0517733392436204E-015
          20           8  -1.2208166815466200E-014
          20           9   6.8165062079726657E-014
          20          10   1.1301986529841013E-014
          20          11   9.4452731667524213E-014
          20          12   3.6065775209806331E-014
          20          13  -3.0957909574430341E-014
          20          14   2.7146248643410375E-014
          20          15  -3.3739061133264635E-014
          20          16   1.4008799154335815E-014
          20          17  -4.1954342490473941E-015
          20          18   1.0433095801597478     
          20          19   5.2920428580086444E-004
          20          20   4.1559326232246345     
          20          21  -5.1648742194814606E-004
          20          22   6.8373367303201083E-005
          20          23   1.0468226088868788     
          20          24  -1.1172563216833109     
          20          25   1.1370905693414387E-003
          20          26  -1.5136784077393211     
          20          27  -9.3750699295779168E-004
          20          28   1.4686480295934642E-004
          20          29  -1.1112615930838503     
          21           1   3.8993341186070537E-005
          21           2   4.8812014073914677E-004
          21           3   1.0808675231905364E-003
          21           4   3.9509625212020644E-004
          21           5   1.2109684954669592E-004
          21           6  -3.3466868745632145E-014
          21           7   2.1811710721588260E-014
          21           8   2.1538526889916290E-014
          21           9   3.5156383356831504E-013
          21          10   5.1352140894106907E-013
          21          11   2.1828909428137739E-013
          21          12   2.3853280502901709E-013
          21          13   7.1787723169714391E-013
          21          14   2.5034506249606026E-013
          21          15  -1.6071458892161626E-013
          21          16  -3.2634835355315743E-013
          21          17  -2.7424231290636128E-013
          21          18  -4.9430682779854382E-004
          21          19  -1.9014780106500906E-006
          21          20  -5.1648742194814606E-004
          21          21   2.0724132418171655     
          21          22  -1.2686967708509130E-005
          21          23  -4.9591423929674179E-004
          21          24   3.5370090726212390E-006
          21          25   1.2400030715501878E-005
          21          26   1.4350465987913359E-004
          21          27 -0.26598909811136484     
          21          28   7.7480489514016531E-005
          21          29   1.8150316275863037E-005
          22           1  -5.3762054541120844E-006
          22           2  -6.7299560329807436E-005
          22           3  -1.4902345130043691E-004
          22           4  -5.4466663776530143E-005
          22           5  -1.6685630272942920E-005
          22           6  -4.0628188575589025E-015
          22           7   3.7294627618967016E-015
          22           8   2.5868161219209903E-015
          22           9   4.9413561921102730E-014
          22          10   7.9453413299513487E-014
          22          11   2.6142530033365962E-014
          22          12   3.4188782252449439E-014
          22          13   1.1287150882785827E-013
          22          14   4.0346602368241223E-014
          22          15  -2.2417684631503489E-014
          22          16  -5.5084764025419469E-014
          22          17  -4.3140283990853157E-014
          22          18   7.0989637128899776E-005
          22          19   1.1893272263050026E-005
          22          20   6.8373367303201083E-005
          22          21  -1.2686967708509130E-005
          22          22   2.0723229693945959     
          22          23   6.8373889373939380E-005
          22          24  -1.7777497263033450E-005
          22          25  -7.2646833228357142E-005
          22          26  -2.4976165368604884E-006
          22          27   7.7480543945171359E-005
          22          28 -0.26543779573478088     
          22          29  -2.5023584022738310E-006
          23           1 -0.18293161376760542     
          23           2  -2.2924509308084415     
          23           3  -5.8625420172298028     
          23           4  -1.0096871337223150     
          23           5   3.9518669704904221     
          23           6  -6.4285908103192075E-015
          23           7   6.9742035740436392E-015
          23           8  -1.2680842617970393E-014
          23           9   4.2448620302415420E-014
          23          10  -4.1558882055289305E-015
          23          11   9.2300308982158513E-014
          23          12   3.7723574600902794E-014
          23          13  -3.4518315894509400E-014
          23          14   2.2785154531129235E-014
          23          15  -2.8397578161007336E-014
          23          16   1.7110928520776491E-014
          23          17  -4.9011670789487762E-015
          23          18   1.0433178325017809     
          23          19   5.5116674990429281E-004
          23          20   1.0468226088868788     
          23          21  -4.9591423929674179E-004
          23          22   6.8373889373939380E-005
          23          23   4.1559485363094968     
          23          24  -1.1172586292102999     
          23          25   1.0004106194176909E-003
          23          26  -1.1112782439059077     
          23          27  -1.0655159466528296E-003
          23          28   1.4685983580106922E-004
          23          29  -1.5136628528069438     
          24           1  0.12862083661478446     
          24           2   1.3184889446803707     
          24           3   3.3704306854525421     
          24           4  0.49863630610589010     
          24           5  -2.7642153823539455     
          24           6   2.5301562879202322E-014
          24           7  -2.4769438475144263E-014
          24           8   1.9648576173115795E-014
          24           9  -1.6209935071526952E-014
          24          10   1.3113151221919710E-014
          24          11  -3.3420069681567332E-014
          24          12  -3.5203909329172711E-014
          24          13   3.5597870442228065E-014
          24          14  -1.7813443008974303E-014
          24          15   1.7556625526600419E-015
          24          16  -1.4431651558518255E-014
          24          17  -2.2978580539948604E-015
          24          18  -1.5203676037624401     
          24          19  -3.7744649470895462E-006
          24          20  -1.1172563216833109     
          24          21   3.5370090726212390E-006
          24          22  -1.7777497263033450E-005
          24          23  -1.1172586292102999     
          24          24  0.90947939121193788     
          24          25  -1.5099364013626971E-003
          24          26  0.84790393681733589     
          24          27   1.4149406957161537E-003
          24          28  -1.9084775960007531E-004
          24          29  0.84788299553620816     
          25           1  -1.2069658086753719E-004
          25           2  -1.3299494413607350E-003
          25           3  -2.9600497320735495E-003
          25           4   2.5480972752149335E-004
          25           5   4.8504859504943142E-003
          25           6  -9.4237125435545009E-016
          25           7   1.3233432455140550E-015
          25           8   1.9807870211783461E-015
          25           9   1.2898338896888221E-014
          25          10   2.0200788782873879E-014
          25          11   8.8204997158796553E-015
          25          12   9.6837221425937241E-015
          25          13   2.7667370194488554E-014
          25          14   9.7622150486562808E-015
          25          15  -6.2950436818182336E-015
          25          16  -1.2648746228632344E-014
          25          17  -1.0861494278051303E-014
          25          18   1.1533843721592508E-003
          25          19 -0.26599071090307402     
          25          20   1.1370905693414387E-003
          25          21   1.2400030715501878E-005
          25          22  -7.2646833228357142E-005
          25          23   1.0004106194176909E-003
          25          24  -1.5099364013626971E-003
          25          25   3.4289669090438422E-002
          25          26  -1.4637505755782090E-003
          25          27  -9.5376999615153818E-006
          25          28   1.8138447618910031E-005
          25          29  -1.4313547759689648E-003
          26           1  0.12789684814197927     
          26           2   1.3105133414216543     
          26           3   3.3526841825648908     
          26           4  0.50019175139921179     
          26           5  -2.7350488027626869     
          26           6   2.5188206466998984E-014
          26           7  -2.3176093728220939E-014
          26           8   2.2272976624753247E-014
          26           9  -1.6932517636587872E-014
          26          10   4.8785731599582844E-015
          26          11  -2.6897318046625057E-014
          26          12  -3.8354050446355213E-014
          26          13   3.2953772017102060E-014
          26          14  -1.8970671979788707E-014
          26          15   8.3018508063711937E-015
          26          16  -1.5820660165860871E-014
          26          17  -7.0910484696339841E-016
          26          18  -1.1102009529210211     
          26          19  -1.9332162421516565E-005
          26          20  -1.5136784077393211     
          26          21   1.4350465987913359E-004
          26          22  -2.4976165368604884E-006
          26          23  -1.1112782439059077     
          26          24  0.84790393681733589     
          26          25  -1.4637505755782090E-003
          26          26  0.89160547207228547     
          26          27   1.3414050271254054E-003
          26          28  -1.8905524451441152E-004
          26          29  0.83928858467899059     
          27           1   1.1310310776805210E-004
          27           2   1.2462773468982723E-003
          27           3   2.7738219375154681E-003
          27           4  -2.3877869293999215E-004
          27           5  -4.5453238068674804E-003
          27           6   4.3702164208797386E-015
          27           7  -3.2809819935077698E-015
          27           8  -4.0588203307664027E-015
          27           9  -5.1141061886735353E-014
          27          10  -7.0234250696099887E-014
          27          11  -3.0718280161370158E-014
          27          12  -3.2956144652450698E-014
          27          13  -9.7893701096880635E-014
          27          14  -3.4282920265349343E-014
          27          15   2.1977671448772753E-014
          27          16   4.4519480945675606E-014
          27          17   3.7484510744856430E-014
          27          18  -1.0808206822036086E-003
          27          19   1.2400029999188319E-005
          27          20  -9.3750699295779168E-004
          27          21 -0.26598909811136484     
          27          22   7.7480543945171359E-005
          27          23  -1.0655159466528296E-003
          27          24   1.4149406957161537E-003
          27          25  -9.5376999615153818E-006
          27          26   1.3414050271254054E-003
          27          27   3.4288428601907159E-002
          27          28  -1.9227628530153187E-005
          27          29   1.3715584565087262E-003
          28           1  -1.5588755282307644E-005
