           1           1   2.0068456545801423     
           1           2   9.0155538597684645E-002
           1           3  0.24549798694292252     
           1           4   6.8619361802311624E-003
           1           5 -0.31474422083270992     
           1           6  -1.8815943418830324E-016
           1           7   3.5365451073746503E-015
           1           8   5.0742320789987239E-016
           1           9   4.1216998370070830E-015
           1          10   1.8989972246551390E-014
           1          11   1.5743608384242760E-014
           1          12  -1.0025214918835217E-015
           1          13  -2.8967432104610092E-015
           1          14  -3.9093047872783539E-015
           1          15  -4.0017983334023405E-016
           1          16   3.2611947726906684E-016
           1          17   1.6610639092674370E-015
           1          18  -6.4799023584482404E-002
           1          19  -1.5197498944460361E-006
           1          20  -6.4526500376352477E-002
           1          21   1.6774735242611682E-004
           1          22   8.3836748879209227E-007
           1          23  -6.4609429198421123E-002
           1          24  0.10308369764742105     
           1          25  -2.9799000481188618E-006
           1          26  0.10358459467057902     
           1          27   3.2888414616583740E-004
           1          28   1.6442227470083360E-006
           1          29  0.10343210446756826     
           2           1   9.0155538597684645E-002
           2           2   3.3017033928688431     
           2           3   3.2218925806910406     
           2           4  0.14348439341669533     
           2           5  -2.8498119449695336     
           2           6   2.0975947576329402E-014
           2           7   1.8586808967917416E-013
           2           8  -2.0986296244268525E-014
           2           9   5.4022824925527008E-014
           2          10   2.1146589094841561E-013
           2          11   1.8580269514962182E-013
           2          12  -1.3323994905365813E-014
           2          13  -3.5740120987492987E-014
           2          14  -4.4801399929498626E-014
           2          15  -3.2748721289266600E-015
           2          16   9.5981461844320863E-015
           2          17   3.3454370793160335E-015
           2          18  -1.0480405806281861     
           2          19  -1.7948114329972706E-005
           2          20  -1.0448364688664769     
           2          21   1.9810826568547294E-003
           2          22   9.9010360059578848E-006
           2          23  -1.0458114771881957     
           2          24  0.91485855090370516     
           2          25  -3.0782116726258838E-005
           2          26  0.92003100783696679     
           2          27   3.3973438510053727E-003
           2          28   1.6984702030335390E-005
           2          29  0.91845633100153090     
           3           1  0.24549798694292252     
           3           2   3.2218925806910406     
           3           3   10.251438565228373     
           3           4  0.73344451723463977     
           3           5  -7.8344946990315973     
           3           6   4.2781984216455933E-016
           3           7   3.5225989144415189E-014
           3           8   7.1010876870381752E-015
           3           9  -4.6296275606646491E-015
           3          10   4.7070212710853692E-013
           3          11   4.5676066916303146E-013
           3          12  -3.3020674425592831E-014
           3          13  -8.1050725435872327E-014
           3          14  -1.6227760756883111E-013
           3          15   1.8610652370914154E-014
           3          16   1.4009807050407889E-014
           3          17   6.1995587432056549E-014
           3          18  -2.5639747533735822     
           3          19  -3.9813165590880045E-005
           3          20  -2.5568573913265147     
           3          21   4.3944965293422223E-003
           3          22   2.1962997525442603E-005
           3          23  -2.5590232283296372     
           3          24   2.5346649174111571     
           3          25  -6.3640737524045762E-005
           3          26   2.5453507269559030     
           3          27   7.0238685428463806E-003
           3          28   3.5115133224218304E-005
           3          29   2.5420975971794570     
           4           1   6.8619361802311624E-003
           4           2  0.14348439341669533     
           4           3  0.73344451723463977     
           4           4  0.18404233500544653     
           4           5  -8.4032768403524361E-002
           4           6  -4.6305211988893303E-015
           4           7   1.1903293213679866E-014
           4           8  -6.5046741909660352E-015
           4           9   2.7818459026200069E-014
           4          10   1.1559541215385173E-013
           4          11   1.0711866518289871E-013
           4          12   1.1233106689344378E-015
           4          13  -2.6283674551293299E-014
           4          14  -3.1225873267151426E-014
           4          15  -1.6441367549602084E-015
           4          16   8.2197928274043696E-015
           4          17   8.9896420943156982E-015
           4          18 -0.14530979095281338     
           4          19  -1.5210049464261646E-005
           4          20 -0.14263680029007395     
           4          21   1.6787860638901716E-003
           4          22   8.3914292205988603E-006
           4          23 -0.14345034580296806     
           4          24   4.5254287992905040E-002
           4          25   2.9620730709780550E-005
           4          26   4.0236541053444430E-002
           4          27  -3.2691699444678621E-003
           4          28  -1.6343821547809280E-005
           4          29   4.1764104313373185E-002
           5           1 -0.31474422083270992     
           5           2  -2.8498119449695336     
           5           3  -7.8344946990315973     
           5           4  -8.4032768403524361E-002
           5           5   9.1481363122926567     
           5           6   2.7784681610553222E-015
           5           7  -5.5889892754486830E-015
           5           8  -6.1463902419830346E-015
           5           9  -2.3328120077350075E-014
           5          10  -2.7815763644020341E-013
           5          11  -2.2329673737692776E-013
           5          12   7.1106893051776864E-014
           5          13   2.7998349654069884E-014
           5          14   8.9589679573002120E-014
           5          15  -3.4184814133595895E-014
           5          16   9.0867923537517805E-016
           5          17  -4.0277742414294168E-014
           5          18   2.5002874758856333     
           5          19   4.4914896182856588E-006
           5          20   2.4991884569637119     
           5          21  -4.9585512752815797E-004
           5          22  -2.4766693501596169E-006
           5          23   2.4995227060943184     
           5          24  -2.9209205134890643     
           5          25   1.6154942063096870E-004
           5          26  -2.9481569542507704     
           5          27  -1.7829841878074675E-002
           5          28  -8.9137906618439120E-005
           5          29  -2.9398653306011786     
           6           1  -1.8815943418830324E-016
           6           2   2.0975947576329402E-014
           6           3   4.2781984216455933E-016
           6           4  -4.6305211988893303E-015
           6           5   2.7784681610553222E-015
           6           6   2.0003630130289696     
           6           7  -8.2381804120111925E-008
           6           8   9.0927566688008048E-006
           6           9   1.9700615105013287E-003
           6          10  -6.4974541135233308E-006
           6          11   7.1717125529517471E-004
           6          12   1.9166347529396832E-002
           6          13  -1.9714477604796147E-005
           6          14   2.1760302045744726E-003
           6          15  -8.0001354540166110E-003
           6          16   3.3320410998064412E-006
           6          17  -3.6778159734783566E-004
           6          18  -3.0896798373755546E-016
           6          19  -2.2971660253629432E-015
           6          20  -3.2955815004620054E-016
           6          21  -9.8536299178912545E-017
           6          22  -2.6035929963924748E-015
           6          23  -1.5761395544543300E-015
           6          24   3.7732891309908460E-015
           6          25  -1.4102947647088441E-015
           6          26  -1.6652398485817644E-015
           6          27   1.5850706838248059E-015
           6          28   1.7285782629239144E-015
           6          29   1.6638137083472684E-015
           7           1   3.5365451073746503E-015
           7           2   1.8586808967917416E-013
           7           3   3.5225989144415189E-014
           7           4   1.1903293213679866E-014
           7           5  -5.5889892754486830E-015
           7           6  -8.2381804120111925E-008
           7           7   2.0003794951398044     
           7           8   4.5446788116479652E-008
           7           9  -6.4974541201293882E-006
           7          10   3.2700538773680794E-003
           7          11   3.5843833056225648E-006
           7          12  -1.9714477604277844E-005
           7          13   2.3110764756828495E-002
           7          14   1.0875681924376701E-005
           7          15   3.3320411049300825E-006
           7          16  -8.6668008639587003E-003
           7          17  -1.8381526475583627E-006
           7          18  -2.0569972061044638E-014
           7          19   3.5999947209244577E-015
           7          20  -2.2871430138633083E-014
           7          21  -4.5975476685870179E-016
           7          22   1.6401141103475715E-016
           7          23  -1.8098410770516591E-014
           7          24   1.7634818620201439E-015
           7          25  -3.3446266970068470E-016
           7          26   1.2221408062717558E-015
           7          27   2.0866878347843321E-015
           7          28   1.6565111502221416E-015
           7          29   1.0854677997178997E-015
           8           1   5.0742320789987239E-016
           8           2  -2.0986296244268525E-014
           8           3   7.1010876870381752E-015
           8           4  -6.5046741909660352E-015
           8           5  -6.1463902419830346E-015
           8           6   9.0927566688008048E-006
           8           7   4.5446788116479652E-008
           8           8   2.0003744794368612     
           8           9   7.1717125528424791E-004
           8          10   3.5843832970883758E-006
           8          11   2.8744519039582252E-003
           8          12   2.1760302045699354E-003
           8          13   1.0875681922644905E-005
           8          14   2.1910435215905424E-002
           8          15  -3.6778159734762522E-004
           8          16  -1.8381526474707457E-006
           8          17  -8.4639272480431186E-003
           8          18   3.4847257833056744E-015
           8          19  -4.2268993771275983E-015
           8          20   1.2551230010905458E-015
           8          21   1.0181246776127050E-015
           8          22  -2.7909711571896324E-015
           8          23  -1.7747754157726996E-015
           8          24   5.8050110936432522E-015
           8          25  -3.9517718070001955E-016
           8          26   1.8647351696383776E-015
           8          27   2.9979529918366851E-015
           8          28   2.2615960685695481E-015
           8          29   5.9002814720105203E-015
           9           1   4.1216998370070830E-015
           9           2   5.4022824925527008E-014
           9           3  -4.6296275606646491E-015
           9           4   2.7818459026200069E-014
           9           5  -2.3328120077350075E-014
           9           6   1.9700615105013287E-003
           9           7  -6.4974541201293882E-006
           9           8   7.1717125528424791E-004
           9           9   1.8507769890487751     
           9          10  -5.1136185982478613E-004
           9          11   5.6442725873287330E-002
           9          12 -0.24086349234486301     
           9          13  -1.5481921740618486E-003
           9          14  0.17088522489912678     
           9          15   9.0482265170406251E-002
           9          16   2.6191874980951643E-004
           9          17  -2.8909876443703110E-002
           9          18  -2.4874813057639003E-014
           9          19  -3.8787537901547186E-014
           9          20  -5.3406684790537753E-014
           9          21  -8.9193685553611065E-015
           9          22  -9.1760290935976210E-015
           9          23  -5.4120749569835914E-014
           9          24   3.4549721529351941E-014
           9          25   1.9646296533827976E-014
           9          26   3.5295871847071665E-015
           9          27   2.0122639162844997E-014
           9          28   2.7569525331141622E-014
           9          29   1.1276083582674502E-014
          10           1   1.8989972246551390E-014
          10           2   2.1146589094841561E-013
          10           3   4.7070212710853692E-013
          10           4   1.1559541215385173E-013
          10           5  -2.7815763644020341E-013
          10           6  -6.4974541135233308E-006
          10           7   3.2700538773680794E-003
          10           8   3.5843832970883758E-006
          10           9  -5.1136185982478613E-004
          10          10   1.9530888318930182     
          10          11   2.8209770734145476E-004
          10          12  -1.5481921741297422E-003
          10          13   6.8894443753513945E-002
          10          14   8.5407516126795313E-004
          10          15   2.6191874989368088E-004
          10          16   3.8078298324554352E-002
          10          17  -1.4449000724879070E-004
          10          18  -1.6752544289046078E-013
          10          19  -1.2082117642169068E-013
          10          20  -2.1864262228500326E-013
          10          21  -2.2564515887149300E-014
          10          22  -3.4102428213279633E-014
          10          23  -2.1053777329046583E-013
          10          24   1.7667348068121469E-013
          10          25   5.9811018413040192E-014
          10          26   7.6888306454352822E-014
          10          27   6.6361126280847817E-014
          10          28   8.6843800425549888E-014
          10          29   9.4416136597464864E-014
          11           1   1.5743608384242760E-014
          11           2   1.8580269514962182E-013
          11           3   4.5676066916303146E-013
          11           4   1.0711866518289871E-013
          11           5  -2.2329673737692776E-013
          11           6   7.1717125529517471E-004
          11           7   3.5843833056225648E-006
          11           8   2.8744519039582252E-003
          11           9   5.6442725873287330E-002
          11          10   2.8209770734145476E-004
          11          11   1.9219542129485738     
          11          12  0.17088522489904479     
          11          13   8.5407516111210557E-004
          11          14  -2.5368302741473295E-002
          11          15  -2.8909876443649472E-002
          11          16  -1.4449000721073434E-004
          11          17   5.4025401744510808E-002
          11          18  -1.3000538216284945E-013
          11          19  -8.3484259339804118E-014
          11          20  -1.5734184103714435E-013
          11          21  -8.5394136580524986E-015
          11          22  -3.1227594798249525E-014
          11          23  -1.9494507541953325E-013
          11          24   1.1774610895726567E-013
          11          25   3.5740922207019170E-014
          11          26   5.5031620202396691E-014
          11          27   3.4784370333604222E-014
          11          28   5.0963363558789343E-014
          11          29   7.6313289675357301E-014
          12           1  -1.0025214918835217E-015
          12           2  -1.3323994905365813E-014
          12           3  -3.3020674425592831E-014
          12           4   1.1233106689344378E-015
          12           5   7.1106893051776864E-014
          12           6   1.9166347529396832E-002
          12           7  -1.9714477604277844E-005
          12           8   2.1760302045699354E-003
          12           9 -0.24086349234486301     
          12          10  -1.5481921741297422E-003
          12          11  0.17088522489904479     
          12          12  0.34866768188310382     
          12          13  -4.6879113084311846E-003
          12          14  0.51743885011068613     
          12          15  -6.8637507145346943E-002
          12          16   7.9614116917768032E-004
          12          17  -8.7875888429846311E-002
          12          18   1.5652318082326973E-014
          12          19   6.1761411520788149E-015
          12          20   2.3506439870974200E-014
          12          21  -5.8375130384344199E-016
          12          22  -3.1629524571505455E-015
          12          23   7.0918079108376464E-015
          12          24  -2.7010935765889303E-014
          12          25  -3.0645513148516963E-015
          12          26  -2.1763513216325627E-014
          12          27  -6.1624614920134705E-015
          12          28  -7.3053102156680346E-015
          12          29  -1.6684397813006936E-014
          13           1  -2.8967432104610092E-015
          13           2  -3.5740120987492987E-014
          13           3  -8.1050725435872327E-014
          13           4  -2.6283674551293299E-014
          13           5   2.7998349654069884E-014
          13           6  -1.9714477604796147E-005
          13           7   2.3110764756828495E-002
          13           8   1.0875681922644905E-005
          13           9  -1.5481921740618486E-003
          13          10   6.8894443753513945E-002
          13          11   8.5407516111210557E-004
          13          12  -4.6879113084311846E-003
          13          13   1.2866117923940041     
          13          14   2.5861315368408046E-003
          13          15   7.9614116916990789E-004
          13          16 -0.22792719324265739     
          13          17  -4.3919896302351555E-004
          13          18   2.5261051217058228E-014
          13          19   2.2218681869306488E-014
          13          20   4.1006952557646853E-014
          13          21   1.2684228882691068E-014
          13          22   1.1506791614979145E-014
          13          23   2.8540459151488118E-014
          13          24  -2.8839054496680931E-014
          13          25  -7.6095887453680913E-015
          13          26  -8.8413515560862099E-015
          13          27  -1.3222491105952131E-014
          13          28  -1.3343665271055961E-014
          13          29  -1.0486197534888222E-014
          14           1  -3.9093047872783539E-015
          14           2  -4.4801399929498626E-014
          14           3  -1.6227760756883111E-013
          14           4  -3.1225873267151426E-014
          14           5   8.9589679573002120E-014
          14           6   2.1760302045744726E-003
          14           7   1.0875681924376701E-005
          14           8   2.1910435215905424E-002
          14           9  0.17088522489912678     
          14          10   8.5407516126795313E-004
          14          11  -2.5368302741473295E-002
          14          12  0.51743885011068613     
          14          13   2.5861315368408046E-003
          14          14   1.0011850845933867     
          14          15  -8.7875888429848559E-002
          14          16  -4.3919896302720618E-004
          14          17 -0.17945358998650282     
          14          18   3.5134593385092906E-014
          14          19   7.7778545880592483E-015
          14          20   4.1640198440868071E-014
          14          21  -3.3256250859906204E-015
          14          22  -8.6055112649070251E-016
          14          23   4.5282169844424145E-014
          14          24  -3.7591146243268083E-014
          14          25  -4.9155352545798908E-015
          14          26  -2.5555210715253188E-014
          14          27  -1.0126847032138550E-014
          14          28  -1.3657948056011031E-014
          14          29  -2.1159110895055291E-014
          15           1  -4.0017983334023405E-016
          15           2  -3.2748721289266600E-015
          15           3   1.8610652370914154E-014
          15           4  -1.6441367549602084E-015
          15           5  -3.4184814133595895E-014
          15           6  -8.0001354540166110E-003
          15           7   3.3320411049300825E-006
          15           8  -3.6778159734762522E-004
          15           9   9.0482265170406251E-002
          15          10   2.6191874989368088E-004
          15          11  -2.8909876443649472E-002
          15          12  -6.8637507145346943E-002
          15          13   7.9614116916990789E-004
          15          14  -8.7875888429848559E-002
          15          15   1.4670608064871207E-002
          15          16  -1.3524979451826633E-004
          15          17   1.4928503026612814E-002
          15          18  -8.1429560014813498E-015
          15          19  -5.8604459640598111E-015
          15          20  -9.8628783303275044E-015
          15          21  -5.4611942746239152E-015
          15          22  -4.0545844921822461E-015
          15          23  -2.6441253236141685E-015
          15          24   1.1939574496148303E-014
          15          25   1.4505474467196268E-015
          15          26   1.0518868852659285E-014
          15          27   2.3181757218098206E-015
          15          28   2.4406849328681239E-015
          15          29   9.1864136000124090E-015
          16           1   3.2611947726906684E-016
          16           2   9.5981461844320863E-015
          16           3   1.4009807050407889E-014
          16           4   8.2197928274043696E-015
          16           5   9.0867923537517805E-016
          16           6   3.3320410998064412E-006
          16           7  -8.6668008639587003E-003
          16           8  -1.8381526474707457E-006
          16           9   2.6191874980951643E-004
          16          10   3.8078298324554352E-002
          16          11  -1.4449000721073434E-004
          16          12   7.9614116917768032E-004
          16          13 -0.22792719324265739     
          16          14  -4.3919896302720618E-004
          16          15  -1.3524979451826633E-004
          16          16   4.1731006582605618E-002
          16          17   7.4611855038637367E-005
          16          18  -6.2897363247321527E-015
          16          19  -5.1960187575524121E-015
          16          20  -1.4225077546554711E-014
          16          21   5.6929184678454486E-016
          16          22  -1.0821233072650495E-015
          16          23  -3.6994552306628621E-015
          16          24   5.3704980120559131E-015
          16          25   2.4149521896267141E-015
          16          26   1.6263114573903550E-016
          16          27   3.2969680530865464E-015
          16          28   3.9748512226831550E-015
          16          29  -1.6977637024666461E-016
          17           1   1.6610639092674370E-015
          17           2   3.3454370793160335E-015
          17           3   6.1995587432056549E-014
          17           4   8.9896420943156982E-015
          17           5  -4.0277742414294168E-014
          17           6  -3.6778159734783566E-004
          17           7  -1.8381526475583627E-006
          17           8  -8.4639272480431186E-003
          17           9  -2.8909876443703110E-002
          17          10  -1.4449000724879070E-004
          17          11   5.4025401744510808E-002
          17          12  -8.7875888429846311E-002
          17          13  -4.3919896302351555E-004
          17          14 -0.17945358998650282     
          17          15   1.4928503026612814E-002
          17          16   7.4611855038637367E-005
          17          17   3.3496229718891699E-002
          17          18  -1.2004260433101854E-014
          17          19  -2.0470230435204544E-015
          17          20  -1.8428077769243647E-014
          17          21   5.1821813889348199E-015
          17          22   3.7947348011742691E-015
          17          23  -1.4782286800889787E-014
          17          24   1.5183775795778755E-014
          17          25   1.4776255163868649E-015
          17          26   1.2354668448230493E-014
          17          27   1.9544849865821671E-015
          17          28   2.9336155773585637E-015
          17          29   1.1429420116811641E-014
          18           1  -6.4799023584482404E-002
          18           2  -1.0480405806281861     
          18           3  -2.5639747533735822     
          18           4 -0.14530979095281338     
          18           5   2.5002874758856333     
          18           6  -3.0896798373755546E-016
          18           7  -2.0569972061044638E-014
          18           8   3.4847257833056744E-015
          18           9  -2.4874813057639003E-014
          18          10  -1.6752544289046078E-013
          18          11  -1.3000538216284945E-013
          18          12   1.5652318082326973E-014
          18          13   2.5261051217058228E-014
          18          14   3.5134593385092906E-014
          18          15  -8.1429560014813498E-015
          18          16  -6.2897363247321527E-015
          18          17  -1.2004260433101854E-014
          18          18   2.8579015747973031     
          18          19   1.6609951170945710E-005
          18          20 -0.25279112404256204     
          18          21  -1.8333765898781076E-003
          18          22  -9.6072818291986262E-006
          18          23 -0.25185187629181133     
          18          24  -1.0641815941114414     
          18          25   2.3027788056233308E-005
          18          26 -0.68866241543117912     
          18          27  -2.5415366427608364E-003
          18          28  -1.0262925275053253E-005
          18          29 -0.68771674564242391     
          19           1  -1.5197498944460361E-006
          19           2  -1.7948114329972706E-005
          19           3  -3.9813165590880045E-005
          19           4  -1.5210049464261646E-005
          19           5   4.4914896182856588E-006
          19           6  -2.2971660253629432E-015
          19           7   3.5999947209244577E-015
          19           8  -4.2268993771275983E-015
          19           9  -3.8787537901547186E-014
          19          10  -1.2082117642169068E-013
          19          11  -8.3484259339804118E-014
          19          12   6.1761411520788149E-015
          19          13   2.2218681869306488E-014
          19          14   7.7778545880592483E-015
          19          15  -5.8604459640598111E-015
          19          16  -5.1960187575524121E-015
          19          17  -2.0470230435204544E-015
          19          18   1.6609951170945710E-005
          19          19   2.0713348565373328     
          19          20   1.6549686485510575E-005
          19          21   2.1620931672095070E-007
          19          22   5.1137611412857031E-005
          19          23   1.7373707572774296E-005
          19          24  -4.1459262098200008E-006
          19          25 -0.24998888909090516     
          19          26  -3.6587133423567763E-006
          19          27  -1.0581059893134451E-006
          19          28  -2.7563475325078171E-004
          19          29  -8.1363690793700474E-006
          20           1  -6.4526500376352477E-002
          20           2  -1.0448364688664769     
          20           3  -2.5568573913265147     
          20           4 -0.14263680029007395     
          20           5   2.4991884569637119     
          20           6  -3.2955815004620054E-016
          20           7  -2.2871430138633083E-014
          20           8   1.2551230010905458E-015
          20           9  -5.3406684790537753E-014
          20          10  -2.1864262228500326E-013
          20          11  -1.5734184103714435E-013
          20          12   2.3506439870974200E-014
          20          13   4.1006952557646853E-014
          20          14   4.1640198440868071E-014
          20          15  -9.8628783303275044E-015
          20          16  -1.4225077546554711E-014
          20          17  -1.8428077769243647E-014
          20          18 -0.25279112404256204     
          20          19   1.6549686485510575E-005
          20          20   2.8520186755254651     
          20          21  -1.9156566890222452E-003
          20          22  -9.1296072712321307E-006
          20          23 -0.25493141352136650     
          20          24 -0.68394519537915899     
          20          25   2.3536374555473317E-005
          20          26  -1.0672978268359872     
          20          27  -2.1088122886997844E-003
          20          28  -1.2986508285120303E-005
          20          29 -0.68616506635308405     
          21           1   1.6774735242611682E-004
          21           2   1.9810826568547294E-003
          21           3   4.3944965293422223E-003
          21           4   1.6787860638901716E-003
          21           5  -4.9585512752815797E-004
          21           6  -9.8536299178912545E-017
          21           7  -4.5975476685870179E-016
          21           8   1.0181246776127050E-015
          21           9  -8.9193685553611065E-015
          21          10  -2.2564515887149300E-014
          21          11  -8.5394136580524986E-015
          21          12  -5.8375130384344199E-016
          21          13   1.2684228882691068E-014
          21          14  -3.3256250859906204E-015
          21          15  -5.4611942746239152E-015
          21          16   5.6929184678454486E-016
          21          17   5.1821813889348199E-015
          21          18  -1.8333765898781076E-003
          21          19   2.1620931672095070E-007
          21          20  -1.9156566890222452E-003
          21          21   2.0713109967451908     
          21          22  -4.4157291954844695E-007
          21          23  -1.8287506982723634E-003
          21          24   4.5761699473253917E-004
          21          25  -1.0580921184708879E-006
          21          26   8.8172008801881403E-004
          21          27 -0.24987212529243380     
          21          28   2.3209097269935828E-006
          21          29   4.2021494101649858E-004
          22           1   8.3836748879209227E-007
          22           2   9.9010360059578848E-006
          22           3   2.1962997525442603E-005
          22           4   8.3914292205988603E-006
          22           5  -2.4766693501596169E-006
          22           6  -2.6035929963924748E-015
          22           7   1.6401141103475715E-016
          22           8  -2.7909711571896324E-015
          22           9  -9.1760290935976210E-015
          22          10  -3.4102428213279633E-014
          22          11  -3.1227594798249525E-014
          22          12  -3.1629524571505455E-015
          22          13   1.1506791614979145E-014
          22          14  -8.6055112649070251E-016
          22          15  -4.0545844921822461E-015
          22          16  -1.0821233072650495E-015
          22          17   3.7947348011742691E-015
          22          18  -9.6072818291986262E-006
          22          19   5.1137611412857031E-005
          22          20  -9.1296072712321307E-006
          22          21  -4.4157291954844695E-007
          22          22   2.0713993437348712     
          22          23  -9.1397329751858854E-006
          22          24   4.6752296331171692E-006
          22          25  -2.7563475340367508E-004
          22          26   2.0183159412581870E-006
          22          27   2.3209348554922858E-006
          22          28 -0.25033647890387134     
          22          29   2.1001581793109562E-006
          23           1  -6.4609429198421123E-002
          23           2  -1.0458114771881957     
          23           3  -2.5590232283296372     
          23           4 -0.14345034580296806     
          23           5   2.4995227060943184     
          23           6  -1.5761395544543300E-015
          23           7  -1.8098410770516591E-014
          23           8  -1.7747754157726996E-015
          23           9  -5.4120749569835914E-014
          23          10  -2.1053777329046583E-013
          23          11  -1.9494507541953325E-013
          23          12   7.0918079108376464E-015
          23          13   2.8540459151488118E-014
          23          14   4.5282169844424145E-014
          23          15  -2.6441253236141685E-015
          23          16  -3.6994552306628621E-015
          23          17  -1.4782286800889787E-014
          23          18 -0.25185187629181133     
          23          19   1.7373707572774296E-005
          23          20 -0.25493141352136650     
          23          21  -1.8287506982723634E-003
          23          22  -9.1397329751858854E-006
          23          23   2.8538066890952232     
          23          24 -0.68443547327885279     
          23          25   1.8952796098361994E-005
          23          26 -0.68760101947634567     
          23          27  -2.5805812122038124E-003
          23          28  -1.2901084288052741E-005
          23          29  -1.0663309476473752     
          24           1  0.10308369764742105     
          24           2  0.91485855090370516     
          24           3   2.5346649174111571     
          24           4   4.5254287992905040E-002
          24           5  -2.9209205134890643     
          24           6   3.7732891309908460E-015
          24           7   1.7634818620201439E-015
          24           8   5.8050110936432522E-015
          24           9   3.4549721529351941E-014
          24          10   1.7667348068121469E-013
          24          11   1.1774610895726567E-013
          24          12  -2.7010935765889303E-014
          24          13  -2.8839054496680931E-014
          24          14  -3.7591146243268083E-014
          24          15   1.1939574496148303E-014
          24          16   5.3704980120559131E-015
          24          17   1.5183775795778755E-014
          24          18  -1.0641815941114414     
          24          19  -4.1459262098200008E-006
          24          20 -0.68394519537915899     
          24          21   4.5761699473253917E-004
          24          22   4.6752296331171692E-006
          24          23 -0.68443547327885279     
          24          24  0.96660605319189608     
          24          25  -4.7315346161113612E-005
          24          26  0.92801552968554912     
          24          27   5.2220967625580877E-003
          24          28   2.5568962415014216E-005
          24          29  0.92564097458544425     
          25           1  -2.9799000481188618E-006
          25           2  -3.0782116726258838E-005
          25           3  -6.3640737524045762E-005
          25           4   2.9620730709780550E-005
          25           5   1.6154942063096870E-004
          25           6  -1.4102947647088441E-015
          25           7  -3.3446266970068470E-016
          25           8  -3.9517718070001955E-016
          25           9   1.9646296533827976E-014
          25          10   5.9811018413040192E-014
          25          11   3.5740922207019170E-014
          25          12  -3.0645513148516963E-015
          25          13  -7.6095887453680913E-015
          25          14  -4.9155352545798908E-015
          25          15   1.4505474467196268E-015
          25          16   2.4149521896267141E-015
          25          17   1.4776255163868649E-015
          25          18   2.3027788056233308E-005
          25          19 -0.24998888909090516     
          25          20   2.3536374555473317E-005
          25          21  -1.0580921184708879E-006
          25          22  -2.7563475340367508E-004
          25          23   1.8952796098361994E-005
          25          24  -4.7315346161113612E-005
          25          25   3.0342025087331005E-002
          25          26  -4.8925801246525972E-005
          25          27  -7.4600944836081624E-007
          25          28   6.0965289973622401E-005
          25          29  -4.7459966858352936E-005
          26           1  0.10358459467057902     
          26           2  0.92003100783696679     
          26           3   2.5453507269559030     
          26           4   4.0236541053444430E-002
          26           5  -2.9481569542507704     
          26           6  -1.6652398485817644E-015
          26           7   1.2221408062717558E-015
          26           8   1.8647351696383776E-015
          26           9   3.5295871847071665E-015
          26          10   7.6888306454352822E-014
          26          11   5.5031620202396691E-014
          26          12  -2.1763513216325627E-014
          26          13  -8.8413515560862099E-015
          26          14  -2.5555210715253188E-014
          26          15   1.0518868852659285E-014
          26          16   1.6263114573903550E-016
          26          17   1.2354668448230493E-014
          26          18 -0.68866241543117912     
          26          19  -3.6587133423567763E-006
          26          20  -1.0672978268359872     
          26          21   8.8172008801881403E-004
          26          22   2.0183159412581870E-006
          26          23 -0.68760101947634567     
          26          24  0.92801552968554912     
          26          25  -4.8925801246525972E-005
          26          26  0.98282281171611985     
          26          27   5.2921485237811322E-003
          26          28   2.6995617495629131E-005
          26          29  0.93363037091226120     
          27           1   3.2888414616583740E-004
          27           2   3.3973438510053727E-003
          27           3   7.0238685428463806E-003
          27           4  -3.2691699444678621E-003
          27           5  -1.7829841878074675E-002
          27           6   1.5850706838248059E-015
          27           7   2.0866878347843321E-015
          27           8   2.9979529918366851E-015
          27           9   2.0122639162844997E-014
          27          10   6.6361126280847817E-014
          27          11   3.4784370333604222E-014
          27          12  -6.1624614920134705E-015
          27          13  -1.3222491105952131E-014
          27          14  -1.0126847032138550E-014
          27          15   2.3181757218098206E-015
          27          16   3.2969680530865464E-015
          27          17   1.9544849865821671E-015
          27          18  -2.5415366427608364E-003
          27          19  -1.0581059893134451E-006
          27          20  -2.1088122886997844E-003
          27          21 -0.24987212529243380     
          27          22   2.3209348554922858E-006
          27          23  -2.5805812122038124E-003
          27          24   5.2220967625580877E-003
          27          25  -7.4600944836081624E-007
          27          26   5.2921485237811322E-003
          27          27   3.0424361768414440E-002
          27          28   2.7383553520842249E-008
          27          29   5.3457279085874646E-003
          28           1   1.6442227470083360E-006
