           1           1   1.9987830363881214     
           1           2  -9.8736570415202864E-003
           1           3  -1.4781823529624035E-002
           1           4  -3.2422899755752241E-003
           1           5  -4.6869891541489201E-003
           1           6   1.2327187846280963E-012
           1           7  -1.5271012684109147E-012
           1           8   7.1862007834501991E-013
           1           9  -6.1385012968096856E-012
           1          10   3.5231178866096952E-011
           1          11   9.7016342055496365E-012
           1          12   3.6219439528653661E-011
           1          13  -6.4868045285077745E-012
           1          14   1.8308347280599346E-011
           1          15   5.6731454030246667E-011
           1          16  -8.4047352841663508E-012
           1          17   2.7353424704892664E-011
           1          18   8.2865283712513955E-003
           1          19   2.7591004180815112E-005
           1          20   8.3305459595263906E-003
           1          21   1.4268674888279274E-004
           1          22  -6.2564401752512828E-005
           1          23   8.0608193711847482E-003
           1          24   2.2737534689651218E-003
           1          25   5.2945093057169279E-006
           1          26   2.2822001513487086E-003
           1          27   2.7380650594967719E-005
           1          28  -1.2005668922624382E-005
           1          29   2.2304412551300604E-003
           2           1  -9.8736570415202864E-003
           2           2   1.9599304002539659     
           2           3  -1.3387935574637945E-002
           2           4  -9.2475865287288371E-003
           2           5   4.2145965825021087E-002
           2           6   1.2531528429052051E-011
           2           7   8.0454303563973810E-011
           2           8  -1.0906400949110793E-011
           2           9  -8.5156120939885175E-011
           2          10   3.8831668920267394E-010
           2          11   9.6501526628575496E-011
           2          12   2.4974396383724456E-010
           2          13  -5.7516943981838589E-011
           2          14   1.3689806790782957E-010
           2          15   3.9040621397318347E-010
           2          16  -7.8305279758502786E-011
           2          17   1.9590011720110503E-010
           2          18   1.6663545591504687E-002
           2          19   3.2519860759403743E-004
           2          20   1.7182355120017274E-002
           2          21   1.6817639072023464E-003
           2          22  -7.3740881629422682E-004
           2          23   1.4003249131430445E-002
           2          24  -8.8450352773037540E-003
           2          25   5.5761312098108828E-005
           2          26  -8.7560755552360762E-003
           2          27   2.8837067408429482E-004
           2          28  -1.2644267389217320E-004
           2          29  -9.3011959232219103E-003
           3           1  -1.4781823529624035E-002
           3           2  -1.3387935574637945E-002
           3           3   2.1185508413686192     
           3           4  -1.4905606557056991E-002
           3           5  0.13776820249709570     
           3           6   3.7645386402693255E-011
           3           7  -2.9713772690705427E-011
           3           8   1.8736220131976793E-011
           3           9  -1.6565112880861591E-010
           3          10   8.8512993121948758E-010
           3          11   2.3968846198409655E-010
           3          12   1.0153415590717462E-009
           3          13  -1.8683303934641711E-010
           3          14   4.6874831328338320E-010
           3          15   1.5240909098274445E-009
           3          16  -7.3907521106320203E-011
           3          17   7.3358108206373779E-010
           3          18  -5.2509593549791705E-002
           3          19   5.9973113908124570E-004
           3          20  -5.1552808125438977E-002
           3          21   3.1015036403861758E-003
           3          22  -1.3599298669598684E-003
           3          23  -5.7415708305300683E-002
           3          24  -4.3626857883190290E-002
           3          25   1.5004161196456955E-004
           3          26  -4.3387486358890177E-002
           3          27   7.7594432792095123E-004
           3          28  -3.4023018701601017E-004
           3          29  -4.4854291701387897E-002
           4           1  -3.2422899755752241E-003
           4           2  -9.2475865287288371E-003
           4           3  -1.4905606557056991E-002
           4           4  0.43102140106252668     
           4           5  0.55393258816558810     
           4           6   1.8949022853933657E-012
           4           7   2.1159653113381738E-011
           4           8  -8.7059188858623749E-013
           4           9  -7.1269999898004549E-011
           4          10   3.4539818984486173E-010
           4          11   1.4638208944703893E-010
           4          12   3.0268392905660110E-010
           4          13   2.0783875549239212E-009
           4          14   7.9117555695416922E-010
           4          15   6.6932738662366201E-010
           4          16   2.5882072728161473E-009
           4          17   6.3347760508090193E-010
           4          18  -1.2593182789575720E-002
           4          19  -4.3185735453494541E-004
           4          20  -1.3282158326576936E-002
           4          21  -2.2333629087175322E-003
           4          22   9.7926346822588706E-004
           4          23  -9.0603462490454478E-003
           4          24   2.9486359436598487E-002
           4          25   1.6797465098049129E-004
           4          26   2.9754333776782754E-002
           4          27   8.6868449354207157E-004
           4          28  -3.8090054367241350E-004
           4          29   2.8112196639795032E-002
           5           1  -4.6869891541489201E-003
           5           2   4.2145965825021087E-002
           5           3  0.13776820249709570     
           5           4  0.55393258816558810     
           5           5  0.72580235204159393     
           5           6   1.3529589117936206E-011
           5           7  -5.1826015444708690E-011
           5           8   3.1380649094717717E-011
           5           9  -1.0006635960927588E-010
           5          10  -5.1208370913252736E-010
           5          11  -2.0269970627208970E-010
           5          12  -2.8183761381972170E-009
           5          13   3.0825993794277017E-009
           5          14  -4.3687615111510746E-010
           5          15  -4.2665929060808449E-009
           5          16   3.8939861305373945E-009
           5          17  -1.5089942907450729E-009
           5          18  -2.0575424680778078E-002
           5          19  -9.8346957138098511E-004
           5          20  -2.2144413440861720E-002
           5          21  -5.0860139703671169E-003
           5          22   2.2300830410872923E-003
           5          23  -1.2530104973858059E-002
           5          24   3.3733102728946959E-002
           5          25   4.4983102699733876E-005
           5          26   3.3804857988591258E-002
           5          27   2.3263180819247525E-004
           5          28  -1.0201101258871734E-004
           5          29   3.3365071510999864E-002
           6           1   1.2327187846280963E-012
           6           2   1.2531528429052051E-011
           6           3   3.7645386402693255E-011
           6           4   1.8949022853933657E-012
           6           5   1.3529589117936206E-011
           6           6   2.0000300412095440     
           6           7   9.0586445138765240E-008
           6           8   4.6846642840302291E-007
           6           9   1.4128592230088456E-004
           6          10  -2.6723490768155974E-006
           6          11  -1.3820026355655341E-005
           6          12   9.8913825241582162E-004
           6          13  -1.1915009859106263E-005
           6          14  -6.1618746900534454E-005
           6          15  -7.9561324600349137E-004
           6          16  -2.5246121209696917E-005
           6          17  -1.3056049999764005E-004
           6          18   7.3733394343648985E-012
           6          19  -3.7613202690605739E-012
           6          20  -5.6851053003241705E-011
           6          21  -1.1490208641064199E-012
           6          22  -2.2311105040305354E-011
           6          23  -3.5531015999299039E-011
           6          24  -1.8853547584426179E-012
           6          25   7.7412947124903512E-012
           6          26   2.5672861268098642E-013
           6          27   1.5158693497254540E-011
           6          28   4.7699997983263922E-012
           6          29  -2.2648545733716851E-012
           7           1  -1.5271012684109147E-012
           7           2   8.0454303563973810E-011
           7           3  -2.9713772690705427E-011
           7           4   2.1159653113381738E-011
           7           5  -5.1826015444708690E-011
           7           6   9.0586445138765240E-008
           7           7   2.0000302080857448     
           7           8  -2.0540805687631072E-007
           7           9  -2.6723594023608394E-006
           7          10   1.3636292540016173E-004
           7          11   6.0596771624507161E-006
           7          12  -1.1915053117621968E-005
           7          13   9.6718866561657174E-004
           7          14   2.7018184154510310E-005
           7          15  -2.5246149241239967E-005
           7          16  -8.4212107567289691E-004
           7          17   5.7247137309883566E-005
           7          18   2.0484237062446798E-011
           7          19   1.8711296981500262E-011
           7          20   1.7228716516735166E-011
           7          21   1.3490218499551670E-011
           7          22  -4.6648638070070293E-011
           7          23   7.5339904759793638E-011
           7          24   4.0514181033529082E-014
           7          25  -8.5692054253886571E-012
           7          26   2.7681781135715687E-011
           7          27  -2.0417866223817669E-011
           7          28   2.4469894292356849E-012
           7          29   2.0430678077553079E-011
           8           1   7.1862007834501991E-013
           8           2  -1.0906400949110793E-011
           8           3   1.8736220131976793E-011
           8           4  -8.7059188858623749E-013
           8           5   3.1380649094717717E-011
           8           6   4.6846642840302291E-007
           8           7  -2.0540805687631072E-007
           8           8   2.0000291855370858     
           8           9  -1.3820036101818275E-005
           8          10   6.0596966095947108E-006
           8          11   1.6652865974933274E-004
           8          12  -6.1618964018606944E-005
           8          13   2.7018188313059883E-005
           8          14   1.1016893162669992E-003
           8          15  -1.3056085028059601E-004
           8          16   5.7247171169737878E-005
           8          17  -5.5713632220249533E-004
           8          18  -3.5726270368149205E-011
           8          19  -1.6740023839517816E-011
           8          20   9.3232285754689420E-012
           8          21   1.9483381913433042E-011
           8          22   5.3262528325525709E-011
           8          23  -3.3599701812151582E-011
           8          24  -1.7609189589277161E-012
           8          25   4.3934872633535083E-012
           8          26  -8.4091751893203151E-012
           8          27   6.7943534207467455E-012
           8          28   1.9815902628563969E-012
           8          29  -9.9496024400319503E-012
           9           1  -6.1385012968096856E-012
           9           2  -8.5156120939885175E-011
           9           3  -1.6565112880861591E-010
           9           4  -7.1269999898004549E-011
           9           5  -1.0006635960927588E-010
           9           6   1.4128592230088456E-004
           9           7  -2.6723594023608394E-006
           9           8  -1.3820036101818275E-005
           9           9   1.9987734486025435     
           9          10  -1.1670882365767912E-004
           9          11  -6.0355616051030068E-004
           9          12  -1.1594755132034753E-002
           9          13  -3.1479724803895267E-004
           9          14  -1.6279634415962330E-003
           9          15  -1.1877312289476114E-002
           9          16   3.8644154769286313E-005
           9          17   1.9984767119332782E-004
           9          18   2.3877070863216137E-010
           9          19  -1.0859638914433968E-010
           9          20   1.6606519171378113E-010
           9          21   1.2052578222277761E-011
           9          22   2.3575918546285156E-010
           9          23  -1.4165038471834118E-010
           9          24   1.2503739208089763E-010
           9          25   1.7537334141295275E-010
           9          26  -1.9060557723716359E-010
           9          27   7.5144237207541291E-011
           9          28  -2.6283757365084121E-011
           9          29   1.8706397080954786E-010
          10           1   3.5231178866096952E-011
          10           2   3.8831668920267394E-010
          10           3   8.8512993121948758E-010
          10           4   3.4539818984486173E-010
          10           5  -5.1208370913252736E-010
          10           6  -2.6723490768155974E-006
          10           7   1.3636292540016173E-004
          10           8   6.0596966095947108E-006
          10           9  -1.1670882365767912E-004
          10          10   1.9985584496298587     
          10          11   2.6464176375693880E-004
          10          12  -3.1479780453885358E-004
          10          13  -1.2174670477744742E-002
          10          14   7.1381472654781389E-004
          10          15   3.8643014365671903E-005
          10          16  -1.1806125040403397E-002
          10          17  -8.7627190390311054E-005
          10          18  -3.3397354093189593E-010
          10          19  -1.0849810117593852E-010
          10          20  -2.8163515916788626E-010
          10          21   1.0805588004368976E-011
          10          22   3.4250294116492287E-010
          10          23  -3.7382098740878355E-010
          10          24   1.3561729403976226E-010
          10          25  -1.6387139630023061E-010
          10          26   3.9151920843511191E-010
          10          27  -4.4100818388247129E-011
          10          28   7.6495237073840556E-011
          10          29   2.0161459764296524E-010
          11           1   9.7016342055496365E-012
          11           2   9.6501526628575496E-011
          11           3   2.3968846198409655E-010
          11           4   1.4638208944703893E-010
          11           5  -2.0269970627208970E-010
          11           6  -1.3820026355655341E-005
          11           7   6.0596771624507161E-006
          11           8   1.6652865974933274E-004
          11           9  -6.0355616051030068E-004
          11          10   2.6464176375693880E-004
          11          11   1.9998758631748366     
          11          12  -1.6279686008996359E-003
          11          13   7.1381514551105310E-004
          11          14  -8.6212252088993385E-003
          11          15   1.9984025700428896E-004
          11          16  -8.7626434375409249E-005
          11          17  -1.2242336822816521E-002
          11          18  -2.7951044855247316E-010
          11          19  -4.2750758419077376E-010
          11          20   2.8247685493798440E-010
          11          21   5.3286082448470950E-010
          11          22   1.0446615357461317E-009
          11          23  -2.1491292036374158E-010
          11          24   1.8772773487445321E-010
          11          25   1.1649682317492114E-010
          11          26  -3.7543214852843319E-012
          11          27   1.8855309856346442E-011
          11          28  -2.5158738882344921E-011
          11          29   1.7695442263536511E-010
          12           1   3.6219439528653661E-011
          12           2   2.4974396383724456E-010
          12           3   1.0153415590717462E-009
          12           4   3.0268392905660110E-010
          12           5  -2.8183761381972170E-009
          12           6   9.8913825241582162E-004
          12           7  -1.1915053117621968E-005
          12           8  -6.1618964018606944E-005
          12           9  -1.1594755132034753E-002
          12          10  -3.1479780453885358E-004
          12          11  -1.6279686008996359E-003
          12          12  0.15261059757277473     
          12          13   1.2542260287196631E-002
          12          14   6.4862498377954728E-002
          12          15  0.24697334081846362     
          12          16   2.0297665185466607E-002
          12          17  0.10496969329222565     
          12          18   1.0193218571994088E-009
          12          19  -2.2787649622766909E-010
          12          20  -6.8470415541802459E-011
          12          21  -4.8262168802394308E-011
          12          22   1.1393103349302048E-009
          12          23  -9.7381340741070803E-010
          12          24   1.8310734448095734E-009
          12          25  -8.4322977477137682E-010
          12          26  -1.0886824494141251E-009
          12          27   8.5984658380703916E-010
          12          28  -1.9190482059324669E-010
          12          29   2.9602846928699391E-010
          13           1  -6.4868045285077745E-012
          13           2  -5.7516943981838589E-011
          13           3  -1.8683303934641711E-010
          13           4   2.0783875549239212E-009
          13           5   3.0825993794277017E-009
          13           6  -1.1915009859106263E-005
          13           7   9.6718866561657174E-004
          13           8   2.7018188313059883E-005
          13           9  -3.1479724803895267E-004
          13          10  -1.2174670477744742E-002
          13          11   7.1381514551105310E-004
          13          12   1.2542260287196631E-002
          13          13  0.17571560877348946     
          13          14  -2.8440415488060391E-002
          13          15   2.0297660433390274E-002
          13          16  0.28436515089813141     
          13          17  -4.6026301947458562E-002
          13          18   1.2005134314760932E-010
          13          19   3.9312978186808553E-010
          13          20  -2.2172659622660997E-010
          13          21  -4.7051886120675088E-010
          13          22  -1.2236899259533471E-009
          13          23   1.7772144219016701E-010
          13          24   3.0770061577958090E-010
          13          25  -9.8669337870214120E-010
          13          26  -1.9341781214309115E-009
          13          27   1.1367809687300172E-010
          13          28  -6.7966227377310205E-010
          13          29   1.0403987365078110E-009
          14           1   1.8308347280599346E-011
          14           2   1.3689806790782957E-010
          14           3   4.6874831328338320E-010
          14           4   7.9117555695416922E-010
          14           5  -4.3687615111510746E-010
          14           6  -6.1618746900534454E-005
          14           7   2.7018184154510310E-005
          14           8   1.1016893162669992E-003
          14           9  -1.6279634415962330E-003
          14          10   7.1381472654781389E-004
          14          11  -8.6212252088993385E-003
          14          12   6.4862498377954728E-002
          14          13  -2.8440415488060391E-002
          14          14   3.4134996241834373E-002
          14          15  0.10496966036225619     
          14          16  -4.6026299297134074E-002
          14          17   5.5239394751257574E-002
          14          18  -3.5306070323198691E-010
          14          19   7.2338739008735035E-012
          14          20   7.2760605062996030E-010
          14          21   6.9678439485029787E-010
          14          22   8.9144498993979756E-010
          14          23  -4.6185704326450204E-010
          14          24   7.6853634742122224E-010
          14          25  -1.9183452810082980E-010
          14          26  -1.1352130714442195E-010
          14          27   2.8185463582977510E-010
          14          28   7.4418554142155815E-011
          14          29   6.0381919495870225E-011
          15           1   5.6731454030246667E-011
          15           2   3.9040621397318347E-010
          15           3   1.5240909098274445E-009
          15           4   6.6932738662366201E-010
          15           5  -4.2665929060808449E-009
          15           6  -7.9561324600349137E-004
          15           7  -2.5246149241239967E-005
          15           8  -1.3056085028059601E-004
          15           9  -1.1877312289476114E-002
          15          10   3.8643014365671903E-005
          15          11   1.9984025700428896E-004
          15          12  0.24697334081846362     
          15          13   2.0297660433390274E-002
          15          14  0.10496966036225619     
          15          15  0.39971513056634178     
          15          16   3.2850917589824197E-002
          15          17  0.16988901332339854     
          15          18  -1.0764090209624428E-009
          15          19   9.3947360091003761E-010
          15          20   8.5277833388656656E-010
          15          21  -7.1291850768439807E-010
          15          22  -3.1486959033664209E-010
          15          23   2.3102014838863101E-010
          15          24   2.8809362572642851E-009
          15          25  -1.3846929968523921E-009
          15          26  -1.8908917113218088E-009
          15          27   1.2523212543047607E-009
          15          28  -2.2643357557691367E-010
          15          29   5.9104941962734267E-010
          16           1  -8.4047352841663508E-012
          16           2  -7.8305279758502786E-011
          16           3  -7.3907521106320203E-011
          16           4   2.5882072728161473E-009
          16           5   3.8939861305373945E-009
          16           6  -2.5246121209696917E-005
          16           7  -8.4212107567289691E-004
          16           8   5.7247171169737878E-005
          16           9   3.8644154769286313E-005
          16          10  -1.1806125040403397E-002
          16          11  -8.7626434375409249E-005
          16          12   2.0297665185466607E-002
          16          13  0.28436515089813141     
          16          14  -4.6026299297134074E-002
          16          15   3.2850917589824197E-002
          16          16  0.46023222133150476     
          16          17  -7.4491625170543946E-002
          16          18  -4.7216620675504336E-010
          16          19  -4.4659638619253421E-010
          16          20   1.5430657337980682E-009
          16          21   9.6340957737937909E-011
          16          22   1.3027848686549310E-009
          16          23  -9.7502232811421540E-010
          16          24   5.9505661330472810E-010
          16          25  -1.5640411009416761E-009
          16          26  -2.9790669358032625E-009
          16          27   3.6849872368470970E-010
          16          28  -1.2198320364088300E-009
          16          29   1.4731827311155974E-009
          17           1   2.7353424704892664E-011
          17           2   1.9590011720110503E-010
          17           3   7.3358108206373779E-010
          17           4   6.3347760508090193E-010
          17           5  -1.5089942907450729E-009
          17           6  -1.3056049999764005E-004
          17           7   5.7247137309883566E-005
          17           8  -5.5713632220249533E-004
          17           9   1.9984767119332782E-004
          17          10  -8.7627190390311054E-005
          17          11  -1.2242336822816521E-002
          17          12  0.10496969329222565     
          17          13  -4.6026301947458562E-002
          17          14   5.5239394751257574E-002
          17          15  0.16988901332339854     
          17          16  -7.4491625170543946E-002
          17          17   8.9401862168759560E-002
          17          18  -1.5516588269617255E-010
          17          19   1.3284640190473937E-009
          17          20  -9.2523487288283724E-010
          17          21  -5.3587669844354046E-010
          17          22  -2.5080382774236953E-009
          17          23   1.0189826654465207E-009
          17          24   1.1560786284524999E-009
          17          25  -3.3101833930878995E-010
          17          26  -2.7076005001086922E-010
          17          27   4.1452655357402000E-010
          17          28   1.8612910612189607E-010
          17          29   7.9582616950889993E-011
          18           1   8.2865283712513955E-003
          18           2   1.6663545591504687E-002
          18           3  -5.2509593549791705E-002
          18           4  -1.2593182789575720E-002
          18           5  -2.0575424680778078E-002
          18           6   7.3733394343648985E-012
          18           7   2.0484237062446798E-011
          18           8  -3.5726270368149205E-011
          18           9   2.3877070863216137E-010
          18          10  -3.3397354093189593E-010
          18          11  -2.7951044855247316E-010
          18          12   1.0193218571994088E-009
          18          13   1.2005134314760932E-010
          18          14  -3.5306070323198691E-010
          18          15  -1.0764090209624428E-009
          18          16  -4.7216620675504336E-010
          18          17  -1.5516588269617255E-010
          18          18   2.0055122672194790     
          18          19  -3.2478826074416043E-004
          18          20  -1.0021488759492350     
          18          21  -1.6797835596037390E-003
          18          22   5.5737418195681400E-004
          18          23 -0.99974516801719182     
          18          24  -1.1097977315988154E-002
          18          25  -2.5251787445686313E-005
          18          26   6.9400932560998553E-003
          18          27  -1.3054439670219710E-004
          18          28   4.7310977996450286E-004
          18          29   8.9797087799960429E-003
          19           1   2.7591004180815112E-005
          19           2   3.2519860759403743E-004
          19           3   5.9973113908124570E-004
          19           4  -4.3185735453494541E-004
          19           5  -9.8346957138098511E-004
          19           6  -3.7613202690605739E-012
          19           7   1.8711296981500262E-011
          19           8  -1.6740023839517816E-011
          19           9  -1.0859638914433968E-010
          19          10  -1.0849810117593852E-010
          19          11  -4.2750758419077376E-010
          19          12  -2.2787649622766909E-010
          19          13   3.9312978186808553E-010
          19          14   7.2338739008735035E-012
          19          15   9.3947360091003761E-010
          19          16  -4.4659638619253421E-010
          19          17   1.3284640190473937E-009
          19          18  -3.2478826074416043E-004
          19          19   2.0047663593037202     
          19          20  -3.1793143629226276E-004
          19          21   1.2598789640313140E-004
          19          22  -2.4556910411126757E-004
          19          23  -2.8150221762026750E-004
          19          24   6.7202652219988603E-004
          19          25  -1.2070977441518973E-002
          19          26   6.4214170235375940E-004
          19          27  -3.3702292964105801E-004
          19          28   5.9008296820685228E-004
          19          29   6.4196736267331349E-004
          20           1   8.3305459595263906E-003
          20           2   1.7182355120017274E-002
          20           3  -5.1552808125438977E-002
          20           4  -1.3282158326576936E-002
          20           5  -2.2144413440861720E-002
          20           6  -5.6851053003241705E-011
          20           7   1.7228716516735166E-011
          20           8   9.3232285754689420E-012
          20           9   1.6606519171378113E-010
          20          10  -2.8163515916788626E-010
          20          11   2.8247685493798440E-010
          20          12  -6.8470415541802459E-011
          20          13  -2.2172659622660997E-010
          20          14   7.2760605062996030E-010
          20          15   8.5277833388656656E-010
          20          16   1.5430657337980682E-009
          20          17  -9.2523487288283724E-010
          20          18  -1.0021488759492350     
          20          19  -3.1793143629226276E-004
          20          20   2.0044871362976213     
          20          21  -1.2355793246274062E-003
          20          22   7.2090988701392861E-004
          20          23  -1.0001945079719796     
          20          24   8.0525051112383585E-003
          20          25  -5.5135585188398390E-005
          20          26  -1.0113823127643497E-002
          20          27  -1.2336096176738672E-003
          20          28   1.2503551453936588E-004
          20          29   1.0003894109632329E-002
          21           1   1.4268674888279274E-004
          21           2   1.6817639072023464E-003
          21           3   3.1015036403861758E-003
          21           4  -2.2333629087175322E-003
          21           5  -5.0860139703671169E-003
          21           6  -1.1490208641064199E-012
          21           7   1.3490218499551670E-011
          21           8   1.9483381913433042E-011
          21           9   1.2052578222277761E-011
          21          10   1.0805588004368976E-011
          21          11   5.3286082448470950E-010
          21          12  -4.8262168802394308E-011
          21          13  -4.7051886120675088E-010
          21          14   6.9678439485029787E-010
          21          15  -7.1291850768439807E-010
          21          16   9.6340957737937909E-011
          21          17  -5.3587669844354046E-010
          21          18  -1.6797835596037390E-003
          21          19   1.2598789640313140E-004
          21          20  -1.2355793246274062E-003
          21          21   2.0053931240266438     
          21          22  -9.6763535375543901E-005
          21          23  -1.8642520187411547E-003
          21          24   3.4754302231173851E-003
          21          25  -3.3702305401310181E-004
          21          26   2.3723653408352684E-003
          21          27  -1.3748726795471717E-002
          21          28   3.2568172811793370E-004
          21          29   4.2683645512844618E-003
          22           1  -6.2564401752512828E-005
          22           2  -7.3740881629422682E-004
          22           3  -1.3599298669598684E-003
          22           4   9.7926346822588706E-004
          22           5   2.2300830410872923E-003
          22           6  -2.2311105040305354E-011
          22           7  -4.6648638070070293E-011
          22           8   5.3262528325525709E-011
          22           9   2.3575918546285156E-010
          22          10   3.4250294116492287E-010
          22          11   1.0446615357461317E-009
          22          12   1.1393103349302048E-009
          22          13  -1.2236899259533471E-009
          22          14   8.9144498993979756E-010
          22          15  -3.1486959033664209E-010
          22          16   1.3027848686549310E-009
          22          17  -2.5080382774236953E-009
          22          18   5.5737418195681400E-004
          22          19  -2.4556910411126757E-004
          22          20   7.2090988701392861E-004
          22          21  -9.6763535375543901E-005
          22          22   2.0052148998758419     
          22          23   8.1744788308402887E-004
          22          24  -1.1080140732597644E-003
          22          25   5.9008195265934193E-004
          22          26  -1.4560853304933046E-003
          22          27   3.2568173845054298E-004
          22          28  -1.3148758339071295E-002
          22          29  -1.8715615454507457E-003
          23           1   8.0608193711847482E-003
          23           2   1.4003249131430445E-002
          23           3  -5.7415708305300683E-002
          23           4  -9.0603462490454478E-003
          23           5  -1.2530104973858059E-002
          23           6  -3.5531015999299039E-011
          23           7   7.5339904759793638E-011
          23           8  -3.3599701812151582E-011
          23           9  -1.4165038471834118E-010
          23          10  -3.7382098740878355E-010
          23          11  -2.1491292036374158E-010
          23          12  -9.7381340741070803E-010
          23          13   1.7772144219016701E-010
          23          14  -4.6185704326450204E-010
          23          15   2.3102014838863101E-010
          23          16  -9.7502232811421540E-010
          23          17   1.0189826654465207E-009
          23          18 -0.99974516801719182     
          23          19  -2.8150221762026750E-004
          23          20  -1.0001945079719796     
          23          21  -1.8642520187411547E-003
          23          22   8.1744788308402887E-004
          23          23   2.0111185228163144     
          23          24   3.2756022236454631E-003
          23          25  -5.5311131045984339E-005
          23          26   3.1873712955209797E-003
          23          27   6.6238661814012507E-004
          23          28  -2.9043919823619545E-004
          23          29  -1.7643377378033287E-002
          24           1   2.2737534689651218E-003
          24           2  -8.8450352773037540E-003
          24           3  -4.3626857883190290E-002
          24           4   2.9486359436598487E-002
          24           5   3.3733102728946959E-002
          24           6  -1.8853547584426179E-012
          24           7   4.0514181033529082E-014
          24           8  -1.7609189589277161E-012
          24           9   1.2503739208089763E-010
          24          10   1.3561729403976226E-010
          24          11   1.8772773487445321E-010
          24          12   1.8310734448095734E-009
          24          13   3.0770061577958090E-010
          24          14   7.6853634742122224E-010
          24          15   2.8809362572642851E-009
          24          16   5.9505661330472810E-010
          24          17   1.1560786284524999E-009
          24          18  -1.1097977315988154E-002
          24          19   6.7202652219988603E-004
          24          20   8.0525051112383585E-003
          24          21   3.4754302231173851E-003
          24          22  -1.1080140732597644E-003
          24          23   3.2756022236454631E-003
          24          24   4.0752218012204845E-003
          24          25   2.6888798638762321E-004
          24          26   4.2942534955696266E-003
          24          27   1.3905576010105917E-003
          24          28  -5.9984673576384093E-004
          24          29   1.7081931763497078E-003
          25           1   5.2945093057169279E-006
          25           2   5.5761312098108828E-005
          25           3   1.5004161196456955E-004
          25           4   1.6797465098049129E-004
          25           5   4.4983102699733876E-005
          25           6   7.7412947124903512E-012
          25           7  -8.5692054253886571E-012
          25           8   4.3934872633535083E-012
          25           9   1.7537334141295275E-010
          25          10  -1.6387139630023061E-010
          25          11   1.1649682317492114E-010
          25          12  -8.4322977477137682E-010
          25          13  -9.8669337870214120E-010
          25          14  -1.9183452810082980E-010
          25          15  -1.3846929968523921E-009
          25          16  -1.5640411009416761E-009
          25          17  -3.3101833930878995E-010
          25          18  -2.5251787445686313E-005
          25          19  -1.2070977441518973E-002
          25          20  -5.5135585188398390E-005
          25          21  -3.3702305401310181E-004
          25          22   5.9008195265934193E-004
          25          23  -5.5311131045984339E-005
          25          24   2.6888798638762321E-004
          25          25   2.0769928928301800E-004
          25          26   3.7695321156785820E-004
          25          27   3.4460198174687058E-004
          25          28  -1.4059582102544422E-004
          25          29  -2.8959488373601547E-004
          26           1   2.2822001513487086E-003
          26           2  -8.7560755552360762E-003
          26           3  -4.3387486358890177E-002
          26           4   2.9754333776782754E-002
          26           5   3.3804857988591258E-002
          26           6   2.5672861268098642E-013
          26           7   2.7681781135715687E-011
          26           8  -8.4091751893203151E-012
          26           9  -1.9060557723716359E-010
          26          10   3.9151920843511191E-010
          26          11  -3.7543214852843319E-012
          26          12  -1.0886824494141251E-009
          26          13  -1.9341781214309115E-009
          26          14  -1.1352130714442195E-010
          26          15  -1.8908917113218088E-009
          26          16  -2.9790669358032625E-009
          26          17  -2.7076005001086922E-010
          26          18   6.9400932560998553E-003
          26          19   6.4214170235375940E-004
          26          20  -1.0113823127643497E-002
          26          21   2.3723653408352684E-003
          26          22  -1.4560853304933046E-003
          26          23   3.1873712955209797E-003
          26          24   4.2942534955696266E-003
          26          25   3.7695321156785820E-004
          26          26   5.1055762954708870E-003
          26          27   1.9268995277794609E-003
          26          28  -8.5476713728327458E-004
          26          29   1.2461816335854648E-003
          27           1   2.7380650594967719E-005
          27           2   2.8837067408429482E-004
          27           3   7.7594432792095123E-004
          27           4   8.6868449354207157E-004
          27           5   2.3263180819247525E-004
          27           6   1.5158693497254540E-011
          27           7  -2.0417866223817669E-011
          27           8   6.7943534207467455E-012
          27           9   7.5144237207541291E-011
          27          10  -4.4100818388247129E-011
          27          11   1.8855309856346442E-011
          27          12   8.5984658380703916E-010
          27          13   1.1367809687300172E-010
          27          14   2.8185463582977510E-010
          27          15   1.2523212543047607E-009
          27          16   3.6849872368470970E-010
          27          17   4.1452655357402000E-010
          27          18  -1.3054439670219710E-004
          27          19  -3.3702292964105801E-004
          27          20  -1.2336096176738672E-003
          27          21  -1.3748726795471717E-002
          27          22   3.2568173845054298E-004
          27          23   6.6238661814012507E-004
          27          24   1.3905576010105917E-003
          27          25   3.4460198174687058E-004
          27          26   1.9268995277794609E-003
          27          27   1.9231794855732267E-003
          27          28  -7.9182179336414549E-004
          27          29  -1.4751231535895155E-003
          28           1  -1.2005668922624382E-005
