           1           1   2.0006153659932648     
           1           2   7.6962246035333212E-003
           1           3   7.0268124606706645E-002
           1           4   2.0319026766982731E-002
           1           5   4.1417015573942759E-003
           1           6   2.6897020175738644E-013
           1           7   3.1549051551620848E-013
           1           8   4.1941471417180812E-013
           1           9  -3.4395210631192281E-014
           1          10  -4.3470741612507329E-014
           1          11  -9.6121527086750132E-014
           1          12  -2.9518859335949282E-015
           1          13  -7.2820492638770480E-015
           1          14  -7.5031524645177812E-015
           1          15  -1.7281920658685154E-002
           1          16  -6.3050861642953237E-005
           1          17  -1.7153292344165735E-002
           1          18  -1.2579137698901102E-005
           1          19  -3.6335311012542025E-005
           1          20  -1.7294801971495816E-002
           1          21  -8.6111602992168541E-003
           1          22   1.0680227399932109E-005
           1          23  -8.6332775828867510E-003
           1          24   2.1601603026527976E-006
           1          25   6.1622523292657037E-006
           1          26  -8.6089456130065880E-003
           2           1   7.6962246035333212E-003
           2           2   2.0667324688067996     
           2           3   1.1055925121968748     
           2           4  0.21631372788029279     
           2           5   5.1522102924296626E-002
           2           6   2.6749676530879120E-011
           2           7   3.1759791044418388E-011
           2           8   4.2056259645688947E-011
           2           9  -1.3563068220335674E-012
           2          10  -1.8468093575327686E-012
           2          11  -5.7275831493461597E-012
           2          12  -3.3134803854479856E-013
           2          13  -1.3438161031333167E-012
           2          14  -7.7726199614676774E-013
           2          15 -0.21349507425128483     
           2          16  -1.9549869456627739E-003
           2          17 -0.20950191297352538     
           2          18  -3.9120220569164639E-004
           2          19  -1.1269246877830600E-003
           2          20 -0.21389495639949135     
           2          21  -9.6631447161125289E-002
           2          22   3.4166355086639078E-004
           2          23  -9.7339284989676755E-002
           2          24   6.9316772970749119E-005
           2          25   1.9718572105125606E-004
           2          26  -9.6560569922265360E-002
           3           1   7.0268124606706645E-002
           3           2   1.1055925121968748     
           3           3   9.2474931599802321     
           3           4   2.3589300804911288     
           3           5  0.47191391675997529     
           3           6  -1.0481492146200920E-011
           3           7  -1.2390962884770245E-011
           3           8  -1.6377592795089567E-011
           3           9  -2.2495485269757211E-012
           3          10  -2.4487707513050118E-012
           3          11  -2.0242897147058600E-012
           3          12   8.1445467798650470E-013
           3          13   1.3103126835937909E-012
           3          14   1.3571176124474948E-012
           3          15  -2.1159721650955636     
           3          16  -1.1797503453021788E-002
           3          17  -2.0919102350444794     
           3          18  -2.3522889295534586E-003
           3          19  -6.7983792893061808E-003
           3          20  -2.1183818241100862     
           3          21 -0.95211442643080080     
           3          22   1.9849366098665731E-003
           3          23 -0.95622458554886725     
           3          24   4.0120528235102610E-004
           3          25   1.1451976540154756E-003
           3          26 -0.95170285942458976     
           4           1   2.0319026766982731E-002
           4           2  0.21631372788029279     
           4           3   2.3589300804911288     
           4           4  0.61575693020152866     
           4           5  0.12307650572958884     
           4           6  -3.9224898973110391E-012
           4           7  -4.6301069123873720E-012
           4           8  -6.1149253771271477E-012
           4           9  -1.0806241795336439E-012
           4          10  -1.2012045062167865E-012
           4          11  -1.1154913750021113E-012
           4          12   2.7298417430422216E-013
           4          13   4.6016558070129099E-013
           4          14   4.6218698443058523E-013
           4          15 -0.54918731896810669     
           4          16  -2.4439499897520238E-003
           4          17 -0.54420290702273477     
           4          18  -4.8724424059455633E-004
           4          19  -1.4083272248260573E-003
           4          20 -0.54968647848347352     
           4          21 -0.24788828970624935     
           4          22   4.1072487129042897E-004
           4          23 -0.24873875408501717     
           4          24   8.3008213803009953E-005
           4          25   2.3696292881918846E-004
           4          26 -0.24780312918356079     
           5           1   4.1417015573942759E-003
           5           2   5.1522102924296626E-002
           5           3  0.47191391675997529     
           5           4  0.12307650572958884     
           5           5   2.4639433039835096E-002
           5           6  -6.3812974405439003E-013
           5           7  -7.6706141221233580E-013
           5           8  -1.0149060171297296E-012
           5           9  -1.9919542321073637E-013
           5          10  -2.1531428071756364E-013
           5          11  -2.0716526591207876E-013
           5          12   4.9949408448796642E-014
           5          13   8.0924516029915138E-014
           5          14   8.2807828409058751E-014
           5          15 -0.10981888332416610     
           5          16  -4.8250467845075264E-004
           5          17 -0.10883480064780186     
           5          18  -9.6200367849380778E-005
           5          19  -2.7804468633171604E-004
           5          20 -0.10991743338115131     
           5          21  -4.9583186214468944E-002
           5          22   8.1130603272413135E-005
           5          23  -4.9751179888748866E-002
           5          24   1.6397487013260898E-005
           5          25   4.6807570195053270E-005
           5          26  -4.9566364316457050E-002
           6           1   2.6897020175738644E-013
           6           2   2.6749676530879120E-011
           6           3  -1.0481492146200920E-011
           6           4  -3.9224898973110391E-012
           6           5  -6.3812974405439003E-013
           6           6   1.9993975305939187     
           6           7  -7.8329669542221390E-007
           6           8  -1.6444289891088572E-007
           6           9   2.1026862286906423E-003
           6          10  -3.2903391130583576E-006
           6          11  -6.8989449041566286E-007
           6          12   1.4518656798495448E-002
           6          13   1.6799979056235891E-005
           6          14   3.5207777763558191E-006
           6          15   2.7541818185189677E-012
           6          16  -4.2430127016992080E-013
           6          17   3.3609144699246316E-012
           6          18  -5.5385476714299672E-013
           6          19  -3.2589366842413993E-015
           6          20   3.3671780291978142E-012
           6          21   1.5129194270426893E-012
           6          22   8.6404394132007978E-014
           6          23   1.3758717194412642E-012
           6          24   1.2233291335807396E-013
           6          25   1.4932433536964862E-015
           6          26   1.3775569843192394E-012
           7           1   3.1549051551620848E-013
           7           2   3.1759791044418388E-011
           7           3  -1.2390962884770245E-011
           7           4  -4.6301069123873720E-012
           7           5  -7.6706141221233580E-013
           7           6  -7.8329669542221390E-007
           7           7   1.9993994124601049     
           7           8  -4.5345782960504177E-007
           7           9  -3.2903391052711839E-006
           7          10   2.1105917000487449E-003
           7          11  -1.9045903385511015E-006
           7          12   1.6799979055987825E-005
           7          13   1.4478291739114371E-002
           7          14   9.7241203297693864E-006
           7          15   3.9739023416858776E-012
           7          16  -3.5537407214692655E-013
           7          17   3.2615636578486190E-012
           7          18   1.2928400987892769E-015
           7          19  -5.5979244141121808E-013
           7          20   3.9770328730429094E-012
           7          21   1.6350541289261390E-012
           7          22   7.7796695147417709E-014
           7          23   1.7915116651090038E-012
           7          24   9.9354538197403408E-016
           7          25   1.2398161946273759E-013
           7          26   1.6328270716512194E-012
           8           1   4.1941471417180812E-013
           8           2   4.2056259645688947E-011
           8           3  -1.6377592795089567E-011
           8           4  -6.1149253771271477E-012
           8           5  -1.0149060171297296E-012
           8           6  -1.6444289891088572E-007
           8           7  -4.5345782960504177E-007
           8           8   1.9993973421860574     
           8           9  -6.8989448678315191E-007
           8          10  -1.9045903422772875E-006
           8          11   2.1018947608197232E-003
           8          12   3.5207777738740804E-006
           8          13   9.7241203279811034E-006
           8          14   1.4522698006110595E-002
           8          15   5.2494579580068048E-012
           8          16   2.7406476134206907E-015
           8          17   5.2584648472336307E-012
           8          18  -3.4933173684680826E-013
           8          19  -4.3679822562076189E-013
           8          20   4.3064924374419729E-012
           8          21   2.1622269015897204E-012
           8          22  -5.1810361297998417E-015
           8          23   2.1514192351559552E-012
           8          24   7.8678653927862042E-014
           8          25   9.5568358024533318E-014
           8          26   2.3662244604008318E-012
           9           1  -3.4395210631192281E-014
           9           2  -1.3563068220335674E-012
           9           3  -2.2495485269757211E-012
           9           4  -1.0806241795336439E-012
           9           5  -1.9919542321073637E-013
           9           6   2.1026862286906423E-003
           9           7  -3.2903391052711839E-006
           9           8  -6.8989448678315191E-007
           9           9   2.1239779545804618     
           9          10   1.1530182103536291E-007
           9          11   1.8306919202792926E-008
           9          12 -0.26473560944837493     
           9          13  -3.2293446913453372E-007
           9          14  -5.2467721507742926E-008
           9          15  -1.5622433702040843E-012
           9          16  -2.7865299548299510E-012
           9          17   2.3008472194964098E-012
           9          18  -3.5107395572666122E-012
           9          19  -2.9977953100522827E-014
           9          20   2.2173962391859493E-012
           9          21   8.3358511628265553E-013
           9          22   4.4173418202030328E-013
           9          23   2.1087257161938542E-013
           9          24   5.5906534036466943E-013
           9          25   5.3733426640951822E-015
           9          26   2.2108554567422155E-013
          10           1  -4.3470741612507329E-014
          10           2  -1.8468093575327686E-012
          10           3  -2.4487707513050118E-012
          10           4  -1.2012045062167865E-012
          10           5  -2.1531428071756364E-013
          10           6  -3.2903391130583576E-006
          10           7   2.1105917000487449E-003
          10           8  -1.9045903422772875E-006
          10           9   1.1530182103536291E-007
          10          10   2.1239776744646468     
          10          11   6.5264997656244716E-008
          10          12  -3.2293446669204307E-007
          10          13 -0.26473482553673833     
          10          14  -1.8309349792550167E-007
          10          15   2.5511543639781816E-012
          10          16  -2.3152642830032467E-012
          10          17  -1.8223742508640035E-012
          10          18  -1.3375675105440964E-014
          10          19  -3.5437473029672218E-012
          10          20   2.5390208436896297E-012
          10          21   2.2546128074287297E-013
          10          22   3.6987664383269097E-013
          10          23   9.4339093652505134E-013
          10          24   3.1453188800640825E-015
          10          25   5.6287739098779012E-013
          10          26   2.3160770496435443E-013
          11           1  -9.6121527086750132E-014
          11           2  -5.7275831493461597E-012
          11           3  -2.0242897147058600E-012
          11           4  -1.1154913750021113E-012
          11           5  -2.0716526591207876E-013
          11           6  -6.8989449041566286E-007
          11           7  -1.9045903385511015E-006
          11           8   2.1018947608197232E-003
          11           9   1.8306919202792926E-008
          11          10   6.5264997656244716E-008
          11          11   2.1239779826241101     
          11          12  -5.2467718614224168E-008
          11          13  -1.8309349838693811E-007
          11          14 -0.26473568793078867     
          11          15   3.0197945287392132E-012
          11          16  -6.7551937024685034E-014
          11          17   3.1403195501656835E-012
          11          18  -2.2614978073165239E-012
          11          19  -2.7836723997958881E-012
          11          20  -2.9322249988255843E-012
          11          21   1.2308008339146364E-013
          11          22   1.0338507289891146E-014
          11          23   1.1617049527571624E-013
          11          24   3.6031606698387672E-013
          11          25   4.4153613893253348E-013
          11          26   1.0998127745311981E-012
          12           1  -2.9518859335949282E-015
          12           2  -3.3134803854479856E-013
          12           3   8.1445467798650470E-013
          12           4   2.7298417430422216E-013
          12           5   4.9949408448796642E-014
          12           6   1.4518656798495448E-002
          12           7   1.6799979055987825E-005
          12           8   3.5207777738740804E-006
          12           9 -0.26473560944837493     
          12          10  -3.2293446669204307E-007
          12          11  -5.2467718614224168E-008
          12          12   3.3708403162501774E-002
          12          13   2.9689297093363209E-007
          12          14   5.9310736788900642E-008
          12          15   2.9718823296170054E-014
          12          16   2.9596236686492994E-013
          12          17  -3.7968728675536248E-013
          12          18   3.7418808216974663E-013
          12          19   2.5268356873700528E-015
          12          20  -3.7336916813487916E-013
          12          21  -1.4971478034065482E-013
          12          22  -4.6791362764756474E-014
          12          23  -8.4054168797963691E-014
          12          24  -5.9345620470121430E-014
          12          25  -4.4451295274026027E-016
          12          26  -8.4648898827721399E-014
          13           1  -7.2820492638770480E-015
          13           2  -1.3438161031333167E-012
          13           3   1.3103126835937909E-012
          13           4   4.6016558070129099E-013
          13           5   8.0924516029915138E-014
          13           6   1.6799979056235891E-005
          13           7   1.4478291739114371E-002
          13           8   9.7241203279811034E-006
          13           9  -3.2293446913453372E-007
          13          10 -0.26473482553673833     
          13          11  -1.8309349838693811E-007
          13          12   2.9689297093363209E-007
          13          13   3.3707688291653243E-002
          13          14   1.7111489420806175E-007
          13          15  -5.4907599014386697E-013
          13          16   2.4537139868765266E-013
          13          17  -8.0149750982880550E-014
          13          18   7.5598522015418519E-016
          13          19   3.7685804924470550E-013
          13          20  -5.4805135029501353E-013
          13          21  -1.4906401767160361E-013
          13          22  -3.9036174160131542E-014
          13          23  -2.2580508983850105E-013
          13          24  -2.5579194951477304E-016
          13          25  -5.9619175467709982E-014
          13          26  -1.4973603242074419E-013
          14           1  -7.5031524645177812E-015
          14           2  -7.7726199614676774E-013
          14           3   1.3571176124474948E-012
          14           4   4.6218698443058523E-013
          14           5   8.2807828409058751E-014
          14           6   3.5207777763558191E-006
          14           7   9.7241203297693864E-006
          14           8   1.4522698006110595E-002
          14           9  -5.2467721507742926E-008
          14          10  -1.8309349792550167E-007
          14          11 -0.26473568793078867     
          14          12   5.9310736788900642E-008
          14          13   1.7111489420806175E-007
          14          14   3.3708474732847819E-002
          14          15  -6.1220407100202454E-013
          14          16   5.6341791751972757E-015
          14          17  -6.2131146256711850E-013
          14          18   2.4191463142884496E-013
          14          19   2.9604648463829403E-013
          14          20   2.2044635721902094E-014
          14          21  -1.4356424440128990E-013
          14          22  -9.0728102688043558E-016
          14          23  -1.4364981127974839E-013
          14          24  -3.8352872444861878E-014
          14          25  -4.6760861354471496E-014
          14          26  -2.4734692967391473E-013
          15           1  -1.7281920658685154E-002
          15           2 -0.21349507425128483     
          15           3  -2.1159721650955636     
          15           4 -0.54918731896810669     
          15           5 -0.10981888332416610     
          15           6   2.7541818185189677E-012
          15           7   3.9739023416858776E-012
          15           8   5.2494579580068048E-012
          15           9  -1.5622433702040843E-012
          15          10   2.5511543639781816E-012
          15          11   3.0197945287392132E-012
          15          12   2.9718823296170054E-014
          15          13  -5.4907599014386697E-013
          15          14  -6.1220407100202454E-013
          15          15  0.49052323814490190     
          15          16   2.3119208635295038E-003
          15          17  0.48580803343419310     
          15          18   4.6093754422652666E-004
          15          19   1.3322493150277669E-003
          15          20  0.49099543803801260     
          15          21  0.22124977112959901     
          15          22  -3.8867847473903362E-004
          15          23  0.22205458936446165     
          15          24  -7.8555481488191449E-005
          15          25  -2.2424424251846185E-004
          15          26  0.22116918136067162     
          16           1  -6.3050861642953237E-005
          16           2  -1.9549869456627739E-003
          16           3  -1.1797503453021788E-002
          16           4  -2.4439499897520238E-003
          16           5  -4.8250467845075264E-004
          16           6  -4.2430127016992080E-013
          16           7  -3.5537407214692655E-013
          16           8   2.7406476134206907E-015
          16           9  -2.7865299548299510E-012
          16          10  -2.3152642830032467E-012
          16          11  -6.7551937024685034E-014
          16          12   2.9596236686492994E-013
          16          13   2.4537139868765266E-013
          16          14   5.6341791751972757E-015
          16          15   2.3119208635295038E-003
          16          16   3.9683833254707986E-002
          16          17   2.2282369098232495E-003
          16          18  0.18936645098955121     
          16          19   6.8519412492523246E-002
          16          20   2.3203013049028637E-003
          16          21   1.0038443575668666E-003
          16          22  -5.8704590722935962E-003
          16          23   1.0181621160398203E-003
          16          24  -2.8009270937383750E-002
          16          25  -1.0135159349856449E-002
          16          26   1.0024106632898406E-003
          17           1  -1.7153292344165735E-002
          17           2 -0.20950191297352538     
          17           3  -2.0919102350444794     
          17           4 -0.54420290702273477     
          17           5 -0.10883480064780186     
          17           6   3.3609144699246316E-012
          17           7   3.2615636578486190E-012
          17           8   5.2584648472336307E-012
          17           9   2.3008472194964098E-012
          17          10  -1.8223742508640035E-012
          17          11   3.1403195501656835E-012
          17          12  -3.7968728675536248E-013
          17          13  -8.0149750982880550E-014
          17          14  -6.2131146256711850E-013
          17          15  0.48580803343419310     
          17          16   2.2282369098232495E-003
          17          17  0.48126351941069700     
          17          18   4.4424932603609891E-004
          17          19   1.2840253050070553E-003
          17          20  0.48626313968831159     
          17          21  0.21920241312800404     
          17          22  -3.7457510266806690E-004
          17          23  0.21997802718848833     
          17          24  -7.5704361499897270E-005
          17          25  -2.1610726408864220E-004
          17          26  0.21912474768956289     
          18           1  -1.2579137698901102E-005
          18           2  -3.9120220569164639E-004
          18           3  -2.3522889295534586E-003
          18           4  -4.8724424059455633E-004
          18           5  -9.6200367849380778E-005
          18           6  -5.5385476714299672E-013
          18           7   1.2928400987892769E-015
          18           8  -3.4933173684680826E-013
          18           9  -3.5107395572666122E-012
          18          10  -1.3375675105440964E-014
          18          11  -2.2614978073165239E-012
          18          12   3.7418808216974663E-013
          18          13   7.5598522015418519E-016
          18          14   2.4191463142884496E-013
          18          15   4.6093754422652666E-004
          18          16  0.18936645098955121     
          18          17   4.4424932603609891E-004
          18          18  0.90449245760393859     
          18          19  0.32718237483844126     
          18          20   4.6260876820180424E-004
          18          21   2.0014053554460998E-004
          18          22  -2.8009252015917401E-002
          18          23   2.0299581347995143E-004
          18          24 -0.13378299867105931     
          18          25  -4.8393455813471709E-002
          18          26   1.9985462518340953E-004
          19           1  -3.6335311012542025E-005
          19           2  -1.1269246877830600E-003
          19           3  -6.7983792893061808E-003
          19           4  -1.4083272248260573E-003
          19           5  -2.7804468633171604E-004
          19           6  -3.2589366842413993E-015
          19           7  -5.5979244141121808E-013
          19           8  -4.3679822562076189E-013
          19           9  -2.9977953100522827E-014
          19          10  -3.5437473029672218E-012
          19          11  -2.7836723997958881E-012
          19          12   2.5268356873700528E-015
          19          13   3.7685804924470550E-013
          19          14   2.9604648463829403E-013
          19          15   1.3322493150277669E-003
          19          16   6.8519412492523246E-002
          19          17   1.2840253050070553E-003
          19          18  0.32718237483844126     
          19          19  0.11836222245528316     
          19          20   1.3370786576886171E-003
          19          21   5.7846739471957348E-004
          19          22  -1.0135154589292353E-002
          19          23   5.8671820589284874E-004
          19          24  -4.8393465767874032E-002
          19          25  -1.7507172214622866E-002
          19          26   5.7764120808236963E-004
          20           1  -1.7294801971495816E-002
          20           2 -0.21389495639949135     
          20           3  -2.1183818241100862     
          20           4 -0.54968647848347352     
          20           5 -0.10991743338115131     
          20           6   3.3671780291978142E-012
          20           7   3.9770328730429094E-012
          20           8   4.3064924374419729E-012
          20           9   2.2173962391859493E-012
          20          10   2.5390208436896297E-012
          20          11  -2.9322249988255843E-012
          20          12  -3.7336916813487916E-013
          20          13  -5.4805135029501353E-013
          20          14   2.2044635721902094E-014
          20          15  0.49099543803801260     
          20          16   2.3203013049028637E-003
          20          17  0.48626313968831159     
          20          18   4.6260876820180424E-004
          20          19   1.3370786576886171E-003
          20          20  0.49146934975558643     
          20          21  0.22145480193847250     
          20          22  -3.9009084195681590E-004
          20          23  0.22226254479436164     
          20          24  -7.8841003863202807E-005
          20          25  -2.2505911157949570E-004
          20          26  0.22137391931557435     
          21           1  -8.6111602992168541E-003
          21           2  -9.6631447161125289E-002
          21           3 -0.95211442643080080     
          21           4 -0.24788828970624935     
          21           5  -4.9583186214468944E-002
          21           6   1.5129194270426893E-012
          21           7   1.6350541289261390E-012
          21           8   2.1622269015897204E-012
          21           9   8.3358511628265553E-013
          21          10   2.2546128074287297E-013
          21          11   1.2308008339146364E-013
          21          12  -1.4971478034065482E-013
          21          13  -1.4906401767160361E-013
          21          14  -1.4356424440128990E-013
          21          15  0.22124977112959901     
          21          16   1.0038443575668666E-003
          21          17  0.21920241312800404     
          21          18   2.0014053554460998E-004
          21          19   5.7846739471957348E-004
          21          20  0.22145480193847250     
          21          21   9.9847530153636649E-002
          21          22  -1.6876373252966480E-004
          21          23  0.10019698122306286     
          21          24  -3.4108659108056774E-005
          21          25  -9.7366574522736178E-005
          21          26   9.9812538176708904E-002
          22           1   1.0680227399932109E-005
          22           2   3.4166355086639078E-004
          22           3   1.9849366098665731E-003
          22           4   4.1072487129042897E-004
          22           5   8.1130603272413135E-005
          22           6   8.6404394132007978E-014
          22           7   7.7796695147417709E-014
          22           8  -5.1810361297998417E-015
          22           9   4.4173418202030328E-013
          22          10   3.6987664383269097E-013
          22          11   1.0338507289891146E-014
          22          12  -4.6791362764756474E-014
          22          13  -3.9036174160131542E-014
          22          14  -9.0728102688043558E-016
          22          15  -3.8867847473903362E-004
          22          16  -5.8704590722935962E-003
          22          17  -3.7457510266806690E-004
          22          18  -2.8009252015917401E-002
          22          19  -1.0135154589292353E-002
          22          20  -3.9009084195681590E-004
          22          21  -1.6876373252966480E-004
          22          22   8.6843898517831731E-004
          22          23  -1.7117705776308203E-004
          22          24   4.1428640794502871E-003
          22          25   1.4991679722812612E-003
          22          26  -1.6852207666477332E-004
          23           1  -8.6332775828867510E-003
          23           2  -9.7339284989676755E-002
          23           3 -0.95622458554886725     
          23           4 -0.24873875408501717     
          23           5  -4.9751179888748866E-002
          23           6   1.3758717194412642E-012
          23           7   1.7915116651090038E-012
          23           8   2.1514192351559552E-012
          23           9   2.1087257161938542E-013
          23          10   9.4339093652505134E-013
          23          11   1.1617049527571624E-013
          23          12  -8.4054168797963691E-014
          23          13  -2.2580508983850105E-013
          23          14  -1.4364981127974839E-013
          23          15  0.22205458936446165     
          23          16   1.0181621160398203E-003
          23          17  0.21997802718848833     
          23          18   2.0299581347995143E-004
          23          19   5.8671820589284874E-004
          23          20  0.22226254479436164     
          23          21  0.10019698122306286     
          23          22  -1.7117705776308203E-004
          23          23  0.10055142962962969     
          23          24  -3.4596540655670067E-005
          23          25  -9.8758950701765947E-005
          23          26  0.10016148884286910     
          24           1   2.1601603026527976E-006
          24           2   6.9316772970749119E-005
          24           3   4.0120528235102610E-004
          24           4   8.3008213803009953E-005
          24           5   1.6397487013260898E-005
          24           6   1.2233291335807396E-013
          24           7   9.9354538197403408E-016
          24           8   7.8678653927862042E-014
          24           9   5.5906534036466943E-013
          24          10   3.1453188800640825E-015
          24          11   3.6031606698387672E-013
          24          12  -5.9345620470121430E-014
          24          13  -2.5579194951477304E-016
          24          14  -3.8352872444861878E-014
          24          15  -7.8555481488191449E-005
          24          16  -2.8009270937383750E-002
          24          17  -7.5704361499897270E-005
          24          18 -0.13378299867105931     
          24          19  -4.8393465767874032E-002
          24          20  -7.8841003863202807E-005
          24          21  -3.4108659108056774E-005
          24          22   4.1428640794502871E-003
          24          23  -3.4596540655670067E-005
          24          24   1.9787773093772856E-002
          24          25   7.1578665923017230E-003
          24          26  -3.4059805587575591E-005
          25           1   6.1622523292657037E-006
          25           2   1.9718572105125606E-004
          25           3   1.1451976540154756E-003
          25           4   2.3696292881918846E-004
          25           5   4.6807570195053270E-005
          25           6   1.4932433536964862E-015
          25           7   1.2398161946273759E-013
          25           8   9.5568358024533318E-014
          25           9   5.3733426640951822E-015
          25          10   5.6287739098779012E-013
          25          11   4.4153613893253348E-013
          25          12  -4.4451295274026027E-016
          25          13  -5.9619175467709982E-014
          25          14  -4.6760861354471496E-014
          25          15  -2.2424424251846185E-004
          25          16  -1.0135159349856449E-002
          25          17  -2.1610726408864220E-004
          25          18  -4.8393455813471709E-002
          25          19  -1.7507172214622866E-002
          25          20  -2.2505911157949570E-004
          25          21  -9.7366574522736178E-005
          25          22   1.4991679722812612E-003
          25          23  -9.8758950701765947E-005
          25          24   7.1578665923017230E-003
          25          25   2.5895237368675516E-003
          25          26  -9.7227150352208259E-005
          26           1  -8.6089456130065880E-003
          26           2  -9.6560569922265360E-002
          26           3 -0.95170285942458976     
          26           4 -0.24780312918356079     
          26           5  -4.9566364316457050E-002
          26           6   1.3775569843192394E-012
          26           7   1.6328270716512194E-012
          26           8   2.3662244604008318E-012
          26           9   2.2108554567422155E-013
          26          10   2.3160770496435443E-013
          26          11   1.0998127745311981E-012
          26          12  -8.4648898827721399E-014
          26          13  -1.4973603242074419E-013
          26          14  -2.4734692967391473E-013
          26          15  0.22116918136067162     
          26          16   1.0024106632898406E-003
          26          17  0.21912474768956289     
          26          18   1.9985462518340953E-004
          26          19   5.7764120808236963E-004
          26          20  0.22137391931557435     
          26          21   9.9812538176708904E-002
          26          22  -1.6852207666477332E-004
          26          23  0.10016148884286910     
          26          24  -3.4059805587575591E-005
          26          25  -9.7227150352208259E-005
          26          26   9.9777596307152674E-002
