           1           1   2.0000676692799804     
           1           2  -3.8611752998433111E-004
           1           3   2.5810839630346733E-003
           1           4   1.7026865419081079E-003
           1           5   5.7478236134695803E-005
           1           6  -1.4184290685741367E-009
           1           7  -3.8056658098893905E-009
           1           8   6.1039998521861145E-010
           1           9   1.7509852577237322E-010
           1          10   1.8212211272647434E-010
           1          11  -8.4640836218190544E-011
           1          12   7.9004141055430243E-012
           1          13  -7.8834022961332398E-012
           1          14   1.2227922848578997E-012
           1          15  -8.6853163763925961E-004
           1          16   3.2085090616761825E-010
           1          17  -8.6853133174064848E-004
           1          18   1.7695719861388744E-009
           1          19   8.1560052250057154E-010
           1          20  -8.6853730386795181E-004
           1          21  -1.7135651588389682E-003
           1          22   8.6504481018000853E-010
           1          23  -1.7135643178409175E-003
           1          24   4.8646587038253865E-009
           1          25   2.2394674590101247E-009
           1          26  -1.7135807463994331E-003
           2           1  -3.8611752998433111E-004
           2           2   1.9627038841820994     
           2           3  -6.7708881535998383E-002
           2           4  -3.5970351315428389E-002
           2           5  -6.3378415172020940E-003
           2           6  -2.6258683188496541E-009
           2           7  -3.7856066404727689E-009
           2           8   1.1760287170804195E-009
           2           9  -1.3778946689397295E-010
           2          10  -3.0439187591891647E-009
           2          11  -4.0472420139150315E-010
           2          12   5.3220583157341920E-011
           2          13  -1.6173863616396175E-011
           2          14   2.7707785071426181E-012
           2          15   2.8419423997452217E-002
           2          16   5.8692553361037144E-010
           2          17   2.8419424575214583E-002
           2          18   3.2778040645557716E-009
           2          19   1.5132178724301664E-009
           2          20   2.8419413529439143E-002
           2          21   9.3866943893729550E-003
           2          22   1.2851777722461958E-009
           2          23   9.3866956313168708E-003
           2          24   7.2336522623174411E-009
           2          25   3.3267689980988422E-009
           2          26   9.3866712118064674E-003
           3           1   2.5810839630346733E-003
           3           2  -6.7708881535998383E-002
           3           3   2.0701420077974371     
           3           4   1.6780012887010046E-002
           3           5  -9.2979957887470450E-003
           3           6  -2.2742978733881393E-008
           3           7  -3.0546164790410959E-008
           3           8  -7.6643826737837244E-009
           3           9   5.0101589115037787E-009
           3          10  -6.8923955648383944E-009
           3          11   1.6527713549754085E-009
           3          12   8.0412042108486053E-010
           3          13  -2.8984198643001868E-010
           3          14  -2.1297139519738856E-011
           3          15  -8.5594017940232095E-003
           3          16   3.0850832537567669E-008
           3          17  -8.5593721000035306E-003
           3          18   1.7089456593731512E-007
           3          19   7.8807275768061039E-008
           3          20  -8.5599491347006073E-003
           3          21  -3.8986112625236324E-002
           3          22   1.8417697051540667E-008
           3          23  -3.8986095046276342E-002
           3          24   1.0443509775443890E-007
           3          25   4.7877270320358448E-008
           3          26  -3.8986446880197728E-002
           4           1   1.7026865419081079E-003
           4           2  -3.5970351315428389E-002
           4           3   1.6780012887010046E-002
           4           4   9.5070889261384794E-002
           4           5  0.21993253444658151     
           4           6  -2.1923738056859222E-008
           4           7  -2.9681126787882780E-008
           4           8  -6.2918487932286432E-009
           4           9   1.4095921418800344E-008
           4          10   2.4839699503707734E-009
           4          11  -1.4698656823195820E-008
           4          12  -1.8228405633517577E-009
           4          13   5.4173339493554286E-010
           4          14  -2.2442949738368119E-010
           4          15  -1.0239866072163836E-002
           4          16  -6.2039788223726604E-008
           4          17  -1.0239925262535643E-002
           4          18  -3.4208515751233875E-007
           4          19  -1.5769138513974439E-007
           4          20  -1.0238770584205253E-002
           4          21   9.9032297145766664E-003
           4          22  -1.6643085747149861E-007
           4          23   9.9030679500942756E-003
           4          24  -9.3596312705705634E-007
           4          25  -4.3085333324899983E-007
           4          26   9.9062287225822644E-003
           5           1   5.7478236134695803E-005
           5           2  -6.3378415172020940E-003
           5           3  -9.2979957887470450E-003
           5           4  0.21993253444658151     
           5           5  0.51285435725259565     
           5           6  -2.5112426711686451E-010
           5           7  -3.5645919010037598E-010
           5           8   1.5680928499591313E-009
           5           9  -7.3576176849032848E-009
           5          10  -2.4394721665171061E-008
           5          11  -2.2476672414547620E-008
           5          12  -4.4217906322124720E-009
           5          13   1.1164861174065783E-009
           5          14  -4.1917656755822189E-010
           5          15  -2.2575610702291877E-002
           5          16  -1.4539206891883325E-007
           5          17  -2.2575749419099435E-002
           5          18  -8.0169551468902395E-007
           5          19  -3.6955852574489409E-007
           5          20  -2.2573043366557997E-002
           5          21   2.4327404596512999E-002
           5          22  -3.8846955725152026E-007
           5          23   2.4327027023771201E-002
           5          24  -2.1846734885297310E-006
           5          25  -1.0056705282962690E-006
           5          26   2.4334404710352083E-002
           6           1  -1.4184290685741367E-009
           6           2  -2.6258683188496541E-009
           6           3  -2.2742978733881393E-008
           6           4  -2.1923738056859222E-008
           6           5  -2.5112426711686451E-010
           6           6   1.9999300091661480     
           6           7  -5.7305476377199697E-011
           6           8   7.8650048942782124E-011
           6           9  -6.1812200475732130E-004
           6          10   1.9175489459472922E-009
           6          11   1.8193991204397201E-009
           6          12   2.0287758774047214E-003
           6          13  -5.4305466521017574E-010
           6          14  -5.6432849628181772E-009
           6          15   9.6274945386839380E-009
           6          16  -5.0707095434849528E-010
           6          17   1.9249525316358216E-009
           6          18  -5.1429231891846836E-010
           6          19   6.7333247025679288E-010
           6          20   9.6601872825365880E-009
           6          21   6.7511268553223004E-009
           6          22  -1.2263298662674851E-009
           6          23   5.9917099027765799E-009
           6          24  -1.4556267473022524E-009
           6          25   7.3210453575659959E-010
           6          26   4.2472765802877330E-009
           7           1  -3.8056658098893905E-009
           7           2  -3.7856066404727689E-009
           7           3  -3.0546164790410959E-008
           7           4  -2.9681126787882780E-008
           7           5  -3.5645919010037598E-010
           7           6  -5.7305476377199697E-011
           7           7   1.9999300093230121     
           7           8   1.3341791675217746E-010
           7           9  -4.6687108582236832E-009
           7          10  -6.1811532118807638E-004
           7          11   3.5278324498349648E-009
           7          12   2.8380762840517930E-009
           7          13   2.0287732734666272E-003
           7          14  -6.8314120576275738E-009
           7          15   1.2973457002419756E-008
           7          16  -9.7191342798073424E-010
           7          17   2.2745875452993432E-009
           7          18  -8.2558018984751626E-010
           7          19   8.1847462645238512E-010
           7          20   1.3098672920564261E-008
           7          21   8.8966155825389883E-009
           7          22  -2.0056223607265319E-009
           7          23   8.2583656001695167E-009
           7          24  -2.0984236280517462E-009
           7          25   1.3110334662715290E-009
           7          26   5.8423769143228040E-009
           8           1   6.1039998521861145E-010
           8           2   1.1760287170804195E-009
           8           3  -7.6643826737837244E-009
           8           4  -6.2918487932286432E-009
           8           5   1.5680928499591313E-009
           8           6   7.8650048942782124E-011
           8           7   1.3341791675217746E-010
           8           8   1.9999300091832375     
           8           9   7.0176603882830268E-010
           8          10   1.7585895981667859E-009
           8          11  -6.1812621722762834E-004
           8          12   3.9133592233882406E-010
           8          13  -2.8641283657534165E-010
           8          14   2.0287762425586194E-003
           8          15   2.2123806063487336E-009
           8          16  -2.5013162997856420E-010
           8          17   4.5373922416489922E-010
           8          18  -1.1944944038591872E-009
           8          19   2.3512784665093903E-010
           8          20   3.2155034179568906E-009
           8          21   6.3285129578815467E-010
           8          22  -1.2226152321436869E-009
           8          23   1.6091750894598795E-009
           8          24  -7.9047497264383868E-010
           8          25   7.9431878983790868E-010
           8          26   1.2726338160682861E-009
           9           1   1.7509852577237322E-010
           9           2  -1.3778946689397295E-010
           9           3   5.0101589115037787E-009
           9           4   1.4095921418800344E-008
           9           5  -7.3576176849032848E-009
           9           6  -6.1812200475732130E-004
           9           7  -4.6687108582236832E-009
           9           8   7.0176603882830268E-010
           9           9   1.9873716763059033     
           9          10   1.5000090447153299E-008
           9          11   6.3011657310559556E-008
           9          12   2.0794445855421471E-002
           9          13  -1.7445068161055871E-008
           9          14  -9.7398456847851627E-008
           9          15   1.3308579428294767E-008
           9          16   2.3344789088780320E-009
           9          17   5.6497463803721153E-009
           9          18  -3.6531141552343436E-010
           9          19   5.7263533984304641E-009
           9          20  -9.7779047404586555E-009
           9          21   3.2279336750865934E-009
           9          22  -3.5298629878788979E-009
           9          23  -6.6154932130818515E-009
           9          24   7.1935467251739516E-009
           9          25  -1.1437596501478991E-008
           9          26   1.3520035261305003E-008
          10           1   1.8212211272647434E-010
          10           2  -3.0439187591891647E-009
          10           3  -6.8923955648383944E-009
          10           4   2.4839699503707734E-009
          10           5  -2.4394721665171061E-008
          10           6   1.9175489459472922E-009
          10           7  -6.1811532118807638E-004
          10           8   1.7585895981667859E-009
          10           9   1.5000090447153299E-008
          10          10   1.9873716887640014     
          10          11   3.4144761419832832E-008
          10          12  -3.0368383987474290E-008
          10          13   2.0794426093934452E-002
          10          14  -4.7325851365768241E-008
          10          15   8.3710944620139932E-009
          10          16   1.5175535402180248E-009
          10          17   1.7572917286924352E-009
          10          18  -2.5800771402740558E-009
          10          19  -2.6628951198775245E-010
          10          20   1.3945254701273251E-008
          10          21   4.6412116341956056E-009
          10          22  -2.3527955719180448E-009
          10          23   8.1766516651051104E-009
          10          24   7.9744954702997589E-010
          10          25  -8.2869446584465660E-009
          10          26   1.2761902653300654E-008
          11           1  -8.4640836218190544E-011
          11           2  -4.0472420139150315E-010
          11           3   1.6527713549754085E-009
          11           4  -1.4698656823195820E-008
          11           5  -2.2476672414547620E-008
          11           6   1.8193991204397201E-009
          11           7   3.5278324498349648E-009
          11           8  -6.1812621722762834E-004
          11           9   6.3011657310559556E-008
          11          10   3.4144761419832832E-008
          11          11   1.9873714286872175     
          11          12  -1.0194919270695523E-007
          11          13  -6.1390482640091797E-008
          11          14   2.0794838564900074E-002
          11          15  -1.5555785325981726E-008
          11          16   5.6499137305121781E-009
          11          17   2.9052887769263453E-009
          11          18  -9.2278454401766640E-009
          11          19   1.5264890453329111E-008
          11          20   7.0908147656028011E-009
          11          21   1.0190744161033109E-008
          11          22   8.6590578133618738E-009
          11          23   1.2196751581295501E-008
          11          24   2.6063422602168293E-009
          11          25   1.9559894074036010E-008
          11          26  -1.4211332822126437E-008
          12           1   7.9004141055430243E-012
          12           2   5.3220583157341920E-011
          12           3   8.0412042108486053E-010
          12           4  -1.8228405633517577E-009
          12           5  -4.4217906322124720E-009
          12           6   2.0287758774047214E-003
          12           7   2.8380762840517930E-009
          12           8   3.9133592233882406E-010
          12           9   2.0794445855421471E-002
          12          10  -3.0368383987474290E-008
          12          11  -1.0194919270695523E-007
          12          12   2.5348858093940054E-004
          12          13  -7.5253725257997459E-010
          12          14  -3.6767863583784381E-009
          12          15   2.3843020893016392E-010
          12          16   6.0737120244334277E-012
          12          17   2.4456267208687979E-010
          12          18   9.1181459420600799E-012
          12          19   2.9814932741063681E-011
          12          20   1.4104338972610989E-010
          12          21  -1.9776619718149932E-010
          12          22  -1.7552552344671711E-011
          12          23  -2.6226538480655201E-010
          12          24   4.5279321672429776E-011
          12          25  -6.0598644458997735E-011
          12          26  -1.3690164849222694E-010
          13           1  -7.8834022961332398E-012
          13           2  -1.6173863616396175E-011
          13           3  -2.8984198643001868E-010
          13           4   5.4173339493554286E-010
          13           5   1.1164861174065783E-009
          13           6  -5.4305466521017574E-010
          13           7   2.0287732734666272E-003
          13           8  -2.8641283657534165E-010
          13           9  -1.7445068161055871E-008
          13          10   2.0794426093934452E-002
          13          11  -6.1390482640091797E-008
          13          12  -7.5253725257997459E-010
          13          13   2.5348781736194239E-004
          13          14  -1.8045219440831176E-009
          13          15   1.3357498421128102E-011
          13          16  -5.9301213096849518E-012
          13          17  -5.4944101736514873E-011
          13          18  -2.3396333286531578E-011
          13          19   1.3553019815637091E-011
          13          20   6.4485812695169761E-011
          13          21   1.0895130746871104E-010
          13          22  -1.9239590355517360E-011
          13          23   1.2229777935109378E-010
          13          24  -2.0467675515325851E-012
          13          25  -6.6313810522721489E-011
          13          26   1.6288440556954548E-010
          14           1   1.2227922848578997E-012
          14           2   2.7707785071426181E-012
          14           3  -2.1297139519738856E-011
          14           4  -2.2442949738368119E-010
          14           5  -4.1917656755822189E-010
          14           6  -5.6432849628181772E-009
          14           7  -6.8314120576275738E-009
          14           8   2.0287762425586194E-003
          14           9  -9.7398456847851627E-008
          14          10  -4.7325851365768241E-008
          14          11   2.0794838564900074E-002
          14          12  -3.6767863583784381E-009
          14          13  -1.8045219440831176E-009
          14          14   2.5350243063974339E-004
          14          15  -8.5796476236553969E-011
          14          16   3.2290341701034389E-011
          14          17   2.7914976616389037E-011
          14          18  -7.5619543055185039E-011
          14          19   1.0103220456989011E-010
          14          20   6.1599176125128143E-011
          14          21   5.2111393544492450E-011
          14          22   5.5199121168693628E-011
          14          23   6.4074001360692346E-011
          14          24   1.6396789767845035E-011
          14          25   1.2750147247535813E-010
          14          26  -1.0413137179124262E-010
          15           1  -8.6853163763925961E-004
          15           2   2.8419423997452217E-002
          15           3  -8.5594017940232095E-003
          15           4  -1.0239866072163836E-002
          15           5  -2.2575610702291877E-002
          15           6   9.6274945386839380E-009
          15           7   1.2973457002419756E-008
          15           8   2.2123806063487336E-009
          15           9   1.3308579428294767E-008
          15          10   8.3710944620139932E-009
          15          11  -1.5555785325981726E-008
          15          12   2.3843020893016392E-010
          15          13   1.3357498421128102E-011
          15          14  -8.5796476236553969E-011
          15          15   1.4351016705730962E-003
          15          16   6.2456814827291135E-009
          15          17   1.4351076301809631E-003
          15          18   3.4440131629254472E-008
          15          19   1.5876118921361346E-008
          15          20   1.4349913787939995E-003
          15          21  -7.8187610600857749E-004
          15          22   1.7014285803433850E-008
          15          23  -7.8185956888033974E-004
          15          24   9.5679105443316084E-008
          15          25   4.4044291068285292E-008
          15          26  -7.8218268000797156E-004
          16           1   3.2085090616761825E-010
          16           2   5.8692553361037144E-010
          16           3   3.0850832537567669E-008
          16           4  -6.2039788223726604E-008
          16           5  -1.4539206891883325E-007
          16           6  -5.0707095434849528E-010
          16           7  -9.7191342798073424E-010
          16           8  -2.5013162997856420E-010
          16           9   2.3344789088780320E-009
          16          10   1.5175535402180248E-009
          16          11   5.6499137305121781E-009
          16          12   6.0737120244334277E-012
          16          13  -5.9301213096849518E-012
          16          14   3.2290341701034389E-011
          16          15   6.2456814827291135E-009
          16          16   4.1786159512940094E-014
          16          17   6.2457213425199247E-009
          16          18   2.2999630736241562E-013
          16          19   1.0614772335409960E-013
          16          20   6.2449448198510886E-009
          16          21  -7.4305104951738627E-009
          16          22   1.1028247033284068E-013
          16          23  -7.4304033393867621E-009
          16          24   6.2009057774753984E-013
          16          25   2.8547634348233959E-013
          16          26  -7.4324973202158017E-009
          17           1  -8.6853133174064848E-004
          17           2   2.8419424575214583E-002
          17           3  -8.5593721000035306E-003
          17           4  -1.0239925262535643E-002
          17           5  -2.2575749419099435E-002
          17           6   1.9249525316358216E-009
          17           7   2.2745875452993432E-009
          17           8   4.5373922416489922E-010
          17           9   5.6497463803721153E-009
          17          10   1.7572917286924352E-009
          17          11   2.9052887769263453E-009
          17          12   2.4456267208687979E-010
          17          13  -5.4944101736514873E-011
          17          14   2.7914976616389037E-011
          17          15   1.4351076301809631E-003
          17          16   6.2457213425199247E-009
          17          17   1.4351135898276544E-003
          17          18   3.4440351028745451E-008
          17          19   1.5876220251166120E-008
          17          20   1.4349973376999166E-003
          17          21  -7.8188319973531947E-004
          17          22   1.7014391269733657E-008
          17          23  -7.8186666250466158E-004
          17          24   9.5679697006877265E-008
          17          25   4.4044563974272818E-008
          17          26  -7.8218977563089445E-004
          18           1   1.7695719861388744E-009
          18           2   3.2778040645557716E-009
          18           3   1.7089456593731512E-007
          18           4  -3.4208515751233875E-007
          18           5  -8.0169551468902395E-007
          18           6  -5.1429231891846836E-010
          18           7  -8.2558018984751626E-010
          18           8  -1.1944944038591872E-009
          18           9  -3.6531141552343436E-010
          18          10  -2.5800771402740558E-009
          18          11  -9.2278454401766640E-009
          18          12   9.1181459420600799E-012
          18          13  -2.3396333286531578E-011
          18          14  -7.5619543055185039E-011
          18          15   3.4440131629254472E-008
          18          16   2.2999630736241562E-013
          18          17   3.4440351028745451E-008
          18          18   1.2685492979102050E-012
          18          19   5.8460712464349346E-013
          18          20   3.4436069396915626E-008
          18          21  -4.0985378803221082E-008
          18          22   6.0788130857343228E-013
          18          23  -4.0984787934935347E-008
          18          24   3.4189534419103094E-012
          18          25   1.5737494162238656E-012
          18          26  -4.0996333751116772E-008
          19           1   8.1560052250057154E-010
          19           2   1.5132178724301664E-009
          19           3   7.8807275768061039E-008
          19           4  -1.5769138513974439E-007
          19           5  -3.6955852574489409E-007
          19           6   6.7333247025679288E-010
          19           7   8.1847462645238512E-010
          19           8   2.3512784665093903E-010
          19           9   5.7263533984304641E-009
          19          10  -2.6628951198775245E-010
          19          11   1.5264890453329111E-008
          19          12   2.9814932741063681E-011
          19          13   1.3553019815637091E-011
          19          14   1.0103220456989011E-010
          19          15   1.5876118921361346E-008
          19          16   1.0614772335409960E-013
          19          17   1.5876220251166120E-008
          19          18   5.8460712464349346E-013
          19          19   2.6981409750268168E-013
          19          20   1.5874246545022797E-008
          19          21  -1.8893546319190060E-008
          19          22   2.8033519789390208E-013
          19          23  -1.8893273985818813E-008
          19          24   1.5761332861962950E-012
          19          25   7.2571486113014521E-013
          19          26  -1.8898596618688558E-008
          20           1  -8.6853730386795181E-004
          20           2   2.8419413529439143E-002
          20           3  -8.5599491347006073E-003
          20           4  -1.0238770584205253E-002
          20           5  -2.2573043366557997E-002
          20           6   9.6601872825365880E-009
          20           7   1.3098672920564261E-008
          20           8   3.2155034179568906E-009
          20           9  -9.7779047404586555E-009
          20          10   1.3945254701273251E-008
          20          11   7.0908147656028011E-009
          20          12   1.4104338972610989E-010
          20          13   6.4485812695169761E-011
          20          14   6.1599176125128143E-011
          20          15   1.4349913787939995E-003
          20          16   6.2449448198510886E-009
          20          17   1.4349973376999166E-003
          20          18   3.4436069396915626E-008
          20          19   1.5874246545022797E-008
          20          20   1.4348811000246394E-003
          20          21  -7.8174485420409170E-004
          20          22   1.7012339293478995E-008
          20          23  -7.8172831896771561E-004
          20          24   9.5668156386675494E-008
          20          25   4.4039251762352931E-008
          20          26  -7.8205139312185242E-004
          21           1  -1.7135651588389682E-003
          21           2   9.3866943893729550E-003
          21           3  -3.8986112625236324E-002
          21           4   9.9032297145766664E-003
          21           5   2.4327404596512999E-002
          21           6   6.7511268553223004E-009
          21           7   8.8966155825389883E-009
          21           8   6.3285129578815467E-010
          21           9   3.2279336750865934E-009
          21          10   4.6412116341956056E-009
          21          11   1.0190744161033109E-008
          21          12  -1.9776619718149932E-010
          21          13   1.0895130746871104E-010
          21          14   5.2111393544492450E-011
          21          15  -7.8187610600857749E-004
          21          16  -7.4305104951738627E-009
          21          17  -7.8188319973531947E-004
          21          18  -4.0985378803221082E-008
          21          19  -1.8893546319190060E-008
          21          20  -7.8174485420409170E-004
          21          21   1.9097205900738736E-003
          21          22  -1.8651169463620496E-008
          21          23   1.9097024677454256E-003
          21          24  -1.0490682131147727E-007
          21          25  -4.8288207486118851E-008
          21          26   1.9100567251843616E-003
          22           1   8.6504481018000853E-010
          22           2   1.2851777722461958E-009
          22           3   1.8417697051540667E-008
          22           4  -1.6643085747149861E-007
          22           5  -3.8846955725152026E-007
          22           6  -1.2263298662674851E-009
          22           7  -2.0056223607265319E-009
          22           8  -1.2226152321436869E-009
          22           9  -3.5298629878788979E-009
          22          10  -2.3527955719180448E-009
          22          11   8.6590578133618738E-009
          22          12  -1.7552552344671711E-011
          22          13  -1.9239590355517360E-011
          22          14   5.5199121168693628E-011
          22          15   1.7014285803433850E-008
          22          16   1.1028247033284068E-013
          22          17   1.7014391269733657E-008
          22          18   6.0788130857343228E-013
          22          19   2.8033519789390208E-013
          22          20   1.7012339293478995E-008
          22          21  -1.8651169463620496E-008
          22          22   2.9443419913771646E-013
          22          23  -1.8650883339677416E-008
          22          24   1.6552538175575875E-012
          22          25   7.6219235216260348E-013
          22          26  -1.8656473483091286E-008
          23           1  -1.7135643178409175E-003
          23           2   9.3866956313168708E-003
          23           3  -3.8986095046276342E-002
          23           4   9.9030679500942756E-003
          23           5   2.4327027023771201E-002
          23           6   5.9917099027765799E-009
          23           7   8.2583656001695167E-009
          23           8   1.6091750894598795E-009
          23           9  -6.6154932130818515E-009
          23          10   8.1766516651051104E-009
          23          11   1.2196751581295501E-008
          23          12  -2.6226538480655201E-010
          23          13   1.2229777935109378E-010
          23          14   6.4074001360692346E-011
          23          15  -7.8185956888033974E-004
          23          16  -7.4304033393867621E-009
          23          17  -7.8186666250466158E-004
          23          18  -4.0984787934935347E-008
          23          19  -1.8893273985818813E-008
          23          20  -7.8172831896771561E-004
          23          21   1.9097024677454256E-003
          23          22  -1.8650883339677416E-008
          23          23   1.9096843456951444E-003
          23          24  -1.0490521255537041E-007
          23          25  -4.8287466765428308E-008
          23          26   1.9100385977008610E-003
          24           1   4.8646587038253865E-009
          24           2   7.2336522623174411E-009
          24           3   1.0443509775443890E-007
          24           4  -9.3596312705705634E-007
          24           5  -2.1846734885297310E-006
          24           6  -1.4556267473022524E-009
          24           7  -2.0984236280517462E-009
          24           8  -7.9047497264383868E-010
          24           9   7.1935467251739516E-009
          24          10   7.9744954702997589E-010
          24          11   2.6063422602168293E-009
          24          12   4.5279321672429776E-011
          24          13  -2.0467675515325851E-012
          24          14   1.6396789767845035E-011
          24          15   9.5679105443316084E-008
          24          16   6.2009057774753984E-013
          24          17   9.5679697006877265E-008
          24          18   3.4189534419103094E-012
          24          19   1.5761332861962950E-012
          24          20   9.5668156386675494E-008
          24          21  -1.0490682131147727E-007
          24          22   1.6552538175575875E-012
          24          23  -1.0490521255537041E-007
          24          24   9.3089100174440700E-012
          24          25   4.2850766127736940E-012
          24          26  -1.0493664858193152E-007
          25           1   2.2394674590101247E-009
          25           2   3.3267689980988422E-009
          25           3   4.7877270320358448E-008
          25           4  -4.3085333324899983E-007
          25           5  -1.0056705282962690E-006
          25           6   7.3210453575659959E-010
          25           7   1.3110334662715290E-009
          25           8   7.9431878983790868E-010
          25           9  -1.1437596501478991E-008
          25          10  -8.2869446584465660E-009
          25          11   1.9559894074036010E-008
          25          12  -6.0598644458997735E-011
          25          13  -6.6313810522721489E-011
          25          14   1.2750147247535813E-010
          25          15   4.4044291068285292E-008
          25          16   2.8547634348233959E-013
          25          17   4.4044563974272818E-008
          25          18   1.5737494162238656E-012
          25          19   7.2571486113014521E-013
          25          20   4.4039251762352931E-008
          25          21  -4.8288207486118851E-008
          25          22   7.6219235216260348E-013
          25          23  -4.8287466765428308E-008
          25          24   4.2850766127736940E-012
          25          25   1.9731566376627511E-012
          25          26  -4.8301938515949928E-008
          26           1  -1.7135807463994331E-003
          26           2   9.3866712118064674E-003
          26           3  -3.8986446880197728E-002
          26           4   9.9062287225822644E-003
          26           5   2.4334404710352083E-002
          26           6   4.2472765802877330E-009
          26           7   5.8423769143228040E-009
          26           8   1.2726338160682861E-009
          26           9   1.3520035261305003E-008
          26          10   1.2761902653300654E-008
          26          11  -1.4211332822126437E-008
          26          12  -1.3690164849222694E-010
          26          13   1.6288440556954548E-010
          26          14  -1.0413137179124262E-010
          26          15  -7.8218268000797156E-004
          26          16  -7.4324973202158017E-009
          26          17  -7.8218977563089445E-004
          26          18  -4.0996333751116772E-008
          26          19  -1.8898596618688558E-008
          26          20  -7.8205139312185242E-004
          26          21   1.9100567251843616E-003
          26          22  -1.8656473483091286E-008
          26          23   1.9100385977008610E-003
          26          24  -1.0493664858193152E-007
          26          25  -4.8301938515949928E-008
          26          26   1.9103929558679602E-003
