           1           1   1.9964063845224742     
           1           2  -1.9787101331744807E-002
           1           3  -3.9292322952999156E-002
           1           4   8.1367546050281174E-003
           1           5  -5.8021509158730092E-003
           1           6   1.3848831646914613E-014
           1           7  -4.3945497910304161E-015
           1           8   1.4695010883607359E-014
           1           9   1.7502077545960757E-013
           1          10   5.5583947963232371E-014
           1          11  -2.5873588452615475E-013
           1          12  -4.1075071939972454E-014
           1          13   2.4178861346096198E-014
           1          14   1.4562217153614987E-014
           1          15  -1.8748163571791153E-015
           1          16   4.9530469694863296E-014
           1          17  -6.9518006736220163E-014
           1          18   1.9444735315468122E-002
           1          19  -1.9349811243035761E-014
           1          20   1.9444735315371831E-002
           1          21  -4.6063950193265047E-016
           1          22   4.7763623169566145E-014
           1          23   1.9444735315467206E-002
           1          24   2.5687850460716539E-003
           1          25  -8.4467445607127817E-014
           1          26   2.5687850460502700E-003
           1          27   1.9529732918325025E-014
           1          28  -1.6541916716483280E-014
           1          29   2.5687850461542545E-003
           2           1  -1.9787101331744807E-002
           2           2   2.0545245939889938     
           2           3   6.8848891954215785E-002
           2           4   1.8075068784975154E-003
           2           5   4.1240769056881108E-002
           2           6   8.5098653055504389E-013
           2           7  -2.5393684332618855E-013
           2           8   7.1024446761697679E-013
           2           9  -2.1354540555619842E-015
           2          10  -1.1828178093423445E-013
           2          11  -5.5934994045519702E-014
           2          12   4.2112015178131368E-014
           2          13  -3.0858222157138302E-014
           2          14  -5.2889866059812748E-014
           2          15   7.1502008703930262E-015
           2          16  -3.7751565404373791E-014
           2          17  -5.8310500737071333E-014
           2          18  -2.9577984984882497E-002
           2          19   3.8395540348159924E-014
           2          20  -2.9577984985519012E-002
           2          21   7.6541277484542525E-014
           2          22  -3.2034757160627932E-014
           2          23  -2.9577984985237990E-002
           2          24  -1.9554434630363222E-002
           2          25  -3.3439173710392808E-014
           2          26  -1.9554434630289740E-002
           2          27   1.7794978594633826E-014
           2          28   3.4143044415430966E-015
           2          29  -1.9554434630374023E-002
           3           1  -3.9292322952999156E-002
           3           2   6.8848891954215785E-002
           3           3   2.0838735598463387     
           3           4   4.6971443342640140E-002
           3           5   3.0174133584652096E-002
           3           6  -1.1895239377943070E-013
           3           7   1.3190823683086305E-013
           3           8   2.6494132623301967E-013
           3           9   1.4510172170741832E-013
           3          10  -2.0526262219614798E-013
           3          11  -1.1346582008910598E-013
           3          12   2.7126040354263372E-014
           3          13  -1.1677966931797899E-013
           3          14  -1.2492582932691995E-013
           3          15   1.6956033777345712E-014
           3          16   6.0568445194807039E-014
           3          17  -5.2510983949511395E-014
           3          18  -3.7080725580945925E-002
           3          19   1.2696858242953845E-013
           3          20  -3.7080725581718765E-002
           3          21  -9.5867540561645703E-014
           3          22  -3.5629483679334790E-013
           3          23  -3.7080725581885535E-002
           3          24  -2.3609526429008452E-002
           3          25   5.5324257943405189E-014
           3          26  -2.3609526429006801E-002
           3          27  -3.1674564864909423E-014
           3          28  -4.7305213555995483E-014
           3          29  -2.3609526429017664E-002
           4           1   8.1367546050281174E-003
           4           2   1.8075068784975154E-003
           4           3   4.6971443342640140E-002
           4           4  0.48693879156501885     
           4           5 -0.62058595303330177     
           4           6  -8.3220123410063996E-016
           4           7  -4.5904139279172357E-015
           4           8  -9.7619744366048310E-014
           4           9   2.4644251603632207E-014
           4          10   2.3433780126697936E-014
           4          11   9.2099177791607277E-015
           4          12  -7.0766190964890548E-014
           4          13   6.4352518540406689E-015
           4          14   1.6141441288790301E-013
           4          15  -1.6558387253164966E-014
           4          16   5.0115780675820502E-014
           4          17   5.6898018416808688E-014
           4          18  -2.5885558787634502E-003
           4          19  -2.1442471290944759E-013
           4          20  -2.5885558793945647E-003
           4          21   3.8795777284261716E-014
           4          22   3.3873435758567293E-013
           4          23  -2.5885558783270320E-003
           4          24  -1.9817060825568576E-002
           4          25   5.9070079121577816E-015
           4          26  -1.9817060825598289E-002
           4          27   5.0803135915678564E-015
           4          28   8.3061879643313100E-016
           4          29  -1.9817060825587929E-002
           5           1  -5.8021509158730092E-003
           5           2   4.1240769056881108E-002
           5           3   3.0174133584652096E-002
           5           4 -0.62058595303330177     
           5           5  0.79563748644150512     
           5           6  -5.0869438874750770E-015
           5           7   7.7688804766627216E-015
           5           8   1.0274365368421922E-013
           5           9   1.2724197069454458E-013
           5          10   3.1836371633595147E-014
           5          11  -1.6695396235430561E-014
           5          12   2.0673672845537226E-014
           5          13   8.9422591310128516E-014
           5          14   9.8230841506493693E-015
           5          15  -5.4175099058047864E-014
           5          16   4.9696471969402215E-014
           5          17   1.6368070309717451E-013
           5          18   1.2056220814892257E-003
           5          19  -3.3469205723900089E-013
           5          20   1.2056220777820511E-003
           5          21   2.2568718689875406E-013
           5          22   1.2416829895597671E-012
           5          23   1.2056220822381082E-003
           5          24   2.3953370247279403E-002
           5          25  -6.0757698805045986E-015
           5          26   2.3953370247319278E-002
           5          27  -7.4582328085825132E-015
           5          28  -3.2320453000180414E-015
           5          29   2.3953370247303686E-002
           6           1   1.3848831646914613E-014
           6           2   8.5098653055504389E-013
           6           3  -1.1895239377943070E-013
           6           4  -8.3220123410063996E-016
           6           5  -5.0869438874750770E-015
           6           6   2.0000317087395469     
           6           7   8.6370561490104244E-015
           6           8  -1.6268424754357034E-015
           6           9  -6.3329472715617589E-005
           6          10   7.4584559212030655E-014
           6          11   5.4223836262258246E-014
           6          12   6.1955218766210937E-004
           6          13   5.3991608005201502E-015
           6          14  -3.9856781273279150E-014
           6          15  -8.9343483853705481E-004
           6          16   2.8949122965341370E-014
           6          17  -1.1517637226441703E-014
           6          18   3.2242496069262520E-014
           6          19   2.6332899184609363E-014
           6          20   7.1534375650522849E-014
           6          21   1.1004867654638111E-014
           6          22   3.6510668555595439E-015
           6          23   5.9316205879860556E-014
           6          24  -1.5030528963022135E-014
           6          25   1.5000561625674184E-014
           6          26   3.1730764440784950E-014
           6          27  -7.3010914352370158E-015
           6          28  -3.8785257426318130E-015
           6          29  -5.8000718624508465E-016
           7           1  -4.3945497910304161E-015
           7           2  -2.5393684332618855E-013
           7           3   1.3190823683086305E-013
           7           4  -4.5904139279172357E-015
           7           5   7.7688804766627216E-015
           7           6   8.6370561490104244E-015
           7           7   2.0000317087395381     
           7           8   2.6650128202465046E-015
           7           9   3.6375823434739926E-014
           7          10  -6.3329472779067160E-005
           7          11  -7.6355204706790916E-014
           7          12  -6.6372248138085038E-015
           7          13   6.1955218769648552E-004
           7          14   4.1037689197352678E-014
           7          15   4.9950786508348027E-015
           7          16  -8.9343483858066153E-004
           7          17  -7.8834914941580680E-015
           7          18  -3.5035592508154414E-014
           7          19  -8.9791757361440069E-015
           7          20  -3.3294874873532977E-014
           7          21  -9.9081426745887317E-015
           7          22  -1.9266527741268589E-014
           7          23  -4.7296073738942833E-014
           7          24   3.4673203927159748E-014
           7          25   3.8562534364082955E-015
           7          26  -2.4348951980678264E-014
           7          27   2.5435948994084465E-014
           7          28  -7.7053397902761541E-015
           7          29   8.9096378817644505E-015
           8           1   1.4695010883607359E-014
           8           2   7.1024446761697679E-013
           8           3   2.6494132623301967E-013
           8           4  -9.7619744366048310E-014
           8           5   1.0274365368421922E-013
           8           6  -1.6268424754357034E-015
           8           7   2.6650128202465046E-015
           8           8   2.0000317087395629     
           8           9  -6.6376355440550944E-014
           8          10   1.0908471523094615E-013
           8          11  -6.3329472613043091E-005
           8          12   6.8028451659851372E-015
           8          13  -3.1284247111254548E-014
           8          14   6.1955218764001355E-004
           8          15  -1.1265253595411917E-014
           8          16   2.4485716731102725E-014
           8          17  -8.9343483851499737E-004
           8          18  -1.8346443020099866E-013
           8          19   3.0785418118213273E-014
           8          20  -1.8411982303060274E-013
           8          21   2.2232683388825261E-014
           8          22  -5.0045317794463717E-015
           8          23  -1.9493674983933664E-013
           8          24  -8.6193169018301447E-014
           8          25   2.2919606397930859E-015
           8          26  -2.4468842579541272E-015
           8          27  -4.9004220279000693E-014
           8          28   2.1331074055301401E-014
           8          29  -6.4803168116542293E-014
           9           1   1.7502077545960757E-013
           9           2  -2.1354540555619842E-015
           9           3   1.4510172170741832E-013
           9           4   2.4644251603632207E-014
           9           5   1.2724197069454458E-013
           9           6  -6.3329472715617589E-005
           9           7   3.6375823434739926E-014
           9           8  -6.6376355440550944E-014
           9           9   1.9960954415575978     
           9          10  -1.3827979305900589E-014
           9          11   1.1189669033880153E-014
           9          12  -1.5039617357585142E-002
           9          13  -6.8051033558225171E-015
           9          14   1.3257719032842841E-014
           9          15  -2.1452912420143796E-003
           9          16   7.9694551739090125E-015
           9          17  -4.3628349630925323E-014
           9          18   5.1492890142601957E-013
           9          19  -1.8849834574705438E-013
           9          20  -6.7311541272623313E-013
           9          21   7.5901989627442949E-014
           9          22   9.4051776086999414E-014
           9          23  -2.1021583189189590E-014
           9          24  -9.5285519668150611E-015
           9          25  -2.7527594913892242E-014
           9          26  -7.1110207702451246E-014
           9          27  -1.2107273639387055E-014
           9          28  -4.6269490476710000E-014
           9          29  -5.8792758664604007E-014
          10           1   5.5583947963232371E-014
          10           2  -1.1828178093423445E-013
          10           3  -2.0526262219614798E-013
          10           4   2.3433780126697936E-014
          10           5   3.1836371633595147E-014
          10           6   7.4584559212030655E-014
          10           7  -6.3329472779067160E-005
          10           8   1.0908471523094615E-013
          10           9  -1.3827979305900589E-014
          10          10   1.9960954415575864     
          10          11   1.1571359444088360E-015
          10          12  -9.6632229128201796E-016
          10          13  -1.5039617357629095E-002
          10          14  -1.1285351993184367E-014
          10          15   7.0285845286260917E-015
          10          16  -2.1452912419682802E-003
          10          17  -5.8915546052862311E-016
          10          18  -2.7320477246740452E-013
          10          19   1.3133075925995009E-013
          10          20   1.8765002318742072E-013
          10          21  -1.8359887187058565E-014
          10          22  -3.4119286299835756E-014
          10          23   1.2127580755492699E-013
          10          24  -5.4866041337276231E-015
          10          25   9.2265674391038256E-015
          10          26  -5.1988244564227725E-015
          10          27   2.0693340330731540E-014
          10          28  -2.5602359516162765E-015
          10          29   2.4225796250275577E-014
          11           1  -2.5873588452615475E-013
          11           2  -5.5934994045519702E-014
          11           3  -1.1346582008910598E-013
          11           4   9.2099177791607277E-015
          11           5  -1.6695396235430561E-014
          11           6   5.4223836262258246E-014
          11           7  -7.6355204706790916E-014
          11           8  -6.3329472613043091E-005
          11           9   1.1189669033880153E-014
          11          10   1.1571359444088360E-015
          11          11   1.9960954415575469     
          11          12   5.9381346411216396E-015
          11          13   1.8954889741129577E-014
          11          14  -1.5039617357627523E-002
          11          15   1.1289905642308806E-014
          11          16  -7.1188714645398221E-015
          11          17  -2.1452912419676852E-003
          11          18  -4.9196162762350084E-014
          11          19   1.0005936475873404E-013
          11          20   1.3246432515395904E-014
          11          21  -1.0919709767738815E-013
          11          22   1.3657320497990716E-014
          11          23  -4.7377107197693837E-014
          11          24   5.5617002390244587E-015
          11          25  -8.9478127285855668E-014
          11          26  -3.1298963463500867E-014
          11          27  -7.7436841226969233E-014
          11          28   1.6579987547130851E-014
          11          29   8.7683999572379655E-015
          12           1  -4.1075071939972454E-014
          12           2   4.2112015178131368E-014
          12           3   2.7126040354263372E-014
          12           4  -7.0766190964890548E-014
          12           5   2.0673672845537226E-014
          12           6   6.1955218766210937E-004
          12           7  -6.6372248138085038E-015
          12           8   6.8028451659851372E-015
          12           9  -1.5039617357585142E-002
          12          10  -9.6632229128201796E-016
          12          11   5.9381346411216396E-015
          12          12  0.57594377605486269     
          12          13   1.3884726701718364E-014
          12          14   3.4066499621232538E-014
          12          15  0.62101117851105925     
          12          16  -1.3111040031432708E-014
          12          17  -1.1879386363489175E-014
          12          18   7.2340589652320590E-013
          12          19  -1.2829942841274222E-013
          12          20  -7.0562951449621857E-013
          12          21   1.3004165090890222E-013
          12          22   1.4954669884040170E-013
          12          23  -1.6366669587018105E-014
          12          24   1.1164470351435043E-014
          12          25   2.2055050343877120E-014
          12          26   3.7785440959928595E-014
          12          27  -3.7526794465944129E-014
          12          28   1.5351710713799304E-014
          12          29  -3.4671810330001148E-014
          13           1   2.4178861346096198E-014
          13           2  -3.0858222157138302E-014
          13           3  -1.1677966931797899E-013
          13           4   6.4352518540406689E-015
          13           5   8.9422591310128516E-014
          13           6   5.3991608005201502E-015
          13           7   6.1955218769648552E-004
          13           8  -3.1284247111254548E-014
          13           9  -6.8051033558225171E-015
          13          10  -1.5039617357629095E-002
          13          11   1.8954889741129577E-014
          13          12   1.3884726701718364E-014
          13          13  0.57594377605498281     
          13          14  -1.6764367671839864E-014
          13          15   1.5050460877574778E-014
          13          16  0.62101117851106702     
          13          17  -5.1070259132757201E-014
          13          18   2.3039409189234544E-013
          13          19  -9.9494967969961378E-014
          13          20   5.5341925095809367E-014
          13          21  -3.9355882477000384E-014
          13          22  -5.6612747938625115E-014
          13          23  -2.8585002955225789E-013
          13          24   4.1796895595082998E-016
          13          25   4.8943438802166897E-014
          13          26   1.1756785905667328E-014
          13          27  -4.9534049981159693E-016
          13          28  -4.1715867795001875E-014
          13          29  -2.7850439614229882E-014
          14           1   1.4562217153614987E-014
          14           2  -5.2889866059812748E-014
          14           3  -1.2492582932691995E-013
          14           4   1.6141441288790301E-013
          14           5   9.8230841506493693E-015
          14           6  -3.9856781273279150E-014
          14           7   4.1037689197352678E-014
          14           8   6.1955218764001355E-004
          14           9   1.3257719032842841E-014
          14          10  -1.1285351993184367E-014
          14          11  -1.5039617357627523E-002
          14          12   3.4066499621232538E-014
          14          13  -1.6764367671839864E-014
          14          14  0.57594377605487423     
          14          15   1.6184970030863610E-014
          14          16   5.0459636469213365E-014
          14          17  0.62101117851106002     
          14          18   7.8170888541473551E-013
          14          19  -1.2398655026702841E-014
          14          20  -5.7839599217446383E-013
          14          21   1.4280400378837994E-013
          14          22  -2.2315448114086808E-014
          14          23  -1.8514864684796426E-013
          14          24   3.6523157178158093E-014
          14          25  -2.1044315911770616E-015
          14          26   1.4908910775842792E-014
          14          27   3.6835706792296704E-014
          14          28   1.3707090532972956E-014
          14          29  -6.4638444427589803E-014
          15           1  -1.8748163571791153E-015
          15           2   7.1502008703930262E-015
          15           3   1.6956033777345712E-014
          15           4  -1.6558387253164966E-014
          15           5  -5.4175099058047864E-014
          15           6  -8.9343483853705481E-004
          15           7   4.9950786508348027E-015
          15           8  -1.1265253595411917E-014
          15           9  -2.1452912420143796E-003
          15          10   7.0285845286260917E-015
          15          11   1.1289905642308806E-014
          15          12  0.62101117851105925     
          15          13   1.5050460877574778E-014
          15          14   1.6184970030863610E-014
          15          15  0.66970552038073106     
          15          16  -1.3936768405997668E-014
          15          17  -3.5350194993455375E-014
          15          18  -3.6026683352687288E-013
          15          19   9.0195146689280469E-014
          15          20   3.2070019149246189E-013
          15          21  -1.0023559358744450E-013
          15          22  -1.6750038475620860E-013
          15          23   4.2404532368449444E-014
          15          24   1.0255709167270415E-014
          15          25   2.3556773808162261E-014
          15          26   3.8279588942056942E-014
          15          27  -4.0526768781549831E-014
          15          28   1.6264354714940707E-014
          15          29  -3.9650350026807968E-014
          16           1   4.9530469694863296E-014
          16           2  -3.7751565404373791E-014
          16           3   6.0568445194807039E-014
          16           4   5.0115780675820502E-014
          16           5   4.9696471969402215E-014
          16           6   2.8949122965341370E-014
          16           7  -8.9343483858066153E-004
          16           8   2.4485716731102725E-014
          16           9   7.9694551739090125E-015
          16          10  -2.1452912419682802E-003
          16          11  -7.1188714645398221E-015
          16          12  -1.3111040031432708E-014
          16          13  0.62101117851106702     
          16          14   5.0459636469213365E-014
          16          15  -1.3936768405997668E-014
          16          16  0.66970552038060971     
          16          17   1.8735013540549517E-014
          16          18   4.1066318725643589E-014
          16          19  -9.8625254482859855E-014
          16          20  -1.9956930741427605E-013
          16          21   7.4612087599807897E-014
          16          22   6.2734648117138648E-014
          16          23   1.4939946158528328E-013
          16          24  -3.1427970827811144E-015
          16          25   5.2844218106868959E-014
          16          26   9.1380561696695564E-015
          16          27  -4.1929214729478865E-016
          16          28  -4.5011616797930510E-014
          16          29  -3.3462338757242999E-014
          17           1  -6.9518006736220163E-014
          17           2  -5.8310500737071333E-014
          17           3  -5.2510983949511395E-014
          17           4   5.6898018416808688E-014
          17           5   1.6368070309717451E-013
          17           6  -1.1517637226441703E-014
          17           7  -7.8834914941580680E-015
          17           8  -8.9343483851499737E-004
          17           9  -4.3628349630925323E-014
          17          10  -5.8915546052862311E-016
          17          11  -2.1452912419676852E-003
          17          12  -1.1879386363489175E-014
          17          13  -5.1070259132757201E-014
          17          14  0.62101117851106002     
          17          15  -3.5350194993455375E-014
          17          16   1.8735013540549517E-014
          17          17  0.66970552038072040     
          17          18   2.8089913721124697E-013
          17          19  -4.0516333340983887E-013
          17          20  -3.1567941420280242E-013
          17          21   9.2329776614698831E-014
          17          22   5.8026481346878753E-014
          17          23   4.8975307243188982E-014
          17          24   4.3271120780343241E-014
          17          25  -2.8644416392499670E-015
          17          26   1.9553115064000964E-014
          17          27   3.9223432099882289E-014
          17          28   1.4874350155573878E-014
          17          29  -6.5896621202246870E-014
          18           1   1.9444735315468122E-002
          18           2  -2.9577984984882497E-002
          18           3  -3.7080725580945925E-002
          18           4  -2.5885558787634502E-003
          18           5   1.2056220814892257E-003
          18           6   3.2242496069262520E-014
          18           7  -3.5035592508154414E-014
          18           8  -1.8346443020099866E-013
          18           9   5.1492890142601957E-013
          18          10  -2.7320477246740452E-013
          18          11  -4.9196162762350084E-014
          18          12   7.2340589652320590E-013
          18          13   2.3039409189234544E-013
          18          14   7.8170888541473551E-013
          18          15  -3.6026683352687288E-013
          18          16   4.1066318725643589E-014
          18          17   2.8089913721124697E-013
          18          18   2.0013109184813436     
          18          19   1.1323483744040979E-013
          18          20 -0.99881080237991282     
          18          21   1.4661445134308576E-015
          18          22  -1.5970081092861356E-014
          18          23 -0.99881080238083197     
          18          24   5.7880128935314614E-004
          18          25   1.5360962057187501E-013
          18          26   8.6616319964759987E-004
          18          27   8.4791065758388523E-015
          18          28  -1.1009968950847082E-014
          18          29   8.6616320021843350E-004
          19           1  -1.9349811243035761E-014
          19           2   3.8395540348159924E-014
          19           3   1.2696858242953845E-013
          19           4  -2.1442471290944759E-013
          19           5  -3.3469205723900089E-013
          19           6   2.6332899184609363E-014
          19           7  -8.9791757361440069E-015
          19           8   3.0785418118213273E-014
          19           9  -1.8849834574705438E-013
          19          10   1.3133075925995009E-013
          19          11   1.0005936475873404E-013
          19          12  -1.2829942841274222E-013
          19          13  -9.9494967969961378E-014
          19          14  -1.2398655026702841E-014
          19          15   9.0195146689280469E-014
          19          16  -9.8625254482859855E-014
          19          17  -4.0516333340983887E-013
          19          18   1.1323483744040979E-013
          19          19   2.0000811472416400     
          19          20   4.1181363142241171E-014
          19          21  -6.5052130349385246E-016
          19          22   1.4960255256822798E-014
          19          23   4.5476538468764435E-014
          19          24   1.4748090867071772E-013
          19          25  -1.9157460719590471E-004
          19          26   2.2815917398157743E-013
          19          27  -9.0925997602601826E-014
          19          28  -2.4683766586700656E-014
          19          29   1.5092129434576878E-013
          20           1   1.9444735315371831E-002
          20           2  -2.9577984985519012E-002
          20           3  -3.7080725581718765E-002
          20           4  -2.5885558793945647E-003
          20           5   1.2056220777820511E-003
          20           6   7.1534375650522849E-014
          20           7  -3.3294874873532977E-014
          20           8  -1.8411982303060274E-013
          20           9  -6.7311541272623313E-013
          20          10   1.8765002318742072E-013
          20          11   1.3246432515395904E-014
          20          12  -7.0562951449621857E-013
          20          13   5.5341925095809367E-014
          20          14  -5.7839599217446383E-013
          20          15   3.2070019149246189E-013
          20          16  -1.9956930741427605E-013
          20          17  -3.1567941420280242E-013
          20          18 -0.99881080237991282     
          20          19   4.1181363142241171E-014
          20          20   2.0013109184834548     
          20          21  -8.1511624374012311E-015
          20          22  -6.3362726456591009E-014
          20          23 -0.99881080237972908     
          20          24   8.6616320119279927E-004
          20          25  -1.4383226690029389E-013
          20          26   5.7880129058558109E-004
          20          27   6.7560532808229369E-014
          20          28  -1.6251864804117116E-013
          20          29   8.6616320095536377E-004
          21           1  -4.6063950193265047E-016
          21           2   7.6541277484542525E-014
          21           3  -9.5867540561645703E-014
          21           4   3.8795777284261716E-014
          21           5   2.2568718689875406E-013
          21           6   1.1004867654638111E-014
          21           7  -9.9081426745887317E-015
          21           8   2.2232683388825261E-014
          21           9   7.5901989627442949E-014
          21          10  -1.8359887187058565E-014
          21          11  -1.0919709767738815E-013
          21          12   1.3004165090890222E-013
          21          13  -3.9355882477000384E-014
          21          14   1.4280400378837994E-013
          21          15  -1.0023559358744450E-013
          21          16   7.4612087599807897E-014
          21          17   9.2329776614698831E-014
          21          18   1.4661445134308576E-015
          21          19  -6.5052130349385246E-016
          21          20  -8.1511624374012311E-015
          21          21   2.0000811472415818     
          21          22   1.3872583637389535E-014
          21          23  -1.4481168401244399E-014
          21          24  -4.0121592346646157E-014
          21          25   4.3159391427868946E-014
          21          26  -1.7047870148527022E-013
          21          27  -1.9157460709469317E-004
          21          28   6.2170341621096271E-015
          21          29  -1.6105664652043790E-014
          22           1   4.7763623169566145E-014
          22           2  -3.2034757160627932E-014
          22           3  -3.5629483679334790E-013
          22           4   3.3873435758567293E-013
          22           5   1.2416829895597671E-012
          22           6   3.6510668555595439E-015
          22           7  -1.9266527741268589E-014
          22           8  -5.0045317794463717E-015
          22           9   9.4051776086999414E-014
          22          10  -3.4119286299835756E-014
          22          11   1.3657320497990716E-014
          22          12   1.4954669884040170E-013
          22          13  -5.6612747938625115E-014
          22          14  -2.2315448114086808E-014
          22          15  -1.6750038475620860E-013
          22          16   6.2734648117138648E-014
          22          17   5.8026481346878753E-014
          22          18  -1.5970081092861356E-014
          22          19   1.4960255256822798E-014
          22          20  -6.3362726456591009E-014
          22          21   1.3872583637389535E-014
          22          22   2.0000811472415960     
          22          23  -9.6301655818438231E-014
          22          24  -4.3797675603977982E-013
          22          25   7.0068788858391234E-015
          22          26  -3.9866335741359478E-013
          22          27  -3.8014806909015705E-015
          22          28  -1.9157460709985969E-004
          22          29  -4.0195120558385269E-013
          23           1   1.9444735315467206E-002
          23           2  -2.9577984985237990E-002
          23           3  -3.7080725581885535E-002
          23           4  -2.5885558783270320E-003
          23           5   1.2056220822381082E-003
          23           6   5.9316205879860556E-014
          23           7  -4.7296073738942833E-014
          23           8  -1.9493674983933664E-013
          23           9  -2.1021583189189590E-014
          23          10   1.2127580755492699E-013
          23          11  -4.7377107197693837E-014
          23          12  -1.6366669587018105E-014
          23          13  -2.8585002955225789E-013
          23          14  -1.8514864684796426E-013
          23          15   4.2404532368449444E-014
          23          16   1.4939946158528328E-013
          23          17   4.8975307243188982E-014
          23          18 -0.99881080238083197     
          23          19   4.5476538468764435E-014
          23          20 -0.99881080237972908     
          23          21  -1.4481168401244399E-014
          23          22  -9.6301655818438231E-014
          23          23   2.0013109184818885     
          23          24   8.6616319950253459E-004
          23          25  -1.3673683014512011E-014
          23          26   8.6616319981162675E-004
          23          27  -7.4661097953869395E-014
          23          28   1.7536032467049440E-013
          23          29   5.7880128887805482E-004
          24           1   2.5687850460716539E-003
          24           2  -1.9554434630363222E-002
          24           3  -2.3609526429008452E-002
          24           4  -1.9817060825568576E-002
          24           5   2.3953370247279403E-002
          24           6  -1.5030528963022135E-014
          24           7   3.4673203927159748E-014
          24           8  -8.6193169018301447E-014
          24           9  -9.5285519668150611E-015
          24          10  -5.4866041337276231E-015
          24          11   5.5617002390244587E-015
          24          12   1.1164470351435043E-014
          24          13   4.1796895595082998E-016
          24          14   3.6523157178158093E-014
          24          15   1.0255709167270415E-014
          24          16  -3.1427970827811144E-015
          24          17   4.3271120780343241E-014
          24          18   5.7880128935314614E-004
          24          19   1.4748090867071772E-013
          24          20   8.6616320119279927E-004
          24          21  -4.0121592346646157E-014
          24          22  -4.3797675603977982E-013
          24          23   8.6616319950253459E-004
          24          24   1.2071823137350646E-003
          24          25  -6.1477274551878927E-016
          24          26   1.2071547892242842E-003
          24          27  -1.8391963183470696E-017
          24          28   4.3710231783428224E-016
          24          29   1.2071547892249768E-003
          25           1  -8.4467445607127817E-014
          25           2  -3.3439173710392808E-014
          25           3   5.5324257943405189E-014
          25           4   5.9070079121577816E-015
          25           5  -6.0757698805045986E-015
          25           6   1.5000561625674184E-014
          25           7   3.8562534364082955E-015
          25           8   2.2919606397930859E-015
          25           9  -2.7527594913892242E-014
          25          10   9.2265674391038256E-015
          25          11  -8.9478127285855668E-014
          25          12   2.2055050343877120E-014
          25          13   4.8943438802166897E-014
          25          14  -2.1044315911770616E-015
          25          15   2.3556773808162261E-014
          25          16   5.2844218106868959E-014
          25          17  -2.8644416392499670E-015
          25          18   1.5360962057187501E-013
          25          19  -1.9157460719590471E-004
          25          20  -1.4383226690029389E-013
          25          21   4.3159391427868946E-014
          25          22   7.0068788858391234E-015
          25          23  -1.3673683014512011E-014
          25          24  -6.1477274551878927E-016
          25          25   1.8349674132373923E-008
          25          26  -5.9400886813271710E-016
          25          27   4.5749376303337287E-018
          25          28   1.6951679538182099E-018
          25          29  -5.9908405022244312E-016
          26           1   2.5687850460502700E-003
          26           2  -1.9554434630289740E-002
          26           3  -2.3609526429006801E-002
          26           4  -1.9817060825598289E-002
          26           5   2.3953370247319278E-002
          26           6   3.1730764440784950E-014
          26           7  -2.4348951980678264E-014
          26           8  -2.4468842579541272E-015
          26           9  -7.1110207702451246E-014
          26          10  -5.1988244564227725E-015
          26          11  -3.1298963463500867E-014
          26          12   3.7785440959928595E-014
          26          13   1.1756785905667328E-014
          26          14   1.4908910775842792E-014
          26          15   3.8279588942056942E-014
          26          16   9.1380561696695564E-015
          26          17   1.9553115064000964E-014
          26          18   8.6616319964759987E-004
          26          19   2.2815917398157743E-013
          26          20   5.7880129058558109E-004
          26          21  -1.7047870148527022E-013
          26          22  -3.9866335741359478E-013
          26          23   8.6616319981162675E-004
          26          24   1.2071547892242842E-003
          26          25  -5.9400886813271710E-016
          26          26   1.2071823137357698E-003
          26          27  -1.1545510314027955E-017
          26          28   4.4786243367160054E-016
          26          29   1.2071547892253467E-003
          27           1   1.9529732918325025E-014
          27           2   1.7794978594633826E-014
          27           3  -3.1674564864909423E-014
          27           4   5.0803135915678564E-015
          27           5  -7.4582328085825132E-015
          27           6  -7.3010914352370158E-015
          27           7   2.5435948994084465E-014
          27           8  -4.9004220279000693E-014
          27           9  -1.2107273639387055E-014
          27          10   2.0693340330731540E-014
          27          11  -7.7436841226969233E-014
          27          12  -3.7526794465944129E-014
          27          13  -4.9534049981159693E-016
          27          14   3.6835706792296704E-014
          27          15  -4.0526768781549831E-014
          27          16  -4.1929214729478865E-016
          27          17   3.9223432099882289E-014
          27          18   8.4791065758388523E-015
          27          19  -9.0925997602601826E-014
          27          20   6.7560532808229369E-014
          27          21  -1.9157460709469317E-004
          27          22  -3.8014806909015705E-015
          27          23  -7.4661097953869395E-014
          27          24  -1.8391963183470696E-017
          27          25   4.5749376303337287E-018
          27          26  -1.1545510314027955E-017
          27          27   1.8349674112979694E-008
          27          28  -2.3407043163908689E-019
          27          29  -1.2706452133647879E-017
          28           1  -1.6541916716483280E-014
