           1           1   2.0180373879759670     
           1           2 -0.11663844032396865     
           1           3  -2.9219615207145874E-002
           1           4   5.9499861123815334E-016
           1           5  -1.3208473082359061E-015
           1           6  -2.8266519490536429E-015
           1           7   1.4795104375111768E-015
           1           8   2.1202452591226302E-016
           1           9  -2.5262663245529460E-015
           2           1 -0.11663844032396865     
           2           2  0.61272750593567293     
           2           3  0.20345375159155590     
           2           4  -9.4389642469101331E-016
           2           5   6.5962766773335229E-015
           2           6   1.4241127962308014E-014
           2           7  -9.2782980589419431E-015
           2           8   1.5980754327493733E-015
           2           9   1.2947752142843654E-014
           3           1  -2.9219615207145874E-002
           3           2  0.20345375159155590     
           3           3   6.8708140758037592E-002
           3           4  -3.0598250045407035E-016
           3           5   2.2231661137477233E-015
           3           6   4.7967022584771620E-015
           3           7  -3.1093237604979680E-015
           3           8   5.4316234637771629E-016
           3           9   4.3233400309665461E-015
           4           1   5.9499861123815334E-016
           4           2  -9.4389642469101331E-016
           4           3  -3.0598250045407035E-016
           4           4   1.5673735604882997E-030
           4           5  -1.0011324410120500E-029
           4           6  -2.1624436746210473E-029
           4           7   1.4099646506262709E-029
           4           8  -2.3047570735995427E-030
           4           9  -1.9838411358057548E-029
           5           1  -1.3208473082359061E-015
           5           2   6.5962766773335229E-015
           5           3   2.2231661137477233E-015
           5           4  -1.0011324410120500E-029
           5           5   7.2010311987836029E-029
           5           6   1.5537226887362674E-028
           5           7  -1.0068970545824998E-028
           5           8   1.7489194360847573E-029
           5           9   1.4012176235789384E-028
           6           1  -2.8266519490536429E-015
           6           2   1.4241127962308014E-014
           6           3   4.7967022584771620E-015
           6           4  -2.1624436746210473E-029
           6           5   1.5537226887362674E-028
           6           6   3.3524646528785107E-028
           6           7  -2.1731178125226169E-028
           6           8   3.7736332055720441E-029
           6           9   3.0244767543496742E-028
           7           1   1.4795104375111768E-015
           7           2  -9.2782980589419431E-015
           7           3  -3.1093237604979680E-015
           7           4   1.4099646506262709E-029
           7           5  -1.0068970545824998E-028
           7           6  -2.1731178125226169E-028
           7           7   1.4120417122310774E-028
           7           8  -2.4520034511286294E-029
           7           9  -1.9665181031779923E-028
           8           1   2.1202452591226302E-016
           8           2   1.5980754327493733E-015
           8           3   5.4316234637771629E-016
           8           4  -2.3047570735995427E-030
           8           5   1.7489194360847573E-029
           8           6   3.7736332055720441E-029
           8           7  -2.4520034511286294E-029
           8           8   4.3931030598779609E-030
           8           9   3.3975353156639132E-029
           9           1  -2.5262663245529460E-015
           9           2   1.2947752142843654E-014
           9           3   4.3233400309665461E-015
           9           4  -1.9838411358057548E-029
           9           5   1.4012176235789384E-028
           9           6   3.0244767543496742E-028
           9           7  -1.9665181031779923E-028
           9           8   3.3975353156639132E-029
           9           9   2.7414239212698545E-028
