           1           1   2.1409149646347170     
           1           2 -0.55969708525050932     
           1           3   3.6334094856882659E-002
           1           4   6.8465571043906714E-002
           1           5  -2.0990895465094947E-014
           1           6  -9.0809575793037855E-014
           1           7  -4.3660140947851870E-014
           1           8  -2.6411622422752821E-014
           1           9  -1.0173444430403769E-013
           1          10  -4.8881606743039286E-014
           2           1 -0.55969708525050932     
           2           2   2.2296934345510726     
           2           3 -0.14358541113352613     
           2           4 -0.30334469913717049     
           2           5  -1.2213205184884663E-014
           2           6  -8.7472451761391430E-014
           2           7  -4.3594978721911448E-014
           2           8  -2.8966323850167718E-014
           2           9  -9.3317995234610605E-014
           2          10  -4.5953211216149004E-014
           3           1   3.6334094856882659E-002
           3           2 -0.14358541113352613     
           3           3  0.32235784621821306     
           3           4  0.52898345978527028     
           3           5   1.1479270783962741E-014
           3           6   1.8577309765513910E-014
           3           7   1.8026195996876341E-014
           3           8   1.2062410730605187E-014
           3           9   3.5142901943140506E-014
           3          10   9.1143467768144235E-015
           4           1   6.8465571043906714E-002
           4           2 -0.30334469913717049     
           4           3  0.52898345978527028     
           4           4  0.87020338085121840     
           4           5  -1.4040203161266451E-014
           4           6  -1.1392062558706032E-015
           4           7   1.4341565220626410E-014
           4           8   2.0790522942708181E-014
           4           9   6.0733914310311172E-014
           4          10   1.6573304715835585E-014
           5           1  -2.0990895465094947E-014
           5           2  -1.2213205184884663E-014
           5           3   1.1479270783962741E-014
           5           4  -1.4040203161266451E-014
           5           5   2.0035458203036463     
           5           6   3.4902636336655260E-015
           5           7   4.1910919179600322E-015
           5           8  -7.3135465629150763E-003
           5           9  -1.9478511956595547E-014
           5          10  -6.6074532997785501E-015
           6           1  -9.0809575793037855E-014
           6           2  -8.7472451761391430E-014
           6           3   1.8577309765513910E-014
           6           4  -1.1392062558706032E-015
           6           5   3.4902636336655260E-015
           6           6   2.0035458203036516     
           6           7  -5.2657531113274023E-015
           6           8   3.6253281193021922E-015
           6           9  -7.3135465629129599E-003
           6          10   4.7832119938035618E-015
           7           1  -4.3660140947851870E-014
           7           2  -4.3594978721911448E-014
           7           3   1.8026195996876341E-014
           7           4   1.4341565220626410E-014
           7           5   4.1910919179600322E-015
           7           6  -5.2657531113274023E-015
           7           7   2.0035458203036542     
           7           8   2.6548858597650741E-015
           7           9   3.8075858926287882E-015
           7          10  -7.3135465629227576E-003
           8           1  -2.6411622422752821E-014
           8           2  -2.8966323850167718E-014
           8           3   1.2062410730605187E-014
           8           4   2.0790522942708181E-014
           8           5  -7.3135465629150763E-003
           8           6   3.6253281193021922E-015
           8           7   2.6548858597650741E-015
           8           8   2.6696650901346172E-005
           8           9   5.7823471769353454E-017
           8          10   1.4374149115296142E-017
           9           1  -1.0173444430403769E-013
           9           2  -9.3317995234610605E-014
           9           3   3.5142901943140506E-014
           9           4   6.0733914310311172E-014
           9           5  -1.9478511956595547E-014
           9           6  -7.3135465629129599E-003
           9           7   3.8075858926287882E-015
           9           8   5.7823471769353454E-017
           9           9   2.6696650901330654E-005
           9          10  -3.1288497097932140E-017
          10           1  -4.8881606743039286E-014
          10           2  -4.5953211216149004E-014
          10           3   9.1143467768144235E-015
          10           4   1.6573304715835585E-014
          10           5  -6.6074532997785501E-015
          10           6   4.7832119938035618E-015
          10           7  -7.3135465629227576E-003
          10           8   1.4374149115296142E-017
          10           9  -3.1288497097932140E-017
          10          10   2.6696650901402150E-005
