           1           1   2.1478538929399935     
           1           2 -0.55933148649994280     
           1           3  0.16372481499127178     
           1           4  -2.2415622438203005E-002
           1           5  -5.3329772746027421E-015
           1           6   5.5160593059900915E-015
           1           7  -9.6959139265886376E-016
           1           8   1.1334124217522657E-015
           1           9  -6.5365708244163493E-016
           1          10  -2.5948560566394151E-015
           2           1 -0.55933148649994280     
           2           2   2.1581716474320651     
           2           3 -0.34517332267090556     
           2           4   7.1671994279705498E-002
           2           5   1.9759683028809569E-014
           2           6  -1.8655559242522103E-014
           2           7   2.2704918070143713E-015
           2           8  -8.5458700502586645E-016
           2           9   1.9373314367908523E-015
           2          10   2.3798481927653958E-015
           3           1  0.16372481499127178     
           3           2 -0.34517332267090556     
           3           3   2.0545681973069558     
           3           4  -3.3618230369084817E-002
           3           5   5.9147226539515917E-016
           3           6  -2.8309639087281943E-016
           3           7   5.7538236108541141E-015
           3           8  -3.5857322548139396E-015
           3           9   1.4589092492520116E-014
           3          10  -9.1664488316121042E-015
           4           1  -2.2415622438203005E-002
           4           2   7.1671994279705498E-002
           4           3  -3.3618230369084817E-002
           4           4   4.4135121701581917E-002
           4           5   3.7809257443847158E-017
           4           6  -2.6340014083887397E-016
           4           7   1.0112691636740535E-015
           4           8  -8.9332058887971218E-016
           4           9  -1.9175940452276137E-015
           4          10  -3.3888885307240071E-017
           5           1  -5.3329772746027421E-015
           5           2   1.9759683028809569E-014
           5           3   5.9147226539515917E-016
           5           4   3.7809257443847158E-017
           5           5   2.0579438970129926     
           5           6  -1.4224732503010193E-016
           5           7   1.0408340855864195E-017
           5           8 -0.13997194137425362     
           5           9  -7.8322764940350888E-016
           5          10  -2.4546337185072624E-016
           6           1   5.5160593059900915E-015
           6           2  -1.8655559242522103E-014
           6           3  -2.8309639087281943E-016
           6           4  -2.6340014083887397E-016
           6           5  -1.4224732503010193E-016
           6           6   2.0579438970129948     
           6           7  -5.5511151231262733E-017
           6           8   2.2759572004815626E-015
           6           9 -0.13997194137425589     
           6          10   1.9671764217577071E-015
           7           1  -9.6959139265886376E-016
           7           2   2.2704918070143713E-015
           7           3   5.7538236108541141E-015
           7           4   1.0112691636740535E-015
           7           5   1.0408340855864195E-017
           7           6  -5.5511151231262733E-017
           7           7   2.0579438970129922     
           7           8   3.6767464073328387E-015
           7           9   2.5014712523585842E-015
           7          10 -0.13997194137425184     
           8           1   1.1334124217522657E-015
           8           2  -8.5458700502586645E-016
           8           3  -3.5857322548139396E-015
           8           4  -8.9332058887971218E-016
           8           5 -0.13997194137425362     
           8           6   2.2759572004815626E-015
           8           7   3.6767464073328387E-015
           8           8   1.0429515177552001E-002
           8           9  -1.5815799191130967E-016
           8          10  -2.9078302266059316E-016
           9           1  -6.5365708244163493E-016
           9           2   1.9373314367908523E-015
           9           3   1.4589092492520116E-014
           9           4  -1.9175940452276137E-015
           9           5  -7.8322764940350888E-016
           9           6 -0.13997194137425589     
           9           7   2.5014712523585842E-015
           9           8  -1.5815799191130967E-016
           9           9   1.0429515177552270E-002
           9          10  -3.4922151975763999E-016
          10           1  -2.5948560566394151E-015
          10           2   2.3798481927653958E-015
          10           3  -9.1664488316121042E-015
          10           4  -3.3888885307240071E-017
          10           5  -2.4546337185072624E-016
          10           6   1.9671764217577071E-015
          10           7 -0.13997194137425184     
          10           8  -2.9078302266059316E-016
          10           9  -3.4922151975763999E-016
          10          10   1.0429515177551675E-002
