           1           1   2.0004163431075872     
           1           2   2.3799013260612963E-003
           1           3   1.6324943771338848E-002
           1           4   5.3047720006169571E-003
           1           5  -5.6955570788931485E-003
           1           6  -4.9294277872831902E-011
           1           7  -3.3666779179494343E-013
           1           8   2.8809639396974532E-011
           1           9  -1.6691364348758473E-010
           1          10   1.2148683803587926E-012
           1          11  -2.0914339282560453E-010
           1          12  -1.6794100986084854E-012
           1          13  -2.2384310818993931E-012
           1          14  -6.1813566696109550E-012
           1          15  -1.8343417120753993E-003
           1          16  -1.5555901246929216E-009
           1          17  -1.9557440205491706E-003
           1          18  -1.5883151142679986E-012
           1          19   1.1592269462688279E-009
           1          20  -1.8343570228109268E-003
           1          21  -3.2177550123344157E-003
           1          22  -3.8498280752879244E-010
           1          23  -3.2565022812606629E-003
           1          24  -7.2034152097783428E-013
           1          25   3.6893898304230544E-010
           1          26  -3.2177610122504459E-003
           1          27   6.5109210829032702E-013
           1          28  -4.9179054987827237E-014
           1          29  -6.1612603905663131E-012
           1          30  -1.3365870065674674E-014
           1          31  -3.8597119192494473E-013
           1          32   1.1248544019144399E-013
           1          33  -4.3307662479970661E-012
           1          34   3.5611251877216825E-013
           1          35  -3.9203276080202368E-014
           1          36  -7.8983279462972978E-013
           2           1   2.3799013260612963E-003
           2           2   1.9965950563905275     
           2           3  0.11183843710036531     
           2           4   2.8167773344530390E-002
           2           5  -3.8728519377343743E-002
           2           6  -6.3488352097956667E-010
           2           7  -4.2255096574608763E-012
           2           8  -3.5635626663288711E-010
           2           9  -2.0026428282684215E-009
           2          10   2.0901707071313280E-011
           2          11  -1.6874448394658422E-008
           2          12  -2.1073257802836371E-011
           2          13  -1.5861263418816646E-011
           2          14  -2.0928788970055919E-010
           2          15   5.2825487570607940E-003
           2          16  -1.6909515291413316E-008
           2          17   5.6131837351936888E-003
           2          18   5.8878895086641393E-012
           2          19   1.1932456419058076E-008
           2          20   5.2824537983688045E-003
           2          21  -2.1223409993893549E-002
           2          22  -4.1861214010373300E-009
           2          23  -2.1158157431363605E-002
           2          24  -1.4450715307342247E-012
           2          25   3.6258460311467839E-009
           2          26  -2.1223449245577765E-002
           2          27   1.0431166516939082E-011
           2          28  -2.7626818337165962E-012
           2          29  -7.0968854955900811E-011
           2          30  -8.3534463276361148E-013
           2          31   5.6090581080184397E-012
           2          32   2.7544039697137431E-012
           2          33  -4.5186325891084986E-010
           2          34   5.7397618931711289E-012
           2          35  -2.2046513750525586E-012
           2          36   1.3435983562167315E-011
           3           1   1.6324943771338848E-002
           3           2  0.11183843710036531     
           3           3   2.6520531379892258     
           3           4  0.15388100136456762     
           3           5 -0.23266129381461353     
           3           6  -1.8674655657932525E-009
           3           7  -1.0364752744153196E-011
           3           8   6.9818428015020639E-010
           3           9  -6.2940417126986650E-009
           3          10   7.0878833754338813E-011
           3          11  -8.5512183625996530E-008
           3          12  -5.6458225105785364E-011
           3          13  -1.0641838280567265E-010
           3          14  -1.1003725515268896E-009
           3          15  -9.5929051781034586E-002
           3          16  -5.3686864767426441E-008
           3          17  -7.9480881906105721E-002
           3          18  -8.4746793643000262E-011
           3          19   5.3061630621677486E-008
           3          20  -9.5929726205884441E-002
           3          21  -9.9080400530132590E-002
           3          22  -1.5069289772658379E-008
           3          23  -9.5454609466581977E-002
           3          24  -3.2067859847032053E-011
           3          25   2.2143237805424202E-008
           3          26  -9.9080619438917716E-002
           3          27   2.6723579089300187E-011
           3          28  -2.8141936553046817E-011
           3          29  -2.2276740773460161E-010
           3          30   7.9056879854572153E-012
           3          31  -1.0781363579579307E-011
           3          32   3.0903452891301392E-011
           3          33  -2.3681070053850884E-009
           3          34   2.0986597747160488E-011
           3          35  -2.2593481243707396E-011
           3          36  -4.8479852164659816E-012
           4           1   5.3047720006169571E-003
           4           2   2.8167773344530390E-002
           4           3  0.15388100136456762     
           4           4  0.13253422795649561     
           4           5  0.35997776059271536     
           4           6  -1.4535954457069655E-009
           4           7  -1.1519462254041030E-011
           4           8   5.0960939391459175E-010
           4           9  -6.7169494449936890E-009
           4          10  -7.7837373925161760E-011
           4          11   5.7666668856490179E-008
           4          12  -7.8123910289964357E-011
           4          13   9.3721878912671990E-011
           4          14   6.6089939591085816E-010
           4          15  -8.8990872010200426E-003
           4          16  -6.0187459644250129E-008
           4          17  -1.0668412511465903E-002
           4          18  -1.5526011015548350E-010
           4          19   5.9903868046952190E-008
           4          20  -8.8989644795632195E-003
           4          21   1.3933647281545879E-002
           4          22  -1.2911649498902483E-008
           4          23   1.3110511032686244E-002
           4          24  -1.1486662290533541E-011
           4          25   9.1222828381026453E-009
           4          26   1.3933798155082180E-002
           4          27   3.1709787611062662E-011
           4          28  -1.8639222672549166E-012
           4          29  -2.4881530541895850E-010
           4          30   4.7812839500726835E-012
           4          31  -4.3239749213033576E-011
           4          32   6.2211054247475707E-014
           4          33   1.6652907513662691E-009
           4          34   1.0233176524943061E-011
           4          35  -7.5265381124596653E-013
           4          36  -9.8366290738113277E-011
           5           1  -5.6955570788931485E-003
           5           2  -3.8728519377343743E-002
           5           3 -0.23266129381461353     
           5           4  0.35997776059271536     
           5           5   1.1705161846242755     
           5           6   1.2186367940057678E-010
           5           7  -9.7299163066038579E-012
           5           8   4.2344497149230288E-011
           5           9  -2.6435851943724691E-009
           5          10  -1.2380703422728190E-010
           5          11  -2.4341387379492595E-008
           5          12  -5.7333484785886637E-011
           5          13   4.1166271635253233E-010
           5          14   2.8839192663229108E-010
           5          15  -1.1175641380209243E-002
           5          16  -4.7043927781822459E-009
           5          17   4.2944503180731780E-003
           5          18   2.1599547285965278E-010
           5          19  -9.3030786709635295E-010
           5          20  -1.1173452409559980E-002
           5          21   6.7297470337759374E-002
           5          22   2.9600510903369169E-009
           5          23   7.2188499987709320E-002
           5          24   1.2570657278608701E-010
           5          25  -1.7968975984775469E-008
           5          26   6.7298468035353054E-002
           5          27   1.2906408165736478E-011
           5          28   3.1064657903705657E-012
           5          29  -8.6154589773194141E-011
           5          30   1.1816134556260764E-011
           5          31  -4.3300588110186043E-012
           5          32  -8.7885886813131069E-012
           5          33  -6.7563862301830400E-010
           5          34  -7.3562756316912212E-012
           5          35   4.1761685784046879E-012
           5          36  -1.9463859405773787E-011
           6           1  -4.9294277872831902E-011
           6           2  -6.3488352097956667E-010
           6           3  -1.8674655657932525E-009
           6           4  -1.4535954457069655E-009
           6           5   1.2186367940057678E-010
           6           6   1.9983987713195923     
           6           7  -5.9142192820230445E-008
           6           8  -2.6600940836779188E-011
           6           9  -1.2195318573350353E-002
           6          10   9.7629433638634429E-010
           6          11  -4.4355648035530751E-009
           6          12  -5.0540504496899620E-004
           6          13  -1.3443637148719649E-010
           6          14   1.3350681989342150E-011
           6          15   4.7301193708667222E-010
           6          16  -8.1673600022483129E-012
           6          17   5.6470451901440985E-010
           6          18  -3.5745015299325551E-011
           6          19   1.0519764884862941E-010
           6          20   5.9671376906571557E-010
           6          21   5.3566546469243143E-010
           6          22   6.7609748521393159E-011
           6          23   4.5902882918963238E-010
           6          24  -5.6637975006482962E-011
           6          25  -8.7675065191791896E-011
           6          26   3.9379310181064578E-010
           6          27   7.8288596418676446E-003
           6          28  -2.5102320707087767E-010
           6          29   3.5335104363303426E-003
           6          30  -6.7478278927986777E-010
           6          31  -7.7216398951423949E-011
           6          32  -1.0594683081166746E-010
           6          33  -5.3331760640744965E-011
           6          34   3.5011723826845836E-003
           6          35  -2.2678998799341920E-010
           6          36   7.5596493725893976E-011
           7           1  -3.3666779179494343E-013
           7           2  -4.2255096574608763E-012
           7           3  -1.0364752744153196E-011
           7           4  -1.1519462254041030E-011
           7           5  -9.7299163066038579E-012
           7           6  -5.9142192820230445E-008
           7           7   1.9983946409363569     
           7           8  -3.5338046821768625E-008
           7           9   9.7934558482031281E-010
           7          10  -1.2214216325656186E-002
           7          11  -1.0472394309009630E-009
           7          12  -1.2592525024526533E-011
           7          13  -5.0602660214435534E-004
           7          14   1.5038242538325511E-010
           7          15   6.1896829832102705E-012
           7          16   1.8604210891933971E-010
           7          17   4.6742059739440214E-012
           7          18   3.6263219836767314E-012
           7          19   1.8111764454908130E-010
           7          20   2.5809946861247680E-012
           7          21   4.4673453672883503E-012
           7          22   4.4296879414437261E-011
           7          23  -4.2861336829570846E-013
           7          24  -4.6811243665463616E-013
           7          25   4.9769343378216640E-011
           7          26   3.3931444824716102E-012
           7          27  -6.4323936979516478E-010
           7          28   3.4978038030949680E-003
           7          29  -3.7264501031298757E-010
           7          30   7.8941039906886366E-003
           7          31   9.0068724241146395E-010
           7          32   3.8948541804211720E-014
           7          33   8.8108020538966246E-010
           7          34  -2.8463232238859121E-010
           7          35   3.4978035346474629E-003
           7          36   2.0219986291000582E-009
           8           1   2.8809639396974532E-011
           8           2  -3.5635626663288711E-010
           8           3   6.9818428015020639E-010
           8           4   5.0960939391459175E-010
           8           5   4.2344497149230288E-011
           8           6  -2.6600940836779188E-011
           8           7  -3.5338046821768625E-008
           8           8   1.9983987712319398     
           8           9  -2.2421065201115265E-010
           8          10  -3.3743227208717029E-009
           8          11  -1.2195317171861045E-002
           8          12   1.5862247449305117E-010
           8          13   5.2912294138880453E-011
           8          14  -5.0540413767395588E-004
           8          15  -1.6442592218373784E-010
           8          16  -1.8657472639977275E-011
           8          17  -3.3192767368859364E-010
           8          18  -6.4214604102553166E-011
           8          19   1.2183885999009555E-010
           8          20  -3.2713106610740224E-010
           8          21  -1.2624797139842543E-010
           8          22   5.9098712705787219E-011
           8          23  -3.1151434569710027E-010
           8          24   2.7846553793310481E-011
           8          25  -1.0854507039049478E-010
           8          26  -4.6993323049781903E-011
           8          27   1.1705387569560303E-010
           8          28   8.3884984010785480E-010
           8          29  -5.4874112124172097E-011
           8          30   1.9180181568877284E-009
           8          31   3.5011726441142839E-003
           8          32  -7.9465155014382124E-011
           8          33   3.5335103005841020E-003
           8          34   1.2999739424075412E-010
           8          35   9.7930196271675040E-010
           8          36   7.8288600669922763E-003
           9           1  -1.6691364348758473E-010
           9           2  -2.0026428282684215E-009
           9           3  -6.2940417126986650E-009
           9           4  -6.7169494449936890E-009
           9           5  -2.6435851943724691E-009
           9           6  -1.2195318573350353E-002
           9           7   9.7934558482031281E-010
           9           8  -2.2421065201115265E-010
           9           9   1.9352131573911087     
           9          10   5.8299138260421038E-009
           9          11  -1.4243994046330560E-008
           9          12   1.8905381696721471E-002
           9          13  -7.0898884930506209E-011
           9          14   2.1761567036213485E-010
           9          15   1.9257879267862279E-009
           9          16   3.8031793547171152E-010
           9          17   2.2611381822563908E-009
           9          18  -5.0180496487244064E-010
           9          19   2.4341983390680294E-009
           9          20   1.0604182440563417E-009
           9          21   2.5194111145016987E-009
           9          22  -1.4309077227437514E-009
           9          23   3.0053188592185840E-009
           9          24   8.0245802411900894E-010
           9          25   1.0304672818090280E-009
           9          26   3.1304816072018234E-009
           9          27   2.0162576528401210E-002
           9          28   9.7860038774781693E-010
           9          29   9.3676439062074859E-003
           9          30   6.2602921482178381E-010
           9          31  -2.5207114534034416E-010
           9          32  -2.1596050820023476E-009
           9          33  -5.4993582421793700E-010
           9          34   9.0169694371914424E-003
           9          35  -5.9299893438937117E-010
           9          36  -2.2302115025605738E-010
          10           1   1.2148683803587926E-012
          10           2   2.0901707071313280E-011
          10           3   7.0878833754338813E-011
          10           4  -7.7837373925161760E-011
          10           5  -1.2380703422728190E-010
          10           6   9.7629433638634429E-010
          10           7  -1.2214216325656186E-002
          10           8  -3.3743227208717029E-009
          10           9   5.8299138260421038E-009
          10          10   1.9354536267621525     
          10          11  -4.4345807540623285E-007
          10          12  -5.7425912459544702E-010
          10          13   1.9155506630607791E-002
          10          14  -3.8261048270822085E-009
          10          15  -2.7213686149200103E-011
          10          16   5.3999120463373291E-010
          10          17   3.4294971028015715E-011
          10          18   1.4011775947462906E-011
          10          19   1.1575552204367783E-009
          10          20  -6.7666798203652627E-011
          10          21   3.6750039034329474E-011
          10          22   1.0461371538034035E-010
          10          23  -4.6496174537562730E-011
          10          24  -3.3615285035518613E-011
          10          25   3.2020480758330267E-010
          10          26   2.4595793486473467E-011
          10          27  -8.7469649119942157E-010
          10          28   8.7979244444987125E-003
          10          29   9.5037584087077578E-010
          10          30   2.0597984422508459E-002
          10          31   6.1779337996219242E-010
          10          32  -3.5156683313934623E-013
          10          33  -1.5055741662062226E-008
          10          34  -3.4430332205469058E-010
          10          35   8.7979138427680022E-003
          10          36   1.5049561736705013E-009
          11           1  -2.0914339282560453E-010
          11           2  -1.6874448394658422E-008
          11           3  -8.5512183625996530E-008
          11           4   5.7666668856490179E-008
          11           5  -2.4341387379492595E-008
          11           6  -4.4355648035530751E-009
          11           7  -1.0472394309009630E-009
          11           8  -1.2195317171861045E-002
          11           9  -1.4243994046330560E-008
          11          10  -4.4345807540623285E-007
          11          11   1.9352131198154263     
          11          12   2.8286683853193840E-008
          11          13   3.8031573182644827E-008
          11          14   1.8905431693127653E-002
          11          15   3.8957455664576127E-008
          11          16  -1.2148083781222566E-008
          11          17   1.8745559159815552E-008
          11          18  -1.8021478491047767E-008
          11          19   1.5364513914956479E-008
          11          20   2.4540167945727129E-008
          11          21  -1.7069322513298213E-008
          11          22   2.4486972821082949E-008
          11          23  -3.7644042819208838E-008
          11          24  -5.6106099242965407E-009
          11          25  -1.1539625933632594E-008
          11          26   1.8155487733454517E-008
          11          27   9.8493578339780344E-009
          11          28   3.0817753776810564E-009
          11          29  -4.0968622407664791E-009
          11          30  -2.4076209044127571E-008
          11          31   9.0169960945414782E-003
          11          32  -7.4922769313584955E-009
          11          33   9.3676541133902377E-003
          11          34   1.3541444095771844E-009
          11          35   6.9927676913766460E-009
          11          36   2.0162552562010865E-002
          12           1  -1.6794100986084854E-012
          12           2  -2.1073257802836371E-011
          12           3  -5.6458225105785364E-011
          12           4  -7.8123910289964357E-011
          12           5  -5.7333484785886637E-011
          12           6  -5.0540504496899620E-004
          12           7  -1.2592525024526533E-011
          12           8   1.5862247449305117E-010
          12           9   1.8905381696721471E-002
          12          10  -5.7425912459544702E-010
          12          11   2.8286683853193840E-008
          12          12   1.8780588676297851E-004
          12          13  -5.6489494903478174E-012
          12          14   3.1647551695596953E-010
          12          15   7.7947255314583940E-010
          12          16  -1.4653552130034833E-008
          12          17  -5.1889002674051184E-010
          12          18  -3.5683177072906947E-010
          12          19  -4.4849452335692748E-009
          12          20  -2.0060479823801256E-010
          12          21   1.9004672052261915E-010
          12          22  -3.4211746941386891E-009
          12          23  -8.2749107381580478E-011
          12          24  -6.8511825985337085E-011
          12          25  -1.0362954805049296E-009
          12          26  -1.5799717837394617E-011
          12          27   1.6794220299717072E-004
          12          28   1.7068258875706664E-011
          12          29   1.4671345024534587E-004
          12          30  -1.0141342197705266E-011
          12          31  -1.5094531047256342E-011
          12          32  -2.9168589964230993E-011
          12          33   7.9232966243264215E-010
          12          34   7.5105945377575844E-005
          12          35  -1.3090520105492245E-012
          12          36  -3.0248658051910475E-011
          13           1  -2.2384310818993931E-012
          13           2  -1.5861263418816646E-011
          13           3  -1.0641838280567265E-010
          13           4   9.3721878912671990E-011
          13           5   4.1166271635253233E-010
          13           6  -1.3443637148719649E-010
          13           7  -5.0602660214435534E-004
          13           8   5.2912294138880453E-011
          13           9  -7.0898884930506209E-011
          13          10   1.9155506630607791E-002
          13          11   3.8031573182644827E-008
          13          12  -5.6489494903478174E-012
          13          13   1.8966821585200881E-004
          13          14   4.3357477521092930E-010
          13          15  -8.9605480786282337E-011
          13          16   8.5194627372867447E-009
          13          17   2.3849743825152063E-011
          13          18  -1.0161892945511435E-010
          13          19  -7.7475769140450008E-009
          13          20   5.3447827838570786E-011
          13          21   1.0710003478833934E-012
          13          22   1.9789673281363002E-009
          13          23   4.2256708864425949E-011
          13          24  -2.2668358447057607E-011
          13          25  -1.7993534109695387E-009
          13          26   3.2444800139135642E-011
          13          27  -2.1562753155397886E-011
          13          28   8.7917296265367496E-005
          13          29   3.1015384239418792E-011
          13          30   2.0002304800256050E-004
          13          31  -2.5980352357221547E-011
          13          32  -3.1083865440153042E-015
          13          33   1.1009436606725242E-009
          13          34  -9.1750392246574107E-012
          13          35   8.7917191276100243E-005
          13          36  -5.6865337748054928E-011
          14           1  -6.1813566696109550E-012
          14           2  -2.0928788970055919E-010
          14           3  -1.1003725515268896E-009
          14           4   6.6089939591085816E-010
          14           5   2.8839192663229108E-010
          14           6   1.3350681989342150E-011
          14           7   1.5038242538325511E-010
          14           8  -5.0540413767395588E-004
          14           9   2.1761567036213485E-010
          14          10  -3.8261048270822085E-009
          14          11   1.8905431693127653E-002
          14          12   3.1647551695596953E-010
          14          13   4.3357477521092930E-010
          14          14   1.8780709984529860E-004
          14          15   6.0286868032970698E-010
          14          16   2.1833902939862228E-009
          14          17   6.8696637416362955E-010
          14          18  -2.2629376401607347E-010
          14          19   2.4571035796806780E-009
          14          20  -4.2635980064380811E-010
          14          21  -1.3729403287323573E-010
          14          22   8.0856128008391309E-010
          14          23  -2.2340361547970163E-010
          14          24  -6.8023361159825185E-011
          14          25   4.0426110005086426E-010
          14          26   5.9518651370671880E-011
          14          27   1.0528450378661094E-010
          14          28   9.6813885728425884E-011
          14          29  -2.7947052493661534E-011
          14          30  -3.2427498080860944E-010
          14          31   7.5106018309081501E-005
          14          32  -8.1887163375862855E-011
          14          33   1.4671597836044198E-004
          14          34   1.3525366657515756E-011
          14          35   1.3051670063857305E-010
          14          36   1.6794147863962100E-004
          15           1  -1.8343417120753993E-003
          15           2   5.2825487570607940E-003
          15           3  -9.5929051781034586E-002
          15           4  -8.8990872010200426E-003
          15           5  -1.1175641380209243E-002
          15           6   4.7301193708667222E-010
          15           7   6.1896829832102705E-012
          15           8  -1.6442592218373784E-010
          15           9   1.9257879267862279E-009
          15          10  -2.7213686149200103E-011
          15          11   3.8957455664576127E-008
          15          12   7.7947255314583940E-010
          15          13  -8.9605480786282337E-011
          15          14   6.0286868032970698E-010
          15          15  0.84276326032540860     
          15          16  -2.5988756705845052E-009
          15          17 -0.41947727068516155     
          15          18  -1.8835362368295196E-011
          15          19  -2.8781385298560762E-008
          15          20 -0.41255983098914339     
          15          21  0.18427973661813118     
          15          22  -1.2010984199500862E-009
          15          23  -8.6473639762210563E-002
          15          24  -2.4696186201042882E-011
          15          25  -6.0588007970174291E-009
          15          26  -9.1302154130066135E-002
          15          27   4.4594620653788081E-011
          15          28  -1.1660302795580247E-011
          15          29   1.9184536506729383E-010
          15          30  -1.7627984276788179E-011
          15          31  -1.5409294928435628E-010
          15          32   2.1938165085063226E-011
          15          33   1.1135946507473257E-009
          15          34   9.2116918143531274E-011
          15          35   2.2707043397497899E-011
          15          36   4.7969208558084075E-011
          16           1  -1.5555901246929216E-009
          16           2  -1.6909515291413316E-008
          16           3  -5.3686864767426441E-008
          16           4  -6.0187459644250129E-008
          16           5  -4.7043927781822459E-009
          16           6  -8.1673600022483129E-012
          16           7   1.8604210891933971E-010
          16           8  -1.8657472639977275E-011
          16           9   3.8031793547171152E-010
          16          10   5.3999120463373291E-010
          16          11  -1.2148083781222566E-008
          16          12  -1.4653552130034833E-008
          16          13   8.5194627372867447E-009
          16          14   2.1833902939862228E-009
          16          15  -2.5988756705845052E-009
          16          16  0.82697374168460813     
          16          17   7.7262142237689468E-010
          16          18   1.3701957108302720E-008
          16          19   6.3359753043589774E-010
          16          20   3.9962966216187194E-008
          16          21   7.6033956139721533E-009
          16          22  0.19211549721876953     
          16          23   3.1449807684139171E-009
          16          24   6.6930718528338113E-009
          16          25  -2.7319301499661656E-009
          16          26   2.0115110257891457E-008
          16          27   2.2913633003576725E-009
          16          28  -1.2736580347187341E-009
          16          29   3.6759028458903187E-009
          16          30  -1.1727775082749329E-009
          16          31  -3.9393006789619172E-009
          16          32   3.6261316702402435E-010
          16          33  -9.6151289779676496E-010
          16          34   1.6752678309561430E-009
          16          35  -1.7099345431242815E-010
          16          36  -5.0276795715551005E-010
          17           1  -1.9557440205491706E-003
          17           2   5.6131837351936888E-003
          17           3  -7.9480881906105721E-002
          17           4  -1.0668412511465903E-002
          17           5   4.2944503180731780E-003
          17           6   5.6470451901440985E-010
          17           7   4.6742059739440214E-012
          17           8  -3.3192767368859364E-010
          17           9   2.2611381822563908E-009
          17          10   3.4294971028015715E-011
          17          11   1.8745559159815552E-008
          17          12  -5.1889002674051184E-010
          17          13   2.3849743825152063E-011
          17          14   6.8696637416362955E-010
          17          15 -0.41947727068516155     
          17          16   7.7262142237689468E-010
          17          17  0.84730957462675893     
          17          18  -7.3345813993109312E-011
          17          19   1.4842802802310024E-009
          17          20 -0.41947740866216604     
          17          21  -8.5062861932331993E-002
          17          22  -1.7714214092155995E-010
          17          23  0.17996322515974880     
          17          24   2.2995853254059764E-011
          17          25  -5.9008138389265286E-010
          17          26  -8.5062789489613419E-002
          17          27  -6.5573333460898993E-011
          17          28  -1.6290693364230780E-011
          17          29  -3.7420478004351270E-012
          17          30   2.9009423016538641E-011
          17          31   6.3176761359460363E-011
          17          32  -1.6672262392366958E-011
          17          33   4.2273341081000921E-010
          17          34  -5.7879737749690418E-011
          17          35  -2.0160352947835052E-011
          17          36   1.2330083812053491E-010
          18           1  -1.5883151142679986E-012
          18           2   5.8878895086641393E-012
          18           3  -8.4746793643000262E-011
          18           4  -1.5526011015548350E-010
          18           5   2.1599547285965278E-010
          18           6  -3.5745015299325551E-011
          18           7   3.6263219836767314E-012
          18           8  -6.4214604102553166E-011
          18           9  -5.0180496487244064E-010
          18          10   1.4011775947462906E-011
          18          11  -1.8021478491047767E-008
          18          12  -3.5683177072906947E-010
          18          13  -1.0161892945511435E-010
          18          14  -2.2629376401607347E-010
          18          15  -1.8835362368295196E-011
          18          16   1.3701957108302720E-008
          18          17  -7.3345813993109312E-011
          18          18  0.83688206059734138     
          18          19  -1.1286918991255888E-008
          18          20  -3.2775351142383368E-011
          18          21   2.9761142339225169E-011
          18          22   2.8017979368238451E-009
          18          23   9.0852260778249403E-011
          18          24  0.18372121515267983     
          18          25  -3.5731599815926445E-009
          18          26   5.6509645523979875E-011
          18          27   8.2557128030879370E-011
          18          28   2.3329172459145499E-012
          18          29   1.7391976035749671E-011
          18          30  -4.4412123425216158E-011
          18          31  -5.1015186715583041E-011
          18          32  -2.1591300318153245E-011
          18          33  -4.9018338221407311E-010
          18          34  -1.6161762763612990E-010
          18          35   3.3196138058802699E-011
          18          36   3.6504670786232404E-011
          19           1   1.1592269462688279E-009
          19           2   1.1932456419058076E-008
          19           3   5.3061630621677486E-008
          19           4   5.9903868046952190E-008
          19           5  -9.3030786709635295E-010
          19           6   1.0519764884862941E-010
          19           7   1.8111764454908130E-010
          19           8   1.2183885999009555E-010
          19           9   2.4341983390680294E-009
          19          10   1.1575552204367783E-009
          19          11   1.5364513914956479E-008
          19          12  -4.4849452335692748E-009
          19          13  -7.7475769140450008E-009
          19          14   2.4571035796806780E-009
          19          15  -2.8781385298560762E-008
          19          16   6.3359753043589774E-010
          19          17   1.4842802802310024E-009
          19          18  -1.1286918991255888E-008
          19          19  0.82697366253676863     
          19          20   1.0302059763679172E-008
          19          21  -3.8682992535493164E-008
          19          22   1.6738024909000307E-009
          19          23  -2.1882562218835949E-008
          19          24  -6.6650624320719601E-009
          19          25  0.19211556330858695     
          19          26  -1.0140989530969804E-008
          19          27   2.9163621897184076E-010
          19          28   2.2937273477532618E-011
          19          29   2.3416214436404771E-010
          19          30   4.6266702389635815E-010
          19          31   9.4173080859423478E-010
          19          32   6.2274815630286103E-011
          19          33   6.2493562431679916E-011
          19          34  -2.3628734095275388E-010
          19          35  -9.0973681567901125E-010
          19          36   1.1928776922422918E-009
          20           1  -1.8343570228109268E-003
          20           2   5.2824537983688045E-003
          20           3  -9.5929726205884441E-002
          20           4  -8.8989644795632195E-003
          20           5  -1.1173452409559980E-002
          20           6   5.9671376906571557E-010
          20           7   2.5809946861247680E-012
          20           8  -3.2713106610740224E-010
          20           9   1.0604182440563417E-009
          20          10  -6.7666798203652627E-011
          20          11   2.4540167945727129E-008
          20          12  -2.0060479823801256E-010
          20          13   5.3447827838570786E-011
          20          14  -4.2635980064380811E-010
          20          15 -0.41255983098914339     
          20          16   3.9962966216187194E-008
          20          17 -0.41947740866216604     
          20          18  -3.2775351142383368E-011
          20          19   1.0302059763679172E-008
          20          20  0.84276324824222038     
          20          21  -9.1301966133036525E-002
          20          22   1.0353439007021565E-008
          20          23  -8.6473337508403095E-002
          20          24  -2.7486039649571152E-011
          20          25   2.3748083634877365E-009
          20          26  0.18427979825111424     
          20          27   3.1788770534596136E-012
          20          28   2.9678337132996578E-011
          20          29   1.3393239070848660E-012
          20          30  -1.1842299027955561E-011
          20          31   6.8875026477326431E-011
          20          32  -8.3431760144939186E-012
          20          33   7.1842819043302054E-010
          20          34  -4.3019108908455799E-011
          20          35  -1.3700980415412834E-012
          20          36  -2.2241101944835574E-010
          21           1  -3.2177550123344157E-003
          21           2  -2.1223409993893549E-002
          21           3  -9.9080400530132590E-002
          21           4   1.3933647281545879E-002
          21           5   6.7297470337759374E-002
          21           6   5.3566546469243143E-010
          21           7   4.4673453672883503E-012
          21           8  -1.2624797139842543E-010
          21           9   2.5194111145016987E-009
          21          10   3.6750039034329474E-011
          21          11  -1.7069322513298213E-008
          21          12   1.9004672052261915E-010
          21          13   1.0710003478833934E-012
          21          14  -1.3729403287323573E-010
          21          15  0.18427973661813118     
          21          16   7.6033956139721533E-009
          21          17  -8.5062861932331993E-002
          21          18   2.9761142339225169E-011
          21          19  -3.8682992535493164E-008
          21          20  -9.1301966133036525E-002
          21          21   4.6274577612566078E-002
          21          22   1.9127054129198282E-009
          21          23  -1.1655292563747588E-002
          21          24   6.6537839495006036E-012
          21          25  -1.0028005806211168E-008
          21          26  -1.4224027405192394E-002
          21          27   5.9309243184366357E-012
          21          28  -1.4529403138353018E-012
          21          29   1.0840117536508981E-010
          21          30  -2.7696024482007517E-012
          21          31  -1.9959482812610934E-011
          21          32   3.3882616491951235E-012
          21          33  -4.8339065332127318E-010
          21          34   1.7179680854904455E-011
          21          35   6.0322215811222654E-012
          21          36   4.0331900843066483E-011
          22           1  -3.8498280752879244E-010
          22           2  -4.1861214010373300E-009
          22           3  -1.5069289772658379E-008
          22           4  -1.2911649498902483E-008
          22           5   2.9600510903369169E-009
          22           6   6.7609748521393159E-011
          22           7   4.4296879414437261E-011
          22           8   5.9098712705787219E-011
          22           9  -1.4309077227437514E-009
          22          10   1.0461371538034035E-010
          22          11   2.4486972821082949E-008
          22          12  -3.4211746941386891E-009
          22          13   1.9789673281363002E-009
          22          14   8.0856128008391309E-010
          22          15  -1.2010984199500862E-009
          22          16  0.19211549721876953     
          22          17  -1.7714214092155995E-010
          22          18   2.8017979368238451E-009
          22          19   1.6738024909000307E-009
          22          20   1.0353439007021565E-008
          22          21   1.9127054129198282E-009
          22          22   4.4630636271994033E-002
          22          23   9.6154161191814613E-010
          22          24   1.4711651024172659E-009
          22          25  -2.8000994068683809E-010
          22          26   5.1852664529076428E-009
          22          27   5.3610441441225825E-010
          22          28  -2.9531111701304441E-010
