           1           1   2.1031305410095822     
           1           2 -0.27161445708167059     
           1           3 -0.27610685108214411     
           1           4  -9.9066969176834023E-016
           1           5  -2.3152195412472394E-015
           1           6  -1.3215222998394536E-015
           1           7   2.7634895756290270E-015
           1           8  -5.0064437057064254E-016
           1           9  -1.0126502424612505E-015
           1          10   3.8678974493985989E-002
           1          11  -1.3169270483526863E-015
           1          12   3.8678974493984539E-002
           1          13  -1.9399304292405161E-015
           1          14  -1.4678964173947355E-015
           1          15   3.8678974493982450E-002
           2           1 -0.27161445708167059     
           2           2  0.83199645443662329     
           2           3  0.57317380193937773     
           2           4   6.0563601715749912E-015
           2           5  -3.2594359615195513E-014
           2           6  -4.8107206465533674E-015
           2           7  -2.8523024680443674E-016
           2           8  -1.1980987690420717E-015
           2           9   4.8688488623097075E-016
           2          10  -5.5678315714934791E-002
           2          11   1.3971920577734000E-015
           2          12  -5.5678315714934784E-002
           2          13   1.6512200019391809E-015
           2          14   6.6816558465001572E-016
           2          15  -5.5678315714934437E-002
           3           1 -0.27610685108214411     
           3           2  0.57317380193937773     
           3           3  0.67635191962491625     
           3           4   1.1145779179322455E-015
           3           5   6.5317008778727867E-015
           3           6   4.7969794001527726E-015
           3           7   6.3105966255514326E-016
           3           8   3.2607009507025029E-015
           3           9   6.5699437603281767E-016
           3          10  -2.9301277263311859E-002
           3          11   2.6116570343677841E-015
           3          12  -2.9301277263308445E-002
           3          13   2.7070580265045244E-015
           3          14  -2.5452548883273222E-016
           3          15  -2.9301277263310849E-002
           4           1  -9.9066969176834023E-016
           4           2   6.0563601715749912E-015
           4           3   1.1145779179322455E-015
           4           4  0.90178979246664515     
           4           5  -6.2588823013243187E-014
           4           6  -1.7152945730458646E-014
           4           7   9.1097099301581219E-002
           4           8  -9.2911789373317693E-015
           4           9  -2.3592239273284557E-015
           4          10   4.5119774282456630E-016
           4          11  -7.3193573764328514E-016
           4          12  -4.2972250064930146E-015
           4          13  -3.4619162511426385E-016
           4          14  -1.1933283323196336E-015
           4          15   5.8042383287792617E-016
           5           1  -2.3152195412472394E-015
           5           2  -3.2594359615195513E-014
           5           3   6.5317008778727867E-015
           5           4  -6.2588823013243187E-014
           5           5  0.90178979246657576     
           5           6   7.7465811543220399E-014
           5           7   1.4703516182379433E-014
           5           8   9.1097099301599718E-002
           5           9   1.2122247650125930E-014
           5          10  -2.2837228223088482E-015
           5          11   3.6902824698227974E-015
           5          12   2.8189102290429683E-014
           5          13   3.2049333175811221E-015
           5          14   8.6024693621850055E-015
           5          15  -4.3787009113388766E-015
           6           1  -1.3215222998394536E-015
           6           2  -4.8107206465533674E-015
           6           3   4.7969794001527726E-015
           6           4  -1.7152945730458646E-014
           6           5   7.7465811543220399E-014
           6           6  0.90178979246663815     
           6           7   1.1102230246253348E-016
           6           8   9.3796498346066338E-015
           6           9   9.1097099301583370E-002
           6          10   6.4877603955719215E-017
           6          11   2.4028599559722977E-016
           6          12   2.4868708438449597E-015
           6          13  -1.2352099723248803E-019
           6          14   6.6770612131124782E-016
           6          15   1.3512729403002990E-016
           7           1   2.7634895756290270E-015
           7           2  -2.8523024680443674E-016
           7           3   6.3105966255514326E-016
           7           4   9.1097099301581219E-002
           7           5   1.4703516182379433E-014
           7           6   1.1102230246253348E-016
           7           7   9.2024566816873744E-003
           7           8   1.1848161340921677E-015
           7           9  -5.2041704279301587E-017
           7          10   1.8623827904085529E-016
           7          11  -7.3938763924132183E-017
           7          12  -2.9343840651645402E-016
           7          13  -3.4971623225051039E-017
           7          14  -1.2054777121748827E-016
           7          15   1.9929245425579228E-016
           8           1  -5.0064437057064254E-016
           8           2  -1.1980987690420717E-015
           8           3   3.2607009507025029E-015
           8           4  -9.2911789373317693E-015
           8           5   9.1097099301599718E-002
           8           6   9.3796498346066338E-015
           8           7   1.1848161340921677E-015
           8           8   9.2024566816918205E-003
           8           9   1.3814904081810339E-015
           8          10  -3.5460914254001222E-016
           8          11   3.7278535575891356E-016
           8          12   2.7236980178266815E-015
           8          13   3.2375630232865757E-016
           8          14   8.6900518532425770E-016
           8          15  -5.6623986691208734E-016
           9           1  -1.0126502424612505E-015
           9           2   4.8688488623097075E-016
           9           3   6.5699437603281767E-016
           9           4  -2.3592239273284557E-015
           9           5   1.2122247650125930E-014
           9           6   9.1097099301583370E-002
           9           7  -5.2041704279301587E-017
           9           8   1.3814904081810339E-015
           9           9   9.2024566816878810E-003
           9          10  -1.3296973407902774E-016
           9          11   2.4273236828106519E-017
           9          12   1.1169544235702764E-016
           9          13  -1.2477857507891696E-020
           9          14   6.7450409558342298E-017
           9          15  -1.2587324324928930E-016
          10           1   3.8678974493985989E-002
          10           2  -5.5678315714934791E-002
          10           3  -2.9301277263311859E-002
          10           4   4.5119774282456630E-016
          10           5  -2.2837228223088482E-015
          10           6   6.4877603955719215E-017
          10           7   1.8623827904085529E-016
          10           8  -3.5460914254001222E-016
          10           9  -1.3296973407902774E-016
          10          10   4.6404267098959420E-003
          10          11  -1.2050278204945172E-017
          10          12   4.6404267098960365E-003
          10          13  -1.0721580094728258E-016
          10          14  -9.5950690095640545E-017
          10          15   4.6404267098959437E-003
          11           1  -1.3169270483526863E-015
          11           2   1.3971920577734000E-015
          11           3   2.6116570343677841E-015
          11           4  -7.3193573764328514E-016
          11           5   3.6902824698227974E-015
          11           6   2.4028599559722977E-016
          11           7  -7.3938763924132183E-017
          11           8   3.7278535575891356E-016
          11           9   2.4273236828106519E-017
          11          10  -1.2050278204945172E-017
          11          11   3.0838208118270918E-029
          11          12  -1.2050278204796937E-017
          11          13   2.2116910809106368E-029
          11          14   3.2523622130547495E-029
          11          15  -1.2050278204944735E-017
          12           1   3.8678974493984539E-002
          12           2  -5.5678315714934784E-002
          12           3  -2.9301277263308445E-002
          12           4  -4.2972250064930146E-015
          12           5   2.8189102290429683E-014
          12           6   2.4868708438449597E-015
          12           7  -2.9343840651645402E-016
          12           8   2.7236980178266815E-015
          12           9   1.1169544235702764E-016
          12          10   4.6404267098960365E-003
          12          11  -1.2050278204796937E-017
          12          12   4.6404267098961310E-003
          12          13  -1.0721580094715212E-016
          12          14  -9.5950690095349813E-017
          12          15   4.6404267098960374E-003
          13           1  -1.9399304292405161E-015
          13           2   1.6512200019391809E-015
          13           3   2.7070580265045244E-015
          13           4  -3.4619162511426385E-016
          13           5   3.2049333175811221E-015
          13           6  -1.2352099723248803E-019
          13           7  -3.4971623225051039E-017
          13           8   3.2375630232865757E-016
          13           9  -1.2477857507891696E-020
          13          10  -1.0721580094728258E-016
          13          11   2.2116910809106368E-029
          13          12  -1.0721580094715212E-016
          13          13   2.7804656735427243E-029
          13          14   3.0185994253698867E-029
          13          15  -1.0721580094728757E-016
          14           1  -1.4678964173947355E-015
          14           2   6.6816558465001572E-016
          14           3  -2.5452548883273222E-016
          14           4  -1.1933283323196336E-015
          14           5   8.6024693621850055E-015
          14           6   6.6770612131124782E-016
          14           7  -1.2054777121748827E-016
          14           8   8.6900518532425770E-016
          14           9   6.7450409558342298E-017
          14          10  -9.5950690095640545E-017
          14          11   3.2523622130547495E-029
          14          12  -9.5950690095349813E-017
          14          13   3.0185994253698867E-029
          14          14   8.7923540819824984E-029
          14          15  -9.5950690095661129E-017
          15           1   3.8678974493982450E-002
          15           2  -5.5678315714934437E-002
          15           3  -2.9301277263310849E-002
          15           4   5.8042383287792617E-016
          15           5  -4.3787009113388766E-015
          15           6   1.3512729403002990E-016
          15           7   1.9929245425579228E-016
          15           8  -5.6623986691208734E-016
          15           9  -1.2587324324928930E-016
          15          10   4.6404267098959437E-003
          15          11  -1.2050278204944735E-017
          15          12   4.6404267098960374E-003
          15          13  -1.0721580094728757E-016
          15          14  -9.5950690095661129E-017
          15          15   4.6404267098959446E-003
