           1           1   2.1279721174762627     
           1           2 -0.52560980310897776     
           1           3   1.2251485895091455E-002
           1           4   2.7151815464719179E-002
           1           5   9.1129108054357898E-012
           1           6   1.4014086371081429E-013
           1           7  -1.0237991062879063E-011
           1           8   8.8916807051539042E-012
           1           9   7.1344504535766230E-014
           1          10  -9.9801668499541093E-012
           2           1 -0.52560980310897776     
           2           2   2.1624414638498841     
           2           3  -5.5749188933944538E-002
           2           4 -0.14427862627786051     
           2           5   7.2888405316276750E-012
           2           6   7.4067896963090675E-014
           2           7  -8.1603066150011337E-012
           2           8   8.4954427427033986E-012
           2           9   1.2331926567823385E-013
           2          10  -9.5462079428599260E-012
           3           1   1.2251485895091455E-002
           3           2  -5.5749188933944538E-002
           3           3  0.18660000929533557     
           3           4  0.26976958801769058     
           3           5  -2.3739394157742203E-012
           3           6  -3.7640989401525373E-015
           3           7   2.7083746789113251E-012
           3           8  -2.9144753841260572E-012
           3           9  -4.6235553945330689E-014
           3          10   3.2733526977163259E-012
           4           1   2.7151815464719179E-002
           4           2 -0.14427862627786051     
           4           3  0.26976958801769058     
           4           4  0.39192078547984882     
           4           5  -1.5471345204914562E-012
           4           6   1.5573274235636350E-014
           4           7   1.7525633121110105E-012
           4           8  -4.4828578378415611E-012
           4           9  -7.0521865070621729E-014
           4          10   5.0352051442748470E-012
           5           1   9.1129108054357898E-012
           5           2   7.2888405316276750E-012
           5           3  -2.3739394157742203E-012
           5           4  -1.5471345204914562E-012
           5           5   2.0039178142656993     
           5           6   4.9404924596257899E-015
           5           7  -8.7985174750729244E-015
           5           8  -1.0124163664160569E-002
           5           9   2.6802128224912337E-014
           5          10  -6.2065695298517552E-015
           6           1   1.4014086371081429E-013
           6           2   7.4067896963090675E-014
           6           3  -3.7640989401525373E-015
           6           4   1.5573274235636350E-014
           6           5   4.9404924596257899E-015
           6           6   2.0039178142657095     
           6           7  -7.7785000663293999E-015
           6           8  -2.2469005824078297E-015
           6           9  -1.0124163664188623E-002
           6          10   1.3168638272013217E-014
           7           1  -1.0237991062879063E-011
           7           2  -8.1603066150011337E-012
           7           3   2.7083746789113251E-012
           7           4   1.7525633121110105E-012
           7           5  -8.7985174750729244E-015
           7           6  -7.7785000663293999E-015
           7           7   2.0039178142657392     
           7           8  -6.3316322503972359E-015
           7           9  -3.2037632093237297E-015
           7          10  -1.0124163664192071E-002
           8           1   8.8916807051539042E-012
           8           2   8.4954427427033986E-012
           8           3  -2.9144753841260572E-012
           8           4  -4.4828578378415611E-012
           8           5  -1.0124163664160569E-002
           8           6  -2.2469005824078297E-015
           8           7  -6.3316322503972359E-015
           8           8   6.0324476999572105E-005
           8           9  -1.1796077205939955E-016
           8          10   5.8153625733262513E-017
           9           1   7.1344504535766230E-014
           9           2   1.2331926567823385E-013
           9           3  -4.6235553945330689E-014
           9           4  -7.0521865070621729E-014
           9           5   2.6802128224912337E-014
           9           6  -1.0124163664188623E-002
           9           7  -3.2037632093237297E-015
           9           8  -1.1796077205939955E-016
           9           9   6.0324476999856301E-005
           9          10  -5.1539255810873379E-017
          10           1  -9.9801668499541093E-012
          10           2  -9.5462079428599260E-012
          10           3   3.2733526977163259E-012
          10           4   5.0352051442748470E-012
          10           5  -6.2065695298517552E-015
          10           6   1.3168638272013217E-014
          10           7  -1.0124163664192071E-002
          10           8   5.8153625733262513E-017
          10           9  -5.1539255810873379E-017
          10          10   6.0324476999885608E-005
