           1           1   2.0768659194912038     
           1           2 -0.17354220259828268     
           1           3 -0.23530855975991627     
           1           4  -4.7358726842334697E-011
           1           5   2.4032844991974384E-011
           1           6  -1.0007923592531632E-010
           1           7  -5.9243096256808584E-011
           1           8   4.2246236368076969E-011
           1           9  -1.1710548226845830E-010
           1          10  -2.0598777314479864E-002
           1          11   4.4230094123927312E-013
           1          12  -2.0598777313699516E-002
           1          13  -6.5253040842876459E-008
           1          14   3.1371797264724824E-008
           1          15  -2.0598777314323361E-002
           2           1 -0.17354220259828268     
           2           2  0.48829970488154628     
           2           3  0.54358002919887771     
           2           4  -3.3935639383707394E-010
           2           5   7.2066841434693695E-011
           2           6  -4.7553872123744325E-012
           2           7  -1.5917866091522447E-010
           2           8  -1.7864712342199084E-011
           2           9   1.2286374575207671E-010
           2          10   1.8609842543269341E-002
           2          11  -3.1111884909489763E-013
           2          12   1.8609842542571101E-002
           2          13   1.3734851081541209E-009
           2          14  -1.3733968920882338E-009
           2          15   1.8609842542545441E-002
           3           1 -0.23530855975991627     
           3           2  0.54358002919887771     
           3           3  0.60599897714837625     
           3           4   6.6069254980128786E-010
           3           5  -1.9840469078026367E-010
           3           6   6.8473972853449268E-010
           3           7   4.7178029674086112E-010
           3           8  -1.9405497667299404E-010
           3           9   5.6806092160405889E-010
           3          10   2.1008957780264507E-002
           3          11  -3.5327218432195999E-013
           3          12   2.1008957779476096E-002
           3          13   2.8826351862924125E-009
           3          14  -2.1743821940800648E-009
           3          15   2.1008957779460755E-002
           4           1  -4.7358726842334697E-011
           4           2  -3.3935639383707394E-010
           4           3   6.6069254980128786E-010
           4           4   1.0196939518465802     
           4           5   6.7051093843861764E-011
           4           6  -8.6316664926755493E-010
           4           7  0.63702465392950414     
           4           8  -1.5820392218479640E-010
           4           9   3.8396216761604762E-010
           4          10  -6.3464603718737901E-011
           4          11   1.3987499064769297E-010
           4          12  -1.4045792256977651E-010
           4          13   3.9167786327879362E-010
           4          14  -1.3876365666220090E-009
           4          15  -1.3359464977408300E-010
           5           1   2.4032844991974384E-011
           5           2   7.2066841434693695E-011
           5           3  -1.9840469078026367E-010
           5           4   6.7051093843861764E-011
           5           5   1.0196939526025650     
           5           6   6.2075246332060630E-010
           5           7   1.2041130592610472E-010
           5           8  0.63702465371645944     
           5           9  -2.2804320237712616E-010
           5          10  -6.0205877957040818E-011
           5          11   3.7598797612000984E-011
           5          12   1.5752651039100239E-010
           5          13  -9.5961127121267576E-010
           5          14   1.2360251830578824E-009
           5          15  -3.5973973604823529E-011
           6           1  -1.0007923592531632E-010
           6           2  -4.7553872123744325E-012
           6           3   6.8473972853449268E-010
           6           4  -8.6316664926755493E-010
           6           5   6.2075246332060630E-010
           6           6   1.0196939525370534     
           6           7   1.0253395354986594E-010
           6           8  -1.2182326675214128E-010
           6           9  0.63702465373491901     
           6          10   1.1171606737052647E-010
           6          11  -3.8232803022887140E-011
           6          12  -8.6782509952075971E-011
           6          13   4.3036527929493513E-010
           6          14  -1.3845048768018366E-009
           6          15  -3.7653521592353522E-010
           7           1  -5.9243096256808584E-011
           7           2  -1.5917866091522447E-010
           7           3   4.7178029674086112E-010
           7           4  0.63702465392950414     
           7           5   1.2041130592610472E-010
           7           6   1.0253395354986594E-010
           7           7  0.39796294660971798     
           7           8  -4.9778393212962513E-011
           7           9   6.4079874739775278E-010
           7          10  -3.7559032127790365E-011
           7          11   8.7383027502111100E-011
           7          12  -8.5658019895521491E-011
           7          13   2.4468971864706784E-010
           7          14  -8.6688631863322408E-010
           7          15  -8.1370321679632811E-011
           8           1   4.2246236368076969E-011
           8           2  -1.7864712342199084E-011
           8           3  -1.9405497667299404E-010
           8           4  -1.5820392218479640E-010
           8           5  0.63702465371645944     
           8           6  -1.2182326675214128E-010
           8           7  -4.9778393212962513E-011
           8           8  0.39796294604848698     
           8           9  -4.6083448168587893E-010
           8          10  -4.0042642970845611E-011
           8          11   2.3488709449161463E-011
           8          12   9.5979583771151443E-011
           8          13  -5.9948976550846612E-010
           8          14   7.7217131613469493E-010
           8          15  -2.4904402143487390E-011
           9           1  -1.1710548226845830E-010
           9           2   1.2286374575207671E-010
           9           3   5.6806092160405889E-010
           9           4   3.8396216761604762E-010
           9           5  -2.2804320237712616E-010
           9           6  0.63702465373491901     
           9           7   6.4079874739775278E-010
           9           8  -4.6083448168587893E-010
           9           9  0.39796294609712096     
           9          10   7.4655171748632590E-011
           9          11  -2.3885085631444516E-011
           9          12  -4.9350929351428132E-011
           9          13   2.6885840627867856E-010
           9          14  -8.6492976585925735E-010
           9          15  -2.3036541160829357E-010
          10           1  -2.0598777314479864E-002
          10           2   1.8609842543269341E-002
          10           3   2.1008957780264507E-002
          10           4  -6.3464603718737901E-011
          10           5  -6.0205877957040818E-011
          10           6   1.1171606737052647E-010
          10           7  -3.7559032127790365E-011
          10           8  -4.0042642970845611E-011
          10           9   7.4655171748632590E-011
          10          10   8.0629989384052136E-004
          10          11  -1.4159412179060823E-014
          10          12   8.0629989381021715E-004
          10          13   5.0179506850492825E-010
          10          14  -2.6666601169536672E-010
          10          15   8.0629989381363250E-004
          11           1   4.4230094123927312E-013
          11           2  -3.1111884909489763E-013
          11           3  -3.5327218432195999E-013
          11           4   1.3987499064769297E-010
          11           5   3.7598797612000984E-011
          11           6  -3.8232803022887140E-011
          11           7   8.7383027502111100E-011
          11           8   2.3488709449161463E-011
          11           9  -2.3885085631444516E-011
          11          10  -1.4159412179060823E-014
          11          11   4.7711372736690869E-020
          11          12  -1.4159410864517060E-014
          11          13  -7.9305025006882004E-022
          11          14  -9.3332292234002467E-020
          11          15  -1.4159420738770264E-014
          12           1  -2.0598777313699516E-002
          12           2   1.8609842542571101E-002
          12           3   2.1008957779476096E-002
          12           4  -1.4045792256977651E-010
          12           5   1.5752651039100239E-010
          12           6  -8.6782509952075971E-011
          12           7  -8.5658019895521491E-011
          12           8   9.5979583771151443E-011
          12           9  -4.9350929351428132E-011
          12          10   8.0629989381021715E-004
          12          11  -1.4159410864517060E-014
          12          12   8.0629989377991294E-004
          12          13   5.0179506818721231E-010
          12          14  -2.6666601104907706E-010
          12          15   8.0629989378332829E-004
          13           1  -6.5253040842876459E-008
          13           2   1.3734851081541209E-009
          13           3   2.8826351862924125E-009
          13           4   3.9167786327879362E-010
          13           5  -9.5961127121267576E-010
          13           6   4.3036527929493513E-010
          13           7   2.4468971864706784E-010
          13           8  -5.9948976550846612E-010
          13           9   2.6885840627867856E-010
          13          10   5.0179506850492825E-010
          13          11  -7.9305025006882004E-022
          13          12   5.0179506818721231E-010
          13          13   2.0865478752941228E-015
          13          14  -9.9869568509967595E-016
          13          15   5.0179506827485065E-010
          14           1   3.1371797264724824E-008
          14           2  -1.3733968920882338E-009
          14           3  -2.1743821940800648E-009
          14           4  -1.3876365666220090E-009
          14           5   1.2360251830578824E-009
          14           6  -1.3845048768018366E-009
          14           7  -8.6688631863322408E-010
          14           8   7.7217131613469493E-010
          14           9  -8.6492976585925735E-010
          14          10  -2.6666601169536672E-010
          14          11  -9.3332292234002467E-020
          14          12  -2.6666601104907706E-010
          14          13  -9.9869568509967595E-016
          14          14   4.8244190334320796E-016
          14          15  -2.6666601089973405E-010
          15           1  -2.0598777314323361E-002
          15           2   1.8609842542545441E-002
          15           3   2.1008957779460755E-002
          15           4  -1.3359464977408300E-010
          15           5  -3.5973973604823529E-011
          15           6  -3.7653521592353522E-010
          15           7  -8.1370321679632811E-011
          15           8  -2.4904402143487390E-011
          15           9  -2.3036541160829357E-010
          15          10   8.0629989381363250E-004
          15          11  -1.4159420738770264E-014
          15          12   8.0629989378332829E-004
          15          13   5.0179506827485065E-010
          15          14  -2.6666601089973405E-010
          15          15   8.0629989378674374E-004
