           1           1   1.9998603046626884     
           1           2   1.8789649329935894E-003
           1           3   5.5307487058504521E-003
           1           4  -1.0487404252467834E-003
           1           5  -6.2512273892267219E-003
           1           6  -1.4930491295578894E-011
           1           7  -3.1486576049511626E-011
           1           8   1.3862317961468801E-010
           1           9  -2.3876493381188385E-010
           1          10  -7.2271898069172820E-010
           1          11  -3.4394146942503817E-010
           1          12  -1.9229575765006727E-011
           1          13   7.1933534523053413E-012
           1          14  -1.9298920826889817E-011
           1          15   1.2278369196041476E-003
           1          16  -4.7308332218639729E-011
           1          17   1.2278369112793436E-003
           1          18   6.6232525150410145E-011
           1          19  -5.3094795334705487E-011
           1          20   1.2278352499812662E-003
           1          21  -1.1376115630989080E-003
           1          22  -1.3092726630591327E-011
           1          23  -1.1376115703557086E-003
           1          24   5.6830438628661589E-012
           1          25   1.0688925950580226E-011
           1          26  -1.1376122525675739E-003
           1          27  -1.3607649048392990E-012
           1          28  -1.0446304202659353E-011
           1          29  -3.9279595136328043E-012
           1          30   1.0491705717982395E-012
           1          31  -5.1371622177500063E-012
           1          32   8.6659459302965284E-014
           1          33  -5.0564324932404516E-012
           1          34  -4.5223436435492433E-012
           1          35  -1.0243399485184136E-011
           1          36   1.4160980529591937E-012
           2           1   1.8789649329935894E-003
           2           2   2.0663317683238591     
           2           3  0.19716404930061432     
           2           4   9.7685438127140395E-002
           2           5  -5.4591658050562653E-002
           2           6   1.1393130000211638E-009
           2           7  -1.5500858295456998E-009
           2           8   3.6878634701096435E-010
           2           9  -2.7223337792933197E-009
           2          10  -8.7523129312499737E-009
           2          11  -3.0510312546945609E-009
           2          12  -1.3178204712907340E-010
           2          13   1.5054610217016693E-011
           2          14  -1.4886063587868812E-010
           2          15  -2.5197560404363391E-002
           2          16  -4.9135541929719356E-010
           2          17  -2.5197560450121483E-002
           2          18   6.3648163617292660E-010
           2          19  -5.1119264599495803E-010
           2          20  -2.5197572237091830E-002
           2          21  -4.5590055521018386E-002
           2          22  -1.3281027053813744E-010
           2          23  -4.5590055574282182E-002
           2          24   1.2122401909070306E-011
           2          25   1.7046363094993095E-010
           2          26  -4.5590060615018552E-002
           2          27   4.1066006416273352E-011
           2          28  -1.1426156815130545E-010
           2          29  -2.8284519000950601E-011
           2          30   4.9584057920157504E-011
           2          31  -2.9568721648690616E-011
           2          32   2.8050472763306364E-012
           2          33  -2.7075582861524060E-011
           2          34  -3.3889463953918155E-011
           2          35  -1.0763040064946416E-010
           2          36   5.7780554380938789E-011
           3           1   5.5307487058504521E-003
           3           2  0.19716404930061432     
           3           3   2.5414980191417209     
           3           4  0.13318376924810293     
           3           5 -0.26472317730674222     
           3           6  -1.9274154761862356E-010
           3           7  -1.3278105530874359E-009
           3           8   4.3706904522294251E-009
           3           9  -8.9967015976533898E-009
           3          10  -3.1235271931392107E-008
           3          11  -9.1308935542210224E-009
           3          12  -6.8635804892352979E-010
           3          13   1.7271093334844622E-010
           3          14  -6.1969961790201044E-010
           3          15  -7.1782147284222025E-002
           3          16  -1.4181981271088496E-009
           3          17  -7.1782147751180081E-002
           3          18   2.7780267457452898E-009
           3          19  -2.2409746964052668E-009
           3          20  -7.1782221533495394E-002
           3          21  -9.2501937251771083E-002
           3          22  -4.4441274511933031E-010
           3          23  -9.2501937531115297E-002
           3          24  -2.3489631194456657E-010
           3          25   1.4310657048114881E-009
           3          26  -9.2501962978437158E-002
           3          27   7.2811203477920435E-011
           3          28  -4.7895245899799072E-010
           3          29  -2.1176502164870773E-010
           3          30   1.3546166345306075E-010
           3          31  -1.8289747363960523E-010
           3          32   2.3541497624504420E-011
           3          33  -1.5499909346503574E-010
           3          34  -2.5193243456646080E-010
           3          35  -4.0861564358722051E-010
           3          36   1.5163876353108298E-010
           4           1  -1.0487404252467834E-003
           4           2   9.7685438127140395E-002
           4           3  0.13318376924810293     
           4           4  0.12439645079072595     
           4           5  0.33127317164090336     
           4           6  -1.7253899756399032E-010
           4           7  -7.1966848650555374E-010
           4           8   2.6563696452543088E-009
           4           9  -1.0142859752479690E-008
           4          10  -2.1788231659891057E-008
           4          11  -1.7618759220463939E-008
           4          12  -1.2171314748200443E-009
           4          13  -1.0328634855008597E-009
           4          14   2.7692297367436007E-010
           4          15  -5.4399455900375994E-003
           4          16  -1.0267101328618956E-009
           4          17  -5.4399451853385725E-003
           4          18   2.5032722057375605E-009
           4          19  -1.1191623056238267E-009
           4          20  -5.4399256344187796E-003
           4          21   1.3868864844436075E-002
           4          22  -1.9867866471068281E-010
           4          23   1.3868865157955185E-002
           4          24   1.1597018078794721E-009
           4          25  -1.5391724201125584E-009
           4          26   1.3868878086740035E-002
           4          27  -2.9680378547640643E-011
           4          28  -3.5088965898998259E-010
           4          29  -1.5936021327101305E-010
           4          30   1.0714631032736803E-011
           4          31  -2.8799256954525004E-010
           4          32  -1.8092572084843511E-013
           4          33  -2.9581366641599282E-010
           4          34  -1.1551412905921519E-010
           4          35  -3.6737245253668521E-010
           4          36   4.3565399161523278E-012
           5           1  -6.2512273892267219E-003
           5           2  -5.4591658050562653E-002
           5           3 -0.26472317730674222     
           5           4  0.33127317164090336     
           5           5   1.1426427068879881     
           5           6   5.1665806356516818E-010
           5           7  -4.9333986408423754E-010
           5           8  -2.8269800469150704E-010
           5           9   4.9464342538421972E-010
           5          10   3.4429958592560720E-010
           5          11   2.7613599993548596E-009
           5          12   7.5490235554913977E-010
           5          13  -2.9301905575461313E-009
           5          14   2.4962423477461123E-009
           5          15   4.1966027435017175E-003
           5          16   1.2800321671493746E-009
           5          17   4.1966046263944862E-003
           5          18  -1.8000705996324908E-009
           5          19   2.9124125447104561E-009
           5          20   4.1968373020204080E-003
           5          21   7.6776702297806199E-002
           5          22   5.8330808071766123E-010
           5          23   7.6776703636304400E-002
           5          24   1.2526955189178775E-009
           5          25  -3.2840710074121356E-009
           5          26   7.6776804615897490E-002
           5          27  -1.3577758212331403E-010
           5          28  -5.1974550105712085E-011
           5          29  -2.7845272454732232E-011
           5          30  -7.4818100316523578E-011
           5          31   1.6636438036714902E-011
           5          32  -7.8043039012525982E-012
           5          33   2.1085145316391786E-013
           5          34   8.4892328080022748E-011
           5          35  -9.8733574923769109E-011
           5          36  -1.4563155008641819E-010
           6           1  -1.4930491295578894E-011
           6           2   1.1393130000211638E-009
           6           3  -1.9274154761862356E-010
           6           4  -1.7253899756399032E-010
           6           5   5.1665806356516818E-010
           6           6   1.9988106837686299     
           6           7  -2.5126223193372184E-012
           6           8  -2.3823907987439998E-011
           6           9  -9.6925078460292895E-003
           6          10   1.4084225724151087E-010
           6          11  -1.8931701117580882E-010
           6          12  -7.4688835149766227E-004
           6          13   3.0125936314603432E-010
           6          14   1.3024283616327313E-011
           6          15   1.4983615093792519E-011
           6          16   6.2477715075588119E-011
           6          17  -2.4166776199099644E-010
           6          18   8.9252634442471418E-011
           6          19  -6.1412467843792112E-011
           6          20   1.5087662105901994E-010
           6          21   2.8355498797702854E-011
           6          22   5.0878054528665364E-011
           6          23  -1.4693286324968892E-010
           6          24  -1.1142520292356611E-010
           6          25   2.2359120478102856E-011
           6          26  -2.5261474923386050E-011
           6          27   5.0794597085338207E-003
           6          28   2.5568043287642281E-010
           6          29   3.1753504329876522E-003
           6          30  -2.2466051128405837E-010
           6          31   2.3228975782810335E-010
           6          32   1.5190325989933492E-011
           6          33   2.8192455920335191E-010
           6          34   3.1753501695775720E-003
           6          35  -7.4232642550401545E-011
           6          36   1.0338753424491345E-011
           7           1  -3.1486576049511626E-011
           7           2  -1.5500858295456998E-009
           7           3  -1.3278105530874359E-009
           7           4  -7.1966848650555374E-010
           7           5  -4.9333986408423754E-010
           7           6  -2.5126223193372184E-012
           7           7   1.9988106837489468     
           7           8   2.8227759345852878E-011
           7           9  -1.5341591405322993E-010
           7          10  -9.6925082379150374E-003
           7          11  -1.1118568386878881E-010
           7          12   3.2708439189322414E-010
           7          13  -7.4688845247676832E-004
           7          14  -2.6056737352398003E-011
           7          15   5.2404863997646403E-010
           7          16  -7.2777253892413721E-011
           7          17   8.2037511378183341E-010
           7          18  -1.6493548970719739E-010
           7          19   8.9137970248347530E-011
           7          20   4.0740513505341481E-010
           7          21   3.7664842652677586E-010
           7          22  -6.9721146381412058E-011
           7          23   5.1310424668943410E-010
           7          24   2.1075701647081478E-010
           7          25   1.5670664016890674E-011
           7          26   2.7940709666760429E-010
           7          27  -1.1160007587945418E-010
           7          28   3.1753500793822624E-003
           7          29  -1.4648624498398087E-010
           7          30   5.0794599511807415E-003
           7          31  -3.4823457357937702E-010
           7          32  -5.9132029928522964E-011
           7          33  -2.8234145960528846E-010
           7          34   1.6810213537900445E-010
           7          35   3.1753504417973560E-003
           7          36  -1.2128947877241264E-011
           8           1   1.3862317961468801E-010
           8           2   3.6878634701096435E-010
           8           3   4.3706904522294251E-009
           8           4   2.6563696452543088E-009
           8           5  -2.8269800469150704E-010
           8           6  -2.3823907987439998E-011
           8           7   2.8227759345852878E-011
           8           8   1.9988106837286854     
           8           9   1.9982051907794358E-010
           8          10  -3.3088392924201866E-010
           8          11  -9.6925083008298392E-003
           8          12   1.5632377898401670E-010
           8          13  -6.8107768539133009E-011
           8          14  -7.4688791333889530E-004
           8          15  -1.6881948153292826E-009
           8          16   1.2729670317725256E-010
           8          17  -1.2172262675904947E-009
           8          18  -1.3592759621033321E-010
           8          19   2.1627328953823898E-010
           8          20  -1.3698906436236742E-009
           8          21  -8.3081528254372110E-010
           8          22   2.7019809975032969E-011
           8          23  -8.6119028037813291E-010
           8          24   3.1250935947948897E-011
           8          25   1.4116171439721717E-010
           8          26  -7.7799288829075262E-010
           8          27  -2.0377648614239022E-010
           8          28  -2.5350574864633493E-011
           8          29   2.1681284347760273E-010
           8          30  -2.6696646984804213E-011
           8          31   3.1753501572455885E-003
           8          32  -1.7404806917655769E-010
           8          33   3.1753502212925368E-003
           8          34  -3.5976887844951742E-011
           8          35   1.1158264347115130E-010
           8          36   5.0794600342526789E-003
           9           1  -2.3876493381188385E-010
           9           2  -2.7223337792933197E-009
           9           3  -8.9967015976533898E-009
           9           4  -1.0142859752479690E-008
           9           5   4.9464342538421972E-010
           9           6  -9.6925078460292895E-003
           9           7  -1.5341591405322993E-010
           9           8   1.9982051907794358E-010
           9           9   1.9321443622997325     
           9          10   5.8812990769411630E-010
           9          11   5.6732640771630682E-010
           9          12   2.1588212703556875E-002
           9          13   8.1344589690303884E-010
           9          14   1.4514303449602496E-009
           9          15   4.3535359033018368E-009
           9          16   2.3853410407804793E-009
           9          17   2.6584436923592521E-012
           9          18   9.2703814597060509E-010
           9          19   1.1654955182181699E-009
           9          20   1.5858507790190023E-009
           9          21   6.5655815935705101E-009
           9          22   1.1260539544383797E-010
           9          23   4.8198370506973568E-009
           9          24   1.4182766282757059E-009
           9          25   1.7264241806129159E-009
           9          26   4.8478209105062499E-009
           9          27   9.9530894875300008E-003
           9          28  -3.8900203805942217E-010
           9          29   1.7128548755350567E-002
           9          30   1.0511595847228089E-009
           9          31   1.5546577172488648E-009
           9          32  -2.3537470202329730E-009
           9          33   1.4362490735447709E-009
           9          34   1.7128548219242951E-002
           9          35   7.1307909529783112E-010
           9          36   2.9115285118342626E-010
          10           1  -7.2271898069172820E-010
          10           2  -8.7523129312499737E-009
          10           3  -3.1235271931392107E-008
          10           4  -2.1788231659891057E-008
          10           5   3.4429958592560720E-010
          10           6   1.4084225724151087E-010
          10           7  -9.6925082379150374E-003
          10           8  -3.3088392924201866E-010
          10           9   5.8812990769411630E-010
          10          10   1.9321443539069789     
          10          11  -4.7483341758537678E-009
          10          12  -1.1704183320744776E-009
          10          13   2.1588213208173619E-002
          10          14   3.7865188706201973E-009
          10          15   5.8967328828017916E-009
          10          16   2.8276197018858751E-009
          10          17   9.3262319422119495E-009
          10          18  -1.3418494567862538E-009
          10          19   1.3675414192406394E-009
          10          20   6.8743571855686652E-009
          10          21   1.0633528722881710E-008
          10          22   1.4423431550908766E-009
          10          23   1.0300492415788669E-008
          10          24   6.6421194895936928E-010
          10          25   2.3187081220756415E-009
          10          26   1.0390262983461879E-008
          10          27  -6.4440993408691055E-010
          10          28   1.7128548890160571E-002
          10          29  -1.2779390257831896E-009
          10          30   9.9530938338413203E-003
          10          31  -2.5915803607163693E-010
          10          32   1.3395279956747150E-009
          10          33  -1.4623548701441139E-010
          10          34  -3.9310272346864369E-010
          10          35   1.7128549194260902E-002
          10          36   2.8816261327018912E-009
          11           1  -3.4394146942503817E-010
          11           2  -3.0510312546945609E-009
          11           3  -9.1308935542210224E-009
          11           4  -1.7618759220463939E-008
          11           5   2.7613599993548596E-009
          11           6  -1.8931701117580882E-010
          11           7  -1.1118568386878881E-010
          11           8  -9.6925083008298392E-003
          11           9   5.6732640771630682E-010
          11          10  -4.7483341758537678E-009
          11          11   1.9321443486121603     
          11          12  -3.4258473567237385E-009
          11          13   2.0137791818020371E-009
          11          14   2.1588219672975292E-002
          11          15   1.1094712468956206E-009
          11          16   3.7056201980039693E-009
          11          17   6.4504826154551663E-010
          11          18  -1.4276816891863008E-009
          11          19   2.0406471490971802E-009
          11          20   2.5179528525491147E-009
          11          21   8.0052034030129325E-009
          11          22  -2.3109125673102993E-009
          11          23   7.2368103953602989E-009
          11          24   1.7652039578721080E-009
          11          25   4.2574020465562786E-010
          11          26   6.1992424015466451E-009
          11          27  -1.6865404488507161E-009
          11          28  -1.7321245097292758E-009
          11          29  -6.6607278412397267E-010
          11          30   1.6846045073868576E-009
          11          31   1.7128551100531294E-002
          11          32  -5.2751759852953738E-011
          11          33   1.7128550407863694E-002
          11          34  -4.1780157943429718E-010
          11          35   1.1177061937549554E-009
          11          36   9.9530920125049487E-003
          12           1  -1.9229575765006727E-011
          12           2  -1.3178204712907340E-010
          12           3  -6.8635804892352979E-010
          12           4  -1.2171314748200443E-009
          12           5   7.5490235554913977E-010
          12           6  -7.4688835149766227E-004
          12           7   3.2708439189322414E-010
          12           8   1.5632377898401670E-010
          12           9   2.1588212703556875E-002
          12          10  -1.1704183320744776E-009
          12          11  -3.4258473567237385E-009
          12          12   2.4978503259047641E-004
          12          13  -4.6122421163608992E-012
          12          14  -2.4107262001434477E-011
          12          15  -1.3071670778269547E-009
          12          16   3.0955488616433217E-010
          12          17  -4.4738995553392849E-010
          12          18  -1.1596539656495051E-009
          12          19  -3.6789650320504928E-010
          12          20   1.6912200745975678E-009
          12          21  -2.8509315341247247E-011
          12          22   2.8168172466445877E-011
          12          23   1.1945241707278872E-010
          12          24  -2.9731908081944766E-010
          12          25  -7.1679593338079517E-011
          12          26   5.1444798097922604E-010
          12          27   7.9826888872213916E-005
          12          28  -2.2659447876325658E-011
          12          29   2.1911045898904315E-004
          12          30   1.5929790670311954E-011
          12          31  -3.5444177611789466E-011
          12          32  -2.6709424009310707E-011
          12          33  -2.8427042491364339E-011
          12          34   2.1911045053995287E-004
          12          35  -5.4383027586714236E-012
          12          36   1.0474298512638310E-011
          13           1   7.1933534523053413E-012
          13           2   1.5054610217016693E-011
          13           3   1.7271093334844622E-010
          13           4  -1.0328634855008597E-009
          13           5  -2.9301905575461313E-009
          13           6   3.0125936314603432E-010
          13           7  -7.4688845247676832E-004
          13           8  -6.8107768539133009E-011
          13           9   8.1344589690303884E-010
          13          10   2.1588213208173619E-002
          13          11   2.0137791818020371E-009
          13          12  -4.6122421163608992E-012
          13          13   2.4978504565078223E-004
          13          14   7.3124201746383372E-011
          13          15  -3.4366323321850025E-010
          13          16   3.3024503840497844E-010
          13          17   1.2516061009340674E-009
          13          18   3.1502488359433234E-010
          13          19  -8.0745468394276177E-010
          13          20  -6.3400898392566608E-010
          13          21  -1.3698961059887993E-010
          13          22   1.3929582077054507E-010
          13          23   1.4384750316695828E-010
          13          24   8.0562826774781972E-011
          13          25  -1.8034042523449557E-010
          13          26  -1.9652481826823476E-010
          13          27  -9.4211857499884608E-012
          13          28   2.1911046740549358E-004
          13          29  -3.7049522607172622E-012
          13          30   7.9826947993621081E-005
          13          31   2.1490362145204158E-011
          13          32   1.7183410264435854E-011
          13          33   3.0116053187298905E-011
          13          34   7.3028610542631116E-012
          13          35   2.1911046973867274E-004
          13          36   3.4727753868293668E-011
          14           1  -1.9298920826889817E-011
          14           2  -1.4886063587868812E-010
          14           3  -6.1969961790201044E-010
          14           4   2.7692297367436007E-010
          14           5   2.4962423477461123E-009
          14           6   1.3024283616327313E-011
          14           7  -2.6056737352398003E-011
          14           8  -7.4688791333889530E-004
          14           9   1.4514303449602496E-009
          14          10   3.7865188706201973E-009
          14          11   2.1588219672975292E-002
          14          12  -2.4107262001434477E-011
          14          13   7.3124201746383372E-011
          14          14   2.4978524145035513E-004
          14          15   1.8122905247372499E-009
          14          16  -3.6372221700119258E-010
          14          17  -7.7655066256016651E-010
          14          18   5.0897856403820111E-009
          14          19  -2.3854181163664199E-009
          14          20  -9.9220670469075991E-010
          14          21   6.1821057226121043E-010
          14          22  -1.1174945280486171E-010
          14          23   1.2461364020631118E-010
          14          24   1.1061598937337090E-009
          14          25  -4.8943916597726811E-010
          14          26   6.5950517854068115E-011
          14          27  -2.7793216539577081E-011
          14          28   2.6746377177477575E-011
          14          29   1.9835570648829921E-011
          14          30   1.8804847705048851E-011
          14          31   2.1911064613976271E-004
          14          32  -6.9543765427541676E-013
          14          33   2.1911063759574728E-004
          14          34   1.9873336324434151E-011
          14          35   7.0133110279813326E-011
          14          36   7.9826878490647703E-005
          15           1   1.2278369196041476E-003
          15           2  -2.5197560404363391E-002
          15           3  -7.1782147284222025E-002
          15           4  -5.4399455900375994E-003
          15           5   4.1966027435017175E-003
          15           6   1.4983615093792519E-011
          15           7   5.2404863997646403E-010
          15           8  -1.6881948153292826E-009
          15           9   4.3535359033018368E-009
          15          10   5.8967328828017916E-009
          15          11   1.1094712468956206E-009
          15          12  -1.3071670778269547E-009
          15          13  -3.4366323321850025E-010
          15          14   1.8122905247372499E-009
          15          15  0.86966825609557119     
          15          16  -3.2878508602409992E-009
          15          17 -0.43144640983256621     
          15          18  -2.7931048439357302E-008
          15          19  -8.4135125794289750E-008
          15          20 -0.43144642235927139     
          15          21  0.16470820673273970     
          15          22  -4.8241740856574458E-009
          15          23  -7.8231885229893591E-002
          15          24  -1.3683002097205400E-008
          15          25  -1.9789606858231766E-008
          15          26  -7.8231875187977196E-002
          15          27  -5.5063708750549152E-010
          15          28  -1.7731899721948790E-010
          15          29   2.2100747918858055E-010
          15          30   6.0003810521696106E-011
          15          31  -3.9067948614266484E-010
          15          32  -2.2946282775435717E-011
          15          33   2.6087600349456155E-010
          15          34   2.9568808585775325E-010
          15          35  -2.1358801870664855E-011
          15          36   4.4167825612856320E-010
          16           1  -4.7308332218639729E-011
          16           2  -4.9135541929719356E-010
          16           3  -1.4181981271088496E-009
          16           4  -1.0267101328618956E-009
          16           5   1.2800321671493746E-009
          16           6   6.2477715075588119E-011
          16           7  -7.2777253892413721E-011
          16           8   1.2729670317725256E-010
          16           9   2.3853410407804793E-009
          16          10   2.8276197018858751E-009
          16          11   3.7056201980039693E-009
          16          12   3.0955488616433217E-010
          16          13   3.3024503840497844E-010
          16          14  -3.6372221700119258E-010
          16          15  -3.2878508602409992E-009
          16          16   1.6863050089982199     
          16          17  -1.5857415071345929E-010
          16          18  -2.3185482141901435E-009
          16          19   7.7757650989463196E-010
          16          20   4.4998281620620589E-009
          16          21  -5.1199383470851461E-009
          16          22  0.36843231740939175     
          16          23   3.6636324038908599E-009
          16          24   2.2641969619425421E-009
          16          25  -9.2906404434817426E-010
          16          26   1.7601102275326983E-009
          16          27   3.5903824873833248E-010
          16          28  -2.5318198312519830E-010
          16          29  -3.3118934745175537E-010
          16          30   2.3682865146653224E-011
          16          31   5.5766198206348237E-011
          16          32  -4.0710720385037421E-010
          16          33   7.5221232203109198E-011
          16          34   1.9165024792003440E-010
          16          35   2.2124546509678946E-010
          16          36  -1.6658878411425146E-010
          17           1   1.2278369112793436E-003
          17           2  -2.5197560450121483E-002
          17           3  -7.1782147751180081E-002
          17           4  -5.4399451853385725E-003
          17           5   4.1966046263944862E-003
          17           6  -2.4166776199099644E-010
          17           7   8.2037511378183341E-010
          17           8  -1.2172262675904947E-009
          17           9   2.6584436923592521E-012
          17          10   9.3262319422119495E-009
          17          11   6.4504826154551663E-010
          17          12  -4.4738995553392849E-010
          17          13   1.2516061009340674E-009
          17          14  -7.7655066256016651E-010
          17          15 -0.43144640983256621     
          17          16  -1.5857415071345929E-010
          17          17  0.86966825581236418     
          17          18   4.7136186301561999E-008
          17          19   3.0004681084062928E-008
          17          20 -0.43144642220805024     
          17          21  -7.8231885005793242E-002
          17          22   3.7516730860889160E-009
          17          23  0.16470820728451296     
          17          24   1.5954264353381090E-008
          17          25   8.2894293998800954E-009
          17          26  -7.8231874846578120E-002
          17          27   5.6204270157493767E-011
          17          28   5.1956423956436190E-010
          17          29  -2.5705083587855163E-010
          17          30  -9.4534004277364600E-011
          17          31   1.7181376184029395E-010
          17          32   7.0457436993227083E-012
          17          33  -5.1008533128345212E-010
          17          34   1.4630097778484310E-010
          17          35   4.8887476353630589E-010
          17          36   2.1031535172979125E-010
          18           1   6.6232525150410145E-011
          18           2   6.3648163617292660E-010
          18           3   2.7780267457452898E-009
          18           4   2.5032722057375605E-009
          18           5  -1.8000705996324908E-009
          18           6   8.9252634442471418E-011
          18           7  -1.6493548970719739E-010
          18           8  -1.3592759621033321E-010
          18           9   9.2703814597060509E-010
          18          10  -1.3418494567862538E-009
          18          11  -1.4276816891863008E-009
          18          12  -1.1596539656495051E-009
          18          13   3.1502488359433234E-010
          18          14   5.0897856403820111E-009
          18          15  -2.7931048439357302E-008
          18          16  -2.3185482141901435E-009
          18          17   4.7136186301561999E-008
          18          18   1.6863049989688621     
          18          19   5.3896302473326227E-010
          18          20  -2.0057562866744369E-008
          18          21  -1.5168894753866623E-008
          18          22   1.8339204386324898E-009
          18          23   1.5064797922435083E-008
          18          24  0.36843232466751963     
          18          25  -5.5480024286745677E-010
          18          26  -2.8184103793647377E-009
          18          27   3.3806260135474169E-010
          18          28   9.7368481077187807E-012
          18          29   1.4358768987974672E-010
          18          30  -2.4768657272670365E-011
          18          31  -1.8333946890770635E-010
          18          32  -2.2954072316470518E-010
          18          33   3.2324056622800044E-010
          18          34  -4.5169583782683174E-010
          18          35   1.6339818621213677E-011
          18          36   6.1194199460857209E-010
          19           1  -5.3094795334705487E-011
          19           2  -5.1119264599495803E-010
          19           3  -2.2409746964052668E-009
          19           4  -1.1191623056238267E-009
          19           5   2.9124125447104561E-009
          19           6  -6.1412467843792112E-011
          19           7   8.9137970248347530E-011
          19           8   2.1627328953823898E-010
          19           9   1.1654955182181699E-009
          19          10   1.3675414192406394E-009
          19          11   2.0406471490971802E-009
          19          12  -3.6789650320504928E-010
          19          13  -8.0745468394276177E-010
          19          14  -2.3854181163664199E-009
          19          15  -8.4135125794289750E-008
          19          16   7.7757650989463196E-010
          19          17   3.0004681084062928E-008
          19          18   5.3896302473326227E-010
          19          19   1.6863050006717397     
          19          20   5.4766820547385432E-008
          19          21  -1.9629469967369407E-008
          19          22  -4.2321000478527270E-010
          19          23   8.5925807880983384E-009
          19          24  -3.8069706722431792E-010
          19          25  0.36843232318637886     
          19          26   1.1802343634788739E-008
          19          27  -1.8948431688428667E-010
          19          28   1.9340670342766605E-010
          19          29   1.2762944839547287E-010
          19          30   3.1032789107267144E-010
          19          31   1.2218567852931010E-010
          19          32  -3.5329343741614362E-010
          19          33  -4.4751131807754589E-010
          19          34  -8.6067101547737165E-011
          19          35  -5.0703331139967078E-010
          19          36   1.6204979588597094E-010
          20           1   1.2278352499812662E-003
          20           2  -2.5197572237091830E-002
          20           3  -7.1782221533495394E-002
          20           4  -5.4399256344187796E-003
          20           5   4.1968373020204080E-003
          20           6   1.5087662105901994E-010
          20           7   4.0740513505341481E-010
          20           8  -1.3698906436236742E-009
          20           9   1.5858507790190023E-009
          20          10   6.8743571855686652E-009
          20          11   2.5179528525491147E-009
          20          12   1.6912200745975678E-009
          20          13  -6.3400898392566608E-010
          20          14  -9.9220670469075991E-010
          20          15 -0.43144642235927139     
          20          16   4.4998281620620589E-009
          20          17 -0.43144642220805024     
          20          18  -2.0057562866744369E-008
          20          19   5.4766820547385432E-008
          20          20  0.86966826399531516     
          20          21  -7.8231852278715763E-002
          20          22   1.3201951942322544E-009
          20          23  -7.8231852630529911E-002
          20          24  -2.3709827797287840E-009
          20          25   1.1457664816475204E-008
          20          26  0.16470821814753198     
          20          27   4.9789324109797099E-010
          20          28  -1.7814506677637671E-011
          20          29   1.1320469443157155E-010
          20          30   1.0248487594501123E-011
          20          31   2.7276296631454909E-010
          20          32   1.3596279691732606E-011
          20          33   2.9993210196378050E-010
          20          34  -3.5612238725141262E-010
          20          35  -1.4956487662223638E-010
          20          36  -6.7547061913601628E-010
          21           1  -1.1376115630989080E-003
          21           2  -4.5590055521018386E-002
          21           3  -9.2501937251771083E-002
          21           4   1.3868864844436075E-002
          21           5   7.6776702297806199E-002
          21           6   2.8355498797702854E-011
          21           7   3.7664842652677586E-010
          21           8  -8.3081528254372110E-010
          21           9   6.5655815935705101E-009
          21          10   1.0633528722881710E-008
          21          11   8.0052034030129325E-009
          21          12  -2.8509315341247247E-011
          21          13  -1.3698961059887993E-010
          21          14   6.1821057226121043E-010
          21          15  0.16470820673273970     
          21          16  -5.1199383470851461E-009
          21          17  -7.8231885005793242E-002
          21          18  -1.5168894753866623E-008
          21          19  -1.9629469967369407E-008
          21          20  -7.8231852278715763E-002
          21          21   3.8314307925997146E-002
          21          22  -1.8034530194385135E-009
          21          23  -7.0467118867720427E-003
          21          24  -4.5676504155885968E-009
          21          25  -4.8728387980265645E-009
          21          26  -7.0466991969596786E-003
          21          27  -1.1751824895712608E-010
          21          28   1.1814934928174010E-010
          21          29   1.2488371940006311E-010
          21          30  -1.8266705735120137E-011
          21          31   5.3705310775499746E-011
          21          32  -5.3377747552907895E-012
          21          33   1.7401875398518256E-010
          21          34   1.4548427905755768E-010
          21          35   1.4317512096746085E-010
          21          36   4.9179134149153450E-011
          22           1  -1.3092726630591327E-011
          22           2  -1.3281027053813744E-010
          22           3  -4.4441274511933031E-010
          22           4  -1.9867866471068281E-010
          22           5   5.8330808071766123E-010
          22           6   5.0878054528665364E-011
          22           7  -6.9721146381412058E-011
          22           8   2.7019809975032969E-011
          22           9   1.1260539544383797E-010
          22          10   1.4423431550908766E-009
          22          11  -2.3109125673102993E-009
          22          12   2.8168172466445877E-011
          22          13   1.3929582077054507E-010
          22          14  -1.1174945280486171E-010
          22          15  -4.8241740856574458E-009
          22          16  0.36843231740939175     
          22          17   3.7516730860889160E-009
          22          18   1.8339204386324898E-009
          22          19  -4.2321000478527270E-010
          22          20   1.3201951942322544E-009
          22          21  -1.8034530194385135E-009
          22          22   8.0866731271576411E-002
          22          23   1.4735338144746000E-009
          22          24   1.0236603543946103E-009
          22          25  -3.5029555328972366E-010
          22          26   4.7806846180923782E-010
          22          27   7.6129782410727127E-011
          22          28  -3.1145234326432261E-011
