           1           1   2.0785638719881128     
           1           2 -0.15940200590500131     
           1           3 -0.25984715880738418     
           1           4  -3.5811094569715194E-014
           1           5   1.2017272718237619E-014
           1           6  -1.6187456397118751E-014
           1           7   6.1487093042175669E-016
           1           8   1.9312485971582260E-014
           1           9   2.7879428051284490E-014
           1          10  -1.2167744930021204E-002
           1          11   2.1145000761001436E-004
           1          12  -1.2034365906424935E-002
           1          13   2.2378067665483397E-004
           1          14  -1.5666165266916849E-004
           1          15  -1.2049753446213030E-002
           2           1 -0.15940200590500131     
           2           2  0.45816995598418825     
           2           3  0.54942280993931325     
           2           4   8.2630199421951190E-015
           2           5  -2.2792049129254045E-014
           2           6   7.4320996201545255E-016
           2           7  -7.8163562960980523E-015
           2           8   1.1636882542590592E-014
           2           9   1.5890518773014789E-015
           2          10   1.1424709201052787E-002
           2          11  -6.3103096757895823E-004
           2          12   1.1026665740160039E-002
           2          13  -6.6782942360480140E-004
           2          14   4.6752589120014742E-004
           2          15   1.1072586825774163E-002
           3           1 -0.25984715880738418     
           3           2  0.54942280993931325     
           3           3  0.67124376555518395     
           3           4   1.3168116665184980E-014
           3           5  -1.3890387795701075E-014
           3           6   8.0381512256731181E-015
           3           7  -9.3829098961123010E-015
           3           8   2.1979626513171010E-014
           3           9   3.2871882412434310E-015
           3          10   1.4279501321095119E-002
           3          11  -2.6008185654650649E-003
           3          12   1.2638949785387849E-002
           3          13  -2.7524848267601295E-003
           3          14   1.9269260624714879E-003
           3          15   1.2828215317734665E-002
           4           1  -3.5811094569715194E-014
           4           2   8.2630199421951190E-015
           4           3   1.3168116665184980E-014
           4           4  0.73572062760205215     
           4           5 -0.14330949417896488     
           4           6 -0.15166656124875175     
           4           7  0.47464113359553706     
           4           8 -0.11628544868668171     
           4           9 -0.12306661346215381     
           4          10  -1.7350744051303222E-015
           4          11   1.0119858390332130E-015
           4          12   1.4710602137040219E-015
           4          13   7.6657916696644414E-016
           4          14  -1.9893571332382119E-015
           4          15   1.1824850667215336E-015
           5           1   1.2017272718237619E-014
           5           2  -2.2792049129254045E-014
           5           3  -1.3890387795701075E-014
           5           4 -0.14330949417896488     
           5           5  0.63133897883869794     
           5           6  0.10617687945939315     
           5           7 -0.11628544868668457     
           5           8  0.38994285920240174     
           5           9   8.6154976254894669E-002
           5          10  -1.4787527411705565E-015
           5          11   6.9150010740514843E-016
           5          12  -2.9866906686789403E-015
           5          13  -5.4285396403528347E-016
           5          14   7.1673688377692023E-016
           5          15  -2.6935783900615471E-015
           6           1  -1.6187456397118751E-014
           6           2   7.4320996201545255E-016
           6           3   8.0381512256731181E-015
           6           4 -0.15166656124875175     
           6           5  0.10617687945939315     
           6           6  0.64338117799543315     
           6           7 -0.12306661346215829     
           6           8   8.6154976254902246E-002
           6           9  0.39971424622837598     
           6          10  -1.6076382055937874E-015
           6          11  -2.9454548683653608E-015
           6          12  -9.2194234770503177E-016
           6          13  -2.6108515524153832E-015
           6          14   1.7642692758592118E-015
           6          15   2.9242254231957993E-016
           7           1   6.1487093042175669E-016
           7           2  -7.8163562960980523E-015
           7           3  -9.3829098961123010E-015
           7           4  0.47464113359553706     
           7           5 -0.11628544868668457     
           7           6 -0.12306661346215829     
           7           7  0.30901754352028721     
           7           8  -9.0832986535834631E-002
           7           9  -9.6129895613498217E-002
           7          10  -1.3980649444407437E-015
           7          11   8.2168219136836056E-016
           7          12   6.7302091201606191E-016
           7          13   7.3921186002857372E-016
           7          14  -1.4318886671272695E-015
           7          15   4.4632880172037095E-016
           8           1   1.9312485971582260E-014
           8           2   1.1636882542590592E-014
           8           3   2.1979626513171010E-014
           8           4 -0.11628544868668171     
           8           5  0.38994285920240174     
           8           6   8.6154976254902246E-002
           8           7  -9.0832986535834631E-002
           8           8  0.24285795687852030     
           8           9   6.7297446813338296E-002
           8          10  -3.1954132813909292E-016
           8          11   2.1589684535548502E-016
           8          12  -1.3555295621571684E-015
           8          13  -5.4468903282907802E-016
           8          14   6.2618669092370103E-016
           8          15  -1.1422813704865115E-015
           9           1   2.7879428051284490E-014
           9           2   1.5890518773014789E-015
           9           3   3.2871882412434310E-015
           9           4 -0.12306661346215381     
           9           5   8.6154976254894669E-002
           9           6  0.39971424622837598     
           9           7  -9.6129895613498217E-002
           9           8   6.7297446813338296E-002
           9           9  0.25049059085114739     
           9          10  -1.1269077339926814E-015
           9          11  -1.4200553827712093E-015
           9          12  -5.8977702293611666E-016
           9          13  -1.2430954630801826E-015
           9          14   8.8545708366929581E-016
           9          15   1.2573433487869287E-016
          10           1  -1.2167744930021204E-002
          10           2   1.1424709201052787E-002
          10           3   1.4279501321095119E-002
          10           4  -1.7350744051303222E-015
          10           5  -1.4787527411705565E-015
          10           6  -1.6076382055937874E-015
          10           7  -1.3980649444407437E-015
          10           8  -3.1954132813909292E-016
          10           9  -1.1269077339926814E-015
          10          10   3.2901028470068926E-004
          10          11  -7.0691769942818897E-005
          10          12   2.8441913432213735E-004
          10          13  -7.4814147642128455E-005
          10          14   5.2374977526838579E-005
          10          15   2.8956348220211136E-004
          11           1   2.1145000761001436E-004
          11           2  -6.3103096757895823E-004
          11           3  -2.6008185654650649E-003
          11           4   1.0119858390332130E-015
          11           5   6.9150010740514843E-016
          11           6  -2.9454548683653608E-015
          11           7   8.2168219136836056E-016
          11           8   2.1589684535548502E-016
          11           9  -1.4200553827712093E-015
          11          10  -7.0691769942818897E-005
          11          11   3.3901472207063137E-004
          11          12   1.4315287507202007E-004
          11          13   3.5878430388541332E-004
          11          14  -2.5117334679338453E-004
          11          15   1.1848225687076586E-004
          12           1  -1.2034365906424935E-002
          12           2   1.1026665740160039E-002
          12           3   1.2638949785387849E-002
          12           4   1.4710602137040219E-015
          12           5  -2.9866906686789403E-015
          12           6  -9.2194234770503177E-016
          12           7   6.7302091201606191E-016
          12           8  -1.3555295621571684E-015
          12           9  -5.8977702293611666E-016
          12          10   2.8441913432213735E-004
          12          11   1.4315287507202007E-004
          12          12   3.7471750119586291E-004
          12          13   1.5150080892570869E-004
          12          14  -1.0606084158496334E-004
          12          15   3.6430004822152277E-004
          13           1   2.2378067665483397E-004
          13           2  -6.6782942360480140E-004
          13           3  -2.7524848267601295E-003
          13           4   7.6657916696644414E-016
          13           5  -5.4285396403528347E-016
          13           6  -2.6108515524153832E-015
          13           7   7.3921186002857372E-016
          13           8  -5.4468903282907802E-016
          13           9  -1.2430954630801826E-015
          13          10  -7.4814147642128455E-005
          13          11   3.5878430388541332E-004
          13          12   1.5150080892570869E-004
          13          13   3.7970674526553863E-004
          13          14  -2.6582047479654502E-004
          13          15   1.2539152811425272E-004
          14           1  -1.5666165266916849E-004
          14           2   4.6752589120014742E-004
          14           3   1.9269260624714879E-003
          14           4  -1.9893571332382119E-015
          14           5   7.1673688377692023E-016
          14           6   1.7642692758592118E-015
          14           7  -1.4318886671272695E-015
          14           8   6.2618669092370103E-016
          14           9   8.8545708366929581E-016
          14          10   5.2374977526838579E-005
          14          11  -2.5117334679338453E-004
          14          12  -1.0606084158496334E-004
          14          13  -2.6582047479654502E-004
          14          14   1.8609236128171999E-004
          14          15  -8.7782574189307897E-005
          15           1  -1.2049753446213030E-002
          15           2   1.1072586825774163E-002
          15           3   1.2828215317734665E-002
          15           4   1.1824850667215336E-015
          15           5  -2.6935783900615471E-015
          15           6   2.9242254231957993E-016
          15           7   4.4632880172037095E-016
          15           8  -1.1422813704865115E-015
          15           9   1.2573433487869287E-016
          15          10   2.8956348220211136E-004
          15          11   1.1848225687076586E-004
          15          12   3.6430004822152277E-004
          15          13   1.2539152811425272E-004
          15          14  -8.7782574189307897E-005
          15          15   3.5567791374755515E-004
