           1           1   2.1006679520393332     
           1           2 -0.24852764893803453     
           1           3 -0.27198158201352718     
           1           4   1.0526072629873003E-016
           1           5  -1.7526243930003024E-015
           1           6  -6.9872312542881811E-015
           1           7   1.7129504296073513E-015
           1           8   1.7093655296813878E-015
           1           9   8.5347761038804684E-016
           1          10   2.3674240970438933E-002
           1          11   3.2928150201758440E-015
           1          12   2.3674240970435727E-002
           1          13   1.6895270169888219E-016
           1          14  -3.2192798580222142E-015
           1          15   2.3674240970434295E-002
           2           1 -0.24852764893803453     
           2           2  0.76217819054844038     
           2           3  0.58502303030843605     
           2           4  -3.6612348299326585E-015
           2           5  -1.2848782563985480E-015
           2           6   8.0516916440658895E-015
           2           7  -1.1273817162736661E-015
           2           8  -8.4557721494176228E-016
           2           9  -4.7771206009580405E-017
           2          10  -3.7114737941748965E-002
           2          11  -1.0916359377102485E-016
           2          12  -3.7114737941749895E-002
           2          13   2.0335749793082545E-015
           2          14  -2.1311101812324561E-017
           2          15  -3.7114737941748535E-002
           3           1 -0.27198158201352718     
           3           2  0.58502303030843605     
           3           3  0.61544151249949219     
           3           4   5.1400616101014229E-015
           3           5  -6.6912912478100011E-015
           3           6   8.7517093106610991E-015
           3           7  -3.2729441811486299E-015
           3           8  -2.2460896924870554E-015
           3           9  -1.9926813614035555E-016
           3          10  -1.8414747787266521E-002
           3          11  -6.8770097598528149E-016
           3          12  -1.8414747787267587E-002
           3          13   2.6719088723615875E-015
           3          14   1.8364293350392857E-016
           3          15  -1.8414747787265484E-002
           4           1   1.0526072629873003E-016
           4           2  -3.6612348299326585E-015
           4           3   5.1400616101014229E-015
           4           4   1.1378161064511647     
           4           5  0.12203524854753763     
           4           6 -0.12190842749581633     
           4           7  0.28677541229549064     
           4           8  0.11711491982085581     
           4           9 -0.11699321205625166     
           4          10   1.3009650844336476E-015
           4          11  -8.2640452101465947E-016
           4          12  -9.1969501634397271E-016
           4          13   7.6810591576805422E-016
           4          14  -2.4012794156759808E-015
           4          15   1.7820901634983458E-015
           5           1  -1.7526243930003024E-015
           5           2  -1.2848782563985480E-015
           5           3  -6.6912912478100011E-015
           5           4  0.12203524854753763     
           5           5  0.98864748460309193     
           5           6  -6.8367017447527420E-002
           5           7  0.11711491982085631     
           5           8  0.14362110732663169     
           5           9  -6.5610533530724144E-002
           5          10   9.0556454021435327E-016
           5          11  -8.6833983390152189E-016
           5          12   1.9333855338920875E-015
           5          13  -1.2919099347147697E-015
           5          14  -6.4901486193218293E-016
           5          15  -5.9694287987065853E-016
           6           1  -6.9872312542881811E-015
           6           2   8.0516916440658895E-015
           6           3   8.7517093106610991E-015
           6           4 -0.12190842749581633     
           6           5  -6.8367017447527420E-002
           6           6  0.98850531441791289     
           6           7 -0.11699321205625121     
           6           8  -6.5610533530724199E-002
           6           9  0.14348466928896625     
           6          10  -8.1246369959075988E-016
           6          11   5.8004918401247629E-016
           6          12  -2.3174693324290574E-016
           6          13   7.3685218674407964E-017
           6          14   8.4882923298100732E-016
           6          15  -6.0057010831017405E-016
           7           1   1.7129504296073513E-015
           7           2  -1.1273817162736661E-015
           7           3  -3.2729441811486299E-015
           7           4  0.28677541229549064     
           7           5  0.11711491982085631     
           7           6 -0.11699321205625121     
           7           7  0.20701493363795251     
           7           8  0.11239297340639577     
           7           9 -0.11227617276672021     
           7          10   3.4487084317696100E-016
           7          11   1.1941652023194129E-016
           7          12  -1.8850248708843132E-016
           7          13  -3.0517855351376064E-016
           7          14  -3.3366891844571589E-016
           7          15   1.8628204888158004E-016
           8           1   1.7093655296813878E-015
           8           2  -8.4557721494176228E-016
           8           3  -2.2460896924870554E-015
           8           4  0.11711491982085581     
           8           5  0.14362110732663169     
           8           6  -6.5610533530724199E-002
           8           7  0.11239297340639577     
           8           8   6.9632454821528453E-002
           8           9  -6.2965188052708565E-002
           8          10   2.5600870147607839E-016
           8          11   3.2675356810897846E-017
           8          12   1.4942946525467809E-016
           8          13  -3.1705719375347245E-016
           8          14  -1.2803327099629468E-016
           8          15   1.6954008087368206E-017
           9           1   8.5347761038804684E-016
           9           2  -4.7771206009580405E-017
           9           3  -1.9926813614035555E-016
           9           4 -0.11699321205625166     
           9           5  -6.5610533530724144E-002
           9           6  0.14348466928896625     
           9           7 -0.11227617276672021     
           9           8  -6.2965188052708565E-002
           9           9   6.9501517817408320E-002
           9          10  -2.8402484500766264E-016
           9          11  -5.6983368953944013E-017
           9          12  -4.1402663146083411E-017
           9          13   2.1365700797259806E-016
           9          14   1.4488174934422686E-016
           9          15  -1.5440214272236588E-016
          10           1   2.3674240970438933E-002
          10           2  -3.7114737941748965E-002
          10           3  -1.8414747787266521E-002
          10           4   1.3009650844336476E-015
          10           5   9.0556454021435327E-016
          10           6  -8.1246369959075988E-016
          10           7   3.4487084317696100E-016
          10           8   2.5600870147607839E-016
          10           9  -2.8402484500766264E-016
          10          10   2.7717421249727594E-003
          10          11  -4.3799115835982911E-017
          10          12   2.7717421249727832E-003
          10          13  -3.2416913235701109E-017
          10          14   2.0837210414034435E-017
          10          15   2.7717421249727693E-003
          11           1   3.2928150201758440E-015
          11           2  -1.0916359377102485E-016
          11           3  -6.8770097598528149E-016
          11           4  -8.2640452101465947E-016
          11           5  -8.6833983390152189E-016
          11           6   5.8004918401247629E-016
          11           7   1.1941652023194129E-016
          11           8   3.2675356810897846E-017
          11           9  -5.6983368953944013E-017
          11          10  -4.3799115835982911E-017
          11          11   1.6013857351831121E-029
          11          12  -4.3799115835991785E-017
          11          13  -9.5643746510623874E-031
          11          14  -7.5892492452048824E-030
          11          15  -4.3799115835995274E-017
          12           1   2.3674240970435727E-002
          12           2  -3.7114737941749895E-002
          12           3  -1.8414747787267587E-002
          12           4  -9.1969501634397271E-016
          12           5   1.9333855338920875E-015
          12           6  -2.3174693324290574E-016
          12           7  -1.8850248708843132E-016
          12           8   1.4942946525467809E-016
          12           9  -4.1402663146083411E-017
          12          10   2.7717421249727832E-003
          12          11  -4.3799115835991785E-017
          12          12   2.7717421249728079E-003
          12          13  -3.2416913235713343E-017
          12          14   2.0837210414049017E-017
          12          15   2.7717421249727936E-003
          13           1   1.6895270169888219E-016
          13           2   2.0335749793082545E-015
          13           3   2.6719088723615875E-015
          13           4   7.6810591576805422E-016
          13           5  -1.2919099347147697E-015
          13           6   7.3685218674407964E-017
          13           7  -3.0517855351376064E-016
          13           8  -3.1705719375347245E-016
          13           9   2.1365700797259806E-016
          13          10  -3.2416913235701109E-017
          13          11  -9.5643746510623874E-031
          13          12  -3.2416913235713343E-017
          13          13   1.8073392766099258E-029
          13          14  -4.8854139362790644E-030
          13          15  -3.2416913235696506E-017
          14           1  -3.2192798580222142E-015
          14           2  -2.1311101812324561E-017
          14           3   1.8364293350392857E-016
          14           4  -2.4012794156759808E-015
          14           5  -6.4901486193218293E-016
          14           6   8.4882923298100732E-016
          14           7  -3.3366891844571589E-016
          14           8  -1.2803327099629468E-016
          14           9   1.4488174934422686E-016
          14          10   2.0837210414034435E-017
          14          11  -7.5892492452048824E-030
          14          12   2.0837210414049017E-017
          14          13  -4.8854139362790644E-030
          14          14   1.7024857886628775E-029
          14          15   2.0837210414044829E-017
          15           1   2.3674240970434295E-002
          15           2  -3.7114737941748535E-002
          15           3  -1.8414747787265484E-002
          15           4   1.7820901634983458E-015
          15           5  -5.9694287987065853E-016
          15           6  -6.0057010831017405E-016
          15           7   1.8628204888158004E-016
          15           8   1.6954008087368206E-017
          15           9  -1.5440214272236588E-016
          15          10   2.7717421249727693E-003
          15          11  -4.3799115835995274E-017
          15          12   2.7717421249727936E-003
          15          13  -3.2416913235696506E-017
          15          14   2.0837210414044829E-017
          15          15   2.7717421249727797E-003
