           1           1   2.2114124034445730     
           1           2 -0.61991943291869078     
           1           3  0.61954774212096786     
           1           4   8.4864772045523396E-002
           1           5   3.3552888640699144E-013
           1           6  -8.0871374141590642E-014
           1           7   2.3631698958029323E-013
           1           8  -2.7371617224702996E-014
           1           9   2.2540969966461471E-014
           1          10   2.5508190136502409E-015
           1          11   2.5523646252702858E-014
           1          12   5.3982793464665160E-015
           1          13  -8.9091583965400546E-015
           1          14 -0.20361914643817702     
           1          15   6.5268684457543543E-015
           1          16 -0.20361914643819123     
           1          17   1.2111676436503266E-014
           1          18   2.4424348898141019E-014
           1          19 -0.20361914643819037     
           2           1 -0.61991943291869078     
           2           2   2.0899618560898690     
           2           3 -0.78072818278829370     
           2           4 -0.12566639958609832     
           2           5  -1.1919082540332886E-012
           2           6   2.8392859705463318E-013
           2           7  -8.3773880886595449E-013
           2           8   1.6158233889677296E-013
           2           9  -1.0570790721819601E-013
           2          10   4.3292779147176841E-014
           2          11  -1.0199860260406848E-013
           2          12  -2.2632965527443294E-014
           2          13   3.8201086331938726E-014
           2          14  0.33761254546266622     
           2          15  -1.8326081747545746E-014
           2          16  0.33761254546272657     
           2          17  -4.0080659855961028E-014
           2          18  -7.3308480760135111E-014
           2          19  0.33761254546273856     
           3           1  0.61954774212096786     
           3           2 -0.78072818278829370     
           3           3   5.7775082712617758     
           3           4  0.74135534291655547     
           3           5   4.8207132220380746E-013
           3           6  -1.0769442106965490E-013
           3           7   3.6423081700596801E-013
           3           8   2.2327485788497478E-013
           3           9  -7.0345347194447760E-014
           3          10   1.8635490257680858E-013
           3          11   3.0131646737540707E-014
           3          12   8.4773621603868248E-015
           3          13  -3.9393518505028115E-014
           3          14  -1.5044254974193580     
           3          15  -1.8040589236302375E-015
           3          16  -1.5044254974194411     
           3          17   4.7604481796314645E-015
           3          18   5.9918877179670195E-014
           3          19  -1.5044254974194375     
           4           1   8.4864772045523396E-002
           4           2 -0.12566639958609832     
           4           3  0.74135534291655547     
           4           4  0.13279268780158010     
           4           5   5.0792599294168904E-014
           4           6  -8.4448259401879464E-015
           4           7   4.2221039513333379E-014
           4           8   7.3895093289607524E-014
           4           9  -2.7530030426521590E-014
           4          10   5.2565408392714974E-014
           4          11  -2.7612592198058199E-016
           4          12  -5.7817201176578834E-016
           4          13  -7.8798333944841065E-015
           4          14 -0.17315820445871144     
           4          15  -2.0378601875125258E-015
           4          16 -0.17315820445872904     
           4          17  -2.1099899459340798E-015
           4          18   9.4257174827036773E-015
           4          19 -0.17315820445872526     
           5           1   3.3552888640699144E-013
           5           2  -1.1919082540332886E-012
           5           3   4.8207132220380746E-013
           5           4   5.0792599294168904E-014
           5           5   2.1913191385233803     
           5           6   2.0712598303148806E-015
           5           7   2.5760643618451410E-016
           5           8 -0.53736870890667410     
           5           9  -4.7531423241121672E-016
           5          10  -5.0354685699021292E-015
           5          11  0.13834785501757119     
           5          12  -2.5604518505412951E-015
           5          13   1.7871988611262194E-015
           5          14  -2.2658990643851422E-013
           5          15  -2.0081743817577995E-015
           5          16  -2.4161443547921695E-013
           5          17   4.1823223324292168E-015
           5          18  -2.5284934713986523E-015
           5          19  -2.3904317134521613E-013
           6           1  -8.0871374141590642E-014
           6           2   2.8392859705463318E-013
           6           3  -1.0769442106965490E-013
           6           4  -8.4448259401879464E-015
           6           5   2.0712598303148806E-015
           6           6   2.1913191385233755     
           6           7   1.6237011735135069E-015
           6           8  -1.7624790515860271E-015
           6           9 -0.53736870890667254     
           6          10  -6.4358240958697670E-015
           6          11   2.1076890233113000E-015
           6          12  0.13834785501756672     
           6          13   2.5673907444452280E-015
           6          14   5.7194305285849197E-014
           6          15   7.8687889021838660E-015
           6          16   5.3413341022969112E-014
           6          17  -1.3190382024215519E-015
           6          18   2.9858421034478953E-015
           6          19   6.0468666590761871E-014
           7           1   2.3631698958029323E-013
           7           2  -8.3773880886595449E-013
           7           3   3.6423081700596801E-013
           7           4   4.2221039513333379E-014
           7           5   2.5760643618451410E-016
           7           6   1.6237011735135069E-015
           7           7   2.1913191385233941     
           7           8   7.0646613558275948E-016
           7           9   5.5996873804566674E-015
           7          10 -0.53736870890671817     
           7          11   1.3989243791146681E-014
           7          12  -1.2863841936105754E-014
           7          13  0.13834785501759320     
           7          14  -1.7579125614006893E-013
           7          15   2.6244960113691736E-016
           7          16  -1.8195553969522730E-013
           7          17   6.3366328670815161E-016
           7          18  -2.4358874773002318E-014
           7          19  -1.3984247287704187E-013
           8           1  -2.7371617224702996E-014
           8           2   1.6158233889677296E-013
           8           3   2.2327485788497478E-013
           8           4   7.3895093289607524E-014
           8           5 -0.53736870890667410     
           8           6  -1.7624790515860271E-015
           8           7   7.0646613558275948E-016
           8           8   1.3070796361940422     
           8           9   1.1666015375655299E-015
           8          10  -2.7484525067812839E-016
           8          11 -0.15216524670221188     
           8          12   2.0361316799065757E-016
           8          13   3.4580628290924780E-016
           8          14  -1.4009333397282048E-014
           8          15   6.4356141935966010E-017
           8          16  -1.2716574394644739E-014
           8          17  -3.5171047539233737E-016
           8          18   6.7201588450465271E-016
           8          19  -1.2663731065925191E-014
           9           1   2.2540969966461471E-014
           9           2  -1.0570790721819601E-013
           9           3  -7.0345347194447760E-014
           9           4  -2.7530030426521590E-014
           9           5  -4.7531423241121672E-016
           9           6 -0.53736870890667254     
           9           7   5.5996873804566674E-015
           9           8   1.1666015375655299E-015
           9           9   1.3070796361940402     
           9          10   1.6823565110268932E-015
           9          11  -9.2851074051424052E-016
           9          12 -0.15216524670221157     
           9          13  -8.6069389462560709E-016
           9          14  -3.9002805442535643E-015
           9          15  -3.8152407219381384E-016
           9          16  -3.4519442053017928E-015
           9          17   1.8944273311326516E-016
           9          18   4.2446843152757260E-017
           9          19  -3.4098580764545515E-015
          10           1   2.5508190136502409E-015
          10           2   4.3292779147176841E-014
          10           3   1.8635490257680858E-013
          10           4   5.2565408392714974E-014
          10           5  -5.0354685699021292E-015
          10           6  -6.4358240958697670E-015
          10           7 -0.53736870890671817     
          10           8  -2.7484525067812839E-016
          10           9   1.6823565110268932E-015
          10          10   1.3070796361940573     
          10          11  -1.9068405708626947E-015
          10          12   3.4970941073381426E-016
          10          13 -0.15216524670222026     
          10          14  -2.5127739945694158E-014
          10          15   3.8427631267715639E-016
          10          16  -2.4045221387912263E-014
          10          17   1.9564610460567688E-017
          10          18   3.1687106791003338E-015
          10          19  -2.9272342061356054E-014
          11           1   2.5523646252702858E-014
          11           2  -1.0199860260406848E-013
          11           3   3.0131646737540707E-014
          11           4  -2.7612592198058199E-016
          11           5  0.13834785501757119     
          11           6   2.1076890233113000E-015
          11           7   1.3989243791146681E-014
          11           8 -0.15216524670221188     
          11           9  -9.2851074051424052E-016
          11          10  -1.9068405708626947E-015
          11          11   2.0771319026694348E-002
          11          12   3.6103932343939528E-017
          11          13   8.6417011784355580E-016
          11          14  -1.9236967920316294E-014
          11          15  -7.1061284283566589E-017
          11          16  -1.9845732921172525E-014
          11          17   1.4888611869811827E-016
          11          18  -1.7890079344573555E-016
          11          19  -1.9718763861054463E-014
          12           1   5.3982793464665160E-015
          12           2  -2.2632965527443294E-014
          12           3   8.4773621603868248E-015
          12           4  -5.7817201176578834E-016
          12           5  -2.5604518505412951E-015
          12           6  0.13834785501756672     
          12           7  -1.2863841936105754E-014
          12           8   2.0361316799065757E-016
          12           9 -0.15216524670221157     
          12          10   3.4970941073381426E-016
          12          11   3.6103932343939528E-017
          12          12   2.0771319026693935E-002
          12          13  -4.4389947446972999E-016
          12          14  -5.2913496569815598E-015
          12          15   2.7865554549247200E-016
          12          16  -5.4545295398441258E-015
          12          17  -7.2647038707856176E-017
          12          18   4.2210724433219037E-017
          12          19  -5.1855236832719166E-015
          13           1  -8.9091583965400546E-015
          13           2   3.8201086331938726E-014
          13           3  -3.9393518505028115E-014
          13           4  -7.8798333944841065E-015
          13           5   1.7871988611262194E-015
          13           6   2.5673907444452280E-015
          13           7  0.13834785501759320     
          13           8   3.4580628290924780E-016
          13           9  -8.6069389462560709E-016
          13          10 -0.15216524670222026     
          13          11   8.6417011784355580E-016
          13          12  -4.4389947446972999E-016
          13          13   2.0771319026697450E-002
          13          14   1.1620110678801484E-014
          13          15  -2.9276265102129636E-017
          13          16   1.1236566344213648E-014
          13          17  -8.4598969743471379E-017
          13          18  -1.4180943935567844E-015
          13          19   1.3567364563586074E-014
          14           1 -0.20361914643817702     
          14           2  0.33761254546266622     
          14           3  -1.5044254974193580     
          14           4 -0.17315820445871144     
          14           5  -2.2658990643851422E-013
          14           6   5.7194305285849197E-014
          14           7  -1.7579125614006893E-013
          14           8  -1.4009333397282048E-014
          14           9  -3.9002805442535643E-015
          14          10  -2.5127739945694158E-014
          14          11  -1.9236967920316294E-014
          14          12  -5.2913496569815598E-015
          14          13   1.1620110678801484E-014
          14          14  0.41423544995159134     
          14          15  -2.4626510722902775E-015
          14          16  0.41423544995161371     
          14          17  -6.5953440137688891E-015
          14          18  -2.1030545288654854E-014
          14          19  0.41423544995161593     
          15           1   6.5268684457543543E-015
          15           2  -1.8326081747545746E-014
          15           3  -1.8040589236302375E-015
          15           4  -2.0378601875125258E-015
          15           5  -2.0081743817577995E-015
          15           6   7.8687889021838660E-015
          15           7   2.6244960113691736E-016
          15           8   6.4356141935966010E-017
          15           9  -3.8152407219381384E-016
          15          10   3.8427631267715639E-016
          15          11  -7.1061284283566589E-017
          15          12   2.7865554549247200E-016
          15          13  -2.9276265102129636E-017
          15          14  -2.4626510722902775E-015
          15          15   6.1912737424003048E-028
          15          16  -2.4626510722910048E-015
          15          17   9.8605104017057908E-028
          15          18   1.4321943682543355E-027
          15          19  -2.4626510722914265E-015
          16           1 -0.20361914643819123     
          16           2  0.33761254546272657     
          16           3  -1.5044254974194411     
          16           4 -0.17315820445872904     
          16           5  -2.4161443547921695E-013
          16           6   5.3413341022969112E-014
          16           7  -1.8195553969522730E-013
          16           8  -1.2716574394644739E-014
          16           9  -3.4519442053017928E-015
          16          10  -2.4045221387912263E-014
          16          11  -1.9845732921172525E-014
          16          12  -5.4545295398441258E-015
          16          13   1.1236566344213648E-014
          16          14  0.41423544995161371     
          16          15  -2.4626510722910048E-015
          16          16  0.41423544995163608     
          16          17  -6.5953440137705047E-015
          16          18  -2.1030545288659430E-014
          16          19  0.41423544995163830     
          17           1   1.2111676436503266E-014
          17           2  -4.0080659855961028E-014
          17           3   4.7604481796314645E-015
          17           4  -2.1099899459340798E-015
          17           5   4.1823223324292168E-015
          17           6  -1.3190382024215519E-015
          17           7   6.3366328670815161E-016
          17           8  -3.5171047539233737E-016
          17           9   1.8944273311326516E-016
          17          10   1.9564610460567688E-017
          17          11   1.4888611869811827E-016
          17          12  -7.2647038707856176E-017
          17          13  -8.4598969743471379E-017
          17          14  -6.5953440137688891E-015
          17          15   9.8605104017057908E-028
          17          16  -6.5953440137705047E-015
          17          17   1.9324406624761757E-027
          17          18   2.8104987991673890E-027
          17          19  -6.5953440137714451E-015
          18           1   2.4424348898141019E-014
          18           2  -7.3308480760135111E-014
          18           3   5.9918877179670195E-014
          18           4   9.4257174827036773E-015
          18           5  -2.5284934713986523E-015
          18           6   2.9858421034478953E-015
          18           7  -2.4358874773002318E-014
          18           8   6.7201588450465271E-016
          18           9   4.2446843152757260E-017
          18          10   3.1687106791003338E-015
          18          11  -1.7890079344573555E-016
          18          12   4.2210724433219037E-017
          18          13  -1.4180943935567844E-015
          18          14  -2.1030545288654854E-014
          18          15   1.4321943682543355E-027
          18          16  -2.1030545288659430E-014
          18          17   2.8104987991673890E-027
          18          18   5.9785734453661816E-027
          18          19  -2.1030545288660891E-014
          19           1 -0.20361914643819037     
          19           2  0.33761254546273856     
          19           3  -1.5044254974194375     
          19           4 -0.17315820445872526     
          19           5  -2.3904317134521613E-013
          19           6   6.0468666590761871E-014
          19           7  -1.3984247287704187E-013
          19           8  -1.2663731065925191E-014
          19           9  -3.4098580764545515E-015
          19          10  -2.9272342061356054E-014
          19          11  -1.9718763861054463E-014
          19          12  -5.1855236832719166E-015
          19          13   1.3567364563586074E-014
          19          14  0.41423544995161593     
          19          15  -2.4626510722914265E-015
          19          16  0.41423544995163830     
          19          17  -6.5953440137714451E-015
          19          18  -2.1030545288660891E-014
          19          19  0.41423544995164063     
