           1           1   2.1713443151422482     
           1           2 -0.62223506427691189     
           1           3   7.6708205117228145E-002
           1           4   9.5809583064743742E-002
           1           5   5.6237284819612240E-016
           1           6  -3.7589620797638440E-014
           1           7  -4.4894612787386873E-014
           1           8  -2.3154624000951014E-014
           1           9   7.6007888658466499E-014
           1          10   5.4477787049477879E-014
           1          11   2.4749591205123244E-014
           1          12  -6.5466912178740279E-014
           1          13  -3.8190082040528730E-014
           1          14  -8.1290983628010301E-003
           1          15  -2.5559717510696910E-014
           1          16  -8.1290983628314710E-003
           1          17  -1.8610922452951212E-015
           1          18   4.2918606973951444E-015
           1          19  -8.1290983630423214E-003
           2           1 -0.62223506427691189     
           2           2   2.2855917789374893     
           2           3 -0.21720070783119499     
           2           4 -0.32791156737945093     
           2           5   3.9239194973076018E-014
           2           6   1.6475340775719182E-014
           2           7   7.6637107541437913E-014
           2           8   3.8215582675188889E-014
           2           9  -9.8728513408475744E-014
           2          10  -6.7358751290181721E-014
           2          11  -3.3198128550420240E-014
           2          12   8.3306197487291167E-014
           2          13   6.1811115775215049E-014
           2          14   1.1382921247497889E-002
           2          15  -3.3917058212370767E-015
           2          16   1.1382921247523891E-002
           2          17   2.4584017742289279E-015
           2          18   1.2522549579048241E-014
           2          19   1.1382921247704302E-002
           3           1   7.6708205117228145E-002
           3           2 -0.21720070783119499     
           3           3  0.39611257622044627     
           3           4  0.52813987012299235     
           3           5   2.9979232760414500E-014
           3           6  -4.9742994572266782E-014
           3           7  -1.3956208603309432E-014
           3           8  -2.2053064281276000E-014
           3           9  -1.0655364590241569E-014
           3          10  -3.0671535348418283E-014
           3          11  -5.3735349068784532E-015
           3          12  -1.2683092434988980E-014
           3          13  -1.2152947377411386E-014
           3          14   1.3373961712412419E-002
           3          15   1.4010562414664384E-015
           3          16   1.3373961712410955E-002
           3          17   7.1499022025580074E-016
           3          18  -2.9119136314120008E-015
           3          19   1.3373961712400642E-002
           4           1   9.5809583064743742E-002
           4           2 -0.32791156737945093     
           4           3  0.52813987012299235     
           4           4  0.70500615307948589     
           4           5  -9.4339135760292178E-016
           4           6   4.7392124463955544E-015
           4           7   1.1371705818335376E-014
           4           8  -1.9070444084160689E-014
           4           9   1.0658822235955865E-015
           4          10  -1.4111630895027283E-014
           4          11   3.8272359151025955E-015
           4          12  -5.2457927911176123E-015
           4          13   7.2021602552528869E-015
           4          14   1.7618076670872691E-002
           4          15   2.1207372506550468E-015
           4          16   1.7618076670870501E-002
           4          17   9.1735909505444437E-016
           4          18  -4.1353961507994593E-015
           4          19   1.7618076670855028E-002
           5           1   5.6237284819612240E-016
           5           2   3.9239194973076018E-014
           5           3   2.9979232760414500E-014
           5           4  -9.4339135760292178E-016
           5           5   2.0501072399220659     
           5           6  -1.4361775657611790E-014
           5           7  -1.3553394517806502E-014
           5           8 -0.12786534586789061     
           5           9   3.4655980342412831E-014
           5          10   3.0382814319995516E-014
           5          11 -0.13873286032609411     
           5          12  -2.0909013173412103E-014
           5          13  -2.2718874612799051E-014
           5          14  -5.7749300276771830E-014
           5          15  -3.4511604905308808E-014
           5          16  -3.0325683826022233E-014
           5          17  -5.3958389198323309E-014
           5          18   1.6500686987209747E-015
           5          19   6.3555885285991700E-014
           6           1  -3.7589620797638440E-014
           6           2   1.6475340775719182E-014
           6           3  -4.9742994572266782E-014
           6           4   4.7392124463955544E-015
           6           5  -1.4361775657611790E-014
           6           6   2.0501072399220641     
           6           7  -1.0623446566881673E-014
           6           8   6.0934330498026881E-015
           6           9 -0.12786534586788725     
           6          10  -4.1068494091581144E-015
           6          11   1.3076828370693028E-014
           6          12 -0.13873286032609414     
           6          13  -8.0274371202481339E-016
           6          14   5.0078814480460340E-014
           6          15   6.8255283197859850E-015
           6          16   4.7666881662020125E-014
           6          17   2.7890971682300237E-015
           6          18   2.1272248918074523E-014
           6          19  -3.4099642378386072E-014
           7           1  -4.4894612787386873E-014
           7           2   7.6637107541437913E-014
           7           3  -1.3956208603309432E-014
           7           4   1.1371705818335376E-014
           7           5  -1.3553394517806502E-014
           7           6  -1.0623446566881673E-014
           7           7   2.0501072399220459     
           7           8   2.1033522146213690E-015
           7           9   3.2256207253833377E-014
           7          10 -0.12786534586785611     
           7          11   1.6062418762955900E-014
           7          12  -1.8037492284639583E-014
           7          13 -0.13873286032612850     
           7          14   1.2091132396015612E-014
           7          15   1.2873249136648763E-015
           7          16   3.3419113297065213E-014
           7          17  -1.8445000617348043E-014
           7          18   5.2144209909272909E-015
           7          19  -3.2155832106393485E-014
           8           1  -2.3154624000951014E-014
           8           2   3.8215582675188889E-014
           8           3  -2.2053064281276000E-014
           8           4  -1.9070444084160689E-014
           8           5 -0.12786534586789061     
           8           6   6.0934330498026881E-015
           8           7   2.1033522146213690E-015
           8           8  0.34062758463910114     
           8           9  -1.0315530608797112E-014
           8          10  -9.8282113784176895E-015
           8          11  0.32762466317859457     
           8          12   4.9935998256079267E-015
           8          13   6.5303932068526542E-015
           8          14   7.2079480298831447E-015
           8          15   9.3646944524961207E-016
           8          16   4.8886778525359969E-015
           8          17   3.3695572178912154E-015
           8          18   8.7498560102665085E-016
           8          19  -5.2933403720034417E-015
           9           1   7.6007888658466499E-014
           9           2  -9.8728513408475744E-014
           9           3  -1.0655364590241569E-014
           9           4   1.0658822235955865E-015
           9           5   3.4655980342412831E-014
           9           6 -0.12786534586788725     
           9           7   3.2256207253833377E-014
           9           8  -1.0315530608797112E-014
           9           9  0.34062758463910048     
           9          10   1.5811606378044413E-015
           9          11  -6.9861135968559329E-015
           9          12  0.32762466317859446     
           9          13   4.7681107727830018E-015
           9          14  -1.1782571322719013E-015
           9          15   2.2780690380296070E-015
           9          16  -2.0135928921402356E-015
           9          17  -2.8229866522342840E-015
           9          18  -3.4224845855793165E-015
           9          19   1.0956600616489311E-014
          10           1   5.4477787049477879E-014
          10           2  -6.7358751290181721E-014
          10           3  -3.0671535348418283E-014
          10           4  -1.4111630895027283E-014
          10           5   3.0382814319995516E-014
          10           6  -4.1068494091581144E-015
          10           7 -0.12786534586785611     
          10           8  -9.8282113784176895E-015
          10           9   1.5811606378044413E-015
          10          10  0.34062758463911536     
          10          11  -6.6962559295659762E-015
          10          12  -5.8857956117338882E-015
          10          13  0.32762466317859401     
          10          14   5.5537161961407715E-015
          10          15   1.6704288921740293E-015
          10          16   2.7916889467061436E-015
          10          17  -2.7561579325774140E-017
          10          18  -2.2941807807143124E-015
          10          19  -1.0008872361958744E-015
          11           1   2.4749591205123244E-014
          11           2  -3.3198128550420240E-014
          11           3  -5.3735349068784532E-015
          11           4   3.8272359151025955E-015
          11           5 -0.13873286032609411     
          11           6   1.3076828370693028E-014
          11           7   1.6062418762955900E-014
          11           8  0.32762466317859457     
          11           9  -6.9861135968559329E-015
          11          10  -6.6962559295659762E-015
          11          11  0.31524627650956466     
          11          12   7.9726940106223314E-015
          11          13   9.1730531045714297E-015
          11          14   7.3122379093880004E-015
          11          15   1.1852259226987043E-015
          11          16   4.8639400644178647E-015
          11          17   3.6408647503772006E-015
          11          18   8.1346183690929718E-016
          11          19  -5.6328142761795499E-015
          12           1  -6.5466912178740279E-014
          12           2   8.3306197487291167E-014
          12           3  -1.2683092434988980E-014
          12           4  -5.2457927911176123E-015
          12           5  -2.0909013173412103E-014
          12           6 -0.13873286032609414     
          12           7  -1.8037492284639583E-014
          12           8   4.9935998256079267E-015
          12           9  0.32762466317859446     
          12          10  -5.8857956117338882E-015
          12          11   7.9726940106223314E-015
          12          12  0.31524627650956505     
          12          13  -2.1927845936277272E-015
          12          14   3.8828908792303707E-016
          12          15   2.1362971114461964E-015
          12          16  -3.9394773587044878E-016
          12          17  -2.7285792269152064E-015
          12          18  -3.4583580983469487E-015
          12          19   1.2677456379909639E-014
          13           1  -3.8190082040528730E-014
          13           2   6.1811115775215049E-014
          13           3  -1.2152947377411386E-014
          13           4   7.2021602552528869E-015
          13           5  -2.2718874612799051E-014
          13           6  -8.0274371202481339E-016
          13           7 -0.13873286032612850     
          13           8   6.5303932068526542E-015
          13           9   4.7681107727830018E-015
          13          10  0.32762466317859401     
          13          11   9.1730531045714297E-015
          13          12  -2.1927845936277272E-015
          13          13  0.31524627650955156     
          13          14   7.3049073121083344E-015
          13          15   1.6076124859860361E-015
          13          16   4.4808698130840957E-015
          13          17   1.1048648258995338E-016
          13          18  -2.2586125264182849E-015
          13          19   1.3519116660531041E-015
          14           1  -8.1290983628010301E-003
          14           2   1.1382921247497889E-002
          14           3   1.3373961712412419E-002
          14           4   1.7618076670872691E-002
          14           5  -5.7749300276771830E-014
          14           6   5.0078814480460340E-014
          14           7   1.2091132396015612E-014
          14           8   7.2079480298831447E-015
          14           9  -1.1782571322719013E-015
          14          10   5.5537161961407715E-015
          14          11   7.3122379093880004E-015
          14          12   3.8828908792303707E-016
          14          13   7.3049073121083344E-015
          14          14   9.5502138235487065E-004
          14          15   6.4601222828315583E-017
          14          16   9.5502138235513531E-004
          14          17   4.6875189136242163E-017
          14          18   1.2212828963331311E-018
          14          19   9.5502138235679360E-004
          15           1  -2.5559717510696910E-014
          15           2  -3.3917058212370767E-015
          15           3   1.4010562414664384E-015
          15           4   2.1207372506550468E-015
          15           5  -3.4511604905308808E-014
          15           6   6.8255283197859850E-015
          15           7   1.2873249136648763E-015
          15           8   9.3646944524961207E-016
          15           9   2.2780690380296070E-015
          15          10   1.6704288921740293E-015
          15          11   1.1852259226987043E-015
          15          12   2.1362971114461964E-015
          15          13   1.6076124859860361E-015
          15          14   6.4601222828315583E-017
          15          15   1.2111184174166796E-027
          15          16   6.4601222828002257E-017
          15          17   7.5510258374093410E-028
          15          18  -2.3444714453774689E-028
          15          19   6.4601222827967547E-017
          16           1  -8.1290983628314710E-003
          16           2   1.1382921247523891E-002
          16           3   1.3373961712410955E-002
          16           4   1.7618076670870501E-002
          16           5  -3.0325683826022233E-014
          16           6   4.7666881662020125E-014
          16           7   3.3419113297065213E-014
          16           8   4.8886778525359969E-015
          16           9  -2.0135928921402356E-015
          16          10   2.7916889467061436E-015
          16          11   4.8639400644178647E-015
          16          12  -3.9394773587044878E-016
          16          13   4.4808698130840957E-015
          16          14   9.5502138235513531E-004
          16          15   6.4601222828002257E-017
          16          16   9.5502138235539996E-004
          16          17   4.6875189135463360E-017
          16          18   1.2212828965021075E-018
          16          19   9.5502138235705825E-004
          17           1  -1.8610922452951212E-015
          17           2   2.4584017742289279E-015
          17           3   7.1499022025580074E-016
          17           4   9.1735909505444437E-016
          17           5  -5.3958389198323309E-014
          17           6   2.7890971682300237E-015
          17           7  -1.8445000617348043E-014
          17           8   3.3695572178912154E-015
          17           9  -2.8229866522342840E-015
          17          10  -2.7561579325774140E-017
          17          11   3.6408647503772006E-015
          17          12  -2.7285792269152064E-015
          17          13   1.1048648258995338E-016
          17          14   4.6875189136242163E-017
          17          15   7.5510258374093410E-028
          17          16   4.6875189135463360E-017
          17          17   1.7236336152208508E-027
          17          18   3.8915907951592987E-029
          17          19   4.6875189133781077E-017
          18           1   4.2918606973951444E-015
          18           2   1.2522549579048241E-014
          18           3  -2.9119136314120008E-015
          18           4  -4.1353961507994593E-015
          18           5   1.6500686987209747E-015
          18           6   2.1272248918074523E-014
          18           7   5.2144209909272909E-015
          18           8   8.7498560102665085E-016
          18           9  -3.4224845855793165E-015
          18          10  -2.2941807807143124E-015
          18          11   8.1346183690929718E-016
          18          12  -3.4583580983469487E-015
          18          13  -2.2586125264182849E-015
          18          14   1.2212828963331311E-018
          18          15  -2.3444714453774689E-028
          18          16   1.2212828965021075E-018
          18          17   3.8915907951592987E-029
          18          18   5.0288705964160438E-028
          18          19   1.2212828959113278E-018
          19           1  -8.1290983630423214E-003
          19           2   1.1382921247704302E-002
          19           3   1.3373961712400642E-002
          19           4   1.7618076670855028E-002
          19           5   6.3555885285991700E-014
          19           6  -3.4099642378386072E-014
          19           7  -3.2155832106393485E-014
          19           8  -5.2933403720034417E-015
          19           9   1.0956600616489311E-014
          19          10  -1.0008872361958744E-015
          19          11  -5.6328142761795499E-015
          19          12   1.2677456379909639E-014
          19          13   1.3519116660531041E-015
          19          14   9.5502138235679360E-004
          19          15   6.4601222827967547E-017
          19          16   9.5502138235705825E-004
          19          17   4.6875189133781077E-017
          19          18   1.2212828959113278E-018
          19          19   9.5502138235871654E-004
