           1           1   2.1785239560233753     
           1           2 -0.63755968951117703     
           1           3   7.7009317984107845E-002
           1           4  0.10219704385896584     
           1           5   7.7259853040383694E-014
           1           6  -1.0130120386857448E-014
           1           7  -3.4344641073370482E-014
           1           8   1.1407791529260063E-014
           1           9  -2.3211648321328710E-014
           1          10  -3.8935027421291080E-014
           1          11  -1.2051465977802050E-014
           1          12  -9.8027857425601251E-015
           1          13  -8.3482302344827103E-015
           1          14  -6.2037147502351578E-003
           1          15  -1.3068346582859753E-006
           1          16  -6.0723428331523194E-003
           1          17  -3.2527022409932612E-006
           1          18   3.7759636072118860E-004
           1          19  -5.3898037918779272E-003
           2           1 -0.63755968951117703     
           2           2   2.2977516423282180     
           2           3 -0.21215837434835438     
           2           4 -0.32527984620213757     
           2           5  -4.0323687486731442E-013
           2           6   2.0472988438606004E-013
           2           7   1.2834283885427289E-013
           2           8  -5.8892079466345764E-014
           2           9   5.7238019605202680E-015
           2          10   5.2509249476773847E-014
           2          11   4.7956193593251019E-014
           2          12  -2.1126423561723618E-014
           2          13  -4.9333638705517136E-014
           2          14   8.3647035914678688E-003
           2          15   4.9690157370547082E-006
           2          16   7.8651842983567012E-003
           2          17   1.2367845077741419E-005
           2          18  -1.4357457166463364E-003
           2          19   5.2699460837814438E-003
           3           1   7.7009317984107845E-002
           3           2 -0.21215837434835438     
           3           3  0.43600554986701112     
           3           4  0.54167131023460224     
           3           5  -4.1835733983595762E-013
           3           6   1.1127317016392494E-012
           3           7  -3.4041712202361870E-013
           3           8   1.4781575315226125E-014
           3           9  -1.2582750276051501E-013
           3          10  -1.8216789539323050E-013
           3          11   1.8537526306329020E-016
           3          12  -5.0443014171280532E-014
           3          13  -7.3712996965307796E-014
           3          14   9.5014778349489203E-003
           3          15  -6.5438599391420387E-006
           3          16   1.0159311183745436E-002
           3          17  -1.6287621227813740E-005
           3          18   1.8907806477076929E-003
           3          19   1.3577065548855150E-002
           4           1  0.10219704385896584     
           4           2 -0.32527984620213757     
           4           3  0.54167131023460224     
           4           4  0.67561488500684175     
           4           5  -2.5634322270087586E-013
           4           6   5.6442840865949820E-013
           4           7  -3.0047283295360619E-013
           4           8   8.8026144110905669E-014
           4           9   8.5438018577576935E-014
           4          10   8.9256355784449162E-014
           4          11   5.1191001470419717E-014
           4          12   1.4580321492600283E-013
           4          13   2.1416923680741597E-013
           4          14   1.0351047899279119E-002
           4          15  -1.1526532145256284E-005
           4          16   1.1509773384784084E-002
           4          17  -2.8689457210698754E-005
           4          18   3.3304722668269834E-003
           4          19   1.7529898534819385E-002
           5           1   7.7259853040383694E-014
           5           2  -4.0323687486731442E-013
           5           3  -4.1835733983595762E-013
           5           4  -2.5634322270087586E-013
           5           5   2.0710396658944297     
           5           6  -7.8258331470459840E-005
           5           7  -1.9478443639155262E-004
           5           8 -0.17431185197676088     
           5           9   1.7753767220710234E-004
           5          10   4.4189001495279894E-004
           5          11 -0.13266447780679655     
           5          12   1.7107422173723552E-004
           5          13   4.2580253121157660E-004
           5          14   2.0712129963166913E-013
           5          15  -1.0414120111217051E-013
           5          16   1.6240859374128914E-013
           5          17   1.3099461537307710E-013
           5          18  -1.4669100066023531E-013
           5          19   1.9615907535856481E-013
           6           1  -1.0130120386857448E-014
           6           2   2.0472988438606004E-013
           6           3   1.1127317016392494E-012
           6           4   5.6442840865949820E-013
           6           5  -7.8258331470459840E-005
           6           6   2.0801237664601606     
           6           7   2.2611940264608658E-002
           6           8   1.7753767220934945E-004
           6           9 -0.19492013402560979     
           6          10  -5.1297675257656834E-002
           6          11   1.7107422182737763E-004
           6          12 -0.15252249307397064     
           6          13  -4.9430127944366770E-002
           6          14  -5.1954091451344581E-013
           6          15   3.3372167574184532E-013
           6          16  -4.1971548470589559E-013
           6          17  -2.8941504124514081E-013
           6          18   2.0420278136013858E-013
           6          19  -5.2902819075361082E-013
           7           1  -3.4344641073370482E-014
           7           2   1.2834283885427289E-013
           7           3  -3.4041712202361870E-013
           7           4  -3.0047283295360619E-013
           7           5  -1.9478443639155262E-004
           7           6   2.2611940264608658E-002
           7           7   2.1273199518639934     
           7           8   4.4189001516759435E-004
           7           9  -5.1297675258334723E-002
           7          10 -0.30198987465066229     
           7          11   4.2580253092725173E-004
           7          12  -4.9430127943538515E-002
           7          13 -0.25569424406141472     
           7          14   1.7524516706671353E-013
           7          15  -1.0995322385613502E-013
           7          16   1.5293159765317453E-013
           7          17   1.4082734075703502E-013
           7          18  -3.7737943706175033E-014
           7          19   1.9052462801914262E-013
           8           1   1.1407791529260063E-014
           8           2  -5.8892079466345764E-014
           8           3   1.4781575315226125E-014
           8           4   8.8026144110905669E-014
           8           5 -0.17431185197676088     
           8           6   1.7753767220934945E-004
           8           7   4.4189001516759435E-004
           8           8  0.42575173923171133     
           8           9  -3.9427485447183049E-004
           8          10  -9.8134733268203842E-004
           8          11  0.32846973463058227     
           8          12  -4.0158828891361447E-004
           8          13  -9.9955041948544257E-004
           8          14  -1.8660008582634737E-014
           8          15  -1.3216180445786329E-014
           8          16   9.9404529242397790E-015
           8          17   2.5938283060025525E-014
           8          18   9.2429948865104318E-015
           8          19  -9.0645228667041623E-015
           9           1  -2.3211648321328710E-014
           9           2   5.7238019605202680E-015
           9           3  -1.2582750276051501E-013
           9           4   8.5438018577576935E-014
           9           5   1.7753767220710234E-004
           9           6 -0.19492013402560979     
           9           7  -5.1297675258334723E-002
           9           8  -3.9427485447183049E-004
           9           9  0.47151851816257218     
           9          10  0.11392164361761248     
           9          11  -4.0158828838348753E-004
           9          12  0.37508544502839880     
           9          13  0.11603478485948930     
           9          14   6.2038113676912782E-014
           9          15   2.7585925778929633E-014
           9          16  -7.2219384450965808E-014
           9          17   6.9830486385205016E-015
           9          18   1.4686228583506609E-014
           9          19  -2.1869136862000548E-014
          10           1  -3.8935027421291080E-014
          10           2   5.2509249476773847E-014
          10           3  -1.8216789539323050E-013
          10           4   8.9256355784449162E-014
          10           5   4.4189001495279894E-004
          10           6  -5.1297675257656834E-002
          10           7 -0.30198987465066229     
          10           8  -9.8134733268203842E-004
          10           9  0.11392164361761248     
          10          10  0.70929851057895565     
          10          11  -9.9955041834668204E-004
          10          12  0.11603478485564968     
          10          13  0.61727603662248498     
          10          14  -1.1499187681986165E-014
          10          15  -1.0539867495101748E-014
          10          16   9.8957750984263465E-015
          10          17  -6.5163160091134482E-015
          10          18  -4.3841951582470622E-014
          10          19  -3.3492993400373568E-015
          11           1  -1.2051465977802050E-014
          11           2   4.7956193593251019E-014
          11           3   1.8537526306329020E-016
          11           4   5.1191001470419717E-014
          11           5 -0.13266447780679655     
          11           6   1.7107422182737763E-004
          11           7   4.2580253092725173E-004
          11           8  0.32846973463058227     
          11           9  -4.0158828838348753E-004
          11          10  -9.9955041834668204E-004
          11          11  0.25342159683404458     
          11          12  -3.9619101379453957E-004
          11          13  -9.8611663994786856E-004
          11          14  -1.2717445344166748E-014
          11          15  -1.0465793999664327E-014
          11          16   9.0215776722267372E-015
          11          17   2.0307725556315328E-014
          11          18   6.0284777462296938E-015
          11          19  -7.1746819101016247E-015
          12           1  -9.8027857425601251E-015
          12           2  -2.1126423561723618E-014
          12           3  -5.0443014171280532E-014
          12           4   1.4580321492600283E-013
          12           5   1.7107422173723552E-004
          12           6 -0.15252249307397064     
          12           7  -4.9430127943538515E-002
          12           8  -4.0158828891361447E-004
          12           9  0.37508544502839880     
          12          10  0.11603478485564968     
          12          11  -3.9619101379453957E-004
          12          12  0.29941080042585588     
          12          13  0.11447529811277299     
          12          14   4.5422073884970830E-014
          12          15   2.2191675220321902E-014
          12          16  -5.8206296212564197E-014
          12          17   4.7348072720866726E-015
          12          18   1.3218021780997968E-014
          12          19  -1.5143475387821765E-014
          13           1  -8.3482302344827103E-015
          13           2  -4.9333638705517136E-014
          13           3  -7.3712996965307796E-014
          13           4   2.1416923680741597E-013
          13           5   4.2580253121157660E-004
          13           6  -4.9430127944366770E-002
          13           7 -0.25569424406141472     
          13           8  -9.9955041948544257E-004
          13           9  0.11603478485948930     
          13          10  0.61727603662248498     
          13          11  -9.8611663994786856E-004
          13          12  0.11447529811277299     
          13          13  0.53834639380650140     
          13          14  -1.4901227089730765E-014
          13          15  -8.1510281733028641E-015
          13          16   1.8471044801037971E-015
          13          17  -4.6750204592230831E-015
          13          18  -2.8961893117625583E-014
          13          19   5.4696137210252236E-015
          14           1  -6.2037147502351578E-003
          14           2   8.3647035914678688E-003
          14           3   9.5014778349489203E-003
          14           4   1.0351047899279119E-002
          14           5   2.0712129963166913E-013
          14           6  -5.1954091451344581E-013
          14           7   1.7524516706671353E-013
          14           8  -1.8660008582634737E-014
          14           9   6.2038113676912782E-014
          14          10  -1.1499187681986165E-014
          14          11  -1.2717445344166748E-014
          14          12   4.5422073884970830E-014
          14          13  -1.4901227089730765E-014
          14          14   1.6926459744455026E-003
          14          15   4.0818088761618697E-006
          14          16   1.2823147507332662E-003
          14          17   1.0159593513126460E-005
          14          18  -1.1793964821236486E-003
          14          19  -8.4954939920114892E-004
          15           1  -1.3068346582859753E-006
          15           2   4.9690157370547082E-006
          15           3  -6.5438599391420387E-006
          15           4  -1.1526532145256284E-005
          15           5  -1.0414120111217051E-013
          15           6   3.3372167574184532E-013
          15           7  -1.0995322385613502E-013
          15           8  -1.3216180445786329E-014
          15           9   2.7585925778929633E-014
          15          10  -1.0539867495101748E-014
          15          11  -1.0465793999664327E-014
          15          12   2.2191675220321902E-014
          15          13  -8.1510281733028641E-015
          15          14   4.0818088761618697E-006
          15          15   1.2796004853266462E-008
          15          16   2.7954673337344188E-006
          15          17   3.1849165857998072E-008
          15          18  -3.6972733300357365E-006
          15          19  -3.8876833997233794E-006
          16           1  -6.0723428331523194E-003
          16           2   7.8651842983567012E-003
          16           3   1.0159311183745436E-002
          16           4   1.1509773384784084E-002
          16           5   1.6240859374128914E-013
          16           6  -4.1971548470589559E-013
          16           7   1.5293159765317453E-013
          16           8   9.9404529242397790E-015
          16           9  -7.2219384450965808E-014
          16          10   9.8957750984263465E-015
          16          11   9.0215776722267372E-015
          16          12  -5.8206296212564197E-014
          16          13   1.8471044801037971E-015
          16          14   1.2823147507332662E-003
          16          15   2.7954673337344188E-006
          16          16   1.0012953382268720E-003
          16          17   6.9578984837324425E-006
          16          18  -8.0772139035311177E-004
          16          19  -4.5873299097035997E-004
          17           1  -3.2527022409932612E-006
          17           2   1.2367845077741419E-005
          17           3  -1.6287621227813740E-005
          17           4  -2.8689457210698754E-005
          17           5   1.3099461537307710E-013
          17           6  -2.8941504124514081E-013
          17           7   1.4082734075703502E-013
          17           8   2.5938283060025525E-014
          17           9   6.9830486385205016E-015
          17          10  -6.5163160091134482E-015
          17          11   2.0307725556315328E-014
          17          12   4.7348072720866726E-015
          17          13  -4.6750204592230831E-015
          17          14   1.0159593513126460E-005
          17          15   3.1849165857998072E-008
          17          16   6.9578984837324425E-006
          17          17   7.9272349259177582E-008
          17          18  -9.2024872498076190E-006
          17          19  -9.6764165704356985E-006
          18           1   3.7759636072118860E-004
          18           2  -1.4357457166463364E-003
          18           3   1.8907806477076929E-003
          18           4   3.3304722668269834E-003
          18           5  -1.4669100066023531E-013
          18           6   2.0420278136013858E-013
          18           7  -3.7737943706175033E-014
          18           8   9.2429948865104318E-015
          18           9   1.4686228583506609E-014
          18          10  -4.3841951582470622E-014
          18          11   6.0284777462296938E-015
          18          12   1.3218021780997968E-014
          18          13  -2.8961893117625583E-014
          18          14  -1.1793964821236486E-003
          18          15  -3.6972733300357365E-006
          18          16  -8.0772139035311177E-004
          18          17  -9.2024872498076190E-006
          18          18   1.0682889099955302E-003
          18          19   1.1233059303433679E-003
          19           1  -5.3898037918779272E-003
          19           2   5.2699460837814438E-003
          19           3   1.3577065548855150E-002
          19           4   1.7529898534819385E-002
          19           5   1.9615907535856481E-013
          19           6  -5.2902819075361082E-013
          19           7   1.9052462801914262E-013
          19           8  -9.0645228667041623E-015
          19           9  -2.1869136862000548E-014
          19          10  -3.3492993400373568E-015
          19          11  -7.1746819101016247E-015
          19          12  -1.5143475387821765E-014
          19          13   5.4696137210252236E-015
          19          14  -8.4954939920114892E-004
          19          15  -3.8876833997233794E-006
          19          16  -4.5873299097035997E-004
          19          17  -9.6764165704356985E-006
          19          18   1.1233059303433679E-003
          19          19   1.5717424924123094E-003
