           1           1   2.2102869200121189     
           1           2 -0.64950516159668514     
           1           3  0.43989411563704456     
           1           4  0.13022106854199919     
           1           5   1.3881574514528082E-012
           1           6  -3.4304470061423355E-012
           1           7   4.0342203254553849E-013
           1           8  -1.2259076741248795E-013
           1           9   2.6606758003763844E-013
           1          10  -1.4322985332971238E-014
           1          11   5.7310524937839260E-014
           1          12  -1.5013691942845854E-013
           1          13   1.1495424220932136E-014
           1          14 -0.14452241558174672     
           1          15  -3.0587950614892353E-015
           1          16 -0.14452241558175111     
           1          17   5.6477287765373213E-015
           1          18  -5.3291859869962110E-015
           1          19 -0.14452241558172452     
           2           1 -0.64950516159668514     
           2           2   2.1843269874365983     
           2           3 -0.68066523838041071     
           2           4 -0.23319105473780014     
           2           5  -3.9861989283342660E-012
           2           6   8.7652337935123699E-012
           2           7  -1.2035282587338059E-012
           2           8   4.1613430339770094E-013
           2           9  -6.8126264075214254E-013
           2          10   4.3390333400587539E-014
           2          11  -1.7499622297708301E-013
           2          12   4.0941397265405262E-013
           2          13  -2.6872397739270055E-014
           2          14  0.28544888042823369     
           2          15   1.9435816752514246E-014
           2          16  0.28544888042822636     
           2          17   8.4295494209000011E-016
           2          18   8.2283755452612122E-015
           2          19  0.28544888042812699     
           3           1  0.43989411563704456     
           3           2 -0.68066523838041071     
           3           3   3.5073569819086430     
           3           4  0.92837423633408966     
           3           5   1.2075358143805174E-011
           3           6  -4.0927638489130528E-011
           3           7   2.9884206922161225E-012
           3           8  -8.4469548340434197E-013
           3           9   3.0982820613543290E-012
           3          10  -1.7274787193820513E-013
           3          11   4.1673186032597295E-013
           3          12  -1.5139868175766866E-012
           3          13   9.9348085303925197E-014
           3          14 -0.84058972349810179     
           3          15   5.9997694287251943E-014
           3          16 -0.84058972349811856     
           3          17   4.7369060231214920E-014
           3          18  -5.8180716863585541E-014
           3          19 -0.84058972349815264     
           4           1  0.13022106854199919     
           4           2 -0.23319105473780014     
           4           3  0.92837423633408966     
           4           4  0.28027002011292523     
           4           5   6.9242567117459505E-012
           4           6  -2.3650814629231793E-011
           4           7   1.6848164713785512E-012
           4           8  -6.1239239363342140E-013
           4           9   1.7275726930069788E-012
           4          10  -1.4240364452193365E-013
           4          11   2.0577212078835544E-013
           4          12  -8.7472123732127309E-013
           4          13   4.5198629395743508E-014
           4          14 -0.20647753229366048     
           4          15   2.6689854358273132E-014
           4          16 -0.20647753229366689     
           4          17   2.0714263745805931E-014
           4          18  -2.4161269544491184E-014
           4          19 -0.20647753229369140     
           5           1   1.3881574514528082E-012
           5           2  -3.9861989283342660E-012
           5           3   1.2075358143805174E-011
           5           4   6.9242567117459505E-012
           5           5   2.2580177783647875     
           5           6   3.4525712175931735E-002
           5           7   1.6402874884915021E-002
           5           8 -0.72303913630904071     
           5           9 -0.11090917520319218     
           5          10  -5.2692014438077361E-002
           5          11   8.9828124853455316E-002
           5          12  -2.4913094616149805E-002
           5          13  -1.1836001289084283E-002
           5          14  -3.0069679687726242E-012
           5          15   3.2197821383186203E-012
           5          16  -5.6066502571945632E-012
           5          17  -1.7167661923881826E-012
           5          18   1.6843433760983264E-012
           5          19  -8.9321169352074701E-012
           6           1  -3.4304470061423355E-012
           6           2   8.7652337935123699E-012
           6           3  -4.0927638489130528E-011
           6           4  -2.3650814629231793E-011
           6           5   3.4525712175931735E-002
           6           6   2.2248276776584266     
           6           7   1.0315128626911672E-002
           6           8 -0.11090917519114656     
           6           9 -0.61642043210758024     
           6          10  -3.3135953927265122E-002
           6          11  -2.4913094619326753E-002
           6          12  0.11377746773545871     
           6          13  -7.4431998570560678E-003
           6          14   9.7048928239713434E-012
           6          15  -1.1466439448619489E-011
           6          16   1.8975746191061886E-011
           6          17   6.0217339158066968E-012
           6          18  -6.0039105012684620E-012
           6          19   3.0662405930248648E-011
           7           1   4.0342203254553849E-013
           7           2  -1.2035282587338059E-012
           7           3   2.9884206922161225E-012
           7           4   1.6848164713785512E-012
           7           5   1.6402874884915021E-002
           7           6   1.0315128626911672E-002
           7           7   2.2080164337711601     
           7           8  -5.2692014433537770E-002
           7           9  -3.3135953946384522E-002
           7          10 -0.56241658753414847     
           7          11  -1.1836001291755006E-002
           7          12  -7.4431998468079078E-003
           7          13  0.12590814030295358     
           7          14  -7.4508548343883504E-013
           7          15   8.0291852710213002E-013
           7          16  -1.3793998480497592E-012
           7          17  -4.1720239564615555E-013
           7          18   4.2266935751399654E-013
           7          19  -2.1797287132831996E-012
           8           1  -1.2259076741248795E-013
           8           2   4.1613430339770094E-013
           8           3  -8.4469548340434197E-013
           8           4  -6.1239239363342140E-013
           8           5 -0.72303913630904071     
           8           6 -0.11090917519114656     
           8           7  -5.2692014433537770E-002
           8           8   1.8696152613436567     
           8           9  0.35628070699861469     
           8          10  0.16926596128482235     
           8          11  -1.2936271219557066E-002
           8          12   8.0029942939707457E-002
           8          13   3.8021551425437949E-002
           8          14   2.8311876135791914E-013
           8          15  -2.1227109515962894E-013
           8          16   3.8924320708694088E-013
           8          17   1.8476628325126553E-013
           8          18  -1.1408108917468496E-013
           8          19   6.6507980014152282E-013
           9           1   2.6606758003763844E-013
           9           2  -6.8126264075214254E-013
           9           3   3.0982820613543290E-012
           9           4   1.7275726930069788E-012
           9           5 -0.11090917520319218     
           9           6 -0.61642043210758024     
           9           7  -3.3135953946384522E-002
           9           8  0.35628070699861469     
           9           9   1.5271171114995814     
           9          10  0.10644476507494953     
           9          11   8.0029942939537496E-002
           9          12  -8.9870292203888688E-002
           9          13   2.3910271615030929E-002
           9          14  -7.3117176290189821E-013
           9          15   9.3951337648405050E-013
           9          16  -1.5307725320477513E-012
           9          17  -4.4940943169023414E-013
           9          18   4.8975624417377242E-013
           9          19  -2.4531905132279984E-012
          10           1  -1.4322985332971238E-014
          10           2   4.3390333400587539E-014
          10           3  -1.7274787193820513E-013
          10           4  -1.4240364452193365E-013
          10           5  -5.2692014438077361E-002
          10           6  -3.3135953927265122E-002
          10           7 -0.56241658753414847     
          10           8  0.16926596128482235     
          10           9  0.10644476507494953     
          10          10   1.3536370734756611     
          10          11   3.8021551425492746E-002
          10          12   2.3910271614880789E-002
          10          13 -0.12883843522042618     
          10          14   5.7133215453288804E-014
          10          15  -5.2097044516771447E-014
          10          16   7.6319384149826276E-014
          10          17   4.7496978080361040E-014
          10          18  -2.8209998702570728E-014
          10          19   1.4252092148536404E-013
          11           1   5.7310524937839260E-014
          11           2  -1.7499622297708301E-013
          11           3   4.1673186032597295E-013
          11           4   2.0577212078835544E-013
          11           5   8.9828124853455316E-002
          11           6  -2.4913094619326753E-002
          11           7  -1.1836001291755006E-002
          11           8  -1.2936271219557066E-002
          11           9   8.0029942939537496E-002
          11          10   3.8021551425492746E-002
          11          11   4.6345166054761452E-002
          11          12   1.7976813341140402E-002
          11          13   8.5406325162394811E-003
          11          14  -1.0141758287180875E-013
          11          15   1.2185988321073698E-013
          11          16  -2.1592166977741043E-013
          11          17  -4.7905467560589200E-014
          11          18   6.2885658362899439E-014
          11          19  -3.2915319689261555E-013
          12           1  -1.5013691942845854E-013
          12           2   4.0941397265405262E-013
          12           3  -1.5139868175766866E-012
          12           4  -8.7472123732127309E-013
          12           5  -2.4913094616149805E-002
          12           6  0.11377746773545871     
          12           7  -7.4431998468079078E-003
          12           8   8.0029942939707457E-002
          12           9  -8.9870292203888688E-002
          12          10   2.3910271614880789E-002
          12          11   1.7976813341140402E-002
          12          12   2.9063777564233451E-002
          12          13   5.3708708757295096E-003
          12          14   3.6750319448321546E-013
          12          15  -3.9216635464176202E-013
          12          16   6.7443574336982909E-013
          12          17   2.1673969185276925E-013
          12          18  -2.0585674767386435E-013
          12          19   1.0821627458906359E-012
          13           1   1.1495424220932136E-014
          13           2  -2.6872397739270055E-014
          13           3   9.9348085303925197E-014
          13           4   4.5198629395743508E-014
          13           5  -1.1836001289084283E-002
          13           6  -7.4431998570560678E-003
          13           7  0.12590814030295358     
          13           8   3.8021551425437949E-002
          13           9   2.3910271615030929E-002
          13          10 -0.12883843522042618     
          13          11   8.5406325162394811E-003
          13          12   5.3708708757295096E-003
          13          13   2.0310515877707148E-002
          13          14  -2.2134345906199506E-014
          13          15   3.1302046836189714E-014
          13          16  -5.1344284703921990E-014
          13          17  -1.1042586467430515E-014
          13          18   1.6235105329835937E-014
          13          19  -7.8276404975196464E-014
          14           1 -0.14452241558174672     
          14           2  0.28544888042823369     
          14           3 -0.84058972349810179     
          14           4 -0.20647753229366048     
          14           5  -3.0069679687726242E-012
          14           6   9.7048928239713434E-012
          14           7  -7.4508548343883504E-013
          14           8   2.8311876135791914E-013
          14           9  -7.3117176290189821E-013
          14          10   5.7133215453288804E-014
          14          11  -1.0141758287180875E-013
          14          12   3.6750319448321546E-013
          14          13  -2.2134345906199506E-014
          14          14  0.22074504601572795     
          14          15  -5.1902740240882597E-015
          14          16  0.22074504601572989     
          14          17  -5.7161891326594754E-015
          14          18   8.4371567095782898E-015
          14          19  0.22074504601571882     
          15           1  -3.0587950614892353E-015
          15           2   1.9435816752514246E-014
          15           3   5.9997694287251943E-014
          15           4   2.6689854358273132E-014
          15           5   3.2197821383186203E-012
          15           6  -1.1466439448619489E-011
          15           7   8.0291852710213002E-013
          15           8  -2.1227109515962894E-013
          15           9   9.3951337648405050E-013
          15          10  -5.2097044516771447E-014
          15          11   1.2185988321073698E-013
          15          12  -3.9216635464176202E-013
          15          13   3.1302046836189714E-014
          15          14  -5.1902740240882597E-015
          15          15   1.3600404090706615E-022
          15          16  -5.1902741339493878E-015
          15          17  -7.1565548187850657E-023
          15          18   7.1200921586196825E-023
          15          19  -5.1902742727485585E-015
          16           1 -0.14452241558175111     
          16           2  0.28544888042822636     
          16           3 -0.84058972349811856     
          16           4 -0.20647753229366689     
          16           5  -5.6066502571945632E-012
          16           6   1.8975746191061886E-011
          16           7  -1.3793998480497592E-012
          16           8   3.8924320708694088E-013
          16           9  -1.5307725320477513E-012
          16          10   7.6319384149826276E-014
          16          11  -2.1592166977741043E-013
          16          12   6.7443574336982909E-013
          16          13  -5.1344284703921990E-014
          16          14  0.22074504601572989     
          16          15  -5.1902741339493878E-015
          16          16  0.22074504601573181     
          16          17  -5.7161890748547988E-015
          16          18   8.4371566520598048E-015
          16          19  0.22074504601572073     
          17           1   5.6477287765373213E-015
          17           2   8.4295494209000011E-016
          17           3   4.7369060231214920E-014
          17           4   2.0714263745805931E-014
          17           5  -1.7167661923881826E-012
          17           6   6.0217339158066968E-012
          17           7  -4.1720239564615555E-013
          17           8   1.8476628325126553E-013
          17           9  -4.4940943169023414E-013
          17          10   4.7496978080361040E-014
          17          11  -4.7905467560589200E-014
          17          12   2.1673969185276925E-013
          17          13  -1.1042586467430515E-014
          17          14  -5.7161891326594754E-015
          17          15  -7.1565548187850657E-023
          17          16  -5.7161890748547988E-015
          17          17   3.7676108773170462E-023
          17          18  -3.7475566046318914E-023
          17          19  -5.7161890018152097E-015
          18           1  -5.3291859869962110E-015
          18           2   8.2283755452612122E-015
          18           3  -5.8180716863585541E-014
          18           4  -2.4161269544491184E-014
          18           5   1.6843433760983264E-012
          18           6  -6.0039105012684620E-012
          18           7   4.2266935751399654E-013
          18           8  -1.1408108917468496E-013
          18           9   4.8975624417377242E-013
          18          10  -2.8209998702570728E-014
          18          11   6.2885658362899439E-014
          18          12  -2.0585674767386435E-013
          18          13   1.6235105329835937E-014
          18          14   8.4371567095782898E-015
          18          15   7.1200921586196825E-023
          18          16   8.4371566520598048E-015
          18          17  -3.7475566046318914E-023
          18          18   3.7284682892658121E-023
          18          19   8.4371565793992373E-015
          19           1 -0.14452241558172452     
          19           2  0.28544888042812699     
          19           3 -0.84058972349815264     
          19           4 -0.20647753229369140     
          19           5  -8.9321169352074701E-012
          19           6   3.0662405930248648E-011
          19           7  -2.1797287132831996E-012
          19           8   6.6507980014152282E-013
          19           9  -2.4531905132279984E-012
          19          10   1.4252092148536404E-013
          19          11  -3.2915319689261555E-013
          19          12   1.0821627458906359E-012
          19          13  -7.8276404975196464E-014
          19          14  0.22074504601571882     
          19          15  -5.1902742727485585E-015
          19          16  0.22074504601572073     
          19          17  -5.7161890018152097E-015
          19          18   8.4371565793992373E-015
          19          19  0.22074504601570966     
