           1           1   1.9999775860249476     
           1           2  -3.0460622115928747E-003
           1           3   1.5713081898241937E-003
           1           4  -2.1781404200446619E-005
           1           5   1.0894335422801432E-003
           1           6   7.1149532352054347E-014
           1           7  -6.4856825098674633E-014
           1           8  -5.2916094027167725E-014
           1           9   1.6420669918606114E-012
           1          10  -1.6808032653234071E-012
           1          11  -1.0880303884163578E-012
           1          12  -3.6417034099605802E-012
           1          13   3.6668725190516258E-012
           1          14   2.7754286166153250E-012
           1          15  -6.3756403596388722E-005
           1          16   1.7337620246438171E-005
           1          17  -6.5123930873067017E-005
           1          18   2.6608442250443166E-006
           1          19  -1.4890886551570855E-006
           1          20  -7.5150925539767315E-005
           1          21  -9.0233673632528644E-004
           1          22   2.0102674374030626E-005
           1          23  -9.0351662092092930E-004
           1          24   8.1130046215234331E-006
           1          25  -7.5749611747579754E-006
           1          26  -9.0435705584270812E-004
           1          27   4.8671752132117196E-014
           1          28  -2.5967672551168972E-014
           1          29   2.0388153748124538E-014
           1          30  -4.9399725108584825E-014
           1          31  -3.0950150464528779E-014
           1          32   8.5605167983308826E-015
           1          33  -3.2371402078749541E-014
           1          34   1.7146107774942709E-014
           1          35  -1.8787927056453432E-014
           1          36  -7.8531082191991120E-015
           2           1  -3.0460622115928747E-003
           2           2   1.9181322288956948     
           2           3  -9.4978987860447228E-002
           2           4  -5.0530460733559490E-002
           2           5   1.2829635810901286E-002
           2           6   4.7349003069466742E-014
           2           7  -2.8529131799560729E-014
           2           8  -7.6881168131373955E-014
           2           9   1.0226384356462137E-011
           2          10  -1.0743019084977400E-011
           2          11  -5.3528005938976696E-012
           2          12  -3.5453342528943468E-012
           2          13   3.5309205944650902E-012
           2          14   2.9224061613282474E-012
           2          15   4.7676166415788396E-002
           2          16  -1.3391426092749408E-003
           2          17   4.7777056572674906E-002
           2          18  -2.6353222509736064E-004
           2          19   1.8196042276220231E-004
           2          20   4.8437012518468214E-002
           2          21   1.2897973072928670E-002
           2          22  -4.0630378440847969E-004
           2          23   1.2927139432985277E-002
           2          24  -9.7861804831814492E-005
           2          25   7.6041355227006690E-005
           2          26   1.3088839230176903E-002
           2          27  -4.1770060544722664E-014
           2          28  -2.5743818611206305E-014
           2          29   7.3841834767337626E-015
           2          30   5.8344313490161646E-014
           2          31  -1.9872006786306402E-013
           2          32   1.6094047335885896E-013
           2          33  -2.1721458809210018E-013
           2          34  -6.7206978417368786E-014
           2          35   5.6803300131021978E-014
           2          36   3.8477020602358768E-013
           3           1   1.5713081898241937E-003
           3           2  -9.4978987860447228E-002
           3           3   2.2538766719493060     
           3           4   7.6777077986331779E-002
           3           5   9.0020716296986714E-002
           3           6   2.0242833801123803E-012
           3           7  -2.0274943606664722E-012
           3           8  -1.5243098233212607E-012
           3           9   5.5911661313890188E-011
           3          10  -5.8036287061493068E-011
           3          11  -3.4043890830330467E-011
           3          12  -8.6289149377459548E-011
           3          13   8.6868350313434241E-011
           3          14   6.6278076594055632E-011
           3          15  -5.9236977264582755E-002
           3          16  -1.5135359876928770E-002
           3          17  -5.8235656804164204E-002
           3          18  -4.7016839557897502E-003
           3          19   4.0621104386141180E-003
           3          20  -5.4494499627928329E-002
           3          21  -4.9144707870973532E-002
           3          22   2.3677776563885162E-003
           3          23  -4.9283032055242135E-002
           3          24   9.6294322177176129E-004
           3          25  -9.0030527182482860E-004
           3          26  -4.9374846785354455E-002
           3          27  -2.3811636237043326E-012
           3          28   1.2829588322534738E-012
           3          29  -1.2730309453315477E-012
           3          30   2.4273021010803253E-012
           3          31   4.1289735974751620E-013
           3          32  -1.8986146457575628E-013
           3          33   3.8136853665850931E-013
           3          34  -1.1060170212324335E-012
           3          35   1.1439955965575601E-012
           3          36   1.4991176247375366E-012
           4           1  -2.1781404200446619E-005
           4           2  -5.0530460733559490E-002
           4           3   7.6777077986331779E-002
           4           4  0.30509184191528987     
           4           5  0.59010337639574872     
           4           6   3.1215179777705084E-012
           4           7  -3.0936419803796164E-012
           4           8  -2.5221362199652483E-012
           4           9   5.1682526253576553E-011
           4          10  -5.2000317109495006E-011
           4          11  -3.8016009414700904E-011
           4          12  -1.5526203937948894E-010
           4          13   1.5515877179962139E-010
           4          14   1.2247224667561673E-010
           4          15  -3.4808208407572372E-002
           4          16  -2.3181515734962514E-003
           4          17  -3.4750276153926229E-002
           4          18  -1.9028283549898241E-003
           4          19   1.9977206987290387E-003
           4          20  -3.6710857956504868E-002
           4          21   8.1500678736096750E-004
           4          22  -1.3927132327376746E-002
           4          23   1.6989467615600869E-003
           4          24  -4.7904878864892444E-003
           4          25   4.2777376943793225E-003
           4          26   4.1455345300634690E-003
           4          27   6.2925863402301184E-013
           4          28  -5.9845890798535003E-013
           4          29   4.2483735885883710E-013
           4          30  -5.8186605200818366E-013
           4          31  -1.6862644564170926E-012
           4          32   1.5206293194646477E-012
           4          33  -1.8524070472703651E-012
           4          34  -2.0638224370331201E-013
           4          35   5.7970782717267199E-014
           4          36   2.7086176745838172E-012
           5           1   1.0894335422801432E-003
           5           2   1.2829635810901286E-002
           5           3   9.0020716296986714E-002
           5           4  0.59010337639574872     
           5           5   1.1689782249685947     
           5           6  -7.9228957640226853E-012
           5           7   8.0479078040677977E-012
           5           8   5.7521244268958984E-012
           5           9  -1.1736515795831986E-010
           5          10   1.1914455038166079E-010
           5          11   8.6459376432403062E-011
           5          12   4.0255982756421425E-010
           5          13  -4.0720898200286843E-010
           5          14  -2.9825763374758245E-010
           5          15  -6.9440666391008932E-002
           5          16  -1.4941566137835434E-002
           5          17  -6.8419598489084715E-002
           5          18  -4.2383252870697875E-003
           5          19   3.5406937027926966E-003
           5          20  -6.3852554193156844E-002
           5          21   2.1116488243417223E-003
           5          22  -3.2146641226975643E-002
           5          23   4.1682829605365753E-003
           5          24  -1.0856579933190467E-002
           5          25   9.6413024786021224E-003
           5          26   1.0227229321623517E-002
           5          27  -7.7443672861447067E-012
           5          28   2.4980108506181817E-012
           5          29  -2.7111052280034349E-012
           5          30   7.7987037576657909E-012
           5          31   2.9836420100613673E-013
           5          32   2.8477396579442765E-012
           5          33   4.3140322299489501E-014
           5          34  -4.0455136128824138E-012
           5          35   3.8356958080588022E-012
           5          36   1.0709122604733394E-011
           6           1   7.1149532352054347E-014
           6           2   4.7349003069466742E-014
           6           3   2.0242833801123803E-012
           6           4   3.1215179777705084E-012
           6           5  -7.9228957640226853E-012
           6           6   1.9970831417869117     
           6           7  -5.0829743636862941E-005
           6           8  -1.7442373399154241E-005
           6           9  -1.9454629251394205E-002
           6          10  -4.4995360834776128E-004
           6          11  -1.5335249464168822E-004
           6          12   6.9307883155247333E-004
           6          13   1.8739924342377438E-005
           6          14   6.4787809751783765E-006
           6          15  -2.2967982106119431E-013
           6          16  -8.1094217017881962E-013
           6          17  -1.0631460777133642E-013
           6          18   1.6628500749751512E-012
           6          19  -1.9950713827256515E-012
           6          20   4.1396288425603783E-012
           6          21   3.2146599861769305E-013
           6          22   1.8749396462408962E-012
           6          23   1.8655971610099249E-013
           6          24   1.1962424983567175E-012
           6          25  -1.2779789559677561E-012
           6          26   1.2053051818423979E-012
           6          27   1.2202908168708431E-002
           6          28   2.9135314203486174E-004
           6          29   6.0451240234845388E-003
           6          30   3.4563727519180585E-004
           6          31  -1.3931604103607399E-004
           6          32  -1.0884978822734691E-005
           6          33   1.4551247729390388E-004
           6          34   5.2515818500446674E-003
           6          35  -2.9258582871183650E-004
           6          36   1.1399908129684605E-004
           7           1  -6.4856825098674633E-014
           7           2  -2.8529131799560729E-014
           7           3  -2.0274943606664722E-012
           7           4  -3.0936419803796164E-012
           7           5   8.0479078040677977E-012
           7           6  -5.0829743636862941E-005
           7           7   1.9970868710005991     
           7           8   1.5565844577529764E-005
           7           9  -4.4995373950218085E-004
           7          10  -1.9421519727228616E-002
           7          11   1.3657014924272877E-004
           7          12   1.8739796654332554E-005
           7          13   6.9170856472369258E-004
           7          14  -5.7950992678068131E-006
           7          15   3.6565088261317716E-013
           7          16   9.4556488953933247E-013
           7          17   5.6617856828107149E-014
           7          18  -1.6894952578878090E-012
           7          19   2.0528828084023290E-012
           7          20  -4.2861751674620778E-012
           7          21  -2.5471812451785496E-013
           7          22  -1.8654729324990367E-012
           7          23  -2.4169129243085351E-013
           7          24  -1.2527727702921843E-012
           7          25   1.2437884908474711E-012
           7          26  -1.2490326247821163E-012
           7          27   4.2513092062674380E-004
           7          28   6.0347295889368628E-003
           7          29   1.8471434560647898E-004
           7          30   1.2139517732213560E-002
           7          31  -5.0232374919744816E-005
           7          32   1.1462997946765552E-004
           7          33   1.6141248310017414E-004
           7          34  -2.9259904029838653E-004
           7          35   5.3131331123449730E-003
           7          36  -1.8881361959359293E-004
           8           1  -5.2916094027167725E-014
           8           2  -7.6881168131373955E-014
           8           3  -1.5243098233212607E-012
           8           4  -2.5221362199652483E-012
           8           5   5.7521244268958984E-012
           8           6  -1.7442373399154241E-005
           8           7   1.5565844577529764E-005
           8           8   1.9970972492140504     
           8           9  -1.5335076126545791E-004
           8          10   1.3656828850925606E-004
           8          11  -1.9327056030513386E-002
           8          12   6.4804892668796199E-006
           8          13  -5.7969320116533552E-006
           8          14   6.8800892713124628E-004
           8          15   5.6407213320961213E-013
           8          16   1.1600036145428857E-012
           8          17   3.3590193732980408E-013
           8          18  -1.2770520563270004E-012
           8          19   1.5961207604443927E-012
           8          20  -3.7201012971523175E-012
           8          21  -1.8409955954907511E-013
           8          22  -1.2882882416023689E-012
           8          23  -1.3360102254788918E-013
           8          24  -9.8857203806456315E-013
           8          25   1.0147899863400322E-012
           8          26  -9.4748340099871180E-013
           8          27  -3.5019790670959462E-005
           8          28  -5.0090418448714504E-005
           8          29   1.4534692638091756E-004
           8          30   5.9596187195737701E-005
           8          31   5.2084537528642241E-003
           8          32  -4.9873410486359852E-004
           8          33   5.2803874673136098E-003
           8          34   6.0780525613142445E-005
           8          35  -1.7200750982023774E-004
           8          36   1.2710223851850382E-002
           9           1   1.6420669918606114E-012
           9           2   1.0226384356462137E-011
           9           3   5.5911661313890188E-011
           9           4   5.1682526253576553E-011
           9           5  -1.1736515795831986E-010
           9           6  -1.9454629251394205E-002
           9           7  -4.4995373950218085E-004
           9           8  -1.5335076126545791E-004
           9           9   1.9259279054034768     
           9          10  -4.1438297249141737E-003
           9          11  -1.3874371092534293E-003
           9          12   1.8155157004851579E-002
           9          13   3.1732996190192526E-003
           9          14   1.0767444985768293E-003
           9          15  -2.8016804819453751E-011
           9          16   3.7323343681284594E-013
           9          17  -1.2380013639961653E-011
           9          18   3.4855468453958883E-011
           9          19  -3.5461195349117702E-011
           9          20   5.8423210370835352E-011
           9          21   4.7575518209865087E-012
           9          22   2.8376636968045535E-011
           9          23   2.5638351100141063E-012
           9          24   1.6224541393576633E-011
           9          25  -1.7497846558020269E-011
           9          26   1.6732308371372120E-011
           9          27   1.9759570026228267E-002
           9          28  -2.8024036921706673E-003
           9          29   1.8742779552187058E-002
           9          30   6.5527091548032200E-003
           9          31  -4.8995562321493009E-003
           9          32   1.2421175179885605E-003
           9          33   2.5208710311268021E-003
           9          34   6.5485451752812984E-003
           9          35  -4.3873732391594231E-003
           9          36   2.1727586097374410E-003
          10           1  -1.6808032653234071E-012
          10           2  -1.0743019084977400E-011
          10           3  -5.8036287061493068E-011
          10           4  -5.2000317109495006E-011
          10           5   1.1914455038166079E-010
          10           6  -4.4995360834776128E-004
          10           7  -1.9421519727228616E-002
          10           8   1.3656828850925606E-004
          10           9  -4.1438297249141737E-003
          10          10   1.9262351408516074     
          10          11   1.2288267249138864E-003
          10          12   3.1732944173982367E-003
          10          13   1.7921213710618906E-002
          10          14  -9.5761500673118775E-004
          10          15   1.7197382278353343E-011
          10          16   2.1130554738183274E-012
          10          17   2.6514179600930594E-011
          10          18  -3.0426543674260915E-011
          10          19   4.1259561608319311E-011
          10          20  -6.0277881773252090E-011
          10          21  -3.6497520797352421E-012
          10          22  -2.8444188264806656E-011
          10          23  -3.0653932960147541E-012
          10          24  -1.7329698501978410E-011
          10          25   1.6525727097584438E-011
          10          26  -1.7243388942668359E-011
          10          27   7.8533152339107827E-003
          10          28   1.8251778379137461E-002
          10          29  -4.5471463813631999E-003
          10          30   1.9307920659205488E-002
          10          31  -9.4659688394173411E-004
          10          32   2.8785431187263941E-004
          10          33   4.9848906828715463E-003
          10          34  -4.3875793842256903E-003
          10          35   7.5267621534142815E-003
          10          36  -3.3640849332695899E-003
          11           1  -1.0880303884163578E-012
          11           2  -5.3528005938976696E-012
          11           3  -3.4043890830330467E-011
          11           4  -3.8016009414700904E-011
          11           5   8.6459376432403062E-011
          11           6  -1.5335249464168822E-004
          11           7   1.3657014924272877E-004
          11           8  -1.9327056030513386E-002
          11           9  -1.3874371092534293E-003
          11          10   1.2288267249138864E-003
          11          11   1.9271665999095917     
          11          12   1.0768131244849280E-003
          11          13  -9.5768868232433933E-004
          11          14   1.7243380567547047E-002
          11          15   1.3924190053706877E-011
          11          16   1.5169030586176530E-011
          11          17   1.0664309116956558E-011
          11          18  -3.1159076257328006E-011
          11          19   3.6748674669027640E-011
          11          20  -4.7080625727927934E-011
          11          21  -5.4541984207558872E-012
          11          22  -1.8217511825277484E-011
          11          23  -5.1073290310158657E-012
          11          24  -1.5265506841576896E-011
          11          25   1.5760617003350353E-011
          11          26  -1.0783858926024568E-011
          11          27  -2.6735425723898470E-004
          11          28  -9.4439036219028105E-004
          11          29   2.5182986701636463E-003
          11          30   7.0265225592447173E-004
          11          31   4.6501922206826155E-003
          11          32  -1.2764017281372929E-002
          11          33   6.1192259085426672E-003
          11          34  -1.6231931230031775E-003
          11          35  -4.7345472689594784E-004
          11          36   3.0227056144520845E-002
          12           1  -3.6417034099605802E-012
          12           2  -3.5453342528943468E-012
          12           3  -8.6289149377459548E-011
          12           4  -1.5526203937948894E-010
          12           5   4.0255982756421425E-010
          12           6   6.9307883155247333E-004
          12           7   1.8739796654332554E-005
          12           8   6.4804892668796199E-006
          12           9   1.8155157004851579E-002
          12          10   3.1732944173982367E-003
          12          11   1.0768131244849280E-003
          12          12   1.7912162339869152E-004
          12          13   6.0156803425200573E-005
          12          14   1.8412118790809155E-005
          12          15   8.6665073208179300E-012
          12          16   2.3211006017479479E-011
          12          17   2.9918555879307685E-013
          12          18  -8.0324896081110147E-011
          12          19   9.5783702220112072E-011
          12          20  -1.9513067982131669E-010
          12          21  -1.5104600120868504E-011
          12          22  -9.6829827270176692E-011
          12          23  -1.1154946103745387E-011
          12          24  -6.1104930842956126E-011
          12          25   6.2140848826314118E-011
          12          26  -5.4767288833681031E-011
          12          27   2.0347025942537867E-004
          12          28   2.0118317207163490E-005
          12          29   1.8835410843686700E-004
          12          30   9.2952016359269070E-005
          12          31  -4.8075987322946940E-005
          12          32   5.5140753625471685E-006
          12          33   3.6403448545741508E-005
          12          34   4.5183712095437864E-005
          12          35  -4.0826759115673409E-005
          12          36   3.4076132481994420E-005
          13           1   3.6668725190516258E-012
          13           2   3.5309205944650902E-012
          13           3   8.6868350313434241E-011
          13           4   1.5515877179962139E-010
          13           5  -4.0720898200286843E-010
          13           6   1.8739924342377438E-005
          13           7   6.9170856472369258E-004
          13           8  -5.7969320116533552E-006
          13           9   3.1732996190192526E-003
          13          10   1.7921213710618906E-002
          13          11  -9.5768868232433933E-004
          13          12   6.0156803425200573E-005
          13          13   1.7450037167390757E-004
          13          14  -1.5826174122973077E-005
          13          15  -1.1821930150686956E-011
          13          16  -2.9578236510844832E-011
          13          17  -2.3189574093862484E-012
          13          18   8.1847211835877143E-011
          13          19  -9.7953738487117778E-011
          13          20   2.0182774097769078E-010
          13          21   1.4623607399589555E-011
          13          22   9.6407689648533753E-011
          13          23   1.0842962524307422E-011
          13          24   6.1690506183061212E-011
          13          25  -6.2839473406424763E-011
          13          26   5.6038794412565109E-011
          13          27   1.0678237237778829E-004
          13          28   1.8419820128500467E-004
          13          29   1.4705635750139384E-006
          13          30   1.9225572661578491E-004
          13          31  -1.8102268132227830E-005
          13          32   1.3761995293639317E-005
          13          33   5.1853429198043472E-005
          13          34  -4.0734357955784696E-005
          13          35   5.6602371409355153E-005
          13          36  -4.7470922762539019E-005
          14           1   2.7754286166153250E-012
          14           2   2.9224061613282474E-012
          14           3   6.6278076594055632E-011
          14           4   1.2247224667561673E-010
          14           5  -2.9825763374758245E-010
          14           6   6.4787809751783765E-006
          14           7  -5.7950992678068131E-006
          14           8   6.8800892713124628E-004
          14           9   1.0767444985768293E-003
          14          10  -9.5761500673118775E-004
          14          11   1.7243380567547047E-002
          14          12   1.8412118790809155E-005
          14          13  -1.5826174122973077E-005
          14          14   1.5667056240410688E-004
          14          15  -2.0505771199547743E-011
          14          16  -4.5211381820709547E-011
          14          17  -1.1120592713086830E-011
          14          18   6.5153407305218232E-011
          14          19  -8.0081941500470662E-011
          14          20   1.7175513867819872E-010
          14          21   9.1454486018073379E-012
          14          22   6.8759355499826108E-011
          14          23   6.6764940387989626E-012
          14          24   4.7171634188705918E-011
          14          25  -4.8527773282540618E-011
          14          26   4.6025035226281265E-011
          14          27   1.4288363853421835E-006
          14          28  -1.9106817461570728E-005
          14          29   3.7577118764648523E-005
          14          30   3.7433161273365795E-006
          14          31   3.8089201987861645E-005
          14          32  -1.1972321725369501E-004
          14          33   5.3751787717894535E-005
          14          34  -5.4488774927622591E-006
          14          35  -1.5852953863687631E-005
          14          36   2.8442222059107768E-004
          15           1  -6.3756403596388722E-005
          15           2   4.7676166415788396E-002
          15           3  -5.9236977264582755E-002
          15           4  -3.4808208407572372E-002
          15           5  -6.9440666391008932E-002
          15           6  -2.2967982106119431E-013
          15           7   3.6565088261317716E-013
          15           8   5.6407213320961213E-013
          15           9  -2.8016804819453751E-011
          15          10   1.7197382278353343E-011
          15          11   1.3924190053706877E-011
          15          12   8.6665073208179300E-012
          15          13  -1.1821930150686956E-011
          15          14  -2.0505771199547743E-011
          15          15  0.11691492972003494     
          15          16  0.23078652929251461     
          15          17   9.3209431476676097E-002
          15          18  -3.2924375354747411E-002
          15          19   5.9807949832336310E-002
          15          20 -0.18932019736094866     
          15          21   2.0777536642024187E-002
          15          22   4.2289987541247472E-002
          15          23   1.6493972948874822E-002
          15          24  -5.2850343611351314E-003
          15          25   1.0088850722436345E-002
          15          26  -3.3667307935991729E-002
          15          27  -1.7555641679879130E-012
          15          28  -3.2917119412184497E-012
          15          29   2.4525598032231251E-012
          15          30   1.2363847072573098E-012
          15          31   1.5656986103524704E-012
          15          32   4.0944894666875893E-013
          15          33   1.6991301571090306E-012
          15          34   2.0174443137868111E-012
          15          35  -9.5786742765994867E-013
          15          36  -3.9902104081483535E-012
          16           1   1.7337620246438171E-005
          16           2  -1.3391426092749408E-003
          16           3  -1.5135359876928770E-002
          16           4  -2.3181515734962514E-003
          16           5  -1.4941566137835434E-002
          16           6  -8.1094217017881962E-013
          16           7   9.4556488953933247E-013
          16           8   1.1600036145428857E-012
          16           9   3.7323343681284594E-013
          16          10   2.1130554738183274E-012
          16          11   1.5169030586176530E-011
          16          12   2.3211006017479479E-011
          16          13  -2.9578236510844832E-011
          16          14  -4.5211381820709547E-011
          16          15  0.23078652929251461     
          16          16  0.47795394479234804     
          16          17  0.18162736328468862     
          16          18  -6.8998914961405367E-002
          16          19  0.12480729741144908     
          16          20 -0.40523644092623612     
          16          21   4.0781334506609368E-002
          16          22   8.4731719203582037E-002
          16          23   3.2081409501990663E-002
          16          24  -1.2045069016083506E-002
          16          25   2.1908380153586361E-002
          16          26  -7.1559605773564350E-002
          16          27  -3.6447949576371052E-012
          16          28  -6.0371199128019560E-012
          16          29   6.6815087942344009E-012
          16          30   2.7084105183485386E-012
          16          31   2.2652872681824561E-012
          16          32   1.3264700589513012E-012
          16          33   2.8800293468625199E-012
          16          34   3.5325566814710030E-012
          16          35  -2.9601736021744235E-012
          16          36  -6.7000831462977040E-012
          17           1  -6.5123930873067017E-005
          17           2   4.7777056572674906E-002
          17           3  -5.8235656804164204E-002
          17           4  -3.4750276153926229E-002
          17           5  -6.8419598489084715E-002
          17           6  -1.0631460777133642E-013
          17           7   5.6617856828107149E-014
          17           8   3.3590193732980408E-013
          17           9  -1.2380013639961653E-011
          17          10   2.6514179600930594E-011
          17          11   1.0664309116956558E-011
          17          12   2.9918555879307685E-013
          17          13  -2.3189574093862484E-012
          17          14  -1.1120592713086830E-011
          17          15   9.3209431476676097E-002
          17          16  0.18162736328468862     
          17          17   7.4562125931404141E-002
          17          18  -2.5802696418587619E-002
          17          19   4.6942100877491094E-002
          17          20 -0.14755268649431216     
          17          21   1.6596937388940941E-002
          17          22   3.3606634320070050E-002
          17          23   1.3206773897104427E-002
          17          24  -4.0279814890859114E-003
          17          25   7.8172789649859353E-003
          17          26  -2.6284287229716034E-002
          17          27  -1.1524136812004671E-012
          17          28  -1.5418025378696544E-012
          17          29   2.8677739418140404E-012
          17          30   8.5058623491215148E-013
          17          31   1.2053142119759236E-012
          17          32   3.7797534942458220E-013
          17          33   1.5868652148060813E-012
          17          34   9.6825450878678100E-013
          17          35  -1.3726491439815297E-012
          17          36  -3.4543911799825407E-012
          18           1   2.6608442250443166E-006
          18           2  -2.6353222509736064E-004
          18           3  -4.7016839557897502E-003
          18           4  -1.9028283549898241E-003
          18           5  -4.2383252870697875E-003
          18           6   1.6628500749751512E-012
          18           7  -1.6894952578878090E-012
          18           8  -1.2770520563270004E-012
          18           9   3.4855468453958883E-011
          18          10  -3.0426543674260915E-011
          18          11  -3.1159076257328006E-011
          18          12  -8.0324896081110147E-011
          18          13   8.1847211835877143E-011
          18          14   6.5153407305218232E-011
          18          15  -3.2924375354747411E-002
          18          16  -6.8998914961405367E-002
          18          17  -2.5802696418587619E-002
          18          18   1.0269952574972175E-002
          18          19  -1.8377378846806972E-002
          18          20   5.9587613689681081E-002
          18          21  -5.7149453735144328E-003
          18          22  -1.1840207199816670E-002
          18          23  -4.4765686129389325E-003
          18          24   1.9644017396123581E-003
          18          25  -3.3888504066744542E-003
          18          26   1.0614346988095692E-002
          18          27   1.7596803763159020E-012
          18          28   5.8672939580261185E-013
          18          29  -2.2135084168887250E-013
          18          30  -1.6205053628975906E-012
          18          31  -6.6559981009657705E-013
          18          32  -5.5555326265353252E-014
          18          33  -7.0605196060169272E-013
          18          34  -1.7954213738009807E-013
          18          35  -1.7920683596609884E-013
          18          36  -1.6794349563381321E-013
          19           1  -1.4890886551570855E-006
          19           2   1.8196042276220231E-004
          19           3   4.0621104386141180E-003
          19           4   1.9977206987290387E-003
          19           5   3.5406937027926966E-003
          19           6  -1.9950713827256515E-012
          19           7   2.0528828084023290E-012
          19           8   1.5961207604443927E-012
          19           9  -3.5461195349117702E-011
          19          10   4.1259561608319311E-011
          19          11   3.6748674669027640E-011
          19          12   9.5783702220112072E-011
          19          13  -9.7953738487117778E-011
          19          14  -8.0081941500470662E-011
          19          15   5.9807949832336310E-002
          19          16  0.12480729741144908     
          19          17   4.6942100877491094E-002
          19          18  -1.8377378846806972E-002
          19          19   3.3009616741709477E-002
          19          20 -0.10708331191112451     
          19          21   1.0448516786340723E-002
          19          22   2.1669570120936080E-002
          19          23   8.1971759829242118E-003
          19          24  -3.4078884716184066E-003
          19          25   5.9841205384996744E-003
          19          26  -1.9016601241425821E-002
          19          27  -2.3170230519060813E-012
          19          28  -6.8480102140992826E-013
          19          29   1.3616533657014544E-012
          19          30   2.1076259819239663E-012
          19          31   9.6324015587455727E-013
          19          32   2.7513554920772110E-013
          19          33   1.2035516294541776E-012
          19          34   1.7031214993372451E-013
          19          35  -3.5841055937815898E-013
          19          36  -5.1876778445552183E-013
          20           1  -7.5150925539767315E-005
          20           2   4.8437012518468214E-002
          20           3  -5.4494499627928329E-002
          20           4  -3.6710857956504868E-002
          20           5  -6.3852554193156844E-002
          20           6   4.1396288425603783E-012
          20           7  -4.2861751674620778E-012
          20           8  -3.7201012971523175E-012
          20           9   5.8423210370835352E-011
          20          10  -6.0277881773252090E-011
          20          11  -4.7080625727927934E-011
          20          12  -1.9513067982131669E-010
          20          13   2.0182774097769078E-010
          20          14   1.7175513867819872E-010
          20          15 -0.18932019736094866     
          20          16 -0.40523644092623612     
          20          17 -0.14755268649431216     
          20          18   5.9587613689681081E-002
          20          19 -0.10708331191112451     
          20          20  0.35237054393977307     
          20          21  -3.3104804588767453E-002
          20          22  -6.9584703438154830E-002
          20          23  -2.5850619317636832E-002
          20          24   1.1249895575138894E-002
          20          25  -1.9572652595915622E-002
          20          26   6.2195135259373813E-002
          20          27   5.5566903232153881E-012
          20          28   4.0241305171107860E-012
          20          29  -4.4227945855287719E-012
          20          30  -4.7861139874426579E-012
          20          31  -2.6320022950310556E-012
          20          32  -1.8060279891037295E-012
          20          33  -3.0460309774353105E-012
          20          34  -1.5866590369120253E-012
          20          35   1.0005777949442851E-012
          20          36   3.4905026057203429E-012
          21           1  -9.0233673632528644E-004
          21           2   1.2897973072928670E-002
          21           3  -4.9144707870973532E-002
          21           4   8.1500678736096750E-004
          21           5   2.1116488243417223E-003
          21           6   3.2146599861769305E-013
          21           7  -2.5471812451785496E-013
          21           8  -1.8409955954907511E-013
          21           9   4.7575518209865087E-012
          21          10  -3.6497520797352421E-012
          21          11  -5.4541984207558872E-012
          21          12  -1.5104600120868504E-011
          21          13   1.4623607399589555E-011
          21          14   9.1454486018073379E-012
          21          15   2.0777536642024187E-002
          21          16   4.0781334506609368E-002
          21          17   1.6596937388940941E-002
          21          18  -5.7149453735144328E-003
          21          19   1.0448516786340723E-002
          21          20  -3.3104804588767453E-002
          21          21   4.6000722008497285E-003
          21          22   7.0669277276990457E-003
          21          23   3.8712587624090029E-003
          21          24  -1.0443532253651998E-003
          21          25   1.8734737386619472E-003
          21          26  -4.8580010161474677E-003
          21          27   1.9340053119894873E-014
          21          28  -9.5433914031734229E-013
          21          29   3.4007363733190867E-013
          21          30  -1.9709125479758519E-014
          21          31   1.9641769347041635E-013
          21          32   1.8890423277964209E-013
          21          33   1.6040129406167371E-013
          21          34   5.9731421826753663E-013
          21          35  -6.0619643618321237E-014
          21          36  -8.8230423486930353E-013
          22           1   2.0102674374030626E-005
          22           2  -4.0630378440847969E-004
          22           3   2.3677776563885162E-003
          22           4  -1.3927132327376746E-002
          22           5  -3.2146641226975643E-002
          22           6   1.8749396462408962E-012
          22           7  -1.8654729324990367E-012
          22           8  -1.2882882416023689E-012
          22           9   2.8376636968045535E-011
          22          10  -2.8444188264806656E-011
          22          11  -1.8217511825277484E-011
          22          12  -9.6829827270176692E-011
          22          13   9.6407689648533753E-011
          22          14   6.8759355499826108E-011
          22          15   4.2289987541247472E-002
          22          16   8.4731719203582037E-002
          22          17   3.3606634320070050E-002
          22          18  -1.1840207199816670E-002
          22          19   2.1669570120936080E-002
          22          20  -6.9584703438154830E-002
          22          21   7.0669277276990457E-003
          22          22   1.6125946159761741E-002
          22          23   5.4635093444515169E-003
          22          24  -1.6433083651136099E-003
          22          25   3.4140279460631528E-003
          22          26  -1.2859361210691497E-002
          22          27   5.4755115344493470E-013
          22          28  -1.5234595601945436E-012
