           1           1   1.9942079369948624     
           1           2  -1.1911246472202515E-002
           1           3  -5.8296477363556143E-002
           1           4  -3.7817308243954642E-002
           1           5 -0.12490553198946755     
           1           6  -1.4117339126136648E-015
           1           7  -3.1074761029673832E-015
           1           8   4.4762240167590944E-015
           1           9   2.7848722094844836E-015
           1          10  -1.2227881763174037E-015
           1          11   1.2590698191770084E-015
           1          12   3.3049655791386175E-016
           1          13  -5.3198896264290292E-016
           1          14  -2.3944082269514606E-015
           1          15   1.1667417740862863E-016
           1          16  -2.9114413474220162E-016
           1          17   2.1586975166694161E-015
           1          18   3.7956824714611481E-002
           1          19   1.5244779416928946E-015
           1          20   3.7956824714596514E-002
           1          21   3.4858089788433594E-015
           1          22   8.0764987045580837E-015
           1          23   3.7956824714571263E-002
           1          24   4.4383116225971693E-002
           1          25   9.5653855341572376E-016
           1          26   4.4383116225970756E-002
           1          27  -3.4572866001946331E-016
           1          28  -3.3516606969161999E-015
           1          29   4.4383116225970666E-002
           2           1  -1.1911246472202515E-002
           2           2   2.6987281151904385     
           2           3  0.73096788347444075     
           2           4 -0.11035664272953066     
           2           5 -0.40099719439669479     
           2           6   2.1625428687391306E-014
           2           7  -1.6065682151953860E-013
           2           8   3.9688217201685563E-013
           2           9   5.9774468916230560E-015
           2          10   1.1238328541647661E-014
           2          11  -9.9013894047583631E-015
           2          12   9.3966936603867156E-015
           2          13  -9.0391083724454749E-015
           2          14   4.4232914918149418E-016
           2          15   4.9792039784644572E-015
           2          16   2.5811574850251556E-015
           2          17   8.8280188346509955E-016
           2          18 -0.39040460973043611     
           2          19   5.0437569058846550E-015
           2          20 -0.39040460973055863     
           2          21   7.4045499358822975E-015
           2          22   6.2257238001734607E-014
           2          23 -0.39040460973085700     
           2          24  0.11398755417979767     
           2          25   1.7414866424089010E-015
           2          26  0.11398755417981589     
           2          27  -3.2472452883937996E-016
           2          28  -3.6911042831871901E-015
           2          29  0.11398755417983765     
           3           1  -5.8296477363556143E-002
           3           2  0.73096788347444075     
           3           3   2.5969870778166579     
           3           4 -0.33751146475143362     
           3           5  -2.6508739663102525     
           3           6   6.3311289951405144E-015
           3           7  -8.0816348765484096E-014
           3           8   1.6736597016179651E-013
           3           9   8.1097072321275282E-015
           3          10   2.5016751698640728E-014
           3          11  -5.2350224358976566E-015
           3          12   4.6993514890954945E-014
           3          13  -2.3441158988781829E-014
           3          14   2.2191199803219441E-015
           3          15  -2.3996146091910377E-015
           3          16   1.6486941769803162E-015
           3          17   3.3322297684042233E-016
           3          18  -3.8500385545457899E-002
           3          19   1.5637013001149650E-014
           3          20  -3.8500385545799640E-002
           3          21   3.0681641759267302E-014
           3          22   1.2838850407413837E-013
           3          23  -3.8500385546399570E-002
           3          24  0.92779431453932637     
           3          25   3.0287545572279697E-015
           3          26  0.92779431453935957     
           3          27  -1.9028913751012785E-015
           3          28  -7.5072462391624362E-015
           3          29  0.92779431453940764     
           4           1  -3.7817308243954642E-002
           4           2 -0.11035664272953066     
           4           3 -0.33751146475143362     
           4           4  0.52597538327069460     
           4           5   1.8111520958639598     
           4           6   5.0179082739285776E-016
           4           7  -3.6081926806009999E-014
           4           8   7.5223343991709108E-014
           4           9   2.1964588301449099E-014
           4          10   6.3350725216092953E-015
           4          11  -3.0547191638662245E-015
           4          12   5.5483084508302052E-014
           4          13  -1.5042161995033969E-014
           4          14  -6.6138148998498837E-015
           4          15  -1.2725732819109628E-014
           4          16   4.1596024409591590E-015
           4          17   4.1282147405862830E-015
           4          18   7.4030796172745009E-002
           4          19  -5.9764554195917149E-015
           4          20   7.4030796172542046E-002
           4          21   2.9030914003490081E-014
           4          22   3.4960042441987294E-014
           4          23   7.4030796172393692E-002
           4          24 -0.57961594864436905     
           4          25  -1.4167359511128648E-015
           4          26 -0.57961594864432908     
           4          27  -3.1354791389895035E-015
           4          28  -1.1161197183314234E-014
           4          29 -0.57961594864431443     
           5           1 -0.12490553198946755     
           5           2 -0.40099719439669479     
           5           3  -2.6508739663102525     
           5           4   1.8111520958639598     
           5           5   7.7165838901036032     
           5           6   1.0442194518341938E-014
           5           7   1.5554889704290199E-014
           5           8   4.6571724585548860E-015
           5           9   7.4944596236440514E-015
           5          10  -1.3158206743233732E-014
           5          11   3.8954604066949256E-015
           5          12  -4.6042715041550808E-014
           5          13   1.2199811979405669E-014
           5          14  -3.1307467250495261E-014
           5          15  -3.3810781696364034E-016
           5          16   5.0232792148056397E-015
           5          17   3.4961796469891996E-015
           5          18  0.24201500326428099     
           5          19   1.2237233269524463E-014
           5          20  0.24201500326455078     
           5          21  -7.9745403747661151E-014
           5          22   3.7178236964354696E-014
           5          23  0.24201500326456230     
           5          24  -2.5768226888409416     
           5          25  -1.3925631066530435E-014
           5          26  -2.5768226888409163     
           5          27   3.3068248984291124E-015
           5          28  -3.2877168331302647E-014
           5          29  -2.5768226888408927     
           6           1  -1.4117339126136648E-015
           6           2   2.1625428687391306E-014
           6           3   6.3311289951405144E-015
           6           4   5.0179082739285776E-016
           6           5   1.0442194518341938E-014
           6           6   2.0004237690345934     
           6           7  -1.2798500500881961E-006
           6           8  -5.9734081901396941E-006
           6           9   3.3053608065277858E-003
           6          10  -8.7269596345087251E-005
           6          11  -4.0731093633971293E-004
           6          12   2.5072710254580917E-002
           6          13  -3.4735055303656713E-004
           6          14  -1.6211794819839366E-003
           6          15  -9.0218167184609160E-003
           6          16  -3.0681536118876127E-005
           6          17  -1.4319907193842510E-004
           6          18  -7.3912757129975449E-015
           6          19  -1.3025252014113463E-015
           6          20  -2.6856063298308743E-015
           6          21  -1.6421950087769682E-015
           6          22  -3.9058612824286204E-016
           6          23  -6.3949148874420226E-015
           6          24  -2.5508028260911534E-015
           6          25   7.6094478581875451E-016
           6          26  -3.7507168075062656E-015
           6          27   4.7730549752407266E-016
           6          28   9.3566537089002691E-016
           6          29  -4.2313912737743445E-015
           7           1  -3.1074761029673832E-015
           7           2  -1.6065682151953860E-013
           7           3  -8.0816348765484096E-014
           7           4  -3.6081926806009999E-014
           7           5   1.5554889704290199E-014
           7           6  -1.2798500500881961E-006
           7           7   2.0004180157992386     
           7           8   1.2688695380348142E-006
           7           9  -8.7269596339083333E-005
           7          10   2.9130628747808100E-003
           7          11   8.6520864436480247E-005
           7          12  -3.4735055303530642E-004
           7          13   2.3511285551604724E-002
           7          14   3.4437044935768072E-004
           7          15  -3.0681536120813799E-005
           7          16  -9.1597376401351023E-003
           7          17   3.0418303016627570E-005
           7          18   3.5603372190189094E-014
           7          19  -5.9479778756472379E-015
           7          20   2.6249982212494019E-014
           7          21   6.4380568700959674E-015
           7          22  -5.5109413633253652E-015
           7          23   3.1042356976290626E-014
           7          24  -1.1257436592692913E-015
           7          25   4.6498186407216870E-016
           7          26   4.8452775536994360E-015
           7          27  -7.3372150915025432E-015
           7          28   1.1878208419566165E-015
           7          29  -2.9196473742229686E-016
           8           1   4.4762240167590944E-015
           8           2   3.9688217201685563E-013
           8           3   1.6736597016179651E-013
           8           4   7.5223343991709108E-014
           8           5   4.6571724585548860E-015
           8           6  -5.9734081901396941E-006
           8           7   1.2688695380348142E-006
           8           8   2.0004236660930550     
           8           9  -4.0731093635484081E-004
           8          10   8.6520864401291910E-005
           8          11   3.2983414947088509E-003
           8          12  -1.6211794819912071E-003
           8          13   3.4437044935971918E-004
           8          14   2.5044771981229674E-002
           8          15  -1.4319907193213719E-004
           8          16   3.0418303021383253E-005
           8          17  -9.0242845110993231E-003
           8          18  -8.4846744974127267E-014
           8          19   5.0834541001899501E-015
           8          20  -5.9589615162843725E-014
           8          21  -1.3975014554010123E-014
           8          22   1.1499420605529595E-014
           8          23  -7.1686547354470942E-014
           8          24  -2.5737703189187517E-015
           8          25   4.5950204397025160E-015
           8          26  -2.7640722986813122E-014
           8          27   1.8902993309298718E-014
           8          28   2.3221241686457124E-015
           8          29  -1.7328417940509760E-014
           9           1   2.7848722094844836E-015
           9           2   5.9774468916230560E-015
           9           3   8.1097072321275282E-015
           9           4   2.1964588301449099E-014
           9           5   7.4944596236440514E-015
           9           6   3.3053608065277858E-003
           9           7  -8.7269596339083333E-005
           9           8  -4.0731093635484081E-004
           9           9   1.9752358370776979     
           9          10  -5.9506834067125083E-003
           9          11  -2.7773457558728308E-002
           9          12  0.15196068210088198     
           9          13  -2.3684917300319953E-002
           9          14 -0.11054394940261393     
           9          15   6.4380905781401501E-002
           9          16  -2.0920929569805207E-003
           9          17  -9.7643667085177722E-003
           9          18   2.0580404025149677E-014
           9          19   1.2718179949752998E-014
           9          20   4.1583795457216646E-016
           9          21   3.2258753788180469E-015
           9          22  -3.3505912845214640E-015
           9          23  -3.1293730008991098E-014
           9          24  -5.1114860486505805E-015
           9          25   1.1443634415584388E-015
           9          26  -1.0002105321720112E-014
           9          27  -2.6590129143765664E-015
           9          28  -2.2347889995913282E-015
           9          29  -5.6143801065584550E-015
          10           1  -1.2227881763174037E-015
          10           2   1.1238328541647661E-014
          10           3   2.5016751698640728E-014
          10           4   6.3350725216092953E-015
          10           5  -1.3158206743233732E-014
          10           6  -8.7269596345087251E-005
          10           7   2.9130628747808100E-003
          10           8   8.6520864401291910E-005
          10           9  -5.9506834067125083E-003
          10          10   1.9484860766711298     
          10          11   5.8996293538025211E-003
          10          12  -2.3684917300314533E-002
          10          13   4.5491253342790222E-002
          10          14   2.3481711897111623E-002
          10          15  -2.0920929569798732E-003
          10          16   5.4976442205977319E-002
          10          17   2.0741437875695244E-003
          10          18  -5.4067844279707443E-015
          10          19   4.6710351659196623E-015
          10          20  -3.3979007623901887E-015
          10          21  -1.3695121557316315E-014
          10          22   3.8266299304824031E-015
          10          23  -1.5674706180925974E-014
          10          24   4.4280317666840271E-015
          10          25  -2.4478556320249751E-015
          10          26   1.9935184958165037E-015
          10          27   3.3813097880177958E-015
          10          28  -9.6936752393227742E-016
          10          29   4.0643597940004790E-015
          11           1   1.2590698191770084E-015
          11           2  -9.9013894047583631E-015
          11           3  -5.2350224358976566E-015
          11           4  -3.0547191638662245E-015
          11           5   3.8954604066949256E-015
          11           6  -4.0731093633971293E-004
          11           7   8.6520864436480247E-005
          11           8   3.2983414947088509E-003
          11           9  -2.7773457558728308E-002
          11          10   5.8996293538025211E-003
          11          11   1.9747572087345189     
          11          12 -0.11054394940261406     
          11          13   2.3481711897112997E-002
          11          14  0.15005564498985130     
          11          15  -9.7643667085230042E-003
          11          16   2.0741437875785485E-003
          11          17   6.4212633514618783E-002
          11          18   1.2371875926067999E-014
          11          19   2.4483285728235725E-015
          11          20   1.1196928545793128E-014
          11          21  -3.8807558387640912E-015
          11          22  -1.3745834431120536E-015
          11          23  -2.5485004261830057E-014
          11          24  -6.2938480699227412E-015
          11          25  -2.2420569097850462E-015
          11          26  -8.8962416514702029E-016
          11          27   2.4328872168215308E-017
          11          28   1.6444079403639325E-015
          11          29   3.2553303319626034E-015
          12           1   3.3049655791386175E-016
          12           2   9.3966936603867156E-015
          12           3   4.6993514890954945E-014
          12           4   5.5483084508302052E-014
          12           5  -4.6042715041550808E-014
          12           6   2.5072710254580917E-002
          12           7  -3.4735055303530642E-004
          12           8  -1.6211794819912071E-003
          12           9  0.15196068210088198     
          12          10  -2.3684917300314533E-002
          12          11 -0.11054394940261406     
          12          12   1.6976507761448125     
          12          13  -9.4270736515795622E-002
          12          14 -0.43998716125595855     
          12          15 -0.15621816855762691     
          12          16  -8.3269509204252513E-003
          12          17  -3.8864144195682779E-002
          12          18   5.6806000178244668E-015
          12          19  -7.8683362376814245E-015
          12          20  -1.6682426228986366E-015
          12          21   6.0391523108578956E-016
          12          22   2.8340984356034553E-015
          12          23  -7.3199788721302018E-015
          12          24   2.5657375505609824E-014
          12          25   1.7872499241610849E-014
          12          26  -3.6726994959576322E-015
          12          27  -1.0760406123430487E-014
          12          28  -4.2590038038727155E-015
          12          29  -5.2954270390963266E-015
          13           1  -5.3198896264290292E-016
          13           2  -9.0391083724454749E-015
          13           3  -2.3441158988781829E-014
          13           4  -1.5042161995033969E-014
          13           5   1.2199811979405669E-014
          13           6  -3.4735055303656713E-004
          13           7   2.3511285551604724E-002
          13           8   3.4437044935971918E-004
          13           9  -2.3684917300319953E-002
          13          10   4.5491253342790222E-002
          13          11   2.3481711897112997E-002
          13          12  -9.4270736515795622E-002
          13          13   1.2738810268915195     
          13          14   9.3461938123919688E-002
          13          15  -8.3269509204038448E-003
          13          16 -0.19364982586722326     
          13          17   8.2555096146140657E-003
          13          18  -2.0809544785545533E-014
          13          19  -3.5518178371605455E-015
          13          20   1.8971492371999152E-014
          13          21  -8.8868685532666409E-015
          13          22   3.5757188782558213E-015
          13          23   1.6441835175195974E-014
          13          24  -1.7534833157145088E-015
          13          25  -5.4872183300954864E-015
          13          26  -5.1102118092668417E-015
          13          27   2.7058908835722727E-015
          13          28  -1.5575830480781256E-015
          13          29   1.0922980230086015E-015
          14           1  -2.3944082269514606E-015
          14           2   4.4232914918149418E-016
          14           3   2.2191199803219441E-015
          14           4  -6.6138148998498837E-015
          14           5  -3.1307467250495261E-014
          14           6  -1.6211794819839366E-003
          14           7   3.4437044935768072E-004
          14           8   2.5044771981229674E-002
          14           9 -0.11054394940261393     
          14          10   2.3481711897111623E-002
          14          11  0.15005564498985130     
          14          12 -0.43998716125595855     
          14          13   9.3461938123919688E-002
          14          14   1.6900683451289225     
          14          15  -3.8864144195696879E-002
          14          16   8.2555096146411898E-003
          14          17 -0.15688792603762658     
          14          18   2.5119382607324033E-014
          14          19  -5.4240681707264763E-015
          14          20  -2.1074141213079110E-014
          14          21  -4.8782471430920078E-015
          14          22   4.7931412961270347E-015
          14          23   3.2026211011428837E-015
          14          24  -3.5633704551448042E-015
          14          25  -4.9307717654680011E-015
          14          26   1.6710577714287097E-014
          14          27   3.5761752312086530E-015
          14          28   7.0658878251445514E-015
          14          29   1.7895507726618397E-014
          15           1   1.1667417740862863E-016
          15           2   4.9792039784644572E-015
          15           3  -2.3996146091910377E-015
          15           4  -1.2725732819109628E-014
          15           5  -3.3810781696364034E-016
          15           6  -9.0218167184609160E-003
          15           7  -3.0681536120813799E-005
          15           8  -1.4319907193213719E-004
          15           9   6.4380905781401501E-002
          15          10  -2.0920929569798732E-003
          15          11  -9.7643667085230042E-003
          15          12 -0.15621816855762691     
          15          13  -8.3269509204038448E-003
          15          14  -3.8864144195696879E-002
          15          15   3.5915372652035954E-002
          15          16  -7.3552105556282707E-004
          15          17  -3.4328767679346200E-003
          15          18  -6.7113910367214525E-015
          15          19   1.0030946867928267E-014
          15          20  -2.4669054680526185E-015
          15          21  -1.0814402077783772E-014
          15          22  -1.7931502830561543E-015
          15          23   1.9793414556731019E-015
          15          24   1.9281031221878207E-015
          15          25  -2.6524632862994858E-015
          15          26   3.0479486282131019E-015
          15          27   1.6567728196803488E-015
          15          28  -1.0344680621964997E-015
          15          29   1.4391368514878093E-015
          16           1  -2.9114413474220162E-016
          16           2   2.5811574850251556E-015
          16           3   1.6486941769803162E-015
          16           4   4.1596024409591590E-015
          16           5   5.0232792148056397E-015
          16           6  -3.0681536118876127E-005
          16           7  -9.1597376401351023E-003
          16           8   3.0418303021383253E-005
          16           9  -2.0920929569805207E-003
          16          10   5.4976442205977319E-002
          16          11   2.0741437875785485E-003
          16          12  -8.3269509204252513E-003
          16          13 -0.19364982586722326     
          16          14   8.2555096146411898E-003
          16          15  -7.3552105556282707E-004
          16          16   3.2609027705491352E-002
          16          17   7.2921063232020379E-004
          16          18   1.3975340691435599E-014
          16          19   8.6578345512947102E-016
          16          20   3.6052646167807427E-015
          16          21   1.1102332603244811E-015
          16          22  -1.5700119635739802E-015
          16          23  -1.8537819127208381E-014
          16          24  -3.7790967257936327E-015
          16          25   5.8441222923085279E-016
          16          26  -2.7975223306071757E-015
          16          27  -1.1162177022541255E-016
          16          28   6.8849418437323533E-016
          16          29  -9.5850164149987879E-016
          17           1   2.1586975166694161E-015
          17           2   8.8280188346509955E-016
          17           3   3.3322297684042233E-016
          17           4   4.1282147405862830E-015
          17           5   3.4961796469891996E-015
          17           6  -1.4319907193842510E-004
          17           7   3.0418303016627570E-005
          17           8  -9.0242845110993231E-003
          17           9  -9.7643667085177722E-003
          17          10   2.0741437875695244E-003
          17          11   6.4212633514618783E-002
          17          12  -3.8864144195682779E-002
          17          13   8.2555096146140657E-003
          17          14 -0.15688792603762658     
          17          15  -3.4328767679346200E-003
          17          16   7.2921063232020379E-004
          17          17   3.5856212854727343E-002
          17          18  -1.4573096686720482E-014
          17          19  -1.6793690715764205E-016
          17          20   1.6848154593474987E-014
          17          21   9.1907069627530555E-015
          17          22  -2.8837583941869534E-015
          17          23   6.6482109508247957E-016
          17          24  -5.7813860060905734E-016
          17          25  -1.2446404066892320E-016
          17          26  -3.3593813513407665E-015
          17          27  -4.4867063898277632E-016
          17          28   8.7990621848355496E-016
          17          29  -8.6192049991341573E-016
          18           1   3.7956824714611481E-002
          18           2 -0.39040460973043611     
          18           3  -3.8500385545457899E-002
          18           4   7.4030796172745009E-002
          18           5  0.24201500326428099     
          18           6  -7.3912757129975449E-015
          18           7   3.5603372190189094E-014
          18           8  -8.4846744974127267E-014
          18           9   2.0580404025149677E-014
          18          10  -5.4067844279707443E-015
          18          11   1.2371875926067999E-014
          18          12   5.6806000178244668E-015
          18          13  -2.0809544785545533E-014
          18          14   2.5119382607324033E-014
          18          15  -6.7113910367214525E-015
          18          16   1.3975340691435599E-014
          18          17  -1.4573096686720482E-014
          18          18   2.1544425805970260     
          18          19  -6.1985345415327709E-013
          18          20 -0.94670567598491728     
          18          21   4.2926013049663393E-014
          18          22  -1.3635761813841290E-012
          18          23 -0.94670567598465238     
          18          24 -0.29747154730102288     
          18          25   9.0710881757996361E-014
          18          26   3.1955696722502050E-002
          18          27  -1.5989943250345836E-014
          18          28   1.4806216764404071E-013
          18          29   3.1955696722503292E-002
          19           1   1.5244779416928946E-015
          19           2   5.0437569058846550E-015
          19           3   1.5637013001149650E-014
          19           4  -5.9764554195917149E-015
          19           5   1.2237233269524463E-014
          19           6  -1.3025252014113463E-015
          19           7  -5.9479778756472379E-015
          19           8   5.0834541001899501E-015
          19           9   1.2718179949752998E-014
          19          10   4.6710351659196623E-015
          19          11   2.4483285728235725E-015
          19          12  -7.8683362376814245E-015
          19          13  -3.5518178371605455E-015
          19          14  -5.4240681707264763E-015
          19          15   1.0030946867928267E-014
          19          16   8.6578345512947102E-016
          19          17  -1.6793690715764205E-016
          19          18  -6.1985345415327709E-013
          19          19   2.0668367135798147     
          19          20   1.9816766426276105E-013
          19          21  -2.1233015345726079E-015
          19          22   8.3266726915687639E-016
          19          23   3.9677444640120850E-013
          19          24   6.8525919591128346E-014
          19          25 -0.21673795443181110     
          19          26  -3.2179936460412224E-014
          19          27   3.0366334447018894E-015
          19          28   4.4513004392783890E-015
          19          29  -4.5501271208338954E-014
          20           1   3.7956824714596514E-002
          20           2 -0.39040460973055863     
          20           3  -3.8500385545799640E-002
          20           4   7.4030796172542046E-002
          20           5  0.24201500326455078     
          20           6  -2.6856063298308743E-015
          20           7   2.6249982212494019E-014
          20           8  -5.9589615162843725E-014
          20           9   4.1583795457216646E-016
          20          10  -3.3979007623901887E-015
          20          11   1.1196928545793128E-014
          20          12  -1.6682426228986366E-015
          20          13   1.8971492371999152E-014
          20          14  -2.1074141213079110E-014
          20          15  -2.4669054680526185E-015
          20          16   3.6052646167807427E-015
          20          17   1.6848154593474987E-014
          20          18 -0.94670567598491728     
          20          19   1.9816766426276105E-013
          20          20   2.1544425805971930     
          20          21   3.8698768431005196E-014
          20          22   6.8343457125325125E-013
          20          23 -0.94670567598456601     
          20          24   3.1955696722477833E-002
          20          25  -4.0098833862193474E-014
          20          26 -0.29747154730107500     
          20          27   2.0188914080216363E-016
          20          28  -6.9137253747809876E-014
          20          29   3.1955696722430552E-002
          21           1   3.4858089788433594E-015
          21           2   7.4045499358822975E-015
          21           3   3.0681641759267302E-014
          21           4   2.9030914003490081E-014
          21           5  -7.9745403747661151E-014
          21           6  -1.6421950087769682E-015
          21           7   6.4380568700959674E-015
          21           8  -1.3975014554010123E-014
          21           9   3.2258753788180469E-015
          21          10  -1.3695121557316315E-014
          21          11  -3.8807558387640912E-015
          21          12   6.0391523108578956E-016
          21          13  -8.8868685532666409E-015
          21          14  -4.8782471430920078E-015
          21          15  -1.0814402077783772E-014
          21          16   1.1102332603244811E-015
          21          17   9.1907069627530555E-015
          21          18   4.2926013049663393E-014
          21          19  -2.1233015345726079E-015
          21          20   3.8698768431005196E-014
          21          21   2.0668367135798200     
          21          22  -8.6042284402961753E-016
          21          23  -7.2976381351049398E-014
          21          24   1.3581678039974243E-014
          21          25   5.7679555576208704E-015
          21          26   1.6304014223138496E-014
          21          27 -0.21673795443180671     
          21          28  -4.1650710658252718E-015
          21          29   2.7024018884060428E-014
          22           1   8.0764987045580837E-015
          22           2   6.2257238001734607E-014
          22           3   1.2838850407413837E-013
          22           4   3.4960042441987294E-014
          22           5   3.7178236964354696E-014
          22           6  -3.9058612824286204E-016
          22           7  -5.5109413633253652E-015
          22           8   1.1499420605529595E-014
          22           9  -3.3505912845214640E-015
          22          10   3.8266299304824031E-015
          22          11  -1.3745834431120536E-015
          22          12   2.8340984356034553E-015
          22          13   3.5757188782558213E-015
          22          14   4.7931412961270347E-015
          22          15  -1.7931502830561543E-015
          22          16  -1.5700119635739802E-015
          22          17  -2.8837583941869534E-015
          22          18  -1.3635761813841290E-012
          22          19   8.3266726915687639E-016
          22          20   6.8343457125325125E-013
          22          21  -8.6042284402961753E-016
          22          22   2.0668367135798151     
          22          23   4.9769274187885449E-013
          22          24   1.2382697778196646E-013
          22          25  -1.2004286454652527E-015
          22          26  -9.5854945859112897E-014
          22          27  -3.6290415117406579E-015
          22          28 -0.21673795443180988     
          22          29  -7.8534378286878080E-014
          23           1   3.7956824714571263E-002
          23           2 -0.39040460973085700     
          23           3  -3.8500385546399570E-002
          23           4   7.4030796172393692E-002
          23           5  0.24201500326456230     
          23           6  -6.3949148874420226E-015
          23           7   3.1042356976290626E-014
          23           8  -7.1686547354470942E-014
          23           9  -3.1293730008991098E-014
          23          10  -1.5674706180925974E-014
          23          11  -2.5485004261830057E-014
          23          12  -7.3199788721302018E-015
          23          13   1.6441835175195974E-014
          23          14   3.2026211011428837E-015
          23          15   1.9793414556731019E-015
          23          16  -1.8537819127208381E-014
          23          17   6.6482109508247957E-016
          23          18 -0.94670567598465238     
          23          19   3.9677444640120850E-013
          23          20 -0.94670567598456601     
          23          21  -7.2976381351049398E-014
          23          22   4.9769274187885449E-013
          23          23   2.1544425805977339     
          23          24   3.1955696722486930E-002
          23          25  -5.0636774514500339E-014
          23          26   3.1955696722477209E-002
          23          27   1.3217205564701953E-014
          23          28  -6.4294066137496875E-014
          23          29 -0.29747154730109393     
          24           1   4.4383116225971693E-002
          24           2  0.11398755417979767     
          24           3  0.92779431453932637     
          24           4 -0.57961594864436905     
          24           5  -2.5768226888409416     
          24           6  -2.5508028260911534E-015
          24           7  -1.1257436592692913E-015
          24           8  -2.5737703189187517E-015
          24           9  -5.1114860486505805E-015
          24          10   4.4280317666840271E-015
          24          11  -6.2938480699227412E-015
          24          12   2.5657375505609824E-014
          24          13  -1.7534833157145088E-015
          24          14  -3.5633704551448042E-015
          24          15   1.9281031221878207E-015
          24          16  -3.7790967257936327E-015
          24          17  -5.7813860060905734E-016
          24          18 -0.29747154730102288     
          24          19   6.8525919591128346E-014
          24          20   3.1955696722477833E-002
          24          21   1.3581678039974243E-014
          24          22   1.2382697778196646E-013
          24          23   3.1955696722486930E-002
          24          24  0.89145240253062452     
          24          25  -5.5822853107796000E-015
          24          26  0.85605333416525942     
          24          27   1.7627808075121004E-015
          24          28  -4.4287353982741525E-015
          24          29  0.85605333416524776     
          25           1   9.5653855341572376E-016
          25           2   1.7414866424089010E-015
          25           3   3.0287545572279697E-015
          25           4  -1.4167359511128648E-015
          25           5  -1.3925631066530435E-014
          25           6   7.6094478581875451E-016
          25           7   4.6498186407216870E-016
          25           8   4.5950204397025160E-015
          25           9   1.1443634415584388E-015
          25          10  -2.4478556320249751E-015
          25          11  -2.2420569097850462E-015
          25          12   1.7872499241610849E-014
          25          13  -5.4872183300954864E-015
          25          14  -4.9307717654680011E-015
          25          15  -2.6524632862994858E-015
          25          16   5.8441222923085279E-016
          25          17  -1.2446404066892320E-016
          25          18   9.0710881757996361E-014
          25          19 -0.21673795443181110     
          25          20  -4.0098833862193474E-014
          25          21   5.7679555576208704E-015
          25          22  -1.2004286454652527E-015
          25          23  -5.0636774514500339E-014
          25          24  -5.5822853107796000E-015
          25          25   2.3000992405779561E-002
          25          26   9.9670418087612107E-015
          25          27  -8.1965684239991097E-016
          25          28  -2.9663771438162800E-016
          25          29   1.0398314112620297E-014
          26           1   4.4383116225970756E-002
          26           2  0.11398755417981589     
          26           3  0.92779431453935957     
          26           4 -0.57961594864432908     
          26           5  -2.5768226888409163     
          26           6  -3.7507168075062656E-015
          26           7   4.8452775536994360E-015
          26           8  -2.7640722986813122E-014
          26           9  -1.0002105321720112E-014
          26          10   1.9935184958165037E-015
          26          11  -8.8962416514702029E-016
          26          12  -3.6726994959576322E-015
          26          13  -5.1102118092668417E-015
          26          14   1.6710577714287097E-014
          26          15   3.0479486282131019E-015
          26          16  -2.7975223306071757E-015
          26          17  -3.3593813513407665E-015
          26          18   3.1955696722502050E-002
          26          19  -3.2179936460412224E-014
          26          20 -0.29747154730107500     
          26          21   1.6304014223138496E-014
          26          22  -9.5854945859112897E-014
          26          23   3.1955696722477209E-002
          26          24  0.85605333416525942     
          26          25   9.9670418087612107E-015
          26          26  0.89145240253059788     
          26          27  -4.2368540751050450E-016
          26          28   1.9601853697921434E-014
          26          29  0.85605333416523788     
          27           1  -3.4572866001946331E-016
          27           2  -3.2472452883937996E-016
          27           3  -1.9028913751012785E-015
          27           4  -3.1354791389895035E-015
          27           5   3.3068248984291124E-015
          27           6   4.7730549752407266E-016
          27           7  -7.3372150915025432E-015
          27           8   1.8902993309298718E-014
          27           9  -2.6590129143765664E-015
          27          10   3.3813097880177958E-015
          27          11   2.4328872168215308E-017
          27          12  -1.0760406123430487E-014
          27          13   2.7058908835722727E-015
          27          14   3.5761752312086530E-015
          27          15   1.6567728196803488E-015
          27          16  -1.1162177022541255E-016
          27          17  -4.4867063898277632E-016
          27          18  -1.5989943250345836E-014
          27          19   3.0366334447018894E-015
          27          20   2.0188914080216363E-016
          27          21 -0.21673795443180671     
          27          22  -3.6290415117406579E-015
          27          23   1.3217205564701953E-014
          27          24   1.7627808075121004E-015
          27          25  -8.1965684239991097E-016
          27          26  -4.2368540751050450E-016
          27          27   2.3000992405778763E-002
          27          28   7.5221946726986474E-016
          27          29  -1.7713894315605484E-015
          28           1  -3.3516606969161999E-015
