           1           1   1.9975864595998492     
           1           2  -1.5339947815064940E-002
           1           3  -2.7476116623365916E-002
           1           4  -6.2916302467997710E-003
           1           5  -6.5556638800162818E-003
           1           6  -8.0867751195421880E-012
           1           7   1.0321527461597175E-011
           1           8  -8.8959926337756664E-012
           1           9  -1.5331160921662568E-010
           1          10   1.7582108990929204E-010
           1          11  -1.6549197678825915E-010
           1          12  -1.8330887681216838E-010
           1          13   1.1859010291122353E-010
           1          14  -7.1781140188393469E-011
           1          15  -2.5160461072663485E-010
           1          16   1.8733991554072001E-010
           1          17  -1.3249932718850367E-010
           1          18   1.4370182330111241E-002
           1          19   1.7610528034306359E-005
           1          20   1.4510367211210389E-002
           1          21   1.7031532871306491E-005
           1          22   1.5838126524000398E-004
           1          23   1.4501195033286335E-002
           1          24   2.8845538707137162E-003
           1          25  -7.5776034555871527E-006
           1          26   2.8242342565896923E-003
           1          27  -7.3284835240479660E-006
           1          28  -6.8149332330713256E-005
           1          29   2.8281808062758478E-003
           2           1  -1.5339947815064940E-002
           2           2   2.0038445696798028     
           2           3   3.4489055650241553E-002
           2           4  -6.4018766929653161E-003
           2           5   4.4723653951965370E-002
           2           6  -1.2264003047518420E-010
           2           7   1.5376558453207694E-010
           2           8  -1.3452905766755170E-010
           2           9  -1.4457291930584081E-009
           2          10   1.6668710669663559E-009
           2          11  -1.5673613647023337E-009
           2          12  -1.1098343071310701E-009
           2          13   6.2674972761086785E-010
           2          14  -3.0987394154486315E-010
           2          15  -1.5326805202203410E-009
           2          16   1.0473272585656024E-009
           2          17  -6.7967593092137998E-010
           2          18  -7.8410539247914385E-003
           2          19   1.8162836275239705E-004
           2          20  -6.3952399199037405E-003
           2          21   1.7565687294158000E-004
           2          22   1.6334846914183275E-003
           2          23  -6.4898381643510679E-003
           2          24  -1.6016589164859266E-002
           2          25  -5.9850736004069679E-005
           2          26  -1.6493015992448012E-002
           2          27  -5.7883092438856802E-005
           2          28  -5.3826885486353917E-004
           2          29  -1.6461844655036764E-002
           3           1  -2.7476116623365916E-002
           3           2   3.4489055650241553E-002
           3           3   2.1339597841706572     
           3           4  -3.0941783614997203E-002
           3           5   7.0314938621659023E-002
           3           6  -1.9703852204794193E-010
           3           7   2.5078167252846881E-010
           3           8  -2.1634052493082535E-010
           3           9  -3.3494564635906306E-009
           3          10   3.8158551346252421E-009
           3          11  -3.5968196800439595E-009
           3          12  -4.6255870996550403E-009
           3          13   3.0066237126518590E-009
           3          14  -1.8081324769660553E-009
           3          15  -7.1941337155247063E-009
           3          16   5.7360569431297182E-009
           3          17  -4.2819512748154780E-009
           3          18  -5.3532049911697341E-002
           3          19   3.0828145989777859E-004
           3          20  -5.1078039769912612E-002
           3          21   2.9814566713249311E-004
           3          22   2.7725471584884743E-003
           3          23  -5.1238604226839790E-002
           3          24  -3.1618004754959218E-002
           3          25  -1.5381593485827024E-004
           3          26  -3.2842417716823322E-002
           3          27  -1.4875914782093853E-004
           3          28  -1.3833466077771207E-003
           3          29  -3.2762307909336846E-002
           4           1  -6.2916302467997710E-003
           4           2  -6.4018766929653161E-003
           4           3  -3.0941783614997203E-002
           4           4  0.46284029798026138     
           4           5  0.58630577593882194     
           4           6  -2.4103090105776082E-011
           4           7   1.7155623619043652E-011
           4           8  -2.1407585878765498E-011
           4           9  -1.4183045914151943E-009
           4          10   1.3201067864293037E-009
           4          11  -1.4027002186144821E-009
           4          12  -2.6744820692892930E-008
           4          13   2.9458208845350665E-008
           4          14  -2.7280716413691600E-008
           4          15  -2.9867819740937404E-008
           4          16   3.4567223543121803E-008
           4          17  -3.1047773712847409E-008
           4          18  -8.4415293139506213E-004
           4          19  -3.7099747918404555E-004
           4          20  -3.7973973912739669E-003
           4          21  -3.5880092595851754E-004
           4          22  -3.3365849443951017E-003
           4          23  -3.6041724021672575E-003
           4          24   2.1467296500992071E-002
           4          25   4.6463299474719540E-004
           4          26   2.5165911152177561E-002
           4          27   4.4935766999366997E-004
           4          28   4.1787061537460497E-003
           4          29   2.4923916832138106E-002
           5           1  -6.5556638800162818E-003
           5           2   4.4723653951965370E-002
           5           3   7.0314938621659023E-002
           5           4  0.58630577593882194     
           5           5  0.75730664892893396     
           5           6  -2.8990388236617834E-010
           5           7   3.2194676986036219E-010
           5           8  -3.1128606422344653E-010
           5           9   4.3504766015759038E-009
           5          10  -5.2628260864511353E-009
           5          11   4.7696607183192457E-009
           5          12  -1.8281511104059527E-008
           5          13   2.5927789260473019E-008
           5          14  -2.6707255398610175E-008
           5          15  -1.7697728434532293E-008
           5          16   2.7972691771034867E-008
           5          17  -2.7575767509149129E-008
           5          18  -1.2819699846182081E-003
           5          19  -9.3071096882668301E-004
           5          20  -8.6906965337345352E-003
           5          21  -9.0011184994592157E-004
           5          22  -8.3704005839528133E-003
           5          23  -8.2059519678742282E-003
           5          24   2.1157898710599039E-002
           5          25   1.0647284266828659E-003
           5          26   2.9633428389518556E-002
           5          27   1.0297244337905736E-003
           5          28   9.5756823702959487E-003
           5          29   2.9078892365380915E-002
           6           1  -8.0867751195421880E-012
           6           2  -1.2264003047518420E-010
           6           3  -1.9703852204794193E-010
           6           4  -2.4103090105776082E-011
           6           5  -2.8990388236617834E-010
           6           6   2.0000290506161749     
           6           7   1.3236318866078525E-007
           6           8   1.2800945879547840E-007
           6           9   3.3580266826830427E-005
           6          10  -2.1521299874773477E-006
           6          11  -2.0813766644410049E-006
           6          12   9.7849238182967212E-004
           6          13  -2.8585537169404523E-005
           6          14  -2.7645812644010410E-005
           6          15  -5.9269093631584831E-004
           6          16  -4.2474374753301782E-005
           6          17  -4.1078036449901828E-005
           6          18   1.6435844868797294E-010
           6          19  -2.6497474850661302E-011
           6          20   1.3246096260863215E-010
           6          21   2.0299656992280996E-011
           6          22  -9.5935935051193200E-013
           6          23   1.2576824164840339E-010
           6          24   8.2851261424393777E-011
           6          25   3.2195324305294222E-011
           6          26   1.2231258147861461E-010
           6          27  -3.1982570379639485E-011
           6          28  -9.8029538573249640E-012
           6          29   1.2471833481252824E-010
           7           1   1.0321527461597175E-011
           7           2   1.5376558453207694E-010
           7           3   2.5078167252846881E-010
           7           4   1.7155623619043652E-011
           7           5   3.2194676986036219E-010
           7           6   1.3236318866078525E-007
           7           7   2.0000302675258843     
           7           8   1.1906453691600787E-006
           7           9  -2.1521291741891609E-006
           7          10   1.3798548689221383E-005
           7          11  -1.9355206084519801E-005
           7          12  -2.8585489963394433E-005
           7          13   7.1574344085982350E-004
           7          14  -2.5708386380702961E-004
           7          15  -4.2474323596211676E-005
           7          16  -9.8310267852432008E-004
           7          17  -3.8199396081027397E-004
           7          18  -1.5946793532073295E-010
           7          19   1.7787788274567696E-011
           7          20  -2.0981722931263310E-010
           7          21   4.3615467660587530E-012
           7          22   2.2068892250142973E-011
           7          23  -1.5465297434716367E-010
           7          24  -1.5768180282659591E-010
           7          25  -2.4584566332392141E-011
           7          26  -9.1063825959348369E-011
           7          27   5.6743432143787260E-012
           7          28  -1.9728848931853941E-011
           7          29  -1.4041642806161451E-010
           8           1  -8.8959926337756664E-012
           8           2  -1.3452905766755170E-010
           8           3  -2.1634052493082535E-010
           8           4  -2.1407585878765498E-011
           8           5  -3.1128606422344653E-010
           8           6   1.2800945879547840E-007
           8           7   1.1906453691600787E-006
           8           8   2.0000301878676749     
           8           9  -2.0813766750275975E-006
           8          10  -1.9355206561152345E-005
           8          11   1.5092804576447764E-005
           8          12  -2.7645819310836569E-005
           8          13  -2.5708388572131586E-004
           8          14   7.3293410446891266E-004
           8          15  -4.1078045174138060E-005
           8          16  -3.8199398343278742E-004
           8          17  -9.5755914793706036E-004
           8          18   1.3849196870261613E-010
           8          19   6.0010792135620555E-012
           8          20   1.4212688322664784E-010
           8          21   2.1436526123606727E-011
           8          22  -2.8292093340368979E-011
           8          23   1.8334120840403188E-010
           8          24   1.4475471749053169E-010
           8          25   1.9368763347424258E-012
           8          26   1.2869388302010098E-010
           8          27  -2.6444461166023412E-011
           8          28   2.0047977092473231E-011
           8          29   8.8743559047357371E-011
           9           1  -1.5331160921662568E-010
           9           2  -1.4457291930584081E-009
           9           3  -3.3494564635906306E-009
           9           4  -1.4183045914151943E-009
           9           5   4.3504766015759038E-009
           9           6   3.3580266826830427E-005
           9           7  -2.1521291741891609E-006
           9           8  -2.0813766750275975E-006
           9           9   1.9982062849750049     
           9          10  -9.5680203017747977E-005
           9          11  -9.2534582118910386E-005
           9          12  -1.1323141458221997E-002
           9          13  -4.6055459356383915E-004
           9          14  -4.4541409357521717E-004
           9          15  -6.0265521476495004E-003
           9          16  -1.8389202275386805E-004
           9          17  -1.7784731611752077E-004
           9          18   1.1599455089553596E-009
           9          19  -3.3085768987456916E-010
           9          20   7.8487356503482623E-010
           9          21   2.3854467866638664E-010
           9          22  -1.2502259501689346E-011
           9          23   6.9009664825185685E-010
           9          24  -1.9865048050149661E-009
           9          25   1.6163885802873550E-010
           9          26  -1.8530539435113725E-009
           9          27  -1.8188854555981284E-010
           9          28  -1.5131043555865301E-010
           9          29  -1.8464154798183293E-009
          10           1   1.7582108990929204E-010
          10           2   1.6668710669663559E-009
          10           3   3.8158551346252421E-009
          10           4   1.3201067864293037E-009
          10           5  -5.2628260864511353E-009
          10           6  -2.1521299874773477E-006
          10           7   1.3798548689221383E-005
          10           8  -1.9355206561152345E-005
          10           9  -9.5680203017747977E-005
          10          10   1.9973268180479873     
          10          11  -8.6050409111435174E-004
          10          12  -4.6055385967408023E-004
          10          13  -1.5556417876411386E-002
          10          14  -4.1420019786059924E-003
          10          15  -1.8389114449051687E-004
          10          16  -7.7168159267489303E-003
          10          17  -1.6538216457513131E-003
          10          18  -8.4337441739946244E-010
          10          19   2.1412172462895595E-010
          10          20  -1.4967626050997607E-009
          10          21   8.5646656839918436E-011
          10          22   2.5753558251951313E-010
          10          23  -7.3631303605425605E-010
          10          24   2.0208837144325569E-009
          10          25  -1.1658263982340539E-010
          10          26   2.4802498025926164E-009
          10          27   2.6684497898198395E-011
          10          28   3.3725142485096319E-011
          10          29   2.1575549166927241E-009
          11           1  -1.6549197678825915E-010
          11           2  -1.5673613647023337E-009
          11           3  -3.5968196800439595E-009
          11           4  -1.4027002186144821E-009
          11           5   4.7696607183192457E-009
          11           6  -2.0813766644410049E-006
          11           7  -1.9355206084519801E-005
          11           8   1.5092804576447764E-005
          11           9  -9.2534582118910386E-005
          11          10  -8.6050409111435174E-004
          11          11   1.9973843600712824     
          11          12  -4.4541416669638032E-004
          11          13  -4.1420023505258988E-003
          11          14  -1.5279447825242414E-002
          11          15  -1.7784741463791777E-004
          11          16  -1.6538220912601406E-003
          11          17  -7.6062320755382606E-003
          11          18   7.5423794802473389E-010
          11          19   1.0976329596055832E-010
          11          20   7.7765276844006726E-010
          11          21   2.8024774815749799E-010
          11          22  -3.5723391213713920E-010
          11          23   1.3558829458990240E-009
          11          24  -1.8925438416722071E-009
          11          25  -2.8659412472184715E-011
          11          26  -2.0090565710801960E-009
          11          27  -1.7515420420345601E-010
          11          28  -1.8653904083748974E-011
          11          29  -2.3331222563534512E-009
          12           1  -1.8330887681216838E-010
          12           2  -1.1098343071310701E-009
          12           3  -4.6255870996550403E-009
          12           4  -2.6744820692892930E-008
          12           5  -1.8281511104059527E-008
          12           6   9.7849238182967212E-004
          12           7  -2.8585489963394433E-005
          12           8  -2.7645819310836569E-005
          12           9  -1.1323141458221997E-002
          12          10  -4.6055385967408023E-004
          12          11  -4.4541416669638032E-004
          12          12  0.27252560654174640     
          12          13   1.1669523641822291E-002
          12          14   1.1285867723776172E-002
          12          15  0.31172184680121490     
          12          16   1.6695508142957390E-002
          12          17   1.6146628403461330E-002
          12          18  -3.0932823171115981E-009
          12          19   2.9602472954842456E-009
          12          20   1.7495274502091916E-009
          12          21  -3.3735450262434231E-009
          12          22  -2.0153178370602143E-010
          12          23   6.4555894762048982E-010
          12          24   1.3448738481638893E-008
          12          25  -1.6430809508663185E-008
          12          26  -1.1239421432770334E-008
          12          27   1.6584057962886990E-008
          12          28   5.7171719472246083E-010
          12          29  -6.8572088481741868E-009
          13           1   1.1859010291122353E-010
          13           2   6.2674972761086785E-010
          13           3   3.0066237126518590E-009
          13           4   2.9458208845350665E-008
          13           5   2.5927789260473019E-008
          13           6  -2.8585537169404523E-005
          13           7   7.1574344085982350E-004
          13           8  -2.5708388572131586E-004
          13           9  -4.6055459356383915E-004
          13          10  -1.5556417876411386E-002
          13          11  -4.1420023505258988E-003
          13          12   1.1669523641822291E-002
          13          13  0.37978868932887955     
          13          14  0.10495031770055609     
          13          15   1.6695513584752558E-002
          13          16  0.46518232349670818     
          13          17  0.15015164057424227     
          13          18  -2.1777267358167744E-009
          13          19  -2.2550820259409182E-009
          13          20   1.7226351953623303E-009
          13          21   1.7354017753376549E-009
          13          22  -3.5799949371258942E-009
          13          23   1.4524572744652527E-009
          13          24   1.3755563944313967E-008
          13          25   1.2409538764970855E-008
          13          26  -1.1768199111735210E-008
          13          27  -5.2690933506859750E-009
          13          28   1.8316990537114390E-008
          13          29   5.3543405243243019E-010
          14           1  -7.1781140188393469E-011
          14           2  -3.0987394154486315E-010
          14           3  -1.8081324769660553E-009
          14           4  -2.7280716413691600E-008
          14           5  -2.6707255398610175E-008
          14           6  -2.7645812644010410E-005
          14           7  -2.5708386380702961E-004
          14           8   7.3293410446891266E-004
          14           9  -4.4541409357521717E-004
          14          10  -4.1420019786059924E-003
          14          11  -1.5279447825242414E-002
          14          12   1.1285867723776172E-002
          14          13  0.10495031770055609     
          14          14  0.37277066385342467     
          14          15   1.6146627522499249E-002
          14          16  0.15015163800334555     
          14          17  0.45514173388820545     
          14          18   1.2297098078547407E-009
          14          19   2.1611864843525571E-009
          14          20  -1.2998077435943373E-009
          14          21  -8.7658014152501643E-010
          14          22   2.4951342455291103E-009
          14          23  -9.3402358846374767E-010
          14          24  -9.1272521084755462E-009
          14          25  -7.2981552090258707E-009
          14          26   1.1284744377579603E-010
          14          27   7.0868196950971943E-009
          14          28  -1.4785839349287586E-008
          14          29   7.5545664866644717E-009
          15           1  -2.5160461072663485E-010
          15           2  -1.5326805202203410E-009
          15           3  -7.1941337155247063E-009
          15           4  -2.9867819740937404E-008
          15           5  -1.7697728434532293E-008
          15           6  -5.9269093631584831E-004
          15           7  -4.2474323596211676E-005
          15           8  -4.1078045174138060E-005
          15           9  -6.0265521476495004E-003
          15          10  -1.8389114449051687E-004
          15          11  -1.7784741463791777E-004
          15          12  0.31172184680121490     
          15          13   1.6695513584752558E-002
          15          14   1.6146627522499249E-002
          15          15  0.35663308132248261     
          15          16   2.3389332873363949E-002
          15          17   2.2620393741565298E-002
          15          18  -5.3624867952096763E-009
          15          19   5.7009925049067727E-009
          15          20   2.7050828466974959E-009
          15          21  -5.4859660535699827E-009
          15          22  -1.6917559397767569E-010
          15          23   2.2033239961951237E-009
          15          24   1.4141639957873999E-008
          15          25  -1.8634956924062491E-008
          15          26  -1.2813717450996284E-008
          15          27   1.9055422109540679E-008
          15          28   2.0311555735249332E-009
          15          29  -7.9644870522562658E-009
          16           1   1.8733991554072001E-010
          16           2   1.0473272585656024E-009
          16           3   5.7360569431297182E-009
          16           4   3.4567223543121803E-008
          16           5   2.7972691771034867E-008
          16           6  -4.2474374753301782E-005
          16           7  -9.8310267852432008E-004
          16           8  -3.8199398343278742E-004
          16           9  -1.8389202275386805E-004
          16          10  -7.7168159267489303E-003
          16          11  -1.6538220912601406E-003
          16          12   1.6695508142957390E-002
          16          13  0.46518232349670818     
          16          14  0.15015163800334555     
          16          15   2.3389332873363949E-002
          16          16  0.57162118583081245     
          16          17  0.21035265830130445     
          16          18  -3.9679825555820354E-009
          16          19  -3.9900553954272752E-009
          16          20   5.0785378047547461E-009
          16          21   1.4140625727772480E-009
          16          22  -5.8918691304661815E-009
          16          23  -4.2987891564982233E-010
          16          24   1.7357966916683972E-008
          16          25   1.3774389139536813E-008
          16          26  -1.2990909608609578E-008
          16          27  -6.4787807392086729E-009
          16          28   1.9373984236871182E-008
          16          29   4.0403011410176963E-010
          17           1  -1.3249932718850367E-010
          17           2  -6.7967593092137998E-010
          17           3  -4.2819512748154780E-009
          17           4  -3.1047773712847409E-008
          17           5  -2.7575767509149129E-008
          17           6  -4.1078036449901828E-005
          17           7  -3.8199396081027397E-004
          17           8  -9.5755914793706036E-004
          17           9  -1.7784731611752077E-004
          17          10  -1.6538216457513131E-003
          17          11  -7.6062320755382606E-003
          17          12   1.6146628403461330E-002
          17          13  0.15015164057424227     
          17          14  0.45514173388820545     
          17          15   2.2620393741565298E-002
          17          16  0.21035265830130445     
          17          17  0.55755502175041238     
          17          18   3.0566545034689262E-009
          17          19   1.7105523450120688E-009
          17          20  -2.3062758132013231E-010
          17          21  -2.8782838322701393E-009
          17          22   5.3433180248405828E-009
          17          23  -3.5537068167616475E-009
          17          24  -1.1847008469591454E-008
          17          25  -8.3617973076077412E-009
          17          26   4.0331429226698257E-010
          17          27   7.9920196719800485E-009
          17          28  -1.5144110598362360E-008
          17          29   8.0810077807908765E-009
          18           1   1.4370182330111241E-002
          18           2  -7.8410539247914385E-003
          18           3  -5.3532049911697341E-002
          18           4  -8.4415293139506213E-004
          18           5  -1.2819699846182081E-003
          18           6   1.6435844868797294E-010
          18           7  -1.5946793532073295E-010
          18           8   1.3849196870261613E-010
          18           9   1.1599455089553596E-009
          18          10  -8.4337441739946244E-010
          18          11   7.5423794802473389E-010
          18          12  -3.0932823171115981E-009
          18          13  -2.1777267358167744E-009
          18          14   1.2297098078547407E-009
          18          15  -5.3624867952096763E-009
          18          16  -3.9679825555820354E-009
          18          17   3.0566545034689262E-009
          18          18   2.0049533802925552     
          18          19  -1.5561291985206934E-004
          18          20 -0.99931853283688077     
          18          21  -1.5049552735869326E-004
          18          22  -1.2422164397582285E-003
          18          23 -0.99924658455456061     
          18          24  -7.1842433999585462E-003
          18          25   7.3733584319445565E-005
          18          26   8.5692523576950041E-004
          18          27   7.1306225639598014E-005
          18          28   2.2179267224423701E-004
          18          29   8.4405839910632878E-004
          19           1   1.7610528034306359E-005
          19           2   1.8162836275239705E-004
          19           3   3.0828145989777859E-004
          19           4  -3.7099747918404555E-004
          19           5  -9.3071096882668301E-004
          19           6  -2.6497474850661302E-011
          19           7   1.7787788274567696E-011
          19           8   6.0010792135620555E-012
          19           9  -3.3085768987456916E-010
          19          10   2.1412172462895595E-010
          19          11   1.0976329596055832E-010
          19          12   2.9602472954842456E-009
          19          13  -2.2550820259409182E-009
          19          14   2.1611864843525571E-009
          19          15   5.7009925049067727E-009
          19          16  -3.9900553954272752E-009
          19          17   1.7105523450120688E-009
          19          18  -1.5561291985206934E-004
          19          19   2.0020240713033219     
          19          20  -1.4003324804042863E-004
          19          21  -8.8926697896315251E-005
          19          22   7.8334489308707063E-006
          19          23  -1.2356608349389664E-004
          19          24   5.3663339897636790E-004
          19          25  -4.9777135011891448E-003
          19          26   4.7090705693289959E-004
          19          27   2.4682813240936216E-004
          19          28  -4.6851362239016617E-005
          19          29   4.2614333028197454E-004
          20           1   1.4510367211210389E-002
          20           2  -6.3952399199037405E-003
          20           3  -5.1078039769912612E-002
          20           4  -3.7973973912739669E-003
          20           5  -8.6906965337345352E-003
          20           6   1.3246096260863215E-010
          20           7  -2.0981722931263310E-010
          20           8   1.4212688322664784E-010
          20           9   7.8487356503482623E-010
          20          10  -1.4967626050997607E-009
          20          11   7.7765276844006726E-010
          20          12   1.7495274502091916E-009
          20          13   1.7226351953623303E-009
          20          14  -1.2998077435943373E-009
          20          15   2.7050828466974959E-009
          20          16   5.0785378047547461E-009
          20          17  -2.3062758132013231E-010
          20          18 -0.99931853283688077     
          20          19  -1.4003324804042863E-004
          20          20   2.0025999369755261     
          20          21  -1.1851706181351256E-004
          20          22  -1.2594094914712233E-003
          20          23  -1.0002301906408517     
          20          24   4.5417393440886867E-003
          20          25   8.0074176199579293E-006
          20          26  -2.8487143741142071E-003
          20          27  -3.9708566696401129E-005
          20          28   7.2045076756873337E-005
          20          29   4.2362451037721068E-003
          21           1   1.7031532871306491E-005
          21           2   1.7565687294158000E-004
          21           3   2.9814566713249311E-004
          21           4  -3.5880092595851754E-004
          21           5  -9.0011184994592157E-004
          21           6   2.0299656992280996E-011
          21           7   4.3615467660587530E-012
          21           8   2.1436526123606727E-011
          21           9   2.3854467866638664E-010
          21          10   8.5646656839918436E-011
          21          11   2.8024774815749799E-010
          21          12  -3.3735450262434231E-009
          21          13   1.7354017753376549E-009
          21          14  -8.7658014152501643E-010
          21          15  -5.4859660535699827E-009
          21          16   1.4140625727772480E-009
          21          17  -2.8782838322701393E-009
          21          18  -1.5049552735869326E-004
          21          19  -8.8926697896315251E-005
          21          20  -1.1851706181351256E-004
          21          21   2.0020300272353380     
          21          22   6.9223527805495433E-006
          21          23  -1.3641722722771611E-004
          21          24   5.1898731107175521E-004
          21          25   2.4682843166774966E-004
          21          26   4.0797248729977143E-004
          21          27  -4.9942416311988796E-003
          21          28  -4.3477415761980268E-005
          21          29   4.5958917397318503E-004
          22           1   1.5838126524000398E-004
          22           2   1.6334846914183275E-003
          22           3   2.7725471584884743E-003
          22           4  -3.3365849443951017E-003
          22           5  -8.3704005839528133E-003
          22           6  -9.5935935051193200E-013
          22           7   2.2068892250142973E-011
          22           8  -2.8292093340368979E-011
          22           9  -1.2502259501689346E-011
          22          10   2.5753558251951313E-010
          22          11  -3.5723391213713920E-010
          22          12  -2.0153178370602143E-010
          22          13  -3.5799949371258942E-009
          22          14   2.4951342455291103E-009
          22          15  -1.6917559397767569E-010
          22          16  -5.8918691304661815E-009
          22          17   5.3433180248405828E-009
          22          18  -1.2422164397582285E-003
          22          19   7.8334489308707063E-006
          22          20  -1.2594094914712233E-003
          22          21   6.9223527805495433E-006
          22          22   2.0020936651083359     
          22          23  -1.2685820012816806E-003
          22          24   4.3849063571047859E-003
          22          25  -4.6851225782735487E-005
          22          26   4.2351584521338331E-003
          22          27  -4.3477200455290974E-005
          22          28  -5.3938946097706478E-003
          22          29   4.2738452380933758E-003
          23           1   1.4501195033286335E-002
          23           2  -6.4898381643510679E-003
          23           3  -5.1238604226839790E-002
          23           4  -3.6041724021672575E-003
          23           5  -8.2059519678742282E-003
          23           6   1.2576824164840339E-010
          23           7  -1.5465297434716367E-010
          23           8   1.8334120840403188E-010
          23           9   6.9009664825185685E-010
          23          10  -7.3631303605425605E-010
          23          11   1.3558829458990240E-009
          23          12   6.4555894762048982E-010
          23          13   1.4524572744652527E-009
          23          14  -9.3402358846374767E-010
          23          15   2.2033239961951237E-009
          23          16  -4.2987891564982233E-010
          23          17  -3.5537068167616475E-009
          23          18 -0.99924658455456061     
          23          19  -1.2356608349389664E-004
          23          20  -1.0002301906408517     
          23          21  -1.3641722722771611E-004
          23          22  -1.2685820012816806E-003
          23          23   2.0027463280100739     
          23          24   4.2877796737096846E-003
          23          25  -3.6756454458462953E-005
          23          26   3.9951525988520011E-003
          23          27   1.1907988646346301E-005
          23          28   1.1073133065370654E-004
          23          29  -3.1003686869960443E-003
          24           1   2.8845538707137162E-003
          24           2  -1.6016589164859266E-002
          24           3  -3.1618004754959218E-002
          24           4   2.1467296500992071E-002
          24           5   2.1157898710599039E-002
          24           6   8.2851261424393777E-011
          24           7  -1.5768180282659591E-010
          24           8   1.4475471749053169E-010
          24           9  -1.9865048050149661E-009
          24          10   2.0208837144325569E-009
          24          11  -1.8925438416722071E-009
          24          12   1.3448738481638893E-008
          24          13   1.3755563944313967E-008
          24          14  -9.1272521084755462E-009
          24          15   1.4141639957873999E-008
          24          16   1.7357966916683972E-008
          24          17  -1.1847008469591454E-008
          24          18  -7.1842433999585462E-003
          24          19   5.3663339897636790E-004
          24          20   4.5417393440886867E-003
          24          21   5.1898731107175521E-004
          24          22   4.3849063571047859E-003
          24          23   4.2877796737096846E-003
          24          24   3.7969321356000831E-003
          24          25  -2.3727866461762957E-004
          24          26   1.8515529100601596E-003
          24          27  -2.2947793944285018E-004
          24          28  -2.1083346725561604E-003
          24          29   1.9736471087938596E-003
          25           1  -7.5776034555871527E-006
          25           2  -5.9850736004069679E-005
          25           3  -1.5381593485827024E-004
          25           4   4.6463299474719540E-004
          25           5   1.0647284266828659E-003
          25           6   3.2195324305294222E-011
          25           7  -2.4584566332392141E-011
          25           8   1.9368763347424258E-012
          25           9   1.6163885802873550E-010
          25          10  -1.1658263982340539E-010
          25          11  -2.8659412472184715E-011
          25          12  -1.6430809508663185E-008
          25          13   1.2409538764970855E-008
          25          14  -7.2981552090258707E-009
          25          15  -1.8634956924062491E-008
          25          16   1.3774389139536813E-008
          25          17  -8.3617973076077412E-009
          25          18   7.3733584319445565E-005
          25          19  -4.9777135011891448E-003
          25          20   8.0074176199579293E-006
          25          21   2.4682843166774966E-004
          25          22  -4.6851225782735487E-005
          25          23  -3.6756454458462953E-005
          25          24  -2.3727866461762957E-004
          25          25   6.8867797175643466E-005
          25          26   1.0652310159874894E-005
          25          27   1.5321641624740871E-005
          25          28   2.7852178363953174E-004
          25          29  -2.7187289548796502E-006
          26           1   2.8242342565896923E-003
          26           2  -1.6493015992448012E-002
          26           3  -3.2842417716823322E-002
          26           4   2.5165911152177561E-002
          26           5   2.9633428389518556E-002
          26           6   1.2231258147861461E-010
          26           7  -9.1063825959348369E-011
          26           8   1.2869388302010098E-010
          26           9  -1.8530539435113725E-009
          26          10   2.4802498025926164E-009
          26          11  -2.0090565710801960E-009
          26          12  -1.1239421432770334E-008
          26          13  -1.1768199111735210E-008
          26          14   1.1284744377579603E-010
          26          15  -1.2813717450996284E-008
          26          16  -1.2990909608609578E-008
          26          17   4.0331429226698257E-010
          26          18   8.5692523576950041E-004
          26          19   4.7090705693289959E-004
          26          20  -2.8487143741142071E-003
          26          21   4.0797248729977143E-004
          26          22   4.2351584521338331E-003
          26          23   3.9951525988520011E-003
          26          24   1.8515529100601596E-003
          26          25   1.0652310159874894E-005
          26          26   1.9929314186385412E-003
          26          27   1.3058815142159171E-005
          26          28   9.5802795986328583E-005
          26          29   1.9520062735249627E-003
          27           1  -7.3284835240479660E-006
          27           2  -5.7883092438856802E-005
          27           3  -1.4875914782093853E-004
          27           4   4.4935766999366997E-004
          27           5   1.0297244337905736E-003
          27           6  -3.1982570379639485E-011
          27           7   5.6743432143787260E-012
          27           8  -2.6444461166023412E-011
          27           9  -1.8188854555981284E-010
          27          10   2.6684497898198395E-011
          27          11  -1.7515420420345601E-010
          27          12   1.6584057962886990E-008
          27          13  -5.2690933506859750E-009
          27          14   7.0868196950971943E-009
          27          15   1.9055422109540679E-008
          27          16  -6.4787807392086729E-009
          27          17   7.9920196719800485E-009
          27          18   7.1306225639598014E-005
          27          19   2.4682813240936216E-004
          27          20  -3.9708566696401129E-005
          27          21  -4.9942416311988796E-003
          27          22  -4.3477200455290974E-005
          27          23   1.1907988646346301E-005
          27          24  -2.2947793944285018E-004
          27          25   1.5321641624740871E-005
          27          26   1.3058815142159171E-005
          27          27   6.7843207281898874E-005
          27          28   2.6925871705132986E-004
          27          29  -5.3860632523950537E-006
          28           1  -6.8149332330713256E-005
