           1           1   2.2169861194497873     
           1           2 -0.55784137131299105     
           1           3   1.0150251139262974     
           1           4  -3.1505617650507411E-002
           1           5  -1.2728911425979197E-013
           1           6   8.2519656076362894E-014
           1           7   9.8685507855844790E-014
           1           8   1.2093627105504207E-014
           1           9  -1.3111225607094994E-014
           1          10  -2.2520987128035413E-014
           1          11  -7.1812200882229981E-015
           1          12   1.2881920206666180E-014
           1          13   1.8502747671593243E-014
           1          14 -0.33266651163830274     
           1          15  -2.0327692763007065E-003
           1          16 -0.33066709441504494     
           1          17   1.0949221343071547E-003
           1          18  -1.9142392368552788E-003
           1          19 -0.33277658795181542     
           2           1 -0.55784137131299105     
           2           2   1.9472165362057634     
           2           3 -0.62901409747318704     
           2           4   8.2264879319079304E-003
           2           5   4.1715740451384037E-013
           2           6  -2.6278094301118388E-013
           2           7  -3.3319146114493599E-013
           2           8  -6.9898046430164737E-014
           2           9   5.8090442102712559E-014
           2          10   9.7242571867291875E-014
           2          11   2.8659883339296380E-014
           2          12  -4.6902364795901487E-014
           2          13  -6.2294879374347484E-014
           2          14  0.32313280298101432     
           2          15   3.1563945872578402E-004
           2          16  0.32283696152038366     
           2          17  -1.7014416792217443E-004
           2          18   2.9724645401860682E-004
           2          19  0.32314911718198069     
           3           1   1.0150251139262974     
           3           2 -0.62901409747318704     
           3           3   12.412055697923257     
           3           4 -0.40802410135278311     
           3           5  -3.5269680384629904E-013
           3           6   2.1865902731161915E-013
           3           7   2.4161033129320909E-013
           3           8  -1.2502595222911746E-013
           3           9   6.6920428911656943E-014
           3          10   2.1683420742265017E-014
           3          11  -5.1247339060147970E-015
           3          12   3.2837440057266261E-014
           3          13   3.4646354495215930E-014
           3          14  -3.5161741496095478     
           3          15  -3.2281873924997068E-002
           3          16  -3.4843595498632594     
           3          17   1.7387617474884862E-002
           3          18  -3.0399479108397687E-002
           3          19  -3.5179255621290078     
           4           1  -3.1505617650507411E-002
           4           2   8.2264879319079304E-003
           4           3 -0.40802410135278311     
           4           4   4.8032635548510692E-002
           4           5   2.1051315236629670E-014
           4           6  -1.2867851838433163E-014
           4           7  -1.3131274061291477E-014
           4           8  -1.6958319788702462E-014
           4           9   9.7811501575997282E-015
           4          10   8.5278633079895824E-015
           4          11   2.7707080564485671E-015
           4          12  -3.9817631788441346E-015
           4          13  -2.4933470784500129E-015
           4          14  0.14095564004761993     
           4          15  -2.3183962665419659E-003
           4          16  0.14324123002220807     
           4          17   1.2487246711731933E-003
           4          18  -2.1832071894980123E-003
           4          19  0.14082981834911651     
           5           1  -1.2728911425979197E-013
           5           2   4.1715740451384037E-013
           5           3  -3.5269680384629904E-013
           5           4   2.1051315236629670E-014
           5           5   2.1622389667218078     
           5           6   1.8073121333279766E-002
           5           7  -9.7298771037973904E-003
           5           8 -0.46325881760563664     
           5           9  -9.0783746254068917E-002
           5          10   4.8874495876059618E-002
           5          11  0.13721934587234524     
           5          12   1.2370476890999401E-002
           5          13  -6.6597915016859714E-003
           5          14   1.4545190339804371E-013
           5          15   3.4625532876454518E-015
           5          16   1.5161401237406099E-013
           5          17   1.4384071291370216E-015
           5          18  -6.5794890466491392E-017
           5          19   1.5024867451212730E-013
           6           1   8.2519656076362894E-014
           6           2  -2.6278094301118388E-013
           6           3   2.1865902731161915E-013
           6           4  -1.2867851838433163E-014
           6           5   1.8073121333279766E-002
           6           6   2.1409593323028906     
           6           7   1.7018832273747026E-002
           6           8  -9.0783746254068723E-002
           6           9 -0.35636832006355079     
           6          10  -8.5487908932707871E-002
           6          11   1.2370476891000029E-002
           6          12  0.12265411273015439     
           6          13   1.1648849552347079E-002
           6          14  -9.2617315645800196E-014
           6          15  -3.8726486739289026E-015
           6          16  -9.0176376046640306E-014
           6          17  -6.1112843171544570E-016
           6          18   2.5270260882349102E-015
           6          19  -9.3995060772065195E-014
           7           1   9.8685507855844790E-014
           7           2  -3.3319146114493599E-013
           7           3   2.4161033129320909E-013
           7           4  -1.3131274061291477E-014
           7           5  -9.7298771037973904E-003
           7           6   1.7018832273747026E-002
           7           7   2.1634093057250166     
           7           8   4.8874495876061012E-002
           7           9  -8.5487908932707413E-002
           7          10 -0.46913758957601542     
           7          11  -6.6597915016867581E-003
           7          12   1.1648849552347663E-002
           7          13  0.13802040570747534     
           7          14  -1.0117713062223966E-013
           7          15  -3.4026587376275831E-016
           7          16  -1.0270720768300317E-013
           7          17  -3.8173660227616654E-015
           7          18   2.5809184555027221E-015
           7          19  -9.8157638973031267E-014
           8           1   1.2093627105504207E-014
           8           2  -6.9898046430164737E-014
           8           3  -1.2502595222911746E-013
           8           4  -1.6958319788702462E-014
           8           5 -0.46325881760563664     
           8           6  -9.0783746254068723E-002
           8           7   4.8874495876061012E-002
           8           8   1.0642212435734137     
           8           9  0.45670908392757542     
           8          10 -0.24587469850062696     
           8          11 -0.15276438374234028     
           8          12  -6.1435802707168606E-002
           8          13   3.3074685832537018E-002
           8          14   9.7330050313268546E-015
           8          15   8.8182785772273563E-016
           8          16   1.1533115447609062E-014
           8          17   3.5514306894708870E-015
           8          18   3.0454244006018268E-015
           8          19   1.2711464817683783E-014
           9           1  -1.3111225607094994E-014
           9           2   5.8090442102712559E-014
           9           3   6.6920428911656943E-014
           9           4   9.7811501575997282E-015
           9           5  -9.0783746254068917E-002
           9           6 -0.35636832006355079     
           9           7  -8.5487908932707413E-002
           9           8  0.45670908392757542     
           9           9  0.52648334194089386     
           9          10  0.43006712309789485     
           9          11  -6.1435802707169432E-002
           9          12  -8.0428709249598940E-002
           9          13  -5.7851967160942111E-002
           9          14  -2.9964902617738869E-015
           9          15  -1.7246372052717145E-015
           9          16   1.3613511838044802E-015
           9          17   5.5959099634202649E-015
           9          18  -5.4338772717741738E-016
           9          19  -2.3281150763651717E-015
          10           1  -2.2520987128035413E-014
          10           2   9.7242571867291875E-014
          10           3   2.1683420742265017E-014
          10           4   8.5278633079895824E-015
          10           5   4.8874495876059618E-002
          10           6  -8.5487908932707871E-002
          10           7 -0.46913758957601542     
          10           8 -0.24587469850062696     
          10           9  0.43006712309789485     
          10          10   1.0937957948780401     
          10          11   3.3074685832535394E-002
          10          12  -5.7851967160943055E-002
          10          13 -0.15674270684351302     
          10          14   1.1385044993562755E-014
          10          15  -9.8747959197745863E-016
          10          16   1.3425837232864899E-014
          10          17   4.5708286695392015E-015
          10          18  -1.7856270987817600E-016
          10          19   8.7751303473890307E-015
          11           1  -7.1812200882229981E-015
          11           2   2.8659883339296380E-014
          11           3  -5.1247339060147970E-015
          11           4   2.7707080564485671E-015
          11           5  0.13721934587234524     
          11           6   1.2370476891000029E-002
          11           7  -6.6597915016867581E-003
          11           8 -0.15276438374234028     
          11           9  -6.1435802707169432E-002
          11          10   3.3074685832535394E-002
          11          11   2.4598576107219688E-002
          11          12   8.2731980464647841E-003
          11          13  -4.4539733210852226E-003
          11          14   7.1977751722536589E-015
          11          15   5.1869758187076734E-017
          11          16   7.0867361415471301E-015
          11          17  -4.5485229668891103E-016
          11          18  -3.3606202345619710E-016
          11          19   6.9371714087728918E-015
          12           1   1.2881920206666180E-014
          12           2  -4.6902364795901487E-014
          12           3   3.2837440057266261E-014
          12           4  -3.9817631788441346E-015
          12           5   1.2370476890999401E-002
          12           6  0.12265411273015439     
          12           7   1.1648849552347663E-002
          12           8  -6.1435802707168606E-002
          12           9  -8.0428709249598940E-002
          12          10  -5.7851967160943055E-002
          12          11   8.2731980464647841E-003
          12          12   1.4857556465048827E-002
          12          13   7.7905840016672789E-003
          12          14  -1.6780024779388198E-014
          12          15   1.7786366041948670E-016
          12          16  -1.7339295147093036E-014
          12          17  -7.6804433600162720E-016
          12          18   2.0526919439640952E-016
          12          19  -1.6909073877330321E-014
          13           1   1.8502747671593243E-014
          13           2  -6.2294879374347484E-014
          13           3   3.4646354495215930E-014
          13           4  -2.4933470784500129E-015
          13           5  -6.6597915016859714E-003
          13           6   1.1648849552347079E-002
          13           7  0.13802040570747534     
          13           8   3.3074685832537018E-002
          13           9  -5.7851967160942111E-002
          13          10 -0.15674270684351302     
          13          11  -4.4539733210852226E-003
          13          12   7.7905840016672789E-003
          13          13   2.5134313469775432E-002
          13          14  -1.6766095360555077E-014
          13          15   8.9879514532895102E-017
          13          16  -1.7048031135050799E-014
          13          17  -6.8105331567063530E-016
          13          18   7.5050817401767818E-017
          13          19  -1.6351141152286863E-014
          14           1 -0.33266651163830274     
          14           2  0.32313280298101432     
          14           3  -3.5161741496095478     
          14           4  0.14095564004761993     
          14           5   1.4545190339804371E-013
          14           6  -9.2617315645800196E-014
          14           7  -1.0117713062223966E-013
          14           8   9.7330050313268546E-015
          14           9  -2.9964902617738869E-015
          14          10   1.1385044993562755E-014
          14          11   7.1977751722536589E-015
          14          12  -1.6780024779388198E-014
          14          13  -1.6766095360555077E-014
          14          14   1.0283372766483041     
          14          15   6.4634089599895344E-003
          14          16   1.0219688507595397     
          14          17  -3.4813248664393869E-003
          14          18   6.0865209785826982E-003
          14          19   1.0286878648756710     
          15           1  -2.0327692763007065E-003
          15           2   3.1563945872578402E-004
          15           3  -3.2281873924997068E-002
          15           4  -2.3183962665419659E-003
          15           5   3.4625532876454518E-015
          15           6  -3.8726486739289026E-015
          15           7  -3.4026587376275831E-016
          15           8   8.8182785772273563E-016
          15           9  -1.7246372052717145E-015
          15          10  -9.8747959197745863E-016
          15          11   5.1869758187076734E-017
          15          12   1.7786366041948670E-016
          15          13   8.9879514532895102E-017
          15          14   6.4634089599895344E-003
          15          15   4.1725906323516657E-004
          15          16   6.0520957233054949E-003
          15          17  -2.2474265718492448E-004
          15          18   3.9292811049547504E-004
          15          19   6.4860518243709418E-003
          16           1 -0.33066709441504494     
          16           2  0.32283696152038366     
          16           3  -3.4843595498632594     
          16           4  0.14324123002220807     
          16           5   1.5161401237406099E-013
          16           6  -9.0176376046640306E-014
          16           7  -1.0270720768300317E-013
          16           8   1.1533115447609062E-014
          16           9   1.3613511838044802E-015
          16          10   1.3425837232864899E-014
          16          11   7.0867361415471301E-015
          16          12  -1.7339295147093036E-014
          16          13  -1.7048031135050799E-014
          16          14   1.0219688507595397     
          16          15   6.0520957233054949E-003
          16          16   1.0160058772432843     
          16          17  -3.2597847322147658E-003
          16          18   5.6991919854642156E-003
          16          19   1.0222971187645389     
          17           1   1.0949221343071547E-003
          17           2  -1.7014416792217443E-004
          17           3   1.7387617474884862E-002
          17           4   1.2487246711731933E-003
          17           5   1.4384071291370216E-015
          17           6  -6.1112843171544570E-016
          17           7  -3.8173660227616654E-015
          17           8   3.5514306894708870E-015
          17           9   5.5959099634202649E-015
          17          10   4.5708286695392015E-015
          17          11  -4.5485229668891103E-016
          17          12  -7.6804433600162720E-016
          17          13  -6.8105331567063530E-016
          17          14  -3.4813248664393869E-003
          17          15  -2.2474265718492448E-004
          17          16  -3.2597847322147658E-003
          17          17   1.2105012548954088E-004
          17          18  -2.1163760219233298E-004
          17          19  -3.4935206889135316E-003
          18           1  -1.9142392368552788E-003
          18           2   2.9724645401860682E-004
          18           3  -3.0399479108397687E-002
          18           4  -2.1832071894980123E-003
          18           5  -6.5794890466491392E-017
          18           6   2.5270260882349102E-015
          18           7   2.5809184555027221E-015
          18           8   3.0454244006018268E-015
          18           9  -5.4338772717741738E-016
          18          10  -1.7856270987817600E-016
          18          11  -3.3606202345619710E-016
          18          12   2.0526919439640952E-016
          18          13   7.5050817401767818E-017
          18          14   6.0865209785826982E-003
          18          15   3.9292811049547504E-004
          18          16   5.6991919854642156E-003
          18          17  -2.1163760219233298E-004
          18          18   3.7001592924200476E-004
          18          19   6.1078435062334431E-003
          19           1 -0.33277658795181542     
          19           2  0.32314911718198069     
          19           3  -3.5179255621290078     
          19           4  0.14082981834911651     
          19           5   1.5024867451212730E-013
          19           6  -9.3995060772065195E-014
          19           7  -9.8157638973031267E-014
          19           8   1.2711464817683783E-014
          19           9  -2.3281150763651717E-015
          19          10   8.7751303473890307E-015
          19          11   6.9371714087728918E-015
          19          12  -1.6909073877330321E-014
          19          13  -1.6351141152286863E-014
          19          14   1.0286878648756710     
          19          15   6.4860518243709418E-003
          19          16   1.0222971187645389     
          19          17  -3.4935206889135316E-003
          19          18   6.1078435062334431E-003
          19          19   1.0290396818350931     
