           1           1   2.1637162344567082     
           1           2 -0.60330958954474001     
           1           3   8.5260605704621309E-002
           1           4   8.4528534388405130E-002
           1           5   1.0094414711298205E-011
           1           6   1.8167628934745830E-011
           1           7  -1.7635474620562820E-011
           1           8  -1.3002913042025775E-011
           1           9  -3.1032149743911857E-011
           1          10   3.6048516732340591E-011
           1          11  -1.9870647005535233E-012
           1          12  -2.1949323778221998E-011
           1          13   2.7041372640584798E-011
           1          14  -1.3529803657246148E-002
           1          15  -1.8179800066448317E-006
           1          16  -1.3525733159303341E-002
           1          17  -1.4490788426201962E-006
           1          18   4.2412169018101950E-006
           1          19  -1.3527413683012360E-002
           2           1 -0.60330958954474001     
           2           2   2.2613901801364849     
           2           3 -0.24023970608391906     
           2           4 -0.31722715010551716     
           2           5   1.2314912969577585E-010
           2           6   5.4727053063108225E-010
           2           7  -6.2634978955368199E-010
           2           8   7.1061956048823485E-011
           2           9  -4.5080220250570287E-011
           2          10   7.7037925990098795E-011
           2          11   3.1747516361037604E-011
           2          12  -9.4996117125228691E-011
           2          13   1.3166235402321693E-010
           2          14   2.2486804587241383E-002
           2          15  -1.8615040470466382E-004
           2          16   2.2903587182206264E-002
           2          17  -1.4837672607151062E-004
           2          18   4.3429594849565475E-004
           2          19   2.2731516914490175E-002
           3           1   8.5260605704621309E-002
           3           2 -0.24023970608391906     
           3           3  0.34937840867258352     
           3           4  0.50191141156620644     
           3           5   1.1518668821704260E-009
           3           6   3.5978296190515292E-009
           3           7  -3.9916584978372252E-009
           3           8  -3.6972723183199145E-011
           3           9  -3.8634080996010624E-010
           3          10   5.0082709811296861E-010
           3          11   2.0914374939907171E-011
           3          12  -3.7487745693420427E-010
           3          13   4.7561202187278775E-010
           3          14   1.6848471791421241E-002
           3          15  -8.6182584494602296E-004
           3          16   1.8778066187672415E-002
           3          17  -6.8694362240244358E-004
           3          18   2.0106677740563718E-003
           3          19   1.7981424216504671E-002
           4           1   8.4528534388405130E-002
           4           2 -0.31722715010551716     
           4           3  0.50191141156620644     
           4           4  0.72483277149478686     
           4           5   4.0996745581230136E-010
           4           6   4.6079112945073841E-010
           4           7  -4.2370267623789349E-010
           4           8  -2.1657752004878779E-010
           4           9   4.5286081024393992E-010
           4          10  -6.1739084854303895E-010
           4          11  -1.4095503236828443E-010
           4          12   5.8190711763761777E-010
           4          13  -7.9525104926601766E-010
           4          14   2.6765687927715918E-002
           4          15  -2.6161986410792003E-004
           4          16   2.7351447200183482E-002
           4          17  -2.0853125741204532E-004
           4          18   6.1036600588578252E-004
           4          19   2.7109611593532083E-002
           5           1   1.0094414711298205E-011
           5           2   1.2314912969577585E-010
           5           3   1.1518668821704260E-009
           5           4   4.0996745581230136E-010
           5           5   2.0348300055511377     
           5           6   1.0574278381494393E-002
           5           7   8.4284532980781861E-003
           5           8  -9.5406275676246349E-002
           5           9  -2.5195068657736394E-002
           5          10  -2.0082487325222869E-002
           5          11 -0.12414148149893689     
           5          12  -2.5645251270848470E-002
           5          13  -2.0441319135074989E-002
           5          14  -6.9184236747831537E-010
           5          15   4.8986596591388297E-011
           5          16  -4.6169296195055174E-010
           5          17  -4.2910582134893752E-010
           5          18  -9.7697453059068314E-011
           5          19  -1.9844003763289037E-010
           6           1   1.8167628934745830E-011
           6           2   5.4727053063108225E-010
           6           3   3.5978296190515292E-009
           6           4   4.6079112945073841E-010
           6           5   1.0574278381494393E-002
           6           6   2.0074917169250082     
           6           7  -2.4670117093531653E-002
           6           8  -2.5195067536101994E-002
           6           9  -3.0268821149340215E-002
           6          10   5.8780955110314725E-002
           6          11  -2.5645251110780056E-002
           6          12  -5.7840142606354734E-002
           6          13   5.9831240396233706E-002
           6          14  -1.8107428929842422E-009
           6          15   2.0620431431836224E-010
           6          16  -1.3958353854451417E-009
           6          17  -1.2000203086997338E-009
           6          18  -1.4208219039297513E-010
           6          19  -6.4510113911172630E-010
           7           1  -1.7635474620562820E-011
           7           2  -6.2634978955368199E-010
           7           3  -3.9916584978372252E-009
           7           4  -4.2370267623789349E-010
           7           5   8.4284532980781861E-003
           7           6  -2.4670117093531653E-002
           7           7   2.0187788310677903     
           7           8  -2.0082488171510419E-002
           7           9   5.8780955018512049E-002
           7          10  -5.7161040634185645E-002
           7          11  -2.0441318270548559E-002
           7          12   5.9831241828583251E-002
           7          13  -8.5212876900023646E-002
           7          14   1.9588498362232933E-009
           7          15  -2.4763038895163986E-010
           7          16   1.5184936999151455E-009
           7          17   1.2956153831408358E-009
           7          18   1.5248003521026319E-010
           7          19   7.3189983197761358E-010
           8           1  -1.3002913042025775E-011
           8           2   7.1061956048823485E-011
           8           3  -3.6972723183199145E-011
           8           4  -2.1657752004878779E-010
           8           5  -9.5406275676246349E-002
           8           6  -2.5195067536101994E-002
           8           7  -2.0082488171510419E-002
           8           8  0.27949992031783211     
           8           9   5.8325453070942460E-002
           8          10   4.6490053117607295E-002
           8          11  0.30313151584566606     
           8          12   6.3332997651317779E-002
           8          13   5.0481469923539794E-002
           8          14   1.3641166667094976E-010
           8          15   4.4832110142298212E-011
           8          16  -2.4404189676923343E-010
           8          17   1.2502318842091004E-011
           8          18  -8.3351126593810465E-011
           8          19  -5.2295258370906564E-011
           9           1  -3.1032149743911857E-011
           9           2  -4.5080220250570287E-011
           9           3  -3.8634080996010624E-010
           9           4   4.5286081024393992E-010
           9           5  -2.5195068657736394E-002
           9           6  -3.0268821149340215E-002
           9           7   5.8780955018512049E-002
           9           8   5.8325453070942460E-002
           9           9  0.12870962029048758     
           9          10 -0.13607527625986618     
           9          11   6.3332996914891540E-002
           9          12  0.13939506676143798     
           9          13 -0.14775803541377242     
           9          14   9.5868317218831683E-011
           9          15  -1.2156032871279901E-010
           9          16  -2.6512321682387696E-010
           9          17  -3.7288149877828835E-011
           9          18  -2.4263407907987877E-010
           9          19  -2.1228173481346250E-011
          10           1   3.6048516732340591E-011
          10           2   7.7037925990098795E-011
          10           3   5.0082709811296861E-010
          10           4  -6.1739084854303895E-010
          10           5  -2.0082487325222869E-002
          10           6   5.8780955110314725E-002
          10           7  -5.7161040634185645E-002
          10           8   4.6490053117607295E-002
          10           9 -0.13607527625986618     
          10          10  0.19096392618016522     
          10          11   5.0481469891428717E-002
          10          12 -0.14775803643763369     
          10          13  0.20699422384824634     
          10          14  -6.1459289336372554E-011
          10          15   1.7092831374975444E-010
          10          16   2.2962620807352451E-010
          10          17   5.1278006172725524E-011
          10          18   2.7044119409671401E-010
          10          19   5.7437826280766905E-012
          11           1  -1.9870647005535233E-012
          11           2   3.1747516361037604E-011
          11           3   2.0914374939907171E-011
          11           4  -1.4095503236828443E-010
          11           5 -0.12414148149893689     
          11           6  -2.5645251110780056E-002
          11           7  -2.0441318270548559E-002
          11           8  0.30313151584566606     
          11           9   6.3332996914891540E-002
          11          10   5.0481469891428717E-002
          11          11  0.32898066919992464     
          11          12   6.8729438018206288E-002
          11          13   5.4782868870282768E-002
          11          14   1.5365756649857768E-010
          11          15   4.6208846414078298E-011
          11          16  -2.5571732309022230E-010
          11          17   1.5628408422544437E-011
          11          18  -8.4956137543885492E-011
          11          19  -5.2244350404986700E-011
          12           1  -2.1949323778221998E-011
          12           2  -9.4996117125228691E-011
          12           3  -3.7487745693420427E-010
          12           4   5.8190711763761777E-010
          12           5  -2.5645251270848470E-002
          12           6  -5.7840142606354734E-002
          12           7   5.9831241828583251E-002
          12           8   6.3332997651317779E-002
          12           9  0.13939506676143798     
          12          10 -0.14775803643763369     
          12          11   6.8729438018206288E-002
          12          12  0.15129264399596914     
          12          13 -0.16034810237847152     
          12          14   1.1594634368486178E-010
          12          15  -1.3697544059131723E-010
          12          16  -2.6970103158498383E-010
          12          17  -3.2928455949578763E-011
          12          18  -2.5260233706914060E-010
          12          19  -1.5873056829234294E-011
          13           1   2.7041372640584798E-011
          13           2   1.3166235402321693E-010
          13           3   4.7561202187278775E-010
          13           4  -7.9525104926601766E-010
          13           5  -2.0441319135074989E-002
          13           6   5.9831240396233706E-002
          13           7  -8.5212876900023646E-002
          13           8   5.0481469923539794E-002
          13           9 -0.14775803541377242     
          13          10  0.20699422384824634     
          13          11   5.4782868870282768E-002
          13          12 -0.16034810237847152     
          13          13  0.22465174446445388     
          13          14  -7.9500172212339208E-011
          13          15   1.9183304654083973E-010
          13          16   2.2848311336626265E-010
          13          17   4.8167463977566846E-011
          13          18   2.8007885162156923E-010
          13          19  -2.6239379261213070E-012
          14           1  -1.3529803657246148E-002
          14           2   2.2486804587241383E-002
          14           3   1.6848471791421241E-002
          14           4   2.6765687927715918E-002
          14           5  -6.9184236747831537E-010
          14           6  -1.8107428929842422E-009
          14           7   1.9588498362232933E-009
          14           8   1.3641166667094976E-010
          14           9   9.5868317218831683E-011
          14          10  -6.1459289336372554E-011
          14          11   1.5365756649857768E-010
          14          12   1.1594634368486178E-010
          14          13  -7.9500172212339208E-011
          14          14   2.7237773771236541E-003
          14          15   6.0566468099728960E-004
          14          16   1.3677195625408883E-003
          14          17   4.8276320110484468E-004
          14          18  -1.4130365356647479E-003
          14          19   1.9275728471999645E-003
          15           1  -1.8179800066448317E-006
          15           2  -1.8615040470466382E-004
          15           3  -8.6182584494602296E-004
          15           4  -2.6161986410792003E-004
          15           5   4.8986596591388297E-011
          15           6   2.0620431431836224E-010
          15           7  -2.4763038895163986E-010
          15           8   4.4832110142298212E-011
          15           9  -1.2156032871279901E-010
          15          10   1.7092831374975444E-010
          15          11   4.6208846414078298E-011
          15          12  -1.3697544059131723E-010
          15          13   1.9183304654083973E-010
          15          14   6.0566468099728960E-004
          15          15   3.3293041286080967E-004
          15          16  -1.3975262527868914E-004
          15          17   2.6537215485302791E-004
          15          18  -7.7673806052058671E-004
          15          19   1.6799562472559403E-004
          16           1  -1.3525733159303341E-002
          16           2   2.2903587182206264E-002
          16           3   1.8778066187672415E-002
          16           4   2.7351447200183482E-002
          16           5  -4.6169296195055174E-010
          16           6  -1.3958353854451417E-009
          16           7   1.5184936999151455E-009
          16           8  -2.4404189676923343E-010
          16           9  -2.6512321682387696E-010
          16          10   2.2962620807352451E-010
          16          11  -2.5571732309022230E-010
          16          12  -2.6970103158498383E-010
          16          13   2.2848311336626265E-010
          16          14   1.3677195625408883E-003
          16          15  -1.3975262527868914E-004
          16          16   1.6806200017901209E-003
          16          17  -1.1139398366967015E-004
          16          18   3.2604758038248566E-004
          16          19   1.5514377923405420E-003
          17           1  -1.4490788426201962E-006
          17           2  -1.4837672607151062E-004
          17           3  -6.8694362240244358E-004
          17           4  -2.0853125741204532E-004
          17           5  -4.2910582134893752E-010
          17           6  -1.2000203086997338E-009
          17           7   1.2956153831408358E-009
          17           8   1.2502318842091004E-011
          17           9  -3.7288149877828835E-011
          17          10   5.1278006172725524E-011
          17          11   1.5628408422544437E-011
          17          12  -3.2928455949578763E-011
          17          13   4.8167463977566846E-011
          17          14   4.8276320110484468E-004
          17          15   2.6537215485302791E-004
          17          16  -1.1139398366967015E-004
          17          17   2.1152282234060426E-004
          17          18  -6.1912232981516904E-004
          17          19   1.3390597422281058E-004
          18           1   4.2412169018101950E-006
          18           2   4.3429594849565475E-004
          18           3   2.0106677740563718E-003
          18           4   6.1036600588578252E-004
          18           5  -9.7697453059068314E-011
          18           6  -1.4208219039297513E-010
          18           7   1.5248003521026319E-010
          18           8  -8.3351126593810465E-011
          18           9  -2.4263407907987877E-010
          18          10   2.7044119409671401E-010
          18          11  -8.4956137543885492E-011
          18          12  -2.5260233706914060E-010
          18          13   2.8007885162156923E-010
          18          14  -1.4130365356647479E-003
          18          15  -7.7673806052058671E-004
          18          16   3.2604758038248566E-004
          18          17  -6.1912232981516904E-004
          18          18   1.8121565088543598E-003
          18          19  -3.9193963136817156E-004
          19           1  -1.3527413683012360E-002
          19           2   2.2731516914490175E-002
          19           3   1.7981424216504671E-002
          19           4   2.7109611593532083E-002
          19           5  -1.9844003763289037E-010
          19           6  -6.4510113911172630E-010
          19           7   7.3189983197761358E-010
          19           8  -5.2295258370906564E-011
          19           9  -2.1228173481346250E-011
          19          10   5.7437826280766905E-012
          19          11  -5.2244350404986700E-011
          19          12  -1.5873056829234294E-011
          19          13  -2.6239379261213070E-012
          19          14   1.9275728471999645E-003
          19          15   1.6799562472559403E-004
          19          16   1.5514377923405420E-003
          19          17   1.3390597422281058E-004
          19          18  -3.9193963136817156E-004
          19          19   1.7067263963768549E-003
