           1           1   2.0001690934108804     
           1           2  -1.7732575191309252E-003
           1           3   8.2448580022415827E-003
           1           4   2.3232102396025219E-003
           1           5  -1.1857475384374843E-003
           1           6   3.0400675887731200E-009
           1           7   3.3965994877981553E-009
           1           8  -2.3309660808216259E-009
           1           9   5.4555648798172364E-008
           1          10   6.4230179172019925E-008
           1          11  -6.2208334752815200E-008
           1          12  -1.5731283431722904E-007
           1          13  -1.7720460473838318E-007
           1          14   1.3063243938718136E-007
           1          15  -1.0735116184303018E-003
           1          16  -2.3152389828232504E-005
           1          17  -1.0907174706406340E-003
           1          18   3.5760507639185858E-005
           1          19   2.0174609129639209E-005
           1          20  -1.0630728653082688E-003
           1          21  -1.7986095672526477E-003
           1          22  -4.9945585977518960E-005
           1          23  -1.8599534354457360E-003
           1          24   1.1130712154603814E-004
           1          25   6.2456252462166041E-005
           1          26  -1.7977332486025527E-003
           1          27   2.5705362689995770E-009
           1          28   1.6728934163873535E-009
           1          29   6.8042305301939427E-010
           1          30   2.0561497403911124E-009
           1          31  -8.6695364410125358E-011
           1          32   4.8601574774175974E-010
           1          33  -8.1074984244355546E-010
           1          34   9.8005909173548128E-010
           1          35   1.1898871113597084E-009
           1          36  -2.1265621314283039E-009
           2           1  -1.7732575191309252E-003
           2           2   1.9221618380038872     
           2           3  -5.1214737924386668E-002
           2           4  -4.7637804780214073E-002
           2           5   6.1105319045423644E-005
           2           6   1.7749743449877947E-009
           2           7   1.6724503184375019E-009
           2           8   1.1632180349281375E-009
           2           9   2.2423423823104244E-007
           2          10   2.9390287087949642E-007
           2          11  -4.4059594329343504E-007
           2          12  -1.8749099493099752E-007
           2          13  -2.1153162663248375E-007
           2          14   1.5074993749491170E-007
           2          15   4.1985744680496130E-002
           2          16   4.3363802094622254E-004
           2          17   4.3381343234512253E-002
           2          18  -2.0653822342290851E-003
           2          19  -6.6757152108504962E-004
           2          20   4.1818985489634558E-002
           2          21   9.1983793459984101E-003
           2          22  -1.4616920867729872E-004
           2          23   9.0306484944695127E-003
           2          24   3.1566890586430947E-004
           2          25   2.0849248116047871E-004
           2          26   9.1520312962062034E-003
           2          27   5.4890068101441121E-009
           2          28   8.8897481555409972E-009
           2          29  -1.4737873478669127E-009
           2          30  -3.9231687726354366E-009
           2          31   8.2419332972853608E-009
           2          32   3.1657547698182106E-009
           2          33  -1.3497494022945097E-009
           2          34   2.0230051707753658E-009
           2          35   2.8014754610027817E-009
           2          36  -2.1932197007345644E-009
           3           1   8.2448580022415827E-003
           3           2  -5.1214737924386668E-002
           3           3   2.4395656846178770     
           3           4  0.11220516150437888     
           3           5  -4.3548439045600636E-002
           3           6   9.3846551864682221E-008
           3           7   1.0650247006491221E-007
           3           8  -8.1230486126205907E-008
           3           9   1.7603958247435325E-006
           3          10   2.1192222688364999E-006
           3          11  -2.2869813399950008E-006
           3          12  -4.4182666213388713E-006
           3          13  -4.9835450412517433E-006
           3          14   3.6919371710947733E-006
           3          15  -7.7000016093428186E-002
           3          16   6.1206769314530122E-003
           3          17  -6.2346666400630385E-002
           3          18  -2.2884480009154034E-002
           3          19  -9.4246066718739092E-003
           3          20  -7.7176581777656655E-002
           3          21  -6.6067550005833364E-002
           3          22  -2.7258046925998968E-003
           3          23  -7.0102756448844727E-002
           3          24   6.9886471464336774E-003
           3          25   3.6966193319301196E-003
           3          26  -6.6213422495933205E-002
           3          27  -7.7661222590450529E-009
           3          28  -3.7675175849631404E-008
           3          29  -4.1013955949239220E-008
           3          30  -3.0399693928357063E-008
           3          31   7.0727891696549191E-008
           3          32   4.4872516579660524E-008
           3          33   8.1672202465517644E-008
           3          34  -1.8614994952537376E-008
           3          35  -4.2257359360522962E-008
           3          36   1.1240370242094531E-007
           4           1   2.3232102396025219E-003
           4           2  -4.7637804780214073E-002
           4           3  0.11220516150437888     
           4           4  0.24359622677198323     
           4           5  0.49793790205487487     
           4           6   1.8066302574968953E-007
           4           7   1.9853083082250892E-007
           4           8  -1.2326199246407986E-007
           4           9   2.3811355188837750E-006
           4          10   2.6540246733444734E-006
           4          11  -1.7848104596394550E-006
           4          12  -8.5854061929622612E-006
           4          13  -9.5251791222699894E-006
           4          14   6.3372856920608462E-006
           4          15  -2.2276344565004831E-002
           4          16  -1.4164801059728714E-003
           4          17  -2.3132607750626973E-002
           4          18   1.9035216954388229E-003
           4          19   1.0594723805019751E-003
           4          20  -2.1413821443335947E-002
           4          21   6.1551887782588010E-003
           4          22   3.8814207180688175E-003
           4          23   1.5948949778819575E-002
           4          24  -1.5166686714722310E-002
           4          25  -6.0043727642220407E-003
           4          26   5.8780284260570572E-003
           4          27  -5.9748145166010977E-008
           4          28   8.4075465202180421E-008
           4          29  -6.4988707454655069E-009
           4          30  -1.5972581032163875E-007
           4          31   6.2040884953222327E-008
           4          32  -2.8553660630235622E-008
           4          33  -5.7365622952431961E-008
           4          34  -3.3681189384472827E-008
           4          35   3.6495915046984303E-008
           4          36  -3.9146386044089543E-008
           5           1  -1.1857475384374843E-003
           5           2   6.1105319045423644E-005
           5           3  -4.3548439045600636E-002
           5           4  0.49793790205487487     
           5           5   1.1096264642543934     
           5           6  -3.1044078963049921E-007
           5           7  -3.5772169415878893E-007
           5           8   2.9980078927656269E-007
           5           9  -4.5317308657167472E-006
           5          10  -5.2237831013846049E-006
           5          11   4.4290774013244392E-006
           5          12   1.6263371914568427E-005
           5          13   1.8534383730871442E-005
           5          14  -1.4744614696114064E-005
           5          15  -4.4632686577609111E-002
           5          16   4.4231922417884238E-003
           5          17  -3.3612799306682130E-002
           5          18  -1.6785991562266501E-002
           5          19  -5.4007761518421252E-003
           5          20  -4.7321628748544772E-002
           5          21   1.8937130475744558E-002
           5          22   1.4947323770152871E-002
           5          23   4.5817209788532515E-002
           5          24  -4.4305133928361926E-002
           5          25  -2.0383820981859875E-002
           5          26   1.7880044400069746E-002
           5          27  -5.7306480793115284E-007
           5          28  -7.2428712424690468E-008
           5          29  -1.6925142748969002E-007
           5          30  -7.5568777938230531E-007
           5          31   2.0955434202663542E-007
           5          32  -1.1547376948839148E-007
           5          33   1.7366814984378108E-008
           5          34  -2.3744018461263417E-007
           5          35  -1.3600171865805538E-007
           5          36   2.8363735566300964E-007
           6           1   3.0400675887731200E-009
           6           2   1.7749743449877947E-009
           6           3   9.3846551864682221E-008
           6           4   1.8066302574968953E-007
           6           5  -3.1044078963049921E-007
           6           6   1.9975510835956709     
           6           7   1.5469599077498082E-005
           6           8  -6.1895480669905723E-005
           6           9  -1.7305656352586872E-002
           6          10   1.6845964984173916E-004
           6          11  -6.1962504385231062E-004
           6          12   2.0976757002752331E-004
           6          13  -2.8637316181770319E-006
           6          14   1.0517928879892499E-005
           6          15   5.3406478194230182E-008
           6          16  -1.0399446264487134E-007
           6          17   1.5407275097532514E-007
           6          18  -1.1944865925500436E-007
           6          19   5.2149402557899953E-008
           6          20  -5.7709909334938433E-008
           6          21   2.6851784711600361E-008
           6          22  -7.7599314569392296E-008
           6          23   2.2599582345803275E-008
           6          24   4.4253359496447054E-008
           6          25   7.7965332289047926E-008
           6          26  -1.2971613618184978E-008
           6          27   1.0815941386574511E-002
           6          28  -4.9946035654517172E-004
           6          29   4.8182898368898004E-003
           6          30   1.3782886228847966E-004
           6          31  -5.8179354218752501E-005
           6          32  -3.7653724035651494E-004
           6          33   3.6756518343400007E-005
           6          34   5.1193964771872290E-003
           6          35   1.6507357926246789E-004
           6          36   4.5696194738429268E-004
           7           1   3.3965994877981553E-009
           7           2   1.6724503184375019E-009
           7           3   1.0650247006491221E-007
           7           4   1.9853083082250892E-007
           7           5  -3.5772169415878893E-007
           7           6   1.5469599077498082E-005
           7           7   1.9975974346153027     
           7           8  -2.5547564082618585E-005
           7           9   1.6852886953632086E-004
           7          10  -1.6849350378731934E-002
           7          11  -2.6378293417948323E-004
           7          12  -2.8468347352279962E-006
           7          13   2.0207027120215681E-004
           7          14   4.8565690047845524E-006
           7          15  -2.3163486006078331E-008
           7          16  -4.7375587680703997E-008
           7          17   2.0809353208559798E-007
           7          18  -1.5445196394489814E-007
           7          19   1.2620917617267195E-007
           7          20  -1.4045136622327383E-008
           7          21   7.6792835969690248E-009
           7          22  -7.4351739961270993E-008
           7          23   3.2050965065398692E-008
           7          24   3.9711928065791771E-008
           7          25   1.0448933139820071E-007
           7          26   1.3443949807497325E-009
           7          27  -4.3814064595306123E-004
           7          28   4.6849102349912752E-003
           7          29   2.6249946421226609E-004
           7          30   1.0848308796280581E-002
           7          31  -2.6227944258492788E-004
           7          32  -1.5700607376001134E-004
           7          33  -2.6914996654340363E-005
           7          34   1.7590131309465384E-004
           7          35   4.7672852734581220E-003
           7          36   3.9868195832197214E-004
           8           1  -2.3309660808216259E-009
           8           2   1.1632180349281375E-009
           8           3  -8.1230486126205907E-008
           8           4  -1.2326199246407986E-007
           8           5   2.9980078927656269E-007
           8           6  -6.1895480669905723E-005
           8           7  -2.5547564082618585E-005
           8           8   1.9975524497389165     
           8           9  -6.1976327971053008E-004
           8          10  -2.6387170445040930E-004
           8          11  -1.7298309015933030E-002
           8          12   1.0506887666649485E-005
           8          13   4.8593476315901320E-006
           8          14   2.0886642182674608E-004
           8          15  -5.2000277614473846E-008
           8          16   8.3300967973113152E-008
           8          17  -1.3156625272914972E-007
           8          18   9.8241506743093530E-008
           8          19  -4.3531683589732307E-008
           8          20   4.5068292420519027E-008
           8          21  -1.8186682129803356E-008
           8          22   6.8631549458034609E-008
           8          23  -2.1355019454909934E-008
           8          24  -3.2002463079683324E-008
           8          25  -6.0066619083791582E-008
           8          26   8.0783478159528560E-009
           8          27   2.1694766284371475E-004
           8          28  -2.4246279265493432E-004
           8          29   3.5895768428156400E-005
           8          30   7.4810787980887568E-005
           8          31   5.1221662800233249E-003
           8          32   2.5247477975728672E-004
           8          33   4.8935783191076327E-003
           8          34   2.6461103413863776E-004
           8          35   3.8773521287567032E-004
           8          36   1.0747759333307818E-002
           9           1   5.4555648798172364E-008
           9           2   2.2423423823104244E-007
           9           3   1.7603958247435325E-006
           9           4   2.3811355188837750E-006
           9           5  -4.5317308657167472E-006
           9           6  -1.7305656352586872E-002
           9           7   1.6852886953632086E-004
           9           8  -6.1976327971053008E-004
           9           9   1.9216274280908634     
           9          10   1.9762012408048131E-003
           9          11  -6.6201052497816808E-003
           9          12   2.1626742172602267E-002
           9          13  -1.3493281376442032E-003
           9          14   4.3786740664641171E-003
           9          15   2.0019150549437216E-007
           9          16  -2.2180803276357684E-006
           9          17   2.3116971271139146E-006
           9          18  -1.4801026003034031E-006
           9          19   1.0452145520965347E-006
           9          20  -1.1956416680644867E-006
           9          21   3.8374896634144246E-007
           9          22  -1.0778569175282847E-006
           9          23   4.8009036251468501E-007
           9          24   7.7502568225671862E-007
           9          25   1.1143454920343920E-006
           9          26  -9.2557967719890298E-008
           9          27   2.0550856118540607E-002
           9          28  -4.5829859289999875E-003
           9          29   1.3176534278105379E-002
           9          30   1.1353363748531145E-003
           9          31  -1.1626589880479798E-002
           9          32  -8.8915153124570507E-003
           9          33   1.7408274496057766E-003
           9          34   1.3580098692599268E-002
           9          35   2.0824917131078728E-003
           9          36   9.6793989633468299E-003
          10           1   6.4230179172019925E-008
          10           2   2.9390287087949642E-007
          10           3   2.1192222688364999E-006
          10           4   2.6540246733444734E-006
          10           5  -5.2237831013846049E-006
          10           6   1.6845964984173916E-004
          10           7  -1.6849350378731934E-002
          10           8  -2.6387170445040930E-004
          10           9   1.9762012408048131E-003
          10          10   1.9264027701676518     
          10          11  -2.9144140074887433E-003
          10          12  -1.3486084963655687E-003
          10          13   1.8496359568829307E-002
          10          14   1.9789255158260870E-003
          10          15  -6.7223662734691440E-007
          10          16  -1.2569542807051523E-006
          10          17   2.5631653075905682E-006
          10          18  -2.3875172922676866E-006
          10          19   2.6581602557992621E-006
          10          20  -5.3930165071602598E-007
          10          21   3.4950741134971776E-007
          10          22  -1.1348207068087691E-006
          10          23   2.9216926836381054E-007
          10          24   5.4464825719149411E-007
          10          25   1.5143754422803085E-006
          10          26   1.9798883911283952E-007
          10          27  -7.7776806780885483E-003
          10          28   6.0491273286535294E-003
          10          29   7.1849255962413081E-003
          10          30   2.8852799380939820E-002
          10          31  -3.4891541722426212E-003
          10          32  -9.2877400019576728E-003
          10          33  -5.1357996857716920E-003
          10          34   2.2745541630033216E-003
          10          35   7.3630205444470999E-003
          10          36   7.4689985047866822E-003
          11           1  -6.2208334752815200E-008
          11           2  -4.4059594329343504E-007
          11           3  -2.2869813399950008E-006
          11           4  -1.7848104596394550E-006
          11           5   4.4290774013244392E-006
          11           6  -6.1962504385231062E-004
          11           7  -2.6378293417948323E-004
          11           8  -1.7298309015933030E-002
          11           9  -6.6201052497816808E-003
          11          10  -2.9144140074887433E-003
          11          11   1.9216073273501111     
          11          12   4.3781525874148760E-003
          11          13   1.9789912014539718E-003
          11          14   2.1605711246649506E-002
          11          15  -3.9815824702454607E-007
          11          16   1.5201105188414611E-006
          11          17  -1.6749818512140748E-006
          11          18   1.2084216950077474E-006
          11          19  -1.1915858120791918E-006
          11          20   1.8264123231416412E-006
          11          21  -2.3847463649930488E-007
          11          22   9.6789897366290372E-007
          11          23  -4.1960677459371756E-007
          11          24  -5.5193395490928869E-007
          11          25  -8.7581251646104482E-007
          11          26   1.1145890624897577E-007
          11          27   5.9679088144891654E-003
          11          28  -3.1390318677263986E-003
          11          29   1.7254839772059063E-003
          11          30   2.4441152952441431E-003
          11          31   1.3631420320112407E-002
          11          32   5.9747934330944014E-003
          11          33   1.4368072410713875E-002
          11          34  -6.6357261947064860E-003
          11          35   1.2530535000686771E-003
          11          36   1.9649351179190824E-002
          12           1  -1.5731283431722904E-007
          12           2  -1.8749099493099752E-007
          12           3  -4.4182666213388713E-006
          12           4  -8.5854061929622612E-006
          12           5   1.6263371914568427E-005
          12           6   2.0976757002752331E-004
          12           7  -2.8468347352279962E-006
          12           8   1.0506887666649485E-005
          12           9   2.1626742172602267E-002
          12          10  -1.3486084963655687E-003
          12          11   4.3781525874148760E-003
          12          12   2.5625008012947854E-004
          12          13  -2.2553027458133622E-005
          12          14   9.6574692401676590E-005
          12          15  -2.7487360187531229E-006
          12          16   4.8779635252216722E-006
          12          17  -6.8809784070393218E-006
          12          18   4.5736920843999813E-006
          12          19  -2.8273120776921056E-006
          12          20   2.4440376411874411E-006
          12          21  -1.0697373906220862E-006
          12          22   3.9306468726297799E-006
          12          23  -7.9204180102280775E-007
          12          24  -2.3720844294279099E-006
          12          25  -3.8115886559868879E-006
          12          26   4.0277714041189948E-007
          12          27   2.5720023594494866E-004
          12          28  -5.9924368551427540E-005
          12          29   1.4685071377528033E-004
          12          30  -3.7894248980261979E-006
          12          31  -9.1364972344224222E-005
          12          32  -8.0326650076841997E-005
          12          33   5.4771988038830562E-005
          12          34   1.3449543163304459E-004
          12          35   2.1063628467613289E-005
          12          36   1.4633714258401113E-004
          13           1  -1.7720460473838318E-007
          13           2  -2.1153162663248375E-007
          13           3  -4.9835450412517433E-006
          13           4  -9.5251791222699894E-006
          13           5   1.8534383730871442E-005
          13           6  -2.8637316181770319E-006
          13           7   2.0207027120215681E-004
          13           8   4.8593476315901320E-006
          13           9  -1.3493281376442032E-003
          13          10   1.8496359568829307E-002
          13          11   1.9789912014539718E-003
          13          12  -2.2553027458133622E-005
          13          13   1.8279551357493201E-004
          13          14   3.7180590859693441E-005
          13          15   7.7665251443368936E-007
          13          16   2.4701058437405880E-006
          13          17  -9.3499604314534629E-006
          13          18   6.4354645433620645E-006
          13          19  -6.2990980511775578E-006
          13          20   4.7465683957124041E-007
          13          21  -3.3117729750084488E-007
          13          22   3.7499788292229317E-006
          13          23  -1.2386145083105028E-006
          13          24  -2.3879139253264889E-006
          13          25  -4.9998406317460646E-006
          13          26  -5.3461393298278445E-008
          13          27  -8.6672788115775792E-005
          13          28   6.4434299226168664E-005
          13          29   6.2007958154995522E-005
          13          30   2.7416239771937826E-004
          13          31  -1.0370894016497979E-005
          13          32  -7.0965540184201700E-005
          13          33  -3.5560138120349873E-005
          13          34   1.0377699829898875E-005
          13          35   7.6748442576753164E-005
          13          36   8.4289770767171718E-005
          14           1   1.3063243938718136E-007
          14           2   1.5074993749491170E-007
          14           3   3.6919371710947733E-006
          14           4   6.3372856920608462E-006
          14           5  -1.4744614696114064E-005
          14           6   1.0517928879892499E-005
          14           7   4.8565690047845524E-006
          14           8   2.0886642182674608E-004
          14           9   4.3786740664641171E-003
          14          10   1.9789255158260870E-003
          14          11   2.1605711246649506E-002
          14          12   9.6574692401676590E-005
          14          13   3.7180590859693441E-005
          14          14   2.5692686310799489E-004
          14          15   2.3498351417225990E-006
          14          16  -4.0693125693465901E-006
          14          17   5.9745002868365015E-006
          14          18  -4.2707390606364337E-006
          14          19   2.1459402900737176E-006
          14          20  -2.2885684006829336E-006
          14          21   8.5966577000106337E-007
          14          22  -3.2478820922856929E-006
          14          23   6.5449467615810505E-007
          14          24   1.8726334921883611E-006
          14          25   3.1044229506294648E-006
          14          26  -4.3430601352479326E-007
          14          27   1.0504349992521923E-004
          14          28  -3.9623825484928084E-005
          14          29   6.0721094519599372E-005
          14          30   6.2108559015081765E-005
          14          31   1.1672488308720803E-004
          14          32   3.7250272666326838E-005
          14          33   1.6468368142808393E-004
          14          34  -4.2023201378895778E-005
          14          35   2.3372888310906298E-005
          14          36   2.5767883873782172E-004
          15           1  -1.0735116184303018E-003
          15           2   4.1985744680496130E-002
          15           3  -7.7000016093428186E-002
          15           4  -2.2276344565004831E-002
          15           5  -4.4632686577609111E-002
          15           6   5.3406478194230182E-008
          15           7  -2.3163486006078331E-008
          15           8  -5.2000277614473846E-008
          15           9   2.0019150549437216E-007
          15          10  -6.7223662734691440E-007
          15          11  -3.9815824702454607E-007
          15          12  -2.7487360187531229E-006
          15          13   7.7665251443368936E-007
          15          14   2.3498351417225990E-006
          15          15  0.35489094796612602     
          15          16 -0.27390238053386984     
          15          17 -0.13431615552518347     
          15          18  0.10953514638164315     
          15          19 -0.28304049454446284     
          15          20 -0.20438084163216286     
          15          21   7.9680915245150724E-002
          15          22  -6.1652129521941816E-002
          15          23  -3.0083316161594570E-002
          15          24   2.6236919270075570E-002
          15          25  -6.3361433399123812E-002
          15          26  -4.5828766921769661E-002
          15          27  -1.9027592387228336E-007
          15          28   3.4186171294156541E-008
          15          29   2.2286261699057013E-007
          15          30   1.5077032990653600E-007
          15          31   8.9018735494109989E-009
          15          32  -2.1771303244842170E-008
          15          33   1.2381295301924368E-007
          15          34   1.2476970045135450E-007
          15          35  -6.8365048212571897E-008
          15          36  -1.6350657940182279E-007
          16           1  -2.3152389828232504E-005
          16           2   4.3363802094622254E-004
          16           3   6.1206769314530122E-003
          16           4  -1.4164801059728714E-003
          16           5   4.4231922417884238E-003
          16           6  -1.0399446264487134E-007
          16           7  -4.7375587680703997E-008
          16           8   8.3300967973113152E-008
          16           9  -2.2180803276357684E-006
          16          10  -1.2569542807051523E-006
          16          11   1.5201105188414611E-006
          16          12   4.8779635252216722E-006
          16          13   2.4701058437405880E-006
          16          14  -4.0693125693465901E-006
          16          15 -0.27390238053386984     
          16          16  0.21673342011415961     
          16          17   8.6676190176415729E-002
          16          18  -4.8372218528140200E-002
          16          19  0.22882748090267810     
          16          20  0.18470579044230925     
          16          21  -6.1357291543607244E-002
          16          22   4.9020116569172864E-002
          16          23   1.9074397613870135E-002
          16          24  -1.1697802201997978E-002
          16          25   5.1129285363937606E-002
          16          26   4.1552966804516353E-002
          16          27   1.2335691977570352E-007
          16          28  -3.5958080881258216E-008
          16          29  -1.7865115512439919E-007
          16          30  -1.2530382464220330E-007
          16          31  -2.8731635525025364E-008
          16          32   1.3036535852088780E-008
          16          33  -8.3219610981500991E-008
          16          34  -1.1646823669989731E-007
          16          35   1.7691969263733665E-008
          16          36   1.6697147093343529E-007
          17           1  -1.0907174706406340E-003
          17           2   4.3381343234512253E-002
          17           3  -6.2346666400630385E-002
          17           4  -2.3132607750626973E-002
          17           5  -3.3612799306682130E-002
          17           6   1.5407275097532514E-007
          17           7   2.0809353208559798E-007
          17           8  -1.3156625272914972E-007
          17           9   2.3116971271139146E-006
          17          10   2.5631653075905682E-006
          17          11  -1.6749818512140748E-006
          17          12  -6.8809784070393218E-006
          17          13  -9.3499604314534629E-006
          17          14   5.9745002868365015E-006
          17          15 -0.13431615552518347     
          17          16   8.6676190176415729E-002
          17          17  0.24309114423431183     
          17          18 -0.36135585749822630     
          17          19   4.4930335007178461E-002
          17          20  -9.9101722452388463E-002
          17          21  -2.9452444333979356E-002
          17          22   1.6632355365678256E-002
          17          23   5.4480165025228011E-002
          17          24  -7.8894581501912114E-002
          17          25   1.2630710649017775E-002
          17          26  -2.1006674902846276E-002
          17          27   1.5317642126500470E-007
          17          28   1.7627509940723804E-008
          17          29  -1.0463819878916146E-007
          17          30  -9.9157179379298038E-008
          17          31   1.2256737707772457E-007
          17          32   1.3769509953369823E-007
          17          33   2.3472512330703194E-008
          17          34  -1.3259136572672502E-007
          17          35   8.0030813106092247E-008
          17          36  -1.2591986361173509E-007
          18           1   3.5760507639185858E-005
          18           2  -2.0653822342290851E-003
          18           3  -2.2884480009154034E-002
          18           4   1.9035216954388229E-003
          18           5  -1.6785991562266501E-002
          18           6  -1.1944865925500436E-007
          18           7  -1.5445196394489814E-007
          18           8   9.8241506743093530E-008
          18           9  -1.4801026003034031E-006
          18          10  -2.3875172922676866E-006
          18          11   1.2084216950077474E-006
          18          12   4.5736920843999813E-006
          18          13   6.4354645433620645E-006
          18          14  -4.2707390606364337E-006
          18          15  0.10953514638164315     
          18          16  -4.8372218528140200E-002
          18          17 -0.36135585749822630     
          18          18  0.58984269110462806     
          18          19   3.2564918948000239E-002
          18          20  0.26167584604683342     
          18          21   2.4441063310155543E-002
          18          22  -7.7077524398863617E-003
          18          23  -8.1812185532713591E-002
          18          24  0.13154560718994468     
          18          25   5.0714621307946907E-003
          18          26   5.7571959289334840E-002
          18          27  -3.9307401448348139E-008
          18          28  -1.2942965065129198E-008
          18          29   1.5172030313233913E-007
          18          30   2.9056058985904906E-007
          18          31  -2.7754239694204431E-007
          18          32  -2.3161513798639990E-007
          18          33  -1.1701851921802643E-007
          18          34   2.2668400648723229E-007
          18          35  -7.5156344400024894E-008
          18          36   1.8189007721869931E-007
          19           1   2.0174609129639209E-005
          19           2  -6.6757152108504962E-004
          19           3  -9.4246066718739092E-003
          19           4   1.0594723805019751E-003
          19           5  -5.4007761518421252E-003
          19           6   5.2149402557899953E-008
          19           7   1.2620917617267195E-007
          19           8  -4.3531683589732307E-008
          19           9   1.0452145520965347E-006
          19          10   2.6581602557992621E-006
          19          11  -1.1915858120791918E-006
          19          12  -2.8273120776921056E-006
          19          13  -6.2990980511775578E-006
          19          14   2.1459402900737176E-006
          19          15 -0.28304049454446284     
          19          16  0.22882748090267810     
          19          17   4.4930335007178461E-002
          19          18   3.2564918948000239E-002
          19          19  0.25752511989544763     
          19          20  0.24115031354604571     
          19          21  -6.2981419496176694E-002
          19          22   5.1086140247830841E-002
          19          23   9.5527137701678626E-003
          19          24   7.5863440819987317E-003
          19          25   5.8497646275361491E-002
          19          26   5.4369110284784278E-002
          19          27   2.4775860915563248E-007
          19          28   2.1089066775447492E-008
          19          29  -1.1465800227643333E-007
          19          30   4.7211177337761090E-008
          19          31  -1.2204710472264125E-007
          19          32  -2.4115161183153927E-008
          19          33  -1.5489429951470877E-007
          19          34  -3.4228498489824430E-008
          19          35   7.3212128894124295E-008
          19          36   1.1491538206813769E-007
          20           1  -1.0630728653082688E-003
          20           2   4.1818985489634558E-002
          20           3  -7.7176581777656655E-002
          20           4  -2.1413821443335947E-002
          20           5  -4.7321628748544772E-002
          20           6  -5.7709909334938433E-008
          20           7  -1.4045136622327383E-008
          20           8   4.5068292420519027E-008
          20           9  -1.1956416680644867E-006
          20          10  -5.3930165071602598E-007
          20          11   1.8264123231416412E-006
          20          12   2.4440376411874411E-006
          20          13   4.7465683957124041E-007
          20          14  -2.2885684006829336E-006
          20          15 -0.20438084163216286     
          20          16  0.18470579044230925     
          20          17  -9.9101722452388463E-002
          20          18  0.26167584604683342     
          20          19  0.24115031354604571     
          20          20  0.32138583037335405     
          20          21  -4.5362337445759598E-002
          20          22   4.2511011717110039E-002
          20          23  -2.3445709121866026E-002
          20          24   5.9296586502659017E-002
          20          25   5.3901039556586712E-002
          20          26   7.2049038917430128E-002
          20          27   1.6296853558991823E-007
          20          28  -4.0460971053649103E-008
          20          29  -6.6333317027447429E-008
          20          30   1.2838338160990856E-007
          20          31  -1.9719929034652116E-007
          20          32  -1.0287921258851061E-007
          20          33  -1.5780131063797848E-007
          20          34   5.7515808191053789E-008
          20          35   2.6404466843976362E-008
          20          36   2.1826862823148061E-007
          21           1  -1.7986095672526477E-003
          21           2   9.1983793459984101E-003
          21           3  -6.6067550005833364E-002
          21           4   6.1551887782588010E-003
          21           5   1.8937130475744558E-002
          21           6   2.6851784711600361E-008
          21           7   7.6792835969690248E-009
          21           8  -1.8186682129803356E-008
          21           9   3.8374896634144246E-007
          21          10   3.4950741134971776E-007
          21          11  -2.3847463649930488E-007
          21          12  -1.0697373906220862E-006
          21          13  -3.3117729750084488E-007
          21          14   8.5966577000106337E-007
          21          15   7.9680915245150724E-002
          21          16  -6.1357291543607244E-002
          21          17  -2.9452444333979356E-002
          21          18   2.4441063310155543E-002
          21          19  -6.2981419496176694E-002
          21          20  -4.5362337445759598E-002
          21          21   1.9623620177343527E-002
          21          22  -1.3496561593914699E-002
          21          23  -4.1442213939468977E-003
          21          24   4.7238263992839293E-003
          21          25  -1.4565216496867662E-002
          21          26  -8.4621092287187581E-003
          21          27  -4.6319165260974830E-008
          21          28   2.1669864372958527E-008
          21          29   5.6749392465737235E-008
          21          30   2.6996961313678007E-008
          21          31  -3.8321275927118358E-009
          21          32  -6.2191202904878957E-009
          21          33   2.4319430726502861E-008
          21          34   2.7075517163903336E-008
          21          35  -1.2146090184325471E-008
          21          36  -3.8297186122490522E-008
          22           1  -4.9945585977518960E-005
          22           2  -1.4616920867729872E-004
          22           3  -2.7258046925998968E-003
          22           4   3.8814207180688175E-003
          22           5   1.4947323770152871E-002
          22           6  -7.7599314569392296E-008
          22           7  -7.4351739961270993E-008
          22           8   6.8631549458034609E-008
          22           9  -1.0778569175282847E-006
          22          10  -1.1348207068087691E-006
          22          11   9.6789897366290372E-007
          22          12   3.9306468726297799E-006
          22          13   3.7499788292229317E-006
          22          14  -3.2478820922856929E-006
          22          15  -6.1652129521941816E-002
          22          16   4.9020116569172864E-002
          22          17   1.6632355365678256E-002
          22          18  -7.7077524398863617E-003
          22          19   5.1086140247830841E-002
          22          20   4.2511011717110039E-002
          22          21  -1.3496561593914699E-002
          22          22   1.1606516565235205E-002
          22          23   4.3848347572141731E-003
          22          24  -2.7998942401541039E-003
          22          25   1.0796871718423137E-002
          22          26   9.9058501833853077E-003
          22          27  -6.0361517829608013E-009
          22          28  -2.1534766314329379E-008
