           1           1   1.9996324531239504     
           1           2   8.0185339560644327E-004
           1           3  -1.4968834915392521E-004
           1           4  -3.4457244255666104E-003
           1           5  -6.0986289339948728E-003
           1           6  -1.5760916676508523E-010
           1           7   1.7297532264054470E-011
           1           8  -1.0215627331957674E-010
           1           9   4.3647741511386869E-011
           1          10  -4.4344980784486786E-010
           1          11  -2.1703985113162217E-011
           1          12   6.9698785826387390E-011
           1          13  -1.7199210393310303E-010
           1          14   3.8010881414223168E-011
           1          15   2.3962613537003210E-003
           1          16  -6.8130279855450478E-008
           1          17   2.3959318752141967E-003
           1          18   2.3339835318686473E-007
           1          19  -1.0956611922717324E-007
           1          20   2.3959641098867147E-003
           1          21  -2.8673900516875610E-004
           1          22  -1.4521111755062969E-008
           1          23  -2.8680909878788235E-004
           1          24   4.9548610208059479E-008
           1          25  -2.3294468223363945E-008
           1          26  -2.8680219149323312E-004
           1          27  -7.3469362867109344E-012
           1          28   5.6719337666733857E-012
           1          29  -1.2565335877642280E-011
           1          30   9.2622728325471635E-012
           1          31   3.6103307684554004E-012
           1          32   1.9417513112049852E-012
           1          33   2.1998792179137166E-012
           1          34   4.0737060248350677E-012
           1          35  -7.8675241693804685E-012
           1          36  -4.8582944676977061E-012
           2           1   8.0185339560644327E-004
           2           2   2.0700684810088150     
           2           3  0.17456966405332683     
           2           4  0.10468454905342636     
           2           5  -6.0289537261755975E-002
           2           6  -1.8639099365040839E-009
           2           7   2.1034789709628276E-010
           2           8  -1.2551880580373679E-009
           2           9   1.1893654224065925E-009
           2          10  -5.4228001276658306E-009
           2          11  -1.6088621608616874E-010
           2          12   5.5326884294268582E-010
           2          13  -1.3900011652653869E-009
           2          14   2.9162374638868829E-010
           2          15  -2.5280193398518544E-002
           2          16  -7.3864793799324263E-007
           2          17  -2.5283780833250530E-002
           2          18   2.5560155770029996E-006
           2          19  -1.1881840990852125E-006
           2          20  -2.5283439873781344E-002
           2          21  -4.7538064866887303E-002
           2          22  -1.5726952363630017E-007
           2          23  -4.7538827758355787E-002
           2          24   5.4277333063186121E-007
           2          25  -2.5259412742466553E-007
           2          26  -4.7538754890431842E-002
           2          27  -3.6391985429643181E-010
           2          28   1.3603802900914825E-010
           2          29  -2.7845998470834079E-010
           2          30   2.6448872819398675E-010
           2          31  -3.0890682217743731E-011
           2          32   4.1557366751076947E-011
           2          33  -4.4518069698460500E-011
           2          34  -6.7854078700331967E-011
           2          35  -6.5188260821591483E-011
           2          36  -2.6511121901346520E-010
           3           1  -1.4968834915392521E-004
           3           2  0.17456966405332683     
           3           3   2.3729807024269913     
           3           4   7.1225985592676649E-002
           3           5 -0.26729138449375045     
           3           6  -5.0001953167756235E-009
           3           7   4.5198045820104539E-010
           3           8  -3.3626590113456566E-009
           3           9  -8.9945137276022760E-010
           3          10  -1.8549308214863293E-008
           3          11  -2.5351556680480420E-009
           3          12   2.0678722092136634E-009
           3          13  -6.5615166305144952E-009
           3          14   1.0679486243590961E-009
           3          15  -4.4966626435642372E-002
           3          16  -2.3967442391902334E-006
           3          17  -4.4978167057603033E-002
           3          18   8.1560029002709416E-006
           3          19  -3.8347256534763939E-006
           3          20  -4.4977013378891394E-002
           3          21  -6.9404638251162248E-002
           3          22  -5.1222963033405694E-007
           3          23  -6.9407095502435734E-002
           3          24   1.7296743544087864E-006
           3          25  -8.1616619790628979E-007
           3          26  -6.9406847498247826E-002
           3          27  -2.0747321393669177E-009
           3          28   1.1180506102728944E-009
           3          29  -1.7194966560683321E-009
           3          30   1.5502465675519866E-009
           3          31   1.8480498517938867E-010
           3          32   2.6535650571673659E-010
           3          33   8.5499328984380073E-011
           3          34  -1.6248536465492693E-010
           3          35  -4.6612954823611622E-010
           3          36  -7.8942325768473893E-010
           4           1  -3.4457244255666104E-003
           4           2  0.10468454905342636     
           4           3   7.1225985592676649E-002
           4           4  0.10728396941046832     
           4           5  0.32463534024510243     
           4           6  -4.1130999046885265E-009
           4           7  -5.7540479265372117E-011
           4           8  -2.8395832055148314E-009
           4           9  -5.8919005030069972E-009
           4          10  -1.5345562522748716E-008
           4          11   2.9656224193662390E-010
           4          12  -3.8127723603316052E-009
           4          13   8.6556921927808964E-009
           4          14  -1.9966817616898024E-009
           4          15  -2.2995077644953491E-003
           4          16  -1.9585453446686873E-006
           4          17  -2.3087754520353101E-003
           4          18   6.3880486799809300E-006
           4          19  -3.1001786315306505E-006
           4          20  -2.3077549045973310E-003
           4          21   1.6830581204274421E-002
           4          22  -4.1406601621351700E-007
           4          23   1.6828615848334429E-002
           4          24   1.3597643828269831E-006
           4          25  -6.5829705616907553E-007
           4          26   1.6828829696203827E-002
           4          27   2.6757245576055852E-010
           4          28  -4.1540618741643774E-010
           4          29   6.0050489005630165E-010
           4          30  -8.1179412353253343E-010
           4          31  -1.4021708219051212E-010
           4          32  -9.6324046301977048E-011
           4          33  -4.0240442215816170E-011
           4          34  -2.4528463588182765E-010
           4          35   2.4743606370364650E-010
           4          36   3.7541820092049008E-010
           5           1  -6.0986289339948728E-003
           5           2  -6.0289537261755975E-002
           5           3 -0.26729138449375045     
           5           4  0.32463534024510243     
           5           5   1.1468609966965602     
           5           6   6.6476224093615891E-010
           5           7  -3.2258397320089081E-010
           5           8   5.4702114920742283E-010
           5           9   3.9693515099009733E-010
           5          10  -2.6654603800966602E-009
           5          11   1.0009989512781734E-009
           5          12  -1.3068954893429741E-008
           5          13   3.1067439882990079E-008
           5          14  -7.0563137639009029E-009
           5          15   5.8599760506815070E-003
           5          16   8.2602646511935497E-007
           5          17   5.8639473967994453E-003
           5          18  -2.7533489390587512E-006
           5          19   1.3797410843818628E-006
           5          20   5.8634998608539345E-003
           5          21   7.8568901599073093E-002
           5          22   1.8324258784321188E-007
           5          23   7.8569759951673576E-002
           5          24  -5.7661094043959929E-007
           5          25   2.9509243016684892E-007
           5          26   7.8569654176975187E-002
           5          27   1.6158472666029586E-009
           5          28  -1.4220531079611951E-009
           5          29   2.5137463733429815E-009
           5          30  -2.6177727791703061E-009
           5          31  -4.9442172242317685E-010
           5          32  -3.8880090906239782E-010
           5          33  -1.3643825389383905E-010
           5          34  -6.6356916929662169E-010
           5          35   1.1318989008387271E-009
           5          36   1.4895549917762229E-009
           6           1  -1.5760916676508523E-010
           6           2  -1.8639099365040839E-009
           6           3  -5.0001953167756235E-009
           6           4  -4.1130999046885265E-009
           6           5   6.6476224093615891E-010
           6           6   1.9989573814806993     
           6           7   2.6243715875392386E-011
           6           8   2.3226388564293805E-012
           6           9  -8.6221239518606413E-003
           6          10  -8.0483054740141394E-011
           6          11   5.4668919779531552E-011
           6          12  -8.2252263802114743E-004
           6          13   1.9793382980826957E-010
           6          14   1.5835320556394655E-010
           6          15  -1.8058920629887929E-008
           6          16   7.6785098398095755E-009
           6          17   1.4758517995239852E-008
           6          18  -1.9048000212139170E-008
           6          19   1.2741641761366153E-008
           6          20   8.0027566756843699E-009
           6          21  -2.9663569796696376E-009
           6          22   1.7896727246570215E-009
           6          23   4.4414081962575174E-009
           6          24  -3.8209367694399484E-009
           6          25   2.5938442085655780E-009
           6          26   2.6544537345300484E-009
           6          27   5.0252376321358126E-003
           6          28   1.8821734858859235E-010
           6          29   2.2473545771970111E-003
           6          30  -5.1564263793795254E-010
           6          31  -2.0611037043170709E-011
           6          32  -4.2923651225086850E-011
           6          33  -7.6413407790197619E-011
           6          34   2.2473545451614321E-003
           6          35  -6.4818843224416465E-011
           6          36  -9.8302597649359469E-011
           7           1   1.7297532264054470E-011
           7           2   2.1034789709628276E-010
           7           3   4.5198045820104539E-010
           7           4  -5.7540479265372117E-011
           7           5  -3.2258397320089081E-010
           7           6   2.6243715875392386E-011
           7           7   1.9989573815205297     
           7           8   1.7273122911152477E-011
           7           9   1.7086745144248570E-010
           7          10  -8.6221235191715692E-003
           7          11   1.0176161674987556E-010
           7          12  -8.2176977923657893E-011
           7          13  -8.2252250094227075E-004
           7          14   4.2072907486946280E-011
           7          15   4.3355384714792182E-008
           7          16  -1.6425782386146562E-008
           7          17  -2.3255782661844817E-008
           7          18   4.9110495579396632E-008
           7          19  -2.4353816215383331E-008
           7          20  -2.0635027769225104E-008
           7          21   9.0925701191030391E-009
           7          22  -3.7458661607715778E-009
           7          23  -4.8629862719500424E-009
           7          24   1.0464601342713235E-008
           7          25  -5.3845246741376925E-009
           7          26  -4.5892575687280680E-009
           7          27   3.5715826914926046E-011
           7          28   2.2473545423591736E-003
           7          29  -3.9805148602172884E-012
           7          30   5.0252373029543137E-003
           7          31  -2.9441336395335205E-012
           7          32  -1.6065540388446284E-011
           7          33  -2.8966391117127103E-011
           7          34  -6.7813894166862268E-011
           7          35   2.2473545539154465E-003
           7          36   2.5285457242663658E-011
           8           1  -1.0215627331957674E-010
           8           2  -1.2551880580373679E-009
           8           3  -3.3626590113456566E-009
           8           4  -2.8395832055148314E-009
           8           5   5.4702114920742283E-010
           8           6   2.3226388564293805E-012
           8           7   1.7273122911152477E-011
           8           8   1.9989573815223349     
           8           9   2.3193763388603761E-010
           8          10  -6.6245948076569554E-011
           8          11  -8.6221237163833161E-003
           8          12  -1.1589307003446079E-010
           8          13   1.6868470972545201E-010
           8          14  -8.2252243368195277E-004
           8          15  -8.1107890618741698E-009
           8          16   2.6659172469080516E-009
           8          17   8.3120787756923834E-009
           8          18  -8.8268959807417548E-009
           8          19   5.2735927112916430E-009
           8          20   2.7867732937033590E-009
           8          21  -9.4448116434034781E-010
           8          22   5.6598445702781098E-010
           8          23   2.6455811287672289E-009
           8          24  -1.8628625645663051E-009
           8          25   1.2038538602935908E-009
           8          26   1.0836239542919838E-009
           8          27   1.1286795697155092E-010
           8          28   8.4187157219777536E-011
           8          29   5.2036111612725753E-011
           8          30  -4.2059099306908436E-010
           8          31   2.2473544737848378E-003
           8          32  -9.9177677504859241E-011
           8          33   2.2473544812617891E-003
           8          34  -3.4129800135076413E-011
           8          35   3.0468268523049018E-011
           8          36   5.0252373701557291E-003
           9           1   4.3647741511386869E-011
           9           2   1.1893654224065925E-009
           9           3  -8.9945137276022760E-010
           9           4  -5.8919005030069972E-009
           9           5   3.9693515099009733E-010
           9           6  -8.6221239518606413E-003
           9           7   1.7086745144248570E-010
           9           8   2.3193763388603761E-010
           9           9   1.9342410204516838     
           9          10   6.5231536739793787E-010
           9          11   3.1310006259254425E-009
           9          12   2.1519673916501163E-002
           9          13  -2.4679118465665856E-009
           9          14  -1.5195204671326621E-009
           9          15   3.1894223690784236E-008
           9          16   9.7069535280336710E-009
           9          17  -1.4604728963116798E-008
           9          18   8.0971727533305623E-008
           9          19  -1.6064733690930151E-009
           9          20  -2.1623102622294705E-008
           9          21   9.1606367827233288E-009
           9          22   7.1022567917129140E-010
           9          23   4.4446696988259098E-009
           9          24   1.3776834331468081E-008
           9          25  -1.9303004966358436E-009
           9          26  -2.3042977984878561E-009
           9          27   2.0510300844415054E-002
           9          28   1.1294481356813893E-009
           9          29   9.1724850808845883E-003
           9          30  -3.4410555197852503E-010
           9          31   9.5823861178269685E-011
           9          32  -3.3939724771400665E-010
           9          33  -5.4779276842553632E-010
           9          34   9.1724859959396304E-003
           9          35  -7.7489807228655341E-010
           9          36  -1.4467594233563697E-009
          10           1  -4.4344980784486786E-010
          10           2  -5.4228001276658306E-009
          10           3  -1.8549308214863293E-008
          10           4  -1.5345562522748716E-008
          10           5  -2.6654603800966602E-009
          10           6  -8.0483054740141394E-011
          10           7  -8.6221235191715692E-003
          10           8  -6.6245948076569554E-011
          10           9   6.5231536739793787E-010
          10          10   1.9342410255436122     
          10          11   5.3220907049000635E-010
          10          12   3.3333897079423915E-010
          10          13   2.1519669691347790E-002
          10          14   2.3033962985811633E-009
          10          15   5.5821536388079107E-007
          10          16  -2.2777322066806046E-007
          10          17  -3.0024305763745235E-007
          10          18   6.3001710131292033E-007
          10          19  -3.3221928173383364E-007
          10          20  -2.4480297999681958E-007
          10          21   1.1933106581636482E-007
          10          22  -4.4009735813407301E-008
          10          23  -6.4774404751181592E-008
          10          24   1.3205745664346077E-007
          10          25  -7.3567030387724080E-008
          10          26  -4.4695434483575395E-008
          10          27   3.9210452859461211E-010
          10          28   9.1724848856669008E-003
          10          29  -3.4602835993786863E-010
          10          30   2.0510299865536492E-002
          10          31  -8.8990667936816008E-011
          10          32  -3.1580471447682801E-010
          10          33  -7.0306370579997817E-010
          10          34  -7.7358444492262302E-011
          10          35   9.1724853479275090E-003
          10          36   3.2773796376403239E-012
          11           1  -2.1703985113162217E-011
          11           2  -1.6088621608616874E-010
          11           3  -2.5351556680480420E-009
          11           4   2.9656224193662390E-010
          11           5   1.0009989512781734E-009
          11           6   5.4668919779531552E-011
          11           7   1.0176161674987556E-010
          11           8  -8.6221237163833161E-003
          11           9   3.1310006259254425E-009
          11          10   5.3220907049000635E-010
          11          11   1.9342410221376560     
          11          12  -7.7265459314398756E-010
          11          13  -2.1331236448444249E-009
          11          14   2.1519673532532618E-002
          11          15  -1.2323438901698996E-007
          11          16   4.3060916089890191E-008
          11          17   1.1710510788922001E-007
          11          18  -1.1698887915000120E-007
          11          19   8.1350467650879688E-008
          11          20   7.1609364879732455E-009
          11          21  -2.6704896052146256E-008
          11          22   7.7161222489986874E-009
          11          23   2.3847972491418559E-008
          11          24  -2.9316681655159323E-008
          11          25   2.1968335907106284E-008
          11          26   3.3547414558381220E-009
          11          27  -5.4949526751007142E-010
          11          28  -1.2331045604237545E-010
          11          29  -7.1510289478207970E-010
          11          30  -3.1343113443977499E-010
          11          31   9.1724850187031703E-003
          11          32  -6.4670116968217993E-010
          11          33   9.1724852654533912E-003
          11          34  -3.1460697656419862E-010
          11          35   3.3601972421479044E-010
          11          36   2.0510300510894367E-002
          12           1   6.9698785826387390E-011
          12           2   5.5326884294268582E-010
          12           3   2.0678722092136634E-009
          12           4  -3.8127723603316052E-009
          12           5  -1.3068954893429741E-008
          12           6  -8.2252263802114743E-004
          12           7  -8.2176977923657893E-011
          12           8  -1.1589307003446079E-010
          12           9   2.1519673916501163E-002
          12          10   3.3333897079423915E-010
          12          11  -7.7265459314398756E-010
          12          12   2.3968431276445143E-004
          12          13  -3.0959034456102401E-011
          12          14  -2.0323564021279227E-011
          12          15   9.1584988356171539E-007
          12          16  -3.7093595841663011E-007
          12          17  -5.2846454609093040E-007
          12          18   9.1325623044540248E-007
          12          19  -5.1631475843051540E-007
          12          20  -3.8759093060608614E-007
          12          21   1.9377558444999774E-007
          12          22  -7.8838303499185601E-008
          12          23  -1.1308106562975277E-007
          12          24   1.9402749258261251E-007
          12          25  -1.0973374621490404E-007
          12          26  -8.3205407244898272E-008
          12          27   2.2633039355466556E-004
          12          28   1.3828716716331723E-011
          12          29   1.0121802530117915E-004
          12          30   4.2957470807294234E-013
          12          31  -2.7394798038952293E-012
          12          32  -3.4468551492325001E-012
          12          33  -9.9862850496663847E-012
          12          34   1.0121803585014569E-004
          12          35  -6.8728395772802524E-012
          12          36  -2.5565811201569789E-011
          13           1  -1.7199210393310303E-010
          13           2  -1.3900011652653869E-009
          13           3  -6.5615166305144952E-009
          13           4   8.6556921927808964E-009
          13           5   3.1067439882990079E-008
          13           6   1.9793382980826957E-010
          13           7  -8.2252250094227075E-004
          13           8   1.6868470972545201E-010
          13           9  -2.4679118465665856E-009
          13          10   2.1519669691347790E-002
          13          11  -2.1331236448444249E-009
          13          12  -3.0959034456102401E-011
          13          13   2.3968423616561405E-004
          13          14  -1.4442636328026331E-011
          13          15  -2.5398848539848071E-006
          13          16   9.4480912927737366E-007
          13          17   1.4426610462101517E-006
          13          18  -2.8434280572558338E-006
          13          19   1.4626842885023597E-006
          13          20   1.0978260134375229E-006
          13          21  -5.3762300261671500E-007
          13          22   2.0081910009947307E-007
          13          23   3.0864156661930391E-007
          13          24  -6.0424465127485579E-007
          13          25   3.1078517745024176E-007
          13          26   2.3546073868612352E-007
          13          27  -2.1766064653438167E-011
          13          28   1.0121800364406394E-004
          13          29  -1.4398021896388729E-011
          13          30   2.2633033516114586E-004
          13          31  -1.1401050112980407E-011
          13          32  -4.4133622273046679E-012
          13          33  -1.7909932802372014E-011
          13          34  -1.2427684413171016E-011
          13          35   1.0121800765290395E-004
          13          36  -2.0407615180583335E-011
          14           1   3.8010881414223168E-011
          14           2   2.9162374638868829E-010
          14           3   1.0679486243590961E-009
          14           4  -1.9966817616898024E-009
          14           5  -7.0563137639009029E-009
          14           6   1.5835320556394655E-010
          14           7   4.2072907486946280E-011
          14           8  -8.2252243368195277E-004
          14           9  -1.5195204671326621E-009
          14          10   2.3033962985811633E-009
          14          11   2.1519673532532618E-002
          14          12  -2.0323564021279227E-011
          14          13  -1.4442636328026331E-011
          14          14   2.3968431419888974E-004
          14          15   2.0453549029587083E-006
          14          16  -6.3845576126888133E-007
          14          17  -1.2944120166536433E-006
          14          18   2.2210058732752239E-006
          14          19  -1.0827396951786415E-006
          14          20  -7.5103745903223291E-007
          14          21   4.3415146446045349E-007
          14          22  -1.3568658135889782E-007
          14          23  -2.7554794406969250E-007
          14          24   4.7191123191217620E-007
          14          25  -2.3002856084921614E-007
          14          26  -1.6005312866177061E-007
          14          27  -2.1972300651152555E-011
          14          28   9.2816314339023762E-012
          14          29  -1.5937168154457257E-011
          14          30   2.3047385762783148E-011
          14          31   1.0121802365980378E-004
          14          32  -6.4414936592923591E-012
          14          33   1.0121802615279258E-004
          14          34  -1.0630842650785052E-011
          14          35   1.5304160475497652E-011
          14          36   2.2633038461121523E-004
          15           1   2.3962613537003210E-003
          15           2  -2.5280193398518544E-002
          15           3  -4.4966626435642372E-002
          15           4  -2.2995077644953491E-003
          15           5   5.8599760506815070E-003
          15           6  -1.8058920629887929E-008
          15           7   4.3355384714792182E-008
          15           8  -8.1107890618741698E-009
          15           9   3.1894223690784236E-008
          15          10   5.5821536388079107E-007
          15          11  -1.2323438901698996E-007
          15          12   9.1584988356171539E-007
          15          13  -2.5398848539848071E-006
          15          14   2.0453549029587083E-006
          15          15   1.7002980587471805     
          15          16   5.7538364484004047E-007
          15          17 -0.84851641964655444     
          15          18  -2.0590022666696830E-006
          15          19   9.5360293448898367E-007
          15          20 -0.84851643636269669     
          15          21  0.36286618644621682     
          15          22   1.1586726297804631E-007
          15          23 -0.17874929735862127     
          15          24  -2.4998066071116026E-007
          15          25   1.0465754787629636E-007
          15          26 -0.17874978637278427     
          15          27   4.7415549905302029E-008
          15          28  -4.0425241518368276E-008
          15          29  -1.2078139305750001E-007
          15          30   3.0442993542267586E-007
          15          31   5.8102826645684049E-008
          15          32   1.1529676114694551E-007
          15          33   1.4726150443522345E-008
          15          34   7.6115573280581865E-009
          15          35   1.0558672300378495E-007
          15          36  -2.3289282326606002E-007
          16           1  -6.8130279855450478E-008
          16           2  -7.3864793799324263E-007
          16           3  -2.3967442391902334E-006
          16           4  -1.9585453446686873E-006
          16           5   8.2602646511935497E-007
          16           6   7.6785098398095755E-009
          16           7  -1.6425782386146562E-008
          16           8   2.6659172469080516E-009
          16           9   9.7069535280336710E-009
          16          10  -2.2777322066806046E-007
          16          11   4.3060916089890191E-008
          16          12  -3.7093595841663011E-007
          16          13   9.4480912927737366E-007
          16          14  -6.3845576126888133E-007
          16          15   5.7538364484004047E-007
          16          16   1.6992114559722986     
          16          17   5.5848763048739594E-007
          16          18   1.4657636141316759E-008
          16          19  -5.7165194295061824E-009
          16          20   4.8446016789266283E-007
          16          21   7.6295322501552980E-007
          16          22  0.36107740916735875     
          16          23   7.9890714045416641E-007
          16          24  -3.4473332011266683E-008
          16          25   3.6989044176780549E-008
          16          26   9.2743071236077137E-007
          16          27  -6.7747441395027941E-009
          16          28   1.6845447857181146E-008
          16          29   3.9260325858641570E-008
          16          30  -9.7252120568970892E-008
          16          31  -1.4816599588224245E-008
          16          32  -3.7735544281301939E-008
          16          33  -5.5257998390096731E-009
          16          34  -5.3735494003692387E-009
          16          35  -3.4070924534154240E-008
          16          36   6.8309365691932884E-008
          17           1   2.3959318752141967E-003
          17           2  -2.5283780833250530E-002
          17           3  -4.4978167057603033E-002
          17           4  -2.3087754520353101E-003
          17           5   5.8639473967994453E-003
          17           6   1.4758517995239852E-008
          17           7  -2.3255782661844817E-008
          17           8   8.3120787756923834E-009
          17           9  -1.4604728963116798E-008
          17          10  -3.0024305763745235E-007
          17          11   1.1710510788922001E-007
          17          12  -5.2846454609093040E-007
          17          13   1.4426610462101517E-006
          17          14  -1.2944120166536433E-006
          17          15 -0.84851641964655444     
          17          16   5.5848763048739594E-007
          17          17   1.7003035467351881     
          17          18  -1.9327137677147516E-006
          17          19   8.4499537795202228E-007
          17          20 -0.84851398209452966     
          17          21 -0.17874617512996560     
          17          22   1.1075482284191996E-007
          17          23  0.36287049833070206     
          17          24  -5.2430149199104582E-007
          17          25   2.8653862211202440E-007
          17          26 -0.17874544369018319     
          17          27  -2.4950571180303779E-008
          17          28   2.6928179704572721E-008
          17          29   6.7140453976210071E-008
          17          30  -1.8631686702994839E-007
          17          31  -4.2876225262000818E-008
          17          32  -7.7286774827645868E-008
          17          33  -4.8473454138436199E-009
          17          34  -9.6370350324875038E-009
          17          35  -7.4578358975543432E-008
          17          36   1.3530767511764647E-007
          18           1   2.3339835318686473E-007
          18           2   2.5560155770029996E-006
          18           3   8.1560029002709416E-006
          18           4   6.3880486799809300E-006
          18           5  -2.7533489390587512E-006
          18           6  -1.9048000212139170E-008
          18           7   4.9110495579396632E-008
          18           8  -8.8268959807417548E-009
          18           9   8.0971727533305623E-008
          18          10   6.3001710131292033E-007
          18          11  -1.1698887915000120E-007
          18          12   9.1325623044540248E-007
          18          13  -2.8434280572558338E-006
          18          14   2.2210058732752239E-006
          18          15  -2.0590022666696830E-006
          18          16   1.4657636141316759E-008
          18          17  -1.9327137677147516E-006
          18          18   1.6992112748296957     
          18          19   5.0723175477464144E-008
          18          20  -1.7337433507036471E-006
          18          21  -2.6487766364432205E-006
          18          22   7.7144521573290351E-009
          18          23  -2.6050554528098135E-006
          18          24  0.36107757457576667     
          18          25  -6.3540255307947878E-008
          18          26  -3.0506294892406778E-006
          18          27   4.4629782053519082E-008
          18          28  -4.6571160363541504E-008
          18          29  -1.4051495597679724E-007
          18          30   3.4227302280729425E-007
          18          31   6.1965663140241745E-008
          18          32   1.2498348204905478E-007
          18          33   1.7330378013177935E-008
          18          34   1.3445639316416373E-008
          18          35   1.0877493472727897E-007
          18          36  -2.5714409682821417E-007
          19           1  -1.0956611922717324E-007
          19           2  -1.1881840990852125E-006
          19           3  -3.8347256534763939E-006
          19           4  -3.1001786315306505E-006
          19           5   1.3797410843818628E-006
          19           6   1.2741641761366153E-008
          19           7  -2.4353816215383331E-008
          19           8   5.2735927112916430E-009
          19           9  -1.6064733690930151E-009
          19          10  -3.3221928173383364E-007
          19          11   8.1350467650879688E-008
          19          12  -5.1631475843051540E-007
          19          13   1.4626842885023597E-006
          19          14  -1.0827396951786415E-006
          19          15   9.5360293448898367E-007
          19          16  -5.7165194295061824E-009
          19          17   8.4499537795202228E-007
          19          18   5.0723175477464144E-008
          19          19   1.6992113981580230     
          19          20   8.1071451299670086E-007
          19          21   1.2309394813736407E-006
          19          22  -2.6554372660749501E-008
          19          23   1.2474001184056796E-006
          19          24  -2.9083394292127320E-008
          19          25  0.36107746196354495     
          19          26   1.4332023603371214E-006
          19          27  -1.6239179854989788E-008
          19          28   2.6970929808775908E-008
          19          29   6.1505798843803055E-008
          19          30  -1.6727573408022700E-007
          19          31  -3.3169913062400296E-008
          19          32  -7.0149511425607787E-008
          19          33  -5.9853480207712856E-009
          19          34  -1.3468796251503487E-008
          19          35  -6.4508788159420174E-008
          19          36   1.1920751587418454E-007
          20           1   2.3959641098867147E-003
          20           2  -2.5283439873781344E-002
          20           3  -4.4977013378891394E-002
          20           4  -2.3077549045973310E-003
          20           5   5.8634998608539345E-003
          20           6   8.0027566756843699E-009
          20           7  -2.0635027769225104E-008
          20           8   2.7867732937033590E-009
          20           9  -2.1623102622294705E-008
          20          10  -2.4480297999681958E-007
          20          11   7.1609364879732455E-009
          20          12  -3.8759093060608614E-007
          20          13   1.0978260134375229E-006
          20          14  -7.5103745903223291E-007
          20          15 -0.84851643636269669     
          20          16   4.8446016789266283E-007
          20          17 -0.84851398209452966     
          20          18  -1.7337433507036471E-006
          20          19   8.1071451299670086E-007
          20          20   1.7003028612075066     
          20          21 -0.17874655404754064     
          20          22   1.1744685069325784E-007
          20          23 -0.17874605569096536     
          20          24  -4.4216120462022390E-007
          20          25   1.6335485872563220E-007
          20          26  0.36287022594613516     
          20          27  -2.2374467306601256E-008
          20          28   1.3487462637749812E-008
          20          29   5.3731960975654081E-008
          20          30  -1.1808673509688730E-007
          20          31  -1.5229576054249570E-008
          20          32  -3.8027757750997589E-008
          20          33  -9.8750308587549373E-009
          20          34   2.0200985977865131E-009
          20          35  -3.0924892201083450E-008
          20          36   9.7657848543948840E-008
          21           1  -2.8673900516875610E-004
          21           2  -4.7538064866887303E-002
          21           3  -6.9404638251162248E-002
          21           4   1.6830581204274421E-002
          21           5   7.8568901599073093E-002
          21           6  -2.9663569796696376E-009
          21           7   9.0925701191030391E-009
          21           8  -9.4448116434034781E-010
          21           9   9.1606367827233288E-009
          21          10   1.1933106581636482E-007
          21          11  -2.6704896052146256E-008
          21          12   1.9377558444999774E-007
          21          13  -5.3762300261671500E-007
          21          14   4.3415146446045349E-007
          21          15  0.36286618644621682     
          21          16   7.6295322501552980E-007
          21          17 -0.17874617512996560     
          21          18  -2.6487766364432205E-006
          21          19   1.2309394813736407E-006
          21          20 -0.17874655404754064     
          21          21   8.4012173642971838E-002
          21          22   1.6130348143944691E-007
          21          23  -3.1078838745403362E-002
          21          24  -5.2241126467549603E-007
          21          25   2.4089459729753576E-007
          21          26  -3.1079023145207545E-002
          21          27   1.0244832881157605E-008
          21          28  -8.6981651192503003E-009
          21          29  -2.5461984899966483E-008
          21          30   6.4499430235524551E-008
          21          31   1.2310692433183381E-008
          21          32   2.4470219389232561E-008
          21          33   3.1177617066818259E-009
          21          34   1.5918187320438160E-009
          21          35   2.2518425427740941E-008
          21          36  -4.9381911348662299E-008
          22           1  -1.4521111755062969E-008
          22           2  -1.5726952363630017E-007
          22           3  -5.1222963033405694E-007
          22           4  -4.1406601621351700E-007
          22           5   1.8324258784321188E-007
          22           6   1.7896727246570215E-009
          22           7  -3.7458661607715778E-009
          22           8   5.6598445702781098E-010
          22           9   7.1022567917129140E-010
          22          10  -4.4009735813407301E-008
          22          11   7.7161222489986874E-009
          22          12  -7.8838303499185601E-008
          22          13   2.0081910009947307E-007
          22          14  -1.3568658135889782E-007
          22          15   1.1586726297804631E-007
          22          16  0.36107740916735875     
          22          17   1.1075482284191996E-007
          22          18   7.7144521573290351E-009
          22          19  -2.6554372660749501E-008
          22          20   1.1744685069325784E-007
          22          21   1.6130348143944691E-007
          22          22   7.6727881604156542E-002
          22          23   1.6862013276795733E-007
          22          24  -6.3481082770064765E-009
          22          25   2.4755381989315318E-009
          22          26   2.0069598161935734E-007
          22          27  -1.4535861588849396E-009
          22          28   3.6001750887220450E-009
