           1           1   2.1333164301132972     
           1           2 -0.55174286469237843     
           1           3  -1.0454867891677264E-013
           1           4   8.8801047025849556E-013
           1           5   1.3025549989837072E-012
           1           6   3.5691182938966920E-002
           1           7   2.3079559462355873E-013
           1           8  -2.3758565251532263E-012
           1           9  -3.6913982771183409E-012
           1          10   5.4885544164464554E-002
           1          11   1.0714678444413841E-013
           1          12  -2.1859307609486460E-012
           1          13  -2.7063236192999899E-012
           1          14   1.2390389961482199E-002
           1          15   5.9511134812706185E-005
           1          16   1.2594596799586546E-002
           1          17  -3.2724582441781200E-005
           1          18  -1.3745381839923364E-004
           1          19   1.2443578001037767E-002
           2           1 -0.55174286469237843     
           2           2   2.2868457392048955     
           2           3   4.2205446153154392E-013
           2           4  -4.1357083566161918E-012
           2           5  -5.8659575979981591E-012
           2           6 -0.37493078197442475     
           2           7  -8.7904920452633223E-013
           2           8   1.1422287578531574E-011
           2           9   1.6876639778156968E-011
           2          10 -0.23963763579940667     
           2          11  -3.5954875388635715E-013
           2          12   1.1111781035962499E-011
           2          13   1.2924889252321174E-011
           2          14   5.4771151378617995E-003
           2          15  -2.8577904926285758E-004
           2          16   4.4964913067011506E-003
           2          17   1.5714706352133235E-004
           2          18   6.6006843353137636E-004
           2          19   5.2217002856909025E-003
           3           1  -1.0454867891677264E-013
           3           2   4.2205446153154392E-013
           3           3   1.9808666015807508     
           3           4   6.8196620514149693E-003
           3           5  -3.7500648610637685E-003
           3           6  -1.3270621104914845E-012
           3           7   3.7535375039693848E-002
           3           8  -1.9681016139981911E-002
           3           9   1.0822396503770690E-002
           3          10   1.3374823176044667E-013
           3          11  -1.5362050823592061E-002
           3          12  -1.8090405721736674E-002
           3          13   9.9477357845477992E-003
           3          14   1.2929928805319133E-014
           3          15   6.7916493645971439E-013
           3          16  -2.8275359383995189E-012
           3          17   2.2080288499674233E-014
           3          18  -2.5697574911928528E-012
           3          19   3.2399703028240610E-012
           4           1   8.8801047025849556E-013
           4           2  -4.1357083566161918E-012
           4           3   6.8196620514149693E-003
           4           4   2.0078877767921322     
           4           5  -1.5751481637255389E-002
           4           6   1.6348099313168921E-011
           4           7  -1.9681016023320730E-002
           4           8  -4.0445642474917838E-002
           4           9   4.5457555042483874E-002
           4          10   3.3204546839441678E-012
           4          11  -1.8090406203333374E-002
           4          12  -8.7040679259255030E-002
           4          13   4.1783697967592077E-002
           4          14   3.1792821729806540E-013
           4          15  -2.9481652782914107E-012
           4          16  -1.9614587877191638E-011
           4          17  -2.6152483109008406E-012
           4          18  -3.7052404311445164E-012
           4          19   1.1223080459988720E-011
           5           1   1.3025549989837072E-012
           5           2  -5.8659575979981591E-012
           5           3  -3.7500648610637685E-003
           5           4  -1.5751481637255389E-002
           5           5   1.9879045814742464     
           5           6   2.5144562207320982E-011
           5           7   1.0822396488461767E-002
           5           8   4.5457555248400144E-002
           5           9   1.7224310590564670E-002
           5          10   2.1334185288519135E-012
           5          11   9.9477358509494837E-003
           5          12   4.1783697133855192E-002
           5          13  -3.4031585097730369E-002
           5          14  -4.5277937240366348E-013
           5          15  -2.3218303517873376E-012
           5          16  -2.4428340792803143E-012
           5          17   3.6719672275908712E-012
           5          18   1.2423096636757302E-011
           5          19  -8.3411646682224260E-012
           6           1   3.5691182938966920E-002
           6           2 -0.37493078197442475     
           6           3  -1.3270621104914845E-012
           6           4   1.6348099313168921E-011
           6           5   2.5144562207320982E-011
           6           6  0.86987925145190159     
           6           7   3.7314385025177823E-012
           6           8  -3.2207151311061193E-011
           6           9  -5.5196326555195755E-011
           6          10  0.54929907451490534     
           6          11   2.0133249573823501E-012
           6          12  -2.7257876342760782E-011
           6          13  -3.8288026849391099E-011
           6          14   8.9036936488963176E-004
           6          15  -3.3123279544741181E-004
           6          16  -2.4622444809832209E-004
           6          17   1.8214168891358875E-004
           6          18   7.6505356326677515E-004
           6          19   5.9433012476252790E-004
           7           1   2.3079559462355873E-013
           7           2  -8.7904920452633223E-013
           7           3   3.7535375039693848E-002
           7           4  -1.9681016023320730E-002
           7           5   1.0822396488461767E-002
           7           6   3.7314385025177823E-012
           7           7   1.4025200124888997E-002
           7           8   5.5127331586396287E-002
           7           9  -3.0313975480607564E-002
           7          10  -2.9142626939718741E-013
           7          11   1.2725173834833087E-002
           7          12   5.4440379312189077E-002
           7          13  -2.9936227932305645E-002
           7          14   1.1410226976180747E-013
           7          15   1.0321413513614378E-013
           7          16   8.3263139643117111E-012
           7          17   2.9986644769102947E-012
           7          18   7.7903520385598249E-012
           7          19  -9.2945570510080325E-012
           8           1  -2.3758565251532263E-012
           8           2   1.1422287578531574E-011
           8           3  -1.9681016139981911E-002
           8           4  -4.0445642474917838E-002
           8           5   4.5457555248400144E-002
           8           6  -3.2207151311061193E-011
           8           7   5.5127331586396287E-002
           8           8  0.23245322280990183     
           8           9 -0.12732847266049041     
           8          10  -1.3385130612397685E-011
           8          11   5.4440381074880306E-002
           8          12  0.22843132252590456     
           8          13 -0.12574181114164273     
           8          14  -8.3653206677439896E-012
           8          15   9.2496894281229732E-012
           8          16   5.6634530652871880E-011
           8          17   7.6215210893706074E-012
           8          18   1.2224479235758094E-011
           8          19  -3.9951174651593369E-011
           9           1  -3.6913982771183409E-012
           9           2   1.6876639778156968E-011
           9           3   1.0822396503770690E-002
           9           4   4.5457555042483874E-002
           9           5   1.7224310590564670E-002
           9           6  -5.5196326555195755E-011
           9           7  -3.0313975480607564E-002
           9           8 -0.12732847266049041     
           9           9   7.0917322963904614E-002
           9          10  -1.1773404728583012E-011
           9          11  -2.9936228175067921E-002
           9          12 -0.12574180809000862     
           9          13   6.8908354253989640E-002
           9          14  -8.5926939923581005E-012
           9          15   8.1491121762958199E-012
           9          16   1.0930120234025195E-012
           9          17  -1.1467631296151325E-011
           9          18  -3.7264900303673784E-011
           9          19   2.0640065278107193E-011
          10           1   5.4885544164464554E-002
          10           2 -0.23963763579940667     
          10           3   1.3374823176044667E-013
          10           4   3.3204546839441678E-012
          10           5   2.1334185288519135E-012
          10           6  0.54929907451490534     
          10           7  -2.9142626939718741E-013
          10           8  -1.3385130612397685E-011
          10           9  -1.1773404728583012E-011
          10          10  0.34867575429007319     
          10          11  -5.0886530764844329E-013
          10          12  -1.7921586254145038E-011
          10          13  -1.3621423940078289E-011
          10          14   1.4920046044635850E-004
          10          15   4.2636315549633100E-004
          10          16   1.6122254921165230E-003
          10          17  -2.3445287742405486E-004
          10          18  -9.8477777673762999E-004
          10          19   5.3026233005900052E-004
          11           1   1.0714678444413841E-013
          11           2  -3.5954875388635715E-013
          11           3  -1.5362050823592061E-002
          11           4  -1.8090406203333374E-002
          11           5   9.9477358509494837E-003
          11           6   2.0133249573823501E-012
          11           7   1.2725173834833087E-002
          11           8   5.4440381074880306E-002
          11           9  -2.9936228175067921E-002
          11          10  -5.0886530764844329E-013
          11          11   1.2845609521633021E-002
          11          12   5.3696320877895783E-002
          11          13  -2.9527077534175727E-002
          11          14  -2.9184081341598243E-013
          11          15   4.9042440797704605E-013
          11          16   9.2110102818812142E-012
          11          17   2.7076045282540252E-012
          11          18   6.7442277510813433E-012
          11          19  -9.2126322094699826E-012
          12           1  -2.1859307609486460E-012
          12           2   1.1111781035962499E-011
          12           3  -1.8090405721736674E-002
          12           4  -8.7040679259255030E-002
          12           5   4.1783697133855192E-002
          12           6  -2.7257876342760782E-011
          12           7   5.4440379312189077E-002
          12           8  0.22843132252590456     
          12           9 -0.12574180809000862     
          12          10  -1.7921586254145038E-011
          12          11   5.3696320877895783E-002
          12          12  0.22560360871525145     
          12          13 -0.12402324350986696     
          12          14  -4.4993159267131968E-012
          12          15   5.3786527074882006E-012
          12          16   4.6738470335987440E-011
          12          17   9.5800041548834756E-012
          12          18   2.0697164459992633E-011
          12          19  -3.9017310716110422E-011
          13           1  -2.7063236192999899E-012
          13           2   1.2924889252321174E-011
          13           3   9.9477357845477992E-003
          13           4   4.1783697967592077E-002
          13           5  -3.4031585097730369E-002
          13           6  -3.8288026849391099E-011
          13           7  -2.9936227932305645E-002
          13           8 -0.12574181114164273     
          13           9   6.8908354253989640E-002
          13          10  -1.3621423940078289E-011
          13          11  -2.9527077534175727E-002
          13          12 -0.12402324350986696     
          13          13   6.8260911394354043E-002
          13          14  -2.4343700537132169E-012
          13          15   1.9977377601136116E-012
          13          16  -1.3608637356378961E-011
          13          17  -7.9932658430622500E-012
          13          18  -2.2833732618230734E-011
          13          19   2.0966769851867074E-011
          14           1   1.2390389961482199E-002
          14           2   5.4771151378617995E-003
          14           3   1.2929928805319133E-014
          14           4   3.1792821729806540E-013
          14           5  -4.5277937240366348E-013
          14           6   8.9036936488963176E-004
          14           7   1.1410226976180747E-013
          14           8  -8.3653206677439896E-012
          14           9  -8.5926939923581005E-012
          14          10   1.4920046044635850E-004
          14          11  -2.9184081341598243E-013
          14          12  -4.4993159267131968E-012
          14          13  -2.4343700537132169E-012
          14          14   4.1128425928568292E-004
          14          15  -3.0529219880628391E-004
          14          16  -6.3629707700495132E-004
          14          17   1.6787717375335413E-004
          14          18   7.0513822634478071E-004
          14          19   1.3842947443026252E-004
          15           1   5.9511134812706185E-005
          15           2  -2.8577904926285758E-004
          15           3   6.7916493645971439E-013
          15           4  -2.9481652782914107E-012
          15           5  -2.3218303517873376E-012
          15           6  -3.3123279544741181E-004
          15           7   1.0321413513614378E-013
          15           8   9.2496894281229732E-012
          15           9   8.1491121762958199E-012
          15          10   4.2636315549633100E-004
          15          11   4.9042440797704605E-013
          15          12   5.3786527074882006E-012
          15          13   1.9977377601136116E-012
          15          14  -3.0529219880628391E-004
          15          15   3.0915970520109249E-004
          15          16   7.5556012069065784E-004
          15          17  -1.7000387741292178E-004
          15          18  -7.1407106716237781E-004
          15          19  -2.8980831563434052E-005
          16           1   1.2594596799586546E-002
          16           2   4.4964913067011506E-003
          16           3  -2.8275359383995189E-012
          16           4  -1.9614587877191638E-011
          16           5  -2.4428340792803143E-012
          16           6  -2.4622444809832209E-004
          16           7   8.3263139643117111E-012
          16           8   5.6634530652871880E-011
          16           9   1.0930120234025195E-012
          16          10   1.6122254921165230E-003
          16          11   9.2110102818812142E-012
          16          12   4.6738470335987440E-011
          16          13  -1.3608637356378961E-011
          16          14  -6.3629707700495132E-004
          16          15   7.5556012069065784E-004
          16          16   1.9563360934753454E-003
          16          17  -4.1547506990228026E-004
          16          18  -1.7451291763626150E-003
          16          19   3.8984489389819202E-005
          17           1  -3.2724582441781200E-005
          17           2   1.5714706352133235E-004
          17           3   2.2080288499674233E-014
          17           4  -2.6152483109008406E-012
          17           5   3.6719672275908712E-012
          17           6   1.8214168891358875E-004
          17           7   2.9986644769102947E-012
          17           8   7.6215210893706074E-012
          17           9  -1.1467631296151325E-011
          17          10  -2.3445287742405486E-004
          17          11   2.7076045282540252E-012
          17          12   9.5800041548834756E-012
          17          13  -7.9932658430622500E-012
          17          14   1.6787717375335413E-004
          17          15  -1.7000387741292178E-004
          17          16  -4.1547506990228026E-004
          17          17   9.3483458061356721E-005
          17          18   3.9266064795548313E-004
          17          19   1.5936273906797215E-005
          18           1  -1.3745381839923364E-004
          18           2   6.6006843353137636E-004
          18           3  -2.5697574911928528E-012
          18           4  -3.7052404311445164E-012
          18           5   1.2423096636757302E-011
          18           6   7.6505356326677515E-004
          18           7   7.7903520385598249E-012
          18           8   1.2224479235758094E-011
          18           9  -3.7264900303673784E-011
          18          10  -9.8477777673762999E-004
          18          11   6.7442277510813433E-012
          18          12   2.0697164459992633E-011
          18          13  -2.2833732618230734E-011
          18          14   7.0513822634478071E-004
          18          15  -7.1407106716237781E-004
          18          16  -1.7451291763626150E-003
          18          17   3.9266064795548313E-004
          18          18   1.6493012523309115E-003
          18          19   6.6937485572757716E-005
          19           1   1.2443578001037767E-002
          19           2   5.2217002856909025E-003
          19           3   3.2399703028240610E-012
          19           4   1.1223080459988720E-011
          19           5  -8.3411646682224260E-012
          19           6   5.9433012476252790E-004
          19           7  -9.2945570510080325E-012
          19           8  -3.9951174651593369E-011
          19           9   2.0640065278107193E-011
          19          10   5.3026233005900052E-004
          19          11  -9.2126322094699826E-012
          19          12  -3.9017310716110422E-011
          19          13   2.0966769851867074E-011
          19          14   1.3842947443026252E-004
          19          15  -2.8980831563434052E-005
          19          16   3.8984489389819202E-005
          19          17   1.5936273906797215E-005
          19          18   6.6937485572757716E-005
          19          19   1.1252786744112517E-004
