           1           1   2.2502523426321281     
           1           2  0.94795948408437813     
           1           3   2.6985141825260006E-014
           1           4   3.1646056781936860E-015
           1           5  -1.3095288311821048E-014
           1           6  0.47415948833989796     
           1           7   1.0118485682589172E-015
           1           8   1.7119590438054923E-014
           1           9   4.0489468047881650E-015
           1          10  -4.7868700900827239E-002
           1          11   9.2619973743871141E-015
           1          12  -4.1429879395679935E-014
           1          13  -5.2520745856655802E-015
           1          14   2.5325335683427774E-003
           1          15  -6.2555853429240348E-015
           1          16   1.0484374117854120E-014
           1          17   1.9548248001086602E-014
           1          18  0.38628706604294483     
           1          19  -6.5677066770161914E-015
           1          20  0.38628706604294427     
           1          21  -1.1870334331471479E-014
           1          22   4.2823681503131523E-015
           1          23  0.38628706604292068     
           1          24  -1.1919309161036668E-002
           1          25  -2.5727914795553139E-015
           1          26  -1.1919309161040493E-002
           1          27   3.0408661821963062E-015
           1          28  -4.0461998269782906E-015
           1          29  -1.1919309161024067E-002
           1          30  -3.2610448354823261E-002
           1          31  -7.6829447068880503E-016
           1          32  -3.2610448354811972E-002
           1          33  -5.5569413451159496E-015
           1          34   5.7312513554881274E-015
           1          35  -3.2610448354809723E-002
           2           1  0.94795948408437813     
           2           2   3.5486494895784322     
           2           3   9.6476861427147846E-014
           2           4   7.0851335232115697E-015
           2           5  -4.3425331120473808E-014
           2           6   1.1335231278190381     
           2           7  -4.5285510253050387E-015
           2           8   7.0526655464178397E-014
           2           9   1.8456816048790902E-014
           2          10 -0.51467577720985302     
           2          11   4.7382975836701656E-014
           2          12  -1.7436020843917236E-013
           2          13  -4.4006219265588034E-014
           2          14   1.2084932340874929E-002
           2          15  -3.7696999096903677E-014
           2          16   5.2656654146769429E-014
           2          17   8.8354605925219105E-014
           2          18   1.3103793390688723     
           2          19  -3.3438943208190814E-014
           2          20   1.3103793390688177     
           2          21  -3.9621233082500687E-014
           2          22   7.9762161039121923E-015
           2          23   1.3103793390687433     
           2          24 -0.21417502493345403     
           2          25   4.7322848880318003E-015
           2          26 -0.21417502493345142     
           2          27   1.9038977322630587E-014
           2          28   4.6027583038084163E-015
           2          29 -0.21417502493342611     
           2          30 -0.23536175604637150     
           2          31  -2.3517967280937259E-014
           2          32 -0.23536175604633258     
           2          33  -3.5473566647778434E-014
           2          34   1.7472374327640461E-014
           2          35 -0.23536175604632698     
           3           1   2.6985141825260006E-014
           3           2   9.6476861427147846E-014
           3           3   2.3203933416945386     
           3           4   7.6327832938794038E-017
           3           5  -2.3939183968440838E-015
           3           6   8.6792282629584942E-015
           3           7 -0.88645436766611851     
           3           8  -3.7470027080925192E-015
           3           9   7.7889084071275303E-015
           3          10   5.8878125136969793E-014
           3          11  0.11800161411899764     
           3          12   6.1495947222979571E-015
           3          13  -4.8411795405927576E-015
           3          14   3.5821497915997011E-015
           3          15  -5.8045984817412008E-002
           3          16  -5.7176485768050948E-015
           3          17   8.5868812062417150E-016
           3          18   2.1973277488550410E-014
           3          19   2.2147196931578905E-015
           3          20  -1.5115307693688816E-013
           3          21   1.3977003234061995E-014
           3          22   2.9360835898009565E-015
           3          23   1.5355055881809581E-013
           3          24   1.2179317211082868E-015
           3          25  -8.7265141071843858E-015
           3          26   1.0360574789788363E-014
           3          27  -5.8725738338159641E-016
           3          28   1.0555446345736200E-015
           3          29  -1.3568384570870001E-014
           3          30   6.2751526879742444E-015
           3          31   5.6780895440086661E-015
           3          32   1.1035406376727057E-014
           3          33   8.9227977171510945E-016
           3          34  -6.5632697448534785E-015
           3          35   9.4440374115076749E-015
           4           1   3.1646056781936860E-015
           4           2   7.0851335232115697E-015
           4           3   7.6327832938794038E-017
           4           4   2.3203933416945421     
           4           5  -1.4363510381113078E-015
           4           6   7.1247532083282875E-014
           4           7   8.3266726848065141E-016
           4           8 -0.88645436766612473     
           4           9   5.1278425949908638E-015
           4          10  -2.3546362163983340E-014
           4          11  -5.2683551965679734E-015
           4          12  0.11800161411900884     
           4          13  -2.6298407895568972E-015
           4          14   9.5198028956080146E-015
           4          15   3.6949610038525176E-015
           4          16  -5.8045984817418378E-002
           4          17   1.6336758334508487E-015
           4          18   3.0259999917202922E-014
           4          19  -3.6456732676636592E-015
           4          20  -5.6018819370915092E-015
           4          21  -2.3342837855374336E-016
           4          22   1.3216519751472840E-015
           4          23  -1.4455424497580244E-014
           4          24   3.0268830899477167E-014
           4          25  -4.2667388238154731E-015
           4          26   3.3553546731225489E-014
           4          27   1.0095343361144749E-016
           4          28   2.3458029823702295E-015
           4          29   3.4228971084111277E-014
           4          30   1.5827623894862230E-014
           4          31   5.3760660524988571E-015
           4          32   2.1471548704371556E-014
           4          33   1.8536447211190294E-015
           4          34  -3.7425344350322665E-015
           4          35   9.4684751113142388E-015
           5           1  -1.3095288311821048E-014
           5           2  -4.3425331120473808E-014
           5           3  -2.3939183968440838E-015
           5           4  -1.4363510381113078E-015
           5           5   2.3203933416945417     
           5           6  -3.5199818657607014E-014
           5           7   1.6237011735027701E-015
           5           8  -3.0531133176309553E-016
           5           9 -0.88645436766611974     
           5          10   3.3228204865773369E-014
           5          11  -1.5048726153343701E-016
           5          12   4.0505793161905329E-016
           5          13  0.11800161411899898     
           5          14   5.8359234257906837E-015
           5          15  -2.4203729298625917E-015
           5          16  -1.6766102395257216E-015
           5          17  -5.8045984817412036E-002
           5          18  -6.9664746428660560E-015
           5          19  -1.0704812468582689E-014
           5          20  -3.3834979009598228E-014
           5          21   7.5752033274987018E-015
           5          22   1.0481707777313233E-014
           5          23  -7.7717117724214550E-015
           5          24  -6.1038116806976344E-015
           5          25  -3.6615934236457039E-015
           5          26  -6.8316006694499004E-015
           5          27  -3.4544070502875372E-015
           5          28   8.1555299985860887E-016
           5          29  -3.0861233347013983E-015
           5          30   2.6842948925112330E-015
           5          31   2.1818914874857261E-015
           5          32   3.6577862373013452E-015
           5          33  -2.6794375473704937E-016
           5          34  -3.5345067755618182E-015
           5          35  -1.2807780280690166E-015
           6           1  0.47415948833989796     
           6           2   1.1335231278190381     
           6           3   8.6792282629584942E-015
           6           4   7.1247532083282875E-014
           6           5  -3.5199818657607014E-014
           6           6   1.5976165730050806     
           6           7   8.5846025873818300E-015
           6           8  -1.2475330391980736E-013
           6           9  -5.0572931140569689E-015
           6          10 -0.10230710127048770     
           6          11  -8.2284291977028384E-014
           6          12   2.6024853572979900E-013
           6          13   8.8748067638952154E-014
           6          14   1.3483805442900919E-002
           6          15   6.5656233132313631E-014
           6          16  -5.8975843665589552E-014
           6          17  -1.6735642604058575E-013
           6          18  0.38445331234138713     
           6          19   5.1023061777949751E-014
           6          20  0.38445331234067714     
           6          21   6.3089808717566492E-014
           6          22  -1.5985182253664052E-014
           6          23  0.38445331234059588     
           6          24   9.0720896084528657E-002
           6          25  -1.1025415699943962E-014
           6          26   9.0720896084516597E-002
           6          27  -3.3079967314177369E-014
           6          28  -1.6910485728796242E-014
           6          29   9.0720896084314023E-002
           6          30   2.3546516655959887E-002
           6          31   4.2849530558241507E-014
           6          32   2.3546516655876593E-002
           6          33   7.3275228945492083E-014
           6          34  -2.2677317902521951E-014
           6          35   2.3546516655891393E-002
           7           1   1.0118485682589172E-015
           7           2  -4.5285510253050387E-015
           7           3 -0.88645436766611851     
           7           4   8.3266726848065141E-016
           7           5   1.6237011735027701E-015
           7           6   8.5846025873818300E-015
           7           7   2.4463032883281350     
           7           8   3.3306690733790730E-016
           7           9  -2.0816681709249794E-016
           7          10  -4.8065654804767084E-014
           7          11 -0.27878472448763258     
           7          12  -2.7131075163145729E-015
           7          13  -1.1605300053992000E-015
           7          14   8.1550755455493736E-016
           7          15  0.13738465991732690     
           7          16   3.3618940964010674E-015
           7          17   2.9134680778602786E-015
           7          18  -1.6305387365344071E-014
           7          19   1.9148331682822958E-015
           7          20   4.6710197970159103E-013
           7          21  -3.7343532526259854E-014
           7          22  -1.1841753968140934E-014
           7          23  -4.5820613209834966E-013
           7          24   1.7077056618032238E-014
           7          25   6.2002759920489224E-015
           7          26  -2.2135941210837844E-014
           7          27   4.1703670734379597E-015
           7          28   4.9116521704959100E-015
           7          29   6.3044756739586928E-014
           7          30   9.8413159436583380E-015
           7          31   4.4172082685306544E-015
           7          32   2.6882538935246159E-014
           7          33   3.7252093055486328E-015
           7          34  -5.0988536422563581E-015
           7          35  -7.8158893988084779E-015
           8           1   1.7119590438054923E-014
           8           2   7.0526655464178397E-014
           8           3  -3.7470027080925192E-015
           8           4 -0.88645436766612473     
           8           5  -3.0531133176309553E-016
           8           6  -1.2475330391980736E-013
           8           7   3.3306690733790730E-016
           8           8   2.4463032883281386     
           8           9   1.9428902929711312E-016
           8          10   2.2681863819609534E-013
           8          11   2.7755575616540580E-015
           8          12 -0.27878472448763764     
           8          13  -8.4481033288218877E-016
           8          14  -1.2162590324367274E-014
           8          15  -4.1147640850920205E-015
           8          16  0.13738465991733187     
           8          17   2.0261570201117811E-015
           8          18  -3.5757685777575705E-014
           8          19   1.6355721229556781E-014
           8          20   4.0864161364832509E-014
           8          21   2.9592680393638989E-015
           8          22  -4.3437599200415401E-015
           8          23   1.0462840023795654E-013
           8          24  -7.3284190724103800E-014
           8          25   5.3807284777628666E-016
           8          26  -8.1704615955406637E-014
           8          27   2.4901491982136807E-015
           8          28  -2.2618616502534379E-015
           8          29  -8.0531372327711214E-014
           8          30  -1.5085265773316520E-014
           8          31   2.3529785420146534E-015
           8          32  -8.9824545909978110E-015
           8          33   3.4082847747512826E-015
           8          34  -4.3509574925083249E-015
           8          35  -8.6185321411239671E-015
           9           1   4.0489468047881650E-015
           9           2   1.8456816048790902E-014
           9           3   7.7889084071275303E-015
           9           4   5.1278425949908638E-015
           9           5 -0.88645436766611974     
           9           6  -5.0572931140569689E-015
           9           7  -2.0816681709249794E-016
           9           8   1.9428902929711312E-016
           9           9   2.4463032883281381     
           9          10  -5.8138112066368071E-014
           9          11  -2.3332030752007777E-015
           9          12   9.2460761272756851E-016
           9          13 -0.27878472448763336     
           9          14  -1.3421333592007196E-014
           9          15   7.0637939941866596E-015
           9          16   1.8925833122816459E-015
           9          17  0.13738465991733154     
           9          18  -6.0232485389341334E-015
           9          19   3.5717695592743928E-014
           9          20   4.3977190535473273E-014
           9          21  -1.9356971986392473E-014
           9          22  -3.0858642469895675E-014
           9          23  -1.3875608176482663E-014
           9          24   4.7907455636666294E-015
           9          25   4.7686867526413252E-015
           9          26   5.3260007617232099E-015
           9          27   1.1263527441261223E-014
           9          28  -2.2920002626917497E-015
           9          29  -3.9097687142474857E-015
           9          30  -7.1615491324763669E-015
           9          31  -1.5345422249970984E-015
           9          32  -3.3260436817350073E-015
           9          33   2.0185922265493291E-015
           9          34   5.7289538966167509E-015
           9          35   2.6743310136252971E-015
          10           1  -4.7868700900827239E-002
          10           2 -0.51467577720985302     
          10           3   5.8878125136969793E-014
          10           4  -2.3546362163983340E-014
          10           5   3.3228204865773369E-014
          10           6 -0.10230710127048770     
          10           7  -4.8065654804767084E-014
          10           8   2.2681863819609534E-013
          10           9  -5.8138112066368071E-014
          10          10   1.5205643701657723     
          10          11   1.5350681086140269E-013
          10          12  -4.9660208804444955E-013
          10          13  -1.5188726204055583E-013
          10          14  -4.2887857835116359E-002
          10          15  -1.3503682201288807E-013
          10          16   1.2175275508788072E-013
          10          17   3.0485776237309638E-013
          10          18 -0.58436208471404927     
          10          19  -1.2349247429751896E-013
          10          20 -0.58436208471425155     
          10          21  -2.6865813107565287E-013
          10          22  -9.6411469575377294E-014
          10          23 -0.58436208471397433     
          10          24  0.47489359365809025     
          10          25  -2.7515498974250226E-015
          10          26  0.47489359365814904     
          10          27   7.8676573256803852E-014
          10          28   4.7926920818559931E-015
          10          29  0.47489359365829331     
          10          30  0.38842320561091931     
          10          31  -8.7086045071302799E-014
          10          32  0.38842320561104809     
          10          33  -1.4520795587300615E-013
          10          34   3.6346349396249312E-014
          10          35  0.38842320561103599     
          11           1   9.2619973743871141E-015
          11           2   4.7382975836701656E-014
          11           3  0.11800161411899764     
          11           4  -5.2683551965679734E-015
          11           5  -1.5048726153343701E-016
          11           6  -8.2284291977028384E-014
          11           7 -0.27878472448763258     
          11           8   2.7755575616540580E-015
          11           9  -2.3332030752007777E-015
          11          10   1.5350681086140269E-013
          11          11   3.4970963047061925E-002
          11          12   5.3256010692384508E-016
          11          13   2.0816681705946792E-016
          11          14  -6.3169574909860553E-015
          11          15  -1.7032062984986870E-002
          11          16  -4.3758399676188343E-016
          11          17  -4.5146178450600733E-016
          11          18   1.6091634180894177E-014
          11          19   3.3700026855112129E-015
          11          20  -3.9442582128299337E-014
          11          21   4.7354719507757106E-015
          11          22   5.2990769329250109E-015
          11          23   9.5571237192545323E-014
          11          24  -5.1623198525304405E-014
          11          25  -3.0854449270083005E-014
          11          26  -4.6748153166491417E-014
          11          27  -1.8084966229606189E-014
          11          28  -3.2343335310124992E-014
          11          29  -5.9302374776444991E-014
          11          30  -1.0017537402693070E-014
          11          31  -6.0326382034438217E-015
          11          32  -1.1585668334494592E-014
          11          33  -3.6628736116895307E-015
          11          34  -5.3697597197102506E-015
          11          35  -6.6945161543666185E-015
          12           1  -4.1429879395679935E-014
          12           2  -1.7436020843917236E-013
          12           3   6.1495947222979571E-015
          12           4  0.11800161411900884     
          12           5   4.0505793161905329E-016
          12           6   2.6024853572979900E-013
          12           7  -2.7131075163145729E-015
          12           8 -0.27878472448763764     
          12           9   9.2460761272756851E-016
          12          10  -4.9660208804444955E-013
          12          11   5.3256010692384508E-016
          12          12   3.4970963047063014E-002
          12          13   5.5727991851031977E-017
          12          14   2.0801464002054473E-014
          12          15  -7.2424704955008149E-017
          12          16  -1.7032062984987502E-002
          12          17  -2.2974244072718497E-016
          12          18  -6.6459583209195267E-014
          12          19  -6.9202674681391556E-016
          12          20  -2.1779736761777676E-014
          12          21   1.3131007848286845E-014
          12          22   1.0446340551521840E-014
          12          23  -1.6574105201317173E-013
          12          24   1.7140858812388509E-013
          12          25   5.0949974274554872E-015
          12          26   1.6799756275804768E-013
          12          27  -5.5949012754800511E-015
          12          28   8.5250782978930176E-015
          12          29   1.7905404950999661E-013
          12          30   2.9906774798872815E-014
          12          31   6.9499437575408090E-016
          12          32   3.1198161393012799E-014
          12          33  -1.7486261309830513E-015
          12          34   1.6514162949191676E-015
          12          35   2.6548516462500998E-014
          13           1  -5.2520745856655802E-015
          13           2  -4.4006219265588034E-014
          13           3  -4.8411795405927576E-015
          13           4  -2.6298407895568972E-015
          13           5  0.11800161411899898     
          13           6   8.8748067638952154E-014
          13           7  -1.1605300053992000E-015
          13           8  -8.4481033288218877E-016
          13           9 -0.27878472448763336     
          13          10  -1.5188726204055583E-013
          13          11   2.0816681705946792E-016
          13          12   5.5727991851031977E-017
          13          13   3.4970963047062757E-002
          13          14   7.4721336623732276E-015
          13          15  -5.5240100683239094E-016
          13          16  -3.0878077877076205E-016
          13          17  -1.7032062984987634E-002
          13          18  -5.6677420429260620E-014
          13          19   1.5020334049312216E-015
          13          20   1.3220975346019956E-014
          13          21   2.2344941071599158E-014
          13          22   2.2970581201383092E-014
          13          23  -1.8356638796542570E-014
          13          24   4.6402914969484660E-014
          13          25  -5.8399842578753119E-015
          13          26   4.0111890545049855E-014
          13          27  -8.6552455569038586E-015
          13          28  -3.1399026612633709E-015
          13          29   4.3777449500125491E-014
          13          30   4.0632512038815969E-015
          13          31  -9.5125585374694825E-016
          13          32   6.2912761531182108E-015
          13          33  -1.6541345354544824E-015
          13          34  -1.3091898596539558E-015
          13          35   4.5828293715208131E-015
          14           1   2.5325335683427774E-003
          14           2   1.2084932340874929E-002
          14           3   3.5821497915997011E-015
          14           4   9.5198028956080146E-015
          14           5   5.8359234257906837E-015
          14           6   1.3483805442900919E-002
          14           7   8.1550755455493736E-016
          14           8  -1.2162590324367274E-014
          14           9  -1.3421333592007196E-014
          14          10  -4.2887857835116359E-002
          14          11  -6.3169574909860553E-015
          14          12   2.0801464002054473E-014
          14          13   7.4721336623732276E-015
          14          14   1.4254069489890602E-003
          14          15   5.4660718609873041E-015
          14          16  -5.1772215029734036E-015
          14          17  -1.3202601872648933E-014
          14          18   1.2332541490340290E-002
          14          19   8.5286794722517455E-015
          14          20   1.2332541490285662E-002
          14          21   2.7295124375616706E-014
          14          22   2.1584343223982415E-014
          14          23   1.2332541490197213E-002
          14          24  -1.1421959148966892E-002
          14          25   4.6949744131493298E-015
          14          26  -1.1421959148966696E-002
          14          27   1.3162440319462233E-015
          14          28   5.8029214586064588E-015
          14          29  -1.1421959148978256E-002
          14          30  -9.3512970424575667E-003
          14          31   4.2865465306541290E-015
          14          32  -9.3512970424646374E-003
          14          33   6.3427668915864491E-015
          14          34  -7.6638199994291869E-016
          14          35  -9.3512970424657824E-003
          15           1  -6.2555853429240348E-015
          15           2  -3.7696999096903677E-014
          15           3  -5.8045984817412008E-002
          15           4   3.6949610038525176E-015
          15           5  -2.4203729298625917E-015
          15           6   6.5656233132313631E-014
          15           7  0.13738465991732690     
          15           8  -4.1147640850920205E-015
          15           9   7.0637939941866596E-015
          15          10  -1.3503682201288807E-013
          15          11  -1.7032062984986870E-002
          15          12  -7.2424704955008149E-017
          15          13  -5.5240100683239094E-016
          15          14   5.4660718609873041E-015
          15          15   8.3072771148097434E-003
          15          16   1.1492543024023781E-016
          15          17   4.5471439104155647E-016
          15          18  -2.1243054911687838E-014
          15          19   2.6750065531498481E-015
          15          20   1.3669162869325127E-014
          15          21   3.6744352038888901E-015
          15          22   3.3754370154956579E-015
          15          23  -4.6441744227067961E-014
          15          24   4.1701000048768440E-014
          15          25   1.3903210027125694E-014
          15          26   3.8796672642960692E-014
          15          27   7.7741137935019497E-015
          15          28   1.4705095171406529E-014
          15          29   4.4342563153797461E-014
          15          30   5.8804374157669718E-015
          15          31   2.6234632441795673E-015
          15          32   6.9158980231787519E-015
          15          33   1.3736878213509591E-015
          15          34   2.2163589196270780E-015
          15          35   4.7265915674080498E-015
          16           1   1.0484374117854120E-014
          16           2   5.2656654146769429E-014
          16           3  -5.7176485768050948E-015
          16           4  -5.8045984817418378E-002
          16           5  -1.6766102395257216E-015
          16           6  -5.8975843665589552E-014
          16           7   3.3618940964010674E-015
          16           8  0.13738465991733187     
          16           9   1.8925833122816459E-015
          16          10   1.2175275508788072E-013
          16          11  -4.3758399676188343E-016
          16          12  -1.7032062984987502E-002
          16          13  -3.0878077877076205E-016
          16          14  -5.1772215029734036E-015
          16          15   1.1492543024023781E-016
          16          16   8.3072771148101250E-003
          16          17   2.4942070987582835E-016
          16          18   1.2328273357585847E-014
          16          19   4.0886344527535556E-015
          16          20  -1.1507422807814790E-014
          16          21   1.7828592348218228E-015
          16          22   5.2179625084876192E-015
          16          23   7.2615328390011600E-014
          16          24  -4.6838510049594823E-014
          16          25  -7.0515244707885854E-015
          16          26  -4.4826829114206618E-014
          16          27   1.7838593750204736E-015
          16          28  -6.4422004606735771E-015
          16          29  -5.1384097077191080E-014
          16          30  -9.7394586955000228E-015
          16          31  -1.2032159189170815E-015
          16          32  -1.0438704132157852E-014
          16          33   6.4037563589411503E-016
          16          34  -1.3137892630865462E-015
          16          35  -7.7134612865531633E-015
          17           1   1.9548248001086602E-014
          17           2   8.8354605925219105E-014
          17           3   8.5868812062417150E-016
          17           4   1.6336758334508487E-015
          17           5  -5.8045984817412036E-002
          17           6  -1.6735642604058575E-013
          17           7   2.9134680778602786E-015
          17           8   2.0261570201117811E-015
          17           9  0.13738465991733154     
          17          10   3.0485776237309638E-013
          17          11  -4.5146178450600733E-016
          17          12  -2.2974244072718497E-016
          17          13  -1.7032062984987634E-002
          17          14  -1.3202601872648933E-014
          17          15   4.5471439104155647E-016
          17          16   2.4942070987582835E-016
          17          17   8.3072771148103072E-003
          17          18   4.6459383683904725E-014
          17          19  -4.8150198823483173E-015
          17          20   4.5764504082014349E-014
          17          21  -9.3780376649590653E-015
          17          22  -1.2804548531779564E-014
          17          23   4.2457908131222626E-014
          17          24  -9.8564946039338453E-014
          17          25   3.8264768274045076E-016
          17          26  -9.8234112066813420E-014
          17          27   6.4310553191697423E-016
          17          28   1.1859286935289667E-015
          17          29  -9.8498338163455911E-014
          17          30  -1.4740223047971483E-014
          17          31   3.6763060274779527E-017
          17          32  -1.4715989466371240E-014
          17          33   1.9171627356952151E-016
          17          34   5.9963779024053840E-016
          17          35  -1.4481693746917609E-014
          18           1  0.38628706604294483     
          18           2   1.3103793390688723     
          18           3   2.1973277488550410E-014
          18           4   3.0259999917202922E-014
          18           5  -6.9664746428660560E-015
          18           6  0.38445331234138713     
          18           7  -1.6305387365344071E-014
          18           8  -3.5757685777575705E-014
          18           9  -6.0232485389341334E-015
          18          10 -0.58436208471404927     
          18          11   1.6091634180894177E-014
          18          12  -6.6459583209195267E-014
          18          13  -5.6677420429260620E-014
          18          14   1.2332541490340290E-002
          18          15  -2.1243054911687838E-014
          18          16   1.2328273357585847E-014
          18          17   4.6459383683904725E-014
          18          18   2.6651151729223836     
          18          19  -1.4335247271669414E-012
          18          20 -0.23847245132672745     
          18          21   2.0608552981051300E-013
          18          22  -1.8602538150377517E-013
          18          23 -0.23847245132684405     
          18          24 -0.24733150334101681     
          18          25   1.5266849120206383E-013
          18          26 -0.30348700128602957     
          18          27   5.7093100239725320E-015
          18          28   3.3750058371574442E-014
          18          29 -0.30348700128607009     
          18          30 -0.18633972066389409     
          18          31  -6.9054292062043447E-014
          18          32 -0.25647534657744669     
          18          33   9.0251677310622086E-015
          18          34   1.5827557942321193E-015
          18          35 -0.25647534657739834     
          19           1  -6.5677066770161914E-015
          19           2  -3.3438943208190814E-014
          19           3   2.2147196931578905E-015
          19           4  -3.6456732676636592E-015
          19           5  -1.0704812468582689E-014
          19           6   5.1023061777949751E-014
          19           7   1.9148331682822958E-015
          19           8   1.6355721229556781E-014
          19           9   3.5717695592743928E-014
          19          10  -1.2349247429751896E-013
          19          11   3.3700026855112129E-015
          19          12  -6.9202674681391556E-016
          19          13   1.5020334049312216E-015
          19          14   8.5286794722517455E-015
          19          15   2.6750065531498481E-015
          19          16   4.0886344527535556E-015
          19          17  -4.8150198823483173E-015
          19          18  -1.4335247271669414E-012
          19          19   2.0929595335246725     
          19          20   2.1551869683732591E-012
          19          21   2.3384072455585871E-015
          19          22   3.3029134984859973E-015
          19          23  -7.6144588676282304E-013
          19          24   1.5723524475972654E-013
          19          25 -0.35671689399785100     
          19          26  -1.1253410924283562E-013
          19          27  -7.6640083168953369E-015
          19          28  -5.4262150328209723E-015
          19          29   4.3955659339138727E-014
          19          30  -5.6117572505833320E-014
          19          31  -2.6605145024821166E-002
          19          32   7.3130176703022280E-014
          19          33   8.4736904993086050E-015
          19          34  -1.3717325886336328E-015
          19          35  -4.1407232201473072E-014
          20           1  0.38628706604294427     
          20           2   1.3103793390688177     
          20           3  -1.5115307693688816E-013
          20           4  -5.6018819370915092E-015
          20           5  -3.3834979009598228E-014
          20           6  0.38445331234067714     
          20           7   4.6710197970159103E-013
          20           8   4.0864161364832509E-014
          20           9   4.3977190535473273E-014
          20          10 -0.58436208471425155     
          20          11  -3.9442582128299337E-014
          20          12  -2.1779736761777676E-014
          20          13   1.3220975346019956E-014
          20          14   1.2332541490285662E-002
          20          15   1.3669162869325127E-014
          20          16  -1.1507422807814790E-014
          20          17   4.5764504082014349E-014
          20          18 -0.23847245132672745     
          20          19   2.1551869683732591E-012
          20          20   2.6651151729218125     
          20          21  -3.5368773509829809E-013
          20          22   8.2603504067086798E-013
          20          23 -0.23847245132710992     
          20          24 -0.30348700128619954     
          20          25  -1.5056961129807513E-013
          20          26 -0.24733150334112619     
          20          27   2.4908423633407475E-014
          20          28  -1.5504385098784443E-013
          20          29 -0.30348700128616518     
          20          30 -0.25647534657754045     
          20          31   5.7615522193514708E-014
          20          32 -0.18633972066394291     
          20          33  -5.9424037095518471E-014
          20          34   5.2765624709208336E-014
          20          35 -0.25647534657755877     
          21           1  -1.1870334331471479E-014
          21           2  -3.9621233082500687E-014
          21           3   1.3977003234061995E-014
          21           4  -2.3342837855374336E-016
          21           5   7.5752033274987018E-015
          21           6   6.3089808717566492E-014
          21           7  -3.7343532526259854E-014
          21           8   2.9592680393638989E-015
          21           9  -1.9356971986392473E-014
          21          10  -2.6865813107565287E-013
          21          11   4.7354719507757106E-015
          21          12   1.3131007848286845E-014
          21          13   2.2344941071599158E-014
          21          14   2.7295124375616706E-014
          21          15   3.6744352038888901E-015
          21          16   1.7828592348218228E-015
          21          17  -9.3780376649590653E-015
          21          18   2.0608552981051300E-013
          21          19   2.3384072455585871E-015
          21          20  -3.5368773509829809E-013
          21          21   2.0929595335246849     
          21          22   8.0074835650690567E-015
          21          23   7.2796168941194274E-014
          21          24   9.0524181231545791E-015
          21          25   1.4675760606600898E-015
          21          26   4.1812845576750394E-014
          21          27 -0.35671689399787088     
          21          28  -7.9936057773083262E-015
          21          29   1.1082835292521286E-014
          21          30  -3.9177119363269044E-014
          21          31  -1.6956921975029974E-016
          21          32  -4.3791952495342509E-014
          21          33  -2.6605145024802528E-002
          21          34  -4.8693687970808099E-015
          21          35  -4.9565140629445446E-014
          22           1   4.2823681503131523E-015
          22           2   7.9762161039121923E-015
          22           3   2.9360835898009565E-015
          22           4   1.3216519751472840E-015
          22           5   1.0481707777313233E-014
          22           6  -1.5985182253664052E-014
          22           7  -1.1841753968140934E-014
          22           8  -4.3437599200415401E-015
          22           9  -3.0858642469895675E-014
          22          10  -9.6411469575377294E-014
          22          11   5.2990769329250109E-015
          22          12   1.0446340551521840E-014
          22          13   2.2970581201383092E-014
          22          14   2.1584343223982415E-014
          22          15   3.3754370154956579E-015
          22          16   5.2179625084876192E-015
          22          17  -1.2804548531779564E-014
          22          18  -1.8602538150377517E-013
          22          19   3.3029134984859973E-015
          22          20   8.2603504067086798E-013
          22          21   8.0074835650690567E-015
          22          22   2.0929595335246844     
          22          23  -6.3980584593161728E-013
          22          24  -1.1415141396180564E-015
          22          25   1.8422763315232505E-015
          22          26  -9.5556740664664568E-014
          22          27  -1.2878587085653001E-014
          22          28 -0.35671689399786599     
          22          29   8.7516226207952273E-015
          22          30  -5.4904230945241416E-014
          22          31  -2.8241298188908281E-015
          22          32  -1.4975158927893772E-014
          22          33   9.3796498345987389E-015
          22          34  -2.6605145024817617E-002
          22          35  -8.1719896457987156E-014
          23           1  0.38628706604292068     
          23           2   1.3103793390687433     
          23           3   1.5355055881809581E-013
          23           4  -1.4455424497580244E-014
          23           5  -7.7717117724214550E-015
          23           6  0.38445331234059588     
          23           7  -4.5820613209834966E-013
          23           8   1.0462840023795654E-013
          23           9  -1.3875608176482663E-014
          23          10 -0.58436208471397433     
          23          11   9.5571237192545323E-014
          23          12  -1.6574105201317173E-013
          23          13  -1.8356638796542570E-014
          23          14   1.2332541490197213E-002
