           1           1   2.1208146655190898     
           1           2 -0.72880455790413223     
           1           3   9.1438956130967415E-015
           1           4  -1.3495946240622746E-015
           1           5  -3.9217573039269730E-016
           1           6 -0.15262589890790415     
           1           7  -7.8209654537568710E-015
           1           8  -1.2246607763102279E-015
           1           9   7.8405674429601595E-015
           1          10  0.18945651485475035     
           1          11  -6.5226893534566785E-015
           1          12  0.18945651485475176     
           1          13  -5.0730181895230003E-015
           1          14   1.2599884688380233E-015
           1          15  0.18945651485475368     
           2           1 -0.72880455790413223     
           2           2   2.7083800778912375     
           2           3  -1.6770841568936062E-015
           2           4  -2.0249576826161090E-015
           2           5   1.0619901406961576E-015
           2           6  0.57678267046199716     
           2           7   2.9430665030070531E-015
           2           8   5.7862307573990854E-015
           2           9  -3.5594944653579320E-015
           2          10 -0.50958015057289319     
           2          11   2.0862164394699025E-015
           2          12 -0.50958015057289563     
           2          13   8.8330063856520988E-016
           2          14  -3.5057841338811347E-016
           2          15 -0.50958015057289519     
           3           1   9.1438956130967415E-015
           3           2  -1.6770841568936062E-015
           3           3   1.2335254032838200E-028
           3           4  -1.3013920463271973E-029
           3           5   1.5170472867026009E-029
           3           6   7.7299527429910645E-016
           3           7  -9.1459616363375680E-029
           3           8   4.3085515860482325E-031
           3           9   4.6817788739851560E-029
           3          10   1.0321408947424429E-015
           3          11  -5.7769621679301084E-029
           3          12   1.0321408947424429E-015
           3          13  -2.4959516963945601E-029
           3          14   2.9841111401868739E-030
           3          15   1.0321408947424701E-015
           4           1  -1.3495946240622746E-015
           4           2  -2.0249576826161090E-015
           4           3  -1.3013920463271973E-029
           4           4   7.6427003414342436E-030
           4           5   5.6339537037151234E-030
           4           6   4.5546801305212912E-016
           4           7   5.6655166544792609E-030
           4           8   3.3051351941372999E-030
           4           9  -5.6425946756854693E-030
           4          10   4.2330957349925193E-016
           4          11   5.9945017772905666E-030
           4          12   4.2330957349925247E-016
           4          13   3.0618282283046068E-030
           4          14  -1.3240635358775683E-030
           4          15   4.2330957349924942E-016
           5           1  -3.9217573039269730E-016
           5           2   1.0619901406961576E-015
           5           3   1.5170472867026009E-029
           5           4   5.6339537037151234E-030
           5           5   1.7941896300378268E-029
           5           6   2.3037112609331474E-015
           5           7  -1.5659591095847364E-029
           5           8   1.8381318657295369E-029
           5           9  -2.7129032167602056E-031
           5          10   1.3554834590382780E-016
           5          11  -5.3208981398749240E-030
           5          12   1.3554834590382422E-016
           5          13  -2.2270506050016493E-030
           5          14  -1.8665043956984358E-030
           5          15   1.3554834590382881E-016
           6           1 -0.15262589890790415     
           6           2  0.57678267046199716     
           6           3   7.7299527429910645E-016
           6           4   4.5546801305212912E-016
           6           5   2.3037112609331474E-015
           6           6  0.37903490734306128     
           6           7  -9.1949170223967666E-016
           6           8   3.2959297797464139E-015
           6           9  -7.1606445794517741E-016
           6          10  -7.0323920753347688E-002
           6          11  -4.8045297938425171E-017
           6          12  -7.0323920753348479E-002
           6          13  -1.5610266695235255E-016
           6          14  -2.5911452212566712E-016
           6          15  -7.0323920753348021E-002
           7           1  -7.8209654537568710E-015
           7           2   2.9430665030070531E-015
           7           3  -9.1459616363375680E-029
           7           4   5.6655166544792609E-030
           7           5  -1.5659591095847364E-029
           7           6  -9.1949170223967666E-016
           7           7   7.1597962369942559E-029
           7           8  -3.0502625828904031E-030
           7           9  -3.7964401409779151E-029
           7          10  -1.1790168044056071E-015
           7          11   4.4909070112181048E-029
           7          12  -1.1790168044056087E-015
           7          13   2.1364651264905885E-029
           7          14  -2.4186079994681041E-030
           7          15  -1.1790168044056286E-015
           8           1  -1.2246607763102279E-015
           8           2   5.7862307573990854E-015
           8           3   4.3085515860482325E-031
           8           4   3.3051351941372999E-030
           8           5   1.8381318657295369E-029
           8           6   3.2959297797464139E-015
           8           7  -3.0502625828904031E-030
           8           8   2.9574594348405848E-029
           8           9  -7.2644867584535087E-030
           8          10  -7.9866134098160595E-016
           8          11   1.8069236330580610E-030
           8          12  -7.9866134098161295E-016
           8          13  -1.5762929181782346E-030
           8          14  -1.9057201196961242E-030
           8          15  -7.9866134098161019E-016
           9           1   7.8405674429601595E-015
           9           2  -3.5594944653579320E-015
           9           3   4.6817788739851560E-029
           9           4  -5.6425946756854693E-030
           9           5  -2.7129032167602056E-031
           9           6  -7.1606445794517741E-016
           9           7  -3.7964401409779151E-029
           9           8  -7.2644867584535087E-030
           9           9   3.1587116003391330E-029
           9          10   9.1546316516982589E-016
           9          11  -2.8820099578690322E-029
           9          12   9.1546316516983121E-016
           9          13  -1.8683584713536265E-029
           9          14   4.3167559454688798E-030
           9          15   9.1546316516984088E-016
          10           1  0.18945651485475035     
          10           2 -0.50958015057289319     
          10           3   1.0321408947424429E-015
          10           4   4.2330957349925193E-016
          10           5   1.3554834590382780E-016
          10           6  -7.0323920753347688E-002
          10           7  -1.1790168044056071E-015
          10           8  -7.9866134098160595E-016
          10           9   9.1546316516982589E-016
          10          10  0.10423379388928841     
          10          11  -7.3683399749215947E-016
          10          12  0.10423379388928886     
          10          13  -3.5234067739737304E-016
          10          14   6.3206739689186255E-017
          10          15  0.10423379388928897     
          11           1  -6.5226893534566785E-015
          11           2   2.0862164394699025E-015
          11           3  -5.7769621679301084E-029
          11           4   5.9945017772905666E-030
          11           5  -5.3208981398749240E-030
          11           6  -4.8045297938425171E-017
          11           7   4.4909070112181048E-029
          11           8   1.8069236330580610E-030
          11           9  -2.8820099578690322E-029
          11          10  -7.3683399749215947E-016
          11          11   3.0618331351559840E-029
          11          12  -7.3683399749216193E-016
          11          13   1.6681314986489101E-029
          11          14  -2.9371211473380710E-030
          11          15  -7.3683399749217436E-016
          12           1  0.18945651485475176     
          12           2 -0.50958015057289563     
          12           3   1.0321408947424429E-015
          12           4   4.2330957349925247E-016
          12           5   1.3554834590382422E-016
          12           6  -7.0323920753348479E-002
          12           7  -1.1790168044056087E-015
          12           8  -7.9866134098161295E-016
          12           9   9.1546316516983121E-016
          12          10  0.10423379388928886     
          12          11  -7.3683399749216193E-016
          12          12  0.10423379388928927     
          12          13  -3.5234067739737541E-016
          12          14   6.3206739689187340E-017
          12          15  0.10423379388928937     
          13           1  -5.0730181895230003E-015
          13           2   8.8330063856520988E-016
          13           3  -2.4959516963945601E-029
          13           4   3.0618282283046068E-030
          13           5  -2.2270506050016493E-030
          13           6  -1.5610266695235255E-016
          13           7   2.1364651264905885E-029
          13           8  -1.5762929181782346E-030
          13           9  -1.8683584713536265E-029
          13          10  -3.5234067739737304E-016
          13          11   1.6681314986489101E-029
          13          12  -3.5234067739737541E-016
          13          13   1.2896319605905417E-029
          13          14  -2.7738129976287110E-030
          13          15  -3.5234067739738103E-016
          14           1   1.2599884688380233E-015
          14           2  -3.5057841338811347E-016
          14           3   2.9841111401868739E-030
          14           4  -1.3240635358775683E-030
          14           5  -1.8665043956984358E-030
          14           6  -2.5911452212566712E-016
          14           7  -2.4186079994681041E-030
          14           8  -1.9057201196961242E-030
          14           9   4.3167559454688798E-030
          14          10   6.3206739689186255E-017
          14          11  -2.9371211473380710E-030
          14          12   6.3206739689187340E-017
          14          13  -2.7738129976287110E-030
          14          14   9.2272722626693366E-031
          14          15   6.3206739689187882E-017
          15           1  0.18945651485475368     
          15           2 -0.50958015057289519     
          15           3   1.0321408947424701E-015
          15           4   4.2330957349924942E-016
          15           5   1.3554834590382881E-016
          15           6  -7.0323920753348021E-002
          15           7  -1.1790168044056286E-015
          15           8  -7.9866134098161019E-016
          15           9   9.1546316516984088E-016
          15          10  0.10423379388928897     
          15          11  -7.3683399749217436E-016
          15          12  0.10423379388928937     
          15          13  -3.5234067739738103E-016
          15          14   6.3206739689187882E-017
          15          15  0.10423379388928948     
