           1           1   2.2108091875056495     
           1           2  0.74139500824398374     
           1           3  -1.6143104558412836E-012
           1           4  -1.3527542499207416E-011
           1           5  -1.4219482623512933E-011
           1           6 -0.33658962448903162     
           1           7   2.6325182132104972E-011
           1           8   2.1813478825722149E-011
           1           9   2.5704840478853961E-012
           1          10   7.4081535321994518E-002
           1          11  -3.6970592810813838E-012
           1          12  -1.0373703751296757E-011
           1          13   6.7735572521173712E-012
           1          14  -1.8916445434013232E-002
           1          15   4.2203775428093489E-012
           1          16  -2.0052323801262787E-012
           1          17   2.9863744133306303E-015
           1          18  -2.1897925803272721E-002
           1          19   2.1971669037408487E-004
           1          20  -2.1981853934989665E-002
           1          21   1.6934168617599958E-004
           1          22  -2.1075725341119543E-004
           1          23  -2.1885711283857846E-002
           1          24  -1.0597393979222573E-003
           1          25  -3.2072420589733113E-005
           1          26  -1.0474882626859100E-003
           1          27  -2.4719095194305941E-005
           1          28   3.0764597471952696E-005
           1          29  -1.0615223706487904E-003
           1          30   2.7184008586202467E-003
           1          31  -6.7338972593629018E-005
           1          32   2.7441234754772559E-003
           1          33  -5.1899948511529410E-005
           1          34   6.4593149452642153E-005
           1          35   2.7146574506322317E-003
           2           1  0.74139500824398374     
           2           2   2.6416243009136489     
           2           3  -6.9032044688005423E-012
           2           4  -5.7593921078996485E-011
           2           5  -5.7346859993199345E-011
           2           6  -1.1536895973134773     
           2           7   1.0841387266878448E-010
           2           8   8.9200134443157153E-011
           2           9   1.3282045321417686E-011
           2          10  0.25218212745050705     
           2          11  -2.2531059327313930E-011
           2          12  -4.2623612479015919E-011
           2          13   2.6028130246765318E-011
           2          14  -6.8372228597374823E-002
           2          15   1.1558455837691933E-011
           2          16  -8.9920424056432983E-012
           2          17   7.1820087456762083E-013
           2          18  -9.3231197941746995E-003
           2          19   8.8000218328693420E-004
           2          20  -9.6592660511645341E-003
           2          21   6.7824183274530327E-004
           2          22  -8.4411812949284346E-004
           2          23  -9.2741985888052103E-003
           2          24   2.2437356089503920E-003
           2          25  -1.0141235504308648E-004
           2          26   2.2824735021334773E-003
           2          27  -7.8161282122689115E-005
           2          28   9.7277064414617355E-005
           2          29   2.2380979125751549E-003
           2          30   3.6738411571716760E-003
           2          31  -2.2825018161638224E-004
           2          32   3.7610298458510454E-003
           2          33  -1.7591851085555247E-004
           2          34   2.1894304212046866E-004
           2          35   3.6611526439972730E-003
           3           1  -1.6143104558412836E-012
           3           2  -6.9032044688005423E-012
           3           3   2.3385095001356508     
           3           4   3.7561798706096002E-003
           3           5   2.8949932005853636E-003
           3           6   1.1652339685854559E-010
           3           7 -0.92165490268673445     
           3           8  -1.2542134990726419E-002
           3           9  -9.6665699237700586E-003
           3          10  -1.5369118318597220E-011
           3          11  0.13229950116969977     
           3          12   2.7652776666499582E-002
           3          13   2.1312759998268059E-002
           3          14   1.4829998015079032E-011
           3          15   6.3431196128855130E-002
           3          16   1.3903130120056157E-002
           3          17   1.0715526948625072E-002
           3          18   3.1587715518724339E-011
           3          19  -1.3109868888855094E-011
           3          20  -1.3324977160442050E-011
           3          21   1.7223463016168998E-011
           3          22   2.1765220728630682E-011
           3          23  -4.4306015234995026E-013
           3          24   2.5698666678973316E-011
           3          25  -2.2779969763988420E-013
           3          26   8.3991838688571285E-012
           3          27   1.2670968641333028E-011
           3          28  -9.3623901025924657E-013
           3          29  -1.5220693131326354E-011
           3          30  -2.4697997058438223E-011
           3          31   9.7219896241330279E-012
           3          32   1.1098610304811986E-011
           3          33   4.7785702896748582E-013
           3          34   5.4028181107069357E-012
           3          35  -2.5120205584382758E-011
           4           1  -1.3527542499207416E-011
           4           2  -5.7593921078996485E-011
           4           3   3.7561798706096002E-003
           4           4   2.3368527340678233     
           4           5  -3.6030177471296902E-003
           4           6  -2.7792421097675461E-011
           4           7  -1.2542134981826658E-002
           4           8 -0.91612286996933123     
           4           9   1.2030700599426592E-002
           4          10  -1.5439440688111413E-010
           4          11   2.7652776719350215E-002
           4          12  0.12010253159598311     
           4          13  -2.6525171543459018E-002
           4          14   3.6397635908492968E-011
           4          15   1.3903130136934960E-002
           4          16   5.7298862166914585E-002
           4          17  -1.3336198196382553E-002
           4          18  -5.6228190530503256E-011
           4          19   2.5819166050874035E-011
           4          20  -1.9175422875771046E-011
           4          21   1.7761172635102521E-011
           4          22   4.0944935308663960E-011
           4          23  -4.1372481111230343E-011
           4          24  -5.9970482259933469E-012
           4          25  -5.3587591987209163E-012
           4          26  -4.6497289405896182E-011
           4          27   1.0042646890852899E-011
           4          28  -1.9706266965858617E-011
           4          29  -2.0886484279119924E-011
           4          30  -5.2807622073639037E-011
           4          31   4.0660190483828420E-012
           4          32  -7.1199683079571183E-011
           4          33   5.7513719980534412E-012
           4          34  -1.6533108843809102E-011
           4          35  -6.6266221688411220E-011
           5           1  -1.4219482623512933E-011
           5           2  -5.7346859993199345E-011
           5           3   2.8949932005853636E-003
           5           4  -3.6030177471296902E-003
           5           5   2.3387506109053602     
           5           6  -6.0142903766137540E-011
           5           7  -9.6665699365059317E-003
           5           8   1.2030700606304004E-002
           5           9 -0.92246001264774136     
           5          10  -1.7951346415229702E-011
           5          11   2.1312760053413010E-002
           5          12  -2.6525171477903585E-002
           5          13  0.13407459925081464     
           5          14   3.4730798510877837E-011
           5          15   1.0715526919963646E-002
           5          16  -1.3336198294705087E-002
           5          17   6.4323671387966311E-002
           5          18  -1.9531198913512978E-011
           5          19   9.0937966352194897E-012
           5          20  -9.1030367079676473E-012
           5          21  -2.0315513122749795E-012
           5          22   2.0611804073131524E-014
           5          23  -5.2486679485854524E-011
           5          24  -8.4025656429288184E-012
           5          25  -1.0620392591603992E-011
           5          26  -3.4260422135918032E-011
           5          27  -5.0723826272173317E-012
           5          28  -4.2492227239360659E-012
           5          29  -2.0515965358241762E-011
           5          30  -3.0855751875853794E-011
           5          31  -9.9631999377058999E-013
           5          32   2.2965425070570266E-011
           5          33   1.2275602397731250E-011
           5          34   2.1283808147353101E-012
           5          35  -1.7906177924606494E-011
           6           1 -0.33658962448903162     
           6           2  -1.1536895973134773     
           6           3   1.1652339685854559E-010
           6           4  -2.7792421097675461E-011
           6           5  -6.0142903766137540E-011
           6           6   2.7850040352767014     
           6           7  -1.6805248499965226E-010
           6           8  -1.4014623579969860E-010
           6           9   3.8686758441412972E-011
           6          10 -0.78332944048148656     
           6          11   5.7277524211921192E-012
           6          12   1.3576468251311619E-010
           6          13  -1.3025700878092837E-010
           6          14  0.21023621656520397     
           6          15  -6.1462682226097410E-011
           6          16   2.8402696584230987E-011
           6          17  -2.6458478924421256E-011
           6          18   1.0008055780497958E-003
           6          19  -2.0925018527701848E-003
           6          20   1.8001065361314709E-003
           6          21  -1.6127487993282295E-003
           6          22   2.0071756133555321E-003
           6          23   8.8447917509072726E-004
           6          24  -2.9797090350252567E-003
           6          25   2.1096312870906391E-005
           6          26  -2.9877685068432605E-003
           6          27   1.6259238861789094E-005
           6          28  -2.0236276254051563E-005
           6          29  -2.9785365776674108E-003
           6          30  -1.2332691545685857E-002
           6          31   9.7283516046916228E-004
           6          32  -1.2704300880191312E-002
           6          33   7.4979030652736357E-004
           6          34  -9.3316636553533554E-004
           6          35  -1.2278610641581030E-002
           7           1   2.6325182132104972E-011
           7           2   1.0841387266878448E-010
           7           3 -0.92165490268673445     
           7           4  -1.2542134981826658E-002
           7           5  -9.6665699365059317E-003
           7           6  -1.6805248499965226E-010
           7           7   2.5186063405367305     
           7           8   4.1872650839190756E-002
           7           9   3.2272409156797063E-002
           7          10   2.6181882526768311E-010
           7          11 -0.45920856385412157     
           7          12  -9.2185463833472536E-002
           7          13  -7.1049887190536579E-002
           7          14  -2.9188992720463009E-011
           7          15 -0.20767947527591873     
           7          16  -4.6841350351830402E-002
           7          17  -3.6101924452142553E-002
           7          18  -4.0458760539597052E-011
           7          19   9.1761971724971635E-012
           7          20   6.4603264158572190E-011
           7          21  -3.0212517524249007E-011
           7          22  -6.0670185336249907E-011
           7          23   7.3607997509982082E-011
           7          24  -9.1785592309394480E-012
           7          25   3.7704823036212812E-012
           7          26   4.5188970248855892E-011
           7          27  -3.8422211687114131E-011
           7          28   1.2604359280172012E-011
           7          29   6.9881269233872637E-011
           7          30   1.3590970989357936E-010
           7          31  -1.6120400627777924E-011
           7          32   2.4257645630791792E-011
           7          33  -1.0655411863941192E-011
           7          34  -1.0628736699954338E-011
           7          35   1.4049912496956649E-010
           8           1   2.1813478825722149E-011
           8           2   8.9200134443157153E-011
           8           3  -1.2542134990726419E-002
           8           4 -0.91612286996933123     
           8           5   1.2030700606304004E-002
           8           6  -1.4014623579969860E-010
           8           7   4.1872650839190756E-002
           8           8   2.5001373263837907     
           8           9  -4.0165197513153762E-002
           8          10   3.7876157910634410E-010
           8          11  -9.2185464000725442E-002
           8          12 -0.41854778966237671     
           8          13   8.8426390982353317E-002
           8          14  -5.6149933708459109E-011
           8          15  -4.6841350392076576E-002
           8          16 -0.18701889058639337     
           8          17   4.4931287118536667E-002
           8          18   7.7482897854482690E-011
           8          19  -2.6978574966325731E-011
           8          20   1.9350244519406276E-012
           8          21  -7.3353210351604547E-011
           8          22  -1.2116124156324006E-010
           8          23   1.6831996412730585E-011
           8          24  -8.6409058720875704E-013
           8          25  -3.0466219392532874E-012
           8          26   3.8216702831477952E-011
           8          27  -1.9763547810292690E-011
           8          28   2.5887123123765139E-011
           8          29   4.4996973863335453E-011
           8          30   9.8421554888348590E-011
           8          31  -1.5453241954039253E-011
           8          32   1.9754632028835870E-010
           8          33  -1.3534625570101302E-011
           8          34   3.7190981215724820E-011
           8          35   1.5033163284714598E-010
           9           1   2.5704840478853961E-012
           9           2   1.3282045321417686E-011
           9           3  -9.6665699237700586E-003
           9           4   1.2030700599426592E-002
           9           5 -0.92246001264774136     
           9           6   3.8686758441412972E-011
           9           7   3.2272409156797063E-002
           9           8  -4.0165197513153762E-002
           9           9   2.5212942467959616     
           9          10  -3.0557226126323006E-010
           9          11  -7.1049887348444127E-002
           9          12   8.8426390816985292E-002
           9          13 -0.46512616988103195     
           9          14  -9.0829652372633018E-011
           9          15  -3.6101924411433277E-002
           9          16   4.4931287477235363E-002
           9          17 -0.21068633395915382     
           9          18   1.8113058352692950E-011
           9          19   7.0508193978028262E-012
           9          20  -3.2789002706836674E-011
           9          21   4.8889416587658883E-012
           9          22   1.5402885389353789E-011
           9          23   7.8060342003713321E-011
           9          24  -5.0850348454250716E-011
           9          25   2.7270595426105265E-011
           9          26   2.9659599893329166E-011
           9          27   1.5485346031639081E-011
           9          28  -4.7367984054616099E-012
           9          29  -2.6190578915392416E-012
           9          30  -2.7460552327478872E-011
           9          31  -1.8561148742934683E-011
           9          32  -2.0698148639522161E-010
           9          33  -1.6581265445785487E-011
           9          34  -8.1222190724793359E-012
           9          35  -6.8736624056569773E-011
          10           1   7.4081535321994518E-002
          10           2  0.25218212745050705     
          10           3  -1.5369118318597220E-011
          10           4  -1.5439440688111413E-010
          10           5  -1.7951346415229702E-011
          10           6 -0.78332944048148656     
          10           7   2.6181882526768311E-010
          10           8   3.7876157910634410E-010
          10           9  -3.0557226126323006E-010
          10          10   1.6004779931981605     
          10          11  -3.1470695990006453E-011
          10          12  -5.9544749470520891E-010
          10          13   8.1079268531947485E-010
          10          14 -0.42607453582036642     
          10          15   1.2819575381994904E-010
          10          16  -2.1215725267421533E-010
          10          17   3.0143767291952917E-010
          10          18   3.4390743682501169E-003
          10          19   2.2683749446577748E-003
          10          20   2.5725910867076419E-003
          10          21   1.7482987534421027E-003
          10          22  -2.1758777031036947E-003
          10          23   3.5651770595486196E-003
          10          24   6.2490696496943499E-003
          10          25   1.4267261680335941E-003
          10          26   5.7040867356634066E-003
          10          27   1.0996177514010551E-003
          10          28  -1.3685476409932857E-003
          10          29   6.3283853390416330E-003
          10          30   1.5338330530506452E-002
          10          31  -2.6329986928026843E-003
          10          32   1.6344096539047587E-002
          10          33  -2.0293235882037249E-003
          10          34   2.5256335383676554E-003
          10          35   1.5191958351205515E-002
          11           1  -3.6970592810813838E-012
          11           2  -2.2531059327313930E-011
          11           3  0.13229950116969977     
          11           4   2.7652776719350215E-002
          11           5   2.1312760053413010E-002
          11           6   5.7277524211921192E-012
          11           7 -0.45920856385412157     
          11           8  -9.2185464000725442E-002
          11           9  -7.1049887348444127E-002
          11          10  -3.1470695990006453E-011
          11          11   1.0834896122191007     
          11          12  0.20128480410403948     
          11          13  0.15513576640166585     
          11          14  -2.9887094229872259E-010
          11          15  0.46432564637101914     
          11          16  0.10621265711990807     
          11          17   8.1861033368305608E-002
          11          18  -2.2004978394701843E-011
          11          19  -2.2663052798931626E-011
          11          20   3.0587452793798812E-011
          11          21  -6.1525005263879325E-013
          11          22  -5.5814284489544089E-012
          11          23  -1.9890500373602256E-011
          11          24   2.1743105034663646E-011
          11          25  -1.0421135493404916E-011
          11          26   2.0197292528827015E-011
          11          27  -1.2102442424545357E-011
          11          28   1.1230936979516506E-011
          11          29   1.8194269471615830E-011
          11          30   1.0507028823925045E-010
          11          31   4.8891509111942931E-012
          11          32   1.6470801037630069E-010
          11          33  -5.5044723647439581E-011
          11          34   4.9229692915901637E-012
          11          35   7.4010199761311913E-011
          12           1  -1.0373703751296757E-011
          12           2  -4.2623612479015919E-011
          12           3   2.7652776666499582E-002
          12           4  0.12010253159598311     
          12           5  -2.6525171477903585E-002
          12           6   1.3576468251311619E-010
          12           7  -9.2185463833472536E-002
          12           8 -0.41854778966237671     
          12           9   8.8426390816985292E-002
          12          10  -5.9544749470520891E-010
          12          11  0.20128480410403948     
          12          12  0.99470776121956672     
          12          13 -0.19307695602097386     
          12          14  -1.6290911873575873E-010
          12          15  0.10621265699648122     
          12          16  0.41747781854220550     
          12          17 -0.10188159277602761     
          12          18  -1.6153405086420311E-010
          12          19   5.5215197364477789E-012
          12          20   1.0101974774282935E-010
          12          21   9.4601498465875010E-011
          12          22   1.0757022111920225E-010
          12          23   7.1320183521917428E-011
          12          24  -8.9878393306675183E-011
          12          25   3.3149270736513722E-011
          12          26   8.2464360835471187E-011
          12          27   5.0842993451933693E-011
          12          28   2.2731477815057384E-011
          12          29  -2.4246583945464004E-012
          12          30  -1.5642968710877149E-011
          12          31   3.9618137849964429E-011
          12          32  -2.8338650619640233E-010
          12          33   2.6007670670595596E-011
          12          34  -4.7617922129273934E-011
          12          35  -1.1809580954444730E-010
          13           1   6.7735572521173712E-012
          13           2   2.6028130246765318E-011
          13           3   2.1312759998268059E-002
          13           4  -2.6525171543459018E-002
          13           5  0.13407459925081464     
          13           6  -1.3025700878092837E-010
          13           7  -7.1049887190536579E-002
          13           8   8.8426390982353317E-002
          13           9 -0.46512616988103195     
          13          10   8.1079268531947485E-010
          13          11  0.15513576640166585     
          13          12 -0.19307695602097386     
          13          13   1.0964105663555954     
          13          14   1.8551863206813521E-010
          13          15   8.1861033227176944E-002
          13          16 -0.10188159366073060     
          13          17  0.47114369197283418     
          13          18  -2.7273090744625079E-011
          13          19   8.4586617938727457E-012
          13          20   8.2997476646795218E-011
          13          21  -6.4821577771524981E-011
          13          22  -1.9103153889570221E-011
          13          23  -9.6792069016157004E-011
          13          24   4.2472387881137188E-011
          13          25  -1.9287717748516421E-011
          13          26   5.7589523413361805E-012
          13          27  -4.0088529093419179E-011
          13          28   3.4793191214208569E-011
          13          29   2.9130589201565037E-011
          13          30   1.1384362165514011E-010
          13          31   4.1084602228573742E-011
          13          32   5.1517832572391896E-010
          13          33   1.5775295349119210E-011
          13          34   9.7933478010745331E-014
          13          35   2.1603924099833187E-010
          14           1  -1.8916445434013232E-002
          14           2  -6.8372228597374823E-002
          14           3   1.4829998015079032E-011
          14           4   3.6397635908492968E-011
          14           5   3.4730798510877837E-011
          14           6  0.21023621656520397     
          14           7  -2.9188992720463009E-011
          14           8  -5.6149933708459109E-011
          14           9  -9.0829652372633018E-011
          14          10 -0.42607453582036642     
          14          11  -2.9887094229872259E-010
          14          12  -1.6290911873575873E-010
          14          13   1.8551863206813521E-010
          14          14  0.11358385363364122     
          14          15  -1.5485691421990437E-010
          14          16  -9.1506133080894128E-011
          14          17   9.7148120549367683E-011
          14          18  -7.8376842853114764E-004
          14          19   6.7690106705645104E-004
          14          20  -1.0423314940679678E-003
          14          21   5.2170666203724169E-004
          14          22  -6.4929842217353721E-004
          14          23  -7.4613731639178692E-004
          14          24  -1.5700843053717021E-003
          14          25   3.2640916205911374E-004
          14          26  -1.6947670726451939E-003
          14          27   2.5157254172518775E-004
          14          28  -3.1309908334511933E-004
          14          29  -1.5519385022652503E-003
          14          30  -4.0678159073756189E-003
          14          31   1.1619279013656879E-003
          14          32  -4.5116538243001152E-003
          14          33   8.9552963910947926E-004
          14          34  -1.1145479716638280E-003
          14          35  -4.0032222446657380E-003
          15           1   4.2203775428093489E-012
          15           2   1.1558455837691933E-011
          15           3   6.3431196128855130E-002
          15           4   1.3903130136934960E-002
          15           5   1.0715526919963646E-002
          15           6  -6.1462682226097410E-011
          15           7 -0.20767947527591873     
          15           8  -4.6841350392076576E-002
          15           9  -3.6101924411433277E-002
          15          10   1.2819575381994904E-010
          15          11  0.46432564637101914     
          15          12  0.10621265699648122     
          15          13   8.1861033227176944E-002
          15          14  -1.5485691421990437E-010
          15          15  0.19998260274860830     
          15          16   5.3381233522847737E-002
          15          17   4.1142393687569785E-002
          15          18   1.5630066619754519E-011
          15          19   1.3355060158132681E-011
          15          20  -1.5457916049412115E-011
          15          21  -1.3184524683785119E-011
          15          22  -1.1952352904853231E-011
          15          23  -5.0478821241116542E-012
          15          24   2.3367179147328421E-011
          15          25   8.0713054286157899E-012
          15          26  -6.0235878920209033E-012
          15          27  -1.1517246562733508E-011
          15          28  -8.2443126816066216E-013
          15          29   1.0913268754194706E-011
          15          30   4.6491587766407360E-011
          15          31   9.6678042960419292E-012
          15          32   7.1831617167551542E-011
          15          33  -1.8048889298214143E-011
          15          34  -3.9939779643858417E-012
          15          35   3.5149490202504179E-011
          16           1  -2.0052323801262787E-012
          16           2  -8.9920424056432983E-012
          16           3   1.3903130120056157E-002
          16           4   5.7298862166914585E-002
          16           5  -1.3336198294705087E-002
          16           6   2.8402696584230987E-011
          16           7  -4.6841350351830402E-002
          16           8 -0.18701889058639337     
          16           9   4.4931287477235363E-002
          16          10  -2.1215725267421533E-010
          16          11  0.10621265711990807     
          16          12  0.41747781854220550     
          16          13 -0.10188159366073060     
          16          14  -9.1506133080894128E-011
          16          15   5.3381233522847737E-002
          16          16  0.17643743565124265     
          16          17  -5.1204491766131344E-002
          16          18   1.1603140404927953E-010
          16          19  -2.9894357347113769E-011
          16          20  -1.1783587587464523E-010
          16          21  -4.5205509360236437E-011
          16          22  -6.0866879980057697E-011
          16          23   6.9915013531699264E-012
          16          24   5.7638717267959870E-011
          16          25  -2.7840269036989243E-012
          16          26  -4.8142023055538909E-011
          16          27  -2.2905747053310061E-011
          16          28  -4.6670450881066822E-011
          16          29  -1.4158304241974955E-011
          16          30   2.2792064055902723E-012
          16          31   1.2699819363386438E-011
          16          32  -1.3547193759463176E-010
          16          33   6.1306221079137237E-012
          16          34  -2.4438688847350381E-011
          16          35  -5.4616759105322488E-011
          17           1   2.9863744133306303E-015
          17           2   7.1820087456762083E-013
          17           3   1.0715526948625072E-002
          17           4  -1.3336198196382553E-002
          17           5   6.4323671387966311E-002
          17           6  -2.6458478924421256E-011
          17           7  -3.6101924452142553E-002
          17           8   4.4931287118536667E-002
          17           9 -0.21068633395915382     
          17          10   3.0143767291952917E-010
          17          11   8.1861033368305608E-002
          17          12 -0.10188159277602761     
          17          13  0.47114369197283418     
          17          14   9.7148120549367683E-011
          17          15   4.1142393687569785E-002
          17          16  -5.1204491766131344E-002
          17          17  0.20340927252445357     
          17          18   8.2118197361122908E-011
          17          19  -2.9601928039907175E-011
          17          20  -7.3514360913922956E-011
          17          21  -7.6753987010238429E-011
          17          22  -3.7011353822335825E-011
          17          23  -2.7520881553178579E-011
          17          24   6.7767340928520996E-011
          17          25  -2.6368704077412635E-011
          17          26  -5.5617309685772124E-011
          17          27  -4.3433111870657321E-011
          17          28   9.8650008208343792E-013
          17          29   2.1739578056948596E-011
          17          30   5.4235077136874067E-011
          17          31   1.6128446767086427E-011
          17          32   2.2709009171389796E-010
          17          33   1.5301107986525772E-012
          17          34  -9.6897473771425509E-013
          17          35   9.9585277143237073E-011
          18           1  -2.1897925803272721E-002
          18           2  -9.3231197941746995E-003
          18           3   3.1587715518724339E-011
          18           4  -5.6228190530503256E-011
          18           5  -1.9531198913512978E-011
          18           6   1.0008055780497958E-003
          18           7  -4.0458760539597052E-011
          18           8   7.7482897854482690E-011
          18           9   1.8113058352692950E-011
          18          10   3.4390743682501169E-003
          18          11  -2.2004978394701843E-011
          18          12  -1.6153405086420311E-010
          18          13  -2.7273090744625079E-011
          18          14  -7.8376842853114764E-004
          18          15   1.5630066619754519E-011
          18          16   1.1603140404927953E-010
          18          17   8.2118197361122908E-011
          18          18   1.1219350034546816     
          18          19   6.0147159959371009E-004
          18          20 -0.56039716629503533     
          18          21   4.6358181804439049E-004
          18          22   9.3626823362472512E-004
          18          23 -0.56082426834306676     
          18          24  0.58341142824280512     
          18          25  -1.9964488640594107E-004
          18          26 -0.29190492071728985     
          18          27  -1.5387490937457919E-004
          18          28  -4.9100808633072211E-004
          18          29 -0.29168093546933199     
          18          30   5.7142892890557365E-002
          18          31   1.0947729280160178E-004
          18          32  -2.8332078938138404E-002
          18          33   8.4373310526263340E-005
          18          34   3.1944082796905865E-004
          18          35  -2.8477801413751277E-002
          19           1   2.1971669037408487E-004
          19           2   8.8000218328693420E-004
          19           3  -1.3109868888855094E-011
          19           4   2.5819166050874035E-011
          19           5   9.0937966352194897E-012
          19           6  -2.0925018527701848E-003
          19           7   9.1761971724971635E-012
          19           8  -2.6978574966325731E-011
          19           9   7.0508193978028262E-012
          19          10   2.2683749446577748E-003
          19          11  -2.2663052798931626E-011
          19          12   5.5215197364477789E-012
          19          13   8.4586617938727457E-012
          19          14   6.7690106705645104E-004
          19          15   1.3355060158132681E-011
          19          16  -2.9894357347113769E-011
          19          17  -2.9601928039907175E-011
          19          18   6.0147159959371009E-004
          19          19   1.1214995335013422     
          19          20   5.6407287123801954E-004
          19          21  -7.9819413247140180E-004
          19          22   6.0805726029088169E-004
          19          23  -9.7063668610304133E-004
          19          24  -9.8013393756388742E-004
          19          25  0.58361044119620198     
          19          26  -9.8600549691662772E-004
          19          27   4.0589421074660139E-004
          19          28  -3.3135748245283702E-004
          19          29  -2.6775135066950731E-004
          19          30   1.0128756063630274E-003
          19          31   5.6641033973898247E-002
          19          32   1.1329697658244184E-003
          19          33  -4.8737385968884402E-004
          19          34   4.9848093726392309E-004
          19          35   5.5290252863099995E-004
          20           1  -2.1981853934989665E-002
          20           2  -9.6592660511645341E-003
          20           3  -1.3324977160442050E-011
          20           4  -1.9175422875771046E-011
          20           5  -9.1030367079676473E-012
          20           6   1.8001065361314709E-003
          20           7   6.4603264158572190E-011
          20           8   1.9350244519406276E-012
          20           9  -3.2789002706836674E-011
          20          10   2.5725910867076419E-003
          20          11   3.0587452793798812E-011
          20          12   1.0101974774282935E-010
          20          13   8.2997476646795218E-011
          20          14  -1.0423314940679678E-003
          20          15  -1.5457916049412115E-011
          20          16  -1.1783587587464523E-010
          20          17  -7.3514360913922956E-011
          20          18 -0.56039716629503533     
          20          19   5.6407287123801954E-004
          20          20   1.1214898015594936     
          20          21  -7.8112247575838286E-004
          20          22  -5.4105638335327094E-004
          20          23 -0.56045351853695791     
          20          24 -0.29160678719145605     
          20          25  -2.0551654167858712E-004
          20          26  0.58386432176394121     
          20          27   3.8999950444156532E-004
          20          28   1.9713291253261754E-004
          20          29 -0.29157865479610046     
          20          30  -2.8677161626827812E-002
          20          31   2.2957146248923902E-004
          20          32   5.6668294065878144E-002
          20          33  -1.6410349686977349E-004
          20          34  -2.2021490842979888E-004
          20          35  -2.8688995447299255E-002
          21           1   1.6934168617599958E-004
          21           2   6.7824183274530327E-004
          21           3   1.7223463016168998E-011
          21           4   1.7761172635102521E-011
          21           5  -2.0315513122749795E-012
          21           6  -1.6127487993282295E-003
          21           7  -3.0212517524249007E-011
          21           8  -7.3353210351604547E-011
          21           9   4.8889416587658883E-012
          21          10   1.7482987534421027E-003
          21          11  -6.1525005263879325E-013
          21          12   9.4601498465875010E-011
          21          13  -6.4821577771524981E-011
          21          14   5.2170666203724169E-004
          21          15  -1.3184524683785119E-011
          21          16  -4.5205509360236437E-011
          21          17  -7.6753987010238429E-011
          21          18   4.6358181804439049E-004
          21          19  -7.9819413247140180E-004
          21          20  -7.8112247575838286E-004
          21          21   1.1219199712984702     
          21          22   8.3841288790584994E-004
          21          23   4.6776117793413240E-004
          21          24  -7.5541926828751667E-004
          21          25   4.0589418884898209E-004
          21          26  -2.1154482325539122E-004
          21          27  0.58339664019412263     
          21          28  -4.2216259842344037E-004
          21          29  -7.5475716112799137E-004
          21          30   7.8064726454522121E-004
          21          31  -4.8737383675209419E-004
          21          32   5.3217068690941606E-004
          21          33   5.6897760129702823E-002
          21          34   4.8791028274117491E-004
          21          35   7.6718169228231071E-004
          22           1  -2.1075725341119543E-004
          22           2  -8.4411812949284346E-004
          22           3   2.1765220728630682E-011
          22           4   4.0944935308663960E-011
          22           5   2.0611804073131524E-014
          22           6   2.0071756133555321E-003
          22           7  -6.0670185336249907E-011
          22           8  -1.2116124156324006E-010
          22           9   1.5402885389353789E-011
          22          10  -2.1758777031036947E-003
          22          11  -5.5814284489544089E-012
          22          12   1.0757022111920225E-010
          22          13  -1.9103153889570221E-011
          22          14  -6.4929842217353721E-004
          22          15  -1.1952352904853231E-011
          22          16  -6.0866879980057697E-011
          22          17  -3.7011353822335825E-011
          22          18   9.3626823362472512E-004
          22          19   6.0805726029088169E-004
          22          20  -5.4105638335327094E-004
          22          21   8.3841288790584994E-004
          22          22   1.1215501846884610     
          22          23  -5.8217180343765119E-004
          22          24   2.5765472387362159E-004
          22          25  -3.3135751684355429E-004
          22          26   9.4579545819708090E-004
          22          27  -4.2216268908545977E-004
          22          28  0.58358284141539007     
          22          29   9.3934826300522015E-004
          22          30  -5.4711920622228869E-004
          22          31   4.9848089432897441E-004
          22          32  -1.0867752685683658E-003
          22          33   4.8791015002333949E-004
          22          34   5.6682549437507987E-002
          22          35  -9.5480592057740953E-004
          23           1  -2.1885711283857846E-002
          23           2  -9.2741985888052103E-003
          23           3  -4.4306015234995026E-013
          23           4  -4.1372481111230343E-011
          23           5  -5.2486679485854524E-011
          23           6   8.8447917509072726E-004
          23           7   7.3607997509982082E-011
          23           8   1.6831996412730585E-011
          23           9   7.8060342003713321E-011
          23          10   3.5651770595486196E-003
          23          11  -1.9890500373602256E-011
          23          12   7.1320183521917428E-011
          23          13  -9.6792069016157004E-011
          23          14  -7.4613731639178692E-004
