           1           1   2.0888774913723958     
           1           2 -0.17242888873015266     
           1           3  -8.4951016844463155E-012
           1           4   9.4907196394737330E-011
           1           5   4.1856476739720008E-011
           1           6 -0.28904536873241105     
           1           7  -1.1646177130747006E-011
           1           8  -7.3890406657950734E-011
           1           9  -4.0864683842764712E-011
           1          10  -4.3993751054225371E-004
           1          11  -6.6196882046370108E-005
           1          12  -1.7062707444466876E-004
           1          13   1.3971320512566219E-004
           1          14   2.8502930801169884E-005
           1          15  -2.1102945873683948E-004
           2           1 -0.17242888873015266     
           2           2  0.46071961964619734     
           2           3   1.5303334699034948E-010
           2           4  -2.1666242144797677E-010
           2           5   2.0145042379272811E-010
           2           6  0.58419428397430540     
           2           7   1.0575323293844487E-010
           2           8   3.5382719748295988E-011
           2           9   2.2686624544523538E-010
           2          10  -1.0101697287423507E-002
           2          11  -7.9769455167642790E-004
           2          12  -6.8564176721471540E-003
           2          13   1.6835907061515422E-003
           2          14   3.4347038743690397E-004
           2          15  -7.3432801575604913E-003
           3           1  -8.4951016844463155E-012
           3           2   1.5303334699034948E-010
           3           3   7.9601230598912456E-002
           3           4  -7.1533820622103228E-002
           3           5  0.15097718398879806     
           3           6  -1.3037341689785660E-010
           3           7   5.6862694331625156E-002
           3           8  -5.1099786114032687E-002
           3           9  0.10784970915065438     
           3          10   8.4630006399774380E-012
           3          11   2.2566334535666451E-011
           3          12  -2.4039867570286254E-011
           3          13   6.3556225133055475E-011
           3          14   3.2770262210262729E-012
           3          15   4.0849138670446262E-011
           4           1   9.4907196394737330E-011
           4           2  -2.1666242144797677E-010
           4           3  -7.1533820622103228E-002
           4           4  0.41564533674165816     
           4           5   3.0800946257621115E-002
           4           6  -1.8116233523775415E-010
           4           7  -5.1099786359670538E-002
           4           8  0.29691392807623895     
           4           9   2.2002484064843925E-002
           4          10   1.8932757043182218E-010
           4          11  -2.3546746288983092E-010
           4          12   7.7238454172442416E-011
           4          13   6.9869031650610653E-012
           4          14  -6.6628698989406025E-011
           4          15  -1.5376869927875756E-011
           5           1   4.1856476739720008E-011
           5           2   2.0145042379272811E-010
           5           3  0.15097718398879806     
           5           4   3.0800946257621115E-002
           5           5  0.36523142316131946     
           5           6  -4.5211762986500405E-010
           5           7  0.10784970724296945     
           5           8   2.2002483411985449E-002
           5           9  0.26090102964522915     
           5          10   1.1077560637227168E-010
           5          11  -5.8932520980718664E-011
           5          12  -1.8730417144131573E-011
           5          13   1.5044425285453170E-010
           5          14  -2.4054727930950810E-011
           5          15   8.8226438934242303E-011
           6           1 -0.28904536873241105     
           6           2  0.58419428397430540     
           6           3  -1.3037341689785660E-010
           6           4  -1.8116233523775415E-010
           6           5  -4.5211762986500405E-010
           6           6  0.75609757188504290     
           6           7  -9.5617065120845317E-011
           6           8   8.4763565609227591E-011
           6           9  -2.2556384190814984E-010
           6          10  -1.0172622003608189E-002
           6          11   1.8769935435861227E-004
           6          12  -1.0936244399589349E-002
           6          13  -3.9615274616193463E-004
           6          14  -8.0819320625016323E-005
           6          15  -1.0821684525775968E-002
           7           1  -1.1646177130747006E-011
           7           2   1.0575323293844487E-010
           7           3   5.6862694331625156E-002
           7           4  -5.1099786359670538E-002
           7           5  0.10784970724296945     
           7           6  -9.5617065120845317E-011
           7           7   4.0619547993470492E-002
           7           8  -3.6502847614504431E-002
           7           9   7.7041836725478319E-002
           7          10   6.4883549064846755E-012
           7          11   1.6290840227340591E-011
           7          12  -1.7424367955951981E-011
           7          13   4.5040750278269349E-011
           7          14   2.2674238835576082E-012
           7          15   2.9032918473862366E-011
           8           1  -7.3890406657950734E-011
           8           2   3.5382719748295988E-011
           8           3  -5.1099786114032687E-002
           8           4  0.29691392807623895     
           8           5   2.2002483411985449E-002
           8           6   8.4763565609227591E-011
           8           7  -3.6502847614504431E-002
           8           8  0.21209880851004473     
           8           9   1.5717351233630314E-002
           8          10   1.2560692603658849E-010
           8          11  -1.7126106181886677E-010
           8          12   5.7970275455905621E-011
           8          13   1.1441366414500565E-011
           8          14  -4.6279907525834229E-011
           8          15  -1.0054272708615399E-011
           9           1  -4.0864683842764712E-011
           9           2   2.2686624544523538E-010
           9           3  0.10784970915065438     
           9           4   2.2002484064843925E-002
           9           5  0.26090102964522915     
           9           6  -2.2556384190814984E-010
           9           7   7.7041836725478319E-002
           9           8   1.5717351233630314E-002
           9           9  0.18637319505741196     
           9          10   7.5656204856761451E-011
           9          11  -4.3096645017824386E-011
           9          12  -1.2793367199752698E-011
           9          13   1.0957647549084439E-010
           9          14  -1.6753415943088515E-011
           9          15   6.3001228036050069E-011
          10           1  -4.3993751054225371E-004
          10           2  -1.0101697287423507E-002
          10           3   8.4630006399774380E-012
          10           4   1.8932757043182218E-010
          10           5   1.1077560637227168E-010
          10           6  -1.0172622003608189E-002
          10           7   6.4883549064846755E-012
          10           8   1.2560692603658849E-010
          10           9   7.5656204856761451E-011
          10          10   7.1215494545859878E-004
          10          11   2.4691465498822662E-004
          10          12  -2.9237391548753524E-004
          10          13  -5.2113082282135063E-004
          10          14  -1.0631621443808509E-004
          10          15  -1.4167276689259811E-004
          11           1  -6.6196882046370108E-005
          11           2  -7.9769455167642790E-004
          11           3   2.2566334535666451E-011
          11           4  -2.3546746288983092E-010
          11           5  -5.8932520980718664E-011
          11           6   1.8769935435861227E-004
          11           7   1.6290840227340591E-011
          11           8  -1.7126106181886677E-010
          11           9  -4.3096645017824386E-011
          11          10   2.4691465498822662E-004
          11          11   1.1096196245086745E-004
          11          12  -2.0451458371723388E-004
          11          13  -2.3419306071392184E-004
          11          14  -4.7777867774159266E-005
          11          15  -1.3679039282257999E-004
          12           1  -1.7062707444466876E-004
          12           2  -6.8564176721471540E-003
          12           3  -2.4039867570286254E-011
          12           4   7.7238454172442416E-011
          12           5  -1.8730417144131573E-011
          12           6  -1.0936244399589349E-002
          12           7  -1.7424367955951981E-011
          12           8   5.7970275455905621E-011
          12           9  -1.2793367199752698E-011
          12          10  -2.9237391548753524E-004
          12          11  -2.0451458371723388E-004
          12          12   5.3965772643619399E-004
          12          13   4.3164247690286549E-004
          12          14   8.8059641935301389E-005
          12          15   4.1483490932032189E-004
          13           1   1.3971320512566219E-004
          13           2   1.6835907061515422E-003
          13           3   6.3556225133055475E-011
          13           4   6.9869031650610653E-012
          13           5   1.5044425285453170E-010
          13           6  -3.9615274616193463E-004
          13           7   4.5040750278269349E-011
          13           8   1.1441366414500565E-011
          13           9   1.0957647549084439E-010
          13          10  -5.2113082282135063E-004
          13          11  -2.3419306071392184E-004
          13          12   4.3164247690286549E-004
          13          13   4.9428099931848293E-004
          13          14   1.0083856522788057E-004
          13          15   2.8870578761156217E-004
          14           1   2.8502930801169884E-005
          14           2   3.4347038743690397E-004
          14           3   3.2770262210262729E-012
          14           4  -6.6628698989406025E-011
          14           5  -2.4054727930950810E-011
          14           6  -8.0819320625016323E-005
          14           7   2.2674238835576082E-012
          14           8  -4.6279907525834229E-011
          14           9  -1.6753415943088515E-011
          14          10  -1.0631621443808509E-004
          14          11  -4.7777867774159266E-005
          14          12   8.8059641935301389E-005
          14          13   1.0083856522788057E-004
          14          14   2.0572136600916876E-005
          14          15   5.8899041615985377E-005
          15           1  -2.1102945873683948E-004
          15           2  -7.3432801575604913E-003
          15           3   4.0849138670446262E-011
          15           4  -1.5376869927875756E-011
          15           5   8.8226438934242303E-011
          15           6  -1.0821684525775968E-002
          15           7   2.9032918473862366E-011
          15           8  -1.0054272708615399E-011
          15           9   6.3001228036050069E-011
          15          10  -1.4167276689259811E-004
          15          11  -1.3679039282257999E-004
          15          12   4.1483490932032189E-004
          15          13   2.8870578761156217E-004
          15          14   5.8899041615985377E-005
          15          15   3.3134667146954159E-004
