           1           1   2.1287704790154702     
           1           2 -0.42609168476986109     
           1           3   2.4013508587145706E-015
           1           4  -7.6316884330643809E-015
           1           5   1.4177743902327883E-015
           1           6 -0.25681781164458101     
           1           7   4.8289907046471357E-015
           1           8   2.3028595963578925E-015
           1           9  -2.9043645465759797E-015
           1          10   8.0406293072691579E-002
           1          11   3.2988603630434224E-003
           1          12   8.0238750644683915E-002
           1          13  -2.4606925756069631E-003
           1          14   2.5348706025048917E-003
           1          15   8.1527500414394410E-002
           2           1 -0.42609168476986109     
           2           2   1.3239813437587855     
           2           3   4.3515044787302644E-016
           2           4   6.0213984670410984E-016
           2           5  -3.7565747208181799E-015
           2           6  0.63922426740882776     
           2           7  -1.2952099359453074E-015
           2           8  -1.4462570649790689E-015
           2           9  -2.2496078474381206E-016
           2          10 -0.16012441504195218     
           2          11  -7.1352253584035840E-003
           2          12 -0.15976152152276754     
           2          13   5.3222833370185881E-003
           2          14  -5.4827296760197085E-003
           2          15 -0.16255289214481175     
           3           1   2.4013508587145706E-015
           3           2   4.3515044787302644E-016
           3           3  0.54885540729516091     
           3           4  0.34233643330314822     
           3           5 -0.25534147078126529     
           3           6  -6.5429899020045664E-016
           3           7   5.9325738814120663E-002
           3           8   3.7003118779110680E-002
           3           9  -2.7599839962651612E-002
           3          10   1.9548457472066691E-016
           3          11  -2.9873723240127409E-017
           3          12  -2.0747313052146679E-016
           3          13   1.0235669410167422E-016
           3          14   2.1438781476712567E-017
           3          15   1.8282179050986787E-016
           4           1  -7.6316884330643809E-015
           4           2   6.0213984670410984E-016
           4           3  0.34233643330314822     
           4           4  0.52851264190668834     
           4           5  0.26304076962236078     
           4           6  -7.9943072217921620E-017
           4           7   3.7003118779110986E-002
           4           8   5.7126890865912758E-002
           4           9   2.8432056582963515E-002
           4          10  -6.0931542304399244E-017
           4          11  -8.2783958326383827E-017
           4          12  -1.7167502258798976E-016
           4          13   1.8759000036122065E-016
           4          14  -1.3480696006498454E-017
           4          15   2.8388496779180077E-017
           5           1   1.4177743902327883E-015
           5           2  -3.7565747208181799E-015
           5           3 -0.25534147078126529     
           5           4  0.26304076962236078     
           5           5  0.68497500857369320     
           5           6   7.7600499612354330E-016
           5           7  -2.7599839962652355E-002
           5           8   2.8432056582963137E-002
           5           9   7.4038896060268158E-002
           5          10   3.9652969504096822E-016
           5          11  -1.1634960395124190E-016
           5          12   7.7474058207795373E-016
           5          13   1.5128864988612464E-016
           5          14  -7.9969627753391677E-017
           5          15   5.1768887064561682E-016
           6           1 -0.25681781164458101     
           6           2  0.63922426740882776     
           6           3  -6.5429899020045664E-016
           6           4  -7.9943072217921620E-017
           6           5   7.7600499612354330E-016
           6           6  0.55535387355749455     
           6           7  -2.1802065665887535E-016
           6           8  -7.3646200868535696E-016
           6           9   9.4283570994004237E-016
           6          10  -5.9384145862860852E-002
           6          11  -1.0639938822784826E-002
           6          12  -5.8843021949627254E-002
           6          13   7.9365087392783036E-003
           6          14  -8.1757637283513904E-003
           6          15  -6.3005338857028345E-002
           7           1   4.8289907046471357E-015
           7           2  -1.2952099359453074E-015
           7           3   5.9325738814120663E-002
           7           4   3.7003118779110986E-002
           7           5  -2.7599839962652355E-002
           7           6  -2.1802065665887535E-016
           7           7   6.4125145513024692E-003
           7           8   3.9996642664337553E-003
           7           9  -2.9832645814770326E-003
           7          10   1.3864316095338681E-016
           7          11  -1.8032031883282803E-017
           7          12   9.5841795177990284E-017
           7          13   2.2105411307916387E-017
           7          14  -9.0572465081924386E-018
           7          15   1.3222676732462527E-016
           8           1   2.3028595963578925E-015
           8           2  -1.4462570649790689E-015
           8           3   3.7003118779110680E-002
           8           4   5.7126890865912758E-002
           8           5   2.8432056582963137E-002
           8           6  -7.3646200868535696E-016
           8           7   3.9996642664337553E-003
           8           8   6.1748412454854596E-003
           8           9   3.0732188120396547E-003
           8          10   7.4469332207964854E-017
           8          11  -7.6593541356406070E-018
           8          12   6.2434774183676124E-017
           8          13   1.9315189615715694E-017
           8          14  -4.6675831088378822E-019
           8          15   8.4554333967860588E-017
           9           1  -2.9043645465759797E-015
           9           2  -2.2496078474381206E-016
           9           3  -2.7599839962651612E-002
           9           4   2.8432056582963515E-002
           9           5   7.4038896060268158E-002
           9           6   9.4283570994004237E-016
           9           7  -2.9832645814770326E-003
           9           8   3.0732188120396547E-003
           9           9   8.0028585878450138E-003
           9          10   1.0794097473106325E-016
           9          11  -3.2065238312490837E-017
           9          12   1.4981207581492643E-016
           9          13   3.0890028393383092E-017
           9          14  -2.3619393933300183E-017
           9          15   1.1440982628913598E-016
          10           1   8.0406293072691579E-002
          10           2 -0.16012441504195218     
          10           3   1.9548457472066691E-016
          10           4  -6.0931542304399244E-017
          10           5   3.9652969504096822E-016
          10           6  -5.9384145862860852E-002
          10           7   1.3864316095338681E-016
          10           8   7.4469332207964854E-017
          10           9   1.0794097473106325E-016
          10          10   2.1832866555897414E-002
          10          11   3.5884945713420035E-004
          10          12   2.1814614199030417E-002
          10          13  -2.6767167085409453E-004
          10          14   2.7574095542578440E-004
          10          15   2.1955010907467758E-002
          11           1   3.2988603630434224E-003
          11           2  -7.1352253584035840E-003
          11           3  -2.9873723240127409E-017
          11           4  -8.2783958326383827E-017
          11           5  -1.1634960395124190E-016
          11           6  -1.0639938822784826E-002
          11           7  -1.8032031883282803E-017
          11           8  -7.6593541356406070E-018
          11           9  -3.2065238312490837E-017
          11          10   3.5884945713420035E-004
          11          11   2.4951511686958070E-004
          11          12   3.4615953756507483E-004
          11          13  -1.8611749892952963E-004
          11          14   1.9172822172214404E-004
          11          15   4.4377019688233527E-004
          12           1   8.0238750644683915E-002
          12           2 -0.15976152152276754     
          12           3  -2.0747313052146679E-016
          12           4  -1.7167502258798976E-016
          12           5   7.7474058207795373E-016
          12           6  -5.8843021949627254E-002
          12           7   9.5841795177990284E-017
          12           8   6.2434774183676124E-017
          12           9   1.4981207581492643E-016
          12          10   2.1814614199030417E-002
          12          11   3.4615953756507483E-004
          12          12   2.1797007230203093E-002
          12          13  -2.5820604760673222E-004
          12          14   2.6598998024479425E-004
          12          15   2.1932439624116826E-002
          13           1  -2.4606925756069631E-003
          13           2   5.3222833370185881E-003
          13           3   1.0235669410167422E-016
          13           4   1.8759000036122065E-016
          13           5   1.5128864988612464E-016
          13           6   7.9365087392783036E-003
          13           7   2.2105411307916387E-017
          13           8   1.9315189615715694E-017
          13           9   3.0890028393383092E-017
          13          10  -2.6767167085409453E-004
          13          11  -1.8611749892952963E-004
          13          12  -2.5820604760673222E-004
          13          13   1.3882815535367168E-004
          13          14  -1.4301328732660226E-004
          13          15  -3.3101547094424052E-004
          14           1   2.5348706025048917E-003
          14           2  -5.4827296760197085E-003
          14           3   2.1438781476712567E-017
          14           4  -1.3480696006498454E-017
          14           5  -7.9969627753391677E-017
          14           6  -8.1757637283513904E-003
          14           7  -9.0572465081924386E-018
          14           8  -4.6675831088378822E-019
          14           9  -2.3619393933300183E-017
          14          10   2.7574095542578440E-004
          14          11   1.9172822172214404E-004
          14          12   2.6598998024479425E-004
          14          13  -1.4301328732660226E-004
          14          14   1.4732458484273254E-004
          14          15   3.4099432611327469E-004
          15           1   8.1527500414394410E-002
          15           2 -0.16255289214481175     
          15           3   1.8282179050986787E-016
          15           4   2.8388496779180077E-017
          15           5   5.1768887064561682E-016
          15           6  -6.3005338857028345E-002
          15           7   1.3222676732462527E-016
          15           8   8.4554333967860588E-017
          15           9   1.1440982628913598E-016
          15          10   2.1955010907467758E-002
          15          11   4.4377019688233527E-004
          15          12   2.1932439624116826E-002
          15          13  -3.3101547094424052E-004
          15          14   3.4099432611327469E-004
          15          15   2.2106057446291631E-002
