           1           1   2.1763929173320258     
           1           2  0.66529335192784456     
           1           3   4.0417646539526605E-010
           1           4  -1.8635541312591764E-010
           1           5  -1.9339402975769450E-010
           1           6 -0.18344681650195346     
           1           7   2.3364069555526385E-012
           1           8  -9.0979116325594001E-012
           1           9   2.7037384685712398E-012
           1          10  -2.8169714152030217E-002
           1          11  -1.8301734025579527E-012
           1          12  -6.2709990702106478E-013
           1          13  -1.1345896019589011E-012
           1          14  -2.4064363002184994E-002
           1          15   7.7115281025147693E-013
           1          16   2.4001082447144328E-014
           1          17   4.4316260729955486E-013
           1          18   1.5255292854313502E-002
           1          19   1.7118946095920842E-009
           1          20   1.5255287835292529E-002
           1          21  -8.5743705233742400E-010
           1          22  -7.5126496938294083E-008
           1          23   1.5255289295940964E-002
           1          24   8.2279611395901636E-004
           1          25   1.7799478571893220E-009
           1          26   8.2279110416073409E-004
           1          27  -8.9509225932553450E-010
           1          28  -7.7972813232867029E-008
           1          29   8.2279262011123789E-004
           1          30   2.9908345419769552E-004
           1          31   2.2634386435357425E-009
           1          32   2.9907745634347616E-004
           1          33  -1.1456633393966829E-009
           1          34  -9.8928412399512575E-008
           1          35   2.9907938038164616E-004
           2           1  0.66529335192784456     
           2           2   2.5148418586698957     
           2           3   1.4118884861279864E-009
           2           4  -7.3624104519155966E-010
           2           5  -7.6011907679872789E-010
           2           6 -0.92668115241021387     
           2           7   9.6443516318977985E-012
           2           8  -4.0050900722669666E-011
           2           9   1.9866630939794669E-011
           2          10 -0.12948738867138249     
           2          11  -5.4816583959992555E-012
           2          12  -1.7355119463221289E-012
           2          13  -5.7637430462251827E-012
           2          14 -0.10915778628020270     
           2          15   2.4096002899619128E-012
           2          16   3.0829597832050443E-014
           2          17   3.3573213011545341E-012
           2          18   8.3815746372046356E-003
           2          19   7.4142828979256315E-009
           2          20   8.3815529177218573E-003
           2          21  -3.7134680330684361E-009
           2          22  -3.2534706929781048E-007
           2          23   8.3815592445426433E-003
           2          24   5.1682891093380937E-003
           2          25   7.7422997596290899E-009
           2          26   5.1682673180669181E-003
           2          27  -3.8947726004702354E-009
           2          28  -3.3918185991027795E-007
           2          29   5.1682739138110573E-003
           2          30   4.1457630776258851E-003
           2          31   9.8168086100159823E-009
           2          32   4.1457370612183941E-003
           2          33  -4.9693959784294095E-009
           2          34  -4.2907443172659158E-007
           2          35   4.1457454038597253E-003
           3           1   4.0417646539526605E-010
           3           2   1.4118884861279864E-009
           3           3   2.2169761500472607     
           3           4   6.2400517218665194E-010
           3           5  -2.8299310323473221E-010
           3           6  -3.6621069729472709E-010
           3           7 -0.69559785458056300     
           3           8  -8.1438503553646677E-010
           3           9   2.8059352888074353E-010
           3          10   9.5243420009921047E-010
           3          11  -4.4117032818015590E-003
           3          12   2.7025794890191619E-009
           3          13  -1.3906179922641040E-009
           3          14   2.3603700973222958E-009
           3          15   1.4659565975231781E-003
           3          16  -1.2166606059638974E-009
           3          17   2.1277810997129210E-010
           3          18   3.4105502892923910E-010
           3          19   5.1654085590068893E-011
           3          20  -6.4932906760744156E-010
           3          21   2.5019729031641954E-010
           3          22   1.0058480734058382E-010
           3          23  -6.1285345614726580E-010
           3          24  -7.1605885631728406E-010
           3          25   1.0865006222481237E-010
           3          26  -1.0021338208157037E-009
           3          27  -2.6707995603092903E-010
           3          28  -6.2675094749241337E-010
           3          29  -4.1724486709243319E-010
           3          30  -1.4742913211073731E-009
           3          31   5.3787210221908247E-010
           3          32  -5.2550096681142882E-010
           3          33  -1.7063997775541385E-010
           3          34   1.6284940992803448E-010
           3          35  -1.6591383230007239E-009
           4           1  -1.8635541312591764E-010
           4           2  -7.3624104519155966E-010
           4           3   6.2400517218665194E-010
           4           4   2.2169761483501533     
           4           5  -2.7076146075222770E-008
           4           6   8.2935118658838379E-010
           4           7  -6.1148422284858651E-010
           4           8 -0.69559785327556478     
           4           9   2.3320083197830590E-008
           4          10  -7.5667356962568238E-010
           4          11   3.0885913733804089E-009
           4          12  -4.4117137658741421E-003
           4          13  -1.4415333666234542E-007
           4          14   1.7605578557160595E-009
           4          15  -1.3899641423936413E-009
           4          16   1.4659609260191449E-003
           4          17   5.8903925599617510E-008
           4          18   3.6955974360545586E-010
           4          19  -3.0952743632018922E-010
           4          20   4.1934710739599154E-010
           4          21   6.6383005089177842E-011
           4          22  -1.4281093750579638E-010
           4          23  -7.6157938827939458E-011
           4          24   4.0554058561811005E-011
           4          25  -1.4059481504066513E-010
           4          26   1.5441879255883611E-011
           4          27  -9.1627637255691050E-011
           4          28   1.2212698301539959E-010
           4          29   3.7349885892832309E-010
           4          30  -5.9627967907406742E-010
           4          31  -6.6070936745154186E-011
           4          32  -7.7995607027998909E-010
           4          33  -8.0834421050923390E-011
           4          34  -6.9137966385192778E-011
           4          35  -4.5455107205400036E-010
           5           1  -1.9339402975769450E-010
           5           2  -7.6011907679872789E-010
           5           3  -2.8299310323473221E-010
           5           4  -2.7076146075222770E-008
           5           5   2.2169761491332691     
           5           6   7.6475653555990628E-010
           5           7   1.8451395424565032E-010
           5           8   2.3244474872674506E-008
           5           9 -0.69559785372766880     
           5          10  -5.9838555552454292E-010
           5          11  -1.9194386709072850E-009
           5          12  -1.4499128263320225E-007
           5          13  -4.4117097088560778E-003
           5          14   1.8029877249338846E-009
           5          15   6.8983477551276901E-010
           5          16   5.9171669837042656E-008
           5          17   1.4659593344085306E-003
           5          18   3.4093389001958809E-010
           5          19  -3.0219079002598016E-010
           5          20   3.8151667440229135E-010
           5          21   6.6869416775659135E-011
           5          22  -1.7784388911213844E-010
           5          23  -1.4812028748393906E-010
           5          24   1.7596885368889402E-011
           5          25  -1.5886596973619742E-010
           5          26  -3.8991170671534175E-011
           5          27  -6.9485303860569687E-011
           5          28   1.2265033498237586E-010
           5          29   3.1957129439172751E-010
           5          30  -6.9712027027583395E-010
           5          31  -5.9522875181971324E-011
           5          32  -8.0400297932396861E-010
           5          33  -9.6883983863051414E-011
           5          34  -8.8653702970286261E-011
           5          35  -4.9354521013664463E-010
           6           1 -0.18344681650195346     
           6           2 -0.92668115241021387     
           6           3  -3.6621069729472709E-010
           6           4   8.2935118658838379E-010
           6           5   7.6475653555990628E-010
           6           6   2.4955622276557214     
           6           7   4.5567707386117666E-011
           6           8   2.9130044342764937E-011
           6           9   9.7215039409026157E-011
           6          10  0.36404943772329984     
           6          11  -8.4896211738655701E-013
           6          12   5.6408701518234543E-012
           6          13   1.9577609655997299E-011
           6          14  0.30274232434229631     
           6          15   2.1661725697790255E-012
           6          16  -9.4552972156990268E-014
           6          17  -1.0636549722164263E-011
           6          18  -1.6500490931810221E-003
           6          19  -2.1781844821927201E-008
           6          20  -1.6499855819439755E-003
           6          21   1.0916152305018667E-008
           6          22   9.5568970663538456E-007
           6          23  -1.6500041670676313E-003
           6          24  -1.0974455095910036E-003
           6          25  -2.3458523058476417E-008
           6          26  -1.0973796122384885E-003
           6          27   1.1803021006906190E-008
           6          28   1.0276074975519704E-006
           6          29  -1.0973995943851719E-003
           6          30  -1.1631624469939468E-003
           6          31  -2.9195761344454470E-008
           6          32  -1.1630850502455756E-003
           6          33   1.4778710434629661E-008
           6          34   1.2761079398468420E-006
           6          35  -1.1631098627618048E-003
           7           1   2.3364069555526385E-012
           7           2   9.6443516318977985E-012
           7           3 -0.69559785458056300     
           7           4  -6.1148422284858651E-010
           7           5   1.8451395424565032E-010
           7           6   4.5567707386117666E-011
           7           7   2.2168184100044996     
           7           8  -2.9395130956080950E-009
           7           9   1.4883190747535451E-009
           7          10  -2.1539978054854582E-012
           7          11  -9.8063292536216965E-004
           7          12  -1.0567347521252064E-008
           7          13   5.3283026412140162E-009
           7          14   2.5135866824837289E-011
           7          15   3.2067182793435872E-003
           7          16   4.3393072403454253E-009
           7          17  -2.1979933907741920E-009
           7          18   9.2043039256755643E-012
           7          19   7.0826953620295389E-012
           7          20   2.2140014188958508E-011
           7          21   1.5331434046178574E-011
           7          22   1.8699732656634628E-012
           7          23   1.8361210470766955E-011
           7          24   6.9951545264704415E-012
           7          25  -2.1623026785753748E-012
           7          26  -2.7046453081722669E-012
           7          27   8.7652403250478025E-012
           7          28  -3.8278930772702512E-012
           7          29  -5.8716215123342669E-013
           7          30  -1.7862924864557833E-011
           7          31   4.4672390220941808E-012
           7          32  -6.6668718573850799E-012
           7          33  -3.5856832030111991E-012
           7          34  -2.0485302841577997E-013
           7          35  -1.5950308535858969E-011
           8           1  -9.0979116325594001E-012
           8           2  -4.0050900722669666E-011
           8           3  -8.1438503553646677E-010
           8           4 -0.69559785327556478     
           8           5   2.3244474872674506E-008
           8           6   2.9130044342764937E-011
           8           7  -2.9395130956080950E-009
           8           8   2.2168184191654356     
           8           9   1.2808045635193110E-007
           8          10   9.4111452348602781E-011
           8          11  -1.0591621513671267E-008
           8          12  -9.8059927543991086E-004
           8          13   4.6235245481073559E-007
           8          14   2.7907534952914703E-010
           8          15   4.3833411586652453E-009
           8          16   3.2067048692780210E-003
           8          17  -1.8965359980063289E-007
           8          18  -2.7192517795264008E-011
           8          19  -2.3698226559841393E-011
           8          20  -1.6612720620765327E-011
           8          21  -1.5306660701216112E-011
           8          22  -1.9037372953032118E-011
           8          23  -6.7826500436057083E-011
           8          24  -4.5557878150190775E-011
           8          25  -4.1006727164072929E-011
           8          26  -4.3052632558287579E-011
           8          27   2.5189945053861006E-011
           8          28   2.5719215399064887E-011
           8          29  -4.4038638870496875E-011
           8          30  -1.5425067164260179E-010
           8          31  -2.1327929336924178E-011
           8          32  -1.1549377071321839E-010
           8          33  -9.2678920558269466E-012
           8          34  -2.9716327263152352E-011
           8          35  -1.0639791030631668E-010
           9           1   2.7037384685712398E-012
           9           2   1.9866630939794669E-011
           9           3   2.8059352888074353E-010
           9           4   2.3320083197830590E-008
           9           5 -0.69559785372766880     
           9           6   9.7215039409026157E-011
           9           7   1.4883190747535451E-009
           9           8   1.2808045635193110E-007
           9           9   2.2168184162760185     
           9          10  -1.0735035804462422E-010
           9          11   5.3598957191431675E-009
           9          12   4.6232357102420382E-007
           9          13  -9.8060969648646281E-004
           9          14   1.7715349199478316E-010
           9          15  -2.2460368748237912E-009
           9          16  -1.8966694769080928E-007
           9          17   3.2067091517301483E-003
           9          18   3.5103884116270368E-011
           9          19   1.9233452878106100E-011
           9          20   2.3578959203995758E-011
           9          21  -2.3248053293352558E-011
           9          22   2.3473927864735177E-011
           9          23   1.0041531495495124E-010
           9          24  -9.4843630289866970E-014
           9          25   3.0879817892525799E-011
           9          26  -8.8231535278622861E-012
           9          27  -9.7650844707403631E-012
           9          28  -2.0804542030238679E-011
           9          29   4.2718733635826409E-011
           9          30  -1.7411029524383805E-011
           9          31   2.4679954872488040E-011
           9          32  -6.2192940605551628E-011
           9          33  -1.2400359211006721E-013
           9          34   4.6404222941023862E-011
           9          35  -5.0622522286148157E-011
          10           1  -2.8169714152030217E-002
          10           2 -0.12948738867138249     
          10           3   9.5243420009921047E-010
          10           4  -7.5667356962568238E-010
          10           5  -5.9838555552454292E-010
          10           6  0.36404943772329984     
          10           7  -2.1539978054854582E-012
          10           8   9.4111452348602781E-011
          10           9  -1.0735035804462422E-010
          10          10  0.67297324223094246     
          10          11   4.6122562277983587E-012
          10          12   6.0273155189389032E-012
          10          13   3.3976867175921454E-011
          10          14  0.56124554373940305     
          10          15   9.0602984422127327E-013
          10          16   2.4300903301497498E-012
          10          17  -1.7972647883904349E-011
          10          18   1.6362619502320529E-004
          10          19  -3.3842289168920163E-008
          10          20   1.6372317965770999E-004
          10          21   1.6990352288660730E-008
          10          22   1.4836715693632090E-006
          10          23   1.6369432881312420E-004
          10          24   1.5144751685335273E-003
          10          25  -5.0440528636961183E-008
          10          26   1.5146150440829079E-003
          10          27   2.5413999525072668E-008
          10          28   2.2084765966110906E-006
          10          29   1.5145721003754428E-003
          10          30   3.9844233314676111E-003
          10          31  -5.4171085577559771E-008
          10          32   3.9845672797320601E-003
          10          33   2.7414023293669698E-008
          10          34   2.3679382428831456E-006
          10          35   3.9845212374593087E-003
          11           1  -1.8301734025579527E-012
          11           2  -5.4816583959992555E-012
          11           3  -4.4117032818015590E-003
          11           4   3.0885913733804089E-009
          11           5  -1.9194386709072850E-009
          11           6  -8.4896211738655701E-013
          11           7  -9.8063292536216965E-004
          11           8  -1.0591621513671267E-008
          11           9   5.3598957191431675E-009
          11          10   4.6122562277983587E-012
          11          11   1.1577388322019833E-005
          11          12   1.2277585127993641E-011
          11          13  -6.6267673508589145E-012
          11          14   1.2083252733850123E-013
          11          15  -7.2558740079909528E-006
          11          16  -1.8188320923068039E-011
          11          17   1.0164318299871679E-011
          11          18  -8.2199663989312480E-013
          11          19  -1.3042433362048925E-013
          11          20   1.5014247432557426E-012
          11          21  -6.0889369884956894E-013
          11          22  -2.3617822230806595E-013
          11          23   1.4196946955262935E-012
          11          24   1.6961545246681762E-012
          11          25  -2.5409835943904602E-013
          11          26   2.3833859793779016E-012
          11          27   6.2031676458192220E-013
          11          28   1.4889057656410856E-012
          11          29   9.9973692328661853E-013
          11          30   3.5457798127049725E-012
          11          31  -1.2754252688235167E-012
          11          32   1.2924833195883409E-012
          11          33   4.0721097270949089E-013
          11          34  -3.8001899170329107E-013
          11          35   3.9801580562557331E-012
          12           1  -6.2709990702106478E-013
          12           2  -1.7355119463221289E-012
          12           3   2.7025794890191619E-009
          12           4  -4.4117137658741421E-003
          12           5  -1.4499128263320225E-007
          12           6   5.6408701518234543E-012
          12           7  -1.0567347521252064E-008
          12           8  -9.8059927543991086E-004
          12           9   4.6232357102420382E-007
          12          10   6.0273155189389032E-012
          12          11   1.2277585127993641E-011
          12          12   1.1577435277033846E-005
          12          13  -4.0866349910591618E-010
          12          14  -8.6075697681841353E-013
          12          15  -1.8263325434859728E-011
          12          16  -7.2558454681681143E-006
          12          17   7.5355078016904833E-010
          12          18  -8.4816473836311077E-013
          12          19   7.5901642863017359E-013
          12          20  -9.7867956511490308E-013
          12          21  -1.3877587799465136E-013
          12          22   3.5139826580146716E-013
          12          23   2.5257681217562479E-013
          12          24  -3.7671662263256108E-014
          12          25   3.8056526563426000E-013
          12          26   1.8094227179795781E-014
          12          27   1.8650605197474530E-013
          12          28  -3.2887506309754251E-013
          12          29  -8.2601209623454605E-013
          12          30   1.6079337168081999E-012
          12          31   1.8133064804936518E-013
          12          32   1.9954641179192411E-012
          12          33   2.0171525205439252E-013
          12          34   1.8846890529001735E-013
          12          35   1.2164355129159128E-012
          13           1  -1.1345896019589011E-012
          13           2  -5.7637430462251827E-012
          13           3  -1.3906179922641040E-009
          13           4  -1.4415333666234542E-007
          13           5  -4.4117097088560778E-003
          13           6   1.9577609655997299E-011
          13           7   5.3283026412140162E-009
          13           8   4.6235245481073559E-007
          13           9  -9.8060969648646281E-004
          13          10   3.3976867175921454E-011
          13          11  -6.6267673508589145E-012
          13          12  -4.0866349910591618E-010
          13          13   1.1577440686034598E-005
          13          14   2.2581913670861804E-011
          13          15   9.6903760779662752E-012
          13          16   7.5402365623566442E-010
          13          17  -7.2558608527450444E-006
          13          18  -8.4159292930730325E-013
          13          19   6.9033426333324470E-013
          13          20  -9.2271167881003507E-013
          13          21  -1.3004356322540320E-013
          13          22   4.1364499816313599E-013
          13          23   2.3708416830794196E-013
          13          24   2.8072651353578801E-014
          13          25   3.3825246021915716E-013
          13          26   1.7345489570551644E-013
          13          27   1.7578605368046182E-013
          13          28  -2.3903319794137421E-013
          13          29  -7.3460541445890567E-013
          13          30   1.8534227168834392E-012
          13          31   1.1088931731809459E-013
          13          32   2.1600350983478470E-012
          13          33   2.2924664273638648E-013
          13          34   1.7937239094754189E-013
          13          35   1.4127440736965443E-012
          14           1  -2.4064363002184994E-002
          14           2 -0.10915778628020270     
          14           3   2.3603700973222958E-009
          14           4   1.7605578557160595E-009
          14           5   1.8029877249338846E-009
          14           6  0.30274232434229631     
          14           7   2.5135866824837289E-011
          14           8   2.7907534952914703E-010
          14           9   1.7715349199478316E-010
          14          10  0.56124554373940305     
          14          11   1.2083252733850123E-013
          14          12  -8.6075697681841353E-013
          14          13   2.2581913670861804E-011
          14          14  0.46806836768751436     
          14          15   2.7399387667465141E-012
          14          16   5.3540074425190636E-012
          14          17  -1.1650795917533835E-011
          14          18   1.3032133699014480E-004
          14          19  -2.8222202201403435E-008
          14          20   1.3040221531234744E-004
          14          21   1.4168821880405078E-008
          14          22   1.2372824297204918E-006
          14          23   1.3037815564649440E-004
          14          24   1.2605665133744118E-003
          14          25  -4.2067437146992853E-008
          14          26   1.2606831693678273E-003
          14          27   2.1195300003768187E-008
          14          28   1.8418708822648911E-006
          14          29   1.2606473542885863E-003
          14          30   3.3217408633613287E-003
          14          31  -4.5177226549242614E-008
          14          32   3.3218609124053607E-003
          14          33   2.2862555781408472E-008
          14          34   1.9747967633541109E-006
          14          35   3.3218225143891124E-003
          15           1   7.7115281025147693E-013
          15           2   2.4096002899619128E-012
          15           3   1.4659565975231781E-003
          15           4  -1.3899641423936413E-009
          15           5   6.8983477551276901E-010
          15           6   2.1661725697790255E-012
          15           7   3.2067182793435872E-003
          15           8   4.3833411586652453E-009
          15           9  -2.2460368748237912E-009
          15          10   9.0602984422127327E-013
          15          11  -7.2558740079909528E-006
          15          12  -1.8263325434859728E-011
          15          13   9.6903760779662752E-012
          15          14   2.7399387667465141E-012
          15          15   7.6964266028880745E-006
          15          16   1.2893795322501326E-011
          15          17  -7.2448455065830923E-012
          15          18   4.4234725660146084E-013
          15          19   7.6826576141280164E-014
          15          20  -7.5876263500214346E-013
          15          21   3.3762771250387790E-013
          15          22   1.3029647791304302E-013
          15          23  -7.2062524999251096E-013
          15          24  -8.7230241296259138E-013
          15          25   1.3035268807900079E-013
          15          26  -1.2437607568961532E-012
          15          27  -3.1422947615263111E-013
          15          28  -7.7919201872642524E-013
          15          29  -5.1649689629250672E-013
          15          30  -1.8591476242621214E-012
          15          31   6.7341409101245919E-013
          15          32  -6.6489821739521448E-013
          15          33  -2.1760554225215708E-013
          15          34   2.0396208292720996E-013
          15          35  -2.0841605471558128E-012
          16           1   2.4001082447144328E-014
          16           2   3.0829597832050443E-014
          16           3  -1.2166606059638974E-009
          16           4   1.4659609260191449E-003
          16           5   5.9171669837042656E-008
          16           6  -9.4552972156990268E-014
          16           7   4.3393072403454253E-009
          16           8   3.2067048692780210E-003
          16           9  -1.8966694769080928E-007
          16          10   2.4300903301497498E-012
          16          11  -1.8188320923068039E-011
          16          12  -7.2558454681681143E-006
          16          13   7.5402365623566442E-010
          16          14   5.3540074425190636E-012
          16          15   1.2893795322501326E-011
          16          16   7.6963967719663231E-006
          16          17  -5.5004325109686682E-010
          16          18   4.1271183958517684E-013
          16          19  -4.2620733308106767E-013
          16          20   4.9344218878668996E-013
          16          21   5.3993306506179526E-014
          16          22  -2.1571281760635932E-013
          16          23  -2.1348848886338262E-013
          16          24  -2.2434513140777271E-014
          16          25  -2.4895710452458503E-013
          16          26  -4.9219401617754657E-014
          16          27  -6.7205320242548900E-014
          16          28   1.9294352333438083E-013
          16          29   3.9195526552436798E-013
          16          30  -9.9638580361730440E-013
          16          31  -1.2069100121570093E-013
          16          32  -1.1528490832719000E-012
          16          33  -1.1704260603008687E-013
          16          34  -1.4498087048766307E-013
          16          35  -7.3354079556932830E-013
          17           1   4.4316260729955486E-013
          17           2   3.3573213011545341E-012
          17           3   2.1277810997129210E-010
          17           4   5.8903925599617510E-008
          17           5   1.4659593344085306E-003
          17           6  -1.0636549722164263E-011
          17           7  -2.1979933907741920E-009
          17           8  -1.8965359980063289E-007
          17           9   3.2067091517301483E-003
          17          10  -1.7972647883904349E-011
          17          11   1.0164318299871679E-011
          17          12   7.5355078016904833E-010
          17          13  -7.2558608527450444E-006
          17          14  -1.1650795917533835E-011
          17          15  -7.2448455065830923E-012
          17          16  -5.5004325109686682E-010
          17          17   7.6964085481453828E-006
          17          18   4.8226570849878750E-013
          17          19  -3.3865342879514250E-013
          17          20   5.1176648720022068E-013
          17          21   4.0103000350820837E-014
          17          22  -1.7038349424749880E-013
          17          23  -2.6743039374330034E-015
          17          24  -1.4850210145591293E-014
          17          25  -1.4012911353839134E-013
          17          26  -1.0032847107706867E-013
          17          27  -1.0371518180287740E-013
          17          28   1.2201683547564386E-013
          17          29   4.3754261746388331E-013
          17          30  -9.9181390138401657E-013
          17          31  -2.8567115002602585E-014
          17          32  -1.2056315961923118E-012
          17          33  -1.1998339328086465E-013
          17          34  -1.6490552215760755E-014
          17          35  -8.0053979501279402E-013
          18           1   1.5255292854313502E-002
          18           2   8.3815746372046356E-003
          18           3   3.4105502892923910E-010
          18           4   3.6955974360545586E-010
          18           5   3.4093389001958809E-010
          18           6  -1.6500490931810221E-003
          18           7   9.2043039256755643E-012
          18           8  -2.7192517795264008E-011
          18           9   3.5103884116270368E-011
          18          10   1.6362619502320529E-004
          18          11  -8.2199663989312480E-013
          18          12  -8.4816473836311077E-013
          18          13  -8.4159292930730325E-013
          18          14   1.3032133699014480E-004
          18          15   4.4234725660146084E-013
          18          16   4.1271183958517684E-013
          18          17   4.8226570849878750E-013
          18          18   1.1367358562908646E-004
          18          19  -2.2512323572197366E-012
          18          20   1.1367359205687082E-004
          18          21   1.1297839081452490E-012
          18          22   9.8659789361867219E-011
          18          23   1.1367359013645748E-004
          18          24   1.5154002115927460E-005
          18          25  -1.1748705084275597E-011
          18          26   1.5154034942764257E-005
          18          27   5.9165399003859315E-012
          18          28   5.1459120111135225E-010
          18          29   1.5154024935209243E-005
          18          30   1.1501299332807395E-005
          18          31  -9.7462872448461600E-012
          18          32   1.1501325805936761E-005
          18          33   4.9217417944587153E-012
          18          34   4.2639223407328262E-010
          18          35   1.1501317517545687E-005
          19           1   1.7118946095920842E-009
          19           2   7.4142828979256315E-009
          19           3   5.1654085590068893E-011
          19           4  -3.0952743632018922E-010
          19           5  -3.0219079002598016E-010
          19           6  -2.1781844821927201E-008
          19           7   7.0826953620295389E-012
          19           8  -2.3698226559841393E-011
          19           9   1.9233452878106100E-011
          19          10  -3.3842289168920163E-008
          19          11  -1.3042433362048925E-013
          19          12   7.5901642863017359E-013
          19          13   6.9033426333324470E-013
          19          14  -2.8222202201403435E-008
          19          15   7.6826576141280164E-014
          19          16  -4.2620733308106767E-013
          19          17  -3.3865342879514250E-013
          19          18  -2.2512323572197366E-012
          19          19   2.6517279446249566E-012
          19          20  -9.0555401339910482E-012
          19          21  -1.3465977527916787E-012
          19          22  -1.1576373247580795E-010
          19          23  -6.8047499652357254E-012
          19          24  -6.9458133269792052E-011
          19          25   3.2969522219003451E-012
          19          26  -7.7917622739594915E-011
          19          27  -1.6742638266335272E-012
          19          28  -1.4393133086469976E-010
          19          29  -7.5119168218329340E-011
          19          30  -1.9158121527454084E-010
          19          31   3.1500938591417531E-012
          19          32  -1.9966325217236025E-010
          19          33  -1.5996962201032677E-012
          19          34  -1.3751973365210262E-010
          19          35  -1.9698945576636372E-010
          20           1   1.5255287835292529E-002
          20           2   8.3815529177218573E-003
          20           3  -6.4932906760744156E-010
          20           4   4.1934710739599154E-010
          20           5   3.8151667440229135E-010
          20           6  -1.6499855819439755E-003
          20           7   2.2140014188958508E-011
          20           8  -1.6612720620765327E-011
          20           9   2.3578959203995758E-011
          20          10   1.6372317965770999E-004
          20          11   1.5014247432557426E-012
          20          12  -9.7867956511490308E-013
          20          13  -9.2271167881003507E-013
          20          14   1.3040221531234744E-004
          20          15  -7.5876263500214346E-013
          20          16   4.9344218878668996E-013
          20          17   5.1176648720022068E-013
          20          18   1.1367359205687082E-004
          20          19  -9.0555401339910482E-012
          20          20   1.1367361594459880E-004
          20          21   4.5851374056185836E-012
          20          22   3.9570850084188003E-010
          20          23   1.1367360824867851E-004
          20          24   1.5154201530835613E-005
          20          25  -2.0208761501292056E-011
          20          26   1.5154256065078357E-005
          20          27   1.0212737358895527E-011
          20          28   8.8392246165631232E-010
          20          29   1.5154238876620589E-005
          20          30   1.1501848032712125E-005
          20          31  -1.7829597256356401E-011
          20          32   1.1501895244855403E-005
          20          33   9.0266468472720762E-012
          20          34   7.7927528606857612E-010
          20          35   1.1501880095359001E-005
          21           1  -8.5743705233742400E-010
          21           2  -3.7134680330684361E-009
          21           3   2.5019729031641954E-010
          21           4   6.6383005089177842E-011
          21           5   6.6869416775659135E-011
          21           6   1.0916152305018667E-008
          21           7   1.5331434046178574E-011
          21           8  -1.5306660701216112E-011
          21           9  -2.3248053293352558E-011
          21          10   1.6990352288660730E-008
          21          11  -6.0889369884956894E-013
          21          12  -1.3877587799465136E-013
          21          13  -1.3004356322540320E-013
          21          14   1.4168821880405078E-008
          21          15   3.3762771250387790E-013
          21          16   5.3993306506179526E-014
          21          17   4.0103000350820837E-014
          21          18   1.1297839081452490E-012
          21          19  -1.3465977527916787E-012
          21          20   4.5851374056185836E-012
          21          21   6.8382805109345220E-013
          21          22   5.8787021257389698E-011
          21          23   3.4421435523535241E-012
          21          24   3.4863579311529041E-011
          21          25  -1.6742525339270239E-012
          21          26   3.9159459560909340E-011
          21          27   8.5022176623837552E-013
          21          28   7.3090958265193549E-011
          21          29   3.7738353336028620E-011
          21          30   9.6187033026950054E-011
          21          31  -1.5996732805468646E-012
          21          32   1.0029123337687404E-010
          21          33   8.1235406963728752E-013
          21          34   6.9834955555375891E-011
          21          35   9.8933431820073177E-011
          22           1  -7.5126496938294083E-008
          22           2  -3.2534706929781048E-007
          22           3   1.0058480734058382E-010
          22           4  -1.4281093750579638E-010
          22           5  -1.7784388911213844E-010
          22           6   9.5568970663538456E-007
          22           7   1.8699732656634628E-012
          22           8  -1.9037372953032118E-011
          22           9   2.3473927864735177E-011
          22          10   1.4836715693632090E-006
          22          11  -2.3617822230806595E-013
          22          12   3.5139826580146716E-013
          22          13   4.1364499816313599E-013
          22          14   1.2372824297204918E-006
          22          15   1.3029647791304302E-013
          22          16  -2.1571281760635932E-013
          22          17  -1.7038349424749880E-013
          22          18   9.8659789361867219E-011
          22          19  -1.1576373247580795E-010
          22          20   3.9570850084188003E-010
          22          21   5.8787021257389698E-011
          22          22   5.0537774771592027E-009
          22          23   2.9744809807117762E-010
          22          24   3.0453024150802989E-009
          22          25  -1.4393168206827406E-010
          22          26   3.4146098311268387E-009
          22          27   7.3091630535035995E-011
          22          28   6.2834636211473997E-009
          22          29   3.2924405419589388E-009
          22          30   8.3987803448075688E-009
          22          31  -1.3752049748396660E-010
          22          32   8.7516098090184616E-009
          22          33   6.9836340760696664E-011
          22          34   6.0035616679555438E-009
          22          35   8.6348825373901467E-009
          23           1   1.5255289295940964E-002
          23           2   8.3815592445426433E-003
          23           3  -6.1285345614726580E-010
          23           4  -7.6157938827939458E-011
          23           5  -1.4812028748393906E-010
          23           6  -1.6500041670676313E-003
          23           7   1.8361210470766955E-011
          23           8  -6.7826500436057083E-011
          23           9   1.0041531495495124E-010
          23          10   1.6369432881312420E-004
          23          11   1.4196946955262935E-012
          23          12   2.5257681217562479E-013
          23          13   2.3708416830794196E-013
          23          14   1.3037815564649440E-004
