           1           1   2.1915267026842216     
           1           2 -0.73547533197134174     
           1           3  -1.6790041134385501E-013
           1           4  -3.1257304496303411E-014
           1           5   1.0834896202906688E-013
           1           6  0.66986949546724306     
           1           7  -1.8990697165997031E-014
           1           8   1.4682217571873876E-014
           1           9  -6.4569731469326902E-015
           1          10  -3.4096536235719448E-002
           1          11  -7.6560515405640039E-015
           1          12  -1.7025412997047966E-014
           1          13   7.5853065195154438E-015
           1          14 -0.17686870359235146     
           1          15   6.4082281319908955E-015
           1          16 -0.17686870359237417     
           1          17   1.3314738975322822E-014
           1          18  -5.1243628489632977E-015
           1          19 -0.17686870359235601     
           2           1 -0.73547533197134174     
           2           2   2.8293901030759399     
           2           3   6.3707048483088709E-013
           2           4   1.1334193577424623E-013
           2           5  -4.1202667328947583E-013
           2           6  -2.7582024975853421     
           2           7   7.9529155144245839E-014
           2           8  -4.6448290271174709E-014
           2           9   2.9011163421794384E-014
           2          10  0.14001260086565331     
           2          11   2.0801879425023535E-014
           2          12   6.8023940258052931E-014
           2          13  -3.1429624212149130E-014
           2          14  0.70861212431514864     
           2          15  -2.3316436376964835E-014
           2          16  0.70861212431522347     
           2          17  -5.4529000987693971E-014
           2          18   1.3832708859248021E-014
           2          19  0.70861212431515241     
           3           1  -1.6790041134385501E-013
           3           2   6.3707048483088709E-013
           3           3   2.1709014210634496     
           3           4   1.6950748124790395E-002
           3           5   1.0670973364026785E-002
           3           6  -2.8105502384907690E-013
           3           7 -0.50964034795999469     
           3           8  -5.4608847920434009E-002
           3           9  -3.4377807829426038E-002
           3          10   2.7481228310831256E-014
           3          11  0.12927184733780822     
           3          12  -6.3772752152132439E-003
           3          13  -4.0146743645571373E-003
           3          14   1.1354157216555026E-013
           3          15   1.1415796816597174E-015
           3          16   1.1881046854265004E-013
           3          17   3.2553019101576380E-015
           3          18  -3.4051102884456724E-015
           3          19   1.1539861151499876E-013
           4           1  -3.1257304496303411E-014
           4           2   1.1334193577424623E-013
           4           3   1.6950748124790395E-002
           4           4   2.2548979032900216     
           4           5  -2.0722272612732863E-003
           4           6  -3.7687719249331886E-014
           4           7  -5.4608847920428860E-002
           4           8 -0.78024498971342737     
           4           9   6.6759261912446716E-003
           4          10  -1.2946249749336711E-014
           4          11  -6.3772752152241961E-003
           4          12   9.7670369908891858E-002
           4          13   7.7962125661769051E-004
           4          14   1.9831600412932047E-014
           4          15   1.5531039472463264E-014
           4          16   2.1152231510910965E-014
           4          17  -1.0492407933973113E-015
           4          18  -5.1016402997436586E-015
           4          19   1.5229904336044573E-014
           5           1   1.0834896202906688E-013
           5           2  -4.1202667328947583E-013
           5           3   1.0670973364026785E-002
           5           4  -2.0722272612732863E-003
           5           5   2.2568850927967445     
           5           6   1.9573052438716409E-013
           5           7  -3.4377807829427010E-002
           5           8   6.6759261912475651E-003
           5           9 -0.78664695668047346     
           5          10   3.5488748664140343E-015
           5          11  -4.0146743645510553E-003
           5          12   7.7962125661655904E-004
           5          13   9.6922741881160582E-002
           5          14  -7.5377062353105793E-014
           5          15  -1.9548693527159332E-015
           5          16  -7.8677164113143434E-014
           5          17   8.1411707843630741E-015
           5          18  -5.2700284882486760E-016
           5          19  -8.7875600282869627E-014
           6           1  0.66986949546724306     
           6           2  -2.7582024975853421     
           6           3  -2.8105502384907690E-013
           6           4  -3.7687719249331886E-014
           6           5   1.9573052438716409E-013
           6           6   8.8436364575650721     
           6           7  -2.2232352959863299E-013
           6           8  -2.7235259592099717E-014
           6           9   1.1228712625343658E-013
           6          10 -0.45577460799691305     
           6          11   2.6559100364931877E-014
           6          12  -2.5976152641816262E-014
           6          13  -9.5984280297362258E-015
           6          14  -1.8934430011208916     
           6          15   1.5373797589275038E-014
           6          16  -1.8934430011209527     
           6          17   3.1237728024133590E-014
           6          18  -2.1488993576076045E-014
           6          19  -1.8934430011208887     
           7           1  -1.8990697165997031E-014
           7           2   7.9529155144245839E-014
           7           3 -0.50964034795999469     
           7           4  -5.4608847920428860E-002
           7           5  -3.4377807829427010E-002
           7           6  -2.2232352959863299E-013
           7           7   1.4155506816455308     
           7           8  0.17592888816719288     
           7           9  0.11075219015549957     
           7          10  -8.1618569047851327E-015
           7          11 -0.20700171004522436     
           7          12   2.0545149382823799E-002
           7          13   1.2933750192618169E-002
           7          14   2.9086936276505184E-014
           7          15  -7.9403989949136532E-015
           7          16   2.9877958516516614E-014
           7          17  -3.2117892325482391E-015
           7          18   8.2375572584038088E-015
           7          19   3.8572811247276060E-014
           8           1   1.4682217571873876E-014
           8           2  -4.6448290271174709E-014
           8           3  -5.4608847920434009E-002
           8           4 -0.78024498971342737     
           8           5   6.6759261912475651E-003
           8           6  -2.7235259592099717E-014
           8           7  0.17592888816719288     
           8           8   2.2873356683189359     
           8           9  -2.1507288965776916E-002
           8          10   2.1054937816281941E-014
           8          11   2.0545149382826051E-002
           8          12 -0.10519379795357839     
           8          13  -2.5116424552285941E-003
           8          14   6.8637212608783816E-016
           8          15  -4.7516281948239393E-014
           8          16   3.9937658693707992E-015
           8          17   9.8593938217741896E-015
           8          18   3.8267892260542940E-014
           8          19   1.0792712699632621E-014
           9           1  -6.4569731469326902E-015
           9           2   2.9011163421794384E-014
           9           3  -3.4377807829426038E-002
           9           4   6.6759261912446716E-003
           9           5 -0.78664695668047346     
           9           6   1.1228712625343658E-013
           9           7  0.11075219015549957     
           9           8  -2.1507288965776916E-002
           9           9   2.3079603651123195     
           9          10  -3.4249495239657289E-014
           9          11   1.2933750192619792E-002
           9          12  -2.5116424552256381E-003
           9          13 -0.10278522548427649     
           9          14  -4.0263139008615667E-014
           9          15  -3.2207283064159675E-015
           9          16  -3.8339452003444717E-014
           9          17  -4.2286461027718428E-014
           9          18  -1.3955079535471224E-014
           9          19   2.1609173720210600E-014
          10           1  -3.4096536235719448E-002
          10           2  0.14001260086565331     
          10           3   2.7481228310831256E-014
          10           4  -1.2946249749336711E-014
          10           5   3.5488748664140343E-015
          10           6 -0.45577460799691305     
          10           7  -8.1618569047851327E-015
          10           8   2.1054937816281941E-014
          10           9  -3.4249495239657289E-014
          10          10   5.1697465029379712E-002
          10          11   2.1913972158260239E-015
          10          12   4.9829493305520263E-015
          10          13  -7.8985752347264624E-015
          10          14  0.12007558551679626     
          10          15  -2.4394986411215024E-016
          10          16  0.12007558551679827     
          10          17  -2.8125374515599510E-015
          10          18   4.6517132812380703E-016
          10          19  0.12007558551679494     
          11           1  -7.6560515405640039E-015
          11           2   2.0801879425023535E-014
          11           3  0.12927184733780822     
          11           4  -6.3772752152241961E-003
          11           5  -4.0146743645510553E-003
          11           6   2.6559100364931877E-014
          11           7 -0.20700171004522436     
          11           8   2.0545149382826051E-002
          11           9   1.2933750192619792E-002
          11          10   2.1913972158260239E-015
          11          11   3.5294490312889906E-002
          11          12   2.3992828441073127E-003
          11          13   1.5104161264005147E-003
          11          14  -1.1750836519564538E-015
          11          15  -1.3778763737061159E-015
          11          16  -1.0243578692062181E-015
          11          17  -4.4502838542240814E-016
          11          18   1.2645691538744149E-016
          11          19   1.9768017060034214E-016
          12           1  -1.7025412997047966E-014
          12           2   6.8023940258052931E-014
          12           3  -6.3772752152132439E-003
          12           4   9.7670369908891858E-002
          12           5   7.7962125661655904E-004
          12           6  -2.5976152641816262E-014
          12           7   2.0545149382823799E-002
          12           8 -0.10519379795357839     
          12           9  -2.5116424552256381E-003
          12          10   4.9829493305520263E-015
          12          11   2.3992828441073127E-003
          12          12   4.7183718876014330E-002
          12          13  -2.9331208749511662E-004
          12          14   1.2111899737381992E-014
          12          15  -5.8278978615870054E-015
          12          16   1.1256179966771190E-014
          12          17   6.2935198292571401E-016
          12          18   3.5504944819084157E-015
          12          19   1.3965356477349192E-014
          13           1   7.5853065195154438E-015
          13           2  -3.1429624212149130E-014
          13           3  -4.0146743645571373E-003
          13           4   7.7962125661769051E-004
          13           5   9.6922741881160582E-002
          13           6  -9.5984280297362258E-015
          13           7   1.2933750192618169E-002
          13           8  -2.5116424552285941E-003
          13           9 -0.10278522548427649     
          13          10  -7.8985752347264624E-015
          13          11   1.5104161264005147E-003
          13          12  -2.9331208749511662E-004
          13          13   4.7464994348717079E-002
          13          14  -8.0864032960618399E-015
          13          15   2.4781905405541088E-016
          13          16  -6.2101873106259735E-015
          13          17  -4.8570769728083955E-015
          13          18  -1.2189017991449186E-015
          13          19  -3.3400852066524517E-016
          14           1 -0.17686870359235146     
          14           2  0.70861212431514864     
          14           3   1.1354157216555026E-013
          14           4   1.9831600412932047E-014
          14           5  -7.5377062353105793E-014
          14           6  -1.8934430011208916     
          14           7   2.9086936276505184E-014
          14           8   6.8637212608783816E-016
          14           9  -4.0263139008615667E-014
          14          10  0.12007558551679626     
          14          11  -1.1750836519564538E-015
          14          12   1.2111899737381992E-014
          14          13  -8.0864032960618399E-015
          14          14  0.43166632975121694     
          14          15  -4.2811558028970888E-015
          14          16  0.43166632975123292     
          14          17  -1.1648232456596192E-014
          14          18   5.3483795556753340E-015
          14          19  0.43166632975121488     
          15           1   6.4082281319908955E-015
          15           2  -2.3316436376964835E-014
          15           3   1.1415796816597174E-015
          15           4   1.5531039472463264E-014
          15           5  -1.9548693527159332E-015
          15           6   1.5373797589275038E-014
          15           7  -7.9403989949136532E-015
          15           8  -4.7516281948239393E-014
          15           9  -3.2207283064159675E-015
          15          10  -2.4394986411215024E-016
          15          11  -1.3778763737061159E-015
          15          12  -5.8278978615870054E-015
          15          13   2.4781905405541088E-016
          15          14  -4.2811558028970888E-015
          15          15   2.8967393540002766E-027
          15          16  -4.2811558028977956E-015
          15          17   5.0319832641393598E-028
          15          18  -2.1353723499493738E-027
          15          19  -4.2811558028977688E-015
          16           1 -0.17686870359237417     
          16           2  0.70861212431522347     
          16           3   1.1881046854265004E-013
          16           4   2.1152231510910965E-014
          16           5  -7.8677164113143434E-014
          16           6  -1.8934430011209527     
          16           7   2.9877958516516614E-014
          16           8   3.9937658693707992E-015
          16           9  -3.8339452003444717E-014
          16          10  0.12007558551679827     
          16          11  -1.0243578692062181E-015
          16          12   1.1256179966771190E-014
          16          13  -6.2101873106259735E-015
          16          14  0.43166632975123292     
          16          15  -4.2811558028977956E-015
          16          16  0.43166632975124891     
          16          17  -1.1648232456598497E-014
          16          18   5.3483795556759627E-015
          16          19  0.43166632975123087     
          17           1   1.3314738975322822E-014
          17           2  -5.4529000987693971E-014
          17           3   3.2553019101576380E-015
          17           4  -1.0492407933973113E-015
          17           5   8.1411707843630741E-015
          17           6   3.1237728024133590E-014
          17           7  -3.2117892325482391E-015
          17           8   9.8593938217741896E-015
          17           9  -4.2286461027718428E-014
          17          10  -2.8125374515599510E-015
          17          11  -4.4502838542240814E-016
          17          12   6.2935198292571401E-016
          17          13  -4.8570769728083955E-015
          17          14  -1.1648232456596192E-014
          17          15   5.0319832641393598E-028
          17          16  -1.1648232456598497E-014
          17          17   4.6946367093851303E-027
          17          18  -3.7654558681212013E-028
          17          19  -1.1648232456598093E-014
          18           1  -5.1243628489632977E-015
          18           2   1.3832708859248021E-014
          18           3  -3.4051102884456724E-015
          18           4  -5.1016402997436586E-015
          18           5  -5.2700284882486760E-016
          18           6  -2.1488993576076045E-014
          18           7   8.2375572584038088E-015
          18           8   3.8267892260542940E-014
          18           9  -1.3955079535471224E-014
          18          10   4.6517132812380703E-016
          18          11   1.2645691538744149E-016
          18          12   3.5504944819084157E-015
          18          13  -1.2189017991449186E-015
          18          14   5.3483795556753340E-015
          18          15  -2.1353723499493738E-027
          18          16   5.3483795556759627E-015
          18          17  -3.7654558681212013E-028
          18          18   2.2726740064681006E-027
          18          19   5.3483795556744757E-015
          19           1 -0.17686870359235601     
          19           2  0.70861212431515241     
          19           3   1.1539861151499876E-013
          19           4   1.5229904336044573E-014
          19           5  -8.7875600282869627E-014
          19           6  -1.8934430011208887     
          19           7   3.8572811247276060E-014
          19           8   1.0792712699632621E-014
          19           9   2.1609173720210600E-014
          19          10  0.12007558551679494     
          19          11   1.9768017060034214E-016
          19          12   1.3965356477349192E-014
          19          13  -3.3400852066524517E-016
          19          14  0.43166632975121488     
          19          15  -4.2811558028977688E-015
          19          16  0.43166632975123087     
          19          17  -1.1648232456598093E-014
          19          18   5.3483795556744757E-015
          19          19  0.43166632975121288     
