           1           1   2.1984230862428689     
           1           2  0.71601970850646612     
           1           3   3.0488521759439918E-011
           1           4   1.0604276673614356E-011
           1           5   4.4093323478735108E-012
           1           6 -0.18414311992848359     
           1           7  -7.3689393504015324E-011
           1           8  -2.7770159617667415E-011
           1           9  -1.8227331276308522E-011
           1          10   2.8893041738374006E-002
           1          11   2.9170178264370815E-011
           1          12   1.6347407201903762E-011
           1          13   1.3055909880258972E-011
           1          14  -2.3895441790072698E-002
           1          15   2.9204608971134871E-011
           1          16   1.3767878204716653E-011
           1          17  -8.3856320389536298E-012
           1          18   2.6512611514003585E-002
           1          19  -6.4996342973154662E-008
           1          20   2.6513010578458542E-002
           1          21   1.6953052870084621E-009
           1          22   9.3579315615089053E-010
           1          23   2.6513043209247588E-002
           1          24   4.4932474823458123E-003
           1          25   1.2361285205611461E-007
           1          26   4.4925033356541747E-003
           1          27  -3.3002561167470717E-009
           1          28  -1.5770056506547643E-009
           1          29   4.4924374047225707E-003
           1          30   2.4353620587571710E-011
           1          31   4.4021460684414961E-012
           1          32   1.8244624509977001E-011
           1          33   8.6169351399089990E-012
           1          34   4.2774115231881228E-012
           1          35  -7.5511163215368062E-013
           1          36   4.2239048870707952E-012
           1          37   1.7656683831661746E-011
           1          38   1.3006987755932236E-011
           1          39   1.1916749135073948E-011
           2           1  0.71601970850646612     
           2           2   2.5693109127309426     
           2           3   1.1876388783351913E-010
           2           4   3.7885356246124637E-011
           2           5   2.6513372317647904E-012
           2           6 -0.98393756296956392     
           2           7  -2.5051995741140389E-010
           2           8  -9.5450804485790355E-011
           2           9  -7.0422494308752045E-011
           2          10  0.10578782377842963     
           2          11   1.1334755781333855E-010
           2          12   6.3702517310258073E-011
           2          13   4.3246505149270853E-011
           2          14 -0.10008465423602593     
           2          15   1.1303951405132953E-010
           2          16   5.4643282285098506E-011
           2          17  -2.7884117060619844E-011
           2          18   3.3688937956766391E-003
           2          19  -2.6808351288073664E-007
           2          20   3.3705387070706106E-003
           2          21   7.0031008641844640E-009
           2          22   3.8425104835453936E-009
           2          23   3.3706735731256973E-003
           2          24   2.9318520619015728E-003
           2          25   5.1065255419168026E-007
           2          26   2.9287772169379342E-003
           2          27  -1.3623579046163269E-008
           2          28  -6.5277461042683999E-009
           2          29   2.9285050562485896E-003
           2          30   8.2941841042777435E-011
           2          31   1.7013495802771213E-011
           2          32   6.7102968642832117E-011
           2          33   3.2524693927384137E-011
           2          34   3.0611756875826591E-011
           2          35  -2.5501785763630300E-012
           2          36   3.0190980491998186E-011
           2          37   6.4874861376567278E-011
           2          38   5.2113207851226111E-011
           2          39   7.7433899304377398E-011
           3           1   3.0488521759439918E-011
           3           2   1.1876388783351913E-010
           3           3   2.2651411595518498     
           3           4  -9.3590406820386134E-008
           3           5   2.5010868229725174E-009
           3           6  -1.1594918019839251E-010
           3           7 -0.77524454556593658     
           3           8   2.7608231649928432E-007
           3           9  -7.3519652348148002E-009
           3          10  -3.0050782455022675E-010
           3          11  -2.1587605555765999E-003
           3          12  -6.1160803357674976E-008
           3          13   1.6120933230095365E-009
           3          14  -9.2304055423218897E-011
           3          15  -1.0698127939747983E-004
           3          16   2.1955070288429849E-008
           3          17  -5.8495402282838844E-010
           3          18   9.1408883366098388E-010
           3          19   2.1216596313473077E-010
           3          20  -3.4617217141718192E-010
           3          21  -1.7651961868165195E-011
           3          22  -1.3783093204971684E-010
           3          23  -3.2032738830780134E-010
           3          24  -1.1602612725576606E-010
           3          25  -3.1944879829683403E-011
           3          26  -2.4383818203876081E-010
           3          27   6.7153866734748638E-011
           3          28   9.4689343031441536E-011
           3          29  -3.1622351784709121E-010
           3          30   7.4007832243128721E-004
           3          31   1.1600864915234676E-003
           3          32  -3.1417603414718447E-003
           3          33   1.6739716739349185E-003
           3          34  -2.9688490924017134E-005
           3          35  -5.3471489122836828E-005
           3          36   4.4543473919374878E-005
           3          37  -1.8522470952337280E-003
           3          38  -3.4062777360267045E-003
           3          39  -1.1065823673716216E-005
           4           1   1.0604276673614356E-011
           4           2   3.7885356246124637E-011
           4           3  -9.3590406820386134E-008
           4           4   2.2651418142421500     
           4           5   1.2361593791238343E-009
           4           6  -1.5542276968378030E-010
           4           7   2.7606957792482838E-007
           4           8 -0.77524647666655166     
           4           9  -3.6435470228072651E-009
           4          10  -7.6625864937082247E-011
           4          11  -6.1185958158798662E-008
           4          12  -2.1583313152005925E-003
           4          13   8.2952440881245045E-010
           4          14  -5.2388016325970597E-011
           4          15   2.1961410909242242E-008
           4          16  -1.0713496344249676E-004
           4          17  -2.9175474988975095E-010
           4          18  -7.8294880095134761E-011
           4          19   3.8184438187630776E-010
           4          20   3.1238486421473611E-010
           4          21   2.7512969955202363E-011
           4          22   3.9209522652709715E-011
           4          23  -2.8376691993871096E-010
           4          24  -9.3488086810405621E-011
           4          25   3.9516151293937122E-011
           4          26   1.8867473990847658E-011
           4          27  -3.6021616671587566E-012
           4          28   2.7671948039126182E-011
           4          29  -1.6154036509052454E-010
           4          30   8.6421308927023374E-004
           4          31  -3.1395983035823090E-003
           4          32   2.2465401495060677E-003
           4          33   1.9500095185284890E-004
           4          34  -4.6303842183280430E-005
           4          35   5.1425557140006835E-005
           4          36   1.9299407644062743E-006
           4          37  -3.4063261912246731E-003
           4          38  -1.1208556989675343E-003
           4          39   3.3077525009361535E-005
           5           1   4.4093323478735108E-012
           5           2   2.6513372317647904E-012
           5           3   2.5010868229725174E-009
           5           4   1.2361593791238343E-009
           5           5   2.2651418706824726     
           5           6  -5.6609310774686677E-010
           5           7  -7.3792218815147490E-009
           5           8  -3.6430455616960435E-009
           5           9 -0.77524664324805581     
           5          10  -2.9391587844196125E-011
           5          11   1.5740894010318219E-009
           5          12   7.9894784847515463E-010
           5          13  -2.1582951543735159E-003
           5          14  -8.7625267579579942E-011
           5          15  -5.8526890674624752E-010
           5          16  -2.9001135624091568E-010
           5          17  -1.0714812327497626E-004
           5          18  -7.5143015121669868E-011
           5          19  -1.5093183865939235E-011
           5          20  -2.2351969922803868E-010
           5          21   4.6150766440575193E-010
           5          22   3.3613176927910724E-011
           5          23  -2.9501523316926505E-010
           5          24  -8.8769197097878359E-011
           5          25  -3.1433524797154286E-011
           5          26  -6.9086664651708480E-011
           5          27   5.0339139411688028E-011
           5          28  -7.2098810896759271E-011
           5          29  -1.0882347854102934E-011
           5          30  -2.2116316830510222E-005
           5          31  -4.6303919427256247E-005
           5          32   4.4544180558240938E-005
           5          33   1.4449075796718303E-006
           5          34  -1.8498870831087583E-003
           5          35  -3.9329316765725148E-003
           5          36  -1.1206734393578509E-003
           5          37  -1.4863330401007575E-005
           5          38   4.4369619627146719E-005
           5          39  -7.6628344062087354E-004
           6           1 -0.18414311992848359     
           6           2 -0.98393756296956392     
           6           3  -1.1594918019839251E-010
           6           4  -1.5542276968378030E-010
           6           5  -5.6609310774686677E-010
           6           6   2.4947189302360835     
           6           7   1.0940189586488348E-009
           6           8   5.0037673793731486E-010
           6           9   9.2339049185844402E-010
           6          10 -0.29037997498225027     
           6          11  -3.8354505502385163E-010
           6          12  -1.9707743059050530E-010
           6          13  -7.3704007782708262E-011
           6          14  0.28953933804165044     
           6          15  -2.9933377290052896E-010
           6          16  -1.4979661907472047E-010
           6          17   6.0655013355824818E-011
           6          18  -1.4942133675606602E-005
           6          19   9.2490299341950639E-007
           6          20  -2.0606077683802369E-005
           6          21  -2.4477967927833930E-008
           6          22  -1.2903097412709630E-008
           6          23  -2.1078997626046338E-005
           6          24   1.3894426332524802E-003
           6          25  -1.5643998733799869E-006
           6          26   1.3988629400964476E-003
           6          27   4.1546605158152147E-008
           6          28   2.0139988264159579E-008
           6          29   1.3996938294525097E-003
           6          30  -9.1286865793712661E-011
           6          31  -2.8668232256636504E-011
           6          32  -1.1786184486544265E-010
           6          33  -4.8435527646804586E-011
           6          34  -1.3204775812988554E-010
           6          35   8.3200650792757092E-012
           6          36  -1.2786377443169112E-010
           6          37  -1.1482863226444736E-010
           6          38  -1.1740999368912657E-010
           6          39  -3.1413104678707138E-010
           7           1  -7.3689393504015324E-011
           7           2  -2.5051995741140389E-010
           7           3 -0.77524454556593658     
           7           4   2.7606957792482838E-007
           7           5  -7.3792218815147490E-009
           7           6   1.0940189586488348E-009
           7           7   2.2678708432041517     
           7           8  -8.2019077747106499E-007
           7           9   2.1828786427804294E-008
           7          10   8.6087260877788903E-010
           7          11   6.8995437924973145E-003
           7          12   1.6142157205747858E-007
           7          13  -4.2409887819916687E-009
           7          14   4.0613570818674878E-011
           7          15  -3.2325394480422652E-005
           7          16  -5.7421835806306961E-008
           7          17   1.5261295058330304E-009
           7          18  -1.8536932443212962E-009
           7          19  -4.7183856709773832E-010
           7          20   1.1524733020809505E-009
           7          21  -3.1275882886996548E-010
           7          22   2.1443364076410073E-010
           7          23   1.1332649411340129E-009
           7          24  -1.8128955784736498E-010
           7          25  -1.3095902609889270E-010
           7          26   9.6988232092673321E-010
           7          27   2.3971674921419499E-010
           7          28  -1.2626127974645913E-011
           7          29   1.0780555975188086E-009
           7          30  -1.0165828984642579E-002
           7          31  -3.7053282588911168E-003
           7          32   6.5454463485003526E-003
           7          33  -5.3469320309573014E-003
           7          34   9.4825366662386746E-005
           7          35   1.7079223088126236E-004
           7          36  -1.4227529636983224E-004
           7          37   2.4265611379315818E-003
           7          38   1.0879959106599875E-002
           7          39   3.5347846480105559E-005
           8           1  -2.7770159617667415E-011
           8           2  -9.5450804485790355E-011
           8           3   2.7608231649928432E-007
           8           4 -0.77524647666655166     
           8           5  -3.6430455616960435E-009
           8           6   5.0037673793731486E-010
           8           7  -8.2019077747106499E-007
           8           8   2.2678765800014835     
           8           9   1.0802519625999309E-008
           8          10   2.4291621316992712E-010
           8          11   1.6142749250914649E-007
           8          12   6.8984108440920729E-003
           8          13  -2.2069376645188440E-009
           8          14   6.6245283351623946E-011
           8          15  -5.7417971658496574E-008
           8          16  -3.1923547110476226E-005
           8          17   7.6606953779877379E-010
           8          18   2.8865583925061241E-010
           8          19  -9.0197155481165918E-010
           8          20  -8.3984923663612412E-010
           8          21  -5.6592136368307377E-011
           8          22  -3.9696648782585771E-010
           8          23   8.0413020469111502E-010
           8          24   2.5510697381302873E-010
           8          25  -4.4724752836206931E-010
           8          26  -5.1744288892181261E-011
           8          27   4.4408535263168332E-011
           8          28   2.5206677293532306E-010
           8          29   4.4896956441719488E-010
           8          30  -2.7604808702433254E-003
           8          31   6.5393646600017501E-003
           8          32  -7.1755782955023970E-003
           8          33  -8.4253115026162589E-003
           8          34   1.4789989101586022E-004
           8          35  -1.6426090035705801E-004
           8          36  -6.1658501116066625E-006
           8          37   1.0880120733572312E-002
           8          38   9.0718811879140354E-005
           8          39  -1.0565181407295782E-004
           9           1  -1.8227331276308522E-011
           9           2  -7.0422494308752045E-011
           9           3  -7.3519652348148002E-009
           9           4  -3.6435470228072651E-009
           9           5 -0.77524664324805581     
           9           6   9.2339049185844402E-010
           9           7   2.1828786427804294E-008
           9           8   1.0802519625999309E-008
           9           9   2.2678770751444635     
           9          10   8.8294629788141051E-011
           9          11  -4.2038870902007374E-009
           9          12  -2.1720937333790311E-009
           9          13   6.8983156087172055E-003
           9          14   1.7327641956021022E-010
           9          15   1.5133766372817107E-009
           9          16   7.6381115453628829E-010
           9          17  -3.1889164365531526E-005
           9          18   3.4662163737440782E-010
           9          19   8.4824428018243489E-011
           9          20   4.0440766206606832E-010
           9          21  -1.0016439650271365E-009
           9          22   3.9870831378763762E-011
           9          23  -8.2607918556142193E-011
           9          24   6.0520252582376916E-011
           9          25   8.2403172261838585E-011
           9          26   3.4541900577327945E-011
           9          27  -4.6425073537108852E-010
           9          28   2.9373450072352880E-012
           9          29   4.7216358566482822E-010
           9          30   7.0644426745097047E-005
           9          31   1.4790019843163941E-004
           9          32  -1.4227750621608975E-004
           9          33  -4.6139709407052831E-006
           9          34   2.4199168828576978E-003
           9          35   1.2562283860172222E-002
           9          36   9.0208672638217736E-005
           9          37   4.7472231488027601E-005
           9          38  -1.4172262749654420E-004
           9          39  -5.3549128529625963E-003
          10           1   2.8893041738374006E-002
          10           2  0.10578782377842963     
          10           3  -3.0050782455022675E-010
          10           4  -7.6625864937082247E-011
          10           5  -2.9391587844196125E-011
          10           6 -0.29037997498225027     
          10           7   8.6087260877788903E-010
          10           8   2.4291621316992712E-010
          10           9   8.8294629788141051E-011
          10          10  0.55418144391202928     
          10          11   8.1788595259440206E-010
          10          12   4.1286753837534582E-010
          10          13   1.8914225638874520E-010
          10          14 -0.57102514351428524     
          10          15   5.3181550850351094E-010
          10          16   2.7479222543692691E-010
          10          17  -1.2576596944472801E-010
          10          18  -2.5702926905076776E-004
          10          19  -5.7159433286253094E-007
          10          20  -2.5348226702517668E-004
          10          21   1.4288306096083222E-008
          10          22   9.0518276984781137E-009
          10          23  -2.5321500294976629E-004
          10          24  -9.7986004453302043E-004
          10          25   1.3793304759704393E-006
          10          26  -9.8813004214344698E-004
          10          27  -3.7220929708769132E-008
          10          28  -1.6958745213557766E-008
          10          29  -9.8887961230244639E-004
          10          30  -2.9164764903061530E-010
          10          31  -2.0237615607312560E-011
          10          32  -8.4617255745110298E-011
          10          33  -8.5376193129388522E-011
          10          34   7.2720444026255365E-011
          10          35   5.2415873209151614E-012
          10          36   6.9720177867717488E-011
          10          37  -1.0072021680166970E-010
          10          38   1.5131553549443334E-011
          10          39   1.8628686239494095E-010
          11           1   2.9170178264370815E-011
          11           2   1.1334755781333855E-010
          11           3  -2.1587605555765999E-003
          11           4  -6.1185958158798662E-008
          11           5   1.5740894010318219E-009
          11           6  -3.8354505502385163E-010
          11           7   6.8995437924973145E-003
          11           8   1.6142749250914649E-007
          11           9  -4.2038870902007374E-009
          11          10   8.1788595259440206E-010
          11          11   2.2459390987562042E-005
          11          12   9.1364859158894816E-010
          11          13  -2.3673630510412614E-011
          11          14  -1.4515153148768412E-009
          11          15  -4.5113073034911198E-007
          11          16  -1.6163687022950921E-010
          11          17   4.2375539269156555E-012
          11          18   6.1486295589672811E-010
          11          19  -6.3294424436874474E-011
          11          20  -2.0504678239566049E-010
          11          21   6.3505264431977551E-011
          11          22  -5.6052275879856764E-011
          11          23  -3.3998818327189078E-010
          11          24   4.0380266338889450E-010
          11          25  -3.8498791059104578E-011
          11          26  -6.6476562717379254E-011
          11          27   4.0024401289726965E-011
          11          28  -2.9819746538569389E-011
          11          29  -1.4613118875292702E-010
          11          30  -3.4323347390347909E-005
          11          31  -1.5322603059776954E-005
          11          32   3.0515148818577817E-005
          11          33  -2.2115252150395582E-005
          11          34   3.9214165523832387E-007
          11          35   7.0630560137032747E-007
          11          36  -5.8838528965353203E-007
          11          37   1.3481015081219009E-005
          11          38   4.4995294297802130E-005
          11          39   1.4623323412891197E-007
          12           1   1.6347407201903762E-011
          12           2   6.3702517310258073E-011
          12           3  -6.1160803357674976E-008
          12           4  -2.1583313152005925E-003
          12           5   7.9894784847515463E-010
          12           6  -1.9707743059050530E-010
          12           7   1.6142157205747858E-007
          12           8   6.8984108440920729E-003
          12           9  -2.1720937333790311E-009
          12          10   4.1286753837534582E-010
          12          11   9.1364859158894816E-010
          12          12   2.2452972175520538E-005
          12          13  -1.2612213692711786E-011
          12          14  -5.8971427392009590E-010
          12          15  -1.6162687565084310E-010
          12          16  -4.4999926076857969E-007
          12          17   2.1993713069631302E-012
          12          18  -6.6497046457086388E-011
          12          19   6.4057547315540086E-013
          12          20   4.3321138983450973E-010
          12          21   1.3144578406824518E-010
          12          22   1.1385959780636467E-010
          12          23  -3.4776676340040898E-010
          12          24  -2.4829616426829705E-011
          12          25   1.4776752310545767E-012
          12          26   2.6142871245538513E-010
          12          27   8.0324144686894466E-011
          12          28   7.0869362664097564E-011
          12          29  -1.8563087470549475E-010
          12          30  -1.1417701931247206E-005
          12          31   3.0499848916482351E-005
          12          32  -2.9672104512927501E-005
          12          33  -2.7125678572333586E-005
          12          34   6.1163052770762518E-007
          12          35  -6.7930682766615159E-007
          12          36  -2.5520335071000549E-008
          12          37   4.4992525994727401E-005
          12          38   3.8258812726196418E-006
          12          39  -4.3688086366886681E-007
          13           1   1.3055909880258972E-011
          13           2   4.3246505149270853E-011
          13           3   1.6120933230095365E-009
          13           4   8.2952440881245045E-010
          13           5  -2.1582951543735159E-003
          13           6  -7.3704007782708262E-011
          13           7  -4.2409887819916687E-009
          13           8  -2.2069376645188440E-009
          13           9   6.8983156087172055E-003
          13          10   1.8914225638874520E-010
          13          11  -2.3673630510412614E-011
          13          12  -1.2612213692711786E-011
          13          13   2.2452439488021565E-005
          13          14  -2.7369756495646384E-011
          13          15   4.2105390697015215E-012
          13          16   2.1964979038876945E-012
          13          17  -4.4990383261613447E-007
          13          18   1.0690442344508334E-010
          13          19  -3.4907093211251818E-010
          13          20   1.3982754258131391E-010
          13          21   5.7421005937243336E-010
          13          22   1.7799213689883502E-010
          13          23  -2.6366870153979441E-010
          13          24   4.7102720173779658E-011
          13          25  -2.0114782593631477E-010
          13          26   6.5953750471745804E-011
          13          27   3.3699821100558523E-010
          13          28   1.0920855420497337E-010
          13          29  -1.6426076111311703E-010
          13          30   2.9219650402081065E-007
          13          31   6.1162498462622511E-007
          13          32  -5.8834621866672249E-007
          13          33  -1.9047134226140262E-008
          13          34   1.3465041758975828E-005
          13          35   5.1950283391459471E-005
          13          36   3.8243002818106948E-006
          13          37   1.9627274638318744E-007
          13          38  -5.8609726618666798E-007
          13          39  -1.4428366344647731E-005
          14           1  -2.3895441790072698E-002
          14           2 -0.10008465423602593     
          14           3  -9.2304055423218897E-011
          14           4  -5.2388016325970597E-011
          14           5  -8.7625267579579942E-011
          14           6  0.28953933804165044     
          14           7   4.0613570818674878E-011
          14           8   6.6245283351623946E-011
          14           9   1.7327641956021022E-010
          14          10 -0.57102514351428524     
          14          11  -1.4515153148768412E-009
          14          12  -5.8971427392009590E-010
          14          13  -2.7369756495646384E-011
          14          14  0.60414899083969265     
          14          15  -6.7598790698794056E-010
          14          16  -3.2000964636067363E-010
          14          17   1.7718253870760442E-010
          14          18  -2.6389011883513631E-004
          14          19   6.0449637160254923E-007
          14          20  -2.6765304965020590E-004
          14          21  -1.4131241299871729E-008
          14          22  -1.0330990019436509E-008
          14          23  -2.6792323743508721E-004
          14          24  -5.9192028109611612E-004
          14          25  -1.3281747289960259E-006
          14          26  -5.8397794568389606E-004
          14          27   3.6511358330590531E-008
          14          28   1.5679375646300126E-008
          14          29  -5.8324502398274074E-004
          14          30   2.7834589619637266E-010
          14          31   1.9720721284251257E-011
          14          32   8.8706199856312408E-011
          14          33   7.7915885527472071E-011
          14          34  -7.3264240937444388E-011
          14          35  -4.3911142160004574E-012
          14          36  -7.0488098370635897E-011
          14          37   1.0113620774951294E-010
          14          38  -6.6266530789906610E-012
          14          39  -1.8277783696895123E-010
          15           1   2.9204608971134871E-011
          15           2   1.1303951405132953E-010
          15           3  -1.0698127939747983E-004
          15           4   2.1961410909242242E-008
          15           5  -5.8526890674624752E-010
          15           6  -2.9933377290052896E-010
          15           7  -3.2325394480422652E-005
          15           8  -5.7417971658496574E-008
          15           9   1.5133766372817107E-009
          15          10   5.3181550850351094E-010
          15          11  -4.5113073034911198E-007
          15          12  -1.6162687565084310E-010
          15          13   4.2105390697015215E-012
          15          14  -6.7598790698794056E-010
          15          15   8.8737421005960135E-008
          15          16  -1.5666691115370650E-012
          15          17   5.5377947358892922E-014
          15          18  -1.8018912703947391E-010
          15          19  -9.5949643926241691E-011
          15          20   1.3009033651279224E-010
          15          21   2.0591712720332439E-011
          15          22   3.3229646384697922E-011
          15          23   6.3674595178090675E-011
          15          24  -9.3110971981698236E-011
          15          25  -5.6271253471463244E-011
          15          26   8.4478949540568097E-011
          15          27   1.2367555869351964E-011
          15          28   1.9488815216630815E-011
          15          29   4.5189683481589980E-011
          15          30   1.0415866749016224E-006
          15          31   9.8877896162784240E-007
          15          32  -2.4936441241139849E-006
          15          33   1.4279928284539308E-006
          15          34  -2.5309821766337596E-008
          15          35  -4.5581711617815245E-008
          15          36   3.7978351934665759E-008
          15          37  -1.3943015180464309E-006
          15          38  -2.9044136707602306E-006
          15          39  -9.4471231837368100E-009
          16           1   1.3767878204716653E-011
          16           2   5.4643282285098506E-011
          16           3   2.1955070288429849E-008
          16           4  -1.0713496344249676E-004
          16           5  -2.9001135624091568E-010
          16           6  -1.4979661907472047E-010
          16           7  -5.7421835806306961E-008
          16           8  -3.1923547110476226E-005
          16           9   7.6381115453628829E-010
          16          10   2.7479222543692691E-010
          16          11  -1.6163687022950921E-010
          16          12  -4.4999926076857969E-007
          16          13   2.1964979038876945E-012
          16          14  -3.2000964636067363E-010
          16          15  -1.5666691115370650E-012
          16          16   8.8748536514339086E-008
          16          17   1.1321083436973996E-014
          16          18   6.9685532910850720E-011
          16          19  -2.6934939214211409E-010
          16          20  -3.6596859370021557E-011
          16          21  -5.9170117933527551E-012
          16          22   1.1532739203997246E-011
          16          23  -2.9374956134245496E-011
          16          24   4.3598824957043519E-011
          16          25  -1.6007468794199850E-010
          16          26  -1.5960154381240226E-011
          16          27  -3.2131927368016947E-012
          16          28   6.8480065510626900E-012
          16          29  -1.7749314086117336E-011
          16          30   7.3712104052175428E-007
          16          31  -2.4937794594546469E-006
          16          32   1.9141308241123894E-006
          16          33   5.7658385793139013E-007
          16          34  -3.9465199145564296E-008
          16          35   4.3833975833712794E-008
          16          36   1.6519965084760711E-009
          16          37  -2.9028637458188431E-006
          16          38  -7.7183771667640831E-007
          16          39   2.8182340718816630E-008
          17           1  -8.3856320389536298E-012
          17           2  -2.7884117060619844E-011
          17           3  -5.8495402282838844E-010
          17           4  -2.9175474988975095E-010
          17           5  -1.0714812327497626E-004
          17           6   6.0655013355824818E-011
          17           7   1.5261295058330304E-009
          17           8   7.6606953779877379E-010
          17           9  -3.1889164365531526E-005
          17          10  -1.2576596944472801E-010
          17          11   4.2375539269156555E-012
          17          12   2.1993713069631302E-012
          17          13  -4.4990383261613447E-007
          17          14   1.7718253870760442E-010
          17          15   5.5377947358892922E-014
          17          16   1.1321083436973996E-014
          17          17   8.8749786364475910E-008
          17          18  -1.3104293758969243E-011
          17          19  -5.7410146604534726E-011
          17          20   1.4603209477556830E-012
          17          21  -2.6026710163971587E-010
          17          22  -1.2625040544731560E-010
          17          23   6.3406399592052030E-012
          17          24  -1.1088399770039519E-011
          17          25  -3.3369872129319356E-011
          17          26  -2.5668533486254625E-012
          17          27  -1.5522328590151035E-010
          17          28  -7.7958497668528159E-011
          17          29  -3.5897309240993469E-013
          17          30  -1.8864428392194545E-008
          17          31  -3.9462192706147090E-008
          17          32   3.7956835288879757E-008
          17          33   1.2209011908584382E-009
          17          34  -1.3948017272781091E-006
          17          35  -3.3518965252285863E-006
          17          36  -7.7169835727099552E-007
          17          37  -1.2653907190106277E-008
          17          38   3.7821483605920536E-008
          17          39  -2.4275436946617119E-007
          18           1   2.6512611514003585E-002
          18           2   3.3688937956766391E-003
          18           3   9.1408883366098388E-010
          18           4  -7.8294880095134761E-011
          18           5  -7.5143015121669868E-011
          18           6  -1.4942133675606602E-005
          18           7  -1.8536932443212962E-009
          18           8   2.8865583925061241E-010
          18           9   3.4662163737440782E-010
          18          10  -2.5702926905076776E-004
          18          11   6.1486295589672811E-010
          18          12  -6.6497046457086388E-011
          18          13   1.0690442344508334E-010
          18          14  -2.6389011883513631E-004
          18          15  -1.8018912703947391E-010
          18          16   6.9685532910850720E-011
          18          17  -1.3104293758969243E-011
          18          18  0.58003967132565459     
          18          19  -7.6234863877560913E-002
          18          20 -0.25276839153926006     
          18          21   1.9508761480649531E-003
          18          22   3.0444029842954666E-003
          18          23 -0.32617803905530396     
          18          24  0.33211902162127005     
          18          25  -4.9346425143239697E-002
          18          26 -0.14212060892211567     
          18          27   1.2627938639664707E-003
          18          28   1.9706498289441612E-003
          18          29 -0.18963806526912935     
          18          30   1.3789053674387752E-009
          18          31   1.6728186755852456E-010
          18          32  -4.5401558355343433E-010
          18          33  -3.1364165325488175E-010
          18          34  -2.8115845054057526E-010
          18          35   5.5234984387050975E-012
          18          36   7.2122206257569889E-011
          18          37  -4.5369144587671233E-010
          18          38  -9.9518952397029012E-011
          18          39   1.8483667824133179E-010
          19           1  -6.4996342973154662E-008
          19           2  -2.6808351288073664E-007
          19           3   2.1216596313473077E-010
          19           4   3.8184438187630776E-010
          19           5  -1.5093183865939235E-011
          19           6   9.2490299341950639E-007
          19           7  -4.7183856709773832E-010
          19           8  -9.0197155481165918E-010
          19           9   8.4824428018243489E-011
          19          10  -5.7159433286253094E-007
          19          11  -6.3294424436874474E-011
          19          12   6.4057547315540086E-013
          19          13  -3.4907093211251818E-010
          19          14   6.0449637160254923E-007
          19          15  -9.5949643926241691E-011
          19          16  -2.6934939214211409E-010
          19          17  -5.7410146604534726E-011
          19          18  -7.6234863877560913E-002
          19          19  0.95042468491018561     
          19          20 -0.14766313518563356     
          19          21   3.5147479413569758E-003
          19          22  -3.3815453759471620E-003
          19          23  0.22389804967207766     
          19          24  -4.9346395737125903E-002
          19          25  0.57198358341979738     
          19          26  -9.5581515219928290E-002
          19          27   2.2750856492391746E-003
          19          28  -2.1888924106558236E-003
          19          29  0.14492798508607596     
          19          30   3.4788921540733409E-011
          19          31   1.1019575496385564E-009
          19          32   2.7329917798085269E-010
          19          33   6.8169256632753043E-011
          19          34   3.3470129150021384E-011
          19          35  -2.6575031065795592E-010
          19          36   2.3019988727454795E-011
          19          37  -3.8636128422288895E-011
          19          38   3.0632742844176494E-011
          19          39  -4.0795939283165219E-012
          20           1   2.6513010578458542E-002
          20           2   3.3705387070706106E-003
          20           3  -3.4617217141718192E-010
          20           4   3.1238486421473611E-010
          20           5  -2.2351969922803868E-010
          20           6  -2.0606077683802369E-005
          20           7   1.1524733020809505E-009
          20           8  -8.3984923663612412E-010
          20           9   4.0440766206606832E-010
          20          10  -2.5348226702517668E-004
          20          11  -2.0504678239566049E-010
          20          12   4.3321138983450973E-010
          20          13   1.3982754258131391E-010
          20          14  -2.6765304965020590E-004
          20          15   1.3009033651279224E-010
          20          16  -3.6596859370021557E-011
          20          17   1.4603209477556830E-012
          20          18 -0.25276839153926006     
          20          19 -0.14766313518563356     
          20          20  0.62147786435006880     
          20          21  -2.9274246532749433E-003
          20          22  -1.2718982465331400E-004
          20          23 -0.36761654190630405     
          20          24 -0.14212070599261467     
          20          25  -9.5581716974675407E-002
          20          26  0.35893697609313657     
          20          27  -1.8948989513051942E-003
          20          28  -8.2334957023281588E-005
          20          29 -0.21645638695312402     
          20          30  -7.4299073757370248E-010
          20          31  -8.4256047494942499E-011
          20          32   7.2217317115539074E-010
          20          33   3.5441888638668041E-010
          20          34   5.4420250907625097E-011
          20          35   1.8393422537162335E-011
          20          36  -2.9687841532308613E-010
          20          37  -2.8167136691585029E-010
          20          38  -1.2341157485682662E-010
          20          39   1.5603648631718162E-010
          21           1   1.6953052870084621E-009
          21           2   7.0031008641844640E-009
          21           3  -1.7651961868165195E-011
          21           4   2.7512969955202363E-011
