           1           1   2.1896411873435726     
           1           2  0.69405199302515763     
           1           3  -5.0746051760299238E-012
           1           4  -3.7988250693390185E-012
           1           5   7.0287254975545099E-012
           1           6 -0.16297657873336879     
           1           7   1.6438234467018169E-011
           1           8   1.4065332265493044E-011
           1           9  -2.3564151332662974E-011
           1          10   1.0283829636180165E-002
           1          11  -1.4231272873183752E-011
           1          12  -4.0402945469344510E-012
           1          13  -1.0834540005751616E-012
           1          14  -1.5408280605934931E-002
           1          15  -3.3462836912899396E-011
           1          16   4.7453625732142653E-011
           1          17  -2.3989624541849257E-011
           1          18   2.7526392217769140E-002
           1          19  -2.2263893821697866E-005
           1          20   2.7526399422678122E-002
           1          21   1.4394319478264969E-005
           1          22  -1.8729456484924352E-006
           1          23   2.7526424757490252E-002
           1          24   5.9092987909252770E-003
           1          25  -1.4305748373240419E-005
           1          26   5.9093048509040623E-003
           1          27   9.2489602962167640E-006
           1          28  -1.2018226776559432E-006
           1          29   5.9093235635781591E-003
           1          30   1.6357184746689762E-012
           1          31   1.8386167716788988E-013
           1          32   6.4749269192853973E-012
           1          33  -2.2284756000506159E-011
           1          34  -3.9706975733241400E-012
           1          35   7.0375378224677871E-014
           1          36  -1.4439868250475108E-012
           1          37  -1.4177232530412998E-011
           1          38   2.9255796373254515E-012
           1          39   3.4522092017067689E-011
           2           1  0.69405199302515763     
           2           2   2.5307974959365653     
           2           3  -1.9703947819225433E-011
           2           4  -6.3124967768093766E-012
           2           5   9.7115101607947286E-012
           2           6 -0.88703522382417399     
           2           7   6.4601940014063541E-011
           2           8   3.4656067305470159E-011
           2           9  -4.9836770807313882E-011
           2          10   3.3614115524885323E-002
           2          11  -5.0471353184041832E-011
           2          12  -1.3066542887677055E-011
           2          13  -8.4544665905429011E-012
           2          14  -5.5053575608733502E-002
           2          15  -1.1757220279392891E-010
           2          16   1.6725522934131173E-010
           2          17  -8.3330845881221474E-011
           2          18   1.6338442420814385E-002
           2          19  -9.3780392655490804E-005
           2          20   1.6338475179596353E-002
           2          21   6.0631673377732144E-005
           2          22  -7.8857442676699416E-006
           2          23   1.6338584756762493E-002
           2          24   1.3626097003504711E-002
           2          25  -6.1285256236147867E-005
           2          26   1.3626124402520857E-002
           2          27   3.9622040959737143E-005
           2          28  -5.1472155796560875E-006
           2          29   1.3626206012301151E-002
           2          30   7.1962775461573404E-012
           2          31   7.2234005984440608E-013
           2          32   2.2008283041276666E-011
           2          33  -8.6921114470824437E-011
           2          34  -1.3288988908813255E-011
           2          35   2.7152134462036971E-013
           2          36  -4.4443190449045998E-012
           2          37  -5.4367889846330197E-011
           2          38   8.9475648275101065E-012
           2          39   1.3179163337713953E-010
           3           1  -5.0746051760299238E-012
           3           2  -1.9703947819225433E-011
           3           3   2.2405980491994244     
           3           4  -1.6151745738178940E-006
           3           5   1.0442001723866065E-006
           3           6   1.0875205127355928E-010
           3           7 -0.72501349557983552     
           3           8   4.4475768130888665E-006
           3           9  -2.8753725240047543E-006
           3          10  -6.0278403236783022E-011
           3          11  -9.5885256335502961E-003
           3          12  -5.4621074142372401E-006
           3          13   3.5308895899851923E-006
           3          14   2.2714506179630634E-011
           3          15   2.6635894194716589E-003
           3          16   1.3634978827250412E-006
           3          17  -8.8142794745910011E-007
           3          18   4.2549672048754976E-010
           3          19  -1.9680917098420058E-010
           3          20  -1.1653873945347148E-009
           3          21   2.5637688192508587E-010
           3          22   6.4439292571157921E-012
           3          23   7.9959151447273104E-010
           3          24   5.2405974297456271E-010
           3          25  -8.7939753765670482E-011
           3          26  -7.6896734865529018E-010
           3          27  -1.3812135473229318E-011
           3          28   7.5274042503866516E-012
           3          29   3.2119586118514850E-010
           3          30  -1.0690577442508229E-002
           3          31   1.3179107800008270E-006
           3          32  -4.5327042427401945E-003
           3          33  -2.1561678910711337E-006
           3          34  -8.5291614542773336E-007
           3          35   4.0896292676348660E-008
           3          36   1.7055467318968446E-007
           3          37  -4.5327067661418991E-003
           3          38  -2.6391097466055899E-007
           3          39   1.3948061419662998E-006
           4           1  -3.7988250693390185E-012
           4           2  -6.3124967768093766E-012
           4           3  -1.6151745738178940E-006
           4           4   2.2405980495449951     
           4           5  -1.3516554153348246E-007
           4           6   2.2678166552534920E-010
           4           7   4.4475748516573551E-006
           4           8 -0.72501349650081459     
           4           9   3.7260828409158276E-007
           4          10   8.1458331374325666E-011
           4          11  -5.4621123459885560E-006
           4          12  -9.5885244844548245E-003
           4          13  -4.5374297625623295E-007
           4          14   8.8643504801955246E-011
           4          15   1.3634979302744034E-006
           4          16   2.6635891250200825E-003
           4          17   1.1341308088343567E-007
           4          18   2.7223858379265218E-010
           4          19   3.5731895263608190E-011
           4          20   1.0972687220152715E-009
           4          21  -9.1720865161760027E-013
           4          22   2.2783935391731129E-010
           4          23  -1.1597210038330728E-009
           4          24   2.2405316855458884E-010
           4          25   1.6861920106504902E-010
           4          26   5.4979717969690650E-010
           4          27  -1.5025822702620782E-012
           4          28  -7.0765617356306551E-012
           4          29  -6.7393866992575994E-010
           4          30  -2.2663035453812574E-006
           4          31  -4.5327055507594534E-003
           4          32   1.4656664371837370E-006
           4          33  -1.0690574734747217E-002
           4          34  -2.2811999027310806E-008
           4          35  -3.5089841177334252E-007
           4          36   1.2457616226738434E-007
           4          37  -2.6393654087968026E-007
           4          38  -4.5327090897353869E-003
           4          39  -1.9187528664225336E-007
           5           1   7.0287254975545099E-012
           5           2   9.7115101607947286E-012
           5           3   1.0442001723866065E-006
           5           4  -1.3516554153348246E-007
           5           5   2.2405980508366743     
           5           6  -3.7113759699067256E-010
           5           7  -2.8753738560764478E-006
           5           8   3.7260551555312743E-007
           5           9 -0.72501349999367981     
           5          10  -1.4709180282452208E-010
           5          11   3.5308904004547435E-006
           5          12  -4.5375795912558557E-007
           5          13  -9.5885201113964889E-003
           5          14  -2.5167760876691784E-010
           5          15  -8.8142530345973278E-007
           5          16   1.1341805128789418E-007
           5          17   2.6635878911526558E-003
           5          18   1.4370871280742242E-009
           5          19  -1.1569774214343928E-011
           5          20  -6.2693306474680118E-010
           5          21   9.6765506216344484E-011
           5          22  -2.3797777079566481E-010
           5          23  -1.1563932648379164E-009
           5          24   8.9814201879865330E-010
           5          25  -3.9671912227736564E-012
           5          26  -6.5643618686863081E-010
           5          27  -1.1114326248879666E-010
           5          28   4.4189058873454392E-011
           5          29  -3.8563492225537839E-010
           5          30   1.4657369188753023E-006
           5          31  -2.2817778837599887E-008
           5          32   1.7058269545748855E-007
           5          33  -1.9170865161460728E-007
           5          34  -4.5327084121370223E-003
           5          35   5.4309880870870681E-007
           5          36  -4.5327097012787497E-003
           5          37  -9.4811147707939949E-007
           5          38   1.2432459051975823E-007
           5          39  -1.0690571466455100E-002
           6           1 -0.16297657873336879     
           6           2 -0.88703522382417399     
           6           3   1.0875205127355928E-010
           6           4   2.2678166552534920E-010
           6           5  -3.7113759699067256E-010
           6           6   2.2415074760374925     
           6           7  -3.0746626777192807E-010
           6           8  -5.3448454930151267E-010
           6           9   8.4988631319159879E-010
           6          10  -8.7154322483274246E-002
           6          11   1.5790171940455272E-010
           6          12   3.9147707948199595E-011
           6          13   7.0996343816882430E-012
           6          14  0.17979477657091900     
           6          15   3.7093031984626043E-010
           6          16  -5.2231889425229485E-010
           6          17   2.6673228342458165E-010
           6          18  -2.7644019912515326E-002
           6          19   2.8898498010336836E-004
           6          20  -2.7644112532301097E-002
           6          21  -1.8683878947764197E-004
           6          22   2.4320169580182766E-005
           6          23  -2.7644441583506575E-002
           6          24  -2.6549962348254096E-002
           6          25   1.9513473277314684E-004
           6          26  -2.6550043281128779E-002
           6          27  -1.2615879290884358E-004
           6          28   1.6396120507509211E-005
           6          29  -2.6550295518030342E-002
           6          30  -2.6528477058374805E-011
           6          31  -6.7605117659342944E-012
           6          32  -8.2969579186675776E-011
           6          33   2.5038033301179484E-010
           6          34   6.7958596199115021E-011
           6          35  -8.0638616200853382E-013
           6          36   4.0603917469689527E-011
           6          37   1.5368166809245009E-010
           6          38  -4.7180144224780410E-011
           6          39  -3.7008996125379347E-010
           7           1   1.6438234467018169E-011
           7           2   6.4601940014063541E-011
           7           3 -0.72501349557983552     
           7           4   4.4475748516573551E-006
           7           5  -2.8753738560764478E-006
           7           6  -3.0746626777192807E-010
           7           7   2.1856546080741737     
           7           8  -1.2209217186643632E-005
           7           9   7.8934378871676850E-006
           7          10   1.5063312873181700E-010
           7          11   2.5070408009427850E-002
           7          12   1.6533896885679361E-005
           7          13  -1.0688092674580651E-005
           7          14  -1.6648798679297540E-011
           7          15  -6.4596925323886310E-003
           7          16  -4.1438727817674996E-006
           7          17   2.6787972316959281E-006
           7          18  -1.2022299534447576E-009
           7          19   5.2971438686256850E-010
           7          20   2.4433588286110708E-009
           7          21  -6.8292407627287857E-010
           7          22  -1.7882133380361738E-011
           7          23  -1.4090637886269979E-009
           7          24  -1.4892238527433368E-009
           7          25   1.7834097658483166E-010
           7          26   1.5116590554469066E-009
           7          27   1.4024012932393994E-010
           7          28  -2.7725804170038567E-011
           7          29  -2.7060735578188778E-010
           7          30   2.4837950859209576E-002
           7          31  -4.0033126816427701E-006
           7          32   1.0318765675068240E-002
           7          33   7.0358380913732186E-006
           7          34   2.5911199923350813E-006
           7          35  -1.2497809673323198E-007
           7          36  -6.1039098592626518E-007
           7          37   1.0318774829713282E-002
           7          38   9.4443267481091669E-007
           7          39  -4.5513905762045956E-006
           8           1   1.4065332265493044E-011
           8           2   3.4656067305470159E-011
           8           3   4.4475768130888665E-006
           8           4 -0.72501349650081459     
           8           5   3.7260551555312743E-007
           8           6  -5.3448454930151267E-010
           8           7  -1.2209217186643632E-005
           8           8   2.1856546104284642     
           8           9  -1.0241338621634093E-006
           8          10  -2.5764516814674953E-010
           8          11   1.6533937294789921E-005
           8          12   2.5070404354569094E-002
           8          13   1.3736754267921123E-006
           8          14  -2.2998466129357577E-010
           8          15  -4.1438851762247838E-006
           8          16  -6.4596915425300678E-003
           8          17  -3.4470411134060491E-007
           8          18   7.1263425356074164E-011
           8          19  -3.7517563409945398E-011
           8          20  -2.0678139965144641E-009
           8          21   2.2157246684722691E-012
           8          22  -6.1180608584843059E-010
           8          23   1.5569795562778174E-009
           8          24  -1.7462794492280639E-011
           8          25  -4.6264672245835433E-010
           8          26  -8.2090801094330047E-010
           8          27   4.6428915609681466E-012
           8          28   1.1315885746697190E-010
           8          29   5.6325927704926423E-010
           8          30   7.3860812769604123E-006
           8          31   1.0318769281601425E-002
           8          32  -4.4732142735966443E-006
           8          33   2.4837942488202428E-002
           8          34   8.1858826004886900E-008
           8          35   1.0834393569166240E-006
           8          36  -3.8156587193488662E-007
           8          37   9.4449919800516084E-007
           8          38   1.0318782543284404E-002
           8          39   6.2488600259847333E-007
           9           1  -2.3564151332662974E-011
           9           2  -4.9836770807313882E-011
           9           3  -2.8753725240047543E-006
           9           4   3.7260828409158276E-007
           9           5 -0.72501349999367981     
           9           6   8.4988631319159879E-010
           9           7   7.8934378871676850E-006
           9           8  -1.0241338621634093E-006
           9           9   2.1856546197037439     
           9          10   4.4433296465363676E-010
           9          11  -1.0688096416858055E-005
           9          12   1.3737309151052329E-006
           9          13   2.5070390876649182E-002
           9          14   7.3504561866534097E-010
           9          15   2.6787921632406668E-006
           9          16  -3.4472662600019554E-007
           9          17  -6.4596876662831784E-003
           9          18  -3.0355350138886351E-009
           9          19   2.7939628099306888E-011
           9          20   2.5683066017684364E-009
           9          21  -3.7621443398954201E-010
           9          22   6.9358436087061688E-010
           9          23   1.1447237122974484E-009
           9          24  -1.6756749242240909E-009
           9          25   1.2410595666112566E-011
           9          26   2.5728898895229016E-009
           9          27   3.2771336654516387E-010
           9          28  -2.0820059141174435E-010
           9          29  -5.3376607272123415E-010
           9          30  -4.7768400350592442E-006
           9          31   8.1872056803402146E-008
           9          32  -6.1048061520473634E-007
           9          33   6.2432579730066915E-007
           9          34   1.0318778808197374E-002
           9          35  -1.6770057852981974E-006
           9          36   1.0318783743235520E-002
           9          37   2.8937053173273914E-006
           9          38  -3.8072652446502923E-007
           9          39   2.4837932250236214E-002
          10           1   1.0283829636180165E-002
          10           2   3.3614115524885323E-002
          10           3  -6.0278403236783022E-011
          10           4   8.1458331374325666E-011
          10           5  -1.4709180282452208E-010
          10           6  -8.7154322483274246E-002
          10           7   1.5063312873181700E-010
          10           8  -2.5764516814674953E-010
          10           9   4.4433296465363676E-010
          10          10   7.5510900799817940E-002
          10          11  -1.8336828598213379E-010
          10          12  -8.7820124257294989E-011
          10          13   1.2813573015302600E-010
          10          14 -0.22781333748099819     
          10          15  -4.5567390908350062E-010
          10          16   6.3338496287240226E-010
          10          17  -3.5793129491607514E-010
          10          18   5.3710544399756819E-003
          10          19  -4.4303060969384621E-004
          10          20   5.3711870926899854E-003
          10          21   2.8638369657632215E-004
          10          22  -3.6756352512341310E-005
          10          23   5.3716890060917883E-003
          10          24   9.0907497607131873E-003
          10          25  -3.2144229670465945E-004
          10          26   9.0908594808013065E-003
          10          27   2.0778113851439869E-004
          10          28  -2.6609026364331144E-005
          10          29   9.0912444758293968E-003
          10          30   2.5698156659509478E-011
          10          31  -7.5805400750513050E-012
          10          32   1.1577997889390121E-010
          10          33  -1.2153753791791601E-010
          10          34  -9.1743409083807957E-011
          10          35   6.8806403561175664E-014
          10          36  -5.6331946404217626E-011
          10          37  -9.5082910824947738E-011
          10          38   8.0874190605455473E-011
          10          39   2.3418446666042565E-010
          11           1  -1.4231272873183752E-011
          11           2  -5.0471353184041832E-011
          11           3  -9.5885256335502961E-003
          11           4  -5.4621123459885560E-006
          11           5   3.5308904004547435E-006
          11           6   1.5790171940455272E-010
          11           7   2.5070408009427850E-002
          11           8   1.6533937294789921E-005
          11           9  -1.0688096416858055E-005
          11          10  -1.8336828598213379E-010
          11          11   3.0277891435585196E-004
          11          12   2.7122780495940918E-007
          11          13  -1.7533107569159211E-007
          11          14   5.6636540609992303E-010
          11          15  -7.7012039710101134E-005
          11          16  -7.2461944606428301E-008
          11          17   4.6842018715970298E-008
          11          18   1.6461336770854482E-009
          11          19  -9.1218482670624079E-010
          11          20  -1.3562008845317803E-008
          11          21   1.1782343501287998E-009
          11          22  -5.8065947376601488E-012
          11          23   1.1876023167215222E-008
          11          24   1.2690087214531109E-009
          11          25  -6.8519285013022011E-010
          11          26  -1.0626036221928689E-008
          11          27   8.9294204071208361E-010
          11          28  -4.4960754502703662E-012
          11          29   9.2875135074856229E-009
          11          30   4.1047482037977776E-004
          11          31   2.3344799137616641E-007
          11          32   3.7439909935813254E-005
          11          33  -2.6499136785578939E-007
          11          34  -1.5100643556982385E-007
          11          35   4.6985779758485371E-009
          11          36  -3.2649160285806099E-007
          11          37   3.7439266156260936E-005
          11          38   5.0499360860385385E-007
          11          39   1.7141001360028883E-007
          12           1  -4.0402945469344510E-012
          12           2  -1.3066542887677055E-011
          12           3  -5.4621074142372401E-006
          12           4  -9.5885244844548245E-003
          12           5  -4.5375795912558557E-007
          12           6   3.9147707948199595E-011
          12           7   1.6533896885679361E-005
          12           8   2.5070404354569094E-002
          12           9   1.3737309151052329E-006
          12          10  -8.7820124257294989E-011
          12          11   2.7122780495940918E-007
          12          12   3.0277872627092997E-004
          12          13   2.2487230777449295E-008
          12          14   2.5233160061895014E-010
          12          15  -7.2461972266173362E-008
          12          16  -7.7011989366653882E-005
          12          17  -6.0079347379104764E-009
          12          18   2.1316816001451445E-009
          12          19   5.9039533791520497E-010
          12          20   1.3267030695015025E-008
          12          21  -1.3274156369255493E-011
          12          22   1.0931133249276250E-009
          12          23  -1.5419104119929956E-008
          12          24   1.6604841114974816E-009
          12          25   4.3524992532989100E-010
          12          26   1.0383514756620665E-008
          12          27  -1.0459362125658061E-011
          12          28   8.2690191002423715E-010
          12          29  -1.2074770059494190E-008
          12          30  -2.0102096983827897E-007
          12          31   3.7439784982109457E-005
          12          32   1.4762638385059235E-007
          12          33   4.1047495120051915E-004
          12          34   4.2612589235433414E-008
          12          35  -2.7017284303464225E-008
          12          36   1.3953407845675557E-008
          12          37   5.0499020843740102E-007
          12          38   3.7438989089549619E-005
          12          39  -1.8527854052597489E-008
          13           1  -1.0834540005751616E-012
          13           2  -8.4544665905429011E-012
          13           3   3.5308895899851923E-006
          13           4  -4.5374297625623295E-007
          13           5  -9.5885201113964889E-003
          13           6   7.0996343816882430E-012
          13           7  -1.0688092674580651E-005
          13           8   1.3736754267921123E-006
          13           9   2.5070390876649182E-002
          13          10   1.2813573015302600E-010
          13          11  -1.7533107569159211E-007
          13          12   2.2487230777449295E-008
          13          13   3.0277837972947157E-004
          13          14  -3.6487104145289915E-010
          13          15   4.6841951296255740E-008
          13          16  -6.0080461552495932E-009
          13          17  -7.7011888499103865E-005
          13          18   1.1986529228592982E-008
          13          19  -2.1295011281203790E-011
          13          20   7.2799478251574704E-009
          13          21  -3.5394793266744839E-010
          13          22  -6.4586489707334348E-010
          13          23  -1.9237945406759024E-008
          13          24   9.3934968246134851E-009
          13          25  -1.7273478946987423E-011
          13          26   5.7102203229278562E-009
          13          27  -2.5674815302161793E-010
          13          28  -4.9393677141368810E-010
          13          29  -1.5060740176373367E-008
          13          30   1.2963890550291198E-007
          13          31   4.2612853365052151E-008
          13          32  -3.2648590315454595E-007
          13          33  -1.8504257637784030E-008
          13          34   3.7439119391148096E-005
          13          35   4.1641302943940682E-008
          13          36   3.7438801692292700E-005
          13          37  -9.4970294371082769E-008
          13          38   1.3921524982853176E-008
          13          39   4.1047523370779855E-004
          14           1  -1.5408280605934931E-002
          14           2  -5.5053575608733502E-002
          14           3   2.2714506179630634E-011
          14           4   8.8643504801955246E-011
          14           5  -2.5167760876691784E-010
          14           6  0.17979477657091900     
          14           7  -1.6648798679297540E-011
          14           8  -2.2998466129357577E-010
          14           9   7.3504561866534097E-010
          14          10 -0.22781333748099819     
          14          11   5.6636540609992303E-010
          14          12   2.5233160061895014E-010
          14          13  -3.6487104145289915E-010
          14          14  0.69064779949772981     
          14          15   1.3789694652325937E-009
          14          16  -1.9160280417539476E-009
          14          17   1.0789571051373517E-009
          14          18  -1.5262786471794569E-002
          14          19   2.3603494236984672E-004
          14          20  -1.5262731068273567E-002
          14          21  -1.5256537074375299E-004
          14          22   1.9448414359814341E-005
          14          23  -1.5262851761246530E-002
          14          24  -2.6774003280849792E-002
          14          25   1.4445150206484866E-004
          14          26  -2.6773972492151080E-002
          14          27  -9.3353351180703562E-005
          14          28   1.1740077315858357E-005
          14          29  -2.6774060281224418E-002
          14          30  -5.5915502079648020E-011
          14          31   2.5319016382708026E-011
          14          32  -3.6017806897502766E-010
          14          33   3.3975113496915317E-010
          14          34   2.6924026320464298E-010
          14          35  -5.2520169833538353E-013
          14          36   1.6191224298944122E-010
          14          37   2.7670535476066683E-010
          14          38  -2.4389606420101901E-010
          14          39  -6.4906157145530651E-010
          15           1  -3.3462836912899396E-011
          15           2  -1.1757220279392891E-010
          15           3   2.6635894194716589E-003
          15           4   1.3634979302744034E-006
          15           5  -8.8142530345973278E-007
          15           6   3.7093031984626043E-010
          15           7  -6.4596925323886310E-003
          15           8  -4.1438851762247838E-006
          15           9   2.6787921632406668E-006
          15          10  -4.5567390908350062E-010
          15          11  -7.7012039710101134E-005
          15          12  -7.2461972266173362E-008
          15          13   4.6841951296255740E-008
          15          14   1.3789694652325937E-009
          15          15   1.9691565086855925E-005
          15          16   1.9392704727372373E-008
          15          17  -1.2536122505238642E-008
          15          18   3.8315547552404823E-009
          15          19   6.5517678557282385E-011
          15          20  -8.7822500746792611E-009
          15          21  -1.3370838484909487E-010
          15          22   7.9811521389890925E-012
          15          23   4.8592876823932578E-009
          15          24   2.9686788478093633E-009
          15          25   4.9951968907554358E-011
          15          26  -6.8966762400073884E-009
          15          27  -1.0197461889687426E-010
          15          28   6.0470450924614343E-012
          15          29   3.7680667770471211E-009
          15          30  -9.6283565504121272E-005
          15          31  -7.0368706636754019E-008
          15          32  -1.6145298233496549E-005
          15          33   6.7993559217391967E-008
          15          34   4.5500931102430059E-008
          15          35  -7.5691359400865011E-010
          15          36   7.9839399073353618E-008
          15          37  -1.6145136950864883E-005
          15          38  -1.2350519659524053E-007
          15          39  -4.3963723638210934E-008
          16           1   4.7453625732142653E-011
          16           2   1.6725522934131173E-010
          16           3   1.3634978827250412E-006
          16           4   2.6635891250200825E-003
          16           5   1.1341805128789418E-007
          16           6  -5.2231889425229485E-010
          16           7  -4.1438727817674996E-006
          16           8  -6.4596915425300678E-003
          16           9  -3.4472662600019554E-007
          16          10   6.3338496287240226E-010
          16          11  -7.2461944606428301E-008
          16          12  -7.7011989366653882E-005
          16          13  -6.0080461552495932E-009
          16          14  -1.9160280417539476E-009
          16          15   1.9392704727372373E-008
          16          16   1.9691551596330377E-005
          16          17   1.6076887610654720E-009
          16          18  -4.1851506574740872E-009
          16          19   6.7617171089485352E-011
          16          20  -5.8280580248654119E-009
          16          21   5.3193204624009159E-012
          16          22  -1.7753053822683065E-010
          16          23   1.0142403995300172E-008
          16          24  -3.2317694389264766E-009
          16          25   5.3075425499085944E-011
          16          26  -4.5199979082380417E-009
          16          27   4.1984392211649988E-012
          16          28  -1.3494055447627309E-010
          16          29   7.9759902051634499E-009
          16          30   5.6206862891922620E-008
          16          31  -1.6145256668914342E-005
          16          32  -5.4556096144284684E-008
          16          33  -9.6283608198502574E-005
          16          34  -1.0315594251886688E-008
          16          35   3.8747770220872328E-009
          16          36  -4.8032393212599747E-009
          16          37  -1.2350431024833617E-007
          16          38  -1.6145059287321989E-005
          16          39   4.9270532456282442E-009
          17           1  -2.3989624541849257E-011
          17           2  -8.3330845881221474E-011
          17           3  -8.8142794745910011E-007
          17           4   1.1341308088343567E-007
          17           5   2.6635878911526558E-003
          17           6   2.6673228342458165E-010
          17           7   2.6787972316959281E-006
          17           8  -3.4470411134060491E-007
          17           9  -6.4596876662831784E-003
          17          10  -3.5793129491607514E-010
          17          11   4.6842018715970298E-008
          17          12  -6.0079347379104764E-009
          17          13  -7.7011888499103865E-005
          17          14   1.0789571051373517E-009
          17          15  -1.2536122505238642E-008
          17          16   1.6076887610654720E-009
          17          17   1.9691522688127093E-005
          17          18  -3.8215981085411784E-010
          17          19  -3.6800314058182196E-012
          17          20   4.9428516296479207E-009
          17          21   1.6055796059455840E-010
          17          22  -6.4846473367101645E-011
          17          23  -4.6339576378857952E-009
          17          24  -3.2465820154644258E-010
          17          25  -3.1194180842930573E-012
          17          26   3.8405912032599302E-009
          17          27   1.1806648314440974E-010
          17          28  -4.6307180498130556E-011
          17          29  -3.6421147069706239E-009
          17          30  -3.6269623006866872E-008
          17          31  -1.0315649659981967E-008
          17          32   7.9837977873060522E-008
          17          33   4.9235402225633834E-009
          17          34  -1.6145086352315756E-005
          17          35  -5.9625111641633743E-009
          17          36  -1.6145006366649621E-005
          17          37   3.5179793070252838E-008
          17          38  -4.7982630349012155E-009
          17          39  -9.6283669022243149E-005
          18           1   2.7526392217769140E-002
          18           2   1.6338442420814385E-002
          18           3   4.2549672048754976E-010
          18           4   2.7223858379265218E-010
          18           5   1.4370871280742242E-009
          18           6  -2.7644019912515326E-002
          18           7  -1.2022299534447576E-009
          18           8   7.1263425356074164E-011
          18           9  -3.0355350138886351E-009
          18          10   5.3710544399756819E-003
          18          11   1.6461336770854482E-009
          18          12   2.1316816001451445E-009
          18          13   1.1986529228592982E-008
          18          14  -1.5262786471794569E-002
          18          15   3.8315547552404823E-009
          18          16  -4.1851506574740872E-009
          18          17  -3.8215981085411784E-010
          18          18  0.44666870705253359     
          18          19   1.9815166769814280E-005
          18          20 -0.22199082516589608     
          18          21  -1.2776859233795118E-005
          18          22   7.1270357034020824E-007
          18          23 -0.22199080787151304     
          18          24  0.34948981179431360     
          18          25   3.2748438488376446E-006
          18          26 -0.17347319491859395     
          18          27  -2.1032496844140033E-006
          18          28   3.2098568290761783E-006
          18          29 -0.17347321445574868     
          18          30   4.0086936544438712E-010
          18          31  -7.8400300917521082E-010
          18          32  -8.7991990673071319E-010
          18          33  -3.0409772185453621E-011
          18          34  -1.4606709353269131E-012
          18          35   6.9135795505109305E-010
          18          36  -6.3481144976239408E-010
          18          37   6.8699049792739824E-010
          18          38  -5.8567082849428022E-010
          18          39  -6.1855256621813693E-010
          19           1  -2.2263893821697866E-005
          19           2  -9.3780392655490804E-005
          19           3  -1.9680917098420058E-010
          19           4   3.5731895263608190E-011
          19           5  -1.1569774214343928E-011
          19           6   2.8898498010336836E-004
          19           7   5.2971438686256850E-010
          19           8  -3.7517563409945398E-011
          19           9   2.7939628099306888E-011
          19          10  -4.4303060969384621E-004
          19          11  -9.1218482670624079E-010
          19          12   5.9039533791520497E-010
          19          13  -2.1295011281203790E-011
          19          14   2.3603494236984672E-004
          19          15   6.5517678557282385E-011
          19          16   6.7617171089485352E-011
          19          17  -3.6800314058182196E-012
          19          18   1.9815166769814280E-005
          19          19  0.46109830794538265     
          19          20   2.4918476427609028E-005
          19          21  -6.9909357632606406E-007
          19          22   8.3556247722278702E-006
          19          23   9.1701040899271839E-006
          19          24   3.2601595469328070E-005
          19          25  0.34593510427782753     
          19          26   3.1616864527273951E-005
          19          27   4.3907560505166327E-007
          19          28  -1.6211928664555028E-006
          19          29   3.0893632462674020E-005
          19          30  -6.1299133527011963E-011
          19          31   3.6530237176690894E-011
          19          32  -8.5043932381987618E-011
          19          33   3.6015469961161987E-011
          19          34  -5.7268179522412528E-013
          19          35   1.3602827488621527E-010
          19          36  -1.5566966044666110E-012
          19          37  -3.7917001216943319E-011
          19          38  -2.2179067109453249E-011
          19          39   3.0688825364520373E-012
          20           1   2.7526399422678122E-002
          20           2   1.6338475179596353E-002
          20           3  -1.1653873945347148E-009
          20           4   1.0972687220152715E-009
          20           5  -6.2693306474680118E-010
          20           6  -2.7644112532301097E-002
          20           7   2.4433588286110708E-009
          20           8  -2.0678139965144641E-009
          20           9   2.5683066017684364E-009
          20          10   5.3711870926899854E-003
          20          11  -1.3562008845317803E-008
          20          12   1.3267030695015025E-008
          20          13   7.2799478251574704E-009
          20          14  -1.5262731068273567E-002
          20          15  -8.7822500746792611E-009
          20          16  -5.8280580248654119E-009
          20          17   4.9428516296479207E-009
          20          18 -0.22199082516589608     
          20          19   2.4918476427609028E-005
          20          20  0.44666866497054436     
          20          21  -5.9116183671295737E-006
          20          22   1.9144040475092453E-006
          20          23 -0.22199079351679268     
          20          24 -0.17347320879887368     
          20          25   2.2880607261831990E-006
          20          26  0.34948977810610704     
          20          27  -2.4245444233278197E-005
          20          28   2.1043299506679964E-007
          20          29 -0.17347322850274957     
          20          30  -1.0536402473965036E-009
          20          31  -6.8930622886193485E-010
          20          32   6.2861381360719980E-010
          20          33  -6.6119095138474808E-010
          20          34  -1.4926703093292714E-009
          20          35   1.1430310971318255E-009
          20          36  -1.4134234318731855E-009
          20          37  -9.2110976976769299E-011
          20          38  -1.0600105498396462E-009
          20          39  -1.5304941831127792E-009
          21           1   1.4394319478264969E-005
          21           2   6.0631673377732144E-005
          21           3   2.5637688192508587E-010
          21           4  -9.1720865161760027E-013
