           1           1   2.1708486329528016     
           1           2 -0.64872262683390414     
           1           3   1.3133124784364071E-011
           1           4   1.3007868555198051E-010
           1           5   1.7314211349235180E-011
           1           6 -0.15611351106398674     
           1           7  -3.9393841315092069E-011
           1           8  -1.7142499886985819E-011
           1           9  -4.8843594731357765E-011
           1          10  -1.3734356798159339E-002
           1          11  -5.0825077514501819E-011
           1          12  -9.6508561534703475E-012
           1          13  -4.0674406414065364E-013
           1          14  -8.2911782431891075E-003
           1          15   5.1956035688810233E-012
           1          16   1.1634825460109898E-012
           1          17   1.1137299957072522E-011
           1          18   1.7310420930512452E-002
           1          19   6.7451026375732324E-009
           1          20   1.7310333058239480E-002
           1          21   3.4218286282811761E-010
           1          22   4.3008166468868745E-009
           1          23   1.7310421155682813E-002
           1          24   1.9885442478659063E-003
           1          25   7.1657528762705160E-009
           1          26   1.9884509004838660E-003
           1          27   3.6672597171472015E-010
           1          28   4.5679820769081216E-009
           1          29   1.9885444876902641E-003
           1          30   7.7207993234289696E-004
           1          31   1.7584371169773007E-008
           1          32   7.7185096913578283E-004
           1          33   9.0345275274595505E-010
           1          34   1.1212628255081164E-008
           1          35   7.7208052411215176E-004
           2           1 -0.64872262683390414     
           2           2   2.4666289752688604     
           2           3  -3.7680371519881354E-011
           2           4  -6.2627103028647031E-010
           2           5  -5.8468707487892544E-011
           2           6  0.84135482910924653     
           2           7   1.5691245788078930E-010
           2           8   1.1788748672677699E-010
           2           9   1.9477748876270392E-010
           2          10   6.0265825211345374E-002
           2          11   2.2383431870371723E-010
           2          12   4.2342739044405592E-011
           2          13   4.0525262720387647E-012
           2          14   3.7148207079706029E-002
           2          15  -2.4112517374486099E-011
           2          16  -5.5294916973105045E-012
           2          17  -4.9520221424136981E-011
           2          18  -5.4985068136768735E-003
           2          19  -2.9084083956717614E-008
           2          20  -5.4981279298704222E-003
           2          21  -1.4750858372701654E-009
           2          22  -1.8545553833636770E-008
           2          23  -5.4985077849231947E-003
           2          24  -4.2715330819912429E-003
           2          25  -3.1186537376337262E-008
           2          26  -4.2711268164734939E-003
           2          27  -1.5959010466288777E-009
           2          28  -1.9880552726861571E-008
           2          29  -4.2715341256733463E-003
           2          30  -4.0435299500626810E-003
           2          31  -7.6859030443974903E-008
           2          32  -4.0425291648867713E-003
           2          33  -3.9490743382707477E-009
           2          34  -4.9008669926117511E-008
           2          35  -4.0435325359060451E-003
           3           1   1.3133124784364071E-011
           3           2  -3.7680371519881354E-011
           3           3   2.1903174182905198     
           3           4   1.3092053908001269E-009
           3           5   6.5126531060565860E-011
           3           6  -1.8549975101161030E-010
           3           7 -0.64542376532285228     
           3           8  -4.9438140595238132E-009
           3           9  -2.6984085395496427E-010
           3          10   1.6622108764686696E-010
           3          11  -3.5580962451858904E-003
           3          12   1.2127222527324340E-008
           3          13   8.4492711508550749E-010
           3          14  -3.9726390651557852E-010
           3          15   1.1936881342231168E-003
           3          16  -2.9625889823217841E-009
           3          17  -3.6539079876524761E-010
           3          18  -2.6128573925406288E-010
           3          19   1.6683464486437740E-010
           3          20   1.7372035605790292E-010
           3          21   2.4919788567427681E-010
           3          22   6.5916083794871375E-011
           3          23   7.0402796853405698E-011
           3          24  -1.1717677171114613E-010
           3          25   1.3470151049248165E-011
           3          26   1.1574325002822005E-010
           3          27   9.8551635245836636E-011
           3          28  -4.3199851517460573E-011
           3          29  -1.9558253019938867E-010
           3          30   2.1447984577429006E-010
           3          31  -5.2234030850593162E-011
           3          32   5.2540743032378385E-011
           3          33  -1.4888643142823968E-010
           3          34   5.1191291590797702E-011
           3          35   2.3296755810055246E-010
           4           1   1.3007868555198051E-010
           4           2  -6.2627103028647031E-010
           4           3   1.3092053908001269E-009
           4           4   2.1903173987110156     
           4           5   9.0714518535742109E-010
           4           6   2.4691474827372373E-009
           4           7  -5.0142366786492827E-009
           4           8 -0.64542368989110632     
           4           9  -3.3823809742592916E-009
           4          10   1.4906286172555110E-009
           4          11   1.1535456557159086E-008
           4          12  -3.5582804220491084E-003
           4          13   7.5521650902995521E-009
           4          14   1.6041369782648700E-009
           4          15  -2.7492937822820714E-009
           4          16   1.1937336757125790E-003
           4          17  -2.0361603715042035E-009
           4          18   6.9000923166543010E-010
           4          19  -6.8216368477344343E-011
           4          20   1.3390545928414146E-009
           4          21   7.5452386789912549E-011
           4          22  -2.4833647697693841E-010
           4          23   1.2530480634314510E-009
           4          24  -3.8171769554548484E-010
           4          25   9.9703175946320244E-011
           4          26  -7.2677743257218912E-010
           4          27  -6.7804648786864562E-011
           4          28  -2.2295942507293370E-010
           4          29  -6.6155132523434478E-010
           4          30  -1.2462738000840211E-009
           4          31  -6.5641373774267811E-011
           4          32  -6.2189118702455217E-010
           4          33   4.5409216705338096E-010
           4          34  -2.7239636969831593E-010
           4          35  -9.8739684095154981E-010
           5           1   1.7314211349235180E-011
           5           2  -5.8468707487892544E-011
           5           3   6.5126531060565860E-011
           5           4   9.0714518535742109E-010
           5           5   2.1903174183659502     
           5           6  -1.1559450498608147E-010
           5           7  -2.4900789532813633E-010
           5           8  -3.2179603062063883E-009
           5           9 -0.64542376559639625     
           5          10   9.0913799245153665E-011
           5          11   5.8743995095024604E-010
           5          12   7.7281318480146255E-009
           5          13  -3.5580955975633936E-003
           5          14  -5.0660103593362991E-010
           5          15  -2.1874485383530703E-010
           5          16  -1.8920886316932488E-009
           5          17   1.1936879196026691E-003
           5          18   2.5159313967297310E-011
           5          19   1.1837303440631523E-010
           5          20   2.3184694738170834E-010
           5          21   2.5919378883053137E-010
           5          22  -3.8198567142054481E-011
           5          23  -1.4432715992517107E-010
           5          24   1.1928842724694563E-010
           5          25   4.4683448164778929E-012
           5          26   8.5911356584614471E-011
           5          27   1.3398132329257071E-010
           5          28  -9.7508446899088098E-011
           5          29  -3.6254108933014114E-010
           5          30   1.5940660370455228E-010
           5          31  -1.1644043986997231E-010
           5          32   9.4449497434473678E-011
           5          33  -1.4395185608261054E-010
           5          34   3.9377708928307849E-011
           5          35   2.8292729552244481E-010
           6           1 -0.15611351106398674     
           6           2  0.84135482910924653     
           6           3  -1.8549975101161030E-010
           6           4   2.4691474827372373E-009
           6           5  -1.1559450498608147E-010
           6           6   2.3409762059079524     
           6           7  -3.7049821427214881E-010
           6           8  -6.6926737764423203E-010
           6           9  -3.6446611959599979E-010
           6          10  0.15340040276172076     
           6          11   6.6221996901213582E-010
           6          12   1.0617864774185184E-010
           6          13   1.0928429432255998E-011
           6          14  0.10494077702571038     
           6          15  -7.2941160240434359E-011
           6          16  -7.8936149461275143E-012
           6          17  -1.5128225073001911E-010
           6          18   3.6806000297052652E-005
           6          19  -8.2162627694222542E-008
           6          20   3.7876349723851930E-005
           6          21  -4.1702793928241040E-009
           6          22  -5.2392382588051710E-008
           6          23   3.6803260346670186E-005
           6          24  -1.5014190951794021E-003
           6          25  -9.1713995452338707E-008
           6          26  -1.5002243237181726E-003
           6          27  -4.6897262219036729E-009
           6          28  -5.8465610218308419E-008
           6          29  -1.5014221654009632E-003
           6          30  -2.5556356027550821E-003
           6          31  -2.2989858257091800E-007
           6          32  -2.5526420686810786E-003
           6          33  -1.1811664099137936E-008
           6          34  -1.4659313121428342E-007
           6          35  -2.5556433374596711E-003
           7           1  -3.9393841315092069E-011
           7           2   1.5691245788078930E-010
           7           3 -0.64542376532285228     
           7           4  -5.0142366786492827E-009
           7           5  -2.4900789532813633E-010
           7           6  -3.7049821427214881E-010
           7           7   2.1899183935778241     
           7           8   1.8761542069933630E-008
           7           9   1.0008734924746426E-009
           7          10  -1.2263322108438321E-009
           7          11   6.0681272738848449E-004
           7          12  -4.0716124472638447E-008
           7          13  -2.8030413410194882E-009
           7          14   8.9325503186227355E-010
           7          15   1.9733279178189345E-003
           7          16   1.0158152891545564E-008
           7          17   1.2717599189745674E-009
           7          18   8.4613752107206707E-010
           7          19  -4.8713731091541250E-010
           7          20  -1.2131000601589541E-009
           7          21  -5.2200804247164245E-010
           7          22  -1.6726589902972629E-010
           7          23  -8.5698235258027670E-010
           7          24   3.8972234464227114E-010
           7          25  -6.5902726579708423E-011
           7          26  -1.1053177357168829E-010
           7          27  -4.4961411701979963E-010
           7          28   2.2605985383866543E-010
           7          29   9.0078667180326925E-010
           7          30  -2.8779999221299200E-010
           7          31   1.6662652290975792E-010
           7          32   1.6277804506359303E-011
           7          33   4.3631002562012725E-010
           7          34  -1.5021459211066915E-010
           7          35  -4.7475020082156861E-010
           8           1  -1.7142499886985819E-011
           8           2   1.1788748672677699E-010
           8           3  -4.9438140595238132E-009
           8           4 -0.64542368989110632     
           8           5  -3.2179603062063883E-009
           8           6  -6.6926737764423203E-010
           8           7   1.8761542069933630E-008
           8           8   2.1899181078543002     
           8           9   1.1970521504577869E-008
           8          10   1.3113922836265362E-009
           8          11  -4.0454923593144952E-008
           8          12   6.0743108046131672E-004
           8          13  -2.5485843202116951E-008
           8          14   2.7195968012576214E-010
           8          15   1.0279315436452387E-008
           8          16   1.9731718069796404E-003
           8          17   5.6796928988569786E-009
           8          18  -4.3290333129699844E-010
           8          19   3.1657347111711799E-010
           8          20  -1.4985844724843096E-010
           8          21  -1.9830429249580993E-011
           8          22   4.1939118135629085E-010
           8          23  -7.8611594969242873E-010
           8          24  -3.9100589688013882E-010
           8          25  -4.7178868855739922E-010
           8          26  -3.3632495439101870E-010
           8          27  -3.0439648858339797E-010
           8          28   9.0274567060310458E-011
           8          29   2.9663159512978289E-010
           8          30  -8.6062909107114950E-010
           8          31  -1.0597086591559575E-010
           8          32  -5.4018252415034910E-010
           8          33  -4.7745994953493578E-011
           8          34   4.1530733941114618E-010
           8          35  -4.3089480804295247E-010
           9           1  -4.8843594731357765E-011
           9           2   1.9477748876270392E-010
           9           3  -2.6984085395496427E-010
           9           4  -3.3823809742592916E-009
           9           5 -0.64542376559639625     
           9           6  -3.6446611959599979E-010
           9           7   1.0008734924746426E-009
           9           8   1.1970521504577869E-008
           9           9   2.1899183945735361     
           9          10  -7.3920295201676704E-010
           9          11  -1.8951085706995058E-009
           9          12  -2.5944405165920193E-008
           9          13   6.0681046795436726E-004
           9          14   1.4429347386861991E-009
           9          15   7.1211750271871669E-010
           9          16   6.4870556949305260E-009
           9          17   1.9733287032394397E-003
           9          18  -5.7152479075638630E-010
           9          19  -3.5930487551037110E-010
           9          20  -1.2988593759459290E-009
           9          21  -5.5448242852414745E-010
           9          22   1.9853074178333049E-010
           9          23   4.7182921457195309E-010
           9          24  -2.1962353647836639E-010
           9          25  -2.5498555137179428E-011
           9          26  -7.3951643018027095E-011
           9          27  -5.7769106338645020E-010
           9          28   3.7781356097843632E-010
           9          29   1.2036190301977570E-009
           9          30  -2.8284591648020689E-010
           9          31   3.6989788604761414E-010
           9          32  -1.7781389908894579E-010
           9          33   4.5448058418384828E-010
           9          34  -1.1676480313093709E-010
           9          35  -6.5390481866091158E-010
          10           1  -1.3734356798159339E-002
          10           2   6.0265825211345374E-002
          10           3   1.6622108764686696E-010
          10           4   1.4906286172555110E-009
          10           5   9.0913799245153665E-011
          10           6  0.15340040276172076     
          10           7  -1.2263322108438321E-009
          10           8   1.3113922836265362E-009
          10           9  -7.3920295201676704E-010
          10          10  0.37452585261956256     
          10          11   1.2315123012983703E-009
          10          12   1.0898432814971157E-010
          10          13  -3.5979001784794689E-010
          10          14  0.27012402772097094     
          10          15   7.9329018791950267E-011
          10          16   6.8642476460419886E-011
          10          17  -1.7015522232397540E-010
          10          18  -5.3505658895903053E-004
          10          19  -1.3090931482575196E-007
          10          20  -5.3335129357972807E-004
          10          21  -6.6624082136111137E-009
          10          22  -8.3461994760427257E-008
          10          23  -5.3506096631449572E-004
          10          24  -3.2909679287965556E-004
          10          25  -1.9869898095947951E-007
          10          26  -3.2650807006393500E-004
          10          27  -1.0102282286211428E-008
          10          28  -1.2667931959131384E-007
          10          29  -3.2910344361294626E-004
          10          30  -1.2328076945548877E-004
          10          31  -6.0845836681750330E-007
          10          32  -1.1535778442326895E-004
          10          33  -3.1229211185583713E-008
          10          34  -3.8797777158448479E-007
          10          35  -1.2330125460333275E-004
          11           1  -5.0825077514501819E-011
          11           2   2.2383431870371723E-010
          11           3  -3.5580962451858904E-003
          11           4   1.1535456557159086E-008
          11           5   5.8743995095024604E-010
          11           6   6.6221996901213582E-010
          11           7   6.0681272738848449E-004
          11           8  -4.0454923593144952E-008
          11           9  -1.8951085706995058E-009
          11          10   1.2315123012983703E-009
          11          11   5.2477578250523608E-005
          11          12  -6.6910664550706381E-010
          11          13  -4.1186033940373377E-011
          11          14   8.9744025817546567E-010
          11          15  -1.7402809993320379E-005
          11          16   1.8080683803225220E-010
          11          17   1.4902158550323707E-011
          11          18  -4.2841124639368990E-012
          11          19   2.2781808249562386E-012
          11          20  -8.6032698424261278E-012
          11          21   1.9667931852123655E-011
          11          22  -7.5451051265863266E-013
          11          23  -8.4772360954345464E-012
          11          24  -7.1083427321240469E-012
          11          25   1.1711680168065901E-012
          11          26  -6.2459147150715344E-012
          11          27   5.7706379453136888E-012
          11          28   6.7086059467943493E-013
          11          29  -4.1527562839008080E-012
          11          30  -5.5133716902877801E-012
          11          31   2.2127174866119926E-012
          11          32  -6.7291569015938327E-012
          11          33   1.6560186528396546E-012
          11          34  -1.1772090529918352E-012
          11          35  -6.7587442486146372E-012
          12           1  -9.6508561534703475E-012
          12           2   4.2342739044405592E-011
          12           3   1.2127222527324340E-008
          12           4  -3.5582804220491084E-003
          12           5   7.7281318480146255E-009
          12           6   1.0617864774185184E-010
          12           7  -4.0716124472638447E-008
          12           8   6.0743108046131672E-004
          12           9  -2.5944405165920193E-008
          12          10   1.0898432814971157E-010
          12          11  -6.6910664550706381E-010
          12          12   5.2487708684768408E-005
          12          13  -4.2379004621070516E-010
          12          14   7.5086612364804633E-011
          12          15   1.8228093710667808E-010
          12          16  -1.7405562055180023E-005
          12          17   1.1216217081499358E-010
          12          18  -1.2087369927058261E-012
          12          19   1.3328125604904909E-011
          12          20  -8.7224775792169644E-013
          12          21   1.1843838511672214E-013
          12          22   1.2522080862577863E-011
          12          23  -8.6552115437870875E-012
          12          24   5.3181680398921363E-013
          12          25   2.1031206872300237E-012
          12          26   2.9418152008810258E-012
          12          27  -9.0599362225557945E-013
          12          28   3.8799748267925339E-012
          12          29   1.5482024993885455E-013
          12          30  -1.3936991369797304E-012
          12          31   5.3149789379032364E-013
          12          32  -7.7189539620163463E-013
          12          33  -6.2509891576155125E-013
          12          34   1.9781341310661570E-012
          12          35  -3.3231260244840919E-013
          13           1  -4.0674406414065364E-013
          13           2   4.0525262720387647E-012
          13           3   8.4492711508550749E-010
          13           4   7.5521650902995521E-009
          13           5  -3.5580955975633936E-003
          13           6   1.0928429432255998E-011
          13           7  -2.8030413410194882E-009
          13           8  -2.5485843202116951E-008
          13           9   6.0681046795436726E-004
          13          10  -3.5979001784794689E-010
          13          11  -4.1186033940373377E-011
          13          12  -4.2379004621070516E-010
          13          13   5.2477541148267560E-005
          13          14  -2.4919421069608715E-010
          13          15   1.1332057147685878E-011
          13          16   1.1381910455319479E-010
          13          17  -1.7402797395032498E-005
          13          18  -5.4784143940347321E-012
          13          19   3.0184397647983432E-013
          13          20  -6.7252928159375578E-012
          13          21   2.0426499265832571E-011
          13          22  -5.6524469363603750E-012
          13          23  -1.2091336497206858E-012
          13          24  -3.4445744018632258E-012
          13          25   6.6912028092976300E-013
          13          26  -4.5683131362501852E-012
          13          27   6.1433321951050185E-012
          13          28  -9.1657340698442243E-013
          13          29  -2.6838133345806146E-012
          13          30  -4.3885575831196007E-012
          13          31   1.3319842915603305E-012
          13          32  -5.4620885750829485E-012
          13          33   1.4488991087205990E-012
          13          34  -1.0496122072877977E-012
          13          35  -5.7484288665157124E-012
          14           1  -8.2911782431891075E-003
          14           2   3.7148207079706029E-002
          14           3  -3.9726390651557852E-010
          14           4   1.6041369782648700E-009
          14           5  -5.0660103593362991E-010
          14           6  0.10494077702571038     
          14           7   8.9325503186227355E-010
          14           8   2.7195968012576214E-010
          14           9   1.4429347386861991E-009
          14          10  0.27012402772097094     
          14          11   8.9744025817546567E-010
          14          12   7.5086612364804633E-011
          14          13  -2.4919421069608715E-010
          14          14  0.19485193090656516     
          14          15   5.6032454072937970E-011
          14          16   5.0145974085576046E-011
          14          17  -1.2416614502246950E-010
          14          18  -3.6936129438287356E-004
          14          19  -9.4396255943995752E-008
          14          20  -3.6813163897106139E-004
          14          21  -4.8042310491401081E-009
          14          22  -6.0182822308824685E-008
          14          23  -3.6936445068626664E-004
          14          24  -2.2358880494857523E-004
          14          25  -1.4329415226611418E-007
          14          26  -2.2172191623418016E-004
          14          27  -7.2852806620872086E-009
          14          28  -9.1356336974480637E-008
          14          29  -2.2359360120876077E-004
          14          30  -7.4598088560310364E-005
          14          31  -4.3892969381766449E-007
          14          32  -6.8882605405078454E-005
          14          33  -2.2528088251655811E-008
          14          34  -2.7987940259252309E-007
          14          35  -7.4612866161223105E-005
          15           1   5.1956035688810233E-012
          15           2  -2.4112517374486099E-011
          15           3   1.1936881342231168E-003
          15           4  -2.7492937822820714E-009
          15           5  -2.1874485383530703E-010
          15           6  -7.2941160240434359E-011
          15           7   1.9733279178189345E-003
          15           8   1.0279315436452387E-008
          15           9   7.1211750271871669E-010
          15          10   7.9329018791950267E-011
          15          11  -1.7402809993320379E-005
          15          12   1.8228093710667808E-010
          15          13   1.1332057147685878E-011
          15          14   5.6032454072937970E-011
          15          15   8.1502057134094415E-006
          15          16  -5.3105169631331554E-011
          15          17  -3.7010041565376144E-012
          15          18   1.3535804938058190E-012
          15          19  -1.2052704026892876E-012
          15          20   6.4317203781634381E-013
          15          21  -6.7935985128275740E-012
          15          22   8.2141673542985229E-014
          15          23   9.5377859625544950E-013
          15          24   2.1974174068515425E-012
          15          25  -4.4328092758141242E-013
          15          26   1.4583880895264652E-012
          15          27  -2.3082094944929062E-012
          15          28   1.6544759230228544E-014
          15          29   1.7801667555497357E-012
          15          30   1.3827883600712893E-012
          15          31  -5.4677984294997259E-013
          15          32   2.0588505549123730E-012
          15          33  -1.0643013395415238E-013
          15          34   2.3086530083130921E-013
          15          35   1.5845262118265473E-012
          16           1   1.1634825460109898E-012
          16           2  -5.5294916973105045E-012
          16           3  -2.9625889823217841E-009
          16           4   1.1937336757125790E-003
          16           5  -1.8920886316932488E-009
          16           6  -7.8936149461275143E-012
          16           7   1.0158152891545564E-008
          16           8   1.9731718069796404E-003
          16           9   6.4870556949305260E-009
          16          10   6.8642476460419886E-011
          16          11   1.8080683803225220E-010
          16          12  -1.7405562055180023E-005
          16          13   1.1381910455319479E-010
          16          14   5.0145974085576046E-011
          16          15  -5.3105169631331554E-011
          16          16   8.1510120908995608E-006
          16          17  -3.3287420167202146E-011
          16          18   3.8546439051676966E-014
          16          19  -3.9539014950426428E-012
          16          20   4.6547566662191861E-013
          16          21  -3.3464722961744353E-014
          16          22  -3.6455009631193841E-012
          16          23   2.2371162753283414E-012
          16          24  -7.9320844658651281E-013
          16          25  -1.1554834324349665E-012
          16          26  -1.6257215355893381E-012
          16          27  -6.5367046933789098E-014
          16          28  -1.2235513481537417E-012
          16          29  -1.8279123356048203E-014
          16          30  -9.3011313934704802E-013
          16          31  -3.0922853693842777E-013
          16          32  -5.6070801764620028E-013
          16          33   3.0598596711043764E-013
          16          34  -2.7564991515577058E-013
          16          35  -7.1136039039779487E-013
          17           1   1.1137299957072522E-011
          17           2  -4.9520221424136981E-011
          17           3  -3.6539079876524761E-010
          17           4  -2.0361603715042035E-009
          17           5   1.1936879196026691E-003
          17           6  -1.5128225073001911E-010
          17           7   1.2717599189745674E-009
          17           8   5.6796928988569786E-009
          17           9   1.9733287032394397E-003
          17          10  -1.7015522232397540E-010
          17          11   1.4902158550323707E-011
          17          12   1.1216217081499358E-010
          17          13  -1.7402797395032498E-005
          17          14  -1.2416614502246950E-010
          17          15  -3.7010041565376144E-012
          17          16  -3.3287420167202146E-011
          17          17   8.1502015751527859E-006
          17          18   1.3166389361329527E-012
          17          19  -4.4813006571336299E-013
          17          20   9.9254807213667952E-013
          17          21  -7.0689423393508393E-012
          17          22   2.0170414848268609E-012
          17          23   1.0276562759205811E-012
          17          24   1.0513138630734212E-012
          17          25  -2.4081358590415707E-013
          17          26   1.5574008067350922E-012
          17          27  -2.5553566671578337E-012
          17          28   6.7300000832258187E-013
          17          29   2.1946771516748486E-012
          17          30   1.1995007058011775E-012
          17          31  -6.3236891432536601E-014
          17          32   1.6300554063361790E-012
          17          33  -1.8357976652994996E-014
          17          34   2.2315106594921923E-013
          17          35   1.2733282944201320E-012
          18           1   1.7310420930512452E-002
          18           2  -5.4985068136768735E-003
          18           3  -2.6128573925406288E-010
          18           4   6.9000923166543010E-010
          18           5   2.5159313967297310E-011
          18           6   3.6806000297052652E-005
          18           7   8.4613752107206707E-010
          18           8  -4.3290333129699844E-010
          18           9  -5.7152479075638630E-010
          18          10  -5.3505658895903053E-004
          18          11  -4.2841124639368990E-012
          18          12  -1.2087369927058261E-012
          18          13  -5.4784143940347321E-012
          18          14  -3.6936129438287356E-004
          18          15   1.3535804938058190E-012
          18          16   3.8546439051676966E-014
          18          17   1.3166389361329527E-012
          18          18   1.4758232392733417E-004
          18          19   1.2109892165399806E-010
          18          20   1.4758074501851934E-004
          18          21   6.0756839622175001E-012
          18          22   7.7255815142355025E-011
          18          23   1.4758232817103117E-004
          18          24   2.0656338842794602E-005
          18          25   2.7336674661428364E-010
          18          26   2.0652777244225535E-005
          18          27   1.3945484921852534E-011
          18          28   1.7426743482522398E-010
          18          29   2.0656347985982776E-005
          18          30   8.3973476157534643E-006
          18          31   8.2880737449058769E-010
          18          32   8.3865555087008955E-006
          18          33   4.2551703631715073E-011
          18          34   5.2848082901337112E-010
          18          35   8.3973755047734863E-006
          19           1   6.7451026375732324E-009
          19           2  -2.9084083956717614E-008
          19           3   1.6683464486437740E-010
          19           4  -6.8216368477344343E-011
          19           5   1.1837303440631523E-010
          19           6  -8.2162627694222542E-008
          19           7  -4.8713731091541250E-010
          19           8   3.1657347111711799E-010
          19           9  -3.5930487551037110E-010
          19          10  -1.3090931482575196E-007
          19          11   2.2781808249562386E-012
          19          12   1.3328125604904909E-011
          19          13   3.0184397647983432E-013
          19          14  -9.4396255943995752E-008
          19          15  -1.2052704026892876E-012
          19          16  -3.9539014950426428E-012
          19          17  -4.4813006571336299E-013
          19          18   1.2109892165399806E-010
          19          19   4.6617135231408023E-014
          19          20   1.2049172670668582E-010
          19          21   2.3743457208723918E-015
          19          22   2.9721552467373230E-014
          19          23   1.2110047679814786E-010
          19          24   9.6718341309944312E-011
          19          25   6.9596987260347280E-014
          19          26   9.5811617445718350E-011
          19          27   3.5386092015137664E-015
          19          28   4.4371704230748877E-014
          19          29   9.6720670561588753E-011
          19          30   5.0848947107250523E-011
          19          31   2.1252853225610132E-013
          19          32   4.8081528337349935E-011
          19          33   1.0908052149568204E-014
          19          34   1.3551726201859461E-013
          19          35   5.0856102972607628E-011
          20           1   1.7310333058239480E-002
          20           2  -5.4981279298704222E-003
          20           3   1.7372035605790292E-010
          20           4   1.3390545928414146E-009
          20           5   2.3184694738170834E-010
          20           6   3.7876349723851930E-005
          20           7  -1.2131000601589541E-009
          20           8  -1.4985844724843096E-010
          20           9  -1.2988593759459290E-009
          20          10  -5.3335129357972807E-004
          20          11  -8.6032698424261278E-012
          20          12  -8.7224775792169644E-013
          20          13  -6.7252928159375578E-012
          20          14  -3.6813163897106139E-004
          20          15   6.4317203781634381E-013
          20          16   4.6547566662191861E-013
          20          17   9.9254807213667952E-013
          20          18   1.4758074501851934E-004
          20          19   1.2049172670668582E-010
          20          20   1.4757917401923295E-004
          20          21   6.0447732496882225E-012
          20          22   7.6868698342178977E-011
          20          23   1.4758074924193555E-004
          20          24   2.0655078193512942E-005
          20          25   2.7246014690286720E-010
          20          26   2.0651528406427354E-005
          20          27   1.3899391487405653E-011
          20          28   1.7368943674623291E-010
          20          29   2.0655087306354025E-005
          20          30   8.3966847179575300E-006
          20          31   8.2603886640506810E-010
          20          32   8.3859286607717239E-006
          20          33   4.2409608599418763E-011
          20          34   5.2671551626278115E-010
          20          35   8.3967125137694248E-006
          21           1   3.4218286282811761E-010
          21           2  -1.4750858372701654E-009
          21           3   2.4919788567427681E-010
          21           4   7.5452386789912549E-011
          21           5   2.5919378883053137E-010
          21           6  -4.1702793928241040E-009
          21           7  -5.2200804247164245E-010
          21           8  -1.9830429249580993E-011
          21           9  -5.5448242852414745E-010
          21          10  -6.6624082136111137E-009
          21          11   1.9667931852123655E-011
          21          12   1.1843838511672214E-013
          21          13   2.0426499265832571E-011
          21          14  -4.8042310491401081E-009
          21          15  -6.7935985128275740E-012
          21          16  -3.3464722961744353E-014
          21          17  -7.0689423393508393E-012
          21          18   6.0756839622175001E-012
          21          19   2.3743457208723918E-015
          21          20   6.0447732496882225E-012
          21          21   1.3886797776477031E-016
          21          22   1.5100219640928428E-015
          21          23   6.0757635176946369E-012
          21          24   4.8699266551870474E-012
          21          25   3.5427934862769014E-015
          21          26   4.8237809493200543E-012
          21          27   1.8559494454751971E-016
          21          28   2.2578458055333234E-015
          21          29   4.8700460905418174E-012
          21          30   2.5460479919102832E-012
          21          31   1.0817815624783557E-014
          21          32   2.4052009388372102E-012
          21          33   5.5619434387642746E-016
          21          34   6.8961605161606750E-015
          21          35   2.5464112382720505E-012
          22           1   4.3008166468868745E-009
          22           2  -1.8545553833636770E-008
          22           3   6.5916083794871375E-011
          22           4  -2.4833647697693841E-010
          22           5  -3.8198567142054481E-011
          22           6  -5.2392382588051710E-008
          22           7  -1.6726589902972629E-010
          22           8   4.1939118135629085E-010
          22           9   1.9853074178333049E-010
          22          10  -8.3461994760427257E-008
          22          11  -7.5451051265863266E-013
          22          12   1.2522080862577863E-011
          22          13  -5.6524469363603750E-012
          22          14  -6.0182822308824685E-008
          22          15   8.2141673542985229E-014
          22          16  -3.6455009631193841E-012
          22          17   2.0170414848268609E-012
          22          18   7.7255815142355025E-011
          22          19   2.9721552467373230E-014
          22          20   7.6868698342178977E-011
          22          21   1.5100219640928428E-015
          22          22   1.8950784106416344E-014
          22          23   7.7256805747626166E-011
          22          24   6.1694121178605280E-011
          22          25   4.4371976696343919E-014
          22          26   6.1116033953116840E-011
          22          27   2.2547488634964430E-015
          22          28   2.8289961260606580E-014
          22          29   6.1695606368186609E-011
          22          30   3.2445074009564219E-011
          22          31   1.3549852154248547E-013
          22          32   3.0680692222405631E-011
          22          33   6.9543059346313163E-015
          22          34   8.6400071871620993E-014
          22          35   3.2449636514738596E-011
          23           1   1.7310421155682813E-002
          23           2  -5.4985077849231947E-003
          23           3   7.0402796853405698E-011
          23           4   1.2530480634314510E-009
          23           5  -1.4432715992517107E-010
          23           6   3.6803260346670186E-005
          23           7  -8.5698235258027670E-010
          23           8  -7.8611594969242873E-010
          23           9   4.7182921457195309E-010
          23          10  -5.3506096631449572E-004
          23          11  -8.4772360954345464E-012
          23          12  -8.6552115437870875E-012
          23          13  -1.2091336497206858E-012
          23          14  -3.6936445068626664E-004
