           1           1   2.0020722321664288     
           1           2 -0.52798027399554426     
           1           3  -5.6405465952013516E-015
           1           4  -1.9771823196967101E-015
           1           5  -2.5802042722840691E-015
           1           6  0.14238247757539133     
           1           7   3.7667455592160173E-015
           1           8   1.1054939625204280E-015
           1           9   9.8550427180314232E-016
           1          10  0.13123786182867564     
           1          11  -3.0583636311412802E-015
           1          12  0.13123786182867245     
           1          13   2.1466008740559742E-015
           1          14   1.9482178104638537E-015
           1          15  0.13123786182867272     
           2           1 -0.52798027399554426     
           2           2   3.0083370272029968     
           2           3   1.0103788673919021E-015
           2           4   3.7820331667727742E-014
           2           5  -1.9679350258466535E-014
           2           6 -0.47650699233327132     
           2           7  -1.6643018573905399E-015
           2           8  -3.0805068699023918E-014
           2           9   1.0558136337487381E-014
           2          10 -0.39650787020734946     
           2          11  -2.6176265579224028E-015
           2          12 -0.39650787020733963     
           2          13   1.6670084777599953E-015
           2          14  -4.8581767794449379E-015
           2          15 -0.39650787020734363     
           3           1  -5.6405465952013516E-015
           3           2   1.0103788673919021E-015
           3           3   7.4974882059755322E-029
           3           4  -4.5427551707506889E-029
           3           5   6.4782969193028159E-029
           3           6  -7.3456244036679666E-016
           3           7  -4.7818286117710377E-029
           3           8   4.8502790675922390E-029
           3           9  -4.4202946827537171E-029
           3          10  -6.0707931000738346E-016
           3          11   1.1621320861249366E-029
           3          12  -6.0707931000735408E-016
           3          13  -5.1854985560236843E-030
           3          14  -1.0143599604233152E-029
           3          15  -6.0707931000737311E-016
           4           1  -1.9771823196967101E-015
           4           2   3.7820331667727742E-014
           4           3  -4.5427551707506889E-029
           4           4   5.2085451312938016E-028
           4           5  -3.0322674790050071E-028
           4           6  -5.5386170947715070E-015
           4           7   1.5888690036721258E-029
           4           8  -4.3310910371337396E-028
           4           9   1.6974811507756012E-028
           4          10  -4.6084885237493971E-015
           4          11  -4.3343509433528888E-029
           4          12  -4.6084885237492929E-015
           4          13   2.5974378353397823E-029
           4          14  -5.4319778023697924E-029
           4          15  -4.6084885237493300E-015
           5           1  -2.5802042722840691E-015
           5           2  -1.9679350258466535E-014
           5           3   6.4782969193028159E-029
           5           4  -3.0322674790050071E-028
           5           5   1.9745756541659191E-028
           5           6   2.5586207885610885E-015
           5           7  -3.4326805067065775E-029
           5           8   2.5780284350366030E-028
           5           9  -1.1438977868362761E-028
           5          10   2.1260473022920748E-015
           5          11   3.0474330856233171E-029
           5          12   2.1260473022920354E-015
           5          13  -1.7481434795261388E-029
           5          14   2.3385204143107628E-029
           5          15   2.1260473022920452E-015
           6           1  0.14238247757539133     
           6           2 -0.47650699233327132     
           6           3  -7.3456244036679666E-016
           6           4  -5.5386170947715070E-015
           6           5   2.5586207885610885E-015
           6           6   8.0083790145873496E-002
           6           7   6.2757619213319391E-016
           6           8   4.4264552217966929E-015
           6           9  -1.3120669029775870E-015
           6          10   6.6751292028574091E-002
           6          11   2.8960293943256533E-016
           6          12   6.6751292028572343E-002
           6          13  -1.9748998069620555E-016
           6          14   8.4026277595608784E-016
           6          15   6.6751292028573092E-002
           7           1   3.7667455592160173E-015
           7           2  -1.6643018573905399E-015
           7           3  -4.7818286117710377E-029
           7           4   1.5888690036721258E-029
           7           5  -3.4326805067065775E-029
           7           6   6.2757619213319391E-016
           7           7   3.0845553713405376E-029
           7           8  -2.0220888291766710E-029
           7           9   2.4386978391376955E-029
           7          10   5.1971319188767594E-016
           7          11  -6.4936068740334877E-030
           7          12   5.1971319188765405E-016
           7          13   2.7362479171440189E-030
           7          14   8.0822557100085048E-030
           7          15   5.1971319188766756E-016
           8           1   1.1054939625204280E-015
           8           2  -3.0805068699023918E-014
           8           3   4.8502790675922390E-029
           8           4  -4.3310910371337396E-028
           8           5   2.5780284350366030E-028
           8           6   4.4264552217966929E-015
           8           7  -2.0220888291766710E-029
           8           8   3.6184233953692717E-028
           8           9  -1.4576651431410350E-028
           8          10   3.6866508541210487E-015
           8          11   3.6649124418855866E-029
           8          12   3.6866508541209690E-015
           8          13  -2.1591191586520620E-029
           8          14   4.3037808108284651E-029
           8          15   3.6866508541209959E-015
           9           1   9.8550427180314232E-016
           9           2   1.0558136337487381E-014
           9           3  -4.4202946827537171E-029
           9           4   1.6974811507756012E-028
           9           5  -1.1438977868362761E-028
           9           6  -1.3120669029775870E-015
           9           7   2.4386978391376955E-029
           9           8  -1.4576651431410350E-028
           9           9   6.7888754373153096E-029
           9          10  -1.1001327924161797E-015
           9          11  -1.6052009559045036E-029
           9          12  -1.1001327924161623E-015
           9          13   8.6481434403369136E-030
           9          14  -1.1810314819532652E-029
           9          15  -1.1001327924161641E-015
          10           1  0.13123786182867564     
          10           2 -0.39650787020734946     
          10           3  -6.0707931000738346E-016
          10           4  -4.6084885237493971E-015
          10           5   2.1260473022920748E-015
          10           6   6.6751292028574091E-002
          10           7   5.1971319188767594E-016
          10           8   3.6866508541210487E-015
          10           9  -1.1001327924161797E-015
          10          10   5.5751548713802279E-002
          10          11   2.1915378301361696E-016
          10          12   5.5751548713800829E-002
          10          13  -1.4718424526343666E-016
          10          14   7.0280890800098700E-016
          10          15   5.5751548713801446E-002
          11           1  -3.0583636311412802E-015
          11           2  -2.6176265579224028E-015
          11           3   1.1621320861249366E-029
          11           4  -4.3343509433528888E-029
          11           5   3.0474330856233171E-029
          11           6   2.8960293943256533E-016
          11           7  -6.4936068740334877E-030
          11           8   3.6649124418855866E-029
          11           9  -1.6052009559045036E-029
          11          10   2.1915378301361696E-016
          11          11   8.8590978786592484E-030
          11          12   2.1915378301361206E-016
          11          13  -5.8933583940665188E-030
          11          14   1.9868445856978807E-030
          11          15   2.1915378301361556E-016
          12           1  0.13123786182867245     
          12           2 -0.39650787020733963     
          12           3  -6.0707931000735408E-016
          12           4  -4.6084885237492929E-015
          12           5   2.1260473022920354E-015
          12           6   6.6751292028572343E-002
          12           7   5.1971319188765405E-016
          12           8   3.6866508541209690E-015
          12           9  -1.1001327924161623E-015
          12          10   5.5751548713800829E-002
          12          11   2.1915378301361206E-016
          12          12   5.5751548713799386E-002
          12          13  -1.4718424526343269E-016
          12          14   7.0280890800096836E-016
          12          15   5.5751548713799989E-002
          13           1   2.1466008740559742E-015
          13           2   1.6670084777599953E-015
          13           3  -5.1854985560236843E-030
          13           4   2.5974378353397823E-029
          13           5  -1.7481434795261388E-029
          13           6  -1.9748998069620555E-016
          13           7   2.7362479171440189E-030
          13           8  -2.1591191586520620E-029
          13           9   8.6481434403369136E-030
          13          10  -1.4718424526343666E-016
          13          11  -5.8933583940665188E-030
          13          12  -1.4718424526343269E-016
          13          13   4.0654428862506624E-030
          13          14  -1.4049348800018227E-030
          13          15  -1.4718424526343582E-016
          14           1   1.9482178104638537E-015
          14           2  -4.8581767794449379E-015
          14           3  -1.0143599604233152E-029
          14           4  -5.4319778023697924E-029
          14           5   2.3385204143107628E-029
          14           6   8.4026277595608784E-016
          14           7   8.0822557100085048E-030
          14           8   4.3037808108284651E-029
          14           9  -1.1810314819532652E-029
          14          10   7.0280890800098700E-016
          14          11   1.9868445856978807E-030
          14          12   7.0280890800096836E-016
          14          13  -1.4049348800018227E-030
          14          14   8.9641602650197472E-030
          14          15   7.0280890800097625E-016
          15           1  0.13123786182867272     
          15           2 -0.39650787020734363     
          15           3  -6.0707931000737311E-016
          15           4  -4.6084885237493300E-015
          15           5   2.1260473022920452E-015
          15           6   6.6751292028573092E-002
          15           7   5.1971319188766756E-016
          15           8   3.6866508541209959E-015
          15           9  -1.1001327924161641E-015
          15          10   5.5751548713801446E-002
          15          11   2.1915378301361556E-016
          15          12   5.5751548713799989E-002
          15          13  -1.4718424526343582E-016
          15          14   7.0280890800097625E-016
          15          15   5.5751548713800593E-002
