           1           1   2.1416565893323858     
           1           2 -0.59902707597997362     
           1           3  -1.1450542482601469E-013
           1           4  -5.3237311913108757E-014
           1           5  -7.3757729240822035E-014
           1           6  0.56448446683422371     
           1           7   1.0225290064525507E-014
           1           8   1.7816204067948702E-015
           1           9   1.2721913951686066E-014
           1          10   3.1073855233057394E-002
           1          11  -3.1139610934857559E-015
           1          12  -6.8899249648379045E-015
           1          13  -6.0910862301812148E-016
           1          14 -0.19853838075519223     
           1          15  -3.5938892185265126E-015
           1          16 -0.19853838075520411     
           1          17   1.4712718071026093E-014
           1          18  -5.7332043497673020E-015
           1          19 -0.19853838075520755     
           2           1 -0.59902707597997362     
           2           2   2.5327202568999470     
           2           3   5.0124077992689961E-013
           2           4   2.2887069479171378E-013
           2           5   3.1474494860863845E-013
           2           6  -2.4684023235873100     
           2           7  -4.2614870763697739E-014
           2           8  -1.2846980287777865E-014
           2           9  -6.1999975901280992E-014
           2          10 -0.12846760669458190     
           2          11   1.7722342436211811E-014
           2          12   2.5665840074826698E-014
           2          13   1.8348402704659782E-014
           2          14  0.85916548983896202     
           2          15   2.5127574489711424E-014
           2          16  0.85916548983899765     
           2          17  -6.0415071743408286E-014
           2          18   2.7924718038257124E-014
           2          19  0.85916548983901075     
           3           1  -1.1450542482601469E-013
           3           2   5.0124077992689961E-013
           3           3   2.0772498239495829     
           3           4   2.7755575615625285E-016
           3           5   6.3837823915956756E-016
           3           6  -2.2489813075221164E-013
           3           7 -0.24490122128938044     
           3           8   6.2450045134990027E-017
           3           9   4.4929338027718603E-016
           3          10  -1.9532026965738036E-014
           3          11  0.12218812505561610     
           3          12   2.6020852139656130E-016
           3          13  -1.9099305470504354E-015
           3          14   9.6189143300078146E-014
           3          15  -1.0619892189403295E-015
           3          16   9.9874604146791072E-014
           3          17  -9.5198390641382395E-016
           3          18   3.4764810381489158E-016
           3          19   1.0007017445152144E-013
           4           1  -5.3237311913108757E-014
           4           2   2.2887069479171378E-013
           4           3   2.7755575615625285E-016
           4           4   2.0772498239495856     
           4           5  -3.2474023470286286E-015
           4           6  -1.4166692033905955E-013
           4           7  -7.4940054162154314E-016
           4           8 -0.24490122128938485     
           4           9  -1.1501216645722636E-015
           4          10  -1.1838530429215174E-014
           4          11   1.7347234759766539E-015
           4          12  0.12218812505561760     
           4          13   5.7592819402429861E-015
           4          14   5.9169585327329434E-014
           4          15  -2.3268541349704891E-015
           4          16   5.7511674022148451E-014
           4          17  -2.1751558137395194E-015
           4          18  -2.3481686954065457E-015
           4          19   5.7701736449197455E-014
           5           1  -7.3757729240822035E-014
           5           2   3.1474494860863845E-013
           5           3   6.3837823915956756E-016
           5           4  -3.2474023470286286E-015
           5           5   2.0772498239495900     
           5           6  -4.8567563954248843E-014
           5           7   1.9793194860883027E-015
           5           8   1.6684570391944713E-014
           5           9 -0.24490122128937569     
           5          10   1.1700854817739069E-015
           5          11  -6.2458718752540616E-015
           5          12   2.5760643618260476E-016
           5          13  0.12218812505557899     
           5          14   2.3999089685545785E-014
           5          15   2.0783357036605467E-015
           5          16   1.8495711968143063E-014
           5          17   1.7122707564139941E-014
           5          18   3.9263637551061242E-015
           5          19   2.9743873928561701E-014
           6           1  0.56448446683422371     
           6           2  -2.4684023235873100     
           6           3  -2.2489813075221164E-013
           6           4  -1.4166692033905955E-013
           6           5  -4.8567563954248843E-014
           6           6   13.129943048996109     
           6           7  -1.5864494633236611E-013
           6           8  -2.0203941330284233E-014
           6           9  -1.3158678178850691E-013
           6          10  0.42301408415119923     
           6          11   5.1931634873728639E-014
           6          12  -9.8358383536017310E-015
           6          13  -2.0354678040150168E-015
           6          14  -4.0689899012488322     
           6          15  -1.7466846484632330E-014
           6          16  -4.0689899012488189     
           6          17   3.6804872224603276E-014
           6          18  -1.3868577219119520E-014
           6          19  -4.0689899012487754     
           7           1   1.0225290064525507E-014
           7           2  -4.2614870763697739E-014
           7           3 -0.24490122128938044     
           7           4  -7.4940054162154314E-016
           7           5   1.9793194860883027E-015
           7           6  -1.5864494633236611E-013
           7           7   3.0333754347494198E-002
           7           8   8.0664641635004690E-017
           7           9  -1.9613217299292245E-016
           7          10  -7.2999865510516261E-015
           7          11  -1.5044068815832271E-002
           7          12  -7.2858385991501014E-017
           7          13   2.6150956400314784E-016
           7          14   2.9867164404768477E-014
           7          15   1.0039630259457175E-016
           7          16   2.9504481219789366E-014
           7          17   9.7698769441541381E-017
           7          18  -3.0431354936773173E-017
           7          19   2.9493967644754933E-014
           8           1   1.7816204067948702E-015
           8           2  -1.2846980287777865E-014
           8           3   6.2450045134990027E-017
           8           4 -0.24490122128938485     
           8           5   1.6684570391944713E-014
           8           6  -2.0203941330284233E-014
           8           7   8.0664641635004690E-017
           8           8   3.0333754347495013E-002
           8           9  -1.2004286453742466E-015
           8          10  -1.0801821467735882E-015
           8          11  -1.6696713456349851E-016
           8          12  -1.5044068815832612E-002
           8          13   1.6609977282471868E-016
           8          14   2.5556047234922532E-015
           8          15   2.1603505432174433E-016
           8          16   2.7292578155888848E-015
           8          17   1.9315454539230515E-016
           8          18   2.1349318460299874E-016
           8          19   2.6965635187028618E-015
           9           1   1.2721913951686066E-014
           9           2  -6.1999975901280992E-014
           9           3   4.4929338027718603E-016
           9           4  -1.1501216645722636E-015
           9           5 -0.24490122128937569     
           9           6  -1.3158678178850691E-013
           9           7  -1.9613217299292245E-016
           9           8  -1.2004286453742466E-015
           9           9   3.0333754347493642E-002
           9          10  -6.4151188671891003E-015
           9          11   4.0982842119612197E-016
           9          12  -1.6057034174549073E-016
           9          13  -1.5044068815828791E-002
           9          14   2.4603406464957321E-014
           9          15  -2.1698627134365670E-016
           9          16   2.5141172051197241E-014
           9          17  -1.7762388727482936E-015
           9          18  -3.8353468505001885E-016
           9          19   2.4085479337155113E-014
          10           1   3.1073855233057394E-002
          10           2 -0.12846760669458190     
          10           3  -1.9532026965738036E-014
          10           4  -1.1838530429215174E-014
          10           5   1.1700854817739069E-015
          10           6  0.42301408415119923     
          10           7  -7.2999865510516261E-015
          10           8  -1.0801821467735882E-015
          10           9  -6.4151188671891003E-015
          10          10   1.7023274117280170E-002
          10          11   2.3162287925552139E-015
          10          12  -8.0203605071514573E-016
          10          13  -1.5395414083209059E-016
          10          14 -0.12617532779038512     
          10          15  -1.1802041591589384E-015
          10          16 -0.12617532779038504     
          10          17   2.9201102403226567E-015
          10          18  -1.0043729326886798E-015
          10          19 -0.12617532779038290     
          11           1  -3.1139610934857559E-015
          11           2   1.7722342436211811E-014
          11           3  0.12218812505561610     
          11           4   1.7347234759766539E-015
          11           5  -6.2458718752540616E-015
          11           6   5.1931634873728639E-014
          11           7  -1.5044068815832271E-002
          11           8  -1.6696713456349851E-016
          11           9   4.0982842119612197E-016
          11          10   2.3162287925552139E-015
          11          11   7.4664406419237082E-003
          11          12   1.0126448291031303E-016
          11          13  -3.0758815633401321E-016
          11          14  -9.0750474054232920E-015
          11          15  -5.1624196518441617E-017
          11          16  -8.8896546615114649E-015
          11          17  -4.9643336318507320E-017
          11          18   1.5835572481588373E-017
          11          19  -8.8836337180671122E-015
          12           1  -6.8899249648379045E-015
          12           2   2.5665840074826698E-014
          12           3   2.6020852139656130E-016
          12           4  0.12218812505561760     
          12           5   2.5760643618260476E-016
          12           6  -9.8358383536017310E-015
          12           7  -7.2858385991501014E-017
          12           8  -1.5044068815832612E-002
          12           9  -1.6057034174549073E-016
          12          10  -8.0203605071514573E-016
          12          11   1.0126448291031303E-016
          12          12   7.4664406419238435E-003
          12          13   3.2081542283847417E-016
          12          14   5.3291178279148628E-015
          12          15  -1.1138961610450490E-016
          12          16   5.2411291751370056E-015
          12          17  -1.0028271543712223E-016
          12          18  -1.1043388553478374E-016
          12          19   5.2568053827999485E-015
          13           1  -6.0910862301812148E-016
          13           2   1.8348402704659782E-014
          13           3  -1.9099305470504354E-015
          13           4   5.7592819402429861E-015
          13           5  0.12218812505557899     
          13           6  -2.0354678040150168E-015
          13           7   2.6150956400314784E-016
          13           8   1.6609977282471868E-016
          13           9  -1.5044068815828791E-002
          13          10  -1.5395414083209059E-016
          13          11  -3.0758815633401321E-016
          13          12   3.2081542283847417E-016
          13          13   7.4664406419202604E-003
          13          14   2.0302991148615313E-015
          13          15   1.0999414611702398E-016
          13          16   1.7551267982106146E-015
          13          17   9.0120508976988395E-016
          13          18   1.9626288762791688E-016
          13          19   2.2985592735386014E-015
          14           1 -0.19853838075519223     
          14           2  0.85916548983896202     
          14           3   9.6189143300078146E-014
          14           4   5.9169585327329434E-014
          14           5   2.3999089685545785E-014
          14           6  -4.0689899012488322     
          14           7   2.9867164404768477E-014
          14           8   2.5556047234922532E-015
          14           9   2.4603406464957321E-014
          14          10 -0.12617532779038512     
          14          11  -9.0750474054232920E-015
          14          12   5.3291178279148628E-015
          14          13   2.0302991148615313E-015
          14          14   1.2904419193827854     
          14          15   7.3330099158283533E-015
          14          16   1.2904419193827850     
          14          17  -1.4420431847742286E-014
          14          18   6.1042233292837338E-015
          14          19   1.2904419193827781     
          15           1  -3.5938892185265126E-015
          15           2   2.5127574489711424E-014
          15           3  -1.0619892189403295E-015
          15           4  -2.3268541349704891E-015
          15           5   2.0783357036605467E-015
          15           6  -1.7466846484632330E-014
          15           7   1.0039630259457175E-016
          15           8   2.1603505432174433E-016
          15           9  -2.1698627134365670E-016
          15          10  -1.1802041591589384E-015
          15          11  -5.1624196518441617E-017
          15          12  -1.1138961610450490E-016
          15          13   1.0999414611702398E-016
          15          14   7.3330099158283533E-015
          15          15   9.5559667641740078E-028
          15          16   7.3330099158287162E-015
          15          17  -1.7379383399870974E-027
          15          18   5.7471580456985456E-028
          15          19   7.3330099158296943E-015
          16           1 -0.19853838075520411     
          16           2  0.85916548983899765     
          16           3   9.9874604146791072E-014
          16           4   5.7511674022148451E-014
          16           5   1.8495711968143063E-014
          16           6  -4.0689899012488189     
          16           7   2.9504481219789366E-014
          16           8   2.7292578155888848E-015
          16           9   2.5141172051197241E-014
          16          10 -0.12617532779038504     
          16          11  -8.8896546615114649E-015
          16          12   5.2411291751370056E-015
          16          13   1.7551267982106146E-015
          16          14   1.2904419193827850     
          16          15   7.3330099158287162E-015
          16          16   1.2904419193827843     
          16          17  -1.4420431847743204E-014
          16          18   6.1042233292841874E-015
          16          19   1.2904419193827774     
          17           1   1.4712718071026093E-014
          17           2  -6.0415071743408286E-014
          17           3  -9.5198390641382395E-016
          17           4  -2.1751558137395194E-015
          17           5   1.7122707564139941E-014
          17           6   3.6804872224603276E-014
          17           7   9.7698769441541381E-017
          17           8   1.9315454539230515E-016
          17           9  -1.7762388727482936E-015
          17          10   2.9201102403226567E-015
          17          11  -4.9643336318507320E-017
          17          12  -1.0028271543712223E-016
          17          13   9.0120508976988395E-016
          17          14  -1.4420431847742286E-014
          17          15  -1.7379383399870974E-027
          17          16  -1.4420431847743204E-014
          17          17   3.6386342138646035E-027
          17          18  -1.0987231493395167E-027
          17          19  -1.4420431847744643E-014
          18           1  -5.7332043497673020E-015
          18           2   2.7924718038257124E-014
          18           3   3.4764810381489158E-016
          18           4  -2.3481686954065457E-015
          18           5   3.9263637551061242E-015
          18           6  -1.3868577219119520E-014
          18           7  -3.0431354936773173E-017
          18           8   2.1349318460299874E-016
          18           9  -3.8353468505001885E-016
          18          10  -1.0043729326886798E-015
          18          11   1.5835572481588373E-017
          18          12  -1.1043388553478374E-016
          18          13   1.9626288762791688E-016
          18          14   6.1042233292837338E-015
          18          15   5.7471580456985456E-028
          18          16   6.1042233292841874E-015
          18          17  -1.0987231493395167E-027
          18          18   4.6152692930983791E-028
          18          19   6.1042233292848146E-015
          19           1 -0.19853838075520755     
          19           2  0.85916548983901075     
          19           3   1.0007017445152144E-013
          19           4   5.7701736449197455E-014
          19           5   2.9743873928561701E-014
          19           6  -4.0689899012487754     
          19           7   2.9493967644754933E-014
          19           8   2.6965635187028618E-015
          19           9   2.4085479337155113E-014
          19          10 -0.12617532779038290     
          19          11  -8.8836337180671122E-015
          19          12   5.2568053827999485E-015
          19          13   2.2985592735386014E-015
          19          14   1.2904419193827781     
          19          15   7.3330099158296943E-015
          19          16   1.2904419193827774     
          19          17  -1.4420431847744643E-014
          19          18   6.1042233292848146E-015
          19          19   1.2904419193827705     
