           1           1   2.1149689811915957     
           1           2 -0.49759379142023774     
           1           3  -1.1295159882937503E-013
           1           4  -4.0951737076903930E-014
           1           5  -9.3518345279545512E-014
           1           6   2.0288086463154525E-002
           1           7   1.2475792606356784E-014
           1           8   8.2995895688851444E-016
           1           9   1.7944256133112617E-014
           1          10  -9.0788880892723675E-003
           1          11   3.4449717116674316E-015
           1          12   4.0942086314191933E-015
           1          13  -7.6647860783175289E-015
           1          14   1.7249155449197209E-002
           1          15   9.9383334928129171E-016
           1          16   1.7249155449199853E-002
           1          17   3.3666692134248523E-016
           1          18  -2.9852238194506098E-015
           1          19   1.7249155449209203E-002
           2           1 -0.49759379142023774     
           2           2   2.1531027807747050     
           2           3   5.0276541623487442E-013
           2           4   1.8022485484675225E-013
           2           5   4.1380671329836217E-013
           2           6  -9.0892004726543546E-002
           2           7  -5.4071388445736318E-014
           2           8  -1.2347186697215123E-015
           2           9  -8.3558755928293095E-014
           2          10   4.2231882610903070E-002
           2          11  -5.5833773863520065E-018
           2          12  -1.6429150261298564E-014
           2          13   3.9071110944007372E-014
           2          14  -7.3681821749633281E-002
           2          15  -6.1314148968449657E-015
           2          16  -7.3681821749656581E-002
           2          17   5.8590724453468064E-015
           2          18   1.3726410497339298E-014
           2          19  -7.3681821749694273E-002
           3           1  -1.1295159882937503E-013
           3           2   5.0276541623487442E-013
           3           3   2.0596140984971574     
           3           4   1.2524703496552551E-015
           3           5  -1.6254358969902694E-015
           3           6  -2.0889576279417080E-014
           3           7 -0.23722138040447807     
           3           8  -8.3895564106928866E-016
           3           9   2.4806545706469283E-016
           3          10   1.0208559285622756E-014
           3          11  0.10836311293119683     
           3          12   2.2508037100799259E-016
           3          13   1.0369309577651299E-015
           3          14  -1.1797517298538517E-014
           3          15   2.4123176417789374E-016
           3          16  -7.0628411217909667E-015
           3          17  -3.0782042514332031E-015
           3          18   5.8764679749781799E-016
           3          19  -6.1240666420688216E-015
           4           1  -4.0951737076903930E-014
           4           2   1.8022485484675225E-013
           4           3   1.2524703496552551E-015
           4           4   2.0596140984971534     
           4           5  -1.6653345369377356E-015
           4           6  -8.4833147007079992E-016
           4           7  -1.6263032587282473E-016
           4           8 -0.23722138040447976     
           4           9   5.2041704279304903E-016
           4          10  -4.6692314087539209E-015
           4          11  -1.2745880739739572E-015
           4          12  0.10836311293119846     
           4          13   7.6154360595381358E-016
           4          14  -7.0172936485232408E-015
           4          15  -5.6706161517490140E-016
           4          16  -1.4764497753497115E-015
           4          17   2.6010913098394735E-015
           4          18  -1.6957197034052095E-015
           4          19   5.7453279793896656E-016
           5           1  -9.3518345279545512E-014
           5           2   4.1380671329836217E-013
           5           3  -1.6254358969902694E-015
           5           4  -1.6653345369377356E-015
           5           5   2.0596140984971583     
           5           6  -1.3552866853943050E-014
           5           7  -2.4105066900870252E-015
           5           8   4.5449755070593726E-016
           5           9 -0.23722138040447224     
           5          10   7.9909733027788090E-015
           5          11  -1.3232145414099402E-015
           5          12  -1.1813466871402106E-015
           5          13  0.10836311293118678     
           5          14  -1.5883179317321588E-015
           5          15   8.5035830273004465E-016
           5          16  -9.5243722179709947E-015
           5          17  -5.0463581107704037E-015
           5          18  -2.1911294852327383E-015
           5          19  -1.4475042532980692E-014
           6           1   2.0288086463154525E-002
           6           2  -9.0892004726543546E-002
           6           3  -2.0889576279417080E-014
           6           4  -8.4833147007079992E-016
           6           5  -1.3552866853943050E-014
           6           6  0.13977424521001586     
           6           7   2.6434320751025851E-015
           6           8  -3.3994814024768717E-015
           6           9   7.5422018867745574E-015
           6          10  -3.2647315116436149E-002
           6          11   9.9059514633345483E-016
           6          12   1.7359557230931704E-015
           6          13  -4.8328915907074371E-015
           6          14  0.12010487979572457     
           6          15  -1.0057052493252575E-015
           6          16  0.12010487979572311     
           6          17  -2.5955253864682082E-016
           6          18  -9.6398011117490568E-016
           6          19  0.12010487979572666     
           7           1   1.2475792606356784E-014
           7           2  -5.4071388445736318E-014
           7           3 -0.23722138040447807     
           7           4  -1.6263032587282473E-016
           7           5  -2.4105066900870252E-015
           7           6   2.6434320751025851E-015
           7           7   2.7918822569936153E-002
           7           8   8.8985893306733096E-017
           7           9   2.4099103788924153E-016
           7          10  -1.0959085510890575E-015
           7          11  -1.2728740638293316E-002
           7          12  -4.8721335126062228E-017
           7          13  -2.2054705067430382E-016
           7          14   1.5521700520558537E-015
           7          15  -1.9836949452017778E-017
           7          16   1.1043198934612341E-015
           7          17   2.9599599850364969E-016
           7          18  -5.2761131096711149E-017
           7          19   1.0081003578914295E-015
           8           1   8.2995895688851444E-016
           8           2  -1.2347186697215123E-015
           8           3  -8.3895564106928866E-016
           8           4 -0.23722138040447976     
           8           5   4.5449755070593726E-016
           8           6  -3.3994814024768717E-015
           8           7   8.8985893306733096E-017
           8           8   2.7918822569936764E-002
           8           9  -1.2099696244949269E-016
           8          10   1.6557915164706463E-015
           8          11   1.4288429380640526E-016
           8          12  -1.2728740638293733E-002
           8          13  -9.9529759434092368E-017
           8          14  -2.0901861355643642E-015
           8          15  -3.0657376957521081E-017
           8          16  -2.8587646189987895E-015
           8          17  -3.3045594631851419E-016
           8          18   1.3191414243154753E-016
           8          19  -3.1051490867443132E-015
           9           1   1.7944256133112617E-014
           9           2  -8.3558755928293095E-014
           9           3   2.4806545706469283E-016
           9           4   5.2041704279304903E-016
           9           5 -0.23722138040447224     
           9           6   7.5422018867745574E-015
           9           7   2.4099103788924153E-016
           9           8  -1.2099696244949269E-016
           9           9   2.7918822569934804E-002
           9          10  -2.8569098023686039E-015
           9          11   1.1016171698815519E-016
           9          12   1.5417354892747729E-016
           9          13  -1.2728740638291844E-002
           9          14   5.7724762518448610E-015
           9          15   8.3434607512116031E-018
           9          16   6.7742878990165644E-015
           9          17   5.1002984973196168E-016
           9          18   2.8618384950425865E-016
           9          19   7.2743659258225112E-015
          10           1  -9.0788880892723675E-003
          10           2   4.2231882610903070E-002
          10           3   1.0208559285622756E-014
          10           4  -4.6692314087539209E-015
          10           5   7.9909733027788090E-015
          10           6  -3.2647315116436149E-002
          10           7  -1.0959085510890575E-015
          10           8   1.6557915164706463E-015
          10           9  -2.8569098023686039E-015
          10          10   7.8412853581321402E-003
          10          11  -2.2666064032576361E-016
          10          12  -9.9711512778586663E-016
          10          13   1.6743384875641608E-015
          10          14  -2.8016205239282898E-002
          10          15   1.3351842061788212E-016
          10          16  -2.8016205239282919E-002
          10          17   1.0573587840660166E-016
          10          18   3.9533300130379332E-016
          10          19  -2.8016205239284220E-002
          11           1   3.4449717116674316E-015
          11           2  -5.5833773863520065E-018
          11           3  0.10836311293119683     
          11           4  -1.2745880739739572E-015
          11           5  -1.3232145414099402E-015
          11           6   9.9059514633345483E-016
          11           7  -1.2728740638293316E-002
          11           8   1.4288429380640526E-016
          11           9   1.1016171698815519E-016
          11          10  -2.2666064032576361E-016
          11          11   5.8042784997543277E-003
          11          12  -6.1420053071293990E-017
          11          13  -1.2603850255491766E-018
          11          14   1.1086449935927113E-015
          11          15   9.3897631772193437E-018
          11          16   1.3172492744436154E-015
          11          17  -1.3762917118588563E-016
          11          18   2.4717634618621900E-017
          11          19   1.3616942111393410E-015
          12           1   4.0942086314191933E-015
          12           2  -1.6429150261298564E-014
          12           3   2.2508037100799259E-016
          12           4  0.10836311293119846     
          12           5  -1.1813466871402106E-015
          12           6   1.7359557230931704E-015
          12           7  -4.8721335126062228E-017
          12           8  -1.2728740638293733E-002
          12           9   1.5417354892747729E-016
          12          10  -9.9711512778586663E-016
          12          11  -6.1420053071293990E-017
          12          12   5.8042784997545767E-003
          12          13  -2.0599841277493290E-018
          12          14   1.1315437297190972E-015
          12          15   1.0041027441084859E-017
          12          16   1.4772465648143610E-015
          12          17   1.4967802648777989E-016
          12          18  -6.2876629900630102E-017
          12          19   1.5893759237702676E-015
          13           1  -7.6647860783175289E-015
          13           2   3.9071110944007372E-014
          13           3   1.0369309577651299E-015
          13           4   7.6154360595381358E-016
          13           5  0.10836311293118678     
          13           6  -4.8328915907074371E-015
          13           7  -2.2054705067430382E-016
          13           8  -9.9529759434092368E-017
          13           9  -1.2728740638291844E-002
          13          10   1.6743384875641608E-015
          13          11  -1.2603850255491766E-018
          13          12  -2.0599841277493290E-018
          13          13   5.8042784997532652E-003
          13          14  -3.8897460702804523E-015
          13          15   5.7800902260265967E-019
          13          16  -4.3437511703128033E-015
          13          17  -2.3592273308426667E-016
          13          18  -1.2933278552647836E-016
          13          19  -4.5750837366210148E-015
          14           1   1.7249155449197209E-002
          14           2  -7.3681821749633281E-002
          14           3  -1.1797517298538517E-014
          14           4  -7.0172936485232408E-015
          14           5  -1.5883179317321588E-015
          14           6  0.12010487979572457     
          14           7   1.5521700520558537E-015
          14           8  -2.0901861355643642E-015
          14           9   5.7724762518448610E-015
          14          10  -2.8016205239282898E-002
          14          11   1.1086449935927113E-015
          14          12   1.1315437297190972E-015
          14          13  -3.8897460702804523E-015
          14          14  0.10322476770830091     
          14          15  -8.2812684912948793E-016
          14          16  0.10322476770829979     
          14          17  -1.9152133787185607E-016
          14          18  -8.5954878114160337E-016
          14          19  0.10322476770830294     
          15           1   9.9383334928129171E-016
          15           2  -6.1314148968449657E-015
          15           3   2.4123176417789374E-016
          15           4  -5.6706161517490140E-016
          15           5   8.5035830273004465E-016
          15           6  -1.0057052493252575E-015
          15           7  -1.9836949452017778E-017
          15           8  -3.0657376957521081E-017
          15           9   8.3434607512116031E-018
          15          10   1.3351842061788212E-016
          15          11   9.3897631772193437E-018
          15          12   1.0041027441084859E-017
          15          13   5.7800902260265967E-019
          15          14  -8.2812684912948793E-016
          15          15   2.8459137393917917E-028
          15          16  -8.2812684912859553E-016
          15          17   5.4025677944563029E-029
          15          18  -2.7641296734362271E-028
          15          19  -8.2812684912774001E-016
          16           1   1.7249155449199853E-002
          16           2  -7.3681821749656581E-002
          16           3  -7.0628411217909667E-015
          16           4  -1.4764497753497115E-015
          16           5  -9.5243722179709947E-015
          16           6  0.12010487979572311     
          16           7   1.1043198934612341E-015
          16           8  -2.8587646189987895E-015
          16           9   6.7742878990165644E-015
          16          10  -2.8016205239282919E-002
          16          11   1.3172492744436154E-015
          16          12   1.4772465648143610E-015
          16          13  -4.3437511703128033E-015
          16          14  0.10322476770829979     
          16          15  -8.2812684912859553E-016
          16          16  0.10322476770829866     
          16          17  -1.9152133787162846E-016
          16          18  -8.5954878114261568E-016
          16          19  0.10322476770830183     
          17           1   3.3666692134248523E-016
          17           2   5.8590724453468064E-015
          17           3  -3.0782042514332031E-015
          17           4   2.6010913098394735E-015
          17           5  -5.0463581107704037E-015
          17           6  -2.5955253864682082E-016
          17           7   2.9599599850364969E-016
          17           8  -3.3045594631851419E-016
          17           9   5.1002984973196168E-016
          17          10   1.0573587840660166E-016
          17          11  -1.3762917118588563E-016
          17          12   1.4967802648777989E-016
          17          13  -2.3592273308426667E-016
          17          14  -1.9152133787185607E-016
          17          15   5.4025677944563029E-029
          17          16  -1.9152133787162846E-016
          17          17   8.5118225196743437E-029
          17          18  -5.8813526598441752E-029
          17          19  -1.9152133787141540E-016
          18           1  -2.9852238194506098E-015
          18           2   1.3726410497339298E-014
          18           3   5.8764679749781799E-016
          18           4  -1.6957197034052095E-015
          18           5  -2.1911294852327383E-015
          18           6  -9.6398011117490568E-016
          18           7  -5.2761131096711149E-017
          18           8   1.3191414243154753E-016
          18           9   2.8618384950425865E-016
          18          10   3.9533300130379332E-016
          18          11   2.4717634618621900E-017
          18          12  -6.2876629900630102E-017
          18          13  -1.2933278552647836E-016
          18          14  -8.5954878114160337E-016
          18          15  -2.7641296734362271E-028
          18          16  -8.5954878114261568E-016
          18          17  -5.8813526598441752E-029
          18          18   4.0127116074569367E-028
          18          19  -8.5954878114377017E-016
          19           1   1.7249155449209203E-002
          19           2  -7.3681821749694273E-002
          19           3  -6.1240666420688216E-015
          19           4   5.7453279793896656E-016
          19           5  -1.4475042532980692E-014
          19           6  0.12010487979572666     
          19           7   1.0081003578914295E-015
          19           8  -3.1051490867443132E-015
          19           9   7.2743659258225112E-015
          19          10  -2.8016205239284220E-002
          19          11   1.3616942111393410E-015
          19          12   1.5893759237702676E-015
          19          13  -4.5750837366210148E-015
          19          14  0.10322476770830294     
          19          15  -8.2812684912774001E-016
          19          16  0.10322476770830183     
          19          17  -1.9152133787141540E-016
          19          18  -8.5954878114377017E-016
          19          19  0.10322476770830497     
