           1           1   2.1239079184226499     
           1           2 -0.27457113108331060     
           1           3  -2.5560333997920295E-015
           1           4  -2.7041979404331383E-015
           1           5  -9.1315137202678897E-016
           1           6 -0.31950388266501739     
           1           7   2.9083370836032665E-015
           1           8   3.7293654392173089E-015
           1           9  -2.8812742289582989E-015
           1          10   3.6688157730635149E-002
           1          11   3.9704054782259408E-015
           1          12   3.6688157730633678E-002
           1          13   2.9802093836705943E-015
           1          14   4.3632371768225840E-016
           1          15   3.6688157730631839E-002
           2           1 -0.27457113108331060     
           2           2  0.81769002303754834     
           2           3   6.0483800699134303E-016
           2           4   1.3986774135697786E-015
           2           5  -1.2729336175639757E-015
           2           6  0.63312492260819808     
           2           7  -8.3555365489080782E-016
           2           8  -2.1878616887246566E-015
           2           9  -1.3557237861294681E-015
           2          10  -4.6236669710613576E-002
           2          11  -4.9415531142548919E-016
           2          12  -4.6236669710611661E-002
           2          13   1.3552063731040228E-016
           2          14  -2.0058142910038400E-016
           2          15  -4.6236669710613576E-002
           3           1  -2.5560333997920295E-015
           3           2   6.0483800699134303E-016
           3           3   1.4517047440403985     
           3           4  -3.7383290907300193E-016
           3           5  -1.4571677198205180E-016
           3           6   2.5733896368824472E-015
           3           7  0.36198702765105673     
           3           8   7.3552275381416621E-016
           3           9  -1.6653345369377348E-016
           3          10  -5.1544183234024129E-016
           3          11  -2.5351254870311739E-016
           3          12  -2.6906948168874865E-016
           3          13   7.9350484747153547E-017
           3          14   3.2099602289875550E-017
           3          15  -1.1607471335865596E-015
           4           1  -2.7041979404331383E-015
           4           2   1.3986774135697786E-015
           4           3  -3.7383290907300193E-016
           4           4   1.4517047440404016     
           4           5   4.1633363423443370E-016
           4           6   3.3456524354488704E-016
           4           7  -2.1337098754514727E-016
           4           8  0.36198702765105495     
           4           9  -2.1684043449710089E-016
           4          10  -1.7128868337365294E-016
           4          11   2.4255587355694606E-016
           4          12  -1.4588049385692825E-016
           4          13  -7.9937699070176510E-017
           4          14  -1.7877362862602393E-019
           4          15   1.2256506570961612E-016
           5           1  -9.1315137202678897E-016
           5           2  -1.2729336175639757E-015
           5           3  -1.4571677198205180E-016
           5           4   4.1633363423443370E-016
           5           5   1.4517047440403994     
           5           6   2.3651389549788646E-016
           5           7  -1.2143064331837650E-016
           5           8   1.1102230246251565E-016
           5           9  0.36198702765105650     
           5          10  -2.5962927489569767E-016
           5          11  -3.1892380180960843E-016
           5          12  -6.2119614952429382E-016
           5          13  -1.6847883609767822E-016
           5          14   9.3558168001822619E-017
           5          15   4.0807366373874909E-016
           6           1 -0.31950388266501739     
           6           2  0.63312492260819808     
           6           3   2.5733896368824472E-015
           6           4   3.3456524354488704E-016
           6           5   2.3651389549788646E-016
           6           6  0.52785838955617459     
           6           7  -1.4164210138248415E-016
           6           8  -1.5375951146521540E-015
           6           9  -1.1880404248006119E-016
           6          10  -2.8696818275548722E-002
           6          11  -6.1307347525415095E-016
           6          12  -2.8696818275547806E-002
           6          13  -1.5319260525002779E-016
           6          14  -9.3164573235218792E-017
           6          15  -2.8696818275548520E-002
           7           1   2.9083370836032665E-015
           7           2  -8.3555365489080782E-016
           7           3  0.36198702765105673     
           7           4  -2.1337098754514727E-016
           7           5  -1.2143064331837650E-016
           7           6  -1.4164210138248415E-016
           7           7  0.19138914702125745     
           7           8  -3.9790219730218013E-017
           7           9  -2.8080836267374565E-016
           7          10  -1.8719292647446870E-017
           7          11  -2.9999040300449633E-017
           7          12  -1.2885123397749559E-017
           7          13   1.5588434275729701E-016
           7          14  -5.1637095301361523E-017
           7          15  -1.4881258259887982E-016
           8           1   3.7293654392173089E-015
           8           2  -2.1878616887246566E-015
           8           3   7.3552275381416621E-016
           8           4  0.36198702765105495     
           8           5   1.1102230246251565E-016
           8           6  -1.5375951146521540E-015
           8           7  -3.9790219730218013E-017
           8           8  0.19138914702125584     
           8           9  -4.9873299934333204E-018
           8          10   1.8996138951332726E-016
           8          11   7.1661688295062961E-017
           8          12   3.9936589383942781E-016
           8          13  -6.6265840722194787E-017
           8          14   2.5376622302637938E-017
           8          15   3.6002184664064682E-016
           9           1  -2.8812742289582989E-015
           9           2  -1.3557237861294681E-015
           9           3  -1.6653345369377348E-016
           9           4  -2.1684043449710089E-016
           9           5  0.36198702765105650     
           9           6  -1.1880404248006119E-016
           9           7  -2.8080836267374565E-016
           9           8  -4.9873299934333204E-018
           9           9  0.19138914702125687     
           9          10  -1.7873853150121893E-016
           9          11  -9.6733483245094801E-017
           9          12  -2.7890501048535534E-016
           9          13  -8.8058711528681403E-017
           9          14   1.1384757608258336E-016
           9          15   1.9112183933462861E-016
          10           1   3.6688157730635149E-002
          10           2  -4.6236669710613576E-002
          10           3  -5.1544183234024129E-016
          10           4  -1.7128868337365294E-016
          10           5  -2.5962927489569767E-016
          10           6  -2.8696818275548722E-002
          10           7  -1.8719292647446870E-017
          10           8   1.8996138951332726E-016
          10           9  -1.7873853150121893E-016
          10          10   6.7303591688987179E-003
          10          11   1.5932051204434073E-016
          10          12   6.7303591688983701E-003
          10          13   8.0525179811234575E-017
          10          14   4.1827810632682322E-017
          10          15   6.7303591688986104E-003
          11           1   3.9704054782259408E-015
          11           2  -4.9415531142548919E-016
          11           3  -2.5351254870311739E-016
          11           4   2.4255587355694606E-016
          11           5  -3.1892380180960843E-016
          11           6  -6.1307347525415095E-016
          11           7  -2.9999040300449633E-017
          11           8   7.1661688295062961E-017
          11           9  -9.6733483245094801E-017
          11          10   1.5932051204434073E-016
          11          11   1.3165525977964365E-029
          11          12   1.5932051204433444E-016
          11          13   1.0306255321398134E-029
          11          14   9.9471022770065197E-031
          11          15   1.5932051204433005E-016
          12           1   3.6688157730633678E-002
          12           2  -4.6236669710611661E-002
          12           3  -2.6906948168874865E-016
          12           4  -1.4588049385692825E-016
          12           5  -6.2119614952429382E-016
          12           6  -2.8696818275547806E-002
          12           7  -1.2885123397749559E-017
          12           8   3.9936589383942781E-016
          12           9  -2.7890501048535534E-016
          12          10   6.7303591688983701E-003
          12          11   1.5932051204433444E-016
          12          12   6.7303591688980206E-003
          12          13   8.0525179811231987E-017
          12          14   4.1827810632679961E-017
          12          15   6.7303591688982608E-003
          13           1   2.9802093836705943E-015
          13           2   1.3552063731040228E-016
          13           3   7.9350484747153547E-017
          13           4  -7.9937699070176510E-017
          13           5  -1.6847883609767822E-016
          13           6  -1.5319260525002779E-016
          13           7   1.5588434275729701E-016
          13           8  -6.6265840722194787E-017
          13           9  -8.8058711528681403E-017
          13          10   8.0525179811234575E-017
          13          11   1.0306255321398134E-029
          13          12   8.0525179811231987E-017
          13          13   8.8573630686915758E-030
          13          14   3.8429245334912683E-031
          13          15   8.0525179811225688E-017
          14           1   4.3632371768225840E-016
          14           2  -2.0058142910038400E-016
          14           3   3.2099602289875550E-017
          14           4  -1.7877362862602393E-019
          14           5   9.3558168001822619E-017
          14           6  -9.3164573235218792E-017
          14           7  -5.1637095301361523E-017
          14           8   2.5376622302637938E-017
          14           9   1.1384757608258336E-016
          14          10   4.1827810632682322E-017
          14          11   9.9471022770065197E-031
          14          12   4.1827810632679961E-017
          14          13   3.8429245334912683E-031
          14          14   4.7155696086979481E-031
          14          15   4.1827810632681742E-017
          15           1   3.6688157730631839E-002
          15           2  -4.6236669710613576E-002
          15           3  -1.1607471335865596E-015
          15           4   1.2256506570961612E-016
          15           5   4.0807366373874909E-016
          15           6  -2.8696818275548520E-002
          15           7  -1.4881258259887982E-016
          15           8   3.6002184664064682E-016
          15           9   1.9112183933462861E-016
          15          10   6.7303591688986104E-003
          15          11   1.5932051204433005E-016
          15          12   6.7303591688982608E-003
          15          13   8.0525179811225688E-017
          15          14   4.1827810632681742E-017
          15          15   6.7303591688985019E-003
