           1           1   2.1116415318143860     
           1           2 -0.29145092411436202     
           1           3   8.8427127280468533E-016
           1           4  -2.2204014991300474E-016
           1           5  -2.9767789553884343E-015
           1           6 -0.27008634167062795     
           1           7   1.9248682537034743E-015
           1           8   2.3294902930018349E-016
           1           9   3.1523858798124522E-018
           1          10   2.8481193621323366E-002
           1          11  -2.1193034250454578E-015
           1          12   2.8481193621320993E-002
           1          13   4.7446784772890968E-016
           1          14  -6.7630378709736695E-016
           1          15   2.8481193621319571E-002
           2           1 -0.29145092411436202     
           2           2  0.87384856024988355     
           2           3   4.7323585382261418E-016
           2           4   3.7582794771046826E-015
           2           5   2.5356376574450992E-015
           2           6  0.62359559505163387     
           2           7  -5.0709775642152844E-016
           2           8  -1.9001851987015664E-015
           2           9   2.0525595809741182E-015
           2          10  -5.8919445856234820E-002
           2          11  -1.3292950316312670E-016
           2          12  -5.8919445856237755E-002
           2          13  -3.2824877309761275E-016
           2          14  -1.2093756035838256E-016
           2          15  -5.8919445856236166E-002
           3           1   8.8427127280468533E-016
           3           2   4.7323585382261418E-016
           3           3  0.95825439587224781     
           3           4  -2.8602121065610997E-002
           3           5   8.7325572641848731E-002
           3           6  -5.9848700957075429E-016
           3           7   8.5724359853387472E-002
           3           8  -2.6350986567177912E-002
           3           9   8.0452599524976590E-002
           3          10  -2.5901225316825377E-016
           3          11  -1.6600211840915391E-016
           3          12   7.3645138308821908E-017
           3          13  -1.2767552834789965E-016
           3          14  -5.0570010973033253E-017
           3          15   1.6354968550161547E-016
           4           1  -2.2204014991300474E-016
           4           2   3.7582794771046826E-015
           4           3  -2.8602121065610997E-002
           4           4  0.96558542071338083     
           4           5  -9.9230991775288185E-002
           4           6  -6.4787736021903440E-016
           4           7  -2.6350986567177704E-002
           4           8   9.2478395215630740E-002
           4           9  -9.1421000747466938E-002
           4          10  -6.9431536070574973E-016
           4          11  -4.0065208805197636E-016
           4          12   1.6679937509304430E-016
           4          13   4.6987727031882466E-017
           4          14  -1.2990113372341738E-016
           4          15   5.0263039474329546E-016
           5           1  -2.9767789553884343E-015
           5           2   2.5356376574450992E-015
           5           3   8.7325572641848731E-002
           5           4  -9.9230991775288185E-002
           5           5   1.2360475228839380     
           5           6   2.1415391233318363E-015
           5           7   8.0452599524976826E-002
           5           8  -9.1421000747466813E-002
           5           9  0.34165373451577191     
           5          10   4.5566201720930005E-017
           5          11  -8.2302550422860004E-016
           5          12   4.1327678599875043E-016
           5          13   1.0395516238816260E-015
           5          14   1.9693668863552929E-016
           5          15  -1.4107767977164540E-015
           6           1 -0.27008634167062795     
           6           2  0.62359559505163387     
           6           3  -5.9848700957075429E-016
           6           4  -6.4787736021903440E-016
           6           5   2.1415391233318363E-015
           6           6  0.57737858473874182     
           6           7  -2.6254343945386666E-016
           6           8  -1.3986910732724193E-015
           6           9   5.6912872107658626E-016
           6          10  -3.0413540172263449E-002
           6          11  -1.8269613578440214E-017
           6          12  -3.0413540172264830E-002
           6          13  -1.0727965873908483E-016
           6          14  -1.1687765030176204E-017
           6          15  -3.0413540172264032E-002
           7           1   1.9248682537034743E-015
           7           2  -5.0709775642152844E-016
           7           3   8.5724359853387472E-002
           7           4  -2.6350986567177704E-002
           7           5   8.0452599524976826E-002
           7           6  -2.6254343945386666E-016
           7           7   2.5555408208082716E-002
           7           8  -2.4277027968337278E-002
           7           9   7.4120564853009357E-002
           7          10   1.2676455820486362E-016
           7          11  -2.3563316133102938E-017
           7          12   1.6788360384539828E-016
           7          13  -1.2881203449204291E-017
           7          14  -2.8036572164547263E-017
           7          15   1.4707323532281561E-017
           8           1   2.3294902930018349E-016
           8           2  -1.9001851987015664E-015
           8           3  -2.6350986567177912E-002
           8           4   9.2478395215630740E-002
           8           5  -9.1421000747466813E-002
           8           6  -1.3986910732724193E-015
           8           7  -2.4277027968337278E-002
           8           8   3.1777866140362272E-002
           8           9  -8.4225696308619050E-002
           8          10   5.6616543938749666E-017
           8          11  -1.2717897518796931E-017
           8          12   9.2937182284812330E-017
           8          13   8.0631090960006945E-018
           8          14   1.9301743677886666E-017
           8          15   2.9635062841859895E-016
           9           1   3.1523858798124522E-018
           9           2   2.0525595809741182E-015
           9           3   8.0452599524976590E-002
           9           4  -9.1421000747466938E-002
           9           5  0.34165373451577191     
           9           6   5.6912872107658626E-016
           9           7   7.4120564853009357E-002
           9           8  -8.4225696308619050E-002
           9           9  0.26134182063548933     
           9          10   1.0902617156423258E-016
           9          11  -9.8310429736872768E-017
           9          12   1.9897886784658169E-016
           9          13   5.4667260063684429E-017
           9          14  -7.2312008104626182E-017
           9          15  -4.7559588884855084E-016
          10           1   2.8481193621323366E-002
          10           2  -5.8919445856234820E-002
          10           3  -2.5901225316825377E-016
          10           4  -6.9431536070574973E-016
          10           5   4.5566201720930005E-017
          10           6  -3.0413540172263449E-002
          10           7   1.2676455820486362E-016
          10           8   5.6616543938749666E-017
          10           9   1.0902617156423258E-016
          10          10   5.3054554942511172E-003
          10          11   4.4797987072416707E-017
          10          12   5.3054554942513956E-003
          10          13   4.8089143376585531E-017
          10          14  -1.5391767327780680E-017
          10          15   5.3054554942512629E-003
          11           1  -2.1193034250454578E-015
          11           2  -1.3292950316312670E-016
          11           3  -1.6600211840915391E-016
          11           4  -4.0065208805197636E-016
          11           5  -8.2302550422860004E-016
          11           6  -1.8269613578440214E-017
          11           7  -2.3563316133102938E-017
          11           8  -1.2717897518796931E-017
          11           9  -9.8310429736872768E-017
          11          10   4.4797987072416707E-017
          11          11   1.2702111734410063E-029
          11          12   4.4797987072428429E-017
          11          13   1.3089023619950492E-030
          11          14  -4.7491999190350930E-030
          11          15   4.4797987072432645E-017
          12           1   2.8481193621320993E-002
          12           2  -5.8919445856237755E-002
          12           3   7.3645138308821908E-017
          12           4   1.6679937509304430E-016
          12           5   4.1327678599875043E-016
          12           6  -3.0413540172264830E-002
          12           7   1.6788360384539828E-016
          12           8   9.2937182284812330E-017
          12           9   1.9897886784658169E-016
          12          10   5.3054554942513956E-003
          12          11   4.4797987072428429E-017
          12          12   5.3054554942516732E-003
          12          13   4.8089143376589198E-017
          12          14  -1.5391767327783666E-017
          12          15   5.3054554942515405E-003
          13           1   4.7446784772890968E-016
          13           2  -3.2824877309761275E-016
          13           3  -1.2767552834789965E-016
          13           4   4.6987727031882466E-017
          13           5   1.0395516238816260E-015
          13           6  -1.0727965873908483E-016
          13           7  -1.2881203449204291E-017
          13           8   8.0631090960006945E-018
          13           9   5.4667260063684429E-017
          13          10   4.8089143376585531E-017
          13          11   1.3089023619950492E-030
          13          12   4.8089143376589198E-017
          13          13   2.2164545440873507E-030
          13          14  -1.1154667845170551E-030
          13          15   4.8089143376587411E-017
          14           1  -6.7630378709736695E-016
          14           2  -1.2093756035838256E-016
          14           3  -5.0570010973033253E-017
          14           4  -1.2990113372341738E-016
          14           5   1.9693668863552929E-016
          14           6  -1.1687765030176204E-017
          14           7  -2.8036572164547263E-017
          14           8   1.9301743677886666E-017
          14           9  -7.2312008104626182E-017
          14          10  -1.5391767327780680E-017
          14          11  -4.7491999190350930E-030
          14          12  -1.5391767327783666E-017
          14          13  -1.1154667845170551E-030
          14          14   3.5061530263164080E-030
          14          15  -1.5391767327785346E-017
          15           1   2.8481193621319571E-002
          15           2  -5.8919445856236166E-002
          15           3   1.6354968550161547E-016
          15           4   5.0263039474329546E-016
          15           5  -1.4107767977164540E-015
          15           6  -3.0413540172264032E-002
          15           7   1.4707323532281561E-017
          15           8   2.9635062841859895E-016
          15           9  -4.7559588884855084E-016
          15          10   5.3054554942512629E-003
          15          11   4.4797987072432645E-017
          15          12   5.3054554942515405E-003
          15          13   4.8089143376587411E-017
          15          14  -1.5391767327785346E-017
          15          15   5.3054554942514086E-003
