           1           1   2.1811620277937802     
           1           2 -0.70325501794898293     
           1           3  -5.7388025935995093E-014
           1           4  -1.3009720657888646E-013
           1           5   4.8152359636741380E-014
           1           6  0.90825245599016258     
           1           7  -2.9031848667469643E-015
           1           8   1.4382094848512481E-014
           1           9  -5.8941698645664500E-015
           1          10 -0.11492398268819025     
           1          11  -4.4684017215880735E-015
           1          12  -1.3678730635949101E-014
           1          13   1.3932855475882945E-014
           1          14 -0.25744695542966772     
           1          15   2.1393631443417929E-015
           1          16 -0.25744695542969548     
           1          17   1.9370033514803400E-015
           1          18  -2.4496245790597233E-015
           1          19 -0.25744695542968438     
           2           1 -0.70325501794898293     
           2           2   2.7298946120105381     
           2           3   2.2776896356684004E-013
           2           4   5.0328725223153387E-013
           2           5  -1.7128902538186011E-013
           2           6  -3.5147430220846947     
           2           7   1.2792445637192972E-014
           2           8  -5.5384161092891832E-014
           2           9  -2.2171297760858061E-015
           2          10  0.44483924998872915     
           2          11   1.7108975003489865E-015
           2          12   5.9006588325996834E-014
           2          13  -3.6454719312220419E-014
           2          14  0.98508986700274959     
           2          15  -1.2253444254847542E-014
           2          16  0.98508986700284540     
           2          17   2.6312614769299184E-015
           2          18   9.9928152840666961E-015
           2          19  0.98508986700279522     
           3           1  -5.7388025935995093E-014
           3           2   2.2776896356684004E-013
           3           3   2.1571818565799528     
           3           4   7.3205330686241494E-016
           3           5  -3.9898639947483839E-016
           3           6  -1.6948845106508385E-013
           3           7 -0.50274635291186098     
           3           8  -3.1806154932046417E-015
           3           9   7.0776717819924027E-016
           3          10   2.7815078015744819E-014
           3          11  0.16070862603204539     
           3          12  -1.0135121908390547E-015
           3          13  -1.4970663597680612E-015
           3          14   5.9240168008413463E-014
           3          15  -4.0373205374489073E-015
           3          16   6.4895862211298091E-014
           3          17   6.8102410763726146E-015
           3          18  -3.6208407467824002E-015
           3          19   6.7691755427697770E-014
           4           1  -1.3009720657888646E-013
           4           2   5.0328725223153387E-013
           4           3   7.3205330686241494E-016
           4           4   2.1571818565799545     
           4           5  -4.1633363423471005E-016
           4           6  -3.4327134644027158E-013
           4           7  -4.1156314467560138E-015
           4           8 -0.50274635291185965     
           4           9  -1.5282913823344427E-015
           4          10   5.1109809433621592E-014
           4          11   1.6891869847326646E-015
           4          12  0.16070862603204467     
           4          13   3.7287881116120246E-015
           4          14   1.3026150802767470E-013
           4          15   4.8521976801571867E-016
           4          16   1.2458659225713948E-013
           4          17  -3.5196731694047897E-016
           4          18   2.8937838837354595E-015
           4          19   1.2884043690427126E-013
           5           1   4.8152359636741380E-014
           5           2  -1.7128902538186011E-013
           5           3  -3.9898639947483839E-016
           5           4  -4.1633363423471005E-016
           5           5   2.1571818565799541     
           5           6   9.9517796246893326E-014
           5           7   1.9567680809027255E-015
           5           8   1.5092094241157473E-016
           5           9 -0.50274635291185876     
           5          10  -1.4113155344040458E-014
           5          11  -4.7011006198992712E-016
           5          12   9.1072982488728454E-016
           5          13  0.16070862603204622     
           5          14  -4.3115942271482134E-014
           5          15  -3.9103342204415420E-016
           5          16  -4.1759228830216203E-014
           5          17  -5.1460975445237921E-016
           5          18  -3.9009820123590351E-015
           5          19  -3.9806871799696937E-014
           6           1  0.90825245599016258     
           6           2  -3.5147430220846947     
           6           3  -1.6948845106508385E-013
           6           4  -3.4327134644027158E-013
           6           5   9.9517796246893326E-014
           6           6   14.877104524744283     
           6           7  -8.6527657383928578E-014
           6           8  -1.0633576042738354E-013
           6           9   1.1183234665865969E-013
           6          10  -1.8390116034571853     
           6          11   1.7638200400722912E-014
           6          12   4.3160865691981672E-015
           6          13   1.7824657706274386E-014
           6          14  -3.5712749618541673     
           6          15   5.7599159826424188E-015
           6          16  -3.5712749618542503     
           6          17  -1.1514985617208762E-014
           6          18  -2.2184747558699020E-014
           6          19  -3.5712749618542130     
           7           1  -2.9031848667469643E-015
           7           2   1.2792445637192972E-014
           7           3 -0.50274635291186098     
           7           4  -4.1156314467560138E-015
           7           5   1.9567680809027255E-015
           7           6  -8.6527657383928578E-014
           7           7   1.4266570654845396     
           7           8   3.2120031461029186E-015
           7           9   1.2789248826602914E-015
           7          10   2.6314316463879463E-015
           7          11 -0.27724816628986559     
           7          12  -4.7900051980612333E-016
           7          13  -1.0338301395517885E-014
           7          14   1.5519662258843057E-014
           7          15  -3.6824585796152920E-015
           7          16   1.0673416634915164E-014
           7          17  -7.3955990967739209E-015
           7          18  -2.8973655035582810E-015
           7          19   7.7328191809308269E-015
           8           1   1.4382094848512481E-014
           8           2  -5.5384161092891832E-014
           8           3  -3.1806154932046417E-015
           8           4 -0.50274635291185965     
           8           5   1.5092094241157473E-016
           8           6  -1.0633576042738354E-013
           8           7   3.2120031461029186E-015
           8           8   1.4266570654845316     
           8           9   1.6811638886495443E-015
           8          10  -2.1572298851799847E-015
           8          11  -1.4555414165632227E-015
           8          12 -0.27724816628986049     
           8          13  -9.1241575926596800E-015
           8          14   5.2112617213902607E-015
           8          15  -3.8985890717139544E-015
           8          16   1.7137000715827557E-015
           8          17  -6.2205106590310734E-015
           8          18  -1.7995606517655033E-015
           8          19   1.5495345922156647E-015
           9           1  -5.8941698645664500E-015
           9           2  -2.2171297760858061E-015
           9           3   7.0776717819924027E-016
           9           4  -1.5282913823344427E-015
           9           5 -0.50274635291185876     
           9           6   1.1183234665865969E-013
           9           7   1.2789248826602914E-015
           9           8   1.6811638886495443E-015
           9           9   1.4266570654845319     
           9          10  -5.6789127718767215E-015
           9          11  -1.6605640473779346E-015
           9          12   2.0475158027608138E-016
           9          13 -0.27724816628986776     
           9          14  -1.6218907423775473E-014
           9          15  -2.5706650945237865E-015
           9          16  -1.9537481564545963E-014
           9          17  -3.8869455526284267E-015
           9          18  -8.2316769947459275E-016
           9          19  -2.0565597267484436E-014
          10           1 -0.11492398268819025     
          10           2  0.44483924998872915     
          10           3   2.7815078015744819E-014
          10           4   5.1109809433621592E-014
          10           5  -1.4113155344040458E-014
          10           6  -1.8390116034571853     
          10           7   2.6314316463879463E-015
          10           8  -2.1572298851799847E-015
          10           9  -5.6789127718767215E-015
          10          10  0.24935706457348461     
          10          11  -1.2986706046605095E-016
          10          12   5.2324588111583098E-015
          10          13  -3.6178216767161564E-015
          10          14  0.46159936215714842     
          10          15  -1.3313083026345791E-015
          10          16  0.46159936215715974     
          10          17   5.4289156172576265E-016
          10          18   1.9446842984502219E-015
          10          19  0.46159936215715430     
          11           1  -4.4684017215880735E-015
          11           2   1.7108975003489865E-015
          11           3  0.16070862603204539     
          11           4   1.6891869847326646E-015
          11           5  -4.7011006198992712E-016
          11           6   1.7638200400722912E-014
          11           7 -0.27724816628986559     
          11           8  -1.4555414165632227E-015
          11           9  -1.6605640473779346E-015
          11          10  -1.2986706046605095E-016
          11          11   5.5988572045078594E-002
          11          12   2.3524476637552757E-016
          11          13   2.0667061811917743E-015
          11          14  -2.5070809851224615E-015
          11          15   5.5025622462613119E-016
          11          16  -1.4469097055156860E-015
          11          17   1.5835587275442668E-015
          11          18   3.9859378647765613E-016
          11          19  -8.0059871505099578E-016
          12           1  -1.3678730635949101E-014
          12           2   5.9006588325996834E-014
          12           3  -1.0135121908390547E-015
          12           4  0.16070862603204467     
          12           5   9.1072982488728454E-016
          12           6   4.3160865691981672E-015
          12           7  -4.7900051980612333E-016
          12           8 -0.27724816628986049     
          12           9   2.0475158027608138E-016
          12          10   5.2324588111583098E-015
          12          11   2.3524476637552757E-016
          12          12   5.5988572045076970E-002
          12          13   1.7214419993636204E-015
          12          14   9.8073972132677061E-015
          12          15   7.4428502962656214E-016
          12          16   1.0303639366359890E-014
          12          17   1.1172220120794820E-015
          12          18   4.2161969305351840E-016
          12          19   1.0421635287161600E-014
          13           1   1.3932855475882945E-014
          13           2  -3.6454719312220419E-014
          13           3  -1.4970663597680612E-015
          13           4   3.7287881116120246E-015
          13           5  0.16070862603204622     
          13           6   1.7824657706274386E-014
          13           7  -1.0338301395517885E-014
          13           8  -9.1241575926596800E-015
          13           9 -0.27724816628986776     
          13          10  -3.6178216767161564E-015
          13          11   2.0667061811917743E-015
          13          12   1.7214419993636204E-015
          13          13   5.5988572045079670E-002
          13          14  -9.0189344604983345E-015
          13          15   4.5926750275540685E-016
          13          16  -8.3627688891105453E-015
          13          17   7.1560817108047432E-016
          13          18   4.3371131079364255E-017
          13          19  -8.1193645326750749E-015
          14           1 -0.25744695542966772     
          14           2  0.98508986700274959     
          14           3   5.9240168008413463E-014
          14           4   1.3026150802767470E-013
          14           5  -4.3115942271482134E-014
          14           6  -3.5712749618541673     
          14           7   1.5519662258843057E-014
          14           8   5.2112617213902607E-015
          14           9  -1.6218907423775473E-014
          14          10  0.46159936215714842     
          14          11  -2.5070809851224615E-015
          14          12   9.8073972132677061E-015
          14          13  -9.0189344604983345E-015
          14          14  0.88616544322117663     
          14          15  -3.0509513981584059E-015
          14          16  0.88616544322120505     
          14          17   2.0048807025091191E-015
          14          18   5.0793977064359076E-015
          14          19  0.88616544322119117     
          15           1   2.1393631443417929E-015
          15           2  -1.2253444254847542E-014
          15           3  -4.0373205374489073E-015
          15           4   4.8521976801571867E-016
          15           5  -3.9103342204415420E-016
          15           6   5.7599159826424188E-015
          15           7  -3.6824585796152920E-015
          15           8  -3.8985890717139544E-015
          15           9  -2.5706650945237865E-015
          15          10  -1.3313083026345791E-015
          15          11   5.5025622462613119E-016
          15          12   7.4428502962656214E-016
          15          13   4.5926750275540685E-016
          15          14  -3.0509513981584059E-015
          15          15   2.2800250584627592E-028
          15          16  -3.0509513981594930E-015
          15          17   4.2066953969432447E-029
          15          18  -2.5028769749015963E-029
          15          19  -3.0509513981588998E-015
          16           1 -0.25744695542969548     
          16           2  0.98508986700284540     
          16           3   6.4895862211298091E-014
          16           4   1.2458659225713948E-013
          16           5  -4.1759228830216203E-014
          16           6  -3.5712749618542503     
          16           7   1.0673416634915164E-014
          16           8   1.7137000715827557E-015
          16           9  -1.9537481564545963E-014
          16          10  0.46159936215715974     
          16          11  -1.4469097055156860E-015
          16          12   1.0303639366359890E-014
          16          13  -8.3627688891105453E-015
          16          14  0.88616544322120505     
          16          15  -3.0509513981594930E-015
          16          16  0.88616544322123336     
          16          17   2.0048807025092670E-015
          16          18   5.0793977064364251E-015
          16          19  0.88616544322121960     
          17           1   1.9370033514803400E-015
          17           2   2.6312614769299184E-015
          17           3   6.8102410763726146E-015
          17           4  -3.5196731694047897E-016
          17           5  -5.1460975445237921E-016
          17           6  -1.1514985617208762E-014
          17           7  -7.3955990967739209E-015
          17           8  -6.2205106590310734E-015
          17           9  -3.8869455526284267E-015
          17          10   5.4289156172576265E-016
          17          11   1.5835587275442668E-015
          17          12   1.1172220120794820E-015
          17          13   7.1560817108047432E-016
          17          14   2.0048807025091191E-015
          17          15   4.2066953969432447E-029
          17          16   2.0048807025092670E-015
          17          17   1.4516232102325366E-028
          17          18   7.1367818446292984E-029
          17          19   2.0048807025092504E-015
          18           1  -2.4496245790597233E-015
          18           2   9.9928152840666961E-015
          18           3  -3.6208407467824002E-015
          18           4   2.8937838837354595E-015
          18           5  -3.9009820123590351E-015
          18           6  -2.2184747558699020E-014
          18           7  -2.8973655035582810E-015
          18           8  -1.7995606517655033E-015
          18           9  -8.2316769947459275E-016
          18          10   1.9446842984502219E-015
          18          11   3.9859378647765613E-016
          18          12   4.2161969305351840E-016
          18          13   4.3371131079364255E-017
          18          14   5.0793977064359076E-015
          18          15  -2.5028769749015963E-029
          18          16   5.0793977064364251E-015
          18          17   7.1367818446292984E-029
          18          18   1.2692266244494355E-028
          18          19   5.0793977064361624E-015
          19           1 -0.25744695542968438     
          19           2  0.98508986700279522     
          19           3   6.7691755427697770E-014
          19           4   1.2884043690427126E-013
          19           5  -3.9806871799696937E-014
          19           6  -3.5712749618542130     
          19           7   7.7328191809308269E-015
          19           8   1.5495345922156647E-015
          19           9  -2.0565597267484436E-014
          19          10  0.46159936215715430     
          19          11  -8.0059871505099578E-016
          19          12   1.0421635287161600E-014
          19          13  -8.1193645326750749E-015
          19          14  0.88616544322119117     
          19          15  -3.0509513981588998E-015
          19          16  0.88616544322121960     
          19          17   2.0048807025092504E-015
          19          18   5.0793977064361624E-015
          19          19  0.88616544322120572     
