           1           1   2.1562161943444540     
           1           2 -0.60907968119654154     
           1           3  -1.0436877068848339E-013
           1           4  -2.3838030873706301E-014
           1           5   2.7543706222917186E-014
           1           6   6.6002430788579647E-002
           1           7  -9.5241690787191743E-015
           1           8  -2.3589404394208685E-014
           1           9  -1.5955041530220134E-015
           1          10   6.0572209608181972E-002
           1          11   2.5822071929281867E-014
           1          12   2.3597395043818532E-014
           1          13  -3.7065164358362596E-015
           1          14   1.4433954987855938E-002
           1          15  -2.4766707592398761E-004
           1          16   1.4690079964957321E-002
           1          17  -2.3185475394999020E-004
           1          18   4.0847034386025708E-004
           1          19   1.4643369852584551E-002
           2           1 -0.60907968119654154     
           2           2   2.3855910188412786     
           2           3   4.3850818277831784E-013
           2           4   2.1688036639231972E-014
           2           5  -2.7000583113723896E-014
           2           6 -0.50017124217196152     
           2           7  -7.2509863167801195E-014
           2           8   8.3329372882352215E-014
           2           9  -3.6643789966317894E-014
           2          10 -0.25525695719763503     
           2          11  -9.7121338995102940E-014
           2          12  -1.0546878341798833E-014
           2          13  -5.8654319824336289E-014
           2          14  -2.2122499165659146E-003
           2          15   1.1766502317263668E-003
           2          16  -3.4290830899132703E-003
           2          17   1.1015269143033598E-003
           2          18  -1.9406161393508790E-003
           2          19  -3.2071663717995061E-003
           3           1  -1.0436877068848339E-013
           3           2   4.3850818277831784E-013
           3           3   2.0590987155623419     
           3           4  -1.7028576026519516E-002
           3           5  -1.5941385386923961E-002
           3           6  -6.8824940598087689E-013
           3           7 -0.18914747919035799     
           3           8   4.4159184607587547E-002
           3           9   4.1339838338979182E-002
           3          10   5.9962762328535676E-014
           3          11 -0.13130287637162630     
           3          12   3.0359589647936464E-002
           3          13   2.8421279496927760E-002
           3          14   2.8958868491429160E-013
           3          15  -3.3007550821852509E-014
           3          16   1.8753526157255011E-013
           3          17   6.8171600814734171E-014
           3          18   9.9808564734302221E-016
           3          19   1.8445772073431271E-013
           4           1  -2.3838030873706301E-014
           4           2   2.1688036639231972E-014
           4           3  -1.7028576026519516E-002
           4           4   2.0794331153316667     
           4           5   2.8084751597042337E-002
           4           6   6.1679485420333167E-014
           4           7   4.4159184607603166E-002
           4           8 -0.24187945817573625     
           4           9  -7.2830501399696407E-002
           4          10   8.7024927615746131E-016
           4          11   3.0359589647936999E-002
           4          12 -0.16755629131908178     
           4          13  -5.0071217482978159E-002
           4          14  -1.6203990600373236E-014
           4          15   8.1086053868728435E-014
           4          16  -2.7435807570471376E-015
           4          17  -1.2201296903660420E-013
           4          18   6.6298732341780746E-014
           4          19  -2.3268198480592688E-014
           5           1   2.7543706222917186E-014
           5           2  -2.7000583113723896E-014
           5           3  -1.5941385386923961E-002
           5           4   2.8084751597042337E-002
           5           5   2.0757246831884695     
           5           6  -3.0839766017291712E-013
           5           7   4.1339838339045219E-002
           5           8  -7.2830501399742856E-002
           5           9 -0.23226260355716710     
           5          10   4.2114768560652416E-014
           5          11   2.8421279496924041E-002
           5          12  -5.0071217482956260E-002
           5          13 -0.16094467105245003     
           5          14   8.8407717221137894E-014
           5          15  -2.2411038795316310E-014
           5          16   1.0174013932329800E-014
           5          17   1.3214596989931727E-013
           5          18   4.6448965789315154E-014
           5          19   1.7124443582190393E-013
           6           1   6.6002430788579647E-002
           6           2 -0.50017124217196152     
           6           3  -6.8824940598087689E-013
           6           4   6.1679485420333167E-014
           6           5  -3.0839766017291712E-013
           6           6   1.1423002703852800     
           6           7   1.3372111011654752E-013
           6           8  -8.5080288217596641E-014
           6           9   6.4144817213284085E-014
           6          10  0.50980344078616391     
           6          11   2.4508797256759358E-013
           6          12  -1.3412041262470507E-014
           6          13   1.2057868514430617E-013
           6          14  -1.2140985533471566E-004
           6          15  -1.9537590796275400E-003
           6          16   1.8990706556589094E-003
           6          17  -1.8290211928567099E-003
           6          18   3.2222799096123383E-003
           6          19   1.5305908886899759E-003
           7           1  -9.5241690787191743E-015
           7           2  -7.2509863167801195E-014
           7           3 -0.18914747919035799     
           7           4   4.4159184607603166E-002
           7           5   4.1339838339045219E-002
           7           6   1.3372111011654752E-013
           7           7  0.63506943047915743     
           7           8 -0.11286517435154500     
           7           9 -0.10565928930220220     
           7          10   1.9091265200701704E-013
           7          11  0.32858824434271267     
           7          12  -8.1889111966399197E-002
           7          13  -7.6660895813731922E-002
           7          14  -2.9052680971902923E-013
           7          15  -6.1445554339004099E-014
           7          16   1.4416860262601312E-013
           7          17  -1.5886652043794130E-013
           7          18  -1.8041750185314510E-014
           7          19   1.2702090348164055E-013
           8           1  -2.3589404394208685E-014
           8           2   8.3329372882352215E-014
           8           3   4.4159184607587547E-002
           8           4 -0.24187945817573625     
           8           5  -7.2830501399742856E-002
           8           6  -8.5080288217596641E-014
           8           7 -0.11286517435154500     
           8           8  0.76984556040495444     
           8           9  0.18614535824541373     
           8          10   4.8092173458765108E-014
           8          11  -8.1889111966415656E-002
           8          12  0.42637480833201424     
           8          13  0.13505740961257562     
           8          14  -1.3405416802295675E-014
           8          15  -2.3429072520778997E-013
           8          16  -4.2672619239786766E-014
           8          17   3.7655811687999192E-014
           8          18  -1.1469735650441867E-013
           8          19   6.5511438814661286E-014
           9           1  -1.5955041530220134E-015
           9           2  -3.6643789966317894E-014
           9           3   4.1339838338979182E-002
           9           4  -7.2830501399696407E-002
           9           5 -0.23226260355716710     
           9           6   6.4144817213284085E-014
           9           7 -0.10565928930220220     
           9           8  0.18614535824541373     
           9           9  0.74526612165711903     
           9          10   1.4452565324763329E-013
           9          11  -7.6660895813781535E-002
           9          12  0.13505740961264459     
           9          13  0.40854124343269060     
           9          14   3.6228306334496937E-014
           9          15   3.3785045198302040E-014
           9          16   8.5545277437664433E-014
           9          17  -2.4507535677417704E-013
           9          18  -1.4932451390563393E-014
           9          19  -1.3948600091583786E-013
          10           1   6.0572209608181972E-002
          10           2 -0.25525695719763503     
          10           3   5.9962762328535676E-014
          10           4   8.7024927615746131E-016
          10           5   4.2114768560652416E-014
          10           6  0.50980344078616391     
          10           7   1.9091265200701704E-013
          10           8   4.8092173458765108E-014
          10           9   1.4452565324763329E-013
          10          10  0.22858324243390177     
          10          11   1.5924530972643851E-013
          10          12   4.1798700383113924E-014
          10          13   1.0926833825846863E-013
          10          14  -3.0152286522513571E-004
          10          15  -1.2849358435841375E-003
          10          16   1.0272939049274555E-003
          10          17  -1.2028990236668969E-003
          10          18   2.1192085539498574E-003
          10          19   7.8495447567677405E-004
          11           1   2.5822071929281867E-014
          11           2  -9.7121338995102940E-014
          11           3 -0.13130287637162630     
          11           4   3.0359589647936999E-002
          11           5   2.8421279496924041E-002
          11           6   2.4508797256759358E-013
          11           7  0.32858824434271267     
          11           8  -8.1889111966415656E-002
          11           9  -7.6660895813781535E-002
          11          10   1.5924530972643851E-013
          11          11  0.17181042495456431     
          11          12  -5.6180773862881409E-002
          11          13  -5.2593908377061085E-002
          11          14  -1.4113630822074338E-013
          11          15  -2.0648399458465369E-014
          11          16   6.9034238608379619E-014
          11          17  -7.1439376456699796E-014
          11          18  -1.8793496443721369E-014
          11          19   6.2830933347158182E-014
          12           1   2.3597395043818532E-014
          12           2  -1.0546878341798833E-014
          12           3   3.0359589647936464E-002
          12           4 -0.16755629131908178     
          12           5  -5.0071217482956260E-002
          12           6  -1.3412041262470507E-014
          12           7  -8.1889111966399197E-002
          12           8  0.42637480833201424     
          12           9  0.13505740961264459     
          12          10   4.1798700383113924E-014
          12          11  -5.6180773862881409E-002
          12          12  0.23889779110604989     
          12          13   9.2657370506928238E-002
          12          14  -1.2362714528701856E-015
          12          15  -1.1873247207540508E-013
          12          16  -2.1649013688480241E-014
          12          17   1.9430094454819589E-014
          12          18  -6.0964905081895507E-014
          12          19   3.0281589664360298E-014
          13           1  -3.7065164358362596E-015
          13           2  -5.8654319824336289E-014
          13           3   2.8421279496927760E-002
          13           4  -5.0071217482978159E-002
          13           5 -0.16094467105245003     
          13           6   1.2057868514430617E-013
          13           7  -7.6660895813731922E-002
          13           8  0.13505740961257562     
          13           9  0.40854124343269060     
          13          10   1.0926833825846863E-013
          13          11  -5.2593908377061085E-002
          13          12   9.2657370506928238E-002
          13          13  0.22666291087943780     
          13          14   2.4260504572276767E-014
          13          15   1.7412739567624837E-014
          13          16   4.1061207107912563E-014
          13          17  -1.2020478211949185E-013
          13          18  -1.6640167491680897E-014
          13          19  -7.2425244800833061E-014
          14           1   1.4433954987855938E-002
          14           2  -2.2122499165659146E-003
          14           3   2.8958868491429160E-013
          14           4  -1.6203990600373236E-014
          14           5   8.8407717221137894E-014
          14           6  -1.2140985533471566E-004
          14           7  -2.9052680971902923E-013
          14           8  -1.3405416802295675E-014
          14           9   3.6228306334496937E-014
          14          10  -3.0152286522513571E-004
          14          11  -1.4113630822074338E-013
          14          12  -1.2362714528701856E-015
          14          13   2.4260504572276767E-014
          14          14   6.7859365539895680E-004
          14          15   5.3881702584217099E-004
          14          16   1.2137587399974079E-004
          14          17   5.0441621466946009E-004
          14          18  -8.8865576897753965E-004
          14          19   2.2299698698594809E-004
          15           1  -2.4766707592398761E-004
          15           2   1.1766502317263668E-003
          15           3  -3.3007550821852509E-014
          15           4   8.1086053868728435E-014
          15           5  -2.2411038795316310E-014
          15           6  -1.9537590796275400E-003
          15           7  -6.1445554339004099E-014
          15           8  -2.3429072520778997E-013
          15           9   3.3785045198302040E-014
          15          10  -1.2849358435841375E-003
          15          11  -2.0648399458465369E-014
          15          12  -1.1873247207540508E-013
          15          13   1.7412739567624837E-014
          15          14   5.3881702584217099E-004
          15          15   5.0531827957277350E-004
          15          16   1.6241982481387139E-005
          15          17   4.7305619822823192E-004
          15          18  -8.3340722875344824E-004
          15          19   1.1154521812372273E-004
          16           1   1.4690079964957321E-002
          16           2  -3.4290830899132703E-003
          16           3   1.8753526157255011E-013
          16           4  -2.7435807570471376E-015
          16           5   1.0174013932329800E-014
          16           6   1.8990706556589094E-003
          16           7   1.4416860262601312E-013
          16           8  -4.2672619239786766E-014
          16           9   8.5545277437664433E-014
          16          10   1.0272939049274555E-003
          16          11   6.9034238608379619E-014
          16          12  -2.1649013688480241E-014
          16          13   4.1061207107912563E-014
          16          14   1.2137587399974079E-004
          16          15   1.6241982481387139E-005
          16          16   1.0457922316878238E-004
          16          17   1.5205011959338785E-005
          16          18  -2.6787444975413934E-005
          16          19   1.0764246775505162E-004
          17           1  -2.3185475394999020E-004
          17           2   1.1015269143033598E-003
          17           3   6.8171600814734171E-014
          17           4  -1.2201296903660420E-013
          17           5   1.3214596989931727E-013
          17           6  -1.8290211928567099E-003
          17           7  -1.5886652043794130E-013
          17           8   3.7655811687999192E-014
          17           9  -2.4507535677417704E-013
          17          10  -1.2028990236668969E-003
          17          11  -7.1439376456699796E-014
          17          12   1.9430094454819589E-014
          17          13  -1.2020478211949185E-013
          17          14   5.0441621466946009E-004
          17          15   4.7305619822823192E-004
          17          16   1.5205011959338785E-005
          17          17   4.4285389175184229E-004
          17          18  -7.8019828521413070E-004
          17          19   1.0442360577298260E-004
          18           1   4.0847034386025708E-004
          18           2  -1.9406161393508790E-003
          18           3   9.9808564734302221E-016
          18           4   6.6298732341780746E-014
          18           5   4.6448965789315154E-014
          18           6   3.2222799096123383E-003
          18           7  -1.8041750185314510E-014
          18           8  -1.1469735650441867E-013
          18           9  -1.4932451390563393E-014
          18          10   2.1192085539498574E-003
          18          11  -1.8793496443721369E-014
          18          12  -6.0964905081895507E-014
          18          13  -1.6640167491680897E-014
          18          14  -8.8865576897753965E-004
          18          15  -8.3340722875344824E-004
          18          16  -2.6787444975413934E-005
          18          17  -7.8019828521413070E-004
          18          18   1.3745151066486879E-003
          18          19  -1.8396839155638384E-004
          19           1   1.4643369852584551E-002
          19           2  -3.2071663717995061E-003
          19           3   1.8445772073431271E-013
          19           4  -2.3268198480592688E-014
          19           5   1.7124443582190393E-013
          19           6   1.5305908886899759E-003
          19           7   1.2702090348164055E-013
          19           8   6.5511438814661286E-014
          19           9  -1.3948600091583786E-013
          19          10   7.8495447567677405E-004
          19          11   6.2830933347158182E-014
          19          12   3.0281589664360298E-014
          19          13  -7.2425244800833061E-014
          19          14   2.2299698698594809E-004
          19          15   1.1154521812372273E-004
          19          16   1.0764246775505162E-004
          19          17   1.0442360577298260E-004
          19          18  -1.8396839155638384E-004
          19          19   1.2867994183402319E-004
