           1           1   2.1875140962660224     
           1           2  0.69062292666361902     
           1           3  -8.7348309417613192E-009
           1           4  -8.8768369634392977E-012
           1           5  -6.4316205532327764E-009
           1           6 -0.18399992958185241     
           1           7  -1.8217211450195149E-010
           1           8   3.8680588408455776E-011
           1           9  -3.4185087437865598E-010
           1          10   2.8360104273037454E-002
           1          11   1.2824129556550104E-010
           1          12  -1.6491344635472474E-011
           1          13   2.5422536210498939E-010
           1          14  -2.5010877975492847E-002
           1          15  -4.0936397143337770E-011
           1          16   6.0115076252022731E-012
           1          17  -5.4422913423828139E-011
           1          18   2.1991603790869455E-002
           1          19   4.8519691699812195E-011
           1          20   2.1969216280304047E-002
           1          21  -5.6930953385510636E-012
           1          22  -2.7528553781354629E-010
           1          23   2.1991588375949667E-002
           1          24   2.1848527884585174E-003
           1          25  -1.7273786920569708E-011
           1          26   2.1684222678363956E-003
           1          27   2.8793608707473797E-012
           1          28   4.2203904157113430E-011
           1          29   2.1848557130809878E-003
           1          30   6.6351246745384099E-011
           1          31  -1.1402516784682040E-011
           1          32   2.7893142609615424E-011
           1          33  -2.8578118909943011E-011
           1          34   7.2391697152814974E-011
           1          35   2.5018523171649679E-012
           1          36   7.3095224997988104E-011
           1          37   2.3381407387729150E-011
           1          38  -9.9266811198075863E-012
           1          39   1.6008879110064275E-010
           2           1  0.69062292666361902     
           2           2   2.5376722542201140     
           2           3  -3.0222098073017472E-008
           2           4  -2.5546351757600433E-011
           2           5  -2.2105074676293114E-008
           2           6 -0.94785557675044707     
           2           7  -7.1663557711076625E-010
           2           8   1.3462007170259883E-010
           2           9  -1.3067943463122896E-009
           2          10  0.11417759449871859     
           2          11   4.7517716976963518E-010
           2          12  -6.6218499023406301E-011
           2          13   9.5646348197656898E-010
           2          14 -0.10244324831190119     
           2          15  -1.3454635052121859E-010
           2          16   2.2434570070535318E-011
           2          17  -1.7164253507738702E-010
           2          18   6.3758071276190063E-003
           2          19   1.5085682324306606E-010
           2          20   6.2797583662949500E-003
           2          21  -1.6226982676532949E-011
           2          22  -1.1695398940615420E-009
           2          23   6.3757440553936697E-003
           2          24   2.2323519862439216E-003
           2          25  -1.0205395347405248E-010
           2          26   2.1602700363393306E-003
           2          27   9.0560586106834157E-012
           2          28   1.6144799184654006E-010
           2          29   2.2323642867842948E-003
           2          30   4.6211268437711034E-010
           2          31  -4.9451675558508193E-011
           2          32   2.0162177054916981E-010
           2          33  -1.2247972296918716E-010
           2          34   4.2772472619198133E-010
           2          35   9.3672730264992835E-012
           2          36   4.4176476506632806E-010
           2          37   1.7956878010056229E-010
           2          38  -4.4511033268055883E-011
           2          39   9.6632242958594409E-010
           3           1  -8.7348309417613192E-009
           3           2  -3.0222098073017472E-008
           3           3   2.2404225097480239     
           3           4  -5.6596998132939916E-010
           3           5  -1.0300756040672202E-008
           3           6  -2.7382459173295642E-009
           3           7 -0.73412040844681559     
           3           8   5.7644165377811005E-010
           3           9   2.7132342209036446E-008
           3          10   1.4318527210633912E-008
           3          11  -2.9785165209277715E-003
           3          12  -6.2750125629406739E-009
           3          13   1.8806035189943937E-008
           3          14   8.0533706909646219E-009
           3          15  -4.8949303263310468E-005
           3          16  -1.5540382736008933E-009
           3          17  -1.0359206652205749E-008
           3          18  -2.1096461075379027E-008
           3          19  -1.1231962032726245E-009
           3          20   6.7356681751170134E-009
           3          21  -4.5212192807560087E-009
           3          22  -1.4130678596962685E-009
           3          23   5.0023714450143508E-009
           3          24   6.0558414011943624E-009
           3          25   9.0055593495547658E-009
           3          26   6.4330154790562207E-009
           3          27   1.2873832503990711E-008
           3          28   3.3313896811858397E-009
           3          29   4.6497135652863068E-009
           3          30  -3.1765904782345227E-003
           3          31   5.9034570575298062E-009
           3          32  -4.1379470160141287E-003
           3          33   3.8954096461915184E-009
           3          34  -3.8792265647143476E-010
           3          35   2.9522711635504043E-010
           3          36  -4.5473693633187895E-009
           3          37   4.0159672974091933E-003
           3          38  -4.9225721272295728E-009
           3          39  -1.6962245295011823E-008
           4           1  -8.8768369634392977E-012
           4           2  -2.5546351757600433E-011
           4           3  -5.6596998132939916E-010
           4           4   2.2404205229262395     
           4           5  -3.3099271283883179E-010
           4           6   5.3860342833106340E-010
           4           7  -8.9714907325152125E-011
           4           8 -0.73411463932874099     
           4           9   1.3683439919722260E-010
           4          10   5.0107224243410835E-011
           4          11   5.1392685828033522E-011
           4          12  -2.9842632967607219E-003
           4          13  -2.0767952995395504E-010
           4          14   4.6136408943278859E-011
           4          15  -2.2464906769796697E-011
           4          16  -4.7054336177243040E-005
           4          17   9.2733534257180957E-011
           4          18   2.3125689526330341E-010
           4          19   4.9038560588147826E-010
           4          20   5.5131280661607899E-011
           4          21   1.9569620216539483E-011
           4          22   1.2672733339412913E-009
           4          23   2.5546665077404099E-010
           4          24   9.2110353848710388E-011
           4          25   1.1794161860171214E-010
           4          26   3.0875333597214542E-011
           4          27   7.0886849370825426E-013
           4          28   3.7045812441095709E-010
           4          29   8.1255386053485988E-011
           4          30  -4.3189169768581600E-010
           4          31  -4.1399013830155026E-003
           4          32   1.1213069110229201E-009
           4          33   2.9012435119510167E-003
           4          34   4.8118037594214507E-010
           4          35   1.0566030652344055E-011
           4          36  -1.5626533870261246E-009
           4          37  -4.7430366360525106E-010
           4          38  -4.1398597931076326E-003
           4          39   7.9627382833063050E-010
           5           1  -6.4316205532327764E-009
           5           2  -2.2105074676293114E-008
           5           3  -1.0300756040672202E-008
           5           4  -3.3099271283883179E-010
           5           5   2.2404225083386589     
           5           6  -1.7390019717492872E-008
           5           7   8.2800387667137222E-009
           5           8   2.5380981442762294E-009
           5           9 -0.73412039149213570     
           5          10  -1.6133684538738338E-008
           5          11   2.2232898000504440E-009
           5          12   7.2378745322738964E-009
           5          13  -2.9785056090595834E-003
           5          14  -1.4905258259730340E-009
           5          15  -2.8751344505329156E-009
           5          16  -9.7308968194992227E-009
           5          17  -4.8965573987870922E-005
           5          18  -9.0017250130403420E-009
           5          19   3.3945487410841010E-009
           5          20  -1.0110471654269378E-008
           5          21   1.1529962275517452E-009
           5          22  -4.3158975735393362E-010
           5          23  -5.6951198245921549E-009
           5          24  -1.1234795789476346E-008
           5          25   2.0676862695385425E-010
           5          26  -3.3202680066986909E-009
           5          27  -2.6349281299171999E-009
           5          28  -1.7513484997551265E-009
           5          29  -9.0438915871410621E-009
           5          30   1.5584934989391919E-009
           5          31   6.4854498221882904E-010
           5          32  -4.8136856425747884E-009
           5          33  -1.6541254617565867E-009
           5          34   4.0159416274301151E-003
           5          35  -1.0598541546607693E-009
           5          36  -4.1379486173921164E-003
           5          37   2.2049353555874981E-009
           5          38  -5.7943443298389022E-009
           5          39  -3.1765904496721307E-003
           6           1 -0.18399992958185241     
           6           2 -0.94785557675044707     
           6           3  -2.7382459173295642E-009
           6           4   5.3860342833106340E-010
           6           5  -1.7390019717492872E-008
           6           6   2.4980038680389898     
           6           7   8.3105680455251741E-009
           6           8  -1.2056125079698183E-009
           6           9   1.6343559201072204E-008
           6          10 -0.32429274226621829     
           6          11  -1.1512849522715704E-009
           6          12   1.8168575569389228E-010
           6          13  -2.4298921510996767E-009
           6          14  0.30486727646585443     
           6          15   2.6818867504601949E-010
           6          16  -6.0421776232741018E-011
           6          17   3.2934193950713506E-010
           6          18  -4.2098260727921636E-004
           6          19  -4.1490861623842721E-010
           6          20  -1.3347546599359753E-004
           6          21  -1.0408412799073193E-010
           6          22   3.2680115898012074E-009
           6          23  -4.2079040208426463E-004
           6          24   2.8755436065998059E-003
           6          25   3.3871064829067098E-010
           6          26   3.1009228296073207E-003
           6          27   1.9529051283553835E-011
           6          28  -8.5875820276486462E-010
           6          29   2.8755059808477311E-003
           6          30  -1.6868291297053685E-009
           6          31   8.9549931950277634E-011
           6          32  -7.1520064627000436E-010
           6          33   2.6782016809128983E-010
           6          34  -1.5576244527761631E-009
           6          35   3.8006595343955255E-012
           6          36  -1.3908458212679914E-009
           6          37  -8.3786331533528197E-010
           6          38   1.0939710315676138E-010
           6          39  -3.2213826251066586E-009
           7           1  -1.8217211450195149E-010
           7           2  -7.1663557711076625E-010
           7           3 -0.73412040844681559     
           7           4  -8.9714907325152125E-011
           7           5   8.2800387667137222E-009
           7           6   8.3105680455251741E-009
           7           7   2.2425499991587978     
           7           8   2.5213631694921678E-010
           7           9  -9.4710334080715768E-011
           7          10   9.0063963844980992E-010
           7          11   3.9638527544930899E-003
           7          12  -2.0251457689133833E-010
           7          13   1.4822034090431882E-010
           7          14   8.9975367383410553E-010
           7          15   2.3844666590870870E-003
           7          16   6.3235851767942443E-011
           7          17  -8.9225916601052264E-011
           7          18  -1.3641462302343434E-009
           7          19   3.0271267368052807E-010
           7          20   4.3102776222162872E-009
           7          21  -7.1944090736545617E-009
           7          22   1.7043065500377869E-010
           7          23   4.3394547304003427E-009
           7          24   1.5103072167346104E-009
           7          25  -1.0813037164069310E-010
           7          26   1.3116357461867889E-009
           7          27  -1.1575697849256178E-010
           7          28   8.9693544952176269E-011
           7          29   6.8102858090581742E-010
           7          30   3.0352825478810485E-003
           7          31   2.6367261664893400E-009
           7          32   1.0621187449225892E-002
           7          33  -3.2869499869125048E-009
           7          34   2.7138840866395299E-011
           7          35  -3.2613244516727100E-009
           7          36   5.1356892541961403E-011
           7          37  -1.7176688298340695E-002
           7          38   1.6374641789671102E-009
           7          39   3.3347084234744213E-011
           8           1   3.8680588408455776E-011
           8           2   1.3462007170259883E-010
           8           3   5.7644165377811005E-010
           8           4 -0.73411463932874099     
           8           5   2.5380981442762294E-009
           8           6  -1.2056125079698183E-009
           8           7   2.5213631694921678E-010
           8           8   2.2425330311208000     
           8           9  -5.8910932565199703E-010
           8          10  -1.1417495462745586E-010
           8          11  -1.4781899289489491E-010
           8          12   3.9810943310811947E-003
           8          13   5.5809650656220111E-010
           8          14  -1.3087385755710165E-010
           8          15   6.4513163996449298E-011
           8          16   2.3787366969692191E-003
           8          17  -2.3928814596626231E-010
           8          18  -6.0649072087912595E-010
           8          19  -2.5440879060558375E-009
           8          20   2.9530334583592527E-010
           8          21  -8.2370129083714658E-011
           8          22  -5.7163250359479649E-009
           8          23  -7.4687272690142846E-010
           8          24  -1.9571544328015706E-010
           8          25   7.1023714662548789E-010
           8          26  -1.5643317847539611E-010
           8          27   4.1383119130963373E-012
           8          28   7.7629861527703791E-010
           8          29  -1.4501428344741010E-010
           8          30   1.5040830729965129E-009
           8          31   1.0627778360733692E-002
           8          32  -3.8583616846096422E-009
           8          33  -1.7684622728414746E-002
           8          34  -1.6035133976236398E-009
           8          35  -3.3865019655851308E-011
           8          36   5.6034767381195353E-009
           8          37   1.6241795247666018E-009
           8          38   1.0627644821706530E-002
           8          39  -2.6304105634032454E-009
           9           1  -3.4185087437865598E-010
           9           2  -1.3067943463122896E-009
           9           3   2.7132342209036446E-008
           9           4   1.3683439919722260E-010
           9           5 -0.73412039149213570     
           9           6   1.6343559201072204E-008
           9           7  -9.4710334080715768E-011
           9           8  -5.8910932565199703E-010
           9           9   2.2425499318910518     
           9          10   1.5486965862127099E-009
           9          11   2.2572214092268389E-011
           9          12   6.1333850056966844E-010
           9          13   3.9638919823928405E-003
           9          14   1.6019914523991102E-009
           9          15  -1.5983403699609325E-011
           9          16  -3.1440440445160603E-010
           9          17   2.3844501508107126E-003
           9          18   8.3061127352002504E-009
           9          19  -1.5868573028482750E-010
           9          20   8.3913772503171154E-009
           9          21  -3.5406623481694129E-009
           9          22   4.0636095862271157E-010
           9          23  -2.3425711654724205E-009
           9          24   1.3729457852718836E-009
           9          25  -6.2513586845215077E-011
           9          26   2.4815956000053602E-009
           9          27  -1.1781302420525641E-010
           9          28  -1.6146839626326938E-010
           9          29   2.9238827740168691E-009
           9          30   1.6134180264645199E-010
           9          31  -1.7089342481467479E-009
           9          32   3.9871786853822088E-011
           9          33   5.9857787038719749E-009
           9          34  -1.7176603327685697E-002
           9          35   2.2245903299112622E-009
           9          36   1.0621133070450870E-002
           9          37   2.6933552306226624E-011
           9          38  -5.9614698092774448E-009
           9          39   3.0353000818876064E-003
          10           1   2.8360104273037454E-002
          10           2  0.11417759449871859     
          10           3   1.4318527210633912E-008
          10           4   5.0107224243410835E-011
          10           5  -1.6133684538738338E-008
          10           6 -0.32429274226621829     
          10           7   9.0063963844980992E-010
          10           8  -1.1417495462745586E-010
          10           9   1.5486965862127099E-009
          10          10  0.58174862836317276     
          10          11   1.6781958895828834E-009
          10          12  -2.7979616733365852E-010
          10          13   3.7125480592499515E-009
          10          14 -0.56777608150206937     
          10          15  -3.7357621211052521E-010
          10          16   9.6031006100306198E-011
          10          17  -4.0558680162044631E-010
          10          18  -6.3568301381487172E-004
          10          19  -1.1192740222579230E-009
          10          20  -1.1162737478075148E-003
          10          21   7.2584435722632044E-011
          10          22  -9.8694736482062023E-010
          10          23  -6.3569148346407766E-004
          10          24  -2.2520031901972458E-003
          10          25  -1.1514977039815204E-009
          10          26  -2.6650305932115828E-003
          10          27   4.0575192964577587E-011
          10          28   1.6265583210437731E-009
          10          29  -2.2518831156671647E-003
          10          30   5.4927650422528935E-010
          10          31  -3.2854909792220960E-011
          10          32   2.6284578645278405E-010
          10          33  -7.1375911114184828E-011
          10          34   3.5402973385106699E-010
          10          35   7.4616124981226033E-012
          10          36   4.7314956530859316E-010
          10          37   2.0132436739105946E-010
          10          38  -6.0707235693443889E-011
          10          39   9.8061679564293726E-010
          11           1   1.2824129556550104E-010
          11           2   4.7517716976963518E-010
          11           3  -2.9785165209277715E-003
          11           4   5.1392685828033522E-011
          11           5   2.2232898000504440E-009
          11           6  -1.1512849522715704E-009
          11           7   3.9638527544930899E-003
          11           8  -1.4781899289489491E-010
          11           9   2.2572214092268389E-011
          11          10   1.6781958895828834E-009
          11          11   1.5090944045807303E-005
          11          12   4.9269919846113190E-012
          11          13  -1.8734412499723040E-011
          11          14  -1.3094395098017766E-009
          11          15   1.3318128061440244E-006
          11          16   1.4175874173300198E-012
          11          17   1.0202220130627751E-011
          11          18   2.1715188045514667E-010
          11          19  -2.3272285611648300E-010
          11          20  -3.1347163616073869E-011
          11          21  -5.5981149632100028E-012
          11          22  -6.0573974542583818E-010
          11          23  -2.5038309015467148E-010
          11          24   8.8448765933066937E-011
          11          25  -1.5350103657997765E-010
          11          26  -5.6807640547817392E-011
          11          27  -1.1412525634677768E-011
          11          28  -3.8018860386536033E-010
          11          29  -1.9214547301467376E-010
          11          30   1.0138566711614409E-007
          11          31  -7.5186981207469661E-012
          11          32  -8.4297292338398378E-006
          11          33   3.4519734544446097E-015
          11          34  -7.3611657341195998E-014
          11          35  -4.4804686834177052E-013
          11          36   3.7768519444180704E-012
          11          37   1.6965979402047172E-005
          11          38   1.6797702465750001E-012
          11          39   1.4457224659319194E-011
          12           1  -1.6491344635472474E-011
          12           2  -6.6218499023406301E-011
          12           3  -6.2750125629406739E-009
          12           4  -2.9842632967607219E-003
          12           5   7.2378745322738964E-009
          12           6   1.8168575569389228E-010
          12           7  -2.0251457689133833E-010
          12           8   3.9810943310811947E-003
          12           9   6.1333850056966844E-010
          12          10  -2.7979616733365852E-010
          12          11   4.9269919846113190E-012
          12          12   1.4687804347902099E-005
          12          13  -4.0609100642993327E-012
          12          14   1.7688936507013430E-010
          12          15  -2.6675481837738042E-012
          12          16   1.4823096203619460E-006
          12          17   3.0811286645371030E-012
          12          18  -2.6256338159329042E-011
          12          19  -2.3799916546286583E-010
          12          20   8.2486041380036688E-012
          12          21  -4.1231779913420493E-013
          12          22   1.5899539808103250E-009
          12          23   3.7555095854013159E-011
          12          24  -7.8337794737827798E-012
          12          25  -1.4536246979129767E-010
          12          26   1.3247470274857643E-011
          12          27   1.7568227248455956E-014
          12          28   9.9336048523815125E-010
          12          29   3.2130077666589619E-011
          12          30   1.0969391373556522E-012
          12          31  -7.3961982958007704E-006
          12          32   5.6024979374691649E-012
          12          33   1.7046849747329798E-005
          12          34  -5.7475996985377685E-013
          12          35  -5.5774003865509159E-014
          12          36  -1.0505411175260340E-011
          12          37  -2.3080149922858809E-013
          12          38  -7.3963205536346379E-006
          12          39   2.1417089550686970E-012
          13           1   2.5422536210498939E-010
          13           2   9.5646348197656898E-010
          13           3   1.8806035189943937E-008
          13           4  -2.0767952995395504E-010
          13           5  -2.9785056090595834E-003
          13           6  -2.4298921510996767E-009
          13           7   1.4822034090431882E-010
          13           8   5.5809650656220111E-010
          13           9   3.9638919823928405E-003
          13          10   3.7125480592499515E-009
          13          11  -1.8734412499723040E-011
          13          12  -4.0609100642993327E-012
          13          13   1.5091063287116931E-005
          13          14  -3.3229676586333823E-009
          13          15   1.0547523690776969E-011
          13          16   8.7107911600154117E-012
          13          17   1.3318462689834398E-006
          13          18  -9.3855990188319607E-010
          13          19  -1.9425088191612281E-010
          13          20  -1.0802670769439658E-011
          13          21  -5.0308332162406264E-012
          13          22   1.3090758517752848E-009
          13          23   9.1126797585195402E-010
          13          24  -6.1696806910887313E-010
          13          25  -1.1876426313655617E-010
          13          26  -4.8128976460959363E-011
          13          27   2.5335124771468362E-012
          13          28   8.1428731213244484E-010
          13          29   5.4273269469004525E-010
          13          30  -1.0872006245928850E-011
          13          31   4.5214295697926959E-012
          13          32  -1.4726884006906619E-013
          13          33  -4.1338528756529127E-012
          13          34   1.6966041736131112E-005
          13          35  -7.8531604701705511E-013
          13          36  -8.4294199595719313E-006
          13          37  -5.6841410631141742E-012
          13          38   7.7847639928660276E-012
          13          39   1.0115507226387941E-007
          14           1  -2.5010877975492847E-002
          14           2 -0.10244324831190119     
          14           3   8.0533706909646219E-009
          14           4   4.6136408943278859E-011
          14           5  -1.4905258259730340E-009
          14           6  0.30486727646585443     
          14           7   8.9975367383410553E-010
          14           8  -1.3087385755710165E-010
          14           9   1.6019914523991102E-009
          14          10 -0.56777608150206937     
          14          11  -1.3094395098017766E-009
          14          12   1.7688936507013430E-010
          14          13  -3.3229676586333823E-009
          14          14  0.58290531901221299     
          14          15   4.0950437071970815E-010
          14          16  -1.2045089666413627E-010
          14          17   3.4646302170577931E-010
          14          18  -1.2686781743652320E-003
          14          19  -8.7925732876722556E-010
          14          20  -1.0524409335928618E-003
          14          21  -1.1288305374871298E-010
          14          22  -7.7250684321980595E-011
          14          23  -1.2686900790943351E-003
          14          24  -1.1871374386599742E-003
          14          25  -6.3821538805508366E-011
          14          26  -1.0378763778599491E-003
          14          27  -5.5168254589586845E-011
          14          28  -2.4905642031337144E-009
          14          29  -1.1872819453316160E-003
          14          30  -4.9492773811416575E-010
          14          31   3.1387112323387451E-011
          14          32  -2.2449514654873516E-010
          14          33   7.2413181408852971E-011
          14          34  -3.5171021006628940E-010
          14          35  -4.5513967854220516E-012
          14          36  -3.8897599796541973E-010
          14          37  -2.0763950509015068E-010
          14          38   5.2047540246524566E-011
          14          39  -8.5045676254496531E-010
          15           1  -4.0936397143337770E-011
          15           2  -1.3454635052121859E-010
          15           3  -4.8949303263310468E-005
          15           4  -2.2464906769796697E-011
          15           5  -2.8751344505329156E-009
          15           6   2.6818867504601949E-010
          15           7   2.3844666590870870E-003
          15           8   6.4513163996449298E-011
          15           9  -1.5983403699609325E-011
          15          10  -3.7357621211052521E-010
          15          11   1.3318128061440244E-006
          15          12  -2.6675481837738042E-012
          15          13   1.0547523690776969E-011
          15          14   4.0950437071970815E-010
          15          15   3.5753589980794358E-006
          15          16  -5.2358534948816719E-013
          15          17  -5.6228110236733369E-012
          15          18  -5.4047669855537781E-011
          15          19  -6.5315829358894134E-010
          15          20   6.9163210565151964E-012
          15          21  -1.0758287382631138E-011
          15          22  -7.2168853758978918E-010
          15          23   4.8154572765575987E-011
          15          24  -2.3997801571246306E-011
          15          25  -4.0234619816260096E-010
          15          26   2.1416682893717299E-012
          15          27   5.0377899582732198E-012
          15          28  -4.4678550805693782E-010
          15          29   2.6877653193215857E-011
          15          30   4.8674912596786861E-006
          15          31   7.7440878254063839E-012
          15          32   2.0475562479338344E-005
          15          33  -5.3083607414373489E-012
          15          34   4.7345317272493058E-013
          15          35  -5.3507552995304363E-012
          15          36  -1.1548351709127009E-012
          15          37  -3.4421610182920414E-005
          15          38   1.7680482412622938E-012
          15          39  -5.5485999541796281E-012
          16           1   6.0115076252022731E-012
          16           2   2.2434570070535318E-011
          16           3  -1.5540382736008933E-009
          16           4  -4.7054336177243040E-005
          16           5  -9.7308968194992227E-009
          16           6  -6.0421776232741018E-011
          16           7   6.3235851767942443E-011
          16           8   2.3787366969692191E-003
          16           9  -3.1440440445160603E-010
          16          10   9.6031006100306198E-011
          16          11   1.4175874173300198E-012
          16          12   1.4823096203619460E-006
          16          13   8.7107911600154117E-012
          16          14  -1.2045089666413627E-010
          16          15  -5.2358534948816719E-013
          16          16   3.5201220937232484E-006
          16          17  -4.5735387558917724E-012
          16          18   9.2011702784737214E-012
          16          19   2.6624473245822768E-010
          16          20   2.1534927028815809E-012
          16          21   2.6928177163220432E-015
          16          22  -6.6311802740463046E-012
          16          23  -7.4210862955735067E-012
          16          24   7.6508728148106338E-012
          16          25   1.6844069197009742E-010
          16          26   2.7156627815335105E-012
          16          27   1.1615968857437506E-015
          16          28   1.3455950615230609E-012
          16          29  -2.5527688152206378E-012
          16          30   4.1003695983447567E-012
          16          31   2.0202517816745097E-005
          16          32  -7.3398667444504336E-012
          16          33  -3.5493299884630529E-005
          16          34  -8.7436080124796874E-013
          16          35  -3.7436195275959322E-014
          16          36   1.4693058829213394E-011
          16          37   3.3918953822016132E-012
          16          38   2.0202336808886205E-005
          16          39  -1.3218806475987504E-012
          17           1  -5.4422913423828139E-011
          17           2  -1.7164253507738702E-010
          17           3  -1.0359206652205749E-008
          17           4   9.2733534257180957E-011
          17           5  -4.8965573987870922E-005
          17           6   3.2934193950713506E-010
          17           7  -8.9225916601052264E-011
          17           8  -2.3928814596626231E-010
          17           9   2.3844501508107126E-003
          17          10  -4.0558680162044631E-010
          17          11   1.0202220130627751E-011
          17          12   3.0811286645371030E-012
          17          13   1.3318462689834398E-006
          17          14   3.4646302170577931E-010
          17          15  -5.6228110236733369E-012
          17          16  -4.5735387558917724E-012
          17          17   3.5753091992426719E-006
          17          18   2.3018312113224693E-010
          17          19  -3.4721458065216053E-010
          17          20   1.1489243935352187E-011
          17          21  -4.1558971102224055E-012
          17          22  -6.2915087215458887E-010
          17          23  -2.2070050325916420E-010
          17          24   1.4093742385368606E-010
          17          25  -2.1657593702074211E-010
          17          26   1.0015234916313837E-011
          17          27  -1.3513070584836118E-012
          17          28  -3.9210082328480323E-010
          17          29  -1.2892142640468448E-010
          17          30   6.2507124886887344E-012
          17          31  -4.5101895863545939E-012
          17          32   6.5300990285737345E-013
          17          33   1.1622385894043852E-011
          17          34  -3.4421469308688172E-005
          17          35   3.9270563811943177E-012
          17          36   2.0475357630683778E-005
          17          37   2.9536568324771432E-012
          17          38  -1.3524684115193377E-011
          17          39   4.8676030692825344E-006
          18           1   2.1991603790869455E-002
          18           2   6.3758071276190063E-003
          18           3  -2.1096461075379027E-008
          18           4   2.3125689526330341E-010
          18           5  -9.0017250130403420E-009
          18           6  -4.2098260727921636E-004
          18           7  -1.3641462302343434E-009
          18           8  -6.0649072087912595E-010
          18           9   8.3061127352002504E-009
          18          10  -6.3568301381487172E-004
          18          11   2.1715188045514667E-010
          18          12  -2.6256338159329042E-011
          18          13  -9.3855990188319607E-010
          18          14  -1.2686781743652320E-003
          18          15  -5.4047669855537781E-011
          18          16   9.2011702784737214E-012
          18          17   2.3018312113224693E-010
          18          18  0.39733705943147185     
          18          19   3.5257169155104829E-008
          18          20   3.7372590310414435E-004
          18          21   1.6823092364485322E-010
          18          22  -6.0843666224433653E-008
          18          23 -0.39662794712771854     
          18          24  0.24689414838216087     
          18          25   2.1700150741945243E-008
          18          26   2.7036324839574503E-004
          18          27   1.0633171636600155E-010
          18          28  -3.8791779362534780E-008
          18          29 -0.24639054358710000     
          18          30  -2.1993455890846348E-010
          18          31   7.7919941430642246E-011
          18          32   3.5459024073631146E-010
          18          33   1.1139078930263944E-011
          18          34  -1.3860971866633467E-009
          18          35   1.7640645306645212E-012
          18          36  -6.7447003543955023E-010
          18          37   7.3906980390554531E-010
          18          38  -8.3710392705498113E-011
          18          39   1.3663671095271140E-010
          19           1   4.8519691699812195E-011
          19           2   1.5085682324306606E-010
          19           3  -1.1231962032726245E-009
          19           4   4.9038560588147826E-010
          19           5   3.3945487410841010E-009
          19           6  -4.1490861623842721E-010
          19           7   3.0271267368052807E-010
          19           8  -2.5440879060558375E-009
          19           9  -1.5868573028482750E-010
          19          10  -1.1192740222579230E-009
          19          11  -2.3272285611648300E-010
          19          12  -2.3799916546286583E-010
          19          13  -1.9425088191612281E-010
          19          14  -8.7925732876722556E-010
          19          15  -6.5315829358894134E-010
          19          16   2.6624473245822768E-010
          19          17  -3.4721458065216053E-010
          19          18   3.5257169155104829E-008
          19          19  0.52922790558231447     
          19          20  -6.9765144220793719E-008
          19          21  -1.8746824636524242E-008
          19          22  -1.9357153648828313E-010
          19          23   3.4708290427022570E-008
          19          24   2.1631697300053832E-008
          19          25  0.32888177214053299     
          19          26  -4.3007159952555746E-008
          19          27  -1.1867376329298946E-008
          19          28   2.1754291731928156E-010
          19          29   2.1884870059106758E-008
          19          30  -1.1962575807063029E-010
          19          31  -4.8872269647022178E-010
          19          32   4.7246924769006402E-011
          19          33   5.7694195225838027E-010
          19          34  -1.1291589520874806E-010
          19          35  -1.0280235979610757E-009
          19          36   2.2864612236079843E-010
          19          37   7.3517281038036087E-011
          19          38   3.2461160987214095E-010
          19          39  -1.0916830677540704E-010
          20           1   2.1969216280304047E-002
          20           2   6.2797583662949500E-003
          20           3   6.7356681751170134E-009
          20           4   5.5131280661607899E-011
          20           5  -1.0110471654269378E-008
          20           6  -1.3347546599359753E-004
          20           7   4.3102776222162872E-009
          20           8   2.9530334583592527E-010
          20           9   8.3913772503171154E-009
          20          10  -1.1162737478075148E-003
          20          11  -3.1347163616073869E-011
          20          12   8.2486041380036688E-012
          20          13  -1.0802670769439658E-011
          20          14  -1.0524409335928618E-003
          20          15   6.9163210565151964E-012
          20          16   2.1534927028815809E-012
          20          17   1.1489243935352187E-011
          20          18   3.7372590310414435E-004
          20          19  -6.9765144220793719E-008
          20          20   3.9246306987897344E-004
          20          21   2.9432126602412087E-012
          20          22   1.2377913220616026E-007
          20          23   3.7127738747808780E-004
          20          24   2.8468994664103463E-004
          20          25  -4.3356770446104469E-008
          20          26   3.0391593156910927E-004
          20          27   1.1076022427929120E-012
          20          28   7.6936742301067538E-008
          20          29   2.8316962614714964E-004
          20          30   7.7236242301200826E-013
          20          31   7.4505256406015776E-013
          20          32   2.6301941491076733E-011
          20          33  -1.7591732790061974E-012
          20          34  -9.4871271565592300E-011
          20          35  -2.0617647440354224E-013
          20          36   5.7046831039262715E-011
          20          37  -5.1461119979482415E-011
          20          38   1.3012062381519481E-012
          20          39   1.4102183947143319E-011
          21           1  -5.6930953385510636E-012
          21           2  -1.6226982676532949E-011
          21           3  -4.5212192807560087E-009
          21           4   1.9569620216539483E-011
