           1           1   1.9999192512980497     
           1           2   1.3763691889243223E-004
           1           3  -2.8428559915372512E-004
           1           4   1.3369962377400985E-003
           1           5   1.0183823410321751E-004
           1           6   1.4621535656847595E-014
           1           7   1.9391789976054852E-014
           1           8   1.0632446002754027E-013
           1           9  -1.4540435680952696E-014
           1          10  -1.1922791981156524E-014
           1          11  -1.6835524157160563E-014
           1          12  -6.1917094858352845E-016
           1          13   1.6317247360787716E-015
           1          14  -3.0062168632161930E-015
           1          15   2.5770207553351151E-016
           1          16   1.0536532260983045E-015
           1          17   2.4889117045144491E-015
           1          18  -6.0101180942883931E-004
           1          19  -3.5208358425027043E-007
           1          20  -6.0165775126428441E-004
           1          21  -1.0852511078850988E-007
           1          22   4.3135520149852572E-008
           1          23  -6.0176743086331422E-004
           1          24  -1.4414673681757039E-004
           1          25  -1.6010596857838638E-006
           1          26  -1.4708408352470654E-004
           1          27  -4.9350553811076691E-007
           1          28   1.9615361409018521E-007
           1          29  -1.4758283753077753E-004
           2           1   1.3763691889243223E-004
           2           2   2.0092841399288526     
           2           3   2.0821197919981303E-002
           2           4  -6.4740018973295146E-003
           2           5  -9.5128078240585071E-003
           2           6   3.6873612513991286E-013
           2           7   9.4123977709971358E-013
           2           8   3.0359199470670219E-013
           2           9   3.3826791819392101E-013
           2          10   2.9870658024836576E-013
           2          11  -6.2847888092863107E-013
           2          12  -3.3171264415440319E-013
           2          13  -2.4512775857941220E-013
           2          14   6.3190384182537029E-013
           2          15   1.4857228994279969E-014
           2          16   2.5978292196827105E-014
           2          17  -4.6669757088993271E-014
           2          18  -9.6257356289416937E-003
           2          19   2.3571312774693233E-004
           2          20  -9.1932900733764176E-003
           2          21   7.2655461892674026E-005
           2          22  -2.8878355452488088E-005
           2          23  -9.1198619548494494E-003
           2          24   6.3426663367692950E-003
           2          25  -1.1517149662446447E-004
           2          26   6.1313696597068996E-003
           2          27  -3.5500094001024272E-005
           2          28   1.4110216948025122E-005
           2          29   6.0954920396858910E-003
           3           1  -2.8428559915372512E-004
           3           2   2.0821197919981303E-002
           3           3   1.9610154045337329     
           3           4  -2.2043068637925309E-002
           3           5   7.6865225381635344E-002
           3           6   5.6404624198239728E-013
           3           7   1.5930224261340559E-012
           3           8   3.3663547339726676E-013
           3           9  -1.2317109561933460E-012
           3          10   4.6863026665245954E-013
           3          11   3.9129355853975145E-011
           3          12   4.4685098129509514E-012
           3          13   8.2413259607281836E-012
           3          14  -1.0312902278163898E-011
           3          15  -1.4745190149889654E-013
           3          16  -1.7954991195479016E-013
           3          17  -2.8728488260601010E-013
           3          18   3.9706663856432164E-003
           3          19  -8.0182745798462740E-005
           3          20   3.8235614934610061E-003
           3          21  -2.4715176403330985E-005
           3          22   9.8235396142538380E-006
           3          23   3.7985834363690081E-003
           3          24  -9.2825068468902761E-003
           3          25  -9.9922780401603510E-003
           3          26  -2.7614603661944324E-002
           3          27  -3.0799877302404898E-003
           3          28   1.2242022642973177E-003
           3          29  -3.0727345585912551E-002
           4           1   1.3369962377400985E-003
           4           2  -6.4740018973295146E-003
           4           3  -2.2043068637925309E-002
           4           4   2.7189232704952335E-004
           4           5  -8.2199709316673549E-004
           4           6  -7.4775541270554167E-013
           4           7  -1.5231212020353493E-012
           4           8  -2.8779399540359040E-012
           4           9   6.1640733765702949E-013
           4          10  -6.7307868366121981E-014
           4          11  -3.4954638272033797E-013
           4          12  -9.4886209351798574E-014
           4          13  -1.2997974954803826E-013
           4          14   7.1289386457593891E-014
           4          15   1.9081271089946063E-014
           4          16  -1.1546959444510833E-014
           4          17  -6.3411593396440257E-015
           4          18  -8.5163309259609699E-005
           4          19   4.5283661985679510E-005
           4          20  -2.0847110953203790E-006
           4          21   1.3958089853366939E-005
           4          22  -5.5479204988786581E-006
           4          23   1.2021820644351843E-005
           4          24   5.1825592633614111E-005
           4          25   1.3210358764116284E-004
           4          26   2.9418631992196700E-004
           4          27   4.0719186225337296E-005
           4          28  -1.6184649191352286E-005
           4          29   3.3533853713987524E-004
           5           1   1.0183823410321751E-004
           5           2  -9.5128078240585071E-003
           5           3   7.6865225381635344E-002
           5           4  -8.2199709316673549E-004
           5           5   3.1435101765656778E-003
           5           6   2.5484437293348054E-013
           5           7   1.0526955581834153E-012
           5           8  -2.0739392609645463E-012
           5           9   5.5082518306497344E-014
           5          10   1.5732925179393130E-012
           5          11   2.9630423336877019E-012
           5          12  -3.0008090358528490E-014
           5          13  -1.5446635446579844E-013
           5          14  -8.6456491423631361E-013
           5          15  -3.9938111619001896E-014
           5          16  -2.4309256278082248E-014
           5          17  -4.0268878204858482E-014
           5          18  -3.8836272161947311E-004
           5          19   3.7989771750621191E-004
           5          20   3.0860769626215407E-004
           5          21   1.1709845951238522E-004
           5          22  -4.6543112135467082E-005
           5          23   4.2695147219584965E-004
           5          24  -6.7118092246313361E-004
           5          25  -2.2126418046134497E-004
           5          26  -1.0771180107158160E-003
           5          27  -6.8201760146225675E-005
           5          28   2.7108140787544477E-005
           5          29  -1.1460450470467108E-003
           6           1   1.4621535656847595E-014
           6           2   3.6873612513991286E-013
           6           3   5.6404624198239728E-013
           6           4  -7.4775541270554167E-013
           6           5   2.5484437293348054E-013
           6           6   1.9994827960886554     
           6           7   5.1802964904365480E-004
           6           8   1.5967587847099808E-004
           6           9  -2.1512272452084598E-003
           6          10   2.5455640880449083E-003
           6          11   7.8463669423828807E-004
           6          12   2.8242630152441350E-003
           6          13  -3.3370068306712497E-003
           6          14  -1.0285884341026711E-003
           6          15   2.1156828224783136E-003
           6          16   2.0631218391706856E-004
           6          17   6.3593014115705809E-005
           6          18  -8.4560654262345341E-014
           6          19   3.4964399611398384E-013
           6          20  -7.6245067262265811E-013
           6          21  -1.0427312456654166E-013
           6          22  -1.9968383162871640E-013
           6          23   3.0379316250868082E-013
           6          24  -2.5463320151405347E-013
           6          25  -2.2229099548793519E-014
           6          26   1.0120873527870543E-013
           6          27   8.4892614234599964E-014
           6          28   1.5454204229844341E-013
           6          29  -7.6415815837978711E-014
           7           1   1.9391789976054852E-014
           7           2   9.4123977709971358E-013
           7           3   1.5930224261340559E-012
           7           4  -1.5231212020353493E-012
           7           5   1.0526955581834153E-012
           7           6   5.1802964904365480E-004
           7           7   2.0005802129666987     
           7           8  -6.3466349325226913E-005
           7           9   2.5455642306435196E-003
           7          10   3.2414096236428715E-003
           7          11  -3.1186938846402082E-004
           7          12  -3.3370068844821056E-003
           7          13  -4.2450007623419522E-003
           7          14   4.0883285875676289E-004
           7          15   2.0631219019750437E-004
           7          16   2.5527437340832678E-003
           7          17  -2.5276304477485982E-005
           7          18  -1.3970306236071019E-013
           7          19   8.7297340085510433E-013
           7          20  -2.1149191636703515E-012
           7          21   4.0567884490825757E-013
           7          22  -9.8751529081289463E-013
           7          23   5.5930117256214699E-013
           7          24  -6.0312317908586891E-013
           7          25   2.3218254164292680E-013
           7          26  -2.5387952129124066E-013
           7          27   1.4121704608899620E-013
           7          28   4.3155231001075457E-013
           7          29  -4.0073492777561834E-013
           8           1   1.0632446002754027E-013
           8           2   3.0359199470670219E-013
           8           3   3.3663547339726676E-013
           8           4  -2.8779399540359040E-012
           8           5  -2.0739392609645463E-012
           8           6   1.5967587847099808E-004
           8           7  -6.3466349325226913E-005
           8           8   2.0007665514638244     
           8           9   7.8463674536689040E-004
           8          10  -3.1186939128564017E-004
           8          11   4.1570648117115992E-003
           8          12  -1.0285884461854176E-003
           8          13   4.0883285608508382E-004
           8          14  -5.4453429021903525E-003
           8          15   6.3593017209961022E-005
           8          16  -2.5276304404703233E-005
           8          17   2.6269555120852221E-003
           8          18   1.2438804379156453E-012
           8          19   2.5027770510929088E-013
           8          20   1.2115109139124746E-012
           8          21  -5.5408086595885375E-014
           8          22   5.4714924415217620E-013
           8          23   1.5177596971218538E-012
           8          24   1.1487946071791141E-012
           8          25  -7.6860303013914158E-014
           8          26   1.6485020393379841E-012
           8          27   6.9071211357659884E-014
           8          28  -1.7384844498764374E-013
           8          29   1.2755360808305548E-012
           9           1  -1.4540435680952696E-014
           9           2   3.3826791819392101E-013
           9           3  -1.2317109561933460E-012
           9           4   6.1640733765702949E-013
           9           5   5.5082518306497344E-014
           9           6  -2.1512272452084598E-003
           9           7   2.5455642306435196E-003
           9           8   7.8463674536689040E-004
           9           9  0.89131435024212946     
           9          10 -0.35426700413859158     
           9          11 -0.10919812535301979     
           9          12  -3.8225288065103662E-002
           9          13   1.5188691716611916E-002
           9          14   4.6817134379951910E-003
           9          15   3.3939117300522563E-002
           9          16  -1.3487551362775376E-002
           9          17  -4.1573596627623262E-003
           9          18  -2.0974086388039039E-011
           9          19  -1.1587338825952295E-011
           9          20   1.3487980533868291E-011
           9          21  -1.6072851716269467E-011
           9          22   9.0683121627693315E-012
           9          23   5.7228876289080773E-012
           9          24  -1.3533953962909849E-011
           9          25  -9.7307891092576728E-012
           9          26   9.3900349511562694E-012
           9          27  -1.2163720839184262E-011
           9          28   6.8656361137403101E-012
           9          29   3.2405368832791947E-012
          10           1  -1.1922791981156524E-014
          10           2   2.9870658024836576E-013
          10           3   4.6863026665245954E-013
          10           4  -6.7307868366121981E-014
          10           5   1.5732925179393130E-012
          10           6   2.5455640880449083E-003
          10           7   3.2414096236428715E-003
          10           8  -3.1186939128564017E-004
          10           9 -0.35426700413859158     
          10          10  0.14081950781523753     
          10          11   4.3402964838639348E-002
          10          12   1.5188692285295933E-002
          10          13  -6.0488923800806225E-003
          10          14  -1.8608400380453229E-003
          10          15  -1.3487550703408178E-002
          10          16   5.3664954416685886E-003
          10          17   1.6524252105117527E-003
          10          18  -3.9255420812807612E-012
          10          19   1.2545092395493288E-011
          10          20  -3.0657204430206380E-012
          10          21   8.8357736118617200E-012
          10          22  -4.5790085572541436E-012
          10          23   2.4996674142114223E-012
          10          24  -2.8340393929867883E-013
          10          25   7.3891341721201061E-012
          10          26  -2.9342411019626593E-012
          10          27   5.9203932124475340E-012
          10          28  -3.1592566271755138E-012
          10          29   6.0636295539140666E-013
          11           1  -1.6835524157160563E-014
          11           2  -6.2847888092863107E-013
          11           3   3.9129355853975145E-011
          11           4  -3.4954638272033797E-013
          11           5   2.9630423336877019E-012
          11           6   7.8463669423828807E-004
          11           7  -3.1186938846402082E-004
          11           8   4.1570648117115992E-003
          11           9 -0.10919812535301979     
          11          10   4.3402964838639348E-002
          11          11   1.3387437951887255E-002
          11          12   4.6817138053999790E-003
          11          13  -1.8608401144072277E-003
          11          14  -5.8542440324448693E-004
          11          15  -4.1573593790338939E-003
          11          16   1.6524251785216264E-003
          11          17   5.1493838416382331E-004
          11          18  -8.4108439521096765E-012
          11          19   8.5834197326594179E-012
          11          20   5.0852719862271525E-013
          11          21   4.1769422811657181E-012
          11          22  -1.9875091373001609E-012
          11          23   3.6921955283609413E-012
          11          24  -3.6389473280319534E-012
          11          25   4.1713230643956825E-012
          11          26  -9.8034807905443573E-013
          11          27   2.4087482680435444E-012
          11          28  -1.2064764619344317E-012
          11          29   7.0031463613380815E-013
          12           1  -6.1917094858352845E-016
          12           2  -3.3171264415440319E-013
          12           3   4.4685098129509514E-012
          12           4  -9.4886209351798574E-014
          12           5  -3.0008090358528490E-014
          12           6   2.8242630152441350E-003
          12           7  -3.3370068844821056E-003
          12           8  -1.0285884461854176E-003
          12           9  -3.8225288065103662E-002
          12          10   1.5188692285295933E-002
          12          11   4.6817138053999790E-003
          12          12   1.6517552638708325E-003
          12          13  -6.5035642684402534E-004
          12          14  -2.0046377106618183E-004
          12          15  -1.4529854735256091E-003
          12          16   5.7460194763830853E-004
          12          17   1.7711346507182931E-004
          12          18   2.4640170597290703E-012
          12          19  -5.1164918365847992E-013
          12          20  -8.5800659845206987E-013
          12          21   3.7744002734590943E-013
          12          22  -2.6413014451908434E-013
          12          23  -8.4192498624336216E-013
          12          24   1.2765857215817586E-012
          12          25  -5.2273269294502500E-014
          12          26  -5.6739695869305385E-013
          12          27   3.7684754995672155E-013
          12          28  -2.3731535199373730E-013
          12          29  -4.4970819860598598E-013
          13           1   1.6317247360787716E-015
          13           2  -2.4512775857941220E-013
          13           3   8.2413259607281836E-012
          13           4  -1.2997974954803826E-013
          13           5  -1.5446635446579844E-013
          13           6  -3.3370068306712497E-003
          13           7  -4.2450007623419522E-003
          13           8   4.0883285608508382E-004
          13           9   1.5188691716611916E-002
          13          10  -6.0488923800806225E-003
          13          11  -1.8608401144072277E-003
          13          12  -6.5035642684402534E-004
          13          13   2.7401146324991960E-004
          13          14   7.9678306391808536E-005
          13          15   5.7460189775561778E-004
          13          16  -2.3572343552348462E-004
          13          17  -7.0397263600842580E-005
          13          18   3.3388342040950835E-012
          13          19  -2.5809886169461773E-012
          13          20  -4.3764675883679855E-013
          13          21  -1.0083931328877028E-012
          13          22   4.4871184156696567E-013
          13          23  -1.3191046648218782E-012
          13          24   1.4294864789918870E-012
          13          25  -1.2647595230842243E-012
          13          26  -1.9630766136617187E-013
          13          27  -5.4633571644178453E-013
          13          28   2.5038812495495161E-013
          13          29  -6.4274807785340442E-013
          14           1  -3.0062168632161930E-015
          14           2   6.3190384182537029E-013
          14           3  -1.0312902278163898E-011
          14           4   7.1289386457593891E-014
          14           5  -8.6456491423631361E-013
          14           6  -1.0285884341026711E-003
          14           7   4.0883285875676289E-004
          14           8  -5.4453429021903525E-003
          14           9   4.6817134379951910E-003
          14          10  -1.8608400380453229E-003
          14          11  -5.8542440324448693E-004
          14          12  -2.0046377106618183E-004
          14          13   7.9678306391808536E-005
          14          14   4.0074171912671682E-005
          14          15   1.7711343892624199E-004
          14          16  -7.0397259320459011E-005
          14          17  -2.9035507527896780E-005
          14          18   3.4168503661248833E-012
          14          19  -2.3624643639868060E-012
          14          20  -6.2357042038265185E-013
          14          21  -7.9331241695095665E-013
          14          22   3.2792726670314908E-013
          14          23  -1.3819631246403530E-012
          14          24   1.6188627895526820E-012
          14          25  -1.0191694927142906E-012
          14          26  -3.8692373992632114E-014
          14          27  -3.6257998788049884E-013
          14          28   1.5517928976659836E-013
          14          29  -3.7156030213167297E-013
          15           1   2.5770207553351151E-016
          15           2   1.4857228994279969E-014
          15           3  -1.4745190149889654E-013
          15           4   1.9081271089946063E-014
          15           5  -3.9938111619001896E-014
          15           6   2.1156828224783136E-003
          15           7   2.0631219019750437E-004
          15           8   6.3593017209961022E-005
          15           9   3.3939117300522563E-002
          15          10  -1.3487550703408178E-002
          15          11  -4.1573593790338939E-003
          15          12  -1.4529854735256091E-003
          15          13   5.7460189775561778E-004
          15          14   1.7711343892624199E-004
          15          15   1.2947664651999197E-003
          15          16  -5.1325159830068194E-004
          15          17  -1.5820302989720232E-004
          15          18  -5.0467768118488942E-013
          15          19  -6.3126464549389791E-013
          15          20   4.5721675520388450E-013
          15          21  -6.7081112537015130E-013
          15          22   3.6836659632082436E-013
          15          23   1.0352882127674818E-013
          15          24  -3.7925570284774287E-013
          15          25  -4.5453214592153370E-013
          15          26   3.4005458085006142E-013
          15          27  -4.8898117634343822E-013
          15          28   2.7192567318151063E-013
          15          29   7.9516586480864182E-014
          16           1   1.0536532260983045E-015
          16           2   2.5978292196827105E-014
          16           3  -1.7954991195479016E-013
          16           4  -1.1546959444510833E-014
          16           5  -2.4309256278082248E-014
          16           6   2.0631218391706856E-004
          16           7   2.5527437340832678E-003
          16           8  -2.5276304404703233E-005
          16           9  -1.3487551362775376E-002
          16          10   5.3664954416685886E-003
          16          11   1.6524251785216264E-003
          16          12   5.7460194763830853E-004
          16          13  -2.3572343552348462E-004
          16          14  -7.0397259320459011E-005
          16          15  -5.1325159830068194E-004
          16          16   2.0747172167008451E-004
          16          17   6.2880941029375172E-005
          16          18   4.4524782933561609E-013
          16          19   9.3362646439225164E-014
          16          20  -2.3153919643148527E-013
          16          21   2.1814055656405604E-013
          16          22  -1.2836407287364742E-013
          16          23  -1.3635071065419405E-013
          16          24   2.6448258998221380E-013
          16          25   1.1173883176893393E-013
          16          26  -1.4777209492313929E-013
          16          27   1.7324797300345736E-013
          16          28  -9.8946828686107494E-014
          16          29  -6.6064158023597323E-014
          17           1   2.4889117045144491E-015
          17           2  -4.6669757088993271E-014
          17           3  -2.8728488260601010E-013
          17           4  -6.3411593396440257E-015
          17           5  -4.0268878204858482E-014
          17           6   6.3593014115705809E-005
          17           7  -2.5276304477485982E-005
          17           8   2.6269555120852221E-003
          17           9  -4.1573596627623262E-003
          17          10   1.6524252105117527E-003
          17          11   5.1493838416382331E-004
          17          12   1.7711346507182931E-004
          17          13  -7.0397263600842580E-005
          17          14  -2.9035507527896780E-005
          17          15  -1.5820302989720232E-004
          17          16   6.2880941029375172E-005
          17          17   2.2851884897793457E-005
          17          18   2.9856827283715163E-013
          17          19  -7.4741927876358876E-014
          17          20  -9.9148014719256151E-014
          17          21   3.5102079788782992E-014
          17          22  -2.5759964994864189E-014
          17          23  -1.0273233986431661E-013
          17          24   1.5804223064885619E-013
          17          25  -1.0479496042536742E-014
          17          26  -5.0569589773161126E-014
          17          27   3.9648880299903251E-014
          17          28  -2.5426213846571841E-014
          17          29  -3.9747929134336217E-014
          18           1  -6.0101180942883931E-004
          18           2  -9.6257356289416937E-003
          18           3   3.9706663856432164E-003
          18           4  -8.5163309259609699E-005
          18           5  -3.8836272161947311E-004
          18           6  -8.4560654262345341E-014
          18           7  -1.3970306236071019E-013
          18           8   1.2438804379156453E-012
          18           9  -2.0974086388039039E-011
          18          10  -3.9255420812807612E-012
          18          11  -8.4108439521096765E-012
          18          12   2.4640170597290703E-012
          18          13   3.3388342040950835E-012
          18          14   3.4168503661248833E-012
          18          15  -5.0467768118488942E-013
          18          16   4.4524782933561609E-013
          18          17   2.9856827283715163E-013
          18          18   4.6109436500219713E-003
          18          19  -2.9509374434461950E-003
          18          20  -8.0292421777317764E-004
          18          21  -9.0958750638245897E-004
          18          22   3.6153364874382291E-004
          18          23  -1.7221849991172350E-003
          18          24   2.0547319275950595E-003
          18          25  -1.3283568289620554E-003
          18          26  -3.8230663882593769E-004
          18          27  -4.0944845611149051E-004
          18          28   1.6274343726399774E-004
          18          29  -7.9610951252793321E-004
          19           1  -3.5208358425027043E-007
          19           2   2.3571312774693233E-004
          19           3  -8.0182745798462740E-005
          19           4   4.5283661985679510E-005
          19           5   3.7989771750621191E-004
          19           6   3.4964399611398384E-013
          19           7   8.7297340085510433E-013
          19           8   2.5027770510929088E-013
          19           9  -1.1587338825952295E-011
          19          10   1.2545092395493288E-011
          19          11   8.5834197326594179E-012
          19          12  -5.1164918365847992E-013
          19          13  -2.5809886169461773E-012
          19          14  -2.3624643639868060E-012
          19          15  -6.3126464549389791E-013
          19          16   9.3362646439225164E-014
          19          17  -7.4741927876358876E-014
          19          18  -2.9509374434461950E-003
          19          19   1.9096283965846874E-003
          19          20   5.5251731138058081E-004
          19          21   5.8861774097368241E-004
          19          22  -2.3395783047155304E-004
          19          23   1.1473948802682072E-003
          19          24  -1.3612791280662156E-003
          19          25   8.4734463042332540E-004
          19          26   1.9328173963773063E-004
          19          27   2.6118279611775841E-004
          19          28  -1.0381230027726871E-004
          19          29   4.5724217345144555E-004
          20           1  -6.0165775126428441E-004
          20           2  -9.1932900733764176E-003
          20           3   3.8235614934610061E-003
          20           4  -2.0847110953203790E-006
          20           5   3.0860769626215407E-004
          20           6  -7.6245067262265811E-013
          20           7  -2.1149191636703515E-012
          20           8   1.2115109139124746E-012
          20           9   1.3487980533868291E-011
          20          10  -3.0657204430206380E-012
          20          11   5.0852719862271525E-013
          20          12  -8.5800659845206987E-013
          20          13  -4.3764675883679855E-013
          20          14  -6.2357042038265185E-013
          20          15   4.5721675520388450E-013
          20          16  -2.3153919643148527E-013
          20          17  -9.9148014719256151E-014
          20          18  -8.0292421777317764E-004
          20          19   5.5251731138058081E-004
          20          20   2.1073865343323566E-004
          20          21   1.7030616668912800E-004
          20          22  -6.7691573849461479E-005
          20          23   3.8285599098736040E-004
          20          24  -4.4270676089837367E-004
          20          25   2.2620403479430733E-004
          20          26  -2.7706855024636239E-005
          20          27   6.9724407624340910E-005
          20          28  -2.7713353743151948E-005
          20          29   4.2759062570186718E-005
          21           1  -1.0852511078850988E-007
          21           2   7.2655461892674026E-005
          21           3  -2.4715176403330985E-005
          21           4   1.3958089853366939E-005
          21           5   1.1709845951238522E-004
          21           6  -1.0427312456654166E-013
          21           7   4.0567884490825757E-013
          21           8  -5.5408086595885375E-014
          21           9  -1.6072851716269467E-011
          21          10   8.8357736118617200E-012
          21          11   4.1769422811657181E-012
          21          12   3.7744002734590943E-013
          21          13  -1.0083931328877028E-012
          21          14  -7.9331241695095665E-013
          21          15  -6.7081112537015130E-013
          21          16   2.1814055656405604E-013
          21          17   3.5102079788782992E-014
          21          18  -9.0958750638245897E-004
          21          19   5.8861774097368241E-004
          21          20   1.7030616668912800E-004
          21          21   1.8143364730468695E-004
          21          22  -7.2114412365024825E-005
          21          23   3.5366932330158367E-004
          21          24  -4.1959631910498674E-004
          21          25   2.6118279459159347E-004
          21          26   5.9576543047692684E-005
          21          27   8.0506148431249569E-005
          21          28  -3.1998770896621848E-005
          21          29   1.4093886162476645E-004
          22           1   4.3135520149852572E-008
          22           2  -2.8878355452488088E-005
          22           3   9.8235396142538380E-006
          22           4  -5.5479204988786581E-006
          22           5  -4.6543112135467082E-005
          22           6  -1.9968383162871640E-013
          22           7  -9.8751529081289463E-013
          22           8   5.4714924415217620E-013
          22           9   9.0683121627693315E-012
          22          10  -4.5790085572541436E-012
          22          11  -1.9875091373001609E-012
          22          12  -2.6413014451908434E-013
          22          13   4.4871184156696567E-013
          22          14   3.2792726670314908E-013
          22          15   3.6836659632082436E-013
          22          16  -1.2836407287364742E-013
          22          17  -2.5759964994864189E-014
          22          18   3.6153364874382291E-004
          22          19  -2.3395783047155304E-004
          22          20  -6.7691573849461479E-005
          22          21  -7.2114412365024825E-005
          22          22   2.8663307760216654E-005
          22          23  -1.4057290807241999E-004
          22          24   1.6677690402646116E-004
          22          25  -1.0381229740304628E-004
          22          26  -2.3679882191201615E-005
          22          27  -3.1998770197658595E-005
          22          28   1.2718548042363922E-005
          22          29  -5.6018954245055970E-005
          23           1  -6.0176743086331422E-004
          23           2  -9.1198619548494494E-003
          23           3   3.7985834363690081E-003
          23           4   1.2021820644351843E-005
          23           5   4.2695147219584965E-004
          23           6   3.0379316250868082E-013
          23           7   5.5930117256214699E-013
          23           8   1.5177596971218538E-012
          23           9   5.7228876289080773E-012
          23          10   2.4996674142114223E-012
          23          11   3.6921955283609413E-012
          23          12  -8.4192498624336216E-013
          23          13  -1.3191046648218782E-012
          23          14  -1.3819631246403530E-012
          23          15   1.0352882127674818E-013
          23          16  -1.3635071065419405E-013
          23          17  -1.0273233986431661E-013
          23          18  -1.7221849991172350E-003
          23          19   1.1473948802682072E-003
          23          20   3.8285599098736040E-004
          23          21   3.5366932330158367E-004
          23          22  -1.4057290807241999E-004
          23          23   7.4028651439405984E-004
          23          24  -8.6676539992962156E-004
          23          25   4.9016445458351218E-004
          23          26   3.2503272740927848E-005
          23          27   1.5108672235396759E-004
          23          28  -6.0052424974158498E-005
          23          29   1.8519678040426846E-004
          24           1  -1.4414673681757039E-004
          24           2   6.3426663367692950E-003
          24           3  -9.2825068468902761E-003
          24           4   5.1825592633614111E-005
          24           5  -6.7118092246313361E-004
          24           6  -2.5463320151405347E-013
          24           7  -6.0312317908586891E-013
          24           8   1.1487946071791141E-012
          24           9  -1.3533953962909849E-011
          24          10  -2.8340393929867883E-013
          24          11  -3.6389473280319534E-012
          24          12   1.2765857215817586E-012
          24          13   1.4294864789918870E-012
          24          14   1.6188627895526820E-012
          24          15  -3.7925570284774287E-013
          24          16   2.6448258998221380E-013
          24          17   1.5804223064885619E-013
          24          18   2.0547319275950595E-003
          24          19  -1.3612791280662156E-003
          24          20  -4.4270676089837367E-004
          24          21  -4.1959631910498674E-004
          24          22   1.6677690402646116E-004
          24          23  -8.6676539992962156E-004
          24          24   1.0366462718017343E-003
          24          25  -5.5696409634667745E-004
          24          26   1.4825207747101471E-005
          24          27  -1.7167683024660806E-004
          24          28   6.8236373569554700E-005
          24          29  -1.5867738311837519E-004
          25           1  -1.6010596857838638E-006
          25           2  -1.1517149662446447E-004
          25           3  -9.9922780401603510E-003
          25           4   1.3210358764116284E-004
          25           5  -2.2126418046134497E-004
          25           6  -2.2229099548793519E-014
          25           7   2.3218254164292680E-013
          25           8  -7.6860303013914158E-014
          25           9  -9.7307891092576728E-012
          25          10   7.3891341721201061E-012
          25          11   4.1713230643956825E-012
          25          12  -5.2273269294502500E-014
          25          13  -1.2647595230842243E-012
          25          14  -1.0191694927142906E-012
          25          15  -4.5453214592153370E-013
          25          16   1.1173883176893393E-013
          25          17  -1.0479496042536742E-014
          25          18  -1.3283568289620554E-003
          25          19   8.4734463042332540E-004
          25          20   2.2620403479430733E-004
          25          21   2.6118279459159347E-004
          25          22  -1.0381229740304628E-004
          25          23   4.9016445458351218E-004
          25          24  -5.5696409634667745E-004
          25          25   4.2656861802836384E-004
          25          26   2.2562996753464537E-004
          25          27   1.3148414484838591E-004
          25          28  -5.2260989325972440E-005
          25          29   3.5851242043354639E-004
          26           1  -1.4708408352470654E-004
          26           2   6.1313696597068996E-003
          26           3  -2.7614603661944324E-002
          26           4   2.9418631992196700E-004
          26           5  -1.0771180107158160E-003
          26           6   1.0120873527870543E-013
          26           7  -2.5387952129124066E-013
          26           8   1.6485020393379841E-012
          26           9   9.3900349511562694E-012
          26          10  -2.9342411019626593E-012
          26          11  -9.8034807905443573E-013
          26          12  -5.6739695869305385E-013
          26          13  -1.9630766136617187E-013
          26          14  -3.8692373992632114E-014
          26          15   3.4005458085006142E-013
          26          16  -1.4777209492313929E-013
          26          17  -5.0569589773161126E-014
          26          18  -3.8230663882593769E-004
          26          19   1.9328173963773063E-004
          26          20  -2.7706855024636239E-005
          26          21   5.9576543047692684E-005
          26          22  -2.3679882191201615E-005
          26          23   3.2503272740927848E-005
          26          24   1.4825207747101471E-005
          26          25   2.2562996753464537E-004
          26          26   4.2877190282368592E-004
          26          27   6.9547457954585430E-005
          26          28  -2.7643019078011631E-005
          26          29   4.9905897307611809E-004
          27           1  -4.9350553811076691E-007
          27           2  -3.5500094001024272E-005
          27           3  -3.0799877302404898E-003
          27           4   4.0719186225337296E-005
          27           5  -6.8201760146225675E-005
          27           6   8.4892614234599964E-014
          27           7   1.4121704608899620E-013
          27           8   6.9071211357659884E-014
          27           9  -1.2163720839184262E-011
          27          10   5.9203932124475340E-012
          27          11   2.4087482680435444E-012
          27          12   3.7684754995672155E-013
          27          13  -5.4633571644178453E-013
          27          14  -3.6257998788049884E-013
          27          15  -4.8898117634343822E-013
          27          16   1.7324797300345736E-013
          27          17   3.9648880299903251E-014
          27          18  -4.0944845611149051E-004
          27          19   2.6118279611775841E-004
          27          20   6.9724407624340910E-005
          27          21   8.0506148431249569E-005
          27          22  -3.1998770197658595E-005
          27          23   1.5108672235396759E-004
          27          24  -1.7167683024660806E-004
          27          25   1.3148414484838591E-004
          27          26   6.9547457954585430E-005
          27          27   4.0528251765022705E-005
          27          28  -1.6108759997903100E-005
          27          29   1.1050671971538886E-004
          28           1   1.9615361409018521E-007
