           1           1   2.1494603818760156     
           1           2 -0.58112071962160949     
           1           3   4.9587650957090959E-002
           1           4   6.5872905901549816E-002
           1           5   7.3248342044098299E-003
           1           6   6.2583032327241416E-013
           1           7  -5.5597876198364393E-013
           1           8   2.8988738655999773E-013
           1           9   1.1467249665467121E-013
           1          10  -9.6006397052261263E-014
           1          11   5.2386764544840119E-014
           1          12   9.4686524123288880E-014
           1          13  -6.6826951018754421E-014
           1          14   4.1621370803739841E-014
           1          15  -3.6766684841206829E-015
           1          16   2.6489162418390694E-015
           1          17  -1.6180780595576194E-015
           1          18   2.0511295548317813E-003
           1          19  -1.0905902845126045E-005
           1          20   2.0525628270790094E-003
           1          21  -4.2395781316535968E-005
           1          22   4.5734485100038013E-005
           1          23   2.1963439842863941E-003
           1          24  -3.5856157160241479E-003
           1          25  -9.3933504779829369E-005
           1          26  -3.5732708148114500E-003
           1          27  -3.6515852149435202E-004
           1          28   3.9391506264188940E-004
           1          29  -2.3348714812419335E-003
           2           1 -0.58112071962160949     
           2           2   2.2599520331422527     
           2           3 -0.21058180104531604     
           2           4 -0.27206479892674051     
           2           5  -2.9572560548517649E-002
           2           6  -5.4899381170658937E-012
           2           7   4.7886642285416933E-012
           2           8  -2.5416461034482344E-012
           2           9  -5.3706533433908882E-013
           2          10   4.4980278962460356E-013
           2          11  -2.3979534434976217E-013
           2          12  -3.9121230688808353E-013
           2          13   2.7973735309113483E-013
           2          14  -1.6668868104624646E-013
           2          15   1.4967461126945019E-014
           2          16  -6.4621123433061602E-015
           2          17   6.2432197506339378E-015
           2          18  -1.0415555133830742E-002
           2          19   4.2547604187949872E-005
           2          20  -1.0421146812031138E-002
           2          21   1.6540024254527684E-004
           2          22  -1.7842565222417686E-004
           2          23  -1.0982085606148009E-002
           2          24   1.3952147224977448E-002
           2          25   3.9472893643621579E-004
           2          26   1.3900271275786297E-002
           2          27   1.5344752147143270E-003
           2          28  -1.6553164303964387E-003
           2          29   8.6962489923332886E-003
           3           1   4.9587650957090959E-002
           3           2 -0.21058180104531604     
           3           3  0.58465838704832085     
           3           4  0.54441430627674348     
           3           5   4.1662221422189671E-002
           3           6  -8.9223793009571096E-012
           3           7   6.9174293652820992E-012
           3           8  -3.9233790942382194E-012
           3           9   7.0394265012993828E-013
           3          10  -5.6444534424556158E-013
           3          11   3.4312028691788439E-013
           3          12   9.1546838811814324E-013
           3          13  -6.7959711431519070E-013
           3          14   4.2330289255674772E-013
           3          15  -4.7829200366330699E-014
           3          16   2.7863448389169449E-014
           3          17  -2.1523121220574445E-014
           3          18   1.8432397361242527E-003
           3          19  -6.0835543008804123E-006
           3          20   1.8440392453838161E-003
           3          21  -2.3649411270912010E-005
           3          22   2.5511824748173165E-005
           3          23   1.9242440587362818E-003
           3          24  -1.6069630607095819E-002
           3          25  -8.7855368673500568E-004
           3          26  -1.5954169584811370E-002
           3          27  -3.4153028337363099E-003
           3          28   3.6842608087783572E-003
           3          29  -4.3715047820052731E-003
           4           1   6.5872905901549816E-002
           4           2 -0.27206479892674051     
           4           3  0.54441430627674348     
           4           4  0.50958725136730321     
           4           5   3.9311056567073260E-002
           4           6   1.1344872743441002E-011
           4           7  -9.1261110263842673E-012
           4           8   5.0631858623884405E-012
           4           9   1.0766717978049158E-012
           4          10  -8.6101689040285013E-013
           4          11   4.7624113651266043E-013
           4          12   7.7943176932438995E-013
           4          13  -5.7649112237109031E-013
           4          14   3.2387259533140423E-013
           4          15  -1.8588935885675389E-014
           4          16   5.1447975653353550E-015
           4          17  -1.0874871066661204E-014
           4          18   2.0778669337087278E-003
           4          19   2.0396922295867065E-007
           4          20   2.0778401258875548E-003
           4          21   7.9280641451622003E-007
           4          22  -8.5523828866063134E-007
           4          23   2.0751515399557476E-003
           4          24  -1.5239434743610968E-002
           4          25  -8.1761842009251339E-004
           4          26  -1.5131981937969413E-002
           4          27  -3.1784221623176131E-003
           4          28   3.4287255849645413E-003
           4          29  -4.3526747159872269E-003
           5           1   7.3248342044098299E-003
           5           2  -2.9572560548517649E-002
           5           3   4.1662221422189671E-002
           5           4   3.9311056567073260E-002
           5           5   3.1435055277259671E-003
           5           6   1.0636374118049868E-011
           5           7  -1.6857760933904285E-011
           5           8   6.9021182497992292E-012
           5           9   3.6179848001841113E-013
           5          10  -4.5830567713434915E-013
           5          11   1.6056067824550683E-013
           5          12   7.2438895525272647E-014
           5          13  -1.5951734843681217E-014
           5          14  -3.4274660045935531E-014
           5          15   9.0999127324372476E-015
           5          16  -1.9694645126063380E-014
           5          17   3.4756378366551527E-015
           5          18   3.9021496204479252E-004
           5          19   6.1237957255600318E-005
           5          20   3.8216696387747884E-004
           5          21   2.3805732044927396E-004
           5          22  -2.5680453450453592E-004
           5          23  -4.2518112970661584E-004
           5          24  -1.1246458488191698E-003
           5          25  -3.5666862073648232E-005
           5          26  -1.1199584497483327E-003
           5          27  -1.3865191230500042E-004
           5          28   1.4957086734349988E-004
           5          29  -6.4973409626706724E-004
           6           1   6.2583032327241416E-013
           6           2  -5.4899381170658937E-012
           6           3  -8.9223793009571096E-012
           6           4   1.1344872743441002E-011
           6           5   1.0636374118049868E-011
           6           6   1.9818044731359197     
           6           7  -1.8516790994092458E-003
           6           8  -7.1982452244167888E-003
           6           9   3.6052157163088031E-002
           6          10   4.9683304466037938E-003
           6          11   1.9313961514177025E-002
           6          12  -1.4452650399990524E-002
           6          13   5.8561342346950566E-003
           6          14   2.2765223081784046E-002
           6          15   2.2336173574461129E-003
           6          16   4.1799529299617756E-004
           6          17   1.6249210211323729E-003
           6          18   9.6599001622069920E-013
           6          19   1.9553734865271350E-012
           6          20  -1.4580788699360144E-012
           6          21  -6.5680767169976996E-013
           6          22  -4.1920034817831973E-014
           6          23  -2.2975864421240980E-012
           6          24  -9.0625369331676934E-012
           6          25  -1.4420597255431714E-012
           6          26  -3.6191556804069081E-012
           6          27   4.6994668398592061E-013
           6          28  -8.1478146971805913E-013
           6          29  -7.7110173000528516E-012
           7           1  -5.5597876198364393E-013
           7           2   4.7886642285416933E-012
           7           3   6.9174293652820992E-012
           7           4  -9.1261110263842673E-012
           7           5  -1.6857760933904285E-011
           7           6  -1.8516790994092458E-003
           7           7   1.9820854705859725     
           7           8   7.7651133134439233E-003
           7           9   4.9683304479883027E-003
           7          10   3.5298199490094780E-002
           7          11  -2.0834952234848096E-002
           7          12   5.8561342362222655E-003
           7          13  -1.5341334719514696E-002
           7          14  -2.4558003566653896E-002
           7          15   4.1799529309690915E-004
           7          16   2.1701854299877102E-003
           7          17  -1.7528849175967426E-003
           7          18  -1.3023012069426708E-012
           7          19  -3.7204098629445808E-013
           7          20   2.8722075626660991E-012
           7          21   5.0660660354682905E-013
           7          22  -3.7278356069783771E-014
           7          23   1.5301867784471733E-012
           7          24   9.8479101429629587E-012
           7          25   6.9124250205768167E-013
           7          26   5.4232701162012740E-012
           7          27   8.2925020115033433E-013
           7          28   1.0251186823974706E-012
           7          29   8.6820955576245831E-012
           8           1   2.8988738655999773E-013
           8           2  -2.5416461034482344E-012
           8           3  -3.9233790942382194E-012
           8           4   5.0631858623884405E-012
           8           5   6.9021182497992292E-012
           8           6  -7.1982452244167888E-003
           8           7   7.7651133134439233E-003
           8           8   2.0102741886203499     
           8           9   1.9313961500115460E-002
           8          10  -2.0834952216738811E-002
           8          11  -4.0336312346333114E-002
           8          12   2.2765223141480793E-002
           8          13  -2.4558003632377239E-002
           8          14 -0.10449117249964648     
           8          15   1.6249211051890342E-003
           8          16  -1.7528850074028214E-003
           8          17  -4.1930926368323332E-003
           8          18   3.8147876807137727E-013
           8          19   7.5507067079718560E-013
           8          20  -1.2290502945585307E-012
           8          21   1.1771716156236008E-013
           8          22  -2.7332070430724687E-013
           8          23  -6.2324281577716497E-013
           8          24  -4.8495707027591230E-012
           8          25  -3.6216382672588582E-013
           8          26  -2.3772232984334170E-012
           8          27   2.3270571771616078E-013
           8          28  -6.8461919662259410E-013
           8          29  -3.8027896513747851E-012
           9           1   1.1467249665467121E-013
           9           2  -5.3706533433908882E-013
           9           3   7.0394265012993828E-013
           9           4   1.0766717978049158E-012
           9           5   3.6179848001841113E-013
           9           6   3.6052157163088031E-002
           9           7   4.9683304479883027E-003
           9           8   1.9313961500115460E-002
           9           9   1.2638293491866995E-002
           9          10  -1.2732984335791203E-002
           9          11  -4.9498392328590907E-002
           9          12   1.4972694275863233E-002
           9          13  -1.6351690654242582E-002
           9          14  -6.3565804744030521E-002
           9          15   1.0051783604095677E-003
           9          16  -1.0262791433159882E-003
           9          17  -3.9895725461517283E-003
           9          18   9.1509778508348084E-014
           9          19   2.0967039303910438E-013
           9          20   5.9218034496976324E-014
           9          21   4.4383832417055989E-013
           9          22  -3.9762981404817877E-013
           9          23  -4.2514404338540182E-013
           9          24  -2.2889100365683167E-013
           9          25   8.6579420713140456E-014
           9          26  -9.9847603958774054E-014
           9          27   2.9606171492608624E-013
           9          28  -2.4669182196534037E-013
           9          29  -2.6830054302825779E-013
          10           1  -9.6006397052261263E-014
          10           2   4.4980278962460356E-013
          10           3  -5.6444534424556158E-013
          10           4  -8.6101689040285013E-013
          10           5  -4.5830567713434915E-013
          10           6   4.9683304466037938E-003
          10           7   3.5298199490094780E-002
          10           8  -2.0834952216738811E-002
          10           9  -1.2732984335791203E-002
          10          10   1.4570558548405242E-002
          10          11   5.3396432391717819E-002
          10          12  -1.6351690654047776E-002
          10          13   1.7454107873224836E-002
          10          14   6.8571665376291849E-002
          10          15  -1.0262791437185212E-003
          10          16   1.1609190154569364E-003
          10          17   4.3037547425659141E-003
          10          18  -4.1870834119745441E-014
          10          19  -1.7097682445796406E-013
          10          20   2.2378613747767997E-014
          10          21  -4.0682362046993694E-013
          10          22   3.4514932156529443E-013
          10          23   2.4067698693531879E-013
          10          24   2.6519915100513121E-013
          10          25  -1.0281541834118973E-013
          10          26   1.5458239269593966E-013
          10          27  -2.5967839321434486E-013
          10          28   2.3427726984283592E-013
          10          29   2.0307923171617478E-013
          11           1   5.2386764544840119E-014
          11           2  -2.3979534434976217E-013
          11           3   3.4312028691788439E-013
          11           4   4.7624113651266043E-013
          11           5   1.6056067824550683E-013
          11           6   1.9313961514177025E-002
          11           7  -2.0834952234848096E-002
          11           8  -4.0336312346333114E-002
          11           9  -4.9498392328590907E-002
          11          10   5.3396432391717819E-002
          11          11  0.20840892492813060     
          11          12  -6.3565804989201807E-002
          11          13   6.8571665641415869E-002
          11          14  0.26638121774519941     
          11          15  -3.9895727784235021E-003
          11          16   4.3037549914542389E-003
          11          17   1.6784299601218664E-002
          11          18   5.3325069361291468E-013
          11          19  -4.3673112986683138E-013
          11          20   3.9317033602419091E-013
          11          21  -9.0895597367976259E-013
          11          22   5.7263928031760191E-013
          11          23  -1.0484549583973414E-012
          11          24   2.7954354035738563E-013
          11          25  -3.8591544119023823E-013
          11          26   2.4293802659192746E-013
          11          27  -7.7416906799612796E-013
          11          28   4.9496694605094809E-013
          11          29  -8.6359340138924984E-013
          12           1   9.4686524123288880E-014
          12           2  -3.9121230688808353E-013
          12           3   9.1546838811814324E-013
          12           4   7.7943176932438995E-013
          12           5   7.2438895525272647E-014
          12           6  -1.4452650399990524E-002
          12           7   5.8561342362222655E-003
          12           8   2.2765223141480793E-002
          12           9   1.4972694275863233E-002
          12          10  -1.6351690654047776E-002
          12          11  -6.3565804989201807E-002
          12          12   1.9479743476549492E-002
          12          13  -2.0969424117595933E-002
          12          14  -8.1516850290603973E-002
          12          15   1.2100353892554440E-003
          12          16  -1.3182130397478556E-003
          12          17  -5.1244406436114576E-003
          12          18  -2.2883370194592938E-014
          12          19   1.7197162304318138E-013
          12          20   1.4922459048256711E-014
          12          21   4.4961832301467282E-013
          12          22  -3.5881687419131220E-013
          12          23  -1.1774939769232710E-013
          12          24  -4.8267815189381044E-014
          12          25   1.3927975001033968E-013
          12          26  -4.9070856602231205E-014
          12          27   3.0369039868163856E-013
          12          28  -2.2574950544668534E-013
          12          29   6.0052580521355468E-014
          13           1  -6.6826951018754421E-014
          13           2   2.7973735309113483E-013
          13           3  -6.7959711431519070E-013
          13           4  -5.7649112237109031E-013
          13           5  -1.5951734843681217E-014
          13           6   5.8561342346950566E-003
          13           7  -1.5341334719514696E-002
          13           8  -2.4558003632377239E-002
          13           9  -1.6351690654242582E-002
          13          10   1.7454107873224836E-002
          13          11   6.8571665641415869E-002
          13          12  -2.0969424117595933E-002
          13          13   2.2661910705428872E-002
          13          14   8.7936370871548764E-002
          13          15  -1.3182130402751627E-003
          13          16   1.4100778082780797E-003
          13          17   5.5279946580154248E-003
          13          18   6.7643611758554197E-014
          13          19  -1.8048883870698703E-013
          13          20   1.8020161716323376E-014
          13          21  -4.3364688956258591E-013
          13          22   3.3302303759764454E-013
          13          23   3.1553197397050759E-016
          13          24   5.9206877623869153E-014
          13          25  -1.4097871344230956E-013
          13          26   5.2747852267049155E-014
          13          27  -3.1307191769574957E-013
          13          28   2.2058135281534241E-013
          13          29  -1.2971684422677150E-013
          14           1   4.1621370803739841E-014
          14           2  -1.6668868104624646E-013
          14           3   4.2330289255674772E-013
          14           4   3.2387259533140423E-013
          14           5  -3.4274660045935531E-014
          14           6   2.2765223081784046E-002
          14           7  -2.4558003566653896E-002
          14           8 -0.10449117249964648     
          14           9  -6.3565804744030521E-002
          14          10   6.8571665376291849E-002
          14          11  0.26638121774519941     
          14          12  -8.1516850290603973E-002
          14          13   8.7936370871548764E-002
          14          14  0.34188627900582047     
          14          15  -5.1244409218047559E-003
          14          16   5.5279949559136213E-003
          14          17   2.1477662795525251E-002
          14          18   6.2243366959710333E-013
          14          19  -5.9237114715478817E-013
          14          20   4.9550056850559467E-013
          14          21  -1.2133959264270371E-012
          14          22   7.9475843291436155E-013
          14          23  -1.1732506580204263E-012
          14          24   4.9094272108968438E-013
          14          25  -4.8554683345161478E-013
          14          26   3.6939977116279789E-013
          14          27  -1.0146494508832774E-012
          14          28   6.7530951898395701E-013
          14          29  -9.1534511456230903E-013
          15           1  -3.6766684841206829E-015
          15           2   1.4967461126945019E-014
          15           3  -4.7829200366330699E-014
          15           4  -1.8588935885675389E-014
          15           5   9.0999127324372476E-015
          15           6   2.2336173574461129E-003
          15           7   4.1799529309690915E-004
          15           8   1.6249211051890342E-003
          15           9   1.0051783604095677E-003
          15          10  -1.0262791437185212E-003
          15          11  -3.9895727784235021E-003
          15          12   1.2100353892554440E-003
          15          13  -1.3182130402751627E-003
          15          14  -5.1244409218047559E-003
          15          15   8.0164022845366875E-005
          15          16  -8.2734059906874272E-005
          15          17  -3.2162159407045165E-004
          15          18  -1.5548878947234609E-014
          15          19   9.1659151208016252E-015
          15          20  -1.6441676877896580E-014
          15          21   8.3988854748309048E-015
          15          22  -2.2864530133122788E-015
          15          23   3.8232180478949455E-014
          15          24  -2.1096648140201018E-014
          15          25   4.4515065726080683E-015
          15          26  -1.2061873452257089E-014
          15          27   1.2094798842055679E-014
          15          28  -7.0978100506925466E-015
          15          29   1.4986383909974716E-014
          16           1   2.6489162418390694E-015
          16           2  -6.4621123433061602E-015
          16           3   2.7863448389169449E-014
          16           4   5.1447975653353550E-015
          16           5  -1.9694645126063380E-014
          16           6   4.1799529299617756E-004
          16           7   2.1701854299877102E-003
          16           8  -1.7528850074028214E-003
          16           9  -1.0262791433159882E-003
          16          10   1.1609190154569364E-003
          16          11   4.3037549914542389E-003
          16          12  -1.3182130397478556E-003
          16          13   1.4100778082780797E-003
          16          14   5.5279949559136213E-003
          16          15  -8.2734059906874272E-005
          16          16   9.2719141721914780E-005
          16          17   3.4694956520903164E-004
          16          18   1.3213081680842964E-014
          16          19  -8.5779883790624269E-015
          16          20   1.6380870709410583E-014
          16          21  -1.3221628063898749E-014
          16          22   6.5561636648186249E-015
          16          23  -3.2386411305049240E-014
          16          24   2.2211266430720680E-014
          16          25  -6.3655243136457082E-015
          16          26   1.4445122600283493E-014
          16          27  -1.2877591675554004E-014
          16          28   9.5854248044759449E-015
          16          29  -1.0817467237912062E-014
          17           1  -1.6180780595576194E-015
          17           2   6.2432197506339378E-015
          17           3  -2.1523121220574445E-014
          17           4  -1.0874871066661204E-014
          17           5   3.4756378366551527E-015
          17           6   1.6249210211323729E-003
          17           7  -1.7528849175967426E-003
          17           8  -4.1930926368323332E-003
          17           9  -3.9895725461517283E-003
          17          10   4.3037547425659141E-003
          17          11   1.6784299601218664E-002
          17          12  -5.1244406436114576E-003
          17          13   5.5279946580154248E-003
          17          14   2.1477662795525251E-002
          17          15  -3.2162159407045165E-004
          17          16   3.4694956520903164E-004
          17          17   1.3522065172495265E-003
          17          18   3.3584836093501929E-014
          17          19  -3.8278309876202193E-014
          17          20   2.3204066410751668E-014
          17          21  -8.4406403340359945E-014
          17          22   5.8267531891986480E-014
          17          23  -5.5030113889190626E-014
          17          24   2.1972799011511877E-014
          17          25  -3.2152498957248162E-014
          17          26   1.8391418390663643E-014
          17          27  -6.7070288675701330E-014
          17          28   4.5107859824181480E-014
          17          29  -5.4371199985093133E-014
          18           1   2.0511295548317813E-003
          18           2  -1.0415555133830742E-002
          18           3   1.8432397361242527E-003
          18           4   2.0778669337087278E-003
          18           5   3.9021496204479252E-004
          18           6   9.6599001622069920E-013
          18           7  -1.3023012069426708E-012
          18           8   3.8147876807137727E-013
          18           9   9.1509778508348084E-014
          18          10  -4.1870834119745441E-014
          18          11   5.3325069361291468E-013
          18          12  -2.2883370194592938E-014
          18          13   6.7643611758554197E-014
          18          14   6.2243366959710333E-013
          18          15  -1.5548878947234609E-014
          18          16   1.3213081680842964E-014
          18          17   3.3584836093501929E-014
          18          18   5.3622857110585480E-004
          18          19   1.5518741052355747E-004
          18          20   5.1583357378956257E-004
          18          21   6.0327780388663797E-004
          18          22  -6.5078643839515469E-004
          18          23  -1.5301240564388561E-003
          18          24   1.0150182282912934E-004
          18          25   6.5803774909332536E-005
          18          26   9.2853776847259210E-005
          18          27   2.5580654677996096E-004
          18          28  -2.7595152743865566E-004
          18          29  -7.7468909542851628E-004
          19           1  -1.0905902845126045E-005
          19           2   4.2547604187949872E-005
          19           3  -6.0835543008804123E-006
          19           4   2.0396922295867065E-007
          19           5   6.1237957255600318E-005
          19           6   1.9553734865271350E-012
          19           7  -3.7204098629445808E-013
          19           8   7.5507067079718560E-013
          19           9   2.0967039303910438E-013
          19          10  -1.7097682445796406E-013
          19          11  -4.3673112986683138E-013
          19          12   1.7197162304318138E-013
          19          13  -1.8048883870698703E-013
          19          14  -5.9237114715478817E-013
          19          15   9.1659151208016252E-015
          19          16  -8.5779883790624269E-015
          19          17  -3.8278309876202193E-014
          19          18   1.5518741052355747E-004
          19          19   4.9620052738857182E-005
          19          20   1.4866625756041184E-004
          19          21   1.9289371713559860E-004
          19          22  -2.0808425961757899E-004
          19          23  -5.0551390612134102E-004
          19          24   6.0496846634791047E-005
          19          25   2.2017523001941596E-005
          19          26   5.7603265684580046E-005
          19          27   8.5591238114657211E-005
          19          28  -9.2331620092942171E-005
          19          29  -2.3267104247529037E-004
          20           1   2.0525628270790094E-003
          20           2  -1.0421146812031138E-002
          20           3   1.8440392453838161E-003
          20           4   2.0778401258875548E-003
          20           5   3.8216696387747884E-004
          20           6  -1.4580788699360144E-012
          20           7   2.8722075626660991E-012
          20           8  -1.2290502945585307E-012
          20           9   5.9218034496976324E-014
          20          10   2.2378613747767997E-014
          20          11   3.9317033602419091E-013
          20          12   1.4922459048256711E-014
          20          13   1.8020161716323376E-014
          20          14   4.9550056850559467E-013
          20          15  -1.6441676877896580E-014
          20          16   1.6380870709410583E-014
          20          17   2.3204066410751668E-014
          20          18   5.1583357378956257E-004
          20          19   1.4866625756041184E-004
          20          20   4.9629559764961914E-004
          20          21   5.7792737869279413E-004
          20          22  -6.2343964589312798E-004
          20          23  -1.4636885465110655E-003
          20          24   9.3551222897166937E-005
          20          25   6.2910194042420335E-005
          20          26   8.5283456317010372E-005
          20          27   2.4455799856851776E-004
          20          28  -2.6381714659625186E-004
          20          29  -7.4411106547567435E-004
          21           1  -4.2395781316535968E-005
          21           2   1.6540024254527684E-004
          21           3  -2.3649411270912010E-005
          21           4   7.9280641451622003E-007
          21           5   2.3805732044927396E-004
          21           6  -6.5680767169976996E-013
          21           7   5.0660660354682905E-013
          21           8   1.1771716156236008E-013
          21           9   4.4383832417055989E-013
          21          10  -4.0682362046993694E-013
          21          11  -9.0895597367976259E-013
          21          12   4.4961832301467282E-013
          21          13  -4.3364688956258591E-013
          21          14  -1.2133959264270371E-012
          21          15   8.3988854748309048E-015
          21          16  -1.3221628063898749E-014
          21          17  -8.4406403340359945E-014
          21          18   6.0327780388663797E-004
          21          19   1.9289371713559860E-004
          21          20   5.7792737869279413E-004
          21          21   7.4985785094200364E-004
          21          22  -8.0890978746606199E-004
          21          23  -1.9651421362279573E-003
          21          24   2.3517632765916252E-004
          21          25   8.5591240395790203E-005
          21          26   2.2392777882411207E-004
          21          27   3.3272862876532135E-004
          21          28  -3.5893128808408149E-004
          21          29  -9.0448880501423480E-004
          22           1   4.5734485100038013E-005
          22           2  -1.7842565222417686E-004
          22           3   2.5511824748173165E-005
          22           4  -8.5523828866063134E-007
          22           5  -2.5680453450453592E-004
          22           6  -4.1920034817831973E-014
          22           7  -3.7278356069783771E-014
          22           8  -2.7332070430724687E-013
          22           9  -3.9762981404817877E-013
          22          10   3.4514932156529443E-013
          22          11   5.7263928031760191E-013
          22          12  -3.5881687419131220E-013
          22          13   3.3302303759764454E-013
          22          14   7.9475843291436155E-013
          22          15  -2.2864530133122788E-015
          22          16   6.5561636648186249E-015
          22          17   5.8267531891986480E-014
          22          18  -6.5078643839515469E-004
          22          19  -2.0808425961757899E-004
          22          20  -6.2343964589312798E-004
          22          21  -8.0890978746606199E-004
          22          22   8.7261211366445755E-004
          22          23   2.1198987324964986E-003
          22          24  -2.5369666135635529E-004
          22          25  -9.2331622577933428E-005
          22          26  -2.4156227983805208E-004
          22          27  -3.5893128817822341E-004
          22          28   3.8719742896050989E-004
          22          29   9.7571805922299661E-004
          23           1   2.1963439842863941E-003
          23           2  -1.0982085606148009E-002
          23           3   1.9242440587362818E-003
          23           4   2.0751515399557476E-003
          23           5  -4.2518112970661584E-004
          23           6  -2.2975864421240980E-012
          23           7   1.5301867784471733E-012
          23           8  -6.2324281577716497E-013
          23           9  -4.2514404338540182E-013
          23          10   2.4067698693531879E-013
          23          11  -1.0484549583973414E-012
          23          12  -1.1774939769232710E-013
          23          13   3.1553197397050759E-016
          23          14  -1.1732506580204263E-012
          23          15   3.8232180478949455E-014
          23          16  -3.2386411305049240E-014
          23          17  -5.5030113889190626E-014
          23          18  -1.5301240564388561E-003
          23          19  -5.0551390612134102E-004
          23          20  -1.4636885465110655E-003
          23          21  -1.9651421362279573E-003
          23          22   2.1198987324964986E-003
          23          23   5.2008986858830038E-003
          23          24  -7.0402628042369182E-004
          23          25  -2.2736412140240579E-004
          23          26  -6.7414569446516302E-004
          23          27  -8.8385858351550269E-004
          23          28   9.5346319025304215E-004
          23          29   2.3233741957264875E-003
          24           1  -3.5856157160241479E-003
          24           2   1.3952147224977448E-002
          24           3  -1.6069630607095819E-002
          24           4  -1.5239434743610968E-002
          24           5  -1.1246458488191698E-003
          24           6  -9.0625369331676934E-012
          24           7   9.8479101429629587E-012
          24           8  -4.8495707027591230E-012
          24           9  -2.2889100365683167E-013
          24          10   2.6519915100513121E-013
          24          11   2.7954354035738563E-013
          24          12  -4.8267815189381044E-014
          24          13   5.9206877623869153E-014
          24          14   4.9094272108968438E-013
          24          15  -2.1096648140201018E-014
          24          16   2.2211266430720680E-014
          24          17   2.1972799011511877E-014
          24          18   1.0150182282912934E-004
          24          19   6.0496846634791047E-005
          24          20   9.3551222897166937E-005
          24          21   2.3517632765916252E-004
          24          22  -2.5369666135635529E-004
          24          23  -7.0402628042369182E-004
          24          24   5.4538960900955055E-004
          24          25   5.1141215750167891E-005
          24          26   5.3866854262061940E-004
          24          27   1.9880711729880821E-004
          24          28  -2.1446334510436901E-004
          24          29  -1.3556632557656668E-004
          25           1  -9.3933504779829369E-005
          25           2   3.9472893643621579E-004
          25           3  -8.7855368673500568E-004
          25           4  -8.1761842009251339E-004
          25           5  -3.5666862073648232E-005
          25           6  -1.4420597255431714E-012
          25           7   6.9124250205768167E-013
          25           8  -3.6216382672588582E-013
          25           9   8.6579420713140456E-014
          25          10  -1.0281541834118973E-013
          25          11  -3.8591544119023823E-013
          25          12   1.3927975001033968E-013
          25          13  -1.4097871344230956E-013
          25          14  -4.8554683345161478E-013
          25          15   4.4515065726080683E-015
          25          16  -6.3655243136457082E-015
          25          17  -3.2152498957248162E-014
          25          18   6.5803774909332536E-005
          25          19   2.2017523001941596E-005
          25          20   6.2910194042420335E-005
          25          21   8.5591240395790203E-005
          25          22  -9.2331622577933428E-005
          25          23  -2.2736412140240579E-004
          25          24   5.1141215750167891E-005
          25          25   1.1084020119974096E-005
          25          26   4.9684534691125293E-005
          25          27   4.3088181247027882E-005
          25          28  -4.6481411761886040E-005
          25          29  -9.6444814617251828E-005
          26           1  -3.5732708148114500E-003
          26           2   1.3900271275786297E-002
          26           3  -1.5954169584811370E-002
          26           4  -1.5131981937969413E-002
          26           5  -1.1199584497483327E-003
          26           6  -3.6191556804069081E-012
          26           7   5.4232701162012740E-012
          26           8  -2.3772232984334170E-012
          26           9  -9.9847603958774054E-014
          26          10   1.5458239269593966E-013
          26          11   2.4293802659192746E-013
          26          12  -4.9070856602231205E-014
          26          13   5.2747852267049155E-014
          26          14   3.6939977116279789E-013
          26          15  -1.2061873452257089E-014
          26          16   1.4445122600283493E-014
          26          17   1.8391418390663643E-014
          26          18   9.2853776847259210E-005
          26          19   5.7603265684580046E-005
          26          20   8.5283456317010372E-005
          26          21   2.2392777882411207E-004
          26          22  -2.4156227983805208E-004
          26          23  -6.7414569446516302E-004
          26          24   5.3866854262061940E-004
          26          25   4.9684534691125293E-005
          26          26   5.3213891577120608E-004
          26          27   1.9314439413412970E-004
          26          28  -2.0835467772753124E-004
          26          29  -1.2289138106976800E-004
          27           1  -3.6515852149435202E-004
          27           2   1.5344752147143270E-003
          27           3  -3.4153028337363099E-003
          27           4  -3.1784221623176131E-003
          27           5  -1.3865191230500042E-004
          27           6   4.6994668398592061E-013
          27           7   8.2925020115033433E-013
          27           8   2.3270571771616078E-013
          27           9   2.9606171492608624E-013
          27          10  -2.5967839321434486E-013
          27          11  -7.7416906799612796E-013
          27          12   3.0369039868163856E-013
          27          13  -3.1307191769574957E-013
          27          14  -1.0146494508832774E-012
          27          15   1.2094798842055679E-014
          27          16  -1.2877591675554004E-014
          27          17  -6.7070288675701330E-014
          27          18   2.5580654677996096E-004
          27          19   8.5591238114657211E-005
          27          20   2.4455799856851776E-004
          27          21   3.3272862876532135E-004
          27          22  -3.5893128817822341E-004
          27          23  -8.8385858351550269E-004
          27          24   1.9880711729880821E-004
          27          25   4.3088181247027882E-005
          27          26   1.9314439413412970E-004
          27          27   1.6750162333529470E-004
          27          28  -1.8069251705928556E-004
          27          29  -3.7492096666064351E-004
          28           1   3.9391506264188940E-004
