           1           1   2.0000245726538504     
           1           2   3.8136397198318818E-003
           1           3  -3.2966483187140240E-003
           1           4  -1.9074608543687653E-004
           1           5  -3.1953591163730137E-004
           1           6  -4.8249752353601537E-016
           1           7  -2.7544079682137259E-016
           1           8  -1.5723353794077736E-015
           1           9   1.6346470727167596E-015
           1          10   3.3444720689077015E-015
           1          11  -1.3404153186385577E-014
           1          12  -3.5616860961309643E-015
           1          13  -2.2800051279837964E-015
           1          14   4.3982214830160571E-015
           1          15   2.6582864509053147E-016
           1          16   7.9983029174608481E-016
           1          17   1.0731886334454859E-015
           1          18  -9.3997228635211310E-004
           1          19  -3.2038988689670143E-015
           1          20  -9.3997228635408635E-004
           1          21  -9.4568845714198245E-016
           1          22  -2.2649232571389699E-015
           1          23  -9.3997228635200490E-004
           1          24   1.7218858828844729E-004
           1          25   9.9038158208026905E-016
           1          26   1.7218858829149604E-004
           1          27  -1.4623127135516345E-016
           1          28  -4.5572248890335898E-017
           1          29   1.7218858828814640E-004
           2           1   3.8136397198318818E-003
           2           2   2.0467721451453453     
           2           3   1.6055516468758912E-002
           2           4  -6.9845375028836587E-002
           2           5  -7.3476348823248673E-003
           2           6  -4.8729339401053312E-015
           2           7  -8.1134169900274427E-015
           2           8  -2.5920498048692376E-014
           2           9   1.4453516253573787E-015
           2          10   3.0510224968401064E-014
           2          11  -4.9398234526462278E-014
           2          12  -9.5918674949692051E-015
           2          13  -1.2286047440315531E-014
           2          14  -6.8495849176583503E-015
           2          15   4.9373137010668459E-015
           2          16   6.7767044202705200E-015
           2          17   2.5612733515768826E-015
           2          18  -1.4227113765776424E-003
           2          19  -1.7012610033169252E-015
           2          20  -1.4227113765721607E-003
           2          21   5.4076735081514858E-015
           2          22   1.1451662702476417E-014
           2          23  -1.4227113765771541E-003
           2          24   1.4130538469296117E-002
           2          25   1.1236445864660742E-014
           2          26   1.4130538469293210E-002
           2          27  -5.2426755181124115E-015
           2          28  -2.8051776145312774E-015
           2          29   1.4130538469295125E-002
           3           1  -3.2966483187140240E-003
           3           2   1.6055516468758912E-002
           3           3   1.8807572864204141     
           3           4   8.4778307195999686E-002
           3           5   6.3050245160225810E-002
           3           6  -9.3610249748246156E-015
           3           7  -1.3695653645998747E-016
           3           8   2.2183804785758391E-014
           3           9  -6.5342389449302754E-015
           3          10   4.9209106378072604E-014
           3          11  -6.9335536319158311E-014
           3          12   3.4234328333473478E-015
           3          13   8.1804036476284485E-015
           3          14  -7.6089342569392146E-015
           3          15   1.4845234178843517E-015
           3          16   4.0667095902103397E-015
           3          17  -4.5756578450268452E-015
           3          18  -4.2444410340174111E-003
           3          19  -1.2510127214218655E-015
           3          20  -4.2444410340095953E-003
           3          21   2.6828193768119404E-016
           3          22   1.7184696600606527E-015
           3          23  -4.2444410340176236E-003
           3          24  -3.4931773800814914E-002
           3          25   4.2489609665377887E-016
           3          26  -3.4931773800817315E-002
           3          27   9.2161225834263892E-016
           3          28   1.8557118731692475E-015
           3          29  -3.4931773800818536E-002
           4           1  -1.9074608543687653E-004
           4           2  -6.9845375028836587E-002
           4           3   8.4778307195999686E-002
           4           4   6.2547908616688765E-003
           4           5   3.1139967927426909E-003
           4           6   1.9433845850649197E-014
           4           7  -3.5277393823834546E-015
           4           8  -4.1638390421519014E-014
           4           9   3.9022782288482153E-015
           4          10  -5.2920497641183603E-014
           4          11   1.0546429662732612E-013
           4          12   4.3826143951495712E-016
           4          13   1.5892503763265618E-015
           4          14  -1.7180589027025457E-015
           4          15  -3.0283706668635041E-017
           4          16  -1.1629682373856487E-015
           4          17   1.9442391717778609E-015
           4          18  -1.4356149228365075E-004
           4          19   1.7559351123527208E-018
           4          20  -1.4356149228348525E-004
           4          21  -1.7433006162737560E-016
           4          22  -3.1699597228762978E-016
           4          23  -1.4356149228367726E-004
           4          24  -2.0721157933143264E-003
           4          25  -3.6811845956969465E-016
           4          26  -2.0721157933143346E-003
           4          27   2.2257804765882641E-016
           4          28   1.8091844757914151E-016
           4          29  -2.0721157933144565E-003
           5           1  -3.1953591163730137E-004
           5           2  -7.3476348823248673E-003
           5           3   6.3050245160225810E-002
           5           4   3.1139967927426909E-003
           5           5   2.1440915220782620E-003
           5           6  -3.1305175425418675E-016
           5           7  -1.4068668803819093E-015
           5           8  -1.3547996915941463E-014
           5           9   2.8853156366374108E-014
           5          10  -4.1660770833406703E-014
           5          11   1.7967106991686254E-013
           5          12  -2.7647428989814100E-016
           5          13   9.5772128267806649E-016
           5          14  -2.9203833823262334E-015
           5          15   6.3100359649860315E-016
           5          16  -7.8021905194755613E-016
           5          17   3.6003000369455493E-015
           5          18  -1.3685607197765434E-004
           5          19  -3.5114131907306135E-017
           5          20  -1.3685607197741302E-004
           5          21  -1.1740732460570524E-017
           5          22   1.3763219680094621E-017
           5          23  -1.3685607197766339E-004
           5          24  -1.2266513618877711E-003
           5          25  -2.9131325279720161E-017
           5          26  -1.2266513618878407E-003
           5          27   5.1139622097392866E-017
           5          28   7.3083978765840457E-017
           5          29  -1.2266513618878886E-003
           6           1  -4.8249752353601537E-016
           6           2  -4.8729339401053312E-015
           6           3  -9.3610249748246156E-015
           6           4   1.9433845850649197E-014
           6           5  -3.1305175425418675E-016
           6           6   1.9997951432287455     
           6           7  -1.2264647771958777E-015
           6           8  -2.6091713063134829E-016
           6           9   1.0930014088844486E-003
           6          10  -1.0876797509537517E-014
           6          11   1.3645809200484027E-014
           6          12   1.5098556112241521E-003
           6          13   4.7062285573598248E-015
           6          14  -1.6011256278875962E-015
           6          15  -1.5102733918966435E-003
           6          16   1.2128303723940559E-015
           6          17   8.6565687242381745E-016
           6          18  -5.7302016066165034E-016
           6          19  -1.9856336763813822E-015
           6          20  -1.9756219354057100E-015
           6          21   5.1220729336227517E-015
           6          22   1.3995159916026635E-015
           6          23  -2.3123138618680881E-015
           6          24  -4.2703392389945108E-015
           6          25  -4.3532210789610161E-016
           6          26  -3.7238230564650370E-015
           6          27  -5.5675840423491111E-016
           6          28  -3.6281932590710986E-015
           6          29  -5.4274877558295083E-015
           7           1  -2.7544079682137259E-016
           7           2  -8.1134169900274427E-015
           7           3  -1.3695653645998747E-016
           7           4  -3.5277393823834546E-015
           7           5  -1.4068668803819093E-015
           7           6  -1.2264647771958777E-015
           7           7   1.9997951432287464     
           7           8   2.4705904957444730E-016
           7           9  -4.6264261952672081E-016
           7          10   1.0930014088887273E-003
           7          11  -5.2853229605409613E-015
           7          12   8.4357133535710883E-016
           7          13   1.5098556112278006E-003
           7          14  -2.1836755019770566E-015
           7          15  -1.8502418293233486E-015
           7          16  -1.5102733918926970E-003
           7          17   6.2983675891935265E-017
           7          18   7.1558753851994243E-016
           7          19  -1.1064782246041789E-015
           7          20  -1.1293453726364624E-016
           7          21   1.7569119300323319E-015
           7          22   1.3078693418413763E-015
           7          23   2.4487986671033328E-015
           7          24   1.5910190868967529E-015
           7          25   9.6561346298594728E-016
           7          26   9.7250565315341792E-016
           7          27  -3.3475176244170322E-016
           7          28  -3.6736933227462166E-015
           7          29  -4.1686537262675541E-016
           8           1  -1.5723353794077736E-015
           8           2  -2.5920498048692376E-014
           8           3   2.2183804785758391E-014
           8           4  -4.1638390421519014E-014
           8           5  -1.3547996915941463E-014
           8           6  -2.6091713063134829E-016
           8           7   2.4705904957444730E-016
           8           8   1.9997951432287513     
           8           9   3.5459374152224665E-015
           8          10  -1.8672834545957473E-014
           8          11   1.0930014089046132E-003
           8          12  -7.5182434757637253E-015
           8          13   1.6294681126323776E-014
           8          14   1.5098556112165006E-003
           8          15   4.1423248430547469E-015
           8          16   1.6250208508461136E-015
           8          17  -1.5102733918841192E-003
           8          18   3.4885475580111514E-015
           8          19  -2.5523375651729124E-018
           8          20   2.8059355131159324E-015
           8          21   1.5365693827308780E-016
           8          22   1.8532008949848551E-015
           8          23   1.2808235847052771E-014
           8          24   1.1735698066471105E-014
           8          25   3.1447684944202696E-015
           8          26   1.2543967693903954E-014
           8          27   2.5584678232477710E-015
           8          28  -1.8517317076334369E-015
           8          29   2.7843168854933844E-015
           9           1   1.6346470727167596E-015
           9           2   1.4453516253573787E-015
           9           3  -6.5342389449302754E-015
           9           4   3.9022782288482153E-015
           9           5   2.8853156366374108E-014
           9           6   1.0930014088844486E-003
           9           7  -4.6264261952672081E-016
           9           8   3.5459374152224665E-015
           9           9   2.0155261192547504     
           9          10  -1.1962653090336062E-014
           9          11   5.4262150328554526E-014
           9          12  -2.9706497639579159E-002
           9          13  -1.7179833944336309E-014
           9          14   1.4116312285761268E-015
           9          15   4.1604455141482491E-002
           9          16   1.7492084170012134E-014
           9          17  -8.5578245878625836E-015
           9          18   9.7744249514839766E-016
           9          19  -7.9037823581984093E-015
           9          20   5.1826144920331068E-015
           9          21   1.4310732678198922E-014
           9          22  -9.2052399888208325E-015
           9          23  -2.2364052544106007E-015
           9          24  -2.2327659365772344E-014
           9          25  -2.7722479979623644E-015
           9          26  -1.0555274631201953E-014
           9          27  -9.8442896339476979E-015
           9          28   3.2581036353882341E-016
           9          29   2.6716449394884001E-015
          10           1   3.3444720689077015E-015
          10           2   3.0510224968401064E-014
          10           3   4.9209106378072604E-014
          10           4  -5.2920497641183603E-014
          10           5  -4.1660770833406703E-014
          10           6  -1.0876797509537517E-014
          10           7   1.0930014088887273E-003
          10           8  -1.8672834545957473E-014
          10           9  -1.1962653090336062E-014
          10          10   2.0155261192547753     
          10          11  -7.6383344094210770E-014
          10          12   4.0548944410523369E-014
          10          13  -2.9706497639608712E-002
          10          14   4.5993590880311075E-014
          10          15  -3.4568159966441581E-014
          10          16   4.1604455141514333E-002
          10          17  -3.6177658091496312E-015
          10          18   8.0386463120177331E-015
          10          19  -4.1142223524762726E-016
          10          20   1.0504895097172259E-014
          10          21   3.4169589721003796E-015
          10          22   1.5697779228514448E-014
          10          23   2.0911090280484400E-014
          10          24   1.8986436376035587E-015
          10          25   1.8485259766682665E-015
          10          26   1.1540253211279240E-014
          10          27  -6.1596535672997007E-016
          10          28  -1.9935234005664265E-014
          10          29   5.2973417264510688E-014
          11           1  -1.3404153186385577E-014
          11           2  -4.9398234526462278E-014
          11           3  -6.9335536319158311E-014
          11           4   1.0546429662732612E-013
          11           5   1.7967106991686254E-013
          11           6   1.3645809200484027E-014
          11           7  -5.2853229605409613E-015
          11           8   1.0930014089046132E-003
          11           9   5.4262150328554526E-014
          11          10  -7.6383344094210770E-014
          11          11   2.0155261192549174     
          11          12  -9.3236399503759948E-014
          11          13   5.3945563294188759E-014
          11          14  -2.9706497639662682E-002
          11          15   6.3877722555893968E-014
          11          16  -1.9513037019525115E-014
          11          17   4.1604455141454166E-002
          11          18  -1.6094156285638522E-014
          11          19  -1.4874464486694436E-014
          11          20  -2.1921461049715868E-014
          11          21   2.1618130296927588E-014
          11          22  -5.4131515727168894E-014
          11          23  -2.8435860005529679E-014
          11          24  -9.5401575294261655E-014
          11          25  -1.3586030477188153E-014
          11          26  -6.2979935447499201E-014
          11          27  -3.9976433983857876E-014
          11          28   4.0636194517791935E-014
          11          29  -8.3012882414252902E-014
          12           1  -3.5616860961309643E-015
          12           2  -9.5918674949692051E-015
          12           3   3.4234328333473478E-015
          12           4   4.3826143951495712E-016
          12           5  -2.7647428989814100E-016
          12           6   1.5098556112241521E-003
          12           7   8.4357133535710883E-016
          12           8  -7.5182434757637253E-015
          12           9  -2.9706497639579159E-002
          12          10   4.0548944410523369E-014
          12          11  -9.3236399503759948E-014
          12          12   4.3900344320189986E-004
          12          13  -3.3785772573721728E-016
          12          14   1.3351204365165403E-015
          12          15  -6.1437065180142418E-004
          12          16   5.7604677863691556E-016
          12          17  -1.7757808569961175E-015
          12          18  -1.4207204055674025E-017
          12          19   1.1498072987666526E-016
          12          20  -7.7245751371892099E-017
          12          21  -2.0698494702953056E-016
          12          22   1.3675444371099590E-016
          12          23   3.1849497618411061E-017
          12          24   1.9610979670775999E-016
          12          25   4.0518782218945851E-017
          12          26   2.3021752474904875E-017
          12          27   1.4467761193426609E-016
          12          28  -7.5708727601359837E-018
          12          29  -1.7319442594464945E-016
          13           1  -2.2800051279837964E-015
          13           2  -1.2286047440315531E-014
          13           3   8.1804036476284485E-015
          13           4   1.5892503763265618E-015
          13           5   9.5772128267806649E-016
          13           6   4.7062285573598248E-015
          13           7   1.5098556112278006E-003
          13           8   1.6294681126323776E-014
          13           9  -1.7179833944336309E-014
          13          10  -2.9706497639608712E-002
          13          11   5.3945563294188759E-014
          13          12  -3.3785772573721728E-016
          13          13   4.3900344320277145E-004
          13          14  -1.4461901728241022E-015
          13          15   1.4637068141733212E-016
          13          16  -6.1437065180249602E-004
          13          17   1.1313514144614678E-015
          13          18  -1.2894584568809577E-016
          13          19   5.2066601008786016E-018
          13          20  -1.6589229686922845E-016
          13          21  -4.8971820911841537E-017
          13          22  -2.3040684448937532E-016
          13          23  -3.1735894451856217E-016
          13          24  -2.7628998506205934E-016
          13          25  -2.6532711105930150E-017
          13          26  -4.1883075295312664E-016
          13          27   8.7859390793687623E-018
          13          28   2.9106578337215213E-016
          13          29  -1.0305693017988323E-015
          14           1   4.3982214830160571E-015
          14           2  -6.8495849176583503E-015
          14           3  -7.6089342569392146E-015
          14           4  -1.7180589027025457E-015
          14           5  -2.9203833823262334E-015
          14           6  -1.6011256278875962E-015
          14           7  -2.1836755019770566E-015
          14           8   1.5098556112165006E-003
          14           9   1.4116312285761268E-015
          14          10   4.5993590880311075E-014
          14          11  -2.9706497639662682E-002
          14          12   1.3351204365165403E-015
          14          13  -1.4461901728241022E-015
          14          14   4.3900344320431498E-004
          14          15  -8.9181388510974069E-016
          14          16   1.2171524638865394E-015
          14          17  -6.1437065180266516E-004
          14          18   2.6248277480081407E-016
          14          19   2.1925920551541111E-016
          14          20   3.4789127390381287E-016
          14          21  -3.1852200473967120E-016
          14          22   7.9936323742091201E-016
          14          23   4.5158579999589918E-016
          14          24   1.5232444693362338E-015
          14          25   2.0265840166289036E-016
          14          26   1.0459757198291959E-015
          14          27   5.9122377885093266E-016
          14          28  -6.0043873141221878E-016
          14          29   1.3339291972835501E-015
          15           1   2.6582864509053147E-016
          15           2   4.9373137010668459E-015
          15           3   1.4845234178843517E-015
          15           4  -3.0283706668635041E-017
          15           5   6.3100359649860315E-016
          15           6  -1.5102733918966435E-003
          15           7  -1.8502418293233486E-015
          15           8   4.1423248430547469E-015
          15           9   4.1604455141482491E-002
          15          10  -3.4568159966441581E-014
          15          11   6.3877722555893968E-014
          15          12  -6.1437065180142418E-004
          15          13   1.4637068141733212E-016
          15          14  -8.9181388510974069E-016
          15          15   8.5997335389214951E-004
          15          16  -3.4704633914903193E-016
          15          17   1.1152035783550118E-015
          15          18   1.3558870634264840E-017
          15          19  -1.6163099948718706E-016
          15          20   1.0144358567894759E-016
          15          21   2.9149527326817068E-016
          15          22  -1.9108786498791246E-016
          15          23  -5.1444168697344575E-017
          15          24  -4.5308483140011843E-016
          15          25  -5.6895876074236220E-017
          15          26  -2.1048936437986398E-016
          15          27  -2.0278109667066053E-016
          15          28   9.5064538311475576E-018
          15          29   6.3866305570483563E-017
          16           1   7.9983029174608481E-016
          16           2   6.7767044202705200E-015
          16           3   4.0667095902103397E-015
          16           4  -1.1629682373856487E-015
          16           5  -7.8021905194755613E-016
          16           6   1.2128303723940559E-015
          16           7  -1.5102733918926970E-003
          16           8   1.6250208508461136E-015
          16           9   1.7492084170012134E-014
          16          10   4.1604455141514333E-002
          16          11  -1.9513037019525115E-014
          16          12   5.7604677863691556E-016
          16          13  -6.1437065180249602E-004
          16          14   1.2171524638865394E-015
          16          15  -3.4704633914903193E-016
          16          16   8.5997335389344817E-004
          16          17  -4.4647445462953073E-016
          16          18   1.5401485582086004E-016
          16          19  -7.6495334311624480E-018
          16          20   2.0557284846770153E-016
          16          21   6.9206650438369124E-017
          16          22   3.2302555586319458E-016
          16          23   4.1840238993112314E-016
          16          24   2.4417969888053963E-017
          16          25   3.7409006311319693E-017
          16          26   2.2393345353169703E-016
          16          27  -1.2472466384786188E-017
          16          28  -4.0868064557179311E-016
          16          29   1.0802839577358256E-015
          17           1   1.0731886334454859E-015
          17           2   2.5612733515768826E-015
          17           3  -4.5756578450268452E-015
          17           4   1.9442391717778609E-015
          17           5   3.6003000369455493E-015
          17           6   8.6565687242381745E-016
          17           7   6.2983675891935265E-017
          17           8  -1.5102733918841192E-003
          17           9  -8.5578245878625836E-015
          17          10  -3.6177658091496312E-015
          17          11   4.1604455141454166E-002
          17          12  -1.7757808569961175E-015
          17          13   1.1313514144614678E-015
          17          14  -6.1437065180266516E-004
          17          15   1.1152035783550118E-015
          17          16  -4.4647445462953073E-016
          17          17   8.5997335389089097E-004
          17          18  -3.3089867250572585E-016
          17          19  -3.0703411910698513E-016
          17          20  -4.5065026345760297E-016
          17          21   4.4613064958420887E-016
          17          22  -1.1187904896170629E-015
          17          23  -5.9277301490847075E-016
          17          24  -1.8948341841784677E-015
          17          25  -2.8285461551953364E-016
          17          26  -1.2261989539952492E-015
          17          27  -8.2715213900898930E-016
          17          28   8.4021827381904987E-016
          17          29  -1.6321974889085579E-015
          18           1  -9.3997228635211310E-004
          18           2  -1.4227113765776424E-003
          18           3  -4.2444410340174111E-003
          18           4  -1.4356149228365075E-004
          18           5  -1.3685607197765434E-004
          18           6  -5.7302016066165034E-016
          18           7   7.1558753851994243E-016
          18           8   3.4885475580111514E-015
          18           9   9.7744249514839766E-016
          18          10   8.0386463120177331E-015
          18          11  -1.6094156285638522E-014
          18          12  -1.4207204055674025E-017
          18          13  -1.2894584568809577E-016
          18          14   2.6248277480081407E-016
          18          15   1.3558870634264840E-017
          18          16   1.5401485582086004E-016
          18          17  -3.3089867250572585E-016
          18          18   1.0964326085631770E-005
          18          19   5.4814303162871378E-018
          18          20   1.0964326085611392E-005
          18          21  -3.8160006137143751E-018
          18          22  -1.0547284841841426E-017
          18          23   1.0964326085631867E-005
          18          24   6.9018794815360645E-005
          18          25  -9.0265627312170711E-018
          18          26   6.9018794815366567E-005
          18          27   1.5407163561524246E-018
          18          28  -2.2593873863416527E-018
          18          29   6.9018794815369617E-005
          19           1  -3.2038988689670143E-015
          19           2  -1.7012610033169252E-015
          19           3  -1.2510127214218655E-015
          19           4   1.7559351123527208E-018
          19           5  -3.5114131907306135E-017
          19           6  -1.9856336763813822E-015
          19           7  -1.1064782246041789E-015
          19           8  -2.5523375651729124E-018
          19           9  -7.9037823581984093E-015
          19          10  -4.1142223524762726E-016
          19          11  -1.4874464486694436E-014
          19          12   1.1498072987666526E-016
          19          13   5.2066601008786016E-018
          19          14   2.1925920551541111E-016
          19          15  -1.6163099948718706E-016
          19          16  -7.6495334311624480E-018
          19          17  -3.0703411910698513E-016
          19          18   5.4814303162871378E-018
          19          19   2.8478845885961325E-028
          19          20   5.4814303163956485E-018
          19          21  -3.0637197665179368E-028
          19          22   6.8461888642691380E-028
          19          23   5.4814303165823605E-018
          19          24   1.1182033443112180E-017
          19          25   1.0876432643231161E-028
          19          26   1.1182033442732047E-017
          19          27   5.2166466372994845E-028
          19          28  -5.5084524765540836E-028
          19          29   1.1182033443245343E-017
          20           1  -9.3997228635408635E-004
          20           2  -1.4227113765721607E-003
          20           3  -4.2444410340095953E-003
          20           4  -1.4356149228348525E-004
          20           5  -1.3685607197741302E-004
          20           6  -1.9756219354057100E-015
          20           7  -1.1293453726364624E-016
          20           8   2.8059355131159324E-015
          20           9   5.1826144920331068E-015
          20          10   1.0504895097172259E-014
          20          11  -2.1921461049715868E-014
          20          12  -7.7245751371892099E-017
          20          13  -1.6589229686922845E-016
          20          14   3.4789127390381287E-016
          20          15   1.0144358567894759E-016
          20          16   2.0557284846770153E-016
          20          17  -4.5065026345760297E-016
          20          18   1.0964326085611392E-005
          20          19   5.4814303163956485E-018
          20          20   1.0964326085591018E-005
          20          21  -3.8160006134624842E-018
          20          22  -1.0547284841362798E-017
          20          23   1.0964326085611491E-005
          20          24   6.9018794815253580E-005
          20          25  -9.0265627312603614E-018
          20          26   6.9018794815259489E-005
          20          27   1.5407163562969356E-018
          20          28  -2.2593873866676024E-018
          20          29   6.9018794815262552E-005
          21           1  -9.4568845714198245E-016
          21           2   5.4076735081514858E-015
          21           3   2.6828193768119404E-016
          21           4  -1.7433006162737560E-016
          21           5  -1.1740732460570524E-017
          21           6   5.1220729336227517E-015
          21           7   1.7569119300323319E-015
          21           8   1.5365693827308780E-016
          21           9   1.4310732678198922E-014
          21          10   3.4169589721003796E-015
          21          11   2.1618130296927588E-014
          21          12  -2.0698494702953056E-016
          21          13  -4.8971820911841537E-017
          21          14  -3.1852200473967120E-016
          21          15   2.9149527326817068E-016
          21          16   6.9206650438369124E-017
          21          17   4.4613064958420887E-016
          21          18  -3.8160006137143751E-018
          21          19  -3.0637197665179368E-028
          21          20  -3.8160006134624842E-018
          21          21   8.5966844563583628E-028
          21          22  -7.9553889900021442E-028
          21          23  -3.8160006138830203E-018
          21          24   3.3084940327699227E-017
          21          25  -3.4863806771604873E-028
          21          26   3.3084940328455085E-017
          21          27  -7.5657065512290268E-028
          21          28   6.6523567421359264E-028
          21          29   3.3084940328616075E-017
          22           1  -2.2649232571389699E-015
          22           2   1.1451662702476417E-014
          22           3   1.7184696600606527E-015
          22           4  -3.1699597228762978E-016
          22           5   1.3763219680094621E-017
          22           6   1.3995159916026635E-015
          22           7   1.3078693418413763E-015
          22           8   1.8532008949848551E-015
          22           9  -9.2052399888208325E-015
          22          10   1.5697779228514448E-014
          22          11  -5.4131515727168894E-014
          22          12   1.3675444371099590E-016
          22          13  -2.3040684448937532E-016
          22          14   7.9936323742091201E-016
          22          15  -1.9108786498791246E-016
          22          16   3.2302555586319458E-016
          22          17  -1.1187904896170629E-015
          22          18  -1.0547284841841426E-017
          22          19   6.8461888642691380E-028
          22          20  -1.0547284841362798E-017
          22          21  -7.9553889900021442E-028
          22          22   2.8925687440749351E-027
          22          23  -1.0547284840373802E-017
          22          24   4.8617234913367086E-017
          22          25   7.1580954058945671E-028
          22          26   4.8617234912155334E-017
          22          27   1.7828374074278933E-027
          22          28  -2.3104842624056532E-027
          22          29   4.8617234914319340E-017
          23           1  -9.3997228635200490E-004
          23           2  -1.4227113765771541E-003
          23           3  -4.2444410340176236E-003
          23           4  -1.4356149228367726E-004
          23           5  -1.3685607197766339E-004
          23           6  -2.3123138618680881E-015
          23           7   2.4487986671033328E-015
          23           8   1.2808235847052771E-014
          23           9  -2.2364052544106007E-015
          23          10   2.0911090280484400E-014
          23          11  -2.8435860005529679E-014
          23          12   3.1849497618411061E-017
          23          13  -3.1735894451856217E-016
          23          14   4.5158579999589918E-016
          23          15  -5.1444168697344575E-017
          23          16   4.1840238993112314E-016
          23          17  -5.9277301490847075E-016
          23          18   1.0964326085631867E-005
          23          19   5.4814303165823605E-018
          23          20   1.0964326085611491E-005
          23          21  -3.8160006138830203E-018
          23          22  -1.0547284840373802E-017
          23          23   1.0964326085631967E-005
          23          24   6.9018794815368058E-005
          23          25  -9.0265627309279921E-018
          23          26   6.9018794815373980E-005
          23          27   1.5407163569735406E-018
          23          28  -2.2593873875784063E-018
          23          29   6.9018794815377016E-005
          24           1   1.7218858828844729E-004
          24           2   1.4130538469296117E-002
          24           3  -3.4931773800814914E-002
          24           4  -2.0721157933143264E-003
          24           5  -1.2266513618877711E-003
          24           6  -4.2703392389945108E-015
          24           7   1.5910190868967529E-015
          24           8   1.1735698066471105E-014
          24           9  -2.2327659365772344E-014
          24          10   1.8986436376035587E-015
          24          11  -9.5401575294261655E-014
          24          12   1.9610979670775999E-016
          24          13  -2.7628998506205934E-016
          24          14   1.5232444693362338E-015
          24          15  -4.5308483140011843E-016
          24          16   2.4417969888053963E-017
          24          17  -1.8948341841784677E-015
          24          18   6.9018794815360645E-005
          24          19   1.1182033443112180E-017
          24          20   6.9018794815253580E-005
          24          21   3.3084940327699227E-017
          24          22   4.8617234913367086E-017
          24          23   6.9018794815368058E-005
          24          24   7.5052243406899255E-004
          24          25   7.1340312194026946E-017
          24          26   7.5052243406901684E-004
          24          27  -5.4139426276167356E-017
          24          28  -5.4356283725142229E-017
          24          29   7.5052243406905283E-004
          25           1   9.9038158208026905E-016
          25           2   1.1236445864660742E-014
          25           3   4.2489609665377887E-016
          25           4  -3.6811845956969465E-016
          25           5  -2.9131325279720161E-017
          25           6  -4.3532210789610161E-016
          25           7   9.6561346298594728E-016
          25           8   3.1447684944202696E-015
          25           9  -2.7722479979623644E-015
          25          10   1.8485259766682665E-015
          25          11  -1.3586030477188153E-014
          25          12   4.0518782218945851E-017
          25          13  -2.6532711105930150E-017
          25          14   2.0265840166289036E-016
          25          15  -5.6895876074236220E-017
          25          16   3.7409006311319693E-017
          25          17  -2.8285461551953364E-016
          25          18  -9.0265627312170711E-018
          25          19   1.0876432643231161E-028
          25          20  -9.0265627312603614E-018
          25          21  -3.4863806771604873E-028
          25          22   7.1580954058945671E-028
          25          23  -9.0265627309279921E-018
          25          24   7.1340312194026946E-017
          25          25   3.3772375665813371E-028
          25          26   7.1340312193606545E-017
          25          27   4.3976042676818826E-028
          25          28  -5.4847670332586550E-028
          25          29   7.1340312193742857E-017
          26           1   1.7218858829149604E-004
          26           2   1.4130538469293210E-002
          26           3  -3.4931773800817315E-002
          26           4  -2.0721157933143346E-003
          26           5  -1.2266513618878407E-003
          26           6  -3.7238230564650370E-015
          26           7   9.7250565315341792E-016
          26           8   1.2543967693903954E-014
          26           9  -1.0555274631201953E-014
          26          10   1.1540253211279240E-014
          26          11  -6.2979935447499201E-014
          26          12   2.3021752474904875E-017
          26          13  -4.1883075295312664E-016
          26          14   1.0459757198291959E-015
          26          15  -2.1048936437986398E-016
          26          16   2.2393345353169703E-016
          26          17  -1.2261989539952492E-015
          26          18   6.9018794815366567E-005
          26          19   1.1182033442732047E-017
          26          20   6.9018794815259489E-005
          26          21   3.3084940328455085E-017
          26          22   4.8617234912155334E-017
          26          23   6.9018794815373980E-005
          26          24   7.5052243406901684E-004
          26          25   7.1340312193606545E-017
          26          26   7.5052243406904101E-004
          26          27  -5.4139426277132139E-017
          26          28  -5.4356283724239107E-017
          26          29   7.5052243406907712E-004
          27           1  -1.4623127135516345E-016
          27           2  -5.2426755181124115E-015
          27           3   9.2161225834263892E-016
          27           4   2.2257804765882641E-016
          27           5   5.1139622097392866E-017
          27           6  -5.5675840423491111E-016
          27           7  -3.3475176244170322E-016
          27           8   2.5584678232477710E-015
          27           9  -9.8442896339476979E-015
          27          10  -6.1596535672997007E-016
          27          11  -3.9976433983857876E-014
          27          12   1.4467761193426609E-016
          27          13   8.7859390793687623E-018
          27          14   5.9122377885093266E-016
          27          15  -2.0278109667066053E-016
          27          16  -1.2472466384786188E-017
          27          17  -8.2715213900898930E-016
          27          18   1.5407163561524246E-018
          27          19   5.2166466372994845E-028
          27          20   1.5407163562969356E-018
          27          21  -7.5657065512290268E-028
          27          22   1.7828374074278933E-027
          27          23   1.5407163569735406E-018
          27          24  -5.4139426276167356E-017
          27          25   4.3976042676818826E-028
          27          26  -5.4139426277132139E-017
          27          27   1.3432433616472306E-027
          27          28  -1.4499983243126533E-027
          27          29  -5.4139426276132467E-017
          28           1  -4.5572248890335898E-017
