           1           1   4.0822806078730416     
           1           2   28.109284414272462     
           1           3   57.172411448116307     
           1           4   31.702441015378042     
           1           5   11.700156779544315     
           1           6   2.3223915912111370     
           1           7  -9.3065686404922370E-012
           1           8   7.3786261211988957E-012
           1           9   1.3050989463130759E-011
           1          10   2.1423880886222541E-011
           1          11   2.0786734258365756E-011
           1          12   9.5977433297865757E-013
           1          13   7.8904624448311617E-012
           1          14  -1.8430656079559865E-011
           1          15  -2.7089697199878824E-011
           1          16  -1.0156399494059608E-011
           1          17   1.8186629264458130E-011
           1          18   2.8998739871867351E-011
           1          19   6.1088964837041687E-013
           1          20  -4.3328516173711186E-012
           1          21  -5.3279742045195367E-012
           1          22  -29.327173100199488     
           1          23   7.7656773934132103E-014
           1          24  -29.327173100199868     
           1          25   9.7381331262922194E-014
           1          26   1.8416504586058812E-014
           1          27  -29.327173100199971     
           1          28  -12.699389757409257     
           1          29   7.2187577109301507E-014
           1          30  -12.699389757409609     
           1          31  -1.3006179760123538E-013
           1          32   8.0984440884796017E-014
           1          33  -12.699389757409151     
           1          34  -4.4719528992519155     
           1          35  -1.7620612173028262E-013
           1          36  -4.4719528992516420     
           1          37   2.7032263147967026E-013
           1          38   1.3805501065207999E-015
           1          39  -4.4719528992518711     
           2           1   28.109284414272462     
           2           2   385.42262679624844     
           2           3   767.30582161887742     
           2           4   391.34699653761248     
           2           5   241.14495140168330     
           2           6   47.161106489268029     
           2           7  -2.7426315362122013E-010
           2           8   1.8541617088114749E-010
           2           9   3.8928018283080169E-010
           2          10   7.9711123538228638E-011
           2          11  -5.2166628648108512E-011
           2          12  -1.0858355862376263E-010
           2          13   2.6286134843197004E-010
           2          14  -1.9692776323101649E-010
           2          15  -3.7118574813544192E-010
           2          16  -2.9103397461034841E-010
           2          17   2.1944157497263273E-010
           2          18   4.1502805981457015E-010
           2          19   4.6068967879775128E-011
           2          20  -3.8210191701036180E-011
           2          21  -6.9644692933095635E-011
           2          22  -405.03875618927009     
           2          23  -1.7513840698298583E-012
           2          24  -405.03875618927123     
           2          25   9.5127802648585007E-013
           2          26   1.5751249703418898E-012
           2          27  -405.03875618927424     
           2          28  -183.10684241356392     
           2          29   1.0018673975377878E-012
           2          30  -183.10684241356932     
           2          31  -2.3686961525279516E-012
           2          32  -7.0633421807738553E-013
           2          33  -183.10684241355708     
           2          34  -77.352667395405490     
           2          35  -1.1846365529174136E-012
           2          36  -77.352667395399493     
           2          37   1.7892178998846284E-012
           2          38  -3.3649031142281439E-013
           2          39  -77.352667395411771     
           3           1   57.172411448116307     
           3           2   767.30582161887742     
           3           3   1556.9529879082991     
           3           4   850.53032232084149     
           3           5   329.44710878894739     
           3           6   65.992919777888787     
           3           7  -4.3957723492403351E-014
           3           8  -7.6457931159645750E-012
           3           9  -1.7211149891164893E-011
           3          10  -3.0097704556102815E-011
           3          11  -9.6772923436682830E-012
           3          12  -3.9587391488518734E-012
           3          13  -1.1669506792002564E-010
           3          14  -3.8657243036784738E-011
           3          15  -1.6905021289517736E-011
           3          16   1.3055063247845815E-010
           3          17   4.3185155910300085E-011
           3          18   1.6063964078854922E-011
           3          19  -2.5940598446336040E-011
           3          20  -9.4110647715445786E-012
           3          21  -3.2899610542992406E-012
           3          22  -797.94283225301808     
           3          23  -1.9732198088618927E-012
           3          24  -797.94283225302138     
           3          25   3.7334295434763306E-012
           3          26   1.7552080379228838E-012
           3          27  -797.94283225302183     
           3          28  -344.77065002364384     
           3          29   2.6979959565295417E-012
           3          30  -344.77065002365595     
           3          31  -5.0175465073008485E-012
           3          32  -2.2356665252446689E-013
           3          33  -344.77065002363474     
           3          34  -123.97001159885723     
           3          35  -2.4844071063933770E-012
           3          36  -123.97001159884522     
           3          37   4.5891323609361537E-012
           3          38  -1.7302393657873920E-012
           3          39  -123.97001159886693     
           4           1   31.702441015378042     
           4           2   391.34699653761248     
           4           3   850.53032232084149     
           4           4   638.34896377297639     
           4           5  -273.79912544718741     
           4           6  -49.333230453164674     
           4           7  -1.0778651649886091E-011
           4           8  -2.7830539359460089E-011
           4           9  -7.2864716896769588E-011
           4          10  -9.7191947218334447E-011
           4          11   5.0797570468534765E-012
           4          12  -2.6090032582458648E-012
           4          13  -4.1050341921052715E-010
           4          14   1.7976529411633357E-011
           4          15  -3.6589285434479338E-011
           4          16   4.4153561633053699E-010
           4          17  -2.0719639668512862E-011
           4          18   3.6320622853076982E-011
           4          19  -7.6708428374267196E-011
           4          20   3.3092999012447024E-012
           4          21  -7.1548911620440255E-012
           4          22  -371.45811419520567     
           4          23  -1.0460790193001171E-012
           4          24  -371.45811419520749     
           4          25   1.7471306018221525E-012
           4          26   1.0055702048973247E-012
           4          27  -371.45811419520862     
           4          28  -116.76504917062070     
           4          29   1.6788935949187165E-012
           4          30  -116.76504917062799     
           4          31  -1.8469246134168201E-012
           4          32   1.6720258679042031E-013
           4          33  -116.76504917061541     
           4          34   25.807198550740665     
           4          35  -8.9901510698306463E-013
           4          36   25.807198550746541     
           4          37   1.4521132236780751E-012
           4          38  -7.7623416235362659E-013
           4          39   25.807198550734647     
           5           1   11.700156779544315     
           5           2   241.14495140168330     
           5           3   329.44710878894739     
           5           4  -273.79912544718741     
           5           5   1268.6204225677347     
           5           6   239.14196240368415     
           5           7  -6.4004039791821916E-010
           5           8   5.3147696039559821E-010
           5           9   1.1611911101804660E-009
           5          10   4.4210447099742463E-010
           5          11  -1.4230563948694553E-010
           5          12  -2.8005716978360952E-010
           5          13   1.5680616425107239E-009
           5          14  -4.9729680600117729E-010
           5          15  -8.2600611774395029E-010
           5          16  -1.7057740213437323E-009
           5          17   5.5722729672473299E-010
           5          18   9.3503172707163616E-010
           5          19   2.8489824108507178E-010
           5          20  -9.7778934010315940E-011
           5          21  -1.5518438658213819E-010
           5          22  -340.44836969145274     
           5          23  -1.4139637582819281E-012
           5          24  -340.44836969145513     
           5          25  -7.8358254100086507E-013
           5          26   1.4568947763542281E-012
           5          27  -340.44836969145706     
           5          28  -263.77322267281971     
           5          29  -7.6652764784436775E-013
           5          30  -263.77322267281875     
           5          31  -2.7772007414036842E-012
           5          32  -1.8900409000464841E-012
           5          33  -263.77322267281340     
           5          34  -273.38729307723224     
           5          35  -1.4527391048982841E-012
           5          36  -273.38729307722821     
           5          37   2.3522736593149303E-012
           5          38   3.7063703883827769E-013
           5          39  -273.38729307723565     
           6           1   2.3223915912111370     
           6           2   47.161106489268029     
           6           3   65.992919777888787     
           6           4  -49.333230453164674     
           6           5   239.14196240368415     
           6           6   45.102385665328981     
           6           7  -1.2890854567187487E-010
           6           8   1.0267935453815884E-010
           6           9   2.2662918314128992E-010
           6          10   7.8815913688398348E-011
           6          11  -3.0408835760409270E-011
           6          12  -5.5678651521236785E-011
           6          13   2.8339836923114239E-010
           6          14  -1.0101180502884823E-010
           6          15  -1.5380811470160720E-010
           6          16  -3.0884621043585376E-010
           6          17   1.1304326710189318E-010
           6          18   1.7451306647433473E-010
           6          19   5.1501519004817559E-011
           6          20  -1.9767545714759657E-011
           6          21  -2.8977135010622469E-011
           6          22  -66.011874017718469     
           6          23  -1.8502592226644572E-013
           6          24  -66.011874017719663     
           6          25  -1.7503432601768149E-013
           6          26   1.7773871980198444E-013
           6          27  -66.011874017718497     
           6          28  -50.401700270627082     
           6          29  -1.2531377691939916E-013
           6          30  -50.401700270626819     
           6          31  -5.3129214053190762E-013
           6          32  -3.0951002441542653E-013
           6          33  -50.401700270626151     
           6          34  -51.673869265518292     
           6          35  -2.8299101629976655E-013
           6          36  -51.673869265517567     
           6          37   4.8705093378733893E-013
           6          38   2.4004133670841378E-014
           6          39  -51.673869265518817     
           7           1  -9.3065686404922370E-012
           7           2  -2.7426315362122013E-010
           7           3  -4.3957723492403351E-014
           7           4  -1.0778651649886091E-011
           7           5  -6.4004039791821916E-010
           7           6  -1.2890854567187487E-010
           7           7   1.9961930017384835     
           7           8   3.3760883628650931E-012
           7           9   8.5219028014841816E-012
           7          10   4.3270403538073002E-003
           7          11   3.1728659630194178E-011
           7          12  -5.4268905341769501E-011
           7          13  0.14404285904818995     
           7          14  -1.9125365787605031E-011
           7          15   3.9432436482743882E-011
           7          16  -6.4234652176950291E-002
           7          17   4.2743298917654258E-011
           7          18  -1.8659342126969743E-010
           7          19   2.0351872076612432E-002
           7          20  -7.2506063978315893E-011
           7          21   8.1212952161846360E-011
           7          22   2.4411330680867129E-010
           7          23   1.0931244418201553E-011
           7          24   1.0151790744429622E-010
           7          25   1.9036731622851021E-010
           7          26  -3.9459673685069643E-011
           7          27   2.2613796483121265E-010
           7          28   2.8011580128504050E-010
           7          29   2.2488529086670778E-011
           7          30   1.7570143818320080E-010
           7          31  -9.7132804909068645E-011
           7          32   7.4767074366506690E-011
           7          33   1.1730753680719182E-010
           7          34   6.7669023660936372E-012
           7          35   1.2413038844549300E-011
           7          36   1.6436980337467884E-010
           7          37   1.2140054540081601E-010
           7          38  -6.3644394679874017E-011
           7          39   1.4060539099838069E-010
           8           1   7.3786261211988957E-012
           8           2   1.8541617088114749E-010
           8           3  -7.6457931159645750E-012
           8           4  -2.7830539359460089E-011
           8           5   5.3147696039559821E-010
           8           6   1.0267935453815884E-010
           8           7   3.3760883628650931E-012
           8           8   1.9961930017369851     
           8           9  -9.6091568675594927E-012
           8          10  -6.0011359163253035E-011
           8          11   4.3270402589894877E-003
           8          12   1.4699308176907663E-011
           8          13   3.1167407196774503E-011
           8          14  0.14404285911875503     
           8          15  -1.7696762783479985E-011
           8          16  -1.3726128653829221E-010
           8          17  -6.4234652420902955E-002
           8          18   1.2098708515075083E-010
           8          19   6.1983481498481437E-011
           8          20   2.0351872221508090E-002
           8          21  -5.5873577655850027E-011
           8          22  -1.7941278871493617E-010
           8          23  -5.7831762820783661E-012
           8          24  -7.6659696470244452E-011
           8          25  -1.3068688027064791E-010
           8          26   2.5540022794094496E-011
           8          27  -1.6254298068988675E-010
           8          28  -2.0559192474842592E-010
           8          29  -1.5104988821580922E-011
           8          30  -1.3695329210047087E-010
           8          31   6.8021681377445586E-011
           8          32  -4.8176433019621045E-011
           8          33  -9.3841303991408862E-011
           8          34  -2.3848779084615820E-011
           8          35  -1.0360662440392278E-011
           8          36  -1.3006222845098433E-010
           8          37  -8.4349116252062048E-011
           8          38   4.2306287482292945E-011
           8          39  -1.1670413475598985E-010
           9           1   1.3050989463130759E-011
           9           2   3.8928018283080169E-010
           9           3  -1.7211149891164893E-011
           9           4  -7.2864716896769588E-011
           9           5   1.1611911101804660E-009
           9           6   2.2662918314128992E-010
           9           7   8.5219028014841816E-012
           9           8  -9.6091568675594927E-012
           9           9   1.9961930017205185     
           9          10  -9.4714128900939513E-011
           9          11  -4.3043272288445805E-011
           9          12   4.3270403108276179E-003
           9          13   9.2963296782764501E-011
           9          14   2.2828297954223983E-011
           9          15  0.14404285904208447     
           9          16  -3.2546565789659309E-010
           9          17  -6.3020329623198114E-011
           9          18  -6.4234652101850614E-002
           9          19   1.3675544897895327E-010
           9          20   1.0823147429282377E-010
           9          21   2.0351872045555171E-002
           9          22  -3.8722107906090178E-010
           9          23  -1.3378799341135924E-011
           9          24  -1.6434013546869569E-010
           9          25  -2.8133190445473930E-010
           9          26   5.2943145877845102E-011
           9          27  -3.5124672905795658E-010
           9          28  -4.4202651051472817E-010
           9          29  -3.1115844362020594E-011
           9          30  -2.9314346059359085E-010
           9          31   1.4749465779979372E-010
           9          32  -1.0351335087151066E-010
           9          33  -2.0134027435295894E-010
           9          34  -5.6363591398703677E-011
           9          35  -2.4433007569358397E-011
           9          36  -2.8655288341404975E-010
           9          37  -1.8295854533170564E-010
           9          38   9.2405042147888689E-011
           9          39  -2.5670844357467939E-010
          10           1   2.1423880886222541E-011
          10           2   7.9711123538228638E-011
          10           3  -3.0097704556102815E-011
          10           4  -9.7191947218334447E-011
          10           5   4.4210447099742463E-010
          10           6   7.8815913688398348E-011
          10           7   4.3270403538073002E-003
          10           8  -6.0011359163253035E-011
          10           9  -9.4714128900939513E-011
          10          10   2.2201371058885577     
          10          11   5.0097564985456588E-012
          10          12   3.5443648016558910E-011
          10          13   1.9102023816569249     
          10          14   4.7648426870758356E-011
          10          15   7.5542017086142718E-011
          10          16  -2.0288970127087431     
          10          17  -5.3450792403249093E-011
          10          18  -4.7414627779566723E-011
          10          19  0.39931808964811821     
          10          20   2.5517716412124936E-011
          10          21  -8.4167395275618891E-012
          10          22  -9.8380986954805742E-011
          10          23  -4.2907723809364988E-012
          10          24  -5.0960263550831384E-011
          10          25  -6.6175542039748920E-011
          10          26  -9.8745533611689663E-012
          10          27  -7.9344170648402517E-011
          10          28  -1.1648514762801744E-010
          10          29  -1.3826642849704584E-012
          10          30  -8.5673693547262647E-011
          10          31   3.1889418436373697E-011
          10          32  -1.1189886116885678E-011
          10          33  -8.0850290952361328E-011
          10          34  -5.4413386378934902E-011
          10          35  -6.4662725618525611E-012
          10          36  -9.9689038658952853E-011
          10          37  -3.7757827014530817E-011
          10          38   1.8730238722033880E-011
          10          39  -8.7092541614541422E-011
          11           1   2.0786734258365756E-011
          11           2  -5.2166628648108512E-011
          11           3  -9.6772923436682830E-012
          11           4   5.0797570468534765E-012
          11           5  -1.4230563948694553E-010
          11           6  -3.0408835760409270E-011
          11           7   3.1728659630194178E-011
          11           8   4.3270402589894877E-003
          11           9  -4.3043272288445805E-011
          11          10   5.0097564985456588E-012
          11          11   2.2201371059371633     
          11          12   8.1477151414671957E-012
          11          13  -3.4075978150320681E-011
          11          14   1.9102023817136946     
          11          15   4.8686239068053812E-011
          11          16   6.6204659809904864E-011
          11          17  -2.0288970127344670     
          11          18  -8.2675602475202828E-011
          11          19  -2.2157223104892557E-011
          11          20  0.39931808962629067     
          11          21   2.4590303751569348E-011
          11          22   5.5095994036951137E-011
          11          23   5.3343331193804796E-012
          11          24   2.5060195383969555E-011
          11          25   3.4053661571514015E-011
          11          26  -1.1877404152035311E-011
          11          27   4.9377575792752875E-011
          11          28   5.4238910206426298E-011
          11          29   3.1193922218299537E-012
          11          30   3.4608238870853682E-011
          11          31  -1.9183471498375019E-011
          11          32   1.5557472475851393E-011
          11          33   2.6002541359159968E-011
          11          34   7.7745836259652469E-012
          11          35   3.9636140884448481E-012
          11          36   3.9092531983219651E-011
          11          37   2.3978971660215823E-011
          11          38  -1.1523860646073007E-011
          11          39   3.1286489804936044E-011
          12           1   9.5977433297865757E-013
          12           2  -1.0858355862376263E-010
          12           3  -3.9587391488518734E-012
          12           4  -2.6090032582458648E-012
          12           5  -2.8005716978360952E-010
          12           6  -5.5678651521236785E-011
          12           7  -5.4268905341769501E-011
          12           8   1.4699308176907663E-011
          12           9   4.3270403108276179E-003
          12          10   3.5443648016558910E-011
          12          11   8.1477151414671957E-012
          12          12   2.2201371059085453     
          12          13  -3.0222491176403280E-012
          12          14  -2.2888323181209345E-011
          12          15   1.9102023816858278     
          12          16   5.7467919312165785E-011
          12          17   3.2662775262267267E-011
          12          18  -2.0288970127653476     
          12          19  -3.1848967907422325E-011
          12          20  -3.1345306992364980E-011
          12          21  0.39931808966791787     
          12          22   1.0868210579048225E-010
          12          23   6.9437055070230000E-012
          12          24   4.6757092145609227E-011
          12          25   8.0480471149381539E-011
          12          26  -8.7415912205717213E-012
          12          27   9.0007892948933358E-011
          12          28   1.1685051329273229E-010
          12          29   7.5715084509103052E-012
          12          30   7.1887756165986941E-011
          12          31  -4.2151244096233887E-011
          12          32   2.8223604246802021E-011
          12          33   5.6649166041249173E-011
          12          34   6.9841412266878823E-012
          12          35   4.3676805854101033E-012
          12          36   7.4193133209755009E-011
          12          37   5.1576337821377103E-011
          12          38  -2.5440606014459459E-011
          12          39   5.8948645667742661E-011
          13           1   7.8904624448311617E-012
          13           2   2.6286134843197004E-010
          13           3  -1.1669506792002564E-010
          13           4  -4.1050341921052715E-010
          13           5   1.5680616425107239E-009
          13           6   2.8339836923114239E-010
          13           7  0.14404285904818995     
          13           8   3.1167407196774503E-011
          13           9   9.2963296782764501E-011
          13          10   1.9102023816569249     
          13          11  -3.4075978150320681E-011
          13          12  -3.0222491176403280E-012
          13          13   15.800886780237194     
          13          14  -2.0242356402174845E-011
          13          15  -1.3217138494780269E-010
          13          16  -16.951331177384191     
          13          17  -1.0330875044333662E-011
          13          18   2.9523472555580755E-010
          13          19   2.8151895890144267     
          13          20   8.2383387438324740E-011
          13          21  -1.1350993756042920E-010
          13          22  -3.1844120898154096E-010
          13          23  -2.3500055153281539E-011
          13          24  -1.8765817865862514E-010
          13          25  -1.8149740983273176E-010
          13          26   4.2922015215449271E-011
          13          27  -2.8916091780457252E-010
          13          28  -3.9355694966996889E-010
          13          29  -1.5264021023566184E-011
          13          30  -2.7640901208996872E-010
          13          31   1.0186318083557678E-010
          13          32  -6.6806167947295772E-011
          13          33  -2.5358788003838306E-010
          13          34  -1.9096500299523521E-010
          13          35  -4.0532097858544713E-011
          13          36  -3.7174170197003074E-010
          13          37  -1.3011736872410387E-010
          13          38   5.7744638677490210E-011
          13          39  -3.0934206225579304E-010
          14           1  -1.8430656079559865E-011
          14           2  -1.9692776323101649E-010
          14           3  -3.8657243036784738E-011
          14           4   1.7976529411633357E-011
          14           5  -4.9729680600117729E-010
          14           6  -1.0101180502884823E-010
          14           7  -1.9125365787605031E-011
          14           8  0.14404285911875503     
          14           9   2.2828297954223983E-011
          14          10   4.7648426870758356E-011
          14          11   1.9102023817136946     
          14          12  -2.2888323181209345E-011
          14          13  -2.0242356402174845E-011
          14          14   15.800886780097358     
          14          15   1.7436885269092445E-012
          14          16   1.1188654169823110E-010
          14          17  -16.951331177072344     
          14          18  -9.6608786942518593E-011
          14          19  -5.4495095068438912E-011
          14          20   2.8151895888660206     
          14          21   5.3440165487251848E-011
          14          22   1.9167115171462363E-010
          14          23   4.4267429551240267E-012
          14          24   1.0207702501259145E-010
          14          25   1.2788653929544271E-010
          14          26  -1.4614298080942804E-011
          14          27   1.7559996156163495E-010
          14          28   1.9054058333035107E-010
          14          29   1.0937903441260084E-011
          14          30   1.1500115850388333E-010
          14          31  -7.0933085608627266E-011
          14          32   4.5843646605364588E-011
          14          33   9.4871248771979568E-011
          14          34   2.3245981170843768E-011
          14          35   1.4051835317802196E-011
          14          36   1.3334537308485735E-010
          14          37   8.6060533385852836E-011
          14          38  -4.0302730500958846E-011
          14          39   1.0319862443528280E-010
          15           1  -2.7089697199878824E-011
          15           2  -3.7118574813544192E-010
          15           3  -1.6905021289517736E-011
          15           4  -3.6589285434479338E-011
          15           5  -8.2600611774395029E-010
          15           6  -1.5380811470160720E-010
          15           7   3.9432436482743882E-011
          15           8  -1.7696762783479985E-011
          15           9  0.14404285904208447     
          15          10   7.5542017086142718E-011
          15          11   4.8686239068053812E-011
          15          12   1.9102023816858278     
          15          13  -1.3217138494780269E-010
          15          14   1.7436885269092445E-012
          15          15   15.800886780245595     
          15          16   3.4329095122131207E-010
          15          17   3.3583226477497573E-011
          15          18  -16.951331177456282     
          15          19  -1.3713413737903512E-010
          15          20  -1.0515854333148394E-010
          15          21   2.8151895890529306     
          15          22   3.4126896875383081E-010
          15          23   7.5735245746126816E-012
          15          24   1.4510757204954848E-010
          15          25   2.6028112766640885E-010
          15          26  -5.0381406363086008E-011
          15          27   3.0948761336753591E-010
          15          28   3.7502858965063977E-010
          15          29   2.9717137274208496E-011
          15          30   2.1380704488948498E-010
          15          31  -1.4441214837430636E-010
          15          32   1.0895528066488780E-010
          15          33   1.6119555421332399E-010
          15          34  -1.4500797836268721E-011
          15          35   2.3300892125464908E-011
          15          36   2.2513547203917836E-010
          15          37   1.8083278417878681E-010
          15          38  -8.5533594221729558E-011
          15          39   1.6528718692852489E-010
          16           1  -1.0156399494059608E-011
          16           2  -2.9103397461034841E-010
          16           3   1.3055063247845815E-010
          16           4   4.4153561633053699E-010
          16           5  -1.7057740213437323E-009
          16           6  -3.0884621043585376E-010
          16           7  -6.4234652176950291E-002
          16           8  -1.3726128653829221E-010
          16           9  -3.2546565789659309E-010
          16          10  -2.0288970127087431     
          16          11   6.6204659809904864E-011
          16          12   5.7467919312165785E-011
          16          13  -16.951331177384191     
          16          14   1.1188654169823110E-010
          16          15   3.4329095122131207E-010
          16          16   18.189846465302853     
          16          17  -8.9154426896591153E-011
          16          18  -5.4928228632177541E-010
          16          19  -3.0197790568076206     
          16          20  -7.4648805366286326E-011
          16          21   1.6247515832734556E-010
          16          22   3.4918989611539025E-010
          16          23   2.5634050734332185E-011
          16          24   2.0213579987481779E-010
          16          25   2.0284278814513590E-010
          16          26  -4.7935544082891347E-011
          16          27   3.1739945788769797E-010
          16          28   4.3279742427356058E-010
          16          29   1.7420296314650767E-011
          16          30   3.0263390147938696E-010
          16          31  -1.1349577531295676E-010
          16          32   7.5038041654791759E-011
          16          33   2.7533556664656029E-010
          16          34   2.0402276858509652E-010
          16          35   4.4040498626875635E-011
          16          36   4.0488638250897584E-010
          16          37   1.4490690229898314E-010
          16          38  -6.4727611742554843E-011
          16          39   3.3696527673582101E-010
          17           1   1.8186629264458130E-011
          17           2   2.1944157497263273E-010
          17           3   4.3185155910300085E-011
          17           4  -2.0719639668512862E-011
          17           5   5.5722729672473299E-010
          17           6   1.1304326710189318E-010
          17           7   4.2743298917654258E-011
          17           8  -6.4234652420902955E-002
          17           9  -6.3020329623198114E-011
          17          10  -5.3450792403249093E-011
          17          11  -2.0288970127344670     
          17          12   3.2662775262267267E-011
          17          13  -1.0330875044333662E-011
          17          14  -16.951331177072344     
          17          15   3.3583226477497573E-011
          17          16  -8.9154426896591153E-011
          17          17   18.189846464779720     
          17          18   6.8383503720747555E-011
          17          19   5.5304214333082816E-011
          17          20  -3.0197790566126965     
          17          21  -5.3143798389722293E-011
          17          22  -2.1409812036003746E-010
          17          23  -5.1411346761582227E-012
          17          24  -1.1383777567498272E-010
          17          25  -1.4302187743954750E-010
          17          26   1.6825183603038829E-011
          17          27  -1.9606385266178080E-010
          17          28  -2.1348850852304576E-010
          17          29  -1.2366556510951644E-011
          17          30  -1.2934261874053969E-010
          17          31   7.9107833918635092E-011
          17          32  -5.1297853101150852E-011
          17          33  -1.0593695206411988E-010
          17          34  -2.6094338329708574E-011
          17          35  -1.5541599568452693E-011
          17          36  -1.4890997377356309E-010
          17          37  -9.6046315509027451E-011
          17          38   4.5109058124568669E-011
          17          39  -1.1595949437149388E-010
          18           1   2.8998739871867351E-011
          18           2   4.1502805981457015E-010
          18           3   1.6063964078854922E-011
          18           4   3.6320622853076982E-011
          18           5   9.3503172707163616E-010
          18           6   1.7451306647433473E-010
          18           7  -1.8659342126969743E-010
          18           8   1.2098708515075083E-010
          18           9  -6.4234652101850614E-002
          18          10  -4.7414627779566723E-011
          18          11  -8.2675602475202828E-011
          18          12  -2.0288970127653476     
          18          13   2.9523472555580755E-010
          18          14  -9.6608786942518593E-011
          18          15  -16.951331177456282     
          18          16  -5.4928228632177541E-010
          18          17   6.8383503720747555E-011
          18          18   18.189846465453826     
          18          19   1.8070842044970344E-010
          18          20   9.9791488007010399E-011
          18          21  -3.0197790568620859     
          18          22  -3.8238801174871377E-010
          18          23  -8.5489557719196904E-012
          18          24  -1.6262493343413993E-010
          18          25  -2.9165360619400270E-010
          18          26   5.6448005912544774E-011
          18          27  -3.4592209154528008E-010
          18          28  -4.2125459101326879E-010
          18          29  -3.3287683616576082E-011
          18          30  -2.4164891003583883E-010
          18          31   1.6142875572818221E-010
          18          32  -1.2146820760782353E-010
          18          33  -1.8140349540022578E-010
          18          34   1.3583872207755462E-011
          18          35  -2.6088009726345323E-011
          18          36  -2.5366995991214157E-010
          18          37  -2.0206094775252294E-010
          18          38   9.5826750569896570E-011
          18          39  -1.8805754701010999E-010
          19           1   6.1088964837041687E-013
          19           2   4.6068967879775128E-011
          19           3  -2.5940598446336040E-011
          19           4  -7.6708428374267196E-011
          19           5   2.8489824108507178E-010
          19           6   5.1501519004817559E-011
          19           7   2.0351872076612432E-002
          19           8   6.1983481498481437E-011
          19           9   1.3675544897895327E-010
          19          10  0.39931808964811821     
          19          11  -2.2157223104892557E-011
          19          12  -3.1848967907422325E-011
          19          13   2.8151895890144267     
          19          14  -5.4495095068438912E-011
          19          15  -1.3713413737903512E-010
          19          16  -3.0197790568076206     
          19          17   5.5304214333082816E-011
          19          18   1.8070842044970344E-010
          19          19  0.50333377600205098     
          19          20   5.5406307796979376E-012
          19          21  -4.1826079058559764E-011
          19          22  -5.6264171452978610E-011
          19          23  -4.3875967246935750E-012
          19          24  -3.1193592514898344E-011
          19          25  -3.4082669464570775E-011
          19          26   7.3349565252543109E-012
          19          27  -5.0823574788426885E-011
          19          28  -7.1203750606004876E-011
          19          29  -2.7339601635079312E-012
          19          30  -4.9679842174323056E-011
          19          31   1.8962476952887864E-011
          19          32  -1.2188555811844285E-011
          19          33  -4.5246633377329539E-011
          19          34  -3.4068718178136423E-011
          19          35  -7.3104084334882359E-012
          19          36  -6.7323985311302341E-011
          19          37  -2.4134662033965827E-011
          19          38   1.0797768851735915E-011
          19          39  -5.6060567161567459E-011
          20           1  -4.3328516173711186E-012
          20           2  -3.8210191701036180E-011
          20           3  -9.4110647715445786E-012
          20           4   3.3092999012447024E-012
          20           5  -9.7778934010315940E-011
          20           6  -1.9767545714759657E-011
          20           7  -7.2506063978315893E-011
          20           8   2.0351872221508090E-002
          20           9   1.0823147429282377E-010
          20          10   2.5517716412124936E-011
          20          11  0.39931808962629067     
          20          12  -3.1345306992364980E-011
          20          13   8.2383387438324740E-011
          20          14   2.8151895888660206     
          20          15  -1.0515854333148394E-010
          20          16  -7.4648805366286326E-011
          20          17  -3.0197790566126965     
          20          18   9.9791488007010399E-011
          20          19   5.5406307796979376E-012
          20          20  0.50333377595189632     
          20          21  -9.5534116099740133E-012
          20          22   3.7657554240726566E-011
          20          23   9.1781508511402722E-013
          20          24   2.0925797675211135E-011
          20          25   2.3638828242558711E-011
          20          26  -2.9211628692179563E-012
          20          27   3.4494274495347120E-011
          20          28   3.6884494307445717E-011
          20          29   2.0454071366555482E-012
          20          30   2.2931785547694910E-011
          20          31  -1.3116935303941164E-011
          20          32   8.5748478805749812E-012
          20          33   1.9098477801052805E-011
          20          34   5.5578551761089761E-012
          20          35   2.5942600140837204E-012
          20          36   2.5976896016433153E-011
          20          37   1.5943627424766736E-011
          20          38  -7.4792074530554236E-012
          20          39   2.0431766344390760E-011
          21           1  -5.3279742045195367E-012
          21           2  -6.9644692933095635E-011
          21           3  -3.2899610542992406E-012
          21           4  -7.1548911620440255E-012
