           1           1   2.0758773318455370     
           1           2 -0.16697897017682140     
           1           3 -0.24523094753636232     
           1           4  -2.2049626459178538E-002
           1           5  -4.9605881146520957E-017
           1           6  -1.1439973918414001E-015
           1           7  -1.1309708967782470E-015
           1           8  -1.1686180667344726E-015
           1           9   1.0609489503783596E-015
           1          10  -1.1173997248949995E-015
           1          11  -6.0469125970726460E-016
           1          12  -1.9652798376082394E-016
           1          13   6.2792290026976087E-016
           1          14  -2.4178458386220668E-003
           1          15   2.6763815275672020E-006
           1          16  -2.4143082080321770E-003
           1          17  -2.4731206013574314E-005
           1          18   1.2236711224715511E-005
           1          19  -2.5110861959049017E-003
           1          20   9.9567303934320877E-003
           1          21   7.5289480110055367E-005
           1          22   1.0056247700015683E-002
           1          23  -6.9571566868949241E-004
           1          24   3.4423196239459042E-004
           1          25   7.3337775001689398E-003
           2           1 -0.16697897017682140     
           2           2  0.46393066188283383     
           2           3  0.55836068995295118     
           2           4   4.5918153182711655E-002
           2           5   1.2666783807506889E-016
           2           6   6.2262960285832044E-016
           2           7   6.5117291445443145E-016
           2           8   1.8424059567423171E-015
           2           9  -9.2488454378759112E-016
           2          10  -1.2800711835344995E-015
           2          11   2.4386117239129829E-015
           2          12  -8.5778067533675524E-017
           2          13   7.5491616152117246E-016
           2          14  -2.7883219492742346E-003
           2          15  -1.1635234367401602E-004
           2          16  -2.9421159743044404E-003
           2          17   1.0751586094648741E-003
           2          18  -5.3197588802647491E-004
           2          19   1.2651873239268099E-003
           2          20  -1.8111277137617249E-002
           2          21  -1.8350761096615410E-004
           2          22  -1.8353836698966647E-002
           2          23   1.6957099386106598E-003
           2          24  -8.3901741212248507E-004
           2          25  -1.1718195176890803E-002
           3           1 -0.24523094753636232     
           3           2  0.55836068995295118     
           3           3  0.67390531582226842     
           3           4   5.5598395582664953E-002
           3           5   7.6114075924064549E-016
           3           6   8.0936921205725075E-016
           3           7   4.0680706257308194E-015
           3           8   2.6862258458156079E-015
           3           9  -1.2628977565722890E-015
           3          10   8.3187520672955909E-016
           3          11   2.8667064148030106E-015
           3          12  -1.7600387996215636E-016
           3          13   1.1180540959963275E-015
           3          14  -2.5875456834264302E-003
           3          15  -7.8457338083391345E-005
           3          16  -2.6912502534010979E-003
           3          17   7.2498824896055983E-004
           3          18  -3.5871569483468925E-004
           3          19   1.4576876015962720E-004
           3          20  -2.1323171415687240E-002
           3          21  -1.9012930379775571E-004
           3          22  -2.1574483498476488E-002
           3          23   1.7568980287274469E-003
           3          24  -8.6929256131073121E-004
           3          25  -1.4699401020435477E-002
           4           1  -2.2049626459178538E-002
           4           2   4.5918153182711655E-002
           4           3   5.5598395582664953E-002
           4           4   4.6090502205191446E-003
           4           5   3.9551253317465848E-016
           4           6  -4.6857874631359209E-017
           4           7   1.9292704146859653E-015
           4           8   4.5841622303919841E-016
           4           9  -2.0820064061574675E-016
           4          10   1.1900853462315525E-015
           4          11   2.3554934021145744E-016
           4          12  -3.0207461187175934E-017
           4          13   1.6727304605668253E-016
           4          14  -1.0732865392463250E-004
           4          15   2.5690826505585929E-006
           4          16  -1.0393285147657885E-004
           4          17  -2.3739714920576675E-005
           4          18   1.1746132888720731E-005
           4          19  -1.9683094828050712E-004
           4          20  -1.6754118440026357E-003
           4          21  -1.1058540177221321E-005
           4          22  -1.6900289735061627E-003
           4          23   1.0218692655227369E-004
           4          24  -5.0560893898264658E-005
           4          25  -1.2901517077739772E-003
           5           1  -4.9605881146520957E-017
           5           2   1.2666783807506889E-016
           5           3   7.6114075924064549E-016
           5           4   3.9551253317465848E-016
           5           5   1.9759062199785266E-002
           5           6  -9.7765525537963673E-003
           5           7   9.0340637964238205E-002
           5           8   1.3767891548477709E-002
           5           9  -6.8121914792555168E-003
           5          10   6.2948338508334992E-002
           5          11   7.5384619332143717E-004
           5          12  -3.7299426386689646E-004
           5          13   3.4466697653689612E-003
           5          14  -1.2504185017000166E-016
           5          15  -4.2710059556260173E-017
           5          16  -1.2438930748886563E-016
           5          17   1.6612358129066573E-016
           5          18  -6.4698062948780326E-016
           5          19   5.2482864828917777E-016
           5          20  -6.4995633339188435E-016
           5          21   2.9890338122262965E-016
           5          22  -5.4075001059908065E-016
           5          23   5.8210294403553885E-016
           5          24   3.4793451019030746E-016
           5          25  -1.7503369442174080E-016
           6           1  -1.1439973918414001E-015
           6           2   6.2262960285832044E-016
           6           3   8.0936921205725075E-016
           6           4  -4.6857874631359209E-017
           6           5  -9.7765525537963673E-003
           6           6   4.8373236983980453E-003
           6           7  -4.4699489574483178E-002
           6           8  -6.8121914854908441E-003
           6           9   3.3705925579903869E-003
           6          10  -3.1146100628580888E-002
           6          11  -3.7299426723634999E-004
           6          12   1.8455319316718042E-004
           6          13  -1.7053718317196680E-003
           6          14   3.1686569458814622E-016
           6          15   4.3482398760146334E-017
           6          16   3.4608490683090149E-016
           6          17  -2.8872174143809355E-016
           6          18   4.2230495478647988E-016
           6          19  -7.8331565148962860E-016
           6          20   4.9718828660079492E-016
           6          21  -1.3672183544112248E-016
           6          22   4.5792145435422977E-016
           6          23  -3.9125356806929611E-016
           6          24  -1.2107403149101873E-016
           6          25  -1.2701253554645867E-016
           7           1  -1.1309708967782470E-015
           7           2   6.5117291445443145E-016
           7           3   4.0680706257308194E-015
           7           4   1.9292704146859653E-015
           7           5   9.0340637964238205E-002
           7           6  -4.4699489574483178E-002
           7           7  0.41304748096163457     
           7           8   6.2948336987644932E-002
           7           9  -3.1146099847652643E-002
           7          10  0.28780683020946252     
           7          11   3.4466689432412034E-003
           7          12  -1.7053714095349643E-003
           7          13   1.5758558898552742E-002
           7          14  -2.1012054600917151E-016
           7          15  -1.6361071572857342E-016
           7          16  -1.6528312251180784E-016
           7          17   4.6693895907251359E-016
           7          18  -2.8132942867979544E-015
           7          19   1.6580268225347572E-015
           7          20  -2.6892218586490402E-015
           7          21   1.3827470218553971E-015
           7          22  -2.1686012344599836E-015
           7          23   2.5124137521272252E-015
           7          24   1.6645316808502392E-015
           7          25  -1.0796725190762486E-015
           8           1  -1.1686180667344726E-015
           8           2   1.8424059567423171E-015
           8           3   2.6862258458156079E-015
           8           4   4.5841622303919841E-016
           8           5   1.3767891548477709E-002
           8           6  -6.8121914854908441E-003
           8           7   6.2948336987644932E-002
           8           8   9.5933114524384636E-003
           8           9  -4.7466581432631530E-003
           8          10   4.3861691864558121E-002
           8          11   5.2527151992036859E-004
           8          12  -2.5989819360857708E-004
           8          13   2.4016005948669303E-003
           8          14  -7.2127896507674596E-017
           8          15  -2.8000124146434463E-017
           8          16  -6.9347164530863040E-017
           8          17   9.9491871010346151E-017
           8          18  -4.4276296677409077E-016
           8          19   3.1938749727802668E-016
           8          20  -5.0241099210026922E-016
           8          21   2.0870073661061079E-016
           8          22  -4.2575122104806891E-016
           8          23   4.0164565057462292E-016
           8          24   2.4439477249009880E-016
           8          25  -1.8640915926990707E-016
           9           1   1.0609489503783596E-015
           9           2  -9.2488454378759112E-016
           9           3  -1.2628977565722890E-015
           9           4  -2.0820064061574675E-016
           9           5  -6.8121914792555168E-003
           9           6   3.3705925579903869E-003
           9           7  -3.1146099847652643E-002
           9           8  -4.7466581432631530E-003
           9           9   2.3485908531906837E-003
           9          10  -2.1702251396548151E-002
           9          11  -2.5989819571848460E-004
           9          12   1.2859458209271035E-004
           9          13  -1.1882838451568423E-003
           9          14   1.0578532033950556E-016
           9          15   2.0000808831506718E-017
           9          16   1.1253409570046056E-016
           9          17  -1.0602601904603718E-016
           9          18   2.4717721533954857E-016
           9          19  -3.0207118280667370E-016
           9          20   3.0571403447783064E-016
           9          21  -1.0013701950181060E-016
           9          22   2.7191516246606880E-016
           9          23  -2.2761235810630837E-016
           9          24  -1.0663280243510082E-016
           9          25   4.0467553252703223E-017
          10           1  -1.1173997248949995E-015
          10           2  -1.2800711835344995E-015
          10           3   8.3187520672955909E-016
          10           4   1.1900853462315525E-015
          10           5   6.2948338508334992E-002
          10           6  -3.1146100628580888E-002
          10           7  0.28780683020946252     
          10           8   4.3861691864558121E-002
          10           9  -2.1702251396548151E-002
          10          10  0.20054055606965968     
          10          11   2.4016000800348345E-003
          10          12  -1.1882835807772187E-003
          10          13   1.0980386261411070E-002
          10          14  -8.8975735030392195E-017
          10          15  -1.0948137104758397E-016
          10          16  -5.1758039565559352E-017
          10          17   2.8358379498339366E-016
          10          18  -1.9396024659193083E-015
          10          19   1.0552340125974863E-015
          10          20  -1.7710145049019282E-015
          10          21   9.6626515647395140E-016
          10          22  -1.4045738741206691E-015
          10          23   1.7249087355333874E-015
          10          24   1.1725493376368443E-015
          10          25  -7.4643999310928555E-016
          11           1  -6.0469125970726460E-016
          11           2   2.4386117239129829E-015
          11           3   2.8667064148030106E-015
          11           4   2.3554934021145744E-016
          11           5   7.5384619332143717E-004
          11           6  -3.7299426723634999E-004
          11           7   3.4466689432412034E-003
          11           8   5.2527151992036859E-004
          11           9  -2.5989819571848460E-004
          11          10   2.4016000800348345E-003
          11          11   2.8760680918925271E-005
          11          12  -1.4230447938457694E-005
          11          13   1.3149707491116251E-004
          11          14  -8.4460146642618039E-017
          11          15  -7.8888641559368518E-018
          11          16  -9.2708889952651715E-017
          11          17   6.4178115239583179E-017
          11          18  -5.3302198628915462E-017
          11          19   1.5839982669270026E-016
          11          20  -1.7048503494186439E-016
          11          21   7.5716785628932284E-018
          11          22  -1.7138380417076452E-016
          11          23   5.7618653859813267E-017
          11          24  -4.2462354401960051E-018
          11          25  -1.8863638170234287E-017
          12           1  -1.9652798376082394E-016
          12           2  -8.5778067533675524E-017
          12           3  -1.7600387996215636E-016
          12           4  -3.0207461187175934E-017
          12           5  -3.7299426386689646E-004
          12           6   1.8455319316718042E-004
          12           7  -1.7053714095349643E-003
          12           8  -2.5989819360857708E-004
          12           9   1.2859458209271035E-004
          12          10  -1.1882835807772187E-003
          12          11  -1.4230447938457694E-005
          12          12   7.0410589060810763E-006
          12          13  -6.5063211954464922E-005
          12          14  -4.8017123440402653E-017
          12          15  -3.5936437363863721E-018
          12          16  -5.3845192984693439E-017
          12          17   3.7521399786895221E-017
          12          18  -7.9036398273746765E-018
          12          19   9.2999446850281816E-017
          12          20  -2.5023152492345175E-017
          12          21  -7.8442642450992849E-018
          12          22  -2.9995020814733192E-017
          12          23   9.3576536650228045E-018
          12          24  -1.6635006423941485E-017
          12          25   4.2719464230620969E-017
          13           1   6.2792290026976087E-016
          13           2   7.5491616152117246E-016
          13           3   1.1180540959963275E-015
          13           4   1.6727304605668253E-016
          13           5   3.4466697653689612E-003
          13           6  -1.7053718317196680E-003
          13           7   1.5758558898552742E-002
          13           8   2.4016005948669303E-003
          13           9  -1.1882838451568423E-003
          13          10   1.0980386261411070E-002
          13          11   1.3149707491116251E-004
          13          12  -6.5063211954464922E-005
          13          13   6.0121944813947871E-004
          13          14   6.6182555984867356E-017
          13          15   5.1260727223769598E-019
          13          16   7.6821486535038285E-017
          13          17  -4.4602201468920054E-017
          13          18  -7.6449495216250299E-017
          13          19  -9.7864811115217295E-017
          13          20  -6.6420526300042470E-017
          13          21   5.5992629902533690E-017
          13          22  -4.2277656464582926E-017
          13          23   6.5931073934614206E-017
          13          24   7.8310331539965867E-017
          13          25  -1.1782490980880592E-016
          14           1  -2.4178458386220668E-003
          14           2  -2.7883219492742346E-003
          14           3  -2.5875456834264302E-003
          14           4  -1.0732865392463250E-004
          14           5  -1.2504185017000166E-016
          14           6   3.1686569458814622E-016
          14           7  -2.1012054600917151E-016
          14           8  -7.2127896507674596E-017
          14           9   1.0578532033950556E-016
          14          10  -8.8975735030392195E-017
          14          11  -8.4460146642618039E-017
          14          12  -4.8017123440402653E-017
          14          13   6.6182555984867356E-017
          14          14   5.4867217562150036E-004
          14          15   4.6624662842399071E-005
          14          16   6.1030045381062041E-004
          14          17  -4.3083711541913778E-004
          14          18   2.1317315880362535E-004
          14          19  -1.0756484154466042E-003
          14          20   5.1869746214042774E-004
          14          21   2.4379553743890156E-005
          14          22   5.5092225264759113E-004
          14          23  -2.2528026997899224E-004
          14          24   1.1146603912508095E-004
          14          25  -3.3064301158392955E-004
          15           1   2.6763815275672020E-006
          15           2  -1.1635234367401602E-004
          15           3  -7.8457338083391345E-005
          15           4   2.5690826505585929E-006
          15           5  -4.2710059556260173E-017
          15           6   4.3482398760146334E-017
          15           7  -1.6361071572857342E-016
          15           8  -2.8000124146434463E-017
          15           9   2.0000808831506718E-017
          15          10  -1.0948137104758397E-016
          15          11  -7.8888641559368518E-018
          15          12  -3.5936437363863721E-018
          15          13   5.1260727223769598E-019
          15          14   4.6624662842399071E-005
          15          15   4.0372935490867070E-006
          15          16   5.1961140037795148E-005
          15          17  -3.7306777160695327E-005
          15          18   1.8458956407181227E-005
          15          19  -9.4027486586426424E-005
          15          20   4.0788330459496115E-005
          15          21   2.0844292417140877E-006
          15          22   4.3543520175684861E-005
          15          23  -1.9261254134239163E-005
          15          24   9.5302429611645710E-006
          15          25  -3.1829492097003422E-005
          16           1  -2.4143082080321770E-003
          16           2  -2.9421159743044404E-003
          16           3  -2.6912502534010979E-003
          16           4  -1.0393285147657885E-004
          16           5  -1.2438930748886563E-016
          16           6   3.4608490683090149E-016
          16           7  -1.6528312251180784E-016
          16           8  -6.9347164530863040E-017
          16           9   1.1253409570046056E-016
          16          10  -5.1758039565559352E-017
          16          11  -9.2708889952651715E-017
          16          12  -5.3845192984693439E-017
          16          13   7.6821486535038285E-017
          16          14   6.1030045381062041E-004
          16          15   5.1961140037795148E-005
          16          16   6.7898246453385947E-004
          16          17  -4.8014905252036975E-004
          16          18   2.3757212774657378E-004
          16          19  -1.1999335415676959E-003
          16          20   5.7261130134223480E-004
          16          21   2.7134743322737809E-005
          16          22   6.0847788972954564E-004
          16          23  -2.5073971259482910E-004
          16          24   1.2406307315483505E-004
          16          25  -3.7271509694233813E-004
          17           1  -2.4731206013574314E-005
          17           2   1.0751586094648741E-003
          17           3   7.2498824896055983E-004
          17           4  -2.3739714920576675E-005
          17           5   1.6612358129066573E-016
          17           6  -2.8872174143809355E-016
          17           7   4.6693895907251359E-016
          17           8   9.9491871010346151E-017
          17           9  -1.0602601904603718E-016
          17          10   2.8358379498339366E-016
          17          11   6.4178115239583179E-017
          17          12   3.7521399786895221E-017
          17          13  -4.4602201468920054E-017
          17          14  -4.3083711541913778E-004
          17          15  -3.7306777160695327E-005
          17          16  -4.8014905252036975E-004
          17          17   3.4473480939542332E-004
          17          18  -1.7057074620137048E-004
          17          19   8.6886485871673380E-004
          17          20  -3.7690624554148736E-004
          17          21  -1.9261254172050442E-005
          17          22  -4.0236568947640903E-004
          17          23   1.7798441133312683E-004
          17          24  -8.8064602205174862E-005
          17          25   2.9412173165739054E-004
          18           1   1.2236711224715511E-005
          18           2  -5.3197588802647491E-004
          18           3  -3.5871569483468925E-004
          18           4   1.1746132888720731E-005
          18           5  -6.4698062948780326E-016
          18           6   4.2230495478647988E-016
          18           7  -2.8132942867979544E-015
          18           8  -4.4276296677409077E-016
          18           9   2.4717721533954857E-016
          18          10  -1.9396024659193083E-015
          18          11  -5.3302198628915462E-017
          18          12  -7.9036398273746765E-018
          18          13  -7.6449495216250299E-017
          18          14   2.1317315880362535E-004
          18          15   1.8458956407181227E-005
          18          16   2.3757212774657378E-004
          18          17  -1.7057074620137048E-004
          18          18   8.4396407518917059E-005
          18          19  -4.2990415606498184E-004
          18          20   1.8648879602551163E-004
          18          21   9.5302429791778634E-006
          18          22   1.9908583070701440E-004
          18          23  -8.8064602198750043E-005
          18          24   4.3573333770643791E-005
          18          25  -1.4552798810536034E-004
          19           1  -2.5110861959049017E-003
          19           2   1.2651873239268099E-003
          19           3   1.4576876015962720E-004
          19           4  -1.9683094828050712E-004
          19           5   5.2482864828917777E-016
          19           6  -7.8331565148962860E-016
          19           7   1.6580268225347572E-015
          19           8   3.1938749727802668E-016
          19           9  -3.0207118280667370E-016
          19          10   1.0552340125974863E-015
          19          11   1.5839982669270026E-016
          19          12   9.2999446850281816E-017
          19          13  -9.7864811115217295E-017
          19          14  -1.0756484154466042E-003
          19          15  -9.4027486586426424E-005
          19          16  -1.1999335415676959E-003
          19          17   8.6886485871673380E-004
          19          18  -4.2990415606498184E-004
          19          19   2.2001025137798344E-003
          19          20  -9.0229565285773793E-004
          19          21  -4.8238265473306947E-005
          19          22  -9.6605678728163482E-004
          19          23   4.4574767504564614E-004
          19          24  -2.2055072911057668E-004
          19          25   7.7824006437843371E-004
          20           1   9.9567303934320877E-003
          20           2  -1.8111277137617249E-002
          20           3  -2.1323171415687240E-002
          20           4  -1.6754118440026357E-003
          20           5  -6.4995633339188435E-016
          20           6   4.9718828660079492E-016
          20           7  -2.6892218586490402E-015
          20           8  -5.0241099210026922E-016
          20           9   3.0571403447783064E-016
          20          10  -1.7710145049019282E-015
          20          11  -1.7048503494186439E-016
          20          12  -2.5023152492345175E-017
          20          13  -6.6420526300042470E-017
          20          14   5.1869746214042774E-004
          20          15   4.0788330459496115E-005
          20          16   5.7261130134223480E-004
          20          17  -3.7690624554148736E-004
          20          18   1.8648879602551163E-004
          20          19  -9.0229565285773793E-004
          20          20   1.0419707048198346E-003
          20          21   2.5648952009707963E-005
          20          22   1.0758733799100971E-003
          20          23  -2.3701020742861265E-004
          20          24   1.1726987460528047E-004
          20          25   1.4840658156346065E-004
          21           1   7.5289480110055367E-005
          21           2  -1.8350761096615410E-004
          21           3  -1.9012930379775571E-004
          21           4  -1.1058540177221321E-005
          21           5   2.9890338122262965E-016
          21           6  -1.3672183544112248E-016
          21           7   1.3827470218553971E-015
          21           8   2.0870073661061079E-016
          21           9  -1.0013701950181060E-016
          21          10   9.6626515647395140E-016
          21          11   7.5716785628932284E-018
          21          12  -7.8442642450992849E-018
          21          13   5.5992629902533690E-017
          21          14   2.4379553743890156E-005
          21          15   2.0844292417140877E-006
          21          16   2.7134743322737809E-005
          21          17  -1.9261254172050442E-005
          21          18   9.5302429791778634E-006
          21          19  -4.8238265473306947E-005
          21          20   2.5648952009707963E-005
          21          21   1.1107012794463373E-006
          21          22   2.7117072236969737E-005
          21          23  -1.0263480936459578E-005
          21          24   5.0782501617400477E-006
          21          25  -1.3045913637115867E-005
          22           1   1.0056247700015683E-002
          22           2  -1.8353836698966647E-002
          22           3  -2.1574483498476488E-002
          22           4  -1.6900289735061627E-003
          22           5  -5.4075001059908065E-016
          22           6   4.5792145435422977E-016
          22           7  -2.1686012344599836E-015
          22           8  -4.2575122104806891E-016
          22           9   2.7191516246606880E-016
          22          10  -1.4045738741206691E-015
          22          11  -1.7138380417076452E-016
          22          12  -2.9995020814733192E-017
          22          13  -4.2277656464582926E-017
          22          14   5.5092225264759113E-004
          22          15   4.3543520175684861E-005
          22          16   6.0847788972954564E-004
          22          17  -4.0236568947640903E-004
          22          18   1.9908583070701440E-004
          22          19  -9.6605678728163482E-004
          22          20   1.0758733799100971E-003
          22          21   2.7117072236969737E-005
          22          22   1.1117166100727094E-003
          22          23  -2.5057643287893622E-004
          22          24   1.2398228407082312E-004
          22          25   1.3116254781442402E-004
          23           1  -6.9571566868949241E-004
          23           2   1.6957099386106598E-003
          23           3   1.7568980287274469E-003
          23           4   1.0218692655227369E-004
          23           5   5.8210294403553885E-016
          23           6  -3.9125356806929611E-016
          23           7   2.5124137521272252E-015
          23           8   4.0164565057462292E-016
          23           9  -2.2761235810630837E-016
          23          10   1.7249087355333874E-015
          23          11   5.7618653859813267E-017
          23          12   9.3576536650228045E-018
          23          13   6.5931073934614206E-017
          23          14  -2.2528026997899224E-004
          23          15  -1.9261254134239163E-005
          23          16  -2.5073971259482910E-004
          23          17   1.7798441133312683E-004
          23          18  -8.8064602198750043E-005
          23          19   4.4574767504564614E-004
          23          20  -2.3701020742861265E-004
          23          21  -1.0263480936459578E-005
          23          22  -2.5057643287893622E-004
          23          23   9.4840118475040223E-005
          23          24  -4.6925779856464117E-005
          23          25   1.2055129290837338E-004
          24           1   3.4423196239459042E-004
          24           2  -8.3901741212248507E-004
          24           3  -8.6929256131073121E-004
          24           4  -5.0560893898264658E-005
          24           5   3.4793451019030746E-016
          24           6  -1.2107403149101873E-016
          24           7   1.6645316808502392E-015
          24           8   2.4439477249009880E-016
          24           9  -1.0663280243510082E-016
          24          10   1.1725493376368443E-015
          24          11  -4.2462354401960051E-018
          24          12  -1.6635006423941485E-017
          24          13   7.8310331539965867E-017
          24          14   1.1146603912508095E-004
          24          15   9.5302429611645710E-006
          24          16   1.2406307315483505E-004
          24          17  -8.8064602205174862E-005
          24          18   4.3573333770643791E-005
          24          19  -2.2055072911057668E-004
          24          20   1.1726987460528047E-004
          24          21   5.0782501617400477E-006
          24          22   1.2398228407082312E-004
          24          23  -4.6925779856464117E-005
          24          24   2.3218326279472726E-005
          24          25  -5.9647368010524974E-005
          25           1   7.3337775001689398E-003
          25           2  -1.1718195176890803E-002
          25           3  -1.4699401020435477E-002
          25           4  -1.2901517077739772E-003
          25           5  -1.7503369442174080E-016
          25           6  -1.2701253554645867E-016
          25           7  -1.0796725190762486E-015
          25           8  -1.8640915926990707E-016
          25           9   4.0467553252703223E-017
          25          10  -7.4643999310928555E-016
          25          11  -1.8863638170234287E-017
          25          12   4.2719464230620969E-017
          25          13  -1.1782490980880592E-016
          25          14  -3.3064301158392955E-004
          25          15  -3.1829492097003422E-005
          25          16  -3.7271509694233813E-004
          25          17   2.9412173165739054E-004
          25          18  -1.4552798810536034E-004
          25          19   7.7824006437843371E-004
          25          20   1.4840658156346065E-004
          25          21  -1.3045913637115867E-005
          25          22   1.3116254781442402E-004
          25          23   1.2055129290837338E-004
          25          24  -5.9647368010524974E-005
          25          25   6.0290305311627430E-004
