           1           1   2.0154218710810881     
           1           2   1.8863426415023983E-002
           1           3  -4.4342423501883575E-002
           1           4  -1.8111097134949797E-003
           1           5  -3.5902266142239642E-015
           1           6   2.4130691471557658E-016
           1           7   3.1537599159659221E-015
           1           8   4.5825324850831091E-015
           1           9  -2.7885202790349936E-016
           1          10  -4.3527728625069094E-015
           1          11   4.7496719914554592E-016
           1          12  -4.9335502408714663E-015
           1          13  -6.9313438404727305E-016
           1          14  -1.6678954740923513E-003
           1          15  -6.0727665645560919E-016
           1          16  -1.6678954740861362E-003
           1          17   1.2709291248302321E-015
           1          18   2.8800246346111927E-015
           1          19  -1.6678954740908967E-003
           1          20   8.2545756391331424E-003
           1          21  -6.2218521063143448E-016
           1          22   8.2545756391286685E-003
           1          23   3.3500755923560911E-015
           1          24  -8.1056859387424730E-016
           1          25   8.2545756391341624E-003
           2           1   1.8863426415023983E-002
           2           2   1.9011097007639810     
           2           3   7.4227106732213471E-002
           2           4   4.7060983591205405E-002
           2           5   1.7232441581106616E-015
           2           6  -9.8306319506152771E-014
           2           7  -9.8299343876065029E-015
           2           8  -6.2696737787864758E-014
           2           9   3.5954877775759724E-014
           2          10  -2.9889381185673551E-014
           2          11  -3.7529364959513209E-014
           2          12   1.3414950090581934E-013
           2          13   1.5230278072655761E-014
           2          14  -4.2940213371842721E-003
           2          15   1.2626272220016064E-014
           2          16  -4.2940213371833831E-003
           2          17   7.2590630645850950E-015
           2          18   1.0422931637233022E-014
           2          19  -4.2940213371974456E-003
           2          20  -2.8341299881854132E-002
           2          21  -6.4138503440110879E-014
           2          22  -2.8341299881774099E-002
           2          23   2.8034819612669540E-014
           2          24  -8.9390675676202048E-014
           2          25  -2.8341299881902312E-002
           3           1  -4.4342423501883575E-002
           3           2   7.4227106732213471E-002
           3           3   3.9065039533566197E-003
           3           4   1.8884116736271159E-003
           3           5   1.4800243394939593E-016
           3           6  -3.8650007319733073E-015
           3           7  -4.5672565100512714E-016
           3           8  -2.5642308436066588E-015
           3           9   1.4179263061810865E-015
           3          10  -1.0761748427384259E-015
           3          11  -1.4841772238746654E-015
           3          12   5.3776341913813584E-015
           3          13   6.1348401756738285E-016
           3          14  -1.3129997096940419E-004
           3          15   5.0934832497885152E-016
           3          16  -1.3129997096950833E-004
           3          17   2.5658540282529161E-016
           3          18   3.4483449300146606E-016
           3          19  -1.3129997096995399E-004
           3          20  -1.2974980144657032E-003
           3          21  -2.5044214955016709E-015
           3          22  -1.2974980144624605E-003
           3          23   1.0258508691694286E-015
           3          24  -3.4916941809115664E-015
           3          25  -1.2974980144676177E-003
           4           1  -1.8111097134949797E-003
           4           2   4.7060983591205405E-002
           4           3   1.8884116736271159E-003
           4           4   1.1675453951817834E-003
           4           5   4.6767833400695610E-017
           4           6  -2.4343602960740266E-015
           4           7  -2.4722010981759769E-016
           4           8  -1.5577711526716836E-015
           4           9   8.9063559576567492E-016
           4          10  -7.3520995941220552E-016
           4          11  -9.2989400879924925E-016
           4          12   3.3276203212113048E-015
           4          13   3.7791462499905067E-016
           4          14  -1.0445900501288230E-004
           4          15   3.1336297415030735E-016
           4          16  -1.0445900501286733E-004
           4          17   1.7831622687998944E-016
           4          18   2.5486311410568407E-016
           4          19  -1.0445900501321015E-004
           4          20  -7.1122318942768998E-004
           4          21  -1.5875925495191898E-015
           4          22  -7.1122318942570286E-004
           4          23   6.9048480743449679E-016
           4          24  -2.2126967133174098E-015
           4          25  -7.1122318942888423E-004
           5           1  -3.5902266142239642E-015
           5           2   1.7232441581106616E-015
           5           3   1.4800243394939593E-016
           5           4   4.6767833400695610E-017
           5           5   1.3667184336552374E-028
           5           6   1.9584796181227465E-027
           5           7  -8.1058709732986438E-028
           5           8   4.5329622846774282E-028
           5           9  -4.5371068235291115E-028
           5          10   3.5979722521855318E-028
           5          11   2.8564045100708009E-028
           5          12  -8.6356971185503206E-028
           5          13  -2.0245702808946226E-028
           5          14  -9.7181586279031160E-019
           5          15  -7.2787008368882536E-029
           5          16  -9.7181586281214394E-019
           5          17  -8.6635216729232081E-029
           5          18  -4.8987947285650095E-029
           5          19  -9.7181586266143453E-019
           5          20  -4.0932983874870481E-017
           5          21   4.7864634855959952E-028
           5          22  -4.0932983875343415E-017
           5          23  -9.5455189185135466E-029
           5          24   7.2208877910067151E-028
           5          25  -4.0932983874481289E-017
           6           1   2.4130691471557658E-016
           6           2  -9.8306319506152771E-014
           6           3  -3.8650007319733073E-015
           6           4  -2.4343602960740266E-015
           6           5   1.9584796181227465E-027
           6           6   3.9331020242449775E-026
           6           7  -1.2866309824293727E-026
           6           8   1.2005167135350900E-026
           6           9  -9.9760507133851001E-027
           6          10   7.9733644377360737E-027
           6          11   7.2863753239112415E-027
           6          12  -2.3679282381225906E-026
           6          13  -4.4448438543571230E-027
           6          14   2.2124251639707696E-016
           6          15  -2.0545781728348270E-027
           6          16   2.2124251639696862E-016
           6          17  -1.8361679208042740E-027
           6          18  -1.3362075663007023E-027
           6          19   2.2124251640026663E-016
           6          20   1.4712733129687876E-015
           6          21   1.2180896937873058E-026
           6          22   1.4712733129552969E-015
           6          23  -3.3649514310105511E-027
           6          24   1.7981529214904567E-026
           6          25   1.4712733129783871E-015
           7           1   3.1537599159659221E-015
           7           2  -9.8299343876065029E-015
           7           3  -4.5672565100512714E-016
           7           4  -2.4722010981759769E-016
           7           5  -8.1058709732986438E-028
           7           6  -1.2866309824293727E-026
           7           7   5.2846741442135023E-027
           7           8  -3.0928906321250358E-027
           7           9   2.9819714579496072E-027
           7          10  -2.3677829352080061E-027
           7          11  -1.8913891550647624E-027
           7          12   5.8386128480958767E-027
           7          13   1.3490722556983938E-027
           7          14   1.9510566284316600E-017
           7          15   4.7950485797388830E-028
           7          16   1.9510566284341794E-017
           7          17   5.3239221631575409E-028
           7          18   2.5812556040699096E-028
           7          19   1.9510566283402717E-017
           7          20   1.6008289721168150E-016
           7          21  -3.1256690138307957E-027
           7          22   1.6008289721491425E-016
           7          23   6.0831641547391905E-028
           7          24  -4.7527003604674952E-027
           7          25   1.6008289720916483E-016
           8           1   4.5825324850831091E-015
           8           2  -6.2696737787864758E-014
           8           3  -2.5642308436066588E-015
           8           4  -1.5577711526716836E-015
           8           5   4.5329622846774282E-028
           8           6   1.2005167135350900E-026
           8           7  -3.0928906321250358E-027
           8           8   4.3257911439660458E-027
           8           9  -3.2621523666535278E-027
           8          10   2.6242996606115436E-027
           8          11   2.6061014880807557E-027
           8          12  -8.7263178470648980E-027
           8          13  -1.4407158717419177E-027
           8          14   1.3746085210668252E-016
           8          15  -7.7534813797200295E-028
           8          16   1.3746085210665848E-016
           8          17  -6.0721473786286968E-028
           8          18  -5.3631729824368588E-028
           8          19   1.3746085210776770E-016
           8          20   9.5686416316115712E-016
           8          21   4.3775502831498197E-027
           8          22   9.5686416315610900E-016
           8          23  -1.4064996219552592E-027
           8          24   6.3623304767962300E-027
           8          25   9.5686416316455967E-016
           9           1  -2.7885202790349936E-016
           9           2   3.5954877775759724E-014
           9           3   1.4179263061810865E-015
           9           4   8.9063559576567492E-016
           9           5  -4.5371068235291115E-028
           9           6  -9.9760507133851001E-027
           9           7   2.9819714579496072E-027
           9           8  -3.2621523666535278E-027
           9           9   2.6042360385905829E-027
           9          10  -2.0865121836107070E-027
           9          11  -1.9771964401595738E-027
           9          12   6.5046009720859021E-027
           9          13   1.1546568007246880E-027
           9          14  -8.0741166262336829E-017
           9          15   5.7157848187993091E-028
           9          16  -8.0741166262304215E-017
           9          17   4.8428069092495577E-028
           9          18   3.8715018904200536E-028
           9          19  -8.0741166263178975E-017
           9          20  -5.3883959772577452E-016
           9          21  -3.3155765650756499E-027
           9          22  -5.3883959772204489E-016
           9          23   9.8376912516900859E-028
           9          24  -4.8577265218920397E-027
           9          25  -5.3883959772837343E-016
          10           1  -4.3527728625069094E-015
          10           2  -2.9889381185673551E-014
          10           3  -1.0761748427384259E-015
          10           4  -7.3520995941220552E-016
          10           5   3.5979722521855318E-028
          10           6   7.9733644377360737E-027
          10           7  -2.3677829352080061E-027
          10           8   2.6242996606115436E-027
          10           9  -2.0865121836107070E-027
          10          10   1.6900313910128473E-027
          10          11   1.5908627414567447E-027
          10          12  -5.2441647327996917E-027
          10          13  -9.2531333791138163E-028
          10          14   7.0815730371853441E-017
          10          15  -4.5866321998368221E-028
          10          16   7.0815730371821196E-017
          10          17  -3.8780595496772095E-028
          10          18  -3.1450771687636561E-028
          10          19   7.0815730372533821E-017
          10          20   4.2851398948581228E-016
          10          21   2.6672398816309129E-027
          10          22   4.2851398948280505E-016
          10          23  -8.0636369959039109E-028
          10          24   3.9103477455607989E-027
          10          25   4.2851398948789231E-016
          11           1   4.7496719914554592E-016
          11           2  -3.7529364959513209E-014
          11           3  -1.4841772238746654E-015
          11           4  -9.2989400879924925E-016
          11           5   2.8564045100708009E-028
          11           6   7.2863753239112415E-027
          11           7  -1.8913891550647624E-027
          11           8   2.6061014880807557E-027
          11           9  -1.9771964401595738E-027
          11          10   1.5908627414567447E-027
          11          11   1.5757539016659323E-027
          11          12  -5.2622544430995446E-027
          11          13  -8.7152983175725239E-028
          11          14   8.4112081913566184E-017
          11          15  -4.6861421555150923E-028
          11          16   8.4112081913539351E-017
          11          17  -3.7166127191556372E-028
          11          18  -3.3046564237451884E-028
          11          19   8.4112081914216933E-017
          11          20   5.6316058375530239E-016
          11          21   2.6509899558548395E-027
          11          22   5.6316058375226192E-016
          11          23  -8.5149113060268467E-028
          11          24   3.8505179908759364E-027
          11          25   5.6316058375736555E-016
          12           1  -4.9335502408714663E-015
          12           2   1.3414950090581934E-013
          12           3   5.3776341913813584E-015
          12           4   3.3276203212113048E-015
          12           5  -8.6356971185503206E-028
          12           6  -2.3679282381225906E-026
          12           7   5.8386128480958767E-027
          12           8  -8.7263178470648980E-027
          12           9   6.5046009720859021E-027
          12          10  -5.2441647327996917E-027
          12          11  -5.2622544430995446E-027
          12          12   1.7671823925748030E-026
          12          13   2.8656339660211247E-027
          12          14  -2.9803767596665263E-016
          12          15   1.5765706245085277E-027
          12          16  -2.9803767596658380E-016
          12          17   1.2195486257664909E-027
          12          18   1.1121544756122204E-027
          12          19  -2.9803767596881860E-016
          12          20  -2.0266928933925788E-015
          12          21  -8.8527091130820621E-027
          12          22  -2.0266928933823410E-015
          12          23   2.9051448270758346E-027
          12          24  -1.2834057046866915E-026
          12          25  -2.0266928933994478E-015
          13           1  -6.9313438404727305E-016
          13           2   1.5230278072655761E-014
          13           3   6.1348401756738285E-016
          13           4   3.7791462499905067E-016
          13           5  -2.0245702808946226E-028
          13           6  -4.4448438543571230E-027
          13           7   1.3490722556983938E-027
          13           8  -1.4407158717419177E-027
          13           9   1.1546568007246880E-027
          13          10  -9.2531333791138163E-028
          13          11  -8.7152983175725239E-028
          13          12   2.8656339660211247E-027
          13          13   5.1302753323143761E-028
          13          14  -3.3738779959171566E-017
          13          15   2.5077125527558238E-028
          13          16  -3.3738779959161378E-017
          13          17   2.1305057697633026E-028
          13          18   1.6660771128866548E-028
          13          19  -3.3738779959546694E-017
          13          20  -2.3068848250589327E-016
          13          21  -1.4591905107649892E-027
          13          22  -2.3068848250425076E-016
          13          23   4.2789792824902512E-028
          13          24  -2.1419334462641628E-027
          13          25  -2.3068848250703697E-016
          14           1  -1.6678954740923513E-003
          14           2  -4.2940213371842721E-003
          14           3  -1.3129997096940419E-004
          14           4  -1.0445900501288230E-004
          14           5  -9.7181586279031160E-019
          14           6   2.2124251639707696E-016
          14           7   1.9510566284316600E-017
          14           8   1.3746085210668252E-016
          14           9  -8.0741166262336829E-017
          14          10   7.0815730371853441E-017
          14          11   8.4112081913566184E-017
          14          12  -2.9803767596665263E-016
          14          13  -3.3738779959171566E-017
          14          14   1.1009669804602603E-005
          14          15  -2.7935524643183910E-017
          14          16   1.1009669804595591E-005
          14          17  -1.7370813340870657E-017
          14          18  -2.5786079504849062E-017
          14          19   1.1009669804631094E-005
          14          20   5.7130150516718369E-005
          14          21   1.4490466799039212E-016
          14          22   5.7130150516541793E-005
          14          23  -6.5809639535475096E-017
          14          24   2.0191488161235987E-016
          14          25   5.7130150516826017E-005
          15           1  -6.0727665645560919E-016
          15           2   1.2626272220016064E-014
          15           3   5.0934832497885152E-016
          15           4   3.1336297415030735E-016
          15           5  -7.2787008368882536E-029
          15           6  -2.0545781728348270E-027
          15           7   4.7950485797388830E-028
          15           8  -7.7534813797200295E-028
          15           9   5.7157848187993091E-028
          15          10  -4.5866321998368221E-028
          15          11  -4.6861421555150923E-028
          15          12   1.5765706245085277E-027
          15          13   2.5077125527558238E-028
          15          14  -2.7935524643183910E-017
          15          15   1.4192681111877842E-028
          15          16  -2.7935524643175430E-017
          15          17   1.0858345406541583E-028
          15          18   1.0248884370183581E-028
          15          19  -2.7935524643372769E-017
          15          20  -1.9135675716724162E-016
          15          21  -7.9042777048795106E-028
          15          22  -1.9135675716632688E-016
          15          23   2.6369273794881617E-028
          15          24  -1.1413459421342840E-027
          15          25  -1.9135675716785577E-016
          16           1  -1.6678954740861362E-003
          16           2  -4.2940213371833831E-003
          16           3  -1.3129997096950833E-004
          16           4  -1.0445900501286733E-004
          16           5  -9.7181586281214394E-019
          16           6   2.2124251639696862E-016
          16           7   1.9510566284341794E-017
          16           8   1.3746085210665848E-016
          16           9  -8.0741166262304215E-017
          16          10   7.0815730371821196E-017
          16          11   8.4112081913539351E-017
          16          12  -2.9803767596658380E-016
          16          13  -3.3738779959161378E-017
          16          14   1.1009669804595591E-005
          16          15  -2.7935524643175430E-017
          16          16   1.1009669804588576E-005
          16          17  -1.7370813340856192E-017
          16          18  -2.5786079504826937E-017
          16          19   1.1009669804624080E-005
          16          20   5.7130150516731406E-005
          16          21   1.4490466799033710E-016
          16          22   5.7130150516554831E-005
          16          23  -6.5809639535448041E-017
          16          24   2.0191488161228784E-016
          16          25   5.7130150516839054E-005
          17           1   1.2709291248302321E-015
          17           2   7.2590630645850950E-015
          17           3   2.5658540282529161E-016
          17           4   1.7831622687998944E-016
          17           5  -8.6635216729232081E-029
          17           6  -1.8361679208042740E-027
          17           7   5.3239221631575409E-028
          17           8  -6.0721473786286968E-028
          17           9   4.8428069092495577E-028
          17          10  -3.8780595496772095E-028
          17          11  -3.7166127191556372E-028
          17          12   1.2195486257664909E-027
          17          13   2.1305057697633026E-028
          17          14  -1.7370813340870657E-017
          17          15   1.0858345406541583E-028
          17          16  -1.7370813340856192E-017
          17          17   9.2965826321018191E-029
          17          18   7.8944726719661023E-029
          17          19  -1.7370813341023156E-017
          17          20  -1.0316393670919414E-016
          17          21  -6.2695471943375313E-028
          17          22  -1.0316393670849545E-016
          17          23   1.9106448851111225E-028
          17          24  -9.1360530458825163E-028
          17          25  -1.0316393670968659E-016
          18           1   2.8800246346111927E-015
          18           2   1.0422931637233022E-014
          18           3   3.4483449300146606E-016
          18           4   2.5486311410568407E-016
          18           5  -4.8987947285650095E-029
          18           6  -1.3362075663007023E-027
          18           7   2.5812556040699096E-028
          18           8  -5.3631729824368588E-028
          18           9   3.8715018904200536E-028
          18          10  -3.1450771687636561E-028
          18          11  -3.3046564237451884E-028
          18          12   1.1121544756122204E-027
          18          13   1.6660771128866548E-028
          18          14  -2.5786079504849062E-017
          18          15   1.0248884370183581E-028
          18          16  -2.5786079504826937E-017
          18          17   7.8944726719661023E-029
          18          18   8.4952324981602452E-029
          18          19  -2.5786079504971520E-017
          18          20  -1.4363633957374702E-016
          18          21  -5.6433255777688466E-028
          18          22  -1.4363633957310173E-016
          18          23   2.0324749353252402E-028
          18          24  -8.0510432610305676E-028
          18          25  -1.4363633957418444E-016
          19           1  -1.6678954740908967E-003
          19           2  -4.2940213371974456E-003
          19           3  -1.3129997096995399E-004
          19           4  -1.0445900501321015E-004
          19           5  -9.7181586266143453E-019
          19           6   2.2124251640026663E-016
          19           7   1.9510566283402717E-017
          19           8   1.3746085210776770E-016
          19           9  -8.0741166263178975E-017
          19          10   7.0815730372533821E-017
          19          11   8.4112081914216933E-017
          19          12  -2.9803767596881860E-016
          19          13  -3.3738779959546694E-017
          19          14   1.1009669804631094E-005
          19          15  -2.7935524643372769E-017
          19          16   1.1009669804624080E-005
          19          17  -1.7370813341023156E-017
          19          18  -2.5786079504971520E-017
          19          19   1.1009669804659581E-005
          19          20   5.7130150516921508E-005
          19          21   1.4490466799147885E-016
          19          22   5.7130150516744932E-005
          19          23  -6.5809639535806640E-017
          19          24   2.0191488161395352E-016
          19          25   5.7130150517029169E-005
          20           1   8.2545756391331424E-003
          20           2  -2.8341299881854132E-002
          20           3  -1.2974980144657032E-003
          20           4  -7.1122318942768998E-004
          20           5  -4.0932983874870481E-017
          20           6   1.4712733129687876E-015
          20           7   1.6008289721168150E-016
          20           8   9.5686416316115712E-016
          20           9  -5.3883959772577452E-016
          20          10   4.2851398948581228E-016
          20          11   5.6316058375530239E-016
          20          12  -2.0266928933925788E-015
          20          13  -2.3068848250589327E-016
          20          14   5.7130150516718369E-005
          20          15  -1.9135675716724162E-016
          20          16   5.7130150516731406E-005
          20          17  -1.0316393670919414E-016
          20          18  -1.4363633957374702E-016
          20          19   5.7130150516921508E-005
          20          20   4.5865992735021944E-004
          20          21   9.5637592427448987E-016
          20          22   4.5865992734900373E-004
          20          23  -4.0495830157510382E-016
          20          24   1.3331702147651493E-015
          20          25   4.5865992735094412E-004
          21           1  -6.2218521063143448E-016
          21           2  -6.4138503440110879E-014
          21           3  -2.5044214955016709E-015
          21           4  -1.5875925495191898E-015
          21           5   4.7864634855959952E-028
          21           6   1.2180896937873058E-026
          21           7  -3.1256690138307957E-027
          21           8   4.3775502831498197E-027
          21           9  -3.3155765650756499E-027
          21          10   2.6672398816309129E-027
          21          11   2.6509899558548395E-027
          21          12  -8.8527091130820621E-027
          21          13  -1.4591905107649892E-027
          21          14   1.4490466799039212E-016
          21          15  -7.9042777048795106E-028
          21          16   1.4490466799033710E-016
          21          17  -6.2695471943375313E-028
          21          18  -5.6433255777688466E-028
          21          19   1.4490466799147885E-016
          21          20   9.5637592427448987E-016
          21          21   4.4648167101216741E-027
          21          22   9.5637592426937470E-016
          21          23  -1.4426731943836418E-027
          21          24   6.4774647942886750E-027
          21          25   9.5637592427796539E-016
          22           1   8.2545756391286685E-003
          22           2  -2.8341299881774099E-002
          22           3  -1.2974980144624605E-003
          22           4  -7.1122318942570286E-004
          22           5  -4.0932983875343415E-017
          22           6   1.4712733129552969E-015
          22           7   1.6008289721491425E-016
          22           8   9.5686416315610900E-016
          22           9  -5.3883959772204489E-016
          22          10   4.2851398948280505E-016
          22          11   5.6316058375226192E-016
          22          12  -2.0266928933823410E-015
          22          13  -2.3068848250425076E-016
          22          14   5.7130150516541793E-005
          22          15  -1.9135675716632688E-016
          22          16   5.7130150516554831E-005
          22          17  -1.0316393670849545E-016
          22          18  -1.4363633957310173E-016
          22          19   5.7130150516744932E-005
          22          20   4.5865992734900373E-004
          22          21   9.5637592426937470E-016
          22          22   4.5865992734778812E-004
          22          23  -4.0495830157340870E-016
          22          24   1.3331702147577419E-015
          22          25   4.5865992734972846E-004
          23           1   3.3500755923560911E-015
          23           2   2.8034819612669540E-014
          23           3   1.0258508691694286E-015
          23           4   6.9048480743449679E-016
          23           5  -9.5455189185135466E-029
          23           6  -3.3649514310105511E-027
          23           7   6.0831641547391905E-028
          23           8  -1.4064996219552592E-027
          23           9   9.8376912516900859E-028
          23          10  -8.0636369959039109E-028
          23          11  -8.5149113060268467E-028
          23          12   2.9051448270758346E-027
          23          13   4.2789792824902512E-028
          23          14  -6.5809639535475096E-017
          23          15   2.6369273794881617E-028
          23          16  -6.5809639535448041E-017
          23          17   1.9106448851111225E-028
          23          18   2.0324749353252402E-028
          23          19  -6.5809639535806640E-017
          23          20  -4.0495830157510382E-016
          23          21  -1.4426731943836418E-027
          23          22  -4.0495830157340870E-016
          23          23   5.2548472389249356E-028
          23          24  -2.0663088078631612E-027
          23          25  -4.0495830157621093E-016
          24           1  -8.1056859387424730E-016
          24           2  -8.9390675676202048E-014
          24           3  -3.4916941809115664E-015
          24           4  -2.2126967133174098E-015
          24           5   7.2208877910067151E-028
          24           6   1.7981529214904567E-026
          24           7  -4.7527003604674952E-027
          24           8   6.3623304767962300E-027
          24           9  -4.8577265218920397E-027
          24          10   3.9103477455607989E-027
          24          11   3.8505179908759364E-027
          24          12  -1.2834057046866915E-026
          24          13  -2.1419334462641628E-027
          24          14   2.0191488161235987E-016
          24          15  -1.1413459421342840E-027
          24          16   2.0191488161228784E-016
          24          17  -9.1360530458825163E-028
          24          18  -8.0510432610305676E-028
          24          19   2.0191488161395352E-016
          24          20   1.3331702147651493E-015
          24          21   6.4774647942886750E-027
          24          22   1.3331702147577419E-015
          24          23  -2.0663088078631612E-027
          24          24   9.4165841582447180E-027
          24          25   1.3331702147701935E-015
          25           1   8.2545756391341624E-003
          25           2  -2.8341299881902312E-002
          25           3  -1.2974980144676177E-003
          25           4  -7.1122318942888423E-004
          25           5  -4.0932983874481289E-017
          25           6   1.4712733129783871E-015
          25           7   1.6008289720916483E-016
          25           8   9.5686416316455967E-016
          25           9  -5.3883959772837343E-016
          25          10   4.2851398948789231E-016
          25          11   5.6316058375736555E-016
          25          12  -2.0266928933994478E-015
          25          13  -2.3068848250703697E-016
          25          14   5.7130150516826017E-005
          25          15  -1.9135675716785577E-016
          25          16   5.7130150516839054E-005
          25          17  -1.0316393670968659E-016
          25          18  -1.4363633957418444E-016
          25          19   5.7130150517029169E-005
          25          20   4.5865992735094412E-004
          25          21   9.5637592427796539E-016
          25          22   4.5865992734972846E-004
          25          23  -4.0495830157621093E-016
          25          24   1.3331702147701935E-015
          25          25   4.5865992735166880E-004
