           1           1   2.0660386856748039     
           1           2 -0.13475248048698091     
           1           3 -0.25436857763905485     
           1           4  -1.0343309964659021E-002
           1           5   1.8439943371352609E-015
           1           6   2.2348676902682020E-015
           1           7   3.8250494346516511E-016
           1           8  -5.2883705684771041E-016
           1           9  -5.3086195951095964E-016
           1          10   5.1471185949540892E-015
           1          11   7.1478655557846893E-015
           1          12   1.2259714577950513E-015
           1          13  -6.1337631666739494E-015
           1          14  -8.8687760261226369E-004
           1          15   1.9833044857050720E-016
           1          16  -8.8687760261953912E-004
           1          17   1.5809476012292891E-015
           1          18  -3.6955799566601436E-015
           1          19  -8.8687760261814950E-004
           1          20   1.3384191591704023E-002
           1          21   8.4178098144269295E-016
           1          22   1.3384191591711357E-002
           1          23   1.4361702147712502E-015
           1          24   3.7511149811873376E-015
           1          25   1.3384191591703246E-002
           2           1 -0.13475248048698091     
           2           2  0.44629582131315071     
           2           3  0.56951125444394368     
           2           4   2.2768856993733808E-002
           2           5   3.4482031088791231E-015
           2           6   3.9359620264328449E-015
           2           7  -2.1254696447539987E-015
           2           8   6.6483732247467471E-015
           2           9  -8.7156300771098298E-016
           2          10  -4.6253077369326877E-015
           2          11  -1.6012801873225344E-014
           2          12  -6.4518969267730457E-015
           2          13   6.2376070388476649E-015
           2          14  -2.0985805172662542E-003
           2          15   4.3327016808421437E-016
           2          16  -2.0985805172646617E-003
           2          17  -6.9988548955570471E-016
           2          18   4.6173418981670003E-016
           2          19  -2.0985805172655759E-003
           2          20  -1.3629730790917328E-002
           2          21   7.8153985862116501E-016
           2          22  -1.3629730790935532E-002
           2          23  -5.3750069357316167E-015
           2          24   2.3696368093427733E-015
           2          25  -1.3629730790925897E-002
           3           1 -0.25436857763905485     
           3           2  0.56951125444394368     
           3           3  0.73009802246041333     
           3           4   2.9196128558137992E-002
           3           5   4.2828037947061732E-015
           3           6   4.8832397531852445E-015
           3           7  -2.7017902513219936E-015
           3           8   8.4237136525134299E-015
           3           9  -1.0799070184495014E-015
           3          10  -6.0549260202656015E-015
           3          11  -2.0527749802726262E-014
           3          12  -8.2037585147435666E-015
           3          13   8.1326451608134176E-015
           3          14  -2.6160956654679443E-003
           3          15   5.3949285057691202E-016
           3          16  -2.6160956654656350E-003
           3          17  -9.4884135539229185E-016
           3          18   7.3391567542012818E-016
           3          19  -2.6160956654668480E-003
           3          20  -1.7769848291683377E-002
           3          21   9.5344719093842662E-016
           3          22  -1.7769848291706684E-002
           3          23  -6.8513444475129083E-015
           3          24   2.8420919510886944E-015
           3          25  -1.7769848291694174E-002
           4           1  -1.0343309964659021E-002
           4           2   2.2768856993733808E-002
           4           3   2.9196128558137992E-002
           4           4   1.1675483750083657E-003
           4           5   1.7098332203553589E-016
           4           6   1.9485034599159248E-016
           4           7  -1.0805753478942983E-016
           4           8   3.3663916330136582E-016
           4           9  -4.3137388386912518E-017
           4          10  -2.4242271048067544E-016
           4          11  -8.2082663341956025E-016
           4          12  -3.2789389637690014E-016
           4          13   3.2548005657784384E-016
           4          14  -1.0446013274127290E-004
           4          15   2.1537735811748289E-017
           4          16  -1.0446013274117999E-004
           4          17  -3.8046701860019167E-017
           4          18   2.9643663111990919E-017
           4          19  -1.0446013274122856E-004
           4          20  -7.1122732642365193E-004
           4          21   3.8017208935060448E-017
           4          22  -7.1122732642458380E-004
           4          23  -2.7387688576496931E-016
           4          24   1.1323032507414470E-016
           4          25  -7.1122732642408333E-004
           5           1   1.8439943371352609E-015
           5           2   3.4482031088791231E-015
           5           3   4.2828037947061732E-015
           5           4   1.7098332203553589E-016
           5           5   4.7080938837183270E-029
           5           6  -2.8459190051841217E-029
           5           7  -7.3534800748446226E-029
           5           8   4.3701744229557678E-029
           5           9  -4.2284360216803827E-029
           5          10  -4.6011362683030090E-029
           5          11  -6.0660079033908428E-029
           5          12  -2.6004341820346520E-029
           5          13   1.2658801039426148E-029
           5          14  -1.8377658723046138E-017
           5          15   3.5606022176357681E-030
           5          16  -1.8377658723059770E-017
           5          17   8.5670362597638505E-030
           5          18  -1.8415810145885375E-029
           5          19  -1.8377658723065594E-017
           5          20  -9.2095897555613838E-017
           5          21   2.7379800563568611E-030
           5          22  -9.2095897555692527E-017
           5          23  -2.5469879957646852E-029
           5          24   3.1279946470920304E-029
           5          25  -9.2095897555671388E-017
           6           1   2.2348676902682020E-015
           6           2   3.9359620264328449E-015
           6           3   4.8832397531852445E-015
           6           4   1.9485034599159248E-016
           6           5  -2.8459190051841217E-029
           6           6   1.1283953964610954E-027
           6           7   7.6974418705714015E-028
           6           8   1.9954393053080631E-028
           6           9   3.7533582730236906E-028
           6          10   3.1251690110670316E-028
           6          11  -9.3360356764119665E-028
           6          12  -4.0148108666312644E-028
           6          13   3.5176196085997843E-028
           6          14  -2.1107324018289745E-017
           6          15   4.0731132928725169E-029
           6          16  -2.1107324018300703E-017
           6          17  -6.1672207090550878E-029
           6          18   2.4691293044220802E-029
           6          19  -2.1107324018346044E-017
           6          20  -1.0463455695756012E-016
           6          21   1.2142069007982060E-028
           6          22  -1.0463455695855235E-016
           6          23  -3.1752581509791749E-028
           6          24   1.9743537521023127E-028
           6          25  -1.0463455695801287E-016
           7           1   3.8250494346516511E-016
           7           2  -2.1254696447539987E-015
           7           3  -2.7017902513219936E-015
           7           4  -1.0805753478942983E-016
           7           5  -7.3534800748446226E-029
           7           6   7.6974418705714015E-028
           7           7   5.9105480962630981E-028
           7           8   6.9909362446817414E-029
           7           9   2.9292192089385169E-028
           7          10   2.6922924436540113E-028
           7          11  -5.1243839294541373E-028
           7          12  -2.2214992820689669E-028
           7          13   2.0099206040197029E-028
           7          14   1.0166936513827520E-017
           7          15   2.2692571687090654E-029
           7          16   1.0166936513825252E-017
           7          17  -4.5979339330146733E-029
           7          18   3.0390784546596609E-029
           7          19   1.0166936513803269E-017
           7          20   6.3652220449454244E-017
           7          21   7.6396490531284712E-029
           7          22   6.3652220448926619E-017
           7          23  -1.7046827035667475E-028
           7          24   9.6904061128856810E-029
           7          25   6.3652220449232968E-017
           8           1  -5.2883705684771041E-016
           8           2   6.6483732247467471E-015
           8           3   8.4237136525134299E-015
           8           4   3.3663916330136582E-016
           8           5   4.3701744229557678E-029
           8           6   1.9954393053080631E-028
           8           7   6.9909362446817414E-029
           8           8   1.1794782211913785E-028
           8           9   3.6908384481297522E-029
           8          10  -2.2641547598399451E-029
           8          11  -3.3989071104530343E-028
           8          12  -1.4095200520804030E-028
           8          13   1.3002618977349167E-028
           8          14  -3.2375973418522416E-017
           8          15   1.1072609265711041E-029
           8          16  -3.2375973418503113E-017
           8          17  -1.7921030797966344E-029
           8          18   9.6961239354415600E-030
           8          19  -3.2375973418520567E-017
           8          20  -1.9628542145925491E-016
           8          21   2.6535435846307999E-029
           8          22  -1.9628542145963233E-016
           8          23  -1.1460181387897649E-028
           8          24   5.7882804473263864E-029
           8          25  -1.9628542145943117E-016
           9           1  -5.3086195951095964E-016
           9           2  -8.7156300771098298E-016
           9           3  -1.0799070184495014E-015
           9           4  -4.3137388386912518E-017
           9           5  -4.2284360216803827E-029
           9           6   3.7533582730236906E-028
           9           7   2.9292192089385169E-028
           9           8   3.6908384481297522E-029
           9           9   1.4905194311334257E-028
           9          10   1.2569732520932178E-028
           9          11  -2.6335354172714940E-028
           9          12  -1.1292047539667321E-028
           9          13   1.0789322765542617E-028
           9          14   4.6831786282319336E-018
           9          15   1.0098311644517767E-029
           9          16   4.6831786282428235E-018
           9          17  -2.7754676911212022E-029
           9          18   2.4408498371430301E-029
           9          19   4.6831786282328241E-018
           9          20   2.2947208600957248E-017
           9          21   3.6200907154390564E-029
           9          22   2.2947208600687285E-017
           9          23  -8.5242279031656363E-029
           9          24   3.7728959380124680E-029
           9          25   2.2947208600851861E-017
          10           1   5.1471185949540892E-015
          10           2  -4.6253077369326877E-015
          10           3  -6.0549260202656015E-015
          10           4  -2.4242271048067544E-016
          10           5  -4.6011362683030090E-029
          10           6   3.1251690110670316E-028
          10           7   2.6922924436540113E-028
          10           8  -2.2641547598399451E-029
          10           9   1.2569732520932178E-028
          10          10   1.6730556124998668E-028
          10          11  -7.8825491484170924E-029
          10          12  -4.2201800318435664E-029
          10          13   2.0052127231501960E-029
          10          14   1.8924364019519035E-017
          10          15   8.4151421069026744E-030
          10          16   1.8924364019479253E-017
          10          17  -5.4175913942884126E-030
          10          18  -8.6246556647249979E-030
          10          19   1.8924364019477321E-017
          10          20   1.5838910238249491E-016
          10          21   3.0504014650151580E-029
          10          22   1.5838910238242463E-016
          10          23  -3.0498612442039463E-029
          10          24   4.3787988523779008E-029
          10          25   1.5838910238245589E-016
          11           1   7.1478655557846893E-015
          11           2  -1.6012801873225344E-014
          11           3  -2.0527749802726262E-014
          11           4  -8.2082663341956025E-016
          11           5  -6.0660079033908428E-029
          11           6  -9.3360356764119665E-028
          11           7  -5.1243839294541373E-028
          11           8  -3.3989071104530343E-028
          11           9  -2.6335354172714940E-028
          11          10  -7.8825491484170924E-029
          11          11   1.1736589848436602E-027
          11          12   4.8693669594613267E-028
          11          13  -4.6326698452609753E-028
          11          14   7.3581685942239424E-017
          11          15  -3.9828508740642962E-029
          11          16   7.3581685942166676E-017
          11          17   7.7979625269653633E-029
          11          18  -5.6100025141250821E-029
          11          19   7.3581685942226679E-017
          11          20   4.9968479983475828E-016
          11          21  -1.0746637618326943E-028
          11          22   4.9968479983603545E-016
          11          23   3.9066174298584001E-028
          11          24  -1.8643101888487159E-028
          11          25   4.9968479983532528E-016
          12           1   1.2259714577950513E-015
          12           2  -6.4518969267730457E-015
          12           3  -8.2037585147435666E-015
          12           4  -3.2789389637690014E-016
          12           5  -2.6004341820346520E-029
          12           6  -4.0148108666312644E-028
          12           7  -2.2214992820689669E-028
          12           8  -1.4095200520804030E-028
          12           9  -1.1292047539667321E-028
          12          10  -4.2201800318435664E-029
          12          11   4.8693669594613267E-028
          12          12   2.0369484563617737E-028
          12          13  -1.8899188141406150E-028
          12          14   3.0889963788578190E-017
          12          15  -1.7147312902413295E-029
          12          16   3.0889963788555406E-017
          12          17   3.1136848628126142E-029
          12          18  -1.9609083856257672E-029
          12          19   3.0889963788579602E-017
          12          20   1.9376586285626001E-016
          12          21  -4.6587294707247935E-029
          12          22   1.9376586285678995E-016
          12          23   1.6312117934785713E-028
          12          24  -8.2952328079339440E-029
          12          25   1.9376586285649921E-016
          13           1  -6.1337631666739494E-015
          13           2   6.2376070388476649E-015
          13           3   8.1326451608134176E-015
          13           4   3.2548005657784384E-016
          13           5   1.2658801039426148E-029
          13           6   3.5176196085997843E-028
          13           7   2.0099206040197029E-028
          13           8   1.3002618977349167E-028
          13           9   1.0789322765542617E-028
          13          10   2.0052127231501960E-029
          13          11  -4.6326698452609753E-028
          13          12  -1.8899188141406150E-028
          13          13   1.9182723667147085E-028
          13          14  -2.6148639853055913E-017
          13          15   1.3784358906342555E-029
          13          16  -2.6148639853007358E-017
          13          17  -3.6811007545586088E-029
          13          18   3.5587271521181173E-029
          13          19  -2.6148639853030984E-017
          13          20  -2.0997523913209356E-016
          13          21   3.8510384837338391E-029
          13          22  -2.0997523913259476E-016
          13          23  -1.5058732030731079E-028
          13          24   5.5656831744213333E-029
          13          25  -2.0997523913230236E-016
          14           1  -8.8687760261226369E-004
          14           2  -2.0985805172662542E-003
          14           3  -2.6160956654679443E-003
          14           4  -1.0446013274127290E-004
          14           5  -1.8377658723046138E-017
          14           6  -2.1107324018289745E-017
          14           7   1.0166936513827520E-017
          14           8  -3.2375973418522416E-017
          14           9   4.6831786282319336E-018
          14          10   1.8924364019519035E-017
          14          11   7.3581685942239424E-017
          14          12   3.0889963788578190E-017
          14          13  -2.6148639853055913E-017
          14          14   1.1009495582656085E-005
          14          15  -2.2853073967719583E-018
          14          16   1.1009495582653695E-005
          14          17   2.2648972921039597E-018
          14          18   4.9688834492655753E-019
          14          19   1.1009495582657163E-005
          14          20   5.7131445336112550E-005
          14          21  -4.4870386032742691E-018
          14          22   5.7131445336196785E-005
          14          23   2.5422015464658270E-017
          14          24  -1.4499353347984570E-017
          14          25   5.7131445336155369E-005
          15           1   1.9833044857050720E-016
          15           2   4.3327016808421437E-016
          15           3   5.3949285057691202E-016
          15           4   2.1537735811748289E-017
          15           5   3.5606022176357681E-030
          15           6   4.0731132928725169E-029
          15           7   2.2692571687090654E-029
          15           8   1.1072609265711041E-029
          15           9   1.0098311644517767E-029
          15          10   8.4151421069026744E-030
          15          11  -3.9828508740642962E-029
          15          12  -1.7147312902413295E-029
          15          13   1.3784358906342555E-029
          15          14  -2.2853073967719583E-018
          15          15   1.9678797550906800E-030
          15          16  -2.2853073967745059E-018
          15          17  -1.1036031523538139E-030
          15          18  -1.5253411838690665E-030
          15          19  -2.2853073967769133E-018
          15          20  -1.1728606673771123E-017
          15          21   4.9633256095619388E-030
          15          22  -1.1728606673814840E-017
          15          23  -1.4187779596359388E-029
          15          24   1.1130570356873785E-029
          15          25  -1.1728606673793643E-017
          16           1  -8.8687760261953912E-004
          16           2  -2.0985805172646617E-003
          16           3  -2.6160956654656350E-003
          16           4  -1.0446013274117999E-004
          16           5  -1.8377658723059770E-017
          16           6  -2.1107324018300703E-017
          16           7   1.0166936513825252E-017
          16           8  -3.2375973418503113E-017
          16           9   4.6831786282428235E-018
          16          10   1.8924364019479253E-017
          16          11   7.3581685942166676E-017
          16          12   3.0889963788555406E-017
          16          13  -2.6148639853007358E-017
          16          14   1.1009495582653695E-005
          16          15  -2.2853073967745059E-018
          16          16   1.1009495582651306E-005
          16          17   2.2648972920858895E-018
          16          18   4.9688834496060180E-019
          16          19   1.1009495582654774E-005
          16          20   5.7131445336032806E-005
          16          21  -4.4870386032788890E-018
          16          22   5.7131445336117042E-005
          16          23   2.5422015464642364E-017
          16          24  -1.4499353348015558E-017
          16          25   5.7131445336075639E-005
          17           1   1.5809476012292891E-015
          17           2  -6.9988548955570471E-016
          17           3  -9.4884135539229185E-016
          17           4  -3.8046701860019167E-017
          17           5   8.5670362597638505E-030
          17           6  -6.1672207090550878E-029
          17           7  -4.5979339330146733E-029
          17           8  -1.7921030797966344E-029
          17           9  -2.7754676911212022E-029
          17          10  -5.4175913942884126E-030
          17          11   7.7979625269653633E-029
          17          12   3.1136848628126142E-029
          17          13  -3.6811007545586088E-029
          17          14   2.2648972921039597E-018
          17          15  -1.1036031523538139E-030
          17          16   2.2648972920858895E-018
          17          17   1.1017864327587404E-029
          17          18  -1.5074578632865590E-029
          17          19   2.2648972920883539E-018
          17          20   2.7648708726509052E-017
          17          21  -5.2738054634568461E-030
          17          22   2.7648708726590369E-017
          17          23   2.2994777401491957E-029
          17          24   1.6452833183992887E-030
          17          25   2.7648708726534261E-017
          18           1  -3.6955799566601436E-015
          18           2   4.6173418981670003E-016
          18           3   7.3391567542012818E-016
          18           4   2.9643663111990919E-017
          18           5  -1.8415810145885375E-029
          18           6   2.4691293044220802E-029
          18           7   3.0390784546596609E-029
          18           8   9.6961239354415600E-030
          18           9   2.4408498371430301E-029
          18          10  -8.6246556647249979E-030
          18          11  -5.6100025141250821E-029
          18          12  -1.9609083856257672E-029
          18          13   3.5587271521181173E-029
          18          14   4.9688834492655753E-019
          18          15  -1.5253411838690665E-030
          18          16   4.9688834496060180E-019
          18          17  -1.5074578632865590E-029
          18          18   2.6099939651360345E-029
          18          19   4.9688834495995161E-019
          18          20  -3.0380336264091319E-017
          18          21  -4.8131979046509953E-031
          18          22  -3.0380336264146545E-017
          18          23  -1.2465942288775190E-029
          18          24  -2.1387495310450634E-029
          18          25  -3.0380336264093242E-017
          19           1  -8.8687760261814950E-004
          19           2  -2.0985805172655759E-003
          19           3  -2.6160956654668480E-003
          19           4  -1.0446013274122856E-004
          19           5  -1.8377658723065594E-017
          19           6  -2.1107324018346044E-017
          19           7   1.0166936513803269E-017
          19           8  -3.2375973418520567E-017
          19           9   4.6831786282328241E-018
          19          10   1.8924364019477321E-017
          19          11   7.3581685942226679E-017
          19          12   3.0889963788579602E-017
          19          13  -2.6148639853030984E-017
          19          14   1.1009495582657163E-005
          19          15  -2.2853073967769133E-018
          19          16   1.1009495582654774E-005
          19          17   2.2648972920883539E-018
          19          18   4.9688834495995161E-019
          19          19   1.1009495582658240E-005
          19          20   5.7131445336065841E-005
          19          21  -4.4870386032843255E-018
          19          22   5.7131445336150090E-005
          19          23   2.5422015464662883E-017
          19          24  -1.4499353348027492E-017
          19          25   5.7131445336108667E-005
          20           1   1.3384191591704023E-002
          20           2  -1.3629730790917328E-002
          20           3  -1.7769848291683377E-002
          20           4  -7.1122732642365193E-004
          20           5  -9.2095897555613838E-017
          20           6  -1.0463455695756012E-016
          20           7   6.3652220449454244E-017
          20           8  -1.9628542145925491E-016
          20           9   2.2947208600957248E-017
          20          10   1.5838910238249491E-016
          20          11   4.9968479983475828E-016
          20          12   1.9376586285626001E-016
          20          13  -2.0997523913209356E-016
          20          14   5.7131445336112550E-005
          20          15  -1.1728606673771123E-017
          20          16   5.7131445336032806E-005
          20          17   2.7648708726509052E-017
          20          18  -3.0380336264091319E-017
          20          19   5.7131445336065841E-005
          20          20   4.5866610187179772E-004
          20          21  -1.8945594490788859E-017
          20          22   4.5866610187236215E-004
          20          23   1.6332076603724014E-016
          20          24  -5.1939764775633098E-017
          20          25   4.5866610187204405E-004
          21           1   8.4178098144269295E-016
          21           2   7.8153985862116501E-016
          21           3   9.5344719093842662E-016
          21           4   3.8017208935060448E-017
          21           5   2.7379800563568611E-030
          21           6   1.2142069007982060E-028
          21           7   7.6396490531284712E-029
          21           8   2.6535435846307999E-029
          21           9   3.6200907154390564E-029
          21          10   3.0504014650151580E-029
          21          11  -1.0746637618326943E-028
          21          12  -4.6587294707247935E-029
          21          13   3.8510384837338391E-029
          21          14  -4.4870386032742691E-018
          21          15   4.9633256095619388E-030
          21          16  -4.4870386032788890E-018
          21          17  -5.2738054634568461E-030
          21          18  -4.8131979046509953E-031
          21          19  -4.4870386032843255E-018
          21          20  -1.8945594490788859E-017
          21          21   1.3866866070092807E-029
          21          22  -1.8945594490904784E-017
          21          23  -3.7391645494536901E-029
          21          24   2.6352019639878752E-029
          21          25  -1.8945594490845311E-017
          22           1   1.3384191591711357E-002
          22           2  -1.3629730790935532E-002
          22           3  -1.7769848291706684E-002
          22           4  -7.1122732642458380E-004
          22           5  -9.2095897555692527E-017
          22           6  -1.0463455695855235E-016
          22           7   6.3652220448926619E-017
          22           8  -1.9628542145963233E-016
          22           9   2.2947208600687285E-017
          22          10   1.5838910238242463E-016
          22          11   4.9968479983603545E-016
          22          12   1.9376586285678995E-016
          22          13  -2.0997523913259476E-016
          22          14   5.7131445336196785E-005
          22          15  -1.1728606673814840E-017
          22          16   5.7131445336117042E-005
          22          17   2.7648708726590369E-017
          22          18  -3.0380336264146545E-017
          22          19   5.7131445336150090E-005
          22          20   4.5866610187236215E-004
          22          21  -1.8945594490904784E-017
          22          22   4.5866610187292659E-004
          22          23   1.6332076603766669E-016
          22          24  -5.1939764775841690E-017
          22          25   4.5866610187260848E-004
          23           1   1.4361702147712502E-015
          23           2  -5.3750069357316167E-015
          23           3  -6.8513444475129083E-015
          23           4  -2.7387688576496931E-016
          23           5  -2.5469879957646852E-029
          23           6  -3.1752581509791749E-028
          23           7  -1.7046827035667475E-028
          23           8  -1.1460181387897649E-028
          23           9  -8.5242279031656363E-029
          23          10  -3.0498612442039463E-029
          23          11   3.9066174298584001E-028
          23          12   1.6312117934785713E-028
          23          13  -1.5058732030731079E-028
          23          14   2.5422015464658270E-017
          23          15  -1.4187779596359388E-029
          23          16   2.5422015464642364E-017
          23          17   2.2994777401491957E-029
          23          18  -1.2465942288775190E-029
          23          19   2.5422015464662883E-017
          23          20   1.6332076603724014E-016
          23          21  -3.7391645494536901E-029
          23          22   1.6332076603766669E-016
          23          23   1.3168698259527903E-028
          23          24  -7.0185345848541441E-029
          23          25   1.6332076603743546E-016
          24           1   3.7511149811873376E-015
          24           2   2.3696368093427733E-015
          24           3   2.8420919510886944E-015
          24           4   1.1323032507414470E-016
          24           5   3.1279946470920304E-029
          24           6   1.9743537521023127E-028
          24           7   9.6904061128856810E-029
          24           8   5.7882804473263864E-029
          24           9   3.7728959380124680E-029
          24          10   4.3787988523779008E-029
          24          11  -1.8643101888487159E-028
          24          12  -8.2952328079339440E-029
          24          13   5.5656831744213333E-029
          24          14  -1.4499353347984570E-017
          24          15   1.1130570356873785E-029
          24          16  -1.4499353348015558E-017
          24          17   1.6452833183992887E-030
          24          18  -2.1387495310450634E-029
          24          19  -1.4499353348027492E-017
          24          20  -5.1939764775633098E-017
          24          21   2.6352019639878752E-029
          24          22  -5.1939764775841690E-017
          24          23  -7.0185345848541441E-029
          24          24   7.0327094042750016E-029
          24          25  -5.1939764775754620E-017
          25           1   1.3384191591703246E-002
          25           2  -1.3629730790925897E-002
          25           3  -1.7769848291694174E-002
          25           4  -7.1122732642408333E-004
          25           5  -9.2095897555671388E-017
          25           6  -1.0463455695801287E-016
          25           7   6.3652220449232968E-017
          25           8  -1.9628542145943117E-016
          25           9   2.2947208600851861E-017
          25          10   1.5838910238245589E-016
          25          11   4.9968479983532528E-016
          25          12   1.9376586285649921E-016
          25          13  -2.0997523913230236E-016
          25          14   5.7131445336155369E-005
          25          15  -1.1728606673793643E-017
          25          16   5.7131445336075639E-005
          25          17   2.7648708726534261E-017
          25          18  -3.0380336264093242E-017
          25          19   5.7131445336108667E-005
          25          20   4.5866610187204405E-004
          25          21  -1.8945594490845311E-017
          25          22   4.5866610187260848E-004
          25          23   1.6332076603743546E-016
          25          24  -5.1939764775754620E-017
          25          25   4.5866610187229038E-004
