           1           1   5.0393983469824128     
           1           2   38.250239415065906     
           1           3   74.311360712395967     
           1           4   36.114019386711512     
           1           5 -0.64842296904187080     
           1           6  -1.4000337215986647     
           1           7   4.7073825621866677E-013
           1           8   4.1725929387468800E-012
           1           9   5.4305398554987872E-012
           1          10   6.7958764155278563E-013
           1          11  -6.9741644959514234E-014
           1          12  -2.6847610661487185E-012
           1          13  -8.8460125697792864E-013
           1          14   2.2393151274879386E-012
           1          15  -5.2083107875782115E-012
           1          16   8.8337382901438000E-013
           1          17  -2.2527112847527413E-012
           1          18   5.9459722555660733E-012
           1          19  -2.6709525229867325E-013
           1          20   4.8100691694900104E-013
           1          21  -1.0235074348309019E-012
           1          22  -36.250213833304784     
           1          23  -2.1939907760162291E-014
           1          24  -36.250213833304798     
           1          25   5.4448924756734686E-014
           1          26  -3.5810023766794531E-014
           1          27  -36.250213833304805     
           1          28  -10.384161618722835     
           1          29  -3.2031152171047458E-014
           1          30  -10.384161618722917     
           1          31   1.7786711892834525E-014
           1          32  -1.7027307929912946E-014
           1          33  -10.384161618722905     
           1          34  -1.1396725845974891     
           1          35   5.6049957368149886E-014
           1          36  -1.1396725845974955     
           1          37  -5.1088382146458793E-014
           1          38   2.8322177094795521E-014
           1          39  -1.1396725845975342     
           2           1   38.250239415065906     
           2           2   506.33107023452453     
           2           3   933.41656909625738     
           2           4   334.62604549378818     
           2           5   310.75580773827954     
           2           6   5.6583930635984308     
           2           7   4.6439740082964644E-012
           2           8   5.4617202280361206E-011
           2           9   7.8480801811442429E-011
           2          10  -1.6170013530782401E-011
           2          11  -6.3753828356577531E-012
           2          12  -2.4055433349845777E-011
           2          13  -9.4775759157083882E-012
           2          14  -1.9994007945565797E-011
           2          15  -7.4783226101740566E-011
           2          16   1.2839728175689646E-011
           2          17   2.1137388088456590E-011
           2          18   8.4467241743135311E-011
           2          19  -2.4916255467383334E-012
           2          20  -2.9107867412519548E-012
           2          21  -1.5867962528086106E-011
           2          22  -503.12085044464402     
           2          23  -2.9092429855711607E-014
           2          24  -503.12085044464391     
           2          25   3.4348245025739307E-014
           2          26  -7.1851194138850921E-014
           2          27  -503.12085044464425     
           2          28  -173.09889172772534     
           2          29  -4.7792566966748960E-013
           2          30  -173.09889172772645     
           2          31   3.1934513226304065E-013
           2          32  -2.0747815362778430E-014
           2          33  -173.09889172772640     
           2          34  -67.916509259578135     
           2          35   3.9345025882331214E-013
           2          36  -67.916509259577111     
           2          37  -2.6902457912304517E-013
           2          38   4.3090033769324395E-014
           2          39  -67.916509259577808     
           3           1   74.311360712395967     
           3           2   933.41656909625738     
           3           3   1806.5017496665548     
           3           4   857.37421299349387     
           3           5   20.130359239592234     
           3           6  -30.606236488759524     
           3           7   1.2286280689610475E-012
           3           8   1.5805185125703067E-012
           3           9   7.6705561967784956E-012
           3          10   5.5362357269191214E-012
           3          11   1.6608504348417921E-012
           3          12  -4.6284530392886733E-012
           3          13  -9.6618317297547057E-012
           3          14   1.9559212674577592E-011
           3          15  -2.2177750331066857E-011
           3          16   1.0622706208142696E-011
           3          17  -2.1908353656085235E-011
           3          18   2.6086515863422780E-011
           3          19  -3.3294687707832603E-012
           3          20   5.1405624988060774E-012
           3          21  -5.7004718051245387E-012
           3          22  -884.62457971974914     
           3          23   3.1513067646010452E-013
           3          24  -884.62457971974948     
           3          25  -5.2627837536261755E-013
           3          26   2.2845268849551524E-013
           3          27  -884.62457971975050     
           3          28  -254.91111084759859     
           3          29  -8.5747694140452124E-013
           3          30  -254.91111084760090     
           3          31   8.3615477533067985E-013
           3          32  -1.5065561146874617E-014
           3          33  -254.91111084759973     
           3          34  -33.904244529815443     
           3          35   9.3818820067847050E-013
           3          36  -33.904244529813766     
           3          37  -7.4604967440822987E-013
           3          38   4.1584679248038248E-015
           3          39  -33.904244529814434     
           4           1   36.114019386711512     
           4           2   334.62604549378818     
           4           3   857.37421299349387     
           4           4   963.57488245051184     
           4           5  -1502.3418522549111     
           4           6  -123.82971895362708     
           4           7  -1.1341328739860623E-013
           4           8   2.9565540856929960E-012
           4           9   1.7532779004865084E-012
           4          10   4.1023316002980632E-013
           4          11   1.5476360928423638E-012
           4          12   6.6175715468493685E-012
           4          13   1.0313952073577726E-011
           4          14  -5.1639875907416884E-012
           4          15   3.5785545258097574E-011
           4          16  -1.2353090782427396E-011
           4          17   8.8818728779011054E-012
           4          18  -4.1039613355670258E-011
           4          19   2.9106614339445423E-012
           4          20  -3.8408527198024576E-012
           4          21   9.5569009476389486E-012
           4          22  -191.20643410384724     
           4          23   1.9250579489550722E-013
           4          24  -191.20643410384767     
           4          25  -3.0898999383046439E-013
           4          26   1.0140648492784772E-013
           4          27  -191.20643410384812     
           4          28   83.647097882936492     
           4          29  -6.6039471685881963E-013
           4          30   83.647097882936478     
           4          31   6.6859927906408868E-013
           4          32   3.8703233112960811E-014
           4          33   83.647097882937203     
           4          34   237.80694284559635     
           4          35   6.9104432056963813E-013
           4          36   237.80694284559652     
           4          37  -5.3111744588398805E-013
           4          38  -6.3346823164234833E-014
           4          39   237.80694284559607     
           5           1 -0.64842296904187080     
           5           2   310.75580773827954     
           5           3   20.130359239592234     
           5           4  -1502.3418522549111     
           5           5   4119.1141679374041     
           5           6   296.93067489172057     
           5           7   1.2391998635308219E-011
           5           8   8.8173254511581245E-011
           5           9   1.5436168593711192E-010
           5          10   4.9545522393892436E-012
           5          11  -2.6430151287750036E-011
           5          12  -6.2502939803179619E-011
           5          13  -3.7391617415649568E-011
           5          14  -6.1661287505672617E-011
           5          15  -2.0516638424767719E-010
           5          16   4.8800385740193787E-011
           5          17   5.6828304848186078E-011
           5          18   2.3509898769595974E-010
           5          19  -9.5985596336214136E-012
           5          20  -3.2779402027222043E-012
           5          21  -4.8939841135939010E-011
           5          22  -634.03597437450492     
           5          23  -1.0060182477476777E-012
           5          24  -634.03597437450264     
           5          25   6.3162631457007451E-013
           5          26   1.8856046944627287E-013
           5          27  -634.03597437450151     
           5          28  -561.85475684743528     
           5          29   6.2296324497433197E-013
           5          30  -561.85475684743790     
           5          31  -8.2229226937225471E-013
           5          32  -2.7016754910407439E-013
           5          33  -561.85475684743972     
           5          34  -691.99046941551433     
           5          35  -7.9294534222993335E-013
           5          36  -691.99046941551239     
           5          37   6.1534973769583728E-013
           5          38   3.0769884980105381E-013
           5          39  -691.99046941551273     
           6           1  -1.4000337215986647     
           6           2   5.6583930635984308     
           6           3  -30.606236488759524     
           6           4  -123.82971895362708     
           6           5   296.93067489172057     
           6           6   21.993862274207945     
           6           7  -7.3523865213768586E-013
           6           8  -4.4144940609702862E-012
           6           9  -9.1048722239097600E-012
           6          10  -1.3577419313562835E-013
           6          11   2.1608607770693270E-012
           6          12   1.3587395058540134E-012
           6          13  -1.0377527181834379E-012
           6          14   9.8093001117050640E-012
           6          15   9.7318916603891467E-013
           6          16   1.4951072630486541E-012
           6          17  -1.1466866091577329E-011
           6          18  -7.3985499199551839E-013
           6          19  -4.5634531038265279E-013
           6          20   2.5396107759489639E-012
           6          21  -4.0954925956667385E-013
           6          22  -30.009332536889389     
           6          23  -2.3184204757262851E-014
           6          24  -30.009332536889410     
           6          25   1.1640173182999773E-013
           6          26   6.5362346590797085E-014
           6          27  -30.009332536889293     
           6          28  -35.964946442633845     
           6          29   5.8155186310092775E-014
           6          30  -35.964946442633988     
           6          31  -8.8838764453073235E-014
           6          32  -2.7592279263133017E-014
           6          33  -35.964946442634087     
           6          34  -49.344701606979740     
           6          35  -6.6467374559126976E-014
           6          36  -49.344701606979648     
           6          37   6.0605289242087038E-014
           6          38   2.3583386112961557E-014
           6          39  -49.344701606979633     
           7           1   4.7073825621866677E-013
           7           2   4.6439740082964644E-012
           7           3   1.2286280689610475E-012
           7           4  -1.1341328739860623E-013
           7           5   1.2391998635308219E-011
           7           6  -7.3523865213768586E-013
           7           7   1.9964326049914098     
           7           8  -3.2559737783537102E-013
           7           9  -2.0872694306457778E-013
           7          10   5.6208174113364564E-003
           7          11   1.2966641649292314E-012
           7          12  -4.1295872971192173E-013
           7          13  0.14138846805399383     
           7          14  -5.4558402066973082E-012
           7          15  -6.9607774405566607E-013
           7          16  -6.5030429001830703E-002
           7          17   4.7391474425339972E-012
           7          18   2.0674373671369891E-012
           7          19   2.4026467517485408E-002
           7          20  -4.0380405182810113E-013
           7          21  -1.7203310173977099E-012
           7          22  -2.7609409056496386E-012
           7          23   1.4839571619081333E-012
           7          24  -1.7470280675540911E-012
           7          25   6.7039621218578091E-013
           7          26  -6.1294532122000640E-013
           7          27  -5.5883253787250411E-012
           7          28  -1.7867747141568215E-012
           7          29   9.7311697859010267E-013
           7          30  -3.1570656258549601E-012
           7          31  -1.2630176172427104E-012
           7          32   3.5580793215036220E-014
           7          33  -1.8502906059997245E-012
           7          34  -2.6356707787369115E-012
           7          35   6.6359147046422160E-013
           7          36  -8.7384429914444140E-013
           7          37   8.3620457446620378E-013
           7          38   1.8877827925436699E-013
           7          39  -2.9605825374842247E-012
           8           1   4.1725929387468800E-012
           8           2   5.4617202280361206E-011
           8           3   1.5805185125703067E-012
           8           4   2.9565540856929960E-012
           8           5   8.8173254511581245E-011
           8           6  -4.4144940609702862E-012
           8           7  -3.2559737783537102E-013
           8           8   1.9964326049937915     
           8           9   1.4437433453612285E-012
           8          10   3.8301735914847173E-012
           8          11   5.6208174261892039E-003
           8          12   6.9942662772602576E-013
           8          13  -1.9449641550095308E-012
           8          14  0.14138846803943947     
           8          15  -3.7753376813664843E-012
           8          16   1.2865030221686803E-012
           8          17  -6.5030428993559680E-002
           8          18   1.3590108205452348E-011
           8          19   1.0978647570041026E-011
           8          20   2.4026467517407613E-002
           8          21  -1.2496620925561697E-011
           8          22  -2.0866424933219996E-011
           8          23   1.0354756838167207E-011
           8          24  -1.3564009647941336E-011
           8          25   4.5032284511081053E-012
           8          26  -4.1364246180007132E-012
           8          27  -4.1602446394441328E-011
           8          28  -1.4325400794544070E-011
           8          29   7.2088212731044356E-012
           8          30  -2.4205676879421486E-011
           8          31  -9.3420414914116512E-012
           8          32  -5.8440674460897766E-013
           8          33  -1.4962508895582717E-011
           8          34  -1.8379167488553562E-011
           8          35   4.7491728024732689E-012
           8          36  -5.7838146235248244E-012
           8          37   6.1933883088376182E-012
           8          38   2.1786504692725304E-012
           8          39  -2.0682806640483998E-011
           9           1   5.4305398554987872E-012
           9           2   7.8480801811442429E-011
           9           3   7.6705561967784956E-012
           9           4   1.7532779004865084E-012
           9           5   1.5436168593711192E-010
           9           6  -9.1048722239097600E-012
           9           7  -2.0872694306457778E-013
           9           8   1.4437433453612285E-012
           9           9   1.9964326049909260     
           9          10   5.4745166733205807E-012
           9          11   2.2359187418219393E-011
           9          12   5.6208174139377731E-003
           9          13  -3.7827909207810695E-012
           9          14  -2.3821913192056934E-011
           9          15  0.14138846805074851     
           9          16   2.6727656546321784E-012
           9          17   1.2451241426791852E-011
           9          18  -6.5030428981295629E-002
           9          19   1.9232139643853001E-011
           9          20   3.4010381316784745E-012
           9          21   2.4026467494855763E-002
           9          22  -3.5752841798046482E-011
           9          23   1.8221853252666286E-011
           9          24  -2.2597655727782327E-011
           9          25   7.7965232176461287E-012
           9          26  -7.6897007436910820E-012
           9          27  -7.0862938761143493E-011
           9          28  -2.3357548824996213E-011
           9          29   1.2705256449330238E-011
           9          30  -4.0744182340941518E-011
           9          31  -1.6595071743024411E-011
           9          32  -2.4386873926014525E-013
           9          33  -2.4744297077358851E-011
           9          34  -3.2265406721546695E-011
           9          35   8.3293597881803458E-012
           9          36  -1.0111710534134296E-011
           9          37   1.1089556873448830E-011
           9          38   3.4871927230613215E-012
           9          39  -3.6205938269400794E-011
          10           1   6.7958764155278563E-013
          10           2  -1.6170013530782401E-011
          10           3   5.5362357269191214E-012
          10           4   4.1023316002980632E-013
          10           5   4.9545522393892436E-012
          10           6  -1.3577419313562835E-013
          10           7   5.6208174113364564E-003
          10           8   3.8301735914847173E-012
          10           9   5.4745166733205807E-012
          10          10   2.2245761976033225     
          10          11  -1.1228309948486763E-012
          10          12  -1.3898326933769075E-012
          10          13   1.7460866032532536     
          10          14  -5.5255106046189261E-013
          10          15  -4.0811520829465850E-012
          10          16  -1.8584279548282927     
          10          17   9.4479285506191084E-013
          10          18   4.2431752556027728E-012
          10          19  0.39403757065412032     
          10          20  -2.5159041516780185E-013
          10          21  -4.3186461351482609E-013
          10          22   6.8521143743490940E-013
          10          23  -4.9799120058499831E-013
          10          24   4.8742632280775385E-013
          10          25  -4.7776560529228657E-014
          10          26  -1.3275350182793402E-013
          10          27   2.1454572593705613E-012
          10          28  -2.0067697011365334E-012
          10          29  -2.2627217308123653E-013
          10          30  -1.5298658836574376E-012
          10          31   3.7173657911945763E-013
          10          32   1.3483206613600332E-013
          10          33  -1.9702447534632940E-012
          10          34  -1.1551510237053910E-012
          10          35  -1.9705706007551153E-013
          10          36  -1.7695471432035705E-012
          10          37  -3.1544802349590575E-013
          10          38  -2.2694764648084030E-013
          10          39  -1.0648281846096013E-012
          11           1  -6.9741644959514234E-014
          11           2  -6.3753828356577531E-012
          11           3   1.6608504348417921E-012
          11           4   1.5476360928423638E-012
          11           5  -2.6430151287750036E-011
          11           6   2.1608607770693270E-012
          11           7   1.2966641649292314E-012
          11           8   5.6208174261892039E-003
          11           9   2.2359187418219393E-011
          11          10  -1.1228309948486763E-012
          11          11   2.2245761975944154     
          11          12  -7.1322947547969880E-012
          11          13  -5.9607180302721874E-013
          11          14   1.7460866032440514     
          11          15  -2.1763368884819485E-011
          11          16   1.0054040933126200E-012
          11          17  -1.8584279548149469     
          11          18   2.1201262967451843E-011
          11          19  -3.4496780432213865E-012
          11          20  0.39403757065072681     
          11          21  -9.3715313287398808E-013
          11          22   4.9017088156564576E-012
          11          23  -3.7474101059408250E-012
          11          24   1.7833786176363397E-012
          11          25  -2.3040555622225335E-012
          11          26   1.8778893751424793E-012
          11          27   8.8013935547448239E-012
          11          28   3.8334168847336752E-012
          11          29  -1.6800007479984866E-012
          11          30   5.8627934900330858E-012
          11          31   3.0382529282007301E-012
          11          32  -9.5750424487012870E-013
          11          33   4.3884096058712893E-012
          11          34   4.9798420252618853E-012
          11          35  -1.6241498933256784E-012
          11          36   1.7796903919973990E-012
          11          37  -2.1523971642910669E-012
          11          38   2.5671850006604397E-013
          11          39   5.1302381181317678E-012
          12           1  -2.6847610661487185E-012
          12           2  -2.4055433349845777E-011
          12           3  -4.6284530392886733E-012
          12           4   6.6175715468493685E-012
          12           5  -6.2502939803179619E-011
          12           6   1.3587395058540134E-012
          12           7  -4.1295872971192173E-013
          12           8   6.9942662772602576E-013
          12           9   5.6208174139377731E-003
          12          10  -1.3898326933769075E-012
          12          11  -7.1322947547969880E-012
          12          12   2.2245761976019551     
          12          13   1.2621570455450202E-012
          12          14   7.0672356855539692E-012
          12          15   1.7460866032525182     
          12          16  -8.7878315735413852E-013
          12          17  -3.3971714330506215E-012
          12          18  -1.8584279548323488     
          12          19  -5.8597328378429239E-012
          12          20  -1.6007056791166997E-012
          12          21  0.39403757066055611     
          12          22   1.3638201701800410E-011
          12          23  -5.7834722369772023E-012
          12          24   1.0010389347132127E-011
          12          25  -1.5940386615991635E-012
          12          26   2.1731568872412187E-012
          12          27   2.5040769863564707E-011
          12          28   8.8060479156188643E-012
          12          29  -3.7476120311090604E-012
          12          30   1.3675716131484701E-011
          12          31   4.3654987139753517E-012
          12          32  -6.7437554621575134E-013
          12          33   8.9069062732097097E-012
          12          34   1.2492922492204021E-011
          12          35  -2.3306082403437687E-012
          12          36   5.8026878331859734E-012
          12          37  -3.1869300943945396E-012
          12          38  -6.5199402038390360E-014
          12          39   1.3465267095237250E-011
          13           1  -8.8460125697792864E-013
          13           2  -9.4775759157083882E-012
          13           3  -9.6618317297547057E-012
          13           4   1.0313952073577726E-011
          13           5  -3.7391617415649568E-011
          13           6  -1.0377527181834379E-012
          13           7  0.14138846805399383     
          13           8  -1.9449641550095308E-012
          13           9  -3.7827909207810695E-012
          13          10   1.7460866032532536     
          13          11  -5.9607180302721874E-013
          13          12   1.2621570455450202E-012
          13          13   13.101120460412311     
          13          14   5.5729032499839060E-012
          13          15   3.8104519539673473E-012
          13          16  -13.990101180153122     
          13          17  -5.1092741149003897E-012
          13          18  -5.3673870903381982E-012
          13          19   2.4637035074822866     
          13          20   4.9261116019654234E-013
          13          21   2.0626139685120086E-012
          13          22   1.0723768980961977E-011
          13          23  -9.1254606606586852E-013
          13          24   9.4425949975869563E-012
          13          25  -5.0928824783813665E-013
          13          26   8.9292314103482669E-013
          13          27   1.2650320823534672E-011
          13          28   3.6303280942546002E-012
          13          29  -1.6723760069156725E-012
          13          30   6.5859264895476949E-012
          13          31   8.2498292719784207E-013
          13          32   7.9302484949439747E-014
          13          33   2.9709131126529053E-012
          13          34   7.8726847295949292E-012
          13          35   1.0916178985531330E-013
          13          36   4.6334330566299266E-012
          13          37  -5.2363552092079932E-013
          13          38  -2.8924089237494011E-013
          13          39   8.5554438053413596E-012
          14           1   2.2393151274879386E-012
          14           2  -1.9994007945565797E-011
          14           3   1.9559212674577592E-011
          14           4  -5.1639875907416884E-012
          14           5  -6.1661287505672617E-011
          14           6   9.8093001117050640E-012
          14           7  -5.4558402066973082E-012
          14           8  0.14138846803943947     
          14           9  -2.3821913192056934E-011
          14          10  -5.5255106046189261E-013
          14          11   1.7460866032440514     
          14          12   7.0672356855539692E-012
          14          13   5.5729032499839060E-012
          14          14   13.101120460437237     
          14          15   2.1317947407339846E-011
          14          16  -5.2105819658974926E-012
          14          17  -13.990101180170777     
          14          18  -3.3269498267429728E-011
          14          19  -9.0439513517059922E-012
          14          20   2.4637035074816174     
          14          21   1.4162962469477318E-011
          14          22   5.0665076272144459E-012
          14          23  -9.4691217552187788E-012
          14          24  -2.6953988215616874E-012
          14          25  -5.8173641791082880E-012
          14          26   3.9520267683723456E-012
          14          27   1.9596167788322090E-011
          14          28   1.2970102539200731E-011
          14          29  -4.4624450252186909E-012
          14          30   1.6841224529812025E-011
          14          31   8.7423999788796099E-012
          14          32  -3.2813147885773703E-012
          14          33   1.4783114909983596E-011
          14          34   8.7122271505954371E-012
          14          35  -5.5018109038295042E-012
          14          36   1.0706002097075635E-012
          14          37  -6.0875208388592241E-012
          14          38   1.3289027888455221E-012
          14          39   9.0775478664775870E-012
          15           1  -5.2083107875782115E-012
          15           2  -7.4783226101740566E-011
          15           3  -2.2177750331066857E-011
          15           4   3.5785545258097574E-011
          15           5  -2.0516638424767719E-010
          15           6   9.7318916603891467E-013
          15           7  -6.9607774405566607E-013
          15           8  -3.7753376813664843E-012
          15           9  0.14138846805074851     
          15          10  -4.0811520829465850E-012
          15          11  -2.1763368884819485E-011
          15          12   1.7460866032525182     
          15          13   3.8104519539673473E-012
          15          14   2.1317947407339846E-011
          15          15   13.101120460418787     
          15          16  -2.7507857103260702E-012
          15          17  -1.0962342145148663E-011
          15          18  -13.990101180174758     
          15          19  -1.7180314462739135E-011
          15          20  -4.2943842926135766E-012
          15          21   2.4637035075035540     
          15          22   5.0676260025601872E-011
          15          23  -1.7048506121734670E-011
          15          24   3.7155614161180484E-011
          15          25  -8.5465590742602636E-012
          15          26   6.5500712005006737E-012
          15          27   7.9604762319393884E-011
          15          28   2.2032740364385053E-011
          15          29  -1.0613623898202521E-011
          15          30   3.9786152106524902E-011
          15          31   1.3948418203191494E-011
          15          32  -2.1298179907386661E-012
          15          33   2.3148300953610548E-011
          15          34   4.2800218562092336E-011
          15          35  -6.8124280232794501E-012
          15          36   2.0428214742322251E-011
          15          37  -1.0177384233633843E-011
          15          38   4.5639071144467298E-013
          15          39   4.5826749475120584E-011
          16           1   8.8337382901438000E-013
          16           2   1.2839728175689646E-011
          16           3   1.0622706208142696E-011
          16           4  -1.2353090782427396E-011
          16           5   4.8800385740193787E-011
          16           6   1.4951072630486541E-012
          16           7  -6.5030429001830703E-002
          16           8   1.2865030221686803E-012
          16           9   2.6727656546321784E-012
          16          10  -1.8584279548282927     
          16          11   1.0054040933126200E-012
          16          12  -8.7878315735413852E-013
          16          13  -13.990101180153122     
          16          14  -5.2105819658974926E-012
          16          15  -2.7507857103260702E-012
          16          16   14.943129877621320     
          16          17   4.5851655805504795E-012
          16          18   4.3222508905317012E-012
          16          19  -2.6307680839503762     
          16          20  -3.5300928846731292E-013
          16          21  -2.0114812593341210E-012
          16          22  -1.3447449637780422E-011
          16          23   1.0220709374308230E-012
          16          24  -1.1982884948762974E-011
          16          25   5.8732802748459242E-013
          16          26  -9.5903394793470254E-013
          16          27  -1.5505989857218317E-011
          16          28  -5.6419677029932802E-012
          16          29   1.8320993325208051E-012
          16          30  -8.8701582157254579E-012
          16          31  -9.3815537673615181E-013
          16          32  -8.7805379184506638E-014
          16          33  -4.9665152233117347E-012
          16          34  -9.9028157528382808E-012
          16          35  -9.0385696771404738E-014
          16          36  -6.3613390707195224E-012
          16          37   5.9615626500196934E-013
          16          38   3.1887432051808362E-013
          16          39  -1.0633674800213555E-011
          17           1  -2.2527112847527413E-012
          17           2   2.1137388088456590E-011
          17           3  -2.1908353656085235E-011
          17           4   8.8818728779011054E-012
          17           5   5.6828304848186078E-011
          17           6  -1.1466866091577329E-011
          17           7   4.7391474425339972E-012
          17           8  -6.5030428993559680E-002
          17           9   1.2451241426791852E-011
          17          10   9.4479285506191084E-013
          17          11  -1.8584279548149469     
          17          12  -3.3971714330506215E-012
          17          13  -5.1092741149003897E-012
          17          14  -13.990101180170777     
          17          15  -1.0962342145148663E-011
          17          16   4.5851655805504795E-012
          17          17   14.943129877629980     
          17          18   2.2774004904135804E-011
          17          19   1.0306320033515172E-011
          17          20  -2.6307680839478018     
          17          21  -1.3313183888641446E-011
          17          22  -3.7668902337535428E-012
          17          23   1.0510189588955354E-011
          17          24   5.1476136202623660E-012
          17          25   6.4258856174234469E-012
          17          26  -4.4349935636490188E-012
          17          27  -1.9902998421970766E-011
          17          28  -1.2221358008209958E-011
          17          29   5.0843938010193370E-012
          17          30  -1.6849258623722458E-011
          17          31  -9.7411154996259474E-012
          17          32   3.4874599137407888E-012
          17          33  -1.4246802262763893E-011
          17          34  -7.9605238866841009E-012
          17          35   6.0747352288429346E-012
          17          36   7.7241302827294827E-013
          17          37   6.7682530646810116E-012
          17          38  -1.3296985640315769E-012
          17          39  -8.4205330219373751E-012
          18           1   5.9459722555660733E-012
          18           2   8.4467241743135311E-011
          18           3   2.6086515863422780E-011
          18           4  -4.1039613355670258E-011
          18           5   2.3509898769595974E-010
          18           6  -7.3985499199551839E-013
          18           7   2.0674373671369891E-012
          18           8   1.3590108205452348E-011
          18           9  -6.5030428981295629E-002
          18          10   4.2431752556027728E-012
          18          11   2.1201262967451843E-011
          18          12  -1.8584279548323488     
          18          13  -5.3673870903381982E-012
          18          14  -3.3269498267429728E-011
          18          15  -13.990101180174758     
          18          16   4.3222508905317012E-012
          18          17   2.2774004904135804E-011
          18          18   14.943129877661612     
          18          19   1.8949463526096709E-011
          18          20   2.8803348595118986E-012
          18          21  -2.6307680839769185     
          18          22  -5.8184098335569442E-011
          18          23   1.8890777864932368E-011
          18          24  -4.2790097554555414E-011
          18          25   9.4743182970560212E-012
          18          26  -7.3749737100133167E-012
          18          27  -9.0309748239157127E-011
          18          28  -2.5891333607044511E-011
          18          29   1.1900448318717739E-011
          18          30  -4.5687069505689908E-011
          18          31  -1.5610431467956450E-011
          18          32   2.2749291287299595E-012
          18          33  -2.7203813854720277E-011
          18          34  -4.8733832776366389E-011
          18          35   7.6218475052144533E-012
          18          36  -2.3849308359986245E-011
          18          37   1.1345584794942891E-011
          18          38  -3.4304526267070872E-013
          18          39  -5.2106512301721267E-011
          19           1  -2.6709525229867325E-013
          19           2  -2.4916255467383334E-012
          19           3  -3.3294687707832603E-012
          19           4   2.9106614339445423E-012
          19           5  -9.5985596336214136E-012
          19           6  -4.5634531038265279E-013
          19           7   2.4026467517485408E-002
          19           8   1.0978647570041026E-011
          19           9   1.9232139643853001E-011
          19          10  0.39403757065412032     
          19          11  -3.4496780432213865E-012
          19          12  -5.8597328378429239E-012
          19          13   2.4637035074822866     
          19          14  -9.0439513517059922E-012
          19          15  -1.7180314462739135E-011
          19          16  -2.6307680839503762     
          19          17   1.0306320033515172E-011
          19          18   1.8949463526096709E-011
          19          19  0.46547462590431388     
          19          20  -1.8850121116797941E-012
          19          21  -3.1133945248284999E-012
          19          22   3.1443874984991990E-012
          19          23  -1.8622530082652339E-013
          19          24   2.8053369970509744E-012
          19          25  -9.3065983438570059E-014
          19          26   1.4537743754163024E-013
          19          27   3.4011119207186316E-012
          19          28   9.5903398995281638E-013
          19          29  -3.1552244858857865E-013
          19          30   1.5409211868790787E-012
          19          31   1.6449805784654733E-013
          19          32   2.2359584734404273E-014
          19          33   8.7288940236907293E-013
          19          34   1.9469857617190021E-012
          19          35   1.2779985536399537E-014
          19          36   1.3196223584866171E-012
          19          37  -1.0717165976041320E-013
          19          38  -6.2401039030321201E-014
          19          39   2.0598635550064542E-012
          20           1   4.8100691694900104E-013
          20           2  -2.9107867412519548E-012
          20           3   5.1405624988060774E-012
          20           4  -3.8408527198024576E-012
          20           5  -3.2779402027222043E-012
          20           6   2.5396107759489639E-012
          20           7  -4.0380405182810113E-013
          20           8   2.4026467517407613E-002
          20           9   3.4010381316784745E-012
          20          10  -2.5159041516780185E-013
          20          11  0.39403757065072681     
          20          12  -1.6007056791166997E-012
          20          13   4.9261116019654234E-013
          20          14   2.4637035074816174     
          20          15  -4.2943842926135766E-012
          20          16  -3.5300928846731292E-013
          20          17  -2.6307680839478018     
          20          18   2.8803348595118986E-012
          20          19  -1.8850121116797941E-012
          20          20  0.46547462590312028     
          20          21   1.1115761089364665E-012
          20          22  -6.1491569600244270E-013
          20          23  -1.8453826801480525E-012
          20          24  -2.5940591605570185E-012
          20          25  -1.1774507614996105E-012
          20          26   8.2985856662828924E-013
          20          27   1.8394874868770583E-012
          20          28   1.1464691688259033E-012
          20          29  -8.8914130690653123E-013
          20          30   2.0355741221783823E-012
          20          31   1.7222536137380094E-012
          20          32  -6.4218556941588885E-013
          20          33   1.5813771312622052E-012
          20          34   2.6761771277775125E-013
          20          35  -1.0660914315836189E-012
          20          36  -1.3021908630439951E-012
          20          37  -1.1986739357204102E-012
          20          38   2.5424807534071678E-013
          20          39   3.0312416665255664E-013
          21           1  -1.0235074348309019E-012
          21           2  -1.5867962528086106E-011
          21           3  -5.7004718051245387E-012
          21           4   9.5569009476389486E-012
