           1           1   2.1848943526211997     
           1           2 -0.69645588411554837     
           1           3  0.31875481670170513     
           1           4  -2.8232535719039456E-002
           1           5  -5.3158795721510776E-002
           1           6  -3.3468989429502527E-003
           1           7  -2.4042477900430173E-011
           1           8  -2.8959657997551781E-010
           1           9   1.2253585693919670E-010
           1          10   5.7669767409587205E-011
           1          11   7.1721912631946864E-010
           1          12  -2.9749992676054556E-010
           1          13  -1.2127134954951941E-011
           1          14   3.3285510664118810E-010
           1          15  -2.1184332994369484E-010
           1          16  -3.7506959393783613E-011
           1          17  -1.2830401266384098E-010
           1          18   6.3622671882307592E-011
           1          19   2.4876495288817485E-012
           1          20   1.3803636602149302E-012
           1          21  -8.8391272100823144E-012
           1          22  -3.0396548195347180E-003
           1          23  -4.4558383362840072E-005
           1          24  -2.5660748946879832E-003
           1          25  -1.6310858195878224E-004
           1          26  -1.3201780569001816E-005
           1          27  -2.6048025834328609E-003
           1          28   7.8763164608614640E-005
           1          29  -6.6599659320567845E-006
           1          30   1.4961445263134046E-004
           1          31  -2.4426385110652921E-005
           1          32  -1.9780590465229069E-006
           1          33   1.4379817598109623E-004
           1          34   4.0727963178240059E-003
           1          35   5.7721287059891318E-005
           1          36   3.4592532907356159E-003
           1          37   2.1133592574414366E-004
           1          38   1.7106460519966747E-005
           1          39   3.5094482365904825E-003
           2           1 -0.69645588411554837     
           2           2   2.6249282634616886     
           2           3  -1.1550646120183603     
           2           4  0.10405460453723459     
           2           5  0.19598926801404742     
           2           6   1.1828840182560828E-002
           2           7   2.9221548191658175E-010
           2           8  -1.4858953933881681E-009
           2           9  -4.3759873023009838E-010
           2          10  -7.3263468490035117E-010
           2          11   4.2836794811237517E-009
           2          12   9.9917019937631040E-010
           2          13   8.5451209458479827E-011
           2          14  -9.5949811403144329E-010
           2          15   5.6687828426958496E-010
           2          16   1.8223109824910798E-010
           2          17   5.9036039709063553E-010
           2          18  -4.0816992016108516E-010
           2          19  -6.5673477371350928E-012
           2          20   5.0761060165615077E-012
           2          21   2.0905556836195533E-011
           2          22   7.9511908632704954E-003
           2          23   1.0094765931089429E-005
           2          24   7.8439205228605681E-003
           2          25   3.6939252996737323E-005
           2          26   2.9896821332160296E-006
           2          27   7.8526862640140860E-003
           2          28  -2.2112233933429724E-003
           2          29   3.2006659593849596E-005
           2          30  -2.5516508889527048E-003
           2          31   1.1733859863594012E-004
           2          32   9.5012060538797178E-006
           2          33  -2.5237280372359659E-003
           2          34  -1.5094644091922457E-002
           2          35  -2.0629293355406463E-004
           2          36  -1.2901871848481862E-002
           2          37  -7.5530444053583680E-004
           2          38  -6.1137721888636807E-005
           2          39  -1.3081266522284469E-002
           3           1  0.31875481670170513     
           3           2  -1.1550646120183603     
           3           3   2.7849614656814770     
           3           4 -0.30944029655570759     
           3           5 -0.55500597213877012     
           3           6  -3.6310330486834200E-002
           3           7   4.9881866965717852E-010
           3           8  -9.5293872009385752E-009
           3           9   7.9423657934596815E-010
           3          10  -1.0464898179136557E-009
           3          11   2.7380681976908105E-008
           3          12  -3.0081393487082608E-009
           3          13  -9.8886267774277402E-013
           3          14   4.4874462610791007E-009
           3          15  -2.8617701317963539E-009
           3          16  -2.7075965314291864E-010
           3          17  -9.4340005999016682E-010
           3          18   1.3129663269922688E-010
           3          19   3.6184500791866706E-011
           3          20   8.4189378764730711E-011
           3          21  -1.3476334749162250E-010
           3          22  -1.8287363912367197E-002
           3          23  -8.7444243331812218E-004
           3          24  -8.9935175187868272E-003
           3          25  -3.2009806259566233E-003
           3          26  -2.5908601945553138E-004
           3          27  -9.7535646915828909E-003
           3          28  -4.8233810280927381E-005
           3          29  -4.9290364578532522E-005
           3          30   4.7638578015034468E-004
           3          31  -1.8095251535242031E-004
           3          32  -1.4656652862734838E-005
           3          33   4.3323991940651596E-004
           3          34   4.2956572107684110E-002
           3          35   6.2299879590497207E-004
           3          36   3.6334435865630489E-002
           3          37   2.2810144619855393E-003
           3          38   1.8463549477090206E-004
           3          39   3.6876211160907321E-002
           4           1  -2.8232535719039456E-002
           4           2  0.10405460453723459     
           4           3 -0.30944029655570759     
           4           4  0.58893063485804520     
           4           5  0.60041184669427428     
           4           6   3.2933864706684329E-002
           4           7   1.5247697404310719E-009
           4           8  -1.8290738766567012E-008
           4           9   2.5378583052731921E-010
           4          10  -4.0586728822670394E-009
           4          11   4.8491648960373051E-008
           4          12  -6.4115599160358765E-010
           4          13   5.9728786618248923E-010
           4          14  -3.2038094109918160E-009
           4          15   1.3414898775449258E-009
           4          16   8.1546997220747327E-010
           4          17   1.5552382120047373E-009
           4          18  -1.4710434072690258E-009
           4          19  -3.2320306996579874E-012
           4          20   7.3672711068999165E-011
           4          21  -2.0884142345157861E-011
           4          22  -7.7426466978631125E-005
           4          23  -2.8447946313008216E-004
           4          24   2.9460910299247988E-003
           4          25  -1.0413207470532438E-003
           4          26  -8.4277404966703949E-005
           4          27   2.6988681626176304E-003
           4          28  -5.6798515660950663E-004
           4          29   1.5894096271136570E-004
           4          30  -2.2580655647511418E-003
           4          31   5.8237901155470777E-004
           4          32   4.7150057609182108E-005
           4          33  -2.1195862728791534E-003
           4          34  -2.4595611114625326E-002
           4          35  -8.6856631903653328E-004
           4          36  -1.5363360038211354E-002
           4          37  -3.1800302454471716E-003
           4          38  -2.5740425006374784E-004
           4          39  -1.6118634122240308E-002
           5           1  -5.3158795721510776E-002
           5           2  0.19598926801404742     
           5           3 -0.55500597213877012     
           5           4  0.60041184669427428     
           5           5  0.63618879563488662     
           5           6   3.5575055542566493E-002
           5           7  -3.0555178101699287E-009
           5           8   4.2448210598643439E-008
           5           9  -2.3843002037993177E-010
           5          10   8.4084234930658236E-009
           5          11  -1.0902508089515680E-007
           5          12  -9.5224415443494508E-010
           5          13  -1.8172792765644940E-010
           5          14  -9.2415056358090976E-009
           5          15   5.5749477044988883E-009
           5          16  -4.6240861166822903E-011
           5          17  -1.2805260568602045E-009
           5          18   2.1287241560992065E-009
           5          19  -5.6893445851175372E-011
           5          20  -2.1537964777219644E-010
           5          21   2.2811593624103688E-010
           5          22   2.5871330284383095E-002
           5          23   3.3744594901554022E-003
           5          24  -9.9940363653160703E-003
           5          25   1.2352747883325245E-002
           5          26   9.9981408935934405E-004
           5          27  -7.0609536375288127E-003
           5          28  -2.2686239599832916E-003
           5          29  -3.1550361317509747E-005
           5          30  -1.9339646997907824E-003
           5          31  -1.1501829027541627E-004
           5          32  -9.3019517561921663E-006
           5          33  -1.9611164301657131E-003
           5          34  -2.8327370574516435E-002
           5          35  -9.3212833618335931E-004
           5          36  -1.8419489551958032E-002
           5          37  -3.4127546722765106E-003
           5          38  -2.7624138162334137E-004
           5          39  -1.9230037709471081E-002
           6           1  -3.3468989429502527E-003
           6           2   1.1828840182560828E-002
           6           3  -3.6310330486834200E-002
           6           4   3.2933864706684329E-002
           6           5   3.5575055542566493E-002
           6           6   2.0159008101606640E-003
           6           7  -9.1906493001464251E-010
           6           8   7.8769798811892646E-009
           6           9   9.1108026910202253E-010
           6          10   2.4663257711213377E-009
           6          11  -2.0747274699671921E-008
           6          12  -2.5146886946847542E-009
           6          13  -4.9834640309138036E-010
           6          14   6.1147846440049561E-010
           6          15   1.2219806057997687E-009
           6          16  -4.5964443544442820E-010
           6          17   1.1505273639905269E-009
           6          18   9.6031161976277592E-010
           6          19  -2.6828393444847629E-011
           6          20   6.8213351991877951E-011
           6          21   6.3668493066561053E-011
           6          22   1.6105134853384544E-003
           6          23   2.0953984375489794E-004
           6          24  -6.1657935521210975E-004
           6          25   7.6704041472160003E-004
           6          26   6.2082032978066166E-005
           6          27  -4.3445609780960552E-004
           6          28  -2.9964985096190319E-004
           6          29  -2.3598411197343509E-005
           6          30  -4.8858575958540232E-005
           6          31  -8.6369143741190377E-005
           6          32  -6.9906034190232234E-006
           6          33  -6.9361664702820118E-005
           6          34  -1.6747169297213959E-003
           6          35  -5.6983340278594086E-005
           6          36  -1.0690244505888605E-003
           6          37  -2.0862950526961849E-004
           6          38  -1.6887247370475577E-005
           6          39  -1.1185748300114218E-003
           7           1  -2.4042477900430173E-011
           7           2   2.9221548191658175E-010
           7           3   4.9881866965717852E-010
           7           4   1.5247697404310719E-009
           7           5  -3.0555178101699287E-009
           7           6  -9.1906493001464251E-010
           7           7   2.3246240138554355     
           7           8  -7.5698699230011400E-004
           7           9  -2.7713662639052314E-003
           7          10 -0.88042159466351211     
           7          11   2.1721079338270174E-003
           7          12   7.9522062337489905E-003
           7          13   5.3851551984456132E-002
           7          14  -4.2284607841490754E-003
           7          15  -1.5480594848529939E-002
           7          16   6.1989986463573732E-002
           7          17  -3.8881233522492569E-003
           7          18  -1.4234787622062288E-002
           7          19   6.9114603720655014E-004
           7          20  -5.0601309792692268E-004
           7          21  -1.8525527358520357E-003
           7          22  -1.5845589295867350E-010
           7          23   4.3223496191714744E-010
           7          24  -1.1916611914561410E-009
           7          25  -4.6627408958453944E-010
           7          26   8.2934027559499674E-010
           7          27   1.0489234770701829E-009
           7          28   3.1643751300946372E-010
           7          29  -2.8008563318629681E-010
           7          30   6.2148853998783610E-010
           7          31   8.8214939869467752E-011
           7          32   1.0758725082977932E-010
           7          33   1.4496431761164789E-010
           7          34   8.9007358214925453E-010
           7          35  -1.5687186794705454E-011
           7          36   7.3829857008641304E-010
           7          37   9.2877507512428847E-011
           7          38  -8.0737237256145041E-012
           7          39   1.0871368644240807E-009
           8           1  -2.8959657997551781E-010
           8           2  -1.4858953933881681E-009
           8           3  -9.5293872009385752E-009
           8           4  -1.8290738766567012E-008
           8           5   4.2448210598643439E-008
           8           6   7.8769798811892646E-009
           8           7  -7.5698699230011400E-004
           8           8   2.3339147641217926     
           8           9  -2.2432346192371522E-004
           8          10   2.1721076916927083E-003
           8          11 -0.90708062606628115     
           8          12   6.4367612556525972E-004
           8          13  -4.2284630139597691E-003
           8          14  0.10574885908269367     
           8          15  -1.2530461081569060E-003
           8          16  -3.8881185947777629E-003
           8          17  0.10971057769197909     
           8          18  -1.1522104188606552E-003
           8          19  -5.0601481126272589E-004
           8          20   6.9016409837900656E-003
           8          21  -1.4995139027387490E-004
           8          22   6.8060410549425426E-010
           8          23  -1.6238959271245513E-010
           8          24  -3.8902963260464824E-010
           8          25   2.3456693337835319E-009
           8          26  -1.5215254577598409E-009
           8          27   1.3203567632651340E-009
           8          28  -4.3331014093139551E-009
           8          29  -3.2727465992535804E-009
           8          30  -8.1017666439581318E-009
           8          31   3.2767056447654625E-010
           8          32   1.0525162963776883E-009
           8          33  -5.4399706953835532E-010
           8          34  -1.0168861504884121E-008
           8          35  -5.5328843429670098E-011
           8          36  -9.4719824740010795E-009
           8          37  -5.7648069900702383E-010
           8          38  -2.2290946601919174E-011
           8          39  -1.3777381478321878E-008
           9           1   1.2253585693919670E-010
           9           2  -4.3759873023009838E-010
           9           3   7.9423657934596815E-010
           9           4   2.5378583052731921E-010
           9           5  -2.3843002037993177E-010
           9           6   9.1108026910202253E-010
           9           7  -2.7713662639052314E-003
           9           8  -2.2432346192371522E-004
           9           9   2.3331547791012310     
           9          10   7.9522059152926563E-003
           9          11   6.4367686861467339E-004
           9          12 -0.90489990976009382     
           9          13  -1.5480590149971446E-002
           9          14  -1.2530455299983121E-003
           9          15  0.10150366542800789     
           9          16  -1.4234800883390897E-002
           9          17  -1.1522115722794081E-003
           9          18  0.10580694047772232     
           9          19  -1.8525533860182818E-003
           9          20  -1.4995204021633977E-004
           9          21   6.3936116682154608E-003
           9          22  -5.0268384209774028E-010
           9          23   5.7671963853774971E-010
           9          24  -7.7887916292470476E-010
           9          25   6.5974602397529641E-010
           9          26   1.6380871868975762E-009
           9          27   1.4174908303774231E-009
           9          28  -3.2282313117986087E-010
           9          29   4.5313027617176663E-010
           9          30   3.6489270154421127E-010
           9          31   1.2871054348331682E-010
           9          32  -1.3098048641107871E-009
           9          33  -7.4203538679715335E-010
           9          34  -4.2274578672371376E-010
           9          35   4.2684471543771226E-011
           9          36  -2.8072897655727639E-010
           9          37  -2.7719321629775658E-010
           9          38   2.3258262329413977E-010
           9          39   1.6297841401744562E-010
          10           1   5.7669767409587205E-011
          10           2  -7.3263468490035117E-010
          10           3  -1.0464898179136557E-009
          10           4  -4.0586728822670394E-009
          10           5   8.4084234930658236E-009
          10           6   2.4663257711213377E-009
          10           7 -0.88042159466351211     
          10           8   2.1721076916927083E-003
          10           9   7.9522059152926563E-003
          10          10   2.3881237465818952     
          10          11  -6.2345579726449923E-003
          10          12  -2.2825074249810444E-002
          10          13 -0.16082422061025103     
          10          14   1.2135927317305412E-002
          10          15   4.4430233067229659E-002
          10          16 -0.17583068832438994     
          10          17   1.1220865685867646E-002
          10          18   4.1080643581721227E-002
          10          19  -2.5548629713605209E-003
          10          20   1.4467870631389786E-003
          10          21   5.2968021891712002E-003
          10          22   1.8431480551933522E-010
          10          23  -1.1295005994459369E-009
          10          24   3.0432434624843278E-009
          10          25   1.3470538126399213E-009
          10          26  -2.1856072757009878E-009
          10          27  -2.9391967830427149E-009
          10          28  -8.5921629255990673E-010
          10          29   1.0227323347000407E-009
          10          30  -1.7669217400614261E-009
          10          31  -3.9020263781974963E-010
          10          32  -2.8355592143290866E-010
          10          33  -4.8581343717001094E-010
          10          34  -2.4445534808251155E-009
          10          35  -5.3965897561782878E-011
          10          36  -2.0041249127067948E-009
          10          37  -1.8226208222001143E-010
          10          38   1.7278668334599467E-011
          10          39  -2.9347414821171710E-009
          11           1   7.1721912631946864E-010
          11           2   4.2836794811237517E-009
          11           3   2.7380681976908105E-008
          11           4   4.8491648960373051E-008
          11           5  -1.0902508089515680E-007
          11           6  -2.0747274699671921E-008
          11           7   2.1721079338270174E-003
          11           8 -0.90708062606628115     
          11           9   6.4367686861467339E-004
          11          10  -6.2345579726449923E-003
          11          11   2.4646426687368708     
          11          12  -1.8475318749249549E-003
          11          13   1.2135933587447485E-002
          11          14 -0.30977256911484335     
          11          15   3.5963168146348548E-003
          11          16   1.1220852224886054E-002
          11          17 -0.31354910901960181     
          11          18   3.3252029331460944E-003
          11          19   1.4467915036492339E-003
          11          20  -2.0311853029133461E-002
          11          21   4.2873962311123365E-004
          11          22  -2.9750693722398236E-009
          11          23   2.7190373625086382E-010
          11          24  -4.8066694833705545E-010
          11          25  -6.5818259585268513E-009
          11          26   3.9751650185300994E-009
          11          27  -5.1499725539829153E-009
          11          28   1.0435151831896297E-008
          11          29   8.6902021006953631E-009
          11          30   2.0983332425511249E-008
          11          31  -8.5061163065662336E-010
          11          32  -2.9655175698899350E-009
          11          33   3.6746217638703916E-010
          11          34   2.6359449332555725E-008
          11          35   1.4740473160084301E-010
          11          36   2.4347621770248569E-008
          11          37   1.5123407005582919E-009
          11          38   1.1872142707732873E-010
          11          39   3.5946634284653747E-008
          12           1  -2.9749992676054556E-010
          12           2   9.9917019937631040E-010
          12           3  -3.0081393487082608E-009
          12           4  -6.4115599160358765E-010
          12           5  -9.5224415443494508E-010
          12           6  -2.5146886946847542E-009
          12           7   7.9522062337489905E-003
          12           8   6.4367612556525972E-004
          12           9 -0.90489990976009382     
          12          10  -2.2825074249810444E-002
          12          11  -1.8475318749249549E-003
          12          12   2.4583833932042269     
          12          13   4.4430221413587719E-002
          12          14   3.5963152339401894E-003
          12          15 -0.29758860136569260     
          12          16   4.1080683139451311E-002
          12          17   3.3252066243603245E-003
          12          18 -0.30228347140203632     
          12          19   5.2968040330989338E-003
          12          20   4.2874136068915721E-004
          12          21  -1.8859299750216565E-002
          12          22   1.9340565338035542E-009
          12          23  -1.7062152043058668E-009
          12          24   2.6679506231979257E-009
          12          25  -1.6889907132009102E-009
          12          26  -4.4771906337187179E-009
          12          27  -3.0604954957157307E-009
          12          28   1.3211224328876147E-009
          12          29  -1.1940417035137851E-009
          12          30  -5.3631566408145976E-010
          12          31  -2.7577802216181717E-010
          12          32   3.7932705831858830E-009
          12          33   2.2256818790951399E-009
          12          34   1.4091275908468951E-009
          12          35  -1.1477130907055606E-010
          12          36   1.0178060922403585E-009
          12          37   7.2193545362347903E-010
          12          38  -7.2307899064256227E-010
          12          39  -6.2577940315768268E-011
          13           1  -1.2127134954951941E-011
          13           2   8.5451209458479827E-011
          13           3  -9.8886267774277402E-013
          13           4   5.9728786618248923E-010
          13           5  -1.8172792765644940E-010
          13           6  -4.9834640309138036E-010
          13           7   5.3851551984456132E-002
          13           8  -4.2284630139597691E-003
          13           9  -1.5480590149971446E-002
          13          10 -0.16082422061025103     
          13          11   1.2135933587447485E-002
          13          12   4.4430221413587719E-002
          13          13  0.40459939438776343     
          13          14  -2.3030984641981632E-002
          13          15  -8.4317517405203851E-002
          13          16  0.34355177335238241     
          13          17  -2.2402528794362039E-002
          13          18  -8.2017357442416602E-002
          13          19   8.7309303555309047E-003
          13          20  -2.7634187264864367E-003
          13          21  -1.0117121119284721E-002
          13          22  -6.1982174373020937E-010
          13          23   1.4178263136403269E-009
          13          24  -1.1228758142703563E-008
          13          25  -1.6798305218999745E-009
          13          26   6.9961548503392706E-009
          13          27   1.1796645238402150E-008
          13          28  -1.8106209971884626E-010
          13          29  -2.2037318372075927E-009
          13          30   3.9761304044460212E-010
          13          31   8.1966181206303615E-010
          13          32   1.7928334274378750E-010
          13          33   9.1461905953618395E-011
          13          34   1.2330416497425136E-010
          13          35  -1.7670174074948191E-011
          13          36   1.0698785299285845E-010
          13          37   3.4301157228760355E-013
          13          38   3.2153159812679563E-011
          13          39   3.9834087971818668E-010
          14           1   3.3285510664118810E-010
          14           2  -9.5949811403144329E-010
          14           3   4.4874462610791007E-009
          14           4  -3.2038094109918160E-009
          14           5  -9.2415056358090976E-009
          14           6   6.1147846440049561E-010
          14           7  -4.2284607841490754E-003
          14           8  0.10574885908269367     
          14           9  -1.2530455299983121E-003
          14          10   1.2135927317305412E-002
          14          11 -0.30977256911484335     
          14          12   3.5963152339401894E-003
          14          13  -2.3030984641981632E-002
          14          14  0.68726642204183852     
          14          15  -6.8249073795499798E-003
          14          16  -2.2402498369075676E-002
          14          17  0.61850668523708952     
          14          18  -6.6387427967474072E-003
          14          19  -2.7634145396935855E-003
          14          20   4.2647519230780959E-002
          14          21  -8.1891357452882393E-004
          14          22  -2.9888891671006867E-009
          14          23  -4.1718349658713547E-009
          14          24   4.9449337679951928E-010
          14          25   4.4658684411073207E-009
          14          26  -1.1143908896143559E-009
          14          27   1.8665697927276841E-009
          14          28   3.2970954810239543E-009
          14          29   1.0868221056584340E-010
          14          30  -1.8344291547626475E-009
          14          31  -1.6864379160526547E-010
          14          32   1.2163272250333553E-009
          14          33   2.9441720834862502E-009
          14          34   1.8407904643962290E-009
          14          35   3.3809947667283743E-011
          14          36   1.5455679458930435E-009
          14          37   7.1166367580981342E-011
          14          38   1.7136750393670828E-010
          14          39   1.9831694579190600E-009
          15           1  -2.1184332994369484E-010
          15           2   5.6687828426958496E-010
          15           3  -2.8617701317963539E-009
          15           4   1.3414898775449258E-009
          15           5   5.5749477044988883E-009
          15           6   1.2219806057997687E-009
          15           7  -1.5480594848529939E-002
          15           8  -1.2530461081569060E-003
          15           9  0.10150366542800789     
          15          10   4.4430233067229659E-002
          15          11   3.5963168146348548E-003
          15          12 -0.29758860136569260     
          15          13  -8.4317517405203851E-002
          15          14  -6.8249073795499798E-003
          15          15  0.66414432430966741     
          15          16  -8.2017458458075482E-002
          15          17  -6.6387609326210850E-003
          15          18  0.59601501137004509     
          15          19  -1.0117133114989532E-002
          15          20  -8.1891516385783868E-004
          15          21   3.9873075851861374E-002
          15          22   6.5062037986515096E-010
          15          23   7.7026316142521462E-010
          15          24  -4.6670748545725738E-009
          15          25  -1.4271143207683892E-009
          15          26   5.2120200462613765E-009
          15          27   4.3763572733308810E-009
          15          28  -1.6843909729602685E-009
          15          29   4.7618286292787632E-010
          15          30  -1.1082239309941117E-009
          15          31  -4.1787316383363394E-010
          15          32  -2.7652694691795686E-009
          15          33   1.5870577822964663E-011
          15          34  -1.4932636488843081E-009
          15          35  -4.5752026671600296E-010
          15          36  -1.0663105419564761E-009
          15          37  -4.1195022483463644E-010
          15          38   9.8548271198401068E-011
          15          39  -1.8773905861633823E-009
          16           1  -3.7506959393783613E-011
          16           2   1.8223109824910798E-010
          16           3  -2.7075965314291864E-010
          16           4   8.1546997220747327E-010
          16           5  -4.6240861166822903E-011
          16           6  -4.5964443544442820E-010
          16           7   6.1989986463573732E-002
          16           8  -3.8881185947777629E-003
          16           9  -1.4234800883390897E-002
          16          10 -0.17583068832438994     
          16          11   1.1220852224886054E-002
          16          12   4.1080683139451311E-002
          16          13  0.34355177335238241     
          16          14  -2.2402498369075676E-002
          16          15  -8.2017458458075482E-002
          16          16  0.29256722387808198     
          16          17  -2.1565317595557017E-002
          16          18  -7.8952960791993390E-002
          16          19   7.5456594966961024E-003
          16          20  -2.5203124411035454E-003
          16          21  -9.2271292223495022E-003
          16          22   9.6139666411792721E-010
          16          23  -2.3685574448226169E-009
          16          24   5.6200306832009840E-009
          16          25   3.7585484680662002E-010
          16          26  -4.5441897523907672E-009
          16          27  -6.6281111458739682E-009
          16          28  -8.8391460067058169E-011
          16          29  -1.9076072319508530E-009
          16          30   4.9400799186017635E-010
          16          31   6.9755051750383090E-010
          16          32   1.0715934429869550E-010
          16          33  -7.3970299227456486E-011
          16          34   1.4974411651722602E-010
          16          35  -2.7438122746965606E-011
          16          36   2.2559631681897834E-010
          16          37   2.6710428952198941E-011
          16          38  -4.6805442127633752E-011
          16          39   2.7628315662837694E-010
          17           1  -1.2830401266384098E-010
          17           2   5.9036039709063553E-010
          17           3  -9.4340005999016682E-010
          17           4   1.5552382120047373E-009
          17           5  -1.2805260568602045E-009
          17           6   1.1505273639905269E-009
          17           7  -3.8881233522492569E-003
          17           8  0.10971057769197909     
          17           9  -1.1522115722794081E-003
          17          10   1.1220865685867646E-002
          17          11 -0.31354910901960181     
          17          12   3.3252066243603245E-003
          17          13  -2.2402528794362039E-002
          17          14  0.61850668523708952     
          17          15  -6.6387609326210850E-003
          17          16  -2.1565317595557017E-002
          17          17  0.55724795514747538     
          17          18  -6.3907250750248612E-003
          17          19  -2.5203131228576435E-003
          17          20   3.8478577855291823E-002
          17          21  -7.4687701804913636E-004
          17          22   2.4713846292402999E-009
          17          23   2.8081442563940026E-009
          17          24  -2.5457447340591249E-010
          17          25  -5.6500546175725879E-009
          17          26   7.1375234925114219E-010
          17          27  -2.5813455857033650E-009
          17          28   2.8889403470361435E-009
          17          29   3.2376031380740132E-011
          17          30  -1.9864640599897133E-009
          17          31  -1.7669792136590570E-010
          17          32   1.1404214366491198E-009
          17          33   2.5425090527255008E-009
          17          34   1.0660421994960965E-009
          17          35   6.8494508280525101E-011
          17          36   8.5655183934559326E-010
          17          37  -4.4648351290142370E-011
          17          38   1.5852681913308302E-010
          17          39   1.0501082971967714E-009
          18           1   6.3622671882307592E-011
          18           2  -4.0816992016108516E-010
          18           3   1.3129663269922688E-010
          18           4  -1.4710434072690258E-009
          18           5   2.1287241560992065E-009
          18           6   9.6031161976277592E-010
          18           7  -1.4234787622062288E-002
          18           8  -1.1522104188606552E-003
          18           9  0.10580694047772232     
          18          10   4.1080643581721227E-002
          18          11   3.3252029331460944E-003
          18          12 -0.30228347140203632     
          18          13  -8.2017357442416602E-002
          18          14  -6.6387427967474072E-003
          18          15  0.59601501137004509     
          18          16  -7.8952960791993390E-002
          18          17  -6.3907250750248612E-003
          18          18  0.53559638108002305     
          18          19  -9.2271216698570184E-003
          18          20  -7.4687563948312935E-004
          18          21   3.5948187448416470E-002
          18          22  -5.2000183739518818E-010
          18          23  -8.7862204245628936E-010
          18          24   3.6780233281438524E-009
          18          25   2.1575715231786646E-009
          18          26  -2.5939818550215016E-009
          18          27  -2.8999806698504735E-009
          18          28  -1.5284248733608588E-009
          18          29   4.5438241156862232E-010
          18          30  -9.1421334902016313E-010
          18          31  -3.3097474645230001E-010
          18          32  -2.5637011495720065E-009
          18          33  -4.8968953547067036E-011
          18          34  -1.2209284251600575E-009
          18          35  -4.0934786786259793E-010
          18          36  -8.2729060779228563E-010
          18          37  -3.3574228411765499E-010
          18          38   5.1511861113349748E-011
          18          39  -1.6336542664880776E-009
          19           1   2.4876495288817485E-012
          19           2  -6.5673477371350928E-012
          19           3   3.6184500791866706E-011
          19           4  -3.2320306996579874E-012
          19           5  -5.6893445851175372E-011
          19           6  -2.6828393444847629E-011
          19           7   6.9114603720655014E-004
          19           8  -5.0601481126272589E-004
          19           9  -1.8525533860182818E-003
          19          10  -2.5548629713605209E-003
          19          11   1.4467915036492339E-003
          19          12   5.2968040330989338E-003
          19          13   8.7309303555309047E-003
          19          14  -2.7634145396935855E-003
          19          15  -1.0117133114989532E-002
          19          16   7.5456594966961024E-003
          19          17  -2.5203131228576435E-003
          19          18  -9.2271216698570184E-003
          19          19   3.0948633271278558E-004
          19          20  -1.9587311585774636E-004
          19          21  -7.1711098780213585E-004
          19          22  -1.8457478548956564E-009
          19          23   1.9500459213364475E-009
          19          24   1.2898188024501984E-010
          19          25   2.7033181969848832E-009
          19          26   4.6387432341942324E-010
          19          27   1.7130374540290023E-009
          19          28  -9.4639164926385735E-012
          19          29  -2.6315626461680498E-011
          19          30   3.0278188226524844E-011
          19          31   5.1036361612679224E-011
          19          32   3.8604873434181581E-011
          19          33   7.7713612359829092E-012
          19          34   4.9403402221695193E-012
          19          35   1.6828196205514691E-011
          19          36   1.3109423804047166E-011
          19          37   2.0574412820363268E-011
          19          38   1.0876632574374690E-013
          19          39   3.4394353592342908E-011
          20           1   1.3803636602149302E-012
          20           2   5.0761060165615077E-012
          20           3   8.4189378764730711E-011
          20           4   7.3672711068999165E-011
          20           5  -2.1537964777219644E-010
          20           6   6.8213351991877951E-011
          20           7  -5.0601309792692268E-004
          20           8   6.9016409837900656E-003
          20           9  -1.4995204021633977E-004
          20          10   1.4467870631389786E-003
          20          11  -2.0311853029133461E-002
          20          12   4.2874136068915721E-004
          20          13  -2.7634187264864367E-003
          20          14   4.2647519230780959E-002
          20          15  -8.1891516385783868E-004
          20          16  -2.5203124411035454E-003
          20          17   3.8478577855291823E-002
          20          18  -7.4687563948312935E-004
          20          19  -1.9587311585774636E-004
          20          20   2.7135237603882600E-003
          20          21  -5.8045689848838729E-005
          20          22  -2.4316803000018667E-009
          20          23   1.5887165464548999E-009
          20          24   1.3739883408423964E-009
          20          25   3.8920067482216112E-009
          20          26   2.1792611714902170E-010
          20          27   1.0268328396251264E-009
          20          28   1.7126395474584625E-010
          20          29   2.8858779094543394E-011
          20          30  -1.0322737816231994E-010
          20          31   2.5977732916918878E-011
          20          32   7.6965123070999461E-011
          20          33   1.8180083956963690E-010
          20          34   7.2122712902426383E-011
          20          35   1.5824442434676325E-011
          20          36   8.4919995628693848E-011
          20          37   2.0460446960060843E-011
          20          38   9.0580274792172690E-012
          20          39   1.0104167511620877E-010
          21           1  -8.8391272100823144E-012
          21           2   2.0905556836195533E-011
          21           3  -1.3476334749162250E-010
          21           4  -2.0884142345157861E-011
