           1           1   2.0049843257687558     
           1           2  -1.9770955441154106E-003
           1           3  -1.1016911771819540E-002
           1           4  -3.0485399509455500E-003
           1           5  -2.1469266963380199E-012
           1           6  -3.3405715971220506E-013
           1           7  -3.2409088863880911E-012
           1           8  -3.3766040304834789E-013
           1           9  -7.6960913767968247E-014
           1          10  -1.4199269266274442E-013
           1          11  -1.2336491516340899E-017
           1          12  -6.5775332767275253E-017
           1          13  -5.0519135571802186E-014
           1          14  -2.7093491508723335E-003
           1          15   4.3641535406435336E-004
           1          16  -1.8242379174699239E-003
           1          17   9.2564394671711863E-004
           1          18  -3.4146649448176533E-004
           1          19  -2.3120388084961925E-003
           1          20   3.0241925873657183E-003
           1          21   3.0576256931238871E-005
           1          22   3.0862055083389719E-003
           1          23   6.4852730784114708E-005
           1          24  -2.3923922682175423E-005
           1          25   3.0520290609252422E-003
           2           1  -1.9770955441154106E-003
           2           2   1.8984831579089672     
           2           3   4.3529620891356376E-002
           2           4   9.5517548939603153E-002
           2           5  -3.6928038573714107E-011
           2           6  -8.5523307320082613E-012
           2           7  -1.9211034651955156E-011
           2           8   9.8455078152887066E-013
           2           9   6.4723898005309398E-013
           2          10  -1.0481540179428565E-012
           2          11   1.2324409614847038E-012
           2          12  -1.9125269110135413E-013
           2          13   9.8416668763724064E-013
           2          14  -6.6435323187687230E-003
           2          15   1.3991412724817832E-003
           2          16  -3.8058785709808593E-003
           2          17   2.9676009904037529E-003
           2          18  -1.0947366189539808E-003
           2          19  -5.3697611617683260E-003
           2          20  -3.7375764699529225E-002
           2          21   1.6357480968241878E-003
           2          22  -3.4058239269999069E-002
           2          23   3.4694479288204048E-003
           2          24  -1.2798659747537211E-003
           2          25  -3.5886587797694929E-002
           3           1  -1.1016911771819540E-002
           3           2   4.3529620891356376E-002
           3           3   3.2749401811391294E-003
           3           4   3.0175844046616321E-003
           3           5  -6.2214007329351417E-012
           3           6   8.6386670068794078E-013
           3           7  -6.9394771679946981E-012
           3           8  -5.0303878994990834E-014
           3           9  -3.1467203162698538E-014
           3          10   1.1868332211724770E-013
           3          11  -1.8403319098222575E-013
           3          12   3.4393319037587343E-014
           3          13  -2.4459607610043657E-013
           3          14   5.9212297476594086E-004
           3          15  -6.4868034773923173E-004
           3          16  -7.2349129581342024E-004
           3          17  -1.3758613944805668E-003
           3          18   5.0754998020559534E-004
           3          19   1.5676442905380832E-006
           3          20   4.8081644108870084E-005
           3          21  -3.2689558587101382E-004
           3          22  -6.1490824408206831E-004
           3          23  -6.9335076822900224E-004
           3          24   2.5577443267783535E-004
           3          25  -2.4952246579961249E-004
           4           1  -3.0485399509455500E-003
           4           2   9.5517548939603153E-002
           4           3   3.0175844046616321E-003
           4           4   5.1070294912202155E-003
           4           5   4.6230497698811934E-011
           4           6   2.0636436400688372E-012
           4           7   5.9635725643049931E-011
           4           8  -1.2287712365328727E-012
           4           9  -3.7080965872447024E-014
           4          10  -1.5751823186414248E-012
           4          11   1.4380165904008612E-012
           4          12   6.5736440243774103E-014
           4          13   1.7807989927182425E-012
           4          14  -6.3119158767435874E-005
           4          15  -1.7856383340049203E-004
           4          16  -4.2527153235422804E-004
           4          17  -3.7873674840580181E-004
           4          18   1.3971452995697212E-004
           4          19  -2.2568277708975214E-004
           4          20  -1.5475658638253234E-003
           4          21  -5.1062018258418967E-005
           4          22  -1.6511267696618548E-003
           4          23  -1.0830335599290174E-004
           4          24   3.9952692773774300E-005
           4          25  -1.5940524704837616E-003
           5           1  -2.1469266963380199E-012
           5           2  -3.6928038573714107E-011
           5           3  -6.2214007329351417E-012
           5           4   4.6230497698811934E-011
           5           5  0.43601207320051916     
           5           6  0.21494812403401026     
           5           7  0.45590840976746644     
           5           8  -1.0900575626625957E-002
           5           9  -5.3738378097547054E-003
           5          10  -1.1397995977669974E-002
           5          11   1.2662323397239883E-002
           5          12   6.2423562954427685E-003
           5          13   1.3240137699786023E-002
           5          14   4.1854321510285655E-012
           5          15   5.0793986774689261E-012
           5          16   2.2760722204359628E-012
           5          17  -1.2174036198058095E-012
           5          18  -1.0194716652850237E-012
           5          19  -2.1985460819719567E-012
           5          20   5.2999691806285565E-012
           5          21   4.3060809646282120E-012
           5          22   2.2547385030317154E-013
           5          23   3.1476126337822691E-012
           5          24  -2.4203922307076904E-012
           5          25  -2.0035759116794077E-011
           6           1  -3.3405715971220506E-013
           6           2  -8.5523307320082613E-012
           6           3   8.6386670068794078E-013
           6           4   2.0636436400688372E-012
           6           5  0.21494812403401026     
           6           6  0.93939775514651025     
           6           7 -0.16818285990759912     
           6           8  -5.3738382739175672E-003
           6           9  -2.3485532875710126E-002
           6          10   4.2046772398774430E-003
           6          11   6.2423560086145831E-003
           6          12   2.7281258938363119E-002
           6          13  -4.8842355953265110E-003
           6          14   2.3440223929783555E-012
           6          15   2.3628585562459462E-012
           6          16   5.4249904912723309E-013
           6          17   1.0767436954718805E-012
           6          18   2.3894065005315209E-012
           6          19  -1.8460243228100259E-012
           6          20   3.8531136004937113E-012
           6          21   9.9046266319463272E-013
           6          22   1.2640721890361939E-012
           6          23   1.4610540020532931E-012
           6          24   3.6739639036212158E-012
           6          25  -4.4370936705708886E-012
           7           1  -3.2409088863880911E-012
           7           2  -1.9211034651955156E-011
           7           3  -6.9394771679946981E-012
           7           4   5.9635725643049931E-011
           7           5  0.45590840976746644     
           7           6 -0.16818285990759912     
           7           7  0.66197275532039135     
           7           8  -1.1397996442897802E-002
           7           9   4.2046770270686038E-003
           7          10  -1.6549733922617646E-002
           7          11   1.3240137405062030E-002
           7          12  -4.8842357217149966E-003
           7          13   1.9224498122486798E-002
           7          14   4.4490687598343360E-012
           7          15   5.1293130412147080E-012
           7          16   2.3542623473498505E-012
           7          17  -2.5905414086392197E-012
           7          18  -2.2350896657843624E-012
           7          19  -1.9607498202504562E-012
           7          20   4.8463364268108443E-012
           7          21   4.9145531401088954E-012
           7          22  -6.6577237450199946E-013
           7          23   3.0754252472531542E-012
           7          24  -4.7301966322066066E-012
           7          25  -2.3736679510459601E-011
           8           1  -3.3766040304834789E-013
           8           2   9.8455078152887066E-013
           8           3  -5.0303878994990834E-014
           8           4  -1.2287712365328727E-012
           8           5  -1.0900575626625957E-002
           8           6  -5.3738382739175672E-003
           8           7  -1.1397996442897802E-002
           8           8   2.7252123575290587E-004
           8           9   1.3434932465526401E-004
           8          10   2.8495705458889841E-004
           8          11  -3.1656603631920785E-004
           8          12  -1.5606283297719259E-004
           8          13  -3.3101175405518307E-004
           8          14  -1.7360523364910257E-013
           8          15  -6.2844727520520252E-014
           8          16   4.2217892775998367E-015
           8          17   1.6648509357463117E-013
           8          18  -2.4700610254647410E-014
           8          19   4.4394086829582287E-014
           8          20  -2.2154226807414071E-013
           8          21  -7.3182247438171114E-014
           8          22  -2.4761695158358397E-014
           8          23  -5.5756096849944692E-015
           8          24   3.3538861452068996E-014
           8          25   4.4325042226024371E-013
           9           1  -7.6960913767968247E-014
           9           2   6.4723898005309398E-013
           9           3  -3.1467203162698538E-014
           9           4  -3.7080965872447024E-014
           9           5  -5.3738378097547054E-003
           9           6  -2.3485532875710126E-002
           9           7   4.2046770270686038E-003
           9           8   1.3434932465526401E-004
           9           9   5.8715304718823518E-004
           9          10  -1.0511956929775142E-004
           9          11  -1.5606281232645125E-004
           9          12  -6.8204857865320390E-004
           9          13   1.2210895458516477E-004
           9          14  -6.6723329614094987E-014
           9          15  -5.2554552720551390E-014
           9          16  -8.4639081743636908E-015
           9          17  -1.3093654141452400E-014
           9          18  -6.4836876633549994E-014
           9          19   4.3964775823051848E-014
           9          20  -1.1344377116459488E-013
           9          21  -2.1056393620260387E-014
           9          22  -4.1200247089013585E-014
           9          23  -2.8667218731876555E-014
           9          24  -9.4750942754849623E-014
           9          25   9.7190340486741696E-014
          10           1  -1.4199269266274442E-013
          10           2  -1.0481540179428565E-012
          10           3   1.1868332211724770E-013
          10           4  -1.5751823186414248E-012
          10           5  -1.1397995977669974E-002
          10           6   4.2046772398774430E-003
          10           7  -1.6549733922617646E-002
          10           8   2.8495705458889841E-004
          10           9  -1.0511956929775142E-004
          10          10   4.1375372431585685E-004
          10          11  -3.3101173317611355E-004
          10          12   1.2210896392518490E-004
          10          13  -4.8062450631979715E-004
          10          14  -1.1241589445518396E-013
          10          15  -1.2300829985586004E-013
          10          16  -4.9441833406180233E-014
          10          17   7.5853281671557474E-014
          10          18   5.1788277969728182E-014
          10          19   5.2592896000691884E-014
          10          20  -1.0008886487255640E-013
          10          21  -1.2074282395708248E-013
          10          22   4.2025250989398506E-014
          10          23  -7.2382340186866177E-014
          10          24   1.1659592454381756E-013
          10          25   6.1643820570762591E-013
          11           1  -1.2336491516340899E-017
          11           2   1.2324409614847038E-012
          11           3  -1.8403319098222575E-013
          11           4   1.4380165904008612E-012
          11           5   1.2662323397239883E-002
          11           6   6.2423560086145831E-003
          11           7   1.3240137405062030E-002
          11           8  -3.1656603631920785E-004
          11           9  -1.5606281232645125E-004
          11          10  -3.3101173317611355E-004
          11          11   3.6772934437196607E-004
          11          12   1.8128564975335485E-004
          11          13   3.8450978014755257E-004
          11          14   9.4863409046190391E-014
          11          15   1.6636002249352948E-013
          11          16   7.7639796195015866E-014
          11          17   4.6221858540141142E-015
          11          18  -4.4354092844737668E-014
          11          19  -7.3375924111391881E-014
          11          20   8.5333658004795516E-014
          11          21   1.3622643723143429E-013
          11          22  -3.9376327348390710E-014
          11          23   1.1510774648288540E-013
          11          24  -7.9032965755109619E-014
          11          25  -6.4027538737175816E-013
          12           1  -6.5775332767275253E-017
          12           2  -1.9125269110135413E-013
          12           3   3.4393319037587343E-014
          12           4   6.5736440243774103E-014
          12           5   6.2423562954427685E-003
          12           6   2.7281258938363119E-002
          12           7  -4.8842357217149966E-003
          12           8  -1.5606283297719259E-004
          12           9  -6.8204857865320390E-004
          12          10   1.2210896392518490E-004
          12          11   1.8128564975335485E-004
          12          12   7.9228110263680610E-004
          12          13  -1.4184416878790238E-004
          12          14   7.0537093160470446E-014
          12          15   6.6193267294175135E-014
          12          16   1.3296289911987743E-014
          12          17   2.6122175119183529E-014
          12          18   7.1290280190613526E-014
          12          19  -5.3356544827106520E-014
          12          20   1.1415108065865067E-013
          12          21   2.7489420544358225E-014
          12          22   3.6376627049107317E-014
          12          23   3.9726867155494400E-014
          12          24   1.0769386988118598E-013
          12          25  -1.2776727027821801E-013
          13           1  -5.0519135571802186E-014
          13           2   9.8416668763724064E-013
          13           3  -2.4459607610043657E-013
          13           4   1.7807989927182425E-012
          13           5   1.3240137699786023E-002
          13           6  -4.8842355953265110E-003
          13           7   1.9224498122486798E-002
          13           8  -3.3101175405518307E-004
          13           9   1.2210895458516477E-004
          13          10  -4.8062450631979715E-004
          13          11   3.8450978014755257E-004
          13          12  -1.4184416878790238E-004
          13          13   5.5830292877026794E-004
          13          14   9.7781218279985816E-014
          13          15   1.7410059739229237E-013
          13          16   8.7931029862812458E-014
          13          17  -2.1912110127761947E-014
          13          18  -8.4579418937005280E-014
          13          19  -6.5481264279037636E-014
          13          20   7.7816870719861828E-014
          13          21   1.5691326524494497E-013
          13          22  -5.3484980482891272E-014
          13          23   1.1940842745799742E-013
          13          24  -1.4847237048940066E-013
          13          25  -7.3935160088539727E-013
          14           1  -2.7093491508723335E-003
          14           2  -6.6435323187687230E-003
          14           3   5.9212297476594086E-004
          14           4  -6.3119158767435874E-005
          14           5   4.1854321510285655E-012
          14           6   2.3440223929783555E-012
          14           7   4.4490687598343360E-012
          14           8  -1.7360523364910257E-013
          14           9  -6.6723329614094987E-014
          14          10  -1.1241589445518396E-013
          14          11   9.4863409046190391E-014
          14          12   7.0537093160470446E-014
          14          13   9.7781218279985816E-014
          14          14   2.7739892406672731E-004
          14          15  -2.3180010146267861E-004
          14          16  -1.9272403002104947E-004
          14          17  -4.9165172296435859E-004
          14          18   1.8136843112352303E-004
          14          19   6.6369276294342210E-005
          14          20   4.3615263550277831E-004
          14          21  -1.2628884201607585E-004
          14          22   1.8002123283600811E-004
          14          23  -2.6786065511011945E-004
          14          24   9.8812765524724112E-005
          14          25   3.2117990402176499E-004
          15           1   4.3641535406435336E-004
          15           2   1.3991412724817832E-003
          15           3  -6.4868034773923173E-004
          15           4  -1.7856383340049203E-004
          15           5   5.0793986774689261E-012
          15           6   2.3628585562459462E-012
          15           7   5.1293130412147080E-012
          15           8  -6.2844727520520252E-014
          15           9  -5.2554552720551390E-014
          15          10  -1.2300829985586004E-013
          15          11   1.6636002249352948E-013
          15          12   6.6193267294175135E-014
          15          13   1.7410059739229237E-013
          15          14  -2.3180010146267861E-004
          15          15   2.0961081200544199E-004
          15          16   1.9331987707278328E-004
          15          17   4.4458788516657630E-004
          15          18  -1.6400676218684547E-004
          15          19  -4.0971471249796209E-005
          15          20  -3.1066230495321439E-004
          15          21   1.1285939984929222E-004
          15          22  -8.1767685698962541E-005
          15          23   2.3937659325006839E-004
          15          24  -8.8305104708866797E-005
          15          25  -2.0791567060171698E-004
          16           1  -1.8242379174699239E-003
          16           2  -3.8058785709808593E-003
          16           3  -7.2349129581342024E-004
          16           4  -4.2527153235422804E-004
          16           5   2.2760722204359628E-012
          16           6   5.4249904912723309E-013
          16           7   2.3542623473498505E-012
          16           8   4.2217892775998367E-015
          16           9  -8.4639081743636908E-015
          16          10  -4.9441833406180233E-014
          16          11   7.7639796195015866E-014
          16          12   1.3296289911987743E-014
          16          13   8.7931029862812458E-014
          16          14  -1.9272403002104947E-004
          16          15   1.9331987707278328E-004
          16          16   1.9935565907018809E-004
          16          17   4.1003455166461588E-004
          16          18  -1.5126017020421852E-004
          16          19  -1.6726585040480815E-005
          16          20  -1.9391387263383814E-004
          16          21   1.0260577073047113E-004
          16          22   1.4184955446085379E-005
          16          23   2.1762848168955425E-004
          16          24  -8.0282310054894182E-005
          16          25  -1.0050209106319385E-004
          17           1   9.2564394671711863E-004
          17           2   2.9676009904037529E-003
          17           3  -1.3758613944805668E-003
          17           4  -3.7873674840580181E-004
          17           5  -1.2174036198058095E-012
          17           6   1.0767436954718805E-012
          17           7  -2.5905414086392197E-012
          17           8   1.6648509357463117E-013
          17           9  -1.3093654141452400E-014
          17          10   7.5853281671557474E-014
          17          11   4.6221858540141142E-015
          17          12   2.6122175119183529E-014
          17          13  -2.1912110127761947E-014
          17          14  -4.9165172296435859E-004
          17          15   4.4458788516657630E-004
          17          16   4.1003455166461588E-004
          17          17   9.4297801599927550E-004
          17          18  -3.4786096602580874E-004
          17          19  -8.6901145816757229E-005
          17          20  -6.5891971757220228E-004
          17          21   2.3937659234870456E-004
          17          22  -1.7343056879767413E-004
          17          23   5.0772158328646875E-004
          17          24  -1.8729653959201562E-004
          17          25  -4.4099246260537498E-004
          18           1  -3.4146649448176533E-004
          18           2  -1.0947366189539808E-003
          18           3   5.0754998020559534E-004
          18           4   1.3971452995697212E-004
          18           5  -1.0194716652850237E-012
          18           6   2.3894065005315209E-012
          18           7  -2.2350896657843624E-012
          18           8  -2.4700610254647410E-014
          18           9  -6.4836876633549994E-014
          18          10   5.1788277969728182E-014
          18          11  -4.4354092844737668E-014
          18          12   7.1290280190613526E-014
          18          13  -8.4579418937005280E-014
          18          14   1.8136843112352303E-004
          18          15  -1.6400676218684547E-004
          18          16  -1.5126017020421852E-004
          18          17  -3.4786096602580874E-004
          18          18   1.2832457345909304E-004
          18          19   3.2057498761154591E-005
          18          20   2.4307295178604117E-004
          18          21  -8.8305104948270996E-005
          18          22   6.3977870629023940E-005
          18          23  -1.8729654080505405E-004
          18          24   6.9092973639744602E-005
          18          25   1.6268042496411588E-004
          19           1  -2.3120388084961925E-003
          19           2  -5.3697611617683260E-003
          19           3   1.5676442905380832E-006
          19           4  -2.2568277708975214E-004
          19           5  -2.1985460819719567E-012
          19           6  -1.8460243228100259E-012
          19           7  -1.9607498202504562E-012
          19           8   4.4394086829582287E-014
          19           9   4.3964775823051848E-014
          19          10   5.2592896000691884E-014
          19          11  -7.3375924111391881E-014
          19          12  -5.3356544827106520E-014
          19          13  -6.5481264279037636E-014
          19          14   6.6369276294342210E-005
          19          15  -4.0971471249796209E-005
          19          16  -1.6726585040480815E-005
          19          17  -8.6901145816757229E-005
          19          18   3.2057498761154591E-005
          19          19   2.9069054788287157E-005
          19          20   1.5332723429820985E-004
          19          21  -2.3542211385038660E-005
          19          22   1.0558034306206643E-004
          19          23  -4.9933407213850758E-005
          19          24   1.8420241831768274E-005
          19          25   1.3189452254433280E-004
          20           1   3.0241925873657183E-003
          20           2  -3.7375764699529225E-002
          20           3   4.8081644108870084E-005
          20           4  -1.5475658638253234E-003
          20           5   5.2999691806285565E-012
          20           6   3.8531136004937113E-012
          20           7   4.8463364268108443E-012
          20           8  -2.2154226807414071E-013
          20           9  -1.1344377116459488E-013
          20          10  -1.0008886487255640E-013
          20          11   8.5333658004795516E-014
          20          12   1.1415108065865067E-013
          20          13   7.7816870719861828E-014
          20          14   4.3615263550277831E-004
          20          15  -3.1066230495321439E-004
          20          16  -1.9391387263383814E-004
          20          17  -6.5891971757220228E-004
          20          18   2.4307295178604117E-004
          20          19   1.5332723429820985E-004
          20          20   1.1268992444410048E-003
          20          21  -1.8392676333355251E-004
          20          22   7.5387009175626536E-004
          20          23  -3.9011160924054024E-004
          20          24   1.4391067199355455E-004
          20          25   9.5945323709592870E-004
          21           1   3.0576256931238871E-005
          21           2   1.6357480968241878E-003
          21           3  -3.2689558587101382E-004
          21           4  -5.1062018258418967E-005
          21           5   4.3060809646282120E-012
          21           6   9.9046266319463272E-013
          21           7   4.9145531401088954E-012
          21           8  -7.3182247438171114E-014
          21           9  -2.1056393620260387E-014
          21          10  -1.2074282395708248E-013
          21          11   1.3622643723143429E-013
          21          12   2.7489420544358225E-014
          21          13   1.5691326524494497E-013
          21          14  -1.2628884201607585E-004
          21          15   1.1285939984929222E-004
          21          16   1.0260577073047113E-004
          21          17   2.3937659234870456E-004
          21          18  -8.8305104948270996E-005
          21          19  -2.3542211385038660E-005
          21          20  -1.8392676333355251E-004
          21          21   6.1292724748479840E-005
          21          22  -5.9616560473335636E-005
          21          23   1.3000285012002027E-004
          21          24  -4.7957551462228978E-005
          21          25  -1.2812617263123914E-004
          22           1   3.0862055083389719E-003
          22           2  -3.4058239269999069E-002
          22           3  -6.1490824408206831E-004
          22           4  -1.6511267696618548E-003
          22           5   2.2547385030317154E-013
          22           6   1.2640721890361939E-012
          22           7  -6.6577237450199946E-013
          22           8  -2.4761695158358397E-014
          22           9  -4.1200247089013585E-014
          22          10   4.2025250989398506E-014
          22          11  -3.9376327348390710E-014
          22          12   3.6376627049107317E-014
          22          13  -5.3484980482891272E-014
          22          14   1.8002123283600811E-004
          22          15  -8.1767685698962541E-005
          22          16   1.4184955446085379E-005
          22          17  -1.7343056879767413E-004
          22          18   6.3977870629023940E-005
          22          19   1.0558034306206643E-004
          22          20   7.5387009175626536E-004
          22          21  -5.9616560473335636E-005
          22          22   6.3295938540526531E-004
          22          23  -1.2644767951408610E-004
          22          24   4.6646062279873458E-005
          22          25   6.9959547266957385E-004
          23           1   6.4852730784114708E-005
          23           2   3.4694479288204048E-003
          23           3  -6.9335076822900224E-004
          23           4  -1.0830335599290174E-004
          23           5   3.1476126337822691E-012
          23           6   1.4610540020532931E-012
          23           7   3.0754252472531542E-012
          23           8  -5.5756096849944692E-015
          23           9  -2.8667218731876555E-014
          23          10  -7.2382340186866177E-014
          23          11   1.1510774648288540E-013
          23          12   3.9726867155494400E-014
          23          13   1.1940842745799742E-013
          23          14  -2.6786065511011945E-004
          23          15   2.3937659325006839E-004
          23          16   2.1762848168955425E-004
          23          17   5.0772158328646875E-004
          23          18  -1.8729654080505405E-004
          23          19  -4.9933407213850758E-005
          23          20  -3.9011160924054024E-004
          23          21   1.3000285012002027E-004
          23          22  -1.2644767951408610E-004
          23          23   2.7573812566959868E-004
          23          24  -1.0171873416382818E-004
          23          25  -2.7175766332852803E-004
          24           1  -2.3923922682175423E-005
          24           2  -1.2798659747537211E-003
          24           3   2.5577443267783535E-004
          24           4   3.9952692773774300E-005
          24           5  -2.4203922307076904E-012
          24           6   3.6739639036212158E-012
          24           7  -4.7301966322066066E-012
          24           8   3.3538861452068996E-014
          24           9  -9.4750942754849623E-014
          24          10   1.1659592454381756E-013
          24          11  -7.9032965755109619E-014
          24          12   1.0769386988118598E-013
          24          13  -1.4847237048940066E-013
          24          14   9.8812765524724112E-005
          24          15  -8.8305104708866797E-005
          24          16  -8.0282310054894182E-005
          24          17  -1.8729653959201562E-004
          24          18   6.9092973639744602E-005
          24          19   1.8420241831768274E-005
          24          20   1.4391067199355455E-004
          24          21  -4.7957551462228978E-005
          24          22   4.6646062279873458E-005
          24          23  -1.0171873416382818E-004
          24          24   3.7523649857145282E-005
          24          25   1.0025035649590915E-004
          25           1   3.0520290609252422E-003
          25           2  -3.5886587797694929E-002
          25           3  -2.4952246579961249E-004
          25           4  -1.5940524704837616E-003
          25           5  -2.0035759116794077E-011
          25           6  -4.4370936705708886E-012
          25           7  -2.3736679510459601E-011
          25           8   4.4325042226024371E-013
          25           9   9.7190340486741696E-014
          25          10   6.1643820570762591E-013
          25          11  -6.4027538737175816E-013
          25          12  -1.2776727027821801E-013
          25          13  -7.3935160088539727E-013
          25          14   3.2117990402176499E-004
          25          15  -2.0791567060171698E-004
          25          16  -1.0050209106319385E-004
          25          17  -4.4099246260537498E-004
          25          18   1.6268042496411588E-004
          25          19   1.3189452254433280E-004
          25          20   9.5945323709592870E-004
          25          21  -1.2812617263123914E-004
          25          22   6.9959547266957385E-004
          25          23  -2.7175766332852803E-004
          25          24   1.0025035649590915E-004
          25          25   8.4280780902848277E-004
