           1           1   2.0850746070064323     
           1           2 -0.17644352572369087     
           1           3 -0.26601856375624744     
           1           4  -2.3677360400465107E-002
           1           5   2.1503699004670749E-011
           1           6   9.5344506184814296E-011
           1           7  -7.9122170607883354E-011
           1           8   8.8238492599682992E-012
           1           9   6.3541334175855317E-011
           1          10  -5.9135886572405693E-011
           1          11   2.0061094764274883E-012
           1          12   1.2260583208104467E-011
           1          13  -1.5406983167853362E-011
           1          14  -9.5592676988245657E-004
           1          15  -1.4783453924587463E-005
           1          16  -1.2013825230848046E-003
           1          17  -1.6309699744306548E-005
           1          18  -3.1353736694508024E-004
           1          19  -1.2548249703019890E-003
           1          20   1.0335426771602079E-002
           1          21   3.5859317280562266E-005
           1          22   1.0930813764561877E-002
           1          23   3.9561438157512520E-005
           1          24   7.6052836796668653E-004
           1          25   1.1060445837192789E-002
           2           1 -0.17644352572369087     
           2           2  0.46601674647294800     
           2           3  0.56710966523235740     
           2           4   4.7263691136156645E-002
           2           5  -5.1059647674909353E-011
           2           6  -8.6448825831943373E-011
           2           7   6.2365674399468625E-011
           2           8  -2.4784975893365010E-011
           2           9  -4.8763119318209123E-011
           2          10   4.8688030492821881E-011
           2          11  -4.0802197327017935E-012
           2          12  -2.3653480219576072E-011
           2          13   3.1601914371807914E-011
           2          14  -1.6903059547412266E-003
           2          15  -7.7625412389930150E-005
           2          16  -2.9791522545984366E-003
           2          17  -8.5639435488134687E-005
           2          18  -1.6463311695946170E-003
           2          19  -3.2597694029842862E-003
           2          20  -1.6570010911128023E-002
           2          21  -9.0016570642137330E-005
           2          22  -1.8064593054778949E-002
           2          23  -9.9309894409937017E-005
           2          24  -1.9091315959118872E-003
           2          25  -1.8390004563658618E-002
           3           1 -0.26601856375624744     
           3           2  0.56710966523235740     
           3           3  0.69365338904777119     
           3           4   5.8474930631927768E-002
           3           5   3.3755131669611690E-011
           3           6  -1.4901392094786983E-010
           3           7   1.1198916179377099E-010
           3           8   3.1939439234861153E-011
           3           9  -9.2020757004572422E-011
           3          10   8.4389537370256928E-011
           3          11  -8.1756281663717888E-013
           3          12  -2.9777751132206584E-011
           3          13   3.8560682240964911E-011
           3          14  -2.8759784022114746E-003
           3          15  -1.8005017625543685E-005
           3          16  -3.1749229222236990E-003
           3          17  -1.9863836343404426E-005
           3          18  -3.8186217943014453E-004
           3          19  -3.2400113276307438E-003
           3          20  -2.0199614743001588E-002
           3          21  -6.9139556463839325E-005
           3          22  -2.1347567328237321E-002
           3          23  -7.6277542703059062E-005
           3          24  -1.4663580425610390E-003
           3          25  -2.1597508089052444E-002
           4           1  -2.3677360400465107E-002
           4           2   4.7263691136156645E-002
           4           3   5.8474930631927768E-002
           4           4   5.1070374645353668E-003
           4           5  -1.9443250103741373E-010
           4           6  -8.0509082806670120E-010
           4           7   7.3739227922815508E-010
           4           8  -1.2868001989572173E-010
           4           9  -5.3469547393650115E-010
           4          10   4.9049546844076526E-010
           4          11  -8.6349977453536681E-012
           4          12  -3.6639912276127981E-011
           4          13   3.4406644625051296E-011
           4          14  -4.8142335774522464E-004
           4          15   1.9830572182129380E-005
           4          16  -1.5216826007809727E-004
           4          17   2.1877879145217434E-005
           4          18   4.2057997052286642E-004
           4          19  -8.0480402815107186E-005
           4          20  -1.6671802888771196E-003
           4          21   5.6706117449809029E-006
           4          22  -1.5730288243582459E-003
           4          23   6.2560434331460829E-006
           4          24   1.2026608112819265E-004
           4          25  -1.5525294729464136E-003
           5           1   2.1503699004670749E-011
           5           2  -5.1059647674909353E-011
           5           3   3.3755131669611690E-011
           5           4  -1.9443250103741373E-010
           5           5  0.45512961142542374     
           5           6  -1.0678222224145967E-002
           5           7  -1.1780640139411852E-002
           5           8  0.30203126033278743     
           5           9  -7.0862382299032578E-003
           5          10  -7.8178205069618784E-003
           5          11   1.9762428460220617E-002
           5          12  -4.6366468500347400E-004
           5          13  -5.1153358064723233E-004
           5          14  -3.0680821623369423E-011
           5          15  -5.5905366168182547E-011
           5          16  -3.6270491010215248E-011
           5          17   5.4259606057312166E-011
           5          18  -3.7510111246971926E-012
           5          19   1.8718740607643609E-011
           5          20   1.4198119399627426E-010
           5          21   5.8314579771331281E-011
           5          22   1.6937875678585541E-010
           5          23   6.4205727770605004E-012
           5          24   7.3254687661781213E-011
           5          25   9.3580046424882616E-011
           6           1   9.5344506184814296E-011
           6           2  -8.6448825831943373E-011
           6           3  -1.4901392094786983E-010
           6           4  -8.0509082806670120E-010
           6           5  -1.0678222224145967E-002
           6           6  0.25040711766997203     
           6           7 -0.22647083062336074     
           6           8  -7.0862381198611712E-003
           6           9  0.16617415233304422     
           6          10 -0.15028965084080381     
           6          11  -4.6366464265622589E-004
           6          12   1.0873062767923231E-002
           6          13  -9.8337123352698463E-003
           6          14  -1.3320966405122307E-010
           6          15  -4.9440613734565915E-011
           6          16  -4.1345920110656886E-012
           6          17   1.3442087300796569E-011
           6          18  -1.6328397775689938E-012
           6          19   1.1821807343829938E-010
           6          20   6.1407963224138186E-010
           6          21   2.4635713759653289E-010
           6          22   7.9166214281929825E-010
           6          23   1.6174036798798580E-010
           6          24   3.5052363026749189E-010
           6          25   5.2873266534843440E-010
           7           1  -7.9122170607883354E-011
           7           2   6.2365674399468625E-011
           7           3   1.1198916179377099E-010
           7           4   7.3739227922815508E-010
           7           5  -1.1780640139411852E-002
           7           6 -0.22647083062336074     
           7           7  0.20583342060886103     
           7           8  -7.8178206895524321E-003
           7           9 -0.15028965094477192     
           7          10  0.13659433680720953     
           7          11  -5.1153372019666077E-004
           7          12  -9.8337123218347790E-003
           7          13   8.9376042031037283E-003
           7          14   1.2189334923750754E-010
           7          15   4.7484985105351580E-011
           7          16   5.7416052090459303E-012
           7          17  -1.4703951615835974E-011
           7          18   2.3991544028388944E-012
           7          19  -1.0762769709816368E-010
           7          20  -5.6262235028290806E-010
           7          21  -2.2603220025793469E-010
           7          22  -7.2453517540387794E-010
           7          23  -1.4688480173825232E-010
           7          24  -3.2073722158680517E-010
           7          25  -4.8256158201096752E-010
           8           1   8.8238492599682992E-012
           8           2  -2.4784975893365010E-011
           8           3   3.1939439234861153E-011
           8           4  -1.2868001989572173E-010
           8           5  0.30203126033278743     
           8           6  -7.0862381198611712E-003
           8           7  -7.8178206895524321E-003
           8           8  0.20043275569899835     
           8           9  -4.7025404057999959E-003
           8          10  -5.1880303772342540E-003
           8          11   1.3114662340652873E-002
           8          12  -3.0769526019746966E-004
           8          13  -3.3946184272329533E-004
           8          14  -1.9779058446854668E-011
           8          15  -3.7155211573091562E-011
           8          16  -2.4410272580626101E-011
           8          17   3.5946287110685404E-011
           8          18  -3.6667350130811507E-012
           8          19   1.1880752014528778E-011
           8          20   9.3842060368049008E-011
           8          21   3.8667768175283977E-011
           8          22   1.1151352671409966E-010
           8          23   4.2269072441537090E-012
           8          24   4.7961529297775701E-011
           8          25   6.1101255344380655E-011
           9           1   6.3541334175855317E-011
           9           2  -4.8763119318209123E-011
           9           3  -9.2020757004572422E-011
           9           4  -5.3469547393650115E-010
           9           5  -7.0862382299032578E-003
           9           6  0.16617415233304422     
           9           7 -0.15028965094477192     
           9           8  -4.7025404057999959E-003
           9           9  0.11027581468351025     
           9          10  -9.9734606453755731E-002
           9          11  -3.0769523687335879E-004
           9          12   7.2155376633700769E-003
           9          13  -6.5258081594484849E-003
           9          14  -8.7081159864041630E-011
           9          15  -3.2931647307539526E-011
           9          16  -3.4516375661495821E-012
           9          17   8.7857125463606925E-012
           9          18  -3.6724865262731637E-012
           9          19   7.7302260972628633E-011
           9          20   4.0709120538611739E-010
           9          21   1.6342048372604689E-010
           9          22   5.2384134346754071E-010
           9          23   1.0726062973950468E-010
           9          24   2.3121250124921862E-010
           9          25   3.4911842756319996E-010
          10           1  -5.9135886572405693E-011
          10           2   4.8688030492821881E-011
          10           3   8.4389537370256928E-011
          10           4   4.9049546844076526E-010
          10           5  -7.8178205069618784E-003
          10           6 -0.15028965084080381     
          10           7  0.13659433680720953     
          10           8  -5.1880303772342540E-003
          10           9  -9.9734606453755731E-002
          10          10   9.0646177829676405E-002
          10          11  -3.3946192740215604E-004
          10          12  -6.5258081460183035E-003
          10          13   5.9311365236852428E-003
          10          14   8.0452335010047971E-011
          10          15   3.1548439788319474E-011
          10          16   3.9806564732124236E-012
          10          17  -9.7173458338036477E-012
          10          18   2.3693560874169932E-012
          10          19  -7.1120538105830453E-011
          10          20  -3.7358828838539518E-010
          10          21  -1.4997995359983682E-010
          10          22  -4.8072714343164690E-010
          10          23  -9.7454557306138172E-011
          10          24  -2.1245152704841262E-010
          10          25  -3.2008231816655726E-010
          11           1   2.0061094764274883E-012
          11           2  -4.0802197327017935E-012
          11           3  -8.1756281663717888E-013
          11           4  -8.6349977453536681E-012
          11           5   1.9762428460220617E-002
          11           6  -4.6366464265622589E-004
          11           7  -5.1153372019666077E-004
          11           8   1.3114662340652873E-002
          11           9  -3.0769523687335879E-004
          11          10  -3.3946192740215604E-004
          11          11   8.5811507061067790E-004
          11          12  -2.0133025514142318E-005
          11          13  -2.2211583786401417E-005
          11          14  -1.3231326248252934E-012
          11          15  -2.4274165341054380E-012
          11          16  -1.5645066572750477E-012
          11          17   2.3561245466515818E-012
          11          18  -1.6116567389236940E-013
          11          19   8.2350184501201208E-013
          11          20   6.2318752819756173E-012
          11          21   2.5323489799275953E-012
          11          22   7.4255035844258946E-012
          11          23   2.7905599888886373E-013
          11          24   3.1859203895867279E-012
          11          25   4.1350740413184846E-012
          12           1   1.2260583208104467E-011
          12           2  -2.3653480219576072E-011
          12           3  -2.9777751132206584E-011
          12           4  -3.6639912276127981E-011
          12           5  -4.6366468500347400E-004
          12           6   1.0873062767923231E-002
          12           7  -9.8337123218347790E-003
          12           8  -3.0769526019746966E-004
          12           9   7.2155376633700769E-003
          12          10  -6.5258081460183035E-003
          12          11  -2.0133025514142318E-005
          12          12   4.7212513388302679E-004
          12          13  -4.2699493746965061E-004
          12          14  -6.0691050693995835E-012
          12          15  -2.1119024185576101E-012
          12          16   1.1474673487444175E-013
          12          17   6.2216290912302355E-013
          12          18   6.6896825789190518E-013
          12          19   5.5535985770885358E-012
          12          20   2.7403873898450556E-011
          12          21   1.0717950901501290E-011
          12          22   3.5459209169060972E-011
          12          23   7.0459020629035535E-012
          12          24   1.5660238758185315E-011
          12          25   2.4117397871742754E-011
          13           1  -1.5406983167853362E-011
          13           2   3.1601914371807914E-011
          13           3   3.8560682240964911E-011
          13           4   3.4406644625051296E-011
          13           5  -5.1153358064723233E-004
          13           6  -9.8337123352698463E-003
          13           7   8.9376042031037283E-003
          13           8  -3.3946184272329533E-004
          13           9  -6.5258081594484849E-003
          13          10   5.9311365236852428E-003
          13          11  -2.2211583786401417E-005
          13          12  -4.2699493746965061E-004
          13          13   3.8808454261240902E-004
          13          14   5.7645422422829191E-012
          13          15   2.0062238386765736E-012
          13          16  -2.0288137792135320E-013
          13          17  -6.9986062872446862E-013
          13          18  -1.0760313777071299E-012
          13          19  -5.3267173064160444E-012
          13          20  -2.5508161927311313E-011
          13          21  -9.8474840803618795E-012
          13          22  -3.3083552679262720E-011
          13          23  -6.4141702115624029E-012
          13          24  -1.4622924854055399E-011
          13          25  -2.2695323210598967E-011
          14           1  -9.5592676988245657E-004
          14           2  -1.6903059547412266E-003
          14           3  -2.8759784022114746E-003
          14           4  -4.8142335774522464E-004
          14           5  -3.0680821623369423E-011
          14           6  -1.3320966405122307E-010
          14           7   1.2189334923750754E-010
          14           8  -1.9779058446854668E-011
          14           9  -8.7081159864041630E-011
          14          10   8.0452335010047971E-011
          14          11  -1.3231326248252934E-012
          14          12  -6.0691050693995835E-012
          14          13   5.7645422422829191E-012
          14          14   3.4166925000283648E-004
          14          15  -2.8789686226085235E-005
          14          16  -1.3633766475998452E-004
          14          17  -3.1761929548258668E-005
          14          18  -6.1059079916786442E-004
          14          19  -2.4041286787787161E-004
          14          20   3.1896392898280134E-005
          14          21  -1.5336411520331778E-005
          14          22  -2.2274031855863382E-004
          14          23  -1.6919741594002155E-005
          14          24  -3.2526482074012942E-004
          14          25  -2.7818170796063365E-004
          15           1  -1.4783453924587463E-005
          15           2  -7.7625412389930150E-005
          15           3  -1.8005017625543685E-005
          15           4   1.9830572182129380E-005
          15           5  -5.5905366168182547E-011
          15           6  -4.9440613734565915E-011
          15           7   4.7484985105351580E-011
          15           8  -3.7155211573091562E-011
          15           9  -3.2931647307539526E-011
          15          10   3.1548439788319474E-011
          15          11  -2.4274165341054380E-012
          15          12  -2.1119024185576101E-012
          15          13   2.0062238386765736E-012
          15          14  -2.8789686226085235E-005
          15          15   2.5852271580788849E-006
          15          16   1.4133895724977788E-005
          15          17   2.8521256538965610E-006
          15          18   5.4829215630891601E-005
          15          19   2.3479535653734472E-005
          15          20   5.1395151795965160E-006
          15          21   1.3919452824523968E-006
          15          22   2.8250551969556778E-005
          15          23   1.5356496275099940E-006
          15          24   2.9521301915975569E-005
          15          25   3.3282457956849638E-005
          16           1  -1.2013825230848046E-003
          16           2  -2.9791522545984366E-003
          16           3  -3.1749229222236990E-003
          16           4  -1.5216826007809727E-004
          16           5  -3.6270491010215248E-011
          16           6  -4.1345920110656886E-012
          16           7   5.7416052090459303E-012
          16           8  -2.4410272580626101E-011
          16           9  -3.4516375661495821E-012
          16          10   3.9806564732124236E-012
          16          11  -1.5645066572750477E-012
          16          12   1.1474673487444175E-013
          16          13  -2.0288137792135320E-013
          16          14  -1.3633766475998452E-004
          16          15   1.4133895724977788E-005
          16          16   9.8333175602888820E-005
          16          17   1.5593077092911703E-005
          16          18   2.9976105254097711E-004
          16          19   1.4942744767542070E-004
          16          20   1.1722985767336282E-004
          16          21   7.7746242689662719E-006
          16          22   2.4631512517203906E-004
          16          23   8.5772761039034066E-006
          16          24   1.6488940710760740E-004
          16          25   2.7442052516380848E-004
          17           1  -1.6309699744306548E-005
          17           2  -8.5639435488134687E-005
          17           3  -1.9863836343404426E-005
          17           4   2.1877879145217434E-005
          17           5   5.4259606057312166E-011
          17           6   1.3442087300796569E-011
          17           7  -1.4703951615835974E-011
          17           8   3.5946287110685404E-011
          17           9   8.7857125463606925E-012
          17          10  -9.7173458338036477E-012
          17          11   2.3561245466515818E-012
          17          12   6.2216290912302355E-013
          17          13  -6.9986062872446862E-013
          17          14  -3.1761929548258668E-005
          17          15   2.8521256538965610E-006
          17          16   1.5593077092911703E-005
          17          17   3.1465787136709321E-006
          17          18   6.0489776302714416E-005
          17          19   2.5903559601031023E-005
          17          20   5.6701175312995374E-006
          17          21   1.5356495203760505E-006
          17          22   3.1167134554386142E-005
          17          23   1.6941898820882470E-006
          17          24   3.2569077031727723E-005
          17          25   3.6718533817975612E-005
          18           1  -3.1353736694508024E-004
          18           2  -1.6463311695946170E-003
          18           3  -3.8186217943014453E-004
          18           4   4.2057997052286642E-004
          18           5  -3.7510111246971926E-012
          18           6  -1.6328397775689938E-012
          18           7   2.3991544028388944E-012
          18           8  -3.6667350130811507E-012
          18           9  -3.6724865262731637E-012
          18          10   2.3693560874169932E-012
          18          11  -1.6116567389236940E-013
          18          12   6.6896825789190518E-013
          18          13  -1.0760313777071299E-012
          18          14  -6.1059079916786442E-004
          18          15   5.4829215630891601E-005
          18          16   2.9976105254097711E-004
          18          17   6.0489776302714416E-005
          18          18   1.1628544429081451E-003
          18          19   4.9796959497453927E-004
          18          20   1.0900224769513423E-004
          18          21   2.9521300577819874E-005
          18          22   5.9915647454763707E-004
          18          23   3.2569077827589946E-005
          18          24   6.2610738963430170E-004
          18          25   7.0587648071661227E-004
          19           1  -1.2548249703019890E-003
          19           2  -3.2597694029842862E-003
          19           3  -3.2400113276307438E-003
          19           4  -8.0480402815107186E-005
          19           5   1.8718740607643609E-011
          19           6   1.1821807343829938E-010
          19           7  -1.0762769709816368E-010
          19           8   1.1880752014528778E-011
          19           9   7.7302260972628633E-011
          19          10  -7.1120538105830453E-011
          19          11   8.2350184501201208E-013
          19          12   5.5535985770885358E-012
          19          13  -5.3267173064160444E-012
          19          14  -2.4041286787787161E-004
          19          15   2.3479535653734472E-005
          19          16   1.4942744767542070E-004
          19          17   2.5903559601031023E-005
          19          18   4.9796959497453927E-004
          19          19   2.3430636625571897E-004
          19          20   1.3580929092645697E-004
          19          21   1.2806530019080453E-005
          19          22   3.4844134749833887E-004
          19          23   1.4128675493119171E-005
          19          24   2.7160941308379435E-004
          19          25   3.9473717278245912E-004
          20           1   1.0335426771602079E-002
          20           2  -1.6570010911128023E-002
          20           3  -2.0199614743001588E-002
          20           4  -1.6671802888771196E-003
          20           5   1.4198119399627426E-010
          20           6   6.1407963224138186E-010
          20           7  -5.6262235028290806E-010
          20           8   9.3842060368049008E-011
          20           9   4.0709120538611739E-010
          20          10  -3.7358828838539518E-010
          20          11   6.2318752819756173E-012
          20          12   2.7403873898450556E-011
          20          13  -2.5508161927311313E-011
          20          14   3.1896392898280134E-005
          20          15   5.1395151795965160E-006
          20          16   1.1722985767336282E-004
          20          17   5.6701175312995374E-006
          20          18   1.0900224769513423E-004
          20          19   1.3580929092645697E-004
          20          20   6.0152335051060954E-004
          20          21   4.4803388265577103E-006
          20          22   6.7591225573323946E-004
          20          23   4.9428893899533890E-006
          20          24   9.5022016746484353E-005
          20          25   6.9210875956454633E-004
          21           1   3.5859317280562266E-005
          21           2  -9.0016570642137330E-005
          21           3  -6.9139556463839325E-005
          21           4   5.6706117449809029E-006
          21           5   5.8314579771331281E-011
          21           6   2.4635713759653289E-010
          21           7  -2.2603220025793469E-010
          21           8   3.8667768175283977E-011
          21           9   1.6342048372604689E-010
          21          10  -1.4997995359983682E-010
          21          11   2.5323489799275953E-012
          21          12   1.0717950901501290E-011
          21          13  -9.8474840803618795E-012
          21          14  -1.5336411520331778E-005
          21          15   1.3919452824523968E-006
          21          16   7.7746242689662719E-006
          21          17   1.5356495203760505E-006
          21          18   2.9521300577819874E-005
          21          19   1.2806530019080453E-005
          21          20   4.4803388265577103E-006
          21          21   7.5594966982457038E-007
          21          22   1.7031680377387270E-005
          21          23   8.3399386897016324E-007
          21          24   1.6032683722668378E-005
          21          25   1.9764451361499536E-005
          22           1   1.0930813764561877E-002
          22           2  -1.8064593054778949E-002
          22           3  -2.1347567328237321E-002
          22           4  -1.5730288243582459E-003
          22           5   1.6937875678585541E-010
          22           6   7.9166214281929825E-010
          22           7  -7.2453517540387794E-010
          22           8   1.1151352671409966E-010
          22           9   5.2384134346754071E-010
          22          10  -4.8072714343164690E-010
          22          11   7.4255035844258946E-012
          22          12   3.5459209169060972E-011
          22          13  -3.3083552679262720E-011
          22          14  -2.2274031855863382E-004
          22          15   2.8250551969556778E-005
          22          16   2.4631512517203906E-004
          22          17   3.1167134554386142E-005
          22          18   5.9915647454763707E-004
          22          19   3.4844134749833887E-004
          22          20   6.7591225573323946E-004
          22          21   1.7031680377387270E-005
          22          22   9.5869621821171507E-004
          22          23   1.8790030699206081E-005
          22          24   3.6121922194718971E-004
          22          25   1.0202660363931206E-003
          23           1   3.9561438157512520E-005
          23           2  -9.9309894409937017E-005
          23           3  -7.6277542703059062E-005
          23           4   6.2560434331460829E-006
          23           5   6.4205727770605004E-012
          23           6   1.6174036798798580E-010
          23           7  -1.4688480173825232E-010
          23           8   4.2269072441537090E-012
          23           9   1.0726062973950468E-010
          23          10  -9.7454557306138172E-011
          23          11   2.7905599888886373E-013
          23          12   7.0459020629035535E-012
          23          13  -6.4141702115624029E-012
          23          14  -1.6919741594002155E-005
          23          15   1.5356496275099940E-006
          23          16   8.5772761039034066E-006
          23          17   1.6941898820882470E-006
          23          18   3.2569077827589946E-005
          23          19   1.4128675493119171E-005
          23          20   4.9428893899533890E-006
          23          21   8.3399386897016324E-007
          23          22   1.8790030699206081E-005
          23          23   9.2009534661385255E-007
          23          24   1.7687897040748640E-005
          23          25   2.1804932797884829E-005
          24           1   7.6052836796668653E-004
          24           2  -1.9091315959118872E-003
          24           3  -1.4663580425610390E-003
          24           4   1.2026608112819265E-004
          24           5   7.3254687661781213E-011
          24           6   3.5052363026749189E-010
          24           7  -3.2073722158680517E-010
          24           8   4.7961529297775701E-011
          24           9   2.3121250124921862E-010
          24          10  -2.1245152704841262E-010
          24          11   3.1859203895867279E-012
          24          12   1.5660238758185315E-011
          24          13  -1.4622924854055399E-011
          24          14  -3.2526482074012942E-004
          24          15   2.9521301915975569E-005
          24          16   1.6488940710760740E-004
          24          17   3.2569077031727723E-005
          24          18   6.2610738963430170E-004
          24          19   2.7160941308379435E-004
          24          20   9.5022016746484353E-005
          24          21   1.6032683722668378E-005
          24          22   3.6121922194718971E-004
          24          23   1.7687897040748640E-005
          24          24   3.4003182700091943E-004
          24          25   4.1917764778384953E-004
          25           1   1.1060445837192789E-002
          25           2  -1.8390004563658618E-002
          25           3  -2.1597508089052444E-002
          25           4  -1.5525294729464136E-003
          25           5   9.3580046424882616E-011
          25           6   5.2873266534843440E-010
          25           7  -4.8256158201096752E-010
          25           8   6.1101255344380655E-011
          25           9   3.4911842756319996E-010
          25          10  -3.2008231816655726E-010
          25          11   4.1350740413184846E-012
          25          12   2.4117397871742754E-011
          25          13  -2.2695323210598967E-011
          25          14  -2.7818170796063365E-004
          25          15   3.3282457956849638E-005
          25          16   2.7442052516380848E-004
          25          17   3.6718533817975612E-005
          25          18   7.0587648071661227E-004
          25          19   3.9473717278245912E-004
          25          20   6.9210875956454633E-004
          25          21   1.9764451361499536E-005
          25          22   1.0202660363931206E-003
          25          23   2.1804932797884829E-005
          25          24   4.1917764778384953E-004
          25          25   1.0917148684159422E-003
