           1           1   2.1515056082911426     
           1           2  0.49898713744943946     
           1           3 -0.48062066565477174     
           1           4  -4.0029204881441696E-002
           1           5  -6.9385217543525698E-014
           1           6   4.4055089160513805E-014
           1           7  -1.0787052223363226E-014
           1           8   4.3735290581448346E-014
           1           9  -1.7941298192942819E-014
           1          10   9.3645599342092451E-015
           1          11   9.6672609687057087E-015
           1          12  -1.0091830828970961E-014
           1          13  -1.9322030538960751E-015
           1          14   3.7875532521346081E-002
           1          15  -4.1303589060593066E-015
           1          16   3.7875532521437008E-002
           1          17  -2.0464701856444314E-015
           1          18  -2.5767155668786965E-015
           1          19   3.7875532520902533E-002
           1          20   5.3695464785623342E-002
           1          21  -3.3174393656140105E-015
           1          22   5.3695464785717253E-002
           1          23   2.3414857154241939E-015
           1          24  -6.4074442493477807E-015
           1          25   5.3695464785216140E-002
           2           1  0.49898713744943946     
           2           2   9.0350407683677254     
           2           3 -0.58114062663587041     
           2           4  0.78462815779027606     
           2           5  -1.0579299064980078E-012
           2           6   5.6495320700065001E-013
           2           7  -1.8933685992571486E-013
           2           8   5.1641551344053361E-013
           2           9  -2.8361714858499066E-013
           2          10   2.9744563338336409E-014
           2          11  -9.6313745571461262E-014
           2          12   3.1505211125695614E-014
           2          13  -5.5787094832476634E-015
           2          14  -1.8309654635510662     
           2          15   6.8764827571040652E-015
           2          16  -1.8309654635511519     
           2          17   1.2280960148408397E-014
           2          18  -2.6652574202263301E-014
           2          19  -1.8309654635508110     
           2          20  -1.1285861113374414     
           2          21  -3.4778411897838512E-014
           2          22  -1.1285861113374989     
           2          23  -1.3258777106544344E-014
           2          24   8.0431056037355251E-016
           2          25  -1.1285861113372506     
           3           1 -0.48062066565477174     
           3           2 -0.58114062663587041     
           3           3  0.13209693363450181     
           3           4  -3.2863736487078396E-002
           3           5   6.8258633462031583E-014
           3           6  -4.9431672263043497E-014
           3           7  -3.4424157997997659E-014
           3           8  -3.5155129289210069E-014
           3           9   2.5013716082565905E-014
           3          10   2.4742015546501177E-014
           3          11   2.9365419396371506E-015
           3          12   9.7557616124696138E-018
           3          13  -1.3774684819477701E-015
           3          14   8.8416528399916483E-002
           3          15   5.1012856009726983E-016
           3          16   8.8416528399901800E-002
           3          17  -2.1452619920574334E-016
           3          18   1.9476091162790641E-015
           3          19   8.8416528399996724E-002
           3          20   4.8089883419514971E-002
           3          21   2.5319217946845152E-015
           3          22   4.8089883419498158E-002
           3          23   2.0371602930683836E-016
           3          24   1.3107411373871072E-015
           3          25   4.8089883419590904E-002
           4           1  -4.0029204881441696E-002
           4           2  0.78462815779027606     
           4           3  -3.2863736487078396E-002
           4           4   7.1411192517384703E-002
           4           5  -5.7911449659933859E-014
           4           6   8.4058046536171701E-014
           4           7  -6.7368549898366976E-015
           4           8   2.3927578755160726E-014
           4           9  -4.6055878260739278E-014
           4          10  -3.5942818148838546E-015
           4          11  -7.4584911064943992E-015
           4          12   4.7819443176956905E-015
           4          13   1.1088109756255681E-017
           4          14 -0.16446159655183606     
           4          15   7.7419079876485614E-016
           4          16 -0.16446159655184728     
           4          17   1.1734552795485534E-015
           4          18  -2.2712237913120784E-015
           4          19 -0.16446159655179596     
           4          20 -0.10256342370593412     
           4          21  -2.9654354906918889E-015
           4          22 -0.10256342370594292     
           4          23  -1.2720702272583910E-015
           4          24   3.2307727451397132E-016
           4          25 -0.10256342370590113     
           5           1  -6.9385217543525698E-014
           5           2  -1.0579299064980078E-012
           5           3   6.8258633462031583E-014
           5           4  -5.7911449659933859E-014
           5           5   1.3530668833219863     
           5           6   1.3218548709762479     
           5           7 -0.23396719162335389     
           5           8 -0.82003124969836605     
           5           9 -0.80111509277740733     
           5          10  0.14179669231447400     
           5          11   6.0279670995946902E-002
           5          12   5.8889163358427407E-002
           5          13  -1.0423331993959090E-002
           5          14   1.7793909925910179E-013
           5          15  -4.9813812928283183E-015
           5          16   2.1109401430738015E-013
           5          17  -1.0594734919950864E-015
           5          18  -1.3732182504045001E-014
           5          19   2.1112202532919988E-013
           5          20   1.1938398526043492E-013
           5          21   1.5506728359470385E-014
           5          22   1.4693785926340721E-013
           5          23   5.9830260055996980E-015
           5          24   4.0202120705313983E-015
           5          25   1.2450116019714295E-013
           6           1   4.4055089160513805E-014
           6           2   5.6495320700065001E-013
           6           3  -4.9431672263043497E-014
           6           4   8.4058046536171701E-014
           6           5   1.3218548709762479     
           6           6   1.3729217134979899     
           6           7  0.23221664574059592     
           6           8 -0.80111509277740423     
           6           9 -0.83206434385096939     
           6          10 -0.14073576742925259     
           6          11   5.8889163358436677E-002
           6          12   6.1164211623931437E-002
           6          13   1.0345344474515565E-002
           6          14  -1.5519736015227654E-013
           6          15  -6.0315494418829527E-015
           6          16  -1.1707341540915516E-013
           6          17  -1.7833015387039687E-015
           6          18  -1.4662059331102005E-014
           6          19  -1.1445071603310616E-013
           6          20  -8.0934278925820514E-014
           6          21   1.9101407170424511E-014
           6          22  -4.8937917064436412E-014
           6          23   7.2897151210258684E-015
           6          24   4.2951320242797547E-015
           6          25  -7.5841306304699065E-014
           7           1  -1.0787052223363226E-014
           7           2  -1.8933685992571486E-013
           7           3  -3.4424157997997659E-014
           7           4  -6.7368549898366976E-015
           7           5 -0.23396719162335389     
           7           6  0.23221664574059592     
           7           7   2.6437842979289656     
           7           8  0.14179669231447156     
           7           9 -0.14073576742925198     
           7          10  -1.6022753704834347     
           7          11  -1.0423331993957809E-002
           7          12   1.0345344474516963E-002
           7          13  0.11778164821543018     
           7          14   7.0170784231556175E-015
           7          15  -5.7210241239702274E-015
           7          16   3.3678754833709918E-014
           7          17  -4.0443204645864067E-015
           7          18  -4.6687111203410260E-015
           7          19   4.8336888286516058E-014
           7          20   3.0358181457435229E-014
           7          21   1.9648583526808955E-014
           7          22   5.4283580051000415E-014
           7          23   7.1276418830229817E-015
           7          24   1.3820061623297623E-015
           7          25   3.0003503411025005E-014
           8           1   4.3735290581448346E-014
           8           2   5.1641551344053361E-013
           8           3  -3.5155129289210069E-014
           8           4   2.3927578755160726E-014
           8           5 -0.82003124969836605     
           8           6 -0.80111509277740423     
           8           7  0.14179669231447156     
           8           8  0.49698300857892058     
           8           9  0.48551880086636506     
           8          10  -8.5936416177926689E-002
           8          11  -3.6532720257591030E-002
           8          12  -3.5689997898655852E-002
           8          13   6.3170993735665107E-003
           8          14  -8.1999426277098734E-014
           8          15   3.0189847797862794E-015
           8          16  -1.0209308665398268E-013
           8          17   6.4209787584908591E-016
           8          18   8.3224406115324746E-015
           8          19  -1.0211006283861975E-013
           8          20  -5.6302362745143611E-014
           8          21  -9.3979107700347260E-015
           8          22  -7.3001491229622422E-014
           8          23  -3.6260353075110840E-015
           8          24  -2.4364645745792501E-015
           8          25  -5.9403645771136587E-014
           9           1  -1.7941298192942819E-014
           9           2  -2.8361714858499066E-013
           9           3   2.5013716082565905E-014
           9           4  -4.6055878260739278E-014
           9           5 -0.80111509277740733     
           9           6 -0.83206434385096939     
           9           7 -0.14073576742925198     
           9           8  0.48551880086636506     
           9           9  0.50427571033470864     
           9          10   8.5293438679783756E-002
           9          11  -3.5689997898661611E-002
           9          12  -3.7068799416364429E-002
           9          13  -6.2698347454701441E-003
           9          14   8.2507868897565773E-014
           9          15   3.6554431177130736E-015
           9          16   5.9402709473089404E-014
           9          17   1.0807765731300861E-015
           9          18   8.8859959434642531E-015
           9          19   5.7813212698441224E-014
           9          20   4.2009958760015440E-014
           9          21  -1.1576479319709638E-014
           9          22   2.2618443878966894E-014
           9          23  -4.4179591373662631E-015
           9          24  -2.6030808416818510E-015
           9          25   3.8923343637986950E-014
          10           1   9.3645599342092451E-015
          10           2   2.9744563338336409E-014
          10           3   2.4742015546501177E-014
          10           4  -3.5942818148838546E-015
          10           5  0.14179669231447400     
          10           6 -0.14073576742925259     
          10           7  -1.6022753704834347     
          10           8  -8.5936416177926689E-002
          10           9   8.5293438679783756E-002
          10          10  0.97106498622786164     
          10          11   6.3170993735658446E-003
          10          12  -6.2698347454710202E-003
          10          13  -7.1382008803956717E-002
          10          14   1.3465650986579689E-014
          10          15   3.4672480863736376E-015
          10          16  -2.6927578071680174E-015
          10          17   2.4510755570433111E-015
          10          18   2.8294898513033925E-015
          10          19  -1.1576374457400234E-014
          10          20  -7.3698072557835000E-015
          10          21  -1.1908097598791945E-014
          10          22  -2.1869884635582020E-014
          10          23  -4.3197340447705532E-015
          10          24  -8.3757000807215916E-016
          10          25  -7.1548532980605540E-015
          11           1   9.6672609687057087E-015
          11           2  -9.6313745571461262E-014
          11           3   2.9365419396371506E-015
          11           4  -7.4584911064943992E-015
          11           5   6.0279670995946902E-002
          11           6   5.8889163358436677E-002
          11           7  -1.0423331993957809E-002
          11           8  -3.6532720257591030E-002
          11           9  -3.5689997898661611E-002
          11          10   6.3170993735658446E-003
          11          11   2.6854834599590988E-003
          11          12   2.6235357883841468E-003
          11          13  -4.6436361056629910E-004
          11          14   1.8906876817364740E-014
          11          15  -2.2192252957957550E-016
          11          16   2.0383941547604579E-014
          11          17  -4.7199967949641325E-017
          11          18  -6.1177422461752819E-016
          11          19   2.0385189449827620E-014
          11          20   1.2307435132484299E-014
          11          21   6.9083095244912217E-016
          11          22   1.3534971243254034E-014
          11          23   2.6654620227821260E-016
          11          24   1.7910205617517466E-016
          11          25   1.2535407323223768E-014
          12           1  -1.0091830828970961E-014
          12           2   3.1505211125695614E-014
          12           3   9.7557616124696138E-018
          12           4   4.7819443176956905E-015
          12           5   5.8889163358427407E-002
          12           6   6.1164211623931437E-002
          12           7   1.0345344474516963E-002
          12           8  -3.5689997898655852E-002
          12           9  -3.7068799416364429E-002
          12          10  -6.2698347454710202E-003
          12          11   2.6235357883841468E-003
          12          12   2.7248900988283095E-003
          12          13   4.6088923537359488E-004
          12          14  -9.0099455746724764E-015
          12          15  -2.6870794077803631E-016
          12          16  -7.3115085834871539E-015
          12          17  -7.9446797024310538E-017
          12          18  -6.5320060929424168E-016
          12          19  -7.1946662769737810E-015
          12          20  -5.0747559805532861E-015
          12          21   8.5097533165967827E-016
          12          22  -3.6493052583132207E-015
          12          23   3.2475972515910134E-016
          12          24   1.9134985010651885E-016
          12          25  -4.8478620126495955E-015
          13           1  -1.9322030538960751E-015
          13           2  -5.5787094832476634E-015
          13           3  -1.3774684819477701E-015
          13           4   1.1088109756255681E-017
          13           5  -1.0423331993959090E-002
          13           6   1.0345344474515565E-002
          13           7  0.11778164821543018     
          13           8   6.3170993735665107E-003
          13           9  -6.2698347454701441E-003
          13          10  -7.1382008803956717E-002
          13          11  -4.6436361056629910E-004
          13          12   4.6088923537359488E-004
          13          13   5.2472195508576546E-003
          13          14  -3.7154672357861513E-016
          13          15  -2.5487391362801674E-016
          13          16   8.1624162749122977E-016
          13          17  -1.8017609477578075E-016
          13          18  -2.0799294830001842E-016
          13          19   1.4692673373371803E-015
          13          20   9.0776377250698979E-016
          13          21   8.7535225725450580E-016
          13          22   1.9736498520818568E-015
          13          23   3.1753929756274684E-016
          13          24   6.1568927453960306E-017
          13          25   8.9196272363786076E-016
          14           1   3.7875532521346081E-002
          14           2  -1.8309654635510662     
          14           3   8.8416528399916483E-002
          14           4 -0.16446159655183606     
          14           5   1.7793909925910179E-013
          14           6  -1.5519736015227654E-013
          14           7   7.0170784231556175E-015
          14           8  -8.1999426277098734E-014
          14           9   8.2507868897565773E-014
          14          10   1.3465650986579689E-014
          14          11   1.8906876817364740E-014
          14          12  -9.0099455746724764E-015
          14          13  -3.7154672357861513E-016
          14          14  0.38014430666057419     
          14          15  -1.6886838513319539E-015
          14          16  0.38014430666059779     
          14          17  -2.6670684314407180E-015
          14          18   5.3288895461386243E-015
          14          19  0.38014430666049254     
          14          20  0.23630272731748284     
          14          21   6.9564976569946188E-015
          14          22  0.23630272731750082     
          14          23   2.8880651785954924E-015
          14          24  -5.8521987303951627E-016
          14          25  0.23630272731741678     
          15           1  -4.1303589060593066E-015
          15           2   6.8764827571040652E-015
          15           3   5.1012856009726983E-016
          15           4   7.7419079876485614E-016
          15           5  -4.9813812928283183E-015
          15           6  -6.0315494418829527E-015
          15           7  -5.7210241239702274E-015
          15           8   3.0189847797862794E-015
          15           9   3.6554431177130736E-015
          15          10   3.4672480863736376E-015
          15          11  -2.2192252957957550E-016
          15          12  -2.6870794077803631E-016
          15          13  -2.5487391362801674E-016
          15          14  -1.6886838513319539E-015
          15          15   4.9793180384482486E-029
          15          16  -1.6886838513324263E-015
          15          17   2.9722361726548665E-029
          15          18   5.0425027632315774E-029
          15          19  -1.6886838513310290E-015
          15          20  -1.1053313611753407E-015
          15          21  -1.3705262049384977E-028
          15          22  -1.1053313611757647E-015
          15          23  -5.9282648576937366E-029
          15          24  -5.7401405780253278E-030
          15          25  -1.1053313611743286E-015
          16           1   3.7875532521437008E-002
          16           2  -1.8309654635511519     
          16           3   8.8416528399901800E-002
          16           4 -0.16446159655184728     
          16           5   2.1109401430738015E-013
          16           6  -1.1707341540915516E-013
          16           7   3.3678754833709918E-014
          16           8  -1.0209308665398268E-013
          16           9   5.9402709473089404E-014
          16          10  -2.6927578071680174E-015
          16          11   2.0383941547604579E-014
          16          12  -7.3115085834871539E-015
          16          13   8.1624162749122977E-016
          16          14  0.38014430666059779     
          16          15  -1.6886838513324263E-015
          16          16  0.38014430666062143     
          16          17  -2.6670684314410355E-015
          16          18   5.3288895461384034E-015
          16          19  0.38014430666051613     
          16          20  0.23630272731749877     
          16          21   6.9564976569955433E-015
          16          22  0.23630272731751675     
          16          23   2.8880651785960044E-015
          16          24  -5.8521987303969001E-016
          16          25  0.23630272731743271     
          17           1  -2.0464701856444314E-015
          17           2   1.2280960148408397E-014
          17           3  -2.1452619920574334E-016
          17           4   1.1734552795485534E-015
          17           5  -1.0594734919950864E-015
          17           6  -1.7833015387039687E-015
          17           7  -4.0443204645864067E-015
          17           8   6.4209787584908591E-016
          17           9   1.0807765731300861E-015
          17          10   2.4510755570433111E-015
          17          11  -4.7199967949641325E-017
          17          12  -7.9446797024310538E-017
          17          13  -1.8017609477578075E-016
          17          14  -2.6670684314407180E-015
          17          15   2.9722361726548665E-029
          17          16  -2.6670684314410355E-015
          17          17   2.7883055858622483E-029
          17          18  -1.2620557316530612E-029
          17          19  -2.6670684314398866E-015
          17          20  -1.6828843858428914E-015
          17          21  -9.3884530442861737E-029
          17          22  -1.6828843858431620E-015
          17          23  -3.9904623040519681E-029
          17          24   2.8491088108741587E-030
          17          25  -1.6828843858421006E-015
          18           1  -2.5767155668786965E-015
          18           2  -2.6652574202263301E-014
          18           3   1.9476091162790641E-015
          18           4  -2.2712237913120784E-015
          18           5  -1.3732182504045001E-014
          18           6  -1.4662059331102005E-014
          18           7  -4.6687111203410260E-015
          18           8   8.3224406115324746E-015
          18           9   8.8859959434642531E-015
          18          10   2.8294898513033925E-015
          18          11  -6.1177422461752819E-016
          18          12  -6.5320060929424168E-016
          18          13  -2.0799294830001842E-016
          18          14   5.3288895461386243E-015
          18          15   5.0425027632315774E-029
          18          16   5.3288895461384034E-015
          18          17  -1.2620557316530612E-029
          18          18   2.3761959213304091E-028
          18          19   5.3288895461376461E-015
          18          20   3.2688804855235531E-015
          18          21  -1.1447002311250682E-028
          18          22   3.2688804855233148E-015
          18          23  -4.5290474855576531E-029
          18          24  -4.5437348312055328E-029
          18          25   3.2688804855231539E-015
          19           1   3.7875532520902533E-002
          19           2  -1.8309654635508110     
          19           3   8.8416528399996724E-002
          19           4 -0.16446159655179596     
          19           5   2.1112202532919988E-013
          19           6  -1.1445071603310616E-013
          19           7   4.8336888286516058E-014
          19           8  -1.0211006283861975E-013
          19           9   5.7813212698441224E-014
          19          10  -1.1576374457400234E-014
          19          11   2.0385189449827620E-014
          19          12  -7.1946662769737810E-015
          19          13   1.4692673373371803E-015
          19          14  0.38014430666049254     
          19          15  -1.6886838513310290E-015
          19          16  0.38014430666051613     
          19          17  -2.6670684314398866E-015
          19          18   5.3288895461376461E-015
          19          19  0.38014430666041088     
          19          20  0.23630272731742596     
          19          21   6.9564976569947213E-015
          19          22  0.23630272731744395     
          19          23   2.8880651785947497E-015
          19          24  -5.8521987303796714E-016
          19          25  0.23630272731735991     
          20           1   5.3695464785623342E-002
          20           2  -1.1285861113374414     
          20           3   4.8089883419514971E-002
          20           4 -0.10256342370593412     
          20           5   1.1938398526043492E-013
          20           6  -8.0934278925820514E-014
          20           7   3.0358181457435229E-014
          20           8  -5.6302362745143611E-014
          20           9   4.2009958760015440E-014
          20          10  -7.3698072557835000E-015
          20          11   1.2307435132484299E-014
          20          12  -5.0747559805532861E-015
          20          13   9.0776377250698979E-016
          20          14  0.23630272731748284     
          20          15  -1.1053313611753407E-015
          20          16  0.23630272731749877     
          20          17  -1.6828843858428914E-015
          20          18   3.2688804855235531E-015
          20          19  0.23630272731742596     
          20          20  0.14731219041525323     
          20          21   4.2679477358669028E-015
          20          22  0.14731219041526572     
          20          23   1.8240914248385775E-015
          20          24  -4.5291452804230230E-016
          20          25  0.14731219041520655     
          21           1  -3.3174393656140105E-015
          21           2  -3.4778411897838512E-014
          21           3   2.5319217946845152E-015
          21           4  -2.9654354906918889E-015
          21           5   1.5506728359470385E-014
          21           6   1.9101407170424511E-014
          21           7   1.9648583526808955E-014
          21           8  -9.3979107700347260E-015
          21           9  -1.1576479319709638E-014
          21          10  -1.1908097598791945E-014
          21          11   6.9083095244912217E-016
          21          12   8.5097533165967827E-016
          21          13   8.7535225725450580E-016
          21          14   6.9564976569946188E-015
          21          15  -1.3705262049384977E-028
          21          16   6.9564976569955433E-015
          21          17  -9.3884530442861737E-029
          21          18  -1.1447002311250682E-028
          21          19   6.9564976569947213E-015
          21          20   4.2679477358669028E-015
          21          21   5.0403844437555075E-028
          21          22   4.2679477358676222E-015
          21          23   1.8759454403877392E-028
          21          24   6.5036872702446438E-029
          21          25   4.2679477358665052E-015
          22           1   5.3695464785717253E-002
          22           2  -1.1285861113374989     
          22           3   4.8089883419498158E-002
          22           4 -0.10256342370594292     
          22           5   1.4693785926340721E-013
          22           6  -4.8937917064436412E-014
          22           7   5.4283580051000415E-014
          22           8  -7.3001491229622422E-014
          22           9   2.2618443878966894E-014
          22          10  -2.1869884635582020E-014
          22          11   1.3534971243254034E-014
          22          12  -3.6493052583132207E-015
          22          13   1.9736498520818568E-015
          22          14  0.23630272731750082     
          22          15  -1.1053313611757647E-015
          22          16  0.23630272731751675     
          22          17  -1.6828843858431620E-015
          22          18   3.2688804855233148E-015
          22          19  0.23630272731744395     
          22          20  0.14731219041526572     
          22          21   4.2679477358676222E-015
          22          22  0.14731219041527818     
          22          23   1.8240914248390146E-015
          22          24  -4.5291452804249745E-016
          22          25  0.14731219041521904     
          23           1   2.3414857154241939E-015
          23           2  -1.3258777106544344E-014
          23           3   2.0371602930683836E-016
          23           4  -1.2720702272583910E-015
          23           5   5.9830260055996980E-015
          23           6   7.2897151210258684E-015
          23           7   7.1276418830229817E-015
          23           8  -3.6260353075110840E-015
          23           9  -4.4179591373662631E-015
          23          10  -4.3197340447705532E-015
          23          11   2.6654620227821260E-016
          23          12   3.2475972515910134E-016
          23          13   3.1753929756274684E-016
          23          14   2.8880651785954924E-015
          23          15  -5.9282648576937366E-029
          23          16   2.8880651785960044E-015
          23          17  -3.9904623040519681E-029
          23          18  -4.5290474855576531E-029
          23          19   2.8880651785947497E-015
          23          20   1.8240914248385775E-015
          23          21   1.8759454403877392E-028
          23          22   1.8240914248390146E-015
          23          23   7.5952138144113277E-029
          23          24   1.3771865345713758E-029
          23          25   1.8240914248377173E-015
          24           1  -6.4074442493477807E-015
          24           2   8.0431056037355251E-016
          24           3   1.3107411373871072E-015
          24           4   3.2307727451397132E-016
          24           5   4.0202120705313983E-015
          24           6   4.2951320242797547E-015
          24           7   1.3820061623297623E-015
          24           8  -2.4364645745792501E-015
          24           9  -2.6030808416818510E-015
          24          10  -8.3757000807215916E-016
          24          11   1.7910205617517466E-016
          24          12   1.9134985010651885E-016
          24          13   6.1568927453960306E-017
          24          14  -5.8521987303951627E-016
          24          15  -5.7401405780253278E-030
          24          16  -5.8521987303969001E-016
          24          17   2.8491088108741587E-030
          24          18  -4.5437348312055328E-029
          24          19  -5.8521987303796714E-016
          24          20  -4.5291452804230230E-016
          24          21   6.5036872702446438E-029
          24          22  -4.5291452804249745E-016
          24          23   1.3771865345713758E-029
          24          24   3.3272417353683072E-029
          24          25  -4.5291452804100058E-016
          25           1   5.3695464785216140E-002
          25           2  -1.1285861113372506     
          25           3   4.8089883419590904E-002
          25           4 -0.10256342370590113     
          25           5   1.2450116019714295E-013
          25           6  -7.5841306304699065E-014
          25           7   3.0003503411025005E-014
          25           8  -5.9403645771136587E-014
          25           9   3.8923343637986950E-014
          25          10  -7.1548532980605540E-015
          25          11   1.2535407323223768E-014
          25          12  -4.8478620126495955E-015
          25          13   8.9196272363786076E-016
          25          14  0.23630272731741678     
          25          15  -1.1053313611743286E-015
          25          16  0.23630272731743271     
          25          17  -1.6828843858421006E-015
          25          18   3.2688804855231539E-015
          25          19  0.23630272731735991     
          25          20  0.14731219041520655     
          25          21   4.2679477358665052E-015
          25          22  0.14731219041521904     
          25          23   1.8240914248377173E-015
          25          24  -4.5291452804100058E-016
          25          25  0.14731219041515989     
