           1           1   3.8944177913140394     
           1           2   11.642231542986359     
           1           3   19.605501979669885     
           1           4  -40.720269232328718     
           1           5  -5.4287000754448407     
           1           6  -4.3006161343167460E-011
           1           7   5.9198400811019591E-011
           1           8  -2.7262266050432867E-011
           1           9   3.4104794090026742E-012
           1          10  -4.4360112083027552E-012
           1          11   1.8714280873291653E-012
           1          12  -1.2223988079007430E-012
           1          13   1.1871577121987371E-012
           1          14  -2.3298563296336934E-013
           1          15   1.9098037363984967E-012
           1          16  -2.4360158036266433E-012
           1          17   8.5229131100317866E-013
           1          18   4.3976244969411828     
           1          19  -1.0100797910323157E-015
           1          20   4.3976244969408480     
           1          21  -3.7636908802173185E-014
           1          22   1.8621477817308062E-014
           1          23   4.3976244969410008     
           1          24   8.1545903386916176     
           1          25  -1.3337777726720665E-013
           1          26   8.1545903386920067     
           1          27  -1.0581569735410466E-013
           1          28   9.8971798627878172E-014
           1          29   8.1545903386917633     
           2           1   11.642231542986359     
           2           2   73.922334735442718     
           2           3   123.55458656377479     
           2           4  -250.33396080076679     
           2           5  -33.271619030615888     
           2           6   1.1163771563501518E-012
           2           7  -2.7272729679831271E-012
           2           8   1.9576223769847694E-012
           2           9   5.7084973290992678E-012
           2          10  -4.2473194418429080E-012
           2          11   1.5134248466939386E-012
           2          12  -7.0553907077782389E-012
           2          13   5.8142126502593801E-012
           2          14  -1.3599170208156996E-012
           2          15   1.8780972847611851E-012
           2          16  -1.4335510595073493E-012
           2          17  -8.4437150780239196E-013
           2          18   26.024117550320589     
           2          19   1.7839740368079058E-014
           2          20   26.024117550317506     
           2          21  -1.3014516821973567E-013
           2          22   8.7701896226131769E-014
           2          23   26.024117550319019     
           2          24   49.787434859141719     
           2          25  -8.3151948253125246E-013
           2          26   49.787434859142863     
           2          27  -6.5549131994284475E-013
           2          28   5.5107573843388517E-013
           2          29   49.787434859141904     
           3           1   19.605501979669885     
           3           2   123.55458656377479     
           3           3   227.34848658971092     
           3           4  -421.08017143750726     
           3           5  -55.892012462802974     
           3           6  -6.6771409326538150E-014
           3           7  -2.7063358306357059E-012
           3           8   2.3209313859044355E-012
           3           9   9.0427105546468901E-012
           3          10  -8.0647695658239049E-012
           3          11   3.3892126486792799E-012
           3          12  -1.0356843068194633E-011
           3          13   1.0211013919103694E-011
           3          14  -3.3041620798080506E-012
           3          15   2.3792491742488997E-012
           3          16  -2.0954033141878859E-012
           3          17  -1.2358066091987838E-012
           3          18   37.146443352211669     
           3          19   5.3204351900289233E-014
           3          20   37.146443352206582     
           3          21  -1.8386277315203623E-013
           3          22   1.2001686317448361E-013
           3          23   37.146443352208998     
           3          24   82.085063710010488     
           3          25  -1.3746190096718492E-012
           3          26   82.085063710011994     
           3          27  -1.0882948413860870E-012
           3          28   9.2297477443572467E-013
           3          29   82.085063710010530     
           4           1  -40.720269232328718     
           4           2  -250.33396080076679     
           4           3  -421.08017143750726     
           4           4   874.60489264956379     
           4           5   116.08015984797414     
           4           6   4.2718498028607625E-013
           4           7   4.6186839388897734E-012
           4           8  -4.4698884969755179E-012
           4           9  -1.8413078904424034E-011
           4          10   1.3462750645100371E-011
           4          11  -5.5821190294208566E-012
           4          12   2.3706398735413017E-011
           4          13  -1.8832179944839195E-011
           4          14   4.4165640605088141E-012
           4          15  -7.0837698505485336E-012
           4          16   5.4040739745662269E-012
           4          17   2.8277152876650465E-012
           4          18  -94.134885582847673     
           4          19  -3.8002398043866586E-014
           4          20  -94.134885582835153     
           4          21   5.1113190569465965E-013
           4          22  -3.3519780351656205E-013
           4          23  -94.134885582840852     
           4          24  -174.55853484965687     
           4          25   2.8959811798150945E-012
           4          26  -174.55853484966005     
           4          27   2.3208981015393618E-012
           4          28  -1.9250197839589485E-012
           4          29  -174.55853484965684     
           5           1  -5.4287000754448407     
           5           2  -33.271619030615888     
           5           3  -55.892012462802974     
           5           4   116.08015984797414     
           5           5   15.407917239702765     
           5           6  -1.2916446817738307E-012
           5           7   2.3963283946107354E-012
           5           8  -1.1637230952343249E-012
           5           9  -3.5059214852938937E-012
           5          10   8.8629830400178267E-013
           5          11   2.2950325827636196E-012
           5          12   3.8151831596282330E-012
           5          13  -1.7686055525813624E-012
           5          14  -1.5765409812884114E-012
           5          15  -1.0010815978664136E-012
           5          16   6.4853791012235898E-013
           5          17   5.7431833630840611E-013
           5          18  -12.494493842649240     
           5          19  -5.0815422347578920E-015
           5          20  -12.494493842647589     
           5          21   6.7789639939706309E-014
           5          22  -4.4440549081397496E-014
           5          23  -12.494493842648343     
           5          24  -23.169451797311361     
           5          25   3.8446377239504247E-013
           5          26  -23.169451797311794     
           5          27   3.0787616396529997E-013
           5          28  -2.5562170050491445E-013
           5          29  -23.169451797311368     
           6           1  -4.3006161343167460E-011
           6           2   1.1163771563501518E-012
           6           3  -6.6771409326538150E-014
           6           4   4.2718498028607625E-013
           6           5  -1.2916446817738307E-012
           6           6   1.9151830990690195     
           6           7   2.7879293945847643E-002
           6           8  -5.4350882955965144E-002
           6           9 -0.26532275035165293     
           6          10  0.19602207800555238     
           6          11 -0.38214644313306168     
           6          12  0.24394121599078433     
           6          13 -0.13628930104978684     
           6          14  0.26569696721502178     
           6          15  -4.2169464809659038E-002
           6          16   1.2373261097002104E-002
           6          17  -2.4121761009166725E-002
           6          18   1.7490060294819281E-012
           6          19   9.0674052362198066E-015
           6          20   1.7599767750083418E-012
           6          21   2.4279515943734165E-014
           6          22  -6.5937341764210801E-015
           6          23   1.6596833903130526E-012
           6          24  -1.1457607351201971E-012
           6          25   3.2731809243657613E-015
           6          26  -1.1191830449407483E-012
           6          27  -2.6334472309088090E-014
           6          28   2.5223902619027211E-014
           6          29  -1.1994821300728702E-012
           7           1   5.9198400811019591E-011
           7           2  -2.7272729679831271E-012
           7           3  -2.7063358306357059E-012
           7           4   4.6186839388897734E-012
           7           5   2.3963283946107354E-012
           7           6   2.7879293945847643E-002
           7           7   1.9233238121860305     
           7           8   1.3265852449148418E-002
           7           9  0.19602207800557053     
           7          10 -0.20808458984646566     
           7          11   9.3273522946759266E-002
           7          12 -0.13628930104977788     
           7          13  0.20414493912241138     
           7          14  -6.4850772822142688E-002
           7          15   1.2373261096985040E-002
           7          16  -3.8556490639399449E-002
           7          17   5.8875901357273268E-003
           7          18  -3.0545513988007349E-012
           7          19  -6.1147241943787654E-014
           7          20  -2.9475041291212603E-012
           7          21   1.1441340464183326E-014
           7          22   1.7824987996238447E-014
           7          23  -2.6898141850955570E-012
           7          24   5.4869255753088960E-013
           7          25  -7.3944854824880081E-015
           7          26   6.0549235283777721E-013
           7          27   4.8112527878448502E-014
           7          28  -2.2923375216768466E-014
           7          29   8.2311184327874431E-013
           8           1  -2.7262266050432867E-011
           8           2   1.9576223769847694E-012
           8           3   2.3209313859044355E-012
           8           4  -4.4698884969755179E-012
           8           5  -1.1637230952343249E-012
           8           6  -5.4350882955965144E-002
           8           7   1.3265852449148418E-002
           8           8   1.9826804340345980     
           8           9 -0.38214644313299451     
           8          10   9.3273522946736520E-002
           8          11  0.20925769940755395     
           8          12  0.26569696721497987     
           8          13  -6.4850772822129907E-002
           8          14  -8.6022829119166866E-002
           8          15  -2.4121761009177220E-002
           8          16   5.8875901357575370E-003
           8          17  -1.2213105423284800E-002
           8          18   1.6104417834921005E-012
           8          19  -1.7979841302462644E-014
           8          20   1.6845528758160829E-012
           8          21  -6.1455954518244747E-015
           8          22   1.0973995383568835E-014
           8          23   1.6769447007403018E-012
           8          24   2.3795125661037668E-014
           8          25   3.8490480637213472E-015
           8          26  -5.5349966069536314E-015
           8          27  -4.5370058868485511E-015
           8          28  -9.9961749772804769E-015
           8          29  -1.3557221272596171E-014
           9           1   3.4104794090026742E-012
           9           2   5.7084973290992678E-012
           9           3   9.0427105546468901E-012
           9           4  -1.8413078904424034E-011
           9           5  -3.5059214852938937E-012
           9           6 -0.26532275035165293     
           9           7  0.19602207800557053     
           9           8 -0.38214644313299451     
           9           9   2.5322269351909217     
           9          10   1.3782506522674247     
           9          11  -2.6869095046262932     
           9          12  -1.7796410819784272     
           9          13 -0.95826357918514948     
           9          14   1.8681417016665638     
           9          15  0.16798060676805193     
           9          16   8.6997624712053759E-002
           9          17 -0.16960249163256363     
           9          18   1.1355675701275764E-012
           9          19  -1.1032902857267436E-013
           9          20   1.2113295533936046E-012
           9          21   3.7185693220674387E-014
           9          22   2.0937827222286876E-015
           9          23   1.1720311373385803E-012
           9          24   4.5845054826307355E-012
           9          25  -2.0864843861981459E-014
           9          26   4.6022266650571670E-012
           9          27  -4.9491307062927482E-014
           9          28   1.0771404991914870E-014
           9          29   4.6716632056870288E-012
          10           1  -4.4360112083027552E-012
          10           2  -4.2473194418429080E-012
          10           3  -8.0647695658239049E-012
          10           4   1.3462750645100371E-011
          10           5   8.8629830400178267E-013
          10           6  0.19602207800555238     
          10           7 -0.20808458984646566     
          10           8   9.3273522946736520E-002
          10           9   1.3782506522674247     
          10          10   2.9346741128424836     
          10          11  0.65581538135181572     
          10          12 -0.95826357918510374     
          10          13  -2.0594526476431070     
          10          14 -0.45597220910795999     
          10          15   8.6997624712051802E-002
          10          16  0.19338378613183443     
          10          17   4.1396229585235825E-002
          10          18  -4.5114737525138713E-013
          10          19  -2.7353701070524330E-013
          10          20   5.5758783306652377E-014
          10          21   2.6715347547773514E-014
          10          22   4.2294419257433127E-014
          10          23  -1.5722518731904069E-013
          10          24  -2.5865240451835681E-012
          10          25   1.2693432937484352E-014
          10          26  -2.7626518987948702E-012
          10          27  -1.0571365183742736E-013
          10          28  -2.0307532693414226E-014
          10          29  -2.7089758460215138E-012
          11           1   1.8714280873291653E-012
          11           2   1.5134248466939386E-012
          11           3   3.3892126486792799E-012
          11           4  -5.5821190294208566E-012
          11           5   2.2950325827636196E-012
          11           6 -0.38214644313306168     
          11           7   9.3273522946759266E-002
          11           8  0.20925769940755395     
          11           9  -2.6869095046262932     
          11          10  0.65581538135181572     
          11          11   5.8690490987399473     
          11          12   1.8681417016665935     
          11          13 -0.45597220910796393     
          11          14  -4.0996509758874558     
          11          15 -0.16960249163253283     
          11          16   4.1396229585227956E-002
          11          17  0.37860673768102837     
          11          18  -3.6403802674671066E-013
          11          19  -1.3725913692767325E-013
          11          20   9.4190881327710932E-014
          11          21  -4.5121195948521980E-014
          11          22   5.2137736887895163E-014
          11          23   7.6190309355252657E-014
          11          24   2.0315281606030678E-013
          11          25   4.6998857941411180E-014
          11          26  -1.8460130750588422E-014
          11          27   2.8365503751745692E-015
          11          28  -6.3333844238683507E-014
          11          29   4.7043196702765812E-014
          12           1  -1.2223988079007430E-012
          12           2  -7.0553907077782389E-012
          12           3  -1.0356843068194633E-011
          12           4   2.3706398735413017E-011
          12           5   3.8151831596282330E-012
          12           6  0.24394121599078433     
          12           7 -0.13628930104977788     
          12           8  0.26569696721497987     
          12           9  -1.7796410819784272     
          12          10 -0.95826357918510374     
          12          11   1.8681417016665935     
          12          12   1.2524762576038875     
          12          13  0.66625695818246178     
          12          14  -1.2988727054248512     
          12          15 -0.11880438819134037     
          12          16  -6.0487296051718979E-002
          12          17  0.11792041629233074     
          12          18  -2.2789607474947489E-012
          12          19   7.7462986569262133E-014
          12          20  -2.3316302275166097E-012
          12          21  -2.5275999234891341E-014
          12          22  -1.6656110134147577E-015
          12          23  -2.3071908738055489E-012
          12          24  -5.4570372758861564E-012
          12          25   1.4696846683380196E-014
          12          26  -5.4686258003349547E-012
          12          27   3.3822506930351368E-014
          12          28  -6.7676416264838759E-015
          12          29  -5.5196492445378342E-012
          13           1   1.1871577121987371E-012
          13           2   5.8142126502593801E-012
          13           3   1.0211013919103694E-011
          13           4  -1.8832179944839195E-011
          13           5  -1.7686055525813624E-012
          13           6 -0.13628930104978684     
          13           7  0.20414493912241138     
          13           8  -6.4850772822129907E-002
          13           9 -0.95826357918514948     
          13          10  -2.0594526476431070     
          13          11 -0.45597220910796393     
          13          12  0.66625695818246178     
          13          13   1.4470223163850646     
          13          14  0.31702619577209989     
          13          15  -6.0487296051720853E-002
          13          16 -0.13646659030223560     
          13          17  -2.8781774245388202E-002
          13          18   1.2097184214935015E-012
          13          19   1.8950617703375201E-013
          13          20   8.5834345616492008E-013
          13          21  -1.8341819343050454E-014
          13          22  -2.9046644277563497E-014
          13          23   1.0151953509777088E-012
          13          24   3.6772763646668026E-012
          13          25  -9.1055759284221235E-015
          13          26   3.8022261295406681E-012
          13          27   7.5423014307329842E-014
          13          28   1.3509229696669368E-014
          13          29   3.7713008220024953E-012
          14           1  -2.3298563296336934E-013
          14           2  -1.3599170208156996E-012
          14           3  -3.3041620798080506E-012
          14           4   4.4165640605088141E-012
          14           5  -1.5765409812884114E-012
          14           6  0.26569696721502178     
          14           7  -6.4850772822142688E-002
          14           8  -8.6022829119166866E-002
          14           9   1.8681417016665638     
          14          10 -0.45597220910795999     
          14          11  -4.0996509758874558     
          14          12  -1.2988727054248512     
          14          13  0.31702619577209989     
          14          14   2.8655217374118491     
          14          15  0.11792041629230683     
          14          16  -2.8781774245381510E-002
          14          17 -0.26524752590838119     
          14          18   4.7488708483997480E-013
          14          19   9.5479834106179850E-014
          14          20   1.5656407705044863E-013
          14          21   3.1379927217903572E-014
          14          22  -3.6141711812077119E-014
          14          23   1.6892571015340888E-013
          14          24  -1.9168049461277607E-013
          14          25  -3.2763483995609662E-014
          14          26  -3.7531842648536638E-014
          14          27  -2.1226258621483983E-015
          14          28   4.4004353817963316E-014
          14          29  -8.3602663688465088E-014
          15           1   1.9098037363984967E-012
          15           2   1.8780972847611851E-012
          15           3   2.3792491742488997E-012
          15           4  -7.0837698505485336E-012
          15           5  -1.0010815978664136E-012
          15           6  -4.2169464809659038E-002
          15           7   1.2373261096985040E-002
          15           8  -2.4121761009177220E-002
          15           9  0.16798060676805193     
          15          10   8.6997624712051802E-002
          15          11 -0.16960249163253283     
          15          12 -0.11880438819134037     
          15          13  -6.0487296051720853E-002
          15          14  0.11792041629230683     
          15          15   1.1463166924242825E-002
          15          16   5.4914443124606449E-003
          15          17  -1.0705609965070109E-002
          15          18   1.0349144846517864E-012
          15          19  -7.2864601704289712E-015
          15          20   1.0396941707689093E-012
          15          21   2.1000174145831022E-015
          15          22   2.2187263095686709E-016
          15          23   1.0384463820421046E-012
          15          24   1.5802204406901110E-012
          15          25  -1.3982631582270653E-015
          15          26   1.5810258710248588E-012
          15          27  -2.8728020581728069E-015
          15          28   3.7150399587845430E-016
          15          29   1.5865826642405831E-012
          16           1  -2.4360158036266433E-012
          16           2  -1.4335510595073493E-012
          16           3  -2.0954033141878859E-012
          16           4   5.4040739745662269E-012
          16           5   6.4853791012235898E-013
          16           6   1.2373261097002104E-002
          16           7  -3.8556490639399449E-002
          16           8   5.8875901357575370E-003
          16           9   8.6997624712053759E-002
          16          10  0.19338378613183443     
          16          11   4.1396229585227956E-002
          16          12  -6.0487296051718979E-002
          16          13 -0.13646659030223560     
          16          14  -2.8781774245381510E-002
          16          15   5.4914443124606449E-003
          16          16   1.3066660643728344E-002
          16          17   2.6130034040086673E-003
          16          18  -6.9074559762156225E-013
          16          19  -1.6976591448817230E-014
          16          20  -6.5920376976481148E-013
          16          21   1.5868448758400833E-015
          16          22   2.5159683706094337E-015
          16          23  -6.7639645293414786E-013
          16          24  -1.1537635025492734E-012
          16          25   9.2098915241933716E-016
          16          26  -1.1659464700223293E-012
          16          27  -7.4948484691612762E-015
          16          28  -1.0210431969070408E-015
          16          29  -1.1652917954298792E-012
          17           1   8.5229131100317866E-013
          17           2  -8.4437150780239196E-013
          17           3  -1.2358066091987838E-012
          17           4   2.8277152876650465E-012
          17           5   5.7431833630840611E-013
          17           6  -2.4121761009166725E-002
          17           7   5.8875901357273268E-003
          17           8  -1.2213105423284800E-002
          17           9 -0.16960249163256363     
          17          10   4.1396229585235825E-002
          17          11  0.37860673768102837     
          17          12  0.11792041629233074     
          17          13  -2.8781774245388202E-002
          17          14 -0.26524752590838119     
          17          15  -1.0705609965070109E-002
          17          16   2.6130034040086673E-003
          17          17   2.4758261732707648E-002
          17          18  -4.0636373087523763E-013
          17          19  -8.6841112256337705E-015
          17          20  -3.7755587654869122E-013
          17          21  -2.8516677274351904E-015
          17          22   3.2447016641380998E-015
          17          23  -3.7862639248771977E-013
          17          24  -6.1256648906662624E-013
          17          25   3.0035603337556762E-015
          17          26  -6.2658358406584295E-013
          17          27   2.4335945111455571E-016
          17          28  -3.9848768658686171E-015
          17          29  -6.2222319722157946E-013
          18           1   4.3976244969411828     
          18           2   26.024117550320589     
          18           3   37.146443352211669     
          18           4  -94.134885582847673     
          18           5  -12.494493842649240     
          18           6   1.7490060294819281E-012
          18           7  -3.0545513988007349E-012
          18           8   1.6104417834921005E-012
          18           9   1.1355675701275764E-012
          18          10  -4.5114737525138713E-013
          18          11  -3.6403802674671066E-013
          18          12  -2.2789607474947489E-012
          18          13   1.2097184214935015E-012
          18          14   4.7488708483997480E-013
          18          15   1.0349144846517864E-012
          18          16  -6.9074559762156225E-013
          18          17  -4.0636373087523763E-013
          18          18   12.850571346135450     
          18          19  -7.4012277536396308E-015
          18          20   12.850571346133808     
          18          21  -7.5395292567380495E-014
          18          22   4.9693052597910768E-014
          18          23   12.850571346134526     
          18          24   19.440843898249724     
          18          25  -3.1844476848253807E-013
          18          26   19.440843898250087     
          18          27  -2.5920958316582959E-013
          18          28   2.0856290004279666E-013
          18          29   19.440843898249721     
          19           1  -1.0100797910323157E-015
          19           2   1.7839740368079058E-014
          19           3   5.3204351900289233E-014
          19           4  -3.8002398043866586E-014
          19           5  -5.0815422347578920E-015
          19           6   9.0674052362198066E-015
          19           7  -6.1147241943787654E-014
          19           8  -1.7979841302462644E-014
          19           9  -1.1032902857267436E-013
          19          10  -2.7353701070524330E-013
          19          11  -1.3725913692767325E-013
          19          12   7.7462986569262133E-014
          19          13   1.8950617703375201E-013
          19          14   9.5479834106179850E-014
          19          15  -7.2864601704289712E-015
          19          16  -1.6976591448817230E-014
          19          17  -8.6841112256337705E-015
          19          18  -7.4012277536396308E-015
          19          19   3.0136553564471589E-026
          19          20  -7.4012277536961764E-015
          19          21  -2.0684994074859237E-027
          19          22  -5.4884070379804066E-027
          19          23  -7.4012277536880148E-015
          19          24   4.8636198324558099E-015
          19          25  -1.4956165222846331E-027
          19          26   4.8636198324730757E-015
          19          27   7.5686418929508578E-027
          19          28   3.9978264218158404E-027
          19          29   4.8636198324572267E-015
          20           1   4.3976244969408480     
          20           2   26.024117550317506     
          20           3   37.146443352206582     
          20           4  -94.134885582835153     
          20           5  -12.494493842647589     
          20           6   1.7599767750083418E-012
          20           7  -2.9475041291212603E-012
          20           8   1.6845528758160829E-012
          20           9   1.2113295533936046E-012
          20          10   5.5758783306652377E-014
          20          11   9.4190881327710932E-014
          20          12  -2.3316302275166097E-012
          20          13   8.5834345616492008E-013
          20          14   1.5656407705044863E-013
          20          15   1.0396941707689093E-012
          20          16  -6.5920376976481148E-013
          20          17  -3.7755587654869122E-013
          20          18   12.850571346133808     
          20          19  -7.4012277536961764E-015
          20          20   12.850571346132163     
          20          21  -7.5395292567368353E-014
          20          22   4.9693052597915577E-014
          20          23   12.850571346132881     
          20          24   19.440843898247163     
          20          25  -3.1844476848249232E-013
          20          26   19.440843898247529     
          20          27  -2.5920958316580778E-013
          20          28   2.0856290004276134E-013
          20          29   19.440843898247159     
          21           1  -3.7636908802173185E-014
          21           2  -1.3014516821973567E-013
          21           3  -1.8386277315203623E-013
          21           4   5.1113190569465965E-013
          21           5   6.7789639939706309E-014
          21           6   2.4279515943734165E-014
          21           7   1.1441340464183326E-014
          21           8  -6.1455954518244747E-015
          21           9   3.7185693220674387E-014
          21          10   2.6715347547773514E-014
          21          11  -4.5121195948521980E-014
          21          12  -2.5275999234891341E-014
          21          13  -1.8341819343050454E-014
          21          14   3.1379927217903572E-014
          21          15   2.1000174145831022E-015
          21          16   1.5868448758400833E-015
          21          17  -2.8516677274351904E-015
          21          18  -7.5395292567380495E-014
          21          19  -2.0684994074859237E-027
          21          20  -7.5395292567368353E-014
          21          21   1.5916031302952226E-027
          21          22  -2.6614019469833825E-028
          21          23  -7.5395292567373314E-014
          21          24  -1.0685988185286507E-013
          21          25   1.4254884325839214E-027
          21          26  -1.0685988185286697E-013
          21          27   3.7204794699671931E-028
          21          28  -7.9185984970797678E-028
          21          29  -1.0685988185286363E-013
          22           1   1.8621477817308062E-014
          22           2   8.7701896226131769E-014
          22           3   1.2001686317448361E-013
          22           4  -3.3519780351656205E-013
          22           5  -4.4440549081397496E-014
          22           6  -6.5937341764210801E-015
          22           7   1.7824987996238447E-014
          22           8   1.0973995383568835E-014
          22           9   2.0937827222286876E-015
          22          10   4.2294419257433127E-014
          22          11   5.2137736887895163E-014
          22          12  -1.6656110134147577E-015
          22          13  -2.9046644277563497E-014
          22          14  -3.6141711812077119E-014
          22          15   2.2187263095686709E-016
          22          16   2.5159683706094337E-015
          22          17   3.2447016641380998E-015
          22          18   4.9693052597910768E-014
          22          19  -5.4884070379804066E-027
          22          20   4.9693052597915577E-014
          22          21  -2.6614019469833825E-028
          22          22   1.3972502688326736E-027
          22          23   4.9693052597918234E-014
          22          24   7.0121533179665915E-014
          22          25  -7.1139442040334708E-028
          22          26   7.0121533179663617E-014
          22          27  -1.7993650528014385E-027
          22          28  -3.2152517563312062E-028
          22          29   7.0121533179665940E-014
          23           1   4.3976244969410008     
          23           2   26.024117550319019     
          23           3   37.146443352208998     
          23           4  -94.134885582840852     
          23           5  -12.494493842648343     
          23           6   1.6596833903130526E-012
          23           7  -2.6898141850955570E-012
          23           8   1.6769447007403018E-012
          23           9   1.1720311373385803E-012
          23          10  -1.5722518731904069E-013
          23          11   7.6190309355252657E-014
          23          12  -2.3071908738055489E-012
          23          13   1.0151953509777088E-012
          23          14   1.6892571015340888E-013
          23          15   1.0384463820421046E-012
          23          16  -6.7639645293414786E-013
          23          17  -3.7862639248771977E-013
          23          18   12.850571346134526     
          23          19  -7.4012277536880148E-015
          23          20   12.850571346132881     
          23          21  -7.5395292567373314E-014
          23          22   4.9693052597918234E-014
          23          23   12.850571346133597     
          23          24   19.440843898248321     
          23          25  -3.1844476848251323E-013
          23          26   19.440843898248687     
          23          27  -2.5920958316580980E-013
          23          28   2.0856290004277053E-013
          23          29   19.440843898248318     
          24           1   8.1545903386916176     
          24           2   49.787434859141719     
          24           3   82.085063710010488     
          24           4  -174.55853484965687     
          24           5  -23.169451797311361     
          24           6  -1.1457607351201971E-012
          24           7   5.4869255753088960E-013
          24           8   2.3795125661037668E-014
          24           9   4.5845054826307355E-012
          24          10  -2.5865240451835681E-012
          24          11   2.0315281606030678E-013
          24          12  -5.4570372758861564E-012
          24          13   3.6772763646668026E-012
          24          14  -1.9168049461277607E-013
          24          15   1.5802204406901110E-012
          24          16  -1.1537635025492734E-012
          24          17  -6.1256648906662624E-013
          24          18   19.440843898249724     
          24          19   4.8636198324558099E-015
          24          20   19.440843898247163     
          24          21  -1.0685988185286507E-013
          24          22   7.0121533179665915E-014
          24          23   19.440843898248321     
          24          24   34.997484976352482     
          24          25  -5.7971162495747097E-013
          24          26   34.997484976353135     
          24          27  -4.6531942150607639E-013
          24          28   3.8466032680753341E-013
          24          29   34.997484976352482     
          25           1  -1.3337777726720665E-013
          25           2  -8.3151948253125246E-013
          25           3  -1.3746190096718492E-012
          25           4   2.8959811798150945E-012
          25           5   3.8446377239504247E-013
          25           6   3.2731809243657613E-015
          25           7  -7.3944854824880081E-015
          25           8   3.8490480637213472E-015
          25           9  -2.0864843861981459E-014
          25          10   1.2693432937484352E-014
          25          11   4.6998857941411180E-014
          25          12   1.4696846683380196E-014
          25          13  -9.1055759284221235E-015
          25          14  -3.2763483995609662E-014
          25          15  -1.3982631582270653E-015
          25          16   9.2098915241933716E-016
          25          17   3.0035603337556762E-015
          25          18  -3.1844476848253807E-013
          25          19  -1.4956165222846331E-027
          25          20  -3.1844476848249232E-013
          25          21   1.4254884325839214E-027
          25          22  -7.1139442040334708E-028
          25          23  -3.1844476848251323E-013
          25          24  -5.7971162495747097E-013
          25          25   1.0066240065086772E-026
          25          26  -5.7971162495748430E-013
          25          27   7.2225506358113662E-027
          25          28  -6.7575530351703490E-027
          25          29  -5.7971162495747410E-013
          26           1   8.1545903386920067     
          26           2   49.787434859142863     
          26           3   82.085063710011994     
          26           4  -174.55853484966005     
          26           5  -23.169451797311794     
          26           6  -1.1191830449407483E-012
          26           7   6.0549235283777721E-013
          26           8  -5.5349966069536314E-015
          26           9   4.6022266650571670E-012
          26          10  -2.7626518987948702E-012
          26          11  -1.8460130750588422E-014
          26          12  -5.4686258003349547E-012
          26          13   3.8022261295406681E-012
          26          14  -3.7531842648536638E-014
          26          15   1.5810258710248588E-012
          26          16  -1.1659464700223293E-012
          26          17  -6.2658358406584295E-013
          26          18   19.440843898250087     
          26          19   4.8636198324730757E-015
          26          20   19.440843898247529     
          26          21  -1.0685988185286697E-013
          26          22   7.0121533179663617E-014
          26          23   19.440843898248687     
          26          24   34.997484976353135     
          26          25  -5.7971162495748430E-013
          26          26   34.997484976353775     
          26          27  -4.6531942150607750E-013
          26          28   3.8466032680754452E-013
          26          29   34.997484976353135     
          27           1  -1.0581569735410466E-013
          27           2  -6.5549131994284475E-013
          27           3  -1.0882948413860870E-012
          27           4   2.3208981015393618E-012
          27           5   3.0787616396529997E-013
          27           6  -2.6334472309088090E-014
          27           7   4.8112527878448502E-014
          27           8  -4.5370058868485511E-015
          27           9  -4.9491307062927482E-014
          27          10  -1.0571365183742736E-013
          27          11   2.8365503751745692E-015
          27          12   3.3822506930351368E-014
          27          13   7.5423014307329842E-014
          27          14  -2.1226258621483983E-015
          27          15  -2.8728020581728069E-015
          27          16  -7.4948484691612762E-015
          27          17   2.4335945111455571E-016
          27          18  -2.5920958316582959E-013
          27          19   7.5686418929508578E-027
          27          20  -2.5920958316580778E-013
          27          21   3.7204794699671931E-028
          27          22  -1.7993650528014385E-027
          27          23  -2.5920958316580980E-013
          27          24  -4.6531942150607639E-013
          27          25   7.2225506358113662E-027
          27          26  -4.6531942150607750E-013
          27          27   1.1164426034440646E-026
          27          28  -5.3372418977056184E-027
          27          29  -4.6531942150606538E-013
          28           1   9.8971798627878172E-014
