           1           1   1.9999751377309587     
           1           2   3.2245754000247116E-003
           1           3  -2.7118315309589526E-003
           1           4   3.7349826173338409E-004
           1           5  -2.8343101364702487E-004
           1           6  -3.2207556327247440E-016
           1           7   5.3688241969912758E-016
           1           8  -1.8541618057929510E-015
           1           9   8.6631983495347710E-016
           1          10  -8.1378216447059307E-017
           1          11   1.7612583868578231E-015
           1          12  -9.5486442185541455E-016
           1          13   1.5641752323458140E-016
           1          14  -2.1831727257490482E-016
           1          15  -3.5950261074554835E-016
           1          16   8.6340715891254645E-016
           1          17   4.7965381464035419E-016
           1          18  -9.7838975954258039E-004
           1          19  -1.5631826139136176E-007
           1          20  -9.7798431733794639E-004
           1          21   2.0160748172799199E-006
           1          22  -6.6493052923754534E-006
           1          23  -9.0416244583677290E-004
           1          24   7.7975836989847613E-005
           1          25  -9.8808648431090578E-008
           1          26   7.8232116681245821E-005
           1          27   1.2743592770058795E-006
           1          28  -4.2030205442073514E-006
           1          29   1.2489486243899751E-004
           2           1   3.2245754000247116E-003
           2           2   2.0429307829538517     
           2           3   1.9641241442560478E-002
           2           4  -6.4028396509275498E-002
           2           5  -7.8698076232501732E-003
           2           6   4.1979308480933506E-015
           2           7   1.1614413596332554E-014
           2           8   9.8091815705760597E-015
           2           9  -1.7662210485765207E-014
           2          10   1.0899984694833531E-014
           2          11  -9.7392400649839026E-015
           2          12   1.1607563848935636E-014
           2          13  -1.8711754944417614E-014
           2          14   8.9908800878439696E-015
           2          15  -1.1619863191330543E-014
           2          16   9.6785894699146100E-015
           2          17  -6.7326125574135080E-015
           2          18  -2.6619743151836016E-003
           2          19  -2.1350151272429407E-006
           2          20  -2.6564367329270835E-003
           2          21   2.7535811601978450E-005
           2          22  -9.0817074926962782E-005
           2          23  -1.6481680284817256E-003
           2          24   1.3577928028971023E-002
           2          25   9.8984207716435646E-007
           2          26   1.3575360678569745E-002
           2          27  -1.2766235059713320E-005
           2          28   4.2104883017712812E-005
           2          29   1.3107904136061013E-002
           3           1  -2.7118315309589526E-003
           3           2   1.9641241442560478E-002
           3           3   1.8888687376957338     
           3           4   6.8048476253165291E-002
           3           5   6.5150323990979558E-002
           3           6  -6.9703964432846603E-016
           3           7   6.6820147866706770E-015
           3           8  -6.6032901116859354E-015
           3           9  -8.5744930645428548E-016
           3          10   1.1990077321430317E-014
           3          11   1.4492331165809348E-014
           3          12  -9.1257094462960368E-015
           3          13   1.7067958374592228E-015
           3          14  -1.2778800266035465E-015
           3          15   5.9673328495825902E-015
           3          16  -5.6691414590566945E-015
           3          17  -5.4901319682012453E-015
           3          18  -2.8241768733186286E-003
           3          19  -1.7399347511824818E-006
           3          20  -2.8196640098124039E-003
           3          21   2.2440363575987549E-005
           3          22  -7.4011553166109835E-005
           3          23  -1.9979734539977492E-003
           3          24  -2.7574212593389279E-002
           3          25   3.3137484726740630E-005
           3          26  -2.7660161187257355E-002
           3          27  -4.2738223654735161E-004
           3          28   1.4095682073197095E-003
           3          29  -4.3309459641478754E-002
           4           1   3.7349826173338409E-004
           4           2  -6.4028396509275498E-002
           4           3   6.8048476253165291E-002
           4           4   4.6789701824259192E-003
           4           5   2.6812831487047282E-003
           4           6   6.5465914154817182E-015
           4           7  -1.8762055721342862E-014
           4           8   5.4320414545317956E-015
           4           9   6.1878916184985888E-015
           4          10  -1.3980152868240621E-014
           4          11  -2.4388091793578937E-015
           4          12  -7.7006352849930236E-016
           4          13   9.4975861067519051E-016
           4          14  -2.3540719037960749E-016
           4          15   8.5392291095676083E-016
           4          16  -8.7811011469485949E-016
           4          17  -9.4017455324428254E-017
           4          18   2.1884781164221024E-004
           4          19   1.8285956586673441E-006
           4          20   2.1410498861626064E-004
           4          21  -2.3583844962230881E-005
           4          22   7.7782919410146671E-005
           4          23  -6.4945600417267292E-004
           4          24  -1.3168263382388064E-003
           4          25   1.8738867733312610E-006
           4          26  -1.3216866326927882E-003
           4          27  -2.4167975538224719E-005
           4          28   7.9709466235033591E-005
           4          29  -2.2066365203660121E-003
           5           1  -2.8343101364702487E-004
           5           2  -7.8698076232501732E-003
           5           3   6.5150323990979558E-002
           5           4   2.6812831487047282E-003
           5           5   2.3068190614135876E-003
           5           6   2.3628263339404553E-015
           5           7  -1.9736629313752836E-016
           5           8  -3.8920302182751959E-016
           5           9   1.5048795238488046E-014
           5          10  -2.7856450637434201E-014
           5          11  -1.0433093788790919E-014
           5          12  -4.0201662285625618E-016
           5          13   7.6496286429687801E-016
           5          14   3.6340320406090691E-016
           5          15   8.6177305134293634E-016
           5          16  -9.4506178724325959E-016
           5          17  -2.9089702569613977E-016
           5          18   5.2219872502061969E-006
           5          19   6.4721386699744697E-007
           5          20   3.5433106020544419E-006
           5          21  -8.3472753673124686E-006
           5          22   2.7530517104036839E-005
           5          23  -3.0210580701449190E-004
           5          24  -9.6377780285385184E-004
           5          25   1.4097425253461186E-006
           5          26  -9.6743424777621738E-004
           5          27  -1.8181793772584142E-005
           5          28   5.9966176088136478E-005
           5          29  -1.6331903154049757E-003
           6           1  -3.2207556327247440E-016
           6           2   4.1979308480933506E-015
           6           3  -6.9703964432846603E-016
           6           4   6.5465914154817182E-015
           6           5   2.3628263339404553E-015
           6           6   1.9994708125644893     
           6           7  -2.2227470185453418E-006
           6           8   2.8667311124018901E-005
           6           9  -1.3373186477494382E-003
           6          10  -1.6718393668873526E-005
           6          11   2.1562120773441527E-004
           6          12   3.0963867034960501E-003
           6          13   1.2558898529271402E-005
           6          14  -1.6197518272672554E-004
           6          15  -1.0423037653135786E-003
           6          16  -1.4451565058393015E-006
           6          17   1.8638536546583313E-005
           6          18  -8.2737120633562065E-016
           6          19   1.8618552973980270E-016
           6          20  -4.0269588165380051E-017
           6          21   1.5559695403272574E-015
           6          22   9.6932946721099490E-016
           6          23  -1.1969789841108370E-015
           6          24  -2.2564510400223607E-015
           6          25  -2.7163167785537132E-017
           6          26  -3.0723611500925983E-015
           6          27  -1.4594146272997117E-015
           6          28   2.4618418736568364E-016
           6          29  -3.4449957144009053E-015
           7           1   5.3688241969912758E-016
           7           2   1.1614413596332554E-014
           7           3   6.6820147866706770E-015
           7           4  -1.8762055721342862E-014
           7           5  -1.9736629313752836E-016
           7           6  -2.2227470185453418E-006
           7           7   1.9994774695657218     
           7           8  -9.4548922892172911E-005
           7           9  -1.6718393667331953E-005
           7          10  -1.2872480067427998E-003
           7          11  -7.1114981719570662E-004
           7          12   1.2558898529806329E-005
           7          13   3.0587735145496640E-003
           7          14   5.3421749563963027E-004
           7          15  -1.4451565076233223E-006
           7          16  -1.0379756035213818E-003
           7          17  -6.1472579626263622E-005
           7          18   3.7828835839081674E-015
           7          19  -6.9064084279839469E-016
           7          20   2.6416811475186670E-015
           7          21  -2.8267043665452065E-015
           7          22   7.6339481094947603E-016
           7          23   3.7285612555166366E-015
           7          24   2.4223507277087352E-015
           7          25   2.2950026776651136E-015
           7          26   2.5547157732078411E-015
           7          27   2.0435911368830421E-015
           7          28   1.9935882025909959E-015
           7          29   2.2541677889340479E-015
           8           1  -1.8541618057929510E-015
           8           2   9.8091815705760597E-015
           8           3  -6.6032901116859354E-015
           8           4   5.4320414545317956E-015
           8           5  -3.8920302182751959E-016
           8           6   2.8667311124018901E-005
           8           7  -9.4548922892172911E-005
           8           8   2.0006895591736393     
           8           9   2.1562120776779371E-004
           8          10  -7.1114981721424127E-004
           8          11   7.8294852598788638E-003
           8          12  -1.6197518272891318E-004
           8          13   5.3421749563266016E-004
           8          14  -3.7897389875299974E-003
           8          15   1.8638536547919806E-005
           8          16  -6.1472579623877388E-005
           8          17  -2.4991505976283397E-004
           8          18   5.4111387948181632E-016
           8          19   6.3886596618356490E-017
           8          20   1.6897389309403401E-015
           8          21  -1.0743735429236387E-015
           8          22   2.2164673648224199E-016
           8          23   4.7928987215466891E-016
           8          24   9.9810120842704998E-016
           8          25  -2.3706730868134289E-016
           8          26  -1.5437118823136798E-015
           8          27   1.0686964494109864E-015
           8          28   3.9255680005071424E-016
           8          29   9.2474951621746183E-016
           9           1   8.6631983495347710E-016
           9           2  -1.7662210485765207E-014
           9           3  -8.5744930645428548E-016
           9           4   6.1878916184985888E-015
           9           5   1.5048795238488046E-014
           9           6  -1.3373186477494382E-003
           9           7  -1.6718393667331953E-005
           9           8   2.1562120776779371E-004
           9           9   1.9876069205801665     
           9          10   1.6350911161354120E-003
           9          11  -2.1088169604405575E-002
           9          12  -2.4767597958714693E-002
           9          13   5.1606487043809410E-005
           9          14  -6.6558147176827955E-004
           9          15   6.1522551990307199E-002
           9          16   1.0054790914316991E-004
           9          17  -1.2967909495967475E-003
           9          18  -3.3181160819415294E-015
           9          19  -5.5736851656114115E-015
           9          20  -1.1575455881830096E-015
           9          21   9.8185333260288024E-016
           9          22   2.6396166945219857E-017
           9          23   1.0556234103029650E-015
           9          24  -4.6652764109915593E-015
           9          25   4.1932853723723777E-015
           9          26  -9.3229607511992660E-015
           9          27  -2.0390821184962414E-016
           9          28   1.9976485405623327E-015
           9          29  -3.3352460389309316E-015
          10           1  -8.1378216447059307E-017
          10           2   1.0899984694833531E-014
          10           3   1.1990077321430317E-014
          10           4  -1.3980152868240621E-014
          10           5  -2.7856450637434201E-014
          10           6  -1.6718393668873526E-005
          10           7  -1.2872480067427998E-003
          10           8  -7.1114981721424127E-004
          10           9   1.6350911161354120E-003
          10          10   1.9827099154093308     
          10          11   6.9551822427332127E-002
          10          12   5.1606487043895062E-005
          10          13  -2.4922156460962356E-002
          10          14   2.1951836124655816E-003
          10          15   1.0054790913093664E-004
          10          16   6.1221416704289683E-002
          10          17   4.2770034357344743E-003
          10          18   1.0489874571255741E-014
          10          19  -8.0940068245611824E-015
          10          20   2.9210915716361224E-016
          10          21  -3.9528674186485309E-015
          10          22   6.9091895422743872E-016
          10          23   6.4649192577676888E-017
          10          24   1.0545858083451575E-014
          10          25   1.9857174952421392E-015
          10          26   6.5998771277920604E-015
          10          27   8.9981568599165543E-015
          10          28  -3.2145562713586782E-015
          10          29   2.3220769681071805E-014
          11           1   1.7612583868578231E-015
          11           2  -9.7392400649839026E-015
          11           3   1.4492331165809348E-014
          11           4  -2.4388091793578937E-015
          11           5  -1.0433093788790919E-014
          11           6   2.1562120773441527E-004
          11           7  -7.1114981719570662E-004
          11           8   7.8294852598788638E-003
          11           9  -2.1088169604405575E-002
          11          10   6.9551822427332127E-002
          11          11   1.0910758350548235     
          11          12  -6.6558147167945173E-004
          11          13   2.1951836123526242E-003
          11          14  -5.3063770199551857E-002
          11          15  -1.2967909495804494E-003
          11          16   4.2770034357292284E-003
          11          17   6.3914799459779837E-003
          11          18   2.9869452363645063E-015
          11          19  -3.6226728599894237E-016
          11          20   9.3206167777261780E-016
          11          21  -9.5050754194276126E-016
          11          22   2.1938092415443031E-015
          11          23  -9.9647843396101562E-016
          11          24   5.6333753977663972E-015
          11          25   2.1319404985626244E-015
          11          26   4.4913860916251471E-015
          11          27  -2.8295867247330101E-015
          11          28   1.4476861234978344E-016
          11          29   6.7895224390157141E-015
          12           1  -9.5486442185541455E-016
          12           2   1.1607563848935636E-014
          12           3  -9.1257094462960368E-015
          12           4  -7.7006352849930236E-016
          12           5  -4.0201662285625618E-016
          12           6   3.0963867034960501E-003
          12           7   1.2558898529806329E-005
          12           8  -1.6197518272891318E-004
          12           9  -2.4767597958714693E-002
          12          10   5.1606487043895062E-005
          12          11  -6.6558147167945173E-004
          12          12   4.2000046376253550E-004
          12          13  -3.9931716458461966E-006
          12          14   5.1500910316204596E-005
          12          15  -6.9561093310507849E-004
          12          16  -7.2366927635409057E-007
          12          17   9.3333394623447596E-006
          12          18  -1.0346489065584168E-016
          12          19   4.3233243097843152E-017
          12          20  -1.3679426249463345E-016
          12          21   8.4435922706279113E-018
          12          22  -6.7145894521412058E-017
          12          23   3.0896736257633353E-016
          12          24   1.7558765385299332E-016
          12          25  -3.1288530366158897E-017
          12          26   1.7304417387861005E-016
          12          27  -8.3472349962258749E-018
          12          28  -3.7648956431847787E-017
          12          29   3.6356958329880000E-016
          13           1   1.5641752323458140E-016
          13           2  -1.8711754944417614E-014
          13           3   1.7067958374592228E-015
          13           4   9.4975861067519051E-016
          13           5   7.6496286429687801E-016
          13           6   1.2558898529271402E-005
          13           7   3.0587735145496640E-003
          13           8   5.3421749563266016E-004
          13           9   5.1606487043809410E-005
          13          10  -2.4922156460962356E-002
          13          11   2.1951836123526242E-003
          13          12  -3.9931716458461966E-006
          13          13   4.3195978640058142E-004
          13          14  -1.6985742415812544E-004
          13          15  -7.2366927622537544E-007
          13          16  -6.9344358466076313E-004
          13          17  -3.0782698599282451E-005
          13          18  -1.3575851186421682E-016
          13          19   1.5776351473160349E-016
          13          20   4.9964518488653293E-017
          13          21   6.9526467010585789E-017
          13          22   2.1712547479417663E-017
          13          23  -8.4772853244782512E-017
          13          24  -3.0663337725654224E-016
          13          25   2.0282039993454312E-018
          13          26  -2.8162290565329299E-016
          13          27  -1.8635581133637361E-016
          13          28   7.8956732947532035E-017
          13          29  -6.5283383178817087E-016
          14           1  -2.1831727257490482E-016
          14           2   8.9908800878439696E-015
          14           3  -1.2778800266035465E-015
          14           4  -2.3540719037960749E-016
          14           5   3.6340320406090691E-016
          14           6  -1.6197518272672554E-004
          14           7   5.3421749563963027E-004
          14           8  -3.7897389875299974E-003
          14           9  -6.6558147176827955E-004
          14          10   2.1951836124655816E-003
          14          11  -5.3063770199551857E-002
          14          12   5.1500910316204596E-005
          14          13  -1.6985742415812544E-004
          14          14   2.6094824293073182E-003
          14          15   9.3333394597451715E-006
          14          16  -3.0782698597893995E-005
          14          17  -2.9881836567774228E-004
          14          18  -2.1762226726208710E-016
          14          19   3.0792299757524624E-018
          14          20  -1.4629225432790465E-016
          14          21   4.6862835669000954E-017
          14          22  -1.3099172894424353E-016
          14          23   2.4757854139696975E-016
          14          24  -2.3369008873446653E-016
          14          25  -9.9737339237238760E-017
          14          26  -1.7604706418606415E-016
          14          27   1.5931837594461165E-016
          14          28  -2.7897307192974854E-017
          14          29  -1.3664980625908629E-016
          15           1  -3.5950261074554835E-016
          15           2  -1.1619863191330543E-014
          15           3   5.9673328495825902E-015
          15           4   8.5392291095676083E-016
          15           5   8.6177305134293634E-016
          15           6  -1.0423037653135786E-003
          15           7  -1.4451565076233223E-006
          15           8   1.8638536547919806E-005
          15           9   6.1522551990307199E-002
          15          10   1.0054790913093664E-004
          15          11  -1.2967909495804494E-003
          15          12  -6.9561093310507849E-004
          15          13  -7.2366927622537544E-007
          15          14   9.3333394597451715E-006
          15          15   1.9542075741539244E-003
          15          16   3.4797859513317655E-006
          15          17  -4.4879649578847378E-005
          15          18  -1.0353207517295332E-017
          15          19  -1.8921721753959481E-016
          15          20   4.7457599065022684E-017
          15          21   2.4128573112984630E-017
          15          22   1.2691631896365871E-017
          15          23  -2.1348713240768340E-016
          15          24  -2.7346744192049829E-016
          15          25   1.4478298137533253E-016
          15          26  -4.5975768150879728E-016
          15          27  -2.0916488557210351E-017
          15          28   8.4541553480889549E-017
          15          29  -4.4549725924806404E-016
          16           1   8.6340715891254645E-016
          16           2   9.6785894699146100E-015
          16           3  -5.6691414590566945E-015
          16           4  -8.7811011469485949E-016
          16           5  -9.4506178724325959E-016
          16           6  -1.4451565058393015E-006
          16           7  -1.0379756035213818E-003
          16           8  -6.1472579623877388E-005
          16           9   1.0054790914316991E-004
          16          10   6.1221416704289683E-002
          16          11   4.2770034357292284E-003
          16          12  -7.2366927635409057E-007
          16          13  -6.9344358466076313E-004
          16          14  -3.0782698597893995E-005
          16          15   3.4797859513317655E-006
          16          16   1.9437858125614317E-003
          16          17   1.4801955203568018E-004
          16          18   1.9326937303495858E-016
          16          19  -2.1155993737673466E-016
          16          20  -7.9128645784449078E-017
          16          21  -9.3948074348009893E-017
          16          22   7.9269771429539111E-018
          16          23   1.8480745156541544E-016
          16          24   4.0318915145936551E-016
          16          25   7.5891749740249703E-017
          16          26   2.6621434676989562E-016
          16          27   2.2988734901355607E-016
          16          28  -9.4220558871055048E-017
          16          29   8.6905265663284909E-016
          17           1   4.7965381464035419E-016
          17           2  -6.7326125574135080E-015
          17           3  -5.4901319682012453E-015
          17           4  -9.4017455324428254E-017
          17           5  -2.9089702569613977E-016
          17           6   1.8638536546583313E-005
          17           7  -6.1472579626263622E-005
          17           8  -2.4991505976283397E-004
          17           9  -1.2967909495967475E-003
          17          10   4.2770034357344743E-003
          17          11   6.3914799459779837E-003
          17          12   9.3333394623447596E-006
          17          13  -3.0782698599282451E-005
          17          14  -2.9881836567774228E-004
          17          15  -4.4879649578847378E-005
          17          16   1.4801955203568018E-004
          17          17   4.6218321898426653E-005
          17          18   1.0534145246624994E-017
          17          19  -1.1397611942460367E-017
          17          20  -1.7625811993699122E-017
          17          21  -7.7022422245393097E-018
          17          22   1.2153528887099074E-019
          17          23   1.3272066445037726E-016
          17          24   7.4014157975129577E-017
          17          25   1.3749045588092385E-017
          17          26   6.2693383186254368E-017
          17          27   1.3737080858031933E-018
          17          28  -1.4976537235104449E-017
          17          29   2.0663918109591921E-016
          18           1  -9.7838975954258039E-004
          18           2  -2.6619743151836016E-003
          18           3  -2.8241768733186286E-003
          18           4   2.1884781164221024E-004
          18           5   5.2219872502061969E-006
          18           6  -8.2737120633562065E-016
          18           7   3.7828835839081674E-015
          18           8   5.4111387948181632E-016
          18           9  -3.3181160819415294E-015
          18          10   1.0489874571255741E-014
          18          11   2.9869452363645063E-015
          18          12  -1.0346489065584168E-016
          18          13  -1.3575851186421682E-016
          18          14  -2.1762226726208710E-016
          18          15  -1.0353207517295332E-017
          18          16   1.9326937303495858E-016
          18          17   1.0534145246624994E-017
          18          18   3.6230078452066926E-004
          18          19   2.6993359796067703E-006
          18          20   3.5529952495809387E-004
          18          21  -3.4813995620937846E-005
          18          22   1.1482157469491712E-004
          18          23  -9.1947177170477955E-004
          18          24   1.9982153353130088E-004
          18          25   9.9140776186247800E-007
          18          26   1.9725012221925750E-004
          18          27  -1.2786428121620902E-005
          18          28   4.2171482630031765E-005
          18          29  -2.7094582211217345E-004
          19           1  -1.5631826139136176E-007
          19           2  -2.1350151272429407E-006
          19           3  -1.7399347511824818E-006
          19           4   1.8285956586673441E-006
          19           5   6.4721386699744697E-007
          19           6   1.8618552973980270E-016
          19           7  -6.9064084279839469E-016
          19           8   6.3886596618356490E-017
          19           9  -5.5736851656114115E-015
          19          10  -8.0940068245611824E-015
          19          11  -3.6226728599894237E-016
          19          12   4.3233243097843152E-017
          19          13   1.5776351473160349E-016
          19          14   3.0792299757524624E-018
          19          15  -1.8921721753959481E-016
          19          16  -2.1155993737673466E-016
          19          17  -1.1397611942460367E-017
          19          18   2.6993359796067703E-006
          19          19   2.0512967363549161E-008
          19          20   2.6461315582246817E-006
          19          21  -2.6456075174215333E-007
          19          22   8.7255948579414697E-007
          19          23  -7.0411923621927310E-006
          19          24   1.3505761736137631E-006
          19          25   7.8944249766713007E-009
          19          26   1.3301004274393485E-006
          19          27  -1.0181632765928633E-007
          19          28   3.3580492163297315E-007
          19          29  -2.3980706633056861E-006
          20           1  -9.7798431733794639E-004
          20           2  -2.6564367329270835E-003
          20           3  -2.8196640098124039E-003
          20           4   2.1410498861626064E-004
          20           5   3.5433106020544419E-006
          20           6  -4.0269588165380051E-017
          20           7   2.6416811475186670E-015
          20           8   1.6897389309403401E-015
          20           9  -1.1575455881830096E-015
          20          10   2.9210915716361224E-016
          20          11   9.3206167777261780E-016
          20          12  -1.3679426249463345E-016
          20          13   4.9964518488653293E-017
          20          14  -1.4629225432790465E-016
          20          15   4.7457599065022684E-017
          20          16  -7.9128645784449078E-017
          20          17  -1.7625811993699122E-017
          20          18   3.5529952495809387E-004
          20          19   2.6461315582246817E-006
          20          20   3.4843626154226965E-004
          20          21  -3.4127805199660034E-005
          20          22   1.1255841979682934E-004
          20          23  -9.0120905238041081E-004
          20          24   1.9631854819616670E-004
          20          25   9.7093201568775717E-007
          20          26   1.9380024476501950E-004
          20          27  -1.2522347420650989E-005
          20          28   4.1300506420884483E-005
          20          29  -2.6472595348919748E-004
          21           1   2.0160748172799199E-006
          21           2   2.7535811601978450E-005
          21           3   2.2440363575987549E-005
          21           4  -2.3583844962230881E-005
          21           5  -8.3472753673124686E-006
          21           6   1.5559695403272574E-015
          21           7  -2.8267043665452065E-015
          21           8  -1.0743735429236387E-015
          21           9   9.8185333260288024E-016
          21          10  -3.9528674186485309E-015
          21          11  -9.5050754194276126E-016
          21          12   8.4435922706279113E-018
          21          13   6.9526467010585789E-017
          21          14   4.6862835669000954E-017
          21          15   2.4128573112984630E-017
          21          16  -9.3948074348009893E-017
          21          17  -7.7022422245393097E-018
          21          18  -3.4813995620937846E-005
          21          19  -2.6456075174215333E-007
          21          20  -3.4127805199660034E-005
          21          21   3.4121046517505478E-006
          21          22  -1.1253612868884579E-005
          21          23   9.0811978174125949E-005
          21          24  -1.7418710879747688E-005
          21          25  -1.0181632766186540E-007
          21          26  -1.7154630178775030E-005
          21          27   1.3131500532236141E-006
          21          28  -4.3309581169604437E-006
          21          29   3.0928503232018982E-005
          22           1  -6.6493052923754534E-006
          22           2  -9.0817074926962782E-005
          22           3  -7.4011553166109835E-005
          22           4   7.7782919410146671E-005
          22           5   2.7530517104036839E-005
          22           6   9.6932946721099490E-016
          22           7   7.6339481094947603E-016
          22           8   2.2164673648224199E-016
          22           9   2.6396166945219857E-017
          22          10   6.9091895422743872E-016
          22          11   2.1938092415443031E-015
          22          12  -6.7145894521412058E-017
          22          13   2.1712547479417663E-017
          22          14  -1.3099172894424353E-016
          22          15   1.2691631896365871E-017
          22          16   7.9269771429539111E-018
          22          17   1.2153528887099074E-019
          22          18   1.1482157469491712E-004
          22          19   8.7255948579414697E-007
          22          20   1.1255841979682934E-004
          22          21  -1.1253612868884579E-005
          22          22   3.7116037029447856E-005
          22          23  -2.9951099117201134E-004
          22          24   5.7449418740036628E-005
          22          25   3.3580492164595610E-007
          22          26   5.6578442530868693E-005
          22          27  -4.3309581170181825E-006
          22          28   1.4284124015430765E-005
          22          29  -1.0200666084397359E-004
          23           1  -9.0416244583677290E-004
          23           2  -1.6481680284817256E-003
          23           3  -1.9979734539977492E-003
          23           4  -6.4945600417267292E-004
          23           5  -3.0210580701449190E-004
          23           6  -1.1969789841108370E-015
          23           7   3.7285612555166366E-015
          23           8   4.7928987215466891E-016
          23           9   1.0556234103029650E-015
          23          10   6.4649192577676888E-017
          23          11  -9.9647843396101562E-016
          23          12   3.0896736257633353E-016
          23          13  -8.4772853244782512E-017
          23          14   2.4757854139696975E-016
          23          15  -2.1348713240768340E-016
          23          16   1.8480745156541544E-016
          23          17   1.3272066445037726E-016
          23          18  -9.1947177170477955E-004
          23          19  -7.0411923621927310E-006
          23          20  -9.0120905238041081E-004
          23          21   9.0811978174125949E-005
          23          22  -2.9951099117201134E-004
          23          23   2.4240198133267839E-003
          23          24  -4.4149599330822986E-004
          23          25  -2.7572390752529147E-006
          23          26  -4.3434455066180009E-004
          23          27   3.5560785991448228E-005
          23          28  -1.1728459695614836E-004
          23          29   8.6777169479202842E-004
          24           1   7.7975836989847613E-005
          24           2   1.3577928028971023E-002
          24           3  -2.7574212593389279E-002
          24           4  -1.3168263382388064E-003
          24           5  -9.6377780285385184E-004
          24           6  -2.2564510400223607E-015
          24           7   2.4223507277087352E-015
          24           8   9.9810120842704998E-016
          24           9  -4.6652764109915593E-015
          24          10   1.0545858083451575E-014
          24          11   5.6333753977663972E-015
          24          12   1.7558765385299332E-016
          24          13  -3.0663337725654224E-016
          24          14  -2.3369008873446653E-016
          24          15  -2.7346744192049829E-016
          24          16   4.0318915145936551E-016
          24          17   7.4014157975129577E-017
          24          18   1.9982153353130088E-004
          24          19   1.3505761736137631E-006
          24          20   1.9631854819616670E-004
          24          21  -1.7418710879747688E-005
          24          22   5.7449418740036628E-005
          24          23  -4.4149599330822986E-004
          24          24   5.8489405630864229E-004
          24          25   3.9339880603109079E-008
          24          26   5.8479202057940948E-004
          24          27  -5.0737605106050362E-007
          24          28   1.6733993352369826E-006
          24          29   5.6621361799540407E-004
          25           1  -9.8808648431090578E-008
          25           2   9.8984207716435646E-007
          25           3   3.3137484726740630E-005
          25           4   1.8738867733312610E-006
          25           5   1.4097425253461186E-006
          25           6  -2.7163167785537132E-017
          25           7   2.2950026776651136E-015
          25           8  -2.3706730868134289E-016
          25           9   4.1932853723723777E-015
          25          10   1.9857174952421392E-015
          25          11   2.1319404985626244E-015
          25          12  -3.1288530366158897E-017
          25          13   2.0282039993454312E-018
          25          14  -9.9737339237238760E-017
          25          15   1.4478298137533253E-016
          25          16   7.5891749740249703E-017
          25          17   1.3749045588092385E-017
          25          18   9.9140776186247800E-007
          25          19   7.8944249766713007E-009
          25          20   9.7093201568775717E-007
          25          21  -1.0181632766186540E-007
          25          22   3.3580492164595610E-007
          25          23  -2.7572390752529147E-006
          25          24   3.9339880603109079E-008
          25          25   3.6458135623540398E-009
          25          26   2.9883744998209987E-008
          25          27  -4.7020948244622015E-008
          25          28   1.5508186362102663E-007
          25          29  -1.6918650543953589E-006
          26           1   7.8232116681245821E-005
          26           2   1.3575360678569745E-002
          26           3  -2.7660161187257355E-002
          26           4  -1.3216866326927882E-003
          26           5  -9.6743424777621738E-004
          26           6  -3.0723611500925983E-015
          26           7   2.5547157732078411E-015
          26           8  -1.5437118823136798E-015
          26           9  -9.3229607511992660E-015
          26          10   6.5998771277920604E-015
          26          11   4.4913860916251471E-015
          26          12   1.7304417387861005E-016
          26          13  -2.8162290565329299E-016
          26          14  -1.7604706418606415E-016
          26          15  -4.5975768150879728E-016
          26          16   2.6621434676989562E-016
          26          17   6.2693383186254368E-017
          26          18   1.9725012221925750E-004
          26          19   1.3301004274393485E-006
          26          20   1.9380024476501950E-004
          26          21  -1.7154630178775030E-005
          26          22   5.6578442530868693E-005
          26          23  -4.3434455066180009E-004
          26          24   5.8479202057940948E-004
          26          25   2.9883744998209987E-008
          26          26   5.8471451120048197E-004
          26          27  -3.8541795987797186E-007
          26          28   1.2711639748215633E-006
          26          29   5.7060180326766593E-004
          27           1   1.2743592770058795E-006
          27           2  -1.2766235059713320E-005
          27           3  -4.2738223654735161E-004
          27           4  -2.4167975538224719E-005
          27           5  -1.8181793772584142E-005
          27           6  -1.4594146272997117E-015
          27           7   2.0435911368830421E-015
          27           8   1.0686964494109864E-015
          27           9  -2.0390821184962414E-016
          27          10   8.9981568599165543E-015
          27          11  -2.8295867247330101E-015
          27          12  -8.3472349962258749E-018
          27          13  -1.8635581133637361E-016
          27          14   1.5931837594461165E-016
          27          15  -2.0916488557210351E-017
          27          16   2.2988734901355607E-016
          27          17   1.3737080858031933E-018
          27          18  -1.2786428121620902E-005
          27          19  -1.0181632765928633E-007
          27          20  -1.2522347420650989E-005
          27          21   1.3131500532236141E-006
          27          22  -4.3309581170181825E-006
          27          23   3.5560785991448228E-005
          27          24  -5.0737605106050362E-007
          27          25  -4.7020948244622015E-008
          27          26  -3.8541795987797186E-007
          27          27   6.0644065748546849E-007
          27          28  -2.0001286841161020E-006
          27          29   2.1820396956848524E-005
          28           1  -4.2030205442073514E-006
