           1           1   2.1827125350562300     
           1           2 -0.66595216779151967     
           1           3   6.3472146949438091E-002
           1           4  0.11569868024994040     
           1           5   7.5634562338481653E-003
           1           6  -3.5149636941384421E-016
           1           7   4.5513584783071839E-016
           1           8  -7.4901739695429459E-017
           1           9   2.3348072046911514E-016
           1          10   1.3352713279063589E-015
           1          11   1.1314521048148065E-015
           1          12  -1.4385110843865222E-015
           1          13   1.3677901993332325E-015
           1          14  -2.0473856046007878E-015
           1          15  -1.2499019092215423E-015
           1          16  -1.7801747878180149E-016
           1          17  -3.2920254272584194E-016
           1          18  -5.5649062243809540E-004
           1          19   6.7559093380004489E-005
           1          20  -5.0008433123397724E-004
           1          21   4.3034861239276247E-005
           1          22  -2.7029260233207950E-005
           1          23  -4.7824761262953619E-004
           1          24  -6.9247488551884102E-003
           1          25   5.5070905301119605E-004
           1          26  -6.4649520513140107E-003
           1          27   3.5079937419315129E-004
           1          28  -2.2032945622578063E-004
           1          29  -6.2869496829377775E-003
           2           1 -0.66595216779151967     
           2           2   2.4397361983549550     
           2           3 -0.29999630476588829     
           2           4 -0.50558496701141831     
           2           5  -3.2996954005807946E-002
           2           6   5.1703396646740785E-015
           2           7   2.4411476958225120E-015
           2           8   8.2999363211724354E-016
           2           9  -3.0789567576695318E-015
           2          10  -9.0251111836127370E-015
           2          11  -7.1203327390592729E-015
           2          12   9.6191078162500825E-016
           2          13  -7.4442158015711467E-015
           2          14   4.1036324123840950E-015
           2          15   7.3223210765106671E-015
           2          16   5.5778744557794356E-016
           2          17   1.4652091103997477E-015
           2          18  -1.1931934012909540E-003
           2          19  -3.4370108858261701E-004
           2          20  -1.4801555661077244E-003
           2          21  -2.1893616261988314E-004
           2          22   1.3750904136043338E-004
           2          23  -1.5912479976515808E-003
           2          24   2.8124649122251062E-002
           2          25  -2.5938856736223083E-003
           2          26   2.5958967741443129E-002
           2          27  -1.6522943758818611E-003
           2          28   1.0377701562274523E-003
           2          29   2.5120561707136745E-002
           3           1   6.3472146949438091E-002
           3           2 -0.29999630476588829     
           3           3  0.54173974500284228     
           3           4  0.60084770083641725     
           3           5   3.4507502068897473E-002
           3           6   1.2452438348274321E-014
           3           7   5.9493896053340955E-015
           3           8   3.0272445211898230E-015
           3           9  -1.3854667989449551E-015
           3          10   9.2926833793455345E-015
           3          11  -6.0323610558063380E-017
           3          12  -7.8970437704075890E-015
           3          13   6.9659734655561564E-015
           3          14  -9.9744207562993146E-015
           3          15  -1.0103964020853221E-014
           3          16   1.2896866561962786E-015
           3          17  -4.9616395747547755E-015
           3          18  -1.2938064374748981E-003
           3          19  -2.2410525154829136E-004
           3          20  -1.4809159062616076E-003
           3          21  -1.4275411228947474E-004
           3          22   8.9660752705238503E-005
           3          23  -1.5533520961713656E-003
           3          24  -1.9692692519574968E-002
           3          25   3.9551858396682689E-003
           3          26  -1.6390437367125959E-002
           3          27   2.5194369146269487E-003
           3          28  -1.5824035224344724E-003
           3          29  -1.5112026483986189E-002
           4           1  0.11569868024994040     
           4           2 -0.50558496701141831     
           4           3  0.60084770083641725     
           4           4  0.67972595884469578     
           4           5   3.9392208665830993E-002
           4           6  -1.4068846476759580E-014
           4           7  -2.1240203332809688E-014
           4           8  -2.8138415766244185E-015
           4           9   1.5493193006003148E-014
           4          10   2.4153499999743694E-014
           4          11   1.9342367828099979E-014
           4          12   3.6520640141628708E-015
           4          13   1.7715621319568637E-014
           4          14   2.7797679663214534E-015
           4          15  -1.0290402119305536E-014
           4          16   2.0538386361718250E-015
           4          17  -4.3153534850990482E-015
           4          18  -1.6118442362131249E-003
           4          19   1.9409620433548207E-004
           4          20  -1.4497898556990526E-003
           4          21   1.2363847415798081E-004
           4          22  -7.7654636179311405E-005
           4          23  -1.3870533093052091E-003
           4          24  -2.3250074287027508E-002
           4          25   4.5737611556651162E-003
           4          26  -1.9431359578128707E-002
           4          27   2.9134668158191336E-003
           4          28  -1.8298851323017523E-003
           4          29  -1.7953010323426229E-002
           5           1   7.5634562338481653E-003
           5           2  -3.2996954005807946E-002
           5           3   3.4507502068897473E-002
           5           4   3.9392208665830993E-002
           5           5   2.3068300912891765E-003
           5           6  -6.6143696001253014E-015
           5           7  -6.1370818443146877E-015
           5           8  -9.0332709906728289E-015
           5           9   8.5055048072448210E-015
           5          10  -6.8975183253514521E-016
           5          11   1.5207697696068153E-014
           5          12   5.6103756370998470E-015
           5          13  -3.3576388973287814E-016
           5          14   1.0355572539155791E-014
           5          15  -2.1390351354066012E-016
           5          16   9.0320892403851777E-017
           5          17   5.4730540986288064E-016
           5          18  -1.9372822642707707E-004
           5          19   1.4441485046561616E-004
           5          20  -7.3153693804422004E-005
           5          21   9.1991658555471258E-005
           5          22  -5.7777959704225119E-005
           5          23  -2.6475352001609209E-005
           5          24  -1.3970968317977251E-003
           5          25   3.1453412946487339E-004
           5          26  -1.1344866810356850E-003
           5          27   2.0035693107933814E-004
           5          28  -1.2583983017925188E-004
           5          29  -1.0328217098999292E-003
           6           1  -3.5149636941384421E-016
           6           2   5.1703396646740785E-015
           6           3   1.2452438348274321E-014
           6           4  -1.4068846476759580E-014
           6           5  -6.6143696001253014E-015
           6           6   2.0988890498303987     
           6           7   2.8669183886769166E-002
           6           8   1.8262150786744397E-002
           6           9 -0.24773211550830249     
           6          10  -6.8561225281970520E-002
           6          11  -4.3673215087737319E-002
           6          12 -0.16910356594962728     
           6          13  -5.0219728703123939E-002
           6          14  -3.1989758121717143E-002
           6          15  -7.5747827374903652E-003
           6          16  -6.4399820720623920E-003
           6          17  -4.1022417705808729E-003
           6          18  -2.3539223242696258E-015
           6          19  -2.1986357778090017E-015
           6          20  -9.0489206800102017E-016
           6          21  -2.3508097137048557E-016
           6          22  -1.2288793625970528E-015
           6          23  -1.4021162958537424E-015
           6          24   8.4075237731408196E-015
           6          25   2.2790580848942646E-015
           6          26   6.3956054037345384E-015
           6          27  -6.0522904153616743E-016
           6          28   5.8798203464636191E-016
           6          29   4.8889339006976240E-015
           7           1   4.5513584783071839E-016
           7           2   2.4411476958225120E-015
           7           3   5.9493896053340955E-015
           7           4  -2.1240203332809688E-014
           7           5  -6.1370818443146877E-015
           7           6   2.8669183886769166E-002
           7           7   2.1265284383545193     
           7           8  -1.1470059665257805E-002
           7           9  -6.8561225281988047E-002
           7          10 -0.31383062570539988     
           7          11   2.7430196402053048E-002
           7          12  -5.0219728703126160E-002
           7          13 -0.21751940502090714     
           7          14   2.0092071224195776E-002
           7          15  -6.4399820720607215E-003
           7          16  -1.3783441041187339E-002
           7          17   2.5765288227555562E-003
           7          18   2.2797091611792357E-015
           7          19  -2.3637070247850106E-015
           7          20  -1.2385688450756105E-016
           7          21  -9.3977189956833998E-016
           7          22  -2.7099312576959554E-015
           7          23  -1.0352210258890101E-015
           7          24   8.4832503805093745E-015
           7          25   1.0191513491901098E-016
           7          26   7.6425776999953213E-015
           7          27  -2.9659999584831275E-015
           7          28   2.2187427417157840E-015
           7          29   5.9707969987917448E-015
           8           1  -7.4901739695429459E-017
           8           2   8.2999363211724354E-016
           8           3   3.0272445211898230E-015
           8           4  -2.8138415766244185E-015
           8           5  -9.0332709906728289E-015
           8           6   1.8262150786744397E-002
           8           7  -1.1470059665257805E-002
           8           8   2.1372285488757421     
           8           9  -4.3673215087738151E-002
           8          10   2.7430196402049932E-002
           8          11 -0.33941951902042333     
           8          12  -3.1989758121717282E-002
           8          13   2.0092071224190995E-002
           8          14 -0.23626275849525907     
           8          15  -4.1022417705826961E-003
           8          16   2.5765288227507475E-003
           8          17  -1.6187015561842037E-002
           8          18  -6.3816986475392135E-016
           8          19   1.2469188133035315E-015
           8          20  -8.3565594695469871E-016
           8          21  -3.0516677011222343E-016
           8          22   4.7386158294477376E-016
           8          23   1.3072428021534246E-015
           8          24   6.2620241029992791E-015
           8          25  -1.4988254497131740E-016
           8          26   2.9344070222288547E-015
           8          27   7.0051583220771259E-016
           8          28  -1.1139312419733475E-015
           8          29   1.4866804032898354E-015
           9           1   2.3348072046911514E-016
           9           2  -3.0789567576695318E-015
           9           3  -1.3854667989449551E-015
           9           4   1.5493193006003148E-014
           9           5   8.5055048072448210E-015
           9           6 -0.24773211550830249     
           9           7  -6.8561225281988047E-002
           9           8  -4.3673215087738151E-002
           9           9  0.62100411544635237     
           9          10  0.16096303096092054     
           9          11  0.10253278064124907     
           9          12  0.42316998361116082     
           9          13  0.12475657498851767     
           9          14   7.9469418912405512E-002
           9          15   1.7161136536543574E-002
           9          16   1.4901099885478159E-002
           9          17   9.4919385945189932E-003
           9          18   1.6022819843974181E-015
           9          19  -3.2570907478469372E-016
           9          20  -3.4710578171170743E-015
           9          21   4.5927978324251836E-016
           9          22  -7.0369440018166845E-016
           9          23  -4.1081470092874567E-015
           9          24  -7.9103920658734638E-015
           9          25  -1.3767975062620976E-015
           9          26  -8.2669220750124359E-015
           9          27  -2.0058276695050948E-015
           9          28   2.2027118465954147E-015
           9          29  -3.4808043745318198E-015
          10           1   1.3352713279063589E-015
          10           2  -9.0251111836127370E-015
          10           3   9.2926833793455345E-015
          10           4   2.4153499999743694E-014
          10           5  -6.8975183253514521E-016
          10           6  -6.8561225281970520E-002
          10           7 -0.31383062570539988     
          10           8   2.7430196402049932E-002
          10           9  0.16096303096092054     
          10          10  0.77618536402496541     
          10          11  -6.4398609192990924E-002
          10          12  0.12475657498847317     
          10          13  0.54344530993620022     
          10          14  -4.9913013373162146E-002
          10          15   1.4901099885476405E-002
          10          16   3.1526989811137753E-002
          10          17  -5.9616801593668977E-003
          10          18  -4.8408819804318315E-015
          10          19   3.1783686918011795E-015
          10          20  -1.6732280162164146E-015
          10          21  -2.3582881184971469E-016
          10          22  -9.5917709971741293E-016
          10          23  -2.0147062615098662E-015
          10          24  -5.1243089404800424E-015
          10          25   6.0022413335052810E-016
          10          26  -7.0379956022705290E-015
          10          27   2.8713529424550023E-016
          10          28   9.8439476781860528E-016
          10          29  -3.0344715706355615E-015
          11           1   1.1314521048148065E-015
          11           2  -7.1203327390592729E-015
          11           3  -6.0323610558063380E-017
          11           4   1.9342367828099979E-014
          11           5   1.5207697696068153E-014
          11           6  -4.3673215087737319E-002
          11           7   2.7430196402053048E-002
          11           8 -0.33941951902042333     
          11           9  0.10253278064124907     
          11          10  -6.4398609192990924E-002
          11          11  0.83626109648131786     
          11          12   7.9469418912400835E-002
          11          13  -4.9913013373175399E-002
          11          14  0.59000781920584067     
          11          15   9.4919385945225199E-003
          11          16  -5.9616801593511091E-003
          11          17   3.7088481072089313E-002
          11          18  -4.6914705610652225E-016
          11          19  -2.1629069569992386E-015
          11          20   1.2568103764733988E-015
          11          21   4.4158120180231137E-015
          11          22  -5.4061789745141936E-016
          11          23  -4.7755640576714482E-015
          11          24  -1.4573617463501110E-014
          11          25  -1.3367408775678331E-015
          11          26  -8.5949877859486037E-015
          11          27  -3.3631865118207099E-015
          11          28   2.3507773190607787E-015
          11          29  -3.8481451472928592E-016
          12           1  -1.4385110843865222E-015
          12           2   9.6191078162500825E-016
          12           3  -7.8970437704075890E-015
          12           4   3.6520640141628708E-015
          12           5   5.6103756370998470E-015
          12           6 -0.16910356594962728     
          12           7  -5.0219728703126160E-002
          12           8  -3.1989758121717282E-002
          12           9  0.42316998361116082     
          12          10  0.12475657498847317     
          12          11   7.9469418912400835E-002
          12          12  0.28887773585796306     
          12          13   9.5441517446958057E-002
          12          14   6.0795849295517040E-002
          12          15   1.2046049876758082E-002
          12          16   1.0679220033489568E-002
          12          17   6.8026187042759673E-003
          12          18   6.4048722019357383E-016
          12          19   1.9015046682021288E-016
          12          20  -2.3120050817234453E-015
          12          21   6.1703646143803428E-016
          12          22  -6.6779769705267104E-016
          12          23  -2.6998770024387727E-015
          12          24  -5.5708065825746062E-015
          12          25  -8.5788547695515098E-016
          12          26  -5.6437330325084784E-015
          12          27  -1.3624871730932984E-015
          12          28   1.5295663427085113E-015
          12          29  -2.1410867597632858E-015
          13           1   1.3677901993332325E-015
          13           2  -7.4442158015711467E-015
          13           3   6.9659734655561564E-015
          13           4   1.7715621319568637E-014
          13           5  -3.3576388973287814E-016
          13           6  -5.0219728703123939E-002
          13           7 -0.21751940502090714     
          13           8   2.0092071224190995E-002
          13           9  0.12475657498851767     
          13          10  0.54344530993620022     
          13          11  -4.9913013373175399E-002
          13          12   9.5441517446958057E-002
          13          13  0.38089099974359453     
          13          14  -3.8184550490616469E-002
          13          15   1.0679220033489385E-002
          13          16   2.2341672969503148E-002
          13          17  -4.2725768352985831E-003
          13          18  -3.3829144013513167E-015
          13          19   2.1953026724343718E-015
          13          20  -1.2497927956798774E-015
          13          21  -1.7068508043209212E-016
          13          22  -6.8443333839576630E-016
          13          23  -1.4142187531997314E-015
          13          24  -3.6633158784890013E-015
          13          25   3.8860798606545288E-016
          13          26  -5.0346739556139053E-015
          13          27   1.9145834379538034E-016
          13          28   7.2605001028475791E-016
          13          29  -2.2038982887275667E-015
          14           1  -2.0473856046007878E-015
          14           2   4.1036324123840950E-015
          14           3  -9.9744207562993146E-015
          14           4   2.7797679663214534E-015
          14           5   1.0355572539155791E-014
          14           6  -3.1989758121717143E-002
          14           7   2.0092071224195776E-002
          14           8 -0.23626275849525907     
          14           9   7.9469418912405512E-002
          14          10  -4.9913013373162146E-002
          14          11  0.59000781920584067     
          14          12   6.0795849295517040E-002
          14          13  -3.8184550490616469E-002
          14          14  0.41651234107366542     
          14          15   6.8026187042791262E-003
          14          16  -4.2725768352872683E-003
          14          17   2.6327445116961858E-002
          14          18  -5.5131511574393236E-016
          14          19  -1.1929732609083518E-015
          14          20   8.9845493593021229E-016
          14          21   3.3303555387898794E-015
          14          22  -5.4289724885871234E-016
          14          23  -3.2623933771789268E-015
          14          24  -1.0184287852368519E-014
          14          25  -9.1396745263190997E-016
          14          26  -5.8322520278037873E-015
          14          27  -2.4353636862857280E-015
          14          28   1.6965775923317179E-015
          14          29   8.7534331367541629E-017
          15           1  -1.2499019092215423E-015
          15           2   7.3223210765106671E-015
          15           3  -1.0103964020853221E-014
          15           4  -1.0290402119305536E-014
          15           5  -2.1390351354066012E-016
          15           6  -7.5747827374903652E-003
          15           7  -6.4399820720607215E-003
          15           8  -4.1022417705826961E-003
          15           9   1.7161136536543574E-002
          15          10   1.4901099885476405E-002
          15          11   9.4919385945225199E-003
          15          12   1.2046049876758082E-002
          15          13   1.0679220033489385E-002
          15          14   6.8026187042791262E-003
          15          15   7.1916983747998594E-004
          15          16   7.7637669802295818E-004
          15          17   4.9454872462324426E-004
          15          18  -3.4691300545314976E-016
          15          19   3.9066799220044379E-016
          15          20  -4.1099195106208271E-017
          15          21   2.9633373303311397E-016
          15          22  -1.9122002802008162E-016
          15          23   1.0025231188353104E-017
          15          24  -1.6967468463114106E-016
          15          25   2.3082699021715908E-017
          15          26  -5.7381843072426287E-017
          15          27  -4.5715374960150779E-017
          15          28   7.5664084215003722E-017
          15          29   2.4324092468676598E-016
          16           1  -1.7801747878180149E-016
          16           2   5.5778744557794356E-016
          16           3   1.2896866561962786E-015
          16           4   2.0538386361718250E-015
          16           5   9.0320892403851777E-017
          16           6  -6.4399820720623920E-003
          16           7  -1.3783441041187339E-002
          16           8   2.5765288227507475E-003
          16           9   1.4901099885478159E-002
          16          10   3.1526989811137753E-002
          16          11  -5.9616801593511091E-003
          16          12   1.0679220033489568E-002
          16          13   2.2341672969503148E-002
          16          14  -4.2725768352872683E-003
          16          15   7.7637669802295818E-004
          16          16   1.4676591312454816E-003
          16          17  -3.1061529634468076E-004
          16          18  -8.8493380239785666E-017
          16          19  -2.2667376771190192E-017
          16          20  -1.3120054264458484E-016
          16          21  -9.8734400979649258E-017
          16          22   1.1948991230011419E-017
          16          23  -1.3491785052263512E-016
          16          24  -2.5022939997478587E-016
          16          25  -4.9901971676682104E-017
          16          26  -3.8609365712125443E-016
          16          27  -2.1293428872459817E-017
          16          28   7.9876737277198809E-017
          16          29  -2.2090074694729384E-016
          17           1  -3.2920254272584194E-016
          17           2   1.4652091103997477E-015
          17           3  -4.9616395747547755E-015
          17           4  -4.3153534850990482E-015
          17           5   5.4730540986288064E-016
          17           6  -4.1022417705808729E-003
          17           7   2.5765288227555562E-003
          17           8  -1.6187015561842037E-002
          17           9   9.4919385945189932E-003
          17          10  -5.9616801593668977E-003
          17          11   3.7088481072089313E-002
          17          12   6.8026187042759673E-003
          17          13  -4.2725768352985831E-003
          17          14   2.6327445116961858E-002
          17          15   4.9454872462324426E-004
          17          16  -3.1061529634468076E-004
          17          17   1.7574237965681662E-003
          17          18  -1.0032408658598072E-016
          17          19   4.5753246659802220E-017
          17          20   6.0043652585645205E-017
          17          21   2.8444738044671270E-016
          17          22  -1.0051312046476763E-016
          17          23  -1.6917415053090284E-016
          17          24  -6.5217763823056972E-016
          17          25  -5.8963709459182624E-017
          17          26  -3.0879712297932637E-016
          17          27  -2.0307738974373266E-016
          17          28   1.3821411804959634E-016
          17          29   1.3196984060014529E-016
          18           1  -5.5649062243809540E-004
          18           2  -1.1931934012909540E-003
          18           3  -1.2938064374748981E-003
          18           4  -1.6118442362131249E-003
          18           5  -1.9372822642707707E-004
          18           6  -2.3539223242696258E-015
          18           7   2.2797091611792357E-015
          18           8  -6.3816986475392135E-016
          18           9   1.6022819843974181E-015
          18          10  -4.8408819804318315E-015
          18          11  -4.6914705610652225E-016
          18          12   6.4048722019357383E-016
          18          13  -3.3829144013513167E-015
          18          14  -5.5131511574393236E-016
          18          15  -3.4691300545314976E-016
          18          16  -8.8493380239785666E-017
          18          17  -1.0032408658598072E-016
          18          18   6.4088215984437825E-004
          18          19  -8.0444688793596445E-004
          18          20  -3.0764884883057560E-005
          18          21  -5.1242931874400884E-004
          18          22   3.2184570856708193E-004
          18          23  -2.9078140449341093E-004
          18          24   2.2579374841897644E-004
          18          25  -3.2018099999894193E-004
          18          26  -4.1531075199051446E-005
          18          27  -2.0395396410241744E-004
          18          28   1.2809904837694308E-004
          18          29  -1.4502125026643502E-004
          19           1   6.7559093380004489E-005
          19           2  -3.4370108858261701E-004
          19           3  -2.2410525154829136E-004
          19           4   1.9409620433548207E-004
          19           5   1.4441485046561616E-004
          19           6  -2.1986357778090017E-015
          19           7  -2.3637070247850106E-015
          19           8   1.2469188133035315E-015
          19           9  -3.2570907478469372E-016
          19          10   3.1783686918011795E-015
          19          11  -2.1629069569992386E-015
          19          12   1.9015046682021288E-016
          19          13   2.1953026724343718E-015
          19          14  -1.1929732609083518E-015
          19          15   3.9066799220044379E-016
          19          16  -2.2667376771190192E-017
          19          17   4.5753246659802220E-017
          19          18  -8.0444688793596445E-004
          19          19   1.0210533747265530E-003
          19          20   4.8048773279791150E-005
          19          21   6.5040674910787151E-004
          19          22  -4.0850633124688560E-004
          19          23   3.7807770224244095E-004
          19          24  -2.4003644445688222E-004
          19          25   3.9296066731727580E-004
          19          26   8.8053420587492397E-005
          19          27   2.5031430920624179E-004
          19          28  -1.5721697269069888E-004
          19          29   2.1506772891743251E-004
          20           1  -5.0008433123397724E-004
          20           2  -1.4801555661077244E-003
          20           3  -1.4809159062616076E-003
          20           4  -1.4497898556990526E-003
          20           5  -7.3153693804422004E-005
          20           6  -9.0489206800102017E-016
          20           7  -1.2385688450756105E-016
          20           8  -8.3565594695469871E-016
          20           9  -3.4710578171170743E-015
          20          10  -1.6732280162164146E-015
          20          11   1.2568103764733988E-015
          20          12  -2.3120050817234453E-015
          20          13  -1.2497927956798774E-015
          20          14   8.9845493593021229E-016
          20          15  -4.1099195106208271E-017
          20          16  -1.3120054264458484E-016
          20          17   6.0043652585645205E-017
          20          18  -3.0764884883057560E-005
          20          19   4.8048773279791150E-005
          20          20   9.3518923212622081E-006
          20          21   3.0606868554619514E-005
          20          22  -1.9223508368223327E-005
          20          23   2.4882407743910149E-005
          20          24   2.5383042671201171E-005
          20          25   7.9088650451204616E-006
          20          26   3.1986295060390531E-005
          20          27   5.0379141095704275E-006
          20          28  -3.1642042657973678E-006
          20          29   3.4542629846342937E-005
          21           1   4.3034861239276247E-005
          21           2  -2.1893616261988314E-004
          21           3  -1.4275411228947474E-004
          21           4   1.2363847415798081E-004
          21           5   9.1991658555471258E-005
          21           6  -2.3508097137048557E-016
          21           7  -9.3977189956833998E-016
          21           8  -3.0516677011222343E-016
          21           9   4.5927978324251836E-016
          21          10  -2.3582881184971469E-016
          21          11   4.4158120180231137E-015
          21          12   6.1703646143803428E-016
          21          13  -1.7068508043209212E-016
          21          14   3.3303555387898794E-015
          21          15   2.9633373303311397E-016
          21          16  -9.8734400979649258E-017
          21          17   2.8444738044671270E-016
          21          18  -5.1242931874400884E-004
          21          19   6.5040674910787151E-004
          21          20   3.0606868554619514E-005
          21          21   4.1430639157170467E-004
          21          22  -2.6021683241331603E-004
          21          23   2.4083392241028664E-004
          21          24  -1.5290221585988222E-004
          21          25   2.5031430920601839E-004
          21          26   5.6089662352118056E-005
          21          27   1.5944917291875612E-004
          21          28  -1.0014655711778828E-004
          21          29   1.3699724800424429E-004
          22           1  -2.7029260233207950E-005
          22           2   1.3750904136043338E-004
          22           3   8.9660752705238503E-005
          22           4  -7.7654636179311405E-005
          22           5  -5.7777959704225119E-005
          22           6  -1.2288793625970528E-015
          22           7  -2.7099312576959554E-015
          22           8   4.7386158294477376E-016
          22           9  -7.0369440018166845E-016
          22          10  -9.5917709971741293E-016
          22          11  -5.4061789745141936E-016
          22          12  -6.6779769705267104E-016
          22          13  -6.8443333839576630E-016
          22          14  -5.4289724885871234E-016
          22          15  -1.9122002802008162E-016
          22          16   1.1948991230011419E-017
          22          17  -1.0051312046476763E-016
          22          18   3.2184570856708193E-004
          22          19  -4.0850633124688560E-004
          22          20  -1.9223508368223327E-005
          22          21  -2.6021683241331603E-004
          22          22   1.6343653211418202E-004
          22          23  -1.5126254796493074E-004
          22          24   9.6034555800391058E-005
          22          25  -1.5721697269062567E-004
          22          26  -3.5228696842413195E-005
          22          27  -1.0014655711783102E-004
          22          28   6.2899874103837077E-005
          22          29  -8.6044991461294511E-005
          23           1  -4.7824761262953619E-004
          23           2  -1.5912479976515808E-003
          23           3  -1.5533520961713656E-003
          23           4  -1.3870533093052091E-003
          23           5  -2.6475352001609209E-005
          23           6  -1.4021162958537424E-015
          23           7  -1.0352210258890101E-015
          23           8   1.3072428021534246E-015
          23           9  -4.1081470092874567E-015
          23          10  -2.0147062615098662E-015
          23          11  -4.7755640576714482E-015
          23          12  -2.6998770024387727E-015
          23          13  -1.4142187531997314E-015
          23          14  -3.2623933771789268E-015
          23          15   1.0025231188353104E-017
          23          16  -1.3491785052263512E-016
          23          17  -1.6917415053090284E-016
          23          18  -2.9078140449341093E-004
          23          19   3.7807770224244095E-004
          23          20   2.4882407743910149E-005
          23          21   2.4083392241028664E-004
          23          22  -1.5126254796493074E-004
          23          23   1.4708618496484872E-004
          23          24  -5.2202490696919512E-005
          23          25   1.3492317337525784E-004
          23          26   6.0447271545871481E-005
          23          27   8.5945499761894565E-005
          23          28  -5.3980498884781300E-005
          23          29   1.0405767576501905E-004
          24           1  -6.9247488551884102E-003
          24           2   2.8124649122251062E-002
          24           3  -1.9692692519574968E-002
          24           4  -2.3250074287027508E-002
          24           5  -1.3970968317977251E-003
          24           6   8.4075237731408196E-015
          24           7   8.4832503805093745E-015
          24           8   6.2620241029992791E-015
          24           9  -7.9103920658734638E-015
          24          10  -5.1243089404800424E-015
          24          11  -1.4573617463501110E-014
          24          12  -5.5708065825746062E-015
          24          13  -3.6633158784890013E-015
          24          14  -1.0184287852368519E-014
          24          15  -1.6967468463114106E-016
          24          16  -2.5022939997478587E-016
          24          17  -6.5217763823056972E-016
          24          18   2.2579374841897644E-004
          24          19  -2.4003644445688222E-004
          24          20   2.5383042671201171E-005
          24          21  -1.5290221585988222E-004
          24          22   9.6034555800391058E-005
          24          23  -5.2202490696919512E-005
          24          24   9.0515100747606684E-004
          24          25  -2.4123885460236436E-004
          24          26   7.0373638806858264E-004
          24          27  -1.5366814611657422E-004
          24          28   9.6515619934331768E-005
          24          29   6.2576220691477609E-004
          25           1   5.5070905301119605E-004
          25           2  -2.5938856736223083E-003
          25           3   3.9551858396682689E-003
          25           4   4.5737611556651162E-003
          25           5   3.1453412946487339E-004
          25           6   2.2790580848942646E-015
          25           7   1.0191513491901098E-016
          25           8  -1.4988254497131740E-016
          25           9  -1.3767975062620976E-015
          25          10   6.0022413335052810E-016
          25          11  -1.3367408775678331E-015
          25          12  -8.5788547695515098E-016
          25          13   3.8860798606545288E-016
          25          14  -9.1396745263190997E-016
          25          15   2.3082699021715908E-017
          25          16  -4.9901971676682104E-017
          25          17  -5.8963709459182624E-017
          25          18  -3.2018099999894193E-004
          25          19   3.9296066731727580E-004
          25          20   7.9088650451204616E-006
          25          21   2.5031430920601839E-004
          25          22  -1.5721697269062567E-004
          25          23   1.3492317337525784E-004
          25          24  -2.4123885460236436E-004
          25          25   1.8148109263568023E-004
          25          26  -8.9717055748020588E-005
          25          27   1.1560270051249624E-004
          25          28  -7.2607541562779842E-005
          25          29  -3.1058015866326969E-005
          26           1  -6.4649520513140107E-003
          26           2   2.5958967741443129E-002
          26           3  -1.6390437367125959E-002
          26           4  -1.9431359578128707E-002
          26           5  -1.1344866810356850E-003
          26           6   6.3956054037345384E-015
          26           7   7.6425776999953213E-015
          26           8   2.9344070222288547E-015
          26           9  -8.2669220750124359E-015
          26          10  -7.0379956022705290E-015
          26          11  -8.5949877859486037E-015
          26          12  -5.6437330325084784E-015
          26          13  -5.0346739556139053E-015
          26          14  -5.8322520278037873E-015
          26          15  -5.7381843072426287E-017
          26          16  -3.8609365712125443E-016
          26          17  -3.0879712297932637E-016
          26          18  -4.1531075199051446E-005
          26          19   8.8053420587492397E-005
          26          20   3.1986295060390531E-005
          26          21   5.6089662352118056E-005
          26          22  -3.5228696842413195E-005
          26          23   6.0447271545871481E-005
          26          24   7.0373638806858264E-004
          26          25  -8.9717055748020588E-005
          26          26   6.2883001916048042E-004
          26          27  -5.7149391023793888E-005
          26          28   3.5894289369227235E-005
          26          29   5.9983131590830678E-004
          27           1   3.5079937419315129E-004
          27           2  -1.6522943758818611E-003
          27           3   2.5194369146269487E-003
          27           4   2.9134668158191336E-003
          27           5   2.0035693107933814E-004
          27           6  -6.0522904153616743E-016
          27           7  -2.9659999584831275E-015
          27           8   7.0051583220771259E-016
          27           9  -2.0058276695050948E-015
          27          10   2.8713529424550023E-016
          27          11  -3.3631865118207099E-015
          27          12  -1.3624871730932984E-015
          27          13   1.9145834379538034E-016
          27          14  -2.4353636862857280E-015
          27          15  -4.5715374960150779E-017
          27          16  -2.1293428872459817E-017
          27          17  -2.0307738974373266E-016
          27          18  -2.0395396410241744E-004
          27          19   2.5031430920624179E-004
          27          20   5.0379141095704275E-006
          27          21   1.5944917291875612E-004
          27          22  -1.0014655711783102E-004
          27          23   8.5945499761894565E-005
          27          24  -1.5366814611657422E-004
          27          25   1.1560270051249624E-004
          27          26  -5.7149391023793888E-005
          27          27   7.3638438978378010E-005
          27          28  -4.6250701714038654E-005
          27          29  -1.9783826813713778E-005
          28           1  -2.2032945622578063E-004
