           1           1   2.3548252473140368     
           1           2 -0.91680723143629139     
           1           3   2.6028305998814288E-003
           1           4  -1.5854738306543617E-002
           1           5   8.7709864274758929E-003
           1           6  -6.9658723363883925E-003
           1           7  -2.6939744830663801E-004
           1           8   1.4308063128718542E-010
           1           9   8.5910146282937333E-011
           1          10  -2.7963248541404407E-011
           1          11   3.1365650981003590E-010
           1          12   9.4282326776926025E-011
           1          13  -2.0383537617905558E-010
           1          14   7.2905074897842327E-010
           1          15   2.1276523647321640E-010
           1          16  -4.3285225007836089E-010
           1          17  -5.4591844212305933E-010
           1          18  -4.0514597785095227E-010
           1          19   4.0057573388931034E-011
           1          20   3.4402081333775686E-010
           1          21   3.3784915339534699E-010
           1          22   5.2435274578285076E-011
           1          23   2.5358215961992480E-011
           1          24   1.6389715164190354E-011
           1          25  -5.3035623394573531E-012
           1          26   1.0722936713708437E-003
           1          27  -1.5408031109382666E-010
           1          28   1.0722933313625296E-003
           1          29  -1.2267446995293633E-011
           1          30   3.0800428619619026E-010
           1          31   1.0722934495207878E-003
           1          32   2.4934698930408486E-003
           1          33  -6.0197583938995466E-011
           1          34   2.4934698205083066E-003
           1          35   3.2994170924269345E-011
           1          36   5.0577576390961945E-011
           1          37   2.4934698424897775E-003
           1          38  -3.5392551809340287E-004
           1          39  -7.2840432900970721E-012
           1          40  -3.5392543416322420E-004
           1          41   1.7915937308448815E-011
           1          42  -5.2451070315211733E-011
           1          43  -3.5392549685122439E-004
           1          44  -3.1640617956269466E-004
           1          45   5.6501778476639842E-012
           1          46  -3.1640586950044871E-004
           1          47   7.3429230384658383E-013
           1          48  -4.0666080422897095E-011
           1          49  -3.1640616983478505E-004
           1          50  -3.9560522085700414E-010
           1          51  -6.4395730143329652E-011
           1          52  -1.9374556336234423E-010
           1          53  -1.0656608768802055E-010
           1          54   1.0233513808554543E-010
           1          55  -1.0858046916768352E-011
           1          56   1.0400787337908196E-010
           1          57  -1.8952535518867248E-010
           1          58  -7.0602133957079380E-011
           1          59   2.4271141797638033E-010
           1          60  -2.9070967697594110E-010
           1          61  -2.7081272649561305E-011
           1          62  -1.3129650518623464E-010
           1          63  -5.4704107549855686E-011
           1          64   8.5400905097172974E-011
           1          65  -2.6011617304287597E-012
           1          66   7.6288171274758755E-011
           1          67  -1.2560097031598513E-010
           1          68  -3.8394351427487587E-011
           1          69   1.9242371570363540E-010
           2           1 -0.91680723143629139     
           2           2   2.4011233112251853     
           2           3 -0.13607282683870486     
           2           4   5.9814863461579965E-002
           2           5 -0.14702014070529762     
           2           6   2.0290190512180211E-002
           2           7   5.8615966129809218E-004
           2           8  -1.3998944364810849E-009
           2           9   3.9242870790401540E-011
           2          10   4.3122053110000548E-010
           2          11  -3.2203898318784289E-010
           2          12  -8.7245047782755890E-010
           2          13   4.8170119090493862E-010
           2          14  -2.3067564015698826E-009
           2          15  -9.8490035964427029E-010
           2          16   1.2091666158512640E-009
           2          17   1.9029032245588504E-009
           2          18   1.4671050999623087E-009
           2          19  -9.6814644520579700E-011
           2          20  -1.2273131577680998E-009
           2          21  -1.1887947250380706E-009
           2          22  -1.7353932694516804E-010
           2          23  -8.7497800840571030E-011
           2          24  -6.0527816726741683E-011
           2          25   1.5298173310708761E-011
           2          26  -2.5102011986507704E-003
           2          27   8.6587168605850466E-010
           2          28  -2.5101998663763087E-003
           2          29   1.1841948606083931E-010
           2          30  -1.5380941088158224E-009
           2          31  -2.5102003444437576E-003
           2          32  -6.7614435499987989E-003
           2          33   3.9039932552109215E-010
           2          34  -6.7614432400630517E-003
           2          35  -7.8972215982858517E-011
           2          36  -4.1932585649381393E-010
           2          37  -6.7614433432107574E-003
           2          38   1.2531058751779783E-003
           2          39   7.2093078419589020E-011
           2          40   1.2531055921645952E-003
           2          41  -5.3228528416993634E-011
           2          42   1.2786889279913032E-010
           2          43   1.2531058077498679E-003
           2          44   2.0137859903863551E-003
           2          45  -2.1573904247678989E-011
           2          46   2.0137848901785249E-003
           2          47  -3.0580063184835468E-012
           2          48   1.4602931398298522E-010
           2          49   2.0137859549826044E-003
           2          50   1.2046906451527122E-009
           2          51   2.8902700854643615E-010
           2          52   6.1708845643105268E-010
           2          53   5.2009356506898755E-010
           2          54  -2.5965594622528640E-010
           2          55   4.0375031508188589E-011
           2          56  -2.6619256176962074E-010
           2          57   6.0184303172770393E-010
           2          58   3.1142805422591983E-010
           2          59  -6.2767222437992861E-010
           2          60   9.2212168635610138E-010
           2          61   1.3878349004747830E-010
           2          62   4.1563738155990913E-010
           2          63   2.8988480144127367E-010
           2          64  -2.3938132123222329E-010
           2          65   7.9079902552029255E-012
           2          66  -2.0784428908106615E-010
           2          67   3.9599301575001075E-010
           2          68   1.7768762878872655E-010
           2          69  -5.3974678346608348E-010
           3           1   2.6028305998814288E-003
           3           2 -0.13607282683870486     
           3           3  0.51750117971448828     
           3           4  -1.7961583806602545E-002
           3           5  0.50288061085742164     
           3           6   2.5538525833210857E-002
           3           7   2.1840250408254160E-003
           3           8  -7.7324193413667886E-009
           3           9   6.6178990698522079E-010
           3          10   2.1417616306947162E-009
           3          11   3.8042511989829586E-009
           3          12  -4.4642660762963917E-010
           3          13   1.0011164752254932E-009
           3          14   1.3534732253116247E-009
           3          15   5.6290836268495207E-010
           3          16  -3.7254859002440994E-010
           3          17  -4.3300315831437771E-011
           3          18   8.3733528249331881E-011
           3          19   1.1981265495024546E-010
           3          20  -1.3759005583335402E-010
           3          21  -8.4769322176695710E-011
           3          22   2.5707491967560174E-011
           3          23   1.0925497901465406E-011
           3          24  -5.1546792047887880E-013
           3          25  -1.1586144037073491E-011
           3          26   1.3875436760947719E-005
           3          27   7.9695492391176268E-010
           3          28   1.3874776409456241E-005
           3          29  -1.1288159574834159E-010
           3          30  -2.5573113474185905E-010
           3          31   1.3875175955238551E-005
           3          32   9.7712596127638371E-005
           3          33   4.7329263344614461E-010
           3          34   9.7712656486445516E-005
           3          35   8.3881551902223054E-011
           3          36  -4.4892512438784149E-010
           3          37   9.7712693872313789E-005
           3          38   5.9810257419452384E-005
           3          39   1.1583141662519876E-010
           3          40   5.9810143482487378E-005
           3          41   5.4815065839275970E-013
           3          42  -5.6546349076396637E-011
           3          43   5.9810206304344578E-005
           3          44  -4.8695900361021109E-003
           3          45  -5.3690457656591146E-012
           3          46  -4.8695900839216596E-003
           3          47   1.9704334478441356E-012
           3          48   5.7912803917590106E-012
           3          49  -4.8695900181947704E-003
           3          50  -4.7669024820891638E-010
           3          51  -2.4007859959418548E-010
           3          52  -2.2991227364673468E-010
           3          53  -2.6460874902383040E-010
           3          54   1.4773459105425033E-011
           3          55  -3.7183732223445281E-011
           3          56   5.3330675352575952E-011
           3          57  -2.1779731654214078E-010
           3          58  -2.4085672064920779E-010
           3          59   9.8445258308074278E-011
           3          60  -5.1651020762131198E-010
           3          61  -1.0308374694082300E-010
           3          62  -1.8962338408434115E-010
           3          63  -1.8075392681173361E-010
           3          64   1.0686034646779398E-010
           3          65   4.7724162605798022E-011
           3          66   1.4896048586625147E-010
           3          67  -2.1626687863793452E-010
           3          68  -4.5650146060820198E-011
           3          69   2.1429744642307348E-010
           4           1  -1.5854738306543617E-002
           4           2   5.9814863461579965E-002
           4           3  -1.7961583806602545E-002
           4           4  0.40209504038488564     
           4           5  -1.8131582444653457E-002
           4           6  0.24057573600967730     
           4           7   1.1930593316349438E-002
           4           8  -5.8793788717223445E-009
           4           9  -1.5172731798737393E-009
           4          10  -4.5994001447615844E-010
           4          11   1.5728713637584449E-008
           4          12   3.5866547108258918E-009
           4          13   1.9805626203301606E-009
           4          14  -9.3312995793724532E-010
           4          15  -8.3891388839486937E-010
           4          16   1.0240057799379438E-009
           4          17   1.3229293508843159E-008
           4          18   1.1548499983073741E-008
           4          19   7.6271577781142997E-010
           4          20  -1.0594773112880999E-008
           4          21  -9.7241262231062420E-009
           4          22  -9.7058298133554205E-010
           4          23  -5.1311874751462459E-010
           4          24  -4.4920124157889268E-010
           4          25  -1.4201796714564733E-011
           4          26  -1.5114926796129854E-003
           4          27   8.0472686290241684E-009
           4          28  -1.5114867893551340E-003
           4          29  -1.1774713241800676E-009
           4          30  -1.6281151262587808E-008
           4          31  -1.5114885038349539E-003
           4          32  -6.5995722165841262E-003
           4          33   4.3794367851998588E-009
           4          34  -6.5995697659824394E-003
           4          35  -7.7050816580135526E-010
           4          36  -8.3965627871614590E-009
           4          37  -6.5995705273175238E-003
           4          38   1.1453312926345920E-002
           4          39   7.3742070134660531E-010
           4          40   1.1453310117448058E-002
           4          41  -5.9185321186587380E-010
           4          42   3.1130264927180242E-010
           4          43   1.1453312075922390E-002
           4          44   2.2929276925357802E-004
           4          45  -1.5235533785953425E-010
           4          46   2.2928398350534248E-004
           4          47  -3.7691379658653131E-012
           4          48   1.1045188148527650E-009
           4          49   2.2929258900297400E-004
           4          50  -3.7815221934488122E-011
           4          51  -4.9655759488951366E-011
           4          52   2.6610659419518351E-010
           4          53   1.9016020703288210E-010
           4          54  -4.1285691956971029E-011
           4          55   1.4366949078333796E-010
           4          56   1.6562276370375391E-010
           4          57   1.5346345602709832E-010
           4          58   1.6935757109094256E-010
           4          59  -1.3809531009872208E-010
           4          60   1.8452138501969824E-010
           4          61  -6.2819816060425266E-011
           4          62   3.0631757076900367E-010
           4          63  -4.6832100038050068E-012
           4          64  -6.0411180657360896E-011
           4          65   3.4149189159358689E-010
           4          66   4.4858677640538416E-010
           4          67   1.6455271191251878E-011
           4          68   5.8123191324134238E-010
           4          69  -3.2858790925194929E-010
           5           1   8.7709864274758929E-003
           5           2 -0.14702014070529762     
           5           3  0.50288061085742164     
           5           4  -1.8131582444653457E-002
           5           5  0.48876603860930429     
           5           6   2.4448216032232448E-002
           5           7   2.1050948457082045E-003
           5           8  -7.1393666329092753E-009
           5           9   7.8061800732640126E-010
           5          10   1.8512457031469318E-009
           5          11   4.7643869721071767E-009
           5          12  -3.4805003801620254E-010
           5          13   8.7305139123773133E-010
           5          14   1.3928782094941103E-009
           5          15   5.5747906513388331E-010
           5          16  -3.7574055573801011E-010
           5          17  -6.5403640701389960E-011
           5          18   6.2554442130329749E-011
           5          19   1.1635270815651064E-010
           5          20  -1.1684139293912137E-010
           5          21  -6.6699548137881570E-011
           5          22   2.6870701035002917E-011
           5          23   1.1495760980247772E-011
           5          24   2.3133961391309740E-013
           5          25  -1.1333235065953107E-011
           5          26   3.0764211478335351E-005
           5          27   8.7851756792768376E-010
           5          28   3.0763894653822329E-005
           5          29  -4.6837859538597037E-010
           5          30  -3.1654597447827757E-009
           5          31   3.0764082588212276E-005
           5          32   1.4291118423568499E-004
           5          33   5.1496521056411225E-010
           5          34   1.4291141053928043E-004
           5          35  -1.1564363680997888E-010
           5          36  -2.0143514808977149E-009
           5          37   1.4291134418128299E-004
           5          38   4.1089716632513327E-005
           5          39   1.2666581168265699E-010
           5          40   4.1089644981068350E-005
           5          41  -5.3423298277972247E-011
           5          42  -4.7477898950022671E-010
           5          43   4.1089681904352224E-005
           5          44  -4.7365608615738061E-003
           5          45  -5.6721272139025594E-012
           5          46  -4.7365608954132096E-003
           5          47   3.8703828622000060E-012
           5          48   2.0723161102887823E-011
           5          49  -4.7365608444606177E-003
           5          50  -4.9354657632364073E-010
           5          51  -2.3429152329832249E-010
           5          52  -2.1300391088176268E-010
           5          53  -2.6108727591766744E-010
           5          54   1.3628130839954804E-011
           5          55  -3.6431612974102601E-011
           5          56   5.0932242687119083E-011
           5          57  -2.0113515388746967E-010
           5          58  -2.3533994515716121E-010
           5          59   1.0282816885508983E-010
           5          60  -5.1585967249128002E-010
           5          61  -1.0097933662617437E-010
           5          62  -1.9102962618071000E-010
           5          63  -1.7767733797176647E-010
           5          64   1.0577774583823480E-010
           5          65   4.5949914423106744E-011
           5          66   1.4597677550620603E-010
           5          67  -2.1647608817881551E-010
           5          68  -4.6055319044231667E-011
           5          69   2.1243639064557656E-010
           6           1  -6.9658723363883925E-003
           6           2   2.0290190512180211E-002
           6           3   2.5538525833210857E-002
           6           4  0.24057573600967730     
           6           5   2.4448216032232448E-002
           6           6  0.14651089519183708     
           6           7   7.3301660543079409E-003
           6           8  -9.8098305809543273E-009
           6           9  -8.3615511796588693E-009
           6          10   4.8488415896047361E-009
           6          11  -1.6198461196119092E-008
           6          12   1.4714832213828712E-008
           6          13   2.5593086135431001E-009
           6          14  -2.0228421952615781E-009
           6          15   2.9724742494205371E-010
           6          16   6.7992183116114274E-010
           6          17   7.9690527236575247E-009
           6          18   6.9465678375454125E-009
           6          19   4.6417215411069512E-010
           6          20  -6.3875735683152449E-009
           6          21  -5.8525169686948338E-009
           6          22  -5.8336972542852385E-010
           6          23  -3.0612698606122332E-010
           6          24  -2.7122721680077034E-010
           6          25  -9.0288463693062337E-012
           6          26  -8.9388724872167021E-004
           6          27  -1.4480714894113448E-008
           6          28  -8.9389088367102529E-004
           6          29  -5.0025239865122575E-009
           6          30   2.1036243703079637E-008
           6          31  -8.9388826632901702E-004
           6          32  -3.9376607406295533E-003
           6          33  -7.9084642226721813E-009
           6          34  -3.9376628895081266E-003
           6          35  -2.8027728820206610E-009
           6          36   1.1274270981902030E-008
           6          37  -3.9376615018500071E-003
           6          38   6.9015749864713601E-003
           6          39  -2.4035704743693384E-009
           6          40   6.9015725537812716E-003
           6          41  -9.9228481664487600E-010
           6          42   4.3053682190198389E-009
           6          43   6.9015741096553739E-003
           6          44  -2.0450960859238080E-004
           6          45   1.6144674131508850E-011
           6          46  -2.0451486320573404E-004
           6          47   2.1605360705660905E-011
           6          48   4.7762388935747310E-010
           6          49  -2.0450969918989643E-004
           6          50   5.0549455736869031E-010
           6          51   9.1794345792762527E-011
           6          52  -1.7965255436549372E-010
           6          53  -1.7011068379879788E-010
           6          54   2.0510832059092307E-011
           6          55   8.3993667185439007E-011
           6          56   1.4838230689032875E-010
           6          57  -2.4805523601754149E-010
           6          58   2.2406793409374186E-010
           6          59  -1.4152900419675157E-010
           6          60   2.9174227403779587E-010
           6          61  -9.2495441356003067E-011
           6          62   2.7164493703141115E-010
           6          63  -1.2547081334368711E-010
           6          64  -3.9082134069157004E-011
           6          65   2.0853998221902705E-010
           6          66   2.6963667047384412E-010
           6          67   9.6153253730434146E-011
           6          68   2.9872141312239713E-010
           6          69  -1.9817235996813219E-010
           7           1  -2.6939744830663801E-004
           7           2   5.8615966129809218E-004
           7           3   2.1840250408254160E-003
           7           4   1.1930593316349438E-002
           7           5   2.1050948457082045E-003
           7           6   7.3301660543079409E-003
           7           7   3.6841878926552156E-004
           7           8   9.9321122955756779E-010
           7           9  -1.5534747078456731E-009
           7          10   2.4308258543413989E-010
           7          11  -7.3164267338599091E-009
           7          12   3.1550943885187826E-009
           7          13   7.4379516070755531E-010
           7          14  -4.9024270479837608E-010
           7          15   1.5960266090435238E-010
           7          16   7.4393398952329483E-011
           7          17   3.9908192620806655E-010
           7          18   3.4474241573205902E-010
           7          19   2.2393326552008012E-011
           7          20  -3.1941613964539567E-010
           7          21  -2.9031902566767857E-010
           7          22  -2.9171788111126189E-011
           7          23  -1.4654793795548696E-011
           7          24  -1.3743055656128357E-011
           7          25  -4.2394748708572175E-013
           7          26  -4.3999860304072498E-005
           7          27  -5.7407084837378455E-009
           7          28  -4.3999071227474497E-005
           7          29  -1.4141515692096892E-009
           7          30  -1.7556354632917723E-009
           7          31  -4.3999245069314516E-005
           7          32  -1.9591410879654225E-004
           7          33  -3.0799981916295166E-009
           7          34  -1.9591372129558905E-004
           7          35  -7.0596403635064717E-010
           7          36  -8.7419427752095387E-010
           7          37  -1.9591380735929482E-004
           7          38   3.4259229806568923E-004
           7          39  -8.1229946269877048E-010
           7          40   3.4259227704907803E-004
           7          41  -1.6016105939165613E-010
           7          42  -1.1525036972633938E-010
           7          43   3.4259232309051475E-004
           7          44  -1.9000457823140165E-005
           7          45   3.0500255772682034E-011
           7          46  -1.9000723735910883E-005
           7          47   9.7554805096070911E-012
           7          48   4.2367879022704449E-011
           7          49  -1.9000465440555700E-005
           7          50   1.5879218808462505E-010
           7          51   2.7493952219416498E-011
           7          52  -8.0754746428629566E-011
           7          53  -5.4044950224732722E-011
           7          54   1.2497149688758874E-011
           7          55   4.0996334788709023E-012
           7          56   1.8897845902573263E-011
           7          57  -8.4074701387529936E-011
           7          58   3.4045735738938628E-011
           7          59  -2.7911357431992253E-011
           7          60   6.8990964924928959E-011
           7          61  -1.3086290898929539E-011
           7          62   3.7431676385314551E-011
           7          63  -2.6313511696525863E-011
           7          64  -5.3089266220186631E-012
           7          65   1.0465701989931339E-011
           7          66   1.0134513313175518E-011
           7          67   2.8628560224593884E-011
           7          68   6.4798618018920036E-012
           7          69  -1.6624784482845129E-011
           8           1   1.4308063128718542E-010
           8           2  -1.3998944364810849E-009
           8           3  -7.7324193413667886E-009
           8           4  -5.8793788717223445E-009
           8           5  -7.1393666329092753E-009
           8           6  -9.8098305809543273E-009
           8           7   9.9321122955756779E-010
           8           8   2.2654891864147997     
           8           9   2.1195729485369665E-010
           8          10   1.5982234296535241E-010
           8          11 -0.76797597032206522     
           8          12  -1.4487247809834083E-009
           8          13  -1.2520685132818624E-009
           8          14  -4.1825151531212176E-002
           8          15  -2.7846558936887568E-009
           8          16  -1.6670980947989389E-009
           8          17  -3.2818728383767094E-004
           8          18   3.3707268972576281E-009
           8          19   1.5865502965256280E-009
           8          20  -6.0483342940149422E-004
           8          21   1.4292304179430176E-009
           8          22   2.7012240415860724E-010
           8          23   1.7448102994223943E-004
           8          24  -4.2446869108018215E-011
           8          25   3.1209007391752413E-010
           8          26   5.7781856995913663E-009
           8          27  -3.8897835120059344E-010
           8          28   6.8044006086544694E-009
           8          29   2.3006175859881861E-010
           8          30   1.4740694774632654E-009
           8          31   6.7355149923629946E-009
           8          32   8.3773755647647584E-010
           8          33   7.0472058202353289E-010
           8          34   1.0562661267902012E-009
           8          35   6.7638074985164818E-010
           8          36  -1.6577293864201697E-010
           8          37   1.8077083112314092E-009
           8          38   3.9122370920192391E-009
           8          39   4.6916545489937199E-010
           8          40   3.2256998195058830E-009
           8          41  -6.0948773949873433E-010
           8          42  -4.1116396242443315E-010
           8          43   2.4682481468386074E-009
           8          44   8.8199329753840820E-010
           8          45   3.8014000363563441E-010
           8          46   1.1318162757301672E-009
           8          47   6.7930444788645478E-010
           8          48  -1.3737510061208463E-011
           8          49   2.2564091399148512E-009
           8          50   5.5767943751918701E-003
           8          51   6.2514619603220877E-011
           8          52  -2.0049135677407668E-003
           8          53   1.3995576634596457E-009
           8          54   3.2085308983599914E-010
           8          55   2.9569169643621802E-010
           8          56  -1.0771694603329972E-010
           8          57  -2.0049121633962668E-003
           8          58   6.9642557357606067E-010
           8          59   2.1989336835201910E-009
           8          60   4.7785825402115439E-003
           8          61   9.6920352253502329E-010
           8          62   1.3273907380767524E-003
           8          63   3.0402706191128531E-009
           8          64   2.2796392472258771E-010
           8          65  -1.1426402777724441E-010
           8          66   4.7979574909676626E-010
           8          67   1.3273898905541701E-003
           8          68   9.8935520125199194E-010
           8          69   1.8689006108726826E-009
           9           1   8.5910146282937333E-011
           9           2   3.9242870790401540E-011
           9           3   6.6178990698522079E-010
           9           4  -1.5172731798737393E-009
           9           5   7.8061800732640126E-010
           9           6  -8.3615511796588693E-009
           9           7  -1.5534747078456731E-009
           9           8   2.1195729485369665E-010
           9           9   2.2654891864075868     
           9          10   7.8163299020169664E-012
           9          11   1.4152587183199432E-010
           9          12 -0.76797597056474265     
           9          13  -5.4902612413792862E-010
           9          14   3.6633997368777783E-010
           9          15  -4.1825151781954527E-002
           9          16  -8.0653171318863730E-010
           9          17  -1.2504194198035715E-009
           9          18  -3.2818598629943209E-004
           9          19  -1.9053606132722501E-010
           9          20  -1.2053741341296723E-009
           9          21  -6.0483259806237385E-004
           9          22  -6.7379285675338313E-010
           9          23   1.0605111539460234E-009
           9          24   1.7448091937567040E-004
           9          25   3.8736458907009531E-010
           9          26  -4.8487397184502005E-010
           9          27   5.1709697026771788E-010
           9          28  -1.7368501523760994E-009
           9          29   5.1986450548651828E-010
           9          30   9.4786758567982340E-010
           9          31  -2.0258770821750152E-010
           9          32   1.5529497855615335E-009
           9          33   3.4533079685514765E-010
           9          34   1.3701470743495399E-010
           9          35  -2.1418978828300813E-010
           9          36   1.3850450506383153E-010
           9          37   1.1319252965621960E-009
           9          38   1.6663302965056233E-009
           9          39  -1.4029331170465929E-010
           9          40   1.1608970948300903E-009
           9          41   3.5437931940655999E-012
           9          42   3.5395074580126961E-010
           9          43   2.1251112040741754E-009
           9          44   2.1688509450427565E-009
           9          45  -3.3153650629760166E-010
           9          46   2.7918330549927666E-009
           9          47  -2.8296288211406621E-010
           9          48   1.7824524125474531E-010
           9          49   2.0577760784156975E-009
           9          50  -7.9374147389226748E-010
           9          51  -2.0049125825114555E-003
           9          52   4.0588477140678927E-010
           9          53   5.5767950071633800E-003
           9          54   2.0919369765077642E-010
           9          55   2.1862455619614053E-010
           9          56   8.5768516533605270E-010
           9          57  -1.5082751176467781E-010
           9          58  -2.0049125931510241E-003
           9          59  -1.7622043551203939E-010
           9          60  -5.5194984110779662E-010
           9          61   1.3273906227080101E-003
           9          62  -2.3034989837859187E-010
           9          63   4.7785828600964281E-003
           9          64   4.4002073469902063E-010
           9          65   6.3562067251844620E-011
           9          66  -2.9303823619079370E-010
           9          67  -1.5134172428048578E-010
           9          68   1.3273905950934107E-003
           9          69   7.1491790561066807E-010
          10           1  -2.7963248541404407E-011
          10           2   4.3122053110000548E-010
          10           3   2.1417616306947162E-009
          10           4  -4.5994001447615844E-010
          10           5   1.8512457031469318E-009
          10           6   4.8488415896047361E-009
          10           7   2.4308258543413989E-010
          10           8   1.5982234296535241E-010
          10           9   7.8163299020169664E-012
          10          10   2.2654891862918687     
          10          11  -5.8500963281369503E-011
          10          12   3.6974328258352146E-010
          10          13 -0.76797596953068825     
          10          14  -6.2592081515211041E-011
          10          15   1.1860703357284638E-009
          10          16  -4.1825149991966695E-002
          10          17  -8.5521696188832567E-011
          10          18  -1.0869303633632112E-009
          10          19  -3.2818675062714313E-004
          10          20   8.4292793292284092E-011
          10          21  -5.4264550633886442E-010
          10          22  -6.0483211283140375E-004
          10          23  -9.9462717415182082E-011
          10          24   3.6452905848435035E-011
          10          25   1.7448026796699443E-004
          10          26  -2.0901806630665678E-009
          10          27   2.6122137216340306E-010
          10          28  -2.2875484719472303E-009
          10          29   9.5320766746519685E-010
          10          30   1.8889931771687430E-009
          10          31  -2.4228077475677779E-009
          10          32  -2.9352047670685207E-011
          10          33  -1.3859215110676357E-010
          10          34  -1.6521432200497416E-010
          10          35   1.4817297112427697E-010
          10          36   5.9326220739946172E-010
          10          37  -3.7176648440743491E-010
          10          38  -1.3424647390154555E-009
          10          39   9.5256236287189471E-011
          10          40  -1.1308684581356265E-009
          10          41   1.6388175546707960E-010
          10          42   1.9954681913190181E-010
          10          43  -4.2725190696863765E-010
          10          44  -5.6538097661754648E-010
          10          45  -3.4466257652563747E-010
          10          46  -8.5772174566405835E-010
          10          47  -8.6531710194458519E-011
          10          48  -1.9606290311936505E-010
          10          49  -1.5136941619392053E-009
          10          50   9.2698592016578524E-011
          10          51  -1.3167459170314528E-010
          10          52   2.7596042748716308E-010
          10          53   1.8908615223046101E-010
          10          54  -2.0049132093176588E-003
          10          55  -4.2677075725700518E-011
          10          56  -2.0049127967668380E-003
          10          57   3.1722328492880913E-011
          10          58  -1.1309505107803555E-009
          10          59   5.5767938721503797E-003
          10          60  -2.5535784498007063E-010
          10          61  -3.5384691031951341E-010
          10          62  -2.6202892888386678E-011
          10          63  -1.3902045830770911E-009
          10          64   1.3273902855290584E-003
          10          65   7.9550156222473469E-011
          10          66   1.3273899911998826E-003
          10          67   3.2035115098144353E-010
          10          68   5.9942220095642930E-012
          10          69   4.7785815178111851E-003
          11           1   3.1365650981003590E-010
          11           2  -3.2203898318784289E-010
          11           3   3.8042511989829586E-009
          11           4   1.5728713637584449E-008
          11           5   4.7643869721071767E-009
          11           6  -1.6198461196119092E-008
          11           7  -7.3164267338599091E-009
          11           8 -0.76797597032206522     
          11           9   1.4152587183199432E-010
          11          10  -5.8500963281369503E-011
          11          11   2.2183140086746205     
          11          12  -3.8946292435064370E-010
          11          13  -1.1737086754024168E-009
          11          14  0.11821402286655627     
          11          15  -1.7135459406591654E-009
          11          16  -1.3874737315950671E-009
          11          17   1.1222299767982575E-003
          11          18  -5.9770567402394969E-010
          11          19   2.7849087969244642E-010
          11          20   1.7963381410336398E-003
          11          21  -7.6510895787927298E-010
          11          22  -2.0651443689106436E-010
          11          23  -5.1945882042040282E-004
          11          24  -7.3188658495185936E-010
          11          25  -1.3941301291623497E-010
          11          26   5.8817238333314113E-010
          11          27  -6.7380027983238911E-010
          11          28  -2.3605401682454208E-009
          11          29   9.5823943774363449E-010
          11          30  -4.3831196891432027E-009
          11          31  -1.1568061778800380E-009
          11          32   1.7851546500673143E-009
          11          33   3.4579164783930923E-010
          11          34   5.8537077246380061E-010
          11          35  -8.1934210916802109E-010
          11          36   3.1406415802007894E-012
          11          37  -1.0595122455968676E-009
          11          38   2.7253903020506936E-009
          11          39  -8.7725536514489501E-010
          11          40   1.3538564928406776E-009
          11          41   1.8822255794169714E-009
          11          42  -5.2601102882925236E-010
          11          43   1.0038887957823706E-009
          11          44   6.3288869266023439E-009
          11          45   7.6782959846584094E-010
          11          46   6.7482735609088379E-009
          11          47  -2.0442181578478008E-009
          11          48   1.2469880837477169E-009
          11          49   7.5696671955676411E-009
          11          50  -1.6741554825345797E-002
          11          51   2.0634590903050594E-009
          11          52   8.6468175903748491E-003
          11          53  -7.0291970513755809E-010
          11          54   1.1823056010878073E-009
          11          55  -6.1461601309658423E-010
          11          56   5.0890463149009641E-010
          11          57   8.6468171490263115E-003
          11          58   5.8691474505029282E-010
          11          59   6.4043080634934044E-010
          11          60  -1.1965951216384281E-002
          11          61   1.2125253491773434E-009
          11          62  -3.8782625033807008E-003
          11          63   9.3565422096995338E-010
          11          64   6.8495677489128023E-010
          11          65   1.1535885608814097E-009
          11          66   5.3876722822310113E-010
          11          67  -3.8782624353802114E-003
          11          68   2.0301401618768984E-010
          11          69  -6.3366523539376663E-012
          12           1   9.4282326776926025E-011
          12           2  -8.7245047782755890E-010
          12           3  -4.4642660762963917E-010
          12           4   3.5866547108258918E-009
          12           5  -3.4805003801620254E-010
          12           6   1.4714832213828712E-008
          12           7   3.1550943885187826E-009
          12           8  -1.4487247809834083E-009
          12           9 -0.76797597056474265     
          12          10   3.6974328258352146E-010
          12          11  -3.8946292435064370E-010
          12          12   2.2183140101258543     
          12          13   1.5589218638530413E-009
          12          14   1.0280004719873850E-009
          12          15  0.11821402525476896     
          12          16   1.4774981910773946E-009
          12          17   2.8102794457209870E-009
          12          18   1.1222282831513247E-003
          12          19   1.9870300883375044E-009
          12          20   2.6784471433003163E-009
          12          21   1.7963381898870908E-003
          12          22   2.0514726118641971E-009
          12          23  -2.8625204116834578E-009
          12          24  -5.1946023250332434E-004
          12          25  -1.0601600464021304E-009
