           1           1   29.897793436360832     
           1           2   111.95831467012165     
           1           3   198.22470218340439     
           1           4  -157.95333612590659     
           1           5   61.230259140709052     
           1           6   142.84706301916040     
           1           7   1.6667341468900272     
           1           8   2.8969580932163630E-011
           1           9   6.8895862020564167E-011
           1          10  -2.1920099384252791E-011
           1          11   2.5488338173295043E-010
           1          12   6.9498104240335351E-010
           1          13  -2.2359884802445589E-010
           1          14   1.2728209465282244E-009
           1          15   2.8501534994990979E-009
           1          16  -6.7560759107473222E-010
           1          17   1.3636473787301250E-009
           1          18   2.5791293715725860E-009
           1          19  -4.7897354239944778E-010
           1          20   4.1509551475695864E-010
           1          21   6.1306223001274278E-010
           1          22  -6.1348889144453160E-011
           1          23   1.9379787335817732E-013
           1          24   4.8698214275118818E-011
           1          25  -2.2187171062510696E-011
           1          26  -105.54581397265829     
           1          27   2.7782384431739933E-012
           1          28  -105.54581397266301     
           1          29   3.4970173277391654E-012
           1          30  -2.1696442468557727E-012
           1          31  -105.54581397264883     
           1          32   48.366547223921813     
           1          33   2.8735421928455517E-012
           1          34   48.366547223914615     
           1          35   7.4507267062901142E-012
           1          36  -9.7395468853583872E-013
           1          37   48.366547223941282     
           1          38   9.7587500637935101     
           1          39  -3.4048348415216876E-012
           1          40   9.7587500638099609     
           1          41  -1.0135782130971973E-011
           1          42   4.0942483613014687E-012
           1          43   9.7587500637707585     
           1          44  -7.6047882648177474     
           1          45   1.1460089410868263E-012
           1          46  -7.6047882648266016     
           1          47   2.8486597675794148E-012
           1          48  -3.2538140336797267E-012
           1          49  -7.6047882648079366     
           1          50  -1.7739206516693166E-010
           1          51  -1.9630964714658613E-010
           1          52  -7.7421126560266871E-011
           1          53  -4.3775987529117275E-010
           1          54   6.2405026150937694E-011
           1          55   2.2131488859947145E-012
           1          56   5.8951885744779707E-011
           1          57  -8.2410386563957453E-011
           1          58  -1.9326724277237865E-010
           1          59   1.2758244412329014E-010
           1          60  -1.0914790794258062E-010
           1          61  -1.8895906833687271E-010
           1          62  -5.2688933074717427E-011
           1          63  -4.1886985910509141E-010
           1          64   6.2012469769127162E-011
           1          65  -2.5523046578945542E-012
           1          66   6.4213295200671560E-011
           1          67  -5.2571785554856814E-011
           1          68  -1.9165551680512000E-010
           1          69   1.4676878451859039E-010
           2           1   111.95831467012165     
           2           2   421.75198169523730     
           2           3   769.32566527784115     
           2           4  -631.67134851334367     
           2           5   295.27593188990357     
           2           6   671.32540711093031     
           2           7   12.403607375263475     
           2           8   9.0260049750318398E-011
           2           9   2.4500833829444174E-010
           2          10  -6.0606922792997818E-011
           2          11   7.8620213241857789E-010
           2          12   2.4895603495579670E-009
           2          13  -6.1000415845583855E-010
           2          14   4.1454025535057719E-009
           2          15   1.0305340605299731E-008
           2          16  -1.8068374344504026E-009
           2          17   4.5600760594141899E-009
           2          18   9.3661351749413684E-009
           2          19  -1.2792373951488564E-009
           2          20   1.4348931954347991E-009
           2          21   2.2509184915714368E-009
           2          22  -1.6499554710164519E-010
           2          23  -1.3926025745498760E-011
           2          24   1.6783883652310063E-010
           2          25  -5.7837176149129338E-011
           2          26  -431.84050999737849     
           2          27   7.8527831415102396E-012
           2          28  -431.84050999739685     
           2          29   1.2408428080307915E-011
           2          30  -5.4313658830423751E-012
           2          31  -431.84050999734745     
           2          32   154.59784240876695     
           2          33   8.2071877754048752E-012
           2          34   154.59784240874239     
           2          35   2.5458171450922482E-011
           2          36  -3.6833961600075134E-012
           2          37   154.59784240883425     
           2          38   40.877428696048128     
           2          39  -9.2151402054853359E-012
           2          40   40.877428696105724     
           2          41  -3.4705139724975036E-011
           2          42   1.3400850054513270E-011
           2          43   40.877428695972569     
           2          44  -43.240556858865368     
           2          45   2.6706531025429054E-012
           2          46  -43.240556858897250     
           2          47   1.0431217778532888E-011
           2          48  -1.0376463622542495E-011
           2          49  -43.240556858834339     
           2          50  -5.5622986104934493E-010
           2          51  -7.0387806147340440E-010
           2          52  -2.4243763502277265E-010
           2          53  -1.5670661445646939E-009
           2          54   1.7362002099186646E-010
           2          55   7.1165871921482624E-012
           2          56   1.6124415688859882E-010
           2          57  -2.6004429523701001E-010
           2          58  -6.9312680498173027E-010
           2          59   3.4648972868394349E-010
           2          60  -3.1758678262734169E-010
           2          61  -6.7793163984556799E-010
           2          62  -1.5492811005321755E-010
           2          63  -1.5069891772243769E-009
           2          64   1.6336622123372672E-010
           2          65  -9.5448501820420658E-012
           2          66   1.7189422644956494E-010
           2          67  -1.5482520606167385E-010
           2          68  -6.8856614739385792E-010
           2          69   3.9375085552121916E-010
           3           1   198.22470218340439     
           3           2   769.32566527784115     
           3           3   1612.3569863658477     
           3           4  -1413.0921079643942     
           3           5   1094.0376133807570     
           3           6   2351.1287398645904     
           3           7   71.095542824553405     
           3           8   4.9760684038123654E-011
           3           9   2.4568751159888034E-010
           3          10  -1.3984144309822508E-010
           3          11   4.6562687671703092E-010
           3          12   2.5913432746587240E-009
           3          13  -1.3343576766571201E-009
           3          14   3.0474285433482991E-009
           3          15   1.1432259485708514E-008
           3          16  -6.3561782809165021E-009
           3          17   3.6643553359530030E-009
           3          18   1.0935681920073734E-008
           3          19  -6.6352998870125985E-009
           3          20   1.2837780772412691E-009
           3          21   2.9035339506782896E-009
           3          22  -1.9872358762679622E-009
           3          23  -5.6155294403573544E-011
           3          24   1.0525241265162500E-010
           3          25   1.5588386678751395E-012
           3          26  -1089.6422779787549     
           3          27  -9.1055834131454360E-012
           3          28  -1089.6422779787870     
           3          29   2.2638215569792717E-011
           3          30   5.1991666964009299E-012
           3          31  -1089.6422779787245     
           3          32   35.724697456553145     
           3          33  -1.8189498102429968E-011
           3          34   35.724697456509432     
           3          35   2.2934850902470573E-011
           3          36   6.9623653790189221E-012
           3          37   35.724697456621456     
           3          38   102.61295789315329     
           3          39   2.5884722300894209E-011
           3          40   102.61295789324090     
           3          41  -3.4958260739505315E-011
           3          42  -4.8642616861606711E-013
           3          43   102.61295789310796     
           3          44  -201.85294954133423     
           3          45  -1.4550238737070727E-011
           3          46  -201.85294954138914     
           3          47   2.0269177762176955E-011
           3          48  -5.0140450532907115E-013
           3          49  -201.85294954133479     
           3          50  -3.4404768290538895E-010
           3          51  -7.6424693508983039E-010
           3          52  -1.4969349338355488E-010
           3          53  -1.6657202166521073E-009
           3          54   4.2384134018449264E-010
           3          55   1.6000740684389869E-012
           3          56   4.0208631210484664E-010
           3          57  -1.7712264991456286E-010
           3          58  -7.4637946209214939E-010
           3          59   8.9211300619737411E-010
           3          60  -1.4288709121365617E-010
           3          61  -6.5296093252613162E-010
           3          62  -7.4776248373557871E-011
           3          63  -1.4969366290095107E-009
           3          64   2.7266459671910451E-010
           3          65  -2.1088042918119022E-011
           3          66   2.9664914415995572E-010
           3          67  -7.5665240755592448E-011
           3          68  -6.8531970924901391E-010
           3          69   6.4813397947841947E-010
           4           1  -157.95333612590659     
           4           2  -631.67134851334367     
           4           3  -1413.0921079643942     
           4           4   2264.0831691696585     
           4           5  -1670.4223828691158     
           4           6  -3749.0803478595044     
           4           7  -182.85978920097870     
           4           8  -1.1567200159610688E-011
           4           9   8.9060225522471620E-011
           4          10  -9.9099267117780847E-011
           4          11  -1.6111322907721108E-011
           4          12   1.5518832132250579E-009
           4          13  -6.9840266965770490E-010
           4          14   2.0632740494598549E-009
           4          15   5.1600737349269866E-009
           4          16  -4.6574743730348755E-009
           4          17   3.4332869326603436E-009
           4          18   3.5297645931634964E-009
           4          19  -5.8740897675927294E-009
           4          20   1.5055151742949757E-009
           4          21   2.9242794145730769E-010
           4          22  -2.0938380435106755E-009
           4          23  -1.2196308162058887E-010
           4          24   2.6003730413475342E-010
           4          25   7.9931565647904538E-011
           4          26   1210.8824605606069     
           4          27  -1.6130691159929599E-011
           4          28   1210.8824605605728     
           4          29   3.6594840058851305E-011
           4          30   1.3039928906081966E-013
           4          31   1210.8824605606928     
           4          32   189.43256007983749     
           4          33  -3.1500493507842071E-011
           4          34   189.43256007976885     
           4          35   4.2262086613838564E-011
           4          36  -1.1059737549022321E-011
           4          37   189.43256007996632     
           4          38  -223.45891075787696     
           4          39   5.1604533504742670E-011
           4          40  -223.45891075774705     
           4          41  -5.3742153826044934E-011
           4          42   2.1213238297638208E-011
           4          43  -223.45891075797198     
           4          44   370.25747842206931     
           4          45  -2.9361763968617517E-011
           4          46   370.25747842199462     
           4          47   3.6891727687137510E-011
           4          48  -6.6564791676795213E-012
           4          49   370.25747842207659     
           4          50  -7.4727605033487584E-011
           4          51  -4.2713828652903896E-010
           4          52  -2.3372186765553667E-011
           4          53  -8.8695513498965191E-010
           4          54   2.8819419487156102E-010
           4          55   2.3205203596941881E-012
           4          56   2.4181662970381276E-010
           4          57  -8.2912468039930106E-011
           4          58  -3.7982926470604731E-010
           4          59   5.5234480786381661E-010
           4          60   2.2480945579107325E-010
           4          61  -4.7624868568203432E-010
           4          62   6.4633843036203074E-011
           4          63  -1.1162686614424853E-009
           4          64   2.3308167564039690E-011
           4          65  -3.6057925245430446E-011
           4          66   7.9247711713732056E-011
           4          67   9.1910531944699867E-011
           4          68  -5.5283425122079001E-010
           4          69   9.9383211377842865E-011
           5           1   61.230259140709052     
           5           2   295.27593188990357     
           5           3   1094.0376133807570     
           5           4  -1670.4223828691158     
           5           5   1971.0687939034894     
           5           6   4184.7270359965496     
           5           7   193.43609835189599     
           5           8  -2.2061844985531420E-010
           5           9  -5.0600344368988514E-010
           5          10  -3.8499049779574407E-011
           5          11  -1.8579079343452457E-009
           5          12  -5.3914591009021141E-009
           5          13  -4.7763841643702023E-010
           5          14  -1.0790022889107313E-008
           5          15  -2.0600265268210684E-008
           5          16  -4.7002162949566800E-009
           5          17  -1.2400915868695604E-008
           5          18  -1.7025821007920224E-008
           5          19  -5.9029757038858750E-009
           5          20  -4.0714885861930122E-009
           5          21  -3.2688379809446694E-009
           5          22  -2.1260703759423324E-009
           5          23   6.9604417326990501E-011
           5          24  -5.8058615118937816E-010
           5          25   9.5233840403478809E-011
           5          26  -1205.5965920696776     
           5          27  -3.5375781616158146E-011
           5          28  -1205.5965920696374     
           5          29  -1.7973214585473253E-011
           5          30   1.7362647192271401E-011
           5          31  -1205.5965920697658     
           5          32  -607.45851079466570     
           5          33  -5.3764510942561279E-011
           5          34  -607.45851079464410     
           5          35  -7.5978609246716851E-011
           5          36   4.9804138867111383E-011
           5          37  -607.45851079486727     
           5          38   171.73881003364608     
           5          39   5.9968913262138473E-011
           5          40   171.73881003354541     
           5          41   9.0902280981067447E-011
           5          42  -7.0667437567220093E-011
           5          43   171.73881003389747     
           5          44  -439.01306585529937     
           5          45  -2.3288048786443701E-011
           5          46  -439.01306585525066     
           5          47  -1.8812739323329853E-011
           5          48   4.2420139709336026E-011
           5          49  -439.01306585542136     
           5          50   1.3795684628586793E-009
           5          51   1.4437086052116109E-009
           5          52   5.9627831260658161E-010
           5          53   3.2516542524424912E-009
           5          54   1.5309317904772800E-010
           5          55  -2.4601362538498891E-011
           5          56   1.8104944981595112E-010
           5          57   6.3956665933180754E-010
           5          58   1.4135906185198270E-009
           5          59   4.3713854561071710E-010
           5          60   6.3167551384721278E-010
           5          61   1.6388638006952640E-009
           5          62   3.2834540080584668E-010
           5          63   3.5858980649371572E-009
           5          64   9.2744982332763672E-011
           5          65   1.3164709656745192E-011
           5          66   7.8400840119315752E-011
           5          67   3.1149327606134928E-010
           5          68   1.6555703909432100E-009
           5          69   1.5213231154551534E-010
           6           1   142.84706301916040     
           6           2   671.32540711093031     
           6           3   2351.1287398645904     
           6           4  -3749.0803478595044     
           6           5   4184.7270359965496     
           6           6   8943.4630679359052     
           6           7   420.88219370805166     
           6           8  -1.4210732843939397E-010
           6           9   1.6478333611477641E-010
           6          10  -3.2356279354183251E-011
           6          11  -3.3828152772713958E-010
           6          12   2.7574277081477230E-009
           6          13  -2.0815617787820738E-009
           6          14  -1.1380134302234977E-008
           6          15   1.8383604136191944E-009
           6          16   1.3487659628639601E-008
           6          17  -1.8645535433661732E-008
           6          18  -6.3121802668157060E-009
           6          19   2.9398039622913825E-008
           6          20  -8.0079240322503165E-009
           6          21  -4.7329262547049642E-009
           6          22   1.4822662135485274E-008
           6          23   6.3543428877415372E-010
           6          24   7.2676377403840382E-010
           6          25  -1.8056142743621373E-009
           6          26  -2567.1109438935218     
           6          27  -7.0191193875020580E-011
           6          28  -2567.1109438935346     
           6          29  -6.1547029784993607E-011
           6          30   9.3754731205185948E-011
           6          31  -2567.1109438938201     
           6          32  -1234.4650835745310     
           6          33  -8.1875130574607991E-011
           6          34  -1234.4650835743346     
           6          35  -1.4636461089993240E-010
           6          36   2.3019958170351895E-011
           6          37  -1234.4650835748478     
           6          38   387.72679541775381     
           6          39   9.1595392021120120E-011
           6          40   387.72679541744344     
           6          41   1.8796349461574183E-010
           6          42  -1.0419913892186081E-010
           6          43   387.72679541821202     
           6          44  -936.54930167206362     
           6          45  -3.3426120576187458E-011
           6          46  -936.54930167193106     
           6          47  -4.8966941959350851E-011
           6          48   7.8602957486614560E-011
           6          49  -936.54930167229259     
           6          50   8.9013363874147695E-010
           6          51  -4.4662084670026426E-010
           6          52   3.5458363490383642E-010
           6          53  -9.7968367169082591E-010
           6          54  -4.1410816367341315E-011
           6          55  -4.8365126160193711E-011
           6          56   2.9422902731794101E-011
           6          57   4.5973128908259030E-010
           6          58  -5.2144261115971679E-010
           6          59   1.2536151877375150E-010
           6          60  -1.3404200012105034E-009
           6          61  -1.4132221683505189E-009
           6          62  -4.9863639170005850E-010
           6          63  -3.2916461936304718E-009
           6          64   1.7490597279959771E-009
           6          65   3.9041792351621905E-011
           6          66   1.7012714846323345E-009
           6          67  -5.3943700933828040E-010
           6          68  -1.3535093479473389E-009
           6          69   3.7852428449692762E-009
           7           1   1.6667341468900272     
           7           2   12.403607375263475     
           7           3   71.095542824553405     
           7           4  -182.85978920097870     
           7           5   193.43609835189599     
           7           6   420.88219370805166     
           7           7   22.459395474972396     
           7           8   6.4784570100998646E-011
           7           9   2.2336077257297302E-010
           7          10  -3.2684290401451656E-011
           7          11   8.6287400025748734E-010
           7          12   2.6548962616912240E-009
           7          13  -8.5104107942365389E-010
           7          14   1.4879655204636125E-009
           7          15   7.3890288826960617E-009
           7          16   4.4073898379771535E-009
           7          17  -3.7189886789545737E-010
           7          18   3.6948142614515112E-009
           7          19   9.9981685400510169E-009
           7          20  -8.3816373255504097E-010
           7          21  -4.0665881519689806E-010
           7          22   5.0914303351257042E-009
           7          23   2.0884942131830670E-010
           7          24   4.3621312933922473E-010
           7          25  -6.2193616178714561E-010
           7          26  -102.30251000078877     
           7          27  -3.6198751395126917E-012
           7          28  -102.30251000080165     
           7          29  -7.9085540728503206E-012
           7          30   1.3503793219771777E-011
           7          31  -102.30251000082217     
           7          32  -64.447529201754008     
           7          33   1.2867138476299790E-012
           7          34  -64.447529201720073     
           7          35  -6.9346187071666648E-012
           7          36  -1.1006417881052974E-011
           7          37  -64.447529201759465     
           7          38   21.012285269599985     
           7          39  -1.1201168848860217E-012
           7          40   21.012285269565286     
           7          41   1.1323899117943087E-011
           7          42   7.0403779947678346E-013
           7          43   21.012285269617621     
           7          44  -45.687923412085794     
           7          45   9.3117400644475161E-013
           7          46  -45.687923412071939     
           7          47  -4.8400429288467850E-012
           7          48   2.8947412718111890E-012
           7          49  -45.687923412094733     
           7          50  -4.0125139703891320E-010
           7          51  -6.2617651004300405E-010
           7          52  -1.8204465167900170E-010
           7          53  -1.4050616486952845E-009
           7          54   3.7049637230941306E-011
           7          55  -2.3019413975671162E-012
           7          56   4.3557425995722355E-011
           7          57  -1.7310274017623906E-010
           7          58  -6.3266870777029794E-010
           7          59   9.9863794851301158E-011
           7          60  -8.3027464384025388E-010
           7          61  -9.7181425838229004E-010
           7          62  -3.6463133365284260E-010
           7          63  -2.1741932204587819E-009
           7          64   6.1976370627657678E-010
           7          65   4.6124662857057878E-012
           7          66   6.1368308863245777E-010
           7          67  -3.6760617637311925E-010
           7          68  -9.6376592027223310E-010
           7          69   1.3759059902656670E-009
           8           1   2.8969580932163630E-011
           8           2   9.0260049750318398E-011
           8           3   4.9760684038123654E-011
           8           4  -1.1567200159610688E-011
           8           5  -2.2061844985531420E-010
           8           6  -1.4210732843939397E-010
           8           7   6.4784570100998646E-011
           8           8   2.9260577314007734     
           8           9   1.3119505481994857E-012
           8          10  -6.5423274436816069E-012
           8          11   27.977181110996341     
           8          12   8.0351475473250596E-011
           8          13  -1.3911830715196439E-010
           8          14   126.52503539346873     
           8          15   3.0178692878024846E-011
           8          16   2.5590883578896560E-011
           8          17   127.92669216777571     
           8          18  -1.6943761844967530E-010
           8          19   5.2645530285427171E-010
           8          20   36.685673486758539     
           8          21  -1.3097174733633990E-010
           8          22   3.5489291019818988E-010
           8          23  0.47958157398183204     
           8          24   2.3313663499724503E-011
           8          25  -6.6350254067023783E-011
           8          26   3.4868564570945769E-011
           8          27   8.3226714420453556E-012
           8          28   2.9825839191585180E-011
           8          29  -3.4992968719663850E-012
           8          30  -1.4029753064346351E-011
           8          31   2.7389395893082155E-011
           8          32   1.2688593345892966E-010
           8          33   1.4370198893797665E-011
           8          34   1.3374394829284804E-010
           8          35  -7.7021471202887500E-013
           8          36  -1.2403598521762191E-013
           8          37   1.4389997613622892E-010
           8          38  -6.5342139344849094E-011
           8          39  -4.1085677929541721E-012
           8          40  -6.4253559156219111E-011
           8          41   6.3455145148554722E-012
           8          42  -6.4994285501732910E-012
           8          43  -8.3363836187005052E-011
           8          44  -3.6372995161626765E-011
           8          45  -3.4285006554728654E-012
           8          46  -4.0223969971190290E-011
           8          47   2.9482814798381080E-012
           8          48   8.7066145601140896E-012
           8          49  -2.7934062463137911E-011
           8          50  -18.870450943087995     
           8          51  -1.4651085900041775E-011
           8          52  -8.4391222149581271     
           8          53  -4.2737646754887377E-011
           8          54   2.3354807671126390E-011
           8          55  -5.8471270174194812E-012
           8          56   2.1083745860295086E-011
           8          57  -8.4391222149612677     
           8          58  -1.3007983579170272E-011
           8          59   5.7318580437560685E-011
           8          60  -13.904234126237393     
           8          61  -3.4272057414242506E-011
           8          62  -6.2181625362637591     
           8          63  -6.7785776991512188E-011
           8          64   7.2911891801919082E-011
           8          65   9.3858413551437292E-013
           8          66   7.6238293456043881E-011
           8          67  -6.2181625362624766     
           8          68  -2.9597352346756222E-011
           8          69   1.7088692960687227E-010
           9           1   6.8895862020564167E-011
           9           2   2.4500833829444174E-010
           9           3   2.4568751159888034E-010
           9           4   8.9060225522471620E-011
           9           5  -5.0600344368988514E-010
           9           6   1.6478333611477641E-010
           9           7   2.2336077257297302E-010
           9           8   1.3119505481994857E-012
           9           9   2.9260577313829339     
           9          10   1.2239063928998232E-011
           9          11  -6.0710242388850627E-011
           9          12   27.977181110902553     
           9          13   1.4477487958464168E-010
           9          14  -2.9157343206520649E-011
           9          15   126.52503539352986     
           9          16   1.7449097028388023E-010
           9          17   1.2931662338178117E-010
           9          18   127.92669216822819     
           9          19  -1.5251559010946025E-010
           9          20   1.1303441516119521E-010
           9          21   36.685673487025454     
           9          22  -1.6905436599212728E-010
           9          23  -2.4135794057800411E-011
           9          24  0.47958157394695100     
           9          25   2.6791619487168089E-011
           9          26  -4.6027984010259800E-011
           9          27   8.0760828003747969E-012
           9          28  -4.7218680787214515E-011
           9          29  -3.8771598030093064E-012
           9          30  -1.1663105820464592E-011
           9          31  -4.7504282299528796E-011
           9          32   2.7492076838185950E-010
           9          33   1.3763058102212570E-011
           9          34   2.7737925185476279E-010
           9          35   3.9598537426074556E-013
           9          36  -5.4831122840637562E-013
           9          37   2.8726795242729554E-010
           9          38  -2.9658380126309062E-010
           9          39  -6.7816170926338866E-012
           9          40  -2.9527417223781718E-010
           9          41   4.8564835329075905E-012
           9          42  -6.1098287207438723E-012
           9          43  -3.1370332944402183E-010
           9          44  -2.2491460623516216E-010
           9          45  -3.1729617717513254E-013
           9          46  -2.2488028162283330E-010
           9          47   2.6602411962796795E-012
           9          48   8.0723644229191560E-012
           9          49  -2.1611788515191215E-010
           9          50   2.3349544520101214E-011
           9          51  -8.4391222149503218     
           9          52   1.5031281774824372E-011
           9          53  -18.870450943061638     
           9          54  -2.8132305512906535E-011
           9          55  -4.6886430191055504E-012
           9          56  -3.0474633233579195E-011
           9          57   1.0051043330960984E-011
           9          58  -8.4391222149463374     
           9          59  -5.8670401870131560E-011
           9          60   5.1716020355030539E-011
           9          61  -6.2181625362085438     
           9          62   2.4662161202116105E-011
           9          63  -13.904234126099622     
           9          64  -6.2694679309194308E-011
           9          65  -3.1725333090921036E-013
           9          66  -5.8086677828805872E-011
           9          67   2.8306801347355207E-011
           9          68  -6.2181625362074922     
           9          69  -1.2959794348787997E-010
          10           1  -2.1920099384252791E-011
          10           2  -6.0606922792997818E-011
          10           3  -1.3984144309822508E-010
          10           4  -9.9099267117780847E-011
          10           5  -3.8499049779574407E-011
          10           6  -3.2356279354183251E-011
          10           7  -3.2684290401451656E-011
          10           8  -6.5423274436816069E-012
          10           9   1.2239063928998232E-011
          10          10   2.9260577313659319     
          10          11   9.1487317721572481E-011
          10          12   3.5586318614111434E-011
          10          13   27.977181110738425     
          10          14   3.3512665559287664E-010
          10          15  -1.5722485813274383E-011
          10          16   126.52503539271437     
          10          17   3.3683849741568416E-010
          10          18  -1.7703650568093305E-010
          10          19   127.92669216731207     
          10          20   6.2089697966394426E-011
          10          21  -1.1616166188665999E-010
          10          22   36.685673486716006     
          10          23   2.1628912202919902E-011
          10          24   2.2687410110300275E-011
          10          25  0.47958157397281576     
          10          26   7.3239464491077301E-011
          10          27  -1.6675055533795989E-011
          10          28   8.5183617271104385E-011
          10          29   8.3935790452314856E-012
          10          30   3.0443853285322040E-011
          10          31   8.6779789151422142E-011
          10          32   3.4990761494636125E-011
          10          33  -3.3066769650265955E-011
          10          34   2.1549320415192091E-011
          10          35   2.9936738534783853E-012
          10          36   9.0043421639352828E-013
          10          37  -3.2961983454485553E-012
          10          38   1.2652558238235125E-011
          10          39   1.0157677241815829E-011
          10          40   1.0435692966946464E-011
          10          41  -1.5253340202270512E-011
          10          42   1.2355179526473992E-011
          10          43   5.5967618844738842E-011
          10          44   9.3455314982017620E-012
          10          45   6.7140401205582118E-012
          10          46   1.8345327967018678E-011
          10          47  -4.9161950435258181E-012
          10          48  -1.6895994769820431E-011
          10          49  -8.7882115435925163E-012
          10          50  -5.5492714590155482E-011
          10          51  -9.2726729072900227E-012
          10          52  -3.2183273407371241E-011
          10          53   1.6408333025630677E-012
          10          54  -8.4391222149034810     
          10          55   1.1377853457195386E-011
          10          56  -8.4391222148994025     
          10          57  -2.9636525872289626E-011
          10          58  -1.0488332424785340E-011
          10          59  -18.870450942958310     
          10          60  -1.9977526577452555E-011
          10          61  -1.7023295967311004E-011
          10          62  -1.8755011432780351E-011
          10          63  -5.6136394144257364E-011
          10          64  -6.2181625361701300     
          10          65  -1.3646178231412199E-013
          10          66  -6.2181625361796744     
          10          67  -1.8085741237960950E-011
          10          68  -2.6931099711413431E-011
          10          69  -13.904234126046729     
          11           1   2.5488338173295043E-010
          11           2   7.8620213241857789E-010
          11           3   4.6562687671703092E-010
          11           4  -1.6111322907721108E-011
          11           5  -1.8579079343452457E-009
          11           6  -3.3828152772713958E-010
          11           7   8.6287400025748734E-010
          11           8   27.977181110996341     
          11           9  -6.0710242388850627E-011
          11          10   9.1487317721572481E-011
          11          11   273.76811662990940     
          11          12   3.7230996063897431E-011
          11          13   7.3438480296950104E-010
          11          14   1236.2556254951173     
          11          15  -2.1113066850375607E-010
          11          16   2.6359412985677011E-009
          11          17   1231.5297570305775     
          11          18  -6.6162960526972286E-011
          11          19   2.3705763081693920E-009
          11          20   346.58788840739328     
          11          21   8.3599793754270055E-012
          11          22   6.3963045277004561E-010
          11          23   6.4189003858693994     
          11          24  -1.0106644687812807E-011
          11          25  -9.6814275346579299E-011
          11          26   1.7282785078186838E-010
          11          27   1.1271072019062302E-010
          11          28   1.1109941219090360E-010
          11          29  -4.6933948684922315E-011
          11          30  -1.8221456470676825E-010
          11          31   8.9708169915820708E-011
          11          32   9.5683125095329844E-010
          11          33   1.9849235583193669E-010
          11          34   1.0154896190082780E-009
          11          35  -9.1472588927150814E-012
          11          36   7.9332147659793699E-012
          11          37   1.1615640980183297E-009
          11          38  -7.5822753700976067E-010
          11          39  -6.9885059999700737E-011
          11          40  -7.2353752395962568E-010
          11          41   8.3590947214642231E-011
          11          42  -9.1217532694116972E-011
          11          43  -9.8369518858672191E-010
          11          44  -5.9783805877131659E-010
          11          45  -3.9999104644256668E-011
          11          46  -6.4541799875948697E-010
          11          47   3.9453568501763076E-011
          11          48   1.1508820839348254E-010
          11          49  -4.8174902396024091E-010
          11          50  -181.73731411447832     
          11          51   1.1564083024493546E-012
          11          52  -81.275397681567171     
          11          53  -1.2300849228097426E-010
          11          54  -1.7816803588033366E-010
          11          55  -7.1909249234154759E-011
          11          56  -2.0650946230826882E-010
          11          57  -81.275397681621968     
          11          58   2.3986368447027518E-011
          11          59  -3.2314459441629098E-010
          11          60  -144.02803304963817     
          11          61  -5.5224713690908147E-012
          11          62  -64.411294512860152     
          11          63   1.2085643597004135E-010
          11          64  -2.2162237323097837E-010
          11          65   7.5623731048830467E-012
          11          66  -1.7288000198067945E-010
          11          67  -64.411294512834402     
          11          68   5.6165849748878655E-011
          11          69  -3.7218891857371272E-010
          12           1   6.9498104240335351E-010
          12           2   2.4895603495579670E-009
          12           3   2.5913432746587240E-009
          12           4   1.5518832132250579E-009
          12           5  -5.3914591009021141E-009
          12           6   2.7574277081477230E-009
          12           7   2.6548962616912240E-009
          12           8   8.0351475473250596E-011
          12           9   27.977181110902553     
          12          10   3.5586318614111434E-011
          12          11   3.7230996063897431E-011
          12          12   273.76811663060505     
          12          13   2.2832810642192669E-010
          12          14   2.5393331881673460E-010
          12          15   1236.2556254973972     
          12          16   1.1851972459009374E-009
          12          17   1.3176481433729822E-010
          12          18   1231.5297570328034     
          12          19   1.3937226329627239E-009
          12          20   1.5949735976406006E-010
          12          21   346.58788840776776     
          12          22   5.5118665187592342E-010
          12          23  -6.7681152349230109E-011
          12          24   6.4189003860034139     
          12          25  -1.6641189815036476E-010
