           1           1   2.0000378467821212     
           1           2   2.4766966448360405E-004
           1           3  -6.7110030879280230E-004
           1           4  -1.2248963459272069E-003
           1           5   1.9178097038234093E-004
           1           6   1.3825749375177498E-004
           1           7  -6.7745645367682187E-006
           1           8   9.1167071161040265E-010
           1           9  -3.6000379482982527E-010
           1          10   5.2562429673929612E-010
           1          11   3.9555358693584939E-009
           1          12  -2.8466242262983952E-009
           1          13   4.7044197272033144E-009
           1          14  -9.7283157975960006E-010
           1          15   2.7740167861664117E-010
           1          16  -6.8266489768119252E-010
           1          17   9.3043159005304369E-010
           1          18  -2.6934204793650630E-010
           1          19   7.6877786473531586E-010
           1          20  -3.9326190750610859E-010
           1          21   1.0869539339857061E-010
           1          22  -2.6298480164147947E-010
           1          23  -1.1642889979992859E-012
           1          24   6.2486967859740703E-013
           1          25   7.3657087574698939E-014
           1          26  -5.7519844593249731E-005
           1          27  -1.0132756927475597E-008
           1          28  -5.7513787468999130E-005
           1          29   6.0069900665808939E-009
           1          30   2.3260583364801061E-010
           1          31  -5.7501739662382488E-005
           1          32   3.0215054723471202E-005
           1          33  -1.3849061248853891E-010
           1          34   3.0215136549575362E-005
           1          35   6.7443076493901744E-011
           1          36  -7.9188059149267108E-012
           1          37   3.0215599024511975E-005
           1          38   9.0749627828899527E-005
           1          39  -1.7884580587662028E-010
           1          40   9.0749611443819155E-005
           1          41   7.0862598455249192E-011
           1          42   1.1862097948622763E-011
           1          43   9.0749571758840111E-005
           1          44   6.8808641922573754E-005
           1          45  -6.9162908740142027E-011
           1          46   6.8808660964775258E-005
           1          47   3.0821763635628149E-011
           1          48   4.0836323771796142E-013
           1          49   6.8808811667217361E-005
           1          50   2.8085704232141688E-010
           1          51  -4.7073550490931467E-011
           1          52   1.3654261766334708E-010
           1          53  -1.0408680395969321E-010
           1          54   1.0894198197395625E-010
           1          55  -7.4798393324682339E-012
           1          56   1.0081338086770654E-010
           1          57   1.3203258548688111E-010
           1          58  -4.4487239865494703E-011
           1          59   2.1557621670693004E-010
           1          60   1.3481961034900888E-010
           1          61  -1.8471282437578730E-011
           1          62   5.3483283790313671E-011
           1          63  -3.5105842635722654E-011
           1          64   3.4835910812332123E-011
           1          65   2.5330322274481366E-012
           1          66   3.9035286945879649E-011
           1          67   5.7833842929029691E-011
           1          68  -1.6537876236829758E-011
           1          69   8.6527586887553255E-011
           2           1   2.4766966448360405E-004
           2           2   2.0012409117072756     
           2           3  -2.1923832208359771E-003
           2           4  -7.6499401314688966E-003
           2           5   1.9824421015186009E-003
           2           6   1.2686284582647703E-003
           2           7   1.2957408890322357E-004
           2           8   2.8983982338234571E-009
           2           9  -2.1841286995989166E-009
           2          10   1.3913946204001730E-009
           2          11   9.4793753786645956E-009
           2          12  -7.2863130732711900E-009
           2          13   1.3788978782076522E-008
           2          14  -9.7453304746971539E-009
           2          15  -4.9038513815230109E-011
           2          16  -4.8724792140204370E-009
           2          17   9.9108218119501473E-009
           2          18   1.1900981853602505E-010
           2          19   5.3119673733728123E-009
           2          20  -3.8233541337369295E-009
           2          21  -3.9239849891307862E-012
           2          22  -1.8842291629821699E-009
           2          23   4.6978998536951328E-012
           2          24   1.0702994167539852E-012
           2          25   4.7709920449165947E-012
           2          26  -6.5181073581466642E-004
           2          27  -1.8523947745556455E-008
           2          28  -6.5179925761588511E-004
           2          29   1.1211568852255159E-008
           2          30  -4.4305450835836259E-010
           2          31  -6.5177961642922896E-004
           2          32   2.0307998888778107E-004
           2          33  -2.8867902717452929E-010
           2          34   2.0308023412489537E-004
           2          35   1.2992675752690288E-010
           2          36  -4.7770042793431300E-011
           2          37   2.0308194289164912E-004
           2          38   1.0096020290300358E-003
           2          39  -3.2379184629260891E-010
           2          40   1.0096019195037628E-003
           2          41   1.2293816918447706E-010
           2          42   2.6026790050977863E-011
           2          43   1.0096011900866311E-003
           2          44   9.3693782337281556E-004
           2          45  -1.3505168995266761E-010
           2          46   9.3693786533625934E-004
           2          47   5.6522032010577791E-011
           2          48  -7.3010469157116868E-012
           2          49   9.3693829672308567E-004
           2          50   2.4667864855714634E-009
           2          51  -5.8032328488734267E-011
           2          52   1.1604873501684276E-009
           2          53  -1.2945070212863735E-010
           2          54   6.6191490741540407E-010
           2          55  -3.7105776946341795E-011
           2          56   6.2445414019406648E-010
           2          57   1.1359958368449409E-009
           2          58  -4.5518609224707045E-011
           2          59   1.3435408924398699E-009
           2          60   1.3209026682193394E-009
           2          61   1.6216781670907124E-012
           2          62   5.6058917204847810E-010
           2          63   2.6807191557367644E-011
           2          64   2.6365945068113425E-010
           2          65   1.2652938820243037E-011
           2          66   2.8215701092366968E-010
           2          67   5.7801359161195552E-010
           2          68   7.4653589951265142E-012
           2          69   6.3199277436376489E-010
           3           1  -6.7110030879280230E-004
           3           2  -2.1923832208359771E-003
           3           3   1.9736014005172309     
           3           4  -1.9800297946706600E-002
           3           5  -6.2015936524204259E-003
           3           6  -2.6121235091858597E-002
           3           7   1.4304749169680934E-004
           3           8   6.5939678766166760E-009
           3           9   7.8491587246242024E-011
           3          10   3.5608880297537440E-009
           3          11   1.5871824882577875E-009
           3          12   3.6672351575209019E-010
           3          13   7.6042137591789132E-008
           3          14   1.0990992053550539E-008
           3          15   9.0166775247092245E-010
           3          16  -6.5722920765234956E-009
           3          17  -1.4652119256651593E-008
           3          18   3.5097217773777421E-010
           3          19   7.0179717877830259E-009
           3          20   3.7164093494587995E-009
           3          21   9.9151440435915309E-011
           3          22  -1.6125641604121845E-009
           3          23  -2.8748993174108683E-011
           3          24   1.5272366965888486E-011
           3          25  -7.4825747761963130E-011
           3          26   1.1255264063731337E-002
           3          27  -7.0543038831714691E-008
           3          28   1.1255333412302830E-002
           3          29   5.0297424634053123E-008
           3          30  -3.0698853120137576E-009
           3          31   1.1255418358045229E-002
           3          32   6.1997214548642158E-003
           3          33  -4.3961940447201321E-010
           3          34   6.1997196331939949E-003
           3          35  -1.8733752669785193E-011
           3          36   2.2796489346482637E-010
           3          37   6.1997113326642686E-003
           3          38  -4.0521695767254569E-003
           3          39  -1.3637719445884042E-009
           3          40  -4.0521692369669769E-003
           3          41   5.8644531895515478E-010
           3          42  -5.2934127885109087E-010
           3          43  -4.0521700211048998E-003
           3          44   4.0119300867798337E-003
           3          45  -4.3766699396709311E-010
           3          46   4.0119304016475342E-003
           3          47   2.2302992761831996E-010
           3          48   1.3236766112792360E-010
           3          49   4.0119327880392477E-003
           3          50  -2.6219297010788621E-009
           3          51   5.3851979904742765E-011
           3          52  -3.3177226305587181E-010
           3          53   5.5458084432228245E-010
           3          54   7.5101807005448348E-011
           3          55  -7.8648614618278993E-010
           3          56  -1.4125431762825224E-011
           3          57  -5.6571573505014308E-010
           3          58   5.3410706947843254E-010
           3          59  -2.1471737169415317E-009
           3          60  -1.3583188683394298E-009
           3          61  -4.0474755273219671E-010
           3          62  -1.1941727356597453E-009
           3          63   2.8913584025533807E-011
           3          64   5.6285347926357534E-010
           3          65  -2.0207285562785969E-012
           3          66   7.3530922310275640E-010
           3          67  -7.6963173552654982E-010
           3          68  -2.1474829628219932E-010
           3          69   7.8948895707458958E-010
           4           1  -1.2248963459272069E-003
           4           2  -7.6499401314688966E-003
           4           3  -1.9800297946706600E-002
           4           4  0.68480698031851173     
           4           5  -2.2570399301059803E-002
           4           6  -1.0204083324816243E-002
           4           7   3.1221615485335127E-002
           4           8   1.2092780999155842E-009
           4           9  -1.4149566577241189E-008
           4          10  -7.2583520772760657E-009
           4          11  -1.7624135049061002E-008
           4          12  -4.7894515875890791E-008
           4          13   1.4048730349883795E-007
           4          14  -3.3631313992228022E-008
           4          15   4.2597920580357111E-009
           4          16   1.2594268407073684E-008
           4          17   1.4058928687847671E-007
           4          18  -3.1087553487165176E-008
           4          19  -5.8842197851073021E-008
           4          20   7.3059524458878221E-010
           4          21   1.6120349716644302E-009
           4          22  -1.3220474728313860E-010
           4          23   1.2688898485729018E-009
           4          24   1.8069537169967340E-011
           4          25  -8.1423582904560264E-010
           4          26   6.9776206281820987E-003
           4          27  -3.2885764618796982E-007
           4          28   6.9777130073768829E-003
           4          29   2.2485375367774559E-007
           4          30   1.9087613879464043E-008
           4          31   6.9767903257474196E-003
           4          32   4.5240171212502034E-003
           4          33  -4.1771874032162066E-009
           4          34   4.5240183528678793E-003
           4          35   2.5586102285804010E-009
           4          36   2.1371939544541433E-010
           4          37   4.5240125799919026E-003
           4          38   2.5444541525795145E-002
           4          39  -6.4776050267951867E-009
           4          40   2.5444546417564756E-002
           4          41   3.7318027130768064E-009
           4          42  -8.6384476926662367E-010
           4          43   2.5444578074938693E-002
           4          44   3.5280978820104412E-002
           4          45  -1.0020005119546092E-009
           4          46   3.5280980504595251E-002
           4          47   1.9048621435425143E-009
           4          48  -5.4015622195716045E-010
           4          49   3.5280938411170408E-002
           4          50   1.1349640030392598E-010
           4          51   6.1049723617848471E-011
           4          52   1.7399623139785270E-010
           4          53  -1.1170831102530248E-010
           4          54   1.3557693218425957E-010
           4          55   8.9897121411409842E-013
           4          56  -1.2501399417685983E-011
           4          57  -3.6956140173813603E-011
           4          58  -9.8681304958026981E-011
           4          59   1.9376043228365223E-010
           4          60  -2.8665437792566250E-009
           4          61   1.8644472482639767E-009
           4          62   1.2011090683914383E-009
           4          63  -7.2741963812740630E-010
           4          64   6.9296262005667339E-010
           4          65  -1.9342241937346930E-010
           4          66  -5.8243617039893474E-010
           4          67  -1.4486898989826035E-009
           4          68   5.9340143134909876E-012
           4          69   1.5492547654852099E-010
           5           1   1.9178097038234093E-004
           5           2   1.9824421015186009E-003
           5           3  -6.2015936524204259E-003
           5           4  -2.2570399301059803E-002
           5           5   7.7022457006507947E-004
           5           6   4.3000614465363941E-004
           5           7  -1.0327300831526384E-003
           5           8   9.8624950005428768E-010
           5           9   1.2775556339230604E-008
           5          10   4.2085229126816730E-009
           5          11   6.0364337184026837E-009
           5          12   2.9366772217136053E-008
           5          13   6.9760945425502128E-008
           5          14   1.2253933580255789E-009
           5          15   7.6862251355349180E-010
           5          16   1.9065834597717808E-009
           5          17  -4.7717134958900267E-009
           5          18   1.3001234631755112E-010
           5          19  -4.9762431114534545E-010
           5          20   2.9617744589037602E-011
           5          21   2.9062927449270981E-010
           5          22   9.3668338954124555E-010
           5          23  -4.4779292860407254E-011
           5          24  -1.5831795250306315E-011
           5          25  -1.3454478416633807E-011
           5          26  -2.7159541780418536E-004
           5          27   1.1713870756128552E-007
           5          28  -2.7159204463600623E-004
           5          29  -3.7041582831259474E-008
           5          30  -1.9426094146039036E-008
           5          31  -2.7182613058373216E-004
           5          32  -1.7236302315344482E-004
           5          33   1.3456861785830734E-009
           5          34  -1.7236289089549427E-004
           5          35  -4.3172982635849150E-010
           5          36  -2.3469201278599244E-010
           5          37  -1.7236491465413476E-004
           5          38  -8.2721566864355682E-004
           5          39   1.7266754293213378E-009
           5          40  -8.2721542417872542E-004
           5          41  -5.8564313495616342E-010
           5          42  -2.8312326073830837E-010
           5          43  -8.2721762755194432E-004
           5          44  -1.1803820491995054E-003
           5          45   6.3228392993815568E-010
           5          46  -1.1803819940435134E-003
           5          47  -2.3953876651879011E-010
           5          48  -9.9326691432345945E-011
           5          49  -1.1803814819936959E-003
           5          50   1.3126973454929137E-012
           5          51  -9.6818805849687816E-012
           5          52  -6.8300128412141374E-012
           5          53  -1.3020557665526404E-011
           5          54  -3.0949205019875929E-011
           5          55   2.0130472650858432E-012
           5          56  -2.5680126824042228E-011
           5          57   1.9532817377084973E-012
           5          58  -5.3630134824003408E-012
           5          59  -5.9674317230976812E-011
           5          60   8.0154414282381099E-011
           5          61  -7.9639016215593831E-011
           5          62  -4.3291544164730950E-011
           5          63  -2.0841061661213079E-011
           5          64  -1.0772991205040027E-010
           5          65   6.4650683526697395E-012
           5          66  -6.6307246147970063E-011
           5          67   4.1770942141752884E-011
           5          68  -1.9303122510820682E-011
           5          69  -1.9354865931065047E-010
           6           1   1.3825749375177498E-004
           6           2   1.2686284582647703E-003
           6           3  -2.6121235091858597E-002
           6           4  -1.0204083324816243E-002
           6           5   4.3000614465363941E-004
           6           6   5.0723961979331610E-004
           6           7  -4.7940301854951771E-004
           6           8  -2.0180860962847617E-009
           6           9  -1.6620816381410017E-008
           6          10  -6.3757533850215684E-009
           6          11  -3.6423256668199401E-008
           6          12   1.8210682090077114E-007
           6          13  -2.3803471717476474E-007
           6          14  -8.0282542877562237E-010
           6          15   5.6996284155888279E-009
           6          16  -7.1658954297015089E-009
           6          17  -7.5808333293843916E-010
           6          18  -5.4799302463500285E-009
           6          19   8.4256590384338860E-009
           6          20  -5.1928206332893137E-010
           6          21   2.2543101245168710E-009
           6          22  -2.8921755655762833E-009
           6          23   9.7623256080373290E-013
           6          24  -9.9519275018976051E-011
           6          25   1.4045059265617353E-010
           6          26  -2.5768771764797440E-004
           6          27   1.4514609660565603E-006
           6          28  -2.5862495100156395E-004
           6          29  -8.8158715489961744E-007
           6          30  -1.0730537655829504E-007
           6          31  -2.6064607600403077E-004
           6          32  -1.5338783501820524E-004
           6          33   1.7751344220084907E-008
           6          34  -1.5339578078506010E-004
           6          35  -9.6637859597033217E-009
           6          36  -1.2935239317942782E-009
           6          37  -1.5341965148116035E-004
           6          38  -3.3513472082777709E-004
           6          39   2.4999496204750710E-008
           6          40  -3.3513843111470081E-004
           6          41  -1.1198220525772683E-008
           6          42  -1.7434681689808042E-009
           6          43  -3.3517114405057002E-004
           6          44  -5.9346827825365719E-004
           6          45   9.1939211423593294E-009
           6          46  -5.9347129292546083E-004
           6          47  -4.6611422972030395E-009
           6          48  -6.5397525602138598E-010
           6          49  -5.9348292891609074E-004
           6          50   6.0785211966089827E-011
           6          51  -6.7243907663631449E-011
           6          52   1.3635173373144725E-011
           6          53  -1.5062557597039829E-010
           6          54   8.5804705523874664E-011
           6          55   9.9039847398565482E-012
           6          56   8.9369778958689985E-011
           6          57   2.0921821069301342E-011
           6          58  -7.0577297693529461E-011
           6          59   2.2260878919744327E-010
           6          60   1.4061534942600978E-010
           6          61  -2.0654897025284232E-010
           6          62   3.3624943975528140E-011
           6          63  -4.0073060686160763E-010
           6          64   2.7940650830285951E-010
           6          65   2.9760425430451742E-012
           6          66   2.9646460040531183E-010
           6          67   6.7435898201548552E-011
           6          68  -1.8107484452372641E-010
           6          69   6.5204474654553507E-010
           7           1  -6.7745645367682187E-006
           7           2   1.2957408890322357E-004
           7           3   1.4304749169680934E-004
           7           4   3.1221615485335127E-002
           7           5  -1.0327300831526384E-003
           7           6  -4.7940301854951771E-004
           7           7   1.4243525985859319E-003
           7           8   1.1198990306701022E-009
           7           9   4.4092082600870169E-009
           7          10   3.1703931214662853E-009
           7          11  -1.8802976162061046E-008
           7          12  -1.5634396630812227E-008
           7          13   2.8397225131007100E-008
           7          14  -2.0606326286931631E-009
           7          15  -2.4924901995719777E-010
           7          16   1.2306593563279922E-009
           7          17   6.9937872449533467E-009
           7          18  -9.7263515284141872E-010
           7          19  -3.3913610967658980E-009
           7          20  -1.8977093216971306E-010
           7          21  -9.7164384235463606E-011
           7          22   2.6513636452125678E-010
           7          23   6.7593317296405301E-011
           7          24   8.2294833656933684E-012
           7          25  -4.9007835262744090E-011
           7          26   3.2454306922364922E-004
           7          27  -1.3937691891945851E-007
           7          28   3.2469054111102517E-004
           7          29   1.1718746325310177E-007
           7          30   5.9176926849011183E-009
           7          31   3.2492527706071654E-004
           7          32   2.1038460035981363E-004
           7          33  -1.7645739010197835E-009
           7          34   2.1038579126296189E-004
           7          35   1.3011801013514054E-009
           7          36   9.0146531326836742E-011
           7          37   2.1038869181725476E-004
           7          38   1.1592023730245206E-003
           7          39  -2.6287731419538297E-009
           7          40   1.1592028611811952E-003
           7          41   1.5691995177543362E-009
           7          42   1.1423245370633651E-010
           7          43   1.1592083578553902E-003
           7          44   1.6121048811257930E-003
           7          45  -8.8040061199808621E-010
           7          46   1.6121053463263658E-003
           7          47   6.6096356326179546E-010
           7          48   2.3217323417343261E-011
           7          49   1.6121050140564472E-003
           7          50   2.1056382844642752E-011
           7          51   7.9677029807594798E-012
           7          52   1.5722263244237018E-011
           7          53   5.8125290301736568E-012
           7          54  -1.6605050162648650E-012
           7          55  -7.5856885632838320E-014
           7          56  -8.5209832635832724E-012
           7          57   5.4870311295181927E-012
           7          58   6.0957921273264825E-013
           7          59  -9.0155173088420022E-012
           7          60  -7.4366940557080941E-011
           7          61   9.6226401888410522E-011
           7          62   7.9242336748394794E-011
           7          63  -7.0148236394794770E-012
           7          64   4.0940007000979835E-012
           7          65  -8.8395260030700612E-012
           7          66  -5.3911106366550331E-011
           7          67  -4.0883162756395674E-011
           7          68   1.1765247692843658E-011
           7          69  -5.4498085187277567E-011
           8           1   9.1167071161040265E-010
           8           2   2.8983982338234571E-009
           8           3   6.5939678766166760E-009
           8           4   1.2092780999155842E-009
           8           5   9.8624950005428768E-010
           8           6  -2.0180860962847617E-009
           8           7   1.1198990306701022E-009
           8           8   1.9997990136190396     
           8           9   5.5027823312182953E-010
           8          10   2.8547922893867652E-010
           8          11  -5.5849594278633142E-004
           8          12  -1.1472903722870777E-009
           8          13  -1.1947199845647397E-009
           8          14  -2.0976333444161100E-003
           8          15   2.3494103761935775E-010
           8          16   4.7497237911342211E-009
           8          17   2.2792745862022716E-003
           8          18  -2.5707186615927779E-009
           8          19  -4.3623332136457793E-009
           8          20  -8.5998547214272700E-004
           8          21   2.3402137758154525E-009
           8          22   1.4686090902129511E-009
           8          23   1.4083883219869122E-005
           8          24  -3.8329171401216061E-010
           8          25   1.2281848044905950E-010
           8          26  -2.8519729484841793E-009
           8          27   1.2724006354377435E-009
           8          28  -2.7623707168850932E-009
           8          29   1.2232811841018785E-010
           8          30  -3.2131587613230966E-010
           8          31  -2.3828814157427897E-009
           8          32   2.4441843344669124E-009
           8          33   3.6452144316811840E-012
           8          34  -4.4551619129002644E-010
           8          35   2.6854629504969009E-010
           8          36  -3.4866791961331947E-010
           8          37   7.4521375233646068E-010
           8          38  -1.6029703894420454E-009
           8          39  -1.0219947819112465E-010
           8          40   6.1347379856283058E-010
           8          41  -5.6200811815974989E-010
           8          42   3.9372872550145100E-010
           8          43  -5.6801570469134052E-011
           8          44   3.5069041647551159E-010
           8          45   3.4392460814092620E-012
           8          46  -7.3281602080455992E-011
           8          47   1.5768730861725324E-011
           8          48  -6.2844483540825363E-011
           8          49   6.4671397542715675E-010
           8          50   5.4603951765777006E-004
           8          51   2.4702795022832562E-010
           8          52   2.4419642663752372E-004
           8          53  -4.8945538255359711E-010
           8          54  -4.4939592409040435E-010
           8          55   2.8439058412868972E-011
           8          56  -4.5222314588860215E-011
           8          57   2.4419604372009516E-004
           8          58  -3.1606397641419416E-010
           8          59  -8.3912172236806124E-010
           8          60   2.3405574584625414E-004
           8          61  -1.2254431014019444E-010
           8          62   1.0467270272147638E-004
           8          63   6.9825251055348522E-010
           8          64  -4.7131375884307852E-010
           8          65  -5.7423506600675078E-013
           8          66  -7.0543096541533459E-010
           8          67   1.0467333003945905E-004
           8          68   5.0168676634241602E-010
           8          69  -7.1569135754580816E-010
           9           1  -3.6000379482982527E-010
           9           2  -2.1841286995989166E-009
           9           3   7.8491587246242024E-011
           9           4  -1.4149566577241189E-008
           9           5   1.2775556339230604E-008
           9           6  -1.6620816381410017E-008
           9           7   4.4092082600870169E-009
           9           8   5.5027823312182953E-010
           9           9   1.9997990140273765     
           9          10   7.3037059028536529E-010
           9          11   4.3905750956348302E-009
           9          12  -5.5849771205997189E-004
           9          13   5.2020800259057201E-009
           9          14   1.1785838614447876E-008
           9          15  -2.0976260457114797E-003
           9          16   1.1499957923174258E-008
           9          17  -1.2522780297970739E-008
           9          18   2.2792644348789436E-003
           9          19  -1.3135225057300768E-008
           9          20   3.7112772114334170E-009
           9          21  -8.5998105928690872E-004
           9          22   5.8111965675933397E-009
           9          23   4.9251264322068641E-010
           9          24   1.4082929958353874E-005
           9          25  -1.1897908400956257E-009
           9          26  -1.5899873398325112E-010
           9          27   1.3591745471587915E-009
           9          28  -1.0719384274471421E-009
           9          29  -7.0901189317495179E-010
           9          30  -6.1723243004847678E-011
           9          31  -2.5287117307928151E-009
           9          32  -2.4784403930147663E-009
           9          33   1.2597687234325383E-009
           9          34  -6.1209128485230849E-010
           9          35  -5.1950065666208186E-010
           9          36   6.4916048163186752E-010
           9          37  -2.7879235690976845E-009
           9          38   6.9422539386886824E-009
           9          39  -1.4133806965993635E-009
           9          40   4.5298498753015830E-009
           9          41   7.5844199853358314E-010
           9          42  -1.5389147060484274E-010
           9          43   5.8709107284209710E-009
           9          44   1.0689495015606858E-008
           9          45   2.2190497593330867E-010
           9          46   1.1165622224629112E-008
           9          47  -6.7787818406858193E-010
           9          48  -1.2894910255817276E-010
           9          49   1.1310072035023791E-008
           9          50  -1.9016261414248918E-009
           9          51   2.4419564866037178E-004
           9          52  -1.7591620941118540E-009
           9          53   5.4603832555074662E-004
           9          54  -1.3616494641939536E-009
           9          55  -4.0251381861610189E-011
           9          56  -2.2397250435797593E-009
           9          57  -1.7672688089264624E-009
           9          58   2.4419578918533579E-004
           9          59  -2.7601935865174557E-009
           9          60  -9.8636529839396797E-010
           9          61   1.0467335566967137E-004
           9          62  -6.7455542454878661E-010
           9          63   2.3405590704721251E-004
           9          64  -4.3214365188970429E-010
           9          65  -5.2196301338407684E-010
           9          66  -2.8689368138330193E-011
           9          67  -7.9639507257263016E-010
           9          68   1.0467319022801020E-004
           9          69  -1.6498729929500953E-009
          10           1   5.2562429673929612E-010
          10           2   1.3913946204001730E-009
          10           3   3.5608880297537440E-009
          10           4  -7.2583520772760657E-009
          10           5   4.2085229126816730E-009
          10           6  -6.3757533850215684E-009
          10           7   3.1703931214662853E-009
          10           8   2.8547922893867652E-010
          10           9   7.3037059028536529E-010
          10          10   1.9997990131163790     
          10          11  -1.4100809909889687E-009
          10          12   2.0247190176960611E-009
          10          13  -5.5850047322708444E-004
          10          14   3.9571856371859763E-009
          10          15   1.9791225021105092E-009
          10          16  -2.0976443402185171E-003
          10          17  -2.4915608629422340E-009
          10          18  -5.0822298668715737E-009
          10          19   2.2792855200680692E-003
          10          20   1.3634850501851407E-010
          10          21   2.9425217517432290E-009
          10          22  -8.5999012330397341E-004
          10          23   2.3427582340910106E-010
          10          24  -8.9059284854264166E-010
          10          25   1.4083255139353982E-005
          10          26   8.0928131431991597E-010
          10          27   4.6668777006437674E-010
          10          28  -2.5695927437452081E-009
          10          29  -1.5119642191871180E-009
          10          30   6.8905357218836979E-010
          10          31  -3.2634606072138210E-009
          10          32   6.4528538525005212E-010
          10          33   7.0070115836377690E-011
          10          34   9.6513637188623008E-010
          10          35  -1.1188034253772053E-010
          10          36   2.0152870557730868E-010
          10          37   6.6533519351042421E-010
          10          38   2.5250101861553261E-009
          10          39  -8.5546423131494533E-010
          10          40   1.8262415672090710E-009
          10          41   9.8562992629668503E-010
          10          42  -5.6334362675372729E-010
          10          43   2.0151329635390205E-009
          10          44   3.1309149841590986E-009
          10          45   7.9928145214844541E-010
          10          46   3.7700230668609038E-009
          10          47  -6.0169566512850222E-010
          10          48  -3.2937402260445502E-010
          10          49   3.9077044412910010E-009
          10          50  -6.6751223688858283E-010
          10          51   1.7620046455881239E-010
          10          52  -1.0368733756262881E-010
          10          53  -9.4046746130528710E-010
          10          54   2.4419627891293205E-004
          10          55  -4.4249551808166835E-010
          10          56   2.4419698106383783E-004
          10          57  -4.9588878339774970E-010
          10          58  -6.7040362624152117E-010
          10          59   5.4604126971605237E-004
          10          60  -1.5305931028186559E-009
          10          61  -2.2031910761018746E-010
          10          62  -5.0648879305940004E-010
          10          63   1.3972309843519971E-009
          10          64   1.0467458815793210E-004
          10          65   3.1027821736231760E-010
          10          66   1.0467386868281880E-004
          10          67  -1.1106637916095670E-009
          10          68   6.7086527792268380E-010
          10          69   2.3405726648733738E-004
          11           1   3.9555358693584939E-009
          11           2   9.4793753786645956E-009
          11           3   1.5871824882577875E-009
          11           4  -1.7624135049061002E-008
          11           5   6.0364337184026837E-009
          11           6  -3.6423256668199401E-008
          11           7  -1.8802976162061046E-008
          11           8  -5.5849594278633142E-004
          11           9   4.3905750956348302E-009
          11          10  -1.4100809909889687E-009
          11          11   2.0064368021585284     
          11          12  -1.7540473200144130E-009
          11          13  -5.5872320763336320E-008
          11          14   6.2078564496524227E-002
          11          15   3.4952857030822258E-008
          11          16  -1.4712474996529215E-007
          11          17  -6.5369491162618559E-002
          11          18   1.0442379086217823E-008
          11          19   1.2097708608372829E-007
          11          20   2.5034371103002696E-002
          11          21  -4.4085608537027461E-008
          11          22  -4.2826138327505210E-008
          11          23  -1.0908378783121048E-003
          11          24   6.4226826177186914E-009
          11          25  -1.8976475582455761E-008
          11          26   1.6348570326877877E-008
          11          27   2.5432987459269608E-008
          11          28   9.3685849027382832E-010
          11          29   5.6813586405421202E-009
          11          30  -1.3695508427911016E-008
          11          31  -1.3638706371404462E-008
          11          32   1.2211506133690838E-008
          11          33   3.4100490428353738E-009
          11          34   3.6315010876445009E-008
          11          35   6.0300681714277162E-010
          11          36  -9.7982321623119678E-009
          11          37  -3.3274417049421584E-009
          11          38  -8.0219318247534150E-010
          11          39   2.5899695585734116E-009
          11          40  -2.2911015135661707E-008
          11          41   6.1616265214239738E-009
          11          42   1.3778729262005404E-008
          11          43  -1.0493239417178383E-008
          11          44   4.1508443670473789E-008
          11          45   1.7024509036704658E-008
          11          46   4.2982428516178693E-008
          11          47  -6.4704168384311404E-009
          11          48  -1.7599922324407207E-008
          11          49   1.2993290114117659E-008
          11          50  -1.6282599634205143E-003
          11          51  -1.1797500377221413E-008
          11          52  -7.2817696494113814E-004
          11          53   3.3605209618768034E-009
          11          54  -8.4029081605913303E-009
          11          55   3.4207700795510017E-009
          11          56   7.9129275598633169E-009
          11          57  -7.2816074959209829E-004
          11          58  -4.3052663973775207E-009
          11          59   1.3039338418099526E-008
          11          60  -5.0826399492589769E-003
          11          61   4.1543860660866315E-009
          11          62  -2.2730283647820039E-003
          11          63  -1.7275104817221855E-008
          11          64   2.7306997948394985E-008
          11          65  -6.6273004322812737E-009
          11          66   1.4945159042605245E-008
          11          67  -2.2730378181834918E-003
          11          68   8.1114606932711325E-009
          11          69   5.1238207595416882E-008
          12           1  -2.8466242262983952E-009
          12           2  -7.2863130732711900E-009
          12           3   3.6672351575209019E-010
          12           4  -4.7894515875890791E-008
          12           5   2.9366772217136053E-008
          12           6   1.8210682090077114E-007
          12           7  -1.5634396630812227E-008
          12           8  -1.1472903722870777E-009
          12           9  -5.5849771205997189E-004
          12          10   2.0247190176960611E-009
          12          11  -1.7540473200144130E-009
          12          12   2.0064367630373621     
          12          13   2.4452366269133050E-008
          12          14  -4.4695251297675186E-008
          12          15   6.2078474317016422E-002
          12          16   7.5067444185664820E-008
          12          17   8.8804892935489695E-008
          12          18  -6.5369378641627396E-002
          12          19  -4.3570014377874060E-008
          12          20  -5.0890997767764591E-008
          12          21   2.5034330959130137E-002
          12          22   1.1915910351807601E-008
          12          23   3.4661619639538427E-009
          12          24  -1.0908280302625616E-003
          12          25   8.7184047560129114E-009
