           1           1   35.556132667375280     
           1           2   117.04962128330710     
           1           3   225.04433988825201     
           1           4   38.008993214300176     
           1           5   13.190943401246511     
           1           6  -25.851169414845046     
           1           7   3.3872292385292679     
           1           8  -6.2098206603185152E-011
           1           9  -1.7355211944918983E-010
           1          10   1.3853145542559586E-011
           1          11  -5.5255969125954344E-010
           1          12  -1.4605115609972546E-009
           1          13   1.0411721667357386E-010
           1          14  -1.5298043377135786E-009
           1          15  -4.4919678551595774E-009
           1          16   2.7697413526671295E-010
           1          17   1.2555531376861254E-009
           1          18   4.5869213782838443E-009
           1          19  -2.1353329510439565E-010
           1          20  -3.1859628431239506E-010
           1          21  -1.6368128573515742E-009
           1          22   4.4177594992862333E-011
           1          23  -4.4399183547658845E-011
           1          24  -1.0744297345412244E-011
           1          25   1.2203930182158859E-011
           1          26  -102.82194704534257     
           1          27   2.0263742856520849E-011
           1          28  -102.82194704533070     
           1          29   4.0247632230558414E-012
           1          30   1.6897300014704890E-011
           1          31  -102.82194704535272     
           1          32   41.493576135294077     
           1          33   3.8440984909141259E-011
           1          34   41.493576135311486     
           1          35   2.3033377506928975E-012
           1          36   3.2833011319563191E-011
           1          37   41.493576135284897     
           1          38  -16.901152994499839     
           1          39  -5.2324703022957920E-011
           1          40  -16.901152994524665     
           1          41  -6.4284126067998717E-012
           1          42  -4.7443952379227104E-011
           1          43  -16.901152994487603     
           1          44   6.8049750469465859     
           1          45   1.6968796254581723E-011
           1          46   6.8049750469514398     
           1          47   3.0815508168971689E-012
           1          48   1.7429021978508829E-011
           1          49   6.8049750469413901     
           1          50   3.0511494721853992E-010
           1          51   4.1030756033941846E-010
           1          52   1.3572026615416662E-010
           1          53   9.1920027596583901E-010
           1          54  -2.7274336335138974E-011
           1          55   2.6116379546518432E-012
           1          56  -3.1802202370717161E-011
           1          57   1.4030943633740952E-010
           1          58   4.1071614418242662E-010
           1          59  -5.2800778968375081E-011
           1          60   3.3159891147986642E-010
           1          61   2.9956479258248029E-010
           1          62   1.5017961754559915E-010
           1          63   6.6125961505626988E-010
           1          64  -2.8222606160610460E-011
           1          65  -2.1145686920751727E-012
           1          66  -2.0985964186939733E-011
           1          67   1.4619870672085496E-010
           1          68   3.0395853115221283E-010
           1          69  -6.8265220261831816E-011
           2           1   117.04962128330710     
           2           2   385.45499910051558     
           2           3   744.89120986468026     
           2           4   129.43658285543989     
           2           5   49.512707916321759     
           2           6  -89.226831937946628     
           2           7   12.134313899974625     
           2           8  -2.9730266730164875E-010
           2           9  -5.8365007319868659E-010
           2          10   7.4641526404647801E-011
           2          11  -2.5651591915490080E-009
           2          12  -4.9709352602947594E-009
           2          13   6.1738036557464968E-010
           2          14  -7.4378336395112961E-009
           2          15  -1.5475128910516564E-008
           2          16   1.8666621912148747E-009
           2          17   6.8583348663369140E-009
           2          18   1.5916369674359904E-008
           2          19  -1.7539413550779351E-009
           2          20  -2.1375977399215502E-009
           2          21  -5.7374810484685262E-009
           2          22   5.5895206464981104E-010
           2          23  -1.1251867458825183E-010
           2          24  -1.7804402002664601E-011
           2          25   2.9354915933861315E-011
           2          26  -340.92137456088960     
           2          27   6.7452854558646873E-011
           2          28  -340.92137456084794     
           2          29   1.1796983708992593E-011
           2          30   5.5306945517913965E-011
           2          31  -340.92137456092155     
           2          32   134.23751537178316     
           2          33   1.2579583027322637E-010
           2          34   134.23751537183693     
           2          35   1.0206804343251229E-011
           2          36   1.0916210647952473E-010
           2          37   134.23751537175042     
           2          38  -55.674228342120905     
           2          39  -1.7195641681910686E-010
           2          40  -55.674228342200962     
           2          41  -2.2766638823367692E-011
           2          42  -1.5704005725826978E-010
           2          43  -55.674228342079218     
           2          44   25.156125397522736     
           2          45   5.5815315967613286E-011
           2          46   25.156125397538563     
           2          47   1.0402950683001282E-011
           2          48   5.7580999784539941E-011
           2          49   25.156125397505384     
           2          50   1.5141487915960208E-009
           2          51   1.4000186285159389E-009
           2          52   6.7474874559926223E-010
           2          53   3.1361317765921094E-009
           2          54  -1.6988761279524445E-010
           2          55   8.5994931591984984E-012
           2          56  -1.8478871929297391E-010
           2          57   6.8989938954114641E-010
           2          58   1.4012958578369257E-009
           2          59  -3.5268560859232956E-010
           2          60   1.3494253474269033E-009
           2          61   1.0210901559096828E-009
           2          62   6.0966842568048265E-010
           2          63   2.2548776654336290E-009
           2          64  -1.4845641242878059E-010
           2          65  -6.9458136927031979E-012
           2          66  -1.2463170739019976E-010
           2          67   5.9649322603058605E-010
           2          68   1.0356554093234268E-009
           2          69  -3.4916968246044229E-010
           3           1   225.04433988825201     
           3           2   744.89120986468026     
           3           3   1557.1981041366976     
           3           4   495.73464676583251     
           3           5   222.08737361977114     
           3           6  -321.42821367066426     
           3           7   48.932610053016361     
           3           8  -8.1568675132042273E-010
           3           9  -1.2245424288160184E-009
           3          10   1.7589115196281946E-010
           3          11  -6.6156423217461139E-009
           3          12  -1.0936464292737990E-008
           3          13   1.6407464849674220E-009
           3          14  -2.1441128347281233E-008
           3          15  -3.3793123984201145E-008
           3          16   5.1748178029339929E-009
           3          17   2.3171942639224861E-008
           3          18   3.4330863972344925E-008
           3          19  -5.1626238633873323E-009
           3          20  -8.8620147830564343E-009
           3          21  -1.2199062626113871E-008
           3          22   1.7953476399707573E-009
           3          23   1.6321194815672210E-010
           3          24  -9.7217036606571113E-011
           3          25   3.3630673273376793E-011
           3          26  -721.60696198112885     
           3          27   1.3774593315740703E-010
           3          28  -721.60696198104256     
           3          29   2.0654308182440907E-011
           3          30   1.1212128692463697E-010
           3          31  -721.60696198119263     
           3          32   192.15297921878178     
           3          33   2.5209889506746891E-010
           3          34   192.15297921887961     
           3          35   3.0328788022560613E-011
           3          36   2.2447537640321759E-010
           3          37   192.15297921870945     
           3          38  -133.76137398372219     
           3          39  -3.4639572030962334E-010
           3          40  -133.76137398387365     
           3          41  -5.4317156194401518E-011
           3          42  -3.2311373385447632E-010
           3          43  -133.76137398363088     
           3          44   100.96129316585147     
           3          45   1.1130001879984595E-010
           3          46   100.96129316588130     
           3          47   2.3258296380370824E-011
           3          48   1.1978796840873819E-010
           3          49   100.96129316581457     
           3          50   4.3122896671937924E-009
           3          51   3.0533778881332303E-009
           3          52   1.9207274159720630E-009
           3          53   6.8376779978365576E-009
           3          54  -4.6290145475174955E-010
           3          55   1.5420532205376377E-011
           3          56  -4.8980743454346065E-010
           3          57   1.9531700300325948E-009
           3          58   3.0532267968146057E-009
           3          59  -9.7828189580448394E-010
           3          60   2.7817112423592792E-009
           3          61   2.2944578355801406E-009
           3          62   1.2583414596131304E-009
           3          63   5.0761792199001254E-009
           3          64  -3.6918463247186476E-010
           3          65  -1.2401418739277741E-011
           3          66  -3.2520195980536980E-010
           3          67   1.2292343679065408E-009
           3          68   2.3251613962563521E-009
           3          69  -8.6196687891432982E-010
           4           1   38.008993214300176     
           4           2   129.43658285543989     
           4           3   495.73464676583251     
           4           4   2068.0061848308646     
           4           5  -542.98206603694587     
           4           6  -635.78738852957656     
           4           7  -7.6781038187884931     
           4           8  -5.8977686554996814E-011
           4           9  -1.8891485541438731E-010
           4          10  -2.4099862419674370E-010
           4          11   7.5681392889028978E-010
           4          12  -3.1449102301564282E-009
           4          13  -1.7124858990972143E-009
           4          14   1.6375878243565259E-009
           4          15  -1.0192362369166140E-008
           4          16  -5.0782329466675415E-009
           4          17   2.5210749662501418E-010
           4          18   1.0574892170256202E-008
           4          19   4.8274938504898252E-009
           4          20  -9.3225929838751151E-010
           4          21  -3.8992414605557204E-009
           4          22  -1.6178480448966748E-009
           4          23   2.8775046428608892E-010
           4          24   3.8922208423888978E-011
           4          25  -1.3573983040536697E-011
           4          26  -124.56195336930973     
           4          27   6.7298078804867886E-011
           4          28  -124.56195336939314     
           4          29  -3.0586694905539824E-012
           4          30   5.1730147375102910E-011
           4          31  -124.56195336937998     
           4          32   1.0280977429968261     
           4          33   1.3054144336964348E-010
           4          34   1.0280977429332179     
           4          35   3.5178297661044069E-011
           4          36   1.2455794083841947E-010
           4          37   1.0280977429148552     
           4          38  -415.30231158690998     
           4          39  -2.0647276065141027E-010
           4          40  -415.30231158676617     
           4          41  -4.6588328078708105E-011
           4          42  -1.9922139459858920E-010
           4          43  -415.30231158676895     
           4          44  -318.92571537321481     
           4          45   7.2399886713920900E-011
           4          46  -318.92571537325273     
           4          47   1.2094004229699290E-011
           4          48   9.5175268343268616E-011
           4          49  -318.92571537323636     
           4          50  -1.6764761912761938E-010
           4          51   8.7054902936902257E-010
           4          52  -1.2810713262411026E-010
           4          53   1.9727112275033685E-009
           4          54   4.6275440529973076E-010
           4          55  -1.5233998668627586E-011
           4          56   4.8295914215533536E-010
           4          57  -8.9949680176769666E-011
           4          58   8.5878130852847180E-010
           4          59   1.0119234917486317E-009
           4          60  -9.3138067452147038E-010
           4          61   6.6815753062890754E-010
           4          62  -3.7077599081226723E-010
           4          63   1.5194243040710499E-009
           4          64   3.8811042766802479E-010
           4          65   6.1294644435881880E-012
           4          66   3.6692254780120049E-010
           4          67  -4.0429844424286488E-010
           4          68   6.7270270476222023E-010
           4          69   9.0662725942723057E-010
           5           1   13.190943401246511     
           5           2   49.512707916321759     
           5           3   222.08737361977114     
           5           4  -542.98206603694587     
           5           5   590.47968788611524     
           5           6  -10.889757143670920     
           5           7   64.283326483349811     
           5           8  -4.6323650915467586E-010
           5           9  -2.6422380203609232E-010
           5          10   1.8199734267218989E-010
           5          11  -3.7806566270841140E-009
           5          12  -2.5171624507994109E-009
           5          13   1.6653070473343859E-009
           5          14  -1.4825992765188853E-008
           5          15  -7.2176001481642319E-009
           5          16   5.2141310309806254E-009
           5          17   1.8818342336031463E-008
           5          18   6.7441961925520488E-009
           5          19  -5.4847671901339002E-009
           5          20  -8.3527155127277742E-009
           5          21  -2.1230773436133762E-009
           5          22   2.0525419077834898E-009
           5          23   5.1221916637842971E-010
           5          24  -1.2218419380615805E-010
           5          25  -3.4693735243322592E-011
           5          26  -177.05789880849943     
           5          27  -6.2717639132850006E-012
           5          28  -177.05789880844679     
           5          29   1.0096912923609808E-011
           5          30   4.3954365075047395E-013
           5          31  -177.05789880848766     
           5          32  -107.43542733471674     
           5          33  -5.2786715009361835E-013
           5          34  -107.43542733464878     
           5          35  -8.2276854630573887E-012
           5          36  -3.6437365969517280E-012
           5          37  -107.43542733468320     
           5          38   150.97281236190159     
           5          39   2.1230817006148634E-011
           5          40   150.97281236178867     
           5          41   4.3692141232561608E-012
           5          42   1.6019401263530340E-011
           5          43   150.97281236185057     
           5          44   297.20205334762994     
           5          45  -1.3661841756444200E-011
           5          46   297.20205334765603     
           5          47   2.5479022906381946E-012
           5          48  -1.5064010079572431E-011
           5          49   297.20205334763023     
           5          50   2.8041020848791944E-009
           5          51   6.7700349081263668E-010
           5          52   1.2752547978130643E-009
           5          53   1.4998169968805995E-009
           5          54  -4.8351142166806196E-010
           5          55   8.3248310499155149E-012
           5          56  -4.9497437727585660E-010
           5          57   1.2661863446416566E-009
           5          58   6.7801967632633883E-010
           5          59  -1.0508886289385558E-009
           5          60   1.0581349707027594E-009
           5          61   5.7257700017005487E-010
           5          62   4.5545479154388345E-010
           5          63   1.2585612330965024E-009
           5          64  -3.1721113059674221E-010
           5          65  -3.2425873508484360E-012
           5          66  -3.0280644722640490E-010
           5          67   4.6154886430308905E-010
           5          68   5.8028627025005194E-010
           5          69  -7.4282316638776005E-010
           6           1  -25.851169414845046     
           6           2  -89.226831937946628     
           6           3  -321.42821367066426     
           6           4  -635.78738852957656     
           6           5  -10.889757143670920     
           6           6   266.79648225258984     
           6           7  -22.405294953904161     
           6           8  -4.8520248644955055E-011
           6           9   1.2045975055679532E-010
           6          10   7.8555513547898541E-010
           6          11  -9.2976828030543807E-010
           6          12   1.9049349607900660E-009
           6          13   6.9243362474735341E-009
           6          14  -4.8060278398314116E-010
           6          15   6.3796874177220364E-009
           6          16   2.1867064037131582E-008
           6          17  -2.8456459272451389E-009
           6          18  -6.5328871715533217E-009
           6          19  -2.1416910934202157E-008
           6          20   2.4786659250410360E-009
           6          21   2.3802112022382312E-009
           6          22   7.3714321401697524E-009
           6          23  -4.8640475276262180E-010
           6          24  -4.7080868704485750E-012
           6          25   1.2445003770404869E-010
           6          26   134.80618178218413     
           6          27  -8.2486810908806102E-012
           6          28   134.80618178227746     
           6          29  -5.4391684169854128E-011
           6          30  -4.5553805754610726E-011
           6          31   134.80618178225302     
           6          32   35.291136604735726     
           6          33  -9.1114663201965988E-011
           6          34   35.291136604597682     
           6          35   7.2980391136193274E-011
           6          36  -1.8042910289059683E-011
           6          37   35.291136604685633     
           6          38   112.72177380033118     
           6          39   1.0193009815755125E-010
           6          40   112.72177380039686     
           6          41  -2.9689339755828494E-011
           6          42   6.1375506771695614E-011
           6          43   112.72177380033254     
           6          44   13.064315065656801     
           6          45  -2.8882323215719470E-011
           6          46   13.064315065652170     
           6          47  -5.6912274670638740E-013
           6          48  -3.2961310372657508E-011
           6          49   13.064315065661328     
           6          50   1.5962639713678360E-010
           6          51  -5.1807254727823461E-010
           6          52   8.4854727482893739E-011
           6          53  -1.1638687966792583E-009
           6          54  -1.8651300844012792E-009
           6          55   2.5728264291390397E-012
           6          56  -1.8682211524624236E-009
           6          57   7.2179893145190889E-011
           6          58  -5.1373949202173222E-010
           6          59  -4.1742645727654603E-009
           6          60   1.1588805174596722E-009
           6          61  -4.4865444739978211E-010
           6          62   5.0628482904409607E-010
           6          63  -1.0038100976941837E-009
           6          64  -1.6565521065336286E-009
           6          65  -9.1985729097887339E-013
           6          66  -1.6546060772840634E-009
           6          67   5.1814177867084680E-010
           6          68  -4.5415429152018458E-010
           6          69  -3.7061356882584968E-009
           7           1   3.3872292385292679     
           7           2   12.134313899974625     
           7           3   48.932610053016361     
           7           4  -7.6781038187884931     
           7           5   64.283326483349811     
           7           6  -22.405294953904161     
           7           7   8.6875120917962398     
           7           8   3.3595936317359835E-011
           7           9  -3.8200119013173309E-011
           7          10  -1.0317125239687006E-010
           7          11   3.7020036700126464E-010
           7          12  -4.3323664975441024E-010
           7          13  -8.9155025237893832E-010
           7          14   9.9624319927138546E-010
           7          15  -1.4081006391014989E-009
           7          16  -2.8059133190788217E-009
           7          17  -8.5000678636182910E-010
           7          18   1.4757946278212328E-009
           7          19   2.7845109413065380E-009
           7          20   2.3242838140805487E-010
           7          21  -5.4657294912725395E-010
           7          22  -9.6980746946863167E-010
           7          23   2.5903148184919370E-011
           7          24   2.3011192552169459E-012
           7          25  -1.4186880789022996E-011
           7          26  -29.516725543262964     
           7          27   2.5151721279719005E-012
           7          28  -29.516725543266233     
           7          29   8.7064731677951975E-012
           7          30   9.6426738934225998E-012
           7          31  -29.516725543266343     
           7          32  -14.472431521927309     
           7          33   2.8477369553849805E-012
           7          34  -14.472431521906639     
           7          35  -1.2151007874301267E-011
           7          36  -8.9543182248655730E-012
           7          37  -14.472431521921049     
           7          38   7.2664767293638270     
           7          39  -3.2972240558037204E-012
           7          40   7.2664767293451575     
           7          41   5.9394098432258039E-012
           7          42   2.5717036907069079E-012
           7          43   7.2664767293589820     
           7          44   30.873986597773850     
           7          45   4.9997746832503254E-013
           7          46   30.873986597777169     
           7          47  -6.2156779951289577E-014
           7          48   2.8589577487564973E-013
           7          49   30.873986597773435     
           7          50  -2.1308846741688022E-010
           7          51   1.2244390660123559E-010
           7          52  -9.4089122437939859E-011
           7          53   2.7271608667718696E-010
           7          54   2.4275252666196890E-010
           7          55   6.8215281939024717E-013
           7          56   2.4177964240554448E-010
           7          57  -9.4063648983786655E-011
           7          58   1.2220601796450141E-010
           7          59   5.4633863708201393E-010
           7          60  -2.0203569454835252E-010
           7          61   9.1302895379427910E-011
           7          62  -9.1309423101549709E-011
           7          63   2.0189109138055137E-010
           7          64   2.0590750262889729E-010
           7          65  -2.6936052210861791E-013
           7          66   2.0728072420301865E-010
           7          67  -9.1590809122398302E-011
           7          68   9.2558778445013625E-011
           7          69   4.5699282006602032E-010
           8           1  -6.2098206603185152E-011
           8           2  -2.9730266730164875E-010
           8           3  -8.1568675132042273E-010
           8           4  -5.8977686554996814E-011
           8           5  -4.6323650915467586E-010
           8           6  -4.8520248644955055E-011
           8           7   3.3595936317359835E-011
           8           8   5.4940557582091634     
           8           9   1.3270573875893811E-011
           8          10   3.7829184229543808E-012
           8          11   45.280617485075290     
           8          12  -1.1328867358107141E-010
           8          13   8.2323658306958671E-011
           8          14   135.95042205052715     
           8          15  -5.5378898689000134E-010
           8          16   2.6472951608629410E-010
           8          17  -139.03156869891151     
           8          18   5.4783894087856122E-010
           8          19  -2.2875934480030937E-010
           8          20   49.676527596956923     
           8          21  -2.0745338086267928E-010
           8          22   4.0433323356150027E-011
           8          23  0.24494159624698766     
           8          24   2.6045981560767803E-011
           8          25   2.2799764680386059E-011
           8          26   4.2530767692000365E-010
           8          27  -9.7376043316306048E-012
           8          28   4.3737632203381765E-010
           8          29  -8.4089359495122522E-012
           8          30   7.5351273522935914E-012
           8          31   4.2447054742905535E-010
           8          32   8.0671477436960573E-011
           8          33  -5.2537146860584533E-012
           8          34   2.9677388581931577E-011
           8          35  -1.1580615056064266E-011
           8          36   9.2198885604350581E-012
           8          37  -7.4095392835532203E-012
           8          38  -4.5410710350058633E-014
           8          39  -1.8590035997824775E-012
           8          40   8.6884432728849583E-011
           8          41   1.8540535630642822E-011
           8          42   7.0446088177599469E-013
           8          43   5.1151720946463892E-011
           8          44  -1.6970672298034237E-010
           8          45  -1.2310050661334674E-011
           8          46  -2.3034823046341577E-010
           8          47   1.6829108758798092E-012
           8          48   2.4213711189877585E-012
           8          49  -1.6797239479184626E-010
           8          50  -28.771291882862108     
           8          51   3.4994876788046023E-011
           8          52  -12.866912890066322     
           8          53   7.0305823662854127E-011
           8          54  -1.3947360627539285E-011
           8          55  -2.1513178754788878E-011
           8          56  -5.1400290274054111E-011
           8          57  -12.866912890136213     
           8          58  -1.1966374072179529E-011
           8          59  -3.9155859110625084E-011
           8          60  -19.753711206073202     
           8          61   4.4829331219398772E-011
           8          62  -8.8341282130105210     
           8          63   1.1606249294968888E-010
           8          64  -1.3280529453933452E-011
           8          65  -1.9861633109250764E-012
           8          66  -1.2706724561454922E-011
           8          67  -8.8341282129448082     
           8          68   4.7080561671446363E-011
           8          69  -5.9743238134416979E-011
           9           1  -1.7355211944918983E-010
           9           2  -5.8365007319868659E-010
           9           3  -1.2245424288160184E-009
           9           4  -1.8891485541438731E-010
           9           5  -2.6422380203609232E-010
           9           6   1.2045975055679532E-010
           9           7  -3.8200119013173309E-011
           9           8   1.3270573875893811E-011
           9           9   5.4940557581407052     
           9          10   9.9460994995610602E-012
           9          11   1.6775328869067193E-010
           9          12   45.280617484607987     
           9          13   1.8187687467198602E-011
           9          14   5.9695512422137848E-010
           9          15   135.95042204875088     
           9          16   6.5117355951764568E-011
           9          17  -7.6920031455435536E-010
           9          18  -139.03156869690341     
           9          19   2.2223223261677509E-011
           9          20   3.3915938807418402E-010
           9          21   49.676527596121701     
           9          22  -5.9899862847633848E-011
           9          23  -3.4967819221783702E-011
           9          24  0.24494159625066345     
           9          25   2.5477957417427657E-011
           9          26   5.8387748316997965E-010
           9          27   1.0668657615005998E-011
           9          28   5.8218199509619784E-010
           9          29  -2.1850477696131827E-011
           9          30   8.9984546102647049E-012
           9          31   5.9877235177128477E-010
           9          32  -1.4731851401662832E-010
           9          33  -2.9302604954888861E-012
           9          34  -1.3101089896193033E-010
           9          35  -5.5102312508051730E-012
           9          36   8.4537908038347073E-012
           9          37  -1.2136744232638862E-010
           9          38   8.5395450829707527E-011
           9          39   4.3971336432674134E-012
           9          40   4.0404437315840337E-011
           9          41   2.8524804748909665E-011
           9          42  -4.6158468168834318E-012
           9          43   5.7653752331996290E-011
           9          44  -1.1278095870102627E-010
           9          45   2.2395730624916308E-011
           9          46  -7.7494613845891492E-011
           9          47  -2.0889463569469196E-011
           9          48  -7.1465903166513157E-012
           9          49  -1.1045463523872951E-010
           9          50  -1.0521228679949673E-010
           9          51  -12.866912889974582     
           9          52  -6.4361124069140461E-011
           9          53  -28.771291882544144     
           9          54  -8.8897916805700190E-012
           9          55  -1.7734825256088170E-011
           9          56  -3.1765493013862887E-012
           9          57  -6.9147387468651428E-011
           9          58  -12.866912889958767     
           9          59   5.7984173018085651E-013
           9          60  -4.6861993452403586E-011
           9          61  -8.8341282128548198     
           9          62  -1.5944204290204129E-011
           9          63  -19.753711205904857     
           9          64  -3.6146793891406369E-011
           9          65   2.3848956263622069E-011
           9          66  -1.1936923671719811E-011
           9          67  -9.3352617303166914E-012
           9          68  -8.8341282128564895     
           9          69  -2.9404256807176947E-011
          10           1   1.3853145542559586E-011
          10           2   7.4641526404647801E-011
          10           3   1.7589115196281946E-010
          10           4  -2.4099862419674370E-010
          10           5   1.8199734267218989E-010
          10           6   7.8555513547898541E-010
          10           7  -1.0317125239687006E-010
          10           8   3.7829184229543808E-012
          10           9   9.9460994995610602E-012
          10          10   5.4940557581282086     
          10          11  -1.7000654356503673E-011
          10          12   1.7497659571264025E-010
          10          13   45.280617484563251     
          10          14  -8.4352413942646614E-011
          10          15   5.8818883097441749E-010
          10          16   135.95042204859001     
          10          17   1.3847645252694082E-010
          10          18  -6.3872418465391401E-010
          10          19  -139.03156869681058     
          10          20  -6.9362071641869466E-011
          10          21   2.4745783200329800E-010
          10          22   49.676527596121645     
          10          23   7.4448927925298961E-012
          10          24   5.9311696179444497E-012
          10          25  0.24494159625693279     
          10          26  -1.7577698413593023E-010
          10          27  -4.5803867026287014E-012
          10          28  -1.5887004548594455E-010
          10          29   1.0607987618769307E-011
          10          30   8.5776463596925204E-014
          10          31  -1.6479510908305444E-010
          10          32  -4.5215675747990028E-011
          10          33   3.5682819221726132E-012
          10          34  -3.5484981067510581E-011
          10          35  -1.2738239247847963E-011
          10          36   5.1920393940190114E-012
          10          37  -3.7767300746885875E-011
          10          38  -3.4812787637852957E-012
          10          39  -1.2242406758187604E-011
          10          40  -1.5200514957427003E-012
          10          41  -3.5171392440971762E-012
          10          42  -1.9464502976898272E-011
          10          43  -3.2765079371061994E-011
          10          44  -1.1429284063537486E-010
          10          45   1.0620164934062226E-012
          10          46  -1.3003321827171459E-010
          10          47   1.6334714330875448E-011
          10          48   1.3640826411244951E-011
          10          49  -9.8386748155735458E-011
          10          50  -4.6267156772542179E-013
          10          51  -5.2993727461816056E-011
          10          52   3.1749394779949543E-012
          10          53  -1.0483372503422624E-010
          10          54  -12.866912889956456     
          10          55   1.1922231852477626E-011
          10          56  -12.866912889961556     
          10          57   1.3768423900997560E-011
          10          58  -5.6721301266998289E-011
          10          59  -28.771291882519780     
          10          60   4.4721171210624839E-012
          10          61  -3.2528299498397887E-011
          10          62   9.6744973143658497E-012
          10          63  -7.8753226162567383E-011
          10          64  -8.8341282128178253     
          10          65  -6.8250636029015913E-012
          10          66  -8.8341282128329137     
          10          67  -1.4424475502931773E-011
          10          68  -3.0116450999699160E-011
          10          69  -19.753711205858430     
          11           1  -5.5255969125954344E-010
          11           2  -2.5651591915490080E-009
          11           3  -6.6156423217461139E-009
          11           4   7.5681392889028978E-010
          11           5  -3.7806566270841140E-009
          11           6  -9.2976828030543807E-010
          11           7   3.7020036700126464E-010
          11           8   45.280617485075290     
          11           9   1.6775328869067193E-010
          11          10  -1.7000654356503673E-011
          11          11   383.85718082229135     
          11          12  -5.5421861544502463E-010
          11          13   3.1070304662428276E-010
          11          14   1180.5296706555332     
          11          15  -3.3169039459490480E-009
          11          16   1.0962212804166638E-009
          11          17  -1206.6478552027352     
          11          18   2.9562071263144756E-009
          11          19  -8.3595791400272468E-010
          11          20   432.85985661935621     
          11          21  -1.0418183607474505E-009
          11          22  -2.9171137727590592E-011
          11          23   1.5612273256292535     
          11          24   1.9745468552313204E-010
          11          25   1.8549536733025439E-010
          11          26   3.4670647196900829E-009
          11          27  -6.1215740257529442E-011
          11          28   3.5759049284702637E-009
          11          29  -7.4281795662381377E-011
          11          30   1.0579065886239900E-010
          11          31   3.4613891849605685E-009
          11          32   4.9964638417051192E-010
          11          33   3.6535788428795618E-012
          11          34   3.3360065940641113E-011
          11          35  -1.0326873002079834E-010
          11          36   1.2690268686051778E-010
          11          37  -2.9114066643366743E-010
          11          38  -1.9640853790398032E-010
          11          39  -8.2802217479973613E-011
          11          40   5.7995037824111136E-010
          11          41   1.6540639931407898E-010
          11          42  -6.1441023242170268E-011
          11          43   2.6942800065197823E-010
          11          44  -1.4342985355011698E-009
          11          45  -8.9221991410323688E-011
          11          46  -1.9680287314479857E-009
          11          47   1.3743712517328395E-011
          11          48   4.1486432373259059E-011
          11          49  -1.4207715617464878E-009
          11          50  -242.06307568386381     
          11          51   1.7120454273017656E-010
          11          52  -108.25389841394104     
          11          53   3.1185024354507602E-010
          11          54  -1.0238820208340172E-011
          11          55  -1.9038194237142094E-010
          11          56  -3.4177807459178853E-010
          11          57  -108.25389841455505     
          11          58  -2.5214771676856350E-010
          11          59  -9.2873458923390860E-011
          11          60  -175.32664539277704     
          11          61   3.2920996484441874E-010
          11          62  -78.408459473710820     
          11          63   8.7748874832981517E-010
          11          64  -1.9054965938460456E-011
          11          65  -1.8876983678659901E-011
          11          66  -1.9931389871892529E-011
          11          67  -78.408459473126882     
          11          68   3.5002310772024597E-010
          11          69  -3.1389221777367714E-010
          12           1  -1.4605115609972546E-009
          12           2  -4.9709352602947594E-009
          12           3  -1.0936464292737990E-008
          12           4  -3.1449102301564282E-009
          12           5  -2.5171624507994109E-009
          12           6   1.9049349607900660E-009
          12           7  -4.3323664975441024E-010
          12           8  -1.1328867358107141E-010
          12           9   45.280617484607987     
          12          10   1.7497659571264025E-010
          12          11  -5.5421861544502463E-010
          12          12   383.85718081941161     
          12          13   9.2192298239979250E-010
          12          14  -2.2813388678155401E-009
          12          15   1180.5296706448635     
          12          16   2.9312891003385529E-009
          12          17   2.6254457358154483E-009
          12          18  -1206.6478551916534     
          12          19  -2.2551449596619279E-009
          12          20  -1.1256312201779394E-009
          12          21   432.85985661502997     
          12          22   3.7533282037925935E-010
          12          23  -6.9406387755155138E-011
          12          24   1.5612273254509950     
          12          25   2.1669300034888056E-010
