           1           1   2.4039661098163689     
           1           2  -1.0946492808672974     
           1           3  0.18622251082672336     
           1           4 -0.10056772701446261     
           1           5  0.17312795888092214     
           1           6  -9.0797996499181036E-002
           1           7   1.3284659339896894E-002
           1           8   8.1573235388403079E-011
           1           9  -2.5133659154529378E-011
           1          10   2.6470248896058610E-012
           1          11  -1.7762300988452943E-010
           1          12   7.2051942510930526E-011
           1          13  -6.4035038594145167E-012
           1          14   3.9687931291459659E-010
           1          15  -1.1172025914488690E-010
           1          16   8.9014410876454254E-012
           1          17   1.1673967199566182E-010
           1          18  -2.8067317700730238E-011
           1          19   5.7531351928087146E-012
           1          20   3.5257949524356112E-011
           1          21   1.1389597695476391E-011
           1          22  -2.7275473813463406E-013
           1          23  -6.6493246895309891E-011
           1          24   1.1674425830757318E-011
           1          25  -3.1030848476649916E-012
           1          26  -9.5995282403594263E-003
           1          27  -1.3652025438164951E-009
           1          28  -9.5995356715267120E-003
           1          29   9.9226715596322086E-007
           1          30  -1.5371195162857913E-007
           1          31  -9.5030656308774941E-003
           1          32   5.9930295291730808E-003
           1          33  -1.1575882576373717E-010
           1          34   5.9930289157073754E-003
           1          35   7.8850513537712638E-008
           1          36  -1.2105479877303637E-008
           1          37   6.0007086686799226E-003
           1          38   3.1789534383495792E-002
           1          39   3.9052077136548387E-009
           1          40   3.1789555817881565E-002
           1          41  -2.8473444708459369E-006
           1          42   4.4102979690396322E-007
           1          43   3.1512728010756691E-002
           1          44   3.3370313214820119E-002
           1          45  -1.0993573737446773E-009
           1          46   3.3370307194087408E-002
           1          47   7.9959464395693016E-007
           1          48  -1.2380127110478114E-007
           1          49   3.3448052473574089E-002
           1          50  -2.7981738078260254E-012
           1          51   2.8443152211600695E-012
           1          52   3.3891573780465803E-012
           1          53  -4.2824029788211969E-012
           1          54   3.0053788349394202E-013
           1          55  -1.8257520612273149E-013
           1          56  -1.0271601534258048E-012
           1          57  -3.3315698603885997E-012
           1          58   5.0706390921945191E-012
           1          59  -2.2134011794354254E-013
           1          60   6.3991496591044369E-011
           1          61  -1.1701128644071817E-011
           1          62   2.9622526464320364E-011
           1          63  -2.8806870963474194E-011
           1          64   2.9620221986535895E-012
           1          65  -2.2345134712073118E-012
           1          66   1.8805414255006713E-012
           1          67   2.0333723942489176E-011
           1          68  -9.2485741967304196E-012
           1          69   4.0694104458047814E-012
           2           1  -1.0946492808672974     
           2           2   3.0156733295054523     
           2           3 -0.65947246171041174     
           2           4  0.41529987165395926     
           2           5 -0.61821844477940402     
           2           6  0.12391753348882326     
           2           7   6.5742057502600162E-002
           2           8  -3.0343685214187342E-010
           2           9   7.7627072995743501E-011
           2          10  -1.1827567907821033E-011
           2          11   6.3688766069349001E-010
           2          12  -3.0341676405365599E-010
           2          13   3.2206447674238435E-011
           2          14  -1.5231723125652504E-009
           2          15   4.1229357952033244E-010
           2          16  -2.4999753611374649E-011
           2          17  -5.2371951900983850E-010
           2          18   1.2243755211617669E-010
           2          19  -2.4720448324603101E-011
           2          20   3.0913066445477136E-010
           2          21  -1.2299909208475273E-010
           2          22   1.5294217096170988E-011
           2          23  -4.6390410225203653E-010
           2          24   8.8478942782231499E-011
           2          25  -1.1186691959676472E-011
           2          26   3.4583391231196345E-002
           2          27   4.9764188024417980E-009
           2          28   3.4583418290523367E-002
           2          29  -3.6144584851989684E-006
           2          30   5.5992846585343710E-007
           2          31   3.4232015390747356E-002
           2          32  -1.7205981910573223E-002
           2          33   2.4579868963762285E-010
           2          34  -1.7205980618977101E-002
           2          35  -1.6025244946486662E-007
           2          36   2.4435225120636202E-008
           2          37  -1.7221609972100316E-002
           2          38 -0.10764568401878485     
           2          39  -1.4777502759879898E-008
           2          40 -0.10764576512983309     
           2          41   1.0774668438499742E-005
           2          42  -1.6689029906434190E-006
           2          43 -0.10659821752634907     
           2          44  -8.3616416981799335E-002
           2          45   4.3291782498608889E-009
           2          46  -8.3616393266068539E-002
           2          47  -3.1495651844681092E-006
           2          48   4.8765864953527531E-007
           2          49  -8.3922626831517980E-002
           2          50   2.1368750694769264E-011
           2          51  -5.2008263626865006E-012
           2          52  -9.2029691339316751E-012
           2          53   3.0573726451774459E-011
           2          54  -3.7483537816618223E-012
           2          55   4.5682380090069855E-013
           2          56   2.1147009715747727E-012
           2          57   1.8115674603240165E-011
           2          58  -1.4285480661771790E-011
           2          59  -4.4521184390133602E-012
           2          60  -2.1257889254113417E-010
           2          61   4.4940880633153405E-011
           2          62  -9.9005028715131775E-011
           2          63   1.0917949052240842E-010
           2          64  -1.2654919583126865E-011
           2          65   8.1506329555477106E-012
           2          66  -7.7099728994905268E-012
           2          67  -6.3580481079010316E-011
           2          68   3.5130947511153148E-011
           2          69  -1.8236120648400428E-011
           3           1  0.18622251082672336     
           3           2 -0.65947246171041174     
           3           3   1.2930271178013535     
           3           4 -0.11450084915462069     
           3           5   6.7603849464156929E-002
           3           6  -1.9116064988054844     
           3           7  0.90954584298862107     
           3           8   3.8428724461338690E-010
           3           9  -2.1143551873594984E-010
           3          10  -2.0104051887579670E-012
           3          11  -7.9474040325852428E-010
           3          12   3.0415368093372167E-010
           3          13  -7.9823060769491916E-012
           3          14   1.6328336381729678E-009
           3          15  -4.6802021203610105E-010
           3          16   2.1853424288660262E-011
           3          17  -2.1104961414500487E-011
           3          18  -3.2400601960927902E-011
           3          19   8.4200175849519777E-012
           3          20   3.2785286299689668E-009
           3          21  -5.0071401831082909E-010
           3          22   9.8521953917526399E-011
           3          23  -5.0842498708009790E-009
           3          24   9.2571359930415355E-010
           3          25  -1.6642174893869775E-010
           3          26  -9.8018265797215655E-003
           3          27  -1.2618357725439706E-008
           3          28  -9.8018946084447479E-003
           3          29   9.1065251613614248E-006
           3          30  -1.4094353501886077E-006
           3          31  -8.9163909206609743E-003
           3          32   6.3666202270998021E-002
           3          33  -2.9038880862244445E-009
           3          34   6.3666186718702694E-002
           3          35   2.0686082676517186E-006
           3          36  -3.1948756518715380E-007
           3          37   6.3867419253867075E-002
           3          38  0.20973119484592148     
           3          39   1.7888637579136158E-008
           3          40  0.20973129301286483     
           3          41  -1.3041279797064765E-005
           3          42   2.0199767653548852E-006
           3          43  0.20846337744655108     
           3          44  0.41856782870821896     
           3          45  -3.8169203718717090E-009
           3          46  0.41856780786234482     
           3          47   2.7691180857145063E-006
           3          48  -4.2864500881628725E-007
           3          49  0.41883706365408724     
           3          50   1.2028587045086566E-012
           3          51  -6.2004230519839350E-012
           3          52   2.3954605904925368E-011
           3          53  -6.7390167268899097E-011
           3          54   5.3822427953610830E-012
           3          55   3.4298053236387738E-013
           3          56  -2.4366202266952016E-012
           3          57  -1.2562855920244739E-011
           3          58   2.7101601446543129E-012
           3          59   5.5977926526711827E-012
           3          60   4.9502552208042706E-010
           3          61  -6.9181601043706621E-011
           3          62   2.2654771305822654E-010
           3          63  -1.6293667348929669E-010
           3          64   1.9333601570739159E-011
           3          65  -9.6325491465842058E-012
           3          66   1.2219313191832564E-011
           3          67   1.8350191204313137E-010
           3          68  -5.5354212697335664E-011
           3          69   3.0925820072015489E-011
           4           1 -0.10056772701446261     
           4           2  0.41529987165395926     
           4           3 -0.11450084915462069     
           4           4   2.1102851993183425     
           4           5 -0.21234919304222788     
           4           6  -1.6810257480401440     
           4           7   1.4360435166992311     
           4           8  -2.2201903274228985E-009
           4           9   9.5894758470811069E-010
           4          10  -1.2057867818463233E-010
           4          11   5.8368953825575908E-009
           4          12  -1.9255605256719137E-009
           4          13   2.9299749068135126E-010
           4          14  -1.0361675462607522E-008
           4          15   2.3496571823261417E-009
           4          16  -3.1029156851001811E-010
           4          17  -4.1064615111680446E-009
           4          18   9.2671252327404565E-010
           4          19  -1.8083911901556276E-010
           4          20   5.7399413980961793E-009
           4          21  -1.4809893166901941E-009
           4          22   2.2224894050076368E-010
           4          23  -9.1546540066386162E-009
           4          24   1.7184128425645820E-009
           4          25  -2.7157605053966994E-010
           4          26   6.6145315249464029E-002
           4          27   3.4779835491025446E-011
           4          28   6.6145320838955801E-002
           4          29  -5.4581942456650630E-007
           4          30   9.1011880603305870E-008
           4          31   6.6093052580910278E-002
           4          32  0.16743835889234224     
           4          33   7.0011066551898215E-009
           4          34  0.16743839557560319     
           4          35  -4.8435940748990060E-006
           4          36   7.4882755275227561E-007
           4          37  0.16696731103087428     
           4          38 -0.26811426392702420     
           4          39  -1.0375417082850485E-007
           4          40 -0.26811483299142419     
           4          41   7.5609898917336970E-005
           4          42  -1.1711316604012140E-005
           4          43 -0.26076379898218865     
           4          44   8.3107586214898388E-002
           4          45   3.1747387839314784E-008
           4          46   8.3107760130001485E-002
           4          47  -2.3099788143371743E-005
           4          48   3.5768230420378820E-006
           4          49   8.0861782911908819E-002
           4          50  -3.1863477581979212E-010
           4          51   3.0494925153605490E-011
           4          52  -1.2607799917802690E-010
           4          53   1.3778610276912753E-010
           4          54   1.6931710530728056E-011
           4          55   2.5916903671481577E-011
           4          56  -4.9666044820351441E-011
           4          57  -1.5250710574502845E-010
           4          58   6.0424427142628762E-011
           4          59   3.8474262387368771E-013
           4          60  -1.5326686476110249E-009
           4          61   3.1857857675949486E-010
           4          62  -7.0063202956692859E-010
           4          63   9.1354443951584536E-010
           4          64  -3.7365174636845916E-011
           4          65   9.2138468039987267E-011
           4          66  -9.0923366773984096E-011
           4          67  -4.9919534362835705E-010
           4          68   3.0780715183918575E-010
           4          69  -5.5890461635907990E-011
           5           1  0.17312795888092214     
           5           2 -0.61821844477940402     
           5           3   6.7603849464156929E-002
           5           4 -0.21234919304222788     
           5           5   1.0753640013126586     
           5           6  0.13187237797506776     
           5           7 -0.14808700607489875     
           5           8  -5.1485977453361931E-011
           5           9  -1.6660777672469943E-011
           5          10  -1.8642772561379785E-011
           5          11   2.6585018828851837E-010
           5          12  -1.5518420004093042E-010
           5          13   3.5353194209436917E-011
           5          14   1.3305824130691876E-010
           5          15  -1.2026563098285992E-010
           5          16  -2.1776672758877013E-011
           5          17   1.3494290812179712E-010
           5          18  -3.1637499059282668E-011
           5          19   5.7952276834815408E-012
           5          20  -4.6326137327970450E-010
           5          21   8.8229360766615024E-011
           5          22  -1.4796227504687423E-011
           5          23   5.2831142324330779E-010
           5          24  -8.1022856739752626E-011
           5          25   1.4848254368073216E-011
           5          26  -1.4890804602275067E-002
           5          27  -1.0987667884624809E-008
           5          28  -1.4890862953484714E-002
           5          29   7.8439069733841821E-006
           5          30  -1.2131675942130765E-006
           5          31  -1.4128028906841108E-002
           5          32   1.1356452219134255E-002
           5          33  -1.3543532806208906E-009
           5          34   1.1356444877918731E-002
           5          35   9.8007362626541691E-007
           5          36  -1.5126885458210063E-007
           5          37   1.1451798680799805E-002
           5          38   3.7622927896372928E-002
           5          39   1.4851265434172576E-009
           5          40   3.7622936079647590E-002
           5          41  -1.0859373159525802E-006
           5          42   1.6816053343623872E-007
           5          43   3.7517352271742868E-002
           5          44   8.6946465774224539E-003
           5          45  -7.0622181526811631E-010
           5          46   8.6946427076174410E-003
           5          47   5.1414892465626831E-007
           5          48  -7.9594827211775575E-008
           5          49   8.7446353277751254E-003
           5          50  -4.4412803042503946E-011
           5          51  -1.2713041520089031E-012
           5          52   5.1004440789121030E-012
           5          53  -4.3832641876504654E-011
           5          54   7.7856199617193653E-012
           5          55   4.3414407932960172E-012
           5          56  -9.8887148522339165E-012
           5          57  -3.3734101529260728E-011
           5          58   1.1938069560147005E-011
           5          59   5.5094084282090891E-012
           5          60  -1.1156726880973057E-011
           5          61   2.1198067592718915E-013
           5          62  -2.1160286803171645E-012
           5          63   2.3536861038956431E-011
           5          64   9.4745359971646238E-012
           5          65   4.9086452832256260E-012
           5          66  -5.9786184753824125E-012
           5          67  -1.2505286659976030E-011
           5          68   1.1884429593111327E-011
           5          69   1.3501983606064145E-011
           6           1  -9.0797996499181036E-002
           6           2  0.12391753348882326     
           6           3  -1.9116064988054844     
           6           4  -1.6810257480401440     
           6           5  0.13187237797506776     
           6           6   19.019810153138931     
           6           7  -9.7513385476339103     
           6           8  -2.7113646613154373E-009
           6           9   1.0049015069783851E-009
           6          10  -6.6218571667676474E-011
           6          11   6.6616700426855316E-009
           6          12  -2.4797173696290544E-009
           6          13   1.7431257672191550E-010
           6          14  -7.1464152343114956E-009
           6          15   1.6421103274441772E-009
           6          16  -2.2485276446404783E-010
           6          17   3.5781112458105702E-009
           6          18  -5.3602361507225655E-010
           6          19   7.7760786756803284E-011
           6          20  -3.4721308611493753E-008
           6          21   5.8738041770046046E-009
           6          22  -1.0822791435920132E-009
           6          23   5.2504551693699084E-008
           6          24  -9.7631526544888521E-009
           6          25   1.6991632263775115E-009
           6          26  -5.5154552241636220E-002
           6          27   6.5699465982406296E-009
           6          28  -5.5154511829937490E-002
           6          29  -5.2312638615855254E-006
           6          30   8.1384452604585624E-007
           6          31  -5.5662672588886131E-002
           6          32 -0.41438213977245747     
           6          33   7.1965040694279685E-009
           6          34 -0.41438210156809996     
           6          35  -5.0607958461847644E-006
           6          36   7.8170495730933733E-007
           6          37 -0.41487439742472976     
           6          38  -1.3787286981031599     
           6          39  -8.3044807306989147E-008
           6          40  -1.3787291537169184     
           6          41   6.0531159222338392E-005
           6          42  -9.3760929276819540E-006
           6          43  -1.3728441639739266     
           6          44  -3.8296260507924775     
           6          45   9.3054263009310148E-009
           6          46  -3.8296260003498848     
           6          47  -6.7009040122981423E-006
           6          48   1.0366324956407999E-006
           6          49  -3.8302776412736397     
           6          50  -2.3574018187292703E-010
           6          51   2.2864379410855893E-011
           6          52  -9.5266239457972932E-011
           6          53   1.1066551115989915E-010
           6          54   1.2187470544387976E-011
           6          55   2.0565843445295461E-011
           6          56  -3.9726769200346534E-011
           6          57  -1.1024735219508666E-010
           6          58   4.5898937947417478E-011
           6          59  -2.2172595447909799E-012
           6          60  -3.4694301097592631E-009
           6          61   4.2710083497763898E-010
           6          62  -1.5623395880056914E-009
           6          63   1.1181417771155344E-009
           6          64  -5.9552332797898722E-011
           6          65   7.5250148475331591E-011
           6          66  -1.0519553926794584E-010
           6          67  -1.3954536891308957E-009
           6          68   4.1725605674179243E-010
           6          69  -1.1058209599581142E-010
           7           1   1.3284659339896894E-002
           7           2   6.5742057502600162E-002
           7           3  0.90954584298862107     
           7           4   1.4360435166992311     
           7           5 -0.14808700607489875     
           7           6  -9.7513385476339103     
           7           7   5.1683553507318365     
           7           8   5.6124939245276161E-010
           7           9  -2.1775320974975752E-010
           7          10   1.1218732157541127E-011
           7          11  -1.4829137961470247E-009
           7          12   6.0263650128227762E-010
           7          13  -3.3177553186152536E-011
           7          14   4.2763113266125796E-010
           7          15  -1.0848968145692680E-010
           7          16   1.1952031948921106E-011
           7          17  -1.8690516516063252E-009
           7          18   3.4300700931084218E-010
           7          19  -5.6766567043651940E-011
           7          20   1.5225309340873105E-008
           7          21  -2.7013141690860145E-009
           7          22   4.8411791141864947E-010
           7          23  -1.7759998382161778E-008
           7          24   3.4043210314079155E-009
           7          25  -5.6970933285169369E-010
           7          26   4.6274927908545413E-002
           7          27   2.0737227899642438E-009
           7          28   4.6274939641292132E-002
           7          29  -1.5516540643065649E-006
           7          30   2.4112722210931254E-007
           7          31   4.6124180463554744E-002
           7          32  0.25360084948254946     
           7          33   5.4320633938527004E-010
           7          34  0.25360085293195356     
           7          35  -4.4970247205173431E-007
           7          36   7.0545512130440353E-008
           7          37  0.25355724151651277     
           7          38  0.59361402819737430     
           7          39   9.5424349813758846E-009
           7          40  0.59361408056854192     
           7          41  -6.9566788395267467E-006
           7          42   1.0776735456540921E-006
           7          43  0.59293774763231355     
           7          44   1.8884311214919007     
           7          45   4.9463887238965282E-009
           7          46   1.8884311488639416     
           7          47  -3.6348423823003961E-006
           7          48   5.6330304783172040E-007
           7          49   1.8880777938385542     
           7          50   1.1350908276296832E-011
           7          51  -1.5142272048325888E-012
           7          52   4.3849421455071638E-012
           7          53  -1.0821880250083199E-011
           7          54  -1.7237543620724903E-012
           7          55  -2.3232330584985458E-012
           7          56   4.2487445924427395E-012
           7          57   4.9969231528683133E-012
           7          58  -4.0986425336690756E-012
           7          59  -2.0447111904738441E-013
           7          60   9.7892812176744524E-010
           7          61  -9.3062741089682947E-011
           7          62   4.3850788867984712E-010
           7          63  -2.2856694429376493E-010
           7          64   1.4822250305075526E-011
           7          65  -9.5392169008771835E-012
           7          66   2.1575072111869541E-011
           7          67   4.1704339404784694E-010
           7          68  -9.1710937334677228E-011
           7          69   3.0532619952300808E-011
           8           1   8.1573235388403079E-011
           8           2  -3.0343685214187342E-010
           8           3   3.8428724461338690E-010
           8           4  -2.2201903274228985E-009
           8           5  -5.1485977453361931E-011
           8           6  -2.7113646613154373E-009
           8           7   5.6124939245276161E-010
           8           8   2.2547493419063604     
           8           9  -2.9686561178609064E-009
           8          10   2.1092818897856151E-006
           8          11 -0.72345248395961903     
           8          12   8.3229994725148059E-009
           8          13  -5.9222154323365650E-006
           8          14  -6.0713739845049478E-002
           8          15  -5.2686810448090338E-009
           8          16   3.6334545213793807E-006
           8          17  -2.7172152963235692E-003
           8          18  -4.3289562451450333E-009
           8          19   3.1522241436687936E-006
           8          20   4.0403383760192026E-005
           8          21  -4.9010144826843598E-010
           8          22   3.5100330821249064E-007
           8          23   4.5465927631861587E-003
           8          24   3.2670688858423245E-009
           8          25  -2.3506426217050384E-006
           8          26  -3.3672138240212950E-010
           8          27  -1.3609564116277871E-010
           8          28   1.4876553797283031E-010
           8          29   6.1420797612742874E-011
           8          30   1.2123773518639996E-010
           8          31   1.2363603297666516E-010
           8          32  -3.8700316385720784E-010
           8          33   7.1911941195129027E-011
           8          34  -1.8941642164087529E-010
           8          35  -2.0118562224366710E-011
           8          36  -7.0279754907318208E-011
           8          37  -1.6831511764752379E-010
           8          38   6.1427075099251905E-010
           8          39  -8.0214059954822618E-012
           8          40   6.2618048955872697E-010
           8          41   2.8178312841919531E-011
           8          42   3.5498764458030065E-011
           8          43   6.1437569342640640E-010
           8          44   9.1916488603097135E-010
           8          45  -1.4329053804630650E-011
           8          46   8.7458410264292670E-010
           8          47  -2.9131426177504975E-011
           8          48  -1.3124180254648380E-011
           8          49   8.5962807502631413E-010
           8          50  -1.4951498462521817E-002
           8          51   3.7517823136975232E-009
           8          52  -6.7038713653740636E-003
           8          53  -5.4777456093181816E-009
           8          54   1.3691224404616336E-006
           8          55  -1.2679179284796810E-007
           8          56   4.1677604984350057E-007
           8          57  -6.6243936741570246E-003
           8          58  -2.7173570495812745E-011
           8          59   5.8575876621064364E-007
           8          60   1.2688957851907434E-002
           8          61   3.3579709513509961E-009
           8          62   5.6650576476731367E-003
           8          63  -1.1542521712925857E-009
           8          64  -1.4055855279691583E-007
           8          65  -4.1705518377549691E-008
           8          66  -3.4995322839844646E-007
           8          67   5.6912350198271254E-003
           8          68   8.4247477689476241E-010
           8          69  -9.7586091400166965E-007
           9           1  -2.5133659154529378E-011
           9           2   7.7627072995743501E-011
           9           3  -2.1143551873594984E-010
           9           4   9.5894758470811069E-010
           9           5  -1.6660777672469943E-011
           9           6   1.0049015069783851E-009
           9           7  -2.1775320974975752E-010
           9           8  -2.9686561178609064E-009
           9           9   2.2547493237819625     
           9          10  -3.2638464235874094E-007
           9          11   8.3351245140606392E-009
           9          12 -0.72345243305314022     
           9          13   9.1641471119863847E-007
           9          14  -5.0259535498958951E-009
           9          15  -6.0713770953885582E-002
           9          16  -5.6215859000664161E-007
           9          17  -4.3523907628032615E-009
           9          18  -2.7172426557470100E-003
           9          19  -4.8801376550297175E-007
           9          20  -4.8603512720341932E-010
           9          21   4.0400230800976969E-005
           9          22  -5.4347010429528283E-008
           9          23   3.2590033241079492E-009
           9          24   4.5466132108266753E-003
           9          25   3.6391903099022511E-007
           9          26   1.5908815749995084E-010
           9          27  -2.8804159686327137E-010
           9          28   1.5375574128563545E-011
           9          29  -5.0154128220035214E-011
           9          30  -8.6966494855298798E-011
           9          31   1.3222408344310209E-010
           9          32  -1.2721135781742207E-010
           9          33  -1.8614675560528765E-010
           9          34   6.2517745603710446E-011
           9          35   4.0431865036768779E-011
           9          36   9.4398531031769852E-011
           9          37   5.4120751948209282E-012
           9          38  -2.9217789417024065E-010
           9          39   1.2883733132534081E-011
           9          40  -3.5469471363184058E-010
           9          41  -4.5490532851972262E-011
           9          42   5.9304441876696503E-012
           9          43  -3.3007347234345482E-010
           9          44  -3.3767608693943873E-010
           9          45   3.1115597792194843E-011
           9          46  -3.5608791259590225E-010
           9          47   3.3977329725277788E-011
           9          48   7.2220798384030229E-012
           9          49  -3.3344946909843014E-010
           9          50   3.3717747695672094E-009
           9          51  -6.7038688077751679E-003
           9          52  -8.1666487863116648E-009
           9          53  -1.4951514155312101E-002
           9          54  -6.4470308051265703E-008
           9          55   8.1755911267861572E-007
           9          56  -2.1196687142385665E-007
           9          57  -3.1211337553621803E-012
           9          58  -6.6243971876128998E-003
           9          59  -9.0418560532461166E-008
           9          60   3.7470615492893453E-009
           9          61   5.6650625525009411E-003
           9          62  -3.2800061237129299E-009
           9          63   1.2688963314646898E-002
           9          64   5.4076534417987200E-008
           9          65   2.6923303721527331E-007
           9          66   2.1685766687840978E-008
           9          67   8.0881511817268108E-010
           9          68   5.6912379982953162E-003
           9          69   1.5085691256125436E-007
          10           1   2.6470248896058610E-012
          10           2  -1.1827567907821033E-011
          10           3  -2.0104051887579670E-012
          10           4  -1.2057867818463233E-010
          10           5  -1.8642772561379785E-011
          10           6  -6.6218571667676474E-011
          10           7   1.1218732157541127E-011
          10           8   2.1092818897856151E-006
          10           9  -3.2638464235874094E-007
          10          10   2.2549861650658412     
          10          11  -5.9222720490720374E-006
          10          12   9.1637109297418740E-007
          10          13 -0.72411741929108397     
          10          14   3.6331845476336854E-006
          10          15  -5.6210267973918836E-007
          10          16  -6.0305807652504338E-002
          10          17   3.1522776691360704E-006
          10          18  -4.8801743401768621E-007
          10          19  -2.3633222054276252E-003
          10          20   3.5096078679376475E-007
          10          21  -5.4376720589634843E-008
          10          22   7.9799053839591286E-005
          10          23  -2.3506110984840101E-006
          10          24   3.6395505026143442E-007
          10          25   4.2827054876209926E-003
          10          26   5.3414417888043900E-011
          10          27   3.2515708958581276E-011
          10          28  -5.4333577494166058E-011
          10          29  -2.3941569904233466E-010
          10          30  -8.7347253382374835E-011
          10          31   1.3792979362288150E-011
          10          32   7.1787570446368359E-012
          10          33   4.3812026418150219E-012
          10          34  -6.0016378784482145E-012
          10          35  -1.0361270505809452E-010
          10          36   3.7010562120712152E-011
          10          37  -3.2934245365275705E-012
          10          38   3.6688059408126742E-011
          10          39   9.4716493407959605E-013
          10          40   2.5349081782276487E-011
          10          41   1.7434199391052325E-011
          10          42  -1.7691340680775348E-011
          10          43   3.0661712265515232E-011
          10          44   2.6760236351273091E-011
          10          45  -1.3001441003738144E-012
          10          46   2.6441865417757815E-011
          10          47   1.6326340102977754E-011
          10          48   3.8574087668786510E-013
          10          49   2.8521738709496713E-011
          10          50   5.8631307627179964E-007
          10          51  -6.4447445129207062E-008
          10          52   4.1677679962993939E-007
          10          53  -9.0371673637989546E-008
          10          54  -6.6570543354111259E-003
          10          55  -4.1672067616855153E-010
          10          56  -6.6570604888274501E-003
          10          57   1.3684223283397248E-006
          10          58  -2.1188780461342116E-007
          10          59  -1.4746779146571271E-002
          10          60  -9.7394432219794478E-007
          10          61   5.4049152799619820E-008
          10          62  -3.4991533828078896E-007
          10          63   1.5061725751971441E-007
          10          64   5.6257640840243562E-003
          10          65   2.0973505072440995E-011
          10          66   5.6257620915433461E-003
          10          67  -1.4299443408057192E-007
          10          68   2.2045077199215318E-008
          10          69   1.2616415364261634E-002
          11           1  -1.7762300988452943E-010
          11           2   6.3688766069349001E-010
          11           3  -7.9474040325852428E-010
          11           4   5.8368953825575908E-009
          11           5   2.6585018828851837E-010
          11           6   6.6616700426855316E-009
          11           7  -1.4829137961470247E-009
          11           8 -0.72345248395961903     
          11           9   8.3351245140606392E-009
          11          10  -5.9222720490720374E-006
          11          11   2.0832464069158929     
          11          12  -1.8858845958431674E-008
          11          13   1.3398065651536839E-005
          11          14  0.18310225947669539     
          11          15   1.8855358027862177E-008
          11          16  -1.3122361154565598E-005
          11          17   3.3087136493389893E-003
          11          18   1.1901518184654590E-008
          11          19  -8.6856516722999858E-006
          11          20   2.5237083905269796E-003
          11          21   1.4727314994030202E-009
          11          22  -1.0506076957348998E-006
          11          23  -1.6711649035582758E-002
          11          24  -9.2434211278551804E-009
          11          25   6.6502481751122067E-006
          11          26   9.6320092682098728E-010
          11          27   3.2113709508433435E-010
          11          28  -3.7589082772434622E-010
          11          29  -1.5402209164186589E-010
          11          30  -3.3093505599132141E-010
          11          31  -2.9188348640246596E-010
          11          32   8.2172492583221395E-010
          11          33  -1.7638670765247287E-010
          11          34   2.9499703764961412E-010
          11          35   5.5541628984815103E-011
          11          36   1.7698895781943333E-010
          11          37   2.2577398252000272E-010
          11          38  -1.6132562614119549E-009
          11          39   1.2961022613566434E-011
          11          40  -1.6903897563263726E-009
          11          41  -7.9731798687495291E-011
          11          42  -9.1470860715804996E-011
          11          43  -1.6608376816447610E-009
          11          44  -2.3085262981534108E-009
          11          45   2.9466503935539916E-011
          11          46  -2.1408503397556723E-009
          11          47   8.4382500502734662E-011
          11          48   4.0592826372521954E-011
          11          49  -2.0879243850125239E-009
          11          50   1.8506309539276317E-002
          11          51  -1.1607008916568738E-008
          11          52   8.3247077560201239E-003
          11          53   1.2146673851681171E-008
          11          54  -3.0064609091152620E-006
          11          55   3.7053296615701718E-007
          11          56  -1.6202152021424825E-007
          11          57   8.0924401958035620E-003
          11          58  -1.3246650395455335E-009
          11          59   6.0375672291205561E-007
          11          60  -3.7231215061169956E-002
          11          61  -1.0327115443091828E-008
          11          62  -1.6622559253009456E-002
          11          63   2.0508872907419635E-009
          11          64   8.8005295187574816E-007
          11          65   1.1537507023319668E-007
          11          66   1.4287065908988482E-006
          11          67  -1.6694972139475319E-002
          11          68  -3.0253449037508477E-009
          11          69   3.7524892825817392E-006
          12           1   7.2051942510930526E-011
          12           2  -3.0341676405365599E-010
          12           3   3.0415368093372167E-010
          12           4  -1.9255605256719137E-009
          12           5  -1.5518420004093042E-010
          12           6  -2.4797173696290544E-009
          12           7   6.0263650128227762E-010
          12           8   8.3229994725148059E-009
          12           9 -0.72345243305314022     
          12          10   9.1637109297418740E-007
          12          11  -1.8858845958431674E-008
          12          12   2.0832462915710268     
          12          13  -2.0736592734780689E-006
          12          14   1.8182228833896797E-008
          12          15  0.18310237182191846     
          12          16   2.0299943030591519E-006
          12          17   1.1994574841130530E-008
          12          18   3.3087890505966713E-003
          12          19   1.3447109892109048E-006
          12          20   1.4552694867306578E-009
          12          21   2.5237177971559085E-003
          12          22   1.6265764916534573E-007
          12          23  -9.2228911807966904E-009
          12          24  -1.6711706871802696E-002
          12          25  -1.0295679742459150E-006
