           1           1   2.0108013820817168     
           1           2  -6.5056332586699373E-003
           1           3  -2.9609994298459813E-002
           1           4  -1.8941543705159795E-003
           1           5   6.9666685066739682E-014
           1           6   3.0334630818165619E-014
           1           7  -1.3689801072698692E-014
           1           8  -2.0656939855817244E-014
           1           9  -1.1359680002650397E-014
           1          10  -9.2614437326213582E-015
           1          11   2.0582544902002636E-015
           1          12   6.7839882910930318E-015
           1          13   1.8953076003158541E-014
           1          14   3.1528481161066950E-004
           1          15  -1.4766329874249716E-005
           1          16   4.4755030137832389E-004
           1          17  -3.4831931472593318E-004
           1          18  -3.3368005389093905E-005
           1          19  -2.3288159715389198E-004
           1          20   6.3415788846344009E-003
           1          21   1.7659713288713672E-006
           1          22   6.3257606641293259E-003
           1          23   4.1657062169584542E-005
           1          24   3.9906287538991119E-006
           1          25   6.4071365531303097E-003
           2           1  -6.5056332586699373E-003
           2           2   1.8688454938007446     
           2           3  0.12449593540548676     
           2           4   6.3377038463492422E-002
           2           5  -3.6001972811036930E-015
           2           6   6.7351409361845073E-014
           2           7   6.4885787467462599E-014
           2           8   5.1373768259726953E-014
           2           9   2.4445201457651329E-014
           2          10  -2.5534865597946066E-014
           2          11  -2.1612951245826092E-014
           2          12  -8.3573920458424754E-015
           2          13   4.0121271115790894E-015
           2          14  -1.0492044417326683E-002
           2          15   2.4602385375527475E-006
           2          16  -1.0514081352547023E-002
           2          17   5.8033960268703833E-005
           2          18   5.5594892951532551E-006
           2          19  -1.0400713657711773E-002
           2          20  -4.4557082074315094E-002
           2          21  -1.7890701367746710E-004
           2          22  -4.2954569873226059E-002
           2          23  -4.2201934361304821E-003
           2          24  -4.0428259749890685E-004
           2          25  -5.1198598012133494E-002
           3           1  -2.9609994298459813E-002
           3           2  0.12449593540548676     
           3           3   8.8629457103484958E-003
           3           4   4.3346898731804785E-003
           3           5  -1.5813434325474175E-013
           3           6   2.3907475481588327E-014
           3           7   5.7378515163996937E-014
           3           8   1.1651616481427725E-014
           3           9   4.1506611999805460E-015
           3          10  -4.3324218303132835E-015
           3          11  -5.8403361314476557E-015
           3          12   1.3633543664768387E-015
           3          13   1.5881552327958065E-015
           3          14  -6.3089367749260444E-004
           3          15  -6.3922646275044618E-006
           3          16  -5.7363665974304793E-004
           3          17  -1.5078555427785740E-004
           3          18  -1.4444829715174190E-005
           3          19  -8.6819196181932734E-004
           3          20  -2.9480161760274872E-003
           3          21  -1.7040843359320391E-005
           3          22  -2.7953773339934114E-003
           3          23  -4.0197225257639308E-004
           3          24  -3.8507805117362918E-005
           3          25  -3.5806187243357978E-003
           4           1  -1.8941543705159795E-003
           4           2   6.3377038463492422E-002
           4           3   4.3346898731804785E-003
           4           4   2.2042469878245869E-003
           4           5  -5.1353910858037230E-013
           4           6  -4.6131927534114403E-013
           4           7   2.5927896845106099E-013
           4           8   5.7686046379388349E-015
           4           9   7.9250276536645916E-015
           4          10  -3.4481793414396113E-015
           4          11  -2.7417791943413175E-014
           4          12  -2.2077912885183879E-014
           4          13   1.3078517454195452E-014
           4          14  -3.1212114585866250E-004
           4          15  -4.0116097637285599E-006
           4          16  -2.7618821366169057E-004
           4          17  -9.4628873649197775E-005
           4          18  -9.0651785083457788E-006
           4          19  -4.6104303345133660E-004
           4          20  -1.4494307330102404E-003
           4          21  -9.1612426331333785E-006
           4          22  -1.3673713279895004E-003
           4          23  -2.1610229376532508E-004
           4          24  -2.0701988658237021E-005
           4          25  -1.7895210274399354E-003
           5           1   6.9666685066739682E-014
           5           2  -3.6001972811036930E-015
           5           3  -1.5813434325474175E-013
           5           4  -5.1353910858037230E-013
           5           5   1.8289856728061391     
           5           6  -1.4166396228304748E-002
           5           7 -0.33416762789368848     
           5           8  -3.2475917935378656E-002
           5           9  -4.3264693353726709E-004
           5          10  -1.0205601848154902E-002
           5          11   8.0911915375298168E-002
           5          12  -1.1324807289098231E-003
           5          13  -2.6713808692603404E-002
           5          14   5.3311373516775068E-014
           5          15   2.7323423815056268E-014
           5          16   6.2590420822595868E-014
           5          17   3.1307341351962965E-014
           5          18   3.3251586791759069E-014
           5          19  -7.8248842552440754E-015
           5          20   1.6102275750852529E-014
           5          21  -5.5942298038671813E-014
           5          22   2.4948029797066265E-013
           5          23   3.9437409275657169E-014
           5          24  -7.1205450269533897E-014
           5          25   1.4608591040655188E-013
           6           1   3.0334630818165619E-014
           6           2   6.7351409361845073E-014
           6           3   2.3907475481588327E-014
           6           4  -4.6131927534114403E-013
           6           5  -1.4166396228304748E-002
           6           6   1.9755076367625413     
           6           7  -3.2012313807853056E-002
           6           8  -4.3264693367986228E-004
           6           9  -2.8001083446810376E-002
           6          10  -9.7766779822516022E-004
           6          11  -1.1324807285219181E-003
           6          12   9.2625077835140873E-002
           6          13  -2.5591073327534321E-003
           6          14   3.7200097684034894E-016
           6          15   3.9054727555771866E-014
           6          16  -1.2002793699023246E-014
           6          17  -1.0557893632418214E-016
           6          18  -1.6907156143544508E-014
           6          19   1.2209940799260022E-014
           6          20   1.0166869691743068E-013
           6          21   1.4510917629398695E-014
           6          22   4.6253978881719655E-014
           6          23   3.8562513418858115E-014
           6          24  -1.4512499650087339E-014
           6          25   1.0144815668667442E-013
           7           1  -1.3689801072698692E-014
           7           2   6.4885787467462599E-014
           7           3   5.7378515163996937E-014
           7           4   2.5927896845106099E-013
           7           5 -0.33416762789368848     
           7           6  -3.2012313807853056E-002
           7           7   1.2217341597058597     
           7           8  -1.0205601848185390E-002
           7           9  -9.7766779832197514E-004
           7          10  -5.1021601739448474E-002
           7          11  -2.6713808692763623E-002
           7          12  -2.5591073325777879E-003
           7          13   3.2367414366463156E-002
           7          14   4.4623604465953940E-015
           7          15  -1.9466858204277338E-015
           7          16  -2.2432142431182108E-014
           7          17   1.1860080723283497E-014
           7          18  -2.9656364772035264E-015
           7          19  -2.7435612454165098E-014
           7          20   3.9252157350993518E-015
           7          21   3.3093585420192308E-014
           7          22  -1.2906089733897655E-013
           7          23  -7.0054010448267382E-016
           7          24   1.7498148076233041E-014
           7          25  -9.0925874395007957E-014
           8           1  -2.0656939855817244E-014
           8           2   5.1373768259726953E-014
           8           3   1.1651616481427725E-014
           8           4   5.7686046379388349E-015
           8           5  -3.2475917935378656E-002
           8           6  -4.3264693367986228E-004
           8           7  -1.0205601848185390E-002
           8           8   1.0262930411367869E-003
           8           9   3.4718188329580421E-005
           8          10   8.1895878471248504E-004
           8          11  -1.1235320474105616E-003
           8          12   1.2064599946945159E-006
           8          13   2.8458887159848985E-005
           8          14  -1.1971442851480136E-015
           8          15  -1.2113327041018521E-015
           8          16   2.8435872548193587E-016
           8          17  -2.6020116040571183E-015
           8          18  -1.0402066419414003E-015
           8          19  -1.7859992074612709E-015
           8          20   1.4558569062691748E-015
           8          21   1.5431442559598941E-015
           8          22  -2.6911975600527078E-015
           8          23  -1.8794301535470415E-015
           8          24   1.7911502868300211E-015
           8          25  -1.3320633089668261E-015
           9           1  -1.1359680002650397E-014
           9           2   2.4445201457651329E-014
           9           3   4.1506611999805460E-015
           9           4   7.9250276536645916E-015
           9           5  -4.3264693353726709E-004
           9           6  -2.8001083446810376E-002
           9           7  -9.7766779832197514E-004
           9           8   3.4718188329580421E-005
           9           9   6.6720544699607495E-004
           9          10   7.8453935771189705E-005
           9          11   1.2064599902198645E-006
           9          12  -1.1360103717217289E-003
           9          13   2.7262809134356326E-006
           9          14   7.5517637574688822E-016
           9          15  -1.4965277816716127E-015
           9          16   9.5482006554287908E-016
           9          17  -1.3549969704608650E-015
           9          18   3.1312395081074847E-016
           9          19  -1.3062289856629060E-015
           9          20  -6.1789350988847166E-016
           9          21  -4.8388741954340477E-016
           9          22   4.8821780737824511E-017
           9          23  -1.1139050035255264E-015
           9          24  -1.4035866533736568E-016
           9          25  -1.7711483383577090E-015
          10           1  -9.2614437326213582E-015
          10           2  -2.5534865597946066E-014
          10           3  -4.3324218303132835E-015
          10           4  -3.4481793414396113E-015
          10           5  -1.0205601848154902E-002
          10           6  -9.7766779822516022E-004
          10           7  -5.1021601739448474E-002
          10           8   8.1895878471248504E-004
          10           9   7.8453935771189705E-005
          10          10   2.5145100905326432E-003
          10          11   2.8458887164193031E-005
          10          12   2.7262809102468542E-006
          10          13  -1.0718163788441752E-003
          10          14  -9.6793168731886711E-016
          10          15  -1.2794371662105109E-017
          10          16  -4.1703522436267650E-016
          10          17  -1.4146393494162244E-016
          10          18  -1.2640433253540792E-016
          10          19   2.3807360961004089E-015
          10          20  -1.4957813712972630E-015
          10          21  -1.1273844657784278E-015
          10          22   1.9820423154933261E-015
          10          23  -9.9029713310043010E-017
          10          24  -3.1057638977404372E-017
          10          25   1.6822889106312620E-015
          11           1   2.0582544902002636E-015
          11           2  -2.1612951245826092E-014
          11           3  -5.8403361314476557E-015
          11           4  -2.7417791943413175E-014
          11           5   8.0911915375298168E-002
          11           6  -1.1324807285219181E-003
          11           7  -2.6713808692763623E-002
          11           8  -1.1235320474105616E-003
          11           9   1.2064599902198645E-006
          11          10   2.8458887164193031E-005
          11          11   3.7983655719603217E-003
          11          12  -6.3837228648188970E-005
          11          13  -1.5058406472665460E-003
          11          14   2.1008464727523346E-015
          11          15   7.6411417206200307E-016
          11          16   3.2991757689893142E-015
          11          17   8.6629259482387344E-016
          11          18   1.2545976508341476E-015
          11          19  -3.2604502780883056E-016
          11          20   2.6001078839272209E-015
          11          21  -2.1113752842860305E-015
          11          22   1.2745553123540984E-014
          11          23   1.7208280722985032E-015
          11          24  -2.7378350705236755E-015
          11          25   9.3121703412259001E-015
          12           1   6.7839882910930318E-015
          12           2  -8.3573920458424754E-015
          12           3   1.3633543664768387E-015
          12           4  -2.2077912885183879E-014
          12           5  -1.1324807289098231E-003
          12           6   9.2625077835140873E-002
          12           7  -2.5591073325777879E-003
          12           8   1.2064599946945159E-006
          12           9  -1.1360103717217289E-003
          12          10   2.7262809102468542E-006
          12          11  -6.3837228648188970E-005
          12          12   4.4586291960126007E-003
          12          13  -1.4425527585907379E-004
          12          14   3.5380728145159766E-016
          12          15   1.2431854780471108E-015
          12          16  -4.7294227753269171E-016
          12          17  -1.9656648465534753E-016
          12          18  -6.7914367620751181E-016
          12          19   7.7624620642312434E-016
          12          20   5.5289700135188943E-015
          12          21   5.2264713087425889E-016
          12          22   2.6318901714535324E-015
          12          23   2.0272272140943050E-015
          12          24  -8.4828337874981800E-016
          12          25   5.6986739034351075E-015
          13           1   1.8953076003158541E-014
          13           2   4.0121271115790894E-015
          13           3   1.5881552327958065E-015
          13           4   1.3078517454195452E-014
          13           5  -2.6713808692603404E-002
          13           6  -2.5591073327534321E-003
          13           7   3.2367414366463156E-002
          13           8   2.8458887159848985E-005
          13           9   2.7262809134356326E-006
          13          10  -1.0718163788441752E-003
          13          11  -1.5058406472665460E-003
          13          12  -1.4425527585907379E-004
          13          13   1.0619424859993304E-003
          13          14  -3.2232557969184116E-016
          13          15  -1.6897151564244954E-016
          13          16  -1.2350230588841901E-015
          13          17   4.4334040874488981E-017
          13          18  -3.2293394708117514E-016
          13          19  -4.9113521449623264E-016
          13          20  -8.1214443663355818E-016
          13          21   1.0817024331148460E-015
          13          22  -5.7801609596548602E-015
          13          23  -5.2271074649357484E-016
          13          24   9.6633975966683454E-016
          13          25  -4.5414665348682822E-015
          14           1   3.1528481161066950E-004
          14           2  -1.0492044417326683E-002
          14           3  -6.3089367749260444E-004
          14           4  -3.1212114585866250E-004
          14           5   5.3311373516775068E-014
          14           6   3.7200097684034894E-016
          14           7   4.4623604465953940E-015
          14           8  -1.1971442851480136E-015
          14           9   7.5517637574688822E-016
          14          10  -9.6793168731886711E-016
          14          11   2.1008464727523346E-015
          14          12   3.5380728145159766E-016
          14          13  -3.2232557969184116E-016
          14          14   9.6420601137462618E-005
          14          15  -3.4165191953345671E-006
          14          16   1.2702316714559427E-004
          14          17  -8.0591428951001361E-005
          14          18  -7.7204310009533962E-006
          14          19  -3.0409902708614750E-005
          14          20   3.0646304420040569E-004
          14          21  -1.5286266700748653E-006
          14          22   3.2015531282143935E-004
          14          23  -3.6058397634445254E-005
          14          24  -3.4542925292715253E-006
          14          25   2.4971625611883153E-004
          15           1  -1.4766329874249716E-005
          15           2   2.4602385375527475E-006
          15           3  -6.3922646275044618E-006
          15           4  -4.0116097637285599E-006
          15           5   2.7323423815056268E-014
          15           6   3.9054727555771866E-014
          15           7  -1.9466858204277338E-015
          15           8  -1.2113327041018521E-015
          15           9  -1.4965277816716127E-015
          15          10  -1.2794371662105109E-017
          15          11   7.6411417206200307E-016
          15          12   1.2431854780471108E-015
          15          13  -1.6897151564244954E-016
          15          14  -3.4165191953345671E-006
          15          15   3.1572097806833711E-007
          15          16  -6.2445062544183760E-006
          15          17   7.4474643102018215E-006
          15          18   7.1344602133355310E-007
          15          19   8.3039039703978633E-006
          15          20  -5.2378529624937843E-006
          15          21   2.3679240224251286E-007
          15          22  -7.3588582036803844E-006
          15          23   5.5856375950464263E-006
          15          24   5.3508828680484482E-007
          15          25   3.5525263582649345E-006
          16           1   4.4755030137832389E-004
          16           2  -1.0514081352547023E-002
          16           3  -5.7363665974304793E-004
          16           4  -2.7618821366169057E-004
          16           5   6.2590420822595868E-014
          16           6  -1.2002793699023246E-014
          16           7  -2.2432142431182108E-014
          16           8   2.8435872548193587E-016
          16           9   9.5482006554287908E-016
          16          10  -4.1703522436267650E-016
          16          11   3.2991757689893142E-015
          16          12  -4.7294227753269171E-016
          16          13  -1.2350230588841901E-015
          16          14   1.2702316714559427E-004
          16          15  -6.2445062544183760E-006
          16          16   1.8295667839302027E-004
          16          17  -1.4730011844353360E-004
          16          18  -1.4110934818692775E-005
          16          19  -1.0478992367480568E-004
          16          20   3.5337972514388127E-004
          16          21  -3.6496319112494588E-006
          16          22   3.8607033657706415E-004
          16          23  -8.6090267332113813E-005
          16          24  -8.2472041685641886E-006
          16          25   2.1789544196249754E-004
          17           1  -3.4831931472593318E-004
          17           2   5.8033960268703833E-005
          17           3  -1.5078555427785740E-004
          17           4  -9.4628873649197775E-005
          17           5   3.1307341351962965E-014
          17           6  -1.0557893632418214E-016
          17           7   1.1860080723283497E-014
          17           8  -2.6020116040571183E-015
          17           9  -1.3549969704608650E-015
          17          10  -1.4146393494162244E-016
          17          11   8.6629259482387344E-016
          17          12  -1.9656648465534753E-016
          17          13   4.4334040874488981E-017
          17          14  -8.0591428951001361E-005
          17          15   7.4474643102018215E-006
          17          16  -1.4730011844353360E-004
          17          17   1.7567639943052716E-004
          17          18   1.6829302296114953E-005
          17          19   1.9587874341860835E-004
          17          20  -1.2355442213174073E-004
          17          21   5.5856375950004248E-006
          17          22  -1.7358629182928040E-004
          17          23   1.3175822808278288E-004
          17          24   1.2622065670673406E-005
          17          25   8.3799668385311306E-005
          18           1  -3.3368005389093905E-005
          18           2   5.5594892951532551E-006
          18           3  -1.4444829715174190E-005
          18           4  -9.0651785083457788E-006
          18           5   3.3251586791759069E-014
          18           6  -1.6907156143544508E-014
          18           7  -2.9656364772035264E-015
          18           8  -1.0402066419414003E-015
          18           9   3.1312395081074847E-016
          18          10  -1.2640433253540792E-016
          18          11   1.2545976508341476E-015
          18          12  -6.7914367620751181E-016
          18          13  -3.2293394708117514E-016
          18          14  -7.7204310009533962E-006
          18          15   7.1344602133355310E-007
          18          16  -1.4110934818692775E-005
          18          17   1.6829302296114953E-005
          18          18   1.6121995708707820E-006
          18          19   1.8764629722909867E-005
          18          20  -1.1836164259094250E-005
          18          21   5.3508828680120617E-007
          18          22  -1.6629075898381451E-005
          18          23   1.2622065670691530E-005
          18          24   1.2091581991746524E-006
          18          25   8.0277712664226281E-006
          19           1  -2.3288159715389198E-004
          19           2  -1.0400713657711773E-002
          19           3  -8.6819196181932734E-004
          19           4  -4.6104303345133660E-004
          19           5  -7.8248842552440754E-015
          19           6   1.2209940799260022E-014
          19           7  -2.7435612454165098E-014
          19           8  -1.7859992074612709E-015
          19           9  -1.3062289856629060E-015
          19          10   2.3807360961004089E-015
          19          11  -3.2604502780883056E-016
          19          12   7.7624620642312434E-016
          19          13  -4.9113521449623264E-016
          19          14  -3.0409902708614750E-005
          19          15   8.3039039703978633E-006
          19          16  -1.0478992367480568E-004
          19          17   1.9587874341860835E-004
          19          18   1.8764629722909867E-005
          19          19   2.7785364397147960E-004
          19          20   1.1201966708943744E-004
          19          21   7.2617526505914777E-006
          19          22   4.6974440611043230E-005
          19          23   1.7129569288213539E-004
          19          24   1.6409642996171676E-005
          19          25   3.8159571652387873E-004
          20           1   6.3415788846344009E-003
          20           2  -4.4557082074315094E-002
          20           3  -2.9480161760274872E-003
          20           4  -1.4494307330102404E-003
          20           5   1.6102275750852529E-014
          20           6   1.0166869691743068E-013
          20           7   3.9252157350993518E-015
          20           8   1.4558569062691748E-015
          20           9  -6.1789350988847166E-016
          20          10  -1.4957813712972630E-015
          20          11   2.6001078839272209E-015
          20          12   5.5289700135188943E-015
          20          13  -8.1214443663355818E-016
          20          14   3.0646304420040569E-004
          20          15  -5.2378529624937843E-006
          20          16   3.5337972514388127E-004
          20          17  -1.2355442213174073E-004
          20          18  -1.1836164259094250E-005
          20          19   1.1201966708943744E-004
          20          20   1.1648955354538362E-003
          20          21   4.1675601610446339E-007
          20          22   1.1611625537930480E-003
          20          23   9.8307549174027928E-006
          20          24   9.4175852165295887E-007
          20          25   1.1803666545979485E-003
          21           1   1.7659713288713672E-006
          21           2  -1.7890701367746710E-004
          21           3  -1.7040843359320391E-005
          21           4  -9.1612426331333785E-006
          21           5  -5.5942298038671813E-014
          21           6   1.4510917629398695E-014
          21           7   3.3093585420192308E-014
          21           8   1.5431442559598941E-015
          21           9  -4.8388741954340477E-016
          21          10  -1.1273844657784278E-015
          21          11  -2.1113752842860305E-015
          21          12   5.2264713087425889E-016
          21          13   1.0817024331148460E-015
          21          14  -1.5286266700748653E-006
          21          15   2.3679240224251286E-007
          21          16  -3.6496319112494588E-006
          21          17   5.5856375950004248E-006
          21          18   5.3508828680120617E-007
          21          19   7.2617526505914777E-006
          21          20   4.1675601610446339E-007
          21          21   1.9567179627705985E-007
          21          22  -1.3359222857650322E-006
          21          23   4.6156537592818436E-006
          21          24   4.4216657821075426E-007
          21          25   7.6806263741343004E-006
          22           1   6.3257606641293259E-003
          22           2  -4.2954569873226059E-002
          22           3  -2.7953773339934114E-003
          22           4  -1.3673713279895004E-003
          22           5   2.4948029797066265E-013
          22           6   4.6253978881719655E-014
          22           7  -1.2906089733897655E-013
          22           8  -2.6911975600527078E-015
          22           9   4.8821780737824511E-017
          22          10   1.9820423154933261E-015
          22          11   1.2745553123540984E-014
          22          12   2.6318901714535324E-015
          22          13  -5.7801609596548602E-015
          22          14   3.2015531282143935E-004
          22          15  -7.3588582036803844E-006
          22          16   3.8607033657706415E-004
          22          17  -1.7358629182928040E-004
          22          18  -1.6629075898381451E-005
          22          19   4.6974440611043230E-005
          22          20   1.1611625537930480E-003
          22          21  -1.3359222857650322E-006
          22          22   1.1731287239174998E-003
          22          23  -3.1512741420623510E-005
          22          24  -3.0188315183370115E-006
          22          25   1.1115694776553566E-003
          23           1   4.1657062169584542E-005
          23           2  -4.2201934361304821E-003
          23           3  -4.0197225257639308E-004
          23           4  -2.1610229376532508E-004
          23           5   3.9437409275657169E-014
          23           6   3.8562513418858115E-014
          23           7  -7.0054010448267382E-016
          23           8  -1.8794301535470415E-015
          23           9  -1.1139050035255264E-015
          23          10  -9.9029713310043010E-017
          23          11   1.7208280722985032E-015
          23          12   2.0272272140943050E-015
          23          13  -5.2271074649357484E-016
          23          14  -3.6058397634445254E-005
          23          15   5.5856375950464263E-006
          23          16  -8.6090267332113813E-005
          23          17   1.3175822808278288E-004
          23          18   1.2622065670691530E-005
          23          19   1.7129569288213539E-004
          23          20   9.8307549174027928E-006
          23          21   4.6156537592818436E-006
          23          22  -3.1512741420623510E-005
          23          23   1.0887751853316165E-004
          23          24   1.0430158396754733E-005
          23          25   1.8117640187770040E-004
          24           1   3.9906287538991119E-006
          24           2  -4.0428259749890685E-004
          24           3  -3.8507805117362918E-005
          24           4  -2.0701988658237021E-005
          24           5  -7.1205450269533897E-014
          24           6  -1.4512499650087339E-014
          24           7   1.7498148076233041E-014
          24           8   1.7911502868300211E-015
          24           9  -1.4035866533736568E-016
          24          10  -3.1057638977404372E-017
          24          11  -2.7378350705236755E-015
          24          12  -8.4828337874981800E-016
          24          13   9.6633975966683454E-016
          24          14  -3.4542925292715253E-006
          24          15   5.3508828680484482E-007
          24          16  -8.2472041685641886E-006
          24          17   1.2622065670673406E-005
          24          18   1.2091581991746524E-006
          24          19   1.6409642996171676E-005
          24          20   9.4175852165295887E-007
          24          21   4.4216657821075426E-007
          24          22  -3.0188315183370115E-006
          24          23   1.0430158396754733E-005
          24          24   9.9917968049812619E-007
          24          25   1.7356186977294061E-005
          25           1   6.4071365531303097E-003
          25           2  -5.1198598012133494E-002
          25           3  -3.5806187243357978E-003
          25           4  -1.7895210274399354E-003
          25           5   1.4608591040655188E-013
          25           6   1.0144815668667442E-013
          25           7  -9.0925874395007957E-014
          25           8  -1.3320633089668261E-015
          25           9  -1.7711483383577090E-015
          25          10   1.6822889106312620E-015
          25          11   9.3121703412259001E-015
          25          12   5.6986739034351075E-015
          25          13  -4.5414665348682822E-015
          25          14   2.4971625611883153E-004
          25          15   3.5525263582649345E-006
          25          16   2.1789544196249754E-004
          25          17   8.3799668385311306E-005
          25          18   8.0277712664226281E-006
          25          19   3.8159571652387873E-004
          25          20   1.1803666545979485E-003
          25          21   7.6806263741343004E-006
          25          22   1.1115694776553566E-003
          25          23   1.8117640187770040E-004
          25          24   1.7356186977294061E-005
          25          25   1.4654924382474861E-003
