           1           1   2.1053651669722977     
           1           2 -0.20102041780110830     
           1           3 -0.31679035092921504     
           1           4  -1.6774026122742678E-002
           1           5   9.1864969200222974E-015
           1           6   1.4026655246127939E-015
           1           7  -9.7313795398536656E-016
           1           8  -1.9541929214385164E-015
           1           9  -2.7798865649603058E-016
           1          10  -4.0281259069587205E-015
           1          11   1.0101409451114856E-014
           1          12   3.0977155548645173E-015
           1          13   9.4263638153029254E-015
           1          14   2.4802187355629076E-003
           1          15   1.5084178276904815E-005
           1          16   2.9166010497592319E-003
           1          17   4.8792729018012166E-004
           1          18  -1.4593235630317925E-005
           1          19   2.5081872437790072E-003
           1          20   1.7642326126896320E-002
           1          21  -4.3158643637777342E-005
           1          22   1.6393755045094067E-002
           1          23  -1.3960508588935629E-003
           1          24   4.1753965281890794E-005
           1          25   1.7562303015457671E-002
           2           1 -0.20102041780110830     
           2           2  0.49488584639727351     
           2           3  0.61034790056892729     
           2           4   3.2577047933561996E-002
           2           5  -7.8818139678522144E-015
           2           6  -5.7984233144498250E-016
           2           7  -1.1421178369391613E-014
           2           8  -7.3639206553329275E-015
           2           9   7.8629028777798477E-016
           2          10   4.5762642939509364E-015
           2          11  -1.0347845104861822E-014
           2          12  -4.2513093596028229E-015
           2          13  -1.3034716604375058E-014
           2          14  -5.3724759404922056E-003
           2          15  -1.0439887018027713E-006
           2          16  -5.4026783284595870E-003
           2          17  -3.3769859219044338E-005
           2          18   1.0100101474920780E-006
           2          19  -5.3744116645319077E-003
           2          20  -2.4627664820968849E-002
           2          21   9.0704468836139729E-005
           2          22  -2.2003602356522572E-002
           2          23   2.9340136982570360E-003
           2          24  -8.7752323148233361E-005
           2          25  -2.4459484053312459E-002
           3           1 -0.31679035092921504     
           3           2  0.61034790056892729     
           3           3  0.75523832278039338     
           3           4   4.0386595470961462E-002
           3           5  -3.1885370217807920E-015
           3           6  -4.9248853315001731E-015
           3           7  -4.6721623918257580E-015
           3           8  -4.4263327298156659E-015
           3           9  -1.6504522513222695E-015
           3          10   1.1894248395894994E-014
           3          11  -1.2478848408272548E-014
           3          12  -5.6942702691987935E-015
           3          13  -1.5648053782871392E-014
           3          14  -6.6960257240827117E-003
           3          15   4.8879681398174963E-006
           3          16  -6.5546177659359748E-003
           3          17   1.5811090318068859E-004
           3          18  -4.7288801221369672E-006
           3          19  -6.6869626399232189E-003
           3          20  -3.0623109542117444E-002
           3          21   1.1711556868765169E-004
           3          22  -2.7234979147453920E-002
           3          23   3.7883324517285367E-003
           3          24  -1.1330382461850259E-004
           3          25  -3.0405958320141452E-002
           4           1  -1.6774026122742678E-002
           4           2   3.2577047933561996E-002
           4           3   4.0386595470961462E-002
           4           4   2.2042542308690185E-003
           4           5   2.7286763922709324E-015
           4           6  -4.0818368789804944E-016
           4           7   2.6579457443369538E-015
           4           8   1.6037021144836576E-015
           4           9  -1.4461724251166526E-016
           4          10   2.5992432930148870E-015
           4          11  -5.2881291835952152E-016
           4          12  -3.7622908278261797E-016
           4          13  -6.9548553667485514E-016
           4          14  -3.9036717542627200E-004
           4          15   3.9548457762541267E-006
           4          16  -2.7595426404419273E-004
           4          17   1.2792723260247635E-004
           4          18  -3.8261279623832537E-006
           4          19  -3.8303425118075131E-004
           4          20  -1.6281116555216238E-003
           4          21   9.0313149809378933E-006
           4          22  -1.3668374873324611E-003
           4          23   2.9213557179153573E-004
           4          24  -8.7373740325247583E-006
           4          25  -1.6113661356374851E-003
           5           1   9.1864969200222974E-015
           5           2  -7.8818139678522144E-015
           5           3  -3.1885370217807920E-015
           5           4   2.7286763922709324E-015
           5           5  0.72347150029598806     
           5           6   6.6911968959985357E-003
           5           7  0.21643986898062878     
           5           8  0.44959254052549275     
           5           9   4.7236796330926006E-003
           5          10  0.15279666953220711     
           5          11   3.8352515694108288E-002
           5          12   7.7276099286925810E-004
           5          13   2.4996467844187249E-002
           5          14   2.3030477555653654E-015
           5          15   3.5348690339041710E-016
           5          16  -9.7723110850919558E-016
           5          17  -1.3594001027472689E-016
           5          18  -6.7577895800527221E-016
           5          19  -6.3985896983655285E-016
           5          20  -7.1837695337597857E-016
           5          21  -1.5161882097889318E-015
           5          22  -1.3448653819983189E-015
           5          23   1.7194272193537793E-015
           5          24   7.9873469481469559E-016
           5          25  -1.3476374264456998E-015
           6           1   1.4026655246127939E-015
           6           2  -5.7984233144498250E-016
           6           3  -4.9248853315001731E-015
           6           4  -4.0818368789804944E-016
           6           5   6.6911968959985357E-003
           6           6  0.94699267053641278     
           6           7  -6.4734194439043241E-003
           6           8   4.7236796330932529E-003
           6           9  0.60738828556789870     
           6          10  -4.5699386909286988E-003
           6          11   7.7276099286980801E-004
           6          12   6.4166797373008969E-002
           6          13  -7.4761004861705581E-004
           6          14   3.9965925761243793E-016
           6          15   9.9016807318277709E-016
           6          16  -3.2967530945848320E-016
           6          17  -2.8788589170335815E-016
           6          18  -6.6899925142412740E-016
           6          19   6.2558425459968309E-016
           6          20   1.7730043112771790E-015
           6          21   2.5716842351177365E-016
           6          22   4.5552537961216864E-016
           6          23   5.4132230384842782E-016
           6          24   3.6855569422721983E-016
           6          25   8.2983962625518001E-016
           7           1  -9.7313795398536656E-016
           7           2  -1.1421178369391613E-014
           7           3  -4.6721623918257580E-015
           7           4   2.6579457443369538E-015
           7           5  0.21643986898062878     
           7           6  -6.4734194439043241E-003
           7           7  0.73779736429907072     
           7           8  0.15279666953220758     
           7           9  -4.5699386909258677E-003
           7          10  0.45970594670223958     
           7          11   2.4996467844185084E-002
           7          12  -7.4761004861953646E-004
           7          13   4.0006998302051150E-002
           7          14   1.0787807690438428E-015
           7          15  -1.2411030134317271E-016
           7          16  -9.6470436276463239E-017
           7          17   4.1791498228409746E-016
           7          18  -2.6442053928777774E-016
           7          19  -5.1970304761814335E-016
           7          20  -3.1080453994799416E-015
           7          21  -1.7933997927571055E-015
           7          22  -2.5924209296114456E-015
           7          23   3.2150073795190140E-015
           7          24   1.0743105651694187E-015
           7          25  -2.4214080289759201E-015
           8           1  -1.9541929214385164E-015
           8           2  -7.3639206553329275E-015
           8           3  -4.4263327298156659E-015
           8           4   1.6037021144836576E-015
           8           5  0.44959254052549275     
           8           6   4.7236796330932529E-003
           8           7  0.15279666953220758     
           8           8  0.28002154287996806     
           8           9   3.2874524685856527E-003
           8          10  0.10633908890140116     
           8          11   2.4286624324294175E-002
           8          12   5.1025021521027350E-004
           8          13   1.6505042587147467E-002
           8          14   1.5030456523423803E-015
           8          15   2.1221166701637528E-016
           8          16  -6.4746475485548789E-016
           8          17  -1.7171078200669075E-016
           8          18  -4.3044987106058197E-016
           8          19  -3.6793852520442683E-016
           8          20  -5.1446849325515616E-016
           8          21  -1.0065704232864301E-015
           8          22  -9.4213602514760484E-016
           8          23   1.0908895394885495E-015
           8          24   5.3187852298196951E-016
           8          25  -8.4349386951891606E-016
           9           1  -2.7798865649603058E-016
           9           2   7.8629028777798477E-016
           9           3  -1.6504522513222695E-015
           9           4  -1.4461724251166526E-016
           9           5   4.7236796330926006E-003
           9           6  0.60738828556789870     
           9           7  -4.5699386909258677E-003
           9           8   3.2874524685856527E-003
           9           9  0.38983974645534458     
           9          10  -3.1804562116198587E-003
           9          11   5.1025021521067596E-004
           9          12   4.1331665292590698E-002
           9          13  -4.9364317262412180E-004
           9          14   2.2846901475766688E-016
           9          15   6.3290825768179081E-016
           9          16  -1.8140165685468288E-016
           9          17  -1.0638558540091318E-016
           9          18  -4.3783344641610514E-016
           9          19   3.6838597177824098E-016
           9          20   1.0885807407452206E-015
           9          21   1.4561429954948827E-016
           9          22   2.9413099017064346E-016
           9          23   4.1998517474184046E-016
           9          24   2.3221994055302627E-016
           9          25   4.8902682041148716E-016
          10           1  -4.0281259069587205E-015
          10           2   4.5762642939509364E-015
          10           3   1.1894248395894994E-014
          10           4   2.5992432930148870E-015
          10           5  0.15279666953220711     
          10           6  -4.5699386909286988E-003
          10           7  0.45970594670223958     
          10           8  0.10633908890140116     
          10           9  -3.1804562116198587E-003
          10          10  0.28705998424009588     
          10          11   1.6505042587146031E-002
          10          12  -4.9364317262599270E-004
          10          13   2.5379070908107971E-002
          10          14   5.5632268296701211E-016
          10          15  -5.9837281885413418E-017
          10          16  -8.5431017938953261E-017
          10          17   4.6289764949191177E-016
          10          18  -1.9814489180841152E-016
          10          19  -5.1255804582008022E-016
          10          20  -2.5696593792311929E-015
          10          21  -1.1633178839167697E-015
          10          22  -2.0469765107851988E-015
          10          23   2.2828926287772299E-015
          10          24   6.8585383030085281E-016
          10          25  -2.1054893206091737E-015
          11           1   1.0101409451114856E-014
          11           2  -1.0347845104861822E-014
          11           3  -1.2478848408272548E-014
          11           4  -5.2881291835952152E-016
          11           5   3.8352515694108288E-002
          11           6   7.7276099286980801E-004
          11           7   2.4996467844185084E-002
          11           8   2.4286624324294175E-002
          11           9   5.1025021521067596E-004
          11          10   1.6505042587146031E-002
          11          11   2.3606777721899069E-003
          11          12   6.2930475549215887E-005
          11          13   2.0356094872828654E-003
          11          14   2.9917349315193630E-016
          11          15   9.6986677369232167E-018
          11          16  -5.5515404640652449E-017
          11          17  -1.8289941819063912E-016
          11          18  -3.9295531797387423E-017
          11          19   1.0709905466855102E-016
          11          20   3.6248890116811348E-016
          11          21  -1.3004062508929454E-016
          11          22   1.7546446320206666E-016
          11          23  -3.3586270779926230E-017
          11          24   7.1882630447537103E-017
          11          25   3.6328530946616569E-016
          12           1   3.0977155548645173E-015
          12           2  -4.2513093596028229E-015
          12           3  -5.6942702691987935E-015
          12           4  -3.7622908278261797E-016
          12           5   7.7276099286925810E-004
          12           6   6.4166797373008969E-002
          12           7  -7.4761004861953646E-004
          12           8   5.1025021521027350E-004
          12           9   4.1331665292590698E-002
          12          10  -4.9364317262599270E-004
          12          11   6.2930475549215887E-005
          12          12   4.4628866530813755E-003
          12          13  -6.0882286139052073E-005
          12          14   1.3015667408216957E-016
          12          15   5.8670069327209635E-017
          12          16  -8.5104861210672035E-017
          12          17  -1.9597909326330181E-016
          12          18  -4.4269692266043333E-017
          12          19   1.2905872477062901E-016
          12          20   3.3377505101879416E-016
          12          21  -1.5210506958884707E-018
          12          22   9.4397420294315732E-017
          12          23  -1.2054785632370268E-016
          12          24   2.8354108188271434E-017
          12          25   2.6155753955195403E-016
          13           1   9.4263638153029254E-015
          13           2  -1.3034716604375058E-014
          13           3  -1.5648053782871392E-014
          13           4  -6.9548553667485514E-016
          13           5   2.4996467844187249E-002
          13           6  -7.4761004861705581E-004
          13           7   4.0006998302051150E-002
          13           8   1.6505042587147467E-002
          13           9  -4.9364317262412180E-004
          13          10   2.5379070908107971E-002
          13          11   2.0356094872828654E-003
          13          12  -6.0882286139052073E-005
          13          13   2.4954120280164171E-003
          13          14   2.9652005478676293E-016
          13          15  -4.5694636514677706E-018
          13          16  -7.3666099764079100E-018
          13          17  -1.7265892495395542E-016
          13          18  -2.7724772627831835E-017
          13          19   1.3767148237694153E-016
          13          20   4.1287163785785516E-016
          13          21  -1.4091299879863210E-016
          13          22   2.4234132335442715E-016
          13          23  -8.2964416074444074E-018
          13          24   8.1103418735924579E-017
          13          25   4.5093852004258553E-016
          14           1   2.4802187355629076E-003
          14           2  -5.3724759404922056E-003
          14           3  -6.6960257240827117E-003
          14           4  -3.9036717542627200E-004
          14           5   2.3030477555653654E-015
          14           6   3.9965925761243793E-016
          14           7   1.0787807690438428E-015
          14           8   1.5030456523423803E-015
          14           9   2.2846901475766688E-016
          14          10   5.5632268296701211E-016
          14          11   2.9917349315193630E-016
          14          12   1.3015667408216957E-016
          14          13   2.9652005478676293E-016
          14          14   8.3250451710960212E-005
          14          15  -2.7022350134920135E-006
          14          16   5.0753236245325352E-006
          14          17  -8.7409084111402077E-005
          14          18   2.6142857474180436E-006
          14          19   7.8240070581613182E-005
          14          20   2.6456731982614197E-004
          14          21  -3.0458274032999142E-006
          14          22   1.7645213140348890E-004
          14          23  -9.8523252917723418E-005
          14          24   2.9466952837695617E-006
          14          25   2.5891986278866129E-004
          15           1   1.5084178276904815E-005
          15           2  -1.0439887018027713E-006
          15           3   4.8879681398174963E-006
          15           4   3.9548457762541267E-006
          15           5   3.5348690339041710E-016
          15           6   9.9016807318277709E-016
          15           7  -1.2411030134317271E-016
          15           8   2.1221166701637528E-016
          15           9   6.3290825768179081E-016
          15          10  -5.9837281885413418E-017
          15          11   9.6986677369232167E-018
          15          12   5.8670069327209635E-017
          15          13  -4.5694636514677706E-018
          15          14  -2.7022350134920135E-006
          15          15   3.0680522429476733E-007
          15          16   6.1735798533858660E-006
          15          17   9.9242158886917691E-006
          15          18  -2.9681967745357426E-007
          15          19  -2.1333684646915327E-006
          15          20   6.1086737264437710E-007
          15          21   2.3010966691801504E-007
          15          22   7.2678948314323433E-006
          15          23   7.4433478693408684E-006
          15          24  -2.2262031969029904E-007
          15          25   1.0375279432503068E-006
          16           1   2.9166010497592319E-003
          16           2  -5.4026783284595870E-003
          16           3  -6.5546177659359748E-003
          16           4  -2.7595426404419273E-004
          16           5  -9.7723110850919558E-016
          16           6  -3.2967530945848320E-016
          16           7  -9.6470436276463239E-017
          16           8  -6.4746475485548789E-016
          16           9  -1.8140165685468288E-016
          16          10  -8.5431017938953261E-017
          16          11  -5.5515404640652449E-017
          16          12  -8.5104861210672035E-017
          16          13  -7.3666099764079100E-018
          16          14   5.0753236245325352E-006
          16          15   6.1735798533858660E-006
          16          16   1.8367577598063780E-004
          16          17   1.9969653193354091E-004
          16          18  -5.9726492110075116E-006
          16          19   1.6522139997995217E-005
          16          20   2.8223959290740350E-004
          16          21   3.6112000555470979E-006
          16          22   3.8671090109307956E-004
          16          23   1.1681133869509552E-004
          16          24  -3.4936668310634222E-006
          16          25   2.8893534235999597E-004
          17           1   4.8792729018012166E-004
          17           2  -3.3769859219044338E-005
          17           3   1.5811090318068859E-004
          17           4   1.2792723260247635E-004
          17           5  -1.3594001027472689E-016
          17           6  -2.8788589170335815E-016
          17           7   4.1791498228409746E-016
          17           8  -1.7171078200669075E-016
          17           9  -1.0638558540091318E-016
          17          10   4.6289764949191177E-016
          17          11  -1.8289941819063912E-016
          17          12  -1.9597909326330181E-016
          17          13  -1.7265892495395542E-016
          17          14  -8.7409084111402077E-005
          17          15   9.9242158886917691E-006
          17          16   1.9969653193354091E-004
          17          17   3.2101820049431918E-004
          17          18  -9.6012138184159605E-006
          17          19  -6.9007981408121706E-005
          17          20   1.9759701608402125E-005
          17          21   7.4433478693985987E-006
          17          22   2.3509429322098128E-004
          17          23   2.4076966537955332E-004
          17          24  -7.2010902646780285E-006
          17          25   3.3560873422307431E-005
          18           1  -1.4593235630317925E-005
          18           2   1.0100101474920780E-006
          18           3  -4.7288801221369672E-006
          18           4  -3.8261279623832537E-006
          18           5  -6.7577895800527221E-016
          18           6  -6.6899925142412740E-016
          18           7  -2.6442053928777774E-016
          18           8  -4.3044987106058197E-016
          18           9  -4.3783344641610514E-016
          18          10  -1.9814489180841152E-016
          18          11  -3.9295531797387423E-017
          18          12  -4.4269692266043333E-017
          18          13  -2.7724772627831835E-017
          18          14   2.6142857474180436E-006
          18          15  -2.9681967745357426E-007
          18          16  -5.9726492110075116E-006
          18          17  -9.6012138184159605E-006
          18          18   2.8715912881261344E-007
          18          19   2.0639340188345013E-006
          18          20  -5.9098555748851604E-007
          18          21  -2.2262031968501265E-007
          18          22  -7.0313476721114425E-006
          18          23  -7.2010902644511795E-006
          18          24   2.1537472719688730E-007
          18          25  -1.0037596660144441E-006
          19           1   2.5081872437790072E-003
          19           2  -5.3744116645319077E-003
          19           3  -6.6869626399232189E-003
          19           4  -3.8303425118075131E-004
          19           5  -6.3985896983655285E-016
          19           6   6.2558425459968309E-016
          19           7  -5.1970304761814335E-016
          19           8  -3.6793852520442683E-016
          19           9   3.6838597177824098E-016
          19          10  -5.1255804582008022E-016
          19          11   1.0709905466855102E-016
          19          12   1.2905872477062901E-016
          19          13   1.3767148237694153E-016
          19          14   7.8240070581613182E-005
          19          15  -2.1333684646915327E-006
          19          16   1.6522139997995217E-005
          19          17  -6.9007981408121706E-005
          19          18   2.0639340188345013E-006
          19          19   7.4284460116905360E-005
          19          20   2.6569996681664296E-004
          19          21  -2.6191668326838150E-006
          19          22   1.8992798488424778E-004
          19          23  -8.4722081103596257E-005
          19          24   2.5339211752239935E-006
          19          25   2.6084360754116540E-004
          20           1   1.7642326126896320E-002
          20           2  -2.4627664820968849E-002
          20           3  -3.0623109542117444E-002
          20           4  -1.6281116555216238E-003
          20           5  -7.1837695337597857E-016
          20           6   1.7730043112771790E-015
          20           7  -3.1080453994799416E-015
          20           8  -5.1446849325515616E-016
          20           9   1.0885807407452206E-015
          20          10  -2.5696593792311929E-015
          20          11   3.6248890116811348E-016
          20          12   3.3377505101879416E-016
          20          13   4.1287163785785516E-016
          20          14   2.6456731982614197E-004
          20          15   6.1086737264437710E-007
          20          16   2.8223959290740350E-004
          20          17   1.9759701608402125E-005
          20          18  -5.9098555748851604E-007
          20          19   2.6569996681664296E-004
          20          20   1.2555931925993880E-003
          20          21  -4.1728403061808538E-006
          20          22   1.1348737423007521E-003
          20          23  -1.3497869262693157E-004
          20          24   4.0370274551261001E-006
          20          25   1.2478560712094488E-003
          21           1  -4.3158643637777342E-005
          21           2   9.0704468836139729E-005
          21           3   1.1711556868765169E-004
          21           4   9.0313149809378933E-006
          21           5  -1.5161882097889318E-015
          21           6   2.5716842351177365E-016
          21           7  -1.7933997927571055E-015
          21           8  -1.0065704232864301E-015
          21           9   1.4561429954948827E-016
          21          10  -1.1633178839167697E-015
          21          11  -1.3004062508929454E-016
          21          12  -1.5210506958884707E-018
          21          13  -1.4091299879863210E-016
          21          14  -3.0458274032999142E-006
          21          15   2.3010966691801504E-007
          21          16   3.6112000555470979E-006
          21          17   7.4433478693985987E-006
          21          18  -2.2262031968501265E-007
          21          19  -2.6191668326838150E-006
          21          20  -4.1728403061808538E-006
          21          21   1.9015283474392998E-007
          21          22   1.3282438473375415E-006
          21          23   6.1508658731915040E-006
          21          24  -1.8396395695971757E-007
          21          25  -3.8202661702904548E-006
          22           1   1.6393755045094067E-002
          22           2  -2.2003602356522572E-002
          22           3  -2.7234979147453920E-002
          22           4  -1.3668374873324611E-003
          22           5  -1.3448653819983189E-015
          22           6   4.5552537961216864E-016
          22           7  -2.5924209296114456E-015
          22           8  -9.4213602514760484E-016
          22           9   2.9413099017064346E-016
          22          10  -2.0469765107851988E-015
          22          11   1.7546446320206666E-016
          22          12   9.4397420294315732E-017
          22          13   2.4234132335442715E-016
          22          14   1.7645213140348890E-004
          22          15   7.2678948314323433E-006
          22          16   3.8671090109307956E-004
          22          17   2.3509429322098128E-004
          22          18  -7.0313476721114425E-006
          22          19   1.8992798488424778E-004
          22          20   1.1348737423007521E-003
          22          21   1.3282438473375415E-006
          22          22   1.1732995758725543E-003
          22          23   4.2964648743691787E-005
          22          24  -1.2850136799032968E-006
          22          25   1.1373365213987496E-003
          23           1  -1.3960508588935629E-003
          23           2   2.9340136982570360E-003
          23           3   3.7883324517285367E-003
          23           4   2.9213557179153573E-004
          23           5   1.7194272193537793E-015
          23           6   5.4132230384842782E-016
          23           7   3.2150073795190140E-015
          23           8   1.0908895394885495E-015
          23           9   4.1998517474184046E-016
          23          10   2.2828926287772299E-015
          23          11  -3.3586270779926230E-017
          23          12  -1.2054785632370268E-016
          23          13  -8.2964416074444074E-018
          23          14  -9.8523252917723418E-005
          23          15   7.4433478693408684E-006
          23          16   1.1681133869509552E-004
          23          17   2.4076966537955332E-004
          23          18  -7.2010902644511795E-006
          23          19  -8.4722081103596257E-005
          23          20  -1.3497869262693157E-004
          23          21   6.1508658731915040E-006
          23          22   4.2964648743691787E-005
          23          23   1.9896180375612084E-004
          23          24  -5.9506744997232700E-006
          23          25  -1.2357399164974846E-004
          24           1   4.1753965281890794E-005
          24           2  -8.7752323148233361E-005
          24           3  -1.1330382461850259E-004
          24           4  -8.7373740325247583E-006
          24           5   7.9873469481469559E-016
          24           6   3.6855569422721983E-016
          24           7   1.0743105651694187E-015
          24           8   5.3187852298196951E-016
          24           9   2.3221994055302627E-016
          24          10   6.8585383030085281E-016
          24          11   7.1882630447537103E-017
          24          12   2.8354108188271434E-017
          24          13   8.1103418735924579E-017
          24          14   2.9466952837695617E-006
          24          15  -2.2262031969029904E-007
          24          16  -3.4936668310634222E-006
          24          17  -7.2010902646780285E-006
          24          18   2.1537472719688730E-007
          24          19   2.5339211752239935E-006
          24          20   4.0370274551261001E-006
          24          21  -1.8396395695971757E-007
          24          22  -1.2850136799032968E-006
          24          23  -5.9506744997232700E-006
          24          24   1.7797650771733832E-007
          24          25   3.6959285004489521E-006
          25           1   1.7562303015457671E-002
          25           2  -2.4459484053312459E-002
          25           3  -3.0405958320141452E-002
          25           4  -1.6113661356374851E-003
          25           5  -1.3476374264456998E-015
          25           6   8.2983962625518001E-016
          25           7  -2.4214080289759201E-015
          25           8  -8.4349386951891606E-016
          25           9   4.8902682041148716E-016
          25          10  -2.1054893206091737E-015
          25          11   3.6328530946616569E-016
          25          12   2.6155753955195403E-016
          25          13   4.5093852004258553E-016
          25          14   2.5891986278866129E-004
          25          15   1.0375279432503068E-006
          25          16   2.8893534235999597E-004
          25          17   3.3560873422307431E-005
          25          18  -1.0037596660144441E-006
          25          19   2.6084360754116540E-004
          25          20   1.2478560712094488E-003
          25          21  -3.8202661702904548E-006
          25          22   1.1373365213987496E-003
          25          23  -1.2357399164974846E-004
          25          24   3.6959285004489521E-006
          25          25   1.2407726793390631E-003
