           1           1   2.1583490761912727     
           1           2  0.81714546251429143     
           1           3 -0.54872456611446818     
           1           4  -6.3752039873300366E-003
           1           5  -4.7352967403349147E-014
           1           6  -1.8676486904671509E-013
           1           7  -5.2677719921532261E-014
           1           8   4.1306404290951944E-013
           1           9  -1.3142203845970456E-014
           1          10   3.4167023087333099E-013
           1          11  -4.5195050398420841E-013
           1          12   3.5451698423049892E-013
           1          13  -3.3048358008238465E-013
           1          14  -1.3068332486480053E-002
           1          15  -8.4525260020131871E-014
           1          16  -1.3068332491001547E-002
           1          17  -2.9194709419393186E-013
           1          18  -7.6422340065798307E-014
           1          19  -1.3068332496708232E-002
           1          20   2.5796410749893403E-002
           1          21   1.3842453177181497E-013
           1          22   2.5796410744693757E-002
           1          23   1.4994096144577360E-013
           1          24   1.0175856743816611E-013
           1          25   2.5796410739115636E-002
           2           1  0.81714546251429143     
           2           2   10.434745187059656     
           2           3  -2.1525495977118347     
           2           4  0.23362779721121452     
           2           5  -1.5188210664635288E-012
           2           6  -4.2110413078400515E-013
           2           7  -1.4259231769751170E-013
           2           8   4.6425718101272404E-013
           2           9   2.3577732578520973E-013
           2          10  -2.9627071557848918E-013
           2          11   3.5569149893304029E-013
           2          12  -3.0321741295129641E-013
           2          13   3.3372858632587359E-013
           2          14  -1.4476886811610949     
           2          15   7.4370823594273810E-014
           2          16  -1.4476886811554273     
           2          17   3.2886579624159451E-013
           2          18   1.5128649641263590E-013
           2          19  -1.4476886811480056     
           2          20 -0.98106053774876223     
           2          21  -1.4594125032063770E-013
           2          22 -0.98106053774308222     
           2          23  -6.7973999425160465E-014
           2          24  -1.1807816153572419E-014
           2          25 -0.98106053773722124     
           3           1 -0.54872456611446818     
           3           2  -2.1525495977118347     
           3           3  0.51304702825314696     
           3           4  -4.3716221876472255E-002
           3           5   1.3109088462147812E-012
           3           6   7.1712780837041665E-013
           3           7   1.4783463771207412E-012
           3           8  -7.3782979082605667E-013
           3           9  -3.8483358133978154E-013
           3          10  -8.2335011425191723E-013
           3          11   4.8457597088095473E-014
           3          12   1.4595591766689945E-014
           3          13   4.5437366055473167E-014
           3          14  0.28043294371115729     
           3          15   1.0580637513892665E-015
           3          16  0.28043294371088950     
           3          17  -1.0173104915699290E-014
           3          18  -1.5186108265202645E-014
           3          19  0.28043294371049987     
           3          20  0.18375207125296544     
           3          21   2.9050823407532879E-015
           3          22  0.18375207125281828     
           3          23  -1.4160673226502211E-014
           3          24  -1.6202792759426869E-014
           3          25  0.18375207125270510     
           4           1  -6.3752039873300366E-003
           4           2  0.23362779721121452     
           4           3  -4.3716221876472255E-002
           4           4   5.5213975396917817E-003
           4           5   2.1485773781192132E-013
           4           6   2.6711219837919378E-013
           4           7   5.1878219534990018E-013
           4           8  -1.3579381354426135E-013
           4           9  -1.5030405353313282E-013
           4          10  -3.0696300152150276E-013
           4          11   2.2199531119667074E-014
           4          12  -1.8005230697544321E-015
           4          13   2.9599404831375063E-014
           4          14  -3.3594388946714397E-002
           4          15   2.7293927996900840E-015
           4          16  -3.3594388946529018E-002
           4          17   1.1105483012714676E-014
           4          18   4.4269920551799449E-015
           4          19  -3.3594388946288786E-002
           4          20  -2.3174224431890770E-002
           4          21  -5.0327426047568977E-015
           4          22  -2.3174224431697112E-002
           4          23  -3.3508387247237031E-015
           4          24  -1.4739328920515793E-015
           4          25  -2.3174224431494771E-002
           5           1  -4.7352967403349147E-014
           5           2  -1.5188210664635288E-012
           5           3   1.3109088462147812E-012
           5           4   2.1485773781192132E-013
           5           5   2.8656314625579622     
           5           6 -0.46011265775235738     
           5           7  0.83992057619984317     
           5           8  -1.6267320674992980     
           5           9  0.26119200071874499     
           5          10 -0.47679743655422041     
           5          11   9.8509077181528695E-002
           5          12  -1.5816853599968719E-002
           5          13   2.8873147837847477E-002
           5          14   5.6568881477572957E-014
           5          15  -2.0259620906198225E-015
           5          16   4.8052453835017814E-014
           5          17  -9.5736973730208882E-014
           5          18  -1.1876005191025679E-013
           5          19  -1.3094722227005541E-013
           5          20  -2.0363060982910091E-013
           5          21   2.8408312140140105E-015
           5          22  -1.8868908225405787E-013
           5          23  -4.9406159919344777E-014
           5          24  -1.1573706512338114E-013
           5          25  -3.7674688590909798E-014
           6           1  -1.8676486904671509E-013
           6           2  -4.2110413078400515E-013
           6           3   7.1712780837041665E-013
           6           4   2.6711219837919378E-013
           6           5 -0.46011265775235738     
           6           6   4.6546154177696311     
           6           7  0.20335785201515066     
           6           8  0.26119200071875415     
           6           9  -2.6422839994936753     
           6          10 -0.11544008480264188     
           6          11  -1.5816853599961669E-002
           6          12  0.16000727079893237     
           6          13   6.9906387480016766E-003
           6          14  -1.5861461406924372E-013
           6          15  -1.2970346399573949E-015
           6          16  -1.4930829134152554E-013
           6          17   2.1761133192773022E-014
           6          18   2.0294729851956776E-014
           6          19   2.3295851121810825E-013
           6          20  -1.3828719861541899E-013
           6          21   4.8013037011686590E-015
           6          22  -1.5330449293146284E-013
           6          23   5.0235207643733177E-015
           6          24   3.4225238311589596E-014
           6          25  -5.1669695772637691E-013
           7           1  -5.2677719921532261E-014
           7           2  -1.4259231769751170E-013
           7           3   1.4783463771207412E-012
           7           4   5.1878219534990018E-013
           7           5  0.83992057619984317     
           7           6  0.20335785201515066     
           7           7   4.3947927641315268     
           7           8 -0.47679743655422191     
           7           9 -0.11544008480264564     
           7          10  -2.4947905593711823     
           7          11   2.8873147837840427E-002
           7          12   6.9906387479876601E-003
           7          13  0.15107559546830701     
           7          14  -3.2791706307097874E-013
           7          15  -4.4715545780470342E-015
           7          16  -3.4859236181902910E-013
           7          17  -1.2880297257751662E-013
           7          18  -8.4566946643884799E-014
           7          19  -2.0058741202062344E-013
           7          20  -4.4169394022790970E-013
           7          21   1.3794245052915858E-014
           7          22  -4.2815838947648667E-013
           7          23   8.5666956661690691E-015
           7          24  -1.0326093247089943E-013
           7          25  -5.9060847038995924E-013
           8           1   4.1306404290951944E-013
           8           2   4.6425718101272404E-013
           8           3  -7.3782979082605667E-013
           8           4  -1.3579381354426135E-013
           8           5  -1.6267320674992980     
           8           6  0.26119200071875415     
           8           7 -0.47679743655422191     
           8           8  0.92344645639408207     
           8           9 -0.14827077692824839     
           8          10  0.27066344359991756     
           8          11  -5.5920615363398228E-002
           8          12   8.9787480679894231E-003
           8          13  -1.6390410313107083E-002
           8          14   4.3082458727406852E-014
           8          15   1.1500772319646404E-015
           8          16   4.7916976398028934E-014
           8          17   5.4346976311124689E-014
           8          18   6.7416479510516056E-014
           8          19   1.4952966351160160E-013
           8          20   1.7345776413530807E-013
           8          21  -1.6126537185499977E-015
           8          22   1.6497591210193628E-013
           8          23   2.8046378511335590E-014
           8          24   6.5700421597988544E-014
           8          25   7.9249621041950502E-014
           9           1  -1.3142203845970456E-014
           9           2   2.3577732578520973E-013
           9           3  -3.8483358133978154E-013
           9           4  -1.5030405353313282E-013
           9           5  0.26119200071874499     
           9           6  -2.6422839994936753     
           9           7 -0.11544008480264564     
           9           8 -0.14827077692824839     
           9           9   1.4999444867833402     
           9          10   6.5531834877213035E-002
           9          11   8.9787480679851105E-003
           9          12  -9.0831274657113936E-002
           9          13  -3.9683735931369396E-003
           9          14   8.4799947512158848E-014
           9          15   7.3628722641373783E-016
           9          16   7.9517030358059550E-014
           9          17  -1.2353135304481017E-014
           9          18  -1.1520702603512745E-014
           9          19  -1.3748423941027503E-013
           9          20   7.2982536315981624E-014
           9          21  -2.7255544889734560E-015
           9          22   8.1507398829213046E-014
           9          23  -2.8517003759741676E-015
           9          24  -1.9428629747660552E-014
           9          25   2.8779427950255826E-013
          10           1   3.4167023087333099E-013
          10           2  -2.9627071557848918E-013
          10           3  -8.2335011425191723E-013
          10           4  -3.0696300152150276E-013
          10           5 -0.47679743655422041     
          10           6 -0.11544008480264188     
          10           7  -2.4947905593711823     
          10           8  0.27066344359991756     
          10           9   6.5531834877213035E-002
          10          10   1.4162169342602717     
          10          11  -1.6390410313103031E-002
          10          12  -3.9683735931288575E-003
          10          13  -8.5761033467113501E-002
          10          14   2.5482791866679463E-013
          10          15   2.5383659129494115E-015
          10          16   2.6656465868906304E-013
          10          17   7.3117540974324890E-014
          10          18   4.8006090718048710E-014
          10          19   1.8254673763564151E-013
          10          20   3.0292557121978700E-013
          10          21  -7.8305745409447593E-015
          10          22   2.9524184958651957E-013
          10          23  -4.8630533041906778E-015
          10          24   5.8618099488758945E-014
          10          25   3.8745983345471911E-013
          11           1  -4.5195050398420841E-013
          11           2   3.5569149893304029E-013
          11           3   4.8457597088095473E-014
          11           4   2.2199531119667074E-014
          11           5   9.8509077181528695E-002
          11           6  -1.5816853599961669E-002
          11           7   2.8873147837840427E-002
          11           8  -5.5920615363398228E-002
          11           9   8.9787480679851105E-003
          11          10  -1.6390410313103031E-002
          11          11   3.3863525069250233E-003
          11          12  -5.4372087702351428E-004
          11          13   9.9254464015849928E-004
          11          14  -7.7742723592329919E-014
          11          15  -6.9644564729060718E-017
          11          16  -7.8035484694028282E-014
          11          17  -3.2910585528153418E-015
          11          18  -4.0825009330374618E-015
          11          19  -8.4188785679976975E-014
          11          20  -6.8981414898145035E-014
          11          21   9.7656542672066155E-017
          11          22  -6.8467784266749471E-014
          11          23  -1.6983883951718838E-015
          11          24  -3.9785826021376825E-015
          11          25  -6.3276506616466153E-014
          12           1   3.5451698423049892E-013
          12           2  -3.0321741295129641E-013
          12           3   1.4595591766689945E-014
          12           4  -1.8005230697544321E-015
          12           5  -1.5816853599968719E-002
          12           6  0.16000727079893237     
          12           7   6.9906387479876601E-003
          12           8   8.9787480679894231E-003
          12           9  -9.0831274657113936E-002
          12          10  -3.9683735931288575E-003
          12          11  -5.4372087702351428E-004
          12          12   5.5004172011252489E-003
          12          13   2.4031051479302403E-004
          12          14   5.2975086618689162E-014
          12          15  -4.4586921653186686E-017
          12          16   5.3295001189974513E-014
          12          17   7.4806170195354063E-016
          12          18   6.9765255422020887E-016
          12          19   6.6435822138312750E-014
          12          20   4.1187153233921834E-014
          12          21   1.6504983391632183E-016
          12          22   4.0670918041930599E-014
          12          23   1.7268877776278488E-016
          12          24   1.1765283451484420E-015
          12          25   2.8178922182368553E-014
          13           1  -3.3048358008238465E-013
          13           2   3.3372858632587359E-013
          13           3   4.5437366055473167E-014
          13           4   2.9599404831375063E-014
          13           5   2.8873147837847477E-002
          13           6   6.9906387480016766E-003
          13           7  0.15107559546830701     
          13           8  -1.6390410313107083E-002
          13           9  -3.9683735931369396E-003
          13          10  -8.5761033467113501E-002
          13          11   9.9254464015849928E-004
          13          12   2.4031051479302403E-004
          13          13   5.1933815246949112E-003
          13          14  -7.5263495027373052E-014
          13          15  -1.5371436304870846E-016
          13          16  -7.5974230034227222E-014
          13          17  -4.4277368295425989E-015
          13          18  -2.9070771949354140E-015
          13          19  -7.0886405163099969E-014
          13          20  -6.4425567068707468E-014
          13          21   4.7419159380643908E-016
          13          22  -6.3960268360775389E-014
          13          23   2.9448911889537498E-016
          13          24  -3.5497024999800119E-015
          13          25  -6.9544659712023594E-014
          14           1  -1.3068332486480053E-002
          14           2  -1.4476886811610949     
          14           3  0.28043294371115729     
          14           4  -3.3594388946714397E-002
          14           5   5.6568881477572957E-014
          14           6  -1.5861461406924372E-013
          14           7  -3.2791706307097874E-013
          14           8   4.3082458727406852E-014
          14           9   8.4799947512158848E-014
          14          10   2.5482791866679463E-013
          14          11  -7.7742723592329919E-014
          14          12   5.2975086618689162E-014
          14          13  -7.5263495027373052E-014
          14          14  0.20565190859218346     
          14          15  -1.4644896165454705E-014
          14          16  0.20565190859115942     
          14          17  -6.0840859784095402E-014
          14          18  -2.5216375382231452E-014
          14          19  0.20565190858982862     
          14          20  0.14102441941553318     
          14          21   2.7424070951055356E-014
          14          22  0.14102441941447480     
          14          23   1.6866230146029758E-014
          14          24   6.5557549929608545E-015
          14          25  0.14102441941337257     
          15           1  -8.4525260020131871E-014
          15           2   7.4370823594273810E-014
          15           3   1.0580637513892665E-015
          15           4   2.7293927996900840E-015
          15           5  -2.0259620906198225E-015
          15           6  -1.2970346399573949E-015
          15           7  -4.4715545780470342E-015
          15           8   1.1500772319646404E-015
          15           9   7.3628722641373783E-016
          15          10   2.5383659129494115E-015
          15          11  -6.9644564729060718E-017
          15          12  -4.4586921653186686E-017
          15          13  -1.5371436304870846E-016
          15          14  -1.4644896165454705E-014
          15          15   4.4330964862079002E-027
          15          16  -1.4644896165200095E-014
          15          17   1.6206957066020489E-026
          15          18   5.0151014443750367E-027
          15          19  -1.4644896164876101E-014
          15          20  -1.1419345927107425E-014
          15          21  -7.5200541039132056E-027
          15          22  -1.1419345926823462E-014
          15          23  -7.1676933603620347E-027
          15          24  -4.3733178781747876E-027
          15          25  -1.1419345926521074E-014
          16           1  -1.3068332491001547E-002
          16           2  -1.4476886811554273     
          16           3  0.28043294371088950     
          16           4  -3.3594388946529018E-002
          16           5   4.8052453835017814E-014
          16           6  -1.4930829134152554E-013
          16           7  -3.4859236181902910E-013
          16           8   4.7916976398028934E-014
          16           9   7.9517030358059550E-014
          16          10   2.6656465868906304E-013
          16          11  -7.8035484694028282E-014
          16          12   5.3295001189974513E-014
          16          13  -7.5974230034227222E-014
          16          14  0.20565190859115942     
          16          15  -1.4644896165200095E-014
          16          16  0.20565190859013532     
          16          17  -6.0840859783162804E-014
          16          18  -2.5216375381939432E-014
          16          19  0.20565190858880456     
          16          20  0.14102441941475702     
          16          21   2.7424070950620763E-014
          16          22  0.14102441941369870     
          16          23   1.6866230145624776E-014
          16          24   6.5557549927116904E-015
          16          25  0.14102441941259641     
          17           1  -2.9194709419393186E-013
          17           2   3.2886579624159451E-013
          17           3  -1.0173104915699290E-014
          17           4   1.1105483012714676E-014
          17           5  -9.5736973730208882E-014
          17           6   2.1761133192773022E-014
          17           7  -1.2880297257751662E-013
          17           8   5.4346976311124689E-014
          17           9  -1.2353135304481017E-014
          17          10   7.3117540974324890E-014
          17          11  -3.2910585528153418E-015
          17          12   7.4806170195354063E-016
          17          13  -4.4277368295425989E-015
          17          14  -6.0840859784095402E-014
          17          15   1.6206957066020489E-026
          17          16  -6.0840859783162804E-014
          17          17   6.4249436061148673E-026
          17          18   2.3350791571458402E-026
          17          19  -6.0840859781972887E-014
          17          20  -4.6486806290354513E-014
          17          21  -2.7727492390313919E-026
          17          22  -4.6486806289320032E-014
          17          23  -2.4619279083695445E-026
          17          24  -1.0329836240103480E-026
          17          25  -4.6486806288220587E-014
          18           1  -7.6422340065798307E-014
          18           2   1.5128649641263590E-013
          18           3  -1.5186108265202645E-014
          18           4   4.4269920551799449E-015
          18           5  -1.1876005191025679E-013
          18           6   2.0294729851956776E-014
          18           7  -8.4566946643884799E-014
          18           8   6.7416479510516056E-014
          18           9  -1.1520702603512745E-014
          18          10   4.8006090718048710E-014
          18          11  -4.0825009330374618E-015
          18          12   6.9765255422020887E-016
          18          13  -2.9070771949354140E-015
          18          14  -2.5216375382231452E-014
          18          15   5.0151014443750367E-027
          18          16  -2.5216375381939432E-014
          18          17   2.3350791571458402E-026
          18          18   1.1438332497188790E-026
          18          19  -2.5216375381561413E-014
          18          20  -1.8548950202012810E-014
          18          21  -8.6999926918726981E-027
          18          22  -1.8548950201693312E-014
          18          23  -5.7637784420578969E-027
          18          24   1.1539064667001332E-027
          18          25  -1.8548950201358046E-014
          19           1  -1.3068332496708232E-002
          19           2  -1.4476886811480056     
          19           3  0.28043294371049987     
          19           4  -3.3594388946288786E-002
          19           5  -1.3094722227005541E-013
          19           6   2.3295851121810825E-013
          19           7  -2.0058741202062344E-013
          19           8   1.4952966351160160E-013
          19           9  -1.3748423941027503E-013
          19          10   1.8254673763564151E-013
          19          11  -8.4188785679976975E-014
          19          12   6.6435822138312750E-014
          19          13  -7.0886405163099969E-014
          19          14  0.20565190858982862     
          19          15  -1.4644896164876101E-014
          19          16  0.20565190858880456     
          19          17  -6.0840859781972887E-014
          19          18  -2.5216375381561413E-014
          19          19  0.20565190858747376     
          19          20  0.14102441941375113     
          19          21   2.7424070950067819E-014
          19          22  0.14102441941269281     
          19          23   1.6866230145114127E-014
          19          24   6.5557549924004643E-015
          19          25  0.14102441941159052     
          20           1   2.5796410749893403E-002
          20           2 -0.98106053774876223     
          20           3  0.18375207125296544     
          20           4  -2.3174224431890770E-002
          20           5  -2.0363060982910091E-013
          20           6  -1.3828719861541899E-013
          20           7  -4.4169394022790970E-013
          20           8   1.7345776413530807E-013
          20           9   7.2982536315981624E-014
          20          10   3.0292557121978700E-013
          20          11  -6.8981414898145035E-014
          20          12   4.1187153233921834E-014
          20          13  -6.4425567068707468E-014
          20          14  0.14102441941553318     
          20          15  -1.1419345927107425E-014
          20          16  0.14102441941475702     
          20          17  -4.6486806290354513E-014
          20          18  -1.8548950202012810E-014
          20          19  0.14102441941375113     
          20          20   9.7266506647748219E-002
          20          21   2.1063986879573658E-014
          20          22   9.7266506646937631E-002
          20          23   1.3998741143614589E-014
          20          24   6.1416214393122469E-015
          20          25   9.7266506646090767E-002
          21           1   1.3842453177181497E-013
          21           2  -1.4594125032063770E-013
          21           3   2.9050823407532879E-015
          21           4  -5.0327426047568977E-015
          21           5   2.8408312140140105E-015
          21           6   4.8013037011686590E-015
          21           7   1.3794245052915858E-014
          21           8  -1.6126537185499977E-015
          21           9  -2.7255544889734560E-015
          21          10  -7.8305745409447593E-015
          21          11   9.7656542672066155E-017
          21          12   1.6504983391632183E-016
          21          13   4.7419159380643908E-016
          21          14   2.7424070951055356E-014
          21          15  -7.5200541039132056E-027
          21          16   2.7424070950620763E-014
          21          17  -2.7727492390313919E-026
          21          18  -8.6999926918726981E-027
          21          19   2.7424070950067819E-014
          21          20   2.1063986879573658E-014
          21          21   1.2810464285361508E-026
          21          22   2.1063986879090383E-014
          21          23   1.2078580074578660E-026
          21          24   7.2004982766946901E-027
          21          25   2.1063986878575654E-014
          22           1   2.5796410744693757E-002
          22           2 -0.98106053774308222     
          22           3  0.18375207125281828     
          22           4  -2.3174224431697112E-002
          22           5  -1.8868908225405787E-013
          22           6  -1.5330449293146284E-013
          22           7  -4.2815838947648667E-013
          22           8   1.6497591210193628E-013
          22           9   8.1507398829213046E-014
          22          10   2.9524184958651957E-013
          22          11  -6.8467784266749471E-014
          22          12   4.0670918041930599E-014
          22          13  -6.3960268360775389E-014
          22          14  0.14102441941447480     
          22          15  -1.1419345926823462E-014
          22          16  0.14102441941369870     
          22          17  -4.6486806289320032E-014
          22          18  -1.8548950201693312E-014
          22          19  0.14102441941269281     
          22          20   9.7266506646937631E-002
          22          21   2.1063986879090383E-014
          22          22   9.7266506646127016E-002
          22          23   1.3998741143158949E-014
          22          24   6.1416214390282617E-015
          22          25   9.7266506645280165E-002
          23           1   1.4994096144577360E-013
          23           2  -6.7973999425160465E-014
          23           3  -1.4160673226502211E-014
          23           4  -3.3508387247237031E-015
          23           5  -4.9406159919344777E-014
          23           6   5.0235207643733177E-015
          23           7   8.5666956661690691E-015
          23           8   2.8046378511335590E-014
          23           9  -2.8517003759741676E-015
          23          10  -4.8630533041906778E-015
          23          11  -1.6983883951718838E-015
          23          12   1.7268877776278488E-016
          23          13   2.9448911889537498E-016
          23          14   1.6866230146029758E-014
          23          15  -7.1676933603620347E-027
          23          16   1.6866230145624776E-014
          23          17  -2.4619279083695445E-026
          23          18  -5.7637784420578969E-027
          23          19   1.6866230145114127E-014
          23          20   1.3998741143614589E-014
          23          21   1.2078580074578660E-026
          23          22   1.3998741143158949E-014
          23          23   1.2938086679548811E-026
          23          24   9.2770893575095887E-027
          23          25   1.3998741142669799E-014
          24           1   1.0175856743816611E-013
          24           2  -1.1807816153572419E-014
          24           3  -1.6202792759426869E-014
          24           4  -1.4739328920515793E-015
          24           5  -1.1573706512338114E-013
          24           6   3.4225238311589596E-014
          24           7  -1.0326093247089943E-013
          24           8   6.5700421597988544E-014
          24           9  -1.9428629747660552E-014
          24          10   5.8618099488758945E-014
          24          11  -3.9785826021376825E-015
          24          12   1.1765283451484420E-015
          24          13  -3.5497024999800119E-015
          24          14   6.5557549929608545E-015
          24          15  -4.3733178781747876E-027
          24          16   6.5557549927116904E-015
          24          17  -1.0329836240103480E-026
          24          18   1.1539064667001332E-027
          24          19   6.5557549924004643E-015
          24          20   6.1416214393122469E-015
          24          21   7.2004982766946901E-027
          24          22   6.1416214390282617E-015
          24          23   9.2770893575095887E-027
          24          24   1.0980640666995289E-026
          24          25   6.1416214387214871E-015
          25           1   2.5796410739115636E-002
          25           2 -0.98106053773722124     
          25           3  0.18375207125270510     
          25           4  -2.3174224431494771E-002
          25           5  -3.7674688590909798E-014
          25           6  -5.1669695772637691E-013
          25           7  -5.9060847038995924E-013
          25           8   7.9249621041950502E-014
          25           9   2.8779427950255826E-013
          25          10   3.8745983345471911E-013
          25          11  -6.3276506616466153E-014
          25          12   2.8178922182368553E-014
          25          13  -6.9544659712023594E-014
          25          14  0.14102441941337257     
          25          15  -1.1419345926521074E-014
          25          16  0.14102441941259641     
          25          17  -4.6486806288220587E-014
          25          18  -1.8548950201358046E-014
          25          19  0.14102441941159052     
          25          20   9.7266506646090767E-002
          25          21   2.1063986878575654E-014
          25          22   9.7266506645280165E-002
          25          23   1.3998741142669799E-014
          25          24   6.1416214387214871E-015
          25          25   9.7266506644433301E-002
