           1           1   33.003894441220531     
           1           2   128.10902011828836     
           1           3   236.41147595220392     
           1           4  -218.99094733171574     
           1           5   99.642413333814872     
           1           6   175.17458553977605     
           1           7   1.6025636005745980     
           1           8   1.6764280312037396E-009
           1           9   7.0221304974209195E-010
           1          10  -1.4684674875523143E-010
           1          11   1.7703310642565102E-008
           1          12   7.4214428706588685E-009
           1          13  -1.5577608535599931E-009
           1          14   1.0214024366476175E-007
           1          15   4.2383892311857060E-008
           1          16  -9.0486992263366438E-009
           1          17  -1.0825625720243708E-007
           1          18  -4.4614946528186819E-008
           1          19   9.5889849587890472E-009
           1          20   3.3260819745731394E-008
           1          21   1.3609929719952662E-008
           1          22  -2.9530758028336158E-009
           1          23  -8.2987558736736906E-011
           1          24  -1.2247176972995103E-011
           1          25   1.5565108682598008E-011
           1          26  -127.46218372828213     
           1          27  -1.9681967958987959E-012
           1          28  -127.46218372828584     
           1          29   5.7953942268804184E-013
           1          30  -1.4562878937496042E-012
           1          31  -127.46218372828930     
           1          32   56.091234089688470     
           1          33  -4.9794023823035053E-013
           1          34   56.091234089681414     
           1          35   1.0032028384699044E-011
           1          36  -2.7066762121902042E-013
           1          37   56.091234089687212     
           1          38   25.276761320586075     
           1          39   4.0806773865276838E-013
           1          40   25.276761320596318     
           1          41  -9.6345653364961961E-012
           1          42  -1.1976965730896497E-013
           1          43   25.276761320595813     
           1          44  -5.7253818918778947     
           1          45   1.0382483871839492E-012
           1          46  -5.7253818918825869     
           1          47   1.8352603885802278E-012
           1          48   6.0965686841084753E-013
           1          49  -5.7253818918853305     
           1          50  -1.2711010887819356E-008
           1          51  -2.3682371437310728E-009
           1          52  -5.6830496263740984E-009
           1          53  -5.2956229635682863E-009
           1          54   5.0222809904831138E-010
           1          55  -1.0352498984178550E-013
           1          56   4.9748197745945853E-010
           1          57  -5.6802946807618989E-009
           1          58  -2.3688184931451588E-009
           1          59   1.1153808331737527E-009
           1          60  -9.8227565016500928E-009
           1          61  -1.8713148133733227E-009
           1          62  -4.3930931189630021E-009
           1          63  -4.1881697560391360E-009
           1          64   3.8902103011691924E-010
           1          65   4.2382565618590339E-013
           1          66   3.9221609188920118E-010
           1          67  -4.3948283850151754E-009
           1          68  -1.8709492464427906E-009
           1          69   8.7628665413742244E-010
           2           1   128.10902011828836     
           2           2   499.14408441735776     
           2           3   945.86318823978309     
           2           4  -846.11799340682569     
           2           5   435.27697381587404     
           2           6   762.08340138086817     
           2           7   12.381907760213286     
           2           8   6.1748808765165516E-009
           2           9   2.6559028788260714E-009
           2          10  -5.8563061256751124E-010
           2          11   6.5232422277651729E-008
           2          12   2.8070004208301512E-008
           2          13  -6.1866667717329487E-009
           2          14   3.7701689391950602E-007
           2          15   1.6062707447872481E-007
           2          16  -3.5957145948244086E-008
           2          17  -3.9984111455034989E-007
           2          18  -1.6923931548861609E-007
           2          19   3.8139482752614823E-008
           2          20   1.2293397060364410E-007
           2          21   5.1683248869025324E-008
           2          22  -1.1756949352255459E-008
           2          23  -3.3321739929123594E-010
           2          24  -6.3006719730964499E-011
           2          25   6.4119685649115755E-011
           2          26  -527.16211024236236     
           2          27  -6.6122696039519509E-012
           2          28  -527.16211024238032     
           2          29   5.4814661769274898E-012
           2          30  -4.1864586696785201E-012
           2          31  -527.16211024239010     
           2          32   191.15872227755480     
           2          33  -2.8123155547575201E-012
           2          34   191.15872227752851     
           2          35   3.6113832878853940E-011
           2          36  -9.0482383310504821E-013
           2          37   191.15872227755105     
           2          38   101.30794746424377     
           2          39   1.7661286530045049E-012
           2          40   101.30794746428529     
           2          41  -3.6965532427620758E-011
           2          42  -1.8692941852792745E-012
           2          43   101.30794746428107     
           2          44  -32.383717087224909     
           2          45   4.5225241318542398E-012
           2          46  -32.383717087244776     
           2          47   7.8208126886480051E-012
           2          48   3.1786919184350556E-012
           2          49  -32.383717087253800     
           2          50  -4.6854193134590057E-008
           2          51  -8.9640570697568856E-009
           2          52  -2.0949047343436483E-008
           2          53  -2.0044691015318385E-008
           2          54   1.9968489618101616E-009
           2          55   3.4928493923374042E-014
           2          56   1.9768807274526717E-009
           2          57  -2.0937782808676776E-008
           2          58  -8.9664205348535569E-009
           2          59   4.4357578186155025E-009
           2          60  -3.6183395015263749E-008
           2          61  -7.0691762906889087E-009
           2          62  -1.6181713026844231E-008
           2          63  -1.5821833757459637E-008
           2          64   1.5401990254557970E-009
           2          65   1.1866964504452515E-012
           2          66   1.5527995965818049E-009
           2          67  -1.6189050234200924E-008
           2          68  -7.0673950540684720E-009
           2          69   3.4668934671910487E-009
           3           1   236.41147595220392     
           3           2   945.86318823978309     
           3           3   2118.9662595743789     
           3           4  -1491.4382844521838     
           3           5   1435.7513096368089     
           3           6   2472.2698043976388     
           3           7   101.51565279620384     
           3           8   9.2829817543526387E-009
           3           9   5.1899572803349920E-009
           3          10  -1.4658182533266734E-009
           3          11   9.8484651652517035E-008
           3          12   5.4763325595565468E-008
           3          13  -1.5063991780231991E-008
           3          14   5.6504260831753123E-007
           3          15   3.2308894877184465E-007
           3          16  -9.2578963443421625E-008
           3          17  -5.9666398568858289E-007
           3          18  -3.4648886567177139E-007
           3          19   1.0148552982934806E-007
           3          20   1.8254931271836771E-007
           3          21   1.0793804884323051E-007
           3          22  -3.2398117372107441E-008
           3          23  -2.5698032943106982E-010
           3          24  -7.0704512474626126E-010
           3          25   4.5446087659343154E-010
           3          26  -1398.5623514345907     
           3          27  -7.6959320075915153E-012
           3          28  -1398.5623514346416     
           3          29   1.9811333980380757E-011
           3          30   5.3718658195364246E-012
           3          31  -1398.5623514346378     
           3          32   2.9567557457735241     
           3          33  -4.8382585849042164E-012
           3          34   2.9567557457032563     
           3          35   7.1462008118932455E-011
           3          36   8.8988435936189714E-012
           3          37   2.9567557457795344     
           3          38   226.08863943077020     
           3          39  -8.4501128069194822E-013
           3          40   226.08863943088889     
           3          41  -8.5324682582293273E-011
           3          42  -2.6632532483556002E-011
           3          43   226.08863943083438     
           3          44  -191.51559481337293     
           3          45   1.5532699000842717E-011
           3          46  -191.51559481343375     
           3          47   2.6791420409035928E-011
           3          48   1.7102748157047449E-011
           3          49  -191.51559481342693     
           3          50  -7.0449387511560836E-008
           3          51  -1.7774993292100496E-008
           3          52  -3.1510181722986782E-008
           3          53  -3.9748578277902099E-008
           3          54   5.0181038711345952E-009
           3          55   5.7233925126788646E-012
           3          56   4.9608262382612233E-009
           3          57  -3.1482012260043417E-008
           3          58  -1.7780980013626526E-008
           3          59   1.1170762959907500E-008
           3          60  -5.5124327277658247E-008
           3          61  -1.3286081808270896E-008
           3          62  -2.4640790138997033E-008
           3          63  -2.9735596123080183E-008
           3          64   3.4634781370460211E-009
           3          65  -3.9174938554010341E-012
           3          66   3.4894326381908441E-009
           3          67  -2.4662298867033981E-008
           3          68  -1.3277894848704371E-008
           3          69   7.7607728542096300E-009
           4           1  -218.99094733171574     
           4           2  -846.11799340682569     
           4           3  -1491.4382844521838     
           4           4   1960.2193942475071     
           4           5  -799.71960124731083     
           4           6  -1534.0139910762757     
           4           7  -74.603295843595930     
           4           8  -9.0213153291529961E-009
           4           9  -2.3766146722240943E-009
           4          10  -1.3728701603736624E-010
           4          11  -9.3673656403313419E-008
           4          12  -2.5333327896747059E-008
           4          13  -1.2528525410648973E-010
           4          14  -5.5045886416150052E-007
           4          15  -1.2946277070581962E-007
           4          16  -8.7495856985271810E-009
           4          17   5.8919542862756665E-007
           4          18   1.2650361383694410E-007
           4          19   1.4475551875770601E-008
           4          20  -1.8302135091889031E-007
           4          21  -3.5198098031583595E-008
           4          22  -6.1971586754688234E-009
           4          23   1.0039411497963379E-009
           4          24  -8.7255805482875165E-010
           4          25   4.4983566889807441E-010
           4          26   849.68230021067643     
           4          27   9.5984449040832980E-012
           4          28   849.68230021071747     
           4          29  -1.7571813517229885E-011
           4          30   2.0586753863776559E-011
           4          31   849.68230021073168     
           4          32  -388.80636674874251     
           4          33   1.6614428455693614E-011
           4          34  -388.80636674870578     
           4          35  -5.5726416615598103E-011
           4          36   6.9719964192260646E-012
           4          37  -388.80636674874211     
           4          38  -245.78747078580679     
           4          39  -1.0802743164440804E-011
           4          40  -245.78747078587659     
           4          41   5.7959088474263270E-011
           4          42  -2.7304520043155942E-012
           4          43  -245.78747078586895     
           4          44   87.328068308268485     
           4          45  -9.7533209480390468E-012
           4          46   87.328068308303671     
           4          47  -6.0959301791618607E-012
           4          48  -5.2938507390958541E-012
           4          49   87.328068308318720     
           4          50   6.7864501336145841E-008
           4          51   7.6285916476287492E-009
           4          52   3.0337323726239487E-008
           4          53   1.7058315643595695E-008
           4          54   2.7497739407628296E-010
           4          55  -1.5781394758288960E-012
           4          56   3.0334087698174616E-010
           4          57   3.0315697031921533E-008
           4          58   7.6263746279066041E-009
           4          59   6.6710393755506233E-010
           4          60   5.0966387239435292E-008
           4          61   7.2230952439661030E-009
           4          62   2.2802338477739787E-008
           4          63   1.6175476786370731E-008
           4          64  -4.2358154124113972E-010
           4          65  -5.0604090418481885E-012
           4          66  -4.4224026273828255E-010
           4          67   2.2812146946374860E-008
           4          68   7.2244875323071739E-009
           4          69  -9.9284003503497269E-010
           5           1   99.642413333814872     
           5           2   435.27697381587404     
           5           3   1435.7513096368089     
           5           4  -799.71960124731083     
           5           5   1673.2691491538346     
           5           6   2918.6018975627571     
           5           7   201.51242808326134     
           5           8   4.4950848230749918E-011
           5           9   1.5924557552120909E-009
           5          10  -6.4342976650263036E-010
           5          11   4.0792591183026324E-010
           5          12   1.6765552865065708E-008
           5          13  -6.6697630800673718E-009
           5          14  -9.0573986062097226E-010
           5          15   1.0682848034721625E-007
           5          16  -4.4132502355355788E-008
           5          17   2.8304865961115749E-009
           5          18  -1.1938572675326880E-007
           5          19   5.0421282486255234E-008
           5          20  -1.5276867414799757E-009
           5          21   3.8861432670256634E-008
           5          22  -1.6777366521157180E-008
           5          23   1.7461070616601092E-010
           5          24  -7.0289419369335636E-010
           5          25   4.0529368113796478E-010
           5          26  -1258.9737290182049     
           5          27  -3.8024441354346149E-012
           5          28  -1258.9737290182429     
           5          29   1.0966204458563702E-011
           5          30   1.5043843315256108E-011
           5          31  -1258.9737290182209     
           5          32  -537.85672528312648     
           5          33   3.4262679712403277E-012
           5          34  -537.85672528320958     
           5          35   5.7661163283527338E-011
           5          36   1.9642125037846839E-011
           5          37  -537.85672528310067     
           5          38   199.86110447924020     
           5          39  -8.9763957686644851E-012
           5          40   199.86110447937077     
           5          41  -7.3585592283496603E-011
           5          42  -4.6801345002593337E-011
           5          43   199.86110447925915     
           5          44  -314.55871490831612     
           5          45   2.0277138733948962E-011
           5          46  -314.55871490838365     
           5          47   2.9157510169344903E-011
           5          48   2.5669928419134504E-011
           5          49  -314.55871490834045     
           5          50  -8.2708480174187570E-011
           5          51  -5.6818432373302289E-009
           5          52  -5.7782800509745995E-011
           5          53  -1.2708468140675439E-008
           5          54   2.3313560377005349E-009
           5          55   1.2536594473758705E-011
           5          56   2.2769262482951116E-009
           5          57  -3.2485930695929078E-011
           5          58  -5.6835505701655124E-009
           5          59   5.1974822307996921E-009
           5          60  -5.4909945829705853E-010
           5          61  -3.6519991181150560E-009
           5          62  -2.2698452269055872E-010
           5          63  -8.1768706200494497E-009
           5          64   1.3406852766169642E-009
           5          65  -9.9794632297168716E-012
           5          66   1.3544518312867261E-009
           5          67  -2.4759626208395731E-010
           5          68  -3.6429820866009157E-009
           5          69   2.9655813491031555E-009
           6           1   175.17458553977605     
           6           2   762.08340138086817     
           6           3   2472.2698043976388     
           6           4  -1534.0139910762757     
           6           5   2918.6018975627571     
           6           6   5125.3297980821926     
           6           7   362.62612992564073     
           6           8  -8.7077728740525846E-009
           6           9  -1.6863231267873594E-009
           6          10   4.2613223819256441E-010
           6          11  -9.2286871791126542E-008
           6          12  -1.7661758434466544E-008
           6          13   4.3160385117220015E-009
           6          14  -5.2132339716272059E-007
           6          15  -9.1788255502272975E-008
           6          16   1.8706399396158177E-008
           6          17   5.5170194989740168E-007
           6          18   9.3548134398620304E-008
           6          19  -1.6476005135206545E-008
           6          20  -1.6924049902295518E-007
           6          21  -2.7378161405877830E-008
           6          22   3.8634237937691742E-009
           6          23   2.2600952368123741E-010
           6          24  -3.6965468910105864E-010
           6          25   3.5439656259992189E-010
           6          26  -2176.3311774784856     
           6          27   1.4783819415352379E-011
           6          28  -2176.3311774785971     
           6          29   6.3958555952309585E-011
           6          30   2.4305063734798059E-011
           6          31  -2176.3311774785161     
           6          32  -910.41069796467207     
           6          33  -2.4300231529774632E-011
           6          34  -910.41069796476052     
           6          35   4.3930890572575254E-011
           6          36   3.0222772781566045E-011
           6          37  -910.41069796462477     
           6          38   366.63219453919561     
           6          39   1.2395389921294435E-012
           6          40   366.63219453939291     
           6          41  -9.6870122629051834E-011
           6          42  -7.8213026952475168E-011
           6          43   366.63219453922812     
           6          44  -553.12008543809463     
           6          45   3.3756096677750218E-011
           6          46  -553.12008543820832     
           6          47   4.4802819874588397E-011
           6          48   4.4275421246233646E-011
           6          49  -553.12008543813738     
           6          50   6.6503321087292075E-008
           6          51   5.5310188125782716E-009
           6          52   2.9706455271880967E-008
           6          53   1.2361832275125944E-008
           6          54  -1.2138889111147813E-009
           6          55   2.2079773666942320E-011
           6          56  -1.3070065977325668E-009
           6          57   2.9751074407878773E-008
           6          58   5.5296214939003741E-009
           6          59  -2.7424835634589864E-009
           6          60   5.0000232326677121E-008
           6          61   4.4434826805626507E-009
           6          62   2.2390495733435539E-008
           6          63   9.9172496133738881E-009
           6          64  -1.2911258993239902E-009
           6          65  -1.6459952251555320E-011
           6          66  -1.2677751456564742E-009
           6          67   2.2355379346276759E-008
           6          68   4.4579810852744239E-009
           6          69  -2.9407176666969825E-009
           7           1   1.6025636005745980     
           7           2   12.381907760213286     
           7           3   101.51565279620384     
           7           4  -74.603295843595930     
           7           5   201.51242808326134     
           7           6   362.62612992564073     
           7           7   32.207761035773849     
           7           8  -3.3479681705490042E-009
           7           9  -1.4211354412692914E-009
           7          10   4.3113608607201703E-010
           7          11  -3.5442290063384091E-008
           7          12  -1.4946825575924738E-008
           7          13   4.4456496604749650E-009
           7          14  -1.9999895250295472E-007
           7          15  -8.6709665527346622E-008
           7          16   2.5446568860564008E-008
           7          17   2.1108382809304336E-007
           7          18   9.2924868449386757E-008
           7          19  -2.7055651957610963E-008
           7          20  -6.4548983447776155E-008
           7          21  -2.8905335181016556E-008
           7          22   8.3420369056261778E-009
           7          23   4.3750518186484030E-011
           7          24   1.5491904969916144E-010
           7          25  -2.4820013159677843E-011
           7          26  -123.91467947415163     
           7          27   6.1575791907679095E-012
           7          28  -123.91467947416777     
           7          29   1.3732662373762102E-011
           7          30   2.0337467546664086E-012
           7          31  -123.91467947415164     
           7          32  -90.746675659507687     
           7          33  -7.8372799911071015E-012
           7          34  -90.746675659501506     
           7          35  -1.1281322872788742E-011
           7          36   1.6640076760107943E-012
           7          37  -90.746675659503381     
           7          38   24.799637627200674     
           7          39   3.3279676203950494E-012
           7          40   24.799637627207151     
           7          41   1.9495546439812486E-012
           7          42  -5.5965132033245509E-012
           7          43   24.799637627199694     
           7          44  -44.606768914766924     
           7          45   2.0869102169168413E-012
           7          46  -44.606768914773681     
           7          47   1.6799738681505798E-012
           7          48   3.2974431822039042E-012
           7          49  -44.606768914767649     
           7          50   2.5448105766910292E-008
           7          51   4.8618737821583415E-009
           7          52   1.1377660779037156E-008
           7          53   1.0871068712289487E-008
           7          54  -1.4356057077750197E-009
           7          55   1.9228628753745854E-012
           7          56  -1.4409407123310231E-009
           7          57   1.1380373775756699E-008
           7          58   4.8623953414016778E-009
           7          59  -3.2096212574666015E-009
           7          60   1.9409678580878734E-008
           7          61   3.5498950305594403E-009
           7          62   8.6821310026827618E-009
           7          63   7.9377979422385352E-009
           7          64  -1.0728627570821006E-009
           7          65  -1.2900879549356551E-012
           7          66  -1.0723817130668132E-009
           7          67   8.6801351771897045E-009
           7          68   3.5506338015067373E-009
           7          69  -2.4053332721703051E-009
           8           1   1.6764280312037396E-009
           8           2   6.1748808765165516E-009
           8           3   9.2829817543526387E-009
           8           4  -9.0213153291529961E-009
           8           5   4.4950848230749918E-011
           8           6  -8.7077728740525846E-009
           8           7  -3.3479681705490042E-009
           8           8   1.8180913790006994     
           8           9   3.6170982877990641E-011
           8          10   5.6295940004390026E-013
           8          11   19.264191048600164     
           8          12   4.7751091971948507E-010
           8          13   3.5709879487630396E-011
           8          14   95.541624896700199     
           8          15   1.5001546673302139E-009
           8          16   1.3267520408544967E-010
           8          17  -93.606593839520201     
           8          18  -8.8814644548007687E-010
           8          19   1.5356782520572090E-010
           8          20   26.102408897486001     
           8          21  -2.2198243174910735E-011
           8          22  -1.8186430142421640E-010
           8          23  0.69002625639562754     
           8          24   9.8921759670661517E-011
           8          25   6.8482365612399038E-011
           8          26  -2.2138059511935304E-009
           8          27  -2.3390592417454676E-011
           8          28  -2.2409237780299400E-009
           8          29   1.0742793596959790E-011
           8          30  -6.6222976503886606E-012
           8          31  -2.2161225965674093E-009
           8          32   5.7377671266750081E-009
           8          33  -2.5079088598294621E-011
           8          34   5.7395142071645623E-009
           8          35  -1.1173738932218154E-011
           8          36  -2.4403562507003414E-011
           8          37   5.7125623372388976E-009
           8          38   2.6578667710170942E-009
           8          39   2.7833347278426143E-011
           8          40   2.6886162478238117E-009
           8          41   1.4737096302183816E-012
           8          42   4.4613359012208836E-012
           8          43   2.7046441312604035E-009
           8          44   3.4147876151050575E-009
           8          45  -1.9773986307537257E-011
           8          46   3.4200153994705115E-009
           8          47  -7.5980026524275956E-013
           8          48   2.0540637610481810E-011
           8          49   3.4156930351560495E-009
           8          50  -13.128432450873214     
           8          51  -1.4649703673274441E-010
           8          52  -5.8712134796299864     
           8          53  -2.4867796712746609E-010
           8          54   7.0483896533705383E-012
           8          55  -6.1969746368008901E-012
           8          56  -9.5708163580473786E-012
           8          57  -5.8712134796337363     
           8          58  -1.2901679725463976E-010
           8          59   5.0093262953118888E-012
           8          60  -11.675301551818668     
           8          61  -1.4183265673514617E-010
           8          62  -5.2213535855127828     
           8          63  -3.9557335186297079E-010
           8          64  -3.9245773295947868E-011
           8          65   7.1203956365519950E-012
           8          66  -5.7496979397935761E-011
           8          67  -5.2213535855206796     
           8          68  -1.6143686388165647E-010
           8          69  -1.0259187943203014E-010
           9           1   7.0221304974209195E-010
           9           2   2.6559028788260714E-009
           9           3   5.1899572803349920E-009
           9           4  -2.3766146722240943E-009
           9           5   1.5924557552120909E-009
           9           6  -1.6863231267873594E-009
           9           7  -1.4211354412692914E-009
           9           8   3.6170982877990641E-011
           9           9   1.8180913790510165     
           9          10   6.0503684659321501E-014
           9          11   2.5028112918230385E-010
           9          12   19.264191048969778     
           9          13  -1.0751247115395594E-010
           9          14   1.2866117062517096E-009
           9          15   95.541624898766059     
           9          16  -8.7502938232673711E-010
           9          17  -1.2585914534975003E-009
           9          18  -93.606593841862960     
           9          19   9.7475050258380817E-010
           9          20   3.4419755941699085E-010
           9          21   26.102408898322327     
           9          22  -2.9873192809959031E-010
           9          23   2.8108904073303431E-012
           9          24  0.69002625631406733     
           9          25  -2.0507595621222463E-011
           9          26  -2.1489406482146303E-009
           9          27   3.3537054293573489E-011
           9          28  -2.1326082599037098E-009
           9          29  -1.2012140827665709E-011
           9          30   2.4232808027220012E-012
           9          31  -2.1807627929882008E-009
           9          32   1.3787165088409077E-009
           9          33   1.7770766234998716E-011
           9          34   1.3516380562466801E-009
           9          35  -6.0105813869258311E-013
           9          36   1.1099452412145932E-011
           9          37   1.3308102097517927E-009
           9          38   1.1054428960734108E-009
           9          39  -3.1321697407135886E-011
           9          40   1.1144763743132072E-009
           9          41   1.2541437197236996E-011
           9          42  -1.2166325200111070E-011
           9          43   1.1886932661766650E-009
           9          44   1.2896435252315864E-009
           9          45   3.3658135521154501E-011
           9          46   1.2544805885930149E-009
           9          47   3.8193267069107404E-012
           9          48   1.5288331098473332E-012
           9          49   1.2294274193172537E-009
           9          50  -1.6953816130928263E-010
           9          51  -5.8712134797515958     
           9          52  -1.0226974823529038E-010
           9          53  -13.128432451188612     
           9          54   3.5393007970957978E-011
           9          55  -8.3794084803446608E-012
           9          56   4.9785092717115030E-011
           9          57  -7.5779604823127027E-011
           9          58  -5.8712134797425568     
           9          59   6.5199456949240005E-011
           9          60  -1.4237322433252526E-010
           9          61  -5.2213535856110695     
           9          62  -6.4501626267459318E-011
           9          63  -11.675301551922542     
           9          64   1.2729921284856101E-011
           9          65  -8.3028218805641883E-013
           9          66   3.0872443491636562E-011
           9          67  -8.6611551269426809E-011
           9          68  -5.2213535856049047     
           9          69   7.9597078930424807E-011
          10           1  -1.4684674875523143E-010
          10           2  -5.8563061256751124E-010
          10           3  -1.4658182533266734E-009
          10           4  -1.3728701603736624E-010
          10           5  -6.4342976650263036E-010
          10           6   4.2613223819256441E-010
          10           7   4.3113608607201703E-010
          10           8   5.6295940004390026E-013
          10           9   6.0503684659321501E-014
          10          10   1.8180913790271762     
          10          11   8.1424200700900231E-011
          10          12  -4.0646930273721983E-011
          10          13   19.264191048642370     
          10          14   5.3194160177974363E-010
          10          15   1.2936074428586235E-010
          10          16   95.541624897754062     
          10          17  -5.7168847422379351E-010
          10          18  -3.1327096466325798E-010
          10          19  -93.606593841173790     
          10          20   1.8962320598756723E-010
          10          21   1.3316747702474232E-010
          10          22   26.102408898181409     
          10          23   2.0616147781855331E-013
          10          24  -1.0315515802099209E-011
          10          25  0.69002625633837511     
          10          26   7.1419130886647288E-010
          10          27  -1.5715224264743479E-011
          10          28   7.0160245538334643E-010
          10          29   5.2248869232106728E-012
          10          30  -7.2531471266370761E-012
          10          31   7.2179694932306112E-010
          10          32  -5.7787222277102107E-011
          10          33  -1.1757277536844775E-011
          10          34  -4.2094291628568165E-011
          10          35  -4.7017410779540945E-012
          10          36  -6.2323015338802545E-012
          10          37  -5.0311746273213780E-011
          10          38  -2.6405819162526925E-010
          10          39   1.2725717190939282E-011
          10          40  -2.6884236389607279E-010
          10          41  -6.3957090953755796E-012
          10          42   7.3178728923932764E-012
          10          43  -2.8428510375966058E-010
          10          44  -3.6084560332040472E-010
          10          45  -1.5956409410529008E-011
          10          46  -3.5411351834367871E-010
          10          47   4.4356100128891230E-012
          10          48  -3.0719120043904654E-012
          10          49  -3.3972523953110845E-010
          10          50  -6.3018312778985038E-011
          10          51  -9.4139834789245837E-012
          10          52  -1.7018553228247751E-011
          10          53   3.1956465257861200E-011
          10          54  -5.8712134796627113     
          10          55   5.2487171183473376E-012
          10          56  -5.8712134796769151     
          10          57  -1.5260431802026720E-011
          10          58  -7.0590477880249715E-012
          10          59  -13.128432450951523     
          10          60  -5.3884313671741886E-011
          10          61   3.6017404338219318E-011
          10          62  -2.9714744551170138E-011
          10          63   3.7917974319164328E-011
          10          64  -5.2213535854822020     
          10          65  -2.3032778587796504E-012
          10          66  -5.2213535854867699     
          10          67  -2.3669552426504574E-011
          10          68   2.5319739362135434E-011
          10          69  -11.675301551725726     
          11           1   1.7703310642565102E-008
          11           2   6.5232422277651729E-008
          11           3   9.8484651652517035E-008
          11           4  -9.3673656403313419E-008
          11           5   4.0792591183026324E-010
          11           6  -9.2286871791126542E-008
          11           7  -3.5442290063384091E-008
          11           8   19.264191048600164     
          11           9   2.5028112918230385E-010
          11          10   8.1424200700900231E-011
          11          11   204.16190524695671     
          11          12   3.6806362405183027E-009
          11          13   1.1560432610038735E-009
          11          14   1007.7559073675513     
          11          15   5.4862709950277262E-009
          11          16   7.3867809638800724E-009
          11          17  -984.24665796720922     
          11          18   3.0870239674955995E-009
          11          19  -5.6350870627052462E-009
          11          20   273.29510172698195     
          11          21  -4.5751136205122357E-009
          11          22   6.2889782239193644E-010
          11          23   7.5810601001083251     
          11          24   1.1916887476605449E-009
          11          25   6.2598126683052546E-010
          11          26  -2.3634911808613913E-008
          11          27  -2.3425418825218520E-010
          11          28  -2.3931310268261512E-008
          11          29   1.2138193491287964E-010
          11          30  -8.1527106085013731E-011
          11          31  -2.3652467273742072E-008
          11          32   6.0327122864444650E-008
          11          33  -2.7452234795502059E-010
          11          34   6.0360673439561063E-008
          11          35  -1.2954868338880521E-010
          11          36  -2.3821013888923137E-010
          11          37   6.0046587241616763E-008
          11          38   2.7799841648327385E-008
          11          39   2.9659658910116285E-010
          11          40   2.8115636652051156E-008
          11          41   2.3561976877047891E-011
          11          42   3.6767110105142467E-011
          11          43   2.8305340521808245E-008
          11          44   3.6077669866625300E-008
          11          45  -2.0660291984506516E-010
          11          46   3.6130534186934101E-008
          11          47  -8.8183488321603428E-012
          11          48   2.1629421014885518E-010
          11          49   3.6080141475879658E-008
          11          50  -138.86324306029894     
          11          51  -1.0385914351775809E-009
          11          52  -62.101530211747672     
          11          53  -1.4983214671237493E-009
          11          54  -2.1798496337199559E-010
          11          55  -6.5164911419369774E-011
          11          56  -3.9171688111335670E-010
          11          57  -62.101530211785033     
          11          58  -8.5433171658359383E-010
          11          59  -6.0174887286025371E-010
          11          60  -124.18735872505245     
          11          61  -1.2825482898472505E-009
          11          62  -55.538275210839601     
          11          63  -3.6866047993329470E-009
          11          64  -5.3524851215765789E-010
          11          65   7.5501095089275371E-011
          11          66  -7.2537442716924788E-010
          11          67  -55.538275210924574     
          11          68  -1.4879635302200341E-009
          11          69  -1.3483005822465012E-009
          12           1   7.4214428706588685E-009
          12           2   2.8070004208301512E-008
          12           3   5.4763325595565468E-008
          12           4  -2.5333327896747059E-008
          12           5   1.6765552865065708E-008
          12           6  -1.7661758434466544E-008
          12           7  -1.4946825575924738E-008
          12           8   4.7751091971948507E-010
          12           9   19.264191048969778     
          12          10  -4.0646930273721983E-011
          12          11   3.6806362405183027E-009
          12          12   204.16190524920600     
          12          13  -1.5541363752097391E-009
          12          14   1.8952675875108433E-008
          12          15   1007.7559073774220     
          12          16  -1.1941388323039537E-008
          12          17  -1.8679628512928219E-008
          12          18  -984.24665797781597     
          12          19   1.3360960338603610E-008
          12          20   5.1873882974587565E-009
          12          21   273.29510173095247     
          12          22  -4.1708796418317241E-009
          12          23   5.6620264012108139E-011
          12          24   7.5810600994053186     
          12          25  -1.9086243696158227E-010
