           1           1   2.3221557189473234     
           1           2 -0.90185849096158799     
           1           3   8.3061208090937699E-002
           1           4  -1.6444611137395482E-002
           1           5   8.7098967309551995E-002
           1           6  -4.4761447864952158E-003
           1           7   4.5762713670807143E-005
           1           8  -1.1667442504076750E-010
           1           9  -3.3581381905771897E-012
           1          10   3.9062848162538612E-013
           1          11   4.3541622712738425E-013
           1          12  -3.4424771517446734E-014
           1          13  -1.5521138125761743E-013
           1          14   2.5127861099262744E-013
           1          15   1.1565325268746519E-012
           1          16  -1.3648753120800988E-013
           1          17   3.8889651948851431E-014
           1          18   5.4444139530737111E-013
           1          19  -1.0054016958591899E-014
           1          20  -2.4238344413848915E-014
           1          21  -8.1520410672037791E-014
           1          22   2.1866051899430689E-014
           1          23   1.7030497923256806E-014
           1          24   2.3652926618683996E-014
           1          25  -4.8121747316904684E-015
           1          26   9.6501645636230186E-004
           1          27  -1.7658081796770304E-007
           1          28   1.6798302924677531E-003
           1          29   5.0129572581235685E-008
           1          30  -1.9840678918065063E-009
           1          31  -7.2038694874186561E-004
           1          32   1.1348617448664645E-003
           1          33  -1.2987455048872369E-007
           1          34   1.0007111058667811E-003
           1          35   1.3470296466938733E-008
           1          36   2.5057928173523024E-009
           1          37   1.0705435963921414E-003
           1          38  -6.0562217115516870E-004
           1          39  -4.6018858591587488E-008
           1          40  -9.2758773369229226E-004
           1          41  -2.7845439708450912E-009
           1          42   2.2723332680550379E-009
           1          43  -1.5621727272748095E-004
           1          44  -8.5771359983401792E-004
           1          45   6.3745144119061134E-009
           1          46  -8.5444963904446423E-004
           1          47  -8.0703808728305922E-011
           1          48  -2.1710396711055587E-010
           1          49  -8.6265344336912094E-004
           1          50  -1.8019504221874656E-013
           1          51  -1.7195182557377073E-013
           1          52  -2.2990313473067060E-013
           1          53  -5.0614558433269494E-013
           1          54   4.3415356025899612E-014
           1          55   2.5253751105587337E-016
           1          56   4.8212033463907885E-014
           1          57  -1.2622930462254127E-013
           1          58  -1.8028079547801619E-013
           1          59   9.8168140751303231E-014
           1          60  -1.1721814002833183E-013
           1          61  -3.1656687007417050E-013
           1          62  -2.1504326853278808E-014
           1          63  -6.8588248818223995E-013
           1          64   2.3841906881610283E-014
           1          65   3.9541696331130599E-015
           1          66   2.9708679839083399E-014
           1          67  -5.0983911253637181E-014
           1          68  -3.1706551221151406E-013
           1          69   6.5249233373419899E-014
           2           1 -0.90185849096158799     
           2           2   2.5527276119014015     
           2           3 -0.35582066492094089     
           2           4   6.1801891977712894E-002
           2           5 -0.36178084160565122     
           2           6   1.5689893371916064E-002
           2           7  -2.5282408591162646E-004
           2           8   2.7466218173017016E-010
           2           9  -1.6888326032816790E-011
           2          10  -1.0171071121499530E-012
           2          11  -3.2938108390772870E-012
           2          12   3.5181931370930548E-012
           2          13   5.7586123012377475E-013
           2          14  -1.9245611946545233E-012
           2          15  -1.3433879513635774E-012
           2          16   4.6508324086286070E-013
           2          17  -3.6385554454051459E-013
           2          18  -1.3211022227702928E-012
           2          19   7.0666661641267155E-014
           2          20   1.1323010232080049E-013
           2          21   1.9757543111422658E-013
           2          22  -6.5346747241800615E-014
           2          23  -5.0839397542470686E-014
           2          24  -8.0479492031902562E-014
           2          25  -6.3219761179257511E-015
           2          26  -2.8575450756169263E-003
           2          27   7.2557087327096202E-007
           2          28  -5.6279184927488235E-003
           2          29  -1.9156367028880205E-007
           2          30   5.7053379121102094E-009
           2          31   3.7096827500487715E-003
           2          32  -3.6810860071908682E-003
           2          33   5.2437830139325259E-007
           2          34  -3.1347407947840415E-003
           2          35  -5.2117721746947572E-008
           2          36  -1.0512522663374704E-008
           2          37  -3.4586001116167307E-003
           2          38   2.0174946669123347E-003
           2          39   1.8319273577013639E-007
           2          40   3.1908055913560927E-003
           2          41   1.0172561500191190E-008
           2          42  -8.9118503147311165E-009
           2          43   3.9620532194752306E-004
           2          44   3.3086256257595387E-003
           2          45  -2.3942286840615245E-008
           2          46   3.3019100012639945E-003
           2          47   3.4462851815145265E-010
           2          48   8.0844100279736153E-010
           2          49   3.3177115397265049E-003
           2          50   1.4450961077081394E-012
           2          51  -2.9639829224416581E-013
           2          52   1.0270458502597926E-012
           2          53  -2.0681731186333653E-013
           2          54  -1.6176283813298154E-013
           2          55   8.3969415034675715E-015
           2          56  -1.5296332446256496E-013
           2          57   7.6624323689940611E-013
           2          58  -2.7997028048355004E-013
           2          59  -3.4709503539589897E-013
           2          60   8.6648874510302652E-013
           2          61   5.3664071135084886E-013
           2          62   3.2240560735306375E-013
           2          63   1.1049546576725496E-012
           2          64  -9.4362292002603335E-014
           2          65  -8.3076917014986231E-015
           2          66  -9.2410531274610136E-014
           2          67   3.8563769050874385E-013
           2          68   5.6531102464565340E-013
           2          69  -2.3162060636547936E-013
           3           1   8.3061208090937699E-002
           3           2 -0.35582066492094089     
           3           3  0.56195794134706412     
           3           4  -1.4121481598663787E-002
           3           5  0.54612002898266954     
           3           6   2.2714811795939253E-002
           3           7   2.7684545572987263E-003
           3           8  -2.5011327183739186E-010
           3           9  -1.3911660302465326E-010
           3          10   6.2024993187062251E-013
           3          11   4.0556111946606992E-012
           3          12  -6.5916502119453938E-012
           3          13  -4.2842286753892786E-013
           3          14   1.2672687776286711E-012
           3          15  -7.7081849994564053E-013
           3          16  -1.6930414870933303E-013
           3          17   1.8282743601436188E-013
           3          18   6.6237176507310982E-013
           3          19  -4.5662842120637220E-014
           3          20  -4.4451546039328631E-014
           3          21  -2.1897547565526740E-013
           3          22  -1.5526685803029811E-014
           3          23   2.0738488127990021E-014
           3          24   5.7681582570320376E-014
           3          25   1.8782758743276545E-014
           3          26   1.2705944504012071E-003
           3          27  -1.0965590541477193E-006
           3          28   5.6863596776284848E-003
           3          29   1.3450464118482944E-007
           3          30   1.5418568515146786E-008
           3          31  -6.9734578780852466E-003
           3          32   4.2662784728258237E-005
           3          33  -7.0528872788309233E-007
           3          34  -1.7339296584138752E-004
           3          35   4.8256446430638560E-008
           3          36   1.6612631828044572E-008
           3          37  -1.7216693332037201E-004
           3          38   1.8719590983829967E-004
           3          39  -2.4229009892797083E-007
           3          40   1.6282958545270083E-004
           3          41   5.7670443551404094E-009
           3          42   8.3398463114832252E-009
           3          43   1.1443670319223967E-004
           3          44  -4.1422307356977451E-003
           3          45   1.0971809882718079E-008
           3          46  -4.0991475444244127E-003
           3          47  -1.0773192671055114E-009
           3          48  -1.6397173381069955E-010
           3          49  -4.2054597873299676E-003
           3          50  -1.1560485997820592E-012
           3          51   8.3999490578247356E-013
           3          52  -9.0352104851090453E-013
           3          53   2.0718194994398037E-012
           3          54   6.6707815004983754E-014
           3          55  -1.9912645778925405E-014
           3          56   6.1999743170537897E-014
           3          57  -6.7948000468787048E-013
           3          58   9.3054477037224448E-013
           3          59   1.3260141928291560E-013
           3          60  -5.0975498164037298E-013
           3          61  -6.1466425364091716E-014
           3          62  -1.6848373263486467E-013
           3          63  -2.6957269352792899E-013
           3          64   4.3442508467283378E-014
           3          65   6.0320831594278118E-016
           3          66   2.9578199380136256E-014
           3          67  -2.3200072598999462E-013
           3          68  -1.0650842813614420E-013
           3          69   9.1068032777001396E-014
           4           1  -1.6444611137395482E-002
           4           2   6.1801891977712894E-002
           4           3  -1.4121481598663787E-002
           4           4  0.39484528324263041     
           4           5  -1.7368463960982176E-002
           4           6  0.24811612984729728     
           4           7   1.4185661147617460E-002
           4           8   6.7510778696095946E-010
           4           9   1.7882677333317538E-010
           4          10  -1.2149865996265636E-012
           4          11   1.9821877038073754E-011
           4          12  -2.7448466378136259E-011
           4          13  -1.1509841363595477E-012
           4          14   8.0421793263133629E-014
           4          15  -1.2896233652745017E-012
           4          16   1.0451598308505208E-013
           4          17   3.7542627269694703E-014
           4          18  -2.0182348158863122E-012
           4          19  -3.9414000416747631E-013
           4          20   1.7754887155295827E-013
           4          21  -8.3945015766637879E-013
           4          22  -3.6239481624496428E-013
           4          23  -1.0719651919825053E-013
           4          24   4.2778894658901553E-016
           4          25   2.9604602978071641E-014
           4          26  -5.4146766849388342E-003
           4          27  -1.5098341940725510E-006
           4          28  -3.6499266573281437E-003
           4          29  -7.2524952691708611E-007
           4          30   1.6461306735319482E-007
           4          31   5.4284814105860172E-004
           4          32  -1.4206495193490293E-002
           4          33  -2.8870328165546546E-007
           4          34  -8.2414773180212141E-003
           4          35  -1.4217648472435851E-007
           4          36   2.7994162860845167E-008
           4          37  -1.8926957378269500E-002
           4          38   1.3335113236916649E-002
           4          39  -1.3914700509936352E-007
           4          40   2.0668918685534082E-002
           4          41   1.0046675768733701E-007
           4          42  -1.3114569812095346E-008
           4          43   2.8367084145180894E-003
           4          44   1.4564804774619248E-003
           4          45  -9.4331842869271039E-008
           4          46   2.1909075966516783E-003
           4          47  -1.8678327519182436E-009
           4          48   4.1154016076633070E-009
           4          49   3.0644465415089931E-004
           4          50  -7.2021661915999967E-013
           4          51  -3.5184299183064720E-013
           4          52   6.0683838794192967E-013
           4          53  -3.6581226628211601E-013
           4          54  -8.1000921811151944E-015
           4          55   4.2046725394356727E-015
           4          56  -4.4257347400295722E-015
           4          57  -9.3309288963548294E-014
           4          58  -2.7517992167999323E-013
           4          59  -3.0331203721136623E-015
           4          60   3.0671435638852065E-013
           4          61  -1.1778945263941224E-014
           4          62  -1.1170622054163562E-014
           4          63   1.8422776448394104E-013
           4          64  -2.3120919264452901E-014
           4          65   3.3133333927899631E-016
           4          66  -2.2897615741933106E-014
           4          67   1.2224535344512839E-013
           4          68   3.6077273838938346E-014
           4          69  -6.0599168446871666E-014
           5           1   8.7098967309551995E-002
           5           2 -0.36178084160565122     
           5           3  0.54612002898266954     
           5           4  -1.7368463960982176E-002
           5           5  0.53086590053955196     
           5           6   1.9798124461592126E-002
           5           7   2.5613652026439948E-003
           5           8  -2.6835772462630207E-010
           5           9  -1.1168212431869549E-010
           5          10   6.8813639815119203E-013
           5          11   3.3538273668407039E-012
           5          12  -5.6889005953845112E-012
           5          13  -3.9764047075059223E-013
           5          14   1.2015213031008794E-012
           5          15  -6.8479837738274852E-013
           5          16  -1.6710187261080430E-013
           5          17   1.7547775377574024E-013
           5          18   6.7227111389022904E-013
           5          19  -4.1284147986790833E-014
           5          20  -4.4764877420681474E-014
           5          21  -2.0715850119481129E-013
           5          22  -1.1553208183314189E-014
           5          23   2.1168156230773430E-014
           5          24   5.6617191034284738E-014
           5          25   1.7961460274807025E-014
           5          26   1.2297786693545557E-003
           5          27  -9.8274228598452217E-007
           5          28   5.5367038337145258E-003
           5          29   1.2778951905788124E-007
           5          30   1.2380055948985876E-008
           5          31  -6.6803189888240801E-003
           5          32   1.5370643159460975E-004
           5          33  -6.4507351268586389E-007
           5          34  -9.3048324252636982E-005
           5          35   4.3934961051120695E-008
           5          36   1.5100376772274409E-008
           5          37   6.1324640841799952E-005
           5          38   5.0312998554615353E-005
           5          39  -2.2190852762773269E-007
           5          40  -3.9060088517764132E-005
           5          41   4.4209633806908205E-009
           5          42   7.7398619219954778E-009
           5          43   9.4131052928064936E-005
           5          44  -4.0409129746433060E-003
           5          45   1.0975270864144258E-008
           5          46  -4.0054854802373877E-003
           5          47  -9.7575666669846224E-010
           5          48  -1.8491500624998302E-010
           5          49  -4.0933135813207939E-003
           5          50  -1.0930539365013700E-012
           5          51   8.3478009016098495E-013
           5          52  -8.9784317280448469E-013
           5          53   1.9689860170709772E-012
           5          54   6.5631256996816663E-014
           5          55  -1.9351356337846567E-014
           5          56   6.1072560279638145E-014
           5          57  -6.5325948496294052E-013
           5          58   9.0700045550495971E-013
           5          59   1.3051112742151443E-013
           5          60  -4.9465678996423062E-013
           5          61  -7.3880989790614488E-014
           5          62  -1.5631621368846166E-013
           5          63  -2.7575959294901522E-013
           5          64   4.2813231889241267E-014
           5          65   6.3758142926413491E-016
           5          66   2.9374467931605541E-014
           5          67  -2.2532583356913562E-013
           5          68  -1.1358417542225218E-013
           5          69   9.0045695616585388E-014
           6           1  -4.4761447864952158E-003
           6           2   1.5689893371916064E-002
           6           3   2.2714811795939253E-002
           6           4  0.24811612984729728     
           6           5   1.9798124461592126E-002
           6           6  0.15770575403000919     
           6           7   9.0998037529734944E-003
           6           8   2.0010553171992193E-009
           6           9  -3.0491967564167002E-010
           6          10  -6.0015933366758474E-012
           6          11   1.6030750218523578E-011
           6          12  -1.6211985669270532E-011
           6          13  -3.9780590165959492E-013
           6          14   1.3441787965891116E-012
           6          15  -1.0950190691924883E-012
           6          16   7.1543874780480742E-014
           6          17   2.3089801761648844E-013
           6          18  -1.3216531339326244E-012
           6          19  -2.5082733801615599E-013
           6          20   6.9373987278661019E-014
           6          21  -5.1988687061607678E-013
           6          22  -2.2951151885609012E-013
           6          23  -5.5673896030458510E-014
           6          24  -2.5598301129968743E-015
           6          25   1.9739430542325030E-014
           6          26  -1.8104415155375912E-003
           6          27  -2.8647110313564761E-006
           6          28  -1.2211384002576750E-003
           6          29  -2.8621070269184436E-007
           6          30   1.5081352689453658E-007
           6          31  -2.3368657288780135E-003
           6          32  -8.2023213090117626E-003
           6          33  -1.2132652738120353E-006
           6          34  -4.8339249893291514E-003
           6          35  -1.7266289014204719E-008
           6          36   4.7045259510198856E-008
           6          37  -1.3063993955274225E-002
           6          38   8.5703784948079082E-003
           6          39  -4.0890174248507166E-007
           6          40   1.3114567698102899E-002
           6          41   6.3123583391884610E-008
           6          42   5.6961710662920775E-009
           6          43   1.5658765999909273E-003
           6          44   6.7643958677932124E-004
           6          45  -4.4398539637383665E-008
           6          46   1.1458420915954391E-003
           6          47  -2.1394425288335390E-009
           6          48   2.1697397267946754E-009
           6          49  -3.3401916912384487E-005
           6          50  -2.3483299627903133E-012
           6          51  -3.7906361067992040E-013
           6          52   1.0491990668318890E-012
           6          53   4.5036343124480525E-013
           6          54   3.4863285913029145E-015
           6          55   1.4907597005960758E-015
           6          56   5.3371236760434653E-015
           6          57  -6.9162189856062306E-013
           6          58  -1.3265284317481571E-013
           6          59   2.7912278787440094E-015
           6          60  -8.5567998014474653E-014
           6          61   1.5657319244869655E-013
           6          62  -6.0155326833720624E-013
           6          63   1.4599264193251201E-013
           6          64  -1.3254441219068559E-014
           6          65   2.1154030176521539E-016
           6          66  -1.3620087974900823E-014
           6          67  -8.5834596846010537E-014
           6          68   1.1829841327371930E-013
           6          69  -3.4310341113843871E-014
           7           1   4.5762713670807143E-005
           7           2  -2.5282408591162646E-004
           7           3   2.7684545572987263E-003
           7           4   1.4185661147617460E-002
           7           5   2.5613652026439948E-003
           7           6   9.0998037529734944E-003
           7           7   5.2931715874107309E-004
           7           8   2.2732399575082306E-011
           7           9  -1.3434724864718810E-010
           7          10  -1.0450078078430353E-013
           7          11   2.0021004463149524E-012
           7          12  -3.1754190477097454E-012
           7          13  -8.4299781534189354E-014
           7          14   9.0196667879682610E-014
           7          15  -2.5677065669658878E-013
           7          16   2.4059811756068662E-016
           7          17   7.7606478894214320E-015
           7          18  -1.0145070801373621E-013
           7          19  -1.4798085393596076E-014
           7          20   5.8022382801697649E-015
           7          21  -2.5450593253524189E-014
           7          22  -1.3177998198698246E-014
           7          23  -3.6455085606165822E-015
           7          24  -1.3649540893057849E-015
           7          25   1.1895628089370853E-015
           7          26  -7.5178572570299473E-005
           7          27  -2.2543767704881544E-007
           7          28  -3.6985831081813366E-005
           7          29  -1.5090596049828423E-008
           7          30   1.0830471366902735E-008
           7          31  -1.8838086201216438E-004
           7          32  -4.6086453077845652E-004
           7          33  -1.0318490494821102E-007
           7          34  -2.7350305058144737E-004
           7          35  -8.8088448270755949E-010
           7          36   4.0168710306081790E-009
           7          37  -7.6791455248928053E-004
           7          38   4.9149303158985808E-004
           7          39  -3.3988245237961037E-008
           7          40   7.5056820950480648E-004
           7          41   3.1503236271394301E-009
           7          42   8.5174076430160385E-010
           7          43   8.4604554366106763E-005
           7          44   2.6961828886680049E-005
           7          45  -2.0330577809131723E-009
           7          46   5.4078605320616026E-005
           7          47  -1.1879620290452325E-010
           7          48   1.0438697033067594E-010
           7          49  -1.3691162797443113E-005
           7          50  -6.1216640202421875E-014
           7          51  -1.0250183665243304E-013
           7          52   2.4111622749342438E-014
           7          53   2.2059752421013334E-013
           7          54  -1.8564629742014484E-017
           7          55   2.9844364899477376E-017
           7          56  -1.2078586348340467E-016
           7          57  -1.7330160697104565E-014
           7          58  -1.8104436013342197E-014
           7          59   1.4714090870083672E-015
           7          60  -8.4360790621195436E-015
           7          61   6.1125379740241154E-014
           7          62  -8.7175492453372049E-015
           7          63   3.5602651123517143E-014
           7          64  -3.7854980810759693E-016
           7          65   2.0769144694442524E-017
           7          66  -4.2063834122993662E-016
           7          67  -8.6047156036404124E-016
           7          68   3.7388110486624720E-014
           7          69  -1.2016098065172908E-015
           8           1  -1.1667442504076750E-010
           8           2   2.7466218173017016E-010
           8           3  -2.5011327183739186E-010
           8           4   6.7510778696095946E-010
           8           5  -2.6835772462630207E-010
           8           6   2.0010553171992193E-009
           8           7   2.2732399575082306E-011
           8           8   2.2609408086318936     
           8           9  -8.7508230963789920E-009
           8          10   2.4962020238144500E-009
           8          11 -0.76604957687600816     
           8          12   6.4767040701733577E-008
           8          13  -3.0466610407898131E-009
           8          14  -3.7901696358721461E-002
           8          15   1.0402347949719396E-007
           8          16   1.5399318935190171E-008
           8          17  -1.2500728009396834E-003
           8          18   4.0745774423901318E-008
           8          19   5.2473253269988411E-009
           8          20  -2.2275532130812287E-004
           8          21  -5.8324665258437267E-009
           8          22  -1.0824977377463077E-009
           8          23   6.3710986245055809E-005
           8          24   2.0547514757396382E-009
           8          25   3.0532579733832151E-010
           8          26   3.1519624821039077E-010
           8          27  -1.5505704057308386E-011
           8          28   3.8139393821564909E-010
           8          29   7.5553078609628638E-012
           8          30  -5.1429611432708220E-011
           8          31   4.5033353591874234E-010
           8          32  -3.6499549387646758E-010
           8          33   4.8624794035284970E-011
           8          34  -4.4179988297549284E-010
           8          35  -4.4887951117365018E-011
           8          36   6.4848448747151686E-011
           8          37  -5.4809132180006475E-010
           8          38  -7.0740963616989846E-010
           8          39  -2.8956684459485358E-011
           8          40  -7.1753826200861279E-010
           8          41  -3.9209508956552145E-011
           8          42  -6.1303621931351655E-011
           8          43  -6.5305386271872767E-010
           8          44  -3.1177309164751839E-010
           8          45   8.3855569278487288E-012
           8          46  -3.2857591183155225E-010
           8          47   1.1381771979344644E-010
           8          48   1.0105732550430255E-010
           8          49  -4.4966672070670049E-010
           8          50   7.8877267613317020E-003
           8          51  -8.1890043954972048E-008
           8          52  -7.2557961377777321E-003
           8          53   7.6784447169880784E-009
           8          54   8.8343576314194759E-009
           8          55   5.6714377757025213E-009
           8          56  -8.3191732830928921E-009
           8          57  -8.6728745982899910E-005
           8          58  -3.4800145130657284E-008
           8          59  -3.4459668534012427E-009
           8          60   5.2157967062698794E-003
           8          61   1.4359274261324944E-007
           8          62   1.8129161509049490E-003
           8          63  -1.6766480101399363E-007
           8          64  -5.1880242488844503E-009
           8          65  -1.4963056857356217E-009
           8          66   9.8121772559604086E-010
           8          67   9.7097929073835252E-004
           8          68  -1.5792753632181206E-008
           8          69  -6.3068106733458607E-009
           9           1  -3.3581381905771897E-012
           9           2  -1.6888326032816790E-011
           9           3  -1.3911660302465326E-010
           9           4   1.7882677333317538E-010
           9           5  -1.1168212431869549E-010
           9           6  -3.0491967564167002E-010
           9           7  -1.3434724864718810E-010
           9           8  -8.7508230963789920E-009
           9           9   2.2610654413744093     
           9          10  -2.5979125660456898E-010
           9          11   6.1946828730224487E-008
           9          12 -0.76508945370940706     
           9          13  -1.5970490448210694E-009
           9          14   9.3973223991267602E-008
           9          15  -3.4556671438548445E-002
           9          16  -5.7027384262389309E-009
           9          17   2.9625101311182671E-008
           9          18  -1.8317640497882354E-004
           9          19  -1.9166591782621365E-009
           9          20  -4.7346409170366503E-009
           9          21  -4.8484246205860598E-004
           9          22   3.2136528042225436E-010
           9          23   1.6897244156955697E-009
           9          24   1.3835212495595753E-004
           9          25  -8.7240964702742316E-011
           9          26   1.8890497021176028E-010
           9          27   1.5511512465543007E-011
           9          28   1.9486016115879786E-010
           9          29   1.1028451664324690E-011
           9          30  -1.8369322870282771E-011
           9          31   1.6812563908783990E-010
           9          32  -4.1878945954121229E-011
           9          33   1.6231221567334110E-011
           9          34  -3.5937348856770958E-011
           9          35   7.6752092643025521E-012
           9          36  -1.6829780048803370E-013
           9          37  -4.1840677428431029E-011
           9          38   3.1311501829304968E-011
           9          39  -2.1194836773857497E-011
           9          40   4.3981103126084061E-011
           9          41   1.8337381507431399E-011
           9          42   2.7379462391234199E-011
           9          43   4.9280516855452758E-011
           9          44   1.0815498899291283E-010
           9          45   1.8112317948578802E-011
           9          46   1.1427809500044309E-010
           9          47   2.0843875517729837E-012
           9          48  -3.0664165127554030E-011
           9          49   9.6029527947401810E-011
           9          50  -7.1581779811723907E-008
           9          51  -6.1328521168635399E-003
           9          52   2.3105954702632505E-008
           9          53   5.9002456989087938E-003
           9          54   2.4054896137115820E-009
           9          55  -2.0880557156203445E-008
           9          56  -2.4659438771120356E-009
           9          57  -3.4857543635671986E-008
           9          58  -1.6893914986380750E-003
           9          59   3.0857066506718215E-009
           9          60   4.9583350358760196E-008
           9          61   6.1515057957334989E-004
           9          62  -1.4363870559037190E-007
           9          63   4.2178648457739300E-003
           9          64   1.5310325778612250E-010
           9          65   4.4655667800857874E-009
           9          66   2.5821657928781105E-009
           9          67  -1.1704242338160184E-008
           9          68   9.8147420856852441E-005
           9          69   1.7336217538245442E-009
          10           1   3.9062848162538612E-013
          10           2  -1.0171071121499530E-012
          10           3   6.2024993187062251E-013
          10           4  -1.2149865996265636E-012
          10           5   6.8813639815119203E-013
          10           6  -6.0015933366758474E-012
          10           7  -1.0450078078430353E-013
          10           8   2.4962020238144500E-009
          10           9  -2.5979125660456898E-010
          10          10   2.2606975457538665     
          10          11  -3.4068791314215390E-009
          10          12  -1.5880036738429909E-009
          10          13 -0.76747804365616368     
          10          14   1.4775278714310429E-008
          10          15  -5.6761539503812402E-009
          10          16  -4.3329231997051909E-002
          10          17   4.9603686886752120E-009
          10          18  -2.0144017744860282E-009
          10          19  -2.9775499074990667E-003
          10          20  -9.8397017770308554E-010
          10          21   3.2315747415792059E-010
          10          22   1.9724008022818873E-004
          10          23   3.3471311617191630E-010
          10          24  -1.1591507546173525E-010
          10          25  -5.6098210857238270E-005
          10          26  -6.1488691131704080E-013
          10          27   1.4653502880020744E-014
          10          28  -8.6447253160283948E-013
          10          29  -1.6598645597643830E-012
          10          30   1.6844362366739728E-012
          10          31  -8.3869002794633712E-013
          10          32   7.8641923267166019E-013
          10          33  -1.6556516116296789E-013
          10          34   1.0297049536943009E-012
          10          35  -8.3722690207777257E-014
          10          36   2.6942218106244116E-014
          10          37   1.2653783012128982E-012
          10          38   1.9134133203022793E-012
          10          39   6.7173173450385905E-014
          10          40   1.9347621663081559E-012
          10          41  -4.5483905123033894E-013
          10          42   2.0701752396019643E-013
          10          43   1.7738007887535779E-012
          10          44   9.5208103524535497E-013
          10          45  -2.1244207829610471E-014
          10          46   1.0129991982247476E-012
          10          47  -2.2584179016269032E-013
          10          48  -2.8762779099653303E-013
          10          49   1.3584665287516367E-012
          10          50   4.5879828124476940E-009
          10          51   2.3734297836619178E-009
          10          52  -8.3194352720727527E-009
          10          53  -9.4468868354283595E-010
          10          54  -1.9596642031346435E-003
          10          55  -7.5218317033583444E-008
          10          56  -4.6862734649590143E-003
          10          57  -1.4354723156706945E-009
          10          58   3.0661096938776386E-009
          10          59   1.1110785443697532E-002
          10          60  -1.1052126165689146E-008
          10          61   1.3131413413787426E-010
          10          62   1.3555078522015993E-009
          10          63   5.0882116227916865E-009
          10          64   2.8795813347744495E-003
          10          65   2.1512244376794258E-008
          10          66   3.2041736149470788E-003
          10          67   1.5198877230422561E-009
          10          68  -1.9147612690001560E-009
          10          69   6.8198493621792972E-003
          11           1   4.3541622712738425E-013
          11           2  -3.2938108390772870E-012
          11           3   4.0556111946606992E-012
          11           4   1.9821877038073754E-011
          11           5   3.3538273668407039E-012
          11           6   1.6030750218523578E-011
          11           7   2.0021004463149524E-012
          11           8 -0.76604957687600816     
          11           9   6.1946828730224487E-008
          11          10  -3.4068791314215390E-009
          11          11   2.2454239845934829     
          11          12  -1.7920715194749478E-007
          11          13  -8.5096041838631465E-009
          11          14  0.10862472672823534     
          11          15  -1.9497371337647859E-007
          11          16  -4.6472552882957783E-008
          11          17   3.2517337897642047E-003
          11          18  -8.4155746498949980E-008
          11          19  -1.4209195470017829E-008
          11          20   7.5017244976805669E-004
          11          21   7.1298039001435857E-009
          11          22   2.7909876201661812E-009
          11          23  -2.1362131184357464E-004
          11          24  -3.3097820793326934E-009
          11          25  -9.6086241790217934E-010
          11          26   6.4713813682461291E-012
          11          27  -6.0611157595304704E-012
          11          28   1.6674440033067534E-012
          11          29  -2.9747997298113268E-013
          11          30  -8.2951186038111843E-017
          11          31   2.9929886213811896E-012
          11          32  -9.8086112816119778E-012
          11          33   1.4081563713413297E-012
          11          34  -9.1854859887826631E-012
          11          35  -2.9015842794221626E-013
          11          36   1.9235581994171017E-013
          11          37  -9.0295105290206934E-012
          11          38  -8.6162735964829921E-012
          11          39  -6.3756184923164485E-013
          11          40  -9.1996639549743163E-012
          11          41  -3.1660372199881018E-013
          11          42  -1.4709812044677528E-013
          11          43  -9.0313223281152463E-012
          11          44  -3.5910276229388401E-012
          11          45   2.3009427863255455E-013
          11          46  -3.4007193379846064E-012
          11          47   3.4516663144145445E-013
          11          48   2.8385968029980715E-013
          11          49  -3.8509024694522829E-012
          11          50  -2.5287929844020833E-002
          11          51   1.6532750235851427E-007
          11          52   2.6525336680275471E-002
          11          53  -8.2896152011053038E-008
          11          54  -3.2908854806097612E-008
          11          55  -1.9001885363301186E-008
          11          56   2.9461616801005692E-008
          11          57   2.6851656132650375E-003
          11          58   8.3379461555955633E-008
          11          59   1.2588989935940325E-008
          11          60  -1.2923759687666788E-002
          11          61  -4.7248425935528701E-007
          11          62  -6.1615830927628573E-003
          11          63   4.5509813239264863E-007
          11          64   1.7929134454374060E-008
          11          65   5.4540998185149772E-009
          11          66  -6.6460871296016029E-009
          11          67  -2.6821833302273276E-003
          11          68   1.1196282001845374E-008
          11          69   1.8039624471527447E-008
          12           1  -3.4424771517446734E-014
          12           2   3.5181931370930548E-012
          12           3  -6.5916502119453938E-012
          12           4  -2.7448466378136259E-011
          12           5  -5.6889005953845112E-012
          12           6  -1.6211985669270532E-011
          12           7  -3.1754190477097454E-012
          12           8   6.4767040701733577E-008
          12           9 -0.76508945370940706     
          12          10  -1.5880036738429909E-009
          12          11  -1.7920715194749478E-007
          12          12   2.2429660059664105     
          12          13   7.3632252650002199E-009
          12          14  -1.6781248050528619E-007
          12          15  0.10217787204743736     
          12          16   1.3641076065639330E-008
          12          17  -5.2596563698057885E-008
          12          18   1.1025683310966477E-003
          12          19   4.5158637609602053E-009
          12          20   4.8905982201112372E-009
          12          21   1.2742639016049750E-003
          12          22  -6.6882463081696402E-010
          12          23  -2.5482200497522318E-009
          12          24  -3.6446225810729776E-004
          12          25   2.6056361316744096E-010
