           1           1   2.1802982985322883     
           1           2 -0.67853380032870270     
           1           3  0.28968579491047552     
           1           4  -2.2103638322114968E-002
           1           5  -2.3828891663740387E-002
           1           6  -2.0716835727250106E-003
           1           7   2.7210552853840835E-011
           1           8   6.8443236721762136E-010
           1           9  -1.6621044865824809E-010
           1          10  -3.0357272927790889E-010
           1          11  -1.9279637505635139E-009
           1          12   4.9070301770498313E-010
           1          13   3.3165939940077966E-012
           1          14  -8.3250982570967113E-011
           1          15  -6.5794515326095705E-011
           1          16  -5.8305296463167954E-012
           1          17  -1.6391151575524017E-011
           1          18  -2.8727784306810363E-011
           1          19   1.2834872157661293E-012
           1          20  -1.6957633183282463E-012
           1          21  -3.6671128906392899E-012
           1          22  -5.1514206507721517E-003
           1          23   7.4590222786903867E-006
           1          24  -5.1277972716423509E-003
           1          25   3.2919055689577808E-005
           1          26   1.2879407118678509E-004
           1          27  -4.6608301408566548E-003
           1          28  -2.8176596084704695E-003
           1          29   7.3363918421145405E-009
           1          30  -2.8176395460683583E-003
           1          31   2.7216569727312248E-008
           1          32   1.1441995824722001E-007
           1          33  -2.8172364656471527E-003
           1          34   5.8291109579103806E-004
           1          35  -1.0202453810560267E-005
           1          36   5.5059973800455127E-004
           1          37  -4.5024481205838178E-005
           1          38  -1.7616074710780490E-004
           1          39  -8.8094298340603131E-005
           2           1 -0.67853380032870270     
           2           2   2.5547041293143398     
           2           3  -1.0461115706409614     
           2           4   8.0150344151530301E-002
           2           5   8.8547551980998992E-002
           2           6   8.2400377526831679E-003
           2           7  -5.0120158836119405E-010
           2           8  -8.1150596562869846E-010
           2           9   2.3789695842994086E-010
           2          10   2.1325671503808134E-009
           2          11   2.1806948916268557E-009
           2          12  -7.2101351566776059E-010
           2          13   4.2032095262580799E-012
           2          14   2.2589841701826415E-010
           2          15   2.4908769327806772E-010
           2          16   1.7468056863958893E-011
           2          17   7.2948178752206279E-011
           2          18   9.8391621675843080E-011
           2          19  -3.6511849412984653E-012
           2          20   1.9719849745448522E-012
           2          21   1.3924888079526137E-011
           2          22   1.7355747705570745E-002
           2          23  -1.7815679224576649E-005
           2          24   1.7299323161284776E-002
           2          25  -7.8625377478815648E-005
           2          26  -3.0762461396458170E-004
           2          27   1.6183976488610995E-002
           2          28   8.5003817638159423E-003
           2          29   6.2711144939595553E-007
           2          30   8.5023789150385914E-003
           2          31   2.7858646233612917E-006
           2          32   1.0870912204334702E-005
           2          33   8.5418355664200456E-003
           2          34  -2.7379177276100029E-003
           2          35   3.6660541489273238E-005
           2          36  -2.6218130871194434E-003
           2          37   1.6178678549743535E-004
           2          38   6.3299965385133915E-004
           2          39  -3.2678931629400365E-004
           3           1  0.28968579491047552     
           3           2  -1.0461115706409614     
           3           3   2.6633901632303743     
           3           4 -0.29241271409133018     
           3           5 -0.29765182065907919     
           3           6  -2.7696776066885677E-002
           3           7   7.7910274583357891E-011
           3           8   1.4821421446324827E-008
           3           9  -3.5541596333076470E-009
           3          10  -1.2559064982199048E-009
           3          11  -4.2163053115985583E-008
           3          12   1.0279321543322606E-008
           3          13   8.5298757349313906E-011
           3          14  -1.3352537826234490E-009
           3          15  -7.4359100321768597E-010
           3          16  -8.3920095920109097E-011
           3          17  -1.3232245984721774E-010
           3          18  -4.0907557999188242E-010
           3          19   1.8644278074523581E-011
           3          20  -4.2598640396965873E-011
           3          21  -3.9882102796637454E-011
           3          22  -3.7744326925628680E-002
           3          23   1.6738524171033774E-004
           3          24  -3.7214214521251461E-002
           3          25   7.3872396539294033E-004
           3          26   2.8901644267142440E-003
           3          27  -2.6735393408284406E-002
           3          28  -2.6891910436951105E-002
           3          29   4.4790316395444413E-006
           3          30  -2.6877763842276234E-002
           3          31   1.9704357694034710E-005
           3          32   7.7188194683496490E-005
           3          33  -2.6598048041716262E-002
           3          34   8.8593570625385420E-003
           3          35  -1.2206011540084843E-004
           3          36   8.4727900720874896E-003
           3          37  -5.3866391546703008E-004
           3          38  -2.1075532345814175E-003
           3          39   8.3157861831739677E-004
           4           1  -2.2103638322114968E-002
           4           2   8.0150344151530301E-002
           4           3 -0.29241271409133018     
           4           4  0.63162324059283748     
           4           5  0.56191814795954109     
           4           6   5.0407253793573539E-002
           4           7  -4.9071799678136223E-009
           4           8   1.2013399816255361E-008
           4           9  -2.2845073102072867E-009
           4          10   1.3464448757977367E-008
           4          11  -3.3801454187798188E-008
           4          12   6.2637074162725370E-009
           4          13   8.6345803376603344E-011
           4          14   6.2637563852795887E-010
           4          15   1.5642338508293876E-009
           4          16   7.5137172111962677E-011
           4          17   5.9351520183928774E-010
           4          18   7.1656819162782914E-010
           4          19  -1.0887589571666825E-011
           4          20  -2.5844908235907459E-011
           4          21   8.0710818879866659E-011
           4          22   7.5500875850079419E-003
           4          23  -1.7563518671476292E-004
           4          24   6.9938340223340521E-003
           4          25  -7.7510633108560285E-004
           4          26  -3.0326621351831457E-003
           4          27  -4.0014835830834506E-003
           4          28  -2.0509258983836490E-003
           4          29   5.9624948934730799E-006
           4          30  -2.0319705303519101E-003
           4          31   2.6402588711741705E-005
           4          32   1.0322337002277929E-004
           4          33  -1.6575806699333749E-003
           4          34  -2.0412649921255115E-002
           4          35   2.0960739101859223E-004
           4          36  -1.9748821884365657E-002
           4          37   9.2502398731950867E-004
           4          38   3.6191805781578888E-003
           4          39  -6.6269728281089547E-003
           5           1  -2.3828891663740387E-002
           5           2   8.8547551980998992E-002
           5           3 -0.29765182065907919     
           5           4  0.56191814795954109     
           5           5  0.50057144006886878     
           5           6   4.4950472262042226E-002
           5           7   8.9357028084280731E-009
           5           8  -2.8670906229562551E-008
           5           9   6.2173277062944397E-009
           5          10  -2.5762292847179011E-008
           5          11   7.8814183269335972E-008
           5          12  -1.7186782231821433E-008
           5          13  -5.1332120712290355E-010
           5          14   2.2286243906554761E-009
           5          15   9.8483715745775990E-010
           5          16   1.8841959074553203E-010
           5          17   1.4927792738753833E-010
           5          18   6.3248197709506101E-010
           5          19  -4.5273106402211221E-011
           5          20   7.6564414474970695E-011
           5          21   4.5469709077881975E-011
           5          22   8.7374633095078404E-003
           5          23  -2.2258630459201338E-004
           5          24   8.0324849615046566E-003
           5          25  -9.8236469895846327E-004
           5          26  -3.8435149053808308E-003
           5          27  -5.9030217214400636E-003
           5          28  -1.3876853796450563E-003
           5          29   2.4480280152153655E-006
           5          30  -1.3798659175690235E-003
           5          31   1.0884917898271347E-005
           5          32   4.2518170897495877E-005
           5          33  -1.2255925911972138E-003
           5          34  -1.8172196633718433E-002
           5          35   1.8659418884808845E-004
           5          36  -1.7581252133780732E-002
           5          37   8.2346308418384552E-004
           5          38   3.2218213536174475E-003
           5          39  -5.9000864235550336E-003
           6           1  -2.0716835727250106E-003
           6           2   8.2400377526831679E-003
           6           3  -2.7696776066885677E-002
           6           4   5.0407253793573539E-002
           6           5   4.4950472262042226E-002
           6           6   4.1337768163936389E-003
           6           7   7.3061970239368650E-009
           6           8   6.5724518367554843E-010
           6           9  -5.1654581951062881E-010
           6          10  -2.6615703589194622E-008
           6          11   1.6717103243229129E-010
           6          12   1.3285909571618234E-009
           6          13  -4.2318220403178383E-010
           6          14   1.1295797962528629E-010
           6          15   1.8219938483201347E-010
           6          16   9.9167777974040089E-011
           6          17   4.7449001815682634E-011
           6          18   8.6625989220329127E-011
           6          19  -2.6499318344110747E-011
           6          20   8.1190551215361888E-013
           6          21   8.7989750451579619E-012
           6          22   2.9944049660948621E-003
           6          23  -1.1493730497227054E-004
           6          24   2.6304077376605351E-003
           6          25  -5.0724159013498294E-004
           6          26  -1.9844795706517129E-003
           6          27  -4.5645369198155416E-003
           6          28   1.0286052163534004E-004
           6          29  -1.3920786463370023E-005
           6          30   5.8781229810893668E-005
           6          31  -6.1425512304839490E-005
           6          32  -2.4033242187036503E-004
           6          33  -8.1256499316303987E-004
           6          34  -1.5720691641955523E-003
           6          35   1.1064502216195152E-005
           6          36  -1.5370277387510749E-003
           6          37   4.8828735367411638E-005
           6          38   1.9104519807172746E-004
           6          39  -8.4436726993893736E-004
           7           1   2.7210552853840835E-011
           7           2  -5.0120158836119405E-010
           7           3   7.7910274583357891E-011
           7           4  -4.9071799678136223E-009
           7           5   8.9357028084280731E-009
           7           6   7.3061970239368650E-009
           7           7   2.2805918935401515     
           7           8   5.0112790611578955E-005
           7           9   2.2119799767806743E-004
           7          10 -0.79602062786684025     
           7          11  -1.8630729203811499E-004
           7          12  -8.2232243152826939E-004
           7          13  -1.3194507450076888E-002
           7          14   3.8505495684618406E-004
           7          15   1.6993038196286964E-003
           7          16   3.1060355218405196E-003
           7          17   4.7971757141188005E-004
           7          18   2.1170535005943947E-003
           7          19  -8.3086113809705052E-004
           7          20   3.6722791640527069E-005
           7          21   1.6206718568502281E-004
           7          22   6.2716685492730010E-010
           7          23  -9.9982326771986688E-011
           7          24  -2.4754853955071928E-010
           7          25  -1.0099009264086727E-009
           7          26  -1.4194369327610509E-010
           7          27  -1.1053757475235181E-010
           7          28  -1.8434575568306745E-009
           7          29  -4.0393031338369961E-010
           7          30  -2.4093577344355878E-009
           7          31   1.0683615081255536E-010
           7          32   8.1189791779770575E-010
           7          33  -1.6728975095421805E-009
           7          34  -4.3724411949139016E-009
           7          35  -2.4810419915695902E-010
           7          36  -4.1264774187151442E-009
           7          37  -8.0238696444503210E-010
           7          38  -6.3425588239881539E-010
           7          39  -3.7374115431959302E-009
           8           1   6.8443236721762136E-010
           8           2  -8.1150596562869846E-010
           8           3   1.4821421446324827E-008
           8           4   1.2013399816255361E-008
           8           5  -2.8670906229562551E-008
           8           6   6.5724518367554843E-010
           8           7   5.0112790611578955E-005
           8           8   2.2807752221627808     
           8           9   8.6573709824665397E-004
           8          10  -1.8630829774311902E-004
           8          11 -0.79670213645450261     
           8          12  -3.2181732384475581E-003
           8          13   3.8506117050618032E-004
           8          14  -1.1786394290122779E-002
           8          15   6.6485117086730059E-003
           8          16   4.7971175958199356E-004
           8          17   4.8603154645127256E-003
           8          18   8.2829745642058351E-003
           8          19   3.6725973175848363E-005
           8          20  -6.9657017993696754E-004
           8          21   6.3408740823316405E-004
           8          22  -5.3133977347077519E-009
           8          23  -1.3565584960585184E-009
           8          24  -3.3813744992332201E-010
           8          25   2.8342777269050867E-009
           8          26  -8.2777671776482696E-010
           8          27  -6.0094320492065376E-009
           8          28   1.5749473669045480E-009
           8          29   2.6423052741577439E-009
           8          30   6.9224025550002232E-009
           8          31   2.7286545254086478E-009
           8          32  -4.0462962975002044E-009
           8          33   3.1158768903160692E-009
           8          34   7.4646675090097381E-010
           8          35  -2.8105770145359555E-009
           8          36   6.4214703516767632E-009
           8          37   3.1218984691053568E-009
           8          38  -2.5941546831406426E-009
           8          39   5.7932281913755239E-009
           9           1  -1.6621044865824809E-010
           9           2   2.3789695842994086E-010
           9           3  -3.5541596333076470E-009
           9           4  -2.2845073102072867E-009
           9           5   6.2173277062944397E-009
           9           6  -5.1654581951062881E-010
           9           7   2.2119799767806743E-004
           9           8   8.6573709824665397E-004
           9           9   2.2844004784134242     
           9          10  -8.2232254547394206E-004
           9          11  -3.2181723064146775E-003
           9          12 -0.81017741483385453     
           9          13   1.6993033653169172E-003
           9          14   6.6485054020756903E-003
           9          15   1.6047811238413368E-002
           9          16   2.1170552839977581E-003
           9          17   8.2829819512444548E-003
           9          18   3.9537340251942554E-002
           9          19   1.6206722899920063E-004
           9          20   6.3408734851639335E-004
           9          21   1.9580614225543917E-003
           9          22   1.1354287799994212E-009
           9          23   1.0791684363493062E-010
           9          24   4.2558053072595860E-010
           9          25  -2.3997027189998175E-009
           9          26   1.1891499221876775E-009
           9          27   1.1760169946883374E-009
           9          28  -3.1025434522928248E-010
           9          29  -6.2248351538313770E-010
           9          30  -1.4206751291314884E-009
           9          31  -6.8658045936611609E-010
           9          32   9.2994879602357665E-010
           9          33  -6.8952229424935014E-010
           9          34   5.4722210968990430E-011
           9          35   6.6062735573492715E-010
           9          36  -1.2593396668401302E-009
           9          37  -6.6377537248584319E-010
           9          38   6.3949330841931823E-010
           9          39  -1.1612181269011508E-009
          10           1  -3.0357272927790889E-010
          10           2   2.1325671503808134E-009
          10           3  -1.2559064982199048E-009
          10           4   1.3464448757977367E-008
          10           5  -2.5762292847179011E-008
          10           6  -2.6615703589194622E-008
          10           7 -0.79602062786684025     
          10           8  -1.8630829774311902E-004
          10           9  -8.2232254547394206E-004
          10          10   2.2587230683052368     
          10          11   6.9197678380171501E-004
          10          12   3.0541237978484897E-003
          10          13   3.4961991372125037E-002
          10          14  -1.4231908651525654E-003
          10          15  -6.2807452826057868E-003
          10          16  -8.0190189148859441E-003
          10          17  -1.7996319414615230E-003
          10          18  -7.9420036577180029E-003
          10          19   2.0794467292535529E-003
          10          20  -1.3510963214063377E-004
          10          21  -5.9627040457119153E-004
          10          22   4.6877144109001728E-011
          10          23   7.2159905916413112E-010
          10          24   1.1548761692360931E-009
          10          25   2.3802415823050579E-009
          10          26  -4.2324859905313636E-010
          10          27   1.5016810596183586E-009
          10          28   6.2333409743854083E-009
          10          29   1.0183625444473168E-009
          10          30   7.3186540683751181E-009
          10          31  -1.5803912465666272E-010
          10          32  -2.3306045159986466E-009
          10          33   6.4172000661961209E-009
          10          34   1.4717795951657695E-008
          10          35   8.3603600044727011E-010
          10          36   1.3246533201143855E-008
          10          37   1.5763589211803523E-009
          10          38   1.5238695347801142E-009
          10          39   1.2721968116140151E-008
          11           1  -1.9279637505635139E-009
          11           2   2.1806948916268557E-009
          11           3  -4.2163053115985583E-008
          11           4  -3.3801454187798188E-008
          11           5   7.8814183269335972E-008
          11           6   1.6717103243229129E-010
          11           7  -1.8630729203811499E-004
          11           8 -0.79670213645450261     
          11           9  -3.2181723064146775E-003
          11          10   6.9197678380171501E-004
          11          11   2.2612541184110899     
          11          12   1.1951589647022256E-002
          11          13  -1.4232084620165403E-003
          11          14   2.9757505350050818E-002
          11          15  -2.4573379130659222E-002
          11          16  -1.7996158204438848E-003
          11          17  -1.4600098650172321E-002
          11          18  -3.1073100325644382E-002
          11          19  -1.3511899878067439E-004
          11          20   1.5853643082917651E-003
          11          21  -2.3329095082542891E-003
          11          22   1.4718404464221060E-008
          11          23   3.4404387850682507E-009
          11          24   1.7260162878747327E-009
          11          25  -7.3701461660073770E-009
          11          26   3.3799289826508925E-009
          11          27   1.6572664392874730E-008
          11          28  -4.4631306234437977E-009
          11          29  -7.1141911873972058E-009
          11          30  -1.9227674185393146E-008
          11          31  -7.8675429493948715E-009
          11          32   1.0947301880675763E-008
          11          33  -9.1552170876221682E-009
          11          34  -2.8678128722559618E-009
          11          35   7.2024859849862318E-009
          11          36  -1.8089381614593206E-008
          11          37  -8.3183686921972405E-009
          11          38   7.4056933624455884E-009
          11          39  -1.6481368069897968E-008
          12           1   4.9070301770498313E-010
          12           2  -7.2101351566776059E-010
          12           3   1.0279321543322606E-008
          12           4   6.2637074162725370E-009
          12           5  -1.7186782231821433E-008
          12           6   1.3285909571618234E-009
          12           7  -8.2232243152826939E-004
          12           8  -3.2181732384475581E-003
          12           9 -0.81017741483385453     
          12          10   3.0541237978484897E-003
          12          11   1.1951589647022256E-002
          12          12   2.3112962588559660     
          12          13  -6.2807453133165644E-003
          12          14  -2.4573360808930658E-002
          12          15  -7.3119771139816353E-002
          12          16  -7.9420089948318388E-003
          12          17  -3.1073121246032977E-002
          12          18 -0.14468891947133791     
          12          19  -5.9627162080076615E-004
          12          20  -2.3329088812445594E-003
          12          21  -8.1814513123430830E-003
          12          22  -3.2351574887529715E-009
          12          23  -3.2353546067618514E-011
          12          24  -8.7248278076249741E-010
          12          25   8.1265249734150352E-009
          12          26  -2.5657514744864311E-009
          12          27  -3.8564004258538363E-009
          12          28   8.2067013566177644E-010
          12          29   1.7072527953593029E-009
          12          30   3.9014581328301964E-009
          12          31   2.0158842976453129E-009
          12          32  -2.5163075478525879E-009
          12          33   1.9662521944789042E-009
          12          34  -1.1038064151145744E-010
          12          35  -1.7101360610978406E-009
          12          36   3.4740526948989174E-009
          12          37   1.8047206067952349E-009
          12          38  -1.8176985434832312E-009
          12          39   3.2095179673274681E-009
          13           1   3.3165939940077966E-012
          13           2   4.2032095262580799E-012
          13           3   8.5298757349313906E-011
          13           4   8.6345803376603344E-011
          13           5  -5.1332120712290355E-010
          13           6  -4.2318220403178383E-010
          13           7  -1.3194507450076888E-002
          13           8   3.8506117050618032E-004
          13           9   1.6993033653169172E-003
          13          10   3.4961991372125037E-002
          13          11  -1.4232084620165403E-003
          13          12  -6.2807453133165644E-003
          13          13   1.2861478849703987E-003
          13          14   2.8686112880382110E-003
          13          15   1.2659568953003143E-002
          13          16   8.4855509461950990E-004
          13          17   3.7831238011388491E-003
          13          18   1.6695435398114213E-002
          13          19   1.0181440728476793E-004
          13          20   2.6880948132967686E-004
          13          21   1.1862925268315608E-003
          13          22  -2.1161045856342062E-009
          13          23  -1.9204520803770513E-009
          13          24   4.9138717306984417E-009
          13          25  -1.0750452924782027E-009
          13          26   7.1769035283679666E-009
          13          27  -2.7604067288640230E-009
          13          28   4.5003075050048612E-011
          13          29  -2.5487565774800826E-011
          13          30   2.1898444984474730E-010
          13          31  -2.5750410785157995E-011
          13          32   1.5414637274692799E-010
          13          33   4.2021712568848741E-011
          13          34   2.1903741163580766E-010
          13          35   8.6764403211993494E-012
          13          36   2.1898967518226592E-010
          13          37   1.8908244048222824E-011
          13          38   6.4325324749513356E-011
          13          39   1.8692123443735183E-010
          14           1  -8.3250982570967113E-011
          14           2   2.2589841701826415E-010
          14           3  -1.3352537826234490E-009
          14           4   6.2637563852795887E-010
          14           5   2.2286243906554761E-009
          14           6   1.1295797962528629E-010
          14           7   3.8505495684618406E-004
          14           8  -1.1786394290122779E-002
          14           9   6.6485054020756903E-003
          14          10  -1.4231908651525654E-003
          14          11   2.9757505350050818E-002
          14          12  -2.4573360808930658E-002
          14          13   2.8686112880382110E-003
          14          14   1.1776404963304612E-002
          14          15   4.9530589803349422E-002
          14          16   3.7831262087416749E-003
          14          17   1.4683101833526894E-002
          14          18   6.5320924056060534E-002
          14          19   2.6881003249102286E-004
          14          20   1.0848266675909548E-003
          14          21   4.6413718774267754E-003
          14          22   1.4425876055862008E-009
          14          23   1.2154193397337976E-009
          14          24  -4.7338821507294807E-009
          14          25   4.1453525322846839E-009
          14          26  -1.0092978910104017E-008
          14          27   3.8393751691294683E-009
          14          28  -2.7882686613272098E-011
          14          29  -1.1316912462728432E-010
          14          30  -3.8046021962603810E-010
          14          31  -3.2180602389040940E-011
          14          32  -8.5566179251798192E-011
          14          33  -2.0547885012663406E-010
          14          34  -8.1535452844157870E-011
          14          35   1.2060053011592875E-010
          14          36  -3.5027184306464285E-010
          14          37  -1.1877237334636969E-010
          14          38   1.0123128586446641E-010
          14          39  -3.4359217323169441E-010
          15           1  -6.5794515326095705E-011
          15           2   2.4908769327806772E-010
          15           3  -7.4359100321768597E-010
          15           4   1.5642338508293876E-009
          15           5   9.8483715745775990E-010
          15           6   1.8219938483201347E-010
          15           7   1.6993038196286964E-003
          15           8   6.6485117086730059E-003
          15           9   1.6047811238413368E-002
          15          10  -6.2807452826057868E-003
          15          11  -2.4573379130659222E-002
          15          12  -7.3119771139816353E-002
          15          13   1.2659568953003143E-002
          15          14   4.9530589803349422E-002
          15          15  0.21913812556253934     
          15          16   1.6695444891647825E-002
          15          17   6.5320922985793298E-002
          15          18  0.28815166203274434     
          15          19   1.1862952971961839E-003
          15          20   4.6413710472635681E-003
          15          21   2.0516108712059469E-002
          15          22   3.8201736977347448E-010
          15          23  -3.3744594355035371E-010
          15          24  -1.3513858547491598E-009
          15          25  -9.8345976314333207E-009
          15          26  -6.6055793549765506E-011
          15          27   9.2180036015316843E-010
          15          28   9.3724078145772452E-012
          15          29  -9.2000497493613130E-011
          15          30   1.0940959977833040E-010
          15          31  -1.9307640115267674E-010
          15          32   3.8526057226644761E-011
          15          33  -3.3883819795877678E-010
          15          34  -9.8408121650981119E-011
          15          35  -5.0333590164167835E-012
          15          36  -9.0902084927534273E-011
          15          37  -3.7168178257575604E-011
          15          38   1.1480366550577516E-010
          15          39  -2.2510958511364784E-010
          16           1  -5.8305296463167954E-012
          16           2   1.7468056863958893E-011
          16           3  -8.3920095920109097E-011
          16           4   7.5137172111962677E-011
          16           5   1.8841959074553203E-010
          16           6   9.9167777974040089E-011
          16           7   3.1060355218405196E-003
          16           8   4.7971175958199356E-004
          16           9   2.1170552839977581E-003
          16          10  -8.0190189148859441E-003
          16          11  -1.7996158204438848E-003
          16          12  -7.9420089948318388E-003
          16          13   8.4855509461950990E-004
          16          14   3.7831262087416749E-003
          16          15   1.6695444891647825E-002
          16          16   1.2996605326386788E-003
          16          17   4.9857308987868070E-003
          16          18   2.2002702782231584E-002
          16          19   8.3516469531333130E-005
          16          20   3.5450150165107014E-004
          16          21   1.5644631638305723E-003
          16          22   1.0237133505854361E-010
          16          23   4.0428269162243248E-010
          16          24   2.3025118122480294E-011
          16          25   2.5972405139332285E-009
          16          26  -4.0759939428394651E-010
          16          27  -1.2833399633863450E-010
          16          28  -2.2697435748872761E-011
          16          29  -1.5573423343204737E-012
          16          30  -2.0781014862445117E-011
          16          31   5.8295859434414425E-011
          16          32   1.1907327514127776E-011
          16          33  -4.1012582710791919E-011
          16          34  -5.7269331378718913E-011
          16          35   9.5802317927759188E-013
          16          36  -5.5883348844390369E-011
          16          37   3.6507963702843912E-012
          16          38   6.3084512968105836E-012
          16          39  -5.7258164553755038E-011
          17           1  -1.6391151575524017E-011
          17           2   7.2948178752206279E-011
          17           3  -1.3232245984721774E-010
          17           4   5.9351520183928774E-010
          17           5   1.4927792738753833E-010
          17           6   4.7449001815682634E-011
          17           7   4.7971757141188005E-004
          17           8   4.8603154645127256E-003
          17           9   8.2829819512444548E-003
          17          10  -1.7996319414615230E-003
          17          11  -1.4600098650172321E-002
          17          12  -3.1073121246032977E-002
          17          13   3.7831238011388491E-003
          17          14   1.4683101833526894E-002
          17          15   6.5320922985793298E-002
          17          16   4.9857308987868070E-003
          17          17   1.9532022998865414E-002
          17          18   8.6085568142248756E-002
          17          19   3.5450219887362344E-004
          17          20   1.3798958485753718E-003
          17          21   6.1209616657061415E-003
          17          22  -8.4038354792556952E-010
          17          23  -1.2605728148601421E-009
          17          24   8.0052675320484782E-010
          17          25  -2.8692730159953252E-009
          17          26   1.0005453949053111E-009
          17          27  -4.8968450511327431E-011
          17          28  -1.1195396566321939E-011
          17          29  -3.3741621906798094E-011
          17          30   9.7495923648745959E-011
          17          31  -4.1767567399565284E-011
          17          32   1.8145061341986679E-011
          17          33  -6.2102455386032318E-011
          17          34  -2.5546288415635001E-011
          17          35  -2.0901152096369346E-011
          17          36   1.8462176539956862E-011
          17          37   9.2402835667634798E-012
          17          38   2.5702722042922938E-011
          17          39  -1.7011328742919865E-011
          18           1  -2.8727784306810363E-011
          18           2   9.8391621675843080E-011
          18           3  -4.0907557999188242E-010
          18           4   7.1656819162782914E-010
          18           5   6.3248197709506101E-010
          18           6   8.6625989220329127E-011
          18           7   2.1170535005943947E-003
          18           8   8.2829745642058351E-003
          18           9   3.9537340251942554E-002
          18          10  -7.9420036577180029E-003
          18          11  -3.1073100325644382E-002
          18          12 -0.14468891947133791     
          18          13   1.6695435398114213E-002
          18          14   6.5320924056060534E-002
          18          15  0.28815166203274434     
          18          16   2.2002702782231584E-002
          18          17   8.6085568142248756E-002
          18          18  0.37993257064430958     
          18          19   1.5644659231800018E-003
          18          20   6.1209606838802735E-003
          18          21   2.7005537908804469E-002
          18          22   7.6265712868095956E-010
          18          23   2.6988199219503976E-009
          18          24  -1.9016838550255838E-009
          18          25   2.0636191593283917E-008
          18          26  -7.5564347669133210E-009
          18          27   1.2232299825207269E-009
          18          28  -4.2757005084109553E-011
          18          29  -7.1167936282387256E-011
          18          30  -3.6154936903085315E-012
          18          31   4.8051320594089948E-010
          18          32  -3.9335421715621064E-012
          18          33  -3.1492345153271847E-010
          18          34  -1.0064196763966434E-010
          18          35   5.0707302630777787E-011
          18          36  -1.7805797627778454E-010
          18          37   4.6804504734999842E-011
          18          38   1.8268173082006907E-010
          18          39  -2.7437333411427152E-010
          19           1   1.2834872157661293E-012
          19           2  -3.6511849412984653E-012
          19           3   1.8644278074523581E-011
          19           4  -1.0887589571666825E-011
          19           5  -4.5273106402211221E-011
          19           6  -2.6499318344110747E-011
          19           7  -8.3086113809705052E-004
          19           8   3.6725973175848363E-005
          19           9   1.6206722899920063E-004
          19          10   2.0794467292535529E-003
          19          11  -1.3511899878067439E-004
          19          12  -5.9627162080076615E-004
          19          13   1.0181440728476793E-004
          19          14   2.6881003249102286E-004
          19          15   1.1862952971961839E-003
          19          16   8.3516469531333130E-005
          19          17   3.5450219887362344E-004
          19          18   1.5644659231800018E-003
          19          19   8.4221703093172251E-006
          19          20   2.5191465957416453E-005
          19          21   1.1117336596141543E-004
          19          22   3.7757838107467143E-011
          19          23  -3.6828937156001307E-010
          19          24  -3.8611125972176772E-009
          19          25   1.7569775901523949E-009
          19          26  -9.6452654174711116E-009
          19          27   3.8251415560397138E-009
          19          28   6.9278568080764519E-012
          19          29  -6.4742694396586919E-012
          19          30  -8.1964268586631310E-011
          19          31   4.4568583423950670E-011
          19          32  -2.2159169384516853E-010
          19          33   9.2652418463372153E-011
          19          34   1.4197269109416898E-011
          19          35  -4.3103594642212617E-013
          19          36  -3.0904113986183733E-012
          19          37   8.2729820691915985E-012
          19          38  -3.6059765632021632E-011
          19          39   2.6650534856748207E-011
          20           1  -1.6957633183282463E-012
          20           2   1.9719849745448522E-012
          20           3  -4.2598640396965873E-011
          20           4  -2.5844908235907459E-011
          20           5   7.6564414474970695E-011
          20           6   8.1190551215361888E-013
          20           7   3.6722791640527069E-005
          20           8  -6.9657017993696754E-004
          20           9   6.3408734851639335E-004
          20          10  -1.3510963214063377E-004
          20          11   1.5853643082917651E-003
          20          12  -2.3329088812445594E-003
          20          13   2.6880948132967686E-004
          20          14   1.0848266675909548E-003
          20          15   4.6413710472635681E-003
          20          16   3.5450150165107014E-004
          20          17   1.3798958485753718E-003
          20          18   6.1209606838802735E-003
          20          19   2.5191465957416453E-005
          20          20   1.0054488973289861E-004
          20          21   4.3496491925071605E-004
          20          22   1.4463700096805917E-010
          20          23   2.9489657403962085E-010
          20          24   6.0816079239535954E-010
          20          25  -1.3208634912575248E-010
          20          26   1.7643214584521985E-009
          20          27  -7.2144255029116016E-010
          20          28  -3.0585375992527363E-012
          20          29  -1.8690405940406720E-012
          20          30  -3.5692370346522156E-012
          20          31  -5.2009045635292780E-012
          20          32   5.2910479206571394E-011
          20          33  -2.8436864827320244E-011
          20          34  -4.0062164489230321E-012
          20          35   8.2194063640808095E-012
          20          36  -1.6796533542696474E-011
          20          37  -8.5663974599473837E-012
          20          38   1.7511931771919948E-011
          20          39  -2.1384671135529924E-011
          21           1  -3.6671128906392899E-012
          21           2   1.3924888079526137E-011
          21           3  -3.9882102796637454E-011
          21           4   8.0710818879866659E-011
