           1           1   2.0000023055685183     
           1           2  -2.5101828602149402E-004
           1           3   1.7986642966155801E-003
           1           4  -4.0847712446788644E-004
           1           5   1.3071713354842521E-003
           1           6   2.2366457097291480E-004
           1           7  -3.4689596093708282E-012
           1           8   8.3829621820761419E-013
           1           9  -6.4440362044319702E-012
           1          10   2.2467903289045034E-010
           1          11  -1.5571302820863996E-010
           1          12  -1.0713756210385114E-010
           1          13  -6.8245608137970558E-012
           1          14  -9.2909072160030510E-012
           1          15  -5.5281796857551891E-012
           1          16   3.0542408968772173E-013
           1          17   2.3144107469325300E-012
           1          18   2.2650813055045491E-012
           1          19  -7.7607444260439755E-014
           1          20  -4.9168368653509885E-013
           1          21  -2.4686606785981542E-013
           1          22  -1.5273481546935214E-004
           1          23   1.2490511021346544E-004
           1          24  -1.8446245241701982E-004
           1          25   4.1582743718024925E-005
           1          26   3.5929197082022347E-005
           1          27  -2.6756780276222558E-004
           1          28  -4.9787262982190015E-004
           1          29   9.0674526792282982E-006
           1          30  -5.0017567184300186E-004
           1          31   3.0188065142897004E-006
           1          32   2.6084197273241451E-006
           1          33  -5.0620872131543237E-004
           1          34  -1.8735403766213457E-004
           1          35   1.4836813382686388E-008
           1          36  -1.8735784220300035E-004
           1          37   4.9226986328617387E-009
           1          38   4.2463716103973193E-009
           1          39  -1.8736770799341885E-004
           2           1  -2.5101828602149402E-004
           2           2   1.9917854516076816     
           2           3   1.4869804119619624E-002
           2           4  -1.2620502959865635E-002
           2           5   9.8882358870488324E-003
           2           6  -3.3370566901901677E-005
           2           7  -2.4325329812093097E-011
           2           8  -1.8233708584280754E-011
           2           9  -9.4663871025484328E-011
           2          10   2.4794319328199808E-009
           2          11  -1.7034537991192627E-009
           2          12  -1.0499371596276936E-009
           2          13  -1.1575029991645510E-010
           2          14  -1.4673152296623705E-010
           2          15  -9.5763622677923520E-011
           2          16   2.0681700442353980E-011
           2          17   5.0851493814405163E-011
           2          18   4.5074015359100995E-011
           2          19  -2.8574285679496140E-012
           2          20  -8.3832388156178064E-012
           2          21  -3.6174696518635217E-012
           2          22   4.2525234388752341E-003
           2          23   1.4168044871257276E-003
           2          24   3.8926253849029158E-003
           2          25   4.7165704686823016E-004
           2          26   4.0752909172309175E-004
           2          27   2.9499520278331772E-003
           2          28  -1.9668385406987170E-003
           2          29   9.8304704123157173E-005
           2          30  -1.9918032696635375E-003
           2          31   3.2729689625168234E-005
           2          32   2.8280909212038920E-005
           2          33  -2.0572112700219395E-003
           2          34  -3.1262116799224415E-004
           2          35  -1.5242041504112275E-005
           2          36  -3.0875147724978929E-004
           2          37  -5.0752583336985725E-006
           2          38  -4.3855744270568915E-006
           2          39  -2.9860993135066220E-004
           3           1   1.7986642966155801E-003
           3           2   1.4869804119619624E-002
           3           3   2.1053692509906750     
           3           4   2.9971829914717901E-002
           3           5   3.0748635389601202E-002
           3           6   1.4880459696208137E-003
           3           7  -8.2968746699450315E-011
           3           8  -1.3867742208627664E-011
           3           9  -1.6566001946407553E-010
           3          10   1.0590735565735169E-009
           3          11  -1.7341805257315998E-010
           3          12   2.3564178058669648E-009
           3          13  -9.1241648855621881E-011
           3          14  -4.4674737055973353E-010
           3          15  -6.1579045344756744E-010
           3          16   1.4301630824863173E-010
           3          17   4.4015572871379899E-010
           3          18   5.3329635359737259E-010
           3          19  -1.0367709262051032E-011
           3          20  -3.1131591761270681E-011
           3          21  -3.1690142149206678E-011
           3          22  -2.8072349793312031E-002
           3          23   2.2757231526723343E-003
           3          24  -2.8650448468030498E-002
           3          25   7.5759975072210565E-004
           3          26   6.5459168340627812E-004
           3          27  -3.0164595040888337E-002
           3          28  -2.5341461672495805E-002
           3          29   2.7636641445257800E-004
           3          30  -2.5411612135929396E-002
           3          31   9.2028666425621644E-005
           3          32   7.9525333441812391E-005
           3          33  -2.5595500740780073E-002
           3          34  -2.7577038972120748E-003
           3          35  -3.5325107382878094E-006
           3          36  -2.7568208767842130E-003
           3          37  -1.1821700460724682E-006
           3          38  -1.0238921675220329E-006
           3          39  -2.7544680653852670E-003
           4           1  -4.0847712446788644E-004
           4           2  -1.2620502959865635E-002
           4           3   2.9971829914717901E-002
           4           4   2.0397221911354588     
           4           5  -5.7970239700997156E-002
           4           6   9.0666522397562122E-002
           4           7  -5.5955344286059212E-011
           4           8   5.4626870578572519E-011
           4           9  -9.7301759210293691E-011
           4          10   2.9780869012999125E-009
           4          11  -9.2480451880693447E-010
           4          12  -2.2365196950812412E-009
           4          13   7.5619933572486289E-009
           4          14   3.9836416365472856E-009
           4          15   1.7472073636086035E-008
           4          16  -3.4917449541050493E-009
           4          17  -2.2719176742424608E-009
           4          18  -9.1873150944012869E-009
           4          19   1.4895948866357487E-010
           4          20   4.0995900863332737E-010
           4          21   1.2633275945587730E-011
           4          22   2.8545112202591700E-003
           4          23  -1.2107682010085384E-002
           4          24   5.9299175753029050E-003
           4          25  -4.0306830971239167E-003
           4          26  -3.4826964160971675E-003
           4          27   1.3985859223203726E-002
           4          28  -2.1553364750524738E-003
           4          29   3.9612712992413701E-004
           4          30  -2.2561814032947079E-003
           4          31   1.3176852477579312E-004
           4          32   1.1380384314042466E-004
           4          33  -2.5196895002375010E-003
           4          34  -2.2347925059621857E-002
           4          35   1.4322077580879685E-002
           4          36  -2.5985594481694175E-002
           4          37   4.7682239261219936E-003
           4          38   4.1199985113200693E-003
           4          39  -3.5514793163511228E-002
           5           1   1.3071713354842521E-003
           5           2   9.8882358870488324E-003
           5           3   3.0748635389601202E-002
           5           4  -5.7970239700997156E-002
           5           5   2.2729263130424199E-003
           5           6  -2.5306027315882525E-003
           5           7   8.8543234463435555E-011
           5           8  -2.8174409930459941E-010
           5           9   2.7321890922039687E-010
           5          10  -1.6533068665433456E-008
           5          11   1.2420728202939009E-008
           5          12   1.5281738907347202E-008
           5          13  -5.6196659041473014E-010
           5          14  -4.5561368744665836E-010
           5          15  -6.5334818645019103E-010
           5          16   1.0580860874849983E-010
           5          17   9.1393378279286450E-011
           5          18   2.9785703599646304E-010
           5          19  -3.7084549102723843E-011
           5          20  -1.3104880467168109E-011
           5          21   9.6404204237234564E-012
           5          22  -1.4356753117487143E-003
           5          23  -2.0844620102831750E-003
           5          24  -9.0620998883954383E-004
           5          25  -6.9402988626851027E-004
           5          26  -5.9967908158097471E-004
           5          27   4.8063490074737444E-004
           5          28  -4.0513701908346622E-004
           5          29  -1.1129104844738555E-004
           5          30  -3.7686123366209047E-004
           5          31  -3.7048547727747084E-005
           5          32  -3.2010512230883428E-005
           5          33  -3.0281599270788595E-004
           5          34   5.6636628794847963E-004
           5          35  -4.1954273793978617E-004
           5          36   6.7292599640306682E-004
           5          37  -1.3967791350814201E-004
           5          38  -1.2068910497468121E-004
           5          39   9.5206868906860202E-004
           6           1   2.2366457097291480E-004
           6           2  -3.3370566901901677E-005
           6           3   1.4880459696208137E-003
           6           4   9.0666522397562122E-002
           6           5  -2.5306027315882525E-003
           6           6   4.1337783870324272E-003
           6           7  -2.2246352224072512E-011
           6           8   1.4787374650745480E-011
           6           9  -8.9484374806965820E-011
           6          10   9.8347476887070646E-009
           6          11  -8.4550854179169862E-009
           6          12  -1.0202262188973019E-008
           6          13   5.4059824510075857E-010
           6          14   6.6428249256779189E-010
           6          15   8.5277798304310248E-010
           6          16  -1.2320566617851757E-010
           6          17  -2.1164927791024444E-010
           6          18  -4.0209831739569541E-010
           6          19   3.2794168306407047E-011
           6          20   1.8407182262958432E-011
           6          21  -5.4537771182135410E-012
           6          22  -1.3526889303445368E-003
           6          23  -4.3626833337943177E-003
           6          24  -2.4479998809013171E-004
           6          25  -1.4529333486969398E-003
           6          26  -1.2554409755083937E-003
           6          27   2.6577683983863088E-003
           6          28  -4.2360360153881327E-004
           6          29  -5.2834361658397151E-004
           6          30  -2.8942003675119294E-004
           6          31  -1.7591170627180146E-004
           6          32  -1.5199953419449674E-004
           6          33   6.2113697231195556E-005
           6          34  -1.1535415242482641E-003
           6          35   4.2000939915528570E-004
           6          36  -1.2602199447825097E-003
           6          37   1.3983136836697295E-004
           6          38   1.2082172403375300E-004
           6          39  -1.5396740163694700E-003
           7           1  -3.4689596093708282E-012
           7           2  -2.4325329812093097E-011
           7           3  -8.2968746699450315E-011
           7           4  -5.5955344286059212E-011
           7           5   8.8543234463435555E-011
           7           6  -2.2246352224072512E-011
           7           7   2.0000005284088518     
           7           8   2.0506630864182817E-007
           7           9   6.8274488920399569E-008
           7          10  -2.3729916966538950E-005
           7          11  -1.1345961941423800E-005
           7          12  -3.7773140985533106E-006
           7          13   2.5634806974274808E-004
           7          14   1.4584252759488364E-004
           7          15   4.8555102326676888E-005
           7          16  -4.7677212917006235E-005
           7          17  -2.6978706041139065E-005
           7          18  -8.9821975358262156E-006
           7          19  -7.4792713053310934E-005
           7          20   6.8764143490088390E-006
           7          21   2.2893616703041265E-006
           7          22   3.4497397369024648E-010
           7          23   2.4014824902415311E-010
           7          24   1.2926515067754846E-010
           7          25  -8.3397237997554298E-010
           7          26  -6.9510679921138927E-010
           7          27  -3.7606726430121032E-010
           7          28   1.1478651935975955E-011
           7          29  -2.5402939153911129E-011
           7          30  -1.0563251892183088E-011
           7          31  -6.3664674980690900E-012
           7          32  -9.5270539538658841E-012
           7          33  -1.3145735074175524E-011
           7          34  -4.9411796563813127E-012
           7          35   1.2002054866865903E-011
           7          36   3.3073035676032244E-012
           7          37  -5.6802892924766290E-012
           7          38   3.0855152064564852E-012
           7          39   3.3031389444388169E-012
           8           1   8.3829621820761419E-013
           8           2  -1.8233708584280754E-011
           8           3  -1.3867742208627664E-011
           8           4   5.4626870578572519E-011
           8           5  -2.8174409930459941E-010
           8           6   1.4787374650745480E-011
           8           7   2.0506630864182817E-007
           8           8   2.0000004682734769     
           8           9   5.8992902574751579E-008
           8          10  -1.1345773347358669E-005
           8          11  -2.0402078519299643E-005
           8          12  -3.2636821725135094E-006
           8          13   1.4584127036953927E-004
           8          14   2.1357403854769998E-004
           8          15   4.1953729296886563E-005
           8          16  -2.6978695050254606E-005
           8          17  -3.9765506205828661E-005
           8          18  -7.7610770093023391E-006
           8          19   6.8763647152911480E-006
           8          20  -7.6809455382099870E-005
           8          21   1.9781265063414186E-006
           8          22  -5.4442373594932630E-010
           8          23  -2.0950303154644210E-010
           8          24   8.8344321531466266E-011
           8          25   8.2209884479308088E-010
           8          26   8.8659870819867645E-010
           8          27   5.5654280007723125E-010
           8          28   7.8923106134634650E-011
           8          29  -5.4743863045716967E-012
           8          30   4.4005376339152657E-011
           8          31  -1.2386761593803338E-011
           8          32  -1.8429717947189352E-011
           8          33   8.7757749411831709E-011
           8          34   2.9281033849224197E-011
           8          35  -5.3743856874625770E-012
           8          36   4.0905649446864260E-011
           8          37   8.5605645594630838E-012
           8          38   3.4835323401271655E-012
           8          39   1.1311035449790626E-011
           9           1  -6.4440362044319702E-012
           9           2  -9.4663871025484328E-011
           9           3  -1.6566001946407553E-010
           9           4  -9.7301759210293691E-011
           9           5   2.7321890922039687E-010
           9           6  -8.9484374806965820E-011
           9           7   6.8274488920399569E-008
           9           8   5.8992902574751579E-008
           9           9   2.0000003107240740     
           9          10  -3.7770083265569694E-006
           9          11  -3.2636860144097446E-006
           9          12  -1.1685463179321653E-005
           9          13   4.8553630897493503E-005
           9          14   4.1952849965014408E-005
           9          15   1.0152672704490696E-004
           9          16  -8.9821286949851443E-006
           9          17  -7.7610679811970240E-006
           9          18  -1.9038207866205802E-005
           9          19   2.2892768827828986E-006
           9          20   1.9780950397292167E-006
           9          21  -8.2092449531145868E-005
           9          22  -1.2692510249854380E-009
           9          23  -6.0392413245638863E-010
           9          24   1.5206531372870520E-010
           9          25   2.2645255652649871E-009
           9          26   2.1702005641817713E-009
           9          27   1.2967927133958199E-009
           9          28  -3.9427302013882637E-011
           9          29  -2.1689451789289502E-011
           9          30  -8.4530808076518555E-012
           9          31   6.2927357028066253E-011
           9          32   5.3248441844746887E-011
           9          33  -3.2629928962201813E-011
           9          34  -2.1883423473703626E-011
           9          35   7.4221319357728892E-012
           9          36  -1.2643782857633777E-011
           9          37   7.9306002731371492E-012
           9          38   1.5346850216656947E-011
           9          39   4.4755065902566981E-011
          10           1   2.2467903289045034E-010
          10           2   2.4794319328199808E-009
          10           3   1.0590735565735169E-009
          10           4   2.9780869012999125E-009
          10           5  -1.6533068665433456E-008
          10           6   9.8347476887070646E-009
          10           7  -2.3729916966538950E-005
          10           8  -1.1345773347358669E-005
          10           9  -3.7770083265569694E-006
          10          10   1.9990082538524614     
          10          11  -4.5696555424382237E-004
          10          12  -1.5212337508762759E-004
          10          13  -4.8227524325172230E-003
          10          14  -3.8981788429772661E-004
          10          15  -1.2973502423366858E-004
          10          16   5.6590933322621774E-003
          10          17   2.7517026243707755E-003
          10          18   9.1607340565654719E-004
          10          19   1.8974957229159943E-003
          10          20  -7.9607682954638736E-005
          10          21  -2.6500605595740822E-005
          10          22   5.5710652526324055E-009
          10          23   5.3757578916599881E-009
          10          24  -4.5581026489053843E-009
          10          25  -1.3554159138505429E-008
          10          26  -6.1041694115025443E-009
          10          27  -6.5540921960941085E-009
          10          28   4.4762826539657847E-010
          10          29  -8.3578217740892329E-010
          10          30   5.6822458468703512E-009
          10          31   3.1273889915474851E-009
          10          32  -1.5192520577577753E-009
          10          33   4.3739852674600997E-009
          10          34  -8.1991771338995968E-010
          10          35   4.9147370414806386E-010
          10          36  -5.3770586443804340E-009
          10          37  -5.6978257622194611E-010
          10          38   3.2142501984133574E-009
          10          39  -1.3224354279044795E-009
          11           1  -1.5571302820863996E-010
          11           2  -1.7034537991192627E-009
          11           3  -1.7341805257315998E-010
          11           4  -9.2480451880693447E-010
          11           5   1.2420728202939009E-008
          11           6  -8.4550854179169862E-009
          11           7  -1.1345961941423800E-005
          11           8  -2.0402078519299643E-005
          11           9  -3.2636860144097446E-006
          11          10  -4.5696555424382237E-004
          11          11   1.9991420815929177     
          11          12  -1.3147134919813390E-004
          11          13  -3.8983731199841070E-004
          11          14  -4.7083356121105889E-003
          11          15  -1.1210286560693112E-004
          11          16   2.7516947299785900E-003
          11          17   4.8519563630940957E-003
          11          18   7.9153475555535221E-004
          11          19  -7.9604375976377926E-005
          11          20   1.9208509463875330E-003
          11          21  -2.2895835682447399E-005
          11          22  -2.1833931543472423E-008
          11          23  -7.1623141626306293E-009
          11          24   1.0900730609051155E-008
          11          25   2.6050502232659840E-008
          11          26   2.2192052826928115E-008
          11          27   1.4601688738920165E-008
          11          28  -1.0505014490540547E-009
          11          29   3.4994169161797636E-011
          11          30  -3.5469230421350759E-009
          11          31  -2.4761433583661278E-009
          11          32   1.5908465497030544E-009
          11          33  -3.6228396237518462E-009
          11          34   1.0201963988191949E-009
          11          35  -2.4281357005974053E-010
          11          36   4.4391228533727276E-009
          11          37   5.1306394598436362E-010
          11          38  -2.6319746849309532E-009
          11          39   1.2209523335392129E-009
          12           1  -1.0713756210385114E-010
          12           2  -1.0499371596276936E-009
          12           3   2.3564178058669648E-009
          12           4  -2.2365196950812412E-009
          12           5   1.5281738907347202E-008
          12           6  -1.0202262188973019E-008
          12           7  -3.7773140985533106E-006
          12           8  -3.2636821725135094E-006
          12           9  -1.1685463179321653E-005
          12          10  -1.5212337508762759E-004
          12          11  -1.3147134919813390E-004
          12          12   1.9994932385611284     
          12          13  -1.2977227086260687E-004
          12          14  -1.1211231177700546E-004
          12          15  -4.4088656170235699E-003
          12          16   9.1607920225841887E-004
          12          17   7.9152605614170226E-004
          12          18   2.7379084360853083E-003
          12          19  -2.6501076133396156E-005
          12          20  -2.2894081007542042E-005
          12          21   1.9820046936614997E-003
          12          22  -1.4326287505921772E-008
          12          23  -5.6541531349106802E-009
          12          24   5.9753684263092897E-009
          12          25   1.6715239606093004E-008
          12          26   1.1499359500123971E-008
          12          27   9.5581935416012745E-009
          12          28  -1.2716954153075615E-010
          12          29   3.1661299922929766E-010
          12          30  -4.8608921108898402E-009
          12          31  -3.1810066150846097E-009
          12          32   9.7206409754415113E-010
          12          33  -3.4816747768163694E-009
          12          34   1.1429712145711798E-009
          12          35  -5.8382956517248222E-010
          12          36   5.7839240410600136E-009
          12          37   6.8768438753904851E-010
          12          38  -2.6913288836993093E-009
          12          39   2.0576767336691767E-009
          13           1  -6.8245608137970558E-012
          13           2  -1.1575029991645510E-010
          13           3  -9.1241648855621881E-011
          13           4   7.5619933572486289E-009
          13           5  -5.6196659041473014E-010
          13           6   5.4059824510075857E-010
          13           7   2.5634806974274808E-004
          13           8   1.4584127036953927E-004
          13           9   4.8553630897493503E-005
          13          10  -4.8227524325172230E-003
          13          11  -3.8983731199841070E-004
          13          12  -1.2977227086260687E-004
          13          13  0.59310883154381777     
          13          14  0.51246755681368217     
          13          15  0.17061369819032871     
          13          16  -3.8071560603940909E-002
          13          17  -3.2890676939167522E-002
          13          18  -1.0949998107469884E-002
          13          19   2.5617680630012334E-002
          13          20   2.2138738389179277E-002
          13          21   7.3705709511500597E-003
          13          22   6.6292973374417790E-008
          13          23   9.4761176343379111E-009
          13          24  -2.7736787744044789E-008
          13          25  -6.4883091634481780E-008
          13          26  -6.8517570807865079E-008
          13          27  -3.8095437051409244E-008
          13          28   1.5039402798043857E-009
          13          29   2.2307518962519769E-010
          13          30  -2.5181267129898029E-009
          13          31   1.8679806006723868E-010
          13          32  -9.6405404076481244E-010
          13          33  -7.6328627926305945E-010
          13          34  -1.0730341007989864E-010
          13          35  -2.3341013454517604E-010
          13          36  -1.7911893947326955E-009
          13          37  -1.4827320589582978E-010
          13          38  -6.0864865936871332E-010
          13          39  -7.1923298804816238E-010
          14           1  -9.2909072160030510E-012
          14           2  -1.4673152296623705E-010
          14           3  -4.4674737055973353E-010
          14           4   3.9836416365472856E-009
          14           5  -4.5561368744665836E-010
          14           6   6.6428249256779189E-010
          14           7   1.4584252759488364E-004
          14           8   2.1357403854769998E-004
          14           9   4.1952849965014408E-005
          14          10  -3.8981788429772661E-004
          14          11  -4.7083356121105889E-003
          14          12  -1.1211231177700546E-004
          14          13  0.51246755681368217     
          14          14  0.44280786775036962     
          14          15  0.14741888934612749     
          14          16  -3.2890862072025934E-002
          14          17  -2.8424880516080237E-002
          14          18  -9.4613537161447794E-003
          14          19   2.2138729359353460E-002
          14          20   1.9124648491323924E-002
          14          21   6.3685471760402679E-003
          14          22  -6.3339119725965551E-009
          14          23   1.7755624602169003E-008
          14          24   1.9742339692856594E-008
          14          25  -4.4523850049368608E-008
          14          26  -2.7579001605672294E-008
          14          27  -1.2940676078310386E-008
          14          28  -5.6962189042709598E-010
          14          29  -1.2380187741961288E-009
          14          30  -2.0423707593427421E-009
          14          31  -1.8722743806488318E-010
          14          32  -8.1622572512043198E-010
          14          33   2.4778615874027252E-010
          14          34  -8.0146268450862639E-010
          14          35  -8.8764657991116917E-010
          14          36  -1.6530348743825148E-009
          14          37  -3.2062404893467892E-010
          14          38  -5.9659248937290562E-010
          14          39  -3.4419033878584899E-010
          15           1  -5.5281796857551891E-012
          15           2  -9.5763622677923520E-011
          15           3  -6.1579045344756744E-010
          15           4   1.7472073636086035E-008
          15           5  -6.5334818645019103E-010
          15           6   8.5277798304310248E-010
          15           7   4.8555102326676888E-005
          15           8   4.1953729296886563E-005
          15           9   1.0152672704490696E-004
          15          10  -1.2973502423366858E-004
          15          11  -1.1210286560693112E-004
          15          12  -4.4088656170235699E-003
          15          13  0.17061369819032871     
          15          14  0.14741888934612749     
          15          15   4.9089464049767439E-002
          15          16  -1.0950218064355911E-002
          15          17  -9.4614905007309007E-003
          15          18  -3.1555968034173028E-003
          15          19   7.3705553874242775E-003
          15          20   6.3685363026768421E-003
          15          21   2.1159095406639928E-003
          15          22   5.7878920893225412E-008
          15          23   2.2685239334060720E-008
          15          24  -2.4094113453992961E-008
          15          25  -7.9415909931603392E-008
          15          26  -7.6001673197973119E-008
          15          27  -3.3456735731975590E-008
          15          28   1.0773940580908256E-009
          15          29   3.9679821793867945E-010
          15          30  -1.0432921047570444E-009
          15          31  -8.5977002416579531E-010
          15          32  -1.1395060703645827E-009
          15          33  -5.3332165080381078E-010
          15          34  -3.6745879631183535E-011
          15          35   1.2097214362821405E-010
          15          36  -7.7735574791798193E-010
          15          37  -2.4701747529615006E-010
          15          38  -3.6278387847910750E-010
          15          39  -5.7406937370971681E-010
          16           1   3.0542408968772173E-013
          16           2   2.0681700442353980E-011
          16           3   1.4301630824863173E-010
          16           4  -3.4917449541050493E-009
          16           5   1.0580860874849983E-010
          16           6  -1.2320566617851757E-010
          16           7  -4.7677212917006235E-005
          16           8  -2.6978695050254606E-005
          16           9  -8.9821286949851443E-006
          16          10   5.6590933322621774E-003
          16          11   2.7516947299785900E-003
          16          12   9.1607920225841887E-004
          16          13  -3.8071560603940909E-002
          16          14  -3.2890862072025934E-002
          16          15  -1.0950218064355911E-002
          16          16   2.4627621438706843E-003
          16          17   2.1251270019157463E-003
          16          18   7.0749937004623540E-004
          16          19  -1.6388906772329670E-003
          16          20  -1.4182074373863358E-003
          16          21  -4.7215874846140454E-004
          16          22  -1.2687052076884593E-007
          16          23  -3.5837387142820660E-008
          16          24   3.5189343208716997E-008
          16          25   1.6313080513793692E-007
          16          26   1.6308389153744715E-007
          16          27   9.1611896986597501E-008
          16          28  -2.0808322806762673E-009
          16          29  -7.8975162252343902E-010
          16          30   5.9133812133912016E-010
          16          31   2.3283942517570902E-009
          16          32   2.3901384275066469E-009
          16          33   1.5054235362266018E-009
          16          34  -5.2179519857699738E-010
          16          35  -2.5712112077045692E-010
          16          36   2.4086818600243475E-010
          16          37   6.0228956816705828E-010
          16          38   6.4247721938418478E-010
          16          39   4.8339152335426140E-010
          17           1   2.3144107469325300E-012
          17           2   5.0851493814405163E-011
          17           3   4.4015572871379899E-010
          17           4  -2.2719176742424608E-009
          17           5   9.1393378279286450E-011
          17           6  -2.1164927791024444E-010
          17           7  -2.6978706041139065E-005
          17           8  -3.9765506205828661E-005
          17           9  -7.7610679811970240E-006
          17          10   2.7517026243707755E-003
          17          11   4.8519563630940957E-003
          17          12   7.9152605614170226E-004
          17          13  -3.2890676939167522E-002
          17          14  -2.8424880516080237E-002
          17          15  -9.4614905007309007E-003
          17          16   2.1251270019157463E-003
          17          17   1.8394617885884783E-003
          17          18   6.1131186286064970E-004
          17          19  -1.4181988450980558E-003
          17          20  -1.2229402325032474E-003
          17          21  -4.0796681459443932E-004
          17          22  -1.1850333138104297E-008
          17          23  -1.9707182692001835E-008
          17          24  -1.1988184755444737E-008
          17          25   6.0170912339550655E-008
          17          26   4.5843131074099720E-008
          17          27   2.3738960040647826E-008
          17          28   6.9676303402556948E-011
          17          29   1.7536896251061587E-010
          17          30   1.1858783102624649E-010
          17          31   1.0088852107494467E-009
          17          32   8.2338166091734367E-010
          17          33   1.7751439242433176E-010
          17          34   1.4271412390692467E-010
          17          35   1.3832881315656891E-010
          17          36   1.6483236868268339E-010
          17          37   2.9925461010506381E-010
          17          38   2.5853937658656780E-010
          17          39   1.1859123436287062E-010
          18           1   2.2650813055045491E-012
          18           2   4.5074015359100995E-011
          18           3   5.3329635359737259E-010
          18           4  -9.1873150944012869E-009
          18           5   2.9785703599646304E-010
          18           6  -4.0209831739569541E-010
          18           7  -8.9821975358262156E-006
          18           8  -7.7610770093023391E-006
          18           9  -1.9038207866205802E-005
          18          10   9.1607340565654719E-004
          18          11   7.9153475555535221E-004
          18          12   2.7379084360853083E-003
          18          13  -1.0949998107469884E-002
          18          14  -9.4613537161447794E-003
          18          15  -3.1555968034173028E-003
          18          16   7.0749937004623540E-004
          18          17   6.1131186286064970E-004
          18          18   2.0677331827670539E-004
          18          19  -4.7214824874739262E-004
          18          20  -4.0796019485744687E-004
          18          21  -1.3336469368792209E-004
          18          22  -1.1794987022869945E-007
          18          23  -4.7222659858538877E-008
          18          24   2.7793122057243766E-008
          18          25   1.7545000595384096E-007
          18          26   1.7190160630740334E-007
          18          27   9.0027687196365193E-008
          18          28  -1.8925272881141233E-009
          18          29  -8.3633003053380868E-010
          18          30   4.7805141768326473E-010
          18          31   2.6043299073619465E-009
          18          32   2.5869157243748933E-009
          18          33   1.3871336135969359E-009
          18          34  -4.0069895962523237E-010
          18          35  -2.9170360569319304E-010
          18          36   2.3861289455145013E-010
          18          37   6.6368543545934471E-010
          18          38   6.6115971265854646E-010
          18          39   5.4608005357396697E-010
          19           1  -7.7607444260439755E-014
          19           2  -2.8574285679496140E-012
          19           3  -1.0367709262051032E-011
          19           4   1.4895948866357487E-010
          19           5  -3.7084549102723843E-011
          19           6   3.2794168306407047E-011
          19           7  -7.4792713053310934E-005
          19           8   6.8763647152911480E-006
          19           9   2.2892768827828986E-006
          19          10   1.8974957229159943E-003
          19          11  -7.9604375976377926E-005
          19          12  -2.6501076133396156E-005
          19          13   2.5617680630012334E-002
          19          14   2.2138729359353460E-002
          19          15   7.3705553874242775E-003
          19          16  -1.6388906772329670E-003
          19          17  -1.4181988450980558E-003
          19          18  -4.7214824874739262E-004
          19          19   1.1087121666888673E-003
          19          20   9.5627015862012805E-004
          19          21   3.1836760559500655E-004
          19          22   2.7432865453384994E-008
          19          23   1.0604129308925914E-008
          19          24  -7.4255613072078491E-010
          19          25  -4.4458487271018865E-008
          19          26  -4.3104653720226569E-008
          19          27  -2.6675719938794915E-008
          19          28   4.2488059072788500E-010
          19          29   1.2053097649015868E-010
          19          30  -1.0863642568544931E-010
          19          31  -6.3234495636681562E-010
          19          32  -6.6648790214875528E-010
          19          33  -4.0232075127416673E-010
          19          34   8.2651512888988415E-011
          19          35   1.4034730169822793E-011
          19          36  -8.7397152559456590E-011
          19          37  -1.8064316087265360E-010
          19          38  -1.8902202828899379E-010
          19          39  -1.2408028429782864E-010
          20           1  -4.9168368653509885E-013
          20           2  -8.3832388156178064E-012
          20           3  -3.1131591761270681E-011
          20           4   4.0995900863332737E-010
          20           5  -1.3104880467168109E-011
          20           6   1.8407182262958432E-011
          20           7   6.8764143490088390E-006
          20           8  -7.6809455382099870E-005
          20           9   1.9780950397292167E-006
          20          10  -7.9607682954638736E-005
          20          11   1.9208509463875330E-003
          20          12  -2.2894081007542042E-005
          20          13   2.2138738389179277E-002
          20          14   1.9124648491323924E-002
          20          15   6.3685363026768421E-003
          20          16  -1.4182074373863358E-003
          20          17  -1.2229402325032474E-003
          20          18  -4.0796019485744687E-004
          20          19   9.5627015862012805E-004
          20          20   8.2824970208079636E-004
          20          21   2.7508587850592502E-004
          20          22   2.3680618328163271E-008
          20          23   1.6668991039178787E-008
          20          24   9.4723737190725453E-009
          20          25  -5.9980147841343641E-008
          20          26  -5.3761139539177600E-008
          20          27  -3.3129661156276514E-008
          20          28   3.7132456608595686E-010
          20          29   2.5092270090247466E-010
          20          30   6.7409770653079346E-011
          20          31  -8.6259839771598828E-010
          20          32  -8.0595451637687330E-010
          20          33  -5.1259400014216641E-010
          20          34   7.9891619481875907E-011
          20          35   5.7303985122256130E-011
          20          36  -2.3180457188286357E-011
          20          37  -2.3626342985022240E-010
          20          38  -2.3052438147339884E-010
          20          39  -1.5410250535186108E-010
          21           1  -2.4686606785981542E-013
          21           2  -3.6174696518635217E-012
          21           3  -3.1690142149206678E-011
          21           4   1.2633275945587730E-011
