           1           1   2.0000649635375969     
           1           2   2.3485787954320925E-004
           1           3   2.8221098233334966E-003
           1           4  -1.1830472511752555E-004
           1           5   1.7351091119900994E-003
           1           6   2.6995216912805483E-004
           1           7   8.8606776223187090E-014
           1           8   1.5038095295670144E-012
           1           9  -1.6521569474006608E-012
           1          10   5.5346090241291932E-011
           1          11  -3.4595078134877354E-011
           1          12  -3.6617214663921416E-011
           1          13   1.9738779731847556E-011
           1          14   8.2035837128338264E-011
           1          15  -3.4135736096321116E-011
           1          16  -1.6737385632576595E-012
           1          17  -3.6605163548200551E-012
           1          18   1.8285956551173456E-012
           1          19   6.3211163440430731E-013
           1          20   2.9449792620982235E-012
           1          21  -1.2421448269757507E-012
           1          22  -7.2383797566992903E-004
           1          23  -3.3055952461931727E-005
           1          24  -6.3257444598053213E-004
           1          25  -1.3956360296668479E-004
           1          26  -4.0154074724089894E-005
           1          27  -7.7115722097670695E-004
           1          28  -7.9383832571741663E-004
           1          29  -5.7779214180127662E-006
           1          30  -7.7788619547448077E-004
           1          31  -2.4394645489981565E-005
           1          32  -7.0186322064256088E-006
           1          33  -8.0210945001995149E-004
           1          34  -2.9649867807000983E-004
           1          35  -1.3204928889735536E-006
           1          36  -2.9285295787032822E-004
           1          37  -5.5751781645295832E-006
           1          38  -1.6040446791767540E-006
           1          39  -2.9838896023543193E-004
           2           1   2.3485787954320925E-004
           2           2   1.9929777925629901     
           2           3   1.5409857354678201E-002
           2           4  -1.1263410320301728E-002
           2           5   9.7405029028893638E-003
           2           6  -3.9956027267258929E-004
           2           7   5.0287352933555832E-012
           2           8   2.8477631056377461E-011
           2           9  -2.9535396443934419E-011
           2          10   4.5718560536942668E-010
           2          11  -2.1875593856619758E-010
           2          12  -3.0680363005770397E-010
           2          13   1.3788858813583827E-010
           2          14   6.6827445199579272E-010
           2          15  -2.6724329939382201E-010
           2          16  -3.1792541446368394E-012
           2          17  -2.8307927675839867E-011
           2          18   1.4077211790678987E-011
           2          19   3.8658267089589267E-012
           2          20   2.3671557726814486E-011
           2          21  -1.0002459327707730E-011
           2          22   2.7375097444551550E-003
           2          23  -3.0704683666018997E-004
           2          24   3.5852293317857773E-003
           2          25  -1.2963643882274746E-003
           2          26  -3.7297914897546923E-004
           2          27   2.2979757131262645E-003
           2          28  -2.6982684980586162E-003
           2          29  -4.7694993393233261E-005
           2          30  -2.5665886254981124E-003
           2          31  -2.0137071401776395E-004
           2          32  -5.7936819024641384E-005
           2          33  -2.7665450558166573E-003
           2          34  -2.8562825481107389E-004
           2          35  -8.2066069112981349E-006
           2          36  -2.6297075846321304E-004
           2          37  -3.4648537205697899E-005
           2          38  -9.9687742936221067E-006
           2          39  -2.9737563217649307E-004
           3           1   2.8221098233334966E-003
           3           2   1.5409857354678201E-002
           3           3   2.1048048834026956     
           3           4   3.1710104952930279E-002
           3           5  -8.1607721032761287E-004
           3           6  -8.4024034823773838E-003
           3           7  -4.5903519115797725E-012
           3           8   2.8460001079710576E-011
           3           9  -3.9486438618108370E-011
           3          10   1.8832605020833902E-009
           3          11  -1.0377414202961494E-009
           3          12  -1.2892280344709687E-009
           3          13   5.4333292866352051E-010
           3          14   2.5312917230371537E-009
           3          15  -1.0991087339608198E-009
           3          16  -2.7041959103791442E-011
           3          17  -4.8370738357549579E-011
           3          18   9.0571971436257831E-011
           3          19   2.1004662338235369E-011
           3          20   8.5977078965334254E-011
           3          21  -4.3468314317518088E-011
           3          22  -2.4551170959686942E-002
           3          23  -5.3878492132605803E-004
           3          24  -2.3063649679390220E-002
           3          25  -2.2747700939546520E-003
           3          26  -6.5447757622113818E-004
           3          27  -2.5322429956982119E-002
           3          28  -1.7631546703594347E-002
           3          29  -1.2951789274357687E-004
           3          30  -1.7273965250014348E-002
           3          31  -5.4683306842362553E-004
           3          32  -1.5733095644573187E-004
           3          33  -1.7816961173818122E-002
           3          34   4.2620196136183217E-003
           3          35  -3.2187141318254247E-005
           3          36   4.3508848813443111E-003
           3          37  -1.3589464290428662E-004
           3          38  -3.9098329309572108E-005
           3          39   4.2159466861124498E-003
           4           1  -1.1830472511752555E-004
           4           2  -1.1263410320301728E-002
           4           3   3.1710104952930279E-002
           4           4   1.9923512571584823     
           4           5  -2.3492081970154541E-002
           4           6   9.4174599372330275E-002
           4           7   1.2883076872855704E-011
           4           8  -1.5008370173409091E-012
           4           9  -2.6281034861949302E-011
           4          10   2.0606871275388404E-009
           4          11  -1.3704873445191375E-009
           4          12  -1.3961857496933412E-009
           4          13  -1.4584405364567649E-009
           4          14   8.8076009171132241E-009
           4          15  -2.2322249868711898E-009
           4          16  -8.7686213637609488E-010
           4          17  -5.5202883456990319E-010
           4          18   1.0145243899641864E-009
           4          19  -1.4959239747895896E-010
           4          20   5.9551408129192172E-010
           4          21   1.2630413716881308E-010
           4          22   6.5907840471754429E-003
           4          23   1.8334215507361524E-003
           4          24   1.5289273076267464E-003
           4          25   7.7407920937761030E-003
           4          26   2.2271174711808376E-003
           4          27   9.2153312652804784E-003
           4          28  -3.3034647767749220E-003
           4          29   6.6785604421614169E-004
           4          30  -5.1473220346253921E-003
           4          31   2.8197277863889203E-003
           4          32   8.1127309294891370E-004
           4          33  -2.3473806695664093E-003
           4          34  -3.2906318021482563E-002
           4          35  -1.8975304004314941E-003
           4          36  -2.7667471797188006E-002
           4          37  -8.0114600674430735E-003
           4          38  -2.3049940328076779E-003
           4          39  -3.5622649950381703E-002
           5           1   1.7351091119900994E-003
           5           2   9.7405029028893638E-003
           5           3  -8.1607721032761287E-004
           5           4  -2.3492081970154541E-002
           5           5   1.1923531769529728E-003
           5           6  -5.9169383877441268E-004
           5           7  -6.4699575556912647E-011
           5           8   9.3397848881451952E-011
           5           9  -2.9544385563914340E-012
           5          10  -2.2716147021854402E-009
           5          11   3.0313806821297507E-009
           5          12   1.2651002946807917E-009
           5          13  -2.4888263601493920E-009
           5          14  -7.0362583577833565E-009
           5          15   3.6737867685764576E-009
           5          16   1.8620708040567224E-010
           5          17   3.3183680725876038E-010
           5          18  -2.2042932963102011E-010
           5          19  -7.9653541880273148E-011
           5          20  -2.6120078074806854E-010
           5          21   1.2542538145070160E-010
           5          22   6.4639980804568242E-004
           5          23   1.4596785932983552E-003
           5          24  -3.3835998424008524E-003
           5          25   6.1628238364895170E-003
           5          26   1.7731153846659300E-003
           5          27   2.7359109485519204E-003
           5          28  -3.6616795635115433E-004
           5          29   3.1449478860606805E-004
           5          30  -1.2344498312886190E-003
           5          31   1.3278107480022040E-003
           5          32   3.8202693285857640E-004
           5          33   8.4030948320823460E-005
           5          34   1.2310882961905239E-004
           5          35   1.3978027581844482E-004
           5          36  -2.6280733249158222E-004
           5          37   5.9015860231601772E-004
           5          38   1.6979569096699164E-004
           5          39   3.2320488231298342E-004
           6           1   2.6995216912805483E-004
           6           2  -3.9956027267258929E-004
           6           3  -8.4024034823773838E-003
           6           4   9.4174599372330275E-002
           6           5  -5.9169383877441268E-004
           6           6   4.8240269697144428E-003
           6           7  -3.3925873377077559E-012
           6           8   6.2609327076803419E-011
           6           9  -2.3534425378707939E-011
           6          10  -2.8703129379965525E-009
           6          11   1.2319472742668742E-009
           6          12   2.1157896783933683E-009
           6          13   1.2169452001126442E-009
           6          14   1.9619345740035355E-010
           6          15  -1.1504700491252531E-009
           6          16  -6.8021344672948343E-011
           6          17  -2.1227247396507289E-011
           6          18   7.7558081346821178E-011
           6          19   4.3652914335508768E-011
           6          20   1.6537397875522377E-011
           6          21  -3.3261294319530191E-011
           6          22   8.1756173472046249E-004
           6          23   9.0653278345771151E-004
           6          24  -1.6852640175281633E-003
           6          25   3.8274175676247120E-003
           6          26   1.1011936241511157E-003
           6          27   2.1152580950461243E-003
           6          28  -3.2459698537048477E-004
           6          29   2.4220412201942558E-004
           6          30  -9.9329236798557105E-004
           6          31   1.0225969631225691E-003
           6          32   2.9421353166018006E-004
           6          33   2.2120787057760286E-005
           6          34  -1.7392731652320205E-003
           6          35  -1.1545655410857638E-005
           6          36  -1.7073971261041510E-003
           6          37  -4.8746369610452281E-005
           6          38  -1.4024966355949214E-005
           6          39  -1.7558013032530503E-003
           7           1   8.8606776223187090E-014
           7           2   5.0287352933555832E-012
           7           3  -4.5903519115797725E-012
           7           4   1.2883076872855704E-011
           7           5  -6.4699575556912647E-011
           7           6  -3.3925873377077559E-012
           7           7   1.9999999351362510     
           7           8  -9.3260953106624897E-008
           7           9  -3.9375244578076873E-007
           7          10  -1.4851408708873359E-005
           7          11   3.9611919459090622E-006
           7          12   1.6724263511212018E-005
           7          13   2.0898870693717629E-004
           7          14  -3.4419919043064806E-005
           7          15  -1.4532241836501990E-004
           7          16   2.4028434705590163E-005
           7          17   8.4368322905393731E-006
           7          18   3.5620700437266559E-005
           7          19  -1.0363814035619043E-004
           7          20  -1.7001923013114870E-006
           7          21  -7.1782837765710044E-006
           7          22  -5.0769451469623098E-013
           7          23  -6.6279729087284439E-012
           7          24   1.9686765216066911E-012
           7          25   3.5352665463541523E-012
           7          26  -7.1895155073054940E-012
           7          27   2.4794296276426998E-011
           7          28   1.5282872921843053E-011
           7          29  -2.1497195328235081E-012
           7          30   2.1357790461805997E-011
           7          31   4.5454588575769829E-013
           7          32   4.1286320425101521E-013
           7          33   1.5453621169683842E-011
           7          34   1.1344141636518624E-011
           7          35   4.2635098235639460E-012
           7          36   1.2137366861447393E-011
           7          37  -3.0927015920370490E-012
           7          38  -9.2077487688332558E-013
           7          39   1.1020817419429721E-011
           8           1   1.5038095295670144E-012
           8           2   2.8477631056377461E-011
           8           3   2.8460001079710576E-011
           8           4  -1.5008370173409091E-012
           8           5   9.3397848881451952E-011
           8           6   6.2609327076803419E-011
           8           7  -9.3260953106624897E-008
           8           8   2.0000002324514234     
           8           9  -1.1328718228157362E-007
           8          10   3.9611432009154445E-006
           8          11  -2.7479581077765270E-005
           8          12   4.8117899341975996E-006
           8          13  -3.4419974371577004E-005
           8          14   3.1871914562208803E-004
           8          15  -4.1810975807965648E-005
           8          16   8.4368243571810605E-006
           8          17  -2.8681045461162408E-006
           8          18   1.0248502185524272E-005
           8          19  -1.7001905190741646E-006
           8          20  -9.8217947130270288E-005
           8          21  -2.0652843204053335E-006
           8          22  -3.1095115455570102E-011
           8          23   7.6417179384632202E-012
           8          24  -2.8653218180979301E-011
           8          25   1.8915529265889021E-012
           8          26   5.6380424702027898E-012
           8          27  -2.9555633801624976E-011
           8          28  -3.1924663632478725E-011
           8          29  -7.8414748681468697E-012
           8          30  -2.6283556677568313E-011
           8          31   4.5391853213472030E-012
           8          32   6.6874972260216645E-012
           8          33  -3.2657861009081002E-011
           8          34  -3.6386658964209052E-011
           8          35   9.7080803073896743E-012
           8          36  -3.6099495322853488E-011
           8          37  -3.1390605420521341E-012
           8          38  -5.5111341578566706E-012
           8          39  -3.9408635738171374E-011
           9           1  -1.6521569474006608E-012
           9           2  -2.9535396443934419E-011
           9           3  -3.9486438618108370E-011
           9           4  -2.6281034861949302E-011
           9           5  -2.9544385563914340E-012
           9           6  -2.3534425378707939E-011
           9           7  -3.9375244578076873E-007
           9           8  -1.1328718228157362E-007
           9           9   1.9999997809795320     
           9          10   1.6724235332113949E-005
           9          11   4.8117780889743754E-006
           9          12  -8.3038190685678392E-006
           9          13  -1.4532272296275347E-004
           9          14  -4.1811034172291959E-005
           9          15   1.5209431054770932E-004
           9          16   3.5620722440387977E-005
           9          17   1.0248489873331182E-005
           9          18   3.7974170178704786E-005
           9          19  -7.1783011275997323E-006
           9          20  -2.0652790675092217E-006
           9          21  -1.0644848285508154E-004
           9          22   1.3001097866050949E-011
           9          23  -1.3347148523154068E-011
           9          24   1.9301842250900017E-011
           9          25  -3.0616441245039665E-012
           9          26  -9.9405883385220535E-012
           9          27   3.3574100082639888E-011
           9          28   5.8777043170119576E-012
           9          29   7.5798975622942383E-013
           9          30   6.6518019912878356E-012
           9          31  -7.2927599346416795E-012
           9          32  -3.9790403167469894E-012
           9          33   1.3506704423359501E-011
           9          34   1.0550530191564629E-011
           9          35  -5.0915543961070442E-012
           9          36   7.1213116947536480E-012
           9          37   5.3964885519269149E-012
           9          38   2.8616942132537002E-012
           9          39   9.0065921008170803E-012
          10           1   5.5346090241291932E-011
          10           2   4.5718560536942668E-010
          10           3   1.8832605020833902E-009
          10           4   2.0606871275388404E-009
          10           5  -2.2716147021854402E-009
          10           6  -2.8703129379965525E-009
          10           7  -1.4851408708873359E-005
          10           8   3.9611432009154445E-006
          10           9   1.6724235332113949E-005
          10          10   1.9995254838862910     
          10          11   1.5238832786717212E-004
          10          12   6.4338859667900433E-004
          10          13  -1.2277039826290347E-003
          10          14   3.2535558406198811E-004
          10          15   1.3736657109330930E-003
          10          16   1.7398997764156965E-003
          10          17  -7.5872961705959112E-004
          10          18  -3.2033883367286174E-003
          10          19   2.4262344462245350E-003
          10          20   5.3136486298303168E-005
          10          21   2.2434337141421427E-004
          10          22   3.9400823463114115E-010
          10          23  -6.4297810276430774E-012
          10          24  -3.8626608134501549E-010
          10          25   4.2789075496102812E-010
          10          26   1.5691765834396537E-010
          10          27  -6.6081876067248528E-010
          10          28   3.3471998820492384E-010
          10          29   2.5349547294634226E-010
          10          30   1.6550370992551911E-010
          10          31  -7.8781989994539894E-011
          10          32   1.4625140961669405E-010
          10          33   1.3562667980798258E-010
          10          34   9.6534605660340451E-010
          10          35  -2.8919662928343776E-010
          10          36   9.6525729070087030E-010
          10          37   7.1898376956036480E-011
          10          38  -1.5392344977444383E-010
          10          39   1.6251209449059374E-009
          11           1  -3.4595078134877354E-011
          11           2  -2.1875593856619758E-010
          11           3  -1.0377414202961494E-009
          11           4  -1.3704873445191375E-009
          11           5   3.0313806821297507E-009
          11           6   1.2319472742668742E-009
          11           7   3.9611919459090622E-006
          11           8  -2.7479581077765270E-005
          11           9   4.8117780889743754E-006
          11          10   1.5238832786717212E-004
          11          11   1.9990396731330404     
          11          12   1.8511105749552541E-004
          11          13   3.2535608780674859E-004
          11          14  -2.2649358150264357E-003
          11          15   3.9521952709271343E-004
          11          16  -7.5873074615048644E-004
          11          17   4.1587237753645950E-003
          11          18  -9.2165274630863752E-004
          11          19   5.3136182228737384E-005
          11          20   2.2568366515567182E-003
          11          21   6.4546488501408217E-005
          11          22  -1.1534793402231863E-010
          11          23  -4.8264674747334613E-011
          11          24   5.8728430148145798E-011
          11          25  -1.7947041150104890E-010
          11          26   6.6835292744377838E-011
          11          27   6.7953918032969618E-012
          11          28  -5.4191894699129307E-010
          11          29  -1.4213343495838488E-010
          11          30  -6.4139152746477961E-010
          11          31   2.2079863385586755E-010
          11          32  -2.2968068937307732E-011
          11          33  -6.3834179601013965E-010
          11          34  -7.5065787594280228E-010
          11          35   7.5755232976910352E-011
          11          36  -6.2842995789531451E-010
          11          37  -4.5163882218166225E-011
          11          38   6.1112829371183736E-011
          11          39  -7.0735673117997080E-010
          12           1  -3.6617214663921416E-011
          12           2  -3.0680363005770397E-010
          12           3  -1.2892280344709687E-009
          12           4  -1.3961857496933412E-009
          12           5   1.2651002946807917E-009
          12           6   2.1157896783933683E-009
          12           7   1.6724263511212018E-005
          12           8   4.8117899341975996E-006
          12           9  -8.3038190685678392E-006
          12          10   6.4338859667900433E-004
          12          11   1.8511105749552541E-004
          12          12   1.9997773737977786     
          12          13   1.3736611816608979E-003
          12          14   3.9521917521380639E-004
          12          15  -6.8991657611406926E-004
          12          16  -3.2033892366510226E-003
          12          17  -9.2165302016985660E-004
          12          18   4.8576609873078759E-004
          12          19   2.2434341785053291E-004
          12          20   6.4546031242983490E-005
          12          21   2.5140654369501161E-003
          12          22  -2.4153079570770861E-010
          12          23  -2.1175761203422790E-010
          12          24   1.3592950435622227E-010
          12          25  -2.2713791752004624E-010
          12          26  -4.6670121651861570E-010
          12          27   5.7073450276240940E-010
          12          28  -1.7777940437277962E-010
          12          29  -2.1033841642926353E-010
          12          30  -3.6169882577787816E-012
          12          31  -4.8717494200427932E-011
          12          32  -1.4567548498564563E-010
          12          33  -2.0986369347026495E-011
          12          34  -6.5408291022189442E-010
          12          35   2.2493955435572423E-010
          12          36  -6.8645402201503189E-010
          12          37  -3.0263091219628920E-011
          12          38   1.3673765426359091E-010
          12          39  -1.1933982107500852E-009
          13           1   1.9738779731847556E-011
          13           2   1.3788858813583827E-010
          13           3   5.4333292866352051E-010
          13           4  -1.4584405364567649E-009
          13           5  -2.4888263601493920E-009
          13           6   1.2169452001126442E-009
          13           7   2.0898870693717629E-004
          13           8  -3.4419974371577004E-005
          13           9  -1.4532272296275347E-004
          13          10  -1.2277039826290347E-003
          13          11   3.2535608780674859E-004
          13          12   1.3736611816608979E-003
          13          13  0.64206905016224425     
          13          14 -0.11854204282720139     
          13          15 -0.50048978295933222     
          13          16  -3.0557516104947911E-002
          13          17   5.6413695521298291E-003
          13          18   2.3818113195378295E-002
          13          19   2.3135909403488558E-002
          13          20  -4.2713388815635595E-003
          13          21  -1.8033774134839392E-002
          13          22  -8.1309304788309175E-010
          13          23  -1.2464257033436126E-009
          13          24  -1.3973663885836752E-009
          13          25   6.3283482687887962E-010
          13          26  -1.4805468296302277E-009
          13          27   2.1720039950887909E-009
          13          28   3.8064627510974890E-010
          13          29  -1.8230451695288727E-009
          13          30   5.1339378542561485E-010
          13          31  -1.6566001785339310E-009
          13          32   2.5174399916202497E-010
          13          33  -5.1062636047194680E-010
          13          34  -1.4873317028047471E-009
          13          35   1.0793004611823227E-009
          13          36   6.8161067913826388E-011
          13          37  -1.9817686682321537E-009
          13          38  -1.4065875216203553E-009
          13          39   8.5025435553108169E-011
          14           1   8.2035837128338264E-011
          14           2   6.6827445199579272E-010
          14           3   2.5312917230371537E-009
          14           4   8.8076009171132241E-009
          14           5  -7.0362583577833565E-009
          14           6   1.9619345740035355E-010
          14           7  -3.4419919043064806E-005
          14           8   3.1871914562208803E-004
          14           9  -4.1811034172291959E-005
          14          10   3.2535558406198811E-004
          14          11  -2.2649358150264357E-003
          14          12   3.9521917521380639E-004
          14          13 -0.11854204282720139     
          14          14   1.0199795038930699     
          14          15 -0.14399688303888486     
          14          16   5.6413623981593185E-003
          14          17  -4.8542125476637110E-002
          14          18   6.8527511113181854E-003
          14          19  -4.2713352952328176E-003
          14          20   3.6752881459765741E-002
          14          21  -5.1885382847927427E-003
          14          22   6.5509022187695657E-010
          14          23  -3.4161110924832604E-010
          14          24  -1.2943035021099680E-009
          14          25  -1.8333307641282611E-010
          14          26  -3.1098991599634485E-010
          14          27   1.3181261635062614E-011
          14          28   1.7838603887192888E-010
          14          29   1.3553114127104109E-009
          14          30   2.2330754207462228E-010
          14          31   7.4856985870136162E-010
          14          32   3.5686852823780203E-010
          14          33  -1.9017097363561244E-009
          14          34  -4.3639022817786228E-009
          14          35  -7.4849633500593984E-010
          14          36   3.7659589830717568E-009
          14          37   1.0743819586069695E-009
          14          38   1.7865870183552526E-009
          14          39  -2.7947866261791218E-009
          15           1  -3.4135736096321116E-011
          15           2  -2.6724329939382201E-010
          15           3  -1.0991087339608198E-009
          15           4  -2.2322249868711898E-009
          15           5   3.6737867685764576E-009
          15           6  -1.1504700491252531E-009
          15           7  -1.4532241836501990E-004
          15           8  -4.1810975807965648E-005
          15           9   1.5209431054770932E-004
          15          10   1.3736657109330930E-003
          15          11   3.9521952709271343E-004
          15          12  -6.8991657611406926E-004
          15          13 -0.50048978295933222     
          15          14 -0.14399688303888486     
          15          15  0.44612422832244747     
          15          16   2.3818078724640406E-002
          15          17   6.8527446037788689E-003
          15          18  -2.1232621527936205E-002
          15          19  -1.8033777840405101E-002
          15          20  -5.1885329828244824E-003
          15          21   1.6075573542627682E-002
          15          22  -2.8739671025411261E-010
          15          23  -2.0735343356093012E-009
          15          24  -2.7883751321673419E-010
          15          25  -1.8240690779231906E-010
          15          26  -2.1618364330340957E-009
          15          27   7.2675240437786119E-010
          15          28  -3.2507722538141342E-010
          15          29   1.1214073661022644E-009
          15          30  -3.9483862673560766E-010
          15          31   1.0824222627937905E-009
          15          32  -3.6047440421124904E-010
          15          33   8.8969522539160970E-010
          15          34   2.2945206093517171E-009
          15          35  -7.3546881458999536E-010
          15          36  -8.9358873157337170E-010
          15          37   1.3438653038933141E-009
          15          38   7.0740961001440386E-010
          15          39   6.3410921548526231E-010
          16           1  -1.6737385632576595E-012
          16           2  -3.1792541446368394E-012
          16           3  -2.7041959103791442E-011
          16           4  -8.7686213637609488E-010
          16           5   1.8620708040567224E-010
          16           6  -6.8021344672948343E-011
          16           7   2.4028434705590163E-005
          16           8   8.4368243571810605E-006
          16           9   3.5620722440387977E-005
          16          10   1.7398997764156965E-003
          16          11  -7.5873074615048644E-004
          16          12  -3.2033892366510226E-003
          16          13  -3.0557516104947911E-002
          16          14   5.6413623981593185E-003
          16          15   2.3818078724640406E-002
          16          16   1.4616380325860887E-003
          16          17  -2.6918078748276280E-004
          16          18  -1.1364930422198890E-003
          16          19  -1.0993790072368963E-003
          16          20   2.0237228575247310E-004
          16          21   8.5442422276418850E-004
          16          22   5.7927271560205245E-010
          16          23   1.2793215878407184E-009
          16          24   9.1861111271845203E-010
          16          25  -2.0620064772125909E-010
          16          26   1.0541714044157322E-009
          16          27  -1.4971745402694037E-009
          16          28  -4.6728824630889783E-011
          16          29   1.2957753461087362E-010
          16          30  -1.1848697985595098E-010
          16          31   1.9480794002996704E-010
          16          32   3.0813491024038754E-011
          16          33   1.9824248364845059E-011
          16          34   7.1845717002795630E-011
          16          35  -3.4288898386196529E-011
          16          36  -3.2886838459850640E-011
          16          37   1.4294638086574523E-010
          16          38   8.5613283393890293E-011
          16          39   5.5105696480290675E-012
          17           1  -3.6605163548200551E-012
          17           2  -2.8307927675839867E-011
          17           3  -4.8370738357549579E-011
          17           4  -5.5202883456990319E-010
          17           5   3.3183680725876038E-010
          17           6  -2.1227247396507289E-011
          17           7   8.4368322905393731E-006
          17           8  -2.8681045461162408E-006
          17           9   1.0248489873331182E-005
          17          10  -7.5872961705959112E-004
          17          11   4.1587237753645950E-003
          17          12  -9.2165302016985660E-004
          17          13   5.6413695521298291E-003
          17          14  -4.8542125476637110E-002
          17          15   6.8527446037788689E-003
          17          16  -2.6918078748276280E-004
          17          17   2.3197837293333599E-003
          17          18  -3.2698236667573662E-004
          17          19   2.0237237319318719E-004
          17          20  -1.7445399471412504E-003
          17          21   2.4582831281153266E-004
          17          22  -3.9843130052897274E-010
          17          23  -2.9990866840694291E-010
          17          24   2.6578145955045192E-011
          17          25   2.7352710095109278E-010
          17          26   1.3733936447217313E-010
          17          27   3.9623363307793722E-010
          17          28  -8.1293971439204532E-012
          17          29  -7.5952464124861163E-011
          17          30   1.1448925589083441E-011
          17          31  -5.6487565062174010E-011
          17          32  -2.0569951040485157E-011
          17          33   8.8564437063657492E-011
          17          34   2.0997676388884998E-010
          17          35   3.1863361942278305E-011
          17          36  -1.6859486300298889E-010
          17          37  -5.9415095530407343E-011
          17          38  -8.6978145411414280E-011
          17          39   1.3606981263076934E-010
          18           1   1.8285956551173456E-012
          18           2   1.4077211790678987E-011
          18           3   9.0571971436257831E-011
          18           4   1.0145243899641864E-009
          18           5  -2.2042932963102011E-010
          18           6   7.7558081346821178E-011
          18           7   3.5620700437266559E-005
          18           8   1.0248502185524272E-005
          18           9   3.7974170178704786E-005
          18          10  -3.2033883367286174E-003
          18          11  -9.2165274630863752E-004
          18          12   4.8576609873078759E-004
          18          13   2.3818113195378295E-002
          18          14   6.8527511113181854E-003
          18          15  -2.1232621527936205E-002
          18          16  -1.1364930422198890E-003
          18          17  -3.2698236667573662E-004
          18          18   1.0166974807583561E-003
          18          19   8.5442564355900548E-004
          18          20   2.4582829424865752E-004
          18          21  -7.6486760112609261E-004
          18          22   4.2469344371444216E-010
          18          23   1.7003434606511918E-009
          18          24   6.6068289179720879E-010
          18          25  -1.9037238165735543E-010
          18          26   2.0774248408503997E-009
          18          27  -1.0899858274323227E-009
          18          28   3.6610796055936904E-011
          18          29  -5.4820790411046727E-011
          18          30   8.7463120528345091E-011
          18          31  -1.2467395039592027E-010
          18          32   1.9287297240833466E-011
          18          33  -5.7524545094559506E-011
          18          34  -1.1156114538025863E-010
          18          35   3.6299715231383436E-011
          18          36   6.1523320171663140E-011
          18          37  -9.6208627384401738E-011
          18          38  -3.2268418541164789E-011
          18          39  -5.2219081114433686E-011
          19           1   6.3211163440430731E-013
          19           2   3.8658267089589267E-012
          19           3   2.1004662338235369E-011
          19           4  -1.4959239747895896E-010
          19           5  -7.9653541880273148E-011
          19           6   4.3652914335508768E-011
          19           7  -1.0363814035619043E-004
          19           8  -1.7001905190741646E-006
          19           9  -7.1783011275997323E-006
          19          10   2.4262344462245350E-003
          19          11   5.3136182228737384E-005
          19          12   2.2434341785053291E-004
          19          13   2.3135909403488558E-002
          19          14  -4.2713352952328176E-003
          19          15  -1.8033777840405101E-002
          19          16  -1.0993790072368963E-003
          19          17   2.0237237319318719E-004
          19          18   8.5442564355900548E-004
          19          19   8.3675331091647765E-004
          19          20  -1.5380470068102357E-004
          19          21  -6.4937033996094831E-004
          19          22  -1.0299046564389912E-010
          19          23  -8.9579915018233179E-011
          19          24  -5.0819015739356500E-011
          19          25   3.1189584485645347E-011
          19          26  -1.5499794987021978E-010
          19          27   1.5248596226852830E-010
          19          28   7.7952483688154898E-012
          19          29  -6.0806714389680261E-011
          19          30   2.8095376766231392E-013
          19          31  -3.9168691920142452E-011
          19          32   1.3851279308734217E-011
          19          33  -1.6634220670537764E-011
          19          34  -5.4938981521862425E-011
          19          35   4.0312097066747042E-011
          19          36  -3.8451777174788448E-012
          19          37  -6.3094300464685084E-011
          19          38  -4.9024380528797260E-011
          19          39   6.0050821942755452E-012
          20           1   2.9449792620982235E-012
          20           2   2.3671557726814486E-011
          20           3   8.5977078965334254E-011
          20           4   5.9551408129192172E-010
          20           5  -2.6120078074806854E-010
          20           6   1.6537397875522377E-011
          20           7  -1.7001923013114870E-006
          20           8  -9.8217947130270288E-005
          20           9  -2.0652790675092217E-006
          20          10   5.3136486298303168E-005
          20          11   2.2568366515567182E-003
          20          12   6.4546031242983490E-005
          20          13  -4.2713388815635595E-003
          20          14   3.6752881459765741E-002
          20          15  -5.1885329828244824E-003
          20          16   2.0237228575247310E-004
          20          17  -1.7445399471412504E-003
          20          18   2.4582829424865752E-004
          20          19  -1.5380470068102357E-004
          20          20   1.3270811031055427E-003
          20          21  -1.8683181795260440E-004
          20          22  -5.6753199524666381E-010
          20          23  -3.7759128425434866E-010
          20          24  -2.5584324507242204E-010
          20          25  -1.1162686022834060E-010
          20          26  -2.6878483526022358E-010
          20          27   8.0236762099697291E-010
          20          28   3.0212962437273552E-012
          20          29   4.1571139489107402E-011
          20          30   1.6708144759959936E-011
          20          31   1.2239593144570555E-011
          20          32   6.1682943111774968E-012
          20          33  -6.1066843216130761E-011
          20          34  -1.6322488711515395E-010
          20          35  -3.0234324415280382E-011
          20          36   1.3594299825052520E-010
          20          37   3.1721806665275437E-011
          20          38   6.1295204869263835E-011
          20          39  -1.0178427431749520E-010
          21           1  -1.2421448269757507E-012
          21           2  -1.0002459327707730E-011
          21           3  -4.3468314317518088E-011
          21           4   1.2630413716881308E-010
