           1           1   1.0052994226268892     
           1           2  -1.2936811783055828E-002
           1           3   1.6827684666478160E-002
           1           4  -4.1968961669683357E-015
           1           5   4.1086348248058012E-015
           1           6  -4.4765661287508340E-015
           1           7   5.7333153197471731E-015
           1           8  -7.5322189404023792E-015
           1           9   8.9575057915716096E-015
           2           1  -1.2936811783055828E-002
           2           2   1.6647885728700670E-004
           2           3  -2.1654900458014021E-004
           2           4   5.4008243278628508E-017
           2           5  -5.2872441998356233E-017
           2           6   5.7607208497866889E-017
           2           7  -7.3779830680364150E-017
           2           8   9.6929229787212494E-017
           2           9  -1.1527069832427743E-016
           3           1   1.6827684666478160E-002
           3           2  -2.1654900458014021E-004
           3           3   2.8167823920010481E-004
           3           4  -7.0251751553930530E-017
           3           5   6.8774346911371122E-017
           3           6  -7.4933140821283723E-017
           3           7   9.5969837565500343E-017
           3           8  -1.2608164524432232E-016
           3           9   1.4993949013204888E-016
           4           1  -4.1968961669683357E-015
           4           2   5.4008243278628508E-017
           4           3  -7.0251751553930530E-017
           4           4   1.7521085797789039E-029
           4           5  -1.7152614792757036E-029
           4           6   1.8688644202979506E-029
           4           7  -2.3935285893820973E-029
           4           8   3.1445298871392692E-029
           4           9  -3.7395546914778481E-029
           5           1   4.1086348248058012E-015
           5           2  -5.2872441998356233E-017
           5           3   6.8774346911371122E-017
           5           4  -1.7152614792757036E-029
           5           5   1.6791892787023149E-029
           5           6  -1.8295619273381461E-029
           5           7   2.3431923319674030E-029
           5           8  -3.0783999622453689E-029
           5           9   3.6609113076463016E-029
           6           1  -4.4765661287508340E-015
           6           2   5.7607208497866889E-017
           6           3  -7.4933140821283723E-017
           6           4   1.8688644202979506E-029
           6           5  -1.8295619273381461E-029
           6           6   1.9934005584838402E-029
           6           7  -2.5530269478085707E-029
           6           8   3.3540729681146153E-029
           6           9  -3.9887486376803924E-029
           7           1   5.7333153197471731E-015
           7           2  -7.3779830680364150E-017
           7           3   9.5969837565500343E-017
           7           4  -2.3935285893820973E-029
           7           5   2.3431923319674030E-029
           7           6  -2.5530269478085707E-029
           7           7   3.2697626016490281E-029
           7           8  -4.2956939266766573E-029
           7           9   5.1085481624316105E-029
           8           1  -7.5322189404023792E-015
           8           2   9.6929229787212494E-017
           8           3  -1.2608164524432232E-016
           8           4   3.1445298871392692E-029
           8           5  -3.0783999622453689E-029
           8           6   3.3540729681146153E-029
           8           7  -4.2956939266766573E-029
           8           8   5.6435247936288678E-029
           8           9  -6.7114228122938784E-029
           9           1   8.9575057915716096E-015
           9           2  -1.1527069832427743E-016
           9           3   1.4993949013204888E-016
           9           4  -3.7395546914778481E-029
           9           5   3.6609113076463016E-029
           9           6  -3.9887486376803924E-029
           9           7   5.1085481624316105E-029
           9           8  -6.7114228122938784E-029
           9           9   7.9813942194830411E-029
