           1           1   1.0052994125035475     
           1           2  -1.2936805115877227E-002
           1           3   1.6827682896109277E-002
           1           4  -2.7309230441515280E-017
           1           5   1.3304035070678503E-016
           1           6  -4.6312601351303528E-018
           1           7  -1.6504818912364843E-016
           1           8  -1.6387234014125165E-016
           1           9   5.7959026381710792E-017
           2           1  -1.2936805115877227E-002
           2           2   1.6647868736877094E-004
           2           3  -2.1654887237684321E-004
           2           4   3.5143180995862589E-019
           2           5  -1.7120442608789086E-018
           2           6   5.9597876079432390E-020
           2           7   2.1239406199429686E-018
           2           8   2.1088090790887998E-018
           2           9  -7.4585205131961953E-019
           3           1   1.6827682896109277E-002
           3           2  -2.1654887237684321E-004
           3           3   2.8167818276826997E-004
           3           4  -4.5712855721476085E-019
           3           5   2.2269592583423955E-018
           3           6  -7.7522552976813527E-020
           3           7  -2.7627377024255714E-018
           3           8  -2.7430551943455064E-018
           3           9   9.7017476066138585E-019
           4           1  -2.7309230441515280E-017
           4           2   3.5143180995862589E-019
           4           3  -4.5712855721476085E-019
           4           4   7.4186263120406737E-034
           4           5  -3.6140771100458407E-033
           4           6   1.2580943417633966E-034
           4           7   4.4835786977211677E-033
           4           8   4.4516364420853813E-033
           4           9  -1.5744726276943071E-033
           5           1   1.3304035070678503E-016
           5           2  -1.7120442608789086E-018
           5           3   2.2269592583423955E-018
           5           4  -3.6140771100458407E-033
           5           5   1.7606431174674438E-032
           5           6  -6.1289648131563050E-034
           5           7  -2.1842317513989878E-032
           5           8  -2.1686706798365660E-032
           5           9   7.6702414231435751E-033
           6           1  -4.6312601351303528E-018
           6           2   5.9597876079432390E-020
           6           3  -7.7522552976813527E-020
           6           4   1.2580943417633966E-034
           6           5  -6.1289648131563050E-034
           6           6   2.1335504798349743E-035
           6           7   7.6035168145600675E-034
           6           8   7.5493472562237491E-034
           6           9  -2.6700834101167686E-034
           7           1  -1.6504818912364843E-016
           7           2   2.1239406199429686E-018
           7           3  -2.7627377024255714E-018
           7           4   4.4835786977211677E-033
           7           5  -2.1842317513989878E-032
           7           6   7.6035168145600675E-034
           7           7   2.7097304936403203E-032
           7           8   2.6904256235873115E-032
           7           9  -9.5156052303346742E-033
           8           1  -1.6387234014125165E-016
           8           2   2.1088090790887998E-018
           8           3  -2.7430551943455064E-018
           8           4   4.4516364420853813E-033
           8           5  -2.1686706798365660E-032
           8           6   7.5493472562237491E-034
           8           7   2.6904256235873115E-032
           8           8   2.6712582867718841E-032
           8           9  -9.4478134248844724E-033
           9           1   5.7959026381710792E-017
           9           2  -7.4585205131961953E-019
           9           3   9.7017476066138585E-019
           9           4  -1.5744726276943071E-033
           9           5   7.6702414231435751E-033
           9           6  -2.6700834101167686E-034
           9           7  -9.5156052303346742E-033
           9           8  -9.4478134248844724E-033
           9           9   3.3415405374107819E-033
