           1           1  0.34714365628829441     
           1           2  0.28850431931743059     
           1           3   9.8885184846607410E-003
           1           4  -4.5931505233678135E-017
           1           5   6.8506099634823002E-017
           1           6   1.4062498824691228E-017
           1           7   1.0385829493895572E-016
           1           8   7.1036423097611139E-017
           1           9  -6.3578452469018656E-017
           2           1  0.28850431931743059     
           2           2  0.23977031052438283     
           2           3   8.2181547690608793E-003
           2           4  -3.8172777789902388E-017
           2           5   5.6934082724020498E-017
           2           6   1.1687068387475860E-017
           2           7   8.6314602453654965E-017
           2           8   5.9036985182587570E-017
           2           9  -5.2838811312158071E-017
           3           1   9.8885184846607410E-003
           3           2   8.2181547690608793E-003
           3           3   2.8167819301952305E-004
           3           4  -1.3083763171357515E-018
           3           5   1.9514221858295274E-018
           3           6   4.0057560335481243E-019
           3           7   2.9584428540912418E-018
           3           8   2.0234994076963495E-018
           3           9  -1.8110562906092626E-018
           4           1  -4.5931505233678135E-017
           4           2  -3.8172777789902388E-017
           4           3  -1.3083763171357515E-018
           4           4   6.0773202529138098E-033
           4           5  -9.0642251901114480E-033
           4           6  -1.8606468148404927E-033
           4           7  -1.3741768663022486E-032
           4           8  -9.3990190521586704E-033
           4           9   8.4122350198002377E-033
           5           1   6.8506099634823002E-017
           5           2   5.6934082724020498E-017
           5           3   1.9514221858295274E-018
           5           4  -9.0642251901114480E-033
           5           5   1.3519145754686647E-032
           5           6   2.7751247304914761E-033
           5           7   2.0495626441988502E-032
           5           8   1.4018485403014074E-032
           5           9  -1.2546712925824873E-032
           6           1   1.4062498824691228E-017
           6           2   1.1687068387475860E-017
           6           3   4.0057560335481243E-019
           6           4  -1.8606468148404927E-033
           6           5   2.7751247304914761E-033
           6           6   5.6966005171706888E-034
           6           7   4.2072125590006001E-033
           6           8   2.8776260151239000E-033
           6           9  -2.5755098701235001E-033
           7           1   1.0385829493895572E-016
           7           2   8.6314602453654965E-017
           7           3   2.9584428540912418E-018
           7           4  -1.3741768663022486E-032
           7           5   2.0495626441988502E-032
           7           6   4.2072125590006001E-033
           7           7   3.1072281553286265E-032
           7           8   2.1252647564883414E-032
           7           9  -1.9021375009099868E-032
           8           1   7.1036423097611139E-017
           8           2   5.9036985182587570E-017
           8           3   2.0234994076963495E-018
           8           4  -9.3990190521586704E-033
           8           5   1.4018485403014074E-032
           8           6   2.8776260151239000E-033
           8           7   2.1252647564883414E-032
           8           8   1.4536268530605371E-032
           8           9  -1.3010135048326562E-032
           9           1  -6.3578452469018656E-017
           9           2  -5.2838811312158071E-017
           9           3  -1.8110562906092626E-018
           9           4   8.4122350198002377E-033
           9           5  -1.2546712925824873E-032
           9           6  -2.5755098701235001E-033
           9           7  -1.9021375009099868E-032
           9           8  -1.3010135048326562E-032
           9           9   1.1644227238876285E-032
