           1           1  0.70678325775385709     
           1           2  0.58981871400780483     
           1           3   2.9903577437156163E-002
           1           4   2.2961105255535016E-017
           1           5   1.6833728856156621E-016
           1           6  -2.4296512745792327E-016
           1           7  -3.0976805205440162E-016
           1           8  -1.7152528849931621E-016
           1           9   1.9556898851029041E-016
           2           1  0.58981871400780483     
           2           2  0.49221046424372128     
           2           3   2.4954877478111238E-002
           2           4   1.9160307235862732E-017
           2           5   1.4048065558754451E-016
           2           6  -2.0275685348423423E-016
           2           7  -2.5850360319197015E-016
           2           8  -1.4314172245035070E-016
           2           9   1.6320828692741464E-016
           3           1   2.9903577437156163E-002
           3           2   2.4954877478111238E-002
           3           3   1.2652025074429423E-003
           3           4   9.7096518903858617E-019
           3           5   7.1228897156360411E-018
           3           6  -1.0279544848897955E-017
           3           7  -1.3105402194231433E-017
           3           8  -7.2580985571762392E-018
           3           9   8.2762960274405359E-018
           4           1   2.2961105255535016E-017
           4           2   1.9160307235862732E-017
           4           3   9.7096518903858617E-019
           4           4   2.9009872644530253E-032
           4           5  -3.0295677150321167E-032
           4           6  -1.7094821100710722E-032
           4           7  -4.9152313072170691E-032
           4           8   4.8447392187658918E-032
           4           9  -9.9271671561362666E-032
           5           1   1.6833728856156621E-016
           5           2   1.4048065558754451E-016
           5           3   7.1228897156360411E-018
           5           4  -3.0295677150321167E-032
           5           5   8.5348841852783137E-032
           5           6  -4.6224401103923933E-032
           5           7  -2.4316568784125882E-032
           5           8  -1.0920787227252112E-031
           5           9   1.8023448148793214E-031
           6           1  -2.4296512745792327E-016
           6           2  -2.0275685348423423E-016
           6           3  -1.0279544848897955E-017
           6           4  -1.7094821100710722E-032
           6           5  -4.6224401103923933E-032
           6           6   8.6517859149560276E-032
           6           7   1.1921232373155460E-031
           6           8   4.1377085008321453E-032
           6           9  -3.2841633799780432E-032
           7           1  -3.0976805205440162E-016
           7           2  -2.5850360319197015E-016
           7           3  -1.3105402194231433E-017
           7           4  -4.9152313072170691E-032
           7           5  -2.4316568784125882E-032
           7           6   1.1921232373155460E-031
           7           7   1.8982464759788269E-031
           7           8   4.6679684531449865E-034
           7           9   6.0365457734050972E-032
           8           1  -1.7152528849931621E-016
           8           2  -1.4314172245035070E-016
           8           3  -7.2580985571762392E-018
           8           4   4.8447392187658918E-032
           8           5  -1.0920787227252112E-031
           8           6   4.1377085008321453E-032
           8           7   4.6679684531449865E-034
           8           8   1.4487211363888650E-031
           8           9  -2.4933836613937978E-031
           9           1   1.9556898851029041E-016
           9           2   1.6320828692741464E-016
           9           3   8.2762960274405359E-018
           9           4  -9.9271671561362666E-032
           9           5   1.8023448148793214E-031
           9           6  -3.2841633799780432E-032
           9           7   6.0365457734050972E-032
           9           8  -2.4933836613937978E-031
           9           9   4.4884562466551032E-031
