           1           1   3.3629019906102604     
           1           2 -0.86128045009797916     
           1           3  -7.8915894854062585E-002
           1           4   1.3663796715471096E-014
           1           5  -6.8359639592084964E-015
           1           6  -1.9478931803574113E-014
           1           7   7.2846328044790360E-015
           1           8  -3.1955234189613166E-014
           1           9  -2.0198643597424811E-014
           2           1 -0.86128045009797916     
           2           2  0.22058448797859959     
           2           3   2.0211328676711639E-002
           2           4  -3.4994659428099032E-015
           2           5   1.7507742218119860E-015
           2           6   4.9887933689574128E-015
           2           7  -1.8656838165841566E-015
           2           8   8.1841274478599698E-015
           2           9   5.1731203875500850E-015
           3           1  -7.8915894854062585E-002
           3           2   2.0211328676711639E-002
           3           3   1.8518881840761960E-003
           3           4  -3.2064292920702305E-016
           3           5   1.6041687047000823E-016
           3           6   4.5710441112241789E-016
           3           7  -1.7094560532952115E-016
           3           8   7.4988087918876149E-016
           3           9   4.7399360397054005E-016
           4           1   1.3663796715471096E-014
           4           2  -3.4994659428099032E-015
           4           3  -3.2064292920702305E-016
           4           4   5.5517330330474097E-029
           4           5  -2.7775184098053877E-029
           4           6  -7.9144787787961219E-029
           4           7   2.9598169100726917E-029
           4           8  -1.2983721356771137E-028
           4           9  -8.2069046559807970E-029
           5           1  -6.8359639592084964E-015
           5           2   1.7507742218119860E-015
           5           3   1.6041687047000823E-016
           5           4  -2.7775184098053877E-029
           5           5   1.3895856430569781E-029
           5           6   3.9595943070868070E-029
           5           7  -1.4807891352923413E-029
           5           8   6.4957239264835639E-029
           5           9   4.1058942556882782E-029
           6           1  -1.9478931803574113E-014
           6           2   4.9887933689574128E-015
           6           3   4.5710441112241789E-016
           6           4  -7.9144787787961219E-029
           6           5   3.9595943070868070E-029
           6           6   1.1282778542690643E-028
           6           7  -4.2194766903324519E-029
           6           8   1.8509425171613730E-028
           6           9   1.1699657089546589E-028
           7           1   7.2846328044790360E-015
           7           2  -1.8656838165841566E-015
           7           3  -1.7094560532952115E-016
           7           4   2.9598169100726917E-029
           7           5  -1.4807891352923413E-029
           7           6  -4.2194766903324519E-029
           7           7   1.5779786400037882E-029
           7           8  -6.9220615974664052E-029
           7           9  -4.3753788295531030E-029
           8           1  -3.1955234189613166E-014
           8           2   8.1841274478599698E-015
           8           3   7.4988087918876149E-016
           8           4  -1.2983721356771137E-028
           8           5   6.4957239264835639E-029
           8           6   1.8509425171613730E-028
           8           7  -6.9220615974664052E-029
           8           8   3.0364756242203726E-028
           8           9   1.9193315424310393E-028
           9           1  -2.0198643597424811E-014
           9           2   5.1731203875500850E-015
           9           3   4.7399360397054005E-016
           9           4  -8.2069046559807970E-029
           9           5   4.1058942556882782E-029
           9           6   1.1699657089546589E-028
           9           7  -4.3753788295531030E-029
           9           8   1.9193315424310393E-028
           9           9   1.2131938555299786E-028
