           1           1   2.1860965906671872     
           1           2 -0.70074747713205932     
           1           3  0.32522969314140682     
           1           4  -2.7582438185715784E-002
           1           5  -6.2940897483959757E-002
           1           6  -2.8464932075866604E-003
           1           7   6.8249157885604495E-013
           1           8   4.3261268467872003E-013
           1           9   3.2006914855559703E-013
           1          10  -5.5325591144895967E-013
           1          11  -7.1796720563342270E-012
           1          12  -2.3082993173796529E-012
           1          13   4.9772218603730451E-012
           1          14  -3.7140072893099272E-013
           1          15  -3.1616246039404455E-012
           1          16   2.3083543999583983E-013
           1          17   4.8478807714531030E-012
           1          18  -2.7812038962590233E-012
           1          19  -9.5525226470479165E-013
           1          20  -2.5568394713072880E-013
           1          21  -1.8449224782402005E-012
           1          22  -2.0071152032747458E-003
           1          23  -2.8084965375808015E-013
           1          24  -2.0071152026060182E-003
           1          25  -2.3808457318673815E-013
           1          26   1.0785162107658091E-013
           1          27  -2.0071152030573330E-003
           1          28   6.6269947166719726E-004
           1          29  -1.4639305292454364E-013
           1          30   6.6269947104251488E-004
           1          31  -2.6079848443454867E-014
           1          32  -7.2795516835128723E-014
           1          33   6.6269947189396281E-004
           1          34   5.0659555058433867E-003
           1          35  -2.2156550984828627E-014
           1          36   5.0659555066248779E-003
           1          37  -9.4931373094746289E-014
           1          38   6.3791149495361672E-014
           1          39   5.0659555055729156E-003
           2           1 -0.70074747713205932     
           2           2   2.6406072090317441     
           2           3  -1.1761246326981212     
           2           4  0.10354696363791885     
           2           5  0.22754592818241667     
           2           6   9.8172273430507159E-003
           2           7  -4.1340744810599681E-013
           2           8   9.4788654008537701E-012
           2           9  -1.5346520790080879E-011
           2          10  -2.0717959340761914E-012
           2          11  -1.1716856881514855E-011
           2          12   4.7184233298809496E-011
           2          13   4.9340677819935093E-012
           2          14   2.9814592546831111E-011
           2          15  -9.5703258818636351E-011
           2          16   1.7795822786900766E-011
           2          17   5.8202237505940043E-012
           2          18  -7.7062661902357845E-011
           2          19   4.4152366849794867E-012
           2          20   2.1733270557070683E-012
           2          21   1.9642001815872376E-012
           2          22   5.6041195294601297E-003
           2          23  -9.7803941828060591E-013
           2          24   5.6041195271881415E-003
           2          25   2.4202052174652327E-012
           2          26   1.3856572461977668E-013
           2          27   5.6041195248723863E-003
           2          28  -3.9319060412735737E-003
           2          29   5.1034659180326556E-013
           2          30  -3.9319060389702842E-003
           2          31   9.0602836350759625E-014
           2          32   2.5718219662099550E-013
           2          33  -3.9319060420648852E-003
           2          34  -1.7950089348027762E-002
           2          35   6.9545451299342153E-014
           2          36  -1.7950089350878308E-002
           2          37   4.0037226613594279E-013
           2          38  -2.0478377615293099E-013
           2          39  -1.7950089347116869E-002
           3           1  0.32522969314140682     
           3           2  -1.1761246326981212     
           3           3   2.8228046280393055     
           3           4 -0.28339257221522934     
           3           5 -0.63427705752008845     
           3           6  -3.0332527818492456E-002
           3           7   1.6823243645454646E-011
           3           8   5.4987237457246718E-011
           3           9  -5.4531006242490327E-011
           3          10  -3.6338526925251595E-011
           3          11  -1.8352639392617078E-010
           3          12   1.3917990711186908E-010
           3          13   1.4132511713211644E-010
           3          14   1.2648414592260566E-010
           3          15  -4.0639425688627999E-010
           3          16   7.3882307651774949E-011
           3          17   1.6101677377816318E-010
           3          18  -3.2735418771245772E-010
           3          19  -5.4618341284460945E-012
           3          20   2.4810713003156780E-012
           3          21  -3.5714769840039980E-011
           3          22  -1.0156341642309639E-002
           3          23  -5.7822231245568224E-012
           3          24  -1.0156341637584856E-002
           3          25   3.0868018214669739E-012
           3          26   1.4589499661317907E-012
           3          27  -1.0156341651505842E-002
           3          28   3.9084538030165882E-003
           3          29  -1.5405372626073706E-012
           3          30   3.9084537963347578E-003
           3          31  -2.8434762627330616E-013
           3          32  -7.9222804274866952E-013
           3          33   3.9084538049961367E-003
           3          34   5.1935009014682731E-002
           3          35  -2.6291818667896389E-013
           3          36   5.1935009022782301E-002
           3          37  -1.0150589531196892E-012
           3          38   5.9197580178265103E-013
           3          39   5.1935009012017794E-002
           4           1  -2.7582438185715784E-002
           4           2  0.10354696363791885     
           4           3 -0.28339257221522934     
           4           4  0.56593474774945052     
           4           5  0.60846277402451088     
           4           6   2.7779208036342359E-002
           4           7   6.6273561012568972E-012
           4           8   5.7196370549071904E-011
           4           9  -1.1581055400913136E-010
           4          10  -1.5643907221665363E-011
           4          11  -1.8037389449559296E-010
           4          12   3.3277997048081350E-010
           4          13   9.0580704137452491E-011
           4          14   1.5091259354224361E-010
           4          15  -7.9328963099379760E-010
           4          16   1.3394798481487171E-010
           4          17   2.7462472233419028E-011
           4          18  -6.7034521218889385E-010
           4          19   1.7898969642477092E-011
           4          20   1.3816237312211506E-011
           4          21  -8.5867383490203424E-012
           4          22   1.7742250734323845E-003
           4          23  -2.0419698188581527E-011
           4          24   1.7742250861204657E-003
           4          25   8.6166233000647390E-012
           4          26   2.9771543505695451E-012
           4          27   1.7742250551611937E-003
           4          28  -1.4108047623168332E-003
           4          29   1.8939609277428557E-012
           4          30  -1.4108047518948440E-003
           4          31   7.1494781490383356E-013
           4          32   2.2685876936815466E-012
           4          33  -1.4108047643509778E-003
           4          34  -2.0366202570158032E-002
           4          35   1.1049630964522267E-013
           4          36  -2.0366202580911708E-002
           4          37   1.3099779325419962E-012
           4          38  -9.3918367952007771E-013
           4          39  -2.0366202567152311E-002
           5           1  -6.2940897483959757E-002
           5           2  0.22754592818241667     
           5           3 -0.63427705752008845     
           5           4  0.60846277402451088     
           5           5  0.69493155696326647     
           5           6   3.1907721582537470E-002
           5           7   7.3557123038278406E-012
           5           8  -2.9667129999493297E-010
           5           9  -5.2244601475133738E-011
           5          10  -8.8991045205190549E-012
           5          11   8.3570158573729539E-010
           5          12   1.0540994498978687E-010
           5          13  -3.2202001321766861E-010
           5          14  -6.5858848980476376E-010
           5          15   4.4774840406347899E-010
           5          16  -1.9381098563049518E-010
           5          17  -6.4549894492153132E-010
           5          18   3.3448794851225959E-010
           5          19   1.5211235423790420E-012
           5          20  -2.1325420136876948E-011
           5          21   4.8187028595761644E-011
           5          22   3.0328798730652694E-003
           5          23   2.9642613654163881E-011
           5          24   3.0328798855905354E-003
           5          25  -2.4089564007038513E-011
           5          26  -1.1383385557775604E-011
           5          27   3.0328799445311794E-003
           5          28  -1.8864710960238206E-003
           5          29   2.3743154674733000E-012
           5          30  -1.8864710846353179E-003
           5          31   5.8697872790086814E-013
           5          32   2.3211740470516627E-012
           5          33  -1.8864710978554562E-003
           5          34  -2.7061323204756536E-002
           5          35   5.5398144526211307E-013
           5          36  -2.7061323216652604E-002
           5          37   1.1849867474492278E-012
           5          38  -1.1422226339586403E-012
           5          39  -2.7061323200648510E-002
           6           1  -2.8464932075866604E-003
           6           2   9.8172273430507159E-003
           6           3  -3.0332527818492456E-002
           6           4   2.7779208036342359E-002
           6           5   3.1907721582537470E-002
           6           6   1.4663175687664536E-003
           6           7  -8.5404101717400801E-012
           6           8   1.2084166692796328E-010
           6           9   3.5871888920341840E-010
           6          10   2.4835117899555915E-011
           6          11  -3.4827630756687409E-010
           6          12  -1.0340782981892054E-009
           6          13  -6.9461708049548366E-011
           6          14   7.2852047957764525E-010
           6          15   2.0522091131992036E-009
           6          16  -5.3363159560480075E-011
           6          17   5.8764564745737583E-010
           6          18   1.6681888949188593E-009
           6          19  -2.3242077299376492E-012
           6          20   3.2234194325161421E-011
           6          21   9.1148233711119803E-011
           6          22   1.4250185344824221E-004
           6          23   2.1608227215156717E-012
           6          24   1.4250185643506632E-004
           6          25   2.5533887662103933E-012
           6          26  -3.4870914694756778E-012
           6          27   1.4250184241129202E-004
           6          28  -8.6501523445309508E-005
           6          29   1.1299871603858108E-013
           6          30  -8.6501522911634272E-005
           6          31   4.6277548791532196E-014
           6          32   8.9996414546388776E-014
           6          33  -8.6501523605663348E-005
           6          34  -1.2586358381799882E-003
           6          35   3.1992227434570896E-014
           6          36  -1.2586358387046293E-003
           6          37   8.4469413234018620E-014
           6          38  -7.6700660384839379E-014
           6          39  -1.2586358381099512E-003
           7           1   6.8249157885604495E-013
           7           2  -4.1340744810599681E-013
           7           3   1.6823243645454646E-011
           7           4   6.6273561012568972E-012
           7           5   7.3557123038278406E-012
           7           6  -8.5404101717400801E-012
           7           7   2.3411704770071333     
           7           8   1.2602921940915116E-012
           7           9   9.4479155401949733E-013
           7          10 -0.92347531541138217     
           7          11  -2.7458137760033585E-012
           7          12  -2.7693949564144837E-012
           7          13  0.12515034915656409     
           7          14   1.0142179522436290E-012
           7          15   5.9807783725496222E-012
           7          16  0.11241245247075873     
           7          17   2.7896483137824363E-012
           7          18   1.2998296883282023E-011
           7          19   5.6424399622701377E-003
           7          20   1.0805504845314766E-011
           7          21  -1.1749156877439992E-011
           7          22  -2.2172854668534253E-012
           7          23  -5.8948901277747949E-012
           7          24  -1.0542104385442080E-011
           7          25   8.3218136559609884E-013
           7          26   1.0717836400224059E-012
           7          27  -1.0159159377362853E-011
           7          28  -2.9758755474656095E-011
           7          29   1.5723085191491345E-011
           7          30  -6.8413928863498302E-012
           7          31   1.5214718666706121E-011
           7          32   2.5127800476364309E-012
           7          33   1.4580184848362145E-012
           7          34  -1.3711102840922331E-011
           7          35   3.0103750345906341E-011
           7          36   2.3968306043836695E-011
           7          37  -1.5699954032968751E-014
           7          38   6.8288573860323269E-012
           7          39  -8.6604089706599821E-012
           8           1   4.3261268467872003E-013
           8           2   9.4788654008537701E-012
           8           3   5.4987237457246718E-011
           8           4   5.7196370549071904E-011
           8           5  -2.9667129999493297E-010
           8           6   1.2084166692796328E-010
           8           7   1.2602921940915116E-012
           8           8   2.3411704770158273     
           8           9   1.6417713678352000E-013
           8          10  -3.3589886582374891E-012
           8          11 -0.92347531543322980     
           8          12  -2.1717706842963591E-012
           8          13  -3.0435356112527151E-013
           8          14  0.12515034920450105     
           8          15  -1.2460237106427102E-011
           8          16   3.8725263759044858E-011
           8          17  0.11241245249092446     
           8          18   1.8799466649198349E-011
           8          19  -7.8422173473278632E-011
           8          20   5.6424398983459627E-003
           8          21   9.1146243452592569E-012
           8          22   1.6993842319651144E-012
           8          23   1.1610806865680179E-011
           8          24  -9.6291252041166653E-012
           8          25  -5.4945420563672309E-012
           8          26  -9.8198972343337746E-012
           8          27   1.2461155609239683E-011
           8          28   8.2040383636642276E-011
           8          29   2.8507539088001233E-012
           8          30   6.4800179817963900E-011
           8          31   2.3954995743850334E-012
           8          32   3.9157798367108784E-011
           8          33   2.2372172673598999E-011
           8          34  -6.2928678124707658E-011
           8          35   9.1598788211097252E-012
           8          36   4.2537216516660317E-011
           8          37   7.8689363270150573E-012
           8          38  -1.6731945455902160E-011
           8          39   4.2209608911208949E-011
           9           1   3.2006914855559703E-013
           9           2  -1.5346520790080879E-011
           9           3  -5.4531006242490327E-011
           9           4  -1.1581055400913136E-010
           9           5  -5.2244601475133738E-011
           9           6   3.5871888920341840E-010
           9           7   9.4479155401949733E-013
           9           8   1.6417713678352000E-013
           9           9   2.3411704770009663     
           9          10  -1.9339235074466998E-012
           9          11   2.6237029042419646E-012
           9          12 -0.92347531539242511     
           9          13   1.1545204028906575E-011
           9          14  -8.8819404305343075E-012
           9          15  0.12515034909988632     
           9          16   2.3778257141060521E-011
           9          17   3.8546526647670332E-011
           9          18  0.11241245244861824     
           9          19  -7.3497658263296795E-011
           9          20  -8.1918781894479769E-011
           9          21   5.6424400436010935E-003
           9          22   1.1578269854250138E-011
           9          23  -2.3737829051894847E-011
           9          24   2.8576083843901494E-011
           9          25  -9.1930108961134038E-012
           9          26  -1.6126420632502723E-011
           9          27   1.8983305940590758E-011
           9          28   5.0629942430726867E-011
           9          29   7.7681725847928051E-011
           9          30   1.5686103886144895E-011
           9          31   1.1163353975676264E-012
           9          32   4.3042204764093867E-011
           9          33   3.9688083946071746E-011
           9          34  -1.2181197344981649E-010
           9          35   1.7883479186852041E-011
           9          36  -8.4712539991309863E-011
           9          37   3.0720427578184675E-011
           9          38  -7.1093434007237302E-011
           9          39  -1.9697958530272763E-011
          10           1  -5.5325591144895967E-013
          10           2  -2.0717959340761914E-012
          10           3  -3.6338526925251595E-011
          10           4  -1.5643907221665363E-011
          10           5  -8.8991045205190549E-012
          10           6   2.4835117899555915E-011
          10           7 -0.92347531541138217     
          10           8  -3.3589886582374891E-012
          10           9  -1.9339235074466998E-012
          10          10   2.5004462150620235     
          10          11   7.5370510884981839E-012
          10          12   5.6314085339348452E-012
          10          13 -0.36645690179140245     
          10          14  -6.9512198731455643E-012
          10          15  -9.2997207157274886E-012
          10          16 -0.32146460499065160     
          10          17  -7.3652958189861228E-012
          10          18  -3.0167278397552622E-011
          10          19  -1.6739777186699566E-002
          10          20  -3.2201839114272247E-011
          10          21   3.3066778915707973E-011
          10          22  -1.6056953638828207E-012
          10          23   1.7865490727622491E-011
          10          24   2.3765164372969088E-011
          10          25  -5.5106779163912003E-013
          10          26  -4.1323712672697928E-012
          10          27   1.9952817186981209E-011
          10          28   8.0388366948621111E-011
          10          29  -4.7266749612179039E-011
          10          30   1.2472558532029558E-011
          10          31  -4.6724667121951742E-011
          10          32  -6.6429476493189084E-012
          10          33  -8.1791146676358385E-012
          10          34   3.7908620101798410E-011
          10          35  -8.5148563273464323E-011
          10          36  -6.8923003067893874E-011
          10          37   8.5351763463591059E-013
          10          38  -2.0509412860352880E-011
          10          39   2.1559918387774851E-011
          11           1  -7.1796720563342270E-012
          11           2  -1.1716856881514855E-011
          11           3  -1.8352639392617078E-010
          11           4  -1.8037389449559296E-010
          11           5   8.3570158573729539E-010
          11           6  -3.4827630756687409E-010
          11           7  -2.7458137760033585E-012
          11           8 -0.92347531543322980     
          11           9   2.6237029042419646E-012
          11          10   7.5370510884981839E-012
          11          11   2.5004462151171567     
          11          12  -1.8983545204548369E-012
          11          13  -1.9847356722522969E-012
          11          14 -0.36645690192313102     
          11          15   3.5252252722842159E-011
          11          16  -1.1314067461772395E-010
          11          17 -0.32146460505564511     
          11          18  -5.4731564874850591E-011
          11          19   2.2416787998645919E-010
          11          20  -1.6739777000113039E-002
          11          21  -2.3328257179450456E-011
          11          22   1.0329768152618019E-011
          11          23  -3.2552452585784210E-011
          11          24   4.5176783357259439E-011
          11          25   1.3692208356295090E-011
          11          26   3.2871019804927863E-011
          11          27  -1.5033892036514360E-011
          11          28  -2.1763474104555802E-010
          11          29  -9.0499567219058732E-012
          11          30  -1.7340119882961860E-010
          11          31  -5.6883723666215491E-012
          11          32  -1.1666342859758730E-010
          11          33  -5.6482597144538369E-011
          11          34   1.7874422050676685E-010
          11          35  -2.7003710546403769E-011
          11          36  -1.2315543846620091E-010
          11          37  -2.0175298411683560E-011
          11          38   5.1787542787795906E-011
          11          39  -1.1526796217346354E-010
          12           1  -2.3082993173796529E-012
          12           2   4.7184233298809496E-011
          12           3   1.3917990711186908E-010
          12           4   3.3277997048081350E-010
          12           5   1.0540994498978687E-010
          12           6  -1.0340782981892054E-009
          12           7  -2.7693949564144837E-012
          12           8  -2.1717706842963591E-012
          12           9 -0.92347531539242511     
          12          10   5.6314085339348452E-012
          12          11  -1.8983545204548369E-012
          12          12   2.5004462150046307     
          12          13  -3.6273969938882544E-011
          12          14   1.8719721519427912E-011
          12          15 -0.36645690162939626     
          12          16  -7.0399727714054450E-011
          12          17  -1.1902027096093865E-010
          12          18 -0.32146460492664608     
          12          19   2.1124711311812372E-010
          12          20   2.3584543803453544E-010
          12          21  -1.6739777421344776E-002
          12          22  -2.1089788436115971E-011
          12          23   6.7971862055095839E-011
          12          24  -6.7156426937956377E-011
          12          25   2.5432108229015604E-011
          12          26   4.8509459612294942E-011
          12          27  -3.8266600623454903E-011
          12          28  -1.3269922900334083E-010
          12          29  -2.2378678843477080E-010
          12          30  -3.1910270982829098E-011
          12          31  -2.1527016634698875E-012
          12          32  -1.2654087032847984E-010
          12          33  -1.0618603715148782E-010
          12          34   3.5860112994981997E-010
          12          35  -5.1758595024357155E-011
          12          36   2.5122717830512540E-010
          12          37  -8.8324128428935751E-011
          12          38   2.0620821835433170E-010
          12          39   6.7284894259033386E-011
          13           1   4.9772218603730451E-012
          13           2   4.9340677819935093E-012
          13           3   1.4132511713211644E-010
          13           4   9.0580704137452491E-011
          13           5  -3.2202001321766861E-010
          13           6  -6.9461708049548366E-011
          13           7  0.12515034915656409     
          13           8  -3.0435356112527151E-013
          13           9   1.1545204028906575E-011
          13          10 -0.36645690179140245     
          13          11  -1.9847356722522969E-012
          13          12  -3.6273969938882544E-011
          13          13  0.77064175574043547     
          13          14  -1.9685138393475687E-012
          13          15   6.4104999086822545E-011
          13          16  0.62666717398734295     
          13          17  -1.1170594722657856E-011
          13          18   1.1742253697155647E-010
          13          19   3.3729841465311744E-002
          13          20   7.4879955693976782E-011
          13          21  -6.1413431198115154E-011
          13          22   1.8785747219253031E-011
          13          23  -9.5828358933449019E-012
          13          24  -4.9651803054727062E-011
          13          25   8.8959787354370006E-012
          13          26   1.1653068257730186E-011
          13          27  -3.4435867867808944E-011
          13          28  -9.6220558713077604E-011
          13          29   9.8401411066964999E-011
          13          30   5.4988434910668859E-011
          13          31   1.0135364906997519E-010
          13          32   5.8640194274916449E-013
          13          33   5.3346678899632584E-011
          13          34  -2.5690618863930204E-011
          13          35   1.5543221055572591E-010
          13          36   1.8726717136081677E-010
          13          37  -1.2643729468524064E-011
          13          38   4.0274583433408374E-011
          13          39   4.4358872739208737E-011
          14           1  -3.7140072893099272E-013
          14           2   2.9814592546831111E-011
          14           3   1.2648414592260566E-010
          14           4   1.5091259354224361E-010
          14           5  -6.5858848980476376E-010
          14           6   7.2852047957764525E-010
          14           7   1.0142179522436290E-012
          14           8  0.12515034920450105     
          14           9  -8.8819404305343075E-012
          14          10  -6.9512198731455643E-012
          14          11 -0.36645690192313102     
          14          12   1.8719721519427912E-011
          14          13  -1.9685138393475687E-012
          14          14  0.77064175603036345     
          14          15  -7.8763021929204036E-011
          14          16   1.8525455393889403E-010
          14          17  0.62666717417073392     
          14          18   2.5783404708143443E-011
          14          19  -4.0647583779087780E-010
          14          20   3.3729841081765993E-002
          14          21   4.7111637724653321E-011
          14          22  -5.2435034577972366E-011
          14          23   2.1842074329959148E-011
          14          24  -4.7027908675276789E-011
          14          25  -9.7048607656481754E-012
          14          26  -6.8321961269480584E-011
          14          27  -1.8301697345824383E-011
          14          28   2.3342217138735141E-010
          14          29   4.7891201745224944E-012
          14          30   1.4636694099198169E-010
          14          31  -9.1043060980664401E-012
          14          32   2.4918420308409117E-010
          14          33  -2.4782988935078372E-011
          14          34  -4.9050698867535041E-010
          14          35   6.3173716213366974E-011
          14          36   6.4003905931059464E-011
          14          37   5.3466253569457680E-011
          14          38  -9.9192127941391497E-011
          14          39  -6.4733375504974205E-012
          15           1  -3.1616246039404455E-012
          15           2  -9.5703258818636351E-011
          15           3  -4.0639425688627999E-010
          15           4  -7.9328963099379760E-010
          15           5   4.4774840406347899E-010
          15           6   2.0522091131992036E-009
          15           7   5.9807783725496222E-012
          15           8  -1.2460237106427102E-011
          15           9  0.12515034909988632     
          15          10  -9.2997207157274886E-012
          15          11   3.5252252722842159E-011
          15          12 -0.36645690162939626     
          15          13   6.4104999086822545E-011
          15          14  -7.8763021929204036E-011
          15          15  0.77064175534362789     
          15          16   1.2311322794555934E-010
          15          17   2.0174825373676930E-010
          15          18  0.62666717376034586     
          15          19  -4.1161407875883738E-010
          15          20  -4.6296003987887635E-010
          15          21   3.3729841944206751E-002
          15          22   2.9997332258452457E-011
          15          23  -1.1577884174192425E-010
          15          24   1.2393258943442977E-010
          15          25  -5.9295872263690510E-011
          15          26  -8.6473237825065706E-011
          15          27   6.6031667420512958E-011
          15          28   1.4088471961774163E-010
          15          29   4.3857333479920463E-010
          15          30  -5.4261663171172425E-011
          15          31  -1.0240708429210685E-012
          15          32   2.5111718786363986E-010
          15          33   9.1022229478085398E-011
          15          34  -8.3618535656048116E-010
          15          35   9.5381504462075485E-011
          15          36  -6.2498198839257251E-010
          15          37   1.7556206917145586E-010
          15          38  -4.1187773991192501E-010
          15          39  -2.5818393095364946E-010
          16           1   2.3083543999583983E-013
          16           2   1.7795822786900766E-011
          16           3   7.3882307651774949E-011
          16           4   1.3394798481487171E-010
          16           5  -1.9381098563049518E-010
          16           6  -5.3363159560480075E-011
          16           7  0.11241245247075873     
          16           8   3.8725263759044858E-011
          16           9   2.3778257141060521E-011
          16          10 -0.32146460499065160     
          16          11  -1.1314067461772395E-010
          16          12  -7.0399727714054450E-011
          16          13  0.62666717398734295     
          16          14   1.8525455393889403E-010
          16          15   1.2311322794555934E-010
          16          16  0.50982920773438245     
          16          17   1.4315466756345367E-010
          16          18   1.5319425589188640E-010
          16          19   2.7435264630115256E-002
          16          20   6.9036933333875539E-011
          16          21  -4.6861049329133264E-011
          16          22   1.7724869435576144E-011
          16          23  -5.4498624250107338E-011
          16          24  -5.0826838560439652E-011
          16          25  -4.9537070664341216E-011
          16          26   9.1034178334710669E-012
          16          27  -1.9444918702730031E-011
          16          28  -7.8744619618645163E-011
          16          29   7.9774753002942769E-011
          16          30   4.4105678929310525E-011
          16          31   8.2101007155732518E-011
          16          32   5.3930541308593774E-013
          16          33   4.3089190980055184E-011
          16          34  -2.3476517597954872E-011
          16          35   1.2612352806353633E-010
          16          36   1.4964648770193021E-010
          16          37  -1.0696872552383151E-011
          16          38   3.2760753137593630E-011
          16          39   3.3366470390957935E-011
          17           1   4.8478807714531030E-012
          17           2   5.8202237505940043E-012
          17           3   1.6101677377816318E-010
          17           4   2.7462472233419028E-011
          17           5  -6.4549894492153132E-010
          17           6   5.8764564745737583E-010
          17           7   2.7896483137824363E-012
          17           8  0.11241245249092446     
          17           9   3.8546526647670332E-011
          17          10  -7.3652958189861228E-012
          17          11 -0.32146460505564511     
          17          12  -1.1902027096093865E-010
          17          13  -1.1170594722657856E-011
          17          14  0.62666717417073392     
          17          15   2.0174825373676930E-010
          17          16   1.4315466756345367E-010
          17          17  0.50982920784057273     
          17          18   2.3759034952115787E-010
          17          19  -3.3126438686592336E-010
          17          20   2.7435264315889149E-002
          17          21   4.9955542713543341E-011
          17          22  -4.8343171325118544E-012
          17          23   3.3181805577234145E-011
          17          24  -1.0051993400003031E-010
          17          25   3.5009956947807571E-011
          17          26  -7.4032803484097370E-011
          17          27   8.7738459685126942E-012
          17          28   1.9134217274648381E-010
          17          29   4.0428058797284340E-012
          17          30   1.1999157928313635E-010
          17          31  -7.0733659197482996E-012
          17          32   2.0251453551608827E-010
          17          33  -1.9089418090584286E-011
          17          34  -3.9440134237846322E-010
          17          35   5.1465732918299400E-011
          17          36   5.6077472406336355E-011
          17          37   4.3780308496759135E-011
          17          38  -8.0856874886035558E-011
          17          39  -2.6744840835993632E-013
          18           1  -2.7812038962590233E-012
          18           2  -7.7062661902357845E-011
          18           3  -3.2735418771245772E-010
          18           4  -6.7034521218889385E-010
          18           5   3.3448794851225959E-010
          18           6   1.6681888949188593E-009
          18           7   1.2998296883282023E-011
          18           8   1.8799466649198349E-011
          18           9  0.11241245244861824     
          18          10  -3.0167278397552622E-011
          18          11  -5.4731564874850591E-011
          18          12 -0.32146460492664608     
          18          13   1.1742253697155647E-010
          18          14   2.5783404708143443E-011
          18          15  0.62666717376034586     
          18          16   1.5319425589188640E-010
          18          17   2.3759034952115787E-010
          18          18  0.50982920762804174     
          18          19  -3.3201757836109902E-010
          18          20  -3.7269078628613967E-010
          18          21   2.7435265023790650E-002
          18          22   6.0759103924116433E-011
          18          23  -1.0542060401420786E-010
          18          24   1.3252150381461871E-010
          18          25   1.1880726052628928E-011
          18          26  -1.1046299103085247E-010
          18          27  -1.4311099602325193E-011
          18          28   1.1547293168817265E-010
          18          29   3.5673057654254724E-010
          18          30  -4.3319193913085592E-011
          18          31  -4.8614564894752194E-013
          18          32   2.0406053513098082E-010
          18          33   7.4342570953929119E-011
          18          34  -6.7850209873205551E-010
          18          35   7.7533946902281755E-011
          18          36  -5.0672491117656210E-010
          18          37   1.4330699754441808E-010
          18          38  -3.3536161945880798E-010
          18          39  -2.0917994578431938E-010
          19           1  -9.5525226470479165E-013
          19           2   4.4152366849794867E-012
          19           3  -5.4618341284460945E-012
          19           4   1.7898969642477092E-011
          19           5   1.5211235423790420E-012
          19           6  -2.3242077299376492E-012
          19           7   5.6424399622701377E-003
          19           8  -7.8422173473278632E-011
          19           9  -7.3497658263296795E-011
          19          10  -1.6739777186699566E-002
          19          11   2.2416787998645919E-010
          19          12   2.1124711311812372E-010
          19          13   3.3729841465311744E-002
          19          14  -4.0647583779087780E-010
          19          15  -4.1161407875883738E-010
          19          16   2.7435264630115256E-002
          19          17  -3.3126438686592336E-010
          19          18  -3.3201757836109902E-010
          19          19   1.4765204069162405E-003
          19          20  -1.4519200260445489E-011
          19          21  -2.0831046631565597E-011
          19          22   9.9459467356828782E-012
          19          23   8.2173265575776543E-012
          19          24  -5.3281040717099160E-012
          19          25   9.1028047813529998E-012
          19          26  -1.6105080254897875E-012
          19          27  -7.3000196664278038E-012
          19          28  -4.2136224422350825E-012
          19          29   4.3535595608049801E-012
          19          30   2.3380629354435360E-012
          19          31   4.4824353013647411E-012
          19          32   1.6321835300777900E-014
          19          33   2.2586555125155910E-012
          19          34  -1.6325866212684030E-012
          19          35   6.8777830133204565E-012
          19          36   7.5888806832932699E-012
          19          37  -4.7957228795106814E-013
          19          38   1.7456366678616821E-012
          19          39   1.3057892471635611E-012
          20           1  -2.5568394713072880E-013
          20           2   2.1733270557070683E-012
          20           3   2.4810713003156780E-012
          20           4   1.3816237312211506E-011
          20           5  -2.1325420136876948E-011
          20           6   3.2234194325161421E-011
          20           7   1.0805504845314766E-011
          20           8   5.6424398983459627E-003
          20           9  -8.1918781894479769E-011
          20          10  -3.2201839114272247E-011
          20          11  -1.6739777000113039E-002
          20          12   2.3584543803453544E-010
          20          13   7.4879955693976782E-011
          20          14   3.3729841081765993E-002
          20          15  -4.6296003987887635E-010
          20          16   6.9036933333875539E-011
          20          17   2.7435264315889149E-002
          20          18  -3.7269078628613967E-010
          20          19  -1.4519200260445489E-011
          20          20   1.4765203727844234E-003
          20          21  -1.8054043755661949E-011
          20          22  -8.3001271257611173E-012
          20          23  -2.4134192942051871E-012
          20          24   8.2077360446535747E-012
          20          25  -5.6883688415347367E-012
          20          26   1.5740695385739782E-012
          20          27  -4.9964053812700782E-012
          20          28   1.0198688108712039E-011
          20          29   1.9344950970754798E-013
          20          30   6.4756626031316616E-012
          20          31  -4.2369454625953086E-013
          20          32   1.0930901329077975E-011
          20          33  -1.1038806524066027E-012
          20          34  -2.1752652713181536E-011
          20          35   2.7360561922596120E-012
          20          36   2.6633816477932223E-012
          20          37   2.2950202723111466E-012
          20          38  -4.3044837862784429E-012
          20          39  -5.3315464545067613E-013
          21           1  -1.8449224782402005E-012
          21           2   1.9642001815872376E-012
          21           3  -3.5714769840039980E-011
          21           4  -8.5867383490203424E-012
