           1           1   2.0000877313403711     
           1           2   5.1104656172731703E-004
           1           3   4.3777772855371731E-003
           1           4  -1.0715903432346814E-003
           1           5  -6.2747805449946917E-004
           1           6  -2.3331906730263290E-004
           1           7   2.4208875411866777E-014
           1           8   1.8885437578765060E-014
           1           9  -2.3810619169791161E-015
           1          10   1.7341560340241696E-014
           1          11  -1.7693326310694643E-014
           1          12  -4.5643101761954493E-014
           1          13  -1.1214172116692196E-013
           1          14  -4.3082527322875471E-014
           1          15   3.6253567431018874E-014
           1          16   1.0195834181301254E-014
           1          17  -3.0425384023329396E-015
           1          18  -1.6576921530576507E-014
           1          19  -3.0806046959332879E-015
           1          20  -8.2161120536616885E-016
           1          21   3.3730359899968075E-015
           1          22  -4.2928334357502946E-004
           1          23   8.1810451313220966E-014
           1          24  -4.2928334379414108E-004
           1          25  -2.7608730341170963E-014
           1          26   3.1704538534392556E-014
           1          27  -4.2928334362912096E-004
           1          28  -4.7978884777039765E-004
           1          29   2.4285562435120557E-015
           1          30  -4.7978884777555785E-004
           1          31  -6.0772096046528571E-015
           1          32   1.2603347732272426E-015
           1          33  -4.7978884777173496E-004
           1          34   2.3187409604595610E-004
           1          35   2.1335151322703465E-016
           1          36   2.3187409604471572E-004
           1          37   8.1037247969605787E-015
           1          38   2.1532228805844980E-015
           1          39   2.3187409605390427E-004
           2           1   5.1104656172731703E-004
           2           2   1.9986703706642657     
           2           3   2.6357713919686998E-002
           2           4  -8.9456502748073950E-003
           2           5  -1.0283227992175991E-002
           2           6  -1.9397466202714111E-003
           2           7  -1.2170213746663382E-015
           2           8  -4.3880684788090461E-014
           2           9  -8.2911494350137635E-014
           2          10   1.0735100076553765E-013
           2          11  -1.3149463598373886E-013
           2          12  -2.6977861802254862E-013
           2          13  -9.9595172868451125E-013
           2          14  -5.5545099812671601E-013
           2          15   2.4617983583455289E-013
           2          16   1.7532773662786532E-014
           2          17   4.1477943663625117E-014
           2          18  -3.4355630125190796E-014
           2          19  -3.1460318076264313E-014
           2          20  -1.7256684386667602E-014
           2          21  -1.3201714974849537E-015
           2          22   1.3892138994623521E-003
           2          23   6.6551983550371842E-013
           2          24   1.3892138979381471E-003
           2          25  -2.7557133552861996E-013
           2          26   2.9425234597201137E-013
           2          27   1.3892138994836410E-003
           2          28  -2.2421258876275806E-003
           2          29   1.0506713880496439E-014
           2          30  -2.2421258876446095E-003
           2          31   3.7305413173979240E-015
           2          32   7.2410763380069756E-015
           2          33  -2.2421258876396690E-003
           2          34   2.9895481577376882E-003
           2          35   1.0191720175914731E-015
           2          36   2.9895481577334468E-003
           2          37  -3.6327952967077279E-015
           2          38  -3.3165882167821488E-015
           2          39   2.9895481577491005E-003
           3           1   4.3777772855371731E-003
           3           2   2.6357713919686998E-002
           3           3   2.1520834451074085     
           3           4   5.5845841172487268E-002
           3           5 -0.18488921637661829     
           3           6  -9.3658982300452425E-003
           3           7   5.5277488084398242E-013
           3           8   3.9601241775705099E-013
           3           9  -8.8523152857102660E-014
           3          10   3.9588203720762916E-013
           3          11  -3.6796109384485607E-013
           3          12  -8.8720126856715090E-013
           3          13  -1.9654672554349803E-012
           3          14  -4.7340715297134946E-013
           3          15   6.1579617621729449E-013
           3          16   1.0162990791013479E-013
           3          17   3.1572484440539769E-014
           3          18  -2.8855497346425762E-013
           3          19  -6.9222631168907508E-014
           3          20   6.5714846780600727E-015
           3          21   6.2587972880783139E-015
           3          22  -7.9027773323982163E-003
           3          23   1.9033338804949636E-012
           3          24  -7.9027773371782815E-003
           3          25  -6.3057727419370102E-013
           3          26   7.2685192498014633E-013
           3          27  -7.9027773333609948E-003
           3          28   2.5488678556053932E-003
           3          29  -3.5495703072194615E-015
           3          30   2.5488678556085829E-003
           3          31   6.6901143300393170E-015
           3          32  -7.9502491743305603E-016
           3          33   2.5488678556356776E-003
           3          34   3.3368748902047954E-002
           3          35   1.9770727566450240E-014
           3          36   3.3368748902005495E-002
           3          37  -1.4947850850817224E-014
           3          38   5.5652240883602810E-015
           3          39   3.3368748902038378E-002
           4           1  -1.0715903432346814E-003
           4           2  -8.9456502748073950E-003
           4           3   5.5845841172487268E-002
           4           4   1.8416320504780397     
           4           5  0.11875403197966750     
           4           6   5.0952837231016429E-002
           4           7   7.1593697990167324E-013
           4           8   5.9972846307105566E-013
           4           9  -6.5632072247309080E-014
           4          10   3.7305823412547758E-013
           4          11  -3.7296569101518192E-013
           4          12  -1.7211740483942800E-012
           4          13  -1.2131341782439615E-011
           4          14  -1.3784832596215127E-012
           4          15  -2.0094473903502295E-012
           4          16   1.0604134865521366E-012
           4          17  -1.6993453417458976E-012
           4          18   3.0959160883951966E-012
           4          19   1.9973234926497257E-013
           4          20  -2.5378590069161683E-013
           4          21   6.9564369971030510E-013
           4          22   3.7217226588405930E-003
           4          23   2.4479199845629574E-012
           4          24   3.7217226527962157E-003
           4          25  -7.8636252503828955E-013
           4          26   1.4040564725256166E-012
           4          27   3.7217226569188468E-003
           4          28  -2.7100420425689503E-003
           4          29  -4.5374031718120590E-013
           4          30  -2.7100420420811469E-003
           4          31  -7.2198282755094015E-014
           4          32  -3.8317115494026727E-013
           4          33  -2.7100420417620202E-003
           4          34  -3.9087748699246971E-002
           4          35   3.5474595784392001E-013
           4          36  -3.9087748699689548E-002
           4          37  -3.4748040077122876E-014
           4          38   2.8707337531110790E-013
           4          39  -3.9087748699911620E-002
           5           1  -6.2747805449946917E-004
           5           2  -1.0283227992175991E-002
           5           3 -0.18488921637661829     
           5           4  0.11875403197966750     
           5           5   2.4206768412545404E-002
           5           6   4.2477466513617477E-003
           5           7  -1.6655574694711773E-012
           5           8  -1.5038338208872312E-012
           5           9  -4.0949331998416181E-014
           5          10  -1.5096398748331805E-012
           5          11   1.5252858073650712E-012
           5          12   3.6112017561107709E-012
           5          13  -1.0544938199833027E-011
           5          14  -4.1433506749991043E-012
           5          15  -2.7878736133094225E-012
           5          16   3.1981033556843292E-013
           5          17  -9.0152008337973146E-015
           5          18   3.0372978421982239E-013
           5          19  -2.4685267316199997E-013
           5          20  -1.2707120425630754E-013
           5          21  -2.2767190567553098E-014
           5          22   9.3706752725456150E-004
           5          23  -4.9663864273079201E-012
           5          24   9.3706754191351458E-004
           5          25   1.3917710935766082E-012
           5          26  -1.5466667690871866E-012
           5          27   9.3706753416246554E-004
           5          28  -3.9689170978770882E-004
           5          29  -5.6635121981854817E-014
           5          30  -3.9689170967713197E-004
           5          31   1.9556479179956099E-015
           5          32  -3.4079661117303979E-014
           5          33  -3.9689170969908755E-004
           5          34  -5.5580600881280657E-003
           5          35  -1.8875044920997429E-014
           5          36  -5.5580600880332015E-003
           5          37   1.0448456468182126E-014
           5          38   5.7846554673865516E-015
           5          39  -5.5580600881144976E-003
           6           1  -2.3331906730263290E-004
           6           2  -1.9397466202714111E-003
           6           3  -9.3658982300452425E-003
           6           4   5.0952837231016429E-002
           6           5   4.2477466513617477E-003
           6           6   1.4663150243671393E-003
           6           7  -1.0347308280432462E-013
           6           8  -9.8191143963036835E-014
           6           9   6.1076011613342926E-015
           6          10   7.7963501349875006E-014
           6          11  -1.0663538377205816E-014
           6          12   1.0163064103715590E-013
           6          13   3.2654255229288487E-011
           6          14   1.2221407388239930E-011
           6          15   2.7717371468263479E-012
           6          16  -8.3260158674798136E-013
           6          17  -3.6767819720152886E-013
           6          18   1.3777845331357876E-014
           6          19   8.9222010745884446E-013
           6          20   3.2229550712276736E-013
           6          21   9.5436297083221821E-014
           6          22   1.4250398003410079E-004
           6          23   1.2250067436967496E-013
           6          24   1.4250398016538520E-004
           6          25  -6.7302507547346558E-013
           6          26   4.5568848402609890E-013
           6          27   1.4250398104592371E-004
           6          28  -8.6502397367969278E-005
           6          29  -1.2268199677030866E-014
           6          30  -8.6502397352941233E-005
           6          31  -5.5341957579920104E-015
           6          32  -8.4187474455899459E-015
           6          33  -8.6502397340012800E-005
           6          34  -1.2586358691013210E-003
           6          35   1.0300144093923827E-014
           6          36  -1.2586358691111525E-003
           6          37  -6.2913832517048423E-015
           6          38   1.1430957465373963E-014
           6          39  -1.2586358691110185E-003
           7           1   2.4208875411866777E-014
           7           2  -1.2170213746663382E-015
           7           3   5.5277488084398242E-013
           7           4   7.1593697990167324E-013
           7           5  -1.6655574694711773E-012
           7           6  -1.0347308280432462E-013
           7           7   1.9999980778251665     
           7           8  -2.6744754430264917E-015
           7           9  -6.4201368430315546E-016
           7          10  -2.7788350780222288E-005
           7          11  -2.4712546211911906E-014
           7          12  -2.6851401521350373E-014
           7          13   3.7429413351188309E-004
           7          14  -2.2303966535014777E-014
           7          15  -4.6570091668607719E-014
           7          16   1.2419529599666675E-004
           7          17   1.3487420730907756E-013
           7          18   3.7621205150948066E-014
           7          19  -1.5400674083218354E-004
           7          20  -8.1537719784512716E-015
           7          21   4.4135655609546493E-014
           7          22  -1.6119861131330844E-015
           7          23   2.8218194328984851E-015
           7          24  -5.9805295060689450E-014
           7          25  -1.7827363972851345E-014
           7          26  -5.2038193143304228E-014
           7          27   5.3658134518157660E-014
           7          28   2.0257198990487455E-013
           7          29   9.4732973566014886E-015
           7          30   1.3178261532873362E-013
           7          31   8.1343012392482065E-014
           7          32   2.6269896217719789E-014
           7          33   1.2063843081307249E-013
           7          34   3.2148525097952423E-013
           7          35  -3.7464952848462575E-014
           7          36   3.2523341674558842E-013
           7          37  -1.4773336952425687E-014
           7          38  -2.5108800970556462E-014
           7          39   2.9927731952773620E-013
           8           1   1.8885437578765060E-014
           8           2  -4.3880684788090461E-014
           8           3   3.9601241775705099E-013
           8           4   5.9972846307105566E-013
           8           5  -1.5038338208872312E-012
           8           6  -9.8191143963036835E-014
           8           7  -2.6744754430264917E-015
           8           8   1.9999980778251607     
           8           9  -6.8445370557456411E-016
           8          10   4.9398598053796864E-015
           8          11  -2.7788350805019686E-005
           8          12  -2.7651724988929567E-014
           8          13  -1.9043477867764294E-013
           8          14   3.7429413332949469E-004
           8          15  -6.2028356558638080E-014
           8          16   4.2003191984258227E-014
           8          17   1.2419529608899426E-004
           8          18   4.0560433353661689E-014
           8          19  -7.8452530387872199E-016
           8          20  -1.5400674085692853E-004
           8          21   3.3981970021200854E-014
           8          22   5.3314359902147206E-014
           8          23  -5.4354386766693938E-015
           8          24   1.7547814525802634E-014
           8          25  -9.4184763044453375E-015
           8          26  -4.4157253687068661E-014
           8          27   6.7711693950029947E-014
           8          28   2.0984657958179519E-013
           8          29   1.5793936347862630E-014
           8          30   1.3857552524583003E-013
           8          31   6.9481557657353086E-014
           8          32   2.1521427417056300E-014
           8          33   1.4340668307772202E-013
           8          34   2.9126949317584865E-013
           8          35  -3.6315823212740947E-014
           8          36   2.9936533282183920E-013
           8          37  -1.4187052703322144E-014
           8          38  -2.0231165980869925E-014
           8          39   2.7701731804373753E-013
           9           1  -2.3810619169791161E-015
           9           2  -8.2911494350137635E-014
           9           3  -8.8523152857102660E-014
           9           4  -6.5632072247309080E-014
           9           5  -4.0949331998416181E-014
           9           6   6.1076011613342926E-015
           9           7  -6.4201368430315546E-016
           9           8  -6.8445370557456411E-016
           9           9   1.9999980778251725     
           9          10  -1.4191334589469622E-015
           9          11  -6.7712640388551281E-015
           9          12  -2.7788350792101051E-005
           9          13   1.3091695662389904E-013
           9          14   1.5579724332468944E-013
           9          15   3.7429413348365561E-004
           9          16  -5.7955625848353878E-015
           9          17   3.0442649468543660E-015
           9          18   1.2419529595090258E-004
           9          19   6.2205506723292739E-015
           9          20   6.7564562419584529E-015
           9          21  -1.5400674084053382E-004
           9          22   5.9280197414359777E-014
           9          23   2.2330306252180315E-014
           9          24   4.3102808307684461E-015
           9          25  -2.6647624434570066E-014
           9          26   2.1888498727052319E-014
           9          27   8.8148703238085411E-014
           9          28   2.2253449974561473E-014
           9          29   6.4954017249395499E-015
           9          30   2.3207484710646752E-014
           9          31   5.1361680909485038E-015
           9          32  -4.1278161996210099E-015
           9          33   1.1414865294739628E-014
           9          34   3.6949868696235582E-015
           9          35  -2.6679387667583603E-015
           9          36   8.7874693206594539E-015
           9          37  -6.7871393584247436E-015
           9          38   6.2970386125294609E-015
           9          39   1.0287867472605003E-014
          10           1   1.7341560340241696E-014
          10           2   1.0735100076553765E-013
          10           3   3.9588203720762916E-013
          10           4   3.7305823412547758E-013
          10           5  -1.5096398748331805E-012
          10           6   7.7963501349875006E-014
          10           7  -2.7788350780222288E-005
          10           8   4.9398598053796864E-015
          10           9  -1.4191334589469622E-015
          10          10   1.9995860616842709     
          10          11  -5.8367882077738466E-015
          10          12  -4.3497664940899956E-015
          10          13   3.8711550574944092E-003
          10          14  -9.4077837967804223E-013
          10          15   4.5604907111980453E-013
          10          16   1.3502174285359141E-003
          10          17   6.9178520808381265E-014
          10          18   3.6250315730678839E-014
          10          19   5.9664982958139976E-004
          10          20  -5.8976086885734365E-014
          10          21  -3.1601854820321757E-014
          10          22  -8.9794421969751590E-014
          10          23   1.3791443134083170E-014
          10          24   2.2170312965283197E-013
          10          25  -2.3524023769065030E-014
          10          26  -1.0363320434316940E-013
          10          27  -6.5523984813862467E-014
          10          28   1.0864060514652262E-013
          10          29   6.5568696704412815E-014
          10          30   2.8626997266839817E-013
          10          31  -2.5324131864715013E-014
          10          32   3.9765192046306184E-014
          10          33   1.9214713824030265E-013
          10          34   2.9381928651709890E-013
          10          35  -4.6569838897414068E-014
          10          36   1.8087079142945477E-013
          10          37   1.0813645739240848E-014
          10          38  -2.2796074386475921E-014
          10          39   2.2911960698664878E-013
          11           1  -1.7693326310694643E-014
          11           2  -1.3149463598373886E-013
          11           3  -3.6796109384485607E-013
          11           4  -3.7296569101518192E-013
          11           5   1.5252858073650712E-012
          11           6  -1.0663538377205816E-014
          11           7  -2.4712546211911906E-014
          11           8  -2.7788350805019686E-005
          11           9  -6.7712640388551281E-015
          11          10  -5.8367882077738466E-015
          11          11   1.9995860616842966     
          11          12   1.4468529337536814E-014
          11          13  -2.0409374602674279E-012
          11          14   3.8711550572327531E-003
          11          15  -6.7987434258787172E-013
          11          16   6.6074499116466207E-014
          11          17   1.3502174284550604E-003
          11          18  -4.1040220131799074E-014
          11          19  -1.0174445751783955E-013
          11          20   5.9664982963131253E-004
          11          21  -2.1686237265043477E-014
          11          22   5.8703225437038722E-015
          11          23   8.7098963963056470E-014
          11          24   5.6274078449660164E-014
          11          25  -2.0914449420210093E-013
          11          26   3.1874891727018611E-013
          11          27  -7.6543894034637091E-014
          11          28  -2.1030807492778799E-013
          11          29   2.7664288366179012E-014
          11          30  -1.7638565759529876E-013
          11          31   4.2372426026551852E-014
          11          32   2.2886194654444732E-014
          11          33  -1.2883434390784741E-013
          11          34  -1.8796401372797631E-013
          11          35   1.9529700801857051E-014
          11          36  -1.9503620093390046E-013
          11          37  -3.9904063637996072E-014
          11          38   5.3399559745084513E-015
          11          39  -2.8167599218518741E-013
          12           1  -4.5643101761954493E-014
          12           2  -2.6977861802254862E-013
          12           3  -8.8720126856715090E-013
          12           4  -1.7211740483942800E-012
          12           5   3.6112017561107709E-012
          12           6   1.0163064103715590E-013
          12           7  -2.6851401521350373E-014
          12           8  -2.7651724988929567E-014
          12           9  -2.7788350792101051E-005
          12          10  -4.3497664940899956E-015
          12          11   1.4468529337536814E-014
          12          12   1.9995860616842882     
          12          13   1.3402735952322553E-012
          12          14   1.4465473361247733E-012
          12          15   3.8711550581526605E-003
          12          16  -2.7445970673847363E-014
          12          17  -9.2265977573013219E-014
          12          18   1.3502174284764552E-003
          12          19   3.3440994588805444E-014
          12          20   7.5317128666360211E-014
          12          21   5.9664982959134396E-004
          12          22  -6.1759371907040940E-014
          12          23  -2.2797872579444975E-013
          12          24   6.3374292849379872E-013
          12          25   2.9894912559257969E-013
          12          26  -1.7448910515446197E-013
          12          27  -7.2211351648172410E-013
          12          28  -4.6082282030131187E-013
          12          29  -1.8320691591856046E-014
          12          30  -5.1823342907423616E-013
          12          31  -3.4214495118835791E-014
          12          32   7.0002512958204294E-015
          12          33  -5.4398393044702019E-013
          12          34  -6.1505100898709861E-013
          12          35   5.1176412959524404E-014
          12          36  -5.4455900840726541E-013
          12          37   1.6757579575695208E-014
          12          38   4.4077490080069228E-014
          12          39  -6.2918252947058879E-013
          13           1  -1.1214172116692196E-013
          13           2  -9.9595172868451125E-013
          13           3  -1.9654672554349803E-012
          13           4  -1.2131341782439615E-011
          13           5  -1.0544938199833027E-011
          13           6   3.2654255229288487E-011
          13           7   3.7429413351188309E-004
          13           8  -1.9043477867764294E-013
          13           9   1.3091695662389904E-013
          13          10   3.8711550574944092E-003
          13          11  -2.0409374602674279E-012
          13          12   1.3402735952322553E-012
          13          13   2.0445917205629200     
          13          14  -1.1265710586627620E-011
          13          15   8.1105955285210030E-012
          13          16  -5.3414006562960616E-002
          13          17   1.6110897338439401E-011
          13          18  -5.9960311455525828E-012
          13          19   5.4941717324063083E-002
          13          20  -6.7892627284016349E-012
          13          21  -4.8818303999970114E-012
          13          22  -1.8991047857434830E-012
          13          23  -2.0102731601385230E-013
          13          24   3.7144285112140810E-012
          13          25  -1.2141206656434366E-012
          13          26  -3.0139205078247651E-012
          13          27   7.7923771434492287E-014
          13          28   4.4169348108309121E-012
          13          29  -6.8053033177240062E-013
          13          30  -1.0113862701863738E-011
          13          31  -1.3896085580027524E-012
          13          32   3.5548583630946006E-012
          13          33   1.2429217981157277E-012
          13          34   1.6428330854620297E-013
          13          35   1.3994130784884159E-012
          13          36  -1.0952806179165946E-012
          13          37   7.1741508446064720E-013
          13          38  -4.6589005782856585E-012
          13          39  -6.4048446425038634E-012
          14           1  -4.3082527322875471E-014
          14           2  -5.5545099812671601E-013
          14           3  -4.7340715297134946E-013
          14           4  -1.3784832596215127E-012
          14           5  -4.1433506749991043E-012
          14           6   1.2221407388239930E-011
          14           7  -2.2303966535014777E-014
          14           8   3.7429413332949469E-004
          14           9   1.5579724332468944E-013
          14          10  -9.4077837967804223E-013
          14          11   3.8711550572327531E-003
          14          12   1.4465473361247733E-012
          14          13  -1.1265710586627620E-011
          14          14   2.0445917205575732     
          14          15   2.4394722353271447E-012
          14          16   4.4429182555205671E-012
          14          17  -5.3414006557272103E-002
          14          18  -7.9825206774492008E-012
          14          19  -8.1503961565920768E-012
          14          20   5.4941717318970532E-002
          14          21  -1.8902305935764030E-012
          14          22   1.8410850621654801E-013
          14          23   1.2576391074284209E-012
          14          24   1.2209898950063197E-012
          14          25  -1.9480560872225825E-012
          14          26  -2.5776425758840955E-012
          14          27  -7.3939382640941189E-014
          14          28   1.5857166168275724E-012
          14          29  -4.5150528826686774E-012
          14          30  -4.3094794459409884E-012
          14          31  -2.6310367333231549E-013
          14          32   3.5260691985776271E-012
          14          33  -1.3553589547173745E-012
          14          34   2.4380085205375377E-014
          14          35   1.6514846340204874E-012
          14          36   3.0554217239048344E-013
          14          37   3.0767412373113943E-012
          14          38  -3.3660721817992579E-012
          14          39  -4.4489081675058620E-012
          15           1   3.6253567431018874E-014
          15           2   2.4617983583455289E-013
          15           3   6.1579617621729449E-013
          15           4  -2.0094473903502295E-012
          15           5  -2.7878736133094225E-012
          15           6   2.7717371468263479E-012
          15           7  -4.6570091668607719E-014
          15           8  -6.2028356558638080E-014
          15           9   3.7429413348365561E-004
          15          10   4.5604907111980453E-013
          15          11  -6.7987434258787172E-013
          15          12   3.8711550581526605E-003
          15          13   8.1105955285210030E-012
          15          14   2.4394722353271447E-012
          15          15   2.0445917205668427     
          15          16  -2.9543570281148623E-012
          15          17   3.6674393990437926E-012
          15          18  -5.3414006563246269E-002
          15          19   4.5012565723367981E-012
          15          20   4.8688765692805891E-012
          15          21   5.4941717320392561E-002
          15          22   2.6910902767640824E-012
          15          23  -2.4161651051617336E-012
          15          24  -1.2993057678246131E-012
          15          25  -5.3739592554103123E-013
          15          26  -1.3663177965522806E-012
          15          27  -1.7095607894994166E-012
          15          28  -4.6205271921454135E-012
          15          29   4.6544067893961325E-012
          15          30   7.1671284376368652E-012
          15          31   3.1140288913893281E-012
          15          32   1.8714076153213703E-012
          15          33   5.1835710290802591E-014
          15          34  -6.0201748568462425E-012
          15          35   1.1397064290288340E-011
          15          36   5.8551098713702604E-012
          15          37  -2.8485771028859058E-012
          15          38   1.2766614872927366E-011
          15          39  -2.5127745600211007E-012
          16           1   1.0195834181301254E-014
          16           2   1.7532773662786532E-014
          16           3   1.0162990791013479E-013
          16           4   1.0604134865521366E-012
          16           5   3.1981033556843292E-013
          16           6  -8.3260158674798136E-013
          16           7   1.2419529599666675E-004
          16           8   4.2003191984258227E-014
          16           9  -5.7955625848353878E-015
          16          10   1.3502174285359141E-003
          16          11   6.6074499116466207E-014
          16          12  -2.7445970673847363E-014
          16          13  -5.3414006562960616E-002
          16          14   4.4429182555205671E-012
          16          15  -2.9543570281148623E-012
          16          16   1.3964784587471623E-003
          16          17  -5.2921333764874290E-013
          16          18   2.2833348574521559E-013
          16          19  -1.4349802079270187E-003
          16          20   2.8882396420262108E-013
          16          21   5.3816394157864267E-014
          16          22   9.5190166321699935E-013
          16          23  -4.3164760469963090E-013
          16          24  -2.8121659341324807E-013
          16          25   4.3266636095046164E-013
          16          26   5.6933191531394480E-014
          16          27  -7.1591572134771042E-013
          16          28  -1.1154248584982395E-013
          16          29   1.5500539126679160E-014
          16          30   2.6238536132139996E-013
          16          31   3.8417961062582377E-014
          16          32  -9.2950673183910282E-014
          16          33  -3.7196566575803391E-014
          16          34  -1.1954079446777315E-014
          16          35  -4.0194477331647839E-014
          16          36   1.1890518200859355E-014
          16          37  -1.5429727213467606E-014
          16          38   1.2151831481289734E-013
          16          39   1.4626155363837517E-013
          17           1  -3.0425384023329396E-015
          17           2   4.1477943663625117E-014
          17           3   3.1572484440539769E-014
          17           4  -1.6993453417458976E-012
          17           5  -9.0152008337973146E-015
          17           6  -3.6767819720152886E-013
          17           7   1.3487420730907756E-013
          17           8   1.2419529608899426E-004
          17           9   3.0442649468543660E-015
          17          10   6.9178520808381265E-014
          17          11   1.3502174284550604E-003
          17          12  -9.2265977573013219E-014
          17          13   1.6110897338439401E-011
          17          14  -5.3414006557272103E-002
          17          15   3.6674393990437926E-012
          17          16  -5.2921333764874290E-013
          17          17   1.3964784584534701E-003
          17          18   1.1099506188293196E-013
          17          19   6.3791174762222597E-013
          17          20  -1.4349802076448637E-003
          17          21   1.4963214451128512E-013
          17          22  -5.4408001563392637E-013
          17          23  -7.4191090957052798E-013
          17          24   3.6619999614552166E-013
          17          25   4.8583031238088199E-013
          17          26  -4.6385620220921063E-013
          17          27   1.3182230022971191E-013
          17          28  -4.1798121360832513E-014
          17          29   1.1418889530685830E-013
          17          30   1.1723188547739709E-013
          17          31   9.2339677260043809E-015
          17          32  -9.4936019910150479E-014
          17          33   3.8660435830703905E-014
          17          34   3.2830884327288774E-014
          17          35  -4.8991476905960088E-014
          17          36   3.3227391129112092E-014
          17          37  -7.6812304736485342E-014
          17          38   8.3550469017543817E-014
          17          39   1.5514668351029084E-013
          18           1  -1.6576921530576507E-014
          18           2  -3.4355630125190796E-014
          18           3  -2.8855497346425762E-013
          18           4   3.0959160883951966E-012
          18           5   3.0372978421982239E-013
          18           6   1.3777845331357876E-014
          18           7   3.7621205150948066E-014
          18           8   4.0560433353661689E-014
          18           9   1.2419529595090258E-004
          18          10   3.6250315730678839E-014
          18          11  -4.1040220131799074E-014
          18          12   1.3502174284764552E-003
          18          13  -5.9960311455525828E-012
          18          14  -7.9825206774492008E-012
          18          15  -5.3414006563246269E-002
          18          16   2.2833348574521559E-013
          18          17   1.1099506188293196E-013
          18          18   1.3964784587593405E-003
          18          19  -2.7301759079412583E-013
          18          20  -3.3998385974998852E-013
          18          21  -1.4349802078360726E-003
          18          22  -2.5100238904140584E-013
          18          23  -3.1699405579999766E-013
          18          24  -2.1977662381027494E-015
          18          25   3.9625584822257364E-013
          18          26  -5.5825069281900172E-013
          18          27   2.8392411757079489E-013
          18          28   1.1445640679562704E-013
          18          29  -1.2362943570051112E-013
          18          30  -1.9275792889632923E-013
          18          31  -7.9344344952359857E-014
          18          32  -5.2042663322151727E-014
          18          33  -5.4243877380291566E-015
          18          34   8.4788371899111734E-014
          18          35  -3.0083807420107389E-013
          18          36  -2.2419919535794054E-013
          18          37   7.7569355975638139E-014
          18          38  -3.3838373765560523E-013
          18          39  -3.3720461705848977E-015
          19           1  -3.0806046959332879E-015
          19           2  -3.1460318076264313E-014
          19           3  -6.9222631168907508E-014
          19           4   1.9973234926497257E-013
          19           5  -2.4685267316199997E-013
          19           6   8.9222010745884446E-013
          19           7  -1.5400674083218354E-004
          19           8  -7.8452530387872199E-016
          19           9   6.2205506723292739E-015
          19          10   5.9664982958139976E-004
          19          11  -1.0174445751783955E-013
          19          12   3.3440994588805444E-014
          19          13   5.4941717324063083E-002
          19          14  -8.1503961565920768E-012
          19          15   4.5012565723367981E-012
          19          16  -1.4349802079270187E-003
          19          17   6.3791174762222597E-013
          19          18  -2.7301759079412583E-013
          19          19   1.4765138348215331E-003
          19          20  -3.9334208362228756E-013
          19          21  -1.6098071226738897E-014
          19          22  -1.8622856353721028E-013
          19          23   3.7594553414086338E-013
          19          24  -6.5898788072100204E-013
          19          25  -5.4884077433262413E-013
          19          26   4.2008133709444828E-013
          19          27   8.9965366785844653E-013
          19          28   1.1716692951067716E-013
          19          29  -1.6237405497736981E-014
          19          30  -2.7658441861542255E-013
          19          31  -4.0110618137398373E-014
          19          32   9.8206413189486233E-014
          19          33   3.7402672698291528E-014
          19          34  -8.3425804001435742E-015
          19          35   4.0747083419518443E-014
          19          36  -4.7369752463313009E-014
          19          37   1.5019791025478555E-014
          19          38  -1.2105928147153519E-013
          19          39  -1.7636275471042225E-013
          20           1  -8.2161120536616885E-016
          20           2  -1.7256684386667602E-014
          20           3   6.5714846780600727E-015
          20           4  -2.5378590069161683E-013
          20           5  -1.2707120425630754E-013
          20           6   3.2229550712276736E-013
          20           7  -8.1537719784512716E-015
          20           8  -1.5400674085692853E-004
          20           9   6.7564562419584529E-015
          20          10  -5.8976086885734365E-014
          20          11   5.9664982963131253E-004
          20          12   7.5317128666360211E-014
          20          13  -6.7892627284016349E-012
          20          14   5.4941717318970532E-002
          20          15   4.8688765692805891E-012
          20          16   2.8882396420262108E-013
          20          17  -1.4349802076448637E-003
          20          18  -3.3998385974998852E-013
          20          19  -3.9334208362228756E-013
          20          20   1.4765138345517285E-003
          20          21   7.8282710446343079E-014
          20          22  -1.6134719064878953E-013
          20          23   1.4878112014320630E-013
          20          24  -2.7657786039791394E-013
          20          25  -1.7627131647302961E-013
          20          26   4.5394469828312861E-014
          20          27   4.7206925630553106E-013
          20          28   4.2012804627950303E-014
          20          29  -1.2071202870635106E-013
          20          30  -1.1714931403017268E-013
          20          31  -7.7232832203043833E-015
          20          32   9.5365067769486393E-014
          20          33  -3.3579139253446145E-014
          20          34   4.2266369057336124E-015
          20          35   4.5332490229418296E-014
          20          36   1.0602767201726905E-014
          20          37   8.1648974237099131E-014
          20          38  -8.9505341278848182E-014
          20          39  -1.1071616347201288E-013
          21           1   3.3730359899968075E-015
          21           2  -1.3201714974849537E-015
          21           3   6.2587972880783139E-015
          21           4   6.9564369971030510E-013
