           1           1   6.2079439664669458     
           1           2   48.821531688401983     
           1           3   98.255014519325471     
           1           4   59.559502527443101     
           1           5  -41.870545978115814     
           1           6  -2.8210700821163108     
           1           7   1.6980209294505117E-011
           1           8  -4.2615451385367786E-012
           1           9   6.8800363551254112E-012
           1          10   3.1362910145065871E-011
           1          11   1.6932868734920271E-012
           1          12   1.5112389744939679E-011
           1          13   1.0455698792278786E-010
           1          14  -3.7681997148308548E-011
           1          15   5.2269136883329073E-011
           1          16  -1.1131551651752262E-010
           1          17   3.9085432980728783E-011
           1          18  -5.5697814805025107E-011
           1          19   2.0721504288593121E-011
           1          20  -7.9235029058206207E-012
           1          21   1.0410672684521683E-011
           1          22  -41.592134895213462     
           1          23   1.5990718456313252E-014
           1          24  -41.592134895213334     
           1          25  -5.3484781090814583E-014
           1          26   1.5609275243753021E-013
           1          27  -41.592134895213213     
           1          28  -7.6184263328192952     
           1          29   2.7172637577885787E-014
           1          30  -7.6184263328191566     
           1          31   3.9821061766775027E-015
           1          32   9.6302470633327121E-014
           1          33  -7.6184263328194790     
           1          34   4.5871513817627205     
           1          35   6.6778508444758325E-014
           1          36   4.5871513817631451     
           1          37   9.2828568072946671E-016
           1          38  -6.0610925187151492E-014
           1          39   4.5871513817630714     
           2           1   48.821531688401983     
           2           2   596.33908495681783     
           2           3   1138.3044469956023     
           2           4   554.38527240216467     
           2           5  -118.00606997881285     
           2           6  -15.413718190957034     
           2           7   3.4215966204092736E-012
           2           8   1.2960253396752619E-011
           2           9  -2.1679749163724415E-011
           2          10   5.3004060624603514E-011
           2          11  -2.1396872012182915E-011
           2          12   4.5846935142796470E-011
           2          13   1.9659269231843553E-010
           2          14  -6.9921589177549752E-011
           2          15   1.1951817832627337E-010
           2          16  -2.0944063682973537E-010
           2          17   7.5320664136905681E-011
           2          18  -1.2894568305609034E-010
           2          19   3.9633727111522509E-011
           2          20  -1.4514659893117205E-011
           2          21   2.4825605842241710E-011
           2          22  -538.38881811141619     
           2          23   6.2377655131726031E-013
           2          24  -538.38881811141641     
           2          25   1.2908678122385070E-012
           2          26  -1.7298352992283192E-012
           2          27  -538.38881811141471     
           2          28  -129.19784912187089     
           2          29   1.5221667461954850E-013
           2          30  -129.19784912187004     
           2          31  -5.1506749709552837E-013
           2          32   1.5788716648007440E-012
           2          33  -129.19784912187242     
           2          34  -11.779874204936593     
           2          35   3.0282727338051630E-013
           2          36  -11.779874204936258     
           2          37  -5.6566265737560248E-014
           2          38  -1.3344162499795781E-012
           2          39  -11.779874204934664     
           3           1   98.255014519325471     
           3           2   1138.3044469956023     
           3           3   2283.9119986311434     
           3           4   1365.4262610497503     
           3           5  -942.23644313483021     
           3           6  -63.396225751385487     
           3           7   2.4567549750156093E-011
           3           8  -5.1875777668645998E-012
           3           9   2.5730777678081518E-012
           3          10   2.2800355967245545E-011
           3          11  -2.1116308354869118E-011
           3          12   3.8386513742219591E-012
           3          13   9.7061815666374317E-011
           3          14  -6.7309250177456910E-011
           3          15   3.2573471152906848E-011
           3          16  -1.0385094995753807E-010
           3          17   7.3094742860557351E-011
           3          18  -3.5847461213267582E-011
           3          19   1.9658727417775070E-011
           3          20  -1.3581291621719153E-011
           3          21   7.7672811316504233E-012
           3          22  -969.76727115883250     
           3          23   8.0077984118660551E-013
           3          24  -969.76727115883250     
           3          25   1.7541165173829509E-013
           3          26  -1.5095186908113085E-012
           3          27  -969.76727115883205     
           3          28  -178.07718302070677     
           3          29  -1.9526309370812644E-014
           3          30  -178.07718302070697     
           3          31   1.3405266629629715E-013
           3          32   2.0830544314064991E-012
           3          33  -178.07718302070896     
           3          34   101.12600852602790     
           3          35   9.3075347702817200E-014
           3          36   101.12600852602993     
           3          37  -2.8463261883084167E-013
           3          38  -1.8084022642161301E-012
           3          39   101.12600852603062     
           4           1   59.559502527443101     
           4           2   554.38527240216467     
           4           3   1365.4262610497503     
           4           4   1428.4170918884327     
           4           5  -2237.0566381696440     
           4           6  -115.98521929846154     
           4           7  -3.5384641269866035E-011
           4           8  -7.8936709853488986E-012
           4           9  -3.0112701204383807E-011
           4          10  -4.5304869015022241E-011
           4          11  -1.1348602282482264E-011
           4          12  -4.3967858547622215E-011
           4          13  -1.6072624819127611E-010
           4          14  -4.6577545212584675E-011
           4          15  -1.4861218261318568E-010
           4          16   1.6990766911455953E-010
           4          17   4.9816870614807281E-011
           4          18   1.5675537126587403E-010
           4          19  -3.2009349095997147E-011
           4          20  -9.3627515739792607E-012
           4          21  -2.9180984197093652E-011
           4          22  -320.48982873857528     
           4          23   4.1493654054778157E-013
           4          24  -320.48982873857614     
           4          25   5.5410311866353601E-013
           4          26  -3.1511489234974274E-012
           4          27  -320.48982873857517     
           4          28   82.190916377995080     
           4          29  -3.6191612507925848E-014
           4          30   82.190916377994483     
           4          31  -8.4636181707689522E-014
           4          32   1.4865265377422865E-012
           4          33   82.190916377993801     
           4          34   356.40632940117149     
           4          35   4.7867373823401062E-014
           4          36   356.40632940117365     
           4          37  -1.5665527667467979E-013
           4          38  -1.0458443408904421E-012
           4          39   356.40632940117354     
           5           1  -41.870545978115814     
           5           2  -118.00606997881285     
           5           3  -942.23644313483021     
           5           4  -2237.0566381696440     
           5           5   4980.6035570800896     
           5           6   239.87509086301824     
           5           7   1.8011128352349093E-010
           5           8   4.4706813718981254E-011
           5           9   3.5647980808464893E-011
           5          10   3.7281410290686543E-010
           5          11  -6.9369407229427734E-011
           5          12   2.4829960430904250E-010
           5          13   1.1146986283310367E-009
           5          14  -1.9896043083847949E-010
           5          15   8.4943724698100931E-010
           5          16  -1.1813800161614415E-009
           5          17   2.1295674494548190E-010
           5          18  -9.0481970161190131E-010
           5          19   2.2550199159429147E-010
           5          20  -4.1486877350593152E-011
           5          21   1.6979362721958889E-010
           5          22  -312.58693644749263     
           5          23  -1.4284923639164473E-012
           5          24  -312.58693644748757     
           5          25  -2.3936280765437006E-012
           5          26   1.8478171962629920E-011
           5          27  -312.58693644749371     
           5          28  -445.94759029313980     
           5          29   8.5933804863553048E-013
           5          30  -445.94759029313735     
           5          31  -4.3124884354625441E-015
           5          32  -3.8362015074811453E-012
           5          33  -445.94759029313894     
           5          34  -853.67194332324027     
           5          35   3.7504453012326250E-013
           5          36  -853.67194332324425     
           5          37  -1.7129691735158218E-013
           5          38   1.4157868453402363E-012
           5          39  -853.67194332324152     
           6           1  -2.8210700821163108     
           6           2  -15.413718190957034     
           6           3  -63.396225751385487     
           6           4  -115.98521929846154     
           6           5   239.87509086301824     
           6           6   11.723484609801838     
           6           7   3.4805330081259955E-011
           6           8  -1.4690105183526074E-011
           6           9   1.8212718627025102E-011
           6          10   7.7861512195220929E-011
           6          11  -1.4664099638122792E-011
           6          12   2.5136507782291168E-011
           6          13   1.8372074938458455E-010
           6          14  -5.2235671473359295E-011
           6          15   7.7301222761552466E-011
           6          16  -1.9470522682356717E-010
           6          17   5.5158583375405429E-011
           6          18  -8.1748537092447868E-011
           6          19   3.7738169058845764E-011
           6          20  -1.0483095927808721E-011
           6          21   1.5589993384112892E-011
           6          22  -6.2072837973146067     
           6          23  -8.3586350592758257E-013
           6          24  -6.2072837973093780     
           6          25  -2.9796032758814024E-012
           6          26   1.4362298073669257E-011
           6          27  -6.2072837973149992     
           6          28  -19.171323667793541     
           6          29   2.1150858058487993E-013
           6          30  -19.171323667794709     
           6          31   7.2321994588802297E-013
           6          32  -3.5205420841685772E-012
           6          33  -19.171323667793391     
           6          34  -40.597078328950893     
           6          35  -8.8775101562798847E-014
           6          36  -40.597078328950502     
           6          37  -3.3099742503311507E-013
           6          38   1.6513042611197515E-012
           6          39  -40.597078328951049     
           7           1   1.6980209294505117E-011
           7           2   3.4215966204092736E-012
           7           3   2.4567549750156093E-011
           7           4  -3.5384641269866035E-011
           7           5   1.8011128352349093E-010
           7           6   3.4805330081259955E-011
           7           7   1.9966616042802119     
           7           8  -7.0869193760011433E-012
           7           9   4.3257806624929558E-011
           7          10   6.3591147412755122E-003
           7          11  -1.3920176036158265E-010
           7          12   2.3823314848623899E-010
           7          13  0.14102253095799369     
           7          14   2.0227072621008140E-011
           7          15  -2.6008428050106714E-011
           7          16  -6.7824416626021886E-002
           7          17  -1.3221878453216805E-011
           7          18  -4.0092131004006670E-012
           7          19   2.6570503463567003E-002
           7          20   2.7039072044750799E-011
           7          21  -2.0524011309928484E-011
           7          22  -4.4175178174440602E-011
           7          23   6.1739886469747540E-013
           7          24  -3.5454933223679617E-011
           7          25   5.3032151279095942E-012
           7          26   1.3998411628021944E-011
           7          27  -8.8287751602505957E-012
           7          28  -1.9655910145291619E-011
           7          29  -2.5866080170122913E-012
           7          30  -2.3218873888437173E-011
           7          31  -2.8691826747716881E-012
           7          32   5.3804490178003266E-012
           7          33  -3.4583187410182170E-011
           7          34  -5.6731273604550449E-011
           7          35  -5.6168900925392448E-012
           7          36  -5.2387106177805293E-011
           7          37   1.3253213346347193E-012
           7          38  -1.2148312117784656E-011
           7          39  -2.9808037911232059E-011
           8           1  -4.2615451385367786E-012
           8           2   1.2960253396752619E-011
           8           3  -5.1875777668645998E-012
           8           4  -7.8936709853488986E-012
           8           5   4.4706813718981254E-011
           8           6  -1.4690105183526074E-011
           8           7  -7.0869193760011433E-012
           8           8   1.9966616042480627     
           8           9  -6.2340945936272285E-012
           8          10   2.9837366952124320E-011
           8          11   6.3591145616043341E-003
           8          12   2.5090199015666700E-011
           8          13   8.0075512193698526E-012
           8          14  0.14102253096100401     
           8          15   2.3025756648316012E-012
           8          16  -6.9563174665575690E-012
           8          17  -6.7824416607937713E-002
           8          18  -2.5308136662598912E-012
           8          19  -9.0474584204724312E-012
           8          20   2.6570503458597093E-002
           8          21  -2.3877372518252513E-012
           8          22  -1.3498085321504292E-011
           8          23  -4.2198697892685733E-012
           8          24  -1.0789620392511294E-011
           8          25   5.4834447015737650E-012
           8          26  -1.1726417865849242E-011
           8          27  -5.7198574840931625E-012
           8          28  -4.2321957141886699E-012
           8          29  -5.6575278985591903E-012
           8          30  -1.5165660354205058E-011
           8          31   1.9339564684248128E-012
           8          32   1.3131163305553920E-011
           8          33  -1.7107609320906980E-012
           8          34  -2.7157724214605576E-012
           8          35   6.9413913356094784E-012
           8          36   2.6784029147946459E-012
           8          37  -4.7392870626914079E-012
           8          38  -3.9086810450499263E-012
           8          39  -1.3439018062345637E-012
           9           1   6.8800363551254112E-012
           9           2  -2.1679749163724415E-011
           9           3   2.5730777678081518E-012
           9           4  -3.0112701204383807E-011
           9           5   3.5647980808464893E-011
           9           6   1.8212718627025102E-011
           9           7   4.3257806624929558E-011
           9           8  -6.2340945936272285E-012
           9           9   1.9966616042909060     
           9          10   7.4543277800422774E-011
           9          11  -5.3935275950297060E-011
           9          12   6.3591146795498078E-003
           9          13   9.2938406970335968E-011
           9          14  -1.1966495502855107E-012
           9          15  0.14102253101577886     
           9          16  -1.0465495484113595E-010
           9          17   8.2841710921691394E-012
           9          18  -6.7824416682489536E-002
           9          19   2.6888989299033648E-011
           9          20   6.2011858321925323E-012
           9          21   2.6570503465967350E-002
           9          22  -1.1478986341863494E-013
           9          23   4.5457121923866810E-012
           9          24   2.6119546260374320E-013
           9          25  -7.8221981689689988E-012
           9          26   9.5178095862287518E-012
           9          27   3.8995352622607245E-012
           9          28   5.1875755498418468E-012
           9          29   5.5945782480382022E-012
           9          30   1.3825772258314877E-011
           9          31  -4.9149378257058416E-012
           9          32  -1.4975505955577386E-011
           9          33  -1.2198746215506296E-012
           9          34  -1.4202589489319663E-011
           9          35  -8.7234004395093853E-012
           9          36  -2.2627258791492200E-011
           9          37   6.0627207119598699E-012
           9          38   5.4562037231897381E-013
           9          39  -1.0848137155669049E-011
          10           1   3.1362910145065871E-011
          10           2   5.3004060624603514E-011
          10           3   2.2800355967245545E-011
          10           4  -4.5304869015022241E-011
          10           5   3.7281410290686543E-010
          10           6   7.7861512195220929E-011
          10           7   6.3591147412755122E-003
          10           8   2.9837366952124320E-011
          10           9   7.4543277800422774E-011
          10          10   2.2220055962731458     
          10          11   1.0881809342520251E-011
          10          12  -1.3478107519004382E-011
          10          13   1.6688389667536101     
          10          14  -2.0399792965947968E-011
          10          15   1.6656787060817153E-011
          10          16  -1.7801892770473429     
          10          17   1.7685575225966442E-012
          10          18  -1.3929968290303008E-012
          10          19  0.39483838021108431     
          10          20   1.6874619757108003E-011
          10          21  -2.3767460222185795E-011
          10          22  -6.5980731770387855E-011
          10          23  -2.5616337957842385E-011
          10          24  -1.2621549787728174E-010
          10          25  -5.1912562460229790E-011
          10          26  -8.2178993239315243E-011
          10          27   2.0035721531149511E-012
          10          28  -7.2074514154646208E-011
          10          29   1.1801021038354459E-011
          10          30  -4.8477783538990574E-011
          10          31   1.6152588797566802E-011
          10          32   2.4561483384241166E-011
          10          33  -1.1069334158840674E-010
          10          34  -1.1177279125148085E-010
          10          35  -1.6514566581143542E-011
          10          36  -9.7941789853264052E-011
          10          37   1.0473789058789975E-011
          10          38  -3.8942310633784182E-011
          10          39  -5.7935302476082391E-011
          11           1   1.6932868734920271E-012
          11           2  -2.1396872012182915E-011
          11           3  -2.1116308354869118E-011
          11           4  -1.1348602282482264E-011
          11           5  -6.9369407229427734E-011
          11           6  -1.4664099638122792E-011
          11           7  -1.3920176036158265E-010
          11           8   6.3591145616043341E-003
          11           9  -5.3935275950297060E-011
          11          10   1.0881809342520251E-011
          11          11   2.2220055962673655     
          11          12   6.3828664575886416E-012
          11          13   1.6776080524729248E-011
          11          14   1.6688389667003392     
          11          15   2.5108193302271298E-011
          11          16  -1.0795836447004843E-011
          11          17  -1.7801892769933838     
          11          18  -1.8783211097612470E-011
          11          19  -1.7161133625268597E-012
          11          20  0.39483838017761413     
          11          21   2.5871128156363440E-012
          11          22   1.4348761707938134E-011
          11          23   1.2080247986764157E-011
          11          24   3.3201588281922183E-011
          11          25  -7.4773583342944799E-012
          11          26  -5.1630961107851885E-011
          11          27   1.2569712733739882E-011
          11          28   2.2167815053181812E-011
          11          29   3.7723588086332517E-012
          11          30   1.4955696600724087E-011
          11          31   4.7435516499816531E-012
          11          32   8.9230668796557672E-012
          11          33   2.4587954605670017E-011
          11          34   2.1263919573703492E-011
          11          35  -4.6814109390265853E-012
          11          36   1.9591864319933625E-011
          11          37   4.5482308979340666E-013
          11          38  -2.9347547486928702E-012
          11          39   1.0866055103577134E-011
          12           1   1.5112389744939679E-011
          12           2   4.5846935142796470E-011
          12           3   3.8386513742219591E-012
          12           4  -4.3967858547622215E-011
          12           5   2.4829960430904250E-010
          12           6   2.5136507782291168E-011
          12           7   2.3823314848623899E-010
          12           8   2.5090199015666700E-011
          12           9   6.3591146795498078E-003
          12          10  -1.3478107519004382E-011
          12          11   6.3828664575886416E-012
          12          12   2.2220055962465342     
          12          13  -2.1499579894101695E-011
          12          14   5.5120769060071592E-012
          12          15   1.6688389666761170     
          12          16   2.1020740703562799E-011
          12          17   4.4395320753275508E-012
          12          18  -1.7801892769619203     
          12          19   9.3808294465934439E-013
          12          20   3.0812470630355097E-012
          12          21  0.39483838016810363     
          12          22  -2.2555045816083694E-011
          12          23  -3.1905781717334087E-011
          12          24  -8.8634765803388662E-011
          12          25  -5.6537030576197065E-012
          12          26   4.2625381528336389E-011
          12          27  -2.5271792075630245E-011
          12          28  -4.0237821711168942E-011
          12          29   5.1077868119835030E-012
          12          30  -1.9420460881690387E-011
          12          31  -5.7025587693082251E-012
          12          32  -1.9908007289341360E-011
          12          33  -6.0922910110169918E-011
          12          34  -5.7851401502875852E-011
          12          35  -8.2694442710400804E-013
          12          36  -6.2113110541297200E-011
          12          37   7.7946197367430098E-012
          12          38  -2.0083208787881008E-012
          12          39  -2.7634554958314086E-011
          13           1   1.0455698792278786E-010
          13           2   1.9659269231843553E-010
          13           3   9.7061815666374317E-011
          13           4  -1.6072624819127611E-010
          13           5   1.1146986283310367E-009
          13           6   1.8372074938458455E-010
          13           7  0.14102253095799369     
          13           8   8.0075512193698526E-012
          13           9   9.2938406970335968E-011
          13          10   1.6688389667536101     
          13          11   1.6776080524729248E-011
          13          12  -2.1499579894101695E-011
          13          13   12.157365849852631     
          13          14  -2.0138363199279903E-011
          13          15  -1.6784740264348560E-010
          13          16  -12.976969270657488     
          13          17  -1.7185836087502472E-011
          13          18   1.8911383570244765E-010
          13          19   2.3794364942474124     
          13          20   7.4707288966158941E-011
          13          21  -1.1295148150120992E-010
          13          22  -2.0226608634652226E-010
          13          23  -2.3169331116605677E-011
          13          24  -2.1431843883519618E-010
          13          25   9.4271850791273720E-011
          13          26   1.9132881244721777E-010
          13          27  -1.9747066329497937E-010
          13          28  -2.2544091421731410E-010
          13          29   2.0492921691690052E-011
          13          30  -1.3068205947547920E-010
          13          31  -1.1429967351925902E-010
          13          32   2.4452375751608666E-011
          13          33  -2.3501729118403114E-010
          13          34  -3.0894970684648947E-010
          13          35  -4.9952020688602834E-011
          13          36  -3.0439114030765999E-010
          13          37   1.0235995365912606E-010
          13          38  -9.5845605955464448E-011
          13          39  -1.8754678388627734E-010
          14           1  -3.7681997148308548E-011
          14           2  -6.9921589177549752E-011
          14           3  -6.7309250177456910E-011
          14           4  -4.6577545212584675E-011
          14           5  -1.9896043083847949E-010
          14           6  -5.2235671473359295E-011
          14           7   2.0227072621008140E-011
          14           8  0.14102253096100401     
          14           9  -1.1966495502855107E-012
          14          10  -2.0399792965947968E-011
          14          11   1.6688389667003392     
          14          12   5.5120769060071592E-012
          14          13  -2.0138363199279903E-011
          14          14   12.157365850019337     
          14          15   4.1264491823681840E-012
          14          16   3.3691494039126217E-011
          14          17  -12.976969270768638     
          14          18  -3.0026814368342702E-012
          14          19  -2.1780334480415236E-011
          14          20   2.3794364942081700     
          14          21   2.3197908871608563E-011
          14          22   6.8609996128366741E-011
          14          23  -3.9066023505548363E-012
          14          24   5.1397928981620569E-011
          14          25  -2.1368940609544636E-011
          14          26   2.6368508681450126E-011
          14          27   3.8087873768612110E-011
          14          28   7.0285892864567319E-011
          14          29   2.9808393273895039E-012
          14          30   6.5170863349142603E-011
          14          31   5.0725294087807117E-012
          14          32  -4.9341194266670149E-011
          14          33   7.4692225973726813E-011
          14          34   7.0495730390717437E-011
          14          35   8.3153230761827204E-012
          14          36   5.0801691098718244E-011
          14          37  -9.8014018801487519E-012
          14          38   3.7986697759137836E-011
          14          39   3.5425547128709642E-011
          15           1   5.2269136883329073E-011
          15           2   1.1951817832627337E-010
          15           3   3.2573471152906848E-011
          15           4  -1.4861218261318568E-010
          15           5   8.4943724698100931E-010
          15           6   7.7301222761552466E-011
          15           7  -2.6008428050106714E-011
          15           8   2.3025756648316012E-012
          15           9  0.14102253101577886     
          15          10   1.6656787060817153E-011
          15          11   2.5108193302271298E-011
          15          12   1.6688389666761170     
          15          13  -1.6784740264348560E-010
          15          14   4.1264491823681840E-012
          15          15   12.157365849856461     
          15          16   1.7922141548618383E-010
          15          17  -3.5075803372954526E-011
          15          18  -12.976969270607542     
          15          19  -3.4422312222838663E-011
          15          20   4.7230774846714472E-011
          15          21   2.3794364941521708     
          15          22  -1.6495042297754794E-010
          15          23  -1.0856015845140717E-011
          15          24  -1.4010477932987010E-010
          15          25   9.4605474118280008E-012
          15          26   2.0635136065681710E-011
          15          27  -1.1564504002267835E-010
          15          28  -1.4873351003627382E-010
          15          29   2.6879928412994713E-011
          15          30  -1.1960225243195189E-010
          15          31  -5.8182507956716017E-011
          15          32   4.4404220138752280E-011
          15          33  -1.6255711324238722E-010
          15          34  -2.0072489805320167E-010
          15          35  -3.3354079797000045E-011
          15          36  -1.9105236193948203E-010
          15          37   6.3287075775380579E-011
          15          38  -7.9768995851134879E-011
          15          39  -1.2999961323454421E-010
          16           1  -1.1131551651752262E-010
          16           2  -2.0944063682973537E-010
          16           3  -1.0385094995753807E-010
          16           4   1.6990766911455953E-010
          16           5  -1.1813800161614415E-009
          16           6  -1.9470522682356717E-010
          16           7  -6.7824416626021886E-002
          16           8  -6.9563174665575690E-012
          16           9  -1.0465495484113595E-010
          16          10  -1.7801892770473429     
          16          11  -1.0795836447004843E-011
          16          12   2.1020740703562799E-011
          16          13  -12.976969270657488     
          16          14   3.3691494039126217E-011
          16          15   1.7922141548618383E-010
          16          16   13.855257294895289     
          16          17   5.7609750302782826E-012
          16          18  -2.0354573582186144E-010
          16          19  -2.5398337537078106     
          16          20  -7.6042009494695371E-011
          16          21   1.1955582357442182E-010
          16          22   2.1393730135416994E-010
          16          23   2.4577615130815457E-011
          16          24   2.2843404491236224E-010
          16          25  -1.0154671531129063E-010
          16          26  -2.0095335488292227E-010
          16          27   2.1021193391139565E-010
          16          28   2.3972949790516448E-010
          16          29  -2.1941932553243246E-011
          16          30   1.3807593987415102E-010
          16          31   1.2222301575528883E-010
          16          32  -2.6576862884710266E-011
          16          33   2.4933660204038030E-010
          16          34   3.2726258053772704E-010
          16          35   5.3082818361450932E-011
          16          36   3.2273696857314814E-010
          16          37  -1.0937743067110559E-010
          16          38   1.0215852866166084E-010
          16          39   1.9875002491807866E-010
          17           1   3.9085432980728783E-011
          17           2   7.5320664136905681E-011
          17           3   7.3094742860557351E-011
          17           4   4.9816870614807281E-011
          17           5   2.1295674494548190E-010
          17           6   5.5158583375405429E-011
          17           7  -1.3221878453216805E-011
          17           8  -6.7824416607937713E-002
          17           9   8.2841710921691394E-012
          17          10   1.7685575225966442E-012
          17          11  -1.7801892769933838     
          17          12   4.4395320753275508E-012
          17          13  -1.7185836087502472E-011
          17          14  -12.976969270768638     
          17          15  -3.5075803372954526E-011
          17          16   5.7609750302782826E-012
          17          17   13.855257294944375     
          17          18   3.6275565884498292E-011
          17          19   1.4697219136163120E-011
          17          20  -2.5398337536532232     
          17          21  -3.0437648929048732E-011
          17          22  -7.3855018861406035E-011
          17          23   4.2753536231436702E-012
          17          24  -5.6425811375447972E-011
          17          25   2.3798027621911659E-011
          17          26  -3.2263541300550352E-011
          17          27  -4.0732283839251043E-011
          17          28  -7.5084458993769737E-011
          17          29  -3.4805549022710871E-012
          17          30  -6.9815838801314907E-011
          17          31  -5.5182824021234683E-012
          17          32   5.4124435048750552E-011
          17          33  -7.9733807843001656E-011
          17          34  -7.5155208246974613E-011
          17          35  -8.5662814094233382E-012
          17          36  -5.4023860527284669E-011
          17          37   1.0358697419884110E-011
          17          38  -4.1145513945249455E-011
          17          39  -3.7628309671838675E-011
          18           1  -5.5697814805025107E-011
          18           2  -1.2894568305609034E-010
          18           3  -3.5847461213267582E-011
          18           4   1.5675537126587403E-010
          18           5  -9.0481970161190131E-010
          18           6  -8.1748537092447868E-011
          18           7  -4.0092131004006670E-012
          18           8  -2.5308136662598912E-012
          18           9  -6.7824416682489536E-002
          18          10  -1.3929968290303008E-012
          18          11  -1.8783211097612470E-011
          18          12  -1.7801892769619203     
          18          13   1.8911383570244765E-010
          18          14  -3.0026814368342702E-012
          18          15  -12.976969270607542     
          18          16  -2.0354573582186144E-010
          18          17   3.6275565884498292E-011
          18          18   13.855257294784646     
          18          19   3.9493963654991198E-011
          18          20  -4.9555201955829121E-011
          18          21  -2.5398337535959734     
          18          22   1.7596065512301737E-010
          18          23   1.1468696532123429E-011
          18          24   1.5129311837516922E-010
          18          25  -1.1599067176699419E-011
          18          26  -1.6624461956669327E-011
          18          27   1.2342526322733608E-010
          18          28   1.5921567461306322E-010
          18          29  -2.8401492009713991E-011
          18          30   1.2801117748319262E-010
          18          31   6.2216854931472888E-011
          18          32  -4.9283500287421004E-011
          18          33   1.7370618795270386E-010
          18          34   2.1357614649401272E-010
          18          35   3.5227235426391757E-011
          18          36   2.0311226149067303E-010
          18          37  -6.7467534134277120E-011
          18          38   8.5788268524738995E-011
          18          39   1.3820066617697773E-010
          19           1   2.0721504288593121E-011
          19           2   3.9633727111522509E-011
          19           3   1.9658727417775070E-011
          19           4  -3.2009349095997147E-011
          19           5   2.2550199159429147E-010
          19           6   3.7738169058845764E-011
          19           7   2.6570503463567003E-002
          19           8  -9.0474584204724312E-012
          19           9   2.6888989299033648E-011
          19          10  0.39483838021108431     
          19          11  -1.7161133625268597E-012
          19          12   9.3808294465934439E-013
          19          13   2.3794364942474124     
          19          14  -2.1780334480415236E-011
          19          15  -3.4422312222838663E-011
          19          16  -2.5398337537078106     
          19          17   1.4697219136163120E-011
          19          18   3.9493963654991198E-011
          19          19  0.46803767705529881     
          19          20   1.1370202088883061E-011
          19          21  -2.2756111231479798E-011
          19          22  -4.1245278066748203E-011
          19          23  -5.4457291497978024E-012
          19          24  -4.4974273562885788E-011
          19          25   1.5828379972129552E-011
          19          26   3.5823920461912498E-011
          19          27  -3.8024041486786596E-011
          19          28  -4.5511571160960205E-011
          19          29   4.3543389369118213E-012
          19          30  -2.6757831339563097E-011
          19          31  -2.1181986748807302E-011
          19          32   4.9973268690626594E-012
          19          33  -4.8655524102804757E-011
          19          34  -6.2835523428401124E-011
          19          35  -1.0122089518373719E-011
          19          36  -6.1419325935237747E-011
          19          37   1.9865219843565698E-011
          19          38  -1.9397633633823360E-011
          19          39  -3.7811090858214205E-011
          20           1  -7.9235029058206207E-012
          20           2  -1.4514659893117205E-011
          20           3  -1.3581291621719153E-011
          20           4  -9.3627515739792607E-012
          20           5  -4.1486877350593152E-011
          20           6  -1.0483095927808721E-011
          20           7   2.7039072044750799E-011
          20           8   2.6570503458597093E-002
          20           9   6.2011858321925323E-012
          20          10   1.6874619757108003E-011
          20          11  0.39483838017761413     
          20          12   3.0812470630355097E-012
          20          13   7.4707288966158941E-011
          20          14   2.3794364942081700     
          20          15   4.7230774846714472E-011
          20          16  -7.6042009494695371E-011
          20          17  -2.5398337536532232     
          20          18  -4.9555201955829121E-011
          20          19   1.1370202088883061E-011
          20          20  0.46803767703263488     
          20          21   1.3288037553962050E-011
          20          22   1.3669941390982043E-011
          20          23  -6.1398860127080720E-013
          20          24   1.1927458596932151E-011
          20          25  -5.0923770416413448E-012
          20          26   6.5809963931663700E-012
          20          27   7.5257620104685652E-012
          20          28   1.4521417185793717E-011
          20          29   7.6940701818327823E-013
          20          30   1.3079864698586511E-011
          20          31   1.3152780169531271E-012
          20          32  -9.9345102664880885E-012
          20          33   1.5506627721797894E-011
          20          34   1.4364757079703631E-011
          20          35   1.3936987027373275E-012
          20          36   1.0647485709260522E-011
          20          37  -1.9419141086373469E-012
          20          38   7.5374081200265164E-012
          20          39   7.2803933348498338E-012
          21           1   1.0410672684521683E-011
          21           2   2.4825605842241710E-011
          21           3   7.7672811316504233E-012
          21           4  -2.9180984197093652E-011
