           1           1   2.0187305586303852     
           1           2  -7.4010019183277279E-002
           1           3  -6.8510836747436687E-002
           1           4  -2.4284385791828672E-003
           1           5  -1.1541337247659097E-016
           1           6   1.4211293369964417E-015
           1           7   2.4563077011218112E-016
           1           8   5.3084571163911002E-015
           1           9  -5.4894454141865114E-016
           1          10  -8.4712808135856015E-016
           1          11  -3.9956134987499706E-015
           1          12   3.9202082601642135E-017
           1          13   2.7710587763079719E-015
           1          14   4.7569869137561692E-003
           1          15  -3.5118074386956219E-015
           1          16   4.7569869137489684E-003
           1          17  -2.4126655894072762E-015
           1          18  -1.4974433690541780E-015
           1          19   4.7569869137447400E-003
           1          20  -8.6872322254894010E-003
           1          21   4.0975099704214432E-015
           1          22  -8.6872322254802313E-003
           1          23   3.3980973227288389E-015
           1          24   1.1452091476035919E-015
           1          25  -8.6872322254793032E-003
           2           1  -7.4010019183277279E-002
           2           2  0.29380090698052819     
           2           3  0.26915284509054987     
           2           4   5.3046567272167803E-003
           2           5   1.1920087435780254E-015
           2           6  -1.3274984080812947E-015
           2           7   1.3549803387188634E-015
           2           8  -5.2331109221652924E-015
           2           9  -7.0609073969773775E-016
           2          10   1.9145382198747451E-015
           2          11   1.3149922364985043E-015
           2          12   2.5837057134929959E-015
           2          13  -1.5394039594988264E-015
           2          14  -2.3141871116537818E-003
           2          15   9.4999878131309850E-016
           2          16  -2.3141871116551301E-003
           2          17  -2.9507531716239673E-016
           2          18   1.4234801961897347E-015
           2          19  -2.3141871116555282E-003
           2          20   3.1638894392022584E-003
           2          21  -1.6995105557958727E-015
           2          22   3.1638894392040490E-003
           2          23   1.9932369857969982E-016
           2          24  -2.0259636584309632E-015
           2          25   3.1638894392045608E-003
           3           1  -6.8510836747436687E-002
           3           2  0.26915284509054987     
           3           3  0.24657382358680655     
           3           4   4.8587595332334980E-003
           3           5   1.0931087435004756E-015
           3           6  -1.2165359005628803E-015
           3           7   1.2404577374668643E-015
           3           8  -4.7976057434226516E-015
           3           9  -6.4774376860979700E-016
           3          10   1.7541334406363332E-015
           3          11   1.2061634228203233E-015
           3          12   2.3662285461707182E-015
           3          13  -1.4125904446684783E-015
           3          14  -2.1232288495497981E-003
           3          15   8.7278387074521712E-016
           3          16  -2.1232288495510216E-003
           3          17  -2.6595136991164942E-016
           3          18   1.3043899251715338E-015
           3          19  -2.1232288495513828E-003
           3          20   2.9000895150026349E-003
           3          21  -1.5612625860314234E-015
           3          22   2.9000895150042599E-003
           3          23   1.7731878712195935E-016
           3          24  -1.8564205917386323E-015
           3          25   2.9000895150047305E-003
           4           1  -2.4284385791828672E-003
           4           2   5.3046567272167803E-003
           4           3   4.8587595332334980E-003
           4           4   9.8002914205318125E-005
           4           5   1.9907635711297960E-017
           4           6  -2.4534988911685612E-017
           4           7   2.4973426925483038E-017
           4           8  -9.3937001520699606E-017
           4           9  -1.0864401785623737E-017
           4          10   3.4658458049785181E-017
           4          11   2.5496718293868607E-017
           4          12   4.6889016574070556E-017
           4          13  -2.7168343207369271E-017
           4          14  -4.1851000986831984E-005
           4          15   1.7225094244556654E-017
           4          16  -4.1851000986864361E-005
           4          17  -8.4883652685409775E-018
           4          18   2.6418261309375143E-017
           4          19  -4.1851000986871666E-005
           4          20   6.2949191239770896E-005
           4          21  -2.8764009493501339E-017
           4          22   6.2949191239814047E-005
           4          23   6.9769914494420858E-018
           4          24  -3.6670235130045163E-017
           4          25   6.2949191239819536E-005
           5           1  -1.1541337247659097E-016
           5           2   1.1920087435780254E-015
           5           3   1.0931087435004756E-015
           5           4   1.9907635711297960E-017
           5           5   6.2590177385276182E-030
           5           6  -5.3103564642632362E-030
           5           7   4.7813287305863990E-030
           5           8  -2.3395969280817284E-029
           5           9  -4.3134108930409270E-030
           5          10   7.8345189316971409E-030
           5          11   5.2257231144489363E-030
           5          12   9.9739612391778340E-030
           5          13  -7.8155989134015280E-030
           5          14  -1.1057433908234821E-017
           5          15   5.1441903879060131E-030
           5          16  -1.1057433908229715E-017
           5          17   2.7699898689867177E-030
           5          18   5.5818030097682057E-030
           5          19  -1.1057433908229424E-017
           5          20   1.0699428915902579E-017
           5          21  -1.0201506851975486E-029
           5          22   1.0699428915895816E-017
           5          23  -3.7591504056846852E-030
           5          24  -8.3986207850120585E-030
           5          25   1.0699428915900932E-017
           6           1   1.4211293369964417E-015
           6           2  -1.3274984080812947E-015
           6           3  -1.2165359005628803E-015
           6           4  -2.4534988911685612E-017
           6           5  -5.3103564642632362E-030
           6           6   6.5890167947954072E-030
           6           7  -5.7897420411048459E-030
           6           8   2.5857936868550011E-029
           6           9   2.8199110104601055E-030
           6          10  -8.8505883695102824E-030
           6          11  -7.9366546462350350E-030
           6          12  -1.1289053364989322E-029
           6          13   8.2821843976925766E-030
           6          14   1.2760591150551274E-017
           6          15  -6.0986874572856737E-030
           6          16   1.2760591150553069E-017
           6          17  -9.2288608164627756E-032
           6          18  -7.0490223517973312E-030
           6          19   1.2760591150552478E-017
           6          20  -1.8557753456959726E-017
           6          21   9.7372287231872414E-030
           6          22  -1.8557753456962333E-017
           6          23   1.0594475459552663E-030
           6          24   9.5031807434277719E-030
           6          25  -1.8557753456964120E-017
           7           1   2.4563077011218112E-016
           7           2   1.3549803387188634E-015
           7           3   1.2404577374668643E-015
           7           4   2.4973426925483038E-017
           7           5   4.7813287305863990E-030
           7           6  -5.7897420411048459E-030
           7           7   6.8434432260175199E-030
           7           8  -2.1575485004290524E-029
           7           9  -2.7126472560955722E-030
           7          10   8.6674710376165703E-030
           7          11   4.8636324325283615E-030
           7          12   1.2431993527771137E-029
           7          13  -5.4191148659520763E-030
           7          14  -8.3221922925231017E-018
           7          15   2.5483246976922990E-030
           7          16  -8.3221922925377110E-018
           7          17  -4.3907232308137791E-030
           7          18   6.2791088067510857E-030
           7          19  -8.3221922925420821E-018
           7          20   1.3047535685926801E-017
           7          21  -4.7634126055303656E-030
           7          22   1.3047535685946060E-017
           7          23   4.6091065760208353E-030
           7          24  -9.0270465398819151E-030
           7          25   1.3047535685947115E-017
           8           1   5.3084571163911002E-015
           8           2  -5.2331109221652924E-015
           8           3  -4.7976057434226516E-015
           8           4  -9.3937001520699606E-017
           8           5  -2.3395969280817284E-029
           8           6   2.5857936868550011E-029
           8           7  -2.1575485004290524E-029
           8           8   1.0573571861063020E-028
           8           9   1.3616047082298133E-029
           8          10  -3.5010400155406375E-029
           8          11  -3.1145824228979328E-029
           8          12  -4.3612209657855179E-029
           8          13   3.5399989037798529E-029
           8          14   5.3248354211619760E-017
           8          15  -2.6319083330630405E-029
           8          16   5.3248354211608421E-017
           8          17  -7.2685359943585204E-030
           8          18  -2.7467661408428976E-029
           8          19   5.3248354211602720E-017
           8          20  -6.9558764836215309E-017
           8          21   4.4160524501412545E-029
           8          22  -6.9558764836201122E-017
           8          23   1.2134351436786737E-029
           8          24   3.7780595693009636E-029
           8          25  -6.9558764836213423E-017
           9           1  -5.4894454141865114E-016
           9           2  -7.0609073969773775E-016
           9           3  -6.4774376860979700E-016
           9           4  -1.0864401785623737E-017
           9           5  -4.3134108930409270E-030
           9           6   2.8199110104601055E-030
           9           7  -2.7126472560955722E-030
           9           8   1.3616047082298133E-029
           9           9   3.3187325610412681E-030
           9          10  -4.5674657646620923E-030
           9          11  -2.0539917369870728E-030
           9          12  -5.8976110701163587E-030
           9          13   4.5929332357014338E-030
           9          14   6.0635722518221785E-018
           9          15  -2.6588065730709097E-030
           9          16   6.0635722518170817E-018
           9          17  -2.5117806258472598E-030
           9          18  -2.9204366085356251E-030
           9          19   6.0635722518173444E-018
           9          20  -3.3529601072038644E-018
           9          21   6.3335684880544328E-030
           9          22  -3.3529601071970027E-018
           9          23   3.0702102145390891E-030
           9          24   4.8717557819480572E-030
           9          25  -3.3529601072015071E-018
          10           1  -8.4712808135856015E-016
          10           2   1.9145382198747451E-015
          10           3   1.7541334406363332E-015
          10           4   3.4658458049785181E-017
          10           5   7.8345189316971409E-030
          10           6  -8.8505883695102824E-030
          10           7   8.6674710376165703E-030
          10           8  -3.5010400155406375E-029
          10           9  -4.5674657646620923E-030
          10          10   1.2549737537849013E-029
          10          11   9.2539123344717107E-030
          10          12   1.6669750766977852E-029
          10          13  -1.0594277725910214E-029
          10          14  -1.5988653794483202E-017
          10          15   6.9014986345017798E-030
          10          16  -1.5988653794489805E-017
          10          17  -1.1688838631079742E-030
          10          18   9.4774630747646438E-030
          10          19  -1.5988653794491445E-017
          10          20   2.1955886078335216E-017
          10          21  -1.2004948763448754E-029
          10          22   2.1955886078344066E-017
          10          23   3.2023090234218107E-031
          10          24  -1.3334890850018248E-029
          10          25   2.1955886078347415E-017
          11           1  -3.9956134987499706E-015
          11           2   1.3149922364985043E-015
          11           3   1.2061634228203233E-015
          11           4   2.5496718293868607E-017
          11           5   5.2257231144489363E-030
          11           6  -7.9366546462350350E-030
          11           7   4.8636324325283615E-030
          11           8  -3.1145824228979328E-029
          11           9  -2.0539917369870728E-030
          11          10   9.2539123344717107E-030
          11          11   1.2636485849139576E-029
          11          12   1.0206549000928362E-029
          11          13  -1.1548368960247272E-029
          11          14  -1.8340015143126340E-017
          11          15   1.0507190575209784E-029
          11          16  -1.8340015143116723E-017
          11          17   3.9201111156215195E-030
          11          18   8.4433162759674454E-030
          11          19  -1.8340015143110203E-017
          11          20   2.8387045245674816E-017
          11          21  -1.4923786239359304E-029
          11          22   2.8387045245662773E-017
          11          23  -6.2223307398660555E-030
          11          24  -1.0269656208803568E-029
          11          25   2.8387045245663605E-017
          12           1   3.9202082601642135E-017
          12           2   2.5837057134929959E-015
          12           3   2.3662285461707182E-015
          12           4   4.6889016574070556E-017
          12           5   9.9739612391778340E-030
          12           6  -1.1289053364989322E-029
          12           7   1.2431993527771137E-029
          12           8  -4.3612209657855179E-029
          12           9  -5.8976110701163587E-030
          12          10   1.6669750766977852E-029
          12          11   1.0206549000928362E-029
          12          12   2.3192462960393033E-029
          12          13  -1.1986374998973228E-029
          12          14  -1.8074579527293997E-017
          12          15   6.5768954786532369E-030
          12          16  -1.8074579527313043E-017
          12          17  -5.1620398657958089E-030
          12          18   1.2161213510948937E-029
          12          19  -1.8074579527318978E-017
          12          20   2.5674540814088050E-017
          12          21  -1.2195179157234850E-029
          12          22   2.5674540814113198E-017
          12          23   4.9324406799767701E-030
          12          24  -1.7500695497046652E-029
          12          25   2.5674540814116865E-017
          13           1   2.7710587763079719E-015
          13           2  -1.5394039594988264E-015
          13           3  -1.4125904446684783E-015
          13           4  -2.7168343207369271E-017
          13           5  -7.8155989134015280E-030
          13           6   8.2821843976925766E-030
          13           7  -5.4191148659520763E-030
          13           8   3.5399989037798529E-029
          13           9   4.5929332357014338E-030
          13          10  -1.0594277725910214E-029
          13          11  -1.1548368960247272E-029
          13          12  -1.1986374998973228E-029
          13          13   1.3185626997256157E-029
          13          14   1.9715111748343592E-017
          13          15  -1.0904942011773711E-029
          13          16   1.9715111748327315E-017
          13          17  -6.7623946099171332E-030
          13          18  -8.7031149032501711E-030
          13          19   1.9715111748321309E-017
          13          20  -2.4186541102045783E-017
          13          21   1.7919673723816873E-029
          13          22  -2.4186541102024706E-017
          13          23   9.2877082447903896E-030
          13          24   1.1674297567131249E-029
          13          25  -2.4186541102029873E-017
          14           1   4.7569869137561692E-003
          14           2  -2.3141871116537818E-003
          14           3  -2.1232288495497981E-003
          14           4  -4.1851000986831984E-005
          14           5  -1.1057433908234821E-017
          14           6   1.2760591150551274E-017
          14           7  -8.3221922925231017E-018
          14           8   5.3248354211619760E-017
          14           9   6.0635722518221785E-018
          14          10  -1.5988653794483202E-017
          14          11  -1.8340015143126340E-017
          14          12  -1.8074579527293997E-017
          14          13   1.9715111748343592E-017
          14          14   2.9940655306117805E-005
          14          15  -1.6639111119276057E-017
          14          16   2.9940655306096216E-005
          14          17  -8.9988739803616185E-018
          14          18  -1.3460072355469563E-017
          14          19   2.9940655306086949E-005
          14          20  -3.9330178700195779E-005
          14          21   2.6371168737802743E-017
          14          22  -3.9330178700168010E-005
          14          23   1.2766840587223791E-017
          14          24   1.7629982700444265E-017
          14          25  -3.9330178700174136E-005
          15           1  -3.5118074386956219E-015
          15           2   9.4999878131309850E-016
          15           3   8.7278387074521712E-016
          15           4   1.7225094244556654E-017
          15           5   5.1441903879060131E-030
          15           6  -6.0986874572856737E-030
          15           7   2.5483246976922990E-030
          15           8  -2.6319083330630405E-029
          15           9  -2.6588065730709097E-030
          15          10   6.9014986345017798E-030
          15          11   1.0507190575209784E-029
          15          12   6.5768954786532369E-030
          15          13  -1.0904942011773711E-029
          15          14  -1.6639111119276057E-017
          15          15   1.0229883945387121E-029
          15          16  -1.6639111119255313E-017
          15          17   7.8692256325736727E-030
          15          18   6.3661731446877317E-030
          15          19  -1.6639111119246903E-017
          15          20   2.1545462980159120E-017
          15          21  -1.5628429625401803E-029
          15          22   2.1545462980132271E-017
          15          23  -1.0532772774997224E-029
          15          24  -7.8587455338521696E-030
          15          25   2.1545462980135528E-017
          16           1   4.7569869137489684E-003
          16           2  -2.3141871116551301E-003
          16           3  -2.1232288495510216E-003
          16           4  -4.1851000986864361E-005
          16           5  -1.1057433908229715E-017
          16           6   1.2760591150553069E-017
          16           7  -8.3221922925377110E-018
          16           8   5.3248354211608421E-017
          16           9   6.0635722518170817E-018
          16          10  -1.5988653794489805E-017
          16          11  -1.8340015143116723E-017
          16          12  -1.8074579527313043E-017
          16          13   1.9715111748327315E-017
          16          14   2.9940655306096216E-005
          16          15  -1.6639111119255313E-017
          16          16   2.9940655306074627E-005
          16          17  -8.9988739803172266E-018
          16          18  -1.3460072355472510E-017
          16          19   2.9940655306065364E-005
          16          20  -3.9330178700191842E-005
          16          21   2.6371168737767473E-017
          16          22  -3.9330178700164080E-005
          16          23   1.2766840587170682E-017
          16          24   1.7629982700449263E-017
          16          25  -3.9330178700170199E-005
          17           1  -2.4126655894072762E-015
          17           2  -2.9507531716239673E-016
          17           3  -2.6595136991164942E-016
          17           4  -8.4883652685409775E-018
          17           5   2.7699898689867177E-030
          17           6  -9.2288608164627756E-032
          17           7  -4.3907232308137791E-030
          17           8  -7.2685359943585204E-030
          17           9  -2.5117806258472598E-030
          17          10  -1.1688838631079742E-030
          17          11   3.9201111156215195E-030
          17          12  -5.1620398657958089E-030
          17          13  -6.7623946099171332E-030
          17          14  -8.9988739803616185E-018
          17          15   7.8692256325736727E-030
          17          16  -8.9988739803172266E-018
          17          17   1.5919841295170385E-029
          17          18  -2.7711859009276437E-031
          17          19  -8.9988739803045602E-018
          17          20   2.4300798499933630E-018
          17          21  -1.3739850138425695E-029
          17          22   2.4300798499350590E-018
          17          23  -1.9077727410048547E-029
          17          24   5.3605874674587197E-031
          17          25   2.4300798499420185E-018
          18           1  -1.4974433690541780E-015
          18           2   1.4234801961897347E-015
          18           3   1.3043899251715338E-015
          18           4   2.6418261309375143E-017
          18           5   5.5818030097682057E-030
          18           6  -7.0490223517973312E-030
          18           7   6.2791088067510857E-030
          18           8  -2.7467661408428976E-029
          18           9  -2.9204366085356251E-030
          18          10   9.4774630747646438E-030
          18          11   8.4433162759674454E-030
          18          12   1.2161213510948937E-029
          18          13  -8.7031149032501711E-030
          18          14  -1.3460072355469563E-017
          18          15   6.3661731446877317E-030
          18          16  -1.3460072355472510E-017
          18          17  -2.7711859009276437E-031
          18          18   7.5508512781522942E-030
          18          19  -1.3460072355472120E-017
          18          20   1.9910359448198690E-017
          18          21  -1.0094656884850652E-029
          18          22   1.9910359448202825E-017
          18          23  -6.9087669175979364E-031
          18          24  -1.0162469021960046E-029
          18          25   1.9910359448204514E-017
          19           1   4.7569869137447400E-003
          19           2  -2.3141871116555282E-003
          19           3  -2.1232288495513828E-003
          19           4  -4.1851000986871666E-005
          19           5  -1.1057433908229424E-017
          19           6   1.2760591150552478E-017
          19           7  -8.3221922925420821E-018
          19           8   5.3248354211602720E-017
          19           9   6.0635722518173444E-018
          19          10  -1.5988653794491445E-017
          19          11  -1.8340015143110203E-017
          19          12  -1.8074579527318978E-017
          19          13   1.9715111748321309E-017
          19          14   2.9940655306086949E-005
          19          15  -1.6639111119246903E-017
          19          16   2.9940655306065364E-005
          19          17  -8.9988739803045602E-018
          19          18  -1.3460072355472120E-017
          19          19   2.9940655306056097E-005
          19          20  -3.9330178700181366E-005
          19          21   2.6371168737755855E-017
          19          22  -3.9330178700153597E-005
          19          23   1.2766840587154935E-017
          19          24   1.7629982700450246E-017
          19          25  -3.9330178700159716E-005
          20           1  -8.6872322254894010E-003
          20           2   3.1638894392022584E-003
          20           3   2.9000895150026349E-003
          20           4   6.2949191239770896E-005
          20           5   1.0699428915902579E-017
          20           6  -1.8557753456959726E-017
          20           7   1.3047535685926801E-017
          20           8  -6.9558764836215309E-017
          20           9  -3.3529601072038644E-018
          20          10   2.1955886078335216E-017
          20          11   2.8387045245674816E-017
          20          12   2.5674540814088050E-017
          20          13  -2.4186541102045783E-017
          20          14  -3.9330178700195779E-005
          20          15   2.1545462980159120E-017
          20          16  -3.9330178700191842E-005
          20          17   2.4300798499933630E-018
          20          18   1.9910359448198690E-017
          20          19  -3.9330178700181366E-005
          20          20   6.6607845641729080E-005
          20          21  -2.9126374181047321E-017
          20          22   6.6607845641725367E-005
          20          23  -6.5629631406576242E-018
          20          24  -2.4083800865213542E-017
          20          25   6.6607845641723754E-005
          21           1   4.0975099704214432E-015
          21           2  -1.6995105557958727E-015
          21           3  -1.5612625860314234E-015
          21           4  -2.8764009493501339E-017
          21           5  -1.0201506851975486E-029
          21           6   9.7372287231872414E-030
          21           7  -4.7634126055303656E-030
          21           8   4.4160524501412545E-029
          21           9   6.3335684880544328E-030
          21          10  -1.2004948763448754E-029
          21          11  -1.4923786239359304E-029
          21          12  -1.2195179157234850E-029
          21          13   1.7919673723816873E-029
          21          14   2.6371168737802743E-017
          21          15  -1.5628429625401803E-029
          21          16   2.6371168737767473E-017
          21          17  -1.3739850138425695E-029
          21          18  -1.0094656884850652E-029
          21          19   2.6371168737755855E-017
          21          20  -2.9126374181047321E-017
          21          21   2.6016381427377447E-029
          21          22  -2.9126374181001352E-017
          21          23   1.7845501874505567E-029
          21          24   1.3500099646725860E-029
          21          25  -2.9126374181009998E-017
          22           1  -8.6872322254802313E-003
          22           2   3.1638894392040490E-003
          22           3   2.9000895150042599E-003
          22           4   6.2949191239814047E-005
          22           5   1.0699428915895816E-017
          22           6  -1.8557753456962333E-017
          22           7   1.3047535685946060E-017
          22           8  -6.9558764836201122E-017
          22           9  -3.3529601071970027E-018
          22          10   2.1955886078344066E-017
          22          11   2.8387045245662773E-017
          22          12   2.5674540814113198E-017
          22          13  -2.4186541102024706E-017
          22          14  -3.9330178700168010E-005
          22          15   2.1545462980132271E-017
          22          16  -3.9330178700164080E-005
          22          17   2.4300798499350590E-018
          22          18   1.9910359448202825E-017
          22          19  -3.9330178700153597E-005
          22          20   6.6607845641725367E-005
          22          21  -2.9126374181001352E-017
          22          22   6.6607845641721640E-005
          22          23  -6.5629631405879610E-018
          22          24  -2.4083800865220319E-017
          22          25   6.6607845641720041E-005
          23           1   3.3980973227288389E-015
          23           2   1.9932369857969982E-016
          23           3   1.7731878712195935E-016
          23           4   6.9769914494420858E-018
          23           5  -3.7591504056846852E-030
          23           6   1.0594475459552663E-030
          23           7   4.6091065760208353E-030
          23           8   1.2134351436786737E-029
          23           9   3.0702102145390891E-030
          23          10   3.2023090234218107E-031
          23          11  -6.2223307398660555E-030
          23          12   4.9324406799767701E-030
          23          13   9.2877082447903896E-030
          23          14   1.2766840587223791E-017
          23          15  -1.0532772774997224E-029
          23          16   1.2766840587170682E-017
          23          17  -1.9077727410048547E-029
          23          18  -6.9087669175979364E-031
          23          19   1.2766840587154935E-017
          23          20  -6.5629631406576242E-018
          23          21   1.7845501874505567E-029
          23          22  -6.5629631405879610E-018
          23          23   2.3067084205720825E-029
          23          24   5.4587825815359987E-031
          23          25  -6.5629631405960244E-018
          24           1   1.1452091476035919E-015
          24           2  -2.0259636584309632E-015
          24           3  -1.8564205917386323E-015
          24           4  -3.6670235130045163E-017
          24           5  -8.3986207850120585E-030
          24           6   9.5031807434277719E-030
          24           7  -9.0270465398819151E-030
          24           8   3.7780595693009636E-029
          24           9   4.8717557819480572E-030
          24          10  -1.3334890850018248E-029
          24          11  -1.0269656208803568E-029
          24          12  -1.7500695497046652E-029
          24          13   1.1674297567131249E-029
          24          14   1.7629982700444265E-017
          24          15  -7.8587455338521696E-030
          24          16   1.7629982700449263E-017
          24          17   5.3605874674587197E-031
          24          18  -1.0162469021960046E-029
          24          19   1.7629982700450246E-017
          24          20  -2.4083800865213542E-017
          24          21   1.3500099646725860E-029
          24          22  -2.4083800865220319E-017
          24          23   5.4587825815359987E-031
          24          24   1.4212103147073060E-029
          24          25  -2.4083800865224007E-017
          25           1  -8.6872322254793032E-003
          25           2   3.1638894392045608E-003
          25           3   2.9000895150047305E-003
          25           4   6.2949191239819536E-005
          25           5   1.0699428915900932E-017
          25           6  -1.8557753456964120E-017
          25           7   1.3047535685947115E-017
          25           8  -6.9558764836213423E-017
          25           9  -3.3529601072015071E-018
          25          10   2.1955886078347415E-017
          25          11   2.8387045245663605E-017
          25          12   2.5674540814116865E-017
          25          13  -2.4186541102029873E-017
          25          14  -3.9330178700174136E-005
          25          15   2.1545462980135528E-017
          25          16  -3.9330178700170199E-005
          25          17   2.4300798499420185E-018
          25          18   1.9910359448204514E-017
          25          19  -3.9330178700159716E-005
          25          20   6.6607845641723754E-005
          25          21  -2.9126374181009998E-017
          25          22   6.6607845641720041E-005
          25          23  -6.5629631405960244E-018
          25          24  -2.4083800865224007E-017
          25          25   6.6607845641718428E-005
