           1           1   2.0572306266759757     
           1           2   1.0022127618945385     
           1           3 -0.51478386447810665     
           1           4   5.1200043223303682E-003
           1           5  -5.0664951622618428E-014
           1           6   1.6248685296338358E-013
           1           7   7.5365795075011665E-014
           1           8   2.2594069032048983E-014
           1           9  -1.4112123745314276E-013
           1          10  -5.9879064577287007E-014
           1          11  -1.3429239285524048E-014
           1          12   6.5060479074222091E-014
           1          13   2.8068463770105964E-014
           1          14  -7.3219625724702836E-002
           1          15   1.8149722523209323E-014
           1          16  -7.3219625724775000E-002
           1          17   3.6908731023177439E-014
           1          18   2.8295264864307402E-014
           1          19  -7.3219625724523396E-002
           1          20  -4.7661870206987408E-002
           1          21  -1.9769710798733164E-014
           1          22  -4.7661870206946115E-002
           1          23  -2.9242777865284471E-014
           1          24  -5.4237443194884203E-014
           1          25  -4.7661870207022214E-002
           2           1   1.0022127618945385     
           2           2   15.702590865587418     
           2           3  -6.0425970495375756     
           2           4 -0.57246870864040145     
           2           5  -1.4663451456829541E-013
           2           6   1.5150094587799474E-012
           2           7   5.5740616426283725E-013
           2           8  -3.4416813002940886E-014
           2           9  -1.5029106543858189E-012
           2          10  -5.4072384137241003E-013
           2          11   1.0687061237775424E-013
           2          12   4.3964274164319380E-013
           2          13   6.4823082617405719E-014
           2          14  -2.2386506089505804     
           2          15   2.0555951325712919E-013
           2          16  -2.2386506089514513     
           2          17   7.1882738977989514E-013
           2          18   2.1387046050721133E-013
           2          19  -2.2386506089490061     
           2          20 -0.82712710870414685     
           2          21  -8.5250089074565663E-014
           2          22 -0.82712710870308515     
           2          23  -7.8383389663361395E-013
           2          24  -2.2316939163970136E-013
           2          25 -0.82712710870551154     
           3           1 -0.51478386447810665     
           3           2  -6.0425970495375756     
           3           3   2.3336475079381724     
           3           4  0.21759626863999990     
           3           5   5.9102872027580769E-014
           3           6  -5.8726058209439267E-013
           3           7  -2.1707584794707603E-013
           3           8   1.1638255917751235E-014
           3           9   5.8127080424623238E-013
           3          10   2.0972202662521825E-013
           3          11  -3.9813703534119631E-014
           3          12  -1.7157801349805430E-013
           3          13  -2.6495093841644119E-014
           3          14  0.85695454001626736     
           3          15  -7.9428267276591659E-014
           3          16  0.85695454001660365     
           3          17  -2.7603471072378148E-013
           3          18  -8.3249281025304079E-014
           3          19  0.85695454001565630     
           3          20  0.31795890206304306     
           3          21   3.3733700176833113E-014
           3          22  0.31795890206263622     
           3          23   3.0028487379826636E-013
           3          24   8.8469655034997422E-014
           3          25  0.31795890206356475     
           4           1   5.1200043223303682E-003
           4           2 -0.57246870864040145     
           4           3  0.21759626863999990     
           4           4   2.1741079266943238E-002
           4           5   4.4825851221653398E-015
           4           6  -5.3857640230740375E-014
           4           7  -1.9489764369987739E-014
           4           8   1.7728383062962942E-015
           4           9   5.3846940434090379E-014
           4          10   1.9182985563158693E-014
           4          11  -4.3193908979520264E-015
           4          12  -1.5254758152427790E-014
           4          13  -1.8631105834268298E-015
           4          14   8.3070263008990577E-002
           4          15  -7.3889527209087660E-015
           4          16   8.3070263009021997E-002
           4          17  -2.6393730403477765E-014
           4          18  -7.4909967301946280E-015
           4          19   8.3070263008934830E-002
           4          20   3.0261736132008974E-002
           4          21   2.8085016641889917E-015
           4          22   3.0261736131969707E-002
           4          23   2.9010593391317003E-014
           4          24   7.3002404633988533E-015
           4          25   3.0261736132059815E-002
           5           1  -5.0664951622618428E-014
           5           2  -1.4663451456829541E-013
           5           3   5.9102872027580769E-014
           5           4   4.4825851221653398E-015
           5           5   2.2252854076921953E-027
           5           6  -1.5510909857977228E-026
           5           7  -6.0297417777643518E-027
           5           8  -1.9234090205881198E-028
           5           9   1.4971174911433087E-026
           5          10   5.5750941662198615E-027
           5          11  -5.7834155981392504E-028
           5          12  -4.8722409553223449E-027
           5          13  -1.1012540766720408E-027
           5          14   1.9461467209110088E-014
           5          15  -2.0237982273858383E-027
           5          16   1.9461467209118573E-014
           5          17  -6.5266928649313374E-027
           5          18  -2.3006597137181131E-027
           5          19   1.9461467209093756E-014
           5          20   7.6176164835416746E-015
           5          21   1.0930154948749813E-027
           5          22   7.6176164835323077E-015
           5          23   6.8888995725798733E-027
           5          24   2.9127912214100869E-027
           5          25   7.6176164835533340E-015
           6           1   1.6248685296338358E-013
           6           2   1.5150094587799474E-012
           6           3  -5.8726058209439267E-013
           6           4  -5.3857640230740375E-014
           6           5  -1.5510909857977228E-026
           6           6   1.4834197712742214E-025
           6           7   5.5092717128823774E-026
           6           8  -2.5023164030160785E-027
           6           9  -1.4649493775268313E-025
           6          10  -5.3007153859786163E-026
           6          11   9.6426357048136911E-027
           6          12   4.3638665735264171E-026
           6          13   7.0441256429525052E-027
           6          14  -2.1368903584042148E-013
           6          15   1.9998713487645807E-026
           6          16  -2.1368903584050610E-013
           6          17   6.9057461995714981E-026
           6          18   2.1117932535999256E-026
           6          19  -2.1368903584026694E-013
           6          20  -7.9633159307983569E-014
           6          21  -8.6980032120553663E-027
           6          22  -7.9633159307881989E-014
           6          23  -7.4939409185799427E-026
           6          24  -2.2851793366381982E-026
           6          25  -7.9633159308113510E-014
           7           1   7.5365795075011665E-014
           7           2   5.5740616426283725E-013
           7           3  -2.1707584794707603E-013
           7           4  -1.9489764369987739E-014
           7           5  -6.0297417777643518E-027
           7           6   5.5092717128823774E-026
           7           7   2.0580925704229657E-026
           7           8  -7.2684648092482144E-028
           7           9  -5.4252151684823372E-026
           7          10  -1.9700849754133333E-026
           7          11   3.3894283203082248E-027
           7          12   1.6344916715224671E-026
           7          13   2.7787849719281314E-027
           7          14  -7.8076408617379316E-014
           7          15   7.3973017913537081E-027
           7          16  -7.8076408617410567E-014
           7          17   2.5337670069563581E-026
           7          18   7.8842579580489923E-027
           7          19  -7.8076408617321836E-014
           7          20  -2.9258735998397445E-014
           7          21  -3.3122121190794126E-027
           7          22  -2.9258735998360286E-014
           7          23  -2.7409402465148514E-026
           7          24  -8.7203588089084645E-027
           7          25  -2.9258735998444840E-014
           8           1   2.2594069032048983E-014
           8           2  -3.4416813002940886E-014
           8           3   1.1638255917751235E-014
           8           4   1.7728383062962942E-015
           8           5  -1.9234090205881198E-028
           8           6  -2.5023164030160785E-027
           8           7  -7.2684648092482144E-028
           8           8   3.8376250720782890E-028
           8           9   2.7319235551444378E-027
           8          10   8.6965200268983328E-028
           8          11  -4.8609500864431978E-028
           8          12  -5.0342230584428367E-028
           8          13   1.5555875232704566E-028
           8          14   5.7730535341331740E-015
           8          15  -3.8798496117118930E-028
           8          16   5.7730535341348787E-015
           8          17  -1.6870845684764545E-027
           8          18  -2.8661554088579642E-028
           8          19   5.7730535341307048E-015
           8          20   1.8766842750190028E-015
           8          21   8.6415905281549180E-030
           8          22   1.8766842750163460E-015
           8          23   1.9765109519203980E-027
           8          24  -8.2707065699473480E-030
           8          25   1.8766842750226442E-015
           9           1  -1.4112123745314276E-013
           9           2  -1.5029106543858189E-012
           9           3   5.8127080424623238E-013
           9           4   5.3846940434090379E-014
           9           5   1.4971174911433087E-026
           9           6  -1.4649493775268313E-025
           9           7  -5.4252151684823372E-026
           9           8   2.7319235551444378E-027
           9           9   1.4486998131072069E-025
           9          10   5.2328442847325807E-026
           9          11  -9.7695073328952936E-027
           9          12  -4.2917652318593729E-026
           9          13  -6.7469349529248756E-027
           9          14   2.1268386948961510E-013
           9          15  -1.9788363470798428E-026
           9          16   2.1268386948969886E-013
           9          17  -6.8596282958738351E-026
           9          18  -2.0801840568816848E-026
           9          19   2.1268386948946263E-013
           9          20   7.9048852907524739E-014
           9          21   8.4842817910755212E-027
           9          22   7.9048852907423701E-014
           9          23   7.4550209188085053E-026
           9          24   2.2266646756071084E-026
           9          25   7.9048852907654162E-014
          10           1  -5.9879064577287007E-014
          10           2  -5.4072384137241003E-013
          10           3   2.0972202662521825E-013
          10           4   1.9182985563158693E-014
          10           5   5.5750941662198615E-027
          10           6  -5.3007153859786163E-026
          10           7  -1.9700849754133333E-026
          10           8   8.6965200268983328E-028
          10           9   5.2328442847325807E-026
          10          10   1.8942845244189624E-026
          10          11  -3.4224073578821546E-027
          10          12  -1.5610131971439712E-026
          10          13  -2.5367668989633833E-027
          10          14   7.6202107992545055E-014
          10          15  -7.1425232795065874E-027
          10          16   7.6202107992575284E-014
          10          17  -2.4638895445011696E-026
          10          18  -7.5510812581109144E-027
          10          19   7.6202107992489835E-014
          10          20   2.8417113892604116E-014
          10          21   3.1179700759472921E-027
          10          22   2.8417113892567888E-014
          10          23   2.6727050952899495E-026
          10          24   8.1938962004166591E-027
          10          25   2.8417113892650441E-014
          11           1  -1.3429239285524048E-014
          11           2   1.0687061237775424E-013
          11           3  -3.9813703534119631E-014
          11           4  -4.3193908979520264E-015
          11           5  -5.7834155981392504E-028
          11           6   9.6426357048136911E-027
          11           7   3.3894283203082248E-027
          11           8  -4.8609500864431978E-028
          11           9  -9.7695073328952936E-027
          11          10  -3.4224073578821546E-027
          11          11   9.3308163044855365E-028
          11          12   2.6162750315600545E-027
          11          13   1.9805654572526739E-028
          11          14  -1.5943795914138272E-014
          11          15   1.3479211386618820E-027
          11          16  -1.5943795914144037E-014
          11          17   4.9834144183686469E-027
          11          18   1.3068018985480545E-027
          11          19  -1.5943795914128358E-014
          11          20  -5.6814724825671466E-015
          11          21  -4.3463606870016802E-028
          11          22  -5.6814724825596516E-015
          11          23  -5.5458757768203157E-027
          11          24  -1.1125642866286269E-027
          11          25  -5.6814724825769648E-015
          12           1   6.5060479074222091E-014
          12           2   4.3964274164319380E-013
          12           3  -1.7157801349805430E-013
          12           4  -1.5254758152427790E-014
          12           5  -4.8722409553223449E-027
          12           6   4.3638665735264171E-026
          12           7   1.6344916715224671E-026
          12           8  -5.0342230584428367E-028
          12           9  -4.2917652318593729E-026
          12          10  -1.5610131971439712E-026
          12          11   2.6162750315600545E-027
          12          12   1.2995991024489955E-026
          12          13   2.2591506563243549E-027
          12          14  -6.1384860577671704E-014
          12          15   5.8486458696489117E-027
          12          16  -6.1384860577696430E-014
          12          17   1.9959291388247760E-026
          12          18   6.2598190495270273E-027
          12          19  -6.1384860577626165E-014
          12          20  -2.3062776371710170E-014
          12          21  -2.6528195055110363E-027
          12          22  -2.3062776371680932E-014
          12          23  -2.1560032125149084E-026
          12          24  -6.9907119810681852E-027
          12          25  -2.3062776371747404E-014
          13           1   2.8068463770105964E-014
          13           2   6.4823082617405719E-014
          13           3  -2.6495093841644119E-014
          13           4  -1.8631105834268298E-015
          13           5  -1.1012540766720408E-027
          13           6   7.0441256429525052E-027
          13           7   2.7787849719281314E-027
          13           8   1.5555875232704566E-028
          13           9  -6.7469349529248756E-027
          13          10  -2.5367668989633833E-027
          13          11   1.9805654572526739E-028
          13          12   2.2591506563243549E-027
          13          13   5.5491878214617800E-028
          13          14  -8.4051903471447420E-015
          13          15   9.0897582027193262E-028
          13          16  -8.4051903471485380E-015
          13          17   2.8597508572697829E-027
          13          18   1.0587238363400660E-027
          13          19  -8.4051903471372967E-015
          13          20  -3.3529457351217963E-015
          13          21  -5.2395740193252371E-028
          13          22  -3.3529457351177302E-015
          13          23  -2.9862586087704719E-027
          13          24  -1.4014478864942271E-027
          13          25  -3.3529457351268017E-015
          14           1  -7.3219625724702836E-002
          14           2  -2.2386506089505804     
          14           3  0.85695454001626736     
          14           4   8.3070263008990577E-002
          14           5   1.9461467209110088E-014
          14           6  -2.1368903584042148E-013
          14           7  -7.8076408617379316E-014
          14           8   5.7730535341331740E-015
          14           9   2.1268386948961510E-013
          14          10   7.6202107992545055E-014
          14          11  -1.5943795914138272E-014
          14          12  -6.1384860577671704E-014
          14          13  -8.4051903471447420E-015
          14          14  0.32158931810494651     
          14          15  -2.9129943533481837E-014
          14          16  0.32158931810507013     
          14          17  -1.0279361298500039E-013
          14          18  -2.9978766565704755E-014
          14          19  0.32158931810472480     
          14          20  0.11809920141553862     
          14          21   1.1652973036048226E-014
          14          22  0.11809920141538630     
          14          23   1.1247422513406496E-013
          14          24   3.0418577946278031E-014
          14          25  0.11809920141573499     
          15           1   1.8149722523209323E-014
          15           2   2.0555951325712919E-013
          15           3  -7.9428267276591659E-014
          15           4  -7.3889527209087660E-015
          15           5  -2.0237982273858383E-027
          15           6   1.9998713487645807E-026
          15           7   7.3973017913537081E-027
          15           8  -3.8798496117118930E-028
          15           9  -1.9788363470798428E-026
          15          10  -7.1425232795065874E-027
          15          11   1.3479211386618820E-027
          15          12   5.8486458696489117E-027
          15          13   9.0897582027193262E-028
          15          14  -2.9129943533481837E-014
          15          15   2.7036319179613247E-027
          15          16  -2.9129943533493285E-014
          15          17   9.3873912187325865E-027
          15          18   2.8366923455512811E-027
          15          19  -2.9129943533461023E-014
          15          20  -1.0814813960231759E-014
          15          21  -1.1521500571130760E-027
          15          22  -1.0814813960217926E-014
          15          23  -1.0208563765500391E-026
          15          24  -3.0223895635087181E-027
          15          25  -1.0814813960249493E-014
          16           1  -7.3219625724775000E-002
          16           2  -2.2386506089514513     
          16           3  0.85695454001660365     
          16           4   8.3070263009021997E-002
          16           5   1.9461467209118573E-014
          16           6  -2.1368903584050610E-013
          16           7  -7.8076408617410567E-014
          16           8   5.7730535341348787E-015
          16           9   2.1268386948969886E-013
          16          10   7.6202107992575284E-014
          16          11  -1.5943795914144037E-014
          16          12  -6.1384860577696430E-014
          16          13  -8.4051903471485380E-015
          16          14  0.32158931810507013     
          16          15  -2.9129943533493285E-014
          16          16  0.32158931810519381     
          16          17  -1.0279361298504023E-013
          16          18  -2.9978766565716752E-014
          16          19  0.32158931810484842     
          16          20  0.11809920141558450     
          16          21   1.1652973036053077E-014
          16          22  0.11809920141543219     
          16          23   1.1247422513410830E-013
          16          24   3.0418577946290754E-014
          16          25  0.11809920141578084     
          17           1   3.6908731023177439E-014
          17           2   7.1882738977989514E-013
          17           3  -2.7603471072378148E-013
          17           4  -2.6393730403477765E-014
          17           5  -6.5266928649313374E-027
          17           6   6.9057461995714981E-026
          17           7   2.5337670069563581E-026
          17           8  -1.6870845684764545E-027
          17           9  -6.8596282958738351E-026
          17          10  -2.4638895445011696E-026
          17          11   4.9834144183686469E-027
          17          12   1.9959291388247760E-026
          17          13   2.8597508572697829E-027
          17          14  -1.0279361298500039E-013
          17          15   9.3873912187325865E-027
          17          16  -1.0279361298504023E-013
          17          17   3.2946582191032395E-026
          17          18   9.7245763160467149E-027
          17          19  -1.0279361298492869E-013
          17          20  -3.7887001399499635E-014
          17          21  -3.8380644649308560E-027
          17          22  -3.7887001399450903E-014
          17          23  -3.5975596342602567E-026
          17          24  -1.0036183905906294E-026
          17          25  -3.7887001399562340E-014
          18           1   2.8295264864307402E-014
          18           2   2.1387046050721133E-013
          18           3  -8.3249281025304079E-014
          18           4  -7.4909967301946280E-015
          18           5  -2.3006597137181131E-027
          18           6   2.1117932535999256E-026
          18           7   7.8842579580489923E-027
          18           8  -2.8661554088579642E-028
          18           9  -2.0801840568816848E-026
          18          10  -7.5510812581109144E-027
          18          11   1.3068018985480545E-027
          18          12   6.2598190495270273E-027
          18          13   1.0587238363400660E-027
          18          14  -2.9978766565704755E-014
          18          15   2.8366923455512811E-027
          18          16  -2.9978766565716752E-014
          18          17   9.7245763160467149E-027
          18          18   3.0205327858610277E-027
          18          19  -2.9978766565682730E-014
          18          20  -1.1227847032135665E-014
          18          21  -1.2663890389619039E-027
          18          22  -1.1227847032121395E-014
          18          23  -1.0523162014591073E-026
          18          24  -3.3334284727386950E-027
          18          25  -1.1227847032153864E-014
          19           1  -7.3219625724523396E-002
          19           2  -2.2386506089490061     
          19           3  0.85695454001565630     
          19           4   8.3070263008934830E-002
          19           5   1.9461467209093756E-014
          19           6  -2.1368903584026694E-013
          19           7  -7.8076408617321836E-014
          19           8   5.7730535341307048E-015
          19           9   2.1268386948946263E-013
          19          10   7.6202107992489835E-014
          19          11  -1.5943795914128358E-014
          19          12  -6.1384860577626165E-014
          19          13  -8.4051903471372967E-015
          19          14  0.32158931810472480     
          19          15  -2.9129943533461023E-014
          19          16  0.32158931810484842     
          19          17  -1.0279361298492869E-013
          19          18  -2.9978766565682730E-014
          19          19  0.32158931810450309     
          19          20  0.11809920141545591     
          19          21   1.1652973036039113E-014
          19          22  0.11809920141530360     
          19          23   1.1247422513398719E-013
          19          24   3.0418577946254075E-014
          19          25  0.11809920141565225     
          20           1  -4.7661870206987408E-002
          20           2 -0.82712710870414685     
          20           3  0.31795890206304306     
          20           4   3.0261736132008974E-002
          20           5   7.6176164835416746E-015
          20           6  -7.9633159307983569E-014
          20           7  -2.9258735998397445E-014
          20           8   1.8766842750190028E-015
          20           9   7.9048852907524739E-014
          20          10   2.8417113892604116E-014
          20          11  -5.6814724825671466E-015
          20          12  -2.3062776371710170E-014
          20          13  -3.3529457351217963E-015
          20          14  0.11809920141553862     
          20          15  -1.0814813960231759E-014
          20          16  0.11809920141558450     
          20          17  -3.7887001399499635E-014
          20          18  -1.1227847032135665E-014
          20          19  0.11809920141545591     
          20          20   4.3581757879263265E-002
          20          21   4.4536393901805431E-015
          20          22   4.3581757879207275E-002
          20          23   4.1341594081534670E-014
          20          24   1.1652434658168718E-014
          20          25   4.3581757879335284E-002
          21           1  -1.9769710798733164E-014
          21           2  -8.5250089074565663E-014
          21           3   3.3733700176833113E-014
          21           4   2.8085016641889917E-015
          21           5   1.0930154948749813E-027
          21           6  -8.6980032120553663E-027
          21           7  -3.3122121190794126E-027
          21           8   8.6415905281549180E-030
          21           9   8.4842817910755212E-027
          21          10   3.1179700759472921E-027
          21          11  -4.3463606870016802E-028
          21          12  -2.6528195055110363E-027
          21          13  -5.2395740193252371E-028
          21          14   1.1652973036048226E-014
          21          15  -1.1521500571130760E-027
          21          16   1.1652973036053077E-014
          21          17  -3.8380644649308560E-027
          21          18  -1.2663890389619039E-027
          21          19   1.1652973036039113E-014
          21          20   4.4536393901805431E-015
          21          21   5.6582866140131181E-028
          21          22   4.4536393901749682E-015
          21          23   4.1060554525399741E-027
          21          24   1.4990931954731101E-027
          21          25   4.4536393901875750E-015
          22           1  -4.7661870206946115E-002
          22           2 -0.82712710870308515     
          22           3  0.31795890206263622     
          22           4   3.0261736131969707E-002
          22           5   7.6176164835323077E-015
          22           6  -7.9633159307881989E-014
          22           7  -2.9258735998360286E-014
          22           8   1.8766842750163460E-015
          22           9   7.9048852907423701E-014
          22          10   2.8417113892567888E-014
          22          11  -5.6814724825596516E-015
          22          12  -2.3062776371680932E-014
          22          13  -3.3529457351177302E-015
          22          14  0.11809920141538630     
          22          15  -1.0814813960217926E-014
          22          16  0.11809920141543219     
          22          17  -3.7887001399450903E-014
          22          18  -1.1227847032121395E-014
          22          19  0.11809920141530360     
          22          20   4.3581757879207275E-002
          22          21   4.4536393901749682E-015
          22          22   4.3581757879151264E-002
          22          23   4.1341594081481393E-014
          22          24   1.1652434658154157E-014
          22          25   4.3581757879279280E-002
          23           1  -2.9242777865284471E-014
          23           2  -7.8383389663361395E-013
          23           3   3.0028487379826636E-013
          23           4   2.9010593391317003E-014
          23           5   6.8888995725798733E-027
          23           6  -7.4939409185799427E-026
          23           7  -2.7409402465148514E-026
          23           8   1.9765109519203980E-027
          23           9   7.4550209188085053E-026
          23          10   2.6727050952899495E-026
          23          11  -5.5458757768203157E-027
          23          12  -2.1560032125149084E-026
          23          13  -2.9862586087704719E-027
          23          14   1.1247422513406496E-013
          23          15  -1.0208563765500391E-026
          23          16   1.1247422513410830E-013
          23          17  -3.5975596342602567E-026
          23          18  -1.0523162014591073E-026
          23          19   1.1247422513398719E-013
          23          20   4.1341594081534670E-014
          23          21   4.1060554525399741E-027
          23          22   4.1341594081481393E-014
          23          23   3.9343760875175765E-026
          23          24   1.0723012908125468E-026
          23          25   4.1341594081603338E-014
          24           1  -5.4237443194884203E-014
          24           2  -2.2316939163970136E-013
          24           3   8.8469655034997422E-014
          24           4   7.3002404633988533E-015
          24           5   2.9127912214100869E-027
          24           6  -2.2851793366381982E-026
          24           7  -8.7203588089084645E-027
          24           8  -8.2707065699473480E-030
          24           9   2.2266646756071084E-026
          24          10   8.1938962004166591E-027
          24          11  -1.1125642866286269E-027
          24          12  -6.9907119810681852E-027
          24          13  -1.4014478864942271E-027
          24          14   3.0418577946278031E-014
          24          15  -3.0223895635087181E-027
          24          16   3.0418577946290754E-014
          24          17  -1.0036183905906294E-026
          24          18  -3.3334284727386950E-027
          24          19   3.0418577946254075E-014
          24          20   1.1652434658168718E-014
          24          21   1.4990931954731101E-027
          24          22   1.1652434658154157E-014
          24          23   1.0723012908125468E-026
          24          24   3.9741942196510250E-027
          24          25   1.1652434658187062E-014
          25           1  -4.7661870207022214E-002
          25           2 -0.82712710870551154     
          25           3  0.31795890206356475     
          25           4   3.0261736132059815E-002
          25           5   7.6176164835533340E-015
          25           6  -7.9633159308113510E-014
          25           7  -2.9258735998444840E-014
          25           8   1.8766842750226442E-015
          25           9   7.9048852907654162E-014
          25          10   2.8417113892650441E-014
          25          11  -5.6814724825769648E-015
          25          12  -2.3062776371747404E-014
          25          13  -3.3529457351268017E-015
          25          14  0.11809920141573499     
          25          15  -1.0814813960249493E-014
          25          16  0.11809920141578084     
          25          17  -3.7887001399562340E-014
          25          18  -1.1227847032153864E-014
          25          19  0.11809920141565225     
          25          20   4.3581757879335284E-002
          25          21   4.4536393901875750E-015
          25          22   4.3581757879279280E-002
          25          23   4.1341594081603338E-014
          25          24   1.1652434658187062E-014
          25          25   4.3581757879407296E-002
