           1           1   1.9928658818682530     
           1           2  -8.6160488987007261E-003
           1           3   2.2331997285866684E-002
           1           4  -8.4881858081643649E-004
           1           5  -5.0683697678717850E-016
           1           6   6.5356735396508211E-016
           1           7   1.0121309091983382E-014
           1           8   1.8870658360037668E-015
           1           9  -1.0706894103688262E-015
           1          10  -1.2469412624128202E-014
           1          11  -1.0480381565451070E-015
           1          12   2.7805471165376661E-015
           1          13   5.5769274984812277E-016
           1          14   4.0606290813110157E-003
           1          15  -7.0600772407725763E-015
           1          16   4.0606290813215516E-003
           1          17  -4.5425054795826018E-016
           1          18  -7.6563172146795113E-015
           1          19   4.0606290813172460E-003
           1          20  -7.7309771986223980E-003
           1          21   1.1058741746672369E-014
           1          22  -7.7309771986219262E-003
           1          23   1.9866920135056860E-015
           1          24   8.1987257350322539E-015
           1          25  -7.7309771986231249E-003
           2           1  -8.6160488987007261E-003
           2           2   1.0422637035011284     
           2           3  -3.2748563729767560E-002
           2           4   1.0006995872777796E-002
           2           5  -4.2448375092081409E-015
           2           6   6.8224070653483942E-016
           2           7  -2.5540935904186148E-015
           2           8  -8.5596737136207422E-016
           2           9  -3.5443975809000049E-015
           2          10   5.7568351164275282E-015
           2          11   2.7168177535948327E-015
           2          12   1.3351786789478847E-015
           2          13  -1.6552028980248053E-015
           2          14  -4.4281925094382963E-003
           2          15   6.5088832638832056E-016
           2          16  -4.4281925094359006E-003
           2          17   1.2146969989159297E-015
           2          18  -1.3375728084760703E-016
           2          19  -4.4281925094366761E-003
           2          20   6.0910492498323114E-003
           2          21  -2.4682874151702194E-015
           2          22   6.0910492498305090E-003
           2          23  -1.3756461598088224E-015
           2          24  -2.0197375637537489E-016
           2          25   6.0910492498285323E-003
           3           1   2.2331997285866684E-002
           3           2  -3.2748563729767560E-002
           3           3   1.2741797320028518E-003
           3           4  -3.2416420578238250E-004
           3           5   1.2574420204979650E-016
           3           6  -1.9959908274827224E-017
           3           7   1.8584828606121214E-016
           3           8   5.1594714246888846E-017
           3           9   1.0354967184473300E-016
           3          10  -3.1118914422879710E-016
           3          11  -1.0027121973218138E-016
           3          12  -1.0182918780771188E-017
           3          13   5.6680003577566287E-017
           3          14   1.8197824532444445E-004
           3          15  -1.0189565144009207E-016
           3          16   1.8197824532447846E-004
           3          17  -4.2401504854609166E-017
           3          18  -8.3025174044902063E-017
           3          19   1.8197824532446385E-004
           3          20  -2.7758247789228760E-004
           3          21   2.0243999814313226E-016
           3          22  -2.7758247789222011E-004
           3          23   6.2541295876762692E-017
           3          24   9.7800527128530242E-017
           3          25  -2.7758247789218141E-004
           4           1  -8.4881858081643649E-004
           4           2   1.0006995872777796E-002
           4           3  -3.2416420578238250E-004
           4           4   9.8003291845626635E-005
           4           5  -3.8432298965355078E-017
           4           6   1.3841914007386696E-017
           4           7  -2.0346887816105846E-017
           4           8  -1.3979334194174953E-017
           4           9  -3.9258678348420483E-017
           4          10   5.0702730937377934E-017
           4          11   3.1084675095115357E-017
           4          12   1.0625132856229746E-017
           4          13  -1.4351396422407498E-017
           4          14  -4.1851423042330682E-005
           4          15   1.3297085949276334E-017
           4          16  -4.1851423042301903E-005
           4          17   1.0948549606322249E-017
           4          18   4.8430947601451140E-018
           4          19  -4.1851423042319094E-005
           4          20   6.2949894608063501E-005
           4          21  -3.1421777017864646E-017
           4          22   6.2949894608038524E-005
           4          23  -1.0661942004540880E-017
           4          24  -6.0089629759679616E-018
           4          25   6.2949894608032900E-005
           5           1  -5.0683697678717850E-016
           5           2  -4.2448375092081409E-015
           5           3   1.2574420204979650E-016
           5           4  -3.8432298965355078E-017
           5           5   2.0180433686291119E-029
           5           6   6.8350560312127663E-030
           5           7   1.8114585464242983E-029
           5           8  -3.5644902403774929E-030
           5           9   7.3997807486413015E-030
           5          10  -3.2197338216774726E-029
           5          11  -4.8080724195604338E-030
           5          12  -7.6519661737185467E-030
           5          13   8.8642047729191543E-030
           5          14   1.9810889840663516E-017
           5          15   4.8950660396616418E-030
           5          16   1.9810889840663660E-017
           5          17  -5.9746969546550177E-030
           5          18   6.7591965315370238E-030
           5          19   1.9810889840653177E-017
           5          20  -2.0751032156430698E-017
           5          21   2.5343562349443885E-030
           5          22  -2.0751032156433207E-017
           5          23   9.3554944252491657E-030
           5          24  -2.5987832924263263E-030
           5          25  -2.0751032156408111E-017
           6           1   6.5356735396508211E-016
           6           2   6.8224070653483942E-016
           6           3  -1.9959908274827224E-017
           6           4   1.3841914007386696E-017
           6           5   6.8350560312127663E-030
           6           6   3.5600274427208164E-029
           6           7   3.8981856066327687E-029
           6           8  -2.3267181106652445E-029
           6           9  -2.8849957163504107E-029
           6          10  -4.3611996294124084E-029
           6          11   2.2764734184282611E-029
           6          12  -3.3932808942656155E-030
           6          13   7.1981170227500260E-030
           6          14   8.6727365534592238E-018
           6          15   1.8168088723511234E-029
           6          16   8.6727365535098496E-018
           6          17  -3.4486473085743826E-030
           6          18   1.2120298787670967E-029
           6          19   8.6727365534550761E-018
           6          20   8.4647478351154573E-018
           6          21  -1.4076478486605190E-029
           6          22   8.4647478350797213E-018
           6          23   1.5057537559021585E-029
           6          24  -1.6738681855607472E-030
           6          25   8.4647478351376625E-018
           7           1   1.0121309091983382E-014
           7           2  -2.5540935904186148E-015
           7           3   1.8584828606121214E-016
           7           4  -2.0346887816105846E-017
           7           5   1.8114585464242983E-029
           7           6   3.8981856066327687E-029
           7           7   9.7301574504673791E-029
           7           8  -1.3290005930019581E-029
           7           9  -2.4835813268369325E-029
           7          10  -1.2328082013281767E-028
           7          11   1.0920962259555626E-029
           7          12   5.3329908022165409E-030
           7          13   1.5466192393937145E-029
           7          14   4.2183508139404260E-017
           7          15  -1.5909124080117760E-029
           7          16   4.2183508139500563E-017
           7          17  -9.6036141445739018E-030
           7          18  -2.2738936121542519E-029
           7          19   4.2183508139424173E-017
           7          20  -4.6358487658829086E-017
           7          21   4.4786355555121894E-029
           7          22  -4.6358487658859414E-017
           7          23   2.9728561483964590E-029
           7          24   3.7497958784841061E-029
           7          25  -4.6358487658797039E-017
           8           1   1.8870658360037668E-015
           8           2  -8.5596737136207422E-016
           8           3   5.1594714246888846E-017
           8           4  -1.3979334194174953E-017
           8           5  -3.5644902403774929E-030
           8           6  -2.3267181106652445E-029
           8           7  -1.3290005930019581E-029
           8           8   1.8054670958113047E-029
           8           9   1.9345874109784115E-029
           8          10   1.2448458107448786E-029
           8          11  -1.7439231072275703E-029
           8          12   5.0032024329433274E-030
           8          13  -3.5374087393768252E-030
           8          14   5.9488557327720740E-019
           8          15  -2.0595739735272259E-029
           8          16   5.9488557325477340E-019
           8          17   1.3190651585450780E-030
           8          18  -1.6957560724804573E-029
           8          19   5.9488557328662481E-019
           8          20  -1.6934819646828726E-017
           8          21   2.3199772436293245E-029
           8          22  -1.6934819646803642E-017
           8          23  -7.2265883232569309E-030
           8          24   1.0739065509968527E-029
           8          25  -1.6934819646842987E-017
           9           1  -1.0706894103688262E-015
           9           2  -3.5443975809000049E-015
           9           3   1.0354967184473300E-016
           9           4  -3.9258678348420483E-017
           9           5   7.3997807486413015E-030
           9           6  -2.8849957163504107E-029
           9           7  -2.4835813268369325E-029
           9           8   1.9345874109784115E-029
           9           9   3.2258267141334634E-029
           9          10   1.9688691864317517E-029
           9          11  -2.4645323121040458E-029
           9          12  -2.1936959610131916E-030
           9          13  -7.3941137638303445E-031
           9          14   5.1679602732247880E-018
           9          15  -1.3355627769292955E-029
           9          16   5.1679602731766875E-018
           9          17  -8.1716679171099443E-031
           9          18  -6.3589634724576909E-030
           9          19   5.1679602732212781E-018
           9          20  -2.1730717242260115E-017
           9          21   1.4368555586822145E-029
           9          22  -2.1730717242228246E-017
           9          23  -7.8750069547361321E-030
           9          24  -6.5223457978326481E-031
           9          25  -2.1730717242265517E-017
          10           1  -1.2469412624128202E-014
          10           2   5.7568351164275282E-015
          10           3  -3.1118914422879710E-016
          10           4   5.0702730937377934E-017
          10           5  -3.2197338216774726E-029
          10           6  -4.3611996294124084E-029
          10           7  -1.2328082013281767E-028
          10           8   1.2448458107448786E-029
          10           9   1.9688691864317517E-029
          10          10   1.6282269065521187E-028
          10          11  -5.0150040985333927E-030
          10          12  -3.5970643020745448E-030
          10          13  -2.2567999463049006E-029
          10          14  -6.2225361069518041E-017
          10          15   2.2703923731501094E-029
          10          16  -6.2225361069627052E-017
          10          17   1.4552479045351759E-029
          10          18   2.8734703544836362E-029
          10          19  -6.2225361069539008E-017
          10          20   7.2826451181242085E-017
          10          21  -6.2482778005948350E-029
          10          22   7.2826451181272259E-017
          10          23  -3.8867349889117978E-029
          10          24  -4.6942833845874480E-029
          10          25   7.2826451181195061E-017
          11           1  -1.0480381565451070E-015
          11           2   2.7168177535948327E-015
          11           3  -1.0027121973218138E-016
          11           4   3.1084675095115357E-017
          11           5  -4.8080724195604338E-030
          11           6   2.2764734184282611E-029
          11           7   1.0920962259555626E-029
          11           8  -1.7439231072275703E-029
          11           9  -2.4645323121040458E-029
          11          10  -5.0150040985333927E-030
          11          11   2.0627326345575144E-029
          11          12  -1.1248658749877676E-030
          11          13   3.5093219710869811E-031
          11          14  -7.3628054826192760E-018
          11          15   1.7582023911982188E-029
          11          16  -7.3628054825906505E-018
          11          17   8.9409629039293737E-031
          11          18   1.2590413550501910E-029
          11          19  -7.3628054826227057E-018
          11          20   2.4114245301244886E-017
          11          21  -2.1950100793204047E-029
          11          22   2.4114245301218767E-017
          11          23   4.7398993157143114E-030
          11          24  -7.3413084571360938E-030
          11          25   2.4114245301250642E-017
          12           1   2.7805471165376661E-015
          12           2   1.3351786789478847E-015
          12           3  -1.0182918780771188E-017
          12           4   1.0625132856229746E-017
          12           5  -7.6519661737185467E-030
          12           6  -3.3932808942656155E-030
          12           7   5.3329908022165409E-030
          12           8   5.0032024329433274E-030
          12           9  -2.1936959610131916E-030
          12          10  -3.5970643020745448E-030
          12          11  -1.1248658749877676E-030
          12          12   6.3922032011554705E-030
          12          13  -2.5620363566226745E-030
          12          14  -1.5571493298487737E-018
          12          15  -1.2031507886578479E-029
          12          16  -1.5571493298376875E-018
          12          17   1.5425074723343689E-030
          12          18  -1.3088351713001917E-029
          12          19  -1.5571493298368701E-018
          12          20  -3.9992453842874076E-018
          12          21   1.4694903681040123E-029
          12          22  -3.9992453842839217E-018
          12          23  -1.2690864836629229E-030
          12          24   1.1855957803937385E-029
          12          25  -3.9992453842970157E-018
          13           1   5.5769274984812277E-016
          13           2  -1.6552028980248053E-015
          13           3   5.6680003577566287E-017
          13           4  -1.4351396422407498E-017
          13           5   8.8642047729191543E-030
          13           6   7.1981170227500260E-030
          13           7   1.5466192393937145E-029
          13           8  -3.5374087393768252E-030
          13           9  -7.3941137638303445E-031
          13          10  -2.2567999463049006E-029
          13          11   3.5093219710869811E-031
          13          12  -2.5620363566226745E-030
          13          13   4.6558856193676805E-030
          13          14   1.0505569908138888E-017
          13          15   1.6960627629671078E-030
          13          16   1.0505569908148530E-017
          13          17  -3.0003622967827137E-030
          13          18   1.5404620947404139E-030
          13          19   1.0505569908136329E-017
          13          20  -1.0142244596482042E-017
          13          21   3.1967409251088788E-030
          13          22  -1.0142244596487100E-017
          13          23   6.2730320294936410E-030
          13          24   1.5721277577057724E-030
          13          25  -1.0142244596470465E-017
          14           1   4.0606290813110157E-003
          14           2  -4.4281925094382963E-003
          14           3   1.8197824532444445E-004
          14           4  -4.1851423042330682E-005
          14           5   1.9810889840663516E-017
          14           6   8.6727365534592238E-018
          14           7   4.2183508139404260E-017
          14           8   5.9488557327720740E-019
          14           9   5.1679602732247880E-018
          14          10  -6.2225361069518041E-017
          14          11  -7.3628054826192760E-018
          14          12  -1.5571493298487737E-018
          14          13   1.0505569908138888E-017
          14          14   2.9940969997368423E-005
          14          15  -1.1126325553672823E-017
          14          16   2.9940969997392915E-005
          14          17  -7.2586257696151175E-018
          14          18  -1.0573449970158376E-017
          14          19   2.9940969997372011E-005
          14          20  -3.9330782888217380E-005
          14          21   2.8053647486058089E-017
          14          22  -3.9330782888218966E-005
          14          23   1.4319365029398841E-017
          14          24   1.6163629582719369E-017
          14          25  -3.9330782888195547E-005
          15           1  -7.0600772407725763E-015
          15           2   6.5088832638832056E-016
          15           3  -1.0189565144009207E-016
          15           4   1.3297085949276334E-017
          15           5   4.8950660396616418E-030
          15           6   1.8168088723511234E-029
          15           7  -1.5909124080117760E-029
          15           8  -2.0595739735272259E-029
          15           9  -1.3355627769292955E-029
          15          10   2.2703923731501094E-029
          15          11   1.7582023911982188E-029
          15          12  -1.2031507886578479E-029
          15          13   1.6960627629671078E-030
          15          14  -1.1126325553672823E-017
          15          15   3.6917280929527868E-029
          15          16  -1.1126325553682513E-017
          15          17  -2.3110146149913805E-032
          15          18   3.5495353842807602E-029
          15          19  -1.1126325553698096E-017
          15          20   3.5027138856116555E-017
          15          21  -4.9877133991302130E-029
          15          22   3.5027138856093869E-017
          15          23   9.4282618404110864E-031
          15          24  -3.1588645428460138E-029
          15          25   3.5027138856131198E-017
          16           1   4.0606290813215516E-003
          16           2  -4.4281925094359006E-003
          16           3   1.8197824532447846E-004
          16           4  -4.1851423042301903E-005
          16           5   1.9810889840663660E-017
          16           6   8.6727365535098496E-018
          16           7   4.2183508139500563E-017
          16           8   5.9488557325477340E-019
          16           9   5.1679602731766875E-018
          16          10  -6.2225361069627052E-017
          16          11  -7.3628054825906505E-018
          16          12  -1.5571493298376875E-018
          16          13   1.0505569908148530E-017
          16          14   2.9940969997392915E-005
          16          15  -1.1126325553682513E-017
          16          16   2.9940969997417408E-005
          16          17  -7.2586257696200232E-018
          16          18  -1.0573449970180022E-017
          16          19   2.9940969997396507E-005
          16          20  -3.9330782888234910E-005
          16          21   2.8053647486089878E-017
          16          22  -3.9330782888236503E-005
          16          23   1.4319365029426103E-017
          16          24   1.6163629582756778E-017
          16          25  -3.9330782888213084E-005
          17           1  -4.5425054795826018E-016
          17           2   1.2146969989159297E-015
          17           3  -4.2401504854609166E-017
          17           4   1.0948549606322249E-017
          17           5  -5.9746969546550177E-030
          17           6  -3.4486473085743826E-030
          17           7  -9.6036141445739018E-030
          17           8   1.3190651585450780E-030
          17           9  -8.1716679171099443E-031
          17          10   1.4552479045351759E-029
          17          11   8.9409629039293737E-031
          17          12   1.5425074723343689E-030
          17          13  -3.0003622967827137E-030
          17          14  -7.2586257696151175E-018
          17          15  -2.3110146149913805E-032
          17          16  -7.2586257696200232E-018
          17          17   1.9950990773018851E-030
          17          18  -1.7761708020982858E-031
          17          19  -7.2586257696137693E-018
          17          20   7.9877972242242906E-018
          17          21  -3.4477312385543483E-030
          17          22   7.9877972242261564E-018
          17          23  -3.8382786605973627E-030
          17          24  -1.5638110828442029E-030
          17          25   7.9877972242171307E-018
          18           1  -7.6563172146795113E-015
          18           2  -1.3375728084760703E-016
          18           3  -8.3025174044902063E-017
          18           4   4.8430947601451140E-018
          18           5   6.7591965315370238E-030
          18           6   1.2120298787670967E-029
          18           7  -2.2738936121542519E-029
          18           8  -1.6957560724804573E-029
          18           9  -6.3589634724576909E-030
          18          10   2.8734703544836362E-029
          18          11   1.2590413550501910E-029
          18          12  -1.3088351713001917E-029
          18          13   1.5404620947404139E-030
          18          14  -1.0573449970158376E-017
          18          15   3.5495353842807602E-029
          18          16  -1.0573449970180022E-017
          18          17  -1.7761708020982858E-031
          18          18   3.5661070320424149E-029
          18          19  -1.0573449970185647E-017
          18          20   3.1692914214455289E-017
          18          21  -4.8897116795352294E-029
          18          22   3.1692914214439118E-017
          18          23  -9.5605503413336226E-031
          18          24  -3.3266335867146276E-029
          18          25   3.1692914214469205E-017
          19           1   4.0606290813172460E-003
          19           2  -4.4281925094366761E-003
          19           3   1.8197824532446385E-004
          19           4  -4.1851423042319094E-005
          19           5   1.9810889840653177E-017
          19           6   8.6727365534550761E-018
          19           7   4.2183508139424173E-017
          19           8   5.9488557328662481E-019
          19           9   5.1679602732212781E-018
          19          10  -6.2225361069539008E-017
          19          11  -7.3628054826227057E-018
          19          12  -1.5571493298368701E-018
          19          13   1.0505569908136329E-017
          19          14   2.9940969997372011E-005
          19          15  -1.1126325553698096E-017
          19          16   2.9940969997396507E-005
          19          17  -7.2586257696137693E-018
          19          18  -1.0573449970185647E-017
          19          19   2.9940969997375605E-005
          19          20  -3.9330782888233440E-005
          19          21   2.8053647486092195E-017
          19          22  -3.9330782888235026E-005
          19          23   1.4319365029399707E-017
          19          24   1.6163629582745626E-017
          19          25  -3.9330782888211600E-005
          20           1  -7.7309771986223980E-003
          20           2   6.0910492498323114E-003
          20           3  -2.7758247789228760E-004
          20           4   6.2949894608063501E-005
          20           5  -2.0751032156430698E-017
          20           6   8.4647478351154573E-018
          20           7  -4.6358487658829086E-017
          20           8  -1.6934819646828726E-017
          20           9  -2.1730717242260115E-017
          20          10   7.2826451181242085E-017
          20          11   2.4114245301244886E-017
          20          12  -3.9992453842874076E-018
          20          13  -1.0142244596482042E-017
          20          14  -3.9330782888217380E-005
          20          15   3.5027138856116555E-017
          20          16  -3.9330782888234910E-005
          20          17   7.9877972242242906E-018
          20          18   3.1692914214455289E-017
          20          19  -3.9330782888233440E-005
          20          20   6.6609054636802609E-005
          20          21  -6.0205620443957737E-017
          20          22   6.6609054636783337E-005
          20          23  -1.2578010185139992E-017
          20          24  -3.3627870938912312E-017
          20          25   6.6609054636788460E-005
          21           1   1.1058741746672369E-014
          21           2  -2.4682874151702194E-015
          21           3   2.0243999814313226E-016
          21           4  -3.1421777017864646E-017
          21           5   2.5343562349443885E-030
          21           6  -1.4076478486605190E-029
          21           7   4.4786355555121894E-029
          21           8   2.3199772436293245E-029
          21           9   1.4368555586822145E-029
          21          10  -6.2482778005948350E-029
          21          11  -2.1950100793204047E-029
          21          12   1.4694903681040123E-029
          21          13   3.1967409251088788E-030
          21          14   2.8053647486058089E-017
          21          15  -4.9877133991302130E-029
          21          16   2.8053647486089878E-017
          21          17  -3.4477312385543483E-030
          21          18  -4.8897116795352294E-029
          21          19   2.8053647486092195E-017
          21          20  -6.0205620443957737E-017
          21          21   7.4419035869638848E-029
          21          22  -6.0205620443934934E-017
          21          23   7.1409137807032582E-030
          21          24   4.7844395726453726E-029
          21          25  -6.0205620443964492E-017
          22           1  -7.7309771986219262E-003
          22           2   6.0910492498305090E-003
          22           3  -2.7758247789222011E-004
          22           4   6.2949894608038524E-005
          22           5  -2.0751032156433207E-017
          22           6   8.4647478350797213E-018
          22           7  -4.6358487658859414E-017
          22           8  -1.6934819646803642E-017
          22           9  -2.1730717242228246E-017
          22          10   7.2826451181272259E-017
          22          11   2.4114245301218767E-017
          22          12  -3.9992453842839217E-018
          22          13  -1.0142244596487100E-017
          22          14  -3.9330782888218966E-005
          22          15   3.5027138856093869E-017
          22          16  -3.9330782888236503E-005
          22          17   7.9877972242261564E-018
          22          18   3.1692914214439118E-017
          22          19  -3.9330782888235026E-005
          22          20   6.6609054636783337E-005
          22          21  -6.0205620443934934E-017
          22          22   6.6609054636764065E-005
          22          23  -1.2578010185152365E-017
          22          24  -3.3627870938905854E-017
          22          25   6.6609054636769175E-005
          23           1   1.9866920135056860E-015
          23           2  -1.3756461598088224E-015
          23           3   6.2541295876762692E-017
          23           4  -1.0661942004540880E-017
          23           5   9.3554944252491657E-030
          23           6   1.5057537559021585E-029
          23           7   2.9728561483964590E-029
          23           8  -7.2265883232569309E-030
          23           9  -7.8750069547361321E-030
          23          10  -3.8867349889117978E-029
          23          11   4.7398993157143114E-030
          23          12  -1.2690864836629229E-030
          23          13   6.2730320294936410E-030
          23          14   1.4319365029398841E-017
          23          15   9.4282618404110864E-031
          23          16   1.4319365029426103E-017
          23          17  -3.8382786605973627E-030
          23          18  -9.5605503413336226E-031
          23          19   1.4319365029399707E-017
          23          20  -1.2578010185139992E-017
          23          21   7.1409137807032582E-030
          23          22  -1.2578010185152365E-017
          23          23   1.0478281071353496E-029
          23          24   6.5285120200892715E-030
          23          25  -1.2578010185124836E-017
          24           1   8.1987257350322539E-015
          24           2  -2.0197375637537489E-016
          24           3   9.7800527128530242E-017
          24           4  -6.0089629759679616E-018
          24           5  -2.5987832924263263E-030
          24           6  -1.6738681855607472E-030
          24           7   3.7497958784841061E-029
          24           8   1.0739065509968527E-029
          24           9  -6.5223457978326481E-031
          24          10  -4.6942833845874480E-029
          24          11  -7.3413084571360938E-030
          24          12   1.1855957803937385E-029
          24          13   1.5721277577057724E-030
          24          14   1.6163629582719369E-017
          24          15  -3.1588645428460138E-029
          24          16   1.6163629582756778E-017
          24          17  -1.5638110828442029E-030
          24          18  -3.3266335867146276E-029
          24          19   1.6163629582745626E-017
          24          20  -3.3627870938912312E-017
          24          21   4.7844395726453726E-029
          24          22  -3.3627870938905854E-017
          24          23   6.5285120200892715E-030
          24          24   3.4274279304231662E-029
          24          25  -3.3627870938917730E-017
          25           1  -7.7309771986231249E-003
          25           2   6.0910492498285323E-003
          25           3  -2.7758247789218141E-004
          25           4   6.2949894608032900E-005
          25           5  -2.0751032156408111E-017
          25           6   8.4647478351376625E-018
          25           7  -4.6358487658797039E-017
          25           8  -1.6934819646842987E-017
          25           9  -2.1730717242265517E-017
          25          10   7.2826451181195061E-017
          25          11   2.4114245301250642E-017
          25          12  -3.9992453842970157E-018
          25          13  -1.0142244596470465E-017
          25          14  -3.9330782888195547E-005
          25          15   3.5027138856131198E-017
          25          16  -3.9330782888213084E-005
          25          17   7.9877972242171307E-018
          25          18   3.1692914214469205E-017
          25          19  -3.9330782888211600E-005
          25          20   6.6609054636788460E-005
          25          21  -6.0205620443964492E-017
          25          22   6.6609054636769175E-005
          25          23  -1.2578010185124836E-017
          25          24  -3.3627870938917730E-017
          25          25   6.6609054636774297E-005
