           1           1   6.2018800037965747     
           1           2   36.353833308467948     
           1           3   113.15417873382081     
           1           4  -178.14961295968411     
           1           5   5.0520392288384892     
           1           6   1.2186226964222004E-011
           1           7   5.3534208185461061E-011
           1           8  -3.0350876142665720E-011
           1           9   7.1279590953505330E-013
           1          10  -1.9460399789071073E-012
           1          11   7.0369000766496505E-013
           1          12  -1.1821510642822604E-012
           1          13   6.8584254434926508E-014
           1          14   4.1740666639473178E-013
           1          15  -2.8823207154940079E-013
           1          16  -2.0920077007096272E-012
           1          17   1.0260410732720609E-012
           1          18  -2.3921732212509439     
           1          19   1.9080686119330099E-013
           1          20  -2.3921732212508848     
           1          21   1.2640147921582150E-013
           1          22   9.6120729539211584E-014
           1          23  -2.3921732212506224     
           1          24   32.149584903245625     
           1          25  -2.0204291493290777E-013
           1          26   32.149584903245525     
           1          27  -5.9237057808227833E-014
           1          28   5.9640292501537073E-015
           1          29   32.149584903245319     
           2           1   36.353833308467948     
           2           2   315.70991722792348     
           2           3   975.88681910261732     
           2           4  -1541.2178969032011     
           2           5   43.786103797043431     
           2           6  -1.1256283909174052E-012
           2           7   3.3380695416501096E-012
           2           8  -2.3388117648537550E-012
           2           9   1.0085119331461326E-011
           2          10  -1.2042778538140290E-013
           2          11  -2.4197156401421926E-012
           2          12  -1.0378393669139470E-011
           2          13  -4.2858508374198831E-014
           2          14   2.8311836865470606E-012
           2          15   1.4364927603298554E-012
           2          16  -1.0354306378748103E-012
           2          17  -4.9941922333907309E-013
           2          18  -19.752201115511141     
           2          19   1.3282694599282820E-012
           2          20  -19.752201115509081     
           2          21   1.1460473336754971E-012
           2          22   9.2677446336590265E-013
           2          23  -19.752201115508726     
           2          24   278.53942131429648     
           2          25  -1.6370169976853408E-012
           2          26   278.53942131429744     
           2          27  -6.6751275818229020E-013
           2          28  -2.1578380563362311E-013
           2          29   278.53942131429363     
           3           1   113.15417873382081     
           3           2   975.88681910261732     
           3           3   3050.2685950363962     
           3           4  -4795.3319225674268     
           3           5   136.02870287582280     
           3           6   1.4309908885090382E-012
           3           7   5.2723109679792427E-013
           3           8   2.7203240954164123E-013
           3           9   3.0516268672969414E-011
           3          10  -9.7758480380906706E-013
           3          11  -1.0002091826668520E-011
           3          12  -3.1533499488933074E-011
           3          13   5.5614758351532420E-013
           3          14   1.0634929115379667E-011
           3          15   4.5512407284045182E-012
           3          16  -2.4662207920305288E-012
           3          17  -1.7918604470088061E-012
           3          18  -65.794039292771515     
           3          19   5.2182308422594892E-012
           3          20  -65.794039292765675     
           3          21   3.1943901256014053E-012
           3          22   1.6813392594448694E-012
           3          23  -65.794039292762690     
           3          24   864.30414064101979     
           3          25  -5.1513879339730044E-012
           3          26   864.30414064102183     
           3          27  -1.6150193218837202E-012
           3          28   3.6665711575874686E-013
           3          29   864.30414064101399     
           4           1  -178.14961295968411     
           4           2  -1541.2178969032011     
           4           3  -4795.3319225674268     
           4           4   7552.8898563920748     
           4           5  -214.38609281848167     
           4           6   5.3610600954797773E-013
           4           7  -9.8772557133440548E-012
           4           8   6.0989575814442446E-012
           4           9  -4.8378201617155210E-011
           4          10   2.5584865046291187E-012
           4          11   1.3305214595718574E-011
           4          12   4.9938417104716763E-011
           4          13  -1.6773080882137272E-012
           4          14  -1.4818343236109391E-011
           4          15  -7.1063073767238544E-012
           4          16   4.4400560142813448E-012
           4          17   2.6257061696235845E-012
           4          18   100.82278529162051     
           4          19  -7.5164585828279224E-012
           4          20   100.82278529161096     
           4          21  -5.2715513812261171E-012
           4          22  -3.4255796252219056E-012
           4          23   100.82278529160746     
           4          24  -1362.8369790983697     
           4          25   8.0759170258529853E-012
           4          26  -1362.8369790983736     
           4          27   2.8427116602451079E-012
           4          28   9.4215558926722596E-014
           4          29  -1362.8369790983586     
           5           1   5.0520392288384892     
           5           2   43.786103797043431     
           5           3   136.02870287582280     
           5           4  -214.38609281848167     
           5           5   6.0865486542030025     
           5           6   2.6351780500660872E-013
           5           7   1.6846104167842805E-012
           5           8  -9.7657102661175590E-013
           5           9   1.2542226079890246E-012
           5          10  -6.0967264166383290E-013
           5          11  -5.7608455921557496E-014
           5          12  -1.3145078358761727E-012
           5          13   5.1165183651756732E-013
           5          14   1.4528977439377549E-013
           5          15   1.9250340153862332E-013
           5          16  -1.6853641888525553E-013
           5          17  -5.1643939347770168E-014
           5          18  -2.8352754672890508     
           5          19   2.0668699361814444E-013
           5          20  -2.8352754672887754     
           5          21   1.5189692038303414E-013
           5          22   1.0454896437054601E-013
           5          23  -2.8352754672886880     
           5          24   38.697943205575690     
           5          25  -2.2885208280750649E-013
           5          26   38.697943205575804     
           5          27  -8.3529923604312898E-014
           5          28  -9.0376639932905908E-015
           5          29   38.697943205575356     
           6           1   1.2186226964222004E-011
           6           2  -1.1256283909174052E-012
           6           3   1.4309908885090382E-012
           6           4   5.3610600954797773E-013
           6           5   2.6351780500660872E-013
           6           6   1.8807285770268869     
           6           7  -7.7715611723760958E-016
           6           8  -1.2323475573339238E-014
           6           9 -0.70118401911913875     
           6          10  -2.9115598820794730E-014
           6          11  -1.1302070390684094E-013
           6          12  0.60264684056451945     
           6          13   7.9936057773011271E-015
           6          14   1.1285417045314716E-013
           6          15  -5.4396445278965561E-002
           6          16   1.5664552988070568E-014
           6          17  -2.4438784329561258E-014
           6          18  -9.4278684128393817E-013
           6          19   6.7159791362287969E-015
           6          20  -8.3447610299348996E-013
           6          21   5.7877975862908758E-015
           6          22   8.3006348159316669E-015
           6          23  -9.0532193522970984E-013
           6          24  -3.4160259590581217E-013
           6          25   1.2930904241944802E-014
           6          26  -2.5342067846796232E-013
           6          27  -3.8267221821282453E-015
           6          28  -5.3184660475218642E-016
           6          29  -3.0360738681450584E-013
           7           1   5.3534208185461061E-011
           7           2   3.3380695416501096E-012
           7           3   5.2723109679792427E-013
           7           4  -9.8772557133440548E-012
           7           5   1.6846104167842805E-012
           7           6  -7.7715611723760958E-016
           7           7   1.8807285770268778     
           7           8  -5.3290705182007514E-015
           7           9   1.2934098236883074E-014
           7          10 -0.70118401911916317     
           7          11  -8.4099394115355608E-015
           7          12  -2.2370993946196904E-014
           7          13  0.60264684056455797     
           7          14   4.1355807667287081E-015
           7          15   8.1497308901390397E-015
           7          16  -5.4396445278969911E-002
           7          17  -6.7688910032615013E-015
           7          18  -3.2596297915662141E-014
           7          19  -1.6592686529711608E-014
           7          20  -1.5753281196573628E-015
           7          21   1.1440028657099803E-014
           7          22   1.1323160804401691E-014
           7          23   1.1605975350456460E-013
           7          24   3.2421988111531712E-012
           7          25   2.1073870516163908E-014
           7          26   3.2408179590265910E-012
           7          27  -5.1822469772684483E-015
           7          28  -8.1279744859448568E-015
           7          29   3.3284301081686394E-012
           8           1  -3.0350876142665720E-011
           8           2  -2.3388117648537550E-012
           8           3   2.7203240954164123E-013
           8           4   6.0989575814442446E-012
           8           5  -9.7657102661175590E-013
           8           6  -1.2323475573339238E-014
           8           7  -5.3290705182007514E-015
           8           8   1.8807285770268809     
           8           9  -4.0578651550049472E-014
           8          10  -2.7186586315508521E-014
           8          11 -0.70118401911915096     
           8          12   3.3306690738754696E-014
           8          13   1.1823875212257917E-014
           8          14  0.60264684056453732     
           8          15  -3.9863945477947027E-015
           8          16   6.9493022447630892E-015
           8          17  -5.4396445278972361E-002
           8          18  -2.4850542840447881E-013
           8          19  -1.1891545557399113E-014
           8          20  -2.6533197952328003E-013
           8          21  -1.8324544022871501E-014
           8          22  -7.9774862337806593E-015
           8          23  -3.7662218299143219E-013
           8          24  -2.0891311566787062E-012
           8          25  -3.7457692864224348E-015
           8          26  -2.0384862276362436E-012
           8          27  -1.0282663618634176E-014
           8          28  -3.6937627960605491E-015
           8          29  -2.1366650470900634E-012
           9           1   7.1279590953505330E-013
           9           2   1.0085119331461326E-011
           9           3   3.0516268672969414E-011
           9           4  -4.8378201617155210E-011
           9           5   1.2542226079890246E-012
           9           6 -0.70118401911913875     
           9           7   1.2934098236883074E-014
           9           8  -4.0578651550049472E-014
           9           9  0.26141944918245369     
           9          10   6.1478599988618043E-015
           9          11   5.8966720395403627E-014
           9          12 -0.22468225289822857     
           9          13   1.0685896612017132E-015
           9          14  -5.6524229741228282E-014
           9          15   2.0280394838682825E-002
           9          16  -6.2042385118310506E-015
           9          17   1.0420483920192680E-014
           9          18  -4.3437889696182699E-013
           9          19  -2.5038898756508159E-015
           9          20  -4.7475992786468847E-013
           9          21  -2.1578399046634960E-015
           9          22  -3.0946902984982800E-015
           9          23  -4.4834677819872173E-013
           9          24   8.7683147400351302E-012
           9          25  -4.8209739130400995E-015
           9          26   8.7354382516153177E-012
           9          27   1.4267005204855940E-015
           9          28   1.9828610279660029E-016
           9          29   8.7541491481770181E-012
          10           1  -1.9460399789071073E-012
          10           2  -1.2042778538140290E-013
          10           3  -9.7758480380906706E-013
          10           4   2.5584865046291187E-012
          10           5  -6.0967264166383290E-013
          10           6  -2.9115598820794730E-014
          10           7 -0.70118401911916317     
          10           8  -2.7186586315508521E-014
          10           9   6.1478599988618043E-015
          10          10  0.26141944918247317     
          10          11   1.3995749004180880E-014
          10          12  -1.0824674490095276E-015
          10          13 -0.22468225289825183     
          10          14  -1.0873246747422627E-014
          10          15  -2.1866189414687653E-015
          10          16   2.0280394838685250E-002
          10          17   3.3675319477399768E-015
          10          18   4.6857242234645940E-013
          10          19   6.1861805956228575E-015
          10          20   4.5700700639707808E-013
          10          21  -4.2651371231734985E-015
          10          22  -4.2215657795460465E-015
          10          23   4.1314962031401648E-013
          10          24  -6.4340431821937771E-013
          10          25  -7.8568813212075225E-015
          10          26  -6.4288950100823665E-013
          10          27   1.9320750521830098E-015
          10          28   3.0303180835544931E-015
          10          29  -6.7555356514172429E-013
          11           1   7.0369000766496505E-013
          11           2  -2.4197156401421926E-012
          11           3  -1.0002091826668520E-011
          11           4   1.3305214595718574E-011
          11           5  -5.7608455921557496E-014
          11           6  -1.1302070390684094E-013
          11           7  -8.4099394115355608E-015
          11           8 -0.70118401911915096     
          11           9   5.8966720395403627E-014
          11          10   1.3995749004180880E-014
          11          11  0.26141944918246363     
          11          12  -5.0112691774018003E-014
          11          13  -7.7299278089526524E-015
          11          14 -0.22468225289823984     
          11          15   4.8901854787786192E-015
          11          16  -2.2911360308963680E-015
          11          17   2.0280394838685781E-002
          11          18   3.0065348367740041E-013
          11          19   4.4334742446093654E-015
          11          20   3.0692685501181350E-013
          11          21   6.8318616430777458E-015
          11          22   2.9742121898914009E-015
          11          23   3.4841870721627308E-013
          11          24  -2.0937270845931425E-012
          11          25   1.3965191974898890E-015
          11          26  -2.1126088176225594E-012
          11          27   3.8336416489787874E-015
          11          28   1.3771298392578097E-015
          11          29  -2.0760052268350923E-012
          12           1  -1.1821510642822604E-012
          12           2  -1.0378393669139470E-011
          12           3  -3.1533499488933074E-011
          12           4   4.9938417104716763E-011
          12           5  -1.3145078358761727E-012
          12           6  0.60264684056451945     
          12           7  -2.2370993946196904E-014
          12           8   3.3306690738754696E-014
          12           9 -0.22468225289822857     
          12          10  -1.0824674490095276E-015
          12          11  -5.0112691774018003E-014
          12          12  0.19310772371871351     
          12          13  -4.5172199314436057E-015
          12          14   4.8114290329692722E-014
          12          15  -1.7430397073634037E-002
          12          16   5.6578006168983563E-015
          12          17  -8.9104071343548696E-015
          12          18   4.8439659673989712E-013
          12          19   2.1520189872140998E-015
          12          20   5.1910289355900159E-013
          12          21   1.8545993141979453E-015
          12          22   2.6597944049741117E-015
          12          23   4.9640157584275496E-013
          12          24  -9.0468770771868941E-012
          12          25   4.1434839042610788E-015
          12          26  -9.0186207117609285E-012
          12          27  -1.2262067269888281E-015
          12          28  -1.7042101662381370E-016
          12          29  -9.0347021716767012E-012
          13           1   6.8584254434926508E-014
          13           2  -4.2858508374198831E-014
          13           3   5.5614758351532420E-013
          13           4  -1.6773080882137272E-012
          13           5   5.1165183651756732E-013
          13           6   7.9936057773011271E-015
          13           7  0.60264684056455797     
          13           8   1.1823875212257917E-014
          13           9   1.0685896612017132E-015
          13          10 -0.22468225289825183     
          13          11  -7.7299278089526524E-015
          13          12  -4.5172199314436057E-015
          13          13  0.19310772371873913     
          13          14   5.6690763194922056E-015
          13          15   2.3731017151362721E-015
          13          16  -1.7430397073636632E-002
          13          17  -2.5604518505417673E-015
          13          18  -4.1091847824477303E-013
          13          19  -5.3168385038216249E-015
          13          20  -4.0097834670761172E-013
          13          21   3.6657586906802364E-015
          13          22   3.6283104148051899E-015
          13          23  -3.6328422585259244E-013
          13          24   4.4111706578633300E-013
          13          25   6.7527561607450890E-015
          13          26   4.4067459568262087E-013
          13          27  -1.6605611282991939E-015
          13          28  -2.6044683979734666E-015
          13          29   4.6874838874297728E-013
          14           1   4.1740666639473178E-013
          14           2   2.8311836865470606E-012
          14           3   1.0634929115379667E-011
          14           4  -1.4818343236109391E-011
          14           5   1.4528977439377549E-013
          14           6   1.1285417045314716E-013
          14           7   4.1355807667287081E-015
          14           8  0.60264684056453732     
          14           9  -5.6524229741228282E-014
          14          10  -1.0873246747422627E-014
          14          11 -0.22468225289823984     
          14          12   4.8114290329692722E-014
          14          13   5.6690763194922056E-015
          14          14  0.19310772371872559     
          14          15  -4.6568651712597386E-015
          14          16   2.0582494042464816E-015
          14          17  -1.7430397073636795E-002
          14          18  -2.6916848612417891E-013
          14          19  -3.8104394472578214E-015
          14          20  -2.7456026247865097E-013
          14          21  -5.8717821885646855E-015
          14          22  -2.5562470485909022E-015
          14          23  -3.1022127721705457E-013
          14          24   2.4341330309215303E-012
          14          25  -1.2002667762140091E-015
          14          26   2.4503613197076912E-012
          14          27  -3.2949011452334426E-015
          14          28  -1.1836021986391606E-015
          14          29   2.4189016204848260E-012
          15           1  -2.8823207154940079E-013
          15           2   1.4364927603298554E-012
          15           3   4.5512407284045182E-012
          15           4  -7.1063073767238544E-012
          15           5   1.9250340153862332E-013
          15           6  -5.4396445278965561E-002
          15           7   8.1497308901390397E-015
          15           8  -3.9863945477947027E-015
          15           9   2.0280394838682825E-002
          15          10  -2.1866189414687653E-015
          15          11   4.8901854787786192E-015
          15          12  -1.7430397073634037E-002
          15          13   2.3731017151362721E-015
          15          14  -4.6568651712597386E-015
          15          15   1.5733122233220539E-003
          15          16  -6.8808890876792539E-016
          15          17   8.3255884825161885E-016
          15          18  -9.5703903426938839E-014
          15          19  -1.9424673821382320E-016
          15          20  -9.8836582549531193E-014
          15          21  -1.6740087779253076E-016
          15          22  -2.4007984622094840E-016
          15          23  -9.6787503547080779E-014
          15          24   1.2734332671171255E-012
          15          25  -3.7400145539880192E-016
          15          26   1.2708827752997087E-012
          15          27   1.1068055556801814E-016
          15          28   1.5382636866188470E-017
          15          29   1.2723343290048335E-012
          16           1  -2.0920077007096272E-012
          16           2  -1.0354306378748103E-012
          16           3  -2.4662207920305288E-012
          16           4   4.4400560142813448E-012
          16           5  -1.6853641888525553E-013
          16           6   1.5664552988070568E-014
          16           7  -5.4396445278969911E-002
          16           8   6.9493022447630892E-015
          16           9  -6.2042385118310506E-015
          16          10   2.0280394838685250E-002
          16          11  -2.2911360308963680E-015
          16          12   5.6578006168983563E-015
          16          13  -1.7430397073636632E-002
          16          14   2.0582494042464816E-015
          16          15  -6.8808890876792539E-016
          16          16   1.5733122233223132E-003
          16          17  -7.5894152073985310E-019
          16          18  -1.9544812030939140E-015
          16          19   4.7991144277018119E-016
          16          20  -2.8517029003526788E-015
          16          21  -3.3088075570999308E-016
          16          22  -3.2750057857751506E-016
          16          23  -6.2540706628532288E-015
          16          24  -8.7756366632876434E-013
          16          25  -6.0952104324854410E-016
          16          26  -8.7752372784528927E-013
          16          27   1.4988649482774859E-016
          16          28   2.3508597932659187E-016
          16          29  -8.8005774021407460E-013
          17           1   1.0260410732720609E-012
          17           2  -4.9941922333907309E-013
          17           3  -1.7918604470088061E-012
          17           4   2.6257061696235845E-012
          17           5  -5.1643939347770168E-014
          17           6  -2.4438784329561258E-014
          17           7  -6.7688910032615013E-015
          17           8  -5.4396445278972361E-002
          17           9   1.0420483920192680E-014
          17          10   3.3675319477399768E-015
          17          11   2.0280394838685781E-002
          17          12  -8.9104071343548696E-015
          17          13  -2.5604518505417673E-015
          17          14  -1.7430397073636795E-002
          17          15   8.3255884825161885E-016
          17          16  -7.5894152073985310E-019
          17          17   1.5733122233224529E-003
          17          18   4.6193116755836995E-014
          17          19   3.4394001085154303E-016
          17          20   4.6679792280580894E-014
          17          21   5.3000207918094402E-016
          17          22   2.3073339698365044E-016
          17          23   4.9898646684677502E-014
          17          24  -4.4303400449168425E-013
          17          25   1.0833914925754773E-016
          17          26  -4.4449881134633012E-013
          17          27   2.9740620506782782E-016
          17          28   1.0683496186750705E-016
          17          29  -4.4165917842680944E-013
          18           1  -2.3921732212509439     
          18           2  -19.752201115511141     
          18           3  -65.794039292771515     
          18           4   100.82278529162051     
          18           5  -2.8352754672890508     
          18           6  -9.4278684128393817E-013
          18           7  -3.2596297915662141E-014
          18           8  -2.4850542840447881E-013
          18           9  -4.3437889696182699E-013
          18          10   4.6857242234645940E-013
          18          11   3.0065348367740041E-013
          18          12   4.8439659673989712E-013
          18          13  -4.1091847824477303E-013
          18          14  -2.6916848612417891E-013
          18          15  -9.5703903426938839E-014
          18          16  -1.9544812030939140E-015
          18          17   4.6193116755836995E-014
          18          18   1.9016764485897626     
          18          19  -2.3947874225009424E-013
          18          20   1.9016764485897115     
          18          21  -2.2787909343847531E-014
          18          22   1.0825151908193117E-013
          18          23   1.9016764485894220     
          18          24  -17.892436929371634     
          18          25   1.1528412001002197E-013
          18          26  -17.892436929371573     
          18          27  -2.1267888681530275E-014
          18          28  -1.3178576183534522E-013
          18          29  -17.892436929371904     
          19           1   1.9080686119330099E-013
          19           2   1.3282694599282820E-012
          19           3   5.2182308422594892E-012
          19           4  -7.5164585828279224E-012
          19           5   2.0668699361814444E-013
          19           6   6.7159791362287969E-015
          19           7  -1.6592686529711608E-014
          19           8  -1.1891545557399113E-014
          19           9  -2.5038898756508159E-015
          19          10   6.1861805956228575E-015
          19          11   4.4334742446093654E-015
          19          12   2.1520189872140998E-015
          19          13  -5.3168385038216249E-015
          19          14  -3.8104394472578214E-015
          19          15  -1.9424673821382320E-016
          19          16   4.7991144277018119E-016
          19          17   3.4394001085154303E-016
          19          18  -2.3947874225009424E-013
          19          19   4.2609229322646306E-026
          19          20  -2.3947874225010449E-013
          19          21  -6.6137233948666908E-027
          19          22  -3.5062568240190460E-026
          19          23  -2.3947874225003992E-013
          19          24   1.2812350132913920E-012
          19          25  -1.0082293944566268E-026
          19          26   1.2812350132913661E-012
          19          27   1.2123779612373743E-026
          19          28   3.3330189822365274E-026
          19          29   1.2812350132914851E-012
          20           1  -2.3921732212508848     
          20           2  -19.752201115509081     
          20           3  -65.794039292765675     
          20           4   100.82278529161096     
          20           5  -2.8352754672887754     
          20           6  -8.3447610299348996E-013
          20           7  -1.5753281196573628E-015
          20           8  -2.6533197952328003E-013
          20           9  -4.7475992786468847E-013
          20          10   4.5700700639707808E-013
          20          11   3.0692685501181350E-013
          20          12   5.1910289355900159E-013
          20          13  -4.0097834670761172E-013
          20          14  -2.7456026247865097E-013
          20          15  -9.8836582549531193E-014
          20          16  -2.8517029003526788E-015
          20          17   4.6679792280580894E-014
          20          18   1.9016764485897115     
          20          19  -2.3947874225010449E-013
          20          20   1.9016764485896607     
          20          21  -2.2787909343833896E-014
          20          22   1.0825151908195585E-013
          20          23   1.9016764485893711     
          20          24  -17.892436929369872     
          20          25   1.1528412001001485E-013
          20          26  -17.892436929369808     
          20          27  -2.1267888681542755E-014
          20          28  -1.3178576183536418E-013
          20          29  -17.892436929370138     
          21           1   1.2640147921582150E-013
          21           2   1.1460473336754971E-012
          21           3   3.1943901256014053E-012
          21           4  -5.2715513812261171E-012
          21           5   1.5189692038303414E-013
          21           6   5.7877975862908758E-015
          21           7   1.1440028657099803E-014
          21           8  -1.8324544022871501E-014
          21           9  -2.1578399046634960E-015
          21          10  -4.2651371231734985E-015
          21          11   6.8318616430777458E-015
          21          12   1.8545993141979453E-015
          21          13   3.6657586906802364E-015
          21          14  -5.8717821885646855E-015
          21          15  -1.6740087779253076E-016
          21          16  -3.3088075570999308E-016
          21          17   5.3000207918094402E-016
          21          18  -2.2787909343847531E-014
          21          19  -6.6137233948666908E-027
          21          20  -2.2787909343833896E-014
          21          21   8.0239501727803528E-027
          21          22   1.5776380540314495E-026
          21          23  -2.2787909343850393E-014
          21          24   9.7689129781590940E-013
          21          25  -4.8103814881118591E-027
          21          26   9.7689129781592131E-013
          21          27  -6.9861814570938369E-027
          21          28  -1.1462636878200583E-026
          21          29   9.7689129781586679E-013
          22           1   9.6120729539211584E-014
          22           2   9.2677446336590265E-013
          22           3   1.6813392594448694E-012
          22           4  -3.4255796252219056E-012
          22           5   1.0454896437054601E-013
          22           6   8.3006348159316669E-015
          22           7   1.1323160804401691E-014
          22           8  -7.9774862337806593E-015
          22           9  -3.0946902984982800E-015
          22          10  -4.2215657795460465E-015
          22          11   2.9742121898914009E-015
          22          12   2.6597944049741117E-015
          22          13   3.6283104148051899E-015
          22          14  -2.5562470485909022E-015
          22          15  -2.4007984622094840E-016
          22          16  -3.2750057857751506E-016
          22          17   2.3073339698365044E-016
          22          18   1.0825151908193117E-013
          22          19  -3.5062568240190460E-026
          22          20   1.0825151908195585E-013
          22          21   1.5776380540314495E-026
          22          22   4.4535348739271206E-026
          22          23   1.0825151908189268E-013
          22          24   7.0131933687337868E-013
          22          25  -1.5001121105722877E-027
          22          26   7.0131933687341069E-013
          22          27  -1.7637944606113760E-026
          22          28  -3.6890288442044957E-026
          22          29   7.0131933687325832E-013
          23           1  -2.3921732212506224     
          23           2  -19.752201115508726     
          23           3  -65.794039292762690     
          23           4   100.82278529160746     
          23           5  -2.8352754672886880     
          23           6  -9.0532193522970984E-013
          23           7   1.1605975350456460E-013
          23           8  -3.7662218299143219E-013
          23           9  -4.4834677819872173E-013
          23          10   4.1314962031401648E-013
          23          11   3.4841870721627308E-013
          23          12   4.9640157584275496E-013
          23          13  -3.6328422585259244E-013
          23          14  -3.1022127721705457E-013
          23          15  -9.6787503547080779E-014
          23          16  -6.2540706628532288E-015
          23          17   4.9898646684677502E-014
          23          18   1.9016764485894220     
          23          19  -2.3947874225003992E-013
          23          20   1.9016764485893711     
          23          21  -2.2787909343850393E-014
          23          22   1.0825151908189268E-013
          23          23   1.9016764485890814     
          23          24  -17.892436929369371     
          23          25   1.1528412001000791E-013
          23          26  -17.892436929369307     
          23          27  -2.1267888681517209E-014
          23          28  -1.3178576183530589E-013
          23          29  -17.892436929369637     
          24           1   32.149584903245625     
          24           2   278.53942131429648     
          24           3   864.30414064101979     
          24           4  -1362.8369790983697     
          24           5   38.697943205575690     
          24           6  -3.4160259590581217E-013
          24           7   3.2421988111531712E-012
          24           8  -2.0891311566787062E-012
          24           9   8.7683147400351302E-012
          24          10  -6.4340431821937771E-013
          24          11  -2.0937270845931425E-012
          24          12  -9.0468770771868941E-012
          24          13   4.4111706578633300E-013
          24          14   2.4341330309215303E-012
          24          15   1.2734332671171255E-012
          24          16  -8.7756366632876434E-013
          24          17  -4.4303400449168425E-013
          24          18  -17.892436929371634     
          24          19   1.2812350132913920E-012
          24          20  -17.892436929369872     
          24          21   9.7689129781590940E-013
          24          22   7.0131933687337868E-013
          24          23  -17.892436929369371     
          24          24   246.07107313411035     
          24          25  -1.4532435350803590E-012
          24          26   246.07107313411109     
          24          27  -5.4485398240507646E-013
          24          28  -8.8768364612562157E-014
          24          29   246.07107313410810     
          25           1  -2.0204291493290777E-013
          25           2  -1.6370169976853408E-012
          25           3  -5.1513879339730044E-012
          25           4   8.0759170258529853E-012
          25           5  -2.2885208280750649E-013
          25           6   1.2930904241944802E-014
          25           7   2.1073870516163908E-014
          25           8  -3.7457692864224348E-015
          25           9  -4.8209739130400995E-015
          25          10  -7.8568813212075225E-015
          25          11   1.3965191974898890E-015
          25          12   4.1434839042610788E-015
          25          13   6.7527561607450890E-015
          25          14  -1.2002667762140091E-015
          25          15  -3.7400145539880192E-016
          25          16  -6.0952104324854410E-016
          25          17   1.0833914925754773E-016
          25          18   1.1528412001002197E-013
          25          19  -1.0082293944566268E-026
          25          20   1.1528412001001485E-013
          25          21  -4.8103814881118591E-027
          25          22  -1.5001121105722877E-027
          25          23   1.1528412001000791E-013
          25          24  -1.4532435350803590E-012
          25          25   9.1329416217186524E-027
          25          26  -1.4532435350803604E-012
          25          27   2.1429058242669100E-027
          25          28  -1.8044045169905629E-027
          25          29  -1.4532435350803511E-012
          26           1   32.149584903245525     
          26           2   278.53942131429744     
          26           3   864.30414064102183     
          26           4  -1362.8369790983736     
          26           5   38.697943205575804     
          26           6  -2.5342067846796232E-013
          26           7   3.2408179590265910E-012
          26           8  -2.0384862276362436E-012
          26           9   8.7354382516153177E-012
          26          10  -6.4288950100823665E-013
          26          11  -2.1126088176225594E-012
          26          12  -9.0186207117609285E-012
          26          13   4.4067459568262087E-013
          26          14   2.4503613197076912E-012
          26          15   1.2708827752997087E-012
          26          16  -8.7752372784528927E-013
          26          17  -4.4449881134633012E-013
          26          18  -17.892436929371573     
          26          19   1.2812350132913661E-012
          26          20  -17.892436929369808     
          26          21   9.7689129781592131E-013
          26          22   7.0131933687341069E-013
          26          23  -17.892436929369307     
          26          24   246.07107313411109     
          26          25  -1.4532435350803604E-012
          26          26   246.07107313411186     
          26          27  -5.4485398240509110E-013
          26          28  -8.8768364612590316E-014
          26          29   246.07107313410887     
          27           1  -5.9237057808227833E-014
          27           2  -6.6751275818229020E-013
          27           3  -1.6150193218837202E-012
          27           4   2.8427116602451079E-012
          27           5  -8.3529923604312898E-014
          27           6  -3.8267221821282453E-015
          27           7  -5.1822469772684483E-015
          27           8  -1.0282663618634176E-014
          27           9   1.4267005204855940E-015
          27          10   1.9320750521830098E-015
          27          11   3.8336416489787874E-015
          27          12  -1.2262067269888281E-015
          27          13  -1.6605611282991939E-015
          27          14  -3.2949011452334426E-015
          27          15   1.1068055556801814E-016
          27          16   1.4988649482774859E-016
          27          17   2.9740620506782782E-016
          27          18  -2.1267888681530275E-014
          27          19   1.2123779612373743E-026
          27          20  -2.1267888681542755E-014
          27          21  -6.9861814570938369E-027
          27          22  -1.7637944606113760E-026
          27          23  -2.1267888681517209E-014
          27          24  -5.4485398240507646E-013
          27          25   2.1429058242669100E-027
          27          26  -5.4485398240509110E-013
          27          27   7.4768825934538671E-027
          27          28   1.4268729500241003E-026
          27          29  -5.4485398240502800E-013
          28           1   5.9640292501537073E-015
