           1           1   2.2861626813693530     
           1           2 -0.85190879236487849     
           1           3   9.5931793069641641E-002
           1           4  -1.7775766710602429E-002
           1           5   9.9478087671635559E-002
           1           6  -5.0902686670762755E-003
           1           7   4.9950101894666310E-005
           1           8   3.7132137469311136E-011
           1           9  -8.3655679048092519E-011
           1          10  -1.3618432925972136E-012
           1          11   7.5291111220935525E-012
           1          12   4.1234708140060249E-014
           1          13  -1.4448680503068910E-012
           1          14   9.3043558519470072E-012
           1          15   3.7703373827348790E-012
           1          16  -3.8532546842238149E-013
           1          17   9.7261472932131194E-012
           1          18   6.1024720127946406E-012
           1          19   6.4803907104389816E-013
           1          20  -2.3051223343969849E-012
           1          21  -1.3481553112773545E-012
           1          22  -1.9064810720278526E-013
           1          23   6.4161981829000270E-013
           1          24   4.1607730147439758E-013
           1          25   8.0395513520605318E-014
           1          26  -4.2893392823248094E-004
           1          27   4.4562607824942336E-012
           1          28  -4.3061206360382037E-004
           1          29   3.3589259637715581E-011
           1          30   3.0716492356855249E-009
           1          31   1.8591829383890974E-003
           1          32   1.2545630761738142E-003
           1          33   1.8751701194435060E-012
           1          34   1.2539642524191693E-003
           1          35  -1.0108242980215100E-011
           1          36  -6.5351269919888445E-010
           1          37   1.0306022523021239E-003
           1          38   1.1026673712759185E-004
           1          39   5.0557860006808180E-013
           1          40   1.1023854170448734E-004
           1          41   1.2694168378787983E-011
           1          42  -1.0945469593036856E-009
           1          43  -5.8829073166014316E-004
           1          44  -6.2074255690293075E-004
           1          45  -5.5253569496449718E-014
           1          46  -6.2071411496981228E-004
           1          47  -3.8802865809511835E-012
           1          48  -2.2786297929072411E-011
           1          49  -6.4074714175396457E-004
           1          50  -6.4961707812313808E-012
           1          51  -9.8744041598157605E-013
           1          52  -3.0206960085022853E-012
           1          53  -1.9284923578281462E-012
           1          54   2.6208328744112923E-013
           1          55  -7.8207456838159404E-014
           1          56   2.3695844989596941E-013
           1          57  -2.8127075313589609E-012
           1          58  -9.0250401963860033E-013
           1          59   7.0684940010480427E-013
           1          60  -7.7315610281802453E-012
           1          61  -1.8172536413711760E-012
           1          62  -3.4328361962556615E-012
           1          63  -4.1567566417889580E-012
           1          64  -7.5066677376006487E-014
           1          65   2.1777033661864420E-014
           1          66  -4.2793956231784078E-014
           1          67  -3.4541348515850803E-012
           1          68  -1.8209120141847627E-012
           1          69  -1.8317611156822689E-013
           2           1 -0.85190879236487849     
           2           2   2.5570241404971492     
           2           3 -0.39270531207944237     
           2           4   6.7374221420789707E-002
           2           5 -0.39707426338358365     
           2           6   1.9008189568008149E-002
           2           7  -1.9603463575344640E-004
           2           8  -1.2745125614912064E-010
           2           9   1.7016618975121140E-010
           2          10   9.1455732329963211E-012
           2          11  -5.0029627962506568E-012
           2          12   1.8674032553838071E-011
           2          13   6.6351442094863552E-012
           2          14  -1.7811909668360350E-011
           2          15  -1.9774417216710689E-012
           2          16   2.0171667764672582E-012
           2          17  -2.3803060347047714E-011
           2          18  -1.3941497834017180E-011
           2          19  -2.0768577201602575E-012
           2          20   6.1143728076791089E-012
           2          21   3.2464549619262050E-012
           2          22   6.3852295469956372E-013
           2          23  -1.7272443815411081E-012
           2          24  -1.0682829858062755E-012
           2          25  -2.7876577819630941E-013
           2          26   2.2930945259163268E-003
           2          27  -1.7191578636649918E-011
           2          28   2.2997612711622866E-003
           2          29  -1.2400486516742360E-010
           2          30  -1.1993569534609917E-008
           2          31  -6.7302070543221919E-003
           2          32  -4.4843679020663708E-003
           2          33  -7.3813299091005167E-012
           2          34  -4.4819461199578454E-003
           2          35   3.0852533831355688E-011
           2          36   2.5971640778935471E-009
           2          37  -3.6107939929073529E-003
           2          38  -6.1853016792918223E-004
           2          39  -1.9535462037093070E-012
           2          40  -6.1838486212422534E-004
           2          41  -4.6549840908999356E-011
           2          42   4.0636455590793110E-009
           2          43   1.9573382538234357E-003
           2          44   2.3378419097822632E-003
           2          45   2.0361059673798690E-013
           2          46   2.3377338903406378E-003
           2          47   1.3920495487043643E-011
           2          48   1.0405034551766250E-010
           2          49   2.4265461149161889E-003
           2          50   1.0476929186488087E-011
           2          51  -7.6744348376473811E-013
           2          52   5.1418079199596867E-012
           2          53  -2.3534735915584229E-012
           2          54  -1.1841088536910524E-012
           2          55   2.8498357949757416E-013
           2          56  -1.1086297929178018E-012
           2          57   4.4030842888830455E-012
           2          58  -1.1748700801240578E-012
           2          59  -3.0782360810280361E-012
           2          60   1.7227646181466889E-011
           2          61   3.1312508774862647E-012
           2          62   7.5969054434870032E-012
           2          63   7.2009014554391279E-012
           2          64   1.0055377663821158E-013
           2          65  -7.9820104358453562E-014
           2          66  -1.0338320255860266E-014
           2          67   7.6834591307543291E-012
           2          68   3.1543108881110811E-012
           2          69   3.4332397076091632E-013
           3           1   9.5931793069641641E-002
           3           2 -0.39270531207944237     
           3           3  0.57659596219242293     
           3           4  -1.2230545139712640E-002
           3           5  0.55729479156035100     
           3           6   1.7877928858710881E-002
           3           7   2.6953350023421118E-003
           3           8  -2.2125911588242680E-010
           3           9  -6.9896378567045637E-011
           3          10   3.4066011325864477E-011
           3          11  -3.1593184122113307E-011
           3          12  -3.8118533819856309E-011
           3          13  -8.7282730648047284E-012
           3          14  -5.3267501850689261E-012
           3          15  -9.2171562720564897E-012
           3          16  -1.3837470406784285E-012
           3          17   7.5354764868034789E-012
           3          18   5.8221425770600311E-012
           3          19   2.1693906665068022E-012
           3          20  -2.4189246205778385E-012
           3          21  -2.3955340918259619E-012
           3          22  -7.6384759967172092E-013
           3          23   7.9068848264032367E-013
           3          24   6.8566084283963373E-013
           3          25   2.8303682183333467E-013
           3          26  -4.6282713934311104E-003
           3          27   4.3086565213504452E-012
           3          28  -4.6317559856981667E-003
           3          29   2.4368226702362221E-011
           3          30   1.4477895487423308E-008
           3          31   7.3629369471559219E-003
           3          32   1.0194737518058525E-003
           3          33   2.6014346047265342E-012
           3          34   1.0183625357926224E-003
           3          35   6.8517645929297187E-011
           3          36  -2.3736598323800998E-009
           3          37   9.1415950049651663E-004
           3          38   1.3924806112886774E-003
           3          39   5.6828333171266405E-013
           3          40   1.3921277602563613E-003
           3          41   1.0091873372553485E-011
           3          42  -5.3013848864324335E-011
           3          43   1.7707886407572026E-003
           3          44  -2.9991101462501753E-003
           3          45  -3.6790997128635090E-014
           3          46  -2.9991002198981450E-003
           3          47   5.2691192377038827E-013
           3          48   7.8934797031741146E-011
           3          49  -2.9810929612185070E-003
           3          50   8.4920500948161258E-012
           3          51   4.8188254566480980E-012
           3          52   3.0323833778990152E-012
           3          53   1.1647947075147479E-011
           3          54   9.0869895648633895E-013
           3          55   6.0863269919228605E-014
           3          56   9.4066522207858926E-013
           3          57   3.3895560259002460E-012
           3          58   5.0809967734682146E-012
           3          59   2.0414774748140872E-012
           3          60  -2.3122366977789930E-012
           3          61   3.3798130292104301E-015
           3          62  -7.9704225081731048E-013
           3          63  -5.3158640396046737E-014
           3          64  -3.2269321685301576E-013
           3          65  -5.4465129711648923E-014
           3          66  -2.7320602372368534E-013
           3          67  -7.9891946702151149E-013
           3          68  -8.2095346692994480E-015
           3          69  -7.4387292402741090E-013
           4           1  -1.7775766710602429E-002
           4           2   6.7374221420789707E-002
           4           3  -1.2230545139712640E-002
           4           4  0.44674441892608169     
           4           5  -1.4373333084995839E-002
           4           6  0.25459224334663888     
           4           7   1.5047474357047392E-002
           4           8   1.7669132439524065E-011
           4           9   1.3757735715723372E-009
           4          10   1.2057616531554445E-011
           4          11  -1.2857042235180004E-010
           4          12  -1.7344131866605164E-010
           4          13  -2.7432371054198772E-011
           4          14  -1.0559189328191272E-011
           4          15  -1.0863415921175611E-011
           4          16  -1.8996364837785938E-012
           4          17  -1.3604538051430327E-011
           4          18  -1.3206741840296640E-011
           4          19  -4.6547358791753251E-012
           4          20   7.1279567745681960E-012
           4          21  -2.0660794277354339E-012
           4          22   2.0603147338245821E-013
           4          23  -1.6161163011594619E-012
           4          24  -6.8337758289157615E-013
           4          25  -2.6525292716380657E-013
           4          26  -1.2905285391882097E-003
           4          27  -1.1557823804337753E-010
           4          28  -1.2548093988814630E-003
           4          29   1.3813986148158356E-010
           4          30  -1.2865385432747811E-008
           4          31  -6.2518940878205625E-003
           4          32  -2.1812053954256054E-002
           4          33  -5.5284438932841980E-011
           4          34  -2.1796837074611466E-002
           4          35   5.5157453809555812E-012
           4          36   1.4594087705030014E-008
           4          37  -9.7011710372545291E-003
           4          38   2.3128320288037609E-003
           4          39  -1.2147438928055829E-011
           4          40   2.3123711905734092E-003
           4          41  -9.6298604357691074E-012
           4          42   2.7467759155574122E-008
           4          43   2.1601438805127649E-002
           4          44  -7.1812299454080927E-004
           4          45   6.1834174731198943E-013
           4          46  -7.1886859914506679E-004
           4          47   1.5149089521595964E-012
           4          48   2.6466418008551017E-009
           4          49   1.1200448457746837E-003
           4          50  -9.4087137952618791E-013
           4          51   3.9468078978148802E-013
           4          52  -2.3283041925802607E-012
           4          53  -2.2992456916593354E-012
           4          54  -3.6731949891914243E-014
           4          55   6.7276684187987670E-014
           4          56  -8.2313282063067909E-014
           4          57  -3.1762889411748555E-012
           4          58   3.1185385023335598E-012
           4          59  -7.7607908088632087E-013
           4          60   5.6194254434164875E-012
           4          61   1.4127645668183414E-012
           4          62   2.8440494585045648E-012
           4          63   5.6477984132128331E-012
           4          64   6.6914069040766699E-013
           4          65  -3.0551747752466979E-014
           4          66   2.3308649777980848E-013
           4          67   2.4387961665146281E-012
           4          68   1.0505935388506901E-012
           4          69   1.2306542302786285E-012
           5           1   9.9478087671635559E-002
           5           2 -0.39707426338358365     
           5           3  0.55729479156035100     
           5           4  -1.4373333084995839E-002
           5           5  0.53878393292510340     
           5           6   1.5840511988706785E-002
           5           7   2.5213387871980669E-003
           5           8  -1.2021214037226189E-010
           5           9  -1.5301911233591397E-010
           5          10   3.4842786577464491E-011
           5          11  -2.8230515778784151E-011
           5          12  -3.4184447999974125E-011
           5          13  -7.9650996435137015E-012
           5          14  -4.9704298025410699E-012
           5          15  -8.6182377798642014E-012
           5          16  -1.3233623052564778E-012
           5          17   7.4361612309333879E-012
           5          18   5.8371174037574172E-012
           5          19   2.1240883605262565E-012
           5          20  -2.3946643479964638E-012
           5          21  -2.3306143274693534E-012
           5          22  -7.3976350873901784E-013
           5          23   7.7807370397518259E-013
           5          24   6.7382024359075651E-013
           5          25   2.7535312687970516E-013
           5          26  -4.4076108983019963E-003
           5          27   3.6215027788303287E-012
           5          28  -4.4104622084880146E-003
           5          29   1.7910749443139694E-011
           5          30   1.4032237042134485E-008
           5          31   7.0519801722758804E-003
           5          32   1.1407163082533846E-003
           5          33   2.2291171514076583E-012
           5          34   1.1398994473769122E-003
           5          35   6.2818635491981776E-011
           5          36  -2.3816046237035536E-009
           5          37   9.0511504491895404E-004
           5          38   1.3369401048288708E-003
           5          39   4.5026631118210943E-013
           5          40   1.3366850827084640E-003
           5          41   9.3972268517112910E-012
           5          42  -2.0818511854001537E-010
           5          43   1.5773875984384719E-003
           5          44  -2.8973257215158220E-003
           5          45  -3.3424321718596587E-014
           5          46  -2.8973159377414862E-003
           5          47   4.3245000512121759E-013
           5          48   6.2349095931598501E-011
           5          49  -2.8886996636564148E-003
           5          50   8.0718491581716111E-012
           5          51   4.5508126290728810E-012
           5          52   2.9883622843282294E-012
           5          53   1.1242986025790590E-011
           5          54   8.8160717928654253E-013
           5          55   5.6112036319344664E-014
           5          56   9.1196863973659118E-013
           5          57   3.3630722198026984E-012
           5          58   4.7394853313565039E-012
           5          59   1.9930086387784890E-012
           5          60  -2.2969185104513416E-012
           5          61  -4.6030650527572734E-014
           5          62  -8.2627137831516305E-013
           5          63  -2.4026662013209017E-013
           5          64  -3.1372097180196330E-013
           5          65  -5.1595558340272609E-014
           5          66  -2.6328682890496394E-013
           5          67  -8.3828178014306024E-013
           5          68  -4.3229555636904529E-014
           5          69  -7.2532433806217481E-013
           6           1  -5.0902686670762755E-003
           6           2   1.9008189568008149E-002
           6           3   1.7877928858710881E-002
           6           4  0.25459224334663888     
           6           5   1.5840511988706785E-002
           6           6  0.14617963261887673     
           6           7   8.7112948860515495E-003
           6           8  -9.2968606037061998E-010
           6           9   2.1679209691083937E-009
           6          10  -6.5242338930849754E-011
           6          11  -8.4812674643639207E-011
           6          12  -1.1045211896581651E-010
           6          13  -1.6709603818951384E-011
           6          14  -5.3635245709272054E-012
           6          15  -8.7177685761842160E-012
           6          16  -1.1491615351241555E-012
           6          17  -6.6919794229002614E-012
           6          18  -8.3810990243018868E-012
           6          19  -2.5730118811842822E-012
           6          20   3.8258486873419434E-012
           6          21  -1.0817254969447863E-012
           6          22   7.8320085211824140E-014
           6          23  -8.5249857860285669E-013
           6          24  -4.1334127845497480E-013
           6          25  -1.3765915776665351E-013
           6          26  -2.5058971574304346E-003
           6          27  -2.8869030750633886E-011
           6          28  -2.5056718301264265E-003
           6          29   2.0713472391621749E-010
           6          30  -4.2024077595668900E-009
           6          31  -9.1208069626386753E-005
           6          32  -1.3121902784715100E-002
           6          33  -1.3275440890246141E-011
           6          34  -1.3122786845935231E-002
           6          35   6.7344287620787285E-011
           6          36   9.2820881321349344E-009
           6          37  -4.0883271082230877E-003
           6          38   1.2522435424579758E-003
           6          39  -1.7036191532233490E-012
           6          40   1.2496449373263826E-003
           6          41   1.0221813262680223E-011
           6          42   1.5774796081019659E-008
           6          43   1.2669431460622138E-002
           6          44  -5.3414020111643720E-004
           6          45   1.5316157787712251E-013
           6          46  -5.3445111210621528E-004
           6          47   7.5321250007556836E-014
           6          48   1.5122450027216946E-009
           6          49   4.9667818989608309E-004
           6          50   1.9748581347910844E-013
           6          51   1.9579418118435767E-012
           6          52  -2.4601785163033947E-012
           6          53  -9.1161515114146919E-013
           6          54   3.6896109547143586E-014
           6          55   4.0910443860729385E-014
           6          56   1.4180499442206129E-014
           6          57  -3.6033581820267679E-012
           6          58   4.0717144225512614E-012
           6          59  -4.4184715390032754E-013
           6          60   1.8750717255196158E-012
           6          61   1.0761880069695526E-012
           6          62   1.4242815020336992E-012
           6          63   4.8982742415458962E-012
           6          64   3.4437543589376806E-013
           6          65  -2.0964997508285317E-014
           6          66   9.8247888767975440E-014
           6          67   1.4515140071319719E-012
           6          68   6.7572409596019581E-013
           6          69   6.7819111215503549E-013
           7           1   4.9950101894666310E-005
           7           2  -1.9603463575344640E-004
           7           3   2.6953350023421118E-003
           7           4   1.5047474357047392E-002
           7           5   2.5213387871980669E-003
           7           6   8.7112948860515495E-003
           7           7   5.2430767509917047E-004
           7           8  -5.1369579448872305E-010
           7           9   3.9644964957049903E-010
           7          10   2.9578973109985041E-011
           7          11  -1.8393662709393497E-011
           7          12  -2.3999690256006474E-011
           7          13  -3.4982611199559660E-012
           7          14  -4.2921409542373054E-013
           7          15  -1.6134127946378428E-012
           7          16  -1.8767825415093240E-013
           7          17  -1.7155487909611203E-013
           7          18  -7.9761626607757710E-013
           7          19  -1.5598924633528476E-013
           7          20   1.7325042090004419E-013
           7          21  -1.7133894940663689E-014
           7          22   1.7985854426701616E-015
           7          23  -3.6653533718130900E-014
           7          24  -3.6676766298617505E-014
           7          25  -7.0615469791278727E-015
           7          26  -2.1144204591761108E-004
           7          27  -1.5782746757412671E-012
           7          28  -2.1188264686372585E-004
           7          29   2.6073654489238651E-011
           7          30  -2.8205362515020699E-010
           7          31   1.1682343633368800E-004
           7          32  -7.9788391874256292E-004
           7          33  -7.1313893572302129E-013
           7          34  -7.9815209157110812E-004
           7          35   1.0778947838830476E-011
           7          36   4.9714594589805481E-010
           7          37  -1.9955503533179754E-004
           7          38   7.1868821405375206E-005
           7          39  -7.1433734457624296E-014
           7          40   7.1662438681736898E-005
           7          41   2.3093704632174739E-012
           7          42   9.1673238425073429E-010
           7          43   7.6030467580192609E-004
           7          44  -4.0838659837933157E-005
           7          45   8.0551526847015048E-015
           7          46  -4.0854559155394030E-005
           7          47  -8.8314870484678613E-014
           7          48   9.0898393939592959E-011
           7          49   1.9743594920603504E-005
           7          50   2.6026509628538719E-013
           7          51   3.8208579305503897E-013
           7          52  -7.0071176582990750E-013
           7          53  -1.5350843987881271E-013
           7          54  -7.7804882139648195E-015
           7          55   2.1552429755369624E-015
           7          56  -9.3286855952426762E-015
           7          57  -9.4445262065764427E-013
           7          58   8.3205303193784239E-013
           7          59   2.5635154053281628E-014
           7          60  -2.7498051946039623E-013
           7          61   1.5465419577299237E-013
           7          62   4.7789486792983715E-014
           7          63   7.3028624091337005E-013
           7          64   3.4318649631747211E-014
           7          65  -1.2785197209639570E-015
           7          66   1.9951803518737557E-014
           7          67   1.2523099488561857E-013
           7          68   9.6735919550528086E-014
           7          69   4.4683442297383500E-014
           8           1   3.7132137469311136E-011
           8           2  -1.2745125614912064E-010
           8           3  -2.2125911588242680E-010
           8           4   1.7669132439524065E-011
           8           5  -1.2021214037226189E-010
           8           6  -9.2968606037061998E-010
           8           7  -5.1369579448872305E-010
           8           8   2.2550790452637219     
           8           9   3.5818792726836880E-012
           8          10   1.6754262838836355E-008
           8          11 -0.76756512545431566     
           8          12  -1.1870008165598062E-010
           8          13   5.3026987878826059E-010
           8          14  -3.6149881767164188E-002
           8          15  -3.8766340077551122E-011
           8          16   2.7186212341854382E-010
           8          17  -7.2965332732973925E-003
           8          18   4.1238722565615384E-010
           8          19  -4.3741045893341695E-012
           8          20   9.9594334414272560E-004
           8          21  -1.3548050530090952E-010
           8          22   1.3004559943845986E-010
           8          23  -2.7896427384674122E-004
           8          24   3.4751648331299068E-011
           8          25  -5.9102773639572236E-011
           8          26   2.8517313343460894E-010
           8          27   9.2980829641601733E-012
           8          28   1.8656332412241048E-010
           8          29  -4.1774179968619376E-011
           8          30  -4.8808962958076341E-011
           8          31   1.8632214404890080E-010
           8          32  -1.2683644930703234E-011
           8          33  -5.0530814568451431E-012
           8          34   1.2176583181324667E-010
           8          35   9.5869022034202230E-011
           8          36   1.7776088307769726E-011
           8          37   1.0507689918105219E-010
           8          38   3.6150457503244404E-010
           8          39   2.1589549840160089E-011
           8          40   2.3652086476320358E-010
           8          41  -7.5947852314448633E-011
           8          42   5.0154892854841334E-011
           8          43   2.9544868872479816E-010
           8          44   2.8567433605718437E-010
           8          45   1.6802736498497393E-011
           8          46   3.4267990248047552E-010
           8          47   6.1041385074607899E-011
           8          48  -7.3788585926455600E-011
           8          49   3.4518106770060039E-010
           8          50   5.8441051959871298E-003
           8          51   1.0214719506174153E-010
           8          52  -2.3404641679218878E-003
           8          53  -5.7417356111923540E-011
           8          54  -1.7192215765405867E-010
           8          55   8.7186678011075867E-009
           8          56  -5.6530600919543517E-011
           8          57  -8.5391455012337209E-004
           8          58  -2.1205859093050850E-011
           8          59  -2.8917837892495068E-010
           8          60   7.0450621692800799E-003
           8          61  -7.0765326558437032E-011
           8          62   2.5585916396940389E-003
           8          63  -2.4561372865191807E-010
           8          64  -1.6542258593111537E-011
           8          65   2.5639040160201271E-009
           8          66  -1.2288523163132339E-010
           8          67   3.8363137071669310E-003
           8          68  -2.2505141927718110E-011
           8          69  -6.1272847316689491E-011
           9           1  -8.3655679048092519E-011
           9           2   1.7016618975121140E-010
           9           3  -6.9896378567045637E-011
           9           4   1.3757735715723372E-009
           9           5  -1.5301911233591397E-010
           9           6   2.1679209691083937E-009
           9           7   3.9644964957049903E-010
           9           8   3.5818792726836880E-012
           9           9   2.2550788839398086     
           9          10   5.1520120907351989E-008
           9          11  -1.5984484181885352E-010
           9          12 -0.76756476580947819     
           9          13   5.8000221633077994E-009
           9          14  -3.1215863637601997E-010
           9          15  -3.6150138412113134E-002
           9          16   9.2814092076952019E-009
           9          17  -6.8527307144260483E-010
           9          18  -7.2966336462162084E-003
           9          19   7.9599736873492930E-009
           9          20   1.3932453380248980E-010
           9          21   9.9594708883478399E-004
           9          22  -1.7036217862998502E-009
           9          23   3.1495757677243788E-011
           9          24  -2.7896577482764058E-004
           9          25   5.3501366277541664E-010
           9          26   3.6174933722470159E-010
           9          27   2.3531361882681122E-011
           9          28   3.5859380712890874E-010
           9          29  -5.3364639893930553E-011
           9          30  -3.3506117367356180E-011
           9          31   4.4722396325765045E-010
           9          32  -7.1469604231972645E-010
           9          33  -9.3624048536068315E-012
           9          34  -7.2397986208948833E-010
           9          35   1.0732306367816189E-010
           9          36   8.2625803038437122E-011
           9          37  -7.8280922032294615E-010
           9          38  -9.0980290703844777E-010
           9          39  -2.5146032695139008E-011
           9          40  -1.0231117298135484E-009
           9          41  -8.9692859291366298E-011
           9          42  -7.1282745673851971E-011
           9          43  -8.9734111894268642E-010
           9          44  -5.6687177887961446E-010
           9          45   6.5195677168206477E-011
           9          46  -4.1413759827298661E-010
           9          47   6.9784390957757474E-011
           9          48  -5.9055620157957102E-012
           9          49  -5.1564578466864097E-010
           9          50   2.4717933145198496E-010
           9          51  -2.3405759675462602E-003
           9          52   8.2724242907304538E-011
           9          53   5.8440883291588745E-003
           9          54   1.1256583351263927E-008
           9          55   5.0530603234849977E-011
           9          56  -1.5401865239626132E-008
           9          57   7.9917930055817632E-011
           9          58  -8.5400152467373942E-004
           9          59  -4.7869755619636222E-009
           9          60   4.5027328283076536E-010
           9          61   2.5585993601404912E-003
           9          62   2.1427219638697577E-010
           9          63   7.0450102418668477E-003
           9          64  -2.2319953071851169E-009
           9          65  -4.3956134297111722E-011
           9          66  -1.7221135711030897E-009
           9          67   1.8542450859314121E-010
           9          68   3.8363368103798133E-003
           9          69  -7.2576801596083167E-009
          10           1  -1.3618432925972136E-012
          10           2   9.1455732329963211E-012
          10           3   3.4066011325864477E-011
          10           4   1.2057616531554445E-011
          10           5   3.4842786577464491E-011
          10           6  -6.5242338930849754E-011
          10           7   2.9578973109985041E-011
          10           8   1.6754262838836355E-008
          10           9   5.1520120907351989E-008
          10          10   2.2553450767253134     
          10          11   5.6735604380569104E-010
          10          12   5.2718086204626337E-009
          10          13 -0.76528476615116936     
          10          14   2.9371635300996505E-010
          10          15   8.8711339995769205E-009
          10          16  -3.0571053197734840E-002
          10          17   7.2230292965537562E-011
          10          18   7.7008762194928544E-009
          10          19  -2.0522610300065681E-003
          10          20  -9.2812664321830450E-012
          10          21  -1.5877064986345798E-009
          10          22  -1.2342892034682737E-004
          10          23   1.1779742051779189E-012
          10          24   4.4918666760675936E-010
          10          25   3.8879910896357167E-005
          10          26  -2.7634739041204701E-011
          10          27  -4.2115476228853960E-012
          10          28  -3.7875173328996072E-011
          10          29   9.5084090102282406E-012
          10          30  -1.9723602816759017E-012
          10          31  -2.7470421937736491E-011
          10          32   8.3022768297116868E-012
          10          33   1.0798791554985879E-011
          10          34   1.3156662309800830E-011
          10          35  -4.6252928703482788E-013
          10          36   1.1218181430125939E-013
          10          37   5.9964667264277609E-012
          10          38   1.3011557172246405E-011
          10          39  -7.1969047895652387E-012
          10          40   8.0114169274276520E-012
          10          41   1.9705400683346039E-012
          10          42   1.5960174225772161E-012
          10          43   5.7345530036587464E-012
          10          44  -6.9983064841628631E-013
          10          45   9.7660139434765849E-013
          10          46  -3.1741540842317820E-012
          10          47   7.7907456792154776E-013
          10          48  -3.5360311530475613E-012
          10          49   2.7424815972023649E-012
          10          50  -3.3606644332221286E-010
          10          51   1.1584161575320238E-008
          10          52  -1.2692397763650793E-010
          10          53  -6.1509885988655992E-009
          10          54   2.1676164624916498E-003
          10          55   4.0052088904674780E-012
          10          56   2.1676478358292070E-003
          10          57  -8.4811093719889271E-011
          10          58  -1.3249088662023065E-008
          10          59  -3.7948424088065542E-003
          10          60  -1.0851023259351693E-010
          10          61  -2.0710299777416372E-009
          10          62  -5.4766154432396669E-011
          10          63  -7.6195011292743151E-009
          10          64   9.0320652170541393E-004
          10          65  -3.2219857812901329E-014
          10          66   9.0321550183666832E-004
          10          67  -7.3957312081320147E-011
          10          68  -6.8746407177395206E-010
          10          69   4.1112821475311114E-003
          11           1   7.5291111220935525E-012
          11           2  -5.0029627962506568E-012
          11           3  -3.1593184122113307E-011
          11           4  -1.2857042235180004E-010
          11           5  -2.8230515778784151E-011
          11           6  -8.4812674643639207E-011
          11           7  -1.8393662709393497E-011
          11           8 -0.76756512545431566     
          11           9  -1.5984484181885352E-010
          11          10   5.6735604380569104E-010
          11          11   2.3011390473632209     
          11          12   1.3383728289550914E-011
          11          13  -1.3711860382874316E-009
          11          14  0.10360578715365032     
          11          15   2.7941655602651287E-012
          11          16  -4.2023675129456934E-010
          11          17   1.8776712150125788E-002
          11          18  -3.4287522310898466E-014
          11          19  -2.2588068822527275E-011
          11          20  -2.3904179229880845E-003
          11          21  -7.3116524952784071E-015
          11          22  -2.0497216883270401E-011
          11          23   6.8070707212606837E-004
          11          24  -4.7477809196637225E-014
          11          25   9.0816998431390084E-012
          11          26  -5.4499297374329129E-011
          11          27  -2.7629214899124764E-011
          11          28   7.1354316826768623E-012
          11          29  -1.1991582608090706E-011
          11          30   8.9358875126900423E-013
          11          31   3.6622836427125341E-013
          11          32   6.1695129129747134E-011
          11          33   7.6682293930584101E-012
          11          34   5.2837743619398792E-011
          11          35   1.9910273648415940E-012
          11          36  -1.9797011197013849E-013
          11          37   5.4098293984149077E-011
          11          38   5.5211065195296086E-011
          11          39   7.8781594686510569E-013
          11          40   5.7580899681823897E-011
          11          41  -4.6756015265790162E-013
          11          42   1.6329909088339484E-013
          11          43   5.6763881743211774E-011
          11          44   2.0781003382519023E-011
          11          45   5.5941181712737827E-013
          11          46   1.9497527275623981E-011
          11          47   2.8888807405848342E-013
          11          48   2.7239480450243647E-015
          11          49   1.9868029771178208E-011
          11          50  -1.4927393577806002E-002
          11          51  -3.6470512742127457E-010
          11          52   1.1127569142508779E-002
          11          53   2.6819437877088390E-010
          11          54   1.6063525897490120E-010
          11          55  -3.3763733480319213E-008
          11          56   2.3010798268698674E-010
          11          57   4.3888231322215393E-003
          11          58  -4.2232221440088713E-012
          11          59   4.4507935294255170E-010
          11          60  -1.7483605974782344E-002
          11          61  -1.9763390707382109E-011
          11          62  -6.8604200512659436E-003
          11          63   1.2526129148383591E-011
          11          64   1.0738671435668782E-010
          11          65  -5.6877587073546632E-009
          11          66   5.5330926557506830E-011
          11          67  -1.0126773174731226E-002
          11          68  -7.5515365224048609E-013
          11          69   1.2784300974827231E-010
          12           1   4.1234708140060249E-014
          12           2   1.8674032553838071E-011
          12           3  -3.8118533819856309E-011
          12           4  -1.7344131866605164E-010
          12           5  -3.4184447999974125E-011
          12           6  -1.1045211896581651E-010
          12           7  -2.3999690256006474E-011
          12           8  -1.1870008165598062E-010
          12           9 -0.76756476580947819     
          12          10   5.2718086204626337E-009
          12          11   1.3383728289550914E-011
          12          12   2.3011388803796713     
          12          13  -1.4960269059670542E-008
          12          14   3.5152532918479108E-012
          12          15  0.10360695663876682     
          12          16  -1.7498933811664139E-008
          12          17   1.6656337430998142E-012
          12          18   1.8777412862995755E-002
          12          19  -1.6205084611186039E-008
          12          20  -3.4881222566285579E-013
          12          21  -2.3905157185665805E-003
          12          22   3.3291837919287656E-009
          12          23  -3.6717478266400656E-015
          12          24   6.8073530334567824E-004
          12          25  -9.5525960092394911E-010
