           1           1   1.9999359635182623     
           1           2   1.4472365980175319E-004
           1           3  -1.1773039236352869E-003
           1           4  -1.1459858714381668E-004
           1           5  -4.5874260178867276E-005
           1           6  -2.1266961956318241E-004
           1           7  -2.0347589557418276E-005
           1           8  -2.2563687071024753E-013
           1           9   5.2381300811830079E-013
           1          10  -2.6545862340093914E-014
           1          11  -7.2432124395138493E-014
           1          12  -2.6277335293573806E-014
           1          13   1.0586566913858593E-015
           1          14  -8.5906267318881162E-013
           1          15   7.5283182002579137E-013
           1          16   4.4257131075293509E-014
           1          17   9.5504795725720719E-013
           1          18  -8.6699649482061813E-013
           1          19  -5.4497639267829243E-014
           1          20  -2.6352325648828959E-013
           1          21   2.5104371809788101E-013
           1          22   1.9468305651278925E-014
           1          23   2.6185265864185145E-015
           1          24  -3.6612873897446304E-015
           1          25  -1.1305868522765854E-015
           1          26   1.1654334337874643E-004
           1          27   2.6667717428076864E-006
           1          28   8.5567744582272292E-005
           1          29   6.3311600167299207E-010
           1          30  -9.9552929871824489E-008
           1          31   1.1686146985018746E-004
           1          32  -1.0273381997162050E-004
           1          33  -4.5072494217137492E-007
           1          34  -1.2313868471571226E-004
           1          35   1.3314643800773266E-009
           1          36   1.7214602748636698E-008
           1          37  -1.0391819842787327E-004
           1          38  -9.8405748199614600E-006
           1          39   6.3579500413948854E-007
           1          40   5.6176952901689967E-006
           1          41  -9.6036617915273462E-010
           1          42  -2.4039329270361889E-008
           1          43  -8.9790881349586648E-006
           1          44   1.1506784518116169E-005
           1          45  -7.6150520689270636E-008
           1          46   8.3886981443220079E-006
           1          47   1.4315865536482052E-010
           1          48   2.8857308332086310E-009
           1          49   1.1364139332206388E-005
           1          50   6.0642945113666249E-014
           1          51  -2.0278322408528021E-014
           1          52   2.3623074865548396E-014
           1          53  -4.0600369558744747E-014
           1          54  -7.5258842433879154E-016
           1          55   8.9028766248323685E-018
           1          56   2.1077258270234563E-016
           1          57   2.8898025158164760E-014
           1          58  -1.7196243775840749E-014
           1          59  -1.8514907238052050E-015
           1          60   5.3534270500587504E-014
           1          61  -1.8250347348915083E-014
           1          62   2.6186089736316370E-014
           1          63  -3.7135813010059702E-014
           1          64  -1.1562521310810737E-015
           1          65  -3.5768373274437821E-016
           1          66  -6.3952793803950152E-016
           1          67   2.4099606527265609E-014
           1          68  -1.8168219343154656E-014
           1          69  -8.4124503984729104E-016
           2           1   1.4472365980175319E-004
           2           2   2.0027530863622465     
           2           3   3.4545082534109903E-004
           2           4   1.0804648630645432E-003
           2           5   4.4168511874932755E-003
           2           6   4.8472887990144856E-003
           2           7   3.3728428308040626E-004
           2           8  -9.2422856636364045E-013
           2           9   2.3383850323639948E-012
           2          10  -6.1473628802170307E-015
           2          11   4.3690455507765302E-013
           2          12  -1.3661561690438243E-012
           2          13  -2.1440174207100597E-013
           2          14   2.5225973870018768E-012
           2          15  -7.1140807814411847E-012
           2          16  -1.3377792710228861E-012
           2          17  -2.5822570934337134E-012
           2          18   7.4824429029692579E-012
           2          19   1.3522774143255810E-012
           2          20   6.3931554232392174E-013
           2          21  -1.9234455582036858E-012
           2          22  -3.3752320775827675E-013
           2          23   1.4766643115388766E-014
           2          24  -2.0450520697004028E-014
           2          25  -6.8291727763530897E-015
           2          26  -3.8342661691405560E-003
           2          27   2.4089300225487653E-006
           2          28  -3.8944336484324185E-003
           2          29   3.3200946315936557E-009
           2          30  -8.6886482767103771E-008
           2          31  -3.8289802115292759E-003
           2          32  -1.8816970022070031E-003
           2          33  -3.7669479940807584E-006
           2          34  -1.9795443258043936E-003
           2          35   8.0606203906942429E-009
           2          36   1.4319848756988268E-007
           2          37  -1.8886374158226438E-003
           2          38   1.1754012056388876E-003
           2          39   3.2766959591279034E-006
           2          40   1.2868971373719230E-003
           2          41  -6.4592997180931462E-009
           2          42  -1.2427226401759173E-007
           2          43   1.1813239902850594E-003
           2          44  -3.6773903219789123E-004
           2          45  -4.8687682126567584E-007
           2          46  -3.8538838443565124E-004
           2          47   8.7405845856148860E-010
           2          48   1.8424832871036617E-008
           2          49  -3.6856973243211638E-004
           2          50  -2.7919893250304560E-013
           2          51   3.1639358858309712E-013
           2          52  -1.3623151206900533E-013
           2          53   7.2726821607925743E-013
           2          54   6.5503751310905290E-014
           2          55   7.5077443595096803E-016
           2          56   7.0640960881104853E-014
           2          57  -1.2629444421353674E-013
           2          58   3.2063387571621899E-013
           2          59   1.5012935854642617E-013
           2          60  -2.2355920615397662E-013
           2          61   2.5320183814610735E-013
           2          62  -9.9599484114222128E-014
           2          63   5.6365595255452571E-013
           2          64   5.4744844679565420E-014
           2          65  -3.9923408887412651E-016
           2          66   5.6662930318796777E-014
           2          67  -9.9829285117777891E-014
           2          68   2.4963938926948093E-013
           2          69   1.1904717965437834E-013
           3           1  -1.1773039236352869E-003
           3           2   3.4545082534109903E-004
           3           3   1.9336158293931587     
           3           4  -5.1255547326269330E-002
           3           5  -1.0817911194325560E-002
           3           6   7.8679042071391429E-003
           3           7   3.6307420470944635E-004
           3           8  -1.5650979982066413E-012
           3           9   3.6022465739838078E-012
           3          10  -2.1021492906186255E-012
           3          11   3.2621788690600878E-013
           3          12  -1.1667123703770448E-012
           3          13  -2.3350710555565208E-013
           3          14  -2.2493652372542440E-013
           3          15   9.2273310124836480E-013
           3          16   6.3874199985514677E-013
           3          17   3.2097104161235314E-013
           3          18  -2.4590902985756882E-013
           3          19  -5.6741585587031082E-013
           3          20  -1.5480084530498165E-013
           3          21  -1.8489019687271480E-013
           3          22   2.7488840533755417E-014
           3          23   2.5014167246755792E-014
           3          24   6.2590152506745375E-014
           3          25   4.0317747864628351E-014
           3          26   2.2569198919096763E-002
           3          27  -3.5709213478168174E-004
           3          28   2.4088240187015792E-002
           3          29  -2.7466834355972383E-008
           3          30   1.3483234311388627E-005
           3          31   2.2823742180979448E-002
           3          32   2.0909670169752551E-002
           3          33  -5.4091878705714088E-005
           3          34   2.0142794803965081E-002
           3          35   6.1163888316678985E-008
           3          36   2.0405709920143930E-006
           3          37   2.0843785051518161E-002
           3          38  -2.4138456369722791E-003
           3          39  -7.7514847406272757E-006
           3          40  -1.7355261434587215E-003
           3          41  -2.5437228697583087E-008
           3          42   2.8526124128905095E-007
           3          43  -2.3826258453296494E-003
           3          44  -9.8429163406047728E-005
           3          45   1.3263890977785388E-006
           3          46  -1.7299062003233064E-004
           3          47  -9.6574944619828879E-010
           3          48  -5.0670907392833801E-008
           3          49  -9.8956714722319827E-005
           3          50  -4.4658001779387654E-014
           3          51  -5.0019251414073872E-014
           3          52  -7.8122248534955078E-014
           3          53   1.1634603749774137E-013
           3          54   1.2677680059723375E-014
           3          55   2.9409570902056269E-015
           3          56  -1.7896397042008099E-014
           3          57  -1.6527505814715804E-014
           3          58  -5.0574767129792871E-015
           3          59   5.0642956343219581E-014
           3          60  -1.7593510500417288E-014
           3          61  -1.2197368002023165E-013
           3          62   2.1232318680298903E-014
           3          63  -3.5163051414537889E-013
           3          64  -6.6770050544739763E-014
           3          65   1.0164550164567158E-014
           3          66  -2.9632531366141068E-015
           3          67  -3.1509664474446640E-016
           3          68  -1.4953995574582313E-013
           3          69  -1.0294940913769406E-013
           4           1  -1.1459858714381668E-004
           4           2   1.0804648630645432E-003
           4           3  -5.1255547326269330E-002
           4           4  0.74772212857727782     
           4           5  -9.5588987537865674E-004
           4           6  0.13077121192342739     
           4           7   2.2240128286890228E-002
           4           8   2.3991870778066807E-012
           4           9  -3.6539104521541217E-012
           4          10  -6.5374343396466375E-013
           4          11   6.9861196990019557E-013
           4          12  -1.0004721159167833E-012
           4          13   1.0367448978406627E-014
           4          14   7.1950091143817700E-014
           4          15   1.3540680864725304E-012
           4          16   5.3982483588574207E-012
           4          17  -1.0950042784991026E-012
           4          18  -4.0995206989209698E-012
           4          19  -1.1726129888999622E-011
           4          20   1.2808504028566733E-013
           4          21   2.4811641580550355E-013
           4          22   5.9147445233416611E-013
           4          23   1.5393066229344403E-014
           4          24  -2.7850699278052835E-014
           4          25   8.9564302290033605E-014
           4          26  -3.8268040102644715E-002
           4          27   7.2640887056624887E-007
           4          28  -2.2124705388705646E-002
           4          29  -1.0200352111505476E-007
           4          30  -1.4847146603134485E-007
           4          31  -3.8404246436455118E-002
           4          32  -3.1576809109234119E-002
           4          33   6.1599215914479293E-005
           4          34  -1.9156212568167796E-002
           4          35  -7.3589325241088962E-008
           4          36  -2.2943442473975628E-006
           4          37  -3.1463944229702973E-002
           4          38   2.6647953480311216E-002
           4          39  -2.9968532315875215E-005
           4          40   2.8273709333015300E-002
           4          41  -7.3130180187333418E-008
           4          42   1.1147259344520606E-006
           4          43   2.6755473737691503E-002
           4          44   5.6526378676297355E-004
           4          45  -1.3439498979256268E-005
           4          46   9.2816915722330497E-004
           4          47  -9.6545942852117982E-009
           4          48   5.0035644444560464E-007
           4          49   5.8532173848901091E-004
           4          50  -6.4683943843478702E-015
           4          51  -1.3731614307100496E-014
           4          52   1.7315782868378652E-015
           4          53   8.4586921859965484E-014
           4          54   5.4471129829616437E-014
           4          55   6.1849746712958026E-015
           4          56  -3.2006174755983330E-014
           4          57  -5.3717022447431884E-016
           4          58  -3.0525967121003965E-014
           4          59   1.2145187866044879E-013
           4          60   3.6600100439864377E-014
           4          61  -1.5424675933596620E-015
           4          62   6.0708761365611600E-014
           4          63   1.7179061966521145E-013
           4          64  -6.3199270901201252E-014
           4          65   7.7225893725132131E-014
           4          66  -6.5305296593492265E-013
           4          67   1.5251082206456018E-015
           4          68  -1.9854814907264593E-013
           4          69  -1.0851231079412069E-013
           5           1  -4.5874260178867276E-005
           5           2   4.4168511874932755E-003
           5           3  -1.0817911194325560E-002
           5           4  -9.5588987537865674E-004
           5           5   1.3118736657192841E-004
           5           6  -1.7414054485082050E-004
           5           7  -4.1369854060653691E-005
           5           8  -7.9879985239688154E-013
           5           9   1.4861678217993644E-012
           5          10  -2.4416836573066643E-012
           5          11  -1.9248351594076205E-013
           5          12   3.3098337485404311E-015
           5          13  -2.6866911884899732E-014
           5          14  -3.9900653963672591E-014
           5          15   2.0810010830572645E-014
           5          16   3.1665926035204401E-014
           5          17   4.1701798276636934E-014
           5          18  -2.1200316134964140E-014
           5          19  -2.7568105997167169E-014
           5          20  -9.8527018151206774E-015
           5          21   7.6650874268787848E-015
           5          22   1.1764331026427050E-014
           5          23  -2.2795779416019319E-016
           5          24  -1.1042243317285310E-016
           5          25  -2.4739020051443156E-016
           5          26  -6.8424076181436465E-005
           5          27   2.3039539977490450E-005
           5          28  -2.3002058295216332E-004
           5          29  -9.3274736121363048E-009
           5          30  -8.7269643252805961E-007
           5          31  -8.6538540138499849E-005
           5          32  -5.4593757060045239E-005
           5          33   2.0440498732787693E-006
           5          34  -2.8302600699319589E-005
           5          35  -3.8031548193116565E-010
           5          36  -7.6512643699830063E-008
           5          37  -5.4622578629337356E-005
           5          38   1.0366020703550333E-005
           5          39   1.1321954894069116E-006
           5          40  -5.9754337267428633E-006
           5          41   3.0947047446272791E-010
           5          42  -4.2074955227212432E-008
           5          43   1.0062407858799075E-005
           5          44   6.7017775230580250E-006
           5          45  -7.8947247960792339E-008
           5          46   5.3800025934789257E-006
           5          47   5.5897161761156928E-011
           5          48   3.0170330283442292E-009
           5          49   6.7253652453867451E-006
           5          50   4.3752715595585009E-015
           5          51   6.6159165923241198E-016
           5          52   1.8675583158699710E-015
           5          53  -6.1163422235795107E-015
           5          54  -1.2557538686952941E-015
           5          55   7.1464452680461971E-017
           5          56  -9.4953239676991498E-015
           5          57   1.8921418614547582E-015
           5          58   1.9189364380793334E-016
           5          59  -3.0992353991317500E-015
           5          60   3.8601661957518456E-015
           5          61  -1.1099759280152026E-015
           5          62   1.3161360323121328E-015
           5          63  -1.6610767009107870E-016
           5          64  -1.1238705423356159E-015
           5          65  -1.7782940838370817E-016
           5          66   1.0070513062491433E-015
           5          67   1.7659197002930178E-015
           5          68  -5.5301200810544869E-016
           5          69  -2.6575971743649549E-015
           6           1  -2.1266961956318241E-004
           6           2   4.8472887990144856E-003
           6           3   7.8679042071391429E-003
           6           4  0.13077121192342739     
           6           5  -1.7414054485082050E-004
           6           6   2.3133098808287698E-002
           6           7   3.9041336799747598E-003
           6           8  -3.4922823798831041E-013
           6           9  -9.5890747038676622E-013
           6          10  -2.0993683481536356E-012
           6          11  -2.2906129626135425E-014
           6          12  -1.4610176010749106E-013
           6          13   1.1741906467854678E-013
           6          14  -4.9793285028222241E-014
           6          15   3.1199783890444761E-013
           6          16   9.7362312134663528E-013
           6          17  -1.2639640205312785E-013
           6          18  -7.9120751228636303E-013
           6          19  -2.0909686272548014E-012
           6          20   5.2342072563295848E-015
           6          21   5.8463624038707185E-014
           6          22   1.1202225522077315E-013
           6          23   1.7130563433938809E-015
           6          24  -3.4294614594569293E-015
           6          25   1.5681972888175604E-014
           6          26  -6.6114368021858863E-003
           6          27  -3.1549906943909533E-004
           6          28  -3.8218316392192339E-003
           6          29  -1.3589429148935482E-009
           6          30   1.1846834575285304E-005
           6          31  -6.5007933114782862E-003
           6          32  -5.3442796246333472E-003
           6          33  -1.1770065904525971E-005
           6          34  -3.1288722843325128E-003
           6          35  -1.3063962474751328E-008
           6          36   4.4212626890114005E-007
           6          37  -5.3223603026829958E-003
           6          38   4.7052129841866552E-003
           6          39  -1.9908803498614171E-005
           6          40   4.9883555540253541E-003
           6          41  -1.3684623689601796E-008
           6          42   7.4166570711373412E-007
           6          43   4.7241307479690539E-003
           6          44   1.0647056855465220E-004
           6          45  -1.1772210390390418E-006
           6          46   1.6782060621350144E-004
           6          47  -1.7645602520103223E-009
           6          48   4.3148002054605803E-008
           6          49   1.0951725894874019E-004
           6          50   4.6860640150759203E-015
           6          51  -4.1137959316281875E-015
           6          52   2.7981356139474333E-015
           6          53   5.5762441054002169E-015
           6          54   1.0013306629079681E-014
           6          55   1.1974225222437464E-015
           6          56  -1.6199745404385898E-014
           6          57   2.3205310383942867E-015
           6          58  -6.9733910124101335E-015
           6          59   2.2340924865505618E-014
           6          60   1.1731727581363700E-014
           6          61  -4.4232385600525247E-015
           6          62   1.3185626666302952E-014
           6          63   2.2285053897205529E-014
           6          64  -1.2315795951250129E-014
           6          65   1.3691841762006658E-014
           6          66  -1.1336909147901581E-013
           6          67   2.5953274266522944E-015
           6          68  -3.9247715619411801E-014
           6          69  -2.1535307035942435E-014
           7           1  -2.0347589557418276E-005
           7           2   3.3728428308040626E-004
           7           3   3.6307420470944635E-004
           7           4   2.2240128286890228E-002
           7           5  -4.1369854060653691E-005
           7           6   3.9041336799747598E-003
           7           7   6.6435070416538883E-004
           7           8   3.0764930618440970E-013
           7           9  -9.4800428499858770E-013
           7          10  -4.0245319710792591E-013
           7          11   6.1325879545891487E-014
           7          12  -1.3875856806497903E-013
           7          13   8.0348692908165930E-015
           7          14   8.3550085876284138E-016
           7          15   4.2948947188220460E-014
           7          16   1.6960657515151235E-013
           7          17  -3.0758399771902501E-014
           7          18  -1.2555552611961217E-013
           7          19  -3.5931132488020489E-013
           7          20   3.2252150667115616E-015
           7          21   8.2682707056855127E-015
           7          22   2.0347321986331517E-014
           7          23   3.2265012362104220E-016
           7          24  -7.0573621387693728E-016
           7          25   2.6363249911687232E-015
           7          26  -1.1341121500028667E-003
           7          27  -3.9808515128025145E-005
           7          28  -6.1501437175047545E-004
           7          29   1.5135030791067767E-010
           7          30   1.4946785063670463E-006
           7          31  -1.1235423031667909E-003
           7          32  -9.2139990267420995E-004
           7          33  -1.0967985600223048E-006
           7          34  -5.6383276855847717E-004
           7          35  -2.1826196812105622E-009
           7          36   4.1401297013189494E-008
           7          37  -9.1785718076945366E-004
           7          38   7.8765575032082268E-004
           7          39  -2.7106455932034341E-006
           7          40   8.4069931727148066E-004
           7          41  -2.2892485603483509E-009
           7          42   1.0103887221028672E-007
           7          43   7.9087076499608302E-004
           7          44   1.5212240279250995E-005
           7          45  -2.4753461781881220E-007
           7          46   2.6030520809851002E-005
           7          47  -2.9976655372569233E-010
           7          48   9.1287911834925867E-009
           7          49   1.5759942198859700E-005
           7          50  -7.0880987403630977E-017
           7          51  -2.4170255094214405E-015
           7          52   2.1745454660941403E-016
           7          53   4.2508235404756256E-015
           7          54   1.2775913138804436E-015
           7          55   1.6859945345529334E-016
           7          56  -1.8342708565877222E-015
           7          57   2.7416902985833030E-017
           7          58  -2.8202946604969318E-015
           7          59   2.8940432189811599E-015
           7          60   1.0418831625327662E-015
           7          61   1.3997066990555773E-016
           7          62   1.8331434511947099E-015
           7          63   4.9710984027771676E-015
           7          64  -2.1208618132361425E-015
           7          65   2.3149634029268272E-015
           7          66  -1.9556263409439584E-014
           7          67  -5.9563849457828347E-018
           7          68  -5.7962623059955326E-015
           7          69  -3.8031676473193057E-015
           8           1  -2.2563687071024753E-013
           8           2  -9.2422856636364045E-013
           8           3  -1.5650979982066413E-012
           8           4   2.3991870778066807E-012
           8           5  -7.9879985239688154E-013
           8           6  -3.4922823798831041E-013
           8           7   3.0764930618440970E-013
           8           8   1.9997827634707832     
           8           9   1.1752035892768675E-006
           8          10  -2.2906388494758660E-009
           8          11  -1.2478135720475968E-003
           8          12   5.9199054446256335E-006
           8          13  -1.2018067730693601E-008
           8          14  -8.9295272728209044E-003
           8          15   4.9966728396298371E-005
           8          16  -9.7139658226284175E-008
           8          17   9.2303636470708501E-003
           8          18  -5.0962630237929557E-005
           8          19   9.9713932669798073E-008
           8          20  -2.3249040505039899E-003
           8          21   1.2595707443589824E-005
           8          22  -2.4833850161602535E-008
           8          23  -3.2660436532105496E-005
           8          24   2.7593908651002129E-007
           8          25  -5.0141159641284930E-010
           8          26   6.0249214691503911E-013
           8          27   6.5516832661354712E-013
           8          28   6.2721260241167668E-013
           8          29   7.8964171285486328E-015
           8          30   1.2763495788630993E-013
           8          31   6.0339489991388286E-013
           8          32  -8.4763095528443338E-013
           8          33   1.1056830129336356E-013
           8          34  -8.2490230006900310E-013
           8          35   7.8934067265445590E-014
           8          36   9.1158765018045188E-014
           8          37  -8.0948982544824790E-013
           8          38  -3.8497795573093010E-013
           8          39  -7.3210496582224582E-014
           8          40  -4.2327292993388537E-013
           8          41  -6.5511843463714319E-014
           8          42  -4.7240881097711765E-014
           8          43  -4.3620356341380520E-013
           8          44  -2.5685491851449326E-013
           8          45   2.7851678594162972E-015
           8          46  -2.5393982726853877E-013
           8          47   1.6489370313922156E-014
           8          48  -6.2328048225467283E-015
           8          49  -2.4606827492712182E-013
           8          50   3.1330978168495971E-004
           8          51  -1.8207358259827929E-006
           8          52   1.5003647397068692E-003
           8          53  -5.2245156519673225E-006
           8          54   1.5502066928742075E-009
           8          55  -1.2183317078816716E-008
           8          56   9.7428514280577469E-009
           8          57   1.3948523006154985E-004
           8          58  -2.4271869740441158E-006
           8          59   7.9197281073658714E-009
           8          60   9.6605358001204591E-004
           8          61  -2.4999169897034101E-006
           8          62  -1.9475712183903348E-005
           8          63  -4.1668866603588415E-006
           8          64   5.0142060982639338E-009
           8          65   1.0059398676772633E-008
           8          66   2.0312571487562432E-009
           8          67   4.3208634596334091E-004
           8          68  -2.0243732130932454E-006
           8          69   8.9312062484011056E-009
           9           1   5.2381300811830079E-013
           9           2   2.3383850323639948E-012
           9           3   3.6022465739838078E-012
           9           4  -3.6539104521541217E-012
           9           5   1.4861678217993644E-012
           9           6  -9.5890747038676622E-013
           9           7  -9.4800428499858770E-013
           9           8   1.1752035892768675E-006
           9           9   1.9998191067331292     
           9          10  -4.4545957631018830E-008
           9          11   5.8958027287859120E-006
           9          12  -1.0260562098405440E-003
           9          13  -2.2349409379573274E-007
           9          14   4.9814466025606513E-005
           9          15  -7.3450848488851878E-003
           9          16  -1.8879127418594590E-006
           9          17  -5.0804571474795678E-005
           9          18   7.6805948476998650E-003
           9          19   1.9253868407785600E-006
           9          20   1.2557864140171957E-005
           9          21  -1.9612220177317617E-003
           9          22  -4.7590441816296999E-007
           9          23   2.7471505290222494E-007
           9          24  -2.0259736327476954E-005
           9          25  -1.0414121807862938E-008
           9          26  -1.3132580654176014E-012
           9          27  -1.9752734736365993E-013
           9          28  -1.2351915047230512E-012
           9          29   3.6601363387580708E-014
           9          30  -6.7232493086211964E-015
           9          31  -1.2407866546702925E-012
           9          32   1.7828840426529556E-012
           9          33   1.2963680168483540E-013
           9          34   1.5181560038053598E-012
           9          35  -4.6466278110302045E-014
           9          36  -3.3590811025256655E-014
           9          37   1.6199483480706225E-012
           9          38   8.4625972141627616E-013
           9          39  -3.2875960284399492E-014
           9          40   1.0176564785968118E-012
           9          41  -6.8441552284789169E-014
           9          42   3.7342604970521921E-014
           9          43   9.5242523011400908E-013
           9          44   8.9156045796889338E-013
           9          45   7.7320580487425960E-015
           9          46   9.3031271710072732E-013
           9          47   7.1735561546720419E-014
           9          48  -8.0028348463942006E-014
           9          49   7.7761000431167203E-013
           9          50  -4.5724592114136420E-006
           9          51   1.4011430622293485E-003
           9          52  -2.9448062057466143E-006
           9          53  -8.0952636186318002E-004
           9          54   7.6483160093782782E-008
           9          55   5.6629576564481456E-009
           9          56   1.0822655275857189E-007
           9          57  -2.1417331093624639E-006
           9          58   1.4058314867932706E-003
           9          59   1.7920838619002310E-007
           9          60  -4.6450059688099092E-006
           9          61  -8.9835717766093004E-005
           9          62  -1.8017358913486802E-006
           9          63   1.1245536175276340E-003
           9          64   7.9042548026958177E-008
           9          65  -1.6425543634631025E-009
           9          66   6.9418632258746340E-008
           9          67  -2.0458023055823976E-006
           9          68  -9.1654751362911139E-005
           9          69   1.7408156319915300E-007
          10           1  -2.6545862340093914E-014
          10           2  -6.1473628802170307E-015
          10           3  -2.1021492906186255E-012
          10           4  -6.5374343396466375E-013
          10           5  -2.4416836573066643E-012
          10           6  -2.0993683481536356E-012
          10           7  -4.0245319710792591E-013
          10           8  -2.2906388494758660E-009
          10           9  -4.4545957631018830E-008
          10          10   1.9997850196327107     
          10          11  -1.2018547011954505E-008
          10          12  -2.2438891680012601E-007
          10          13  -1.2354444044664066E-003
          10          14  -9.7145686158690340E-008
          10          15  -1.8936107922636120E-006
          10          16  -8.8329786243772461E-003
          10          17   9.9720699549094366E-008
          10          18   1.9313254712451667E-006
          10          19   9.1316934131072877E-003
          10          20  -2.4835828447208855E-008
          10          21  -4.7733344928907569E-007
          10          22  -2.3004579827233000E-003
          10          23  -5.0124692475684949E-010
          10          24  -1.0458695331254326E-008
          10          25  -3.2137251723155667E-005
          10          26   1.8170580780403218E-012
          10          27  -1.2941547538412223E-013
          10          28   1.9541604010328356E-012
          10          29  -1.5654162789468678E-013
          10          30  -2.2766961949286056E-013
          10          31   1.9513037896772651E-012
          10          32   1.4450831667031803E-012
          10          33   9.9589034387097459E-014
          10          34   1.5340274129500947E-012
          10          35  -2.7372353859116062E-013
          10          36   6.8368876050721008E-014
          10          37   1.3397388542766333E-012
          10          38  -8.9497491263414056E-013
          10          39  -7.3279309501857653E-014
          10          40  -7.9117440436508537E-013
          10          41   4.0100975029325358E-013
          10          42  -8.5268404197832891E-015
          10          43  -8.2154895959441720E-013
          10          44   1.4602374811844190E-013
          10          45   4.1263688686903105E-014
          10          46   2.7169812439177817E-013
          10          47  -2.3082958492079718E-013
          10          48   1.9849545364267755E-014
          10          49   1.3828613435039006E-013
          10          50   7.9377089468606812E-009
          10          51   8.6900554944642286E-008
          10          52   9.7397890287255661E-009
          10          53   1.9549071507114157E-007
          10          54   1.3504255047077978E-004
          10          55   1.7377842991909886E-007
          10          56   1.5004553334277498E-003
          10          57   1.5300211075081373E-009
          10          58   7.7343347839435268E-008
          10          59   3.0051262961058129E-004
          10          60   8.9263261869700870E-009
          10          61   7.8258600393846621E-008
          10          62   2.0319369960529648E-009
          10          63   1.5876715332334936E-007
          10          64   4.2852481438704142E-004
          10          65  -2.1915200233911653E-007
          10          66  -2.4830138452589011E-005
          10          67   5.0208983462408088E-009
          10          68   9.2055212854013413E-008
          10          69   9.5834566957093666E-004
          11           1  -7.2432124395138493E-014
          11           2   4.3690455507765302E-013
          11           3   3.2621788690600878E-013
          11           4   6.9861196990019557E-013
          11           5  -1.9248351594076205E-013
          11           6  -2.2906129626135425E-014
          11           7   6.1325879545891487E-014
          11           8  -1.2478135720475968E-003
          11           9   5.8958027287859120E-006
          11          10  -1.2018547011954505E-008
          11          11   2.0098674477111560     
          11          12  -3.9204953113550038E-005
          11          13   6.3438821496030331E-008
          11          14   9.7402604881891203E-002
          11          15  -1.6960808176531513E-004
          11          16   4.8431959566432752E-007
          11          17  -7.9890568275703275E-002
          11          18   1.6372003399343037E-004
          11          19  -4.7547064251054599E-007
          11          20   1.5159850269933972E-002
          11          21  -3.8425907137483429E-005
          11          22   1.1316085193775111E-007
          11          23   4.9389835663985187E-004
          11          24  -1.4257402812786743E-006
          11          25   3.5999325858965333E-009
          11          26  -2.7907577099513882E-013
          11          27   1.7028986739535480E-011
          11          28  -4.5186799307587423E-013
          11          29  -3.3529164858088368E-014
          11          30   2.1154493381719290E-012
          11          31   2.6171211301360395E-013
          11          32  -3.5771393809887336E-013
          11          33   1.1116579365602295E-012
          11          34  -1.8397109023433952E-014
          11          35   2.5469046519660770E-014
          11          36   5.5868977277607783E-014
          11          37  -1.1233071639058822E-014
          11          38  -5.2691840481830344E-014
          11          39  -2.2627611624653664E-013
          11          40  -3.3084675475462355E-013
          11          41   3.5863667237299218E-015
          11          42   2.2353481944534459E-014
          11          43  -2.4623546468812665E-013
          11          44  -8.9123325831423173E-014
          11          45  -3.9216255631938758E-014
          11          46  -5.1159889380155914E-014
          11          47  -7.6141615682485414E-015
          11          48  -1.5033664518878460E-014
          11          49  -6.8840578907958414E-014
          11          50  -1.3191020366479284E-002
          11          51   2.6380299955354203E-005
          11          52   2.1398463538046641E-002
          11          53   5.8571930201410573E-006
          11          54  -1.3705933689719981E-007
          11          55  -8.3923305685326965E-007
          11          56   1.1476566750571359E-007
          11          57  -5.8584905890584089E-003
          11          58  -1.2815700950238572E-005
          11          59  -1.3539868878862712E-008
          11          60  -1.5325456574753822E-002
          11          61  -1.5877182342587373E-005
          11          62  -6.3298344605358936E-003
          11          63   3.5752875341164969E-005
          11          64   3.8516825333334597E-009
          11          65   4.5253026273277348E-007
          11          66  -1.4855900321642129E-008
          11          67  -6.8701577064047559E-003
          11          68   4.7569180741599548E-006
          11          69  -5.7893928047242315E-008
          12           1  -2.6277335293573806E-014
          12           2  -1.3661561690438243E-012
          12           3  -1.1667123703770448E-012
          12           4  -1.0004721159167833E-012
          12           5   3.3098337485404311E-015
          12           6  -1.4610176010749106E-013
          12           7  -1.3875856806497903E-013
          12           8   5.9199054446256335E-006
          12           9  -1.0260562098405440E-003
          12          10  -2.2438891680012601E-007
          12          11  -3.9204953113550038E-005
          12          12   2.0089527741078705     
          12          13   1.4819581475049035E-006
          12          14  -1.6559691113084905E-004
          12          15   9.2578674416732010E-002
          12          16   6.2818360317028973E-006
          12          17   1.6103493928211346E-004
          12          18  -7.6324106253124455E-002
          12          19  -6.1102412070380568E-006
          12          20  -3.7737897531966386E-005
          12          21   1.4863913237080240E-002
          12          22   1.4324856099181325E-006
          12          23  -1.4321941176483493E-006
          12          24   3.2890316499680232E-004
          12          25   5.4142477097792157E-008
