           1           1   31.066573567802010     
           1           2   138.70284031189840     
           1           3   274.37046686984786     
           1           4  -264.33043363280348     
           1           5   148.99113638015066     
           1           6   185.63314340990348     
           1           7 -0.61587606491672986     
           1           8  -6.2107711102634751E-013
           1           9  -2.2363599626079103E-011
           1          10  -2.4808383541275307E-012
           1          11  -1.3572441461242630E-010
           1          12  -2.0196740360806042E-010
           1          13  -1.4822221253785539E-013
           1          14  -3.1712257100373800E-009
           1          15  -1.3360544469819070E-009
           1          16  -3.6402641945891155E-010
           1          17   4.0244478354337248E-009
           1          18   1.2771767002434828E-009
           1          19   5.0866884899045554E-010
           1          20  -1.2658295567880594E-009
           1          21  -2.9801189129475710E-010
           1          22  -1.7466037731969290E-010
           1          23   4.4556410447979508E-011
           1          24  -8.4499665008889548E-012
           1          25   1.0194602495921447E-011
           1          26  -146.64170899843225     
           1          27  -1.7196343308484403E-012
           1          28  -146.64170899843842     
           1          29  -1.8568187592834054E-012
           1          30  -5.2056353768350574E-013
           1          31  -146.64170899843504     
           1          32   63.785889255813345     
           1          33  -3.2581439576984479E-012
           1          34   63.785889255798622     
           1          35  -5.1144877075752504E-012
           1          36  -4.4975760260629720E-012
           1          37   63.785889255802886     
           1          38   41.148977905668175     
           1          39   5.0082191607746545E-012
           1          40   41.148977905688994     
           1          41   5.6497300329417994E-012
           1          42   3.4680126050373528E-012
           1          43   41.148977905679672     
           1          44  -1.7141410256635623     
           1          45  -1.6046703345355384E-012
           1          46  -1.7141410256715939     
           1          47  -1.7713344742947700E-012
           1          48  -2.1449372779942126E-013
           1          49  -1.7141410256645382     
           1          50   1.3893691312789715E-010
           1          51   6.1874288979387928E-011
           1          52   6.3757649736195374E-011
           1          53   1.3427259636521701E-010
           1          54   3.7705884024923023E-012
           1          55  -1.3936559568809783E-012
           1          56   3.7853079023040516E-012
           1          57   6.0837864102860350E-011
           1          58   5.5985754168329222E-011
           1          59   7.9708531841144462E-012
           1          60   3.5724929999668258E-011
           1          61   6.9925132015451002E-011
           1          62   1.4944462932321840E-011
           1          63   1.5678899395035661E-010
           1          64  -5.1708588830699230E-012
           1          65   6.9042478014143857E-013
           1          66  -5.5143385386473008E-012
           1          67   1.4124412160374866E-011
           1          68   7.3641668855061534E-011
           1          69  -1.0729790898973265E-011
           2           1   138.70284031189840     
           2           2   620.86118568299230     
           2           3   1254.4401174049497     
           2           4  -1140.3300756874232     
           2           5   699.49122304969444     
           2           6   877.53536714635334     
           2           7   4.1780636835208398     
           2           8  -7.3553497159250482E-011
           2           9  -4.4159078119809283E-011
           2          10   6.0851465827189124E-012
           2          11  -1.2611695623480481E-009
           2          12  -3.4103271380681260E-010
           2          13   1.5949040751724435E-010
           2          14  -1.3760885103245451E-008
           2          15  -4.1809396842733197E-009
           2          16  -1.3216904915789498E-009
           2          17   1.5564229506233731E-008
           2          18   4.8082894243029837E-009
           2          19   2.3015560473208485E-009
           2          20  -4.3995863373244309E-009
           2          21  -1.4061433107409286E-009
           2          22  -8.9655693334346572E-010
           2          23   5.4790130701647460E-011
           2          24   3.5965303799147722E-011
           2          25   7.0239884490275292E-011
           2          26  -686.55716595068475     
           2          27  -6.9800633027403960E-012
           2          28  -686.55716595071158     
           2          29  -8.6860247537976109E-012
           2          30  -3.0347850119454737E-012
           2          31  -686.55716595069794     
           2          32   253.48466738062473     
           2          33  -1.3423791725908707E-011
           2          34   253.48466738056322     
           2          35  -2.0902571603771635E-011
           2          36  -1.9224116653885069E-011
           2          37   253.48466738058383     
           2          38   188.32302375840564     
           2          39   2.1028776446208153E-011
           2          40   188.32302375849363     
           2          41   2.3224726807867121E-011
           2          42   1.5546998999817109E-011
           2          43   188.32302375845225     
           2          44  -15.973188399703883     
           2          45  -7.1024063389087291E-012
           2          46  -15.973188399738216     
           2          47  -7.1185578861988476E-012
           2          48  -1.5056069130788599E-012
           2          49  -15.973188399708251     
           2          50   9.4966371562393914E-010
           2          51   1.2970849793279874E-010
           2          52   4.3112266356519457E-010
           2          53   2.7131002757547587E-010
           2          54  -2.3061555358082553E-011
           2          55  -6.0236997325088335E-012
           2          56  -2.2805224397420139E-011
           2          57   4.1856262811688950E-010
           2          58   1.0406217931374611E-010
           2          59  -5.3304961126325912E-011
           2          60   7.9611071525316890E-010
           2          61   9.6270001579976072E-011
           2          62   3.5183140883832635E-010
           2          63   2.1808054809136346E-010
           2          64  -8.7196708996275956E-011
           2          65   3.0548295219868463E-012
           2          66  -8.9047414935189591E-011
           2          67   3.4831243212474666E-010
           2          68   1.1273683406294543E-010
           2          69  -1.9232943149010377E-010
           3           1   274.37046686984786     
           3           2   1254.4401174049497     
           3           3   2967.3201932871812     
           3           4  -1594.5431992033523     
           3           5   1946.7507832917088     
           3           6   2535.2108867530178     
           3           7   121.48623153724640     
           3           8  -2.7280949401792954E-010
           3           9   1.8214565192103970E-010
           3          10   6.6265452548382753E-011
           3          11  -5.5950959701621916E-010
           3          12   6.2787735169124468E-010
           3          13   1.5288119702051447E-010
           3          14  -7.2834942029806983E-009
           3          15   7.2466519983908394E-009
           3          16   1.9144972596402556E-010
           3          17   8.4751025098212620E-009
           3          18  -8.2579805726708383E-009
           3          19   2.0284430317291092E-010
           3          20  -2.4666528440788774E-009
           3          21   2.3259446734678971E-009
           3          22  -1.7592217634461354E-010
           3          23   5.5392495452658416E-011
           3          24  -3.3061879160403490E-011
           3          25   1.7889712319947016E-011
           3          26  -1882.5101054582626     
           3          27  -2.5720303945292978E-012
           3          28  -1882.5101054582960     
           3          29  -1.0413875202922218E-011
           3          30  -1.0067218882961305E-011
           3          31  -1882.5101054582769     
           3          32  -14.224010978172551     
           3          33  -7.5486565519547480E-012
           3          34  -14.224010978239837     
           3          35  -3.0241211005435635E-011
           3          36  -3.5899173426528982E-011
           3          37  -14.224010978197366     
           3          38   447.38933755120229     
           3          39   1.9315242809627469E-011
           3          40   447.38933755130444     
           3          41   2.6491417435707382E-011
           3          42   3.9591382225295447E-011
           3          43   447.38933755124248     
           3          44  -168.10646522562880     
           3          45  -1.2980861525669558E-011
           3          46  -168.10646522567254     
           3          47  -2.4263313073183918E-012
           3          48  -1.2787991287946937E-011
           3          49  -168.10646522564016     
           3          50   4.7948050673757927E-010
           3          51  -1.9717706248010065E-010
           3          52   2.1347208765476232E-010
           3          53  -4.8614254466740464E-010
           3          54  -3.9091301114651949E-011
           3          55  -8.6346128235986847E-012
           3          56  -3.5424063738763618E-011
           3          57   1.9648189979328163E-010
           3          58  -2.3721598006713942E-010
           3          59  -8.5603980235611842E-011
           3          60   3.3230185648980323E-010
           3          61  -1.8099630532041035E-010
           3          62   1.4700421964034349E-010
           3          63  -3.8455675793009312E-010
           3          64  -6.2925959295077461E-011
           3          65   5.5771519651080813E-012
           3          66  -7.1797611956697629E-011
           3          67   1.4237108601002348E-010
           3          68  -1.5050662150590298E-010
           3          69  -1.5311131874699548E-010
           4           1  -264.33043363280348     
           4           2  -1140.3300756874232     
           4           3  -1594.5431992033523     
           4           4   3512.8193393839911     
           4           5  -560.33864869267848     
           4           6  -634.58841866385637     
           4           7   115.27739028714956     
           4           8  -4.4365336316302864E-010
           4           9   7.3064060806229581E-010
           4          10   1.6255313377700931E-010
           4          11   5.2395364063104628E-009
           4          12   2.8439171339844195E-009
           4          13  -5.0388837001921135E-010
           4          14   5.6891470053847831E-008
           4          15   3.3155300485806024E-008
           4          16   7.3456410412741402E-009
           4          17  -6.4511470546296902E-008
           4          18  -3.7713176211734518E-008
           4          19  -1.1615921099858472E-008
           4          20   1.8284263690725002E-008
           4          21   1.0800498037998132E-008
           4          22   4.3084679444934205E-009
           4          23  -2.0853001411854896E-010
           4          24  -2.2650213422042393E-010
           4          25  -3.2443719163371083E-010
           4          26   499.67391581422908     
           4          27   3.4687571746539491E-011
           4          28   499.67391581431633     
           4          29   2.8329281779351135E-011
           4          30  -4.1098252720681231E-012
           4          31   499.67391581427432     
           4          32  -1291.6320445060521     
           4          33   5.5831834051775071E-011
           4          34  -1291.6320445058489     
           4          35   5.7684490347538275E-011
           4          36   4.3223078346021438E-011
           4          37  -1291.6320445058868     
           4          38  -301.54889781369764     
           4          39  -7.6375675019265440E-011
           4          40  -301.54889781398180     
           4          41  -7.5038353872316918E-011
           4          42  -1.8146314233919044E-011
           4          43  -301.54889781386788     
           4          44  -150.27921749838822     
           4          45   1.6095974896126430E-011
           4          46  -150.27921749828204     
           4          47   3.2370670780641789E-011
           4          48  -1.1858283073023481E-011
           4          49  -150.27921749838501     
           4          50  -3.8606692248305353E-009
           4          51  -1.0087349473478356E-009
           4          52  -1.7623642694417117E-009
           4          53  -2.2305876150457705E-009
           4          54   3.5176896194626938E-011
           4          55   1.7219555763649627E-011
           4          56   4.0836838562480097E-011
           4          57  -1.7252431641593000E-009
           4          58  -9.3833386215216662E-010
           4          59   9.0555546373441915E-011
           4          60  -3.2616677396889485E-009
           4          61  -8.2781253641572963E-010
           4          62  -1.4416542318692482E-009
           4          63  -1.8346140403303211E-009
           4          64   3.1665717429849511E-010
           4          65  -7.1009130986484827E-012
           4          66   3.1287842894440741E-010
           4          67  -1.4322842628131638E-009
           4          68  -8.6255894480012816E-010
           4          69   6.7340098445043073E-010
           5           1   148.99113638015066     
           5           2   699.49122304969444     
           5           3   1946.7507832917088     
           5           4  -560.33864869267848     
           5           5   1533.9892148436693     
           5           6   2088.4413897817390     
           5           7   180.75916665705657     
           5           8  -3.6202578492979900E-011
           5           9   1.6875236429223159E-010
           5          10   2.6656200283319000E-011
           5          11   9.7394365135712998E-010
           5          12   1.2583208937164291E-009
           5          13  -2.6562452081251425E-011
           5          14   1.0059093770715359E-008
           5          15   1.4281241626629695E-008
           5          16   1.7869343025925396E-009
           5          17  -1.1234129914455620E-008
           5          18  -1.6226057903444019E-008
           5          19  -2.5477786947083218E-009
           5          20   3.1303904482681337E-009
           5          21   4.6087189345952168E-009
           5          22   8.9341809509407938E-010
           5          23  -2.7535146793615561E-011
           5          24  -7.4567955425816394E-011
           5          25  -6.6996599693005774E-011
           5          26  -1413.9689783048036     
           5          27   5.0088146870061249E-012
           5          28  -1413.9689783048075     
           5          29  -2.3548510504327732E-013
           5          30  -5.9208991179511904E-012
           5          31  -1413.9689783048020     
           5          32  -385.01745886133313     
           5          33   8.9155788867410982E-012
           5          34  -385.01745886133290     
           5          35  -1.0350111342547262E-011
           5          36  -2.0548962987070875E-011
           5          37  -385.01745886130675     
           5          38   333.05109687810148     
           5          39  -4.6057787088788115E-012
           5          40   333.05109687810818     
           5          41   1.4906115594834389E-012
           5          42   2.9819168615503043E-011
           5          43   333.05109687808596     
           5          44  -210.78128003509306     
           5          45  -6.8293121043466460E-012
           5          46  -210.78128003510096     
           5          47   6.7803938607343957E-012
           5          48  -1.4553201459257035E-011
           5          49  -210.78128003510091     
           5          50  -6.9535109822032610E-010
           5          51  -4.1663055300968229E-010
           5          52  -3.2020785967538078E-010
           5          53  -9.6346009105002130E-010
           5          54  -1.3584951710782445E-011
           5          55  -2.6384218573264456E-012
           5          56  -9.9832267686890722E-012
           5          57  -3.2419724460074547E-010
           5          58  -4.3334961023216042E-010
           5          59  -2.5771833102596863E-011
           5          60  -6.3591342632790011E-010
           5          61  -3.6422491339382539E-010
           5          62  -2.7947047114715500E-010
           5          63  -7.9215915238122160E-010
           5          64   3.8836322630679097E-011
           5          65   3.0108703758847257E-012
           5          66   2.9697193924379627E-011
           5          67  -2.7970282379323628E-010
           5          68  -3.4913517209088831E-010
           5          69   6.8344431732024003E-011
           6           1   185.63314340990348     
           6           2   877.53536714635334     
           6           3   2535.2108867530178     
           6           4  -634.58841866385637     
           6           5   2088.4413897817390     
           6           6   2873.3801402161798     
           6           7   271.58313815063832     
           6           8   1.4789257282800604E-010
           6           9   3.0505945195605401E-010
           6          10  -1.2279616989674854E-011
           6          11   2.9328685843087221E-009
           6          12   3.0861812912147837E-009
           6          13  -4.4779761908714373E-010
           6          14   2.8169584477307698E-008
           6          15   3.5558280844821625E-008
           6          16   1.6550775787346689E-009
           6          17  -3.0926775911681374E-008
           6          18  -4.0723273790219613E-008
           6          19  -3.5513435112419711E-009
           6          20   8.4590740885685413E-009
           6          21   1.1659551814028496E-008
           6          22   1.5253514439166372E-009
           6          23  -4.2304881723972698E-011
           6          24  -1.9386516410593725E-010
           6          25  -1.6070428325631111E-010
           6          26  -1896.9724691517540     
           6          27   7.4981728576200526E-012
           6          28  -1896.9724691517611     
           6          29   6.5900275027837717E-013
           6          30  -7.9181150458728560E-012
           6          31  -1896.9724691517533     
           6          32  -608.23599227833017     
           6          33   1.6138603696951174E-011
           6          34  -608.23599227830709     
           6          35  -9.7321280259429161E-012
           6          36  -2.5057339181406916E-011
           6          37  -608.23599227827776     
           6          38   453.68959056853282     
           6          39  -1.1126146677854866E-011
           6          40   453.68959056851816     
           6          41  -3.2489384916276624E-012
           6          42   3.9432800538114645E-011
           6          43   453.68959056849678     
           6          44  -307.78695769148499     
           6          45  -8.5091625659271021E-012
           6          46  -307.78695769148919     
           6          47   1.1211860993785331E-011
           6          48  -2.0723658882536747E-011
           6          49  -307.78695769149499     
           6          50  -2.1066488075812898E-009
           6          51  -1.0485564127667858E-009
           6          52  -9.5631052365721532E-010
           6          53  -2.3870920681802380E-009
           6          54   8.4252814444417340E-011
           6          55  -2.6684466694902773E-012
           6          56   8.9129257741376687E-011
           6          57  -9.5961319691370450E-010
           6          58  -1.0683128819607431E-009
           6          59   1.9531860536885668E-010
           6          60  -1.9348060936903373E-009
           6          61  -8.4271222996052103E-010
           6          62  -8.5696906181782601E-010
           6          63  -1.8526080443958014E-009
           6          64   2.1797895233888074E-010
           6          65   3.8187849062076246E-012
           6          66   2.0500426995096296E-010
           6          67  -8.5634865237193630E-010
           6          68  -8.2439808748351716E-010
           6          69   4.6062579629991865E-010
           7           1 -0.61587606491672986     
           7           2   4.1780636835208398     
           7           3   121.48623153724640     
           7           4   115.27739028714956     
           7           5   180.75916665705657     
           7           6   271.58313815063832     
           7           7   44.807042640097194     
           7           8   9.5675665592068971E-011
           7           9   5.4913374640877480E-011
           7          10  -1.4535016334566658E-011
           7          11   1.0419166953097489E-009
           7          12   7.4449597176984629E-010
           7          13  -1.5500408235390969E-010
           7          14   1.0518607424223920E-008
           7          15   8.8945417997541197E-009
           7          16   7.4761547965981047E-010
           7          17  -1.1700514408024771E-008
           7          18  -1.0281167108327515E-008
           7          19  -1.4823866536691073E-009
           7          20   3.2469034837533823E-009
           7          21   2.9748162424162625E-009
           7          22   6.1187121204100456E-010
           7          23  -2.7945673723806072E-011
           7          24  -5.5223545355269610E-011
           7          25  -5.5120770968805176E-011
           7          26  -146.42407542402304     
           7          27   1.8593327419525209E-012
           7          28  -146.42407542402148     
           7          29   2.1705704676637468E-012
           7          30  -8.0285298925911121E-013
           7          31  -146.42407542402196     
           7          32  -144.83000620768934     
           7          33   5.8428958022003720E-012
           7          34  -144.83000620766902     
           7          35   2.2537352389698758E-012
           7          36   7.3443808811163630E-013
           7          37  -144.83000620767024     
           7          38   34.705062282298215     
           7          39  -6.3587952161646953E-012
           7          40   34.705062282275371     
           7          41  -4.9158900430396185E-012
           7          42   2.4210147783725623E-012
           7          43   34.705062282281332     
           7          44  -46.120615465258183     
           7          45   1.5228777771686339E-013
           7          46  -46.120615465251667     
           7          47   3.0957969783419620E-012
           7          48  -2.8310891296815193E-012
           7          49  -46.120615465258552     
           7          50  -7.6974105140335026E-010
           7          51  -2.6002512416169761E-010
           7          52  -3.4754323569468402E-010
           7          53  -5.8416726319598978E-010
           7          54   2.7752063116804804E-011
           7          55   7.9560707265499992E-013
           7          56   2.8339990586877668E-011
           7          57  -3.4551052560966907E-010
           7          58  -2.5809481544065977E-010
           7          59   6.3436113058577120E-011
           7          60  -6.6720472952085471E-010
           7          61  -1.9494113858611767E-010
           7          62  -2.9612819266089620E-010
           7          63  -4.3157905654369676E-010
           7          64   7.8002656664274678E-011
           7          65  -9.1303434350109764E-015
           7          66   7.6347268828977274E-011
           7          67  -2.9522272734420347E-010
           7          68  -1.9557103710465182E-010
           7          69   1.6996797999762763E-010
           8           1  -6.2107711102634751E-013
           8           2  -7.3553497159250482E-011
           8           3  -2.7280949401792954E-010
           8           4  -4.4365336316302864E-010
           8           5  -3.6202578492979900E-011
           8           6   1.4789257282800604E-010
           8           7   9.5675665592068971E-011
           8           8  0.92912099029402129     
           8           9  -6.5088212600578636E-013
           8          10   1.1853296122332136E-012
           8          11   11.302860555305218     
           8          12  -9.3215990483919193E-012
           8          13   1.8799184431354646E-011
           8          14   65.451702733993102     
           8          15  -2.7205793175695402E-011
           8          16   5.3685056400151245E-011
           8          17  -59.527602848543474     
           8          18   9.5994323621977747E-012
           8          19  -2.4865443037694976E-011
           8          20   12.554333827436610     
           8          21   1.6366907823243045E-012
           8          22  -4.3183234766455580E-012
           8          23  0.81269906983474294     
           8          24   6.9935897351550037E-013
           8          25   2.2992996395742195E-012
           8          26   1.4487478737328122E-010
           8          27   7.0813910671026062E-013
           8          28   1.4425738070687297E-010
           8          29   6.7203472096045865E-013
           8          30   7.3327446224858517E-013
           8          31   1.4359812353435574E-010
           8          32   7.1973617689382790E-011
           8          33  -9.1836194802419071E-013
           8          34   7.3079536758407509E-011
           8          35   3.8461844283862725E-013
           8          36   1.6280159192123949E-013
           8          37   7.2308678345788489E-011
           8          38   2.1637941283125464E-011
           8          39  -5.0781751423716252E-013
           8          40   2.2171070419237827E-011
           8          41  -1.0060701195736088E-012
           8          42   5.7954808500919034E-013
           8          43   2.2142795137258317E-011
           8          44  -4.9436114696862021E-011
           8          45   1.3910198375673580E-012
           8          46  -4.9287746578829886E-011
           8          47  -2.2830316883750606E-013
           8          48  -2.0148442857910469E-013
           8          49  -5.1328569014633936E-011
           8          50  -7.3135062310000274     
           8          51   2.8436419886105580E-012
           8          52  -3.2706994172769166     
           8          53   4.8703263645651887E-012
           8          54  -4.0877301543610259E-012
           8          55  -1.7602260846144069E-013
           8          56  -5.2633453151365105E-012
           8          57  -3.2706994172764365     
           8          58   2.4740764992887894E-012
           8          59  -1.1493472840114904E-011
           8          60  -8.5942780708256930     
           8          61   4.1970454889795385E-012
           8          62  -3.8434779967795976     
           8          63   8.9773188883829956E-012
           8          64  -6.6684435751033526E-012
           8          65   1.2297112205801231E-012
           8          66  -6.3411498274442095E-012
           8          67  -3.8434779967802091     
           8          68   3.4602598564745575E-012
           8          69  -1.4459322628102263E-011
           9           1  -2.2363599626079103E-011
           9           2  -4.4159078119809283E-011
           9           3   1.8214565192103970E-010
           9           4   7.3064060806229581E-010
           9           5   1.6875236429223159E-010
           9           6   3.0505945195605401E-010
           9           7   5.4913374640877480E-011
           9           8  -6.5088212600578636E-013
           9           9  0.92912099029236572     
           9          10  -7.1519179462452694E-013
           9          11  -1.3430700993959712E-011
           9          12   11.302860555293002     
           9          13  -9.2340579625963613E-012
           9          14  -1.2663559088516433E-010
           9          15   65.451702733983609     
           9          16  -6.0087046448241015E-011
           9          17   1.4151080305648500E-010
           9          18  -59.527602848562950     
           9          19   5.7832849618868784E-011
           9          20  -4.0711656263145120E-011
           9          21   12.554333827449788     
           9          22  -9.6878061124684935E-012
           9          23   1.1012805250847305E-012
           9          24  0.81269906983104245     
           9          25  -3.8785051559289756E-012
           9          26  -2.3695019105047679E-010
           9          27   2.6790317270918000E-012
           9          28  -2.3604498606565608E-010
           9          29   4.3890762953199251E-013
           9          30  -7.5094947894415624E-013
           9          31  -2.3917472263271876E-010
           9          32  -3.3362283401661180E-010
           9          33  -1.2463855030582840E-012
           9          34  -3.3201304760814198E-010
           9          35   6.1862676578355883E-014
           9          36  -1.4438937093714373E-012
           9          37  -3.3447816389434196E-010
           9          38  -4.6162673247088036E-011
           9          39  -7.5529231184110045E-015
           9          40  -4.6446635492215498E-011
           9          41   1.1570543391404251E-012
           9          42   2.9467358449097426E-012
           9          43  -4.2362256033558646E-011
           9          44  -7.9125602739091509E-011
           9          45  -4.6300101763792022E-013
           9          46  -8.0595857087242291E-011
           9          47  -3.3223538157449741E-013
           9          48  -1.2111281120211822E-012
           9          49  -8.2662059608334712E-011
           9          50   8.7542195701261573E-012
           9          51  -3.2706994172760786     
           9          52   5.2134963007391903E-012
           9          53  -7.3135062309929646     
           9          54   3.6715075423934230E-012
           9          55  -1.6776518431707388E-012
           9          56   1.0173528685731515E-012
           9          57   5.7620019860520064E-012
           9          58  -3.2706994172745776     
           9          59   5.8600901907833727E-012
           9          60   7.0502492721627997E-012
           9          61  -3.8434779967741246     
           9          62   2.8504143484958846E-012
           9          63  -8.5942780708127913     
           9          64   4.4614312241266295E-013
           9          65   2.7918763737974266E-013
           9          66   3.5705327583152890E-012
           9          67   1.5491219413308233E-012
           9          68  -3.8434779967760426     
           9          69   6.4945271382325789E-012
          10           1  -2.4808383541275307E-012
          10           2   6.0851465827189124E-012
          10           3   6.6265452548382753E-011
          10           4   1.6255313377700931E-010
          10           5   2.6656200283319000E-011
          10           6  -1.2279616989674854E-011
          10           7  -1.4535016334566658E-011
          10           8   1.1853296122332136E-012
          10           9  -7.1519179462452694E-013
          10          10  0.92912099029224937     
          10          11   8.2116535797956496E-012
          10          12  -9.4934060609665176E-012
          10          13   11.302860555282706     
          10          14   1.1444356573950138E-010
          10          15  -1.0226752777652388E-010
          10          16   65.451702733829663     
          10          17  -1.3754331007951515E-010
          10          18   1.1383427533592495E-010
          10          19  -59.527602848382699     
          10          20   4.0264680479994794E-011
          10          21  -3.1951774558567855E-011
          10          22   12.554333827398718     
          10          23  -5.8365118294476213E-013
          10          24   8.6480822502398744E-013
          10          25  0.81269906983313034     
          10          26  -4.8671936071357839E-011
          10          27  -8.0592922664352491E-013
          10          28  -4.8891530111565536E-011
          10          29  -5.3948772273895214E-013
          10          30   4.8309857235904608E-013
          10          31  -4.9437838420109212E-011
          10          32  -5.0230368455656844E-011
          10          33   3.6224727613275341E-013
          10          34  -4.9761859026406777E-011
          10          35  -5.2831557352039672E-013
          10          36  -6.5421882461649671E-015
          10          37  -5.0649135134648039E-011
          10          38  -3.4377993892805998E-012
          10          39  -5.2296451485856587E-013
          10          40  -3.3248718193791385E-012
          10          41  -1.0775194902749497E-013
          10          42   1.3249089893609794E-013
          10          43  -3.7106647531234948E-012
          10          44   4.3840178827310333E-012
          10          45   6.9407997501625058E-013
          10          46   5.5285470180027320E-012
          10          47   2.9509462367759422E-013
          10          48  -3.7490739202996852E-013
          10          49   4.8342088815569396E-012
          10          50  -6.5978333910778230E-012
          10          51   3.8241632082193686E-012
          10          52  -3.3080205243221972E-012
          10          53   6.8407501883031241E-012
          10          54  -3.2706994172707669     
          10          55  -1.4162856624976280E-013
          10          56  -3.2706994172699821     
          10          57  -3.3840708015098193E-012
          10          58   3.3055780334163812E-012
          10          59  -7.3135062309863148     
          10          60  -3.0719871094153620E-012
          10          61   2.6617874570343519E-012
          10          62  -1.4276357874906043E-012
          10          63   6.1255445158862710E-012
          10          64  -3.8434779967716413     
          10          65   2.8292639175707348E-013
          10          66  -3.8434779967721777     
          10          67  -1.7641443862549788E-012
          10          68   3.1325220194759191E-012
          10          69  -8.5942780708077713     
          11           1  -1.3572441461242630E-010
          11           2  -1.2611695623480481E-009
          11           3  -5.5950959701621916E-010
          11           4   5.2395364063104628E-009
          11           5   9.7394365135712998E-010
          11           6   2.9328685843087221E-009
          11           7   1.0419166953097489E-009
          11           8   11.302860555305218     
          11           9  -1.3430700993959712E-011
          11          10   8.2116535797956496E-012
          11          11   137.50083101054844     
          11          12  -1.8035350989350864E-010
          11          13   1.5317525026254358E-010
          11          14   795.31227941770408     
          11          15  -9.8864916242859594E-010
          11          16   4.3030468089376572E-011
          11          17  -722.88011219739201     
          11          18   8.4679641064875015E-010
          11          19   3.3668356989926993E-010
          11          20   152.29171957795970     
          11          21  -1.8210677407124348E-010
          11          22  -2.1807977645581365E-010
          11          23   9.9079605339961070     
          11          24   9.9585617527297192E-012
          11          25   2.6573410139015543E-011
          11          26  -9.9816484381963205E-010
          11          27   5.2289297771416137E-012
          11          28  -1.0053010578947269E-009
          11          29   6.5274668959771239E-012
          11          30   7.7948749003529019E-012
          11          31  -1.0109783587478608E-009
          11          32  -2.9172169094179156E-009
          11          33  -5.8869422293944794E-012
          11          34  -2.9043495032411294E-009
          11          35   7.2358231460293650E-012
          11          36   3.7208621176414461E-012
          11          37  -2.9173759231638196E-009
          11          38  -3.8946115478469641E-010
          11          39  -9.5995666383168685E-012
          11          40  -3.8261329055287435E-010
          11          41  -1.3890258429854621E-011
          11          42   5.9079039579729538E-012
          11          43  -3.8056682321625199E-010
          11          44  -9.7652003091974645E-010
          11          45   1.7249959092221236E-011
          11          46  -9.7475454877519860E-010
          11          47  -2.6056055897693406E-012
          11          48  -2.3335441085829380E-012
          11          49  -9.9979611341532994E-010
          11          50  -88.948356027441179     
          11          51   5.6788351795124937E-011
          11          52  -39.778914112842926     
          11          53   1.0889156242549626E-010
          11          54  -2.6076918402770758E-011
          11          55  -2.1379962376441546E-012
          11          56  -4.0365932818908208E-011
          11          57  -39.778914112837079     
          11          58   5.2297277615890988E-011
          11          59  -8.6906482011672667E-011
          11          60  -104.58173412689533     
          11          61   6.9707573044263312E-011
          11          62  -46.770373342499767     
          11          63   1.5092682658552681E-010
          11          64  -5.8072657793968201E-011
          11          65   1.4940018902145720E-011
          11          66  -5.4095394830528984E-011
          11          67  -46.770373342507206     
          11          68   6.0754734573704196E-011
          11          69  -1.2436984775438272E-010
          12           1  -2.0196740360806042E-010
          12           2  -3.4103271380681260E-010
          12           3   6.2787735169124468E-010
          12           4   2.8439171339844195E-009
          12           5   1.2583208937164291E-009
          12           6   3.0861812912147837E-009
          12           7   7.4449597176984629E-010
          12           8  -9.3215990483919193E-012
          12           9   11.302860555293002     
          12          10  -9.4934060609665176E-012
          12          11  -1.8035350989350864E-010
          12          12   137.50083101049600     
          12          13  -1.2195933152200713E-010
          12          14  -1.7283099395067162E-009
          12          15   795.31227941861596     
          12          16  -8.4054363468705797E-010
          12          17   1.9359234214577859E-009
          12          18  -722.88011219879365     
          12          19   8.2945916800818214E-010
          12          20  -5.5638693649238714E-010
          12          21   152.29171957844949     
          12          22  -1.5403500696933997E-010
          12          23   1.4251003155201005E-011
          12          24   9.9079605339470458     
          12          25  -4.6572079526181031E-011
