           1           1   2.0065908379247479     
           1           2  -3.4699690856805684E-003
           1           3  -1.6265529258506748E-002
           1           4  -2.7921106515027549E-003
           1           5  -7.3417589143456460E-015
           1           6  -8.3546567553267941E-015
           1           7  -1.9322812940932834E-015
           1           8   7.2622454084645580E-015
           1           9   4.9402465667127949E-015
           1          10   4.3007742641089712E-015
           1          11  -3.1425768339220346E-015
           1          12   5.4072585769566406E-015
           1          13   1.9831096518838658E-016
           1          14  -1.4904216173226338E-003
           1          15   1.1199703927365822E-015
           1          16  -1.4904216173264077E-003
           1          17  -1.3489744953340578E-015
           1          18   1.9410563101962531E-015
           1          19  -1.4904216173257925E-003
           1          20   3.6478199326593955E-003
           1          21  -1.8292247844912243E-015
           1          22   3.6478199326604828E-003
           1          23  -5.8629877005777884E-016
           1          24   1.8251200693281610E-015
           1          25   3.6478199326545205E-003
           2           1  -3.4699690856805684E-003
           2           2   1.8803653108436662     
           2           3   6.5572787725679912E-002
           2           4   8.9344729850060034E-002
           2           5   1.2296435342913702E-014
           2           6  -7.0131538908942575E-015
           2           7   1.3643185079477810E-014
           2           8  -6.0393518255353875E-015
           2           9   1.7150192325537221E-014
           2          10   5.9211496832692191E-015
           2          11   1.4707387452600537E-014
           2          12  -1.1243920130094852E-014
           2          13   2.5707437611931243E-014
           2          14  -7.2910046665235987E-003
           2          15  -5.4361523413338464E-016
           2          16  -7.2910046665227244E-003
           2          17   2.3777751860344615E-015
           2          18  -3.2476711270522615E-015
           2          19  -7.2910046665257923E-003
           2          20  -3.5928790850547662E-002
           2          21   9.1440034474043033E-015
           2          22  -3.5928790850568444E-002
           2          23   4.2213249358472331E-015
           2          24   1.7899337729094747E-014
           2          25  -3.5928790850535609E-002
           3           1  -1.6265529258506748E-002
           3           2   6.5572787725679912E-002
           3           3   5.2849581875529742E-003
           3           4   4.5420698400816242E-003
           3           5   1.5431269467088337E-015
           3           6  -4.5443485022793726E-015
           3           7   2.1195566490411229E-015
           3           8  -5.9609517890828163E-016
           3           9   1.6778619765543325E-015
           3          10   5.5992752910666508E-016
           3          11   1.3128966849140097E-015
           3          12  -1.1579103210408030E-015
           3          13   2.0791028756754038E-015
           3          14  -1.3552610480537558E-004
           3          15  -5.9699632927962138E-017
           3          16  -1.3552610480516012E-004
           3          17   1.9471283071182964E-016
           3          18  -2.6477988125501484E-016
           3          19  -1.3552610480545039E-004
           3          20  -3.8151242715565446E-004
           3          21   7.6237302399892146E-016
           3          22  -3.8151242715726781E-004
           3          23   4.1291055066381939E-016
           3          24   1.4597362135154161E-015
           3          25  -3.8151242715465001E-004
           4           1  -2.7921106515027549E-003
           4           2   8.9344729850060034E-002
           4           3   4.5420698400816242E-003
           4           4   4.9376219406647567E-003
           4           5  -2.8968460957691860E-015
           4           6   5.2689453459188121E-015
           4           7   4.6023362113338577E-015
           4           8  -3.5620110956138061E-016
           4           9   1.1640033849462279E-015
           4          10   3.8911629062253208E-016
           4          11   9.5887630489844894E-016
           4          12  -6.5202605122496292E-016
           4          13   1.8998113376642004E-015
           4          14  -2.8986180376124558E-004
           4          15  -4.1563090057047372E-017
           4          16  -2.8986180376112963E-004
           4          17   1.6371697480510911E-016
           4          18  -2.2365055088264951E-016
           4          19  -2.8986180376136295E-004
           4          20  -1.2688655667846998E-003
           4          21   6.4819849850750567E-016
           4          22  -1.2688655667861192E-003
           4          23   3.2776352593735463E-016
           4          24   1.2665637545388210E-015
           4          25  -1.2688655667838522E-003
           5           1  -7.3417589143456460E-015
           5           2   1.2296435342913702E-014
           5           3   1.5431269467088337E-015
           5           4  -2.8968460957691860E-015
           5           5   1.0179581365695642     
           5           6   1.6375789613220215E-015
           5           7  -1.1223660889568557E-015
           5           8  -2.5737852703931280E-002
           5           9   4.3395191953752732E-016
           5          10   3.7937453742712501E-015
           5          11   3.1818527691645462E-002
           5          12   6.1794102820795755E-016
           5          13  -1.2013231121679677E-015
           5          14  -8.9329708958986044E-016
           5          15  -7.2615790851591196E-018
           5          16  -5.2340306493024066E-016
           5          17  -8.9492510719565199E-017
           5          18   1.1923603645044018E-016
           5          19  -1.2905288166790132E-015
           5          20  -1.7405934018791989E-015
           5          21  -3.3065730565756677E-016
           5          22  -3.0652722025205657E-016
           5          23  -6.2209058033910084E-016
           5          24  -1.6737378561673227E-016
           5          25   3.3240810166207077E-017
           6           1  -8.3546567553267941E-015
           6           2  -7.0131538908942575E-015
           6           3  -4.5443485022793726E-015
           6           4   5.2689453459188121E-015
           6           5   1.6375789613220215E-015
           6           6   1.0179581365695269     
           6           7  -4.5519144009632743E-015
           6           8  -3.4136647501791711E-015
           6           9  -2.5737852703913596E-002
           6          10   1.2177758801355904E-015
           6          11   9.9415918206038706E-016
           6          12   3.1818527691652873E-002
           6          13  -1.9862583799937589E-015
           6          14  -1.1835762194673397E-015
           6          15   2.1756790485085366E-015
           6          16  -5.2416271974086168E-016
           6          17   9.2680197414213944E-016
           6          18   8.7086499911002961E-016
           6          19   8.7151102946490948E-016
           6          20   2.6798988652540639E-016
           6          21   5.9784210063906212E-016
           6          22  -4.8277915598406485E-015
           6          23  -3.8769405479280805E-016
           6          24  -1.9423439442269483E-015
           6          25  -9.8283447039503711E-016
           7           1  -1.9322812940932834E-015
           7           2   1.3643185079477810E-014
           7           3   2.1195566490411229E-015
           7           4   4.6023362113338577E-015
           7           5  -1.1223660889568557E-015
           7           6  -4.5519144009632743E-015
           7           7   1.0179581365695538     
           7           8  -1.5129092640135311E-015
           7           9   1.8344700758457587E-015
           7          10  -2.5737852703924060E-002
           7          11  -1.0547389784479795E-015
           7          12   6.9319550100031310E-015
           7          13   3.1818527691641778E-002
           7          14  -4.0792734634436185E-016
           7          15   1.0269009754038609E-015
           7          16   1.7011547220868988E-016
           7          17   8.9016973422508110E-016
           7          18   8.2470971609204352E-016
           7          19  -8.1294307912836667E-016
           7          20  -8.4307262927904812E-016
           7          21   3.8585477280024517E-016
           7          22  -3.3523609260572055E-015
           7          23  -6.2498461624121003E-016
           7          24   3.9768825066304921E-016
           7          25  -1.0799071632606541E-015
           8           1   7.2622454084645580E-015
           8           2  -6.0393518255353875E-015
           8           3  -5.9609517890828163E-016
           8           4  -3.5620110956138061E-016
           8           5  -2.5737852703931280E-002
           8           6  -3.4136647501791711E-015
           8           7  -1.5129092640135311E-015
           8           8   6.5075079024528605E-004
           8           9   7.4278013210471473E-017
           8          10  -5.6944330978062023E-017
           8          11  -8.0449337704917051E-004
           8          12  -1.2102914970126347E-016
           8          13  -1.7757622222922943E-017
           8          14   2.4820692023036005E-017
           8          15   1.8360033303513161E-019
           8          16   1.5468364475596224E-017
           8          17   2.2627109860730948E-018
           8          18  -3.0147404228982217E-018
           8          19   3.4864220645541783E-017
           8          20   6.8906302817154212E-017
           8          21   8.3602740846372861E-018
           8          22   3.2647656391271726E-017
           8          23   1.5728815508257617E-017
           8          24   4.2318457761765169E-018
           8          25   2.4057028538762668E-017
           9           1   4.9402465667127949E-015
           9           2   1.7150192325537221E-014
           9           3   1.6778619765543325E-015
           9           4   1.1640033849462279E-015
           9           5   4.3395191953752732E-016
           9           6  -2.5737852703913596E-002
           9           7   1.8344700758457587E-015
           9           8   7.4278013210471473E-017
           9           9   6.5075079024441566E-004
           9          10  -7.4213638706410924E-017
           9          11  -1.0262651188533186E-017
           9          12  -8.0449337704883463E-004
           9          13   1.0389367317906556E-016
           9          14   8.8900957419704301E-018
           9          15  -5.5009439848104088E-017
           9          16  -7.7823850970750928E-018
           9          17  -2.3433078276184628E-017
           9          18  -2.2018778834752414E-017
           9          19  -4.3070324835855628E-017
           9          20   3.0508642949304701E-018
           9          21  -1.5115721731014466E-017
           9          22   1.3189159709695360E-016
           9          23   9.8023799978551335E-018
           9          24   4.9109841103883309E-017
           9          25   3.4676460575025785E-017
          10           1   4.3007742641089712E-015
          10           2   5.9211496832692191E-015
          10           3   5.5992752910666508E-016
          10           4   3.8911629062253208E-016
          10           5   3.7937453742712501E-015
          10           6   1.2177758801355904E-015
          10           7  -2.5737852703924060E-002
          10           8  -5.6944330978062023E-017
          10           9  -7.4213638706410924E-017
          10          10   6.5075079024492751E-004
          10          11   1.4437888344201795E-016
          10          12  -1.4089207231459181E-016
          10          13  -8.0449337704885978E-004
          10          14   1.1879544966974288E-017
          10          15  -2.5963961676776938E-017
          10          16  -2.7355756220026884E-018
          10          17  -2.2506875948913326E-017
          10          18  -2.0851797764326803E-017
          10          19   2.2119882853801909E-017
          10          20   5.4643500768675789E-017
          10          21  -9.7558759545918582E-018
          10          22   1.1808785103596557E-016
          10          23   1.5801987741150593E-017
          10          24  -1.0055071274284603E-017
          10          25   6.0631578403663991E-017
          11           1  -3.1425768339220346E-015
          11           2   1.4707387452600537E-014
          11           3   1.3128966849140097E-015
          11           4   9.5887630489844894E-016
          11           5   3.1818527691645462E-002
          11           6   9.9415918206038706E-016
          11           7  -1.0547389784479795E-015
          11           8  -8.0449337704917051E-004
          11           9  -1.0262651188533186E-017
          11          10   1.4437888344201795E-016
          11          11   9.9455829085052312E-004
          11          12   4.8787403695706573E-017
          11          13  -6.9515146947709425E-017
          11          14  -4.6774687063440320E-017
          11          15  -2.2697667705099265E-019
          11          16  -3.5212833148403246E-017
          11          17  -2.7972858884706087E-018
          11          18   3.7269854145094169E-018
          11          19  -5.9191041188780885E-017
          11          20  -9.4699946247339283E-017
          11          21  -1.0335423686257729E-017
          11          22  -4.9875043461917342E-017
          11          23  -1.9444813736483744E-017
          11          24  -5.2316369807554328E-018
          11          25  -3.9254843969555675E-017
          12           1   5.4072585769566406E-015
          12           2  -1.1243920130094852E-014
          12           3  -1.1579103210408030E-015
          12           4  -6.5202605122496292E-016
          12           5   6.1794102820795755E-016
          12           6   3.1818527691652873E-002
          12           7   6.9319550100031310E-015
          12           8  -1.2102914970126347E-016
          12           9  -8.0449337704883463E-004
          12          10  -1.4089207231459181E-016
          12          11   4.8787403695706573E-017
          12          12   9.9455829085102272E-004
          12          13   1.5916087892047553E-016
          12          14  -1.3358795256699164E-017
          12          15   6.8005649315239548E-017
          12          16   7.2526286786123209E-018
          12          17   2.8969240698113731E-017
          12          18   2.7220807118171373E-017
          12          19   5.0877491275931222E-017
          12          20   5.0854483517723848E-017
          12          21   1.8686873998946509E-017
          12          22  -1.0842540947268957E-016
          12          23  -1.2118233132823796E-017
          12          24  -6.0712245775294144E-017
          12          25   1.1757208287540478E-017
          13           1   1.9831096518838658E-016
          13           2   2.5707437611931243E-014
          13           3   2.0791028756754038E-015
          13           4   1.8998113376642004E-015
          13           5  -1.2013231121679677E-015
          13           6  -1.9862583799937589E-015
          13           7   3.1818527691641778E-002
          13           8  -1.7757622222922943E-017
          13           9   1.0389367317906556E-016
          13          10  -8.0449337704885978E-004
          13          11  -6.9515146947709425E-017
          13          12   1.5916087892047553E-016
          13          13   9.9455829085030281E-004
          13          14  -7.0075771467309677E-017
          13          15   3.2098055851832607E-017
          13          16  -5.2007767717036171E-017
          13          17   2.7824219210254800E-017
          13          18   2.5778121905258975E-017
          13          19  -8.2735431866122528E-017
          13          20  -1.5404770452652349E-016
          13          21   1.2060742315952751E-017
          13          22  -2.3248104700860300E-016
          13          23  -1.9535273214251066E-017
          13          24   1.2430623777511753E-017
          13          25  -1.6145049046312643E-016
          14           1  -1.4904216173226338E-003
          14           2  -7.2910046665235987E-003
          14           3  -1.3552610480537558E-004
          14           4  -2.8986180376124558E-004
          14           5  -8.9329708958986044E-016
          14           6  -1.1835762194673397E-015
          14           7  -4.0792734634436185E-016
          14           8   2.4820692023036005E-017
          14           9   8.8900957419704301E-018
          14          10   1.1879544966974288E-017
          14          11  -4.6774687063440320E-017
          14          12  -1.3358795256699164E-017
          14          13  -7.0075771467309677E-017
          14          14   4.3635742738209015E-005
          14          15   5.6703664149617147E-018
          14          16   4.3635742738187040E-005
          14          17  -6.6023235929435880E-018
          14          18   5.2269144047459048E-018
          14          19   4.3635742738194507E-005
          14          20   1.7849370346666076E-004
          14          21  -1.2847038501103154E-017
          14          22   1.7849370346670953E-004
          14          23  -1.2590660886013301E-017
          14          24  -3.1138908434472190E-017
          14          25   1.7849370346664296E-004
          15           1   1.1199703927365822E-015
          15           2  -5.4361523413338464E-016
          15           3  -5.9699632927962138E-017
          15           4  -4.1563090057047372E-017
          15           5  -7.2615790851591196E-018
          15           6   2.1756790485085366E-015
          15           7   1.0269009754038609E-015
          15           8   1.8360033303513161E-019
          15           9  -5.5009439848104088E-017
          15          10  -2.5963961676776938E-017
          15          11  -2.2697667705099265E-019
          15          12   6.8005649315239548E-017
          15          13   3.2098055851832607E-017
          15          14   5.6703664149617147E-018
          15          15   9.8500155516381723E-030
          15          16   5.6703664149448836E-018
          15          17  -8.3970250534317047E-031
          15          18   5.7468603150663986E-030
          15          19   5.6703664149515273E-018
          15          20   6.9866494940360829E-018
          15          21  -3.8489989925854265E-030
          15          22   6.9866494940399239E-018
          15          23  -9.3412113716279820E-030
          15          24  -1.2930473952406770E-029
          15          25   6.9866494940236999E-018
          16           1  -1.4904216173264077E-003
          16           2  -7.2910046665227244E-003
          16           3  -1.3552610480516012E-004
          16           4  -2.8986180376112963E-004
          16           5  -5.2340306493024066E-016
          16           6  -5.2416271974086168E-016
          16           7   1.7011547220868988E-016
          16           8   1.5468364475596224E-017
          16           9  -7.7823850970750928E-018
          16          10  -2.7355756220026884E-018
          16          11  -3.5212833148403246E-017
          16          12   7.2526286786123209E-018
          16          13  -5.2007767717036171E-017
          16          14   4.3635742738187040E-005
          16          15   5.6703664149448836E-018
          16          16   4.3635742738165057E-005
          16          17  -6.6023235929277715E-018
          16          18   5.2269144047367836E-018
          16          19   4.3635742738172532E-005
          16          20   1.7849370346666364E-004
          16          21  -1.2847038501085926E-017
          16          22   1.7849370346671240E-004
          16          23  -1.2590660885980201E-017
          16          24  -3.1138908434443884E-017
          16          25   1.7849370346664583E-004
          17           1  -1.3489744953340578E-015
          17           2   2.3777751860344615E-015
          17           3   1.9471283071182964E-016
          17           4   1.6371697480510911E-016
          17           5  -8.9492510719565199E-017
          17           6   9.2680197414213944E-016
          17           7   8.9016973422508110E-016
          17           8   2.2627109860730948E-018
          17           9  -2.3433078276184628E-017
          17          10  -2.2506875948913326E-017
          17          11  -2.7972858884706087E-018
          17          12   2.8969240698113731E-017
          17          13   2.7824219210254800E-017
          17          14  -6.6023235929435880E-018
          17          15  -8.3970250534317047E-031
          17          16  -6.6023235929277715E-018
          17          17   9.5399240400595851E-030
          17          18  -8.5061900968723171E-030
          17          19  -6.6023235929384157E-018
          17          20  -1.7895378376445641E-017
          17          21   2.7680185677434150E-029
          17          22  -1.7895378376510928E-017
          17          23   1.5397802007940274E-029
          17          24   4.8245147520478107E-029
          17          25  -1.7895378376410521E-017
          18           1   1.9410563101962531E-015
          18           2  -3.2476711270522615E-015
          18           3  -2.6477988125501484E-016
          18           4  -2.2365055088264951E-016
          18           5   1.1923603645044018E-016
          18           6   8.7086499911002961E-016
          18           7   8.2470971609204352E-016
          18           8  -3.0147404228982217E-018
          18           9  -2.2018778834752414E-017
          18          10  -2.0851797764326803E-017
          18          11   3.7269854145094169E-018
          18          12   2.7220807118171373E-017
          18          13   2.5778121905258975E-017
          18          14   5.2269144047459048E-018
          18          15   5.7468603150663986E-030
          18          16   5.2269144047367836E-018
          18          17  -8.5061900968723171E-030
          18          18   1.5418804179607473E-029
          18          19   5.2269144047512080E-018
          18          20   2.2134588900423980E-017
          18          21  -3.7530343330062580E-029
          18          22   2.2134588900496235E-017
          18          23  -2.0599619201698840E-029
          18          24  -7.1468259554242275E-029
          18          25   2.2134588900371166E-017
          19           1  -1.4904216173257925E-003
          19           2  -7.2910046665257923E-003
          19           3  -1.3552610480545039E-004
          19           4  -2.8986180376136295E-004
          19           5  -1.2905288166790132E-015
          19           6   8.7151102946490948E-016
          19           7  -8.1294307912836667E-016
          19           8   3.4864220645541783E-017
          19           9  -4.3070324835855628E-017
          19          10   2.2119882853801909E-017
          19          11  -5.9191041188780885E-017
          19          12   5.0877491275931222E-017
          19          13  -8.2735431866122528E-017
          19          14   4.3635742738194507E-005
          19          15   5.6703664149515273E-018
          19          16   4.3635742738172532E-005
          19          17  -6.6023235929384157E-018
          19          18   5.2269144047512080E-018
          19          19   4.3635742738180013E-005
          19          20   1.7849370346666955E-004
          19          21  -1.2847038501125994E-017
          19          22   1.7849370346671831E-004
          19          23  -1.2590660886004603E-017
          19          24  -3.1138908434526246E-017
          19          25   1.7849370346665177E-004
          20           1   3.6478199326593955E-003
          20           2  -3.5928790850547662E-002
          20           3  -3.8151242715565446E-004
          20           4  -1.2688655667846998E-003
          20           5  -1.7405934018791989E-015
          20           6   2.6798988652540639E-016
          20           7  -8.4307262927904812E-016
          20           8   6.8906302817154212E-017
          20           9   3.0508642949304701E-018
          20          10   5.4643500768675789E-017
          20          11  -9.4699946247339283E-017
          20          12   5.0854483517723848E-017
          20          13  -1.5404770452652349E-016
          20          14   1.7849370346666076E-004
          20          15   6.9866494940360829E-018
          20          16   1.7849370346666364E-004
          20          17  -1.7895378376445641E-017
          20          18   2.2134588900423980E-017
          20          19   1.7849370346666955E-004
          20          20   9.8229680814486799E-004
          20          21  -3.9000701806948509E-017
          20          22   9.8229680814499202E-004
          20          23  -4.9633544458483512E-018
          20          24  -6.5194288496759031E-017
          20          25   9.8229680814480402E-004
          21           1  -1.8292247844912243E-015
          21           2   9.1440034474043033E-015
          21           3   7.6237302399892146E-016
          21           4   6.4819849850750567E-016
          21           5  -3.3065730565756677E-016
          21           6   5.9784210063906212E-016
          21           7   3.8585477280024517E-016
          21           8   8.3602740846372861E-018
          21           9  -1.5115721731014466E-017
          21          10  -9.7558759545918582E-018
          21          11  -1.0335423686257729E-017
          21          12   1.8686873998946509E-017
          21          13   1.2060742315952751E-017
          21          14  -1.2847038501103154E-017
          21          15  -3.8489989925854265E-030
          21          16  -1.2847038501085926E-017
          21          17   2.7680185677434150E-029
          21          18  -3.7530343330062580E-029
          21          19  -1.2847038501125994E-017
          21          20  -3.9000701806948509E-017
          21          21   1.1358502034052379E-028
          21          22  -3.9000701807185654E-017
          21          23   5.6538770241042237E-029
          21          24   2.1575785542853019E-028
          21          25  -3.9000701806802780E-017
          22           1   3.6478199326604828E-003
          22           2  -3.5928790850568444E-002
          22           3  -3.8151242715726781E-004
          22           4  -1.2688655667861192E-003
          22           5  -3.0652722025205657E-016
          22           6  -4.8277915598406485E-015
          22           7  -3.3523609260572055E-015
          22           8   3.2647656391271726E-017
          22           9   1.3189159709695360E-016
          22          10   1.1808785103596557E-016
          22          11  -4.9875043461917342E-017
          22          12  -1.0842540947268957E-016
          22          13  -2.3248104700860300E-016
          22          14   1.7849370346670953E-004
          22          15   6.9866494940399239E-018
          22          16   1.7849370346671240E-004
          22          17  -1.7895378376510928E-017
          22          18   2.2134588900496235E-017
          22          19   1.7849370346671831E-004
          22          20   9.8229680814499202E-004
          22          21  -3.9000701807185654E-017
          22          22   9.8229680814511584E-004
          22          23  -4.9633544459738848E-018
          22          24  -6.5194288497207018E-017
          22          25   9.8229680814492784E-004
          23           1  -5.8629877005777884E-016
          23           2   4.2213249358472331E-015
          23           3   4.1291055066381939E-016
          23           4   3.2776352593735463E-016
          23           5  -6.2209058033910084E-016
          23           6  -3.8769405479280805E-016
          23           7  -6.2498461624121003E-016
          23           8   1.5728815508257617E-017
          23           9   9.8023799978551335E-018
          23          10   1.5801987741150593E-017
          23          11  -1.9444813736483744E-017
          23          12  -1.2118233132823796E-017
          23          13  -1.9535273214251066E-017
          23          14  -1.2590660886013301E-017
          23          15  -9.3412113716279820E-030
          23          16  -1.2590660885980201E-017
          23          17   1.5397802007940274E-029
          23          18  -2.0599619201698840E-029
          23          19  -1.2590660886004603E-017
          23          20  -4.9633544458483512E-018
          23          21   5.6538770241042237E-029
          23          22  -4.9633544459738848E-018
          23          23   3.8250188715397185E-029
          23          24   1.1266975597883679E-028
          23          25  -4.9633544457739086E-018
          24           1   1.8251200693281610E-015
          24           2   1.7899337729094747E-014
          24           3   1.4597362135154161E-015
          24           4   1.2665637545388210E-015
          24           5  -1.6737378561673227E-016
          24           6  -1.9423439442269483E-015
          24           7   3.9768825066304921E-016
          24           8   4.2318457761765169E-018
          24           9   4.9109841103883309E-017
          24          10  -1.0055071274284603E-017
          24          11  -5.2316369807554328E-018
          24          12  -6.0712245775294144E-017
          24          13   1.2430623777511753E-017
          24          14  -3.1138908434472190E-017
          24          15  -1.2930473952406770E-029
          24          16  -3.1138908434443884E-017
          24          17   4.8245147520478107E-029
          24          18  -7.1468259554242275E-029
          24          19  -3.1138908434526246E-017
          24          20  -6.5194288496759031E-017
          24          21   2.1575785542853019E-028
          24          22  -6.5194288497207018E-017
          24          23   1.1266975597883679E-028
          24          24   4.3446528300349547E-028
          24          25  -6.5194288496481204E-017
          25           1   3.6478199326545205E-003
          25           2  -3.5928790850535609E-002
          25           3  -3.8151242715465001E-004
          25           4  -1.2688655667838522E-003
          25           5   3.3240810166207077E-017
          25           6  -9.8283447039503711E-016
          25           7  -1.0799071632606541E-015
          25           8   2.4057028538762668E-017
          25           9   3.4676460575025785E-017
          25          10   6.0631578403663991E-017
          25          11  -3.9254843969555675E-017
          25          12   1.1757208287540478E-017
          25          13  -1.6145049046312643E-016
          25          14   1.7849370346664296E-004
          25          15   6.9866494940236999E-018
          25          16   1.7849370346664583E-004
          25          17  -1.7895378376410521E-017
          25          18   2.2134588900371166E-017
          25          19   1.7849370346665177E-004
          25          20   9.8229680814480402E-004
          25          21  -3.9000701806802780E-017
          25          22   9.8229680814492784E-004
          25          23  -4.9633544457739086E-018
          25          24  -6.5194288496481204E-017
          25          25   9.8229680814474005E-004
