           1           1   2.1472387192077584     
           1           2  0.57397756938901567     
           1           3 -0.47734469241942573     
           1           4  -2.1574805068567481E-002
           1           5   1.8768228247387217E-013
           1           6  -4.2689054955995115E-013
           1           7  -3.5212763117461860E-013
           1           8  -9.6558841046415271E-014
           1           9   3.0600907399795732E-013
           1          10   2.0402174951696002E-013
           1          11  -7.4101803004535728E-014
           1          12  -6.2687264801742861E-014
           1          13   1.7132476757717574E-014
           1          14   1.9407868375477880E-002
           1          15  -5.5440404585754950E-014
           1          16   1.9407868377685114E-002
           1          17  -6.3184259856978336E-014
           1          18   2.4475316235616853E-014
           1          19   1.9407868378855636E-002
           1          20   4.0696601804833435E-002
           1          21   1.0941760169322080E-014
           1          22   4.0696601806757632E-002
           1          23   1.2344982785246004E-014
           1          24  -3.7868117969377251E-014
           1          25   4.0696601807909599E-002
           2           1  0.57397756938901567     
           2           2   9.2925603728542185     
           2           3 -0.96634350687260395     
           2           4  0.50910650159234805     
           2           5   2.2887098003478062E-012
           2           6  -5.3761203143487980E-012
           2           7  -5.7134770976668252E-012
           2           8  -1.9296353364829031E-012
           2           9   3.7286109201766088E-012
           2          10   3.9805990710627129E-012
           2          11   3.1790591680377596E-013
           2          12  -7.0968058747222805E-013
           2          13  -9.1445929392295498E-013
           2          14  -1.6606500812086169     
           2          15  -4.9716562279716624E-014
           2          16  -1.6606500812101779     
           2          17  -2.3589419954081810E-013
           2          18   5.4436974466971471E-014
           2          19  -1.6606500812112923     
           2          20  -1.0533998894590135     
           2          21   1.7881172073976045E-013
           2          22  -1.0533998894607357     
           2          23   2.9950284328522265E-013
           2          24  -4.2513040928074933E-014
           2          25  -1.0533998894609902     
           3           1 -0.47734469241942573     
           3           2 -0.96634350687260395     
           3           3  0.18309261301082685     
           3           4  -4.2456368824187199E-002
           3           5   6.3129668333002133E-014
           3           6   1.1588923076268020E-012
           3           7   4.3985907556002877E-013
           3           8   1.4426367616025797E-014
           3           9  -7.4309071814612627E-013
           3          10  -3.1538018884715963E-013
           3          11  -2.2728311037102078E-015
           3          12   1.0046428007876896E-013
           3          13   7.4452296045895591E-014
           3          14  0.14856796573886058     
           3          15   1.5527409446062690E-014
           3          16  0.14856796573856731     
           3          17   3.4145414410250595E-014
           3          18  -9.8365385505717685E-015
           3          19  0.14856796573843808     
           3          20   8.8627158941589304E-002
           3          21  -1.8574459419514477E-014
           3          22   8.8627158941366788E-002
           3          23  -2.9928420756965200E-014
           3          24   1.1390965328867715E-014
           3          25   8.8627158941162298E-002
           4           1  -2.1574805068567481E-002
           4           2  0.50910650159234805     
           4           3  -4.2456368824187199E-002
           4           4   2.9223352295295345E-002
           4           5   1.9485079010685061E-014
           4           6  -1.0863073460399314E-013
           4           7  -6.4126111686698127E-013
           4           8  -4.4930601869826411E-014
           4           9   9.4871131615961195E-014
           4          10   4.1139687965041229E-013
           4          11   1.5636164272212103E-014
           4          12  -3.1163585499704503E-014
           4          13  -6.4903433135281555E-014
           4          14  -9.4043766121607100E-002
           4          15  -1.4089424592144037E-015
           4          16  -9.4043766121750458E-002
           4          17  -1.1703255491634552E-014
           4          18   2.4523239844769202E-015
           4          19  -9.4043766121842634E-002
           4          20  -6.0367449491186137E-002
           4          21   9.7990470074817804E-015
           4          22  -6.0367449491331465E-002
           4          23   1.6563224172309371E-014
           4          24  -1.4443065068112367E-015
           4          25  -6.0367449491374722E-002
           5           1   1.8768228247387217E-013
           5           2   2.2887098003478062E-012
           5           3   6.3129668333002133E-014
           5           4   1.9485079010685061E-014
           5           5   2.5602959894767929     
           5           6  -4.4408921127632718E-016
           5           7  -3.9968028904049011E-015
           5           8  -1.4997568626660078     
           5           9   2.0261570208919271E-015
           5          10   5.3290705193534862E-015
           5          11  0.10105713388849238     
           5          12   2.1857515781761976E-016
           5          13  -2.2343238372627596E-015
           5          14  -6.0832375675609895E-013
           5          15   1.9371906661998938E-015
           5          16  -5.8849707966662747E-013
           5          17   1.1422726429328002E-017
           5          18  -9.9374349801641392E-015
           5          19  -6.0068999024744509E-013
           5          20  -2.6001550344579625E-013
           5          21  -1.5417381142930183E-014
           5          22  -2.7267159149191426E-013
           5          23   2.2956684547971349E-016
           5          24   1.8847978834237899E-014
           5          25  -2.4801908468239813E-013
           6           1  -4.2689054955995115E-013
           6           2  -5.3761203143487980E-012
           6           3   1.1588923076268020E-012
           6           4  -1.0863073460399314E-013
           6           5  -4.4408921127632718E-016
           6           6   2.5602959894767987     
           6           7  -2.2204460458419161E-015
           6           8  -4.1910919168969412E-015
           6           9  -1.4997568626660118     
           6          10   4.7462034280311356E-015
           6          11   1.6115581090381266E-015
           6          12  0.10105713388849406     
           6          13  -3.7643499424689348E-015
           6          14   9.4712500087107002E-013
           6          15   2.7066196018540194E-015
           6          16   9.6218665055625013E-013
           6          17  -6.6112414696254268E-016
           6          18   4.0492480604158524E-015
           6          19   9.3909470893199811E-013
           6          20   3.9446705412688506E-013
           6          21  -1.3116339127242219E-014
           6          22   3.8767179821967622E-013
           6          23   5.1630021015141385E-016
           6          24   4.9369924759648591E-015
           6          25   4.1071719270483885E-013
           7           1  -3.5212763117461860E-013
           7           2  -5.7134770976668252E-012
           7           3   4.3985907556002877E-013
           7           4  -6.4126111686698127E-013
           7           5  -3.9968028904049011E-015
           7           6  -2.2204460458419161E-015
           7           7   2.5602959894767823     
           7           8   2.0428103654409698E-014
           7           9   1.9984014420534148E-015
           7          10  -1.4997568626659912     
           7          11  -1.1282641487929525E-014
           7          12   3.2977093282028035E-015
           7          13  0.10105713388849075     
           7          14   1.2339493691324350E-012
           7          15  -3.2437841694663753E-014
           7          16   1.2810044877030521E-012
           7          17  -1.7067185041927514E-014
           7          18   4.7433144980576345E-015
           7          19   1.2180598648137214E-012
           7          20   8.1264487849309794E-013
           7          21   3.1751100141464484E-014
           7          22   7.7221646881120702E-013
           7          23   3.0864730498170068E-016
           7          24  -2.1334064923804962E-015
           7          25   8.2211434212190035E-013
           8           1  -9.6558841046415271E-014
           8           2  -1.9296353364829031E-012
           8           3   1.4426367616025797E-014
           8           4  -4.4930601869826411E-014
           8           5  -1.4997568626660078     
           8           6  -4.1910919168969412E-015
           8           7   2.0428103654409698E-014
           8           8  0.87851977129153513     
           8           9   1.4432899313042019E-015
           8          10  -1.3655743203748773E-014
           8          11  -5.9196722056185452E-002
           8          12  -3.0531133165628563E-016
           8          13   2.0226875731425443E-015
           8          14   4.6446774492654774E-013
           8          15  -1.1347574686140978E-015
           8          16   4.5285377718585657E-013
           8          17  -6.6911452379391268E-018
           8          18   5.8210989549831547E-015
           8          19   4.5999607690232256E-013
           8          20   2.2156756902081365E-013
           8          21   9.0311133042644025E-015
           8          22   2.2898118642289808E-013
           8          23  -1.3447447225354383E-016
           8          24  -1.1040670969376393E-014
           8          25   2.1454036925904533E-013
           9           1   3.0600907399795732E-013
           9           2   3.7286109201766088E-012
           9           3  -7.4309071814612627E-013
           9           4   9.4871131615961195E-014
           9           5   2.0261570208919271E-015
           9           6  -1.4997568626660118     
           9           7   1.9984014420534148E-015
           9           8   1.4432899313042019E-015
           9           9  0.87851977129153802     
           9          10  -3.1086244674566442E-015
           9          11  -8.7430063179656821E-016
           9          12  -5.9196722056186465E-002
           9          13   2.2273849428874847E-015
           9          14  -6.5718337878912371E-013
           9          15  -1.5854695469587740E-015
           9          16  -6.6600611357113981E-013
           9          17   3.8726986274936406E-016
           9          18  -2.3719474592769749E-015
           9          19  -6.5247943616139846E-013
           9          20  -2.9574149094215209E-013
           9          21   7.6832208854042140E-015
           9          22  -2.9176100129483380E-013
           9          23  -3.0243565060657638E-016
           9          24  -2.8919657638019647E-015
           9          25  -3.0526041256370153E-013
          10           1   2.0402174951696002E-013
          10           2   3.9805990710627129E-012
          10           3  -3.1538018884715963E-013
          10           4   4.1139687965041229E-013
          10           5   5.3290705193534862E-015
          10           6   4.7462034280311356E-015
          10           7  -1.4997568626659912     
          10           8  -1.3655743203748773E-014
          10           9  -3.1086244674566442E-015
          10          10  0.87851977129151892     
          10          11   6.7237881930030537E-015
          10          12  -1.7971735213557136E-015
          10          13  -5.9196722056184065E-002
          10          14  -8.3847010676423101E-013
          10          15   1.9001270123295687E-014
          10          16  -8.6603380927764792E-013
          10          17   9.9975268477506250E-015
          10          18  -2.7785140856664639E-015
          10          19  -8.2916243560290677E-013
          10          20  -5.4994584685103511E-013
          10          21  -1.8598994229591658E-014
          10          22  -5.2626390338985083E-013
          10          23  -1.8079781229968428E-016
          10          24   1.2496957542991385E-015
          10          25  -5.5549281998302448E-013
          11           1  -7.4101803004535728E-014
          11           2   3.1790591680377596E-013
          11           3  -2.2728311037102078E-015
          11           4   1.5636164272212103E-014
          11           5  0.10105713388849238     
          11           6   1.6115581090381266E-015
          11           7  -1.1282641487929525E-014
          11           8  -5.9196722056185452E-002
          11           9  -8.7430063179656821E-016
          11          10   6.7237881930030537E-015
          11          11   3.9888139307844841E-003
          11          12   7.3075226410162657E-017
          11          13  -5.2713909628485857E-016
          11          14  -7.0199407418930320E-014
          11          15   7.6462618904083047E-017
          11          16  -6.9416831041408122E-014
          11          17   4.5086505228912268E-019
          11          18  -3.9223929632563176E-016
          11          19  -6.9898095942940340E-014
          11          20  -4.0846232618648237E-014
          11          21  -6.0853758970210163E-016
          11          22  -4.1345779542043321E-014
          11          23   9.0612052492541814E-018
          11          24   7.4394629699425394E-016
          11          25  -4.0372723422194612E-014
          12           1  -6.2687264801742861E-014
          12           2  -7.0968058747222805E-013
          12           3   1.0046428007876896E-013
          12           4  -3.1163585499704503E-014
          12           5   2.1857515781761976E-016
          12           6  0.10105713388849406     
          12           7   3.2977093282028035E-015
          12           8  -3.0531133165628563E-016
          12           9  -5.9196722056186465E-002
          12          10  -1.7971735213557136E-015
          12          11   7.3075226410162657E-017
          12          12   3.9888139307846081E-003
          12          13  -1.4636729285229366E-017
          12          14   1.2541456725746343E-013
          12          15   1.0683265552954419E-016
          12          16   1.2600906381381659E-013
          12          17  -2.6095151372321366E-017
          12          18   1.5982738131186038E-016
          12          19   1.2509760457397521E-013
          12          20   7.1207373735643635E-014
          12          21  -5.1771343812630128E-016
          12          22   7.0939159010219250E-014
          12          23   2.0378823244437988E-017
          12          24   1.9486743396356034E-016
          12          25   7.1848780993609460E-014
          13           1   1.7132476757717574E-014
          13           2  -9.1445929392295498E-013
          13           3   7.4452296045895591E-014
          13           4  -6.4903433135281555E-014
          13           5  -2.2343238372627596E-015
          13           6  -3.7643499424689348E-015
          13           7  0.10105713388849075     
          13           8   2.0226875731425443E-015
          13           9   2.2273849428874847E-015
          13          10  -5.9196722056184065E-002
          13          11  -5.2713909628485857E-016
          13          12  -1.4636729285229366E-017
          13          13   3.9888139307843705E-003
          13          14   1.7607487698481308E-013
          13          15  -1.2803501332111421E-015
          13          16   1.7793218388900547E-013
          13          17  -6.7365680020212881E-016
          13          18   1.8722279387507227E-016
          13          19   1.7544770427855800E-013
          13          20   1.1385937991093517E-013
          13          21   1.2532438402657896E-015
          13          22   1.1226363503362181E-013
          13          23   1.2182580488605577E-017
          13          24  -8.4207430086340036E-017
          13          25   1.1423314796680907E-013
          14           1   1.9407868375477880E-002
          14           2  -1.6606500812086169     
          14           3  0.14856796573886058     
          14           4  -9.4043766121607100E-002
          14           5  -6.0832375675609895E-013
          14           6   9.4712500087107002E-013
          14           7   1.2339493691324350E-012
          14           8   4.6446774492654774E-013
          14           9  -6.5718337878912371E-013
          14          10  -8.3847010676423101E-013
          14          11  -7.0199407418930320E-014
          14          12   1.2541456725746343E-013
          14          13   1.7607487698481308E-013
          14          14  0.30381657651636262     
          14          15   5.8597276632509556E-015
          14          16  0.30381657651677463     
          14          17   3.9348012425799382E-014
          14          18  -8.5087623524026970E-015
          14          19  0.30381657651704536     
          14          20  0.19435954148316570     
          14          21  -3.1960941058378027E-014
          14          22  0.19435954148359075     
          14          23  -5.3878900806749155E-014
          14          24   5.5617221860681859E-015
          14          25  0.19435954148370363     
          15           1  -5.5440404585754950E-014
          15           2  -4.9716562279716624E-014
          15           3   1.5527409446062690E-014
          15           4  -1.4089424592144037E-015
          15           5   1.9371906661998938E-015
          15           6   2.7066196018540194E-015
          15           7  -3.2437841694663753E-014
          15           8  -1.1347574686140978E-015
          15           9  -1.5854695469587740E-015
          15          10   1.9001270123295687E-014
          15          11   7.6462618904083047E-017
          15          12   1.0683265552954419E-016
          15          13  -1.2803501332111421E-015
          15          14   5.8597276632509556E-015
          15          15   1.9799879432443456E-027
          15          16   5.8597276632016140E-015
          15          17   2.6831683464670019E-027
          15          18  -8.7815192763236989E-028
          15          19   5.8597276631776050E-015
          15          20   3.0130737620904849E-015
          15          21  -1.3819190426609952E-027
          15          22   3.0130737620498385E-015
          15          23  -1.4529505566003986E-027
          15          24   1.1479211047638764E-027
          15          25   3.0130737620216537E-015
          16           1   1.9407868377685114E-002
          16           2  -1.6606500812101779     
          16           3  0.14856796573856731     
          16           4  -9.4043766121750458E-002
          16           5  -5.8849707966662747E-013
          16           6   9.6218665055625013E-013
          16           7   1.2810044877030521E-012
          16           8   4.5285377718585657E-013
          16           9  -6.6600611357113981E-013
          16          10  -8.6603380927764792E-013
          16          11  -6.9416831041408122E-014
          16          12   1.2600906381381659E-013
          16          13   1.7793218388900547E-013
          16          14  0.30381657651677463     
          16          15   5.8597276632016140E-015
          16          16  0.30381657651718663     
          16          17   3.9348012425785650E-014
          16          18  -8.5087623523887752E-015
          16          19  0.30381657651745736     
          16          20  0.19435954148345796     
          16          21  -3.1960941058407790E-014
          16          22  0.19435954148388301     
          16          23  -5.3878900806806155E-014
          16          24   5.5617221860370180E-015
          16          25  0.19435954148399595     
          17           1  -6.3184259856978336E-014
          17           2  -2.3589419954081810E-013
          17           3   3.4145414410250595E-014
          17           4  -1.1703255491634552E-014
          17           5   1.1422726429328002E-017
          17           6  -6.6112414696254268E-016
          17           7  -1.7067185041927514E-014
          17           8  -6.6911452379391268E-018
          17           9   3.8726986274936406E-016
          17          10   9.9975268477506250E-015
          17          11   4.5086505228912268E-019
          17          12  -2.6095151372321366E-017
          17          13  -6.7365680020212881E-016
          17          14   3.9348012425799382E-014
          17          15   2.6831683464670019E-027
          17          16   3.9348012425785650E-014
          17          17   7.2212770294769662E-027
          17          18  -1.9006292662640427E-027
          17          19   3.9348012425785839E-014
          17          20   2.4306176316641261E-014
          17          21  -4.7451518809854150E-027
          17          22   2.4306176316638503E-014
          17          23  -7.4634732136216133E-027
          17          24   1.9035176382828804E-027
          17          25   2.4306176316617743E-014
          18           1   2.4475316235616853E-014
          18           2   5.4436974466971471E-014
          18           3  -9.8365385505717685E-015
          18           4   2.4523239844769202E-015
          18           5  -9.9374349801641392E-015
          18           6   4.0492480604158524E-015
          18           7   4.7433144980576345E-015
          18           8   5.8210989549831547E-015
          18           9  -2.3719474592769749E-015
          18          10  -2.7785140856664639E-015
          18          11  -3.9223929632563176E-016
          18          12   1.5982738131186038E-016
          18          13   1.8722279387507227E-016
          18          14  -8.5087623524026970E-015
          18          15  -8.7815192763236989E-028
          18          16  -8.5087623523887752E-015
          18          17  -1.9006292662640427E-027
          18          18   5.8374025973237013E-028
          18          19  -8.5087623523830180E-015
          18          20  -5.1135725150868137E-015
          18          21   1.1443914214524522E-027
          18          22  -5.1135725150766374E-015
          18          23   1.6934913555474654E-027
          18          24  -6.7068581987470940E-028
          18          25  -5.1135725150664200E-015
          19           1   1.9407868378855636E-002
          19           2  -1.6606500812112923     
          19           3  0.14856796573843808     
          19           4  -9.4043766121842634E-002
          19           5  -6.0068999024744509E-013
          19           6   9.3909470893199811E-013
          19           7   1.2180598648137214E-012
          19           8   4.5999607690232256E-013
          19           9  -6.5247943616139846E-013
          19          10  -8.2916243560290677E-013
          19          11  -6.9898095942940340E-014
          19          12   1.2509760457397521E-013
          19          13   1.7544770427855800E-013
          19          14  0.30381657651704536     
          19          15   5.8597276631776050E-015
          19          16  0.30381657651745736     
          19          17   3.9348012425785839E-014
          19          18  -8.5087623523830180E-015
          19          19  0.30381657651772814     
          19          20  0.19435954148364637     
          19          21  -3.1960941058429884E-014
          19          22  0.19435954148407142     
          19          23  -5.3878900806845706E-014
          19          24   5.5617221860213528E-015
          19          25  0.19435954148418436     
          20           1   4.0696601804833435E-002
          20           2  -1.0533998894590135     
          20           3   8.8627158941589304E-002
          20           4  -6.0367449491186137E-002
          20           5  -2.6001550344579625E-013
          20           6   3.9446705412688506E-013
          20           7   8.1264487849309794E-013
          20           8   2.2156756902081365E-013
          20           9  -2.9574149094215209E-013
          20          10  -5.4994584685103511E-013
          20          11  -4.0846232618648237E-014
          20          12   7.1207373735643635E-014
          20          13   1.1385937991093517E-013
          20          14  0.19435954148316570     
          20          15   3.0130737620904849E-015
          20          16  0.19435954148345796     
          20          17   2.4306176316641261E-014
          20          18  -5.1135725150868137E-015
          20          19  0.19435954148364637     
          20          20  0.12470966324495786     
          20          21  -2.0275162629815897E-014
          20          22  0.12470966324525477     
          20          23  -3.4259720532308013E-014
          20          24   3.0542575576433223E-015
          20          25  0.12470966324534209     
          21           1   1.0941760169322080E-014
          21           2   1.7881172073976045E-013
          21           3  -1.8574459419514477E-014
          21           4   9.7990470074817804E-015
          21           5  -1.5417381142930183E-014
          21           6  -1.3116339127242219E-014
          21           7   3.1751100141464484E-014
          21           8   9.0311133042644025E-015
          21           9   7.6832208854042140E-015
          21          10  -1.8598994229591658E-014
          21          11  -6.0853758970210163E-016
          21          12  -5.1771343812630128E-016
          21          13   1.2532438402657896E-015
          21          14  -3.1960941058378027E-014
          21          15  -1.3819190426609952E-027
          21          16  -3.1960941058407790E-014
          21          17  -4.7451518809854150E-027
          21          18   1.1443914214524522E-027
          21          19  -3.1960941058429884E-014
          21          20  -2.0275162629815897E-014
          21          21   3.9945724100845181E-027
          21          22  -2.0275162629849528E-014
          21          23   5.7632718465070228E-027
          21          24  -9.8158333733704503E-028
          21          25  -2.0275162629854128E-014
          22           1   4.0696601806757632E-002
          22           2  -1.0533998894607357     
          22           3   8.8627158941366788E-002
          22           4  -6.0367449491331465E-002
          22           5  -2.7267159149191426E-013
          22           6   3.8767179821967622E-013
          22           7   7.7221646881120702E-013
          22           8   2.2898118642289808E-013
          22           9  -2.9176100129483380E-013
          22          10  -5.2626390338985083E-013
          22          11  -4.1345779542043321E-014
          22          12   7.0939159010219250E-014
          22          13   1.1226363503362181E-013
          22          14  0.19435954148359075     
          22          15   3.0130737620498385E-015
          22          16  0.19435954148388301     
          22          17   2.4306176316638503E-014
          22          18  -5.1135725150766374E-015
          22          19  0.19435954148407142     
          22          20  0.12470966324525477     
          22          21  -2.0275162629849528E-014
          22          22  0.12470966324555169     
          22          23  -3.4259720532369431E-014
          22          24   3.0542575576172414E-015
          22          25  0.12470966324563901     
          23           1   1.2344982785246004E-014
          23           2   2.9950284328522265E-013
          23           3  -2.9928420756965200E-014
          23           4   1.6563224172309371E-014
          23           5   2.2956684547971349E-016
          23           6   5.1630021015141385E-016
          23           7   3.0864730498170068E-016
          23           8  -1.3447447225354383E-016
          23           9  -3.0243565060657638E-016
          23          10  -1.8079781229968428E-016
          23          11   9.0612052492541814E-018
          23          12   2.0378823244437988E-017
          23          13   1.2182580488605577E-017
          23          14  -5.3878900806749155E-014
          23          15  -1.4529505566003986E-027
          23          16  -5.3878900806806155E-014
          23          17  -7.4634732136216133E-027
          23          18   1.6934913555474654E-027
          23          19  -5.3878900806845706E-014
          23          20  -3.4259720532308013E-014
          23          21   5.7632718465070228E-027
          23          22  -3.4259720532369431E-014
          23          23   9.6711919398268173E-027
          23          24  -1.2650744770229751E-027
          23          25  -3.4259720532381030E-014
          24           1  -3.7868117969377251E-014
          24           2  -4.2513040928074933E-014
          24           3   1.1390965328867715E-014
          24           4  -1.4443065068112367E-015
          24           5   1.8847978834237899E-014
          24           6   4.9369924759648591E-015
          24           7  -2.1334064923804962E-015
          24           8  -1.1040670969376393E-014
          24           9  -2.8919657638019647E-015
          24          10   1.2496957542991385E-015
          24          11   7.4394629699425394E-016
          24          12   1.9486743396356034E-016
          24          13  -8.4207430086340036E-017
          24          14   5.5617221860681859E-015
          24          15   1.1479211047638764E-027
          24          16   5.5617221860370180E-015
          24          17   1.9035176382828804E-027
          24          18  -6.7068581987470940E-028
          24          19   5.5617221860213528E-015
          24          20   3.0542575576433223E-015
          24          21  -9.8158333733704503E-028
          24          22   3.0542575576172414E-015
          24          23  -1.2650744770229751E-027
          24          24   9.3267869083181061E-028
          24          25   3.0542575575991031E-015
          25           1   4.0696601807909599E-002
          25           2  -1.0533998894609902     
          25           3   8.8627158941162298E-002
          25           4  -6.0367449491374722E-002
          25           5  -2.4801908468239813E-013
          25           6   4.1071719270483885E-013
          25           7   8.2211434212190035E-013
          25           8   2.1454036925904533E-013
          25           9  -3.0526041256370153E-013
          25          10  -5.5549281998302448E-013
          25          11  -4.0372723422194612E-014
          25          12   7.1848780993609460E-014
          25          13   1.1423314796680907E-013
          25          14  0.19435954148370363     
          25          15   3.0130737620216537E-015
          25          16  0.19435954148399595     
          25          17   2.4306176316617743E-014
          25          18  -5.1135725150664200E-015
          25          19  0.19435954148418436     
          25          20  0.12470966324534209     
          25          21  -2.0275162629854128E-014
          25          22  0.12470966324563901     
          25          23  -3.4259720532381030E-014
          25          24   3.0542575575991031E-015
          25          25  0.12470966324572633     
