           1           1   2.2503634000176200     
           1           2   2.5745303392542800     
           1           3   11.439632763112405     
           1           4  -14.340859322188644     
           1           5   1.4100231596463129     
           1           6  -1.8502895035390039E-011
           1           7   9.2170412292114215E-011
           1           8  -3.9664213785589329E-011
           1           9   5.3092379262757537E-013
           1          10  -3.7962965084150621E-012
           1          11   1.0128905399818763E-012
           1          12  -1.1659342397374504E-013
           1          13   1.7303566932470496E-012
           1          14  -1.4292671156254597E-013
           1          15   4.5509145004347359E-013
           1          16  -2.3071235773794767E-012
           1          17   9.9401944933217800E-013
           1          18  -1.9793017254273975     
           1          19   3.9720220810195055E-015
           1          20  -1.9793017254281746     
           1          21  -1.5202884399419599E-014
           1          22   1.4584098243266173E-015
           1          23  -1.9793017254275869     
           1          24   2.8457575500499837     
           1          25   1.1736754407260682E-014
           1          26   2.8457575500493100     
           1          27   9.7974616639884233E-015
           1          28  -1.3292817918224628E-014
           1          29   2.8457575500498344     
           2           1   2.5745303392542800     
           2           2   28.221600673787091     
           2           3   116.01002007744927     
           2           4  -147.41739636930731     
           2           5   14.647137016934032     
           2           6   2.7597567420121193E-011
           2           7  -1.5040244741690685E-010
           2           8   1.8446851097810789E-011
           2           9  -9.4909662632316826E-012
           2          10   4.2022363800297496E-011
           2          11  -4.0267452083968320E-012
           2          12   8.9224980502765426E-012
           2          13  -3.7462869543229019E-011
           2          14   3.6645802566084932E-012
           2          15  -9.6776610468676395E-013
           2          16   3.4699493509637573E-012
           2          17  -6.0676612651824077E-013
           2          18  -19.844548468107604     
           2          19   4.6551671819745349E-014
           2          20  -19.844548468107629     
           2          21  -3.8057050925830185E-014
           2          22   2.5383064738349672E-013
           2          23  -19.844548468107703     
           2          24   29.333756775698067     
           2          25  -1.0581298028835225E-013
           2          26   29.333756775698578     
           2          27   1.4543716807020099E-013
           2          28  -2.2357377251693298E-013
           2          29   29.333756775698205     
           3           1   11.439632763112405     
           3           2   116.01002007744927     
           3           3   521.76010173346151     
           3           4  -653.70757189833716     
           3           5   64.176875588590960     
           3           6   1.5626105698746307E-011
           3           7  -8.5951820919091663E-011
           3           8   7.6762523130269713E-012
           3           9  -1.2610900197781880E-011
           3          10   2.0050884391335585E-011
           3          11  -3.8352223352631986E-012
           3          12   1.3088423835381995E-011
           3          13  -1.7155404710987213E-011
           3          14   4.2599678193874204E-012
           3          15  -1.7447136113409907E-012
           3          16   1.1691622936717124E-012
           3          17  -8.8324447501254134E-013
           3          18  -90.125238829954213     
           3          19   3.3344542826534443E-013
           3          20  -90.125238829957283     
           3          21  -2.8754114315175991E-013
           3          22   1.0447283825463021E-012
           3          23  -90.125238829954952     
           3          24   129.11753871184297     
           3          25  -4.5926878445502864E-013
           3          26   129.11753871184308     
           3          27   5.8216602128402000E-013
           3          28  -9.8519667084403133E-013
           3          29   129.11753871184314     
           4           1  -14.340859322188644     
           4           2  -147.41739636930731     
           4           3  -653.70757189833716     
           4           4   820.78791887212810     
           4           5  -80.728657419329565     
           4           6  -3.8583982575513356E-011
           4           7   2.1318226437793742E-010
           4           8  -1.7981606011793853E-011
           4           9   2.0951163220600547E-011
           4          10  -5.4837892631340251E-011
           4          11   5.5033531605048260E-012
           4          12  -2.1024362379400876E-011
           4          13   4.8078901930175322E-011
           4          14  -5.8330328051543912E-012
           4          15   2.6421949246787588E-012
           4          16  -4.0434119358299138E-012
           4          17   1.3115569166507240E-012
           4          18   112.75128809827496     
           4          19  -3.9427593450247410E-013
           4          20   112.75128809827822     
           4          21   3.3811153468242244E-013
           4          22  -1.3274929268282203E-012
           4          23   112.75128809827584     
           4          24  -162.30303097165466     
           4          25   5.7876393149783056E-013
           4          26  -162.30303097165523     
           4          27  -7.4305673873620810E-013
           4          28   1.2382733457405761E-012
           4          29  -162.30303097165501     
           5           1   1.4100231596463129     
           5           2   14.647137016934032     
           5           3   64.176875588590960     
           5           4  -80.728657419329565     
           5           5   7.9526085464771841     
           5           6   5.3054448847616728E-012
           5           7  -2.9564476977668352E-011
           5           8   2.2688129287577369E-012
           5           9  -2.4675339047960444E-012
           5          10   7.8242055202183957E-012
           5          11  -5.4253687219678895E-013
           5          12   2.4329593861089938E-012
           5          13  -6.9041227026349017E-012
           5          14   5.6382623059592993E-013
           5          15  -2.9575221134859285E-013
           5          16   6.0798340013175471E-013
           5          17  -1.4105698981084414E-013
           5          18  -11.055236354988427     
           5          19   3.6723075013790446E-014
           5          20  -11.055236354988700     
           5          21  -3.1331736914315658E-014
           5          22   1.3187564284715281E-013
           5          23  -11.055236354988507     
           5          24   15.978867246947594     
           5          25  -5.7086485549314224E-014
           5          26   15.978867246947685     
           5          27   7.4099504939267595E-014
           5          28  -1.2189154510951070E-013
           5          29   15.978867246947633     
           6           1  -1.8502895035390039E-011
           6           2   2.7597567420121193E-011
           6           3   1.5626105698746307E-011
           6           4  -3.8583982575513356E-011
           6           5   5.3054448847616728E-012
           6           6   1.8988614454965864     
           6           7  0.16624044948264302     
           6           8  -1.5915140142409565E-002
           6           9 -0.61099590610991639     
           6          10  -5.3491124539222931E-002
           6          11   5.1210084312733883E-003
           6          12  0.55205499934546531     
           6          13   4.8330999319630107E-002
           6          14  -4.6270004068745428E-003
           6          15  -4.6681130194850255E-002
           6          16  -4.0868132239850717E-003
           6          17   3.9125378568765279E-004
           6          18  -6.9953586882660610E-013
           6          19  -3.8813354433516106E-016
           6          20  -1.1110696693537191E-012
           6          21  -9.2439987486554353E-015
           6          22  -1.7687235817995963E-014
           6          23  -7.4121540113877882E-013
           6          24   9.6405090297306467E-012
           6          25  -7.1168179761757687E-015
           6          26   9.3534615190633046E-012
           6          27   1.7721507956292817E-014
           6          28   7.1948937245522699E-015
           6          29   9.5809856341441879E-012
           7           1   9.2170412292114215E-011
           7           2  -1.5040244741690685E-010
           7           3  -8.5951820919091663E-011
           7           4   2.1318226437793742E-010
           7           5  -2.9564476977668352E-011
           7           6  0.16624044948264302     
           7           7   1.0026835162922871     
           7           8   8.8653294905719174E-002
           7           9  -5.3491124539228219E-002
           7          10 -0.32263308364678783     
           7          11  -2.8525936096625914E-002
           7          12   4.8330999319660270E-002
           7          13  0.29150965661202854     
           7          14   2.5774126267753914E-002
           7          15  -4.0868132239761726E-003
           7          16  -2.4649718324253233E-002
           7          17  -2.1794302114803536E-003
           7          18   4.4911127588952198E-012
           7          19  -4.0939552077350714E-014
           7          20   4.9831305151043344E-012
           7          21   1.6835802447436528E-014
           7          22   6.0705708499414325E-014
           7          23   4.5321987922143868E-012
           7          24  -5.2856023106521719E-011
           7          25   2.4347123511946786E-014
           7          26  -5.2454408049308555E-011
           7          27  -1.0271602651327653E-014
           7          28  -2.9895237488079131E-014
           7          29  -5.2751289262207976E-011
           8           1  -3.9664213785589329E-011
           8           2   1.8446851097810789E-011
           8           3   7.6762523130269713E-012
           8           4  -1.7981606011793853E-011
           8           5   2.2688129287577369E-012
           8           6  -1.5915140142409565E-002
           8           7   8.8653294905719174E-002
           8           8   1.9202178374788299     
           8           9   5.1210084312662699E-003
           8          10  -2.8525936096622278E-002
           8          11 -0.61786774402175615     
           8          12  -4.6270004068684695E-003
           8          13   2.5774126267745959E-002
           8          14  0.55826393206661562     
           8          15   3.9125378568857490E-004
           8          16  -2.1794302114648673E-003
           8          17  -4.7206150341522493E-002
           8          18  -5.0116238072624888E-013
           8          19  -1.5638856181873571E-014
           8          20  -2.4161817717706015E-013
           8          21   1.9237301280917756E-014
           8          22   1.3549752813443053E-014
           8          23  -4.3180463971088847E-013
           8          24   4.2390782939564722E-012
           8          25  -1.6686972730742586E-014
           8          26   4.4042986042213722E-012
           8          27   7.0444555791729694E-015
           8          28   1.7529490086968033E-014
           8          29   4.2584549696529316E-012
           9           1   5.3092379262757537E-013
           9           2  -9.4909662632316826E-012
           9           3  -1.2610900197781880E-011
           9           4   2.0951163220600547E-011
           9           5  -2.4675339047960444E-012
           9           6 -0.61099590610991639     
           9           7  -5.3491124539228219E-002
           9           8   5.1210084312662699E-003
           9           9  0.19659991421093334     
           9          10   1.7211818263097783E-002
           9          11  -1.6477848839831922E-003
           9          12 -0.17763452164851395     
           9          13  -1.5551446785408353E-002
           9          14   1.4888281148047321E-003
           9          15   1.5020569041138489E-002
           9          16   1.3150122958225940E-003
           9          17  -1.2589357789770440E-004
           9          18   1.6361577296397038E-012
           9          19   1.2488957904685213E-016
           9          20   1.7685767999981420E-012
           9          21   2.9744378690632362E-015
           9          22   5.6912149651162516E-015
           9          23   1.6495689364829689E-012
           9          24  -4.7196767014770506E-012
           9          25   2.2899757421400031E-015
           9          26  -4.6273135360146357E-012
           9          27  -5.7022426976202406E-015
           9          28  -2.3150981452809950E-015
           9          29  -4.7005238817132986E-012
          10           1  -3.7962965084150621E-012
          10           2   4.2022363800297496E-011
          10           3   2.0050884391335585E-011
          10           4  -5.4837892631340251E-011
          10           5   7.8242055202183957E-012
          10           6  -5.3491124539222931E-002
          10           7 -0.32263308364678783     
          10           8  -2.8525936096622278E-002
          10           9   1.7211818263097783E-002
          10          10  0.10381352138743229     
          10          11   9.1787793229125298E-003
          10          12  -1.5551446785416517E-002
          10          13  -9.3798948419272485E-002
          10          14  -8.2933305484260214E-003
          10          15   1.3150122958196003E-003
          10          16   7.9315302433477595E-003
          10          17   7.0127440842275785E-004
          10          18  -5.8129887222499091E-013
          10          19   1.3173103691467323E-014
          10          20  -7.3961523359525950E-013
          10          21  -5.4172495819387254E-015
          10          22  -1.9533252128142971E-014
          10          23  -5.9451910913083285E-013
          10          24   1.4008912485349611E-011
          10          25  -7.8341644284085862E-015
          10          26   1.3879684965147938E-011
          10          27   3.3050895755877940E-015
          10          28   9.6193788972719777E-015
          10          29   1.3975212317144684E-011
          11           1   1.0128905399818763E-012
          11           2  -4.0267452083968320E-012
          11           3  -3.8352223352631986E-012
          11           4   5.5033531605048260E-012
          11           5  -5.4253687219678895E-013
          11           6   5.1210084312733883E-003
          11           7  -2.8525936096625914E-002
          11           8 -0.61786774402175615     
          11           9  -1.6477848839831922E-003
          11          10   9.1787793229125298E-003
          11          11  0.19881106281346228     
          11          12   1.4888281148048587E-003
          11          13  -8.2933305484245261E-003
          11          14 -0.17963236750659420     
          11          15  -1.2589357789817644E-004
          11          16   7.0127440841786495E-004
          11          17   1.5189504568796048E-002
          11          18   6.0805464466148677E-013
          11          19   5.0321086491138922E-015
          11          20   5.2454120760156970E-013
          11          21  -6.1899789239346479E-015
          11          22  -4.3598986735855487E-015
          11          23   5.8573743140937183E-013
          11          24  -1.1722674633770340E-012
          11          25   5.3693607017950719E-015
          11          26  -1.2254303381139154E-012
          11          27  -2.2666917219237247E-015
          11          28  -5.6404571828180840E-015
          11          29  -1.1785022887513328E-012
          12           1  -1.1659342397374504E-013
          12           2   8.9224980502765426E-012
          12           3   1.3088423835381995E-011
          12           4  -2.1024362379400876E-011
          12           5   2.4329593861089938E-012
          12           6  0.55205499934546531     
          12           7   4.8330999319660270E-002
          12           8  -4.6270004068684695E-003
          12           9 -0.17763452164851395     
          12          10  -1.5551446785416517E-002
          12          11   1.4888281148048587E-003
          12          12  0.16049866251437861     
          12          13   1.4051246267109199E-002
          12          14  -1.3452054190927025E-003
          12          15  -1.3571580675505356E-002
          12          16  -1.1881570806786344E-003
          12          17   1.1374900939399010E-004
          12          18  -1.7742515494146265E-012
          12          19  -1.1284186324304715E-016
          12          20  -1.8938965569655844E-012
          12          21  -2.6875029430470477E-015
          12          22  -5.1422008599773081E-015
          12          23  -1.7863690181424240E-012
          12          24   4.6771084199148385E-012
          12          25  -2.0690687845607158E-015
          12          26   4.5936552465971944E-012
          12          27   5.1521647808497637E-015
          12          28   2.0917677062899099E-015
          12          29   4.6598032141083451E-012
          13           1   1.7303566932470496E-012
          13           2  -3.7462869543229019E-011
          13           3  -1.7155404710987213E-011
          13           4   4.8078901930175322E-011
          13           5  -6.9041227026349017E-012
          13           6   4.8330999319630107E-002
          13           7  0.29150965661202854     
          13           8   2.5774126267745959E-002
          13           9  -1.5551446785408353E-002
          13          10  -9.3798948419272485E-002
          13          11  -8.2933305484245261E-003
          13          12   1.4051246267109199E-002
          13          13   8.4750450682876635E-002
          13          14   7.4932983096949977E-003
          13          15  -1.1881570806753059E-003
          13          16  -7.1663997737364243E-003
          13          17  -6.3362461059313774E-004
          13          18   3.8753374671440509E-013
          13          19  -1.1902334658953874E-014
          13          20   5.3057781280237096E-013
          13          21   4.8946640795984388E-015
          13          22   1.7648939023973190E-014
          13          23   3.9947866779082215E-013
          13          24  -1.2350345042029797E-011
          13          25   7.0784265412198432E-015
          13          26  -1.2233583705550547E-011
          13          27  -2.9862576904992450E-015
          13          28  -8.6914268291150202E-015
          13          29  -1.2319895826003379E-011
          14           1  -1.4292671156254597E-013
          14           2   3.6645802566084932E-012
          14           3   4.2599678193874204E-012
          14           4  -5.8330328051543912E-012
          14           5   5.6382623059592993E-013
          14           6  -4.6270004068745428E-003
          14           7   2.5774126267753914E-002
          14           8  0.55826393206661562     
          14           9   1.4888281148047321E-003
          14          10  -8.2933305484260214E-003
          14          11 -0.17963236750659420     
          14          12  -1.3452054190927025E-003
          14          13   7.4932983096949977E-003
          14          14  0.16230378229153117     
          14          15   1.1374900939440616E-004
          14          16  -6.3362461058883118E-004
          14          17  -1.3724219509379855E-002
          14          18  -7.0089369778214962E-013
          14          19  -4.5466765148713871E-015
          14          20  -6.2543654662905284E-013
          14          21   5.5928505848011961E-015
          14          22   3.9393125801976341E-015
          14          23  -6.8072935785115540E-013
          14          24   1.2196983046068937E-012
          14          25  -4.8513948932695847E-015
          14          26   1.2677327193786002E-012
          14          27   2.0480309025787446E-015
          14          28   5.0963395257344812E-015
          14          29   1.2253316754420656E-012
          15           1   4.5509145004347359E-013
          15           2  -9.6776610468676395E-013
          15           3  -1.7447136113409907E-012
          15           4   2.6421949246787588E-012
          15           5  -2.9575221134859285E-013
          15           6  -4.6681130194850255E-002
          15           7  -4.0868132239761726E-003
          15           8   3.9125378568857490E-004
          15           9   1.5020569041138489E-002
          15          10   1.3150122958196003E-003
          15          11  -1.2589357789817644E-004
          15          12  -1.3571580675505356E-002
          15          13  -1.1881570806753059E-003
          15          14   1.1374900939440616E-004
          15          15   1.1475971148061721E-003
          15          16   1.0046918412264480E-004
          15          17  -9.6184842511922223E-006
          15          18   2.5318149794511957E-013
          15          19   9.5417770250039756E-018
          15          20   2.6329854095926211E-013
          15          21   2.2725213054997021E-016
          15          22   4.3481853821361561E-016
          15          23   2.5420613704079352E-013
          15          24  -5.7019029310470298E-013
          15          25   1.7495805568628970E-016
          15          26  -5.6313358959990986E-013
          15          27  -4.3566107581020873E-016
          15          28  -1.7687745016118631E-016
          15          29  -5.6872698498098726E-013
          16           1  -2.3071235773794767E-012
          16           2   3.4699493509637573E-012
          16           3   1.1691622936717124E-012
          16           4  -4.0434119358299138E-012
          16           5   6.0798340013175471E-013
          16           6  -4.0868132239850717E-003
          16           7  -2.4649718324253233E-002
          16           8  -2.1794302114648673E-003
          16           9   1.3150122958225940E-003
          16          10   7.9315302433477595E-003
          16          11   7.0127440841786495E-004
          16          12  -1.1881570806786344E-003
          16          13  -7.1663997737364243E-003
          16          14  -6.3362461058883118E-004
          16          15   1.0046918412264480E-004
          16          16   6.0598244968844645E-004
          16          17   5.3578561876701586E-005
          16          18   5.1273579256059641E-014
          16          19   1.0064476084727265E-015
          16          20   3.9177939002670176E-014
          16          21  -4.1388711527460311E-016
          16          22  -1.4923738057645178E-015
          16          23   5.0263530589736144E-014
          16          24   1.0612124597306456E-012
          16          25  -5.9854353524608931E-016
          16          26   1.0513392565970330E-012
          16          27   2.5251448535712223E-016
          16          28   7.3493696799203406E-016
          16          29   1.0586377093538805E-012
          17           1   9.9401944933217800E-013
          17           2  -6.0676612651824077E-013
          17           3  -8.8324447501254134E-013
          17           4   1.3115569166507240E-012
          17           5  -1.4105698981084414E-013
          17           6   3.9125378568765279E-004
          17           7  -2.1794302114803536E-003
          17           8  -4.7206150341522493E-002
          17           9  -1.2589357789770440E-004
          17          10   7.0127440842275785E-004
          17          11   1.5189504568796048E-002
          17          12   1.1374900939399010E-004
          17          13  -6.3362461059313774E-004
          17          14  -1.3724219509379855E-002
          17          15  -9.6184842511922223E-006
          17          16   5.3578561876701586E-005
          17          17   1.1605040774916725E-003
          17          18   1.3228282312370697E-013
          17          19   3.8446169058644342E-016
          17          20   1.2590225397477618E-013
          17          21  -4.7292495606881275E-016
          17          22  -3.3310370100874469E-016
          17          23   1.3057774993574863E-013
          17          24  -2.7567159105066277E-013
          17          25   4.1022832310923310E-016
          17          26  -2.7973332542977542E-013
          17          27  -1.7317911679358990E-016
          17          28  -4.3094055700383943E-016
          17          29  -2.7614794235216686E-013
          18           1  -1.9793017254273975     
          18           2  -19.844548468107604     
          18           3  -90.125238829954213     
          18           4   112.75128809827496     
          18           5  -11.055236354988427     
          18           6  -6.9953586882660610E-013
          18           7   4.4911127588952198E-012
          18           8  -5.0116238072624888E-013
          18           9   1.6361577296397038E-012
          18          10  -5.8129887222499091E-013
          18          11   6.0805464466148677E-013
          18          12  -1.7742515494146265E-012
          18          13   3.8753374671440509E-013
          18          14  -7.0089369778214962E-013
          18          15   2.5318149794511957E-013
          18          16   5.1273579256059641E-014
          18          17   1.3228282312370697E-013
          18          18   15.583167801095104     
          18          19  -5.9795684872926166E-014
          18          20   15.583167801095687     
          18          21   5.1764839526128753E-014
          18          22  -1.7867283781153607E-013
          18          23   15.583167801095238     
          18          24  -22.252863167381964     
          18          25   7.8971917351548143E-014
          18          26  -22.252863167381946     
          18          27  -9.9270337169927453E-014
          18          28   1.6979012557757964E-013
          18          29  -22.252863167381992     
          19           1   3.9720220810195055E-015
          19           2   4.6551671819745349E-014
          19           3   3.3344542826534443E-013
          19           4  -3.9427593450247410E-013
          19           5   3.6723075013790446E-014
          19           6  -3.8813354433516106E-016
          19           7  -4.0939552077350714E-014
          19           8  -1.5638856181873571E-014
          19           9   1.2488957904685213E-016
          19          10   1.3173103691467323E-014
          19          11   5.0321086491138922E-015
          19          12  -1.1284186324304715E-016
          19          13  -1.1902334658953874E-014
          19          14  -4.5466765148713871E-015
          19          15   9.5417770250039756E-018
          19          16   1.0064476084727265E-015
          19          17   3.8446169058644342E-016
          19          18  -5.9795684872926166E-014
          19          19   2.2987784036096578E-027
          19          20  -5.9795684872957569E-014
          19          21  -1.3019874083772902E-027
          19          22  -2.1663837903546639E-027
          19          23  -5.9795684872929372E-014
          19          24   7.5399661078410846E-014
          19          25  -1.1978273331652427E-027
          19          26   7.5399661078388039E-014
          19          27   6.2927239708089460E-028
          19          28   5.4449792189187367E-028
          19          29   7.5399661078405545E-014
          20           1  -1.9793017254281746     
          20           2  -19.844548468107629     
          20           3  -90.125238829957283     
          20           4   112.75128809827822     
          20           5  -11.055236354988700     
          20           6  -1.1110696693537191E-012
          20           7   4.9831305151043344E-012
          20           8  -2.4161817717706015E-013
          20           9   1.7685767999981420E-012
          20          10  -7.3961523359525950E-013
          20          11   5.2454120760156970E-013
          20          12  -1.8938965569655844E-012
          20          13   5.3057781280237096E-013
          20          14  -6.2543654662905284E-013
          20          15   2.6329854095926211E-013
          20          16   3.9177939002670176E-014
          20          17   1.2590225397477618E-013
          20          18   15.583167801095687     
          20          19  -5.9795684872957569E-014
          20          20   15.583167801096270     
          20          21   5.1764839526154079E-014
          20          22  -1.7867283781149061E-013
          20          23   15.583167801095820     
          20          24  -22.252863167382554     
          20          25   7.8971917351554795E-014
          20          26  -22.252863167382536     
          20          27  -9.9270337169934686E-014
          20          28   1.6979012557756553E-013
          20          29  -22.252863167382582     
          21           1  -1.5202884399419599E-014
          21           2  -3.8057050925830185E-014
          21           3  -2.8754114315175991E-013
          21           4   3.3811153468242244E-013
          21           5  -3.1331736914315658E-014
          21           6  -9.2439987486554353E-015
          21           7   1.6835802447436528E-014
          21           8   1.9237301280917756E-014
          21           9   2.9744378690632362E-015
          21          10  -5.4172495819387254E-015
          21          11  -6.1899789239346479E-015
          21          12  -2.6875029430470477E-015
          21          13   4.8946640795984388E-015
          21          14   5.5928505848011961E-015
          21          15   2.2725213054997021E-016
          21          16  -4.1388711527460311E-016
          21          17  -4.7292495606881275E-016
          21          18   5.1764839526128753E-014
          21          19  -1.3019874083772902E-027
          21          20   5.1764839526154079E-014
          21          21   9.9811457588808048E-028
          21          22   1.0228884121389434E-027
          21          23   5.1764839526132224E-014
          21          24  -6.4522820574685658E-014
          21          25   4.1871267069604206E-028
          21          26  -6.4522820574667256E-014
          21          27  -3.5715278304490049E-028
          21          28   6.3027908478346174E-029
          21          29  -6.4522820574681745E-014
          22           1   1.4584098243266173E-015
          22           2   2.5383064738349672E-013
          22           3   1.0447283825463021E-012
          22           4  -1.3274929268282203E-012
          22           5   1.3187564284715281E-013
          22           6  -1.7687235817995963E-014
          22           7   6.0705708499414325E-014
          22           8   1.3549752813443053E-014
          22           9   5.6912149651162516E-015
          22          10  -1.9533252128142971E-014
          22          11  -4.3598986735855487E-015
          22          12  -5.1422008599773081E-015
          22          13   1.7648939023973190E-014
          22          14   3.9393125801976341E-015
          22          15   4.3481853821361561E-016
          22          16  -1.4923738057645178E-015
          22          17  -3.3310370100874469E-016
          22          18  -1.7867283781153607E-013
          22          19  -2.1663837903546639E-027
          22          20  -1.7867283781149061E-013
          22          21   1.0228884121389434E-027
          22          22   6.6372050877944299E-027
          22          23  -1.7867283781153160E-013
          22          24   2.6400847612238027E-013
          22          25   3.7270084354094418E-028
          22          26   2.6400847612242223E-013
          22          27   4.6557036274816441E-028
          22          28  -4.0115129997622368E-027
          22          29   2.6400847612239072E-013
          23           1  -1.9793017254275869     
          23           2  -19.844548468107703     
          23           3  -90.125238829954952     
          23           4   112.75128809827584     
          23           5  -11.055236354988507     
          23           6  -7.4121540113877882E-013
          23           7   4.5321987922143868E-012
          23           8  -4.3180463971088847E-013
          23           9   1.6495689364829689E-012
          23          10  -5.9451910913083285E-013
          23          11   5.8573743140937183E-013
          23          12  -1.7863690181424240E-012
          23          13   3.9947866779082215E-013
          23          14  -6.8072935785115540E-013
          23          15   2.5420613704079352E-013
          23          16   5.0263530589736144E-014
          23          17   1.3057774993574863E-013
          23          18   15.583167801095238     
          23          19  -5.9795684872929372E-014
          23          20   15.583167801095820     
          23          21   5.1764839526132224E-014
          23          22  -1.7867283781153160E-013
          23          23   15.583167801095369     
          23          24  -22.252863167382127     
          23          25   7.8971917351547436E-014
          23          26  -22.252863167382110     
          23          27  -9.9270337169928249E-014
          23          28   1.6979012557757937E-013
          23          29  -22.252863167382159     
          24           1   2.8457575500499837     
          24           2   29.333756775698067     
          24           3   129.11753871184297     
          24           4  -162.30303097165466     
          24           5   15.978867246947594     
          24           6   9.6405090297306467E-012
          24           7  -5.2856023106521719E-011
          24           8   4.2390782939564722E-012
          24           9  -4.7196767014770506E-012
          24          10   1.4008912485349611E-011
          24          11  -1.1722674633770340E-012
          24          12   4.6771084199148385E-012
          24          13  -1.2350345042029797E-011
          24          14   1.2196983046068937E-012
          24          15  -5.7019029310470298E-013
          24          16   1.0612124597306456E-012
          24          17  -2.7567159105066277E-013
          24          18  -22.252863167381964     
          24          19   7.5399661078410846E-014
          24          20  -22.252863167382554     
          24          21  -6.4522820574685658E-014
          24          22   2.6400847612238027E-013
          24          23  -22.252863167382127     
          24          24   32.113207776577759     
          24          25  -1.1453055266062486E-013
          24          26   32.113207776577909     
          24          27   1.4817547596898473E-013
          24          28  -2.4493802954047808E-013
          24          29   32.113207776577831     
          25           1   1.1736754407260682E-014
          25           2  -1.0581298028835225E-013
          25           3  -4.5926878445502864E-013
          25           4   5.7876393149783056E-013
          25           5  -5.7086485549314224E-014
          25           6  -7.1168179761757687E-015
          25           7   2.4347123511946786E-014
          25           8  -1.6686972730742586E-014
          25           9   2.2899757421400031E-015
          25          10  -7.8341644284085862E-015
          25          11   5.3693607017950719E-015
          25          12  -2.0690687845607158E-015
          25          13   7.0784265412198432E-015
          25          14  -4.8513948932695847E-015
          25          15   1.7495805568628970E-016
          25          16  -5.9854353524608931E-016
          25          17   4.1022832310923310E-016
          25          18   7.8971917351548143E-014
          25          19  -1.1978273331652427E-027
          25          20   7.8971917351554795E-014
          25          21   4.1871267069604206E-028
          25          22   3.7270084354094418E-028
          25          23   7.8971917351547436E-014
          25          24  -1.1453055266062486E-013
          25          25   1.4957154292407001E-027
          25          26  -1.1453055266062253E-013
          25          27  -1.0189425656711064E-027
          25          28  -3.5493227840996135E-029
          25          29  -1.1453055266062395E-013
          26           1   2.8457575500493100     
          26           2   29.333756775698578     
          26           3   129.11753871184308     
          26           4  -162.30303097165523     
          26           5   15.978867246947685     
          26           6   9.3534615190633046E-012
          26           7  -5.2454408049308555E-011
          26           8   4.4042986042213722E-012
          26           9  -4.6273135360146357E-012
          26          10   1.3879684965147938E-011
          26          11  -1.2254303381139154E-012
          26          12   4.5936552465971944E-012
          26          13  -1.2233583705550547E-011
          26          14   1.2677327193786002E-012
          26          15  -5.6313358959990986E-013
          26          16   1.0513392565970330E-012
          26          17  -2.7973332542977542E-013
          26          18  -22.252863167381946     
          26          19   7.5399661078388039E-014
          26          20  -22.252863167382536     
          26          21  -6.4522820574667256E-014
          26          22   2.6400847612242223E-013
          26          23  -22.252863167382110     
          26          24   32.113207776577909     
          26          25  -1.1453055266062253E-013
          26          26   32.113207776578065     
          26          27   1.4817547596898190E-013
          26          28  -2.4493802954049509E-013
          26          29   32.113207776577987     
          27           1   9.7974616639884233E-015
          27           2   1.4543716807020099E-013
          27           3   5.8216602128402000E-013
          27           4  -7.4305673873620810E-013
          27           5   7.4099504939267595E-014
          27           6   1.7721507956292817E-014
          27           7  -1.0271602651327653E-014
          27           8   7.0444555791729694E-015
          27           9  -5.7022426976202406E-015
          27          10   3.3050895755877940E-015
          27          11  -2.2666917219237247E-015
          27          12   5.1521647808497637E-015
          27          13  -2.9862576904992450E-015
          27          14   2.0480309025787446E-015
          27          15  -4.3566107581020873E-016
          27          16   2.5251448535712223E-016
          27          17  -1.7317911679358990E-016
          27          18  -9.9270337169927453E-014
          27          19   6.2927239708089460E-028
          27          20  -9.9270337169934686E-014
          27          21  -3.5715278304490049E-028
          27          22   4.6557036274816441E-028
          27          23  -9.9270337169928249E-014
          27          24   1.4817547596898473E-013
          27          25  -1.0189425656711064E-027
          27          26   1.4817547596898190E-013
          27          27   1.1026332415755445E-027
          27          28  -6.2181276102304157E-028
          27          29   1.4817547596898400E-013
          28           1  -1.3292817918224628E-014
