           1           1   2.1177653587053689     
           1           2 -0.50184321677549859     
           1           3   1.0182418609026739E-002
           1           4   1.8970639934307348E-002
           1           5  -4.9552673774778510E-004
           1           6  -9.2118605883217304E-015
           1           7   2.6610294576803370E-015
           1           8  -1.8199441980326931E-015
           1           9   8.1023891197167899E-015
           1          10  -9.5006943906273907E-015
           1          11   3.9354135410031612E-015
           1          12  -8.6244067460100479E-015
           1          13   9.5474533131346133E-016
           1          14   4.3636355440183976E-015
           1          15  -3.5538344727329727E-015
           1          16   3.0373814458902873E-015
           1          17  -1.9070808859447553E-016
           1          18   3.0041139062007326E-003
           1          19  -1.4055486557094332E-014
           1          20   3.0041139062172593E-003
           1          21  -4.4914724651811650E-015
           1          22  -1.0581695984071682E-014
           1          23   3.0041139062228872E-003
           1          24  -1.1145852807511070E-004
           1          25   1.5504011180588330E-014
           1          26  -1.1145852809606882E-004
           1          27   2.1220188146089695E-015
           1          28   1.1467199108197163E-014
           1          29  -1.1145852811183669E-004
           2           1 -0.50184321677549859     
           2           2   2.1342159956253832     
           2           3  -6.0228360317239417E-002
           2           4  -6.6087552872061542E-002
           2           5   3.1304212687456541E-004
           2           6   4.5885161429049141E-014
           2           7  -1.8099410412525677E-014
           2           8  -2.9447870490542781E-014
           2           9  -2.3788646351550807E-014
           2          10   1.3517609696410419E-014
           2          11  -7.2623198966157055E-015
           2          12   1.6526423764856752E-014
           2          13   2.1121831042413944E-014
           2          14  -1.8769197891594366E-014
           2          15   5.8601319533423844E-015
           2          16  -2.5032468902866458E-014
           2          17   8.0803223444912525E-015
           2          18  -6.6866262334218125E-003
           2          19   3.8634643584340346E-014
           2          20  -6.6866262334701401E-003
           2          21   2.0947859563724498E-014
           2          22   4.1712841254242618E-014
           2          23  -6.6866262334682701E-003
           2          24  -3.3286880317282947E-003
           2          25  -3.8222788946799930E-014
           2          26  -3.3286880316805668E-003
           2          27  -1.4132018323806561E-014
           2          28  -4.5891154062869426E-014
           2          29  -3.3286880316400610E-003
           3           1   1.0182418609026739E-002
           3           2  -6.0228360317239417E-002
           3           3  0.32721716889636326     
           3           4  0.26774497777982065     
           3           5   4.5435863276536731E-004
           3           6   1.8689771393178165E-014
           3           7  -2.2175316118710245E-014
           3           8  -5.0423400661941230E-015
           3           9  -8.1568327161305230E-016
           3          10  -2.8573140121055190E-015
           3          11  -1.6766816970963258E-015
           3          12  -1.4054747788299446E-015
           3          13  -3.0099546701020158E-015
           3          14   4.0971392781979414E-015
           3          15   3.9367892366470206E-016
           3          16   4.1012020961501758E-015
           3          17  -8.5878585149485469E-016
           3          18   8.8612545512942176E-003
           3          19   2.5582874905550028E-015
           3          20   8.8612545512954510E-003
           3          21  -1.3860529376326177E-015
           3          22   3.0705100868393529E-015
           3          23   8.8612545512950416E-003
           3          24  -9.1762334713204330E-003
           3          25  -4.7295041014734668E-015
           3          26  -9.1762334713263033E-003
           3          27   9.6237871913484984E-016
           3          28  -1.4559893019020012E-016
           3          29  -9.1762334713182663E-003
           4           1   1.8970639934307348E-002
           4           2  -6.6087552872061542E-002
           4           3  0.26774497777982065     
           4           4  0.21924862278992360     
           4           5   3.6478890285875098E-004
           4           6  -1.6458821206195983E-014
           4           7   4.5357679951536731E-014
           4           8  -1.1439191926501673E-014
           4           9  -6.7624027775412086E-016
           4          10  -1.9797629235254966E-015
           4          11  -1.4105160928407635E-015
           4          12  -1.2248945618503003E-015
           4          13  -2.7466921883715257E-015
           4          14   3.5803047710341652E-015
           4          15   2.2341264090178120E-016
           4          16   3.5645057236422726E-015
           4          17  -7.7868274247944067E-016
           4          18   7.2934115379601604E-003
           4          19   1.7382380220607287E-015
           4          20   7.2934115379615881E-003
           4          21  -1.2073178709394719E-015
           4          22   2.1615404542021168E-015
           4          23   7.2934115379611475E-003
           4          24  -7.4753430810471141E-003
           4          25  -3.5131701814143272E-015
           4          26  -7.4753430810523694E-003
           4          27   8.2886182729277757E-016
           4          28   2.5426428703056172E-016
           4          29  -7.4753430810460394E-003
           5           1  -4.9552673774778510E-004
           5           2   3.1304212687456541E-004
           5           3   4.5435863276536731E-004
           5           4   3.6478890285875098E-004
           5           5   1.3252768850922874E-006
           5           6  -3.7077541075693716E-015
           5           7  -1.0912626137574549E-014
           5           8   1.3160851370198669E-015
           5           9  -4.3448106796518082E-017
           5          10  -9.0133209217753680E-017
           5          11   2.5134249490246573E-017
           5          12   1.2075980221721147E-017
           5          13   2.4460047166194625E-017
           5          14  -1.8131686018193152E-017
           5          15   4.6016645115214001E-018
           5          16  -2.6939496216277288E-018
           5          17   4.7163182516404170E-018
           5          18   1.1572116820694110E-005
           5          19   1.8195835384569870E-017
           5          20   1.1572116820681357E-005
           5          21  -1.7511180456463384E-017
           5          22   1.5314443994195126E-017
           5          23   1.1572116820704379E-005
           5          24  -1.2763050658807810E-005
           5          25  -2.0804520674413526E-017
           5          26  -1.2763050658794476E-005
           5          27   1.3106649795185174E-017
           5          28  -1.0596565014049218E-017
           5          29  -1.2763050658797283E-005
           6           1  -9.2118605883217304E-015
           6           2   4.5885161429049141E-014
           6           3   1.8689771393178165E-014
           6           4  -1.6458821206195983E-014
           6           5  -3.7077541075693716E-015
           6           6   1.9953874422545477     
           6           7  -4.4964032497318840E-015
           6           8   5.1347814888913510E-016
           6           9   1.6529679908337532E-002
           6          10   6.3278375594943997E-015
           6          11   2.5933031763680788E-015
           6          12  -5.0582111796698545E-003
           6          13  -6.1066603163073536E-015
           6          14   1.3151914453335384E-015
           6          15   1.4536766011207843E-003
           6          16   4.9356948649686951E-015
           6          17   3.7764828428061428E-015
           6          18  -1.1746837473888401E-014
           6          19   1.0460349900894468E-015
           6          20  -8.4715669643174699E-015
           6          21  -7.9149906049307486E-015
           6          22  -1.7180041671492779E-015
           6          23  -3.1858770761848487E-015
           6          24   1.1831050049212828E-014
           6          25  -1.0683576011854642E-015
           6          26   9.7178777074988349E-015
           6          27   5.4099919916582706E-015
           6          28  -1.5351106752172344E-015
           6          29   2.8320522763010804E-015
           7           1   2.6610294576803370E-015
           7           2  -1.8099410412525677E-014
           7           3  -2.2175316118710245E-014
           7           4   4.5357679951536731E-014
           7           5  -1.0912626137574549E-014
           7           6  -4.4964032497318840E-015
           7           7   1.9953874422545463     
           7           8  -2.1024848528838902E-015
           7           9   2.9134680779030467E-015
           7          10   1.6529679908341088E-002
           7          11   2.6012449572815328E-015
           7          12  -4.1888150933977480E-015
           7          13  -5.0582111796757655E-003
           7          14  -5.1106579905530929E-017
           7          15   2.6828582758153837E-016
           7          16   1.4536766011261793E-003
           7          17  -3.5636776732697614E-015
           7          18   6.1478336957669815E-015
           7          19  -2.1919491816630637E-015
           7          20   2.7214478819427890E-015
           7          21   2.5737462197973814E-015
           7          22  -1.6300897109953457E-015
           7          23   3.3395687472993364E-016
           7          24  -1.0549156879582120E-014
           7          25   9.9539986977567437E-016
           7          26  -8.7015542164055123E-015
           7          27  -6.0282783908917194E-015
           7          28   4.8750686704719171E-015
           7          29  -1.1147111474068269E-014
           8           1  -1.8199441980326931E-015
           8           2  -2.9447870490542781E-014
           8           3  -5.0423400661941230E-015
           8           4  -1.1439191926501673E-014
           8           5   1.3160851370198669E-015
           8           6   5.1347814888913510E-016
           8           7  -2.1024848528838902E-015
           8           8   1.9953874422545459     
           8           9  -3.3479078884179887E-015
           8          10   5.6280121622093195E-015
           8          11   1.6529679908341432E-002
           8          12   2.5927339702275243E-015
           8          13  -2.1856228307227919E-015
           8          14  -5.0582111796700809E-003
           8          15  -1.4137860803939419E-015
           8          16   7.0355234225299674E-016
           8          17   1.4536766011231670E-003
           8          18   2.0904543994773681E-015
           8          19  -8.7690940232231203E-016
           8          20   4.6577590336789289E-015
           8          21  -5.5852936730066982E-015
           8          22  -9.6203611165468097E-016
           8          23   6.0643148007046232E-015
           8          24   4.0601449010257878E-015
           8          25  -3.5704453831663448E-016
           8          26   3.0479679029537359E-015
           8          27   5.8553609941839466E-015
           8          28  -1.2596218959316303E-015
           8          29  -3.5561052608659346E-016
           9           1   8.1023891197167899E-015
           9           2  -2.3788646351550807E-014
           9           3  -8.1568327161305230E-016
           9           4  -6.7624027775412086E-016
           9           5  -4.3448106796518082E-017
           9           6   1.6529679908337532E-002
           9           7   2.9134680779030467E-015
           9           8  -3.3479078884179887E-015
           9           9   1.4787899596727382E-004
           9          10   7.5758626802430243E-017
           9          11  -1.8166739136207602E-018
           9          12  -4.5264948866060830E-005
           9          13  -5.5873681332676283E-017
           9          14   1.3140657385458102E-017
           9          15   1.3139787615451109E-005
           9          16   4.3527752609969071E-017
           9          17   1.8383341342719126E-017
           9          18  -5.3887292740953570E-017
           9          19   1.0134076144031981E-017
           9          20  -2.5916678903262853E-017
           9          21  -5.2949553171285812E-017
           9          22  -9.6933560189585611E-018
           9          23  -4.1137189095065869E-018
           9          24   1.5801918401094493E-016
           9          25  -7.8940487364384151E-018
           9          26   1.5221906341122505E-016
           9          27   2.7986481424536867E-017
           9          28  -1.5695443862658996E-017
           9          29   1.0971552431488954E-016
          10           1  -9.5006943906273907E-015
          10           2   1.3517609696410419E-014
          10           3  -2.8573140121055190E-015
          10           4  -1.9797629235254966E-015
          10           5  -9.0133209217753680E-017
          10           6   6.3278375594943997E-015
          10           7   1.6529679908341088E-002
          10           8   5.6280121622093195E-015
          10           9   7.5758626802430243E-017
          10          10   1.4787899596732537E-004
          10          11   7.1796206675182379E-017
          10          12  -4.8615456007646430E-017
          10          13  -4.5264948866108975E-005
          10          14  -1.1835697251141014E-017
          10          15   9.1860723129701847E-018
          10          16   1.3139787615482863E-005
          10          17  -2.1968567110640270E-017
          10          18  -8.7117011592797923E-017
          10          19  -1.6330809274847798E-017
          10          20  -1.1037521547958900E-016
          10          21   7.6800957302803507E-018
          10          22  -7.0907253365916615E-018
          10          23  -1.2049325688011970E-016
          10          24  -3.5724503189749044E-017
          10          25   8.7136156722981430E-018
          10          26  -2.4521699477246608E-017
          10          27  -3.6775353884938906E-017
          10          28   2.6323900940291664E-017
          10          29  -4.6601120616183065E-017
          11           1   3.9354135410031612E-015
          11           2  -7.2623198966157055E-015
          11           3  -1.6766816970963258E-015
          11           4  -1.4105160928407635E-015
          11           5   2.5134249490246573E-017
          11           6   2.5933031763680788E-015
          11           7   2.6012449572815328E-015
          11           8   1.6529679908341432E-002
          11           9  -1.8166739136207602E-018
          11          10   7.1796206675182379E-017
          11          11   1.4787899596733228E-004
          11          12   7.5814742735253205E-018
          11          13  -3.2321294959551214E-017
          11          14  -4.5264948866069198E-005
          11          15  -5.7715236839145882E-018
          11          16   1.5492007612134207E-017
          11          17   1.3139787615467438E-005
          11          18   2.2564590491797723E-017
          11          19  -2.5968256990991084E-018
          11          20   3.9992680309358024E-017
          11          21  -4.0818920134009867E-017
          11          22  -1.1486316455702521E-017
          11          23   3.5206850092595374E-017
          11          24   1.0557629995560631E-016
          11          25  -5.5771277080038520E-018
          11          26   9.8910030831203392E-017
          11          27   4.0916815610988661E-017
          11          28  -5.2633518591745599E-018
          11          29   8.4398203771776879E-017
          12           1  -8.6244067460100479E-015
          12           2   1.6526423764856752E-014
          12           3  -1.4054747788299446E-015
          12           4  -1.2248945618503003E-015
          12           5   1.2075980221721147E-017
          12           6  -5.0582111796698545E-003
          12           7  -4.1888150933977480E-015
          12           8   2.5927339702275243E-015
          12           9  -4.5264948866060830E-005
          12          10  -4.8615456007646430E-017
          12          11   7.5814742735253205E-018
          12          12   1.3855366263097219E-005
          12          13   2.4875875353217160E-017
          12          14  -6.1586706803884942E-018
          12          15  -4.0221630326123251E-006
          12          16  -1.5534213675750935E-017
          12          17  -5.0681554654424858E-018
          12          18  -5.4119976292547641E-017
          12          19  -3.1028265061721366E-018
          12          20  -6.2680184514861840E-017
          12          21   1.6188200617871848E-017
          12          22   2.9609277802241114E-018
          12          23  -6.9326316545706551E-017
          12          24  -2.2932223588225716E-017
          12          25   2.4145208445494704E-018
          12          26  -2.1171049050362034E-017
          12          27  -8.5443733521459040E-018
          12          28   4.8064166576211039E-018
          12          29  -8.1816593377974689E-018
          13           1   9.5474533131346133E-016
          13           2   2.1121831042413944E-014
          13           3  -3.0099546701020158E-015
          13           4  -2.7466921883715257E-015
          13           5   2.4460047166194625E-017
          13           6  -6.1066603163073536E-015
          13           7  -5.0582111796757655E-003
          13           8  -2.1856228307227919E-015
          13           9  -5.5873681332676283E-017
          13          10  -4.5264948866108975E-005
          13          11  -3.2321294959551214E-017
          13          12   2.4875875353217160E-017
          13          13   1.3855366263121840E-005
          13          14   6.7924763179969769E-018
          13          15  -5.6654328072726604E-018
          13          16  -4.0221630326247782E-006
          13          17   5.7284540437883886E-018
          13          18  -1.3539902941307298E-016
          13          19   4.9952154648435752E-018
          13          20  -1.2828783997742749E-016
          13          21  -2.3341951369619815E-018
          13          22   2.1623074675380396E-018
          13          23  -1.2520295254866037E-016
          13          24   5.7888974562460347E-017
          13          25  -2.6669822651338338E-018
          13          26   5.4465633574606969E-017
          13          27   1.1238131312234681E-017
          13          28  -8.0388530650638911E-018
          13          29   6.1224240922769329E-017
          14           1   4.3636355440183976E-015
          14           2  -1.8769197891594366E-014
          14           3   4.0971392781979414E-015
          14           4   3.5803047710341652E-015
          14           5  -1.8131686018193152E-017
          14           6   1.3151914453335384E-015
          14           7  -5.1106579905530929E-017
          14           8  -5.0582111796700809E-003
          14           9   1.3140657385458102E-017
          14          10  -1.1835697251141014E-017
          14          11  -4.5264948866069198E-005
          14          12  -6.1586706803884942E-018
          14          13   6.7924763179969769E-018
          14          14   1.3855366263096863E-005
          14          15   2.8087016960951489E-018
          14          16  -3.8094347272669834E-018
          14          17  -4.0221630326164595E-006
          14          18   1.2761644361708565E-016
          14          19   7.8918305830454101E-019
          14          20   1.2228780809091767E-016
          14          21   1.2484526882000099E-017
          14          22   3.5190210473956515E-018
          14          23   1.2377155913239705E-016
          14          24  -1.0028138981017171E-016
          14          25   1.7097121296605121E-018
          14          26  -9.8243471920172972E-017
          14          27  -1.2511978366045358E-017
          14          28   1.6045708605434509E-018
          14          29  -9.3818763459906770E-017
          15           1  -3.5538344727329727E-015
          15           2   5.8601319533423844E-015
          15           3   3.9367892366470206E-016
          15           4   2.2341264090178120E-016
          15           5   4.6016645115214001E-018
          15           6   1.4536766011207843E-003
          15           7   2.6828582758153837E-016
          15           8  -1.4137860803939419E-015
          15           9   1.3139787615451109E-005
          15          10   9.1860723129701847E-018
          15          11  -5.7715236839145882E-018
          15          12  -4.0221630326123251E-006
          15          13  -5.6654328072726604E-018
          15          14   2.8087016960951489E-018
          15          15   1.1690727172639744E-006
          15          16   4.0870795542939169E-018
          15          17   1.0338798127393460E-018
          15          18  -7.1533575170259548E-018
          15          19   9.0931036202422456E-019
          15          20  -4.6832022028255184E-018
          15          21  -4.5012023806535802E-018
          15          22  -7.9658454102210513E-019
          15          23  -3.0364562289047402E-018
          15          24  -9.4850594370842131E-018
          15          25  -6.8245640158480880E-019
          15          26  -9.8510151311785119E-018
          15          27   2.2540046871241583E-018
          15          28  -1.4169873098793992E-018
          15          29  -1.3409912659770251E-017
          16           1   3.0373814458902873E-015
          16           2  -2.5032468902866458E-014
          16           3   4.1012020961501758E-015
          16           4   3.5645057236422726E-015
          16           5  -2.6939496216277288E-018
          16           6   4.9356948649686951E-015
          16           7   1.4536766011261793E-003
          16           8   7.0355234225299674E-016
          16           9   4.3527752609969071E-017
          16          10   1.3139787615482863E-005
          16          11   1.5492007612134207E-017
          16          12  -1.5534213675750935E-017
          16          13  -4.0221630326247782E-006
          16          14  -3.8094347272669834E-018
          16          15   4.0870795542939169E-018
          16          16   1.1690727172687953E-006
          16          17  -9.9504368299372284E-019
          16          18   1.7210524785979691E-016
          16          19  -1.4136892654271090E-018
          16          20   1.7012295549484683E-016
          16          21   5.0745670293595319E-019
          16          22  -5.4462146066817784E-019
          16          23   1.6935208114635083E-016
          16          24  -5.9342197499775858E-017
          16          25   7.7206490586166036E-019
          16          26  -5.8407500224680802E-017
          16          27  -3.0720801158251955E-018
          16          28   2.1418825189927929E-018
          16          29  -6.0371656540763843E-017
          17           1  -1.9070808859447553E-016
          17           2   8.0803223444912525E-015
          17           3  -8.5878585149485469E-016
          17           4  -7.7868274247944067E-016
          17           5   4.7163182516404170E-018
          17           6   3.7764828428061428E-015
          17           7  -3.5636776732697614E-015
          17           8   1.4536766011231670E-003
          17           9   1.8383341342719126E-017
          17          10  -2.1968567110640270E-017
          17          11   1.3139787615467438E-005
          17          12  -5.0681554654424858E-018
          17          13   5.7284540437883886E-018
          17          14  -4.0221630326164595E-006
          17          15   1.0338798127393460E-018
          17          16  -9.9504368299372284E-019
          17          17   1.1690727172662544E-006
          17          18  -3.4224041683877520E-017
          17          19  -1.7090366028107180E-019
          17          20  -3.2738629267963719E-017
          17          21  -3.5226578732082936E-018
          17          22  -1.0534489703645302E-018
          17          23  -3.3361907914051602E-017
          17          24   1.0916505173519588E-017
          17          25  -5.2272415615988653E-019
          17          26   1.0351411102865133E-017
          17          27   3.5049256706438939E-018
          17          28  -3.9920329054105222E-019
          17          29   9.2436725290530938E-018
          18           1   3.0041139062007326E-003
          18           2  -6.6866262334218125E-003
          18           3   8.8612545512942176E-003
          18           4   7.2934115379601604E-003
          18           5   1.1572116820694110E-005
          18           6  -1.1746837473888401E-014
          18           7   6.1478336957669815E-015
          18           8   2.0904543994773681E-015
          18           9  -5.3887292740953570E-017
          18          10  -8.7117011592797923E-017
          18          11   2.2564590491797723E-017
          18          12  -5.4119976292547641E-017
          18          13  -1.3539902941307298E-016
          18          14   1.2761644361708565E-016
          18          15  -7.1533575170259548E-018
          18          16   1.7210524785979691E-016
          18          17  -3.4224041683877520E-017
          18          18   2.5372092216779111E-004
          18          19  -2.1325009287940267E-017
          18          20   2.5372092216793861E-004
          18          21  -1.0581763208274099E-016
          18          22  -1.5082414624111131E-017
          18          23   2.5372092216795238E-004
          18          24  -2.3662020810398201E-004
          18          25  -3.5614481941285795E-017
          18          26  -2.3662020810424886E-004
          18          27   7.2483235239003783E-017
          18          28   1.0422898292175899E-016
          18          29  -2.3662020810415895E-004
          19           1  -1.4055486557094332E-014
          19           2   3.8634643584340346E-014
          19           3   2.5582874905550028E-015
          19           4   1.7382380220607287E-015
          19           5   1.8195835384569870E-017
          19           6   1.0460349900894468E-015
          19           7  -2.1919491816630637E-015
          19           8  -8.7690940232231203E-016
          19           9   1.0134076144031981E-017
          19          10  -1.6330809274847798E-017
          19          11  -2.5968256990991084E-018
          19          12  -3.1028265061721366E-018
          19          13   4.9952154648435752E-018
          19          14   7.8918305830454101E-019
          19          15   9.0931036202422456E-019
          19          16  -1.4136892654271090E-018
          19          17  -1.7090366028107180E-019
          19          18  -2.1325009287940267E-017
          19          19   8.3765515216422773E-028
          19          20  -2.1325009288892231E-017
          19          21   1.1913793456129051E-028
          19          22   8.3889167167778949E-028
          19          23  -2.1325009288593561E-017
          19          24  -1.5332559485721935E-016
          19          25  -8.4490595122418013E-028
          19          26  -1.5332559485624265E-016
          19          27  -5.9050226111180717E-029
          19          28  -8.7445667933619377E-028
          19          29  -1.5332559485565369E-016
          20           1   3.0041139062172593E-003
          20           2  -6.6866262334701401E-003
          20           3   8.8612545512954510E-003
          20           4   7.2934115379615881E-003
          20           5   1.1572116820681357E-005
          20           6  -8.4715669643174699E-015
          20           7   2.7214478819427890E-015
          20           8   4.6577590336789289E-015
          20           9  -2.5916678903262853E-017
          20          10  -1.1037521547958900E-016
          20          11   3.9992680309358024E-017
          20          12  -6.2680184514861840E-017
          20          13  -1.2828783997742749E-016
          20          14   1.2228780809091767E-016
          20          15  -4.6832022028255184E-018
          20          16   1.7012295549484683E-016
          20          17  -3.2738629267963719E-017
          20          18   2.5372092216793861E-004
          20          19  -2.1325009288892231E-017
          20          20   2.5372092216808612E-004
          20          21  -1.0581763208303016E-016
          20          22  -1.5082414625072795E-017
          20          23   2.5372092216809989E-004
          20          24  -2.3662020810391135E-004
          20          25  -3.5614481940347328E-017
          20          26  -2.3662020810417817E-004
          20          27   7.2483235239186848E-017
          20          28   1.0422898292279299E-016
          20          29  -2.3662020810408832E-004
          21           1  -4.4914724651811650E-015
          21           2   2.0947859563724498E-014
          21           3  -1.3860529376326177E-015
          21           4  -1.2073178709394719E-015
          21           5  -1.7511180456463384E-017
          21           6  -7.9149906049307486E-015
          21           7   2.5737462197973814E-015
          21           8  -5.5852936730066982E-015
          21           9  -5.2949553171285812E-017
          21          10   7.6800957302803507E-018
          21          11  -4.0818920134009867E-017
          21          12   1.6188200617871848E-017
          21          13  -2.3341951369619815E-018
          21          14   1.2484526882000099E-017
          21          15  -4.5012023806535802E-018
          21          16   5.0745670293595319E-019
          21          17  -3.5226578732082936E-018
          21          18  -1.0581763208274099E-016
          21          19   1.1913793456129051E-028
          21          20  -1.0581763208303016E-016
          21          21   1.0653518638258734E-027
          21          22   3.0287598418198899E-028
          21          23  -1.0581763208396247E-016
          21          24  -3.5880413066475965E-017
          21          25  -1.3767282020605295E-028
          21          26  -3.5880413066406644E-017
          21          27  -8.0296868940564119E-028
          21          28  -3.5353146451009973E-028
          21          29  -3.5880413065146094E-017
          22           1  -1.0581695984071682E-014
          22           2   4.1712841254242618E-014
          22           3   3.0705100868393529E-015
          22           4   2.1615404542021168E-015
          22           5   1.5314443994195126E-017
          22           6  -1.7180041671492779E-015
          22           7  -1.6300897109953457E-015
          22           8  -9.6203611165468097E-016
          22           9  -9.6933560189585611E-018
          22          10  -7.0907253365916615E-018
          22          11  -1.1486316455702521E-017
          22          12   2.9609277802241114E-018
          22          13   2.1623074675380396E-018
          22          14   3.5190210473956515E-018
          22          15  -7.9658454102210513E-019
          22          16  -5.4462146066817784E-019
          22          17  -1.0534489703645302E-018
          22          18  -1.5082414624111131E-017
          22          19   8.3889167167778949E-028
          22          20  -1.5082414625072795E-017
          22          21   3.0287598418198899E-028
          22          22   8.9930983522371463E-028
          22          23  -1.5082414624905101E-017
          22          24  -1.8168710155880380E-016
          22          25  -8.5294733686736877E-028
          22          26  -1.8168710155787075E-016
          22          27  -1.9753233102800069E-028
          22          28  -9.3862859401618575E-028
          22          29  -1.8168710155707834E-016
          23           1   3.0041139062228872E-003
          23           2  -6.6866262334682701E-003
          23           3   8.8612545512950416E-003
          23           4   7.2934115379611475E-003
          23           5   1.1572116820704379E-005
          23           6  -3.1858770761848487E-015
          23           7   3.3395687472993364E-016
          23           8   6.0643148007046232E-015
          23           9  -4.1137189095065869E-018
          23          10  -1.2049325688011970E-016
          23          11   3.5206850092595374E-017
          23          12  -6.9326316545706551E-017
          23          13  -1.2520295254866037E-016
          23          14   1.2377155913239705E-016
          23          15  -3.0364562289047402E-018
          23          16   1.6935208114635083E-016
          23          17  -3.3361907914051602E-017
          23          18   2.5372092216795238E-004
          23          19  -2.1325009288593561E-017
          23          20   2.5372092216809989E-004
          23          21  -1.0581763208396247E-016
          23          22  -1.5082414624905101E-017
          23          23   2.5372092216811371E-004
          23          24  -2.3662020810387476E-004
          23          25  -3.5614481940611732E-017
          23          26  -2.3662020810414161E-004
          23          27   7.2483235239892262E-017
          23          28   1.0422898292265420E-016
          23          29  -2.3662020810405167E-004
          24           1  -1.1145852807511070E-004
          24           2  -3.3286880317282947E-003
          24           3  -9.1762334713204330E-003
          24           4  -7.4753430810471141E-003
          24           5  -1.2763050658807810E-005
          24           6   1.1831050049212828E-014
          24           7  -1.0549156879582120E-014
          24           8   4.0601449010257878E-015
          24           9   1.5801918401094493E-016
          24          10  -3.5724503189749044E-017
          24          11   1.0557629995560631E-016
          24          12  -2.2932223588225716E-017
          24          13   5.7888974562460347E-017
          24          14  -1.0028138981017171E-016
          24          15  -9.4850594370842131E-018
          24          16  -5.9342197499775858E-017
          24          17   1.0916505173519588E-017
          24          18  -2.3662020810398201E-004
          24          19  -1.5332559485721935E-016
          24          20  -2.3662020810391135E-004
          24          21  -3.5880413066475965E-017
          24          22  -1.8168710155880380E-016
          24          23  -2.3662020810387476E-004
          24          24   2.7063267585834816E-004
          24          25   2.1437245404953859E-016
          24          26   2.7063267585842173E-004
          24          27   2.5295252889309036E-017
          24          28   1.1004946484379662E-016
          24          29   2.7063267585806963E-004
          25           1   1.5504011180588330E-014
          25           2  -3.8222788946799930E-014
          25           3  -4.7295041014734668E-015
          25           4  -3.5131701814143272E-015
          25           5  -2.0804520674413526E-017
          25           6  -1.0683576011854642E-015
          25           7   9.9539986977567437E-016
          25           8  -3.5704453831663448E-016
          25           9  -7.8940487364384151E-018
          25          10   8.7136156722981430E-018
          25          11  -5.5771277080038520E-018
          25          12   2.4145208445494704E-018
          25          13  -2.6669822651338338E-018
          25          14   1.7097121296605121E-018
          25          15  -6.8245640158480880E-019
          25          16   7.7206490586166036E-019
          25          17  -5.2272415615988653E-019
          25          18  -3.5614481941285795E-017
          25          19  -8.4490595122418013E-028
          25          20  -3.5614481940347328E-017
          25          21  -1.3767282020605295E-028
          25          22  -8.5294733686736877E-028
          25          23  -3.5614481940611732E-017
          25          24   2.1437245404953859E-016
          25          25   8.7192600183504235E-028
          25          26   2.1437245404861346E-016
          25          27   7.2880755526095841E-029
          25          28   8.6864288619581895E-028
          25          29   2.1437245404794534E-016
          26           1  -1.1145852809606882E-004
          26           2  -3.3286880316805668E-003
          26           3  -9.1762334713263033E-003
          26           4  -7.4753430810523694E-003
          26           5  -1.2763050658794476E-005
          26           6   9.7178777074988349E-015
          26           7  -8.7015542164055123E-015
          26           8   3.0479679029537359E-015
          26           9   1.5221906341122505E-016
          26          10  -2.4521699477246608E-017
          26          11   9.8910030831203392E-017
          26          12  -2.1171049050362034E-017
          26          13   5.4465633574606969E-017
          26          14  -9.8243471920172972E-017
          26          15  -9.8510151311785119E-018
          26          16  -5.8407500224680802E-017
          26          17   1.0351411102865133E-017
          26          18  -2.3662020810424886E-004
          26          19  -1.5332559485624265E-016
          26          20  -2.3662020810417817E-004
          26          21  -3.5880413066406644E-017
          26          22  -1.8168710155787075E-016
          26          23  -2.3662020810414161E-004
          26          24   2.7063267585842173E-004
          26          25   2.1437245404861346E-016
          26          26   2.7063267585849523E-004
          26          27   2.5295252889284310E-017
          26          28   1.1004946484276326E-016
          26          29   2.7063267585814314E-004
          27           1   2.1220188146089695E-015
          27           2  -1.4132018323806561E-014
          27           3   9.6237871913484984E-016
          27           4   8.2886182729277757E-016
          27           5   1.3106649795185174E-017
          27           6   5.4099919916582706E-015
          27           7  -6.0282783908917194E-015
          27           8   5.8553609941839466E-015
          27           9   2.7986481424536867E-017
          27          10  -3.6775353884938906E-017
          27          11   4.0916815610988661E-017
          27          12  -8.5443733521459040E-018
          27          13   1.1238131312234681E-017
          27          14  -1.2511978366045358E-017
          27          15   2.2540046871241583E-018
          27          16  -3.0720801158251955E-018
          27          17   3.5049256706438939E-018
          27          18   7.2483235239003783E-017
          27          19  -5.9050226111180717E-029
          27          20   7.2483235239186848E-017
          27          21  -8.0296868940564119E-028
          27          22  -1.9753233102800069E-028
          27          23   7.2483235239892262E-017
          27          24   2.5295252889309036E-017
          27          25   7.2880755526095841E-029
          27          26   2.5295252889284310E-017
          27          27   6.2585890022423191E-028
          27          28   2.1825714962357114E-028
          27          29   2.5295252888378827E-017
          28           1   1.1467199108197163E-014
