           1           1   1.9998214065753355     
           1           2  -1.2806905638843358E-003
           1           3  -6.8256179271304999E-003
           1           4   4.9580096591098606E-003
           1           5  -4.2140372602365189E-004
           1           6  -5.3555402094426065E-016
           1           7  -1.5952189574733441E-015
           1           8   1.8671434309069277E-015
           1           9   9.9791846009929729E-015
           1          10  -5.9052102459716434E-015
           1          11  -5.2840604989657908E-015
           1          12  -5.8986713191909425E-015
           1          13   7.0680446325044878E-015
           1          14   5.2652020838638116E-015
           1          15  -5.0153223932257702E-016
           1          16   2.8212289751534308E-015
           1          17   2.4480745784604379E-016
           1          18   1.3792258258399799E-003
           1          19  -2.1429344222162173E-016
           1          20   1.3792258258366365E-003
           1          21  -7.1314011807150484E-016
           1          22   1.8212761948132579E-015
           1          23   1.3792258258433611E-003
           1          24  -8.8979983813802864E-004
           1          25  -7.9685534761374826E-016
           1          26  -8.8979983814380310E-004
           1          27   2.8278835236696211E-015
           1          28  -1.2138525483903969E-015
           1          29  -8.8979983814417172E-004
           2           1  -1.2806905638843358E-003
           2           2   1.9968718958633418     
           2           3  -6.9349638933971103E-003
           2           4   1.4406183281948631E-002
           2           5   4.1450571140527683E-004
           2           6  -8.1742462734095662E-015
           2           7   1.5948614278252838E-015
           2           8   3.8287383868405311E-015
           2           9   3.1452711193521643E-015
           2          10   1.3525715583287365E-014
           2          11   2.0373177431345592E-014
           2          12   8.5985728304999776E-015
           2          13  -1.7047284879255574E-014
           2          14  -1.8756756223846139E-014
           2          15  -1.4918044441113480E-014
           2          16  -4.2800576980949609E-015
           2          17  -2.1013934926677238E-015
           2          18  -4.3665965691442755E-003
           2          19  -4.8034297370933853E-015
           2          20  -4.3665965691684263E-003
           2          21   2.5183617934183077E-014
           2          22  -2.0380366414570464E-014
           2          23  -4.3665965691365004E-003
           2          24  -5.4215551854531344E-003
           2          25  -5.1378571480425836E-016
           2          26  -5.4215551854096041E-003
           2          27  -3.2639692124465715E-014
           2          28   1.0892786087488499E-014
           2          29  -5.4215551854479831E-003
           3           1  -6.8256179271304999E-003
           3           2  -6.9349638933971103E-003
           3           3  0.87627854316542364     
           3           4   6.0435406823355811E-002
           3           5   7.3517775041506217E-004
           3           6   1.7366955938548977E-014
           3           7  -8.1280251955820284E-016
           3           8   5.4836453793239130E-015
           3           9   1.3959013547579550E-015
           3          10  -4.0181503346430365E-015
           3          11   1.2540806246758094E-014
           3          12   5.2391857756662976E-016
           3          13   1.7582195278298311E-015
           3          14  -7.6124108192615379E-015
           3          15   1.8612292022775269E-016
           3          16  -7.5295474494313005E-017
           3          17   9.9145482374279638E-017
           3          18   1.4593197822417681E-002
           3          19   2.2492471262249817E-016
           3          20   1.4593197822419189E-002
           3          21  -2.7331782146553797E-016
           3          22   1.3916767471870487E-016
           3          23   1.4593197822413567E-002
           3          24  -1.4913697196419128E-002
           3          25  -8.2130224658733018E-016
           3          26  -1.4913697196422481E-002
           3          27   1.0967878676901089E-016
           3          28   2.1516150757485336E-016
           3          29  -1.4913697196413901E-002
           4           1   4.9580096591098606E-003
           4           2   1.4406183281948631E-002
           4           3   6.0435406823355811E-002
           4           4   4.3051958746233611E-003
           4           5   5.0248585136997467E-005
           4           6  -2.4024057512867003E-014
           4           7  -2.4316876279052819E-016
           4           8   2.8977512665109297E-014
           4           9   7.4911747724169395E-017
           4          10  -2.0069122906719438E-016
           4          11   1.2797696353740100E-015
           4          12   1.8241450065573517E-016
           4          13  -6.8169606009370409E-018
           4          14  -9.1527634124836057E-016
           4          15  -1.7269231527795137E-016
           4          16   3.4716443259446451E-019
           4          17   3.2621810497453278E-018
           4          18   9.7637837646723615E-004
           4          19   5.0672740186962369E-017
           4          20   9.7637837646714638E-004
           4          21   2.3484745142113748E-016
           4          22  -1.3499458857257989E-016
           4          23   9.7637837646706929E-004
           4          24  -1.0758651959297217E-003
           4          25  -1.2006039211242998E-016
           4          26  -1.0758651959296090E-003
           4          27  -2.7849928941848558E-016
           4          28   5.9728343273806186E-017
           4          29  -1.0758651959292924E-003
           5           1  -4.2140372602365189E-004
           5           2   4.1450571140527683E-004
           5           3   7.3517775041506217E-004
           5           4   5.0248585136997467E-005
           5           5   1.3251795966180458E-006
           5           6   7.8548604326654866E-016
           5           7  -5.9040355079137867E-015
           5           8   1.9735666029756673E-014
           5           9  -8.9874608567789807E-018
           5          10  -4.2424959347918992E-017
           5          11   9.0131813717954501E-017
           5          12   3.9044086146853198E-018
           5          13   3.9443418726657594E-017
           5          14  -7.3787680469572410E-017
           5          15   8.5591580108153943E-018
           5          16  -1.4200448373512981E-017
           5          17   2.1398206342843948E-017
           5          18   1.1571456624685674E-005
           5          19  -1.6303227970860301E-017
           5          20   1.1571456624683599E-005
           5          21  -9.5182064933667797E-018
           5          22  -5.0710047291393058E-018
           5          23   1.1571456624672256E-005
           5          24  -1.2762189663619124E-005
           5          25   1.1816412251691743E-017
           5          26  -1.2762189663619219E-005
           5          27   3.5767319875989604E-018
           5          28   9.8960870635841174E-018
           5          29  -1.2762189663622472E-005
           6           1  -5.3555402094426065E-016
           6           2  -8.1742462734095662E-015
           6           3   1.7366955938548977E-014
           6           4  -2.4024057512867003E-014
           6           5   7.8548604326654866E-016
           6           6   2.0001195975810950     
           6           7   3.1259717037102080E-015
           6           8  -2.9507646326365481E-015
           6           9   7.9098785317844016E-004
           6          10   9.9489372903244159E-015
           6          11  -4.6737922776776512E-015
           6          12  -1.6595274503246444E-003
           6          13  -1.4578843096938948E-014
           6          14   5.6096349353856768E-015
           6          15   1.4556530653936218E-003
           6          16   2.1801488803011634E-015
           6          17   8.7382798750774307E-016
           6          18  -5.3933939533710716E-015
           6          19   2.8558535683577598E-015
           6          20  -4.3737211827224175E-015
           6          21   8.5721978463203839E-016
           6          22   7.4900378778278061E-015
           6          23   4.0098342215110756E-015
           6          24   7.1839046292874265E-015
           6          25  -1.7966406992328456E-015
           6          26   1.0794828167537936E-014
           6          27  -1.7300062545374474E-015
           6          28  -7.1314585569636929E-015
           6          29  -7.7711761741384725E-017
           7           1  -1.5952189574733441E-015
           7           2   1.5948614278252838E-015
           7           3  -8.1280251955820284E-016
           7           4  -2.4316876279052819E-016
           7           5  -5.9040355079137867E-015
           7           6   3.1259717037102080E-015
           7           7   2.0001195975810937     
           7           8   5.5511151231257906E-016
           7           9   1.3826294980884975E-014
           7          10   7.9098785318715975E-004
           7          11  -9.3568815889843846E-015
           7          12  -1.7497518733401718E-014
           7          13  -1.6595274503281333E-003
           7          14   6.5234276314107736E-015
           7          15   1.8544918171361974E-015
           7          16   1.4556530653850337E-003
           7          17   9.4813479983857382E-016
           7          18   8.5823092946582400E-016
           7          19  -2.3421863313412148E-015
           7          20  -1.6612162191160944E-016
           7          21   1.7086120445020212E-016
           7          22   2.2486931927593858E-015
           7          23   4.0917847315944925E-015
           7          24   2.0634041316012386E-015
           7          25   4.3358221432664844E-015
           7          26   8.3393639182907687E-015
           7          27  -4.8086381469050308E-015
           7          28  -1.0499991795553063E-015
           7          29  -3.8719372847614872E-015
           8           1   1.8671434309069277E-015
           8           2   3.8287383868405311E-015
           8           3   5.4836453793239130E-015
           8           4   2.8977512665109297E-014
           8           5   1.9735666029756673E-014
           8           6  -2.9507646326365481E-015
           8           7   5.5511151231257906E-016
           8           8   2.0001195975810915     
           8           9  -3.7440902700240641E-014
           8          10   9.8135475440352917E-015
           8          11   7.9098785321297417E-004
           8          12   5.2579441451802711E-014
           8          13  -3.5477480328505173E-014
           8          14  -1.6595274503511405E-003
           8          15  -7.3529439373158645E-015
           8          16   2.3097328086599256E-014
           8          17   1.4556530653943767E-003
           8          18  -2.0480353020116112E-014
           8          19   1.7635427700995455E-014
           8          20  -1.7373470385345113E-014
           8          21   1.1221730005315104E-014
           8          22   9.1695575762506872E-015
           8          23  -4.6390283841548817E-015
           8          24  -2.8901147512912634E-015
           8          25  -1.9427954939446120E-014
           8          26  -1.9424005575043201E-014
           8          27   4.5368092133175772E-015
           8          28  -1.1325031488759203E-014
           8          29  -4.3979437096290492E-015
           9           1   9.9791846009929729E-015
           9           2   3.1452711193521643E-015
           9           3   1.3959013547579550E-015
           9           4   7.4911747724169395E-017
           9           5  -8.9874608567789807E-018
           9           6   7.9098785317844016E-004
           9           7   1.3826294980884975E-014
           9           8  -3.7440902700240641E-014
           9           9   5.7764897101969396E-005
           9          10   1.6453454858247575E-016
           9          11  -2.5360971122091775E-016
           9          12  -4.6161962417533208E-005
           9          13  -1.7781651488634921E-016
           9          14   2.2020405527019568E-016
           9          15   3.0859636815358005E-006
           9          16   2.8328034230352263E-017
           9          17  -2.5164898876671880E-017
           9          18  -1.5124586340933420E-017
           9          19   1.2170232843740019E-017
           9          20  -2.5136661439291378E-017
           9          21   1.6958082523835496E-017
           9          22   3.7170834968906480E-017
           9          23   3.2313512945963319E-017
           9          24  -8.7770394232973042E-018
           9          25  -7.3962748090030156E-018
           9          26   2.5858981435881638E-017
           9          27  -2.8485466715408735E-017
           9          28  -3.7463030158545030E-017
           9          29  -5.2989875531730643E-017
          10           1  -5.9052102459716434E-015
          10           2   1.3525715583287365E-014
          10           3  -4.0181503346430365E-015
          10           4  -2.0069122906719438E-016
          10           5  -4.2424959347918992E-017
          10           6   9.9489372903244159E-015
          10           7   7.9098785318715975E-004
          10           8   9.8135475440352917E-015
          10           9   1.6453454858247575E-016
          10          10   5.7764897102006719E-005
          10          11  -2.3378956377223851E-017
          10          12  -1.7403435395818658E-016
          10          13  -4.6161962417534997E-005
          10          14   1.9286093176068072E-017
          10          15   3.1684882048601778E-017
          10          16   3.0859636815024037E-006
          10          17   5.6191106929661394E-018
          10          18  -1.0208607082415598E-016
          10          19  -1.3255148067762427E-017
          10          20  -1.0846548459727469E-016
          10          21   2.4493576877469246E-018
          10          22   7.1817717014979836E-018
          10          23  -8.4598040543475038E-017
          10          24   2.9353142183086459E-017
          10          25   2.4591240041672826E-017
          10          26   7.2520009109461769E-017
          10          27  -2.3412947548422976E-017
          10          28  -4.5040755953188322E-018
          10          29   1.0276418260271411E-017
          11           1  -5.2840604989657908E-015
          11           2   2.0373177431345592E-014
          11           3   1.2540806246758094E-014
          11           4   1.2797696353740100E-015
          11           5   9.0131813717954501E-017
          11           6  -4.6737922776776512E-015
          11           7  -9.3568815889843846E-015
          11           8   7.9098785321297417E-004
          11           9  -2.5360971122091775E-016
          11          10  -2.3378956377223851E-017
          11          11   5.7764897102181655E-005
          11          12   3.4225546785981035E-016
          11          13  -1.3537958189373416E-016
          11          14  -4.6161962417667317E-005
          11          15  -4.5610130171240001E-017
          11          16   1.1895169551911744E-016
          11          17   3.0859636815550315E-006
          11          18   6.9793659656790067E-018
          11          19   1.1017952830631099E-016
          11          20   2.4720607884686787E-017
          11          21   7.3990947474604050E-017
          11          22   4.6886330934854559E-017
          11          23   1.0585798672952498E-016
          11          24  -3.2655822244086980E-016
          11          25  -1.1555722276955212E-016
          11          26  -4.1013584219163423E-016
          11          27   2.3194849201272755E-017
          11          28  -6.6894829602112999E-017
          11          29  -3.3298771958887284E-016
          12           1  -5.8986713191909425E-015
          12           2   8.5985728304999776E-015
          12           3   5.2391857756662976E-016
          12           4   1.8241450065573517E-016
          12           5   3.9044086146853198E-018
          12           6  -1.6595274503246444E-003
          12           7  -1.7497518733401718E-014
          12           8   5.2579441451802711E-014
          12           9  -4.6161962417533208E-005
          12          10  -1.7403435395818658E-016
          12          11   3.4225546785981035E-016
          12          12   3.7420288093992771E-005
          12          13   1.8230610714415619E-016
          12          14  -2.9922243543058529E-016
          12          15  -3.1960885015497179E-006
          12          16  -2.9899009032268215E-017
          12          17   4.1839232134295636E-017
          12          18   1.3846209088065495E-017
          12          19  -1.1114572658101522E-017
          12          20   2.1249765683221589E-017
          12          21  -1.3874603185375212E-017
          12          22  -3.3310072112406523E-017
          12          23  -2.8584301130997981E-017
          12          24  -6.4530504640545069E-017
          12          25   6.7862384905288187E-018
          12          26  -9.3829372014639723E-017
          12          27   2.3455791188042562E-017
          12          28   3.3356311218140786E-017
          12          29  -2.5760698623524029E-017
          13           1   7.0680446325044878E-015
          13           2  -1.7047284879255574E-014
          13           3   1.7582195278298311E-015
          13           4  -6.8169606009370409E-018
          13           5   3.9443418726657594E-017
          13           6  -1.4578843096938948E-014
          13           7  -1.6595274503281333E-003
          13           8  -3.5477480328505173E-014
          13           9  -1.7781651488634921E-016
          13          10  -4.6161962417534997E-005
          13          11  -1.3537958189373416E-016
          13          12   1.8230610714415619E-016
          13          13   3.7420288093968662E-005
          13          14   1.2138659760510350E-016
          13          15  -3.2575861447440363E-017
          13          16  -3.1960885015149925E-006
          13          17  -3.1560235856458201E-017
          13          18   7.7762923489212984E-017
          13          19   1.1708596640838478E-017
          13          20   8.3344875142999589E-017
          13          21  -2.0282913487191032E-018
          13          22  -6.8498131265957187E-018
          13          23   6.2241247044067263E-017
          13          24   2.4034887720824601E-017
          13          25  -2.1717161786488159E-017
          13          26  -1.3397376127228638E-017
          13          27   2.1028078415698674E-017
          13          28   4.1098116267439513E-018
          13          29   4.2210320042835773E-017
          14           1   5.2652020838638116E-015
          14           2  -1.8756756223846139E-014
          14           3  -7.6124108192615379E-015
          14           4  -9.1527634124836057E-016
          14           5  -7.3787680469572410E-017
          14           6   5.6096349353856768E-015
          14           7   6.5234276314107736E-015
          14           8  -1.6595274503511405E-003
          14           9   2.2020405527019568E-016
          14          10   1.9286093176068072E-017
          14          11  -4.6161962417667317E-005
          14          12  -2.9922243543058529E-016
          14          13   1.2138659760510350E-016
          14          14   3.7420288094071173E-005
          14          15   4.1277728699602898E-017
          14          16  -1.0652222817198980E-016
          14          17  -3.1960885015624675E-006
          14          18   5.6703035589235522E-017
          14          19  -9.6377412068611732E-017
          14          20   4.1046222296850998E-017
          14          21  -6.4401251757005815E-017
          14          22  -4.1872789512359234E-017
          14          23  -2.9796733643139849E-017
          14          24   2.3602509913348013E-016
          14          25   1.0156268332224512E-016
          14          26   3.1076320649231279E-016
          14          27  -2.0714937468323654E-017
          14          28   5.8834032420034711E-017
          14          29   2.4189642429634214E-016
          15           1  -5.0153223932257702E-016
          15           2  -1.4918044441113480E-014
          15           3   1.8612292022775269E-016
          15           4  -1.7269231527795137E-016
          15           5   8.5591580108153943E-018
          15           6   1.4556530653936218E-003
          15           7   1.8544918171361974E-015
          15           8  -7.3529439373158645E-015
          15           9   3.0859636815358005E-006
          15          10   3.1684882048601778E-017
          15          11  -4.5610130171240001E-017
          15          12  -3.1960885015497179E-006
          15          13  -3.2575861447440363E-017
          15          14   4.1277728699602898E-017
          15          15   1.1690837871058089E-006
          15          16   4.4350661661847247E-018
          15          17  -5.9027509250110287E-018
          15          18   3.9965523698002422E-017
          15          19   2.5608567061447535E-018
          15          20   4.0252539754466624E-017
          15          21   1.3500195638315763E-018
          15          22   6.9458302720691418E-018
          15          23   4.8719297378317734E-017
          15          24   5.9946471175049561E-017
          15          25  -1.5996902642199774E-018
          15          26   6.4025421873803040E-017
          15          27  -2.4738118193325504E-018
          15          28  -6.7038255304228788E-018
          15          29   5.2855243824776166E-017
          16           1   2.8212289751534308E-015
          16           2  -4.2800576980949609E-015
          16           3  -7.5295474494313005E-017
          16           4   3.4716443259446451E-019
          16           5  -1.4200448373512981E-017
          16           6   2.1801488803011634E-015
          16           7   1.4556530653850337E-003
          16           8   2.3097328086599256E-014
          16           9   2.8328034230352263E-017
          16          10   3.0859636815024037E-006
          16          11   1.1895169551911744E-016
          16          12  -2.9899009032268215E-017
          16          13  -3.1960885015149925E-006
          16          14  -1.0652222817198980E-016
          16          15   4.4350661661847247E-018
          16          16   1.1690837870900749E-006
          16          17   2.2557506471896674E-017
          16          18   3.9328743123271120E-018
          16          19  -2.2432983656705473E-018
          16          20   2.9263278889458425E-018
          16          21   2.2841905881441740E-019
          16          22   1.9115026741151131E-018
          16          23   6.9944427649241843E-018
          16          24   4.2932767102010863E-018
          16          25   4.1550996614304802E-018
          16          26   1.0638489353032695E-017
          16          27  -4.4395530587998088E-018
          16          28  -9.4282791247211651E-019
          16          29  -7.5733709104405509E-019
          17           1   2.4480745784604379E-016
          17           2  -2.1013934926677238E-015
          17           3   9.9145482374279638E-017
          17           4   3.2621810497453278E-018
          17           5   2.1398206342843948E-017
          17           6   8.7382798750774307E-016
          17           7   9.4813479983857382E-016
          17           8   1.4556530653943767E-003
          17           9  -2.5164898876671880E-017
          17          10   5.6191106929661394E-018
          17          11   3.0859636815550315E-006
          17          12   4.1839232134295636E-017
          17          13  -3.1560235856458201E-017
          17          14  -3.1960885015624675E-006
          17          15  -5.9027509250110287E-018
          17          16   2.2557506471896674E-017
          17          17   1.1690837871060145E-006
          17          18  -1.0519645920057732E-017
          17          19   1.7344187109565633E-017
          17          20  -7.5370140057507499E-018
          17          21   1.1206018589949145E-017
          17          22   8.5636410968465856E-018
          17          23   5.0560459358145595E-018
          17          24   5.4810451719685496E-018
          17          25  -1.8852755431956865E-017
          17          26  -9.9181594623958256E-018
          17          27   4.2368881356141967E-018
          17          28  -1.0969358757212715E-017
          17          29   4.1287987689760932E-018
          18           1   1.3792258258399799E-003
          18           2  -4.3665965691442755E-003
          18           3   1.4593197822417681E-002
          18           4   9.7637837646723615E-004
          18           5   1.1571456624685674E-005
          18           6  -5.3933939533710716E-015
          18           7   8.5823092946582400E-016
          18           8  -2.0480353020116112E-014
          18           9  -1.5124586340933420E-017
          18          10  -1.0208607082415598E-016
          18          11   6.9793659656790067E-018
          18          12   1.3846209088065495E-017
          18          13   7.7762923489212984E-017
          18          14   5.6703035589235522E-017
          18          15   3.9965523698002422E-017
          18          16   3.9328743123271120E-018
          18          17  -1.0519645920057732E-017
          18          18   2.5372128347835314E-004
          18          19  -1.6848338517465667E-018
          18          20   2.5372128347842828E-004
          18          21  -7.3384619108751127E-017
          18          22   4.6526438580990725E-017
          18          23   2.5372128347825979E-004
          18          24  -2.3662085524087269E-004
          18          25  -7.4609097252600459E-019
          18          26  -2.3662085524103307E-004
          18          27   8.4316353805516664E-017
          18          28  -1.3350222879103570E-017
          18          29  -2.3662085524081124E-004
          19           1  -2.1429344222162173E-016
          19           2  -4.8034297370933853E-015
          19           3   2.2492471262249817E-016
          19           4   5.0672740186962369E-017
          19           5  -1.6303227970860301E-017
          19           6   2.8558535683577598E-015
          19           7  -2.3421863313412148E-015
          19           8   1.7635427700995455E-014
          19           9   1.2170232843740019E-017
          19          10  -1.3255148067762427E-017
          19          11   1.1017952830631099E-016
          19          12  -1.1114572658101522E-017
          19          13   1.1708596640838478E-017
          19          14  -9.6377412068611732E-017
          19          15   2.5608567061447535E-018
          19          16  -2.2432983656705473E-018
          19          17   1.7344187109565633E-017
          19          18  -1.6848338517465667E-018
          19          19   8.1584662130774187E-028
          19          20  -1.6848338516592805E-018
          19          21   5.9576187282599734E-028
          19          22   2.3595219483226075E-028
          19          23  -1.6848338511288209E-018
          19          24  -1.0951527040121783E-017
          19          25  -7.4000377560272741E-028
          19          26  -1.0951527040293027E-017
          19          27  -1.5912873487291533E-028
          19          28  -4.6142436710092505E-028
          19          29  -1.0951527039870192E-017
          20           1   1.3792258258366365E-003
          20           2  -4.3665965691684263E-003
          20           3   1.4593197822419189E-002
          20           4   9.7637837646714638E-004
          20           5   1.1571456624683599E-005
          20           6  -4.3737211827224175E-015
          20           7  -1.6612162191160944E-016
          20           8  -1.7373470385345113E-014
          20           9  -2.5136661439291378E-017
          20          10  -1.0846548459727469E-016
          20          11   2.4720607884686787E-017
          20          12   2.1249765683221589E-017
          20          13   8.3344875142999589E-017
          20          14   4.1046222296850998E-017
          20          15   4.0252539754466624E-017
          20          16   2.9263278889458425E-018
          20          17  -7.5370140057507499E-018
          20          18   2.5372128347842828E-004
          20          19  -1.6848338516592805E-018
          20          20   2.5372128347850336E-004
          20          21  -7.3384619109049452E-017
          20          22   4.6526438581240005E-017
          20          23   2.5372128347833487E-004
          20          24  -2.3662085524082832E-004
          20          25  -7.4609097255441590E-019
          20          26  -2.3662085524098867E-004
          20          27   8.4316353805941700E-017
          20          28  -1.3350222879244432E-017
          20          29  -2.3662085524076695E-004
          21           1  -7.1314011807150484E-016
          21           2   2.5183617934183077E-014
          21           3  -2.7331782146553797E-016
          21           4   2.3484745142113748E-016
          21           5  -9.5182064933667797E-018
          21           6   8.5721978463203839E-016
          21           7   1.7086120445020212E-016
          21           8   1.1221730005315104E-014
          21           9   1.6958082523835496E-017
          21          10   2.4493576877469246E-018
          21          11   7.3990947474604050E-017
          21          12  -1.3874603185375212E-017
          21          13  -2.0282913487191032E-018
          21          14  -6.4401251757005815E-017
          21          15   1.3500195638315763E-018
          21          16   2.2841905881441740E-019
          21          17   1.1206018589949145E-017
          21          18  -7.3384619108751127E-017
          21          19   5.9576187282599734E-028
          21          20  -7.3384619109049452E-017
          21          21   8.7720243921930595E-028
          21          22  -1.2573097269409908E-028
          21          23  -7.3384619108133671E-017
          21          24  -8.4359716086382452E-017
          21          25  -5.9078984207128787E-028
          21          26  -8.4359716085792421E-017
          21          27  -6.7329337779290567E-028
          21          28  -2.1279403242303036E-028
          21          29  -8.4359716086069755E-017
          22           1   1.8212761948132579E-015
          22           2  -2.0380366414570464E-014
          22           3   1.3916767471870487E-016
          22           4  -1.3499458857257989E-016
          22           5  -5.0710047291393058E-018
          22           6   7.4900378778278061E-015
          22           7   2.2486931927593858E-015
          22           8   9.1695575762506872E-015
          22           9   3.7170834968906480E-017
          22          10   7.1817717014979836E-018
          22          11   4.6886330934854559E-017
          22          12  -3.3310072112406523E-017
          22          13  -6.8498131265957187E-018
          22          14  -4.1872789512359234E-017
          22          15   6.9458302720691418E-018
          22          16   1.9115026741151131E-018
          22          17   8.5636410968465856E-018
          22          18   4.6526438580990725E-017
          22          19   2.3595219483226075E-028
          22          20   4.6526438581240005E-017
          22          21  -1.2573097269409908E-028
          22          22   3.4310861973787987E-028
          22          23   4.6526438581140183E-017
          22          24   5.2563876129487386E-017
          22          25  -1.8413560493529927E-028
          22          26   5.2563876128956902E-017
          22          27   3.3466732260341168E-028
          22          28  -2.6984589096163236E-028
          22          29   5.2563876129355190E-017
          23           1   1.3792258258433611E-003
          23           2  -4.3665965691365004E-003
          23           3   1.4593197822413567E-002
          23           4   9.7637837646706929E-004
          23           5   1.1571456624672256E-005
          23           6   4.0098342215110756E-015
          23           7   4.0917847315944925E-015
          23           8  -4.6390283841548817E-015
          23           9   3.2313512945963319E-017
          23          10  -8.4598040543475038E-017
          23          11   1.0585798672952498E-016
          23          12  -2.8584301130997981E-017
          23          13   6.2241247044067263E-017
          23          14  -2.9796733643139849E-017
          23          15   4.8719297378317734E-017
          23          16   6.9944427649241843E-018
          23          17   5.0560459358145595E-018
          23          18   2.5372128347825979E-004
          23          19  -1.6848338511288209E-018
          23          20   2.5372128347833487E-004
          23          21  -7.3384619108133671E-017
          23          22   4.6526438581140183E-017
          23          23   2.5372128347816639E-004
          23          24  -2.3662085524084022E-004
          23          25  -7.4609097311026702E-019
          23          26  -2.3662085524100060E-004
          23          27   8.4316353805201649E-017
          23          28  -1.3350222879466489E-017
          23          29  -2.3662085524077885E-004
          24           1  -8.8979983813802864E-004
          24           2  -5.4215551854531344E-003
          24           3  -1.4913697196419128E-002
          24           4  -1.0758651959297217E-003
          24           5  -1.2762189663619124E-005
          24           6   7.1839046292874265E-015
          24           7   2.0634041316012386E-015
          24           8  -2.8901147512912634E-015
          24           9  -8.7770394232973042E-018
          24          10   2.9353142183086459E-017
          24          11  -3.2655822244086980E-016
          24          12  -6.4530504640545069E-017
          24          13   2.4034887720824601E-017
          24          14   2.3602509913348013E-016
          24          15   5.9946471175049561E-017
          24          16   4.2932767102010863E-018
          24          17   5.4810451719685496E-018
          24          18  -2.3662085524087269E-004
          24          19  -1.0951527040121783E-017
          24          20  -2.3662085524082832E-004
          24          21  -8.4359716086382452E-017
          24          22   5.2563876129487386E-017
          24          23  -2.3662085524084022E-004
          24          24   2.7063438364211695E-004
          24          25   3.2305445020632338E-017
          24          26   2.7063438364204604E-004
          24          27   1.0174317542240817E-016
          24          28  -2.3783174438966993E-017
          24          29   2.7063438364200327E-004
          25           1  -7.9685534761374826E-016
          25           2  -5.1378571480425836E-016
          25           3  -8.2130224658733018E-016
          25           4  -1.2006039211242998E-016
          25           5   1.1816412251691743E-017
          25           6  -1.7966406992328456E-015
          25           7   4.3358221432664844E-015
          25           8  -1.9427954939446120E-014
          25           9  -7.3962748090030156E-018
          25          10   2.4591240041672826E-017
          25          11  -1.1555722276955212E-016
          25          12   6.7862384905288187E-018
          25          13  -2.1717161786488159E-017
          25          14   1.0156268332224512E-016
          25          15  -1.5996902642199774E-018
          25          16   4.1550996614304802E-018
          25          17  -1.8852755431956865E-017
          25          18  -7.4609097252600459E-019
          25          19  -7.4000377560272741E-028
          25          20  -7.4609097255441590E-019
          25          21  -5.9078984207128787E-028
          25          22  -1.8413560493529927E-028
          25          23  -7.4609097311026702E-019
          25          24   3.2305445020632338E-017
          25          25   7.0492625188857323E-028
          25          26   3.2305445020775837E-017
          25          27   1.6249429649728588E-028
          25          28   3.9960476676322081E-028
          25          29   3.2305445020415734E-017
          26           1  -8.8979983814380310E-004
          26           2  -5.4215551854096041E-003
          26           3  -1.4913697196422481E-002
          26           4  -1.0758651959296090E-003
          26           5  -1.2762189663619219E-005
          26           6   1.0794828167537936E-014
          26           7   8.3393639182907687E-015
          26           8  -1.9424005575043201E-014
          26           9   2.5858981435881638E-017
          26          10   7.2520009109461769E-017
          26          11  -4.1013584219163423E-016
          26          12  -9.3829372014639723E-017
          26          13  -1.3397376127228638E-017
          26          14   3.1076320649231279E-016
          26          15   6.4025421873803040E-017
          26          16   1.0638489353032695E-017
          26          17  -9.9181594623958256E-018
          26          18  -2.3662085524103307E-004
          26          19  -1.0951527040293027E-017
          26          20  -2.3662085524098867E-004
          26          21  -8.4359716085792421E-017
          26          22   5.2563876128956902E-017
          26          23  -2.3662085524100060E-004
          26          24   2.7063438364204604E-004
          26          25   3.2305445020775837E-017
          26          26   2.7063438364197530E-004
          26          27   1.0174317542141663E-016
          26          28  -2.3783174438691773E-017
          26          29   2.7063438364193242E-004
          27           1   2.8278835236696211E-015
          27           2  -3.2639692124465715E-014
          27           3   1.0967878676901089E-016
          27           4  -2.7849928941848558E-016
          27           5   3.5767319875989604E-018
          27           6  -1.7300062545374474E-015
          27           7  -4.8086381469050308E-015
          27           8   4.5368092133175772E-015
          27           9  -2.8485466715408735E-017
          27          10  -2.3412947548422976E-017
          27          11   2.3194849201272755E-017
          27          12   2.3455791188042562E-017
          27          13   2.1028078415698674E-017
          27          14  -2.0714937468323654E-017
          27          15  -2.4738118193325504E-018
          27          16  -4.4395530587998088E-018
          27          17   4.2368881356141967E-018
          27          18   8.4316353805516664E-017
          27          19  -1.5912873487291533E-028
          27          20   8.4316353805941700E-017
          27          21  -6.7329337779290567E-028
          27          22   3.3466732260341168E-028
          27          23   8.4316353805201649E-017
          27          24   1.0174317542240817E-016
          27          25   1.6249429649728588E-028
          27          26   1.0174317542141663E-016
          27          27   8.1640972136190416E-028
          27          28  -5.6124934594303969E-029
          27          29   1.0174317542214284E-016
          28           1  -1.2138525483903969E-015
