           1           1   2.1838314086598984     
           1           2  0.90041309970784167     
           1           3 -0.63753726041025971     
           1           4  -4.1773649469389381E-003
           1           5   1.7136737867187857E-012
           1           6  -4.0147524424724016E-013
           1           7  -1.4126998301428621E-012
           1           8  -9.8148015097900669E-013
           1           9   1.9903130402568973E-013
           1          10   7.5860521115492698E-013
           1          11   1.2450484393120387E-013
           1          12   4.1870395477167624E-014
           1          13  -5.1538551983628526E-014
           1          14  -1.3483660707573925E-002
           1          15  -1.6133121347629947E-014
           1          16  -1.3483660707466025E-002
           1          17  -7.1422553508300468E-015
           1          18   5.0479593933719686E-014
           1          19  -1.3483660707984402E-002
           1          20   3.8093774571478445E-002
           1          21  -2.2109367599818136E-014
           1          22   3.8093774571577435E-002
           1          23  -1.1848375234530036E-014
           1          24   1.6949084585848994E-014
           1          25   3.8093774571060834E-002
           2           1  0.90041309970784167     
           2           2   10.679118434976870     
           2           3  -2.3395417910158263     
           2           4  0.14012564959643770     
           2           5   5.3888028757815531E-012
           2           6  -1.2077569732281973E-012
           2           7  -4.4181112896103736E-012
           2           8  -3.1391083205060976E-012
           2           9   6.3402330224704143E-013
           2          10   2.5563612499380654E-012
           2          11   2.3178463637430629E-013
           2          12  -5.7707609580864748E-014
           2          13  -1.1897218340305664E-013
           2          14  -1.3710713100081131     
           2          15   4.5888973036066635E-014
           2          16  -1.3710713100084122     
           2          17  -4.2881434746082206E-015
           2          18  -4.9844024779835321E-014
           2          19  -1.3710713100073755     
           2          20  -1.0160542769695209     
           2          21  -6.6513961240964473E-015
           2          22  -1.0160542769696466     
           2          23  -7.3320590400417305E-014
           2          24   3.9955210789798348E-014
           2          25  -1.0160542769688949     
           3           1 -0.63753726041025971     
           3           2  -2.3395417910158263     
           3           3  0.60449870450100918     
           3           4  -2.7357951702748112E-002
           3           5  -9.8209551024589351E-012
           3           6   2.2427772593621294E-012
           3           7   8.2395470229349903E-012
           3           8   5.5384965206297656E-012
           3           9  -1.2442708370361657E-012
           3          10  -4.6321311448661587E-012
           3          11  -3.5356336699825591E-013
           3          12   6.7103530376633493E-014
           3          13   2.7124049170680996E-013
           3          14  0.27903979631684461     
           3          15  -5.8753294641424152E-015
           3          16  0.27903979631688230     
           3          17   2.3557099283114083E-015
           3          18  -5.0178499212698163E-016
           3          19  0.27903979631678177     
           3          20  0.19674319787251063     
           3          21   5.9579925886126342E-015
           3          22  0.19674319787251529     
           3          23   1.7246325270421857E-014
           3          24  -1.1589735773358496E-014
           3          25  0.19674319787247174     
           4           1  -4.1773649469389381E-003
           4           2  0.14012564959643770     
           4           3  -2.7357951702748112E-002
           4           4   1.9599806953198165E-003
           4           5  -2.2873034769333116E-013
           4           6   5.9569586681108139E-014
           4           7   3.2466445537871588E-013
           4           8   1.2692162967411371E-013
           4           9  -3.3830778395471918E-014
           4          10  -1.8087019463169055E-013
           4          11  -7.4737251416241417E-015
           4          12   1.3404572399444297E-015
           4          13   1.1317605993370802E-014
           4          14  -1.8765203850698315E-002
           4          15   7.5388159843659813E-016
           4          16  -1.8765203850703249E-002
           4          17  -4.8235839044643110E-018
           4          18  -1.0688839812950238E-015
           4          19  -1.8765203850685048E-002
           4          20  -1.4271068282468234E-002
           4          21   7.6206358334495584E-017
           4          22  -1.4271068282470718E-002
           4          23  -9.1908463532056831E-016
           4          24   4.2124152041348153E-016
           4          25  -1.4271068282456452E-002
           5           1   1.7136737867187857E-012
           5           2   5.3888028757815531E-012
           5           3  -9.8209551024589351E-012
           5           4  -2.2873034769333116E-013
           5           5   4.6736595108802783     
           5           6   4.4408920985006262E-016
           5           7  -1.5543122344752192E-015
           5           8  -2.6226887293065642     
           5           9  -6.8833827526759706E-015
           5          10   6.6613381477509392E-015
           5          11  0.15669024908101511     
           5          12  -1.1934897514720433E-015
           5          13  -1.7083556791419596E-014
           5          14   3.6425236105958183E-013
           5          15  -5.5529653631602156E-014
           5          16   4.5403512387798757E-013
           5          17  -1.5667586515819025E-015
           5          18   1.9165659275952356E-014
           5          19   4.7712826375618858E-013
           5          20   2.0030867808486276E-012
           5          21   4.0927304341380532E-015
           5          22   1.9367962575530353E-012
           5          23   1.5351505771431864E-015
           5          24  -1.7429150396312412E-014
           5          25   1.9418610053108309E-012
           6           1  -4.0147524424724016E-013
           6           2  -1.2077569732281973E-012
           6           3   2.2427772593621294E-012
           6           4   5.9569586681108139E-014
           6           5   4.4408920985006262E-016
           6           6   4.6736595108802765     
           6           7  -4.4408920985006262E-016
           6           8   4.4408920985006262E-016
           6           9  -2.6226887293065713     
           6          10   2.7977620220553945E-014
           6          11  -8.2989171090730451E-015
           6          12  0.15669024908101312     
           6          13  -5.2111093218343285E-015
           6          14  -6.6655272145008925E-014
           6          15  -8.1772772315070406E-015
           6          16  -1.2260347074093885E-013
           6          17  -1.2885433758967147E-014
           6          18   8.1860491572942741E-015
           6          19  -1.4804430131767257E-013
           6          20  -5.0687547267423910E-013
           6          21  -2.7561670303572262E-014
           6          22  -4.6116960109206452E-013
           6          23  -1.2641155206036964E-014
           6          24   4.1611591053153053E-014
           6          25  -4.4670299188987842E-013
           7           1  -1.4126998301428621E-012
           7           2  -4.4181112896103736E-012
           7           3   8.2395470229349903E-012
           7           4   3.2466445537871588E-013
           7           5  -1.5543122344752192E-015
           7           6  -4.4408920985006262E-016
           7           7   4.6736595108802454     
           7           8  -5.7731597280508140E-015
           7           9  -1.8984813721090177E-014
           7          10  -2.6226887293065380     
           7          11   1.5543122344752192E-015
           7          12   6.9597105856189501E-015
           7          13  0.15669024908101536     
           7          14  -3.7622710582910678E-013
           7          15  -8.2095431676784761E-015
           7          16  -3.9170044452125907E-013
           7          17   2.5181334403888074E-014
           7          18   2.0312472598783517E-014
           7          19  -4.1004370253972610E-013
           7          20  -1.7410814356641277E-012
           7          21  -4.5315406501744615E-015
           7          22  -1.7338218806436682E-012
           7          23   8.3775251666848219E-015
           7          24  -1.4143835680428204E-015
           7          25  -1.7266902623068004E-012
           8           1  -9.8148015097900669E-013
           8           2  -3.1391083205060976E-012
           8           3   5.5384965206297656E-012
           8           4   1.2692162967411371E-013
           8           5  -2.6226887293065642     
           8           6   4.4408920985006262E-016
           8           7  -5.7731597280508140E-015
           8           8   1.4717580848195173     
           8           9   3.3861802251067274E-015
           8          10   1.1102230246251565E-016
           8          11  -8.7928902244659810E-002
           8          12   6.9388939039072284E-016
           8          13   9.3605678763708511E-015
           8          14  -1.9011730849598430E-013
           8          15   3.1161233800377538E-014
           8          16  -2.4050014866259160E-013
           8          17   8.7920830507262318E-016
           8          18  -1.0755075001880365E-014
           8          19  -2.5345918377028356E-013
           8          20  -1.1137024941016948E-012
           8          21  -2.2966923364259539E-015
           8          22  -1.0765026493328484E-012
           8          23  -8.6147099656812886E-016
           8          24   9.7806090065781576E-015
           8          25  -1.0793448026455262E-012
           9           1   1.9903130402568973E-013
           9           2   6.3402330224704143E-013
           9           3  -1.2442708370361657E-012
           9           4  -3.3830778395471918E-014
           9           5  -6.8833827526759706E-015
           9           6  -2.6226887293065713     
           9           7  -1.8984813721090177E-014
           9           8   3.3861802251067274E-015
           9           9   1.4717580848195255     
           9          10  -4.9404924595819466E-015
           9          11   4.4408920985006262E-015
           9          12  -8.7928902244658949E-002
           9          13   2.2828960943854781E-015
           9          14   4.1924787303148128E-014
           9          15   4.5887923117980835E-015
           9          16   7.3320893403935223E-014
           9          17   7.2308395194806028E-015
           9          18  -4.5937147993786578E-015
           9          19   8.7597367644832777E-014
           9          20   2.8727500632431702E-013
           9          21   1.5466612811173518E-014
           9          22   2.6162652380593013E-013
           9          23   7.0937592280968869E-015
           9          24  -2.3350920324759533E-014
           9          25   2.5350838579918951E-013
          10           1   7.5860521115492698E-013
          10           2   2.5563612499380654E-012
          10           3  -4.6321311448661587E-012
          10           4  -1.8087019463169055E-013
          10           5   6.6613381477509392E-015
          10           6   2.7977620220553945E-014
          10           7  -2.6226887293065380     
          10           8   1.1102230246251565E-016
          10           9  -4.9404924595819466E-015
          10          10   1.4717580848194980     
          10          11  -6.8001160258290838E-016
          10          12  -2.9733160378242474E-015
          10          13  -8.7928902244659671E-002
          10          14   1.9926000298832325E-013
          10          15   4.6068987885198841E-015
          10          16   2.0794308118393282E-013
          10          17  -1.4130854371446818E-014
          10          18  -1.1398625172664771E-014
          10          19   2.1823665433616768E-013
          10          20   9.6731186132912030E-013
          10          21   2.5429367633521824E-015
          10          22   9.6323806153954853E-013
          10          23  -4.7011642125402245E-015
          10          24   7.9370091770437936E-016
          10          25   9.5923605519094790E-013
          11           1   1.2450484393120387E-013
          11           2   2.3178463637430629E-013
          11           3  -3.5356336699825591E-013
          11           4  -7.4737251416241417E-015
          11           5  0.15669024908101511     
          11           6  -8.2989171090730451E-015
          11           7   1.5543122344752192E-015
          11           8  -8.7928902244659810E-002
          11           9   4.4408920985006262E-015
          11          10  -6.8001160258290838E-016
          11          11   5.2532355213112756E-003
          11          12  -3.1897227914523540E-016
          11          13  -5.1911600018605952E-016
          11          14   8.6885793821698998E-015
          11          15  -1.8617007162511769E-015
          11          16   1.1698658194385357E-014
          11          17  -5.2527532824242134E-017
          11          18   6.4255256908770276E-016
          11          19   1.2472884436389790E-014
          11          20   6.5976154062366117E-014
          11          21   1.3721387911350691E-016
          11          22   6.3753681804234321E-014
          11          23   5.1467832807917578E-017
          11          24  -5.8433394869876925E-016
          11          25   6.3923483773288795E-014
          12           1   4.1870395477167624E-014
          12           2  -5.7707609580864748E-014
          12           3   6.7103530376633493E-014
          12           4   1.3404572399444297E-015
          12           5  -1.1934897514720433E-015
          12           6  0.15669024908101312     
          12           7   6.9597105856189501E-015
          12           8   6.9388939039072284E-016
          12           9  -8.7928902244658949E-002
          12          10  -2.9733160378242474E-015
          12          11  -3.1897227914523540E-016
          12          12   5.2532355213111429E-003
          12          13   5.9414279052205643E-017
          12          14   2.7264569486145681E-015
          12          15  -2.7415339162583947E-016
          12          16   8.5072399177358475E-016
          12          17  -4.3200019610111087E-016
          12          18   2.7444748135099945E-016
          12          19  -2.2115014304693031E-018
          12          20  -1.2021766761430968E-014
          12          21  -9.2403928332913349E-016
          12          22  -1.0489420559056092E-014
          12          23  -4.2381045373429683E-016
          12          24   1.3950803543985964E-015
          12          25  -1.0004409489273940E-014
          13           1  -5.1538551983628526E-014
          13           2  -1.1897218340305664E-013
          13           3   2.7124049170680996E-013
          13           4   1.1317605993370802E-014
          13           5  -1.7083556791419596E-014
          13           6  -5.2111093218343285E-015
          13           7  0.15669024908101536     
          13           8   9.3605678763708511E-015
          13           9   2.2828960943854781E-015
          13          10  -8.7928902244659671E-002
          13          11  -5.1911600018605952E-016
          13          12   5.9414279052205643E-017
          13          13   5.2532355213113276E-003
          13          14  -1.6677437222741710E-014
          13          15  -2.7523514727343629E-016
          13          16  -1.7196200151053239E-014
          13          17   8.4423556118117119E-016
          13          18   6.8100091235645695E-016
          13          19  -1.7811180694919970E-014
          13          20  -6.1534912924195664E-014
          13          21  -1.5192553748155811E-016
          13          22  -6.1291527311332179E-014
          13          23   2.8086695275802730E-016
          13          24  -4.7418968595466613E-017
          13          25  -6.1052430934933541E-014
          14           1  -1.3483660707573925E-002
          14           2  -1.3710713100081131     
          14           3  0.27903979631684461     
          14           4  -1.8765203850698315E-002
          14           5   3.6425236105958183E-013
          14           6  -6.6655272145008925E-014
          14           7  -3.7622710582910678E-013
          14           8  -1.9011730849598430E-013
          14           9   4.1924787303148128E-014
          14          10   1.9926000298832325E-013
          14          11   8.6885793821698998E-015
          14          12   2.7264569486145681E-015
          14          13  -1.6677437222741710E-014
          14          14  0.18097636273871753     
          14          15  -6.8606135004108311E-015
          14          16  0.18097636273876236     
          14          17   2.2205289299997827E-016
          14          18   9.0484778980322948E-015
          14          19  0.18097636273859993     
          14          20  0.13644496919709254     
          14          21  -1.8996793595954806E-016
          14          22  0.13644496919711399     
          14          23   9.1389810660553167E-015
          14          24  -4.4718717606277198E-015
          14          25  0.13644496919698940     
          15           1  -1.6133121347629947E-014
          15           2   4.5888973036066635E-014
          15           3  -5.8753294641424152E-015
          15           4   7.5388159843659813E-016
          15           5  -5.5529653631602156E-014
          15           6  -8.1772772315070406E-015
          15           7  -8.2095431676784761E-015
          15           8   3.1161233800377538E-014
          15           9   4.5887923117980835E-015
          15          10   4.6068987885198841E-015
          15          11  -1.8617007162511769E-015
          15          12  -2.7415339162583947E-016
          15          13  -2.7523514727343629E-016
          15          14  -6.8606135004108311E-015
          15          15   1.0754908505140123E-027
          15          16  -6.8606135004143210E-015
          15          17   4.2844385293098638E-029
          15          18  -1.0107879675035887E-027
          15          19  -6.8606135004043159E-015
          15          20  -5.5404620953653417E-015
          15          21   1.8345136211783809E-028
          15          22  -5.5404620953662276E-015
          15          23  -2.7213326275680480E-028
          15          24   1.7958724061242042E-028
          15          25  -5.5404620953575920E-015
          16           1  -1.3483660707466025E-002
          16           2  -1.3710713100084122     
          16           3  0.27903979631688230     
          16           4  -1.8765203850703249E-002
          16           5   4.5403512387798757E-013
          16           6  -1.2260347074093885E-013
          16           7  -3.9170044452125907E-013
          16           8  -2.4050014866259160E-013
          16           9   7.3320893403935223E-014
          16          10   2.0794308118393282E-013
          16          11   1.1698658194385357E-014
          16          12   8.5072399177358475E-016
          16          13  -1.7196200151053239E-014
          16          14  0.18097636273876236     
          16          15  -6.8606135004143210E-015
          16          16  0.18097636273880718     
          16          17   2.2205289299971084E-016
          16          18   9.0484778980373435E-015
          16          19  0.18097636273864476     
          16          20  0.13644496919712878     
          16          21  -1.8996793596029868E-016
          16          22  0.13644496919715027     
          16          23   9.1389810660571642E-015
          16          24  -4.4718717606288092E-015
          16          25  0.13644496919702565     
          17           1  -7.1422553508300468E-015
          17           2  -4.2881434746082206E-015
          17           3   2.3557099283114083E-015
          17           4  -4.8235839044643110E-018
          17           5  -1.5667586515819025E-015
          17           6  -1.2885433758967147E-014
          17           7   2.5181334403888074E-014
          17           8   8.7920830507262318E-016
          17           9   7.2308395194806028E-015
          17          10  -1.4130854371446818E-014
          17          11  -5.2527532824242134E-017
          17          12  -4.3200019610111087E-016
          17          13   8.4423556118117119E-016
          17          14   2.2205289299997827E-016
          17          15   4.2844385293098638E-029
          17          16   2.2205289299971084E-016
          17          17   1.9525989846930153E-028
          17          18  -7.5438255193630793E-029
          17          19   2.2205289300120692E-016
          17          20   9.8734047476076058E-018
          17          21   1.2218867893407045E-028
          17          22   9.8734047472408948E-018
          17          23   1.2714378634615735E-028
          17          24  -1.7623084843297595E-028
          17          25   9.8734047488015544E-018
          18           1   5.0479593933719686E-014
          18           2  -4.9844024779835321E-014
          18           3  -5.0178499212698163E-016
          18           4  -1.0688839812950238E-015
          18           5   1.9165659275952356E-014
          18           6   8.1860491572942741E-015
          18           7   2.0312472598783517E-014
          18           8  -1.0755075001880365E-014
          18           9  -4.5937147993786578E-015
          18          10  -1.1398625172664771E-014
          18          11   6.4255256908770276E-016
          18          12   2.7444748135099945E-016
          18          13   6.8100091235645695E-016
          18          14   9.0484778980322948E-015
          18          15  -1.0107879675035887E-027
          18          16   9.0484778980373435E-015
          18          17  -7.5438255193630793E-029
          18          18   1.8323899831257961E-027
          18          19   9.0484778980167653E-015
          18          20   7.9529385599121868E-015
          18          21  -5.7914116932074362E-028
          18          22   7.9529385599154559E-015
          18          23   2.1579020645287186E-028
          18          24   1.6106617360944398E-028
          18          25   7.9529385598969808E-015
          19           1  -1.3483660707984402E-002
          19           2  -1.3710713100073755     
          19           3  0.27903979631678177     
          19           4  -1.8765203850685048E-002
          19           5   4.7712826375618858E-013
          19           6  -1.4804430131767257E-013
          19           7  -4.1004370253972610E-013
          19           8  -2.5345918377028356E-013
          19           9   8.7597367644832777E-014
          19          10   2.1823665433616768E-013
          19          11   1.2472884436389790E-014
          19          12  -2.2115014304693031E-018
          19          13  -1.7811180694919970E-014
          19          14  0.18097636273859993     
          19          15  -6.8606135004043159E-015
          19          16  0.18097636273864476     
          19          17   2.2205289300120692E-016
          19          18   9.0484778980167653E-015
          19          19  0.18097636273848233     
          19          20  0.13644496919699461     
          19          21  -1.8996793595456379E-016
          19          22  0.13644496919701607     
          19          23   9.1389810660517211E-015
          19          24  -4.4718717606291405E-015
          19          25  0.13644496919689145     
          20           1   3.8093774571478445E-002
          20           2  -1.0160542769695209     
          20           3  0.19674319787251063     
          20           4  -1.4271068282468234E-002
          20           5   2.0030867808486276E-012
          20           6  -5.0687547267423910E-013
          20           7  -1.7410814356641277E-012
          20           8  -1.1137024941016948E-012
          20           9   2.8727500632431702E-013
          20          10   9.6731186132912030E-013
          20          11   6.5976154062366117E-014
          20          12  -1.2021766761430968E-014
          20          13  -6.1534912924195664E-014
          20          14  0.13644496919709254     
          20          15  -5.5404620953653417E-015
          20          16  0.13644496919712878     
          20          17   9.8734047476076058E-018
          20          18   7.9529385599121868E-015
          20          19  0.13644496919699461     
          20          20  0.10393801732099463     
          20          21  -6.3234793874782115E-016
          20          22  0.10393801732101302     
          20          23   6.6433265773170632E-015
          20          24  -3.0041570501021043E-015
          20          25  0.10393801732090745     
          21           1  -2.2109367599818136E-014
          21           2  -6.6513961240964473E-015
          21           3   5.9579925886126342E-015
          21           4   7.6206358334495584E-017
          21           5   4.0927304341380532E-015
          21           6  -2.7561670303572262E-014
          21           7  -4.5315406501744615E-015
          21           8  -2.2966923364259539E-015
          21           9   1.5466612811173518E-014
          21          10   2.5429367633521824E-015
          21          11   1.3721387911350691E-016
          21          12  -9.2403928332913349E-016
          21          13  -1.5192553748155811E-016
          21          14  -1.8996793595954806E-016
          21          15   1.8345136211783809E-028
          21          16  -1.8996793596029868E-016
          21          17   1.2218867893407045E-028
          21          18  -5.7914116932074362E-028
          21          19  -1.8996793595456379E-016
          21          20  -6.3234793874782115E-016
          21          21   3.9494249669023578E-028
          21          22  -6.3234793874919772E-016
          21          23   1.7136166363917637E-028
          21          24  -4.2299722626908900E-028
          21          25  -6.3234793874382488E-016
          22           1   3.8093774571577435E-002
          22           2  -1.0160542769696466     
          22           3  0.19674319787251529     
          22           4  -1.4271068282470718E-002
          22           5   1.9367962575530353E-012
          22           6  -4.6116960109206452E-013
          22           7  -1.7338218806436682E-012
          22           8  -1.0765026493328484E-012
          22           9   2.6162652380593013E-013
          22          10   9.6323806153954853E-013
          22          11   6.3753681804234321E-014
          22          12  -1.0489420559056092E-014
          22          13  -6.1291527311332179E-014
          22          14  0.13644496919711399     
          22          15  -5.5404620953662276E-015
          22          16  0.13644496919715027     
          22          17   9.8734047472408948E-018
          22          18   7.9529385599154559E-015
          22          19  0.13644496919701607     
          22          20  0.10393801732101302     
          22          21  -6.3234793874919772E-016
          22          22  0.10393801732103143     
          22          23   6.6433265773175002E-015
          22          24  -3.0041570501012168E-015
          22          25  0.10393801732092586     
          23           1  -1.1848375234530036E-014
          23           2  -7.3320590400417305E-014
          23           3   1.7246325270421857E-014
          23           4  -9.1908463532056831E-016
          23           5   1.5351505771431864E-015
          23           6  -1.2641155206036964E-014
          23           7   8.3775251666848219E-015
          23           8  -8.6147099656812886E-016
          23           9   7.0937592280968869E-015
          23          10  -4.7011642125402245E-015
          23          11   5.1467832807917578E-017
          23          12  -4.2381045373429683E-016
          23          13   2.8086695275802730E-016
          23          14   9.1389810660553167E-015
          23          15  -2.7213326275680480E-028
          23          16   9.1389810660571642E-015
          23          17   1.2714378634615735E-028
          23          18   2.1579020645287186E-028
          23          19   9.1389810660517211E-015
          23          20   6.6433265773170632E-015
          23          21   1.7136166363917637E-028
          23          22   6.6433265773175002E-015
          23          23   5.6834790999829599E-028
          23          24  -4.3163930335666849E-028
          23          25   6.6433265773138738E-015
          24           1   1.6949084585848994E-014
          24           2   3.9955210789798348E-014
          24           3  -1.1589735773358496E-014
          24           4   4.2124152041348153E-016
          24           5  -1.7429150396312412E-014
          24           6   4.1611591053153053E-014
          24           7  -1.4143835680428204E-015
          24           8   9.7806090065781576E-015
          24           9  -2.3350920324759533E-014
          24          10   7.9370091770437936E-016
          24          11  -5.8433394869876925E-016
          24          12   1.3950803543985964E-015
          24          13  -4.7418968595466613E-017
          24          14  -4.4718717606277198E-015
          24          15   1.7958724061242042E-028
          24          16  -4.4718717606288092E-015
          24          17  -1.7623084843297595E-028
          24          18   1.6106617360944398E-028
          24          19  -4.4718717606291405E-015
          24          20  -3.0041570501021043E-015
          24          21  -4.2299722626908900E-028
          24          22  -3.0041570501012168E-015
          24          23  -4.3163930335666849E-028
          24          24   6.7289179450068779E-028
          24          25  -3.0041570501020329E-015
          25           1   3.8093774571060834E-002
          25           2  -1.0160542769688949     
          25           3  0.19674319787247174     
          25           4  -1.4271068282456452E-002
          25           5   1.9418610053108309E-012
          25           6  -4.4670299188987842E-013
          25           7  -1.7266902623068004E-012
          25           8  -1.0793448026455262E-012
          25           9   2.5350838579918951E-013
          25          10   9.5923605519094790E-013
          25          11   6.3923483773288795E-014
          25          12  -1.0004409489273940E-014
          25          13  -6.1052430934933541E-014
          25          14  0.13644496919698940     
          25          15  -5.5404620953575920E-015
          25          16  0.13644496919702565     
          25          17   9.8734047488015544E-018
          25          18   7.9529385598969808E-015
          25          19  0.13644496919689145     
          25          20  0.10393801732090745     
          25          21  -6.3234793874382488E-016
          25          22  0.10393801732092586     
          25          23   6.6433265773138738E-015
          25          24  -3.0041570501020329E-015
          25          25  0.10393801732082028     
