           1           1   16.067384132902628     
           1           2   80.797232062645634     
           1           3   135.39538225678425     
           1           4  -113.80118013001419     
           1           5   32.892730585026079     
           1           6   100.32644645668623     
           1           7  0.24394301267678165     
           1           8  -3.4876584339407440E-009
           1           9  -3.8078502800486257E-010
           1          10   2.4698437726290152E-010
           1          11  -1.9924140135434889E-008
           1          12  -2.2770697213081877E-009
           1          13   1.6529202591486924E-009
           1          14  -3.2356747822135828E-008
           1          15  -3.9707131242364904E-009
           1          16   3.4088209959589937E-009
           1          17  -2.7569042929247483E-009
           1          18   3.7969576320057497E-010
           1          19  -1.5615857573174921E-009
           1          20   1.5143472431624058E-008
           1          21   1.3051679982577084E-009
           1          22  -1.6213671743436676E-010
           1          23  -4.5788030942978942E-009
           1          24  -4.6440270641988905E-010
           1          25   2.2685911556112936E-010
           1          26  -65.828956188694846     
           1          27   5.5068272839908354E-013
           1          28  -65.828956188693297     
           1          29  -9.3794969087363500E-013
           1          30   9.1573732612196020E-013
           1          31  -65.828956188694406     
           1          32   47.996552279899774     
           1          33   4.4384936598519304E-013
           1          34   47.996552279902211     
           1          35   1.3770326182140915E-012
           1          36   1.7659910340881240E-012
           1          37   47.996552279901380     
           1          38  -6.1363213648875110     
           1          39  -6.6078201952360036E-013
           1          40  -6.1363213648900743     
           1          41  -8.0415823710100559E-013
           1          42  -2.1513498715358339E-012
           1          43  -6.1363213648886230     
           1          44  -6.4865967396953383     
           1          45  -8.4239296746541701E-014
           1          46  -6.4865967396950142     
           1          47   1.3953891772963928E-014
           1          48   4.0907901834544158E-013
           1          49  -6.4865967396955604     
           1          50   8.9802922517428130E-009
           1          51   4.8240034746805424E-010
           1          52   4.0129750884699233E-009
           1          53   1.0779981913748720E-009
           1          54  -3.8846504570812849E-010
           1          55   3.0375107326163340E-013
           1          56  -3.9127367473193038E-010
           1          57   4.0128561365490744E-009
           1          58   4.8041946101148044E-010
           1          59  -8.7175626192525852E-010
           1          60   1.5981101609552409E-008
           1          61   7.7264463643193505E-010
           1          62   7.1405173155851937E-009
           1          63   1.7255866847210164E-009
           1          64  -4.8338239462452479E-010
           1          65  -6.8956461467280006E-014
           1          66  -4.8524511109137909E-010
           1          67   7.1391069261381178E-009
           1          68   7.7003503496695752E-010
           1          69  -1.0831311372295114E-009
           2           1   80.797232062645634     
           2           2   409.95159489032926     
           2           3   714.28531734855846     
           2           4  -588.21440461176837     
           2           5   228.03115808050165     
           2           6   653.99809150589454     
           2           7   6.3856373431275717     
           2           8  -3.1154919984904473E-009
           2           9  -4.7600286974454365E-010
           2          10   5.6142218415374039E-010
           2          11   1.0496084188786820E-008
           2          12  -4.1479697440843152E-010
           2          13   3.0356702204646218E-009
           2          14   2.1156361962452701E-008
           2          15  -1.7930649342685297E-009
           2          16   8.7307927092062380E-009
           2          17  -1.2042843949831447E-008
           2          18   2.6079088296006127E-009
           2          19  -9.4169750132878322E-009
           2          20   7.2701924794225299E-010
           2          21  -1.2834064592142617E-009
           2          22   3.7365369890892167E-009
           2          23   1.3468479650297668E-009
           2          24   1.4240062845647132E-010
           2          25  -1.6528568017203123E-010
           2          26  -376.50810183942758     
           2          27   2.8904821324379019E-012
           2          28  -376.50810183941877     
           2          29  -1.2031108553945149E-012
           2          30   5.7206625976178138E-012
           2          31  -376.50810183942548     
           2          32   204.67596518575957     
           2          33   3.7980536724288909E-012
           2          34   204.67596518577528     
           2          35   2.0796309305603814E-012
           2          36   1.0387444209236758E-011
           2          37   204.67596518576926     
           2          38  -24.533832657098827     
           2          39  -4.6537880578854698E-012
           2          40  -24.533832657114917     
           2          41  -1.3688253006615495E-012
           2          42  -1.2759933813275034E-011
           2          43  -24.533832657104902     
           2          44  -52.958070426420363     
           2          45  -5.4603252179077923E-013
           2          46  -52.958070426418459     
           2          47   6.9870907244982872E-015
           2          48   2.4458476240121823E-012
           2          49  -52.958070426422282     
           2          50  -5.4379421913964781E-009
           2          51   1.9019045084351508E-010
           2          52  -2.4425987444671872E-009
           2          53   4.2654933977884514E-010
           2          54  -9.5048316230665665E-010
           2          55   1.8522392880139080E-012
           2          56  -9.6080939424356546E-010
           2          57  -2.4411220801565225E-009
           2          58   1.8422234772039959E-010
           2          59  -2.1358634805308836E-009
           2          60  -6.0023377453672682E-009
           2          61  -1.5236673666384035E-011
           2          62  -2.7060885249612028E-009
           2          63  -4.4804999455724754E-011
           2          64  -4.1832688025181818E-010
           2          65  -3.2110124226193664E-013
           2          66  -4.2328171306860477E-010
           2          67  -2.7122342498665273E-009
           2          68  -2.4625480149588419E-011
           2          69  -9.3996903429683853E-010
           3           1   135.39538225678425     
           3           2   714.28531734855846     
           3           3   1456.0437599662475     
           3           4  -1017.7691529665127     
           3           5   822.27327751721600     
           3           6   2123.9241307892798     
           3           7   44.327429973048254     
           3           8   1.7649394996739752E-008
           3           9   1.3825447447552373E-009
           3          10   7.7364889243222639E-011
           3          11  -2.8474305792162286E-009
           3          12  -4.1116181281619981E-009
           3          13   9.3829697199164187E-009
           3          14   3.1418480377291103E-009
           3          15  -9.8009014145584577E-009
           3          16   2.4979080340384541E-008
           3          17  -1.1843917984155023E-008
           3          18   8.5526607346478016E-009
           3          19  -2.4928414000359926E-008
           3          20   7.8976424993636955E-009
           3          21  -2.6208849007105569E-009
           3          22   9.1220015511204312E-009
           3          23  -2.1390404630512836E-009
           3          24  -2.1258360827561650E-010
           3          25  -1.0689320817752319E-010
           3          26  -965.01507777999291     
           3          27   5.7851410001684103E-012
           3          28  -965.01507777996881     
           3          29   4.9963878762775064E-012
           3          30   1.5484957019855443E-011
           3          31  -965.01507777998927     
           3          32   69.881165317898137     
           3          33   1.8403871423047399E-011
           3          34   69.881165317940642     
           3          35   3.4296924375764846E-012
           3          36   3.1244221107550573E-011
           3          37   69.881165317920249     
           3          38  -4.8611951947810246     
           3          39  -1.8317944748245914E-011
           3          40  -4.8611951948238499     
           3          41  -5.1692659507586429E-012
           3          42  -3.6628823894989273E-011
           3          43  -4.8611951947901026     
           3          44  -231.03325017302913     
           3          45  -1.5560599098653066E-012
           3          46  -231.03325017302473     
           3          47   8.0627054967367692E-013
           3          48   6.5859780560641498E-012
           3          49  -231.03325017303823     
           3          50  -9.7428691177871174E-010
           3          51   1.0607536843051805E-009
           3          52  -3.9315056633943590E-010
           3          53   2.4195836532516631E-009
           3          54  -2.7794027168284120E-009
           3          55   5.6431060898925266E-012
           3          56  -2.7504970731152349E-009
           3          57  -3.6968663637619651E-010
           3          58   1.0967199925879165E-009
           3          59  -6.1709126017943662E-009
           3          60   3.1191693115226647E-009
           3          61   8.0465560395579052E-010
           3          62   1.4831640753125410E-009
           3          63   1.7889877252834003E-009
           3          64  -1.5481255871774543E-009
           3          65  -7.0406126076569554E-013
           3          66  -1.5062954040494005E-009
           3          67   1.4868376691171567E-009
           3          68   8.3282847397103120E-010
           3          69  -3.3937463430874417E-009
           4           1  -113.80118013001419     
           4           2  -588.21440461176837     
           4           3  -1017.7691529665127     
           4           4   1722.3299220580404     
           4           5  -781.82720631679422     
           4           6  -2240.9341975093175     
           4           7  -72.484572358063417     
           4           8   8.6231269842222061E-008
           4           9   9.2229287690031864E-009
           4          10  -5.7844565107750356E-009
           4          11  -4.5432480174705648E-008
           4          12  -4.2337334985534027E-010
           4          13  -8.4248431634837585E-009
           4          14  -6.1378602523376121E-008
           4          15   5.2087357997149460E-009
           4          16  -2.5805235277402434E-008
           4          17   1.9508008442998438E-008
           4          18  -9.6504518286963799E-009
           4          19   2.7852999011616820E-008
           4          20   1.0066241441358359E-008
           4          21   5.3625561634412637E-009
           4          22  -1.1038233855339810E-008
           4          23  -9.9655651406802942E-009
           4          24  -1.1074044342204444E-009
           4          25   6.7329156477820734E-010
           4          26   724.55785806579684     
           4          27  -7.7265388029841884E-013
           4          28   724.55785806576523     
           4          29   1.2201742792919491E-011
           4          30  -9.7616146946676920E-012
           4          31   724.55785806578399     
           4          32  -166.84827201675330     
           4          33  -1.2991869598276154E-011
           4          34  -166.84827201682216     
           4          35  -2.1122488349784452E-011
           4          36  -4.1011509636618298E-011
           4          37  -166.84827201680588     
           4          38  -91.469641969486048     
           4          39   9.0314260004488030E-012
           4          40  -91.469641969412010     
           4          41   2.1426692303382420E-011
           4          42   4.7154068165416854E-011
           4          43  -91.469641969445235     
           4          44   230.62638612435296     
           4          45   3.4552703163818494E-012
           4          46   230.62638612434480     
           4          47  -8.9792836478503718E-012
           4          48  -1.1296468454519154E-011
           4          49   230.62638612436041     
           4          50   1.5785565443688984E-008
           4          51  -5.9141183830669631E-010
           4          52   7.2773070230997513E-009
           4          53  -1.2373764629634708E-009
           4          54   2.7609231727090077E-009
           4          55  -2.5081221537851539E-012
           4          56   2.9369736320905210E-009
           4          57   7.3221406718722547E-009
           4          58  -4.3864075120200487E-010
           4          59   6.3951971790917952E-009
           4          60   2.4823610397120130E-008
           4          61   4.2876059324757035E-010
           4          62   1.1536257559546599E-008
           4          63   1.0621771649043414E-009
           4          64   1.0706509461289417E-009
           4          65  -3.0971813727548758E-012
           4          66   1.2307600893592979E-009
           4          67   1.1608978831658900E-008
           4          68   5.8592601442334488E-010
           4          69   2.6220054934454352E-009
           5           1   32.892730585026079     
           5           2   228.03115808050165     
           5           3   822.27327751721600     
           5           4  -781.82720631679422     
           5           5   1231.1333213083794     
           5           6   3055.0561583237677     
           5           7   104.67564613720772     
           5           8   3.9226489719212313E-009
           5           9  -6.8798970787199973E-011
           5          10   9.8907589189587620E-010
           5          11   2.0878764411117389E-009
           5          12  -4.1088237523211522E-009
           5          13   1.0820490920417606E-008
           5          14   4.1532746443654333E-009
           5          15  -1.1092067228541982E-008
           5          16   2.9182722523834200E-008
           5          17  -5.8285967035492352E-009
           5          18   1.0601535830417898E-008
           5          19  -2.9055992408695700E-008
           5          20   2.7785326318525329E-009
           5          21  -3.6918418247211563E-009
           5          22   1.0595179780238788E-008
           5          23  -4.8780756872895285E-010
           5          24  -2.4420223175073540E-011
           5          25  -1.4776779417861771E-010
           5          26  -934.28855781506218     
           5          27   7.8802949695966924E-012
           5          28  -934.28855781502830     
           5          29   7.1824185925818952E-012
           5          30   2.0579531590180648E-011
           5          31  -934.28855781505501     
           5          32  -535.17418651051321     
           5          33   1.7934160402422360E-011
           5          34  -535.17418651045068     
           5          35   1.2171762444187351E-011
           5          36   3.6435801311074522E-011
           5          37  -535.17418651047819     
           5          38   130.80432791117710     
           5          39  -1.6674707509168236E-011
           5          40   130.80432791111204     
           5          41  -1.7918755792455040E-011
           5          42  -4.5228034514537513E-011
           5          43   130.80432791116078     
           5          44  -393.34389741037671     
           5          45  -3.6328531501062540E-012
           5          46  -393.34389741037046     
           5          47   6.4998482952288108E-012
           5          48   9.6758822785284757E-012
           5          49  -393.34389741039212     
           5          50  -1.8539564079847461E-009
           5          51   1.1747106198812252E-009
           5          52  -8.1917735461051845E-010
           5          53   2.6731842214291520E-009
           5          54  -3.2292730305750940E-009
           5          55   5.8479180832641827E-012
           5          56  -3.2260481608963996E-009
           5          57  -8.0107886469715873E-010
           5          58   1.1883721341774396E-009
           5          59  -7.2106045532572765E-009
           5          60   4.1348726452277314E-010
           5          61   7.6804890040473235E-010
           5          62   2.1301663899249955E-010
           5          63   1.6815073139083359E-009
           5          64  -1.7867432683250187E-009
           5          65   1.4283298558522083E-012
           5          66  -1.7689048793421526E-009
           5          67   2.0462688056701256E-010
           5          68   7.7636547751884674E-010
           5          69  -3.9621581980809618E-009
           6           1   100.32644645668623     
           6           2   653.99809150589454     
           6           3   2123.9241307892798     
           6           4  -2240.9341975093175     
           6           5   3055.0561583237677     
           6           6   7657.0075750353699     
           6           7   262.74110767025888     
           6           8  -1.3603032193699759E-008
           6           9  -2.5504023041133596E-009
           6          10   4.1532590479915640E-009
           6          11   2.8230766257597458E-008
           6          12  -8.0465739698880903E-009
           6          13   3.0479023932869276E-008
           6          14   6.4231205375351788E-008
           6          15  -2.2458912644982497E-008
           6          16   8.4162373014960917E-008
           6          17  -7.1766135796294743E-008
           6          18   2.0281679507910227E-008
           6          19  -8.4511590690888026E-008
           6          20   2.9124446134822697E-008
           6          21  -6.6096928601748160E-009
           6          22   3.1240293636559128E-008
           6          23  -6.5602884982814051E-010
           6          24  -7.5965393315629213E-011
           6          25  -6.3236956607234070E-010
           6          26  -2335.0877261267606     
           6          27  -1.4945772271960951E-012
           6          28  -2335.0877261266533     
           6          29   1.4866380887089059E-011
           6          30   2.6238057014310329E-011
           6          31  -2335.0877261267365     
           6          32  -1215.7019984810697     
           6          33   8.1292184907990076E-011
           6          34  -1215.7019984809453     
           6          35   3.1206623376472855E-011
           6          36   1.3883743876196292E-010
           6          37  -1215.7019984809826     
           6          38   331.81891264676318     
           6          39  -6.4442600207688496E-011
           6          40   331.81891264661795     
           6          41  -4.5677191905377897E-011
           6          42  -1.4543514369440588E-010
           6          43   331.81891264671947     
           6          44  -972.67209962028187     
           6          45  -7.3166313598277547E-012
           6          46  -972.67209962026777     
           6          47   1.7458673384880783E-011
           6          48   2.7841779011489206E-011
           6          49  -972.67209962032007     
           6          50  -1.7920204245008062E-008
           6          51   2.3386787465052430E-009
           6          52  -8.0513312277797675E-009
           6          53   5.3131986805372341E-009
           6          54  -9.1415611618036969E-009
           6          55   1.4095554940352547E-011
           6          56  -9.1826008223085139E-009
           6          57  -8.0220878628968737E-009
           6          58   2.3279829010316867E-009
           6          59  -2.0478637890765269E-008
           6          60  -5.7983006988552117E-009
           6          61   1.7441365691722097E-009
           6          62  -2.6480725716010093E-009
           6          63   3.7886252850349128E-009
           6          64  -5.0859498884154081E-009
           6          65   4.2192868388760207E-012
           6          66  -5.0891168891169279E-009
           6          67  -2.6874038684974873E-009
           6          68   1.7201381799449519E-009
           6          69  -1.1359359187792956E-008
           7           1  0.24394301267678165     
           7           2   6.3856373431275717     
           7           3   44.327429973048254     
           7           4  -72.484572358063417     
           7           5   104.67564613720772     
           7           6   262.74110767025888     
           7           7   10.040328225937019     
           7           8  -2.0074541922282579E-009
           7           9  -2.3133205028080447E-010
           7          10   2.4942368597015054E-010
           7          11   2.3241310721285143E-009
           7          12  -2.9613751422588650E-011
           7          13   1.2663942779484724E-009
           7          14   5.6631175681128725E-009
           7          15   5.9461924151254311E-011
           7          16   3.5470586368672525E-009
           7          17  -6.8033148174238185E-009
           7          18  -5.8722993666551986E-010
           7          19  -3.4376034679019405E-009
           7          20   2.9354398383288859E-009
           7          21   4.2124074819278378E-010
           7          22   1.2325708770947628E-009
           7          23  -7.6800235768899039E-011
           7          24  -5.9270037825209656E-011
           7          25  -1.6668693018141067E-011
           7          26  -68.661986595922954     
           7          27  -6.2009159787436150E-012
           7          28  -68.661986595935247     
           7          29  -7.7166742080035779E-012
           7          30  -9.2332732442589600E-013
           7          31  -68.661986595930472     
           7          32  -51.839847379663709     
           7          33   1.3782066568897934E-011
           7          34  -51.839847379629575     
           7          35   1.6207389366650181E-011
           7          36   7.8761274934086824E-012
           7          37  -51.839847379644659     
           7          38   14.954535543103459     
           7          39  -9.2143901680890643E-012
           7          40   14.954535543078851     
           7          41  -1.1565728786683481E-011
           7          42  -7.0185417697636401E-012
           7          43   14.954535543091350     
           7          44  -34.298657398394049     
           7          45   3.3019770476080296E-013
           7          46  -34.298657398391867     
           7          47   1.6165326671220103E-012
           7          48   1.1871688385765756E-012
           7          49  -34.298657398394496     
           7          50  -1.4685182963763574E-009
           7          51  -1.2134863238665686E-011
           7          52  -6.6201260851164391E-010
           7          53  -2.6243113790432311E-011
           7          54  -3.7212893611643864E-010
           7          55   4.0308244464478792E-013
           7          56  -3.7664406651534299E-010
           7          57  -6.6210412122929438E-010
           7          58  -1.5417598434071556E-011
           7          59  -8.3748150481161382E-010
           7          60  -4.1106084312251701E-010
           7          61   7.8912469032266583E-011
           7          62  -1.9367348434490672E-010
           7          63   1.7116955265226845E-010
           7          64  -2.3819442336225450E-010
           7          65   2.3304105946717893E-013
           7          66  -2.4145308097439115E-010
           7          67  -1.9616557461787755E-010
           7          68   7.5321833499094657E-011
           7          69  -5.3683345896969051E-010
           8           1  -3.4876584339407440E-009
           8           2  -3.1154919984904473E-009
           8           3   1.7649394996739752E-008
           8           4   8.6231269842222061E-008
           8           5   3.9226489719212313E-009
           8           6  -1.3603032193699759E-008
           8           7  -2.0074541922282579E-009
           8           8   3.8607674923802096     
           8           9  -1.3563408980239195E-003
           8          10   7.0743213660457143E-003
           8          11   35.191707525375136     
           8          12  -8.1268413112721145E-004
           8          13   4.2387490907078544E-003
           8          14   90.346483129873690     
           8          15   1.7550343132983540E-002
           8          16  -9.1538025063350389E-002
           8          17  -85.832993487094512     
           8          18  -1.5449271142124821E-002
           8          19   8.0579379737268503E-002
           8          20   29.559161965074018     
           8          21   7.1811181386238756E-003
           8          22  -3.7454844285907153E-002
           8          23  0.15515117316870608     
           8          24  -5.8190984565760755E-004
           8          25   3.0350903985086153E-003
           8          26  -1.4405466609831514E-008
           8          27   6.6534116881433042E-010
           8          28  -1.4347943362230893E-008
           8          29  -1.7568040875109040E-010
           8          30   6.1738157850799675E-010
           8          31  -1.4417974656596080E-008
           8          32  -2.2404360474389807E-008
           8          33  -1.1962508771067419E-009
           8          34  -2.2498041718163029E-008
           8          35   3.0290429073355001E-010
           8          36  -1.1125307773137713E-009
           8          37  -2.2361265155035801E-008
           8          38  -7.3164275004479296E-009
           8          39   7.7512831327598203E-010
           8          40  -7.2619544609354207E-009
           8          41  -1.9398323345415704E-010
           8          42   7.2271699036013841E-010
           8          43  -7.3533201832578504E-009
           8          44  -1.2307118059947431E-009
           8          45  -7.1351876601611020E-011
           8          46  -1.2329633831280592E-009
           8          47   1.3171193096404405E-011
           8          48  -6.7077435095652531E-011
           8          49  -1.2226656714980438E-009
           8          50  -23.102285385976902     
           8          51   9.7116334207502264E-004
           8          52  -10.331656111722367     
           8          53   2.1715871220568724E-003
           8          54  -5.0653351139392832E-003
           8          55   8.8640939716119824E-013
           8          56  -5.0653351658095733E-003
           8          57  -10.331656111731133     
           8          58   9.7116321828504026E-004
           8          59  -1.1326433690180137E-002
           8          60  -13.447095522063897     
           8          61  -3.1408933217558738E-003
           8          62  -6.0137239374462474     
           8          63  -7.0232511454408958E-003
           8          64   1.6382083132963157E-002
           8          65  -3.9618028867925239E-012
           8          66   1.6382083073156268E-002
           8          67  -6.0137239374607461     
           8          68  -3.1408934649511120E-003
           8          69   3.6631451434362687E-002
           9           1  -3.8078502800486257E-010
           9           2  -4.7600286974454365E-010
           9           3   1.3825447447552373E-009
           9           4   9.2229287690031864E-009
           9           5  -6.8798970787199973E-011
           9           6  -2.5504023041133596E-009
           9           7  -2.3133205028080447E-010
           9           8  -1.3563408980239195E-003
           9           9   3.8630305760932577     
           9          10  -1.5114731750017560E-002
           9          11  -8.1268413316800108E-004
           9          12   35.193063506327050     
           9          13  -9.0563536237615733E-003
           9          14   1.7550343086581190E-002
           9          15   90.317200008884072     
           9          16  0.19557673723736774     
           9          17  -1.5449271046898567E-002
           9          18  -85.807216049515887     
           9          19 -0.17216290337234053     
           9          20   7.1811180854443307E-003
           9          21   29.547180116641400     
           9          22   8.0024626119785988E-002
           9          23  -5.8190983707089158E-004
           9          24  0.15612210214306271     
           9          25  -6.4846611639045541E-003
           9          26  -1.0783512777078232E-009
           9          27   6.9123694178498483E-011
           9          28  -1.0736874759834756E-009
           9          29  -1.7170598177147042E-011
           9          30   6.5857753890878439E-011
           9          31  -1.0869125866534190E-009
           9          32  -2.1429941698954274E-009
           9          33  -1.1152394570306664E-010
           9          34  -2.1660248597533853E-009
           9          35   2.8953199350085947E-011
           9          36  -1.1311968254455835E-010
           9          37  -2.1538215290943054E-009
           9          38  -8.0840824939690340E-010
           9          39   7.0457104078470079E-011
           9          40  -7.8813790286408628E-010
           9          41  -1.7665034775338436E-011
           9          42   6.9626009622739395E-011
           9          43  -7.9415415039801178E-010
           9          44   1.2717181087178946E-011
           9          45  -5.3870244063890848E-012
           9          46   8.9319730263270684E-012
           9          47   5.7945308998946614E-012
           9          48  -3.3157648051872867E-012
           9          49   7.2820576232397476E-012
           9          50   2.1715871307576157E-003
           9          51  -10.333276518396957     
           9          52   9.7116329038446857E-004
           9          53  -23.105908725471838     
           9          54   1.0822406567238856E-002
           9          55  -1.5897613350885196E-012
           9          56   1.0822406559385701E-002
           9          57   9.7116328611504955E-004
           9          58  -10.333276518416728     
           9          59   2.4199636748189288E-002
           9          60  -7.0232511565869902E-003
           9          61  -6.0084832899243388     
           9          62  -3.1408934031770435E-003
           9          63  -13.435377077940405     
           9          64  -3.5001349055286832E-002
           9          65   3.6921204068754704E-012
           9          66  -3.5001349055169322E-002
           9          67  -3.1408934002854663E-003
           9          68  -6.0084832899288738     
           9          69  -7.8265395791465797E-002
          10           1   2.4698437726290152E-010
          10           2   5.6142218415374039E-010
          10           3   7.7364889243222639E-011
          10           4  -5.7844565107750356E-009
          10           5   9.8907589189587620E-010
          10           6   4.1532590479915640E-009
          10           7   2.4942368597015054E-010
          10           8   7.0743213660457143E-003
          10           9  -1.5114731750017560E-002
          10          10   3.9389671783801186     
          10          11   4.2387491237239963E-003
          10          12  -9.0563535935704927E-003
          10          13   35.238562740776345     
          10          14  -9.1538024979715193E-002
          10          15  0.19557673733250167     
          10          16   89.334620023076681     
          10          17   8.0579379659854261E-002
          10          18 -0.17216290349893329     
          10          19  -84.942267459216794     
          10          20  -3.7454844256301759E-002
          10          21   8.0024626173198901E-002
          10          22   29.145135389244935     
          10          23   3.0350903969846403E-003
          10          24  -6.4846611647900124E-003
          10          25  0.18870112133022454     
          10          26  -2.4550722053727887E-010
          10          27  -3.9619333466527705E-011
          10          28  -2.4965240636482591E-010
          10          29   9.4883972176456008E-012
          10          30  -3.8436520885456035E-011
          10          31  -2.4435489853897332E-010
          10          32   8.2961121294986814E-010
          10          33   7.4767269923861416E-011
          10          34   8.4022237582096864E-010
          10          35  -2.2348114723877867E-011
          10          36   6.8823736779024936E-011
          10          37   8.3533042639574567E-010
          10          38   4.5830572254590032E-010
          10          39  -4.8382661074483811E-011
          10          40   4.4835884855310538E-010
          10          41   1.6656994098023662E-011
          10          42  -4.4090838009583836E-011
          10          43   4.5004168307393744E-010
          10          44  -4.0733819165183860E-010
          10          45   3.3496206530133939E-012
          10          46  -4.0408180301450658E-010
          10          47  -1.9329548560855683E-012
          10          48   3.3438033498360929E-012
          10          49  -4.0456021289619823E-010
          10          50  -1.1326433716532771E-002
          10          51   1.0822406546971869E-002
          10          52  -5.0653351459318697E-003
          10          53   2.4199636725935881E-002
          10          54  -10.387648424992040     
          10          55  -4.1970002505613659E-013
          10          56  -10.387648424991248     
          10          57  -5.0653351452285963E-003
          10          58   1.0822406552200643E-002
          10          59  -23.227488004649015     
          10          60   3.6631451417725065E-002
          10          61  -3.5001349056960590E-002
          10          62   1.6382083097854629E-002
          10          63  -7.8265395791157946E-002
          10          64  -5.8326360724011437     
          10          65   1.2937685604066843E-013
          10          66  -5.8326360723983512     
          10          67   1.6382083096479660E-002
          10          68  -3.5001349053994296E-002
          10          69  -13.042170745903674     
          11           1  -1.9924140135434889E-008
          11           2   1.0496084188786820E-008
          11           3  -2.8474305792162286E-009
          11           4  -4.5432480174705648E-008
          11           5   2.0878764411117389E-009
          11           6   2.8230766257597458E-008
          11           7   2.3241310721285143E-009
          11           8   35.191707525375136     
          11           9  -8.1268413316800108E-004
          11          10   4.2387491237239963E-003
          11          11   320.83233986776713     
          11          12  -4.8693908474653074E-004
          11          13   2.5397482490083292E-003
          11          14   824.13931148242477     
          11          15   1.0515708700967796E-002
          11          16  -5.4847200199967104E-002
          11          17  -783.66085438221455     
          11          18  -9.2568010452426831E-003
          11          19   4.8281065322796010E-002
          11          20   270.18049393712221     
          11          21   4.3027389559124728E-003
          11          22  -2.2441967116141479E-002
          11          23   1.3172294419132276     
          11          24  -3.4866518405266515E-004
          11          25   1.8185471504781970E-003
          11          26   1.1163009630104906E-009
          11          27   4.8377634876617226E-010
          11          28   1.1503423102431036E-009
          11          29  -1.8056994510488241E-010
          11          30   4.0552700331373198E-010
          11          31   1.1406839530105417E-009
          11          32   9.6561278190917735E-009
          11          33  -6.1556884354085123E-010
          11          34   9.7085991492249995E-009
          11          35   1.4408240931819890E-010
          11          36  -5.1158668669515540E-010
          11          37   9.7976153425693159E-009
          11          38   1.4619710695262727E-009
          11          39   3.7673286434903165E-010
          11          40   1.3687693905385806E-009
          11          41  -6.7275033042348269E-011
          11          42   3.2760837582209714E-010
          11          43   1.2885799591219736E-009
          11          44  -3.6663774205755436E-009
          11          45  -7.4705316258426633E-011
          11          46  -3.6360204510278895E-009
          11          47  -2.6833614935411475E-011
          11          48  -7.3061720903683279E-011
          11          49  -3.6067574657982159E-009
          11          50  -210.69825672914482     
          11          51   5.8189622866419309E-004
          11          52  -94.227124957356693     
          11          53   1.3011583963684235E-003
          11          54  -3.0350167511127252E-003
          11          55   8.2302443576913103E-012
          11          56  -3.0350172099311568E-003
          11          57  -94.227124957433205     
          11          58   5.8189513524675425E-004
          11          59  -6.7865041775245580E-003
          11          60  -122.44802203590442     
          11          61  -1.8819408639045771E-003
          11          62  -54.760420196468928     
          11          63  -4.2081491989828307E-003
          11          64   9.8157177895696751E-003
          11          65  -3.6414809128629193E-011
          11          66   9.8157172566659869E-003
          11          67  -54.760420196599235     
          11          68  -1.8819421394775195E-003
          11          69   2.1948611655101619E-002
          12           1  -2.2770697213081877E-009
          12           2  -4.1479697440843152E-010
          12           3  -4.1116181281619981E-009
          12           4  -4.2337334985534027E-010
          12           5  -4.1088237523211522E-009
          12           6  -8.0465739698880903E-009
          12           7  -2.9613751422588650E-011
          12           8  -8.1268413112721145E-004
          12           9   35.193063506327050     
          12          10  -9.0563535935704927E-003
          12          11  -4.8693908474653074E-004
          12          12   320.83315233668554     
          12          13  -5.4263311233324861E-003
          12          14   1.0515708540994144E-002
          12          15   824.12176580005280     
          12          16  0.11718448778888574     
          12          17  -9.2568008033203641E-003
          12          18  -783.64540921397906     
          12          19 -0.10315552821387459     
          12          20   4.3027388465276999E-003
          12          21   270.17331472594651     
          12          22   4.7948671937523675E-002
          12          23  -3.4866515694330520E-004
          12          24   1.3178111972595157     
          12          25  -3.8854401016635634E-003
