           1           1   2.0008767713445321     
           1           2   2.0484456052198325E-003
           1           3   8.9684448052272433E-003
           1           4   2.3789975552072139E-002
           1           5   2.2932673736287502E-003
           1           6  -3.2830635400783001E-002
           1           7  -9.5227100019926555E-002
           1           8   4.1540468072584092E-014
           1           9   7.4528633982408964E-012
           1          10   3.6189184695718649E-010
           1          11  -3.7485135493954244E-013
           1          12   1.8320201890134467E-012
           1          13  -7.9697176005928974E-012
           1          14  -7.4023692017198287E-013
           1          15   2.5125853238223376E-012
           1          16  -2.1055709920680392E-011
           1          17   1.5981522833228109E-012
           1          18  -2.1529783444357732E-012
           1          19   2.1809825533192341E-011
           1          20  -1.8710703286518265E-012
           1          21   6.0586076954902340E-013
           1          22  -6.6618798743336994E-012
           1          23   3.9158984589873846E-012
           1          24   9.7741581617698255E-012
           1          25  -4.5474728099810705E-013
           1          26   4.0022326136565506E-003
           1          27  -4.1034882585403717E-013
           1          28   4.0351168106019675E-003
           1          29   8.7793733860248726E-011
           1          30  -4.6770027241377394E-010
           1          31   3.7658164926180253E-003
           1          32   4.0165774698598554E-003
           1          33   2.7493064391034863E-013
           1          34   3.9874389017386849E-003
           1          35  -6.6025509583247999E-011
           1          36   3.5936021093099094E-010
           1          37   4.1943595084356407E-003
           1          38   9.0366131199116125E-003
           1          39  -5.7166545626949401E-013
           1          40   9.0945220267053158E-003
           1          41   8.8568563838043693E-011
           1          42  -5.1463967107128417E-010
           1          43   8.7982054312065999E-003
           1          44   3.5074935634425604E-002
           1          45  -4.3355183358648063E-014
           1          46   3.5079203499483951E-002
           1          47   2.5288643178332699E-012
           1          48  -1.9794590152263045E-011
           1          49   3.5067821460530738E-002
           1          50   2.1042903416889366E-013
           1          51  -3.8560178470640621E-013
           1          52   7.8935189363883427E-014
           1          53  -8.9400091961253183E-013
           1          54   3.1575000510001174E-012
           1          55  -6.6206516818707980E-014
           1          56   3.2777555092225579E-012
           1          57   7.0529002665768747E-014
           1          58  -2.6959425364633371E-013
           1          59   7.1652867524491681E-012
           1          60  -9.5943810789828870E-014
           1          61  -1.8077817781107867E-013
           1          62  -4.1485345427269666E-014
           1          63  -3.7056834379522670E-013
           1          64   1.1598436683798025E-012
           1          65   2.9235580089654096E-014
           1          66   1.1013281520732937E-012
           1          67  -3.0478952601306397E-014
           1          68  -2.2990538620800774E-013
           1          69   2.5476482375110370E-012
           2           1   2.0484456052198325E-003
           2           2   2.0011788051466426     
           2           3   1.4245864830452735E-002
           2           4   7.5233236947783000E-002
           2           5   1.1490897775328406E-002
           2           6  -9.8582097750389425E-002
           2           7 -0.30833961667256549     
           2           8   4.2843467975390613E-013
           2           9  -4.9147653890233151E-012
           2          10   1.8668798163196386E-009
           2          11   1.1908241989027374E-013
           2          12  -2.0533019787589317E-012
           2          13   7.1537310017604527E-011
           2          14   1.3774203518734781E-012
           2          15  -1.4304321947607129E-011
           2          16   1.3821944650329320E-010
           2          17   1.8758763293469167E-012
           2          18   1.4879705687829436E-011
           2          19  -1.3611520914060433E-010
           2          20  -5.6458210650686330E-012
           2          21  -5.3184761217124813E-012
           2          22   5.2586175117473959E-011
           2          23   1.4887956035698656E-011
           2          24   3.0958916643364637E-011
           2          25  -1.8488081454647216E-012
           2          26   1.3771205972517844E-002
           2          27  -1.9421471286432004E-012
           2          28   1.3909369860524105E-002
           2          29   3.9057156757266242E-010
           2          30  -2.0665474420119529E-009
           2          31   1.2719368253006734E-002
           2          32   8.6509801314858838E-003
           2          33   3.0628158962691139E-012
           2          34   8.3378898503405005E-003
           2          35  -5.4771259658144137E-010
           2          36   3.1041304203661919E-009
           2          37   1.0125415313488432E-002
           2          38   3.0722330293019604E-002
           2          39  -3.4195277613843123E-012
           2          40   3.1075422423769594E-002
           2          41   5.2703025064754900E-010
           2          42  -3.0767331087218297E-009
           2          43   2.9303782499537235E-002
           2          44  0.11246140465922896     
           2          45   7.0059986416806836E-014
           2          46  0.11245044156837559     
           2          47  -2.5223338015756278E-011
           2          48   1.3520051301729665E-010
           2          49  0.11252833986618895     
           2          50  -3.6871657964677404E-013
           2          51   1.3730240825520597E-012
           2          52  -1.8307809522766297E-013
           2          53   3.0925968605379520E-012
           2          54  -1.8245327032108866E-011
           2          55  -4.3727679012095902E-013
           2          56  -1.7514284428484996E-011
           2          57  -3.0336385898206446E-013
           2          58   2.1934635121272548E-012
           2          59  -4.0002652508779611E-011
           2          60  -9.1389936733914412E-013
           2          61   8.2214703043811656E-013
           2          62  -3.9618302490023933E-013
           2          63   1.8780701234771322E-012
           2          64  -7.3746105745799095E-012
           2          65   1.8226365480116581E-013
           2          66  -7.7230688239915185E-012
           2          67  -2.6407873872284012E-013
           2          68   4.4254216902620132E-013
           2          69  -1.6796268432062264E-011
           3           1   8.9684448052272433E-003
           3           2   1.4245864830452735E-002
           3           3   2.2239189513866222     
           3           4   1.1659342628787386     
           3           5 -0.30283562480993764     
           3           6  -1.2007337347858114     
           3           7  -1.1003091944355532     
           3           8   5.4809173419203378E-013
           3           9   5.6832447724762162E-011
           3          10  -3.1346387257473828E-009
           3          11   4.2417773691494887E-012
           3          12  -1.2285466786672417E-011
           3          13   5.6991933425489209E-011
           3          14  -8.6676546528760787E-012
           3          15   1.7309502702727799E-011
           3          16  -8.0001091387766669E-011
           3          17   2.1560983451031683E-011
           3          18  -1.1895428395656549E-011
           3          19   7.4020146764586835E-011
           3          20  -2.8936348256646069E-011
           3          21   4.5795173180582182E-012
           3          22  -9.4286888937350108E-012
           3          23   6.4056596176957232E-011
           3          24   1.1066717499296122E-010
           3          25  -6.6633485620855186E-012
           3          26   9.4280412938667263E-002
           3          27  -3.3592377254918556E-011
           3          28   9.7508491908313177E-002
           3          29   6.9971451503550843E-009
           3          30  -3.8315968372806160E-008
           3          31   7.5446593765266315E-002
           3          32   1.8733105872435388E-002
           3          33   9.9675457342262367E-012
           3          34   1.7933896782250380E-002
           3          35  -2.4047351924573778E-009
           3          36   1.2624705144122725E-008
           3          37   2.5204302689196031E-002
           3          38  -4.5529560590398255E-003
           3          39  -3.5598054651321192E-012
           3          40  -4.3120209335186510E-003
           3          41   8.0408749326750833E-010
           3          42  -4.1744768018807850E-009
           3          43  -6.7165647986150157E-003
           3          44  0.44840206450273395     
           3          45  -2.1971329279673905E-012
           3          46  0.44861336982169953     
           3          47   2.3772964126255494E-010
           3          48  -1.4849333522076758E-009
           3          49  0.44775868236400673     
           3          50  -4.6063772350031967E-013
           3          51   5.5823783980364986E-013
           3          52  -2.3153032598309543E-013
           3          53   9.0996648733643594E-013
           3          54  -2.2809794251329175E-012
           3          55  -1.9448803049281671E-014
           3          56  -2.6013366140440117E-012
           3          57  -4.4957216210866926E-014
           3          58   5.3949719370297911E-013
           3          59  -6.3770933858837369E-012
           3          60  -1.3507800509282595E-012
           3          61  -1.8977573012073370E-012
           3          62  -5.7870215715446978E-013
           3          63  -4.0096906906117150E-012
           3          64   7.3741769517437600E-012
           3          65   4.5963678102981734E-015
           3          66   6.9535028632015766E-012
           3          67  -5.7455488113028479E-013
           3          68  -1.9482925838860647E-012
           3          69   1.6670595639949124E-011
           4           1   2.3789975552072139E-002
           4           2   7.5233236947783000E-002
           4           3   1.1659342628787386     
           4           4   3.2681235750836626     
           4           5 -0.34848664123611151     
           4           6  -2.4433638711312069     
           4           7  -3.6628367685152843     
           4           8  -5.6627691939277358E-013
           4           9  -5.0150304336741378E-010
           4          10   3.5518186037953497E-009
           4          11   1.7136922368804908E-011
           4          12  -5.2028814700961201E-011
           4          13   2.0721039205134193E-010
           4          14  -3.3280856821490423E-012
           4          15  -3.6062835093051761E-011
           4          16   8.1756808361243425E-011
           4          17   2.5345389265017491E-011
           4          18   9.3994982088149339E-011
           4          19  -5.9613815274230768E-012
           4          20  -3.6518318212860059E-011
           4          21  -1.4786796756144233E-010
           4          22   1.2563021457847043E-010
           4          23   9.3765379215446704E-011
           4          24   5.4807555407967945E-010
           4          25  -6.6054889730293780E-011
           4          26  0.12464895072835658     
           4          27   3.6606155388349239E-011
           4          28  0.12223473741560290     
           4          29   2.4073592215336492E-009
           4          30  -7.0667164779329300E-009
           4          31  0.11816817701266259     
           4          32  -4.8670644001138103E-002
           4          33  -3.7589145191551165E-011
           4          34  -4.5353192673099563E-002
           4          35   1.4970194193066735E-009
           4          36  -1.2733610442234911E-008
           4          37  -5.2687729738878281E-002
           4          38  0.19612878735927808     
           4          39  -3.2149405798870155E-011
           4          40  0.19913989497321838     
           4          41   5.0408968465717951E-009
           4          42  -2.8812000620476195E-008
           4          43  0.18255199409218506     
           4          44   1.5301133653840717     
           4          45  -2.3370428284119975E-011
           4          46   1.5322216649308800     
           4          47   2.3918128341951782E-009
           4          48  -1.4889932071311991E-008
           4          49   1.5236499230991380     
           4          50  -2.2886972886803852E-013
           4          51  -2.6140898397504165E-012
           4          52  -1.7277782992330510E-013
           4          53  -5.1234960852392854E-012
           4          54  -2.9685594844811790E-012
           4          55   1.2511786521207744E-013
           4          56  -3.2759717153648524E-012
           4          57  -2.7913894059350075E-013
           4          58  -2.2628908532621834E-012
           4          59  -7.9809100098659122E-012
           4          60  -3.3665096094170495E-012
           4          61  -4.2490309170231979E-012
           4          62  -1.3985699159043433E-012
           4          63  -9.4128472454394757E-012
           4          64  -1.8265437952603942E-013
           4          65   2.6679488967299232E-014
           4          66  -1.6957487139299347E-012
           4          67  -1.5242459454354079E-012
           4          68  -4.4444473341105525E-012
           4          69  -2.4802714047925382E-012
           5           1   2.2932673736287502E-003
           5           2   1.1490897775328406E-002
           5           3 -0.30283562480993764     
           5           4 -0.34848664123611151     
           5           5  0.10641271708430725     
           5           6  0.22503739456276040     
           5           7 -0.12077285285600770     
           5           8   3.8545933603219787E-014
           5           9   1.3732741771448664E-010
           5          10  -8.9735724417216625E-009
           5          11  -9.7335624984798947E-013
           5          12   3.3117086477278603E-012
           5          13   3.9283304710917392E-012
           5          14  -2.5678321552625550E-012
           5          15  -1.5551558215864785E-012
           5          16   4.2790395202740944E-011
           5          17   9.1078350768819325E-012
           5          18  -5.2553741793634238E-013
           5          19  -6.1011099828757541E-011
           5          20  -1.4036131723013506E-011
           5          21   5.7012884149266383E-012
           5          22   2.6577841136217565E-011
           5          23   3.1582677864094804E-011
           5          24   8.3580931735594708E-012
           5          25  -9.6682914631686699E-013
           5          26   8.5147633473516178E-003
           5          27  -8.9116731634043063E-012
           5          28   9.1722725279882265E-003
           5          29  -1.8815712041162797E-010
           5          30  -2.5683162320923455E-010
           5          31   9.0240527668256510E-003
           5          32   4.2397127692418046E-002
           5          33   2.3714298342350172E-012
           5          34   4.2252640591399042E-002
           5          35   3.4458840171271432E-010
           5          36  -1.3634797828805084E-009
           5          37   4.1467835518142780E-002
           5          38   4.9211611576231010E-002
           5          39   1.2859532871244526E-013
           5          40   4.9174010897352440E-002
           5          41  -2.4031863874031730E-010
           5          42   1.1903838880709968E-009
           5          43   4.9859288877327976E-002
           5          44   3.3144667878870430E-002
           5          45   1.3194931353555431E-013
           5          46   3.3134682736790814E-002
           5          47  -9.5403200685845260E-012
           5          48   6.1657685402606987E-011
           5          49   3.3170194392643473E-002
           5          50   1.1620010083538182E-013
           5          51   5.2035836543779847E-013
           5          52   6.7268856282017386E-014
           5          53   8.1581922572881116E-013
           5          54  -1.9924503006610814E-011
           5          55  -1.7597283770551827E-014
           5          56  -2.1233301871812742E-011
           5          57   7.3293831118922997E-014
           5          58   4.5728536972602356E-013
           5          59  -4.4440122112550624E-011
           5          60  -9.6880945883009717E-013
           5          61   1.9065543376947588E-013
           5          62  -4.4125919536648027E-013
           5          63   5.8000166882308321E-013
           5          64   2.5950442065484430E-012
           5          65   4.8101050434072769E-015
           5          66   3.0444338918859580E-012
           5          67  -4.5003826456163496E-013
           5          68   2.0442352247911517E-013
           5          69   5.5223777886102408E-012
           6           1  -3.2830635400783001E-002
           6           2  -9.8582097750389425E-002
           6           3  -1.2007337347858114     
           6           4  -2.4433638711312069     
           6           5  0.22503739456276040     
           6           6   2.4221755811076200     
           6           7   4.4869353521766353     
           6           8   1.5497419466707763E-013
           6           9   3.5508430486870812E-011
           6          10  -2.6284403500127694E-008
           6          11  -8.5088838813452631E-012
           6          12   3.6274325636100020E-011
           6          13   2.8435282127044746E-011
           6          14   1.5905274053629010E-011
           6          15  -1.4368408780197820E-011
           6          16   1.1146033882091324E-010
           6          17  -6.0218856191529999E-011
           6          18   8.0450775529216707E-011
           6          19  -1.9948804902984838E-010
           6          20   9.0480168322606475E-011
           6          21  -1.7787684222278221E-010
           6          22   2.0288140781735957E-011
           6          23  -2.0948270355647924E-010
           6          24  -3.5199859839222651E-010
           6          25   1.4256803481555036E-011
           6          26 -0.17796904831543922     
           6          27  -2.0223707551010623E-011
           6          28 -0.17673456899722675     
           6          29  -1.8723073657741230E-009
           6          30   6.6214316654316893E-009
           6          31 -0.17292355982802818     
           6          32  -5.0229958497465560E-002
           6          33   1.8116483309502842E-011
           6          34  -5.1752953188819492E-002
           6          35  -1.9572295121918847E-010
           6          36   3.5433252333782177E-009
           6          37  -4.9711380362501140E-002
           6          38 -0.30748144889237938     
           6          39   1.5994877755832348E-011
           6          40 -0.30900421176463228     
           6          41  -2.6719951765675482E-009
           6          42   1.5144072521838519E-008
           6          43 -0.30028520954478138     
           6          44  -1.7027431257983228     
           6          45   6.6111056743732996E-012
           6          46  -1.7033597150751407     
           6          47  -6.4496856429644175E-010
           6          48   4.1151166867451511E-009
           6          49  -1.7009912755420860     
           6          50   5.1179976771063824E-013
           6          51   6.0991814738623461E-013
           6          52   2.4937494267681076E-013
           6          53   1.5021194943870749E-012
           6          54  -5.8020568313720625E-011
           6          55  -6.4458856460924688E-014
           6          56  -6.1537498143409561E-011
           6          57   2.5982214219276426E-013
           6          58   5.7285996686582820E-013
           6          59  -1.2965451168351088E-010
           6          60   6.4221143602348290E-012
           6          61  -4.0236271291918640E-012
           6          62   2.8247531788186125E-012
           6          63  -9.7384808481659407E-012
           6          64   6.2625437473268716E-012
           6          65  -9.8262679258022272E-015
           6          66   8.2273471989443096E-012
           6          67   2.9362745211571396E-012
           6          68  -3.7299594588726095E-012
           6          69   1.4369571867934737E-011
           7           1  -9.5227100019926555E-002
           7           2 -0.30833961667256549     
           7           3  -1.1003091944355532     
           7           4  -3.6628367685152843     
           7           5 -0.12077285285600770     
           7           6   4.4869353521766353     
           7           7   11.708876356274450     
           7           8  -2.0816563958417989E-013
           7           9  -8.6064413821935401E-011
           7          10  -1.3271380768089255E-009
           7          11  -4.0956630503256083E-012
           7          12  -8.6950204630823793E-012
           7          13   1.2836661058952990E-011
           7          14   1.6078676233735294E-011
           7          15   9.9081234959236892E-011
           7          16  -3.3070366401128914E-011
           7          17  -6.4488807907852544E-011
           7          18  -3.2196718811392839E-010
           7          19  -3.8369943683393556E-011
           7          20   9.3185280632252004E-011
           7          21   4.8665663074745346E-010
           7          22  -1.5160755317635680E-010
           7          23  -2.2217289987336812E-010
           7          24  -1.5142003864722692E-009
           7          25   8.5630238022944531E-011
           7          26 -0.49023717822324087     
           7          27   1.5494489322794096E-011
           7          28 -0.49199830287276303     
           7          29  -2.0762171480042477E-009
           7          30   1.2758325404394834E-008
           7          31 -0.48465336001514542     
           7          32 -0.39721008325530160     
           7          33   2.2426200269063698E-011
           7          34 -0.39946081802981825     
           7          35  -3.1478515360918895E-009
           7          36   1.8609915204169952E-008
           7          37 -0.38874423177397271     
           7          38  -1.0592862263201088     
           7          39   3.7042319811040306E-011
           7          40  -1.0626236648046830     
           7          41  -4.3091821065558671E-009
           7          42   2.5948611242637529E-008
           7          43  -1.0476835851829294     
           7          44  -4.3461278158018830     
           7          45   1.2721200325224867E-011
           7          46  -4.3473403194371167     
           7          47  -1.2642653207608650E-009
           7          48   8.0856751224216497E-009
           7          49  -4.3426870552262420     
           7          50   1.1563055009638312E-013
           7          51   3.4986572397424203E-013
           7          52   4.5161116508992615E-014
           7          53   1.2995707503427019E-012
           7          54  -2.1419477323231662E-012
           7          55  -3.8990531725935458E-014
           7          56  -1.6259629971301879E-012
           7          57   3.5725782220106321E-014
           7          58   3.3774583977641323E-013
           7          59  -4.9007886399200645E-012
           7          60   6.9486467538621200E-012
           7          61   1.5728395728965265E-011
           7          62   3.0247104617136354E-012
           7          63   3.3886705738079538E-011
           7          64  -3.0427189058791183E-012
           7          65  -5.0572606324841035E-014
           7          66  -1.5049419443550725E-012
           7          67   3.1936420568440969E-012
           7          68   1.6096702735129673E-011
           7          69  -4.2617305543317952E-012
           8           1   4.1540468072584092E-014
           8           2   4.2843467975390613E-013
           8           3   5.4809173419203378E-013
           8           4  -5.6627691939277358E-013
           8           5   3.8545933603219787E-014
           8           6   1.5497419466707763E-013
           8           7  -2.0816563958417989E-013
           8           8   2.0015228734506638     
           8           9  -1.2516898159493543E-010
           8          10   4.0905451193639774E-010
           8          11   5.3677693461705017E-003
           8          12  -2.3677768394232900E-011
           8          13   5.7915606820919116E-010
           8          14  -3.4973866499196159E-003
           8          15   1.5372159996777654E-012
           8          16   1.5511915959609697E-009
           8          17   1.0789045740193775E-003
           8          18  -6.2963658846884081E-011
           8          19  -1.5716070736508873E-009
           8          20  -1.9600966188523848E-004
           8          21   1.4590981512755005E-010
           8          22   5.7481787863464540E-010
           8          23   1.2470963553648561E-003
           8          24  -6.4460702995806067E-011
           8          25  -1.2131240144905562E-011
           8          26  -3.8506754736536502E-014
           8          27  -4.4201597466884328E-013
           8          28  -7.6990393019381827E-014
           8          29   7.4976883314606687E-013
           8          30   3.2600940281224658E-016
           8          31  -3.9947015210911174E-013
           8          32  -3.6245412674462973E-013
           8          33   2.3322589130165983E-012
           8          34   1.8453520169785361E-013
           8          35  -4.4521765367933056E-012
           8          36   4.6903103374076791E-013
           8          37   1.0177908558736982E-012
           8          38   4.8600516380039689E-013
           8          39  -1.8385079168983051E-012
           8          40   7.6542874877454309E-014
           8          41   3.4417118267908142E-012
           8          42  -3.4340402817985366E-013
           8          43  -5.5123407098607467E-013
           8          44   1.8689390910234208E-014
           8          45   2.3566145196809977E-013
           8          46   5.6505395507891313E-014
           8          47  -4.0093562289026212E-013
           8          48   4.8286662347098133E-014
           8          49   1.5470502443112611E-013
           8          50  -5.4802797222281586E-003
           8          51  -2.7689231380863079E-011
           8          52  -1.3776116914268597E-003
           8          53   3.1045184941514690E-011
           8          54  -4.9178203572050874E-010
           8          55  -1.3902188000981278E-009
           8          56  -2.6790662183846086E-011
           8          57  -2.1780264007003952E-003
           8          58   1.3353139737530343E-012
           8          59  -4.4234890633484163E-010
           8          60   1.7364022614563236E-003
           8          61   1.4078484627945627E-011
           8          62   4.4771582594523387E-004
           8          63   4.2299830314994192E-012
           8          64  -3.4605902136954611E-011
           8          65   5.5718987042539992E-010
           8          66  -1.2316808373443253E-010
           8          67   7.6853557747245103E-004
           8          68   5.3001784645380289E-012
           8          69  -1.6554997001164632E-010
           9           1   7.4528633982408964E-012
           9           2  -4.9147653890233151E-012
           9           3   5.6832447724762162E-011
           9           4  -5.0150304336741378E-010
           9           5   1.3732741771448664E-010
           9           6   3.5508430486870812E-011
           9           7  -8.6064413821935401E-011
           9           8  -1.2516898159493543E-010
           9           9   2.0017105145374252     
           9          10  -1.0455582414710093E-009
           9          11  -7.5517681732759403E-012
           9          12   7.2673158655579394E-003
           9          13  -5.4427300268757568E-009
           9          14   1.6639659204359023E-010
           9          15  -4.1534164983223106E-003
           9          16  -6.0063862624332145E-009
           9          17  -3.0026204064643746E-010
           9          18   8.1678143343335910E-003
           9          19  -3.5478425685544863E-009
           9          20   2.5195742660164028E-010
           9          21  -1.5512686459025014E-002
           9          22   2.0401833445816399E-008
           9          23  -7.6794156907657850E-011
           9          24   7.9287867762717467E-003
           9          25  -9.9832919435222894E-009
           9          26  -1.2034111545998675E-011
           9          27  -1.5594358038530793E-011
           9          28  -1.3909378562294458E-011
           9          29  -4.9817287759544662E-014
           9          30   7.0717881037378299E-012
           9          31  -3.2409402469668181E-011
           9          32   7.1095740882856733E-011
           9          33  -7.8483832849427259E-012
           9          34   6.6908668982209121E-011
           9          35  -1.8385366851479241E-011
           9          36  -2.3165986829728457E-011
           9          37   8.0221268464000325E-011
           9          38   1.2969856719250127E-010
           9          39   2.2846294580255865E-011
           9          40   1.2550501245214080E-010
           9          41   1.9896972630592042E-011
           9          42   4.0395207457373301E-012
           9          43   1.3709866359120982E-010
           9          44   7.9257070215801374E-011
           9          45  -2.7598875848039235E-011
           9          46   1.0383480492320263E-010
           9          47  -1.9183383179839699E-011
           9          48   2.1967709720204318E-011
           9          49   1.0333316275508503E-010
           9          50  -2.4699180845292043E-011
           9          51  -1.5697867106227881E-003
           9          52   2.2785176550891105E-011
           9          53  -6.0407894614362637E-003
           9          54   1.2066603424662083E-010
           9          55   2.2547489145315041E-010
           9          56   3.6042552509789110E-009
           9          57  -7.3357029633129194E-012
           9          58  -2.1981907892564593E-003
           9          59   2.0742962748469565E-009
           9          60   2.4894143166839623E-011
           9          61  -3.3469289469948717E-005
           9          62  -2.1704023171737458E-011
           9          63   5.9152741662383743E-004
           9          64   1.3950879736580673E-009
           9          65  -1.0404290803858046E-010
           9          66   7.0584214679950201E-010
           9          67   1.7983748320860704E-011
           9          68   2.2612087618200131E-004
           9          69   2.5837108866396263E-009
          10           1   3.6189184695718649E-010
          10           2   1.8668798163196386E-009
          10           3  -3.1346387257473828E-009
          10           4   3.5518186037953497E-009
          10           5  -8.9735724417216625E-009
          10           6  -2.6284403500127694E-008
          10           7  -1.3271380768089255E-009
          10           8   4.0905451193639774E-010
          10           9  -1.0455582414710093E-009
          10          10   2.0010174539532146     
          10          11   2.7359399691016112E-009
          10          12  -5.6774873742976364E-009
          10          13   3.5558261540632008E-003
          10          14   5.7461202349838289E-009
          10          15  -6.3815758593453990E-009
          10          16  -8.3422994072490687E-003
          10          17  -4.6598180235711956E-009
          10          18  -2.0404618956467523E-009
          10          19   5.9893702900822611E-003
          10          20   1.6948410779120449E-009
          10          21   1.9156986489827821E-008
          10          22  -1.9923805038334296E-003
          10          23  -2.9033311230287167E-010
          10          24  -9.3017964951597981E-009
          10          25   1.2849462642614232E-003
          10          26   5.9806387526086304E-009
          10          27  -2.0633177844913119E-010
          10          28   6.7397753769935676E-009
          10          29   9.2474112871492601E-011
          10          30   3.4626904200118348E-010
          10          31   6.1699233251008837E-009
          10          32   5.7623727816862100E-009
          10          33  -4.4551402264138207E-011
          10          34   5.7742302803449164E-009
          10          35   1.1598910911054726E-010
          10          36   2.1129476323604200E-010
          10          37   5.9011053433450862E-009
          10          38  -6.7252873364628512E-010
          10          39   2.9365506425453794E-010
          10          40  -6.7595539350567679E-010
          10          41  -3.3587995784359165E-010
          10          42  -3.3968981093952428E-010
          10          43  -2.9585979111861138E-010
          10          44   4.4829053256514001E-009
          10          45  -1.0891415418843922E-010
          10          46   3.9223148216111934E-009
          10          47   1.3596832075488289E-010
          10          48   2.4973433870697073E-010
          10          49   4.0291288604436083E-009
          10          50  -2.1027115476041923E-009
          10          51  -1.6996629096227699E-010
          10          52  -9.6745857167573942E-010
          10          53   5.4504776018650268E-009
          10          54  -1.4628160957660930E-003
          10          55  -1.8450622378374315E-011
          10          56  -1.2887383667826735E-003
          10          57  -6.2695021768905149E-010
          10          58   2.2888312859739432E-010
          10          59  -3.4832380106384663E-003
          10          60  -8.9436487073360207E-010
          10          61   1.7103775596480602E-009
          10          62  -9.5907549477120526E-011
          10          63   1.2414929380499720E-009
          10          64   9.0104081574048675E-004
          10          65   3.1210967334028978E-010
          10          66   8.3113762411030686E-004
          10          67  -7.3828599722170289E-010
          10          68   1.6540156769825217E-009
          10          69   2.2346491200579232E-003
          11           1  -3.7485135493954244E-013
          11           2   1.1908241989027374E-013
          11           3   4.2417773691494887E-012
          11           4   1.7136922368804908E-011
          11           5  -9.7335624984798947E-013
          11           6  -8.5088838813452631E-012
          11           7  -4.0956630503256083E-012
          11           8   5.3677693461705017E-003
          11           9  -7.5517681732759403E-012
          11          10   2.7359399691016112E-009
          11          11   1.9036467090320084     
          11          12  -3.7259150921015724E-010
          11          13  -2.4295541125621883E-009
          11          14 -0.44819405580956434     
          11          15   6.5914471540924003E-010
          11          16  -7.9960888380593222E-009
          11          17  0.41702181504913954     
          11          18  -2.5499539591073854E-009
          11          19   7.8764933352496423E-009
          11          20 -0.14959976933764793     
          11          21   4.6593782770639058E-009
          11          22  -2.6778851109340189E-009
          11          23   2.5437325563465382E-002
          11          24  -1.9581862392042382E-009
          11          25  -2.6298436581520884E-010
          11          26   1.0657503118345802E-012
          11          27  -9.1747205125436352E-012
          11          28  -3.9781428732101042E-012
          11          29   5.9104182732577005E-011
          11          30  -1.8316322124297292E-012
          11          31  -3.6802009802854524E-012
          11          32  -5.5685807832400256E-012
          11          33   4.8313391644132015E-012
          11          34  -3.2998106561228626E-012
          11          35  -2.6902579313991332E-011
          11          36   2.2359783179108018E-012
          11          37  -2.8066842300991084E-012
          11          38   2.6988277658039363E-013
          11          39  -1.6242144177628764E-012
          11          40  -4.6126791981376691E-013
          11          41   8.8071686733035281E-012
          11          42  -1.4844238625703128E-012
          11          43  -9.8549884307270238E-013
          11          44   1.8859236707457122E-012
          11          45  -4.5544880206104988E-014
          11          46   1.2855458488454670E-012
          11          47   9.4149460202961445E-014
          11          48   5.5227973382247566E-013
          11          49   1.8360987045546365E-012
          11          50   4.3002862125886589E-003
          11          51  -3.2956770067021737E-010
          11          52   1.3984190880573243E-002
          11          53   2.3790971847059992E-010
          11          54   7.8953950594856431E-010
          11          55  -2.6636553829092785E-008
          11          56   1.5046309393339335E-009
          11          57  -1.3531453587271904E-003
          11          58  -1.4589878700519388E-011
          11          59  -3.4839931427985812E-010
          11          60   7.4121772582757844E-002
          11          61   1.8972178998770707E-010
          11          62   3.0849245804407326E-002
          11          63   2.4631576110729490E-010
          11          64   7.9903734713726847E-011
          11          65   5.1376937209608967E-009
          11          66  -1.7966304228745427E-011
          11          67   3.3807143587103287E-002
          11          68   1.2750918939363126E-010
          11          69   6.7826614586482877E-010
          12           1   1.8320201890134467E-012
          12           2  -2.0533019787589317E-012
          12           3  -1.2285466786672417E-011
          12           4  -5.2028814700961201E-011
          12           5   3.3117086477278603E-012
          12           6   3.6274325636100020E-011
          12           7  -8.6950204630823793E-012
          12           8  -2.3677768394232900E-011
          12           9   7.2673158655579394E-003
          12          10  -5.6774873742976364E-009
          12          11  -3.7259150921015724E-010
          12          12   1.9435359053122210     
          12          13  -4.8669200403120041E-008
          12          14   6.5845165155649609E-010
          12          15 -0.51757939134111852     
          12          16   1.4165299028984122E-007
          12          17  -2.5492166369198693E-009
          12          18  0.68169106901058618     
          12          19  -4.3480088734962618E-007
          12          20   4.6593397350616977E-009
          12          21 -0.63168402340693486     
          12          22   7.3757456108983513E-007
          12          23  -1.9575252898977182E-009
          12          24  0.22795543973601454     
          12          25  -3.0337549594401104E-007
