           1           1   2.3903202601429916     
           1           2  -1.2338508051691233     
           1           3  0.32437229625985881     
           1           4  -1.9354245123605833E-002
           1           5  0.32475281819675400     
           1           6   8.8879331220218915E-003
           1           7   5.2557711734956924E-004
           1           8   2.0444390121871209E-012
           1           9   1.0337767819952903E-010
           1          10   3.4878018204370904E-012
           1          11  -9.2385506200562109E-013
           1          12  -7.6991921857648349E-014
           1          13   5.5741881810546597E-014
           1          14  -4.3726905222967826E-012
           1          15   1.2482490538767818E-012
           1          16   5.8860970014354975E-013
           1          17   1.3859721518625154E-013
           1          18   2.8310889845885676E-013
           1          19  -1.2834379119745742E-014
           1          20   1.0812556055175313E-013
           1          21   2.9190308575936941E-013
           1          22  -3.4737512415728213E-014
           1          23   1.5500991497325192E-014
           1          24   6.7857810376146450E-015
           1          25  -1.7775291777427771E-015
           1          26  -1.6404724134725390E-003
           1          27   1.6650455696367547E-013
           1          28  -1.2899057808402410E-003
           1          29  -2.3395032362333612E-012
           1          30   1.6618694904614326E-012
           1          31  -1.0317677938061016E-003
           1          32  -3.9656666929441583E-003
           1          33  -2.0189932201678899E-012
           1          34  -4.2714124570588808E-003
           1          35   1.0790688779009401E-011
           1          36  -1.1108462306338454E-011
           1          37  -4.6476430760073583E-003
           1          38  -2.3159833320481934E-003
           1          39  -6.1664630596470972E-013
           1          40  -2.7703848285935201E-003
           1          41  -2.8782438572742157E-012
           1          42   3.2712263413841989E-012
           1          43  -3.2331347414371117E-003
           1          44  -3.8385871045646495E-003
           1          45  -4.3123901287860028E-014
           1          46  -3.8263887960645403E-003
           1          47   1.3441459437312894E-012
           1          48  -1.4236147479935393E-012
           1          49  -3.8206077986395778E-003
           1          50   2.4534187300811140E-012
           1          51  -2.1324858385683417E-013
           1          52   1.1005913785114732E-012
           1          53  -6.0660354374007826E-013
           1          54  -1.6270822657342425E-013
           1          55  -1.9651903951416466E-014
           1          56  -9.4864481615767032E-014
           1          57   1.0876343257337859E-012
           1          58  -1.5359842835557389E-013
           1          59  -2.1977094165081836E-013
           1          60   1.3898952126819828E-012
           1          61  -1.8172078628924710E-013
           1          62   6.1981955500399339E-013
           1          63  -3.5799535542674288E-013
           1          64  -6.4415441435760401E-014
           1          65   9.2240485366119157E-015
           1          66  -1.0006911075385035E-013
           1          67   6.2720975448606680E-013
           1          68  -1.8688551632358229E-013
           1          69  -2.1077366898007182E-013
           2           1  -1.2338508051691233     
           2           2   3.9632166382660174     
           2           3  -1.2229008671937249     
           2           4   8.2904963810050900E-002
           2           5  -1.2166107246800644     
           2           6  -2.6878505918925120E-002
           2           7  -1.6147699936117797E-003
           2           8   9.7627392394528398E-012
           2           9  -3.1112451531563564E-010
           2          10   9.3241386437989787E-012
           2          11  -2.0056554340633848E-012
           2          12   2.7623394777815764E-012
           2          13   3.3361920622603614E-013
           2          14   1.1592363307902012E-011
           2          15  -2.7004487558532633E-012
           2          16  -1.8495700416339254E-012
           2          17  -2.7177592002230157E-013
           2          18  -1.3763816424239402E-012
           2          19   2.2326295244707192E-014
           2          20  -6.2395115242498340E-013
           2          21  -1.2602358975965871E-012
           2          22   1.7421189516891442E-013
           2          23  -1.8813733161171081E-014
           2          24  -3.7859551359317157E-014
           2          25  -1.8214037496659991E-015
           2          26   5.8225109652756532E-003
           2          27  -9.1802802676847979E-013
           2          28   4.2413920237733783E-003
           2          29   2.4275661443325257E-012
           2          30   2.3926521343312406E-012
           2          31   3.0858044812381680E-003
           2          32   1.2573701481742590E-002
           2          33   9.6824303681808238E-012
           2          34   1.4111840987915809E-002
           2          35  -4.9961312877783370E-011
           2          36   5.1480516458978088E-011
           2          37   1.5974061628583492E-002
           2          38   8.3684119815168739E-003
           2          39   2.7021656878291075E-012
           2          40   1.0412013978541213E-002
           2          41   1.1788006296080943E-011
           2          42  -1.3353931443332434E-011
           2          43   1.2477386137034238E-002
           2          44   1.4308449670576484E-002
           2          45   2.4388921446391977E-013
           2          46   1.4260425694311723E-002
           2          47  -5.8460391914190254E-012
           2          48   6.1286253339073470E-012
           2          49   1.4241679604639401E-002
           2          50  -5.2929562710727104E-012
           2          51   5.6897140632919866E-014
           2          52  -2.3789197205981470E-012
           2          53   6.4797633397727520E-013
           2          54   4.7182976385696696E-013
           2          55   8.6916363406087875E-014
           2          56   1.7441080642749726E-013
           2          57  -2.3256895365696214E-012
           2          58  -7.1261495559612076E-014
           2          59   4.3379256639376742E-013
           2          60  -3.9047503943452735E-012
           2          61   4.4049720807205709E-013
           2          62  -1.7461204231591512E-012
           2          63   7.7671263381834060E-013
           2          64   1.9069013923702925E-013
           2          65  -3.7471059797039003E-014
           2          66   3.4543365456108572E-013
           2          67  -1.7651859020184947E-012
           2          68   4.1874926449262512E-013
           2          69   7.0996421065511101E-013
           3           1  0.32437229625985881     
           3           2  -1.2229008671937249     
           3           3  0.89361959589340689     
           3           4  -2.8214848998747533E-002
           3           5  0.87536677066193591     
           3           6   4.1840926589081839E-002
           3           7   2.2885126017133622E-003
           3           8   7.4421638640330608E-011
           3           9   1.8884955451479933E-010
           3          10   9.3019197092305706E-011
           3          11   6.0053855351808881E-012
           3          12  -4.4605126830053727E-012
           3          13  -8.5690381462490168E-013
           3          14  -6.4059535066598030E-012
           3          15   9.1809999008164108E-013
           3          16   1.3269461481265110E-012
           3          17  -4.3422498702311709E-013
           3          18   3.9726438673972118E-013
           3          19   3.1352378638267107E-014
           3          20   2.9823531952167487E-013
           3          21   1.2197705973293418E-013
           3          22  -4.0730875867143417E-014
           3          23  -5.5023842908595291E-014
           3          24   3.4581445593756868E-014
           3          25   3.5116938187796576E-015
           3          26  -4.3678669938396215E-003
           3          27   3.2533237188758708E-012
           3          28  -2.2641243772231119E-003
           3          29   2.0750382180984194E-011
           3          30  -2.9858662765705852E-011
           3          31  -4.1632415373095134E-004
           3          32  -4.5514323615808783E-003
           3          33  -6.3432534587483284E-012
           3          34  -6.6393040944098883E-003
           3          35   8.7421720842337894E-012
           3          36  -8.6549876018984561E-012
           3          37  -8.9530414069746069E-003
           3          38  -5.0247252246926168E-003
           3          39  -1.7740113074692230E-012
           3          40  -6.1610537707585677E-003
           3          41  -2.5970288640179520E-012
           3          42   2.5485989686637877E-012
           3          43  -7.0958065394712945E-003
           3          44  -1.0506440362561344E-002
           3          45  -1.2471279381987629E-015
           3          46  -1.0395603332448992E-002
           3          47   1.2350360629547154E-012
           3          48  -1.2143700877264226E-012
           3          49  -1.0283953551258596E-002
           3          50   8.4001063533765157E-013
           3          51   4.0140754102771614E-013
           3          52   3.5118654241194531E-013
           3          53   6.3544205768026095E-013
           3          54  -2.6560907657919511E-013
           3          55  -3.6738878616332869E-014
           3          56  -1.5802204357353690E-013
           3          57   3.8529145772565795E-013
           3          58   5.0245428666435209E-013
           3          59  -2.7923390379766651E-013
           3          60   2.6563069738992588E-012
           3          61  -2.4186123854829603E-013
           3          62   1.1833077084397186E-012
           3          63  -4.4926858288418830E-013
           3          64  -1.8998511510413636E-013
           3          65   1.5777587116569773E-014
           3          66  -2.3733372513640992E-013
           3          67   1.1635366109411222E-012
           3          68  -2.4192153515568474E-013
           3          69  -5.1748210223959447E-013
           4           1  -1.9354245123605833E-002
           4           2   8.2904963810050900E-002
           4           3  -2.8214848998747533E-002
           4           4  0.38266019047459149     
           4           5  -3.5370537434581732E-002
           4           6  0.25321024748127152     
           4           7   1.3260458344035407E-002
           4           8  -5.0621416872320342E-011
           4           9  -2.3289244756001278E-010
           4          10  -4.0650644313484716E-012
           4          11   3.7580249716577274E-011
           4          12  -1.4896197549297445E-011
           4          13  -4.1919835082497244E-012
           4          14   3.5709146224978590E-012
           4          15  -4.7684974736337298E-012
           4          16  -6.7210438052124009E-013
           4          17  -2.1480874667621872E-012
           4          18  -8.1387805550081982E-012
           4          19   4.8144891496536114E-013
           4          20  -3.7739797801470945E-012
           4          21  -8.3102800120985714E-012
           4          22   9.8738122420496460E-013
           4          23  -1.7481108392091501E-013
           4          24  -1.4452858923144685E-013
           4          25   2.4272576348436959E-014
           4          26   1.2511640230633276E-003
           4          27   4.1223258079033632E-011
           4          28  -1.2880861291155790E-003
           4          29   9.4754417032336758E-011
           4          30  -1.3467749468590125E-010
           4          31  -4.0781461162519815E-003
           4          32  -1.0867140422996843E-002
           4          33   2.9780912122977862E-011
           4          34  -7.6930615647919070E-003
           4          35   4.6190196968266994E-011
           4          36  -6.7738426215182958E-011
           4          37  -4.0213848792421932E-003
           4          38   2.4525923449385013E-003
           4          39   1.4413381923513804E-011
           4          40   8.9215573275827319E-003
           4          41   1.0557980040178554E-011
           4          42  -1.5503756735642646E-011
           4          43   1.6438337618007715E-002
           4          44  -2.8318968918448709E-003
           4          45   3.0273633568005673E-013
           4          46  -1.8503545517396885E-003
           4          47  -2.5861884391875545E-013
           4          48   5.6832325111801937E-014
           4          49  -6.0238047640381268E-004
           4          50  -3.5086688801826442E-014
           4          51  -1.0845364000552794E-013
           4          52   8.9439337306295058E-014
           4          53  -2.0671186772880661E-013
           4          54   4.6789320174690103E-014
           4          55   4.2398187021056155E-015
           4          56   4.0396854893711042E-014
           4          57   2.3811044070956214E-013
           4          58  -4.1720538546084687E-013
           4          59  -1.0533684923658826E-013
           4          60  -1.3136990471907975E-013
           4          61   2.7668445717988378E-013
           4          62  -8.5914997492193315E-014
           4          63   3.9989486616865245E-013
           4          64  -5.4403235422962023E-014
           4          65  -1.2626009785522403E-014
           4          66   3.8581743116908170E-014
           4          67  -1.0151226253473771E-013
           4          68   8.8173972190301305E-014
           4          69   4.4309640991489602E-014
           5           1  0.32475281819675400     
           5           2  -1.2166107246800644     
           5           3  0.87536677066193591     
           5           4  -3.5370537434581732E-002
           5           5  0.85778228083303121     
           5           6   3.5823058644881556E-002
           5           7   1.9718788537890731E-003
           5           8   6.4000040418185484E-011
           5           9   3.1695175863427777E-010
           5          10   7.8649928356494984E-011
           5          11   4.4134967321767699E-012
           5          12  -3.6382074026558498E-012
           5          13  -7.1541303780607320E-013
           5          14  -6.3976788613358523E-012
           5          15   9.9565570278591478E-013
           5          16   1.3054169489829279E-012
           5          17  -3.7572561949027737E-013
           5          18   5.6516470811285040E-013
           5          19   2.2881075111080761E-014
           5          20   3.6561725861806849E-013
           5          21   2.8404819923801752E-013
           5          22  -6.0647667015436755E-014
           5          23  -4.9428045591613937E-014
           5          24   3.7982256672231156E-014
           5          25   3.1747130923189467E-015
           5          26  -4.5258897088544265E-003
           5          27   4.5484812037728478E-012
           5          28  -2.1529094503315378E-003
           5          29   1.3018239402922050E-011
           5          30  -2.0099713138648295E-011
           5          31  -1.6875636635722857E-004
           5          32  -4.4089531832877176E-003
           5          33  -5.6630148247388727E-012
           5          34  -6.3624331949842993E-003
           5          35   5.3020888063825484E-012
           5          36  -4.3733284046784978E-012
           5          37  -8.6277382197705327E-003
           5          38  -5.0069520957684438E-003
           5          39  -1.7153920846429703E-012
           5          40  -6.2089121042599414E-003
           5          41  -3.4282520363938511E-012
           5          42   3.5194870424526529E-012
           5          43  -7.2675553318969216E-003
           5          44  -1.0229564140202286E-002
           5          45  -1.1391956217285028E-014
           5          46  -1.0141343717329103E-002
           5          47   1.2536600563091668E-012
           5          48  -1.2348255732943208E-012
           5          49  -1.0057368316390654E-002
           5          50   8.5353813641050585E-013
           5          51   4.1420888220178799E-013
           5          52   3.5588840829416024E-013
           5          53   6.0856638775901420E-013
           5          54  -2.5353809105023678E-013
           5          55  -3.6323346475636956E-014
           5          56  -1.4814285911807706E-013
           5          57   3.7936380922496364E-013
           5          58   6.2932075909182324E-013
           5          59  -2.6119533075575738E-013
           5          60   2.6029728211975014E-012
           5          61  -2.4034556382208387E-013
           5          62   1.1604143009927156E-012
           5          63  -4.2579413693557748E-013
           5          64  -1.8506317219821647E-013
           5          65   1.5813989761704301E-014
           5          66  -2.3351481185766526E-013
           5          67   1.1433641541093453E-012
           5          68  -2.7423894458031369E-013
           5          69  -5.0483283835124499E-013
           6           1   8.8879331220218915E-003
           6           2  -2.6878505918925120E-002
           6           3   4.1840926589081839E-002
           6           4  0.25321024748127152     
           6           5   3.5823058644881556E-002
           6           6  0.17170824287986722     
           6           7   8.9980330610797341E-003
           6           8   1.3820070807629218E-010
           6           9  -2.1982288800177494E-009
           6          10  -8.4843779283946139E-011
           6          11   1.7683578614790091E-011
           6          12  -7.5330669437035014E-012
           6          13  -2.1010687537407597E-012
           6          14   1.3335017651545110E-012
           6          15  -2.4553024653537768E-012
           6          16  -3.9882339169827871E-013
           6          17  -1.4302889520514388E-012
           6          18  -5.6200479810776111E-012
           6          19   3.3365265676867770E-013
           6          20  -2.5146884698717145E-012
           6          21  -5.4408002173126698E-012
           6          22   6.5059380015549262E-013
           6          23  -1.1506394361602809E-013
           6          24  -1.2179685363993518E-013
           6          25   1.7960243019961387E-014
           6          26   4.1540828632776949E-003
           6          27  -1.0838685839216428E-011
           6          28  -1.5531341831337942E-003
           6          29   7.4245748120402449E-011
           6          30  -9.6597870430563632E-011
           6          31  -5.8039656755493095E-003
           6          32  -5.7413564689580100E-003
           6          33  -3.5488234653091229E-013
           6          34  -5.8951106914030185E-003
           6          35   3.6248622293907053E-011
           6          36  -4.7870666785888760E-011
           6          37  -4.7545103070528614E-003
           6          38   1.7588693365211527E-003
           6          39   4.2172481065260816E-012
           6          40   5.4016009646391441E-003
           6          41   8.0116580572664302E-012
           6          42  -1.0626820146824594E-011
           6          43   1.0188295939605269E-002
           6          44  -2.6061049486789242E-003
           6          45   2.5147898121472822E-013
           6          46  -1.9367435254869457E-003
           6          47  -1.0045165355166547E-013
           6          48  -2.5386989651307556E-014
           6          49  -1.0950257075745427E-003
           6          50   1.7182521812935050E-013
           6          51  -4.6037660552075422E-013
           6          52   9.8140341514248144E-014
           6          53  -1.7317027796394181E-014
           6          54   6.2151946223227260E-014
           6          55   4.8585338238989945E-016
           6          56   6.5536921584064520E-014
           6          57   2.2878723777904158E-013
           6          58  -2.3692751970297409E-012
           6          59   6.3128168496765351E-015
           6          60   1.4049904453306893E-013
           6          61   1.2787594199348499E-013
           6          62   5.2264805870519005E-014
           6          63  -1.4643915601957294E-013
           6          64  -5.1523923643120113E-014
           6          65  -7.5096675078801155E-015
           6          66   9.6659329940328872E-015
           6          67   1.9973669983303195E-014
           6          68   6.0206467111150405E-013
           6          69   1.6982099969183519E-014
           7           1   5.2557711734956924E-004
           7           2  -1.6147699936117797E-003
           7           3   2.2885126017133622E-003
           7           4   1.3260458344035407E-002
           7           5   1.9718788537890731E-003
           7           6   8.9980330610797341E-003
           7           7   4.7156929997334984E-004
           7           8   3.5239910916501060E-011
           7           9  -2.0792806601802549E-010
           7          10  -5.3696238889734935E-012
           7          11   2.2723309834746536E-012
           7          12  -1.1792528954809317E-012
           7          13  -2.3340854786641664E-013
           7          14   1.3094883177803516E-013
           7          15  -1.5060792342278941E-013
           7          16  -2.6978802358993515E-014
           7          17  -7.6010362444594314E-014
           7          18  -3.0207896993707039E-013
           7          19   1.7847586861944100E-014
           7          20  -1.3014430717175948E-013
           7          21  -2.8232052170271591E-013
           7          22   3.3780616038263179E-014
           7          23  -6.4936139531234887E-015
           7          24  -7.1560382514545756E-015
           7          25   1.0241397982181606E-015
           7          26   1.9720509168126714E-004
           7          27   3.0264780510720199E-013
           7          28  -8.0813822520220201E-005
           7          29   1.0202219998428583E-011
           7          30  -1.2782268760665004E-011
           7          31  -2.8556547928980104E-004
           7          32  -3.1142752087230788E-004
           7          33   4.1962755782734881E-013
           7          34  -3.0935193176616962E-004
           7          35   5.1122959523291956E-012
           7          36  -6.3542650587578096E-012
           7          37  -2.4211689629679867E-004
           7          38   8.8715402553001519E-005
           7          39   3.3542748566752340E-013
           7          40   2.8228446293014750E-004
           7          41   1.1656777682221304E-012
           7          42  -1.3588909441219813E-012
           7          43   5.3400230891387246E-004
           7          44  -1.3774529273082376E-004
           7          45   1.1583625247653182E-014
           7          46  -1.0268652320977130E-004
           7          47  -1.3947909317216104E-014
           7          48   1.0837897670029111E-014
           7          49  -5.8594559791536979E-005
           7          50   1.7714339177828013E-014
           7          51  -4.0297609344757715E-014
           7          52   1.1068497712691298E-014
           7          53   2.6989347822028891E-015
           7          54   5.3439119443988108E-015
           7          55   8.3202189334353666E-018
           7          56   5.5180144883249066E-015
           7          57   3.5692576810210107E-014
           7          58  -2.2341478805234815E-013
           7          59  -1.5911924437262005E-015
           7          60   1.4251662376983411E-014
           7          61   4.3771958959743191E-015
           7          62   5.1821969963962280E-015
           7          63  -2.4301219656326870E-014
           7          64  -3.2058332306112564E-015
           7          65  -3.8643782970741688E-016
           7          66   5.1018022180445414E-017
           7          67  -1.4052117784614154E-015
           7          68   5.7221589124950903E-014
           7          69   9.3687358046081933E-016
           8           1   2.0444390121871209E-012
           8           2   9.7627392394528398E-012
           8           3   7.4421638640330608E-011
           8           4  -5.0621416872320342E-011
           8           5   6.4000040418185484E-011
           8           6   1.3820070807629218E-010
           8           7   3.5239910916501060E-011
           8           8   2.2697052082695168     
           8           9   7.4421504838475301E-011
           8          10  -5.7129575601924601E-009
           8          11 -0.76144210029752979     
           8          12   1.8992897320522463E-011
           8          13  -1.2867270588326458E-010
           8          14  -4.8986350471107415E-002
           8          15   3.6935190891352554E-013
           8          16  -4.2638265118192976E-011
           8          17   2.0892562283259682E-003
           8          18  -1.6972904878492219E-011
           8          19  -1.3839592690110873E-011
           8          20  -1.3953706799388751E-003
           8          21   1.6904639022028075E-011
           8          22   1.4937242264065051E-011
           8          23   4.2027169840205684E-004
           8          24  -1.5285329317744470E-011
           8          25  -1.1219444773979477E-011
           8          26  -8.5612029916422884E-011
           8          27  -3.6842345483799811E-012
           8          28  -8.2475771524021895E-011
           8          29   5.8152206279610985E-012
           8          30  -8.5031302965197819E-012
           8          31  -8.7995137309725099E-011
           8          32   5.8863255233387857E-012
           8          33   6.3636168716753641E-012
           8          34   9.1928074625603705E-012
           8          35  -2.0888958751377110E-011
           8          36   6.9487179438451800E-012
           8          37   7.7747712035265818E-012
           8          38  -1.8754352755397574E-011
           8          39  -3.5140586398912775E-012
           8          40  -1.5758887976160645E-011
           8          41   1.7043616329610055E-011
           8          42  -1.1203090912627894E-011
           8          43  -2.3969476023319298E-011
           8          44  -4.4234318438549664E-011
           8          45   1.1839558665043339E-012
           8          46  -3.7657825255006051E-011
           8          47  -8.8680979461482623E-012
           8          48   1.3545180561156763E-011
           8          49  -4.6319756753939601E-011
           8          50   4.6156921216605230E-003
           8          51  -2.5909485573940487E-011
           8          52   5.6674588781418383E-004
           8          53  -7.1513261514770608E-013
           8          54   3.5227550520238094E-011
           8          55   6.7020133411250943E-012
           8          56   3.0444593572252552E-011
           8          57  -2.6453692235816569E-003
           8          58  -1.0146406635128899E-011
           8          59   7.1709386883541415E-011
           8          60   1.2397002221555705E-003
           8          61   1.0936958959051155E-011
           8          62   9.6116346761756740E-004
           8          63  -2.6683325762006176E-012
           8          64   1.1510410300158302E-011
           8          65  -6.5331590379012543E-012
           8          66   6.7339009124219218E-012
           8          67   1.1072593838369065E-003
           8          68   1.5562108048354110E-011
           8          69  -1.3046839088254701E-012
           9           1   1.0337767819952903E-010
           9           2  -3.1112451531563564E-010
           9           3   1.8884955451479933E-010
           9           4  -2.3289244756001278E-010
           9           5   3.1695175863427777E-010
           9           6  -2.1982288800177494E-009
           9           7  -2.0792806601802549E-010
           9           8   7.4421504838475301E-011
           9           9   2.2699189940988447     
           9          10   6.4966746718779353E-009
           9          11   2.5313053041103838E-011
           9          12 -0.76159838217547982     
           9          13   8.2979225588469567E-011
           9          14  -3.0439764094915939E-010
           9          15  -4.5519916068082901E-002
           9          16   3.2287418591895021E-011
           9          17  -2.6411242182738274E-011
           9          18   2.0224822856327197E-003
           9          19  -1.0782410871450162E-010
           9          20   4.6464744934601336E-011
           9          21  -1.3198049141807814E-003
           9          22   4.5946047431855481E-011
           9          23  -1.2246303509012005E-011
           9          24   3.9867501287872557E-004
           9          25   1.8911106616041580E-011
           9          26  -2.7499799165944231E-010
           9          27   5.1074657763563694E-011
           9          28  -1.1564210435273423E-010
           9          29  -3.5878452619597203E-011
           9          30  -9.6722151645032063E-012
           9          31  -1.8013584797087496E-010
           9          32   3.6305921605851460E-010
           9          33  -1.2544815165160681E-011
           9          34   2.9197755606420966E-010
           9          35   2.3754892217743716E-012
           9          36   1.3678888443901194E-011
           9          37   2.1952155034947322E-010
           9          38   5.0426891381243818E-010
           9          39  -5.9457352771990635E-011
           9          40   6.1414962696414437E-010
           9          41   3.3802343068491897E-011
           9          42   1.7641188734479367E-011
           9          43   6.0095374097033548E-010
           9          44   5.6802580974316942E-010
           9          45   6.5362070934653592E-011
           9          46   6.1633408545798414E-010
           9          47  -5.8788564780769405E-011
           9          48  -7.2483292281472145E-011
           9          49   5.5894581517740552E-010
           9          50   9.8672111230492356E-011
           9          51   1.9764250845965936E-003
           9          52  -1.2901496572881124E-011
           9          53   2.2753882588232993E-003
           9          54  -4.4567406432370915E-012
           9          55   1.5668464515508788E-011
           9          56  -2.2895270340757185E-011
           9          57   1.1796932307449216E-011
           9          58  -4.2593481444356584E-003
           9          59  -1.2816286433307360E-010
           9          60   1.6450663153721499E-010
           9          61   1.1129412038954556E-004
           9          62   1.4142465326638372E-010
           9          63   1.3824733620617907E-003
           9          64  -6.2918440089442799E-011
           9          65  -3.0885322869677653E-011
           9          66   8.0645647180363413E-011
           9          67   2.6604312291715174E-011
           9          68   3.8651849835644311E-004
           9          69   1.3581114975067471E-010
          10           1   3.4878018204370904E-012
          10           2   9.3241386437989787E-012
          10           3   9.3019197092305706E-011
          10           4  -4.0650644313484716E-012
          10           5   7.8649928356494984E-011
          10           6  -8.4843779283946139E-011
          10           7  -5.3696238889734935E-012
          10           8  -5.7129575601924601E-009
          10           9   6.4966746718779353E-009
          10          10   2.2701441071823383     
          10          11  -1.5389822967124666E-010
          10          12   1.3201175556674458E-010
          10          13 -0.76175418342038859     
          10          14  -3.4438127508975583E-011
          10          15   1.0293232256009571E-011
          10          16  -4.1802926367334556E-002
          10          17   1.4345054091948875E-011
          10          18  -1.9455197376262866E-011
          10          19   1.9457473287625912E-003
          10          20   1.9308474907578562E-011
          10          21   1.7104427986892035E-011
          10          22  -1.2391338784656964E-003
          10          23  -1.7850695294017234E-011
          10          24  -2.9745424524963800E-012
          10          25   3.7542821593807604E-004
          10          26  -8.9959286893082861E-011
          10          27  -6.8444844521930372E-012
          10          28  -8.1320847807720001E-011
          10          29  -9.3493609751709314E-012
          10          30   4.0740317346036173E-012
          10          31  -8.5496290589386639E-011
          10          32   1.6663439896190037E-011
          10          33   6.0217750965820326E-012
          10          34   2.0835340549636541E-011
          10          35  -4.6024229800834613E-012
          10          36  -1.3956225973139050E-011
          10          37   2.0520736194306567E-011
          10          38   1.5137120993815653E-011
          10          39   2.8868612145256385E-012
          10          40   2.6187384594772281E-011
          10          41   1.3333883807940540E-011
          10          42   5.4191628928816703E-012
          10          43   1.9917125776481710E-011
          10          44   3.0919788594631283E-011
          10          45  -1.3284242213221901E-012
          10          46   4.2113593286304452E-012
          10          47   3.3324784268436764E-012
          10          48  -7.0862084243480858E-012
          10          49   1.6127605788482946E-011
          10          50   1.0819140984579707E-010
          10          51  -3.3987959002656835E-011
          10          52   3.4965706873013268E-011
          10          53  -6.1450341687147764E-011
          10          54   2.5313234754827931E-004
          10          55   4.5807486837973109E-012
          10          56  -2.7712579504094075E-003
          10          57   3.6056354154394830E-011
          10          58  -2.7951211648966184E-011
          10          59  -2.1950929153399627E-004
          10          60  -1.7205752593515659E-011
          10          61   1.4658046930985314E-011
          10          62  -8.3747612433414187E-012
          10          63   6.5157670476817388E-012
          10          64  -6.6706640109763092E-004
          10          65  -8.8329269593384845E-012
          10          66  -5.3822598783769514E-004
          10          67  -2.1917503275031487E-012
          10          68   1.5844034436144312E-011
          10          69   1.5484231346768501E-003
          11           1  -9.2385506200562109E-013
          11           2  -2.0056554340633848E-012
          11           3   6.0053855351808881E-012
          11           4   3.7580249716577274E-011
          11           5   4.4134967321767699E-012
          11           6   1.7683578614790091E-011
          11           7   2.2723309834746536E-012
          11           8 -0.76144210029752979     
          11           9   2.5313053041103838E-011
          11          10  -1.5389822967124666E-010
          11          11   2.1468154280843192     
          11          12  -1.9858566514175549E-011
          11          13   2.3617553864237099E-010
          11          14  0.13408838918346749     
          11          15  -1.5588271772869286E-011
          11          16  -2.7499897120540627E-012
          11          17  -5.6207743999232458E-003
          11          18   1.6576939141399821E-012
          11          19  -1.8693168666611400E-011
          11          20   3.8339045291947513E-003
          11          21  -8.9115993761413010E-013
          11          22   7.9398809249298096E-012
          11          23  -1.1559098671286641E-003
          11          24   2.4909773290417020E-013
          11          25  -2.3274350058550970E-012
          11          26   1.5144341100418612E-011
          11          27  -6.1544778801992537E-012
          11          28   3.3332256107877848E-012
          11          29  -1.4502679083971689E-012
          11          30  -6.2204374666637548E-013
          11          31   1.9325292806299040E-012
          11          32  -1.6820711530023109E-011
          11          33  -1.2093904761166129E-012
          11          34  -1.1801013762635897E-011
          11          35   8.0607689138426886E-013
          11          36   2.2281958189857055E-013
          11          37  -1.2347594308857954E-011
          11          38  -1.4813426172433930E-011
          11          39  -9.1557203974321130E-013
          11          40  -1.3940831396562313E-011
          11          41   1.5905786832149329E-013
          11          42  -8.9604774603910917E-014
          11          43  -1.4214024812178595E-011
          11          44  -5.1920834793263657E-012
          11          45   1.0777084373327400E-013
          11          46  -4.9886807180255650E-012
          11          47   1.3099840375633814E-014
          11          48   4.8371333088290713E-014
          11          49  -4.9964474363607141E-012
          11          50  -1.0860222407410906E-002
          11          51   1.8015103626484979E-011
          11          52  -4.2829791676996074E-004
          11          53  -3.6741606735772418E-013
          11          54  -1.2343536292159764E-011
          11          55  -2.3886680983280897E-011
          11          56  -4.4615292118445077E-011
          11          57   1.0042874485208998E-002
          11          58   1.1374367986159961E-011
          11          59  -9.8337583103806308E-011
          11          60  -1.9268571114969650E-003
          11          61  -2.8028530476355463E-012
          11          62  -2.1560797441776596E-003
          11          63   3.3629804015201840E-012
          11          64  -2.3122950903399236E-012
          11          65   9.2981935790722970E-012
          11          66   1.0459502597888950E-011
          11          67  -3.0976045180785053E-003
          11          68   2.5746986353479458E-012
          11          69   2.4892608409566742E-011
          12           1  -7.6991921857648349E-014
          12           2   2.7623394777815764E-012
          12           3  -4.4605126830053727E-012
          12           4  -1.4896197549297445E-011
          12           5  -3.6382074026558498E-012
          12           6  -7.5330669437035014E-012
          12           7  -1.1792528954809317E-012
          12           8   1.8992897320522463E-011
          12           9 -0.76159838217547982     
          12          10   1.3201175556674458E-010
          12          11  -1.9858566514175549E-011
          12          12   2.1484354641536951     
          12          13  -2.5375132077438277E-010
          12          14  -1.5175572622118111E-011
          12          15  0.12774758057019805     
          12          16   1.1533336029698234E-011
          12          17   1.6903977755213759E-012
          12          18  -5.6201648988693838E-003
          12          19   2.0168604818354009E-011
          12          20  -9.0365892771329962E-013
          12          21   3.6946952296464785E-003
          12          22  -8.5672967163990150E-012
          12          23   2.8229495520691094E-013
          12          24  -1.1167214890517082E-003
          12          25   2.5109699653513717E-012
