           1           1   2.1466183941936166     
           1           2  0.72292574247454255     
           1           3 -0.49724215688692530     
           1           4  -1.0096010991826183E-002
           1           5   1.3935048492545609E-013
           1           6  -3.7950397262280559E-014
           1           7   1.5903227304820005E-013
           1           8  -9.3162211826733729E-014
           1           9  -7.1132365053546760E-015
           1          10  -8.1219551062024225E-014
           1          11   1.8470157525555445E-014
           1          12   4.1431541029088019E-015
           1          13  -7.7822208200454718E-015
           1          14  -5.5372125029874986E-003
           1          15   2.4335068636279588E-014
           1          16  -5.5372125045138609E-003
           1          17  -4.5694411031904100E-015
           1          18  -1.1411561529065156E-014
           1          19  -5.5372125041029396E-003
           1          20   2.5448830435130909E-002
           1          21  -2.3986818111127441E-014
           1          22   2.5448830433623809E-002
           1          23  -2.7524326954983346E-014
           1          24   9.1091745813122185E-015
           1          25   2.5448830434024142E-002
           2           1  0.72292574247454255     
           2           2   10.056064217450734     
           2           3  -1.7756136379470810     
           2           4  0.35289178171905111     
           2           5   4.3349838449097724E-013
           2           6  -4.4191784931784597E-013
           2           7   1.5495067805552231E-013
           2           8  -3.4292895197096151E-013
           2           9   4.0023397102258505E-013
           2          10  -7.5550533681019873E-014
           2          11   3.7966008851719476E-014
           2          12  -8.2436814654608877E-014
           2          13   2.8556458711015676E-014
           2          14  -1.5412809436699231     
           2          15  -2.7475976167183688E-014
           2          16  -1.5412809436682939     
           2          17   2.3653381423614348E-014
           2          18   9.9178914774890617E-016
           2          19  -1.5412809436687620     
           2          20 -0.98695217140880975     
           2          21   2.7328877224552727E-014
           2          22 -0.98695217140752234     
           2          23   8.2828078164397443E-015
           2          24   3.5429874180698401E-014
           2          25 -0.98695217140789437     
           3           1 -0.49724215688692530     
           3           2  -1.7756136379470810     
           3           3  0.37873638521001740     
           3           4  -5.6052874759960632E-002
           3           5  -9.1034795181910172E-013
           3           6   2.2507704350538031E-013
           3           7  -9.8445582355844173E-013
           3           8   5.4206336593455936E-013
           3           9  -1.4843523059079248E-013
           3          10   5.6313777919073598E-013
           3          11  -3.9192329269565243E-014
           3          12   1.8102018935921506E-014
           3          13  -3.7258794867487788E-014
           3          14  0.25357253845488753     
           3          15   2.0910026161678967E-016
           3          16  0.25357253845488981     
           3          17  -3.0702118249865700E-015
           3          18   1.8509938292648469E-015
           3          19  0.25357253845489403     
           3          20  0.15725800931606518     
           3          21  -2.4644042869056390E-016
           3          22  0.15725800931612013     
           3          23   3.4991404108937126E-015
           3          24  -7.4137725238174771E-015
           3          25  0.15725800931611048     
           4           1  -1.0096010991826183E-002
           4           2  0.35289178171905111     
           4           3  -5.6052874759960632E-002
           4           4   1.2984306702673334E-002
           4           5   1.0161893740891160E-013
           4           6  -3.5241628804875790E-013
           4           7  -6.2556490025227369E-014
           4           8  -6.1715431744901672E-014
           4           9   2.0883332003083016E-013
           4          10   3.6366086584833769E-014
           4          11   4.2836935936614901E-015
           4          12  -1.5353654832195285E-014
           4          13  -1.2196666034569437E-015
           4          14  -5.5869577179453886E-002
           4          15  -1.4096681754110123E-015
           4          16  -5.5869577179368891E-002
           4          17   9.3621221709438811E-016
           4          18   2.2922476336969966E-016
           4          19  -5.5869577179392844E-002
           4          20  -3.6266744434115185E-002
           4          21   1.3984307127530228E-015
           4          22  -3.6266744434042923E-002
           4          23   7.6676995735940550E-016
           4          24   1.1322146403223537E-015
           4          25  -3.6266744434063213E-002
           5           1   1.3935048492545609E-013
           5           2   4.3349838449097724E-013
           5           3  -9.1034795181910172E-013
           5           4   1.0161893740891160E-013
           5           5   2.7646832111767252     
           5           6 -0.69702137427559641     
           5           7  0.42857327818257418     
           5           8  -1.5929585028048510     
           5           9  0.40161061502465950     
           5          10 -0.24693586765960779     
           5          11  0.10082301676017746     
           5          12  -2.5419113993493090E-002
           5          13   1.5629295477502504E-002
           5          14   7.4675314829807230E-014
           5          15   6.1978314860282815E-015
           5          16   9.6988353851464514E-014
           5          17   5.2598881521282591E-015
           5          18  -5.6666516034367747E-015
           5          19   7.8408613979134478E-014
           5          20   1.1507804570911963E-013
           5          21  -1.1882688400678731E-014
           5          22   9.0367322144805719E-014
           5          23  -8.9264875952043947E-016
           5          24  -2.8805252220761470E-015
           5          25   1.0956306834963106E-013
           6           1  -3.7950397262280559E-014
           6           2  -4.4191784931784597E-013
           6           3   2.2507704350538031E-013
           6           4  -3.5241628804875790E-013
           6           5 -0.69702137427559641     
           6           6   4.0034662745548921     
           6           7 -0.95417847343478468     
           6           8  0.40161061502465972     
           6           9  -2.3067220204337051     
           6          10  0.54977970217584149     
           6          11  -2.5419113993490911E-002
           6          12  0.14599920369410441     
           6          13  -3.4797170189483619E-002
           6          14   5.6180804467671714E-014
           6          15  -9.3077946725099137E-015
           6          16   4.9388486492262400E-014
           6          17  -1.1372791361877089E-014
           6          18   2.4617604889844874E-015
           6          19   4.8939333154787224E-014
           6          20   1.5460584297252526E-013
           6          21   2.4471983531127348E-014
           6          22   1.7933750782099854E-013
           6          23  -1.3500345027019954E-014
           6          24   6.1659713324530293E-015
           6          25   1.5753161801972908E-013
           7           1   1.5903227304820005E-013
           7           2   1.5495067805552231E-013
           7           3  -9.8445582355844173E-013
           7           4  -6.2556490025227369E-014
           7           5  0.42857327818257418     
           7           6 -0.95417847343478468     
           7           7   3.0383030208482942     
           7           8 -0.24693586765960601     
           7           9  0.54977970217584593     
           7          10  -1.7506130943291693     
           7          11   1.5629295477499701E-002
           7          12  -3.4797170189479872E-002
           7          13  0.11080143835471282     
           7          14   1.5035255157237388E-013
           7          15  -3.4219159414068430E-014
           7          16   1.5371023761824628E-013
           7          17   1.3912903250353596E-014
           7          18  -7.4645907705012682E-015
           7          19   1.3917701166184792E-013
           7          20   2.4163867190151659E-013
           7          21   1.9135145177921453E-014
           7          22   2.2076358881931394E-013
           7          23   1.3712934069458343E-015
           7          24  -5.9770817747883500E-016
           7          25   2.4458954388624005E-013
           8           1  -9.3162211826733729E-014
           8           2  -3.4292895197096151E-013
           8           3   5.4206336593455936E-013
           8           4  -6.1715431744901672E-014
           8           5  -1.5929585028048510     
           8           6  0.40161061502465972     
           8           7 -0.24693586765960601     
           8           8  0.91783274893843436     
           8           9 -0.23140048792350557     
           8          10  0.14227980567380652     
           8          11  -5.8092327242874942E-002
           8          12   1.4646015719271623E-002
           8          13  -9.0053062944379370E-003
           8          14  -2.9058985308888053E-014
           8          15  -3.5710740111948875E-015
           8          16  -4.1915339009486285E-014
           8          17  -3.0306486912724755E-015
           8          18   3.2650181466126702E-015
           8          19  -3.1210042109686495E-014
           8          20  -5.7447229337219822E-014
           8          21   6.8465817159517636E-015
           8          22  -4.3209374868729019E-014
           8          23   5.1432743749728463E-016
           8          24   1.6597044921816052E-015
           8          25  -5.4269603039188926E-014
           9           1  -7.1132365053546760E-015
           9           2   4.0023397102258505E-013
           9           3  -1.4843523059079248E-013
           9           4   2.0883332003083016E-013
           9           5  0.40161061502465950     
           9           6  -2.3067220204337051     
           9           7  0.54977970217584593     
           9           8 -0.23140048792350557     
           9           9   1.3290898722870703     
           9          10 -0.31677273103480663     
           9          11   1.4646015719270367E-002
           9          12  -8.4121997047276215E-002
           9          13   2.0049475434580809E-002
           9          14  -5.6670065394971662E-014
           9          15   5.3629763460759196E-015
           9          16  -5.2756459442183997E-014
           9          17   6.5527886259410606E-015
           9          18  -1.4184201238474447E-015
           9          19  -5.2497665731186711E-014
           9          20  -1.0518724708352323E-013
           9          21  -1.4100296948602383E-014
           9          22  -1.1943716752630430E-013
           9          23   7.7786450594602649E-015
           9          24  -3.5527167895306258E-015
           9          25  -1.0687302367441745E-013
          10           1  -8.1219551062024225E-014
          10           2  -7.5550533681019873E-014
          10           3   5.6313777919073598E-013
          10           4   3.6366086584833769E-014
          10           5 -0.24693586765960779     
          10           6  0.54977970217584149     
          10           7  -1.7506130943291693     
          10           8  0.14227980567380652     
          10           9 -0.31677273103480663     
          10          10   1.0086703613851848     
          10          11  -9.0053062944363861E-003
          10          12   2.0049475434578481E-002
          10          13  -6.3841706216686028E-002
          10          14  -8.8260923193835631E-014
          10          15   1.9716436489761464E-014
          10          16  -9.0195558784239987E-014
          10          17  -8.0163533535254781E-015
          10          18   4.3009569015928949E-015
          10          19  -8.1821787146736849E-014
          10          20  -1.4014135284911168E-013
          10          21  -1.1025310997784107E-014
          10          22  -1.2811352233380861E-013
          10          23  -7.9011348700061131E-016
          10          24   3.4438821766702275E-016
          10          25  -1.4184158982373577E-013
          11           1   1.8470157525555445E-014
          11           2   3.7966008851719476E-014
          11           3  -3.9192329269565243E-014
          11           4   4.2836935936614901E-015
          11           5  0.10082301676017746     
          11           6  -2.5419113993490911E-002
          11           7   1.5629295477499701E-002
          11           8  -5.8092327242874942E-002
          11           9   1.4646015719270367E-002
          11          10  -9.0053062944363861E-003
          11          11   3.6768338113849948E-003
          11          12  -9.2698930055861697E-004
          11          13   5.6997225342400853E-004
          11          14  -7.9949034312351156E-017
          11          15   2.2602375030406988E-016
          11          16   7.3376730690920312E-016
          11          17   1.9181864640940507E-016
          11          18  -2.0665257678632434E-016
          11          19   5.6197660965474273E-017
          11          20   2.5649328008937241E-015
          11          21  -4.3334024199754255E-016
          11          22   1.6637772232759980E-015
          11          23  -3.2553292355023888E-017
          11          24  -1.0504756623438601E-016
          11          25   2.3638115105728217E-015
          12           1   4.1431541029088019E-015
          12           2  -8.2436814654608877E-014
          12           3   1.8102018935921506E-014
          12           4  -1.5353654832195285E-014
          12           5  -2.5419113993493090E-002
          12           6  0.14599920369410441     
          12           7  -3.4797170189479872E-002
          12           8   1.4646015719271623E-002
          12           9  -8.4121997047276215E-002
          12          10   2.0049475434578481E-002
          12          11  -9.2698930055861697E-004
          12          12   5.3243279741834442E-003
          12          13  -1.2689901175794184E-003
          12          14   1.2731094889878825E-014
          12          15  -3.3943850581946341E-016
          12          16   1.2483391288121221E-014
          12          17  -4.1474521545671946E-016
          12          18   8.9775970728529600E-017
          12          19   1.2467011474956927E-014
          12          20   1.2621051282071971E-014
          12          21   8.9244915863713993E-016
          12          22   1.3522970550579509E-014
          12          23  -4.9233326531781062E-016
          12          24   2.2486186789174530E-016
          12          25   1.2727749027909764E-014
          13           1  -7.7822208200454718E-015
          13           2   2.8556458711015676E-014
          13           3  -3.7258794867487788E-014
          13           4  -1.2196666034569437E-015
          13           5   1.5629295477502504E-002
          13           6  -3.4797170189483619E-002
          13           7  0.11080143835471282     
          13           8  -9.0053062944379370E-003
          13           9   2.0049475434580809E-002
          13          10  -6.3841706216686028E-002
          13          11   5.6997225342400853E-004
          13          12  -1.2689901175794184E-003
          13          13   4.0407288730685909E-003
          13          14   1.2070630473555262E-015
          13          15  -1.2479111057560516E-015
          13          16   1.3295118093522614E-015
          13          17   5.0737852059240608E-016
          13          18  -2.7222017962832279E-016
          13          19   7.9951123703723883E-016
          13          20   5.8631985575107271E-015
          13          21   6.9782427700339134E-016
          13          22   5.1019218792575552E-015
          13          23   5.0008600476654815E-017
          13          24  -2.1797340596542307E-017
          13          25   5.9708115434758105E-015
          14           1  -5.5372125029874986E-003
          14           2  -1.5412809436699231     
          14           3  0.25357253845488753     
          14           4  -5.5869577179453886E-002
          14           5   7.4675314829807230E-014
          14           6   5.6180804467671714E-014
          14           7   1.5035255157237388E-013
          14           8  -2.9058985308888053E-014
          14           9  -5.6670065394971662E-014
          14          10  -8.8260923193835631E-014
          14          11  -7.9949034312351156E-017
          14          12   1.2731094889878825E-014
          14          13   1.2070630473555262E-015
          14          14  0.24152027961198771     
          14          15   5.5334121925204143E-015
          14          16  0.24152027961165540     
          14          17  -3.9404126202088351E-015
          14          18  -7.2907184022330473E-016
          14          19  0.24152027961174949     
          14          20  0.15611349862709958     
          14          21  -5.4928340450067122E-015
          14          22  0.15611349862682186     
          14          23  -2.6826316329310905E-015
          14          24  -5.1005197720706032E-015
          14          25  0.15611349862690033     
          15           1   2.4335068636279588E-014
          15           2  -2.7475976167183688E-014
          15           3   2.0910026161678967E-016
          15           4  -1.4096681754110123E-015
          15           5   6.1978314860282815E-015
          15           6  -9.3077946725099137E-015
          15           7  -3.4219159414068430E-014
          15           8  -3.5710740111948875E-015
          15           9   5.3629763460759196E-015
          15          10   1.9716436489761464E-014
          15          11   2.2602375030406988E-016
          15          12  -3.3943850581946341E-016
          15          13  -1.2479111057560516E-015
          15          14   5.5334121925204143E-015
          15          15   9.2384215131198828E-028
          15          16   5.5334121924953766E-015
          15          17  -2.5535031691633434E-028
          15          18  -7.7511947616039475E-029
          15          19   5.5334121925023777E-015
          15          20   3.9074879134298476E-015
          15          21  -8.1151954449243122E-028
          15          22   3.9074879134063175E-015
          15          23  -3.2987045772561789E-028
          15          24  -4.5770576369295951E-029
          15          25   3.9074879134125495E-015
          16           1  -5.5372125045138609E-003
          16           2  -1.5412809436682939     
          16           3  0.25357253845488981     
          16           4  -5.5869577179368891E-002
          16           5   9.6988353851464514E-014
          16           6   4.9388486492262400E-014
          16           7   1.5371023761824628E-013
          16           8  -4.1915339009486285E-014
          16           9  -5.2756459442183997E-014
          16          10  -9.0195558784239987E-014
          16          11   7.3376730690920312E-016
          16          12   1.2483391288121221E-014
          16          13   1.3295118093522614E-015
          16          14  0.24152027961165540     
          16          15   5.5334121924953766E-015
          16          16  0.24152027961132308     
          16          17  -3.9404126202000393E-015
          16          18  -7.2907184021417977E-016
          16          19  0.24152027961141720     
          16          20  0.15611349862686402     
          16          21  -5.4928340449820280E-015
          16          22  0.15611349862658630     
          16          23  -2.6826316329076889E-015
          16          24  -5.1005197720700360E-015
          16          25  0.15611349862666479     
          17           1  -4.5694411031904100E-015
          17           2   2.3653381423614348E-014
          17           3  -3.0702118249865700E-015
          17           4   9.3621221709438811E-016
          17           5   5.2598881521282591E-015
          17           6  -1.1372791361877089E-014
          17           7   1.3912903250353596E-014
          17           8  -3.0306486912724755E-015
          17           9   6.5527886259410606E-015
          17          10  -8.0163533535254781E-015
          17          11   1.9181864640940507E-016
          17          12  -4.1474521545671946E-016
          17          13   5.0737852059240608E-016
          17          14  -3.9404126202088351E-015
          17          15  -2.5535031691633434E-028
          17          16  -3.9404126202000393E-015
          17          17   1.5326156649721028E-028
          17          18  -1.6198835900637121E-030
          17          19  -3.9404126202025432E-015
          17          20  -2.6100140190475570E-015
          17          21   1.6345803400859900E-028
          17          22  -2.6100140190398861E-015
          17          23   1.3202603539067972E-028
          17          24   4.8042074564007542E-029
          17          25  -2.6100140190418918E-015
          18           1  -1.1411561529065156E-014
          18           2   9.9178914774890617E-016
          18           3   1.8509938292648469E-015
          18           4   2.2922476336969966E-016
          18           5  -5.6666516034367747E-015
          18           6   2.4617604889844874E-015
          18           7  -7.4645907705012682E-015
          18           8   3.2650181466126702E-015
          18           9  -1.4184201238474447E-015
          18          10   4.3009569015928949E-015
          18          11  -2.0665257678632434E-016
          18          12   8.9775970728529600E-017
          18          13  -2.7222017962832279E-016
          18          14  -7.2907184022330473E-016
          18          15  -7.7511947616039475E-029
          18          16  -7.2907184021417977E-016
          18          17  -1.6198835900637121E-030
          18          18   8.9455306250384205E-029
          18          19  -7.2907184021659724E-016
          18          20  -6.2580601245759373E-016
          18          21   1.1638389405737934E-028
          18          22  -6.2580601244861206E-016
          18          23   1.5657479540064219E-028
          18          24  -2.7507167478933424E-029
          18          25  -6.2580601245107301E-016
          19           1  -5.5372125041029396E-003
          19           2  -1.5412809436687620     
          19           3  0.25357253845489403     
          19           4  -5.5869577179392844E-002
          19           5   7.8408613979134478E-014
          19           6   4.8939333154787224E-014
          19           7   1.3917701166184792E-013
          19           8  -3.1210042109686495E-014
          19           9  -5.2497665731186711E-014
          19          10  -8.1821787146736849E-014
          19          11   5.6197660965474273E-017
          19          12   1.2467011474956927E-014
          19          13   7.9951123703723883E-016
          19          14  0.24152027961174949     
          19          15   5.5334121925023777E-015
          19          16  0.24152027961141720     
          19          17  -3.9404126202025432E-015
          19          18  -7.2907184021659724E-016
          19          19  0.24152027961151129     
          19          20  0.15611349862693044     
          19          21  -5.4928340449888761E-015
          19          22  0.15611349862665272     
          19          23  -2.6826316329140108E-015
          19          24  -5.1005197720702845E-015
          19          25  0.15611349862673118     
          20           1   2.5448830435130909E-002
          20           2 -0.98695217140880975     
          20           3  0.15725800931606518     
          20           4  -3.6266744434115185E-002
          20           5   1.1507804570911963E-013
          20           6   1.5460584297252526E-013
          20           7   2.4163867190151659E-013
          20           8  -5.7447229337219822E-014
          20           9  -1.0518724708352323E-013
          20          10  -1.4014135284911168E-013
          20          11   2.5649328008937241E-015
          20          12   1.2621051282071971E-014
          20          13   5.8631985575107271E-015
          20          14  0.15611349862709958     
          20          15   3.9074879134298476E-015
          20          16  0.15611349862686402     
          20          17  -2.6100140190475570E-015
          20          18  -6.2580601245759373E-016
          20          19  0.15611349862693044     
          20          20  0.10130095598041616     
          20          21  -3.8765369453556858E-015
          20          22  0.10130095598021620     
          20          23  -2.1070507549570718E-015
          20          24  -3.1752598956193661E-015
          20          25  0.10130095598027238     
          21           1  -2.3986818111127441E-014
          21           2   2.7328877224552727E-014
          21           3  -2.4644042869056390E-016
          21           4   1.3984307127530228E-015
          21           5  -1.1882688400678731E-014
          21           6   2.4471983531127348E-014
          21           7   1.9135145177921453E-014
          21           8   6.8465817159517636E-015
          21           9  -1.4100296948602383E-014
          21          10  -1.1025310997784107E-014
          21          11  -4.3334024199754255E-016
          21          12   8.9244915863713993E-016
          21          13   6.9782427700339134E-016
          21          14  -5.4928340450067122E-015
          21          15  -8.1151954449243122E-028
          21          16  -5.4928340449820280E-015
          21          17   1.6345803400859900E-028
          21          18   1.1638389405737934E-028
          21          19  -5.4928340449888761E-015
          21          20  -3.8765369453556858E-015
          21          21   8.0498909712156087E-028
          21          22  -3.8765369453322763E-015
          21          23   2.8364450941671154E-028
          21          24   6.7597281604989634E-029
          21          25  -3.8765369453385991E-015
          22           1   2.5448830433623809E-002
          22           2 -0.98695217140752234     
          22           3  0.15725800931612013     
          22           4  -3.6266744434042923E-002
          22           5   9.0367322144805719E-014
          22           6   1.7933750782099854E-013
          22           7   2.2076358881931394E-013
          22           8  -4.3209374868729019E-014
          22           9  -1.1943716752630430E-013
          22          10  -1.2811352233380861E-013
          22          11   1.6637772232759980E-015
          22          12   1.3522970550579509E-014
          22          13   5.1019218792575552E-015
          22          14  0.15611349862682186     
          22          15   3.9074879134063175E-015
          22          16  0.15611349862658630     
          22          17  -2.6100140190398861E-015
          22          18  -6.2580601244861206E-016
          22          19  0.15611349862665272     
          22          20  0.10130095598021620     
          22          21  -3.8765369453322763E-015
          22          22  0.10130095598001621     
          22          23  -2.1070507549345877E-015
          22          24  -3.1752598956197941E-015
          22          25  0.10130095598007238     
          23           1  -2.7524326954983346E-014
          23           2   8.2828078164397443E-015
          23           3   3.4991404108937126E-015
          23           4   7.6676995735940550E-016
          23           5  -8.9264875952043947E-016
          23           6  -1.3500345027019954E-014
          23           7   1.3712934069458343E-015
          23           8   5.1432743749728463E-016
          23           9   7.7786450594602649E-015
          23          10  -7.9011348700061131E-016
          23          11  -3.2553292355023888E-017
          23          12  -4.9233326531781062E-016
          23          13   5.0008600476654815E-017
          23          14  -2.6826316329310905E-015
          23          15  -3.2987045772561789E-028
          23          16  -2.6826316329076889E-015
          23          17   1.3202603539067972E-028
          23          18   1.5657479540064219E-028
          23          19  -2.6826316329140108E-015
          23          20  -2.1070507549570718E-015
          23          21   2.8364450941671154E-028
          23          22  -2.1070507549345877E-015
          23          23   4.3465731543996294E-028
          23          24  -7.8062790881635131E-029
          23          25  -2.1070507549405823E-015
          24           1   9.1091745813122185E-015
          24           2   3.5429874180698401E-014
          24           3  -7.4137725238174771E-015
          24           4   1.1322146403223537E-015
          24           5  -2.8805252220761470E-015
          24           6   6.1659713324530293E-015
          24           7  -5.9770817747883500E-016
          24           8   1.6597044921816052E-015
          24           9  -3.5527167895306258E-015
          24          10   3.4438821766702275E-016
          24          11  -1.0504756623438601E-016
          24          12   2.2486186789174530E-016
          24          13  -2.1797340596542307E-017
          24          14  -5.1005197720706032E-015
          24          15  -4.5770576369295951E-029
          24          16  -5.1005197720700360E-015
          24          17   4.8042074564007542E-029
          24          18  -2.7507167478933424E-029
          24          19  -5.1005197720702845E-015
          24          20  -3.1752598956193661E-015
          24          21   6.7597281604989634E-029
          24          22  -3.1752598956197941E-015
          24          23  -7.8062790881635131E-029
          24          24   1.5651442622580382E-028
          24          25  -3.1752598956198047E-015
          25           1   2.5448830434024142E-002
          25           2 -0.98695217140789437     
          25           3  0.15725800931611048     
          25           4  -3.6266744434063213E-002
          25           5   1.0956306834963106E-013
          25           6   1.5753161801972908E-013
          25           7   2.4458954388624005E-013
          25           8  -5.4269603039188926E-014
          25           9  -1.0687302367441745E-013
          25          10  -1.4184158982373577E-013
          25          11   2.3638115105728217E-015
          25          12   1.2727749027909764E-014
          25          13   5.9708115434758105E-015
          25          14  0.15611349862690033     
          25          15   3.9074879134125495E-015
          25          16  0.15611349862666479     
          25          17  -2.6100140190418918E-015
          25          18  -6.2580601245107301E-016
          25          19  0.15611349862673118     
          25          20  0.10130095598027238     
          25          21  -3.8765369453385991E-015
          25          22  0.10130095598007238     
          25          23  -2.1070507549405823E-015
          25          24  -3.1752598956198047E-015
          25          25  0.10130095598012856     
