           1           1   2.0994172784418410     
           1           2 -0.19450562121448939     
           1           3 -0.30023426271184483     
           1           4  -1.9603260600582210E-002
           1           5  -7.8547013349040061E-015
           1           6   5.2946615785311099E-015
           1           7  -2.4563067570385898E-015
           1           8  -4.8182543368926238E-015
           1           9   2.7456289173758706E-015
           1          10  -7.9133168130507053E-015
           1          11   2.6802992147155209E-015
           1          12  -2.5067551620172824E-015
           1          13   2.0337201325786398E-015
           1          14   1.7364723455461442E-003
           1          15  -9.0376598030682677E-005
           1          16   1.2864969798660679E-003
           1          17   4.3352485067161758E-004
           1          18  -7.3254023651366049E-005
           1          19   1.5775844558134258E-003
           1          20   1.3515597822449987E-002
           1          21   4.1523372188192412E-004
           1          22   1.5583001884047393E-002
           1          23  -1.9918224539338348E-003
           1          24   3.3656434902936614E-004
           1          25   1.4245605493144371E-002
           2           1 -0.19450562121448939     
           2           2  0.48653754426273277     
           2           3  0.59597342833840194     
           2           4   3.8046225888702365E-002
           2           5   1.7758785523896344E-014
           2           6  -1.1508474325144028E-014
           2           7   1.6559581080516575E-014
           2           8   1.3663582549572066E-014
           2           9  -3.8591195869952694E-015
           2          10   1.0512309728172484E-014
           2          11  -3.0939316186411653E-015
           2          12   3.7613153443744651E-015
           2          13  -2.2797367703797348E-015
           2          14  -4.8100047779807403E-003
           2          15   1.3923501647504890E-005
           2          16  -4.7406811601401954E-003
           2          17  -6.6789236391478699E-005
           2          18   1.1285582120718583E-005
           2          19  -4.7855263638412965E-003
           2          20  -1.9280739600999471E-002
           2          21  -8.5791791071342680E-004
           2          22  -2.3552220648036477E-002
           2          23   4.1153212471134763E-003
           2          24  -6.9537845295537153E-004
           2          25  -2.0789014634158647E-002
           3           1 -0.30023426271184483     
           3           2  0.59597342833840194     
           3           3  0.73292182500841507     
           3           4   4.7229532017881909E-002
           3           5   2.7188793611230377E-014
           3           6  -1.8090809552890449E-014
           3           7   2.5831456117064805E-014
           3           8   2.1712924244673118E-014
           3           9  -7.3884188991125737E-015
           3          10   1.7562500449356702E-014
           3          11  -2.7915992578844458E-015
           3          12   4.5852702650987192E-015
           3          13  -1.8737310305246284E-015
           3          14  -5.5384003204702655E-003
           3          15  -1.1392806996841204E-004
           3          16  -6.1056359330356469E-003
           3          17   5.4649821521920994E-004
           3          18  -9.2343479550661273E-005
           3          19  -5.7386932172094288E-003
           3          20  -2.3244194931269890E-002
           3          21  -1.1510145914496415E-003
           3          22  -2.8974972842358025E-002
           3          23   5.5212681129295938E-003
           3          24  -9.3294560695879878E-004
           3          25  -2.5267752837460040E-002
           4           1  -1.9603260600582210E-002
           4           2   3.8046225888702365E-002
           4           3   4.7229532017881909E-002
           4           4   3.2264880778197277E-003
           4           5  -4.9792888709419412E-014
           4           6   6.1035519120126295E-015
           4           7  -3.5514444158677231E-014
           4           8  -3.2120900243937913E-014
           4           9   4.3453273440100999E-015
           4          10  -2.3389296876735336E-014
           4          11  -3.9642502317061212E-015
           4          12   9.8116573883074357E-016
           4          13  -3.0267030646493828E-015
           4          14  -2.0368684867860833E-004
           4          15  -6.4582672075277130E-005
           4          16  -5.2523702998773117E-004
           4          17   3.0979472426176336E-004
           4          18  -5.2346964709145091E-005
           4          19  -3.1722735255332031E-004
           4          20  -1.2483784947218224E-003
           4          21  -1.1547191292130154E-004
           4          22  -1.8233007353586211E-003
           4          23   5.5390383014145743E-004
           4          24  -9.3594829020679076E-005
           4          25  -1.4513855669787106E-003
           5           1  -7.8547013349040061E-015
           5           2   1.7758785523896344E-014
           5           3   2.7188793611230377E-014
           5           4  -4.9792888709419412E-014
           5           5  0.73551842493155883     
           5           6  -3.9200055942914258E-002
           5           7  0.18803759788349450     
           5           8  0.48093625613815838     
           5           9  -3.0340573803430023E-002
           5          10  0.14553980802177488     
           5          11   5.2747398117169664E-002
           5          12  -6.4918131276771370E-003
           5          13   3.1140387865856042E-002
           5          14  -7.0354805167639985E-016
           5          15   6.5453401393887832E-016
           5          16  -2.0505567794991618E-015
           5          17   8.1067740767268527E-016
           5          18  -1.2171797448958012E-015
           5          19  -2.0620392342539111E-015
           5          20   5.6912719780822937E-015
           5          21  -1.2485327764207515E-014
           5          22  -6.9707242324997683E-015
           5          23  -1.3377235426940276E-014
           5          24   2.9005050437516659E-015
           5          25  -1.4625512650176217E-014
           6           1   5.2946615785311099E-015
           6           2  -1.1508474325144028E-014
           6           3  -1.8090809552890449E-014
           6           4   6.1035519120126295E-015
           6           5  -3.9200055942914258E-002
           6           6  0.51015221339832884     
           6           7  -3.1773289631785648E-002
           6           8  -3.0340573803422314E-002
           6           9  0.30650435778181451     
           6          10  -2.4592307736833775E-002
           6          11  -6.4918131276930401E-003
           6          12   1.5425121519227408E-002
           6          13  -5.2618868463207135E-003
           6          14  -1.4296515603145086E-015
           6          15   2.2751775394100568E-015
           6          16   3.7545854155257633E-015
           6          17   1.5967283716510481E-015
           6          18   1.6472591124880164E-015
           6          19   6.3054897106839135E-017
           6          20  -1.8382070337801462E-015
           6          21   6.7114998416630714E-015
           6          22   8.9408232110906138E-015
           6          23   4.4892325637821882E-015
           6          24   3.4105220821783121E-015
           6          25   3.6876115333018693E-015
           7           1  -2.4563067570385898E-015
           7           2   1.6559581080516575E-014
           7           3   2.5831456117064805E-014
           7           4  -3.5514444158677231E-014
           7           5  0.18803759788349450     
           7           6  -3.1773289631785648E-002
           7           7  0.65594082024908451     
           7           8  0.14553980802181218     
           7           9  -2.4592307736844097E-002
           7          10  0.41934373720172935     
           7          11   3.1140387865839128E-002
           7          12  -5.2618868463047506E-003
           7          13   3.9568770527903717E-002
           7          14  -3.1520081518788143E-015
           7          15  -2.1614979959583235E-016
           7          16  -2.0651315321688940E-015
           7          17   2.2315421047190854E-015
           7          18   3.6644326475454504E-015
           7          19   3.0496544745197105E-015
           7          20  -2.6945458898678590E-015
           7          21  -1.0364264805915472E-014
           7          22  -6.5180862934306236E-015
           7          23  -1.0386055426241370E-014
           7          24   7.7086108896002024E-015
           7          25   1.5217514576559232E-015
           8           1  -4.8182543368926238E-015
           8           2   1.3663582549572066E-014
           8           3   2.1712924244673118E-014
           8           4  -3.2120900243937913E-014
           8           5  0.48093625613815838     
           8           6  -3.0340573803422314E-002
           8           7  0.14553980802181218     
           8           8  0.31619191023522375     
           8           9  -2.2947882161533373E-002
           8          10  0.11007802245021170     
           8          11   3.5791038942301533E-002
           8          12  -4.5986311936549321E-003
           8          13   2.2059039008993708E-002
           8          14  -3.6134381910291317E-016
           8          15   3.4444833428720369E-016
           8          16  -1.3857049841414498E-015
           8          17   8.2544612300311945E-016
           8          18  -9.4049628167686198E-016
           8          19  -1.2503517704699512E-015
           8          20   3.3088980952962766E-015
           8          21  -8.8661345463513585E-015
           8          22  -3.9977498216491563E-015
           8          23  -9.5300296996036676E-015
           8          24   1.0711170237247090E-015
           8          25  -9.7244344720373470E-015
           9           1   2.7456289173758706E-015
           9           2  -3.8591195869952694E-015
           9           3  -7.3884188991125737E-015
           9           4   4.3453273440100999E-015
           9           5  -3.0340573803430023E-002
           9           6  0.30650435778181451     
           9           7  -2.4592307736844097E-002
           9           8  -2.2947882161533373E-002
           9           9  0.18426155602970759     
           9          10  -1.8600221066382285E-002
           9          11  -4.5986311936695029E-003
           9          12   9.3529111024995906E-003
           9          13  -3.7273834771714125E-003
           9          14  -8.7482052594460935E-016
           9          15   1.3621795594466717E-015
           9          16   2.2272270782282186E-015
           9          17   9.3456271955760389E-016
           9          18   1.0156106897485839E-015
           9          19   1.8111539668831416E-017
           9          20  -1.1883396064094092E-015
           9          21   4.2411091786555130E-015
           9          22   5.1607347283689035E-015
           9          23   2.9988425867010629E-015
           9          24   2.1444514709541203E-015
           9          25   2.2465946866383545E-015
          10           1  -7.9133168130507053E-015
          10           2   1.0512309728172484E-014
          10           3   1.7562500449356702E-014
          10           4  -2.3389296876735336E-014
          10           5  0.14553980802177488     
          10           6  -2.4592307736833775E-002
          10           7  0.41934373720172935     
          10           8  0.11007802245021170     
          10           9  -1.8600221066382285E-002
          10          10  0.26960683654003009     
          10          11   2.2059039008978605E-002
          10          12  -3.7273834771569840E-003
          10          13   2.6455642693255899E-002
          10          14  -1.9201095249437188E-015
          10          15  -1.3265817297250284E-016
          10          16  -1.2718180093894988E-015
          10          17   1.4432324717748167E-015
          10          18   2.0498817867816686E-015
          10          19   1.7918945127054939E-015
          10          20  -1.7846312788683977E-015
          10          21  -7.3048553640097084E-015
          10          22  -3.7143487693049255E-015
          10          23  -7.5844090353662081E-015
          10          24   4.0974197738949639E-015
          10          25   8.0128350263099591E-017
          11           1   2.6802992147155209E-015
          11           2  -3.0939316186411653E-015
          11           3  -2.7915992578844458E-015
          11           4  -3.9642502317061212E-015
          11           5   5.2747398117169664E-002
          11           6  -6.4918131276930401E-003
          11           7   3.1140387865839128E-002
          11           8   3.5791038942301533E-002
          11           9  -4.5986311936695029E-003
          11          10   2.2059039008978605E-002
          11          11   4.7676507570919707E-003
          11          12  -7.3671150399572355E-004
          11          13   3.5339097920028782E-003
          11          14  -6.8263308549052705E-017
          11          15   3.9890065472185754E-017
          11          16   7.7569024309978608E-018
          11          17   1.0352374197631357E-017
          11          18  -1.4091459140696463E-016
          11          19  -5.6622496383458283E-017
          11          20   1.0534828370796361E-016
          11          21  -1.3727506552403106E-015
          11          22   1.5871990203307773E-016
          11          23  -1.7926970521770958E-015
          11          24  -3.4122544695393732E-016
          11          25  -1.0615926737706663E-015
          12           1  -2.5067551620172824E-015
          12           2   3.7613153443744651E-015
          12           3   4.5852702650987192E-015
          12           4   9.8116573883074357E-016
          12           5  -6.4918131276771370E-003
          12           6   1.5425121519227408E-002
          12           7  -5.2618868463047506E-003
          12           8  -4.5986311936549321E-003
          12           9   9.3529111024995906E-003
          12          10  -3.7273834771569840E-003
          12          11  -7.3671150399572355E-004
          12          12   5.3220066258755170E-004
          12          13  -5.9713557617231087E-004
          12          14   3.1320982136188091E-018
          12          15   3.3469135717885019E-017
          12          16  -6.4808965769917151E-018
          12          17   1.8035746226194544E-016
          12          18   4.2396900411426787E-017
          12          19  -1.1552659345371648E-017
          12          20  -6.8669234587469878E-017
          12          21   3.3617978964861760E-016
          12          22   3.5091555057693846E-017
          12          23   4.9453821028128401E-016
          12          24   1.4699048959296980E-016
          12          25   1.4108016005365727E-016
          13           1   2.0337201325786398E-015
          13           2  -2.2797367703797348E-015
          13           3  -1.8737310305246284E-015
          13           4  -3.0267030646493828E-015
          13           5   3.1140387865856042E-002
          13           6  -5.2618868463207135E-003
          13           7   3.9568770527903717E-002
          13           8   2.2059039008993708E-002
          13           9  -3.7273834771714125E-003
          13          10   2.6455642693255899E-002
          13          11   3.5339097920028782E-003
          13          12  -5.9713557617231087E-004
          13          13   3.2720983804350547E-003
          13          14  -1.0559971653653657E-016
          13          15   1.5267259846330167E-018
          13          16  -2.9578427482014086E-017
          13          17   9.9045019371543420E-017
          13          18   1.0382048911955766E-017
          13          19   9.4835310605471771E-017
          13          20  -9.0189913169098417E-017
          13          21  -1.1269483059937654E-015
          13          22   9.9853864626733630E-017
          13          23  -1.4049349740946528E-015
          13          24  -1.3005823000705923E-016
          13          25  -4.6034564737594331E-016
          14           1   1.7364723455461442E-003
          14           2  -4.8100047779807403E-003
          14           3  -5.5384003204702655E-003
          14           4  -2.0368684867860833E-004
          14           5  -7.0354805167639985E-016
          14           6  -1.4296515603145086E-015
          14           7  -3.1520081518788143E-015
          14           8  -3.6134381910291317E-016
          14           9  -8.7482052594460935E-016
          14          10  -1.9201095249437188E-015
          14          11  -6.8263308549052705E-017
          14          12   3.1320982136188091E-018
          14          13  -1.0559971653653657E-016
          14          14   1.7617549638268977E-004
          14          15  -4.7515346088592749E-005
          14          16  -6.0398303658785969E-005
          14          17   2.2792496913812404E-004
          14          18  -3.8513181088845479E-005
          14          19   9.2640452641732656E-005
          14          20   3.8687707310026221E-004
          14          21  -2.5875259972877653E-005
          14          22   2.5804693541226122E-004
          14          23   1.2412027515927918E-004
          14          24  -2.0972983574590696E-005
          14          25   3.4138669679914947E-004
          15           1  -9.0376598030682677E-005
          15           2   1.3923501647504890E-005
          15           3  -1.1392806996841204E-004
          15           4  -6.4582672075277130E-005
          15           5   6.5453401393887832E-016
          15           6   2.2751775394100568E-015
          15           7  -2.1614979959583235E-016
          15           8   3.4444833428720369E-016
          15           9   1.3621795594466717E-015
          15          10  -1.3265817297250284E-016
          15          11   3.9890065472185754E-017
          15          12   3.3469135717885019E-017
          15          13   1.5267259846330167E-018
          15          14  -4.7515346088592749E-005
          15          15   1.7985152085152799E-005
          15          16   4.2030792651048452E-005
          15          17  -8.6272448196289412E-005
          15          18   1.4577720172229488E-005
          15          19  -1.5896288462067792E-005
          15          20  -7.5145579651809244E-005
          15          21   1.3110377979056750E-005
          15          22  -9.8704171239403674E-006
          15          23  -6.2888787355385356E-005
          15          24   1.0626511281423460E-005
          15          25  -5.2096689385912814E-005
          16           1   1.2864969798660679E-003
          16           2  -4.7406811601401954E-003
          16           3  -6.1056359330356469E-003
          16           4  -5.2523702998773117E-004
          16           5  -2.0505567794991618E-015
          16           6   3.7545854155257633E-015
          16           7  -2.0651315321688940E-015
          16           8  -1.3857049841414498E-015
          16           9   2.2272270782282186E-015
          16          10  -1.2718180093894988E-015
          16          11   7.7569024309978608E-018
          16          12  -6.4808965769917151E-018
          16          13  -2.9578427482014086E-017
          16          14  -6.0398303658785969E-005
          16          15   4.2030792651048452E-005
          16          16   1.4886849443393788E-004
          16          17  -2.0161627571856669E-004
          16          18   3.4067720472045465E-005
          16          19   1.3494541318466761E-005
          16          20   1.2735310534053183E-005
          16          21   3.9399902554739191E-005
          16          22   2.0890318967133059E-004
          16          23  -1.8899623622927050E-004
          16          24   3.1935273693395101E-005
          16          25   8.2002880997785783E-005
          17           1   4.3352485067161758E-004
          17           2  -6.6789236391478699E-005
          17           3   5.4649821521920994E-004
          17           4   3.0979472426176336E-004
          17           5   8.1067740767268527E-016
          17           6   1.5967283716510481E-015
          17           7   2.2315421047190854E-015
          17           8   8.2544612300311945E-016
          17           9   9.3456271955760389E-016
          17          10   1.4432324717748167E-015
          17          11   1.0352374197631357E-017
          17          12   1.8035746226194544E-016
          17          13   9.9045019371543420E-017
          17          14   2.2792496913812404E-004
          17          15  -8.6272448196289412E-005
          17          16  -2.0161627571856669E-004
          17          17   4.1383777476787498E-004
          17          18  -6.9927438056912423E-005
          17          19   7.6252439587941583E-005
          17          20   3.6046362560517416E-004
          17          21  -6.2888787355120363E-005
          17          22   4.7347114216734804E-005
          17          23   3.0166937836057428E-004
          17          24  -5.0974000091514439E-005
          17          25   2.4990108034377869E-004
          18           1  -7.3254023651366049E-005
          18           2   1.1285582120718583E-005
          18           3  -9.2343479550661273E-005
          18           4  -5.2346964709145091E-005
          18           5  -1.2171797448958012E-015
          18           6   1.6472591124880164E-015
          18           7   3.6644326475454504E-015
          18           8  -9.4049628167686198E-016
          18           9   1.0156106897485839E-015
          18          10   2.0498817867816686E-015
          18          11  -1.4091459140696463E-016
          18          12   4.2396900411426787E-017
          18          13   1.0382048911955766E-017
          18          14  -3.8513181088845479E-005
          18          15   1.4577720172229488E-005
          18          16   3.4067720472045465E-005
          18          17  -6.9927438056912423E-005
          18          18   1.1815853678282703E-005
          18          19  -1.2884608585997866E-005
          18          20  -6.0908644372680967E-005
          18          21   1.0626511281417729E-005
          18          22  -8.0003871045194170E-006
          18          23  -5.0974000091701728E-005
          18          24   8.6132331344335200E-006
          18          25  -4.2226552000823237E-005
          19           1   1.5775844558134258E-003
          19           2  -4.7855263638412965E-003
          19           3  -5.7386932172094288E-003
          19           4  -3.1722735255332031E-004
          19           5  -2.0620392342539111E-015
          19           6   6.3054897106839135E-017
          19           7   3.0496544745197105E-015
          19           8  -1.2503517704699512E-015
          19           9   1.8111539668831416E-017
          19          10   1.7918945127054939E-015
          19          11  -5.6622496383458283E-017
          19          12  -1.1552659345371648E-017
          19          13   9.4835310605471771E-017
          19          14   9.2640452641732656E-005
          19          15  -1.5896288462067792E-005
          19          16   1.3494541318466761E-005
          19          17   7.6252439587941583E-005
          19          18  -1.2884608585997866E-005
          19          19   6.4693752021590073E-005
          19          20   2.5476629626915750E-004
          19          21  -2.8263697070421849E-006
          19          22   2.4069410534614138E-004
          19          23   1.3557729897710285E-005
          19          24  -2.2908912027722997E-006
          19          25   2.4979735598892682E-004
          20           1   1.3515597822449987E-002
          20           2  -1.9280739600999471E-002
          20           3  -2.3244194931269890E-002
          20           4  -1.2483784947218224E-003
          20           5   5.6912719780822937E-015
          20           6  -1.8382070337801462E-015
          20           7  -2.6945458898678590E-015
          20           8   3.3088980952962766E-015
          20           9  -1.1883396064094092E-015
          20          10  -1.7846312788683977E-015
          20          11   1.0534828370796361E-016
          20          12  -6.8669234587469878E-017
          20          13  -9.0189913169098417E-017
          20          14   3.8687707310026221E-004
          20          15  -7.5145579651809244E-005
          20          16   1.2735310534053183E-005
          20          17   3.6046362560517416E-004
          20          18  -6.0908644372680967E-005
          20          19   2.5476629626915750E-004
          20          20   1.0883802654445846E-003
          20          21  -2.0055263341704177E-005
          20          22   9.8852726530426977E-004
          20          23   9.6202504129181120E-005
          20          24  -1.6255632178770696E-005
          20          25   1.0531218186813963E-003
          21           1   4.1523372188192412E-004
          21           2  -8.5791791071342680E-004
          21           3  -1.1510145914496415E-003
          21           4  -1.1547191292130154E-004
          21           5  -1.2485327764207515E-014
          21           6   6.7114998416630714E-015
          21           7  -1.0364264805915472E-014
          21           8  -8.8661345463513585E-015
          21           9   4.2411091786555130E-015
          21          10  -7.3048553640097084E-015
          21          11  -1.3727506552403106E-015
          21          12   3.3617978964861760E-016
          21          13  -1.1269483059937654E-015
          21          14  -2.5875259972877653E-005
          21          15   1.3110377979056750E-005
          21          16   3.9399902554739191E-005
          21          17  -6.2888787355120363E-005
          21          18   1.0626511281417729E-005
          21          19  -2.8263697070421849E-006
          21          20  -2.0055263341704177E-005
          21          21   1.1134451684237010E-005
          21          22   3.5381974585967821E-005
          21          23  -5.3410524502559588E-005
          21          24   9.0249401370454840E-006
          21          25  -4.8017897337170170E-007
          22           1   1.5583001884047393E-002
          22           2  -2.3552220648036477E-002
          22           3  -2.8974972842358025E-002
          22           4  -1.8233007353586211E-003
          22           5  -6.9707242324997683E-015
          22           6   8.9408232110906138E-015
          22           7  -6.5180862934306236E-015
          22           8  -3.9977498216491563E-015
          22           9   5.1607347283689035E-015
          22          10  -3.7143487693049255E-015
          22          11   1.5871990203307773E-016
          22          12   3.5091555057693846E-017
          22          13   9.9853864626733630E-017
          22          14   2.5804693541226122E-004
          22          15  -9.8704171239403674E-006
          22          16   2.0890318967133059E-004
          22          17   4.7347114216734804E-005
          22          18  -8.0003871045194170E-006
          22          19   2.4069410534614138E-004
          22          20   9.8852726530426977E-004
          22          21   3.5381974585967821E-005
          22          22   1.1646903130309687E-003
          22          23  -1.6972275547582738E-004
          22          24   2.8678574538268153E-005
          22          25   1.0507310591934701E-003
          23           1  -1.9918224539338348E-003
          23           2   4.1153212471134763E-003
          23           3   5.5212681129295938E-003
          23           4   5.5390383014145743E-004
          23           5  -1.3377235426940276E-014
          23           6   4.4892325637821882E-015
          23           7  -1.0386055426241370E-014
          23           8  -9.5300296996036676E-015
          23           9   2.9988425867010629E-015
          23          10  -7.5844090353662081E-015
          23          11  -1.7926970521770958E-015
          23          12   4.9453821028128401E-016
          23          13  -1.4049349740946528E-015
          23          14   1.2412027515927918E-004
          23          15  -6.2888787355385356E-005
          23          16  -1.8899623622927050E-004
          23          17   3.0166937836057428E-004
          23          18  -5.0974000091701728E-005
          23          19   1.3557729897710285E-005
          23          20   9.6202504129181120E-005
          23          21  -5.3410524502559588E-005
          23          22  -1.6972275547582738E-004
          23          23   2.5620337745746832E-004
          23          24  -4.3291470473234375E-005
          23          25   2.3033564257855549E-006
          24           1   3.3656434902936614E-004
          24           2  -6.9537845295537153E-004
          24           3  -9.3294560695879878E-004
          24           4  -9.3594829020679076E-005
          24           5   2.9005050437516659E-015
          24           6   3.4105220821783121E-015
          24           7   7.7086108896002024E-015
          24           8   1.0711170237247090E-015
          24           9   2.1444514709541203E-015
          24          10   4.0974197738949639E-015
          24          11  -3.4122544695393732E-016
          24          12   1.4699048959296980E-016
          24          13  -1.3005823000705923E-016
          24          14  -2.0972983574590696E-005
          24          15   1.0626511281423460E-005
          24          16   3.1935273693395101E-005
          24          17  -5.0974000091514439E-005
          24          18   8.6132331344335200E-006
          24          19  -2.2908912027722997E-006
          24          20  -1.6255632178770696E-005
          24          21   9.0249401370454840E-006
          24          22   2.8678574538268153E-005
          24          23  -4.3291470473234375E-005
          24          24   7.3150925422364771E-006
          24          25  -3.8920519953132633E-007
          25           1   1.4245605493144371E-002
          25           2  -2.0789014634158647E-002
          25           3  -2.5267752837460040E-002
          25           4  -1.4513855669787106E-003
          25           5  -1.4625512650176217E-014
          25           6   3.6876115333018693E-015
          25           7   1.5217514576559232E-015
          25           8  -9.7244344720373470E-015
          25           9   2.2465946866383545E-015
          25          10   8.0128350263099591E-017
          25          11  -1.0615926737706663E-015
          25          12   1.4108016005365727E-016
          25          13  -4.6034564737594331E-016
          25          14   3.4138669679914947E-004
          25          15  -5.2096689385912814E-005
          25          16   8.2002880997785783E-005
          25          17   2.4990108034377869E-004
          25          18  -4.2226552000823237E-005
          25          19   2.4979735598892682E-004
          25          20   1.0531218186813963E-003
          25          21  -4.8017897337170170E-007
          25          22   1.0507310591934701E-003
          25          23   2.3033564257855549E-006
          25          24  -3.8920519953132633E-007
          25          25   1.0522776330685623E-003
