           1           1   2.9082884329920695     
           1           2   6.1272135489665764     
           1           3   11.900270955518049     
           1           4  -21.560341073212761     
           1           5  -5.0203270788688847     
           1           6  -2.4978747222582198E-012
           1           7  -1.0162184888151905E-010
           1           8  -9.2485228653980663E-012
           1           9   5.0132798026945745E-013
           1          10   6.3328502810316449E-012
           1          11   7.4949478132759352E-013
           1          12  -4.0470232415083176E-013
           1          13  -5.3613464450201311E-013
           1          14  -3.0236871661321892E-013
           1          15   2.1896314589872080E-013
           1          16   4.0859751341525414E-012
           1          17   4.6042489738781398E-013
           1          18   2.4335345111323452     
           1          19   1.0325153968725978E-013
           1          20   2.4335345111331819     
           1          21   4.9514652659233568E-014
           1          22  -2.2601469113716767E-014
           1          23   2.4335345111332551     
           1          24   4.8000674954236349     
           1          25  -6.3233896437473384E-014
           1          26   4.8000674954247726     
           1          27  -3.3675969885841056E-014
           1          28  -2.9613884262918915E-014
           1          29   4.8000674954249041     
           2           1   6.1272135489665764     
           2           2   43.228297689467169     
           2           3   80.737991402600926     
           2           4  -145.43253272464418     
           2           5  -33.725824658150749     
           2           6  -1.7254579432117407E-013
           2           7  -6.4074081320611604E-012
           2           8  -4.3387608570936418E-013
           2           9   2.1032505472762294E-012
           2          10  -1.9408741909945372E-012
           2          11   1.1956740374289925E-012
           2          12  -2.5604133286989367E-012
           2          13   2.9246040428838365E-012
           2          14  -1.2461477028400422E-012
           2          15   8.2659567730014024E-013
           2          16  -8.7675516915773050E-013
           2          17   3.4009953017280467E-013
           2          18   16.231480446557779     
           2          19   6.9679411006386954E-013
           2          20   16.231480446556144     
           2          21   3.3175463782780735E-013
           2          22  -1.1954982534446779E-013
           2          23   16.231480446555977     
           2          24   32.242925414233007     
           2          25  -4.3822220080737011E-013
           2          26   32.242925414233937     
           2          27  -2.2635253251834481E-013
           2          28  -1.9636995249209134E-013
           2          29   32.242925414234215     
           3           1   11.900270955518049     
           3           2   80.737991402600926     
           3           3   167.86793214776844     
           3           4  -281.78585614870531     
           3           5  -65.177512586125772     
           3           6   2.7718880036108975E-013
           3           7   4.7813051279557829E-012
           3           8   9.0603645762062007E-014
           3           9   6.0206002714311185E-012
           3          10  -5.8548296223896827E-012
           3          11  -1.7464953419108841E-012
           3          12  -7.0519885407088603E-012
           3          13   6.2734015711145465E-012
           3          14   1.8685560176222267E-012
           3          15   2.0335282412030993E-012
           3          16  -2.6304009542853880E-012
           3          17  -3.0733488067264273E-013
           3          18   27.356567633528776     
           3          19   1.2606051765308810E-012
           3          20   27.356567633526396     
           3          21   6.0249451267515769E-013
           3          22  -2.4217363620943375E-013
           3          23   27.356567633526090     
           3          24   61.592171535819062     
           3          25  -8.0512136585790979E-013
           3          26   61.592171535821592     
           3          27  -4.3611250243509646E-013
           3          28  -3.7307337939069930E-013
           3          29   61.592171535822082     
           4           1  -21.560341073212761     
           4           2  -145.43253272464418     
           4           3  -281.78585614870531     
           4           4   511.46459617505053     
           4           5   118.48909597652178     
           4           6   5.5472893859914047E-013
           4           7   5.9422176869745210E-012
           4           8   9.6278583333991745E-015
           4           9  -6.4387249118500488E-012
           4          10   4.9684520264643979E-012
           4          11  -6.2691981818216242E-012
           4          12   8.1807194930776078E-012
           4          13  -8.4903917446546518E-012
           4          14   6.3607142690684323E-012
           4          15  -2.8328261183775370E-012
           4          16   3.4535166131331022E-012
           4          17  -1.4218382625517884E-012
           4          18  -57.551979183235780     
           4          19  -2.4420440763069061E-012
           4          20  -57.551979183232326     
           4          21  -1.1745005461018185E-012
           4          22   4.5923450168253335E-013
           4          23  -57.551979183231737     
           4          24  -113.39234617656881     
           4          25   1.5207088158317418E-012
           4          26  -113.39234617657365     
           4          27   8.1076568314852311E-013
           4          28   6.8927318999901519E-013
           4          29  -113.39234617657459     
           5           1  -5.0203270788688847     
           5           2  -33.725824658150749     
           5           3  -65.177512586125772     
           5           4   118.48909597652178     
           5           5   27.451921143215912     
           5           6  -1.9997340620716190E-013
           5           7  -2.0947160925601707E-012
           5           8   8.7305952709816265E-014
           5           9  -1.6005687061074959E-012
           5          10   2.3223444041795983E-012
           5          11  -1.4869195760685768E-012
           5          12   1.9584648241125649E-012
           5          13  -3.0798354381317092E-012
           5          14   1.5046596968700992E-012
           5          15  -6.5583303267977682E-013
           5          16   8.7135005367280354E-013
           5          17  -3.4226290679502277E-013
           5          18  -13.370132961811704     
           5          19  -5.6657400617921453E-013
           5          20  -13.370132961810910     
           5          21  -2.7245535233597196E-013
           5          22   1.0629709480179731E-013
           5          23  -13.370132961810771     
           5          24  -26.277540419472075     
           5          25   3.5270943103235698E-013
           5          26  -26.277540419473205     
           5          27   1.8782918897513132E-013
           5          28   1.5975792186399657E-013
           5          29  -26.277540419473418     
           6           1  -2.4978747222582198E-012
           6           2  -1.7254579432117407E-013
           6           3   2.7718880036108975E-013
           6           4   5.5472893859914047E-013
           6           5  -1.9997340620716190E-013
           6           6   1.9072707655101135     
           6           7   8.3776760850844696E-003
           6           8   4.2211537004554336E-002
           6           9 -0.19334501317698319     
           6          10   5.8668124038122049E-002
           6          11  0.29560365710874031     
           6          12  0.20966234667291289     
           6          13  -4.4140908085420628E-002
           6          14 -0.22240721127665286     
           6          15  -3.5295556754735648E-002
           6          16   3.1744836465722273E-003
           6          17   1.5994869288009084E-002
           6          18   6.0840899330012073E-013
           6          19   5.0583666883661263E-015
           6          20  -3.8379286854463572E-013
           6          21  -7.4046077631033495E-015
           6          22   1.7454344864920661E-015
           6          23  -5.2421736218726055E-013
           6          24   4.1452873093898683E-013
           6          25  -3.7444861470131755E-015
           6          26  -3.7341464244215447E-013
           6          27   8.1503444581365747E-015
           6          28  -9.0458359916463592E-015
           6          29  -4.7014983283919700E-013
           7           1  -1.0162184888151905E-010
           7           2  -6.4074081320611604E-012
           7           3   4.7813051279557829E-012
           7           4   5.9422176869745210E-012
           7           5  -2.0947160925601707E-012
           7           6   8.3776760850844696E-003
           7           7   1.9282631520991780     
           7           8  -1.4780443162985530E-002
           7           9   5.8668124038147411E-002
           7          10  -4.6337188124357609E-002
           7          11 -0.10350613511647787     
           7          12  -4.4140908085430856E-002
           7          13   9.9056135891967434E-002
           7          14   7.7876272189727369E-002
           7          15   3.1744836465896135E-003
           7          16  -2.7341084983253577E-002
           7          17  -5.6006313246822507E-003
           7          18   1.8660157342509142E-012
           7          19  -4.1739747217019815E-014
           7          20   3.6077934244178291E-012
           7          21   1.5304140827227024E-014
           7          22  -8.5335707638190746E-015
           7          23   4.0012087353584465E-012
           7          24  -7.0816761555128934E-012
           7          25   8.0320100956566984E-015
           7          26  -5.7591159942427663E-012
           7          27   2.9390944706248244E-014
           7          28  -2.0320018144064497E-014
           7          29  -5.4514786572574163E-012
           8           1  -9.2485228653980663E-012
           8           2  -4.3387608570936418E-013
           8           3   9.0603645762062007E-014
           8           4   9.6278583333991745E-015
           8           5   8.7305952709816265E-014
           8           6   4.2211537004554336E-002
           8           7  -1.4780443162985530E-002
           8           8   1.8567242602119207     
           8           9  0.29560365710869813     
           8          10 -0.10350613511643933     
           8          11 -0.54731771544080576     
           8          12 -0.22240721127661864     
           8          13   7.7876272189683585E-002
           8          14  0.47598544412226695     
           8          15   1.5994869288001635E-002
           8          16  -5.6006313246669184E-003
           8          17  -5.4448726778442223E-002
           8          18  -6.7920689261883729E-013
           8          19  -7.7478584948374317E-016
           8          20   1.1235542324388149E-012
           8          21   1.8123512676264524E-014
           8          22  -4.3967963680593002E-015
           8          23   1.1657344419004668E-012
           8          24  -1.4790122705496466E-012
           8          25   5.1943219176347426E-015
           8          26  -1.0126662035458468E-013
           8          27  -2.1145468936528651E-014
           8          28   6.6582382486510181E-015
           8          29  -7.3975494760208841E-014
           9           1   5.0132798026945745E-013
           9           2   2.1032505472762294E-012
           9           3   6.0206002714311185E-012
           9           4  -6.4387249118500488E-012
           9           5  -1.6005687061074959E-012
           9           6 -0.19334501317698319     
           9           7   5.8668124038147411E-002
           9           8  0.29560365710869813     
           9           9   4.0915973404229220     
           9          10  0.41084767937981048     
           9          11   2.0700862441142287     
           9          12  -3.1042475862734062     
           9          13 -0.30911487200152249     
           9          14  -1.5574980132475771     
           9          15  0.23137349925863576     
           9          16   2.2230627974073106E-002
           9          17  0.11201065376981709     
           9          18  -3.9584498263068158E-013
           9          19  -1.1894739009391847E-014
           9          20   2.7080377807505854E-013
           9          21   2.4570222120320698E-014
           9          22  -4.7219123975840251E-014
           9          23   2.2254054185359402E-013
           9          24   9.6175965662513987E-013
           9          25   2.0174293120804478E-014
           9          26   1.2578515661615637E-012
           9          27  -3.6291594412705627E-014
           9          28  -1.4049974997714678E-015
           9          29   1.3595008854386507E-012
          10           1   6.3328502810316449E-012
          10           2  -1.9408741909945372E-012
          10           3  -5.8548296223896827E-012
          10           4   4.9684520264643979E-012
          10           5   2.3223444041795983E-012
          10           6   5.8668124038122049E-002
          10           7  -4.6337188124357609E-002
          10           8 -0.10350613511643933     
          10           9  0.41084767937981048     
          10          10   5.1210801262420045     
          10          11 -0.72484430193367688     
          10          12 -0.30911487200153837     
          10          13  -3.8788130895922759     
          10          14  0.54536064059426503     
          10          15   2.2230627974119406E-002
          10          16  0.28707796095059113     
          10          17  -3.9220725402956041E-002
          10          18  -9.2358166115263359E-013
          10          19   4.6860664467567075E-014
          10          20  -1.2330989373061694E-012
          10          21   2.6434269503841281E-014
          10          22  -5.2804164079906524E-014
          10          23  -1.2885196390768341E-012
          10          24   5.4704518184704186E-014
          10          25  -1.0692675278957057E-014
          10          26  -4.2233954997853424E-013
          10          27  -5.7719924393655356E-014
          10          28  -1.6429750596077853E-014
          10          29  -4.3547620137959217E-013
          11           1   7.4949478132759352E-013
          11           2   1.1956740374289925E-012
          11           3  -1.7464953419108841E-012
          11           4  -6.2691981818216242E-012
          11           5  -1.4869195760685768E-012
          11           6  0.29560365710874031     
          11           7 -0.10350613511647787     
          11           8 -0.54731771544080576     
          11           9   2.0700862441142287     
          11          10 -0.72484430193367688     
          11          11   1.6127578398723468     
          11          12  -1.5574980132476044     
          11          13  0.54536064059427491     
          11          14  -1.2392105095600798     
          11          15  0.11201065376982346     
          11          16  -3.9220725402996946E-002
          11          17   9.7245545007148493E-002
          11          18   2.5481926734934797E-012
          11          19  -1.1249455457258083E-014
          11          20   1.8980157580796179E-012
          11          21  -1.5109548827065953E-015
          11          22  -1.3438888145307015E-014
          11          23   1.8013387370772063E-012
          11          24   2.4084425593740841E-012
          11          25   9.9759114118662364E-015
          11          26   1.8322584353211691E-012
          11          27  -1.1042357106907352E-015
          11          28  -6.5129083224077856E-016
          11          29   1.8349390513644164E-012
          12           1  -4.0470232415083176E-013
          12           2  -2.5604133286989367E-012
          12           3  -7.0519885407088603E-012
          12           4   8.1807194930776078E-012
          12           5   1.9584648241125649E-012
          12           6  0.20966234667291289     
          12           7  -4.4140908085430856E-002
          12           8 -0.22240721127661864     
          12           9  -3.1042475862734062     
          12          10 -0.30911487200153837     
          12          11  -1.5574980132476044     
          12          12   2.3572460021184169     
          12          13  0.23257282172498078     
          12          14   1.1718352644327479     
          12          15 -0.17634865402103728     
          12          16  -1.6725949945957871E-002
          12          17  -8.4274928740325550E-002
          12          18   1.9019333741342309E-013
          12          19   9.1735727506729796E-015
          12          20  -3.4745816342946259E-013
          12          21  -1.8848283809346714E-014
          12          22   3.5808483917623215E-014
          12          23  -3.1557588097352437E-013
          12          24  -1.3927169190579721E-012
          12          25  -1.5398604426166344E-014
          12          26  -1.6430355465707627E-012
          12          27   2.7747518458927544E-014
          12          28   7.6364225263862013E-016
          12          29  -1.7232056990262354E-012
          13           1  -5.3613464450201311E-013
          13           2   2.9246040428838365E-012
          13           3   6.2734015711145465E-012
          13           4  -8.4903917446546518E-012
          13           5  -3.0798354381317092E-012
          13           6  -4.4140908085420628E-002
          13           7   9.9056135891967434E-002
          13           8   7.7876272189683585E-002
          13           9 -0.30911487200152249     
          13          10  -3.8788130895922759     
          13          11  0.54536064059427491     
          13          12  0.23257282172498078     
          13          13   2.9400160369318482     
          13          14 -0.41032015774417496     
          13          15  -1.6725949945991404E-002
          13          16 -0.21825975248900159     
          13          17   2.9509013002195661E-002
          13          18   1.7410801766678290E-012
          13          19  -3.6863963699938895E-014
          13          20   2.0332084444738057E-012
          13          21  -1.9506192705736822E-014
          13          22   3.9696010546955733E-014
          13          23   2.0882208030306353E-012
          13          24   9.7579538024021674E-013
          13          25   8.3621209112978719E-015
          13          26   1.3808534214848052E-012
          13          27   4.4676042423001882E-014
          13          28   1.1765154378876589E-014
          13          29   1.4010058252437957E-012
          14           1  -3.0236871661321892E-013
          14           2  -1.2461477028400422E-012
          14           3   1.8685560176222267E-012
          14           4   6.3607142690684323E-012
          14           5   1.5046596968700992E-012
          14           6 -0.22240721127665286     
          14           7   7.7876272189727369E-002
          14           8  0.47598544412226695     
          14           9  -1.5574980132475771     
          14          10  0.54536064059426503     
          14          11  -1.2392105095600798     
          14          12   1.1718352644327479     
          14          13 -0.41032015774417496     
          14          14  0.95402352775377519     
          14          15  -8.4274928740328950E-002
          14          16   2.9509013002226327E-002
          14          17  -7.5433041030696146E-002
          14          18  -2.6197152660953136E-012
          14          19   8.4914908159660857E-015
          14          20  -2.0676433078206511E-012
          14          21   1.7452524677306267E-015
          14          22   1.0028989491209174E-014
          14          23  -1.9930477362597636E-012
          14          24  -2.3218283110805167E-012
          14          25  -7.3806388999677665E-015
          14          26  -1.8398784121079777E-012
          14          27   1.3450411526376488E-016
          14          28   7.1400374204079153E-016
          14          29  -1.8410025341707533E-012
          15           1   2.1896314589872080E-013
          15           2   8.2659567730014024E-013
          15           3   2.0335282412030993E-012
          15           4  -2.8328261183775370E-012
          15           5  -6.5583303267977682E-013
          15           6  -3.5295556754735648E-002
          15           7   3.1744836465896135E-003
          15           8   1.5994869288001635E-002
          15           9  0.23137349925863576     
          15          10   2.2230627974119406E-002
          15          11  0.11201065376982346     
          15          12 -0.17634865402103728     
          15          13  -1.6725949945991404E-002
          15          14  -8.4274928740328950E-002
          15          15   1.3396497572731562E-002
          15          16   1.2028808848787021E-003
          15          17   6.0608037919264758E-003
          15          18   1.2954249341632701E-013
          15          19  -7.3033812740066732E-016
          15          20   1.7957085097427421E-013
          15          21   1.4695429876642460E-015
          15          22  -2.6639324105261346E-015
          15          23   1.7867323296711712E-013
          15          24   5.7157947884319379E-013
          15          25   1.1766491598702879E-015
          15          26   5.9825654286856256E-013
          15          27  -2.1348308534360338E-015
          15          28   3.7503284219716816E-017
          15          29   6.0518458230794358E-013
          16           1   4.0859751341525414E-012
          16           2  -8.7675516915773050E-013
          16           3  -2.6304009542853880E-012
          16           4   3.4535166131331022E-012
          16           5   8.7135005367280354E-013
          16           6   3.1744836465722273E-003
          16           7  -2.7341084983253577E-002
          16           8  -5.6006313246669184E-003
          16           9   2.2230627974073106E-002
          16          10  0.28707796095059113     
          16          11  -3.9220725402996946E-002
          16          12  -1.6725949945957871E-002
          16          13 -0.21825975248900159     
          16          14   2.9509013002226327E-002
          16          15   1.2028808848787021E-003
          16          16   1.6410619902055081E-002
          16          17  -2.1222009982449297E-003
          16          18  -2.6283159572129697E-013
          16          19   3.1571989090688218E-015
          16          20  -3.0250198367849530E-013
          16          21   1.2823589574045202E-015
          16          22  -2.8444413861725651E-015
          16          23  -3.1065173701576652E-013
          16          24  -5.6546878977181704E-013
          16          25  -7.0125848232927616E-016
          16          26  -6.0913037638950244E-013
          16          27  -3.6061925949889108E-015
          16          28  -6.5830878013551582E-016
          16          29  -6.1381373326182272E-013
          17           1   4.6042489738781398E-013
          17           2   3.4009953017280467E-013
          17           3  -3.0733488067264273E-013
          17           4  -1.4218382625517884E-012
          17           5  -3.4226290679502277E-013
          17           6   1.5994869288009084E-002
          17           7  -5.6006313246822507E-003
          17           8  -5.4448726778442223E-002
          17           9  0.11201065376981709     
          17          10  -3.9220725402956041E-002
          17          11   9.7245545007148493E-002
          17          12  -8.4274928740325550E-002
          17          13   2.9509013002195661E-002
          17          14  -7.5433041030696146E-002
          17          15   6.0608037919264758E-003
          17          16  -2.1222009982449297E-003
          17          17   6.1389449527684574E-003
          17          18   5.4909891287252504E-013
          17          19  -6.1937229690967017E-016
          17          20   4.8958864801169234E-013
          17          21  -3.1713761984030640E-016
          17          22  -6.9536562240134673E-016
          17          23   4.8363897149760153E-013
          17          24   4.4967128842005252E-013
          17          25   4.9140384591204800E-016
          17          26   3.9975531800429388E-013
          17          27   2.0962498227138578E-016
          17          28  -1.2189170820921451E-016
          17          29   3.9955500048056458E-013
          18           1   2.4335345111323452     
          18           2   16.231480446557779     
          18           3   27.356567633528776     
          18           4  -57.551979183235780     
          18           5  -13.370132961811704     
          18           6   6.0840899330012073E-013
          18           7   1.8660157342509142E-012
          18           8  -6.7920689261883729E-013
          18           9  -3.9584498263068158E-013
          18          10  -9.2358166115263359E-013
          18          11   2.5481926734934797E-012
          18          12   1.9019333741342309E-013
          18          13   1.7410801766678290E-012
          18          14  -2.6197152660953136E-012
          18          15   1.2954249341632701E-013
          18          16  -2.6283159572129697E-013
          18          17   5.4909891287252504E-013
          18          18   7.9794289721321920     
          18          19   3.0430802221712674E-013
          18          20   7.9794289721319549     
          18          21   1.4752829338796475E-013
          18          22  -5.4989306129610844E-014
          18          23   7.9794289721318776     
          18          24   13.064756983466509     
          18          25  -1.8269646292985841E-013
          18          26   13.064756983467095     
          18          27  -9.4714867550419905E-014
          18          28  -7.9894777491602218E-014
          18          29   13.064756983467207     
          19           1   1.0325153968725978E-013
          19           2   6.9679411006386954E-013
          19           3   1.2606051765308810E-012
          19           4  -2.4420440763069061E-012
          19           5  -5.6657400617921453E-013
          19           6   5.0583666883661263E-015
          19           7  -4.1739747217019815E-014
          19           8  -7.7478584948374317E-016
          19           9  -1.1894739009391847E-014
          19          10   4.6860664467567075E-014
          19          11  -1.1249455457258083E-014
          19          12   9.1735727506729796E-015
          19          13  -3.6863963699938895E-014
          19          14   8.4914908159660857E-015
          19          15  -7.3033812740066732E-016
          19          16   3.1571989090688218E-015
          19          17  -6.1937229690967017E-016
          19          18   3.0430802221712674E-013
          19          19   1.3626577234264163E-026
          19          20   3.0430802221706797E-013
          19          21   5.7318421948570061E-027
          19          22  -2.3688157712415671E-027
          19          23   3.0430802221705591E-013
          19          24   5.4747632253206363E-013
          19          25  -7.8518250840520315E-027
          19          26   5.4747632253205182E-013
          19          27  -4.9543678007601824E-027
          19          28  -3.0679231396735495E-027
          19          29   5.4747632253204929E-013
          20           1   2.4335345111331819     
          20           2   16.231480446556144     
          20           3   27.356567633526396     
          20           4  -57.551979183232326     
          20           5  -13.370132961810910     
          20           6  -3.8379286854463572E-013
          20           7   3.6077934244178291E-012
          20           8   1.1235542324388149E-012
          20           9   2.7080377807505854E-013
          20          10  -1.2330989373061694E-012
          20          11   1.8980157580796179E-012
          20          12  -3.4745816342946259E-013
          20          13   2.0332084444738057E-012
          20          14  -2.0676433078206511E-012
          20          15   1.7957085097427421E-013
          20          16  -3.0250198367849530E-013
          20          17   4.8958864801169234E-013
          20          18   7.9794289721319549     
          20          19   3.0430802221706797E-013
          20          20   7.9794289721317169     
          20          21   1.4752829338799489E-013
          20          22  -5.4989306129627403E-014
          20          23   7.9794289721316387     
          20          24   13.064756983465777     
          20          25  -1.8269646292983061E-013
          20          26   13.064756983466360     
          20          27  -9.4714867550414477E-014
          20          28  -7.9894777491604553E-014
          20          29   13.064756983466474     
          21           1   4.9514652659233568E-014
          21           2   3.3175463782780735E-013
          21           3   6.0249451267515769E-013
          21           4  -1.1745005461018185E-012
          21           5  -2.7245535233597196E-013
          21           6  -7.4046077631033495E-015
          21           7   1.5304140827227024E-014
          21           8   1.8123512676264524E-014
          21           9   2.4570222120320698E-014
          21          10   2.6434269503841281E-014
          21          11  -1.5109548827065953E-015
          21          12  -1.8848283809346714E-014
          21          13  -1.9506192705736822E-014
          21          14   1.7452524677306267E-015
          21          15   1.4695429876642460E-015
          21          16   1.2823589574045202E-015
          21          17  -3.1713761984030640E-016
          21          18   1.4752829338796475E-013
          21          19   5.7318421948570061E-027
          21          20   1.4752829338799489E-013
          21          21   3.4231572229523058E-027
          21          22  -1.6926830728852188E-027
          21          23   1.4752829338799701E-013
          21          24   2.6349713415461594E-013
          21          25  -3.4430609616348829E-027
          21          26   2.6349713415465320E-013
          21          27  -2.3539070802721082E-027
          21          28  -1.7617204226492194E-027
          21          29   2.6349713415465896E-013
          22           1  -2.2601469113716767E-014
          22           2  -1.1954982534446779E-013
          22           3  -2.4217363620943375E-013
          22           4   4.5923450168253335E-013
          22           5   1.0629709480179731E-013
          22           6   1.7454344864920661E-015
          22           7  -8.5335707638190746E-015
          22           8  -4.3967963680593002E-015
          22           9  -4.7219123975840251E-014
          22          10  -5.2804164079906524E-014
          22          11  -1.3438888145307015E-014
          22          12   3.5808483917623215E-014
          22          13   3.9696010546955733E-014
          22          14   1.0028989491209174E-014
          22          15  -2.6639324105261346E-015
          22          16  -2.8444413861725651E-015
          22          17  -6.9536562240134673E-016
          22          18  -5.4989306129610844E-014
          22          19  -2.3688157712415671E-027
          22          20  -5.4989306129627403E-014
          22          21  -1.6926830728852188E-027
          22          22   1.5255936916447402E-027
          22          23  -5.4989306129627782E-014
          22          24  -1.0235821134891234E-013
          22          25   1.1995842451630871E-027
          22          26  -1.0235821134892703E-013
          22          27   1.5869455786589550E-027
          22          28   8.7099128424847285E-028
          22          29  -1.0235821134893029E-013
          23           1   2.4335345111332551     
          23           2   16.231480446555977     
          23           3   27.356567633526090     
          23           4  -57.551979183231737     
          23           5  -13.370132961810771     
          23           6  -5.2421736218726055E-013
          23           7   4.0012087353584465E-012
          23           8   1.1657344419004668E-012
          23           9   2.2254054185359402E-013
          23          10  -1.2885196390768341E-012
          23          11   1.8013387370772063E-012
          23          12  -3.1557588097352437E-013
          23          13   2.0882208030306353E-012
          23          14  -1.9930477362597636E-012
          23          15   1.7867323296711712E-013
          23          16  -3.1065173701576652E-013
          23          17   4.8363897149760153E-013
          23          18   7.9794289721318776     
          23          19   3.0430802221705591E-013
          23          20   7.9794289721316387     
          23          21   1.4752829338799701E-013
          23          22  -5.4989306129627782E-014
          23          23   7.9794289721315632     
          23          24   13.064756983465642     
          23          25  -1.8269646292982690E-013
          23          26   13.064756983466228     
          23          27  -9.4714867550407624E-014
          23          28  -7.9894777491606876E-014
          23          29   13.064756983466339     
          24           1   4.8000674954236349     
          24           2   32.242925414233007     
          24           3   61.592171535819062     
          24           4  -113.39234617656881     
          24           5  -26.277540419472075     
          24           6   4.1452873093898683E-013
          24           7  -7.0816761555128934E-012
          24           8  -1.4790122705496466E-012
          24           9   9.6175965662513987E-013
          24          10   5.4704518184704186E-014
          24          11   2.4084425593740841E-012
          24          12  -1.3927169190579721E-012
          24          13   9.7579538024021674E-013
          24          14  -2.3218283110805167E-012
          24          15   5.7157947884319379E-013
          24          16  -5.6546878977181704E-013
          24          17   4.4967128842005252E-013
          24          18   13.064756983466509     
          24          19   5.4747632253206363E-013
          24          20   13.064756983465777     
          24          21   2.6349713415461594E-013
          24          22  -1.0235821134891234E-013
          24          23   13.064756983465642     
          24          24   25.201843418204341     
          24          25  -3.3958752804117421E-013
          24          26   25.201843418205428     
          24          27  -1.8039371001299876E-013
          24          28  -1.5330078779000565E-013
          24          29   25.201843418205634     
          25           1  -6.3233896437473384E-014
          25           2  -4.3822220080737011E-013
          25           3  -8.0512136585790979E-013
          25           4   1.5207088158317418E-012
          25           5   3.5270943103235698E-013
          25           6  -3.7444861470131755E-015
          25           7   8.0320100956566984E-015
          25           8   5.1943219176347426E-015
          25           9   2.0174293120804478E-014
          25          10  -1.0692675278957057E-014
          25          11   9.9759114118662364E-015
          25          12  -1.5398604426166344E-014
          25          13   8.3621209112978719E-015
          25          14  -7.3806388999677665E-015
          25          15   1.1766491598702879E-015
          25          16  -7.0125848232927616E-016
          25          17   4.9140384591204800E-016
          25          18  -1.8269646292985841E-013
          25          19  -7.8518250840520315E-027
          25          20  -1.8269646292983061E-013
          25          21  -3.4430609616348829E-027
          25          22   1.1995842451630871E-027
          25          23  -1.8269646292982690E-013
          25          24  -3.3958752804117421E-013
          25          25   4.8081899869641775E-027
          25          26  -3.3958752804117517E-013
          25          27   2.4473230796766440E-027
          25          28   2.0468706292659562E-027
          25          29  -3.3958752804117603E-013
          26           1   4.8000674954247726     
          26           2   32.242925414233937     
          26           3   61.592171535821592     
          26           4  -113.39234617657365     
          26           5  -26.277540419473205     
          26           6  -3.7341464244215447E-013
          26           7  -5.7591159942427663E-012
          26           8  -1.0126662035458468E-013
          26           9   1.2578515661615637E-012
          26          10  -4.2233954997853424E-013
          26          11   1.8322584353211691E-012
          26          12  -1.6430355465707627E-012
          26          13   1.3808534214848052E-012
          26          14  -1.8398784121079777E-012
          26          15   5.9825654286856256E-013
          26          16  -6.0913037638950244E-013
          26          17   3.9975531800429388E-013
          26          18   13.064756983467095     
          26          19   5.4747632253205182E-013
          26          20   13.064756983466360     
          26          21   2.6349713415465320E-013
          26          22  -1.0235821134892703E-013
          26          23   13.064756983466228     
          26          24   25.201843418205428     
          26          25  -3.3958752804117517E-013
          26          26   25.201843418206511     
          26          27  -1.8039371001300230E-013
          26          28  -1.5330078779001638E-013
          26          29   25.201843418206717     
          27           1  -3.3675969885841056E-014
          27           2  -2.2635253251834481E-013
          27           3  -4.3611250243509646E-013
          27           4   8.1076568314852311E-013
          27           5   1.8782918897513132E-013
          27           6   8.1503444581365747E-015
          27           7   2.9390944706248244E-014
          27           8  -2.1145468936528651E-014
          27           9  -3.6291594412705627E-014
          27          10  -5.7719924393655356E-014
          27          11  -1.1042357106907352E-015
          27          12   2.7747518458927544E-014
          27          13   4.4676042423001882E-014
          27          14   1.3450411526376488E-016
          27          15  -2.1348308534360338E-015
          27          16  -3.6061925949889108E-015
          27          17   2.0962498227138578E-016
          27          18  -9.4714867550419905E-014
          27          19  -4.9543678007601824E-027
          27          20  -9.4714867550414477E-014
          27          21  -2.3539070802721082E-027
          27          22   1.5869455786589550E-027
          27          23  -9.4714867550407624E-014
          27          24  -1.8039371001299876E-013
          27          25   2.4473230796766440E-027
          27          26  -1.8039371001300230E-013
          27          27   2.8880125481545732E-027
          27          28   8.6884206210313907E-028
          27          29  -1.8039371001300038E-013
          28           1  -2.9613884262918915E-014
