           1           1   1.9999132983956951     
           1           2   1.6055838182231067E-003
           1           3  -1.0745320765144359E-003
           1           4   1.2050660516363108E-003
           1           5  -1.3682970180351454E-004
           1           6   4.1917604000486733E-016
           1           7  -1.4003564197391734E-015
           1           8   3.3740197718330110E-016
           1           9   2.9553421235858540E-015
           1          10  -1.1864209827347777E-015
           1          11   7.2218913846971256E-016
           1          12  -2.2919999145559346E-015
           1          13   2.6907741999374964E-015
           1          14   9.6234738556692714E-016
           1          15  -8.2293109282082573E-016
           1          16  -6.3594163372811122E-015
           1          17  -1.9528430480951911E-015
           1          18  -8.7266585961961844E-004
           1          19  -7.6378930616094969E-016
           1          20  -8.7266585961523870E-004
           1          21   1.1530306914355511E-015
           1          22  -1.5105627293867523E-015
           1          23  -8.7266585961162072E-004
           1          24  -6.9655678004383373E-005
           1          25   3.0555292026505584E-015
           1          26  -6.9655678011119236E-005
           1          27  -3.8369776942627410E-016
           1          28  -1.7108326730545139E-015
           1          29  -6.9655678013256212E-005
           2           1   1.6055838182231067E-003
           2           2   2.0276854558312003     
           2           3   2.5066014636737993E-002
           2           4  -3.8495189834890482E-002
           2           5  -9.9399007565493733E-003
           2           6  -2.2469156299306410E-014
           2           7   2.9756159813390688E-014
           2           8  -8.2129728834233582E-014
           2           9  -3.3765753285378654E-014
           2          10  -1.3505219878034095E-014
           2          11  -5.0654205138835181E-014
           2          12   2.0013041907799082E-014
           2          13   3.1696089344192619E-014
           2          14   5.2005036802141443E-014
           2          15   5.7208983039015765E-015
           2          16  -3.5314976194265268E-015
           2          17  -3.8352079115567798E-015
           2          18  -5.0935677736266283E-003
           2          19   3.7854669744690005E-015
           2          20  -5.0935677736153690E-003
           2          21   1.3863658762892737E-014
           2          22   1.7479071831037641E-015
           2          23  -5.0935677736407923E-003
           2          24   1.0238467390758165E-002
           2          25  -1.3778230163871993E-014
           2          26   1.0238467390748449E-002
           2          27   1.2970430108018563E-015
           2          28   2.3777377025139835E-014
           2          29   1.0238467390815111E-002
           3           1  -1.0745320765144359E-003
           3           2   2.5066014636737993E-002
           3           3   1.9393416829634607     
           3           4   1.4712853093188904E-002
           3           5   7.9979194476702223E-002
           3           6  -4.9314221406650657E-014
           3           7  -9.9295377990386338E-015
           3           8   1.7881260919007564E-014
           3           9   1.2537122404681071E-015
           3          10  -2.6209926638400506E-014
           3          11   2.2237349549427430E-014
           3          12  -8.2105328988179684E-015
           3          13   1.3485106267412450E-014
           3          14  -7.7950808634714340E-015
           3          15   1.4838100077525204E-015
           3          16  -8.7819371232606554E-016
           3          17   1.3331409802162053E-015
           3          18  -1.0371609964159832E-003
           3          19   6.8224987339416833E-016
           3          20  -1.0371609964141409E-003
           3          21   2.4861853954215657E-016
           3          22   3.5100671339776094E-016
           3          23  -1.0371609964141965E-003
           3          24  -2.7545565039711423E-002
           3          25  -6.1456639137503239E-016
           3          26  -2.7545565039713123E-002
           3          27  -6.3523943640133621E-016
           3          28  -2.2748475243436631E-016
           3          29  -2.7545565039712418E-002
           4           1   1.2050660516363108E-003
           4           2  -3.8495189834890482E-002
           4           3   1.4712853093188904E-002
           4           4   1.9435281165877689E-003
           4           5   1.4075839185659397E-003
           4           6   6.9782420837861764E-014
           4           7   7.3029284829666321E-015
           4           8  -3.6970169557632174E-014
           4           9   9.5492384488291908E-015
           4          10  -3.4156353856179606E-016
           4          11   2.3370802472429399E-015
           4          12  -5.9716998528049863E-016
           4          13  -4.6915525967062186E-016
           4          14  -1.4725579693359544E-015
           4          15   1.4245875586823982E-016
           4          16   3.0118700779884349E-017
           4          17   1.4556959344635974E-016
           4          18  -4.9251226364615045E-004
           4          19  -3.8493977967540271E-016
           4          20  -4.9251226364620986E-004
           4          21  -3.1813548338101534E-016
           4          22  -3.9639921647393048E-017
           4          23  -4.9251226364561496E-004
           4          24  -5.2849551269182901E-004
           4          25   4.6465025035773621E-016
           4          26  -5.2849551269140509E-004
           4          27   8.1585506604315600E-018
           4          28  -4.0234448240628843E-016
           4          29  -5.2849551269284535E-004
           5           1  -1.3682970180351454E-004
           5           2  -9.9399007565493733E-003
           5           3   7.9979194476702223E-002
           5           4   1.4075839185659397E-003
           5           5   3.6881477616002734E-003
           5           6   1.4457890072726498E-014
           5           7   1.0550060947022244E-014
           5           8  -1.0648239637170672E-014
           5           9   1.4541033391406207E-015
           5          10  -1.0469044375494653E-014
           5          11   4.2364722645690843E-015
           5          12  -5.0860756190833286E-016
           5          13   6.6328539106239933E-016
           5          14  -7.9773067058809652E-016
           5          15   6.6498959892528276E-017
           5          16  -3.1559133378432740E-016
           5          17   1.6326219127590505E-016
           5          18  -3.3943278241728165E-004
           5          19  -5.9749107465488430E-017
           5          20  -3.3943278241720917E-004
           5          21  -6.7819981599982567E-017
           5          22   2.4565573670550177E-018
           5          23  -3.3943278241704719E-004
           5          24  -1.2544043233940912E-003
           5          25   9.3960602896322503E-017
           5          26  -1.2544043233940537E-003
           5          27  -2.5250839005559139E-017
           5          28  -1.2725570914999730E-016
           5          29  -1.2544043233944217E-003
           6           1   4.1917604000486733E-016
           6           2  -2.2469156299306410E-014
           6           3  -4.9314221406650657E-014
           6           4   6.9782420837861764E-014
           6           5   1.4457890072726498E-014
           6           6   2.0002666923977515     
           6           7  -2.2167349861501601E-016
           6           8   3.9428913062006371E-015
           6           9   2.6832833479103319E-003
           6          10   1.3459123138909167E-014
           6          11   5.2720740099931897E-014
           6          12  -1.7963143868889469E-003
           6          13   1.0477065721069274E-014
           6          14  -4.0276583507432597E-014
           6          15   1.7255715293211476E-003
           6          16  -2.9605614157044921E-015
           6          17  -5.8549602408660036E-015
           6          18   4.1360691882351410E-015
           6          19   2.3089940427092800E-014
           6          20  -5.5935596418698695E-015
           6          21   1.3605228050473937E-015
           6          22  -3.8630762393145157E-015
           6          23   6.3444627285876629E-015
           6          24  -1.7282224950363162E-014
           6          25  -2.4725998118133126E-014
           6          26  -2.4411644846310298E-014
           6          27  -2.7147389382165880E-015
           6          28  -3.1195740728762969E-015
           6          29  -2.4281608681941250E-014
           7           1  -1.4003564197391734E-015
           7           2   2.9756159813390688E-014
           7           3  -9.9295377990386338E-015
           7           4   7.3029284829666321E-015
           7           5   1.0550060947022244E-014
           7           6  -2.2167349861501601E-016
           7           7   2.0002666923977501     
           7           8   1.4433520632028728E-015
           7           9   5.7600950918723621E-015
           7          10   2.6832833478922370E-003
           7          11   1.4942721674815801E-014
           7          12  -7.6172368515840411E-015
           7          13  -1.7963143868464356E-003
           7          14  -1.1440711070600600E-014
           7          15   5.8407834504278075E-015
           7          16   1.7255715292968348E-003
           7          17  -4.1340593896763218E-015
           7          18   5.4399042096016520E-015
           7          19   5.8160636023291586E-015
           7          20  -3.9379526663643700E-015
           7          21  -3.5479078734633416E-015
           7          22   3.4740893571041239E-016
           7          23   5.3039186870777009E-015
           7          24  -4.5721454826620853E-015
           7          25  -6.3007500226350759E-015
           7          26  -9.6907853227920106E-015
           7          27   3.2555771962096121E-015
           7          28  -8.8241366638531568E-016
           7          29  -6.7764001163109190E-015
           8           1   3.3740197718330110E-016
           8           2  -8.2129728834233582E-014
           8           3   1.7881260919007564E-014
           8           4  -3.6970169557632174E-014
           8           5  -1.0648239637170672E-014
           8           6   3.9428913062006371E-015
           8           7   1.4433520632028728E-015
           8           8   2.0002666923977444     
           8           9  -4.0050970352700753E-015
           8          10   4.0429458554851691E-015
           8          11   2.6832833478658961E-003
           8          12   8.4815391065669621E-015
           8          13  -1.0482174706169742E-014
           8          14  -1.7963143868317114E-003
           8          15  -6.9858720452278464E-015
           8          16   2.7386425951721273E-015
           8          17   1.7255715293030662E-003
           8          18   1.5870070491492230E-015
           8          19  -6.3252826774760557E-015
           8          20   7.3722893490647761E-015
           8          21   5.8025607945942281E-016
           8          22   1.0348203220950567E-015
           8          23   2.4360729137800961E-015
           8          24   1.0111975974185704E-014
           8          25   7.5676300076062413E-015
           8          26   1.4133237938409386E-014
           8          27  -1.0408723087421335E-016
           8          28   1.5256924279517525E-015
           8          29   1.4033448113794655E-014
           9           1   2.9553421235858540E-015
           9           2  -3.3765753285378654E-014
           9           3   1.2537122404681071E-015
           9           4   9.5492384488291908E-015
           9           5   1.4541033391406207E-015
           9           6   2.6832833479103319E-003
           9           7   5.7600950918723621E-015
           9           8  -4.0050970352700753E-015
           9           9   1.0177507065548632     
           9          10   6.8435377934414968E-015
           9          11   1.9692663696759762E-015
           9          12  -2.7305054237185170E-002
           9          13  -3.0381623391671783E-015
           9          14  -2.2695436787632139E-015
           9          15   3.2756705703081992E-002
           9          16  -6.7891088326795260E-016
           9          17   3.6074532888959293E-015
           9          18  -1.2467820781163308E-016
           9          19  -4.1412640733005442E-015
           9          20  -2.2412340886851310E-015
           9          21  -2.8422727969321087E-015
           9          22  -1.6312504369597971E-015
           9          23  -1.2005314220859318E-015
           9          24  -4.4142858909521742E-015
           9          25  -5.1228590110355164E-015
           9          26  -3.0545879982099829E-015
           9          27  -2.4899186959348710E-015
           9          28  -7.1549512511007051E-017
           9          29  -5.4904593311882634E-015
          10           1  -1.1864209827347777E-015
          10           2  -1.3505219878034095E-014
          10           3  -2.6209926638400506E-014
          10           4  -3.4156353856179606E-016
          10           5  -1.0469044375494653E-014
          10           6   1.3459123138909167E-014
          10           7   2.6832833478922370E-003
          10           8   4.0429458554851691E-015
          10           9   6.8435377934414968E-015
          10          10   1.0177507065549078     
          10          11   2.6187023063239990E-015
          10          12  -3.9969221085377839E-015
          10          13  -2.7305054237206128E-002
          10          14  -2.1177412926923225E-015
          10          15   5.3559809666931262E-016
          10          16   3.2756705703074339E-002
          10          17   4.5624476791787132E-015
          10          18  -1.7694565209337896E-015
          10          19   2.9738356453283423E-015
          10          20   3.5290879423825255E-015
          10          21  -9.4321876305972777E-016
          10          22  -2.9012941974346869E-015
          10          23   5.3222935435459740E-015
          10          24  -3.3328153276309304E-015
          10          25   3.1383934402607693E-015
          10          26   3.7517264111523851E-015
          10          27   9.2419763282967682E-017
          10          28  -6.9120502131118259E-015
          10          29   1.2561897823373297E-014
          11           1   7.2218913846971256E-016
          11           2  -5.0654205138835181E-014
          11           3   2.2237349549427430E-014
          11           4   2.3370802472429399E-015
          11           5   4.2364722645690843E-015
          11           6   5.2720740099931897E-014
          11           7   1.4942721674815801E-014
          11           8   2.6832833478658961E-003
          11           9   1.9692663696759762E-015
          11          10   2.6187023063239990E-015
          11          11   1.0177507065549347     
          11          12  -1.6782880000419809E-015
          11          13  -4.8201806409075837E-015
          11          14  -2.7305054237230193E-002
          11          15  -8.0515457955071181E-017
          11          16   2.8715416146100611E-015
          11          17   3.2756705703090611E-002
          11          18   8.5813857636865971E-016
          11          19  -1.1069416768742624E-015
          11          20   1.4176103094609036E-015
          11          21   1.3065101235791816E-015
          11          22  -9.1827663462032856E-016
          11          23  -4.7559911735789302E-015
          11          24  -2.0793923207768628E-015
          11          25   3.8987487338302232E-016
          11          26  -2.5441408732898539E-015
          11          27   1.8335986429082054E-015
          11          28   7.1268040806596767E-016
          11          29  -5.0742445861771360E-015
          12           1  -2.2919999145559346E-015
          12           2   2.0013041907799082E-014
          12           3  -8.2105328988179684E-015
          12           4  -5.9716998528049863E-016
          12           5  -5.0860756190833286E-016
          12           6  -1.7963143868889469E-003
          12           7  -7.6172368515840411E-015
          12           8   8.4815391065669621E-015
          12           9  -2.7305054237185170E-002
          12          10  -3.9969221085377839E-015
          12          11  -1.6782880000419809E-015
          12          12   7.3969413537574853E-004
          12          13   1.5854381541875193E-016
          12          14   1.6005449868026853E-016
          12          15  -8.8102743924079732E-004
          12          16  -9.2922161291753712E-017
          12          17  -1.0418240553432145E-016
          12          18  -8.4624566284256136E-017
          12          19   6.4027815340149058E-017
          12          20   1.2172681357699340E-017
          12          21   7.3332116081737400E-017
          12          22   5.5334388197399561E-017
          12          23  -5.9188492170417988E-017
          12          24   3.2947001126882977E-016
          12          25   1.9924970781937018E-016
          12          26   3.2528542509845678E-016
          12          27   6.9725473600047171E-017
          12          28   9.7546207867565910E-018
          12          29   3.9332990504254523E-016
          13           1   2.6907741999374964E-015
          13           2   3.1696089344192619E-014
          13           3   1.3485106267412450E-014
          13           4  -4.6915525967062186E-016
          13           5   6.6328539106239933E-016
          13           6   1.0477065721069274E-014
          13           7  -1.7963143868464356E-003
          13           8  -1.0482174706169742E-014
          13           9  -3.0381623391671783E-015
          13          10  -2.7305054237206128E-002
          13          11  -4.8201806409075837E-015
          13          12   1.5854381541875193E-016
          13          13   7.3969413537666772E-004
          13          14   2.2292530743187177E-016
          13          15  -1.0697835541408120E-016
          13          16  -8.8102743924112941E-004
          13          17  -2.7159444415262763E-016
          13          18  -8.8723612415992371E-017
          13          19  -9.8860315259627545E-017
          13          20  -2.1883071056780617E-016
          13          21   2.4063199893584445E-017
          13          22   7.5664615617896776E-017
          13          23  -2.7829934536325933E-016
          13          24   8.0604436249497109E-017
          13          25  -6.4352006258637802E-017
          13          26  -1.0169147589414647E-016
          13          27   8.5305763488476793E-019
          13          28   1.9390452232152562E-016
          13          29  -3.3822332911092555E-016
          14           1   9.6234738556692714E-016
          14           2   5.2005036802141443E-014
          14           3  -7.7950808634714340E-015
          14           4  -1.4725579693359544E-015
          14           5  -7.9773067058809652E-016
          14           6  -4.0276583507432597E-014
          14           7  -1.1440711070600600E-014
          14           8  -1.7963143868317114E-003
          14           9  -2.2695436787632139E-015
          14          10  -2.1177412926923225E-015
          14          11  -2.7305054237230193E-002
          14          12   1.6005449868026853E-016
          14          13   2.2292530743187177E-016
          14          14   7.3969413537788354E-004
          14          15  -8.9476113624976540E-017
          14          16  -1.5905224694538195E-016
          14          17  -8.8102743924231444E-004
          14          18  -3.8415765774102022E-018
          14          19   4.7422302828080995E-017
          14          20  -3.1432600730925864E-017
          14          21  -3.5575426627495194E-017
          14          22   2.2810091045879495E-017
          14          23   1.4358808829988650E-016
          14          24   4.7712302260087046E-016
          14          25  -3.0711698434252660E-017
          14          26   4.7976435421893889E-016
          14          27  -4.9811905267419235E-017
          14          28  -2.2816106242927941E-017
          14          29   5.4973638716065747E-016
          15           1  -8.2293109282082573E-016
          15           2   5.7208983039015765E-015
          15           3   1.4838100077525204E-015
          15           4   1.4245875586823982E-016
          15           5   6.6498959892528276E-017
          15           6   1.7255715293211476E-003
          15           7   5.8407834504278075E-015
          15           8  -6.9858720452278464E-015
          15           9   3.2756705703081992E-002
          15          10   5.3559809666931262E-016
          15          11  -8.0515457955071181E-017
          15          12  -8.8102743924079732E-004
          15          13  -1.0697835541408120E-016
          15          14  -8.9476113624976540E-017
          15          15   1.0557414383359320E-003
          15          16  -1.0841598208381813E-017
          15          17   9.3904243054539408E-017
          15          18   6.8816071652816716E-018
          15          19  -1.1055351273998135E-016
          15          20  -7.3638441956877066E-017
          15          21  -9.0114452876755197E-017
          15          22  -5.6818988921012855E-017
          15          23  -2.5719985938189826E-017
          15          24  -1.2390095384185450E-016
          15          25  -1.9080498337588250E-016
          15          26  -8.9645091316913015E-017
          15          27  -8.2440871387004905E-017
          15          28  -5.5797510680438871E-018
          15          29  -1.6832629010733231E-016
          16           1  -6.3594163372811122E-015
          16           2  -3.5314976194265268E-015
          16           3  -8.7819371232606554E-016
          16           4   3.0118700779884349E-017
          16           5  -3.1559133378432740E-016
          16           6  -2.9605614157044921E-015
          16           7   1.7255715292968348E-003
          16           8   2.7386425951721273E-015
          16           9  -6.7891088326795260E-016
          16          10   3.2756705703074339E-002
          16          11   2.8715416146100611E-015
          16          12  -9.2922161291753712E-017
          16          13  -8.8102743924112941E-004
          16          14  -1.5905224694538195E-016
          16          15  -1.0841598208381813E-017
          16          16   1.0557414383353439E-003
          16          17   2.3410529530274818E-016
          16          18  -3.6280671656887747E-017
          16          19   1.0244390294841872E-016
          16          20   1.2600531711081750E-016
          16          21  -3.2661416180226443E-017
          16          22  -9.2826806388760552E-017
          16          23   1.9176571608803405E-016
          16          24  -1.2306716136837638E-016
          16          25   9.3822589986594779E-017
          16          26   1.0027312878606544E-016
          16          27   4.7827064556522127E-018
          16          28  -2.2425588622325325E-016
          16          29   3.8587540688873664E-016
          17           1  -1.9528430480951911E-015
          17           2  -3.8352079115567798E-015
          17           3   1.3331409802162053E-015
          17           4   1.4556959344635974E-016
          17           5   1.6326219127590505E-016
          17           6  -5.8549602408660036E-015
          17           7  -4.1340593896763218E-015
          17           8   1.7255715293030662E-003
          17           9   3.6074532888959293E-015
          17          10   4.5624476791787132E-015
          17          11   3.2756705703090611E-002
          17          12  -1.0418240553432145E-016
          17          13  -2.7159444415262763E-016
          17          14  -8.8102743924231444E-004
          17          15   9.3904243054539408E-017
          17          16   2.3410529530274818E-016
          17          17   1.0557414383363763E-003
          17          18   3.1914817758479211E-017
          17          19  -4.2527226071129701E-017
          17          20   5.5724972636974715E-017
          17          21   4.2526885297024852E-017
          17          22  -2.8574566527467370E-017
          17          23  -1.4772768887151092E-016
          17          24  -9.0785084543893310E-017
          17          25   2.0671519111515795E-017
          17          26  -1.0155624618970992E-016
          17          27   5.9025600409755639E-017
          17          28   2.4520221454020029E-017
          17          29  -1.8334667849648024E-016
          18           1  -8.7266585961961844E-004
          18           2  -5.0935677736266283E-003
          18           3  -1.0371609964159832E-003
          18           4  -4.9251226364615045E-004
          18           5  -3.3943278241728165E-004
          18           6   4.1360691882351410E-015
          18           7   5.4399042096016520E-015
          18           8   1.5870070491492230E-015
          18           9  -1.2467820781163308E-016
          18          10  -1.7694565209337896E-015
          18          11   8.5813857636865971E-016
          18          12  -8.4624566284256136E-017
          18          13  -8.8723612415992371E-017
          18          14  -3.8415765774102022E-018
          18          15   6.8816071652816716E-018
          18          16  -3.6280671656887747E-017
          18          17   3.1914817758479211E-017
          18          18   3.3180665706498351E-004
          18          19   6.0293447464355687E-017
          18          20   3.3180665706489520E-004
          18          21  -3.1507305486241743E-017
          18          22  -1.1548335054096239E-018
          18          23   3.3180665706492984E-004
          18          24   4.8303433893669151E-005
          18          25  -1.2904110374523566E-017
          18          26   4.8303433893640799E-005
          18          27  -1.1061406872320730E-017
          18          28  -6.9857883631805083E-017
          18          29   4.8303433893511725E-005
          19           1  -7.6378930616094969E-016
          19           2   3.7854669744690005E-015
          19           3   6.8224987339416833E-016
          19           4  -3.8493977967540271E-016
          19           5  -5.9749107465488430E-017
          19           6   2.3089940427092800E-014
          19           7   5.8160636023291586E-015
          19           8  -6.3252826774760557E-015
          19           9  -4.1412640733005442E-015
          19          10   2.9738356453283423E-015
          19          11  -1.1069416768742624E-015
          19          12   6.4027815340149058E-017
          19          13  -9.8860315259627545E-017
          19          14   4.7422302828080995E-017
          19          15  -1.1055351273998135E-016
          19          16   1.0244390294841872E-016
          19          17  -4.2527226071129701E-017
          19          18   6.0293447464355687E-017
          19          19   1.6833437990498238E-027
          19          20   6.0293447463849978E-017
          19          21   3.5103046177133825E-028
          19          22  -6.2252972209929383E-029
          19          23   6.0293447463817697E-017
          19          24   6.8579533328095748E-017
          19          25  -1.3127765547127092E-027
          19          26   6.8579533326907896E-017
          19          27  -1.6953971816076795E-028
          19          28  -2.7386918350909247E-028
          19          29   6.8579533327698569E-017
          20           1  -8.7266585961523870E-004
          20           2  -5.0935677736153690E-003
          20           3  -1.0371609964141409E-003
          20           4  -4.9251226364620986E-004
          20           5  -3.3943278241720917E-004
          20           6  -5.5935596418698695E-015
          20           7  -3.9379526663643700E-015
          20           8   7.3722893490647761E-015
          20           9  -2.2412340886851310E-015
          20          10   3.5290879423825255E-015
          20          11   1.4176103094609036E-015
          20          12   1.2172681357699340E-017
          20          13  -2.1883071056780617E-016
          20          14  -3.1432600730925864E-017
          20          15  -7.3638441956877066E-017
          20          16   1.2600531711081750E-016
          20          17   5.5724972636974715E-017
          20          18   3.3180665706489520E-004
          20          19   6.0293447463849978E-017
          20          20   3.3180665706480689E-004
          20          21  -3.1507305486213135E-017
          20          22  -1.1548335053574518E-018
          20          23   3.3180665706484153E-004
          20          24   4.8303433893682487E-005
          20          25  -1.2904110373999972E-017
          20          26   4.8303433893654189E-005
          20          27  -1.1061406872275429E-017
          20          28  -6.9857883631617396E-017
          20          29   4.8303433893525115E-005
          21           1   1.1530306914355511E-015
          21           2   1.3863658762892737E-014
          21           3   2.4861853954215657E-016
          21           4  -3.1813548338101534E-016
          21           5  -6.7819981599982567E-017
          21           6   1.3605228050473937E-015
          21           7  -3.5479078734633416E-015
          21           8   5.8025607945942281E-016
          21           9  -2.8422727969321087E-015
          21          10  -9.4321876305972777E-016
          21          11   1.3065101235791816E-015
          21          12   7.3332116081737400E-017
          21          13   2.4063199893584445E-017
          21          14  -3.5575426627495194E-017
          21          15  -9.0114452876755197E-017
          21          16  -3.2661416180226443E-017
          21          17   4.2526885297024852E-017
          21          18  -3.1507305486241743E-017
          21          19   3.5103046177133825E-028
          21          20  -3.1507305486213135E-017
          21          21   1.9355620058646560E-028
          21          22   1.7277655967569195E-029
          21          23  -3.1507305486483277E-017
          21          24   8.1292894064793694E-017
          21          25  -2.9324712769539991E-028
          21          26   8.1292894064467315E-017
          21          27  -3.0221140678306167E-029
          21          28   1.0840649681803512E-028
          21          29   8.1292894065071410E-017
          22           1  -1.5105627293867523E-015
          22           2   1.7479071831037641E-015
          22           3   3.5100671339776094E-016
          22           4  -3.9639921647393048E-017
          22           5   2.4565573670550177E-018
          22           6  -3.8630762393145157E-015
          22           7   3.4740893571041239E-016
          22           8   1.0348203220950567E-015
          22           9  -1.6312504369597971E-015
          22          10  -2.9012941974346869E-015
          22          11  -9.1827663462032856E-016
          22          12   5.5334388197399561E-017
          22          13   7.5664615617896776E-017
          22          14   2.2810091045879495E-017
          22          15  -5.6818988921012855E-017
          22          16  -9.2826806388760552E-017
          22          17  -2.8574566527467370E-017
          22          18  -1.1548335054096239E-018
          22          19  -6.2252972209929383E-029
          22          20  -1.1548335053574518E-018
          22          21   1.7277655967569195E-029
          22          22   3.8006691077249193E-029
          22          23  -1.1548335054635501E-018
          22          24   5.5171622808064633E-018
          22          25   7.7611719872762340E-029
          22          26   5.5171622808281516E-018
          22          27   5.2993562196040294E-030
          22          28   5.1328996044878060E-029
          22          29   5.5171622808815630E-018
          23           1  -8.7266585961162072E-004
          23           2  -5.0935677736407923E-003
          23           3  -1.0371609964141965E-003
          23           4  -4.9251226364561496E-004
          23           5  -3.3943278241704719E-004
          23           6   6.3444627285876629E-015
          23           7   5.3039186870777009E-015
          23           8   2.4360729137800961E-015
          23           9  -1.2005314220859318E-015
          23          10   5.3222935435459740E-015
          23          11  -4.7559911735789302E-015
          23          12  -5.9188492170417988E-017
          23          13  -2.7829934536325933E-016
          23          14   1.4358808829988650E-016
          23          15  -2.5719985938189826E-017
          23          16   1.9176571608803405E-016
          23          17  -1.4772768887151092E-016
          23          18   3.3180665706492984E-004
          23          19   6.0293447463817697E-017
          23          20   3.3180665706484153E-004
          23          21  -3.1507305486483277E-017
          23          22  -1.1548335054635501E-018
          23          23   3.3180665706487617E-004
          23          24   4.8303433893531240E-005
          23          25  -1.2904110374054287E-017
          23          26   4.8303433893502916E-005
          23          27  -1.1061406872271774E-017
          23          28  -6.9857883631938006E-017
          23          29   4.8303433893373841E-005
          24           1  -6.9655678004383373E-005
          24           2   1.0238467390758165E-002
          24           3  -2.7545565039711423E-002
          24           4  -5.2849551269182901E-004
          24           5  -1.2544043233940912E-003
          24           6  -1.7282224950363162E-014
          24           7  -4.5721454826620853E-015
          24           8   1.0111975974185704E-014
          24           9  -4.4142858909521742E-015
          24          10  -3.3328153276309304E-015
          24          11  -2.0793923207768628E-015
          24          12   3.2947001126882977E-016
          24          13   8.0604436249497109E-017
          24          14   4.7712302260087046E-016
          24          15  -1.2390095384185450E-016
          24          16  -1.2306716136837638E-016
          24          17  -9.0785084543893310E-017
          24          18   4.8303433893669151E-005
          24          19   6.8579533328095748E-017
          24          20   4.8303433893682487E-005
          24          21   8.1292894064793694E-017
          24          22   5.5171622808064633E-018
          24          23   4.8303433893531240E-005
          24          24   4.5976806314107542E-004
          24          25  -1.0078726795313598E-016
          24          26   4.5976806314100235E-004
          24          27   8.8042638373576114E-018
          24          28   1.1745125896737012E-016
          24          29   4.5976806314137266E-004
          25           1   3.0555292026505584E-015
          25           2  -1.3778230163871993E-014
          25           3  -6.1456639137503239E-016
          25           4   4.6465025035773621E-016
          25           5   9.3960602896322503E-017
          25           6  -2.4725998118133126E-014
          25           7  -6.3007500226350759E-015
          25           8   7.5676300076062413E-015
          25           9  -5.1228590110355164E-015
          25          10   3.1383934402607693E-015
          25          11   3.8987487338302232E-016
          25          12   1.9924970781937018E-016
          25          13  -6.4352006258637802E-017
          25          14  -3.0711698434252660E-017
          25          15  -1.9080498337588250E-016
          25          16   9.3822589986594779E-017
          25          17   2.0671519111515795E-017
          25          18  -1.2904110374523566E-017
          25          19  -1.3127765547127092E-027
          25          20  -1.2904110373999972E-017
          25          21  -2.9324712769539991E-028
          25          22   7.7611719872762340E-029
          25          23  -1.2904110374054287E-017
          25          24  -1.0078726795313598E-016
          25          25   1.3096947079799032E-027
          25          26  -1.0078726795215715E-016
          25          27   1.3695967032942349E-028
          25          28   5.2505381819753458E-029
          25          29  -1.0078726795296315E-016
          26           1  -6.9655678011119236E-005
          26           2   1.0238467390748449E-002
          26           3  -2.7545565039713123E-002
          26           4  -5.2849551269140509E-004
          26           5  -1.2544043233940537E-003
          26           6  -2.4411644846310298E-014
          26           7  -9.6907853227920106E-015
          26           8   1.4133237938409386E-014
          26           9  -3.0545879982099829E-015
          26          10   3.7517264111523851E-015
          26          11  -2.5441408732898539E-015
          26          12   3.2528542509845678E-016
          26          13  -1.0169147589414647E-016
          26          14   4.7976435421893889E-016
          26          15  -8.9645091316913015E-017
          26          16   1.0027312878606544E-016
          26          17  -1.0155624618970992E-016
          26          18   4.8303433893640799E-005
          26          19   6.8579533326907896E-017
          26          20   4.8303433893654189E-005
          26          21   8.1292894064467315E-017
          26          22   5.5171622808281516E-018
          26          23   4.8303433893502916E-005
          26          24   4.5976806314100235E-004
          26          25  -1.0078726795215715E-016
          26          26   4.5976806314092927E-004
          26          27   8.8042638374681181E-018
          26          28   1.1745125896743352E-016
          26          29   4.5976806314129969E-004
          27           1  -3.8369776942627410E-016
          27           2   1.2970430108018563E-015
          27           3  -6.3523943640133621E-016
          27           4   8.1585506604315600E-018
          27           5  -2.5250839005559139E-017
          27           6  -2.7147389382165880E-015
          27           7   3.2555771962096121E-015
          27           8  -1.0408723087421335E-016
          27           9  -2.4899186959348710E-015
          27          10   9.2419763282967682E-017
          27          11   1.8335986429082054E-015
          27          12   6.9725473600047171E-017
          27          13   8.5305763488476793E-019
          27          14  -4.9811905267419235E-017
          27          15  -8.2440871387004905E-017
          27          16   4.7827064556522127E-018
          27          17   5.9025600409755639E-017
          27          18  -1.1061406872320730E-017
          27          19  -1.6953971816076795E-028
          27          20  -1.1061406872275429E-017
          27          21  -3.0221140678306167E-029
          27          22   5.2993562196040294E-030
          27          23  -1.1061406872271774E-017
          27          24   8.8042638373576114E-018
          27          25   1.3695967032942349E-028
          27          26   8.8042638374681181E-018
          27          27   4.3232978071291415E-029
          27          28   5.2941148793844151E-029
          27          29   8.8042638374443136E-018
          28           1  -1.7108326730545139E-015
