           1           1   3.4170279146336013     
           1           2   8.9776718691408792     
           1           3   15.737454717643205     
           1           4  -31.908980330494423     
           1           5  -5.3600703012329198     
           1           6   1.1165250969234297E-009
           1           7  -5.2836364046933889E-011
           1           8  -3.8742533725084404E-010
           1           9  -5.8431003535746028E-011
           1          10  -1.6144111985497253E-012
           1          11   2.8577660642546116E-011
           1          12  -3.0146345214555483E-012
           1          13   3.3149261171051024E-012
           1          14  -4.9119245809520550E-012
           1          15  -4.4551019543997169E-011
           1          16   1.8660250455594071E-012
           1          17   1.5894566162762619E-011
           1          18   3.6996339989637583     
           1          19  -1.2805847573027718E-013
           1          20   3.6996339989634710     
           1          21   2.2239085813254935E-014
           1          22   3.9256885918055649E-015
           1          23   3.6996339989634088     
           1          24   6.6187569315653656     
           1          25   1.1815564391558381E-013
           1          26   6.6187569315656356     
           1          27   4.5484935237370550E-015
           1          28   6.7758532214345883E-014
           1          29   6.6187569315654269     
           2           1   8.9776718691408792     
           2           2   59.184410195397916     
           2           3   102.41050220821896     
           2           4  -202.26312715603666     
           2           5  -33.863294903535525     
           2           6  -7.2816998338387232E-012
           2           7  -1.2037481241280068E-012
           2           8   3.9461797903552671E-012
           2           9   5.5140128799694098E-011
           2          10  -1.2284152829453333E-011
           2          11   9.2099844378939682E-014
           2          12  -4.3958908116695447E-011
           2          13   9.0305971259012245E-012
           2          14   1.8550923989770325E-012
           2          15   2.2624115522858312E-012
           2          16  -3.5816523110843509E-013
           2          17  -2.0759411564014530E-013
           2          18   22.546445154331067     
           2          19  -8.0404737051095281E-013
           2          20   22.546445154329120     
           2          21   1.3152139463832195E-013
           2          22  -4.5540904412739039E-014
           2          23   22.546445154330033     
           2          24   41.663710689163622     
           2          25   8.2736509047372332E-013
           2          26   41.663710689165235     
           2          27  -8.7587878037954284E-015
           2          28   4.1834682870413242E-013
           2          29   41.663710689165136     
           3           1   15.737454717643205     
           3           2   102.41050220821896     
           3           3   198.06112050432097     
           3           4  -354.19974108799852     
           3           5  -59.217318394445805     
           3           6  -3.7724485762309662E-011
           3           7   1.6524243561910883E-012
           3           8   1.2248921922833241E-011
           3           9  -2.1870696702589906E-012
           3          10   2.0539150243882419E-012
           3          11  -4.7609487967014864E-012
           3          12   1.0577310244031030E-011
           3          13  -3.0381170226836175E-012
           3          14   4.3689453730365281E-012
           3          15  -2.4007545571869486E-013
           3          16   1.1347467580639903E-012
           3          17  -2.6554288045370770E-012
           3          18   33.025545972576680     
           3          19  -1.2714627339863658E-012
           3          20   33.025545972573411     
           3          21   2.0012056016463619E-013
           3          22  -9.4800808721185036E-014
           3          23   33.025545972574854     
           3          24   71.513204726056728     
           3          25   1.3849773892694550E-012
           3          26   71.513204726059342     
           3          27   3.8347829721064625E-016
           3          28   7.2293529487357649E-013
           3          29   71.513204726059286     
           4           1  -31.908980330494423     
           4           2  -202.26312715603666     
           4           3  -354.19974108799852     
           4           4   718.02069195434137     
           4           5   120.06831100790455     
           4           6   1.1821962377554218E-011
           4           7   7.3476477596342582E-012
           4           8  -1.5445436093048440E-011
           4           9  -2.8436841191934333E-010
           4          10   6.4757501656803355E-011
           4          11  -2.5947787616380581E-012
           4          12   2.3688214605688268E-010
           4          13  -4.8726459585625482E-011
           4          14  -8.9905580484675155E-012
           4          15  -1.0210927685477082E-011
           4          16   2.5898500827166136E-012
           4          17  -1.1866719106062174E-012
           4          18  -82.881463849540609     
           4          19   2.9029461845390223E-012
           4          20  -82.881463849533617     
           4          21  -4.7719884796928510E-013
           4          22   9.1868696429449186E-014
           4          23  -82.881463849537027     
           4          24  -148.38525604585018     
           4          25  -2.9234651384754276E-012
           4          26  -148.38525604585590     
           4          27   5.6367489915332229E-014
           4          28  -1.4708121343354504E-012
           4          29  -148.38525604585553     
           5           1  -5.3600703012329198     
           5           2  -33.863294903535525     
           5           3  -59.217318394445805     
           5           4   120.06831100790455     
           5           5   20.079200892693247     
           5           6   3.9054328212929978E-011
           5           7  -4.4876439541631305E-013
           5           8  -1.5717454317753234E-011
           5           9  -6.2643376942370153E-011
           5          10   1.1996720093318443E-011
           5          11   3.6662460869348404E-012
           5          12   5.2731951502937035E-011
           5          13  -9.0975064656108204E-012
           5          14  -5.2358750458155934E-012
           5          15  -2.7318658729516316E-012
           5          16   5.0732465600833358E-013
           5          17   9.4224503703929545E-014
           5          18  -13.865810157395874     
           5          19   4.8560531972407869E-013
           5          20  -13.865810157394701     
           5          21  -7.9852901931908357E-014
           5          22   1.5548694024707725E-014
           5          23  -13.865810157395270     
           5          24  -24.815560919326110     
           5          25  -4.8897888664326077E-013
           5          26  -24.815560919327066     
           5          27   9.2676926333308437E-015
           5          28  -2.4607700352960172E-013
           5          29  -24.815560919327005     
           6           1   1.1165250969234297E-009
           6           2  -7.2816998338387232E-012
           6           3  -3.7724485762309662E-011
           6           4   1.1821962377554218E-011
           6           5   3.9054328212929978E-011
           6           6   1.9009840737978227     
           6           7   2.6510386900835070E-002
           6           8  -3.3105386282409124E-002
           6           9 -0.29891866966193958     
           6          10  0.18484492228688587     
           6          11 -0.23082886634368213     
           6          12  0.27798012597154703     
           6          13 -0.13399436378069302     
           6          14  0.16732819438709637     
           6          15  -4.1374096159382458E-002
           6          16   1.0338627017430406E-002
           6          17  -1.2910571329044022E-002
           6          18  -4.5812882784146106E-011
           6          19   1.5933677337854194E-013
           6          20  -4.8572888496378717E-011
           6          21  -2.8315820204755025E-013
           6          22   1.4409716027609582E-014
           6          23  -4.6349454441012748E-011
           6          24   3.5512888417931888E-011
           6          25  -1.0201589643744921E-013
           6          26   3.3092645248915598E-011
           6          27   2.2572333307160648E-013
           6          28   1.9726966426472141E-013
           6          29   3.5257661524364890E-011
           7           1  -5.2836364046933889E-011
           7           2  -1.2037481241280068E-012
           7           3   1.6524243561910883E-012
           7           4   7.3476477596342582E-012
           7           5  -4.4876439541631305E-013
           7           6   2.6510386900835070E-002
           7           7   1.9143138320458952     
           7           8   2.5812669029055602E-002
           7           9  0.18484492228692970     
           7          10 -0.20597630195243244     
           7          11  0.17998005153786845     
           7          12 -0.13399436378061921     
           7          13  0.21060606302466728     
           7          14 -0.13046781161555648     
           7          15   1.0338627017715667E-002
           7          16  -3.6175703571753773E-002
           7          17   1.0066528203609542E-002
           7          18  -3.0755960319179102E-013
           7          19  -3.5593993771540748E-014
           7          20  -2.5516876246590051E-013
           7          21   5.4386207657791934E-014
           7          22   2.3792622543179532E-014
           7          23  -2.7311277587758958E-013
           7          24  -3.3457239707967175E-012
           7          25   5.8976496357265516E-014
           7          26  -3.2743875489911300E-012
           7          27  -1.8952868292413634E-014
           7          28  -3.7601146853282853E-014
           7          29  -3.4004251576608944E-012
           8           1  -3.8742533725084404E-010
           8           2   3.9461797903552671E-012
           8           3   1.2248921922833241E-011
           8           4  -1.5445436093048440E-011
           8           5  -1.5717454317753234E-011
           8           6  -3.3105386282409124E-002
           8           7   2.5812669029055602E-002
           8           8   1.9027502036416575     
           8           9 -0.23082886634405397     
           8          10  0.17998005153758548     
           8          11 -0.28660424607562313     
           8          12  0.16732819438719712     
           8          13 -0.13046781161529750     
           8          14  0.26905338168519161     
           8          15  -1.2910571329094343E-002
           8          16   1.0066528203312467E-002
           8          17  -4.0685333759156006E-002
           8          18   1.9925808818576053E-011
           8          19  -9.6715191577163409E-014
           8          20   2.1265479877527984E-011
           8          21  -2.2430219358709411E-013
           8          22  -3.3327720480311502E-013
           8          23   2.0435798004668129E-011
           8          24  -1.0468875366357890E-011
           8          25  -5.5133628199775312E-013
           8          26  -9.2958395755374730E-012
           8          27  -6.2454560839480785E-014
           8          28   2.7278928108837897E-013
           8          29  -9.1999422799250101E-012
           9           1  -5.8431003535746028E-011
           9           2   5.5140128799694098E-011
           9           3  -2.1870696702589906E-012
           9           4  -2.8436841191934333E-010
           9           5  -6.2643376942370153E-011
           9           6 -0.29891866966193958     
           9           7  0.18484492228692970     
           9           8 -0.23082886634405397     
           9           9   2.8133372137170714     
           9          10   1.2888399336849325     
           9          11  -1.6094651511637574     
           9          12  -2.0615406437892365     
           9          13 -0.93428201755621287     
           9          14   1.1667037227163657     
           9          15  0.16626283830246899     
           9          16   7.2086564214095677E-002
           9          17  -9.0019567160623370E-002
           9          18   9.5322237579434997E-011
           9          19  -2.3262413381657941E-013
           9          20   9.5477911865471894E-011
           9          21   2.0113368812829581E-013
           9          22  -6.6717878462976729E-015
           9          23   9.5723527506559520E-011
           9          24   6.4524744485216262E-011
           9          25   1.4718059649341155E-013
           9          26   6.5400424272229535E-011
           9          27  -1.4017083885745960E-013
           9          28  -6.3421085120941411E-014
           9          29   6.4601575526512661E-011
          10           1  -1.6144111985497253E-012
          10           2  -1.2284152829453333E-011
          10           3   2.0539150243882419E-012
          10           4   6.4757501656803355E-011
          10           5   1.1996720093318443E-011
          10           6  0.18484492228688587     
          10           7 -0.20597630195243244     
          10           8  0.17998005153758548     
          10           9   1.2888399336849325     
          10          10   3.4613822535923755     
          10          11   1.2549193930722196     
          10          12 -0.93428201755625506     
          10          13  -2.5313094734924464     
          10          14 -0.90969296635447627     
          10          15   7.2086564213979298E-002
          10          16  0.20250887565719036     
          10          17   7.0189342406072427E-002
          10          18  -2.1434834995277900E-011
          10          19  -1.2900379488088913E-013
          10          20  -2.1805978292955538E-011
          10          21   1.1609699007217124E-013
          10          22  -6.4702232448904365E-015
          10          23  -2.1373133355623665E-011
          10          24  -1.4406215804557279E-011
          10          25   3.8753964303932044E-014
          10          26  -1.4441935158638766E-011
          10          27  -3.8491427611369092E-014
          10          28  -2.1146619172062115E-014
          10          29  -1.4413417365590878E-011
          11           1   2.8577660642546116E-011
          11           2   9.2099844378939682E-014
          11           3  -4.7609487967014864E-012
          11           4  -2.5947787616380581E-012
          11           5   3.6662460869348404E-012
          11           6 -0.23082886634368213     
          11           7  0.17998005153786845     
          11           8 -0.28660424607562313     
          11           9  -1.6094651511637574     
          11          10   1.2549193930722196     
          11          11   2.8992001126321583     
          11          12   1.1667037227163017     
          11          13 -0.90969296635444530     
          11          14  -2.1237827890974432     
          11          15  -9.0019567160605177E-002
          11          16   7.0189342406180397E-002
          11          17  0.17106526660609725     
          11          18   8.6761513421087413E-013
          11          19   1.0112335113030756E-013
          11          20   9.6587738868920585E-013
          11          21   8.8271057410225232E-014
          11          22   1.2363665264903683E-013
          11          23   5.2970216896900404E-013
          11          24   6.1198766613609045E-013
          11          25   1.3402373468460456E-013
          11          26   1.7899055938052879E-013
          11          27   4.6450558790679003E-014
          11          28  -1.3446018320859223E-013
          11          29   1.4767751855897420E-013
          12           1  -3.0146345214555483E-012
          12           2  -4.3958908116695447E-011
          12           3   1.0577310244031030E-011
          12           4   2.3688214605688268E-010
          12           5   5.2731951502937035E-011
          12           6  0.27798012597154703     
          12           7 -0.13399436378061921     
          12           8  0.16732819438719712     
          12           9  -2.0615406437892365     
          12          10 -0.93428201755625506     
          12          11   1.1667037227163017     
          12          12   1.5125020905549695     
          12          13  0.67726244781482059     
          12          14 -0.84574529346966099     
          12          15 -0.12258067920692517     
          12          16  -5.2255659444151149E-002
          12          17   6.5255320407341028E-002
          12          18  -8.3130947182978063E-011
          12          19   1.7470578134176394E-013
          12          20  -8.3331528069903820E-011
          12          21  -1.5564023120454426E-013
          12          22   5.3209273377883022E-015
          12          23  -8.3440576760893881E-011
          12          24  -5.4649735878055570E-011
          12          25  -1.1057379171100360E-013
          12          26  -5.5364792547701568E-011
          12          27   1.0936144399209143E-013
          12          28   5.2481146426357568E-014
          12          29  -5.4713826070155090E-011
          13           1   3.3149261171051024E-012
          13           2   9.0305971259012245E-012
          13           3  -3.0381170226836175E-012
          13           4  -4.8726459585625482E-011
          13           5  -9.0975064656108204E-012
          13           6 -0.13399436378069302     
          13           7  0.21060606302466728     
          13           8 -0.13046781161529750     
          13           9 -0.93428201755621287     
          13          10  -2.5313094734924464     
          13          11 -0.90969296635444530     
          13          12  0.67726244781482059     
          13          13   1.8530382258260185     
          13          14  0.65943780740278968     
          13          15  -5.2255659444053609E-002
          13          16 -0.14885548651473637     
          13          17  -5.0880360485572644E-002
          13          18   1.6671453097575402E-011
          13          19   9.2976091924014275E-014
          13          20   1.6943825841955098E-011
          13          21  -8.2969006049788194E-014
          13          22   5.4697626354311096E-015
          13          23   1.6627532627905073E-011
          13          24   1.0977930417158690E-011
          13          25  -2.6408420589929204E-014
          13          26   1.1006234340908717E-011
          13          27   2.7478943020814869E-014
          13          28   1.4239210180149260E-014
          13          29   1.0981458572300423E-011
          14           1  -4.9119245809520550E-012
          14           2   1.8550923989770325E-012
          14           3   4.3689453730365281E-012
          14           4  -8.9905580484675155E-012
          14           5  -5.2358750458155934E-012
          14           6  0.16732819438709637     
          14           7 -0.13046781161555648     
          14           8  0.26905338168519161     
          14           9   1.1667037227163657     
          14          10 -0.90969296635447627     
          14          11  -2.1237827890974432     
          14          12 -0.84574529346966099     
          14          13  0.65943780740278968     
          14          14   1.5576215158424358     
          14          15   6.5255320407328371E-002
          14          16  -5.0880360485661379E-002
          14          17 -0.12606196674885226     
          14          18   2.9417221755193254E-012
          14          19  -7.6811398662720510E-014
          14          20   2.9122897849841772E-012
          14          21  -7.1459696251442027E-014
          14          22  -1.0069239790958496E-013
          14          23   3.2042848912087448E-012
          14          24   2.0281963195490511E-012
          14          25  -1.1514481030086010E-013
          14          26   2.3810228230909018E-012
          14          27  -3.5851457624913442E-014
          14          28   1.0668003678805925E-013
          14          29   2.4068871292090391E-012
          15           1  -4.4551019543997169E-011
          15           2   2.2624115522858312E-012
          15           3  -2.4007545571869486E-013
          15           4  -1.0210927685477082E-011
          15           5  -2.7318658729516316E-012
          15           6  -4.1374096159382458E-002
          15           7   1.0338627017715667E-002
          15           8  -1.2910571329094343E-002
          15           9  0.16626283830246899     
          15          10   7.2086564213979298E-002
          15          11  -9.0019567160605177E-002
          15          12 -0.12258067920692517     
          15          13  -5.2255659444053609E-002
          15          14   6.5255320407328371E-002
          15          15   1.0126526357790912E-002
          15          16   4.0318992330849041E-003
          15          17  -5.0349163919098860E-003
          15          18   4.3057208009059058E-012
          15          19  -1.5455117316423207E-014
          15          20   4.3497179986088908E-012
          15          21   1.5207037596442404E-014
          15          22  -5.6806643510119708E-016
          15          23   4.3357011560985963E-012
          15          24   1.4630474999039494E-012
          15          25   9.7936777289963550E-015
          15          26   1.5443159031016802E-012
          15          27  -1.0957922657674457E-014
          15          28  -6.1646943792692872E-015
          15          29   1.4707217342045995E-012
          16           1   1.8660250455594071E-012
          16           2  -3.5816523110843509E-013
          16           3   1.1347467580639903E-012
          16           4   2.5898500827166136E-012
          16           5   5.0732465600833358E-013
          16           6   1.0338627017430406E-002
          16           7  -3.6175703571753773E-002
          16           8   1.0066528203312467E-002
          16           9   7.2086564214095677E-002
          16          10  0.20250887565719036     
          16          11   7.0189342406180397E-002
          16          12  -5.2255659444151149E-002
          16          13 -0.14885548651473637     
          16          14  -5.0880360485661379E-002
          16          15   4.0318992330849041E-003
          16          16   1.2153816350127154E-002
          16          17   3.9257850461209441E-003
          16          18  -1.2768495721664645E-012
          16          19  -6.9985641262274580E-015
          16          20  -1.2989477675094585E-012
          16          21   6.0148366666622084E-015
          16          22  -6.7543546866341720E-016
          16          23  -1.2737231867988461E-012
          16          24  -5.9371087300935371E-013
          16          25   1.4900213676462109E-015
          16          26  -5.9667848741231115E-013
          16          27  -1.9825053452162019E-015
          16          28  -7.4430685236621051E-016
          16          29  -5.9343295575342336E-013
          17           1   1.5894566162762619E-011
          17           2  -2.0759411564014530E-013
          17           3  -2.6554288045370770E-012
          17           4  -1.1866719106062174E-012
          17           5   9.4224503703929545E-014
          17           6  -1.2910571329044022E-002
          17           7   1.0066528203609542E-002
          17           8  -4.0685333759156006E-002
          17           9  -9.0019567160623370E-002
          17          10   7.0189342406072427E-002
          17          11  0.17106526660609725     
          17          12   6.5255320407341028E-002
          17          13  -5.0880360485572644E-002
          17          14 -0.12606196674885226     
          17          15  -5.0349163919098860E-003
          17          16   3.9257850461209441E-003
          17          17   1.0395132681401948E-002
          17          18   9.5846810916296416E-013
          17          19   7.0666193163292051E-015
          17          20   9.4715088212779369E-013
          17          21   7.9426622601956619E-015
          17          22   1.1367241532662569E-014
          17          23   9.3248496403315111E-013
          17          24   7.3599190870573936E-013
          17          25   1.4732884532792439E-014
          17          26   6.9610776329879724E-013
          17          27   3.4746917939452828E-015
          17          28  -1.1225097676775202E-014
          17          29   6.9308309395670365E-013
          18           1   3.6996339989637583     
          18           2   22.546445154331067     
          18           3   33.025545972576680     
          18           4  -82.881463849540609     
          18           5  -13.865810157395874     
          18           6  -4.5812882784146106E-011
          18           7  -3.0755960319179102E-013
          18           8   1.9925808818576053E-011
          18           9   9.5322237579434997E-011
          18          10  -2.1434834995277900E-011
          18          11   8.6761513421087413E-013
          18          12  -8.3130947182978063E-011
          18          13   1.6671453097575402E-011
          18          14   2.9417221755193254E-012
          18          15   4.3057208009059058E-012
          18          16  -1.2768495721664645E-012
          18          17   9.5846810916296416E-013
          18          18   12.218589578110681     
          18          19  -3.8936421230410529E-013
          18          20   12.218589578109814     
          18          21   6.7024464331137585E-014
          18          22   5.4890240490541442E-015
          18          23   12.218589578110283     
          18          24   17.698500589256106     
          18          25   3.5708648895296934E-013
          18          26   17.698500589256827     
          18          27  -1.5768068478581268E-014
          18          28   1.7087232086130756E-013
          18          29   17.698500589256749     
          19           1  -1.2805847573027718E-013
          19           2  -8.0404737051095281E-013
          19           3  -1.2714627339863658E-012
          19           4   2.9029461845390223E-012
          19           5   4.8560531972407869E-013
          19           6   1.5933677337854194E-013
          19           7  -3.5593993771540748E-014
          19           8  -9.6715191577163409E-014
          19           9  -2.3262413381657941E-013
          19          10  -1.2900379488088913E-013
          19          11   1.0112335113030756E-013
          19          12   1.7470578134176394E-013
          19          13   9.2976091924014275E-014
          19          14  -7.6811398662720510E-014
          19          15  -1.5455117316423207E-014
          19          16  -6.9985641262274580E-015
          19          17   7.0666193163292051E-015
          19          18  -3.8936421230410529E-013
          19          19   4.9004444616009356E-026
          19          20  -3.8936421230436045E-013
          19          21  -2.6724034596778456E-026
          19          22   2.0438219895722328E-026
          19          23  -3.8936421230419001E-013
          19          24  -6.1163002173384403E-013
          19          25  -1.3429188101316925E-028
          19          26  -6.1163002173417614E-013
          19          27   3.1365798311091817E-026
          19          28  -1.8707789138939701E-027
          19          29  -6.1163002173396248E-013
          20           1   3.6996339989634710     
          20           2   22.546445154329120     
          20           3   33.025545972573411     
          20           4  -82.881463849533617     
          20           5  -13.865810157394701     
          20           6  -4.8572888496378717E-011
          20           7  -2.5516876246590051E-013
          20           8   2.1265479877527984E-011
          20           9   9.5477911865471894E-011
          20          10  -2.1805978292955538E-011
          20          11   9.6587738868920585E-013
          20          12  -8.3331528069903820E-011
          20          13   1.6943825841955098E-011
          20          14   2.9122897849841772E-012
          20          15   4.3497179986088908E-012
          20          16  -1.2989477675094585E-012
          20          17   9.4715088212779369E-013
          20          18   12.218589578109814     
          20          19  -3.8936421230436045E-013
          20          20   12.218589578108947     
          20          21   6.7024464331378459E-014
          20          22   5.4890240488080275E-015
          20          23   12.218589578109416     
          20          24   17.698500589254643     
          20          25   3.5708648895270822E-013
          20          26   17.698500589255371     
          20          27  -1.5768068478943500E-014
          20          28   1.7087232086119672E-013
          20          29   17.698500589255289     
          21           1   2.2239085813254935E-014
          21           2   1.3152139463832195E-013
          21           3   2.0012056016463619E-013
          21           4  -4.7719884796928510E-013
          21           5  -7.9852901931908357E-014
          21           6  -2.8315820204755025E-013
          21           7   5.4386207657791934E-014
          21           8  -2.2430219358709411E-013
          21           9   2.0113368812829581E-013
          21          10   1.1609699007217124E-013
          21          11   8.8271057410225232E-014
          21          12  -1.5564023120454426E-013
          21          13  -8.2969006049788194E-014
          21          14  -7.1459696251442027E-014
          21          15   1.5207037596442404E-014
          21          16   6.0148366666622084E-015
          21          17   7.9426622601956619E-015
          21          18   6.7024464331137585E-014
          21          19  -2.6724034596778456E-026
          21          20   6.7024464331378459E-014
          21          21   8.2185675613040097E-026
          21          22   3.8837836092624884E-026
          21          23   6.7024464331167878E-014
          21          24   1.0120894814342844E-013
          21          25   9.1905528937891478E-026
          21          26   1.0120894814367900E-013
          21          27  -3.2343655781007866E-026
          21          28  -6.5892562950443824E-026
          21          29   1.0120894814331575E-013
          22           1   3.9256885918055649E-015
          22           2  -4.5540904412739039E-014
          22           3  -9.4800808721185036E-014
          22           4   9.1868696429449186E-014
          22           5   1.5548694024707725E-014
          22           6   1.4409716027609582E-014
          22           7   2.3792622543179532E-014
          22           8  -3.3327720480311502E-013
          22           9  -6.6717878462976729E-015
          22          10  -6.4702232448904365E-015
          22          11   1.2363665264903683E-013
          22          12   5.3209273377883022E-015
          22          13   5.4697626354311096E-015
          22          14  -1.0069239790958496E-013
          22          15  -5.6806643510119708E-016
          22          16  -6.7543546866341720E-016
          22          17   1.1367241532662569E-014
          22          18   5.4890240490541442E-015
          22          19   2.0438219895722328E-026
          22          20   5.4890240488080275E-015
          22          21   3.8837836092624884E-026
          22          22   6.0929905293446480E-026
          22          23   5.4890240489539036E-015
          22          24  -1.5716009331366814E-014
          22          25   9.7244935252009807E-026
          22          26  -1.5716009331597455E-014
          22          27   1.3511452658381823E-026
          22          28  -4.9256978113121587E-026
          22          29  -1.5716009331600036E-014
          23           1   3.6996339989634088     
          23           2   22.546445154330033     
          23           3   33.025545972574854     
          23           4  -82.881463849537027     
          23           5  -13.865810157395270     
          23           6  -4.6349454441012748E-011
          23           7  -2.7311277587758958E-013
          23           8   2.0435798004668129E-011
          23           9   9.5723527506559520E-011
          23          10  -2.1373133355623665E-011
          23          11   5.2970216896900404E-013
          23          12  -8.3440576760893881E-011
          23          13   1.6627532627905073E-011
          23          14   3.2042848912087448E-012
          23          15   4.3357011560985963E-012
          23          16  -1.2737231867988461E-012
          23          17   9.3248496403315111E-013
          23          18   12.218589578110283     
          23          19  -3.8936421230419001E-013
          23          20   12.218589578109416     
          23          21   6.7024464331167878E-014
          23          22   5.4890240489539036E-015
          23          23   12.218589578109887     
          23          24   17.698500589255364     
          23          25   3.5708648895284454E-013
          23          26   17.698500589256085     
          23          27  -1.5768068478676341E-014
          23          28   1.7087232086132031E-013
          23          29   17.698500589256007     
          24           1   6.6187569315653656     
          24           2   41.663710689163622     
          24           3   71.513204726056728     
          24           4  -148.38525604585018     
          24           5  -24.815560919326110     
          24           6   3.5512888417931888E-011
          24           7  -3.3457239707967175E-012
          24           8  -1.0468875366357890E-011
          24           9   6.4524744485216262E-011
          24          10  -1.4406215804557279E-011
          24          11   6.1198766613609045E-013
          24          12  -5.4649735878055570E-011
          24          13   1.0977930417158690E-011
          24          14   2.0281963195490511E-012
          24          15   1.4630474999039494E-012
          24          16  -5.9371087300935371E-013
          24          17   7.3599190870573936E-013
          24          18   17.698500589256106     
          24          19  -6.1163002173384403E-013
          24          20   17.698500589254643     
          24          21   1.0120894814342844E-013
          24          22  -1.5716009331366814E-014
          24          23   17.698500589255364     
          24          24   30.788682521765484     
          24          25   6.0843823580149707E-013
          24          26   30.788682521766688     
          24          27  -1.3485468684480398E-014
          24          28   3.0429816643218669E-013
          24          29   30.788682521766599     
          25           1   1.1815564391558381E-013
          25           2   8.2736509047372332E-013
          25           3   1.3849773892694550E-012
          25           4  -2.9234651384754276E-012
          25           5  -4.8897888664326077E-013
          25           6  -1.0201589643744921E-013
          25           7   5.8976496357265516E-014
          25           8  -5.5133628199775312E-013
          25           9   1.4718059649341155E-013
          25          10   3.8753964303932044E-014
          25          11   1.3402373468460456E-013
          25          12  -1.1057379171100360E-013
          25          13  -2.6408420589929204E-014
          25          14  -1.1514481030086010E-013
          25          15   9.7936777289963550E-015
          25          16   1.4900213676462109E-015
          25          17   1.4732884532792439E-014
          25          18   3.5708648895296934E-013
          25          19  -1.3429188101316925E-028
          25          20   3.5708648895270822E-013
          25          21   9.1905528937891478E-026
          25          22   9.7244935252009807E-026
          25          23   3.5708648895284454E-013
          25          24   6.0843823580149707E-013
          25          25   1.8448037985240515E-025
          25          26   6.0843823580133147E-013
          25          27   1.5151469229001396E-027
          25          28  -8.8591678664646182E-026
          25          29   6.0843823580116133E-013
          26           1   6.6187569315656356     
          26           2   41.663710689165235     
          26           3   71.513204726059342     
          26           4  -148.38525604585590     
          26           5  -24.815560919327066     
          26           6   3.3092645248915598E-011
          26           7  -3.2743875489911300E-012
          26           8  -9.2958395755374730E-012
          26           9   6.5400424272229535E-011
          26          10  -1.4441935158638766E-011
          26          11   1.7899055938052879E-013
          26          12  -5.5364792547701568E-011
          26          13   1.1006234340908717E-011
          26          14   2.3810228230909018E-012
          26          15   1.5443159031016802E-012
          26          16  -5.9667848741231115E-013
          26          17   6.9610776329879724E-013
          26          18   17.698500589256827     
          26          19  -6.1163002173417614E-013
          26          20   17.698500589255371     
          26          21   1.0120894814367900E-013
          26          22  -1.5716009331597455E-014
          26          23   17.698500589256085     
          26          24   30.788682521766688     
          26          25   6.0843823580133147E-013
          26          26   30.788682521767882     
          26          27  -1.3485468684829294E-014
          26          28   3.0429816643211676E-013
          26          29   30.788682521767797     
          27           1   4.5484935237370550E-015
          27           2  -8.7587878037954284E-015
          27           3   3.8347829721064625E-016
          27           4   5.6367489915332229E-014
          27           5   9.2676926333308437E-015
          27           6   2.2572333307160648E-013
          27           7  -1.8952868292413634E-014
          27           8  -6.2454560839480785E-014
          27           9  -1.4017083885745960E-013
          27          10  -3.8491427611369092E-014
          27          11   4.6450558790679003E-014
          27          12   1.0936144399209143E-013
          27          13   2.7478943020814869E-014
          27          14  -3.5851457624913442E-014
          27          15  -1.0957922657674457E-014
          27          16  -1.9825053452162019E-015
          27          17   3.4746917939452828E-015
          27          18  -1.5768068478581268E-014
          27          19   3.1365798311091817E-026
          27          20  -1.5768068478943500E-014
          27          21  -3.2343655781007866E-026
          27          22   1.3511452658381823E-026
          27          23  -1.5768068478676341E-014
          27          24  -1.3485468684480398E-014
          27          25   1.5151469229001396E-027
          27          26  -1.3485468684829294E-014
          27          27   3.3349336929800494E-026
          27          28   1.5119359286520648E-026
          27          29  -1.3485468684557904E-014
          28           1   6.7758532214345883E-014
