           1           1   2.3653320578195443     
           1           2 -0.98594147330581516     
           1           3  0.23652045210325567     
           1           4  -5.3910242296904554E-003
           1           5  -1.4218295206431598E-002
           1           6  -1.7071303239050303E-002
           1           7   4.3935739692446520E-003
           1           8   1.3655052283401576E-013
           1           9   2.2177136092800439E-013
           1          10  -1.0815098868405989E-014
           1          11   1.3238698066544430E-012
           1          12  -1.6453986179901264E-012
           1          13  -7.3082661746582259E-013
           1          14   1.0195754544970504E-012
           1          15  -1.1545871718143320E-012
           1          16  -2.7778642812812104E-013
           1          17   2.9737267386711591E-012
           1          18   5.4153020919500222E-013
           1          19  -3.8608362716382600E-013
           1          20   1.3915503849470051E-013
           1          21  -6.9167303530803596E-013
           1          22  -3.4060050261547913E-012
           1          23  -5.3874942337229634E-013
           1          24  -4.2866087556153115E-013
           1          25   1.9425076345783647E-013
           1          26  -1.1851409682660209E-003
           1          27  -1.0247285977546829E-003
           1          28   1.8091271436827805E-004
           1          29  -2.2419090999496118E-003
           1          30  -2.5638854532583437E-004
           1          31  -7.7906653743029940E-004
           1          32  -2.4083453561186373E-003
           1          33  -1.5098634591163861E-005
           1          34  -3.0924212224336970E-003
           1          35   2.5725632299730531E-004
           1          36   3.7855913860705378E-004
           1          37  -2.6388560459741860E-003
           1          38   1.6183305621706914E-003
           1          39   9.3001710023027102E-004
           1          40   2.2742037448010605E-003
           1          41   1.2050867511836797E-003
           1          42  -8.9919356953978898E-004
           1          43   1.8023663172361446E-003
           1          44  -6.1458781312612718E-004
           1          45  -8.8462823157738662E-005
           1          46  -7.2121001513070150E-004
           1          47  -9.6091151295538433E-005
           1          48   1.1013208113230512E-004
           1          49  -6.4649208038309268E-004
           1          50   1.8231973070107057E-012
           1          51   2.4307160132547222E-013
           1          52   8.2351271626660483E-013
           1          53   7.8229032098463224E-013
           1          54   3.8924196741493235E-013
           1          55  -1.8897134287475513E-014
           1          56   2.5814825099961643E-013
           1          57   4.5582917812504556E-013
           1          58   4.3192950220105241E-013
           1          59   4.5457354929331016E-013
           1          60   8.3118033573588840E-013
           1          61   1.2391432449675397E-013
           1          62   2.8244988071366466E-015
           1          63   1.0657507433622710E-012
           1          64   7.3003530805348406E-013
           1          65  -3.2884449897768318E-013
           1          66   6.9465406219398457E-013
           1          67   3.1704229614624898E-013
           1          68   2.9619000481294138E-013
           1          69   1.9890784977296637E-012
           2           1 -0.98594147330581516     
           2           2   2.6992890301798345     
           2           3 -0.92747918353177172     
           2           4   8.5256114262960876E-003
           2           5   4.8545769776797913E-002
           2           6   9.9908748913215301E-002
           2           7  -2.6735489164235952E-002
           2           8  -2.8655402579630738E-013
           2           9  -1.1875680673688170E-012
           2          10  -1.3148601555015634E-013
           2          11  -5.2067307315542516E-012
           2          12   6.4950925040094690E-012
           2          13   2.8095416618290300E-012
           2          14  -3.9905059970685400E-012
           2          15   4.5730485859917535E-012
           2          16   1.0367147843147709E-012
           2          17  -1.1837999658429069E-011
           2          18  -2.1263745546669790E-012
           2          19   1.5020693206831353E-012
           2          20  -5.6140294948093629E-013
           2          21   2.8903845537308461E-012
           2          22   1.3221569757067952E-011
           2          23   2.1234933707278648E-012
           2          24   1.6780490825865912E-012
           2          25  -7.4695862673218476E-013
           2          26   7.1295000998724146E-004
           2          27   6.9866536456416389E-003
           2          28  -4.4363810527290170E-003
           2          29   1.3479712290057714E-002
           2          30  -7.0176145327526668E-004
           2          31  -8.1132127477510658E-004
           2          32   3.5634739908737721E-003
           2          33   7.1123604223509137E-004
           2          34   6.3142676422423454E-003
           2          35   1.2359782351616631E-005
           2          36  -1.8708120163905008E-003
           2          37   4.4906382111296710E-003
           2          38  -1.2660044385438192E-002
           2          39  -3.7436322593205514E-003
           2          40  -1.5298164418083928E-002
           2          41  -4.8518535680050082E-003
           2          42   3.6181467762776962E-003
           2          43  -1.3400453300862574E-002
           2          44   3.7431308211916480E-003
           2          45   3.6747207011123088E-004
           2          46   4.1729671940616041E-003
           2          47   4.0484678802382929E-004
           2          48  -4.4976324201856653E-004
           2          49   3.8717801089915419E-003
           2          50  -7.2386729594699219E-012
           2          51  -9.8628255781647427E-013
           2          52  -3.2562701325978978E-012
           2          53  -3.1339414086026035E-012
           2          54  -1.5199745214868070E-012
           2          55   7.6631477758320594E-014
           2          56  -1.0131901720452139E-012
           2          57  -1.8145289882673437E-012
           2          58  -1.7235371382314097E-012
           2          59  -1.7732186314967957E-012
           2          60  -3.2567494274060078E-012
           2          61  -5.2907940972673863E-013
           2          62  -1.5023155719785154E-014
           2          63  -4.2998987580368210E-012
           2          64  -2.8451255440891469E-012
           2          65   1.2898366515699619E-012
           2          66  -2.7013712487628671E-012
           2          67  -1.2494490648672962E-012
           2          68  -1.2094580522970144E-012
           2          69  -7.7546616309098849E-012
           3           1  0.23652045210325567     
           3           2 -0.92747918353177172     
           3           3   2.3771769405382295     
           3           4   6.7816645955830288E-003
           3           5 -0.11232148780694999     
           3           6 -0.34523565863789824     
           3           7   9.3929543126959891E-002
           3           8   1.1281689969786475E-013
           3           9  -1.8228651260596263E-012
           3          10   3.4376819841951593E-012
           3          11   1.3032704491170524E-011
           3          12  -1.6760076762910412E-011
           3          13  -7.7131706984603696E-012
           3          14   1.0657690576074156E-011
           3          15  -1.1514460739326212E-011
           3          16  -2.5783391878299522E-012
           3          17   2.9491141596926545E-011
           3          18   5.7125446835467686E-012
           3          19  -3.7705438525890567E-012
           3          20   2.4824947753888195E-012
           3          21  -6.5402692948975359E-012
           3          22  -3.2868140973589304E-011
           3          23  -5.3427129414763796E-012
           3          24  -4.2539456153721253E-012
           3          25   1.8226296343826847E-012
           3          26   5.8868715167486917E-003
           3          27  -2.8577142763488821E-003
           3          28   2.1875832127512200E-002
           3          29  -1.1528981478752951E-002
           3          30  -7.8707231196573548E-003
           3          31   1.0665951703657958E-002
           3          32   5.7752061661371897E-003
           3          33   1.0072581477701759E-003
           3          34  -2.5809329933028057E-003
           3          35   5.0739932266776842E-003
           3          36   4.0143927826367439E-003
           3          37   2.9831477680263598E-003
           3          38   4.8520016669198536E-002
           3          39   1.0644151937751990E-002
           3          40   5.6241450414512978E-002
           3          41   1.3703901284234699E-002
           3          42  -1.0407436826454529E-002
           3          43   5.0699111157640100E-002
           3          44  -1.3067851220794843E-002
           3          45  -1.0897829776056551E-003
           3          46  -1.4425519945252926E-002
           3          47  -1.1653775662503404E-003
           3          48   1.3810061468806107E-003
           3          49  -1.3475504541136066E-002
           3          50   1.7710344611438601E-011
           3          51   2.4964226611891392E-012
           3          52   7.9627999102040078E-012
           3          53   7.9254674363812300E-012
           3          54   3.7802528940505416E-012
           3          55  -1.8720849654814063E-013
           3          56   2.5050205654982802E-012
           3          57   4.3348956963491479E-012
           3          58   4.3628710086425742E-012
           3          59   4.4368653553355989E-012
           3          60   7.5695811499605005E-012
           3          61   1.1566213830520725E-012
           3          62  -1.7850868600455324E-013
           3          63   1.0407958970393872E-011
           3          64   7.0728517216423126E-012
           3          65  -3.2233889333388827E-012
           3          66   6.7191924200200225E-012
           3          67   2.8668280386482833E-012
           3          68   2.8536719829756834E-012
           3          69   1.9289849719940616E-011
           4           1  -5.3910242296904554E-003
           4           2   8.5256114262960876E-003
           4           3   6.7816645955830288E-003
           4           4   1.0375709957818929E-002
           4           5  -5.3606023398166704E-004
           4           6   3.4610474621196634E-003
           4           7  -1.4747794159528900E-003
           4           8  -2.4396941727047641E-012
           4           9   7.1787505081530457E-012
           4          10   5.5368384806719993E-013
           4          11  -4.6933843222130250E-013
           4          12   8.8701303920708683E-014
           4          13  -4.4181773240065582E-013
           4          14  -7.0004884975882707E-014
           4          15  -2.8038638936723045E-014
           4          16   1.2260764762787034E-014
           4          17   3.1764291297010548E-013
           4          18   5.5305473553850552E-014
           4          19   1.5482114020378916E-013
           4          20  -7.2532153765945760E-013
           4          21   5.5379692337836589E-013
           4          22   5.8950626763223196E-013
           4          23   2.1682085672295980E-014
           4          24  -7.2538495287487015E-014
           4          25  -4.5731249073082321E-014
           4          26   1.8145156792473500E-003
           4          27  -4.5085968587931645E-002
           4          28  -1.9358317403663653E-003
           4          29  -7.0946758846866409E-002
           4          30   2.6294106933232874E-002
           4          31   6.1072296908516721E-004
           4          32   3.5486187445193150E-003
           4          33  -1.0374624006951180E-002
           4          34   3.7144645859390705E-003
           4          35  -1.6762039071324047E-002
           4          36   5.4719529404344868E-003
           4          37   3.6031470588898345E-003
           4          38   5.2678960101301318E-004
           4          39  -5.1341067189659582E-004
           4          40   1.9762223879822615E-004
           4          41  -6.7839118862877566E-004
           4          42   4.7939626725815716E-004
           4          43   4.3693284623741099E-004
           4          44   2.1367432502157035E-004
           4          45  -8.7245481933856953E-005
           4          46   2.6786577940004705E-004
           4          47  -1.6437515185994614E-004
           4          48   1.3942478042410069E-005
           4          49   2.2911085725447618E-004
           4          50   1.7701382481041432E-013
           4          51  -2.2052765786732627E-014
           4          52   5.7633823531888597E-014
           4          53   7.3315633244444437E-015
           4          54  -1.0248090261333439E-014
           4          55  -1.7211072805326508E-014
           4          56  -1.5888161569141524E-015
           4          57   2.2734085346896848E-014
           4          58   3.1015772895015924E-014
           4          59  -2.7248858946928033E-014
           4          60   3.0891313474066557E-013
           4          61  -8.6989346227500311E-014
           4          62   1.1238926276819283E-013
           4          63  -1.5357665412330105E-013
           4          64  -9.5622974577919835E-014
           4          65  -2.4149082655781192E-014
           4          66  -1.0313116953557051E-013
           4          67   1.3868434176504977E-013
           4          68  -8.1648195811853778E-014
           4          69  -1.8594131284577070E-013
           5           1  -1.4218295206431598E-002
           5           2   4.8545769776797913E-002
           5           3 -0.11232148780694999     
           5           4  -5.3606023398166704E-004
           5           5  0.67154886592346474     
           5           6  0.23991434974411391     
           5           7  -1.5821391055067403E-002
           5           8  -8.0621275901374863E-012
           5           9   1.4581527291173087E-011
           5          10   5.1573308253458466E-012
           5          11  -6.7178324681066010E-013
           5          12  -1.5129843194315489E-012
           5          13   1.0314637824282144E-013
           5          14   1.2761401258040660E-013
           5          15  -9.2300030382592468E-014
           5          16  -6.1874866411970496E-013
           5          17   1.0365166433489923E-012
           5          18   1.9636240592521711E-013
           5          19   1.3825965393075928E-012
           5          20  -3.9065827738332214E-012
           5          21   7.1962338636149075E-013
           5          22  -7.2765116405488433E-012
           5          23   1.8934504795017393E-013
           5          24  -2.4780458881803575E-013
           5          25   6.6452103501645612E-013
           5          26  -1.3495946594383367E-002
           5          27   4.1816378714952598E-002
           5          28  -7.1474041048402307E-003
           5          29   6.4719872849175700E-002
           5          30  -2.5723409786929802E-002
           5          31  -1.1231369393895975E-002
           5          32  -2.5789458920640346E-003
           5          33  -5.5417624998873247E-003
           5          34   6.6275974655195151E-003
           5          35  -1.2528382973277002E-002
           5          36  -1.6406168915242113E-003
           5          37   8.2725576044466540E-004
           5          38  -1.0365345453884152E-002
           5          39  -2.8706313341844501E-002
           5          40  -2.6461889090947294E-002
           5          41  -3.8949541333498351E-002
           5          42   2.5412470744042712E-002
           5          43  -1.4726468483483954E-002
           5          44   1.2188888162027330E-003
           5          45   2.5701511277044817E-003
           5          46   2.9628673085140148E-003
           5          47   3.3634948193732731E-003
           5          48  -2.4358124179290719E-003
           5          49   1.7147689368606461E-003
           5          50   6.8068170492294497E-013
           5          51   3.2940699302173824E-013
           5          52   5.7014888112143492E-013
           5          53   1.3870588968325722E-013
           5          54   5.3534219273496788E-013
           5          55  -3.8602649349962304E-014
           5          56  -4.5844675870512939E-014
           5          57   3.6964592352629955E-013
           5          58   4.1725491131713165E-014
           5          59   2.4221770593226267E-013
           5          60   1.3608749707118665E-012
           5          61   1.0270229081345513E-013
           5          62   8.7417126148877021E-013
           5          63  -6.7280374533417735E-014
           5          64   1.6747255179524368E-012
           5          65   3.5199832857023267E-014
           5          66   1.0824036400947715E-012
           5          67   1.0182271662326357E-012
           5          68  -3.4479083654627284E-013
           5          69   2.9417713079608006E-012
           6           1  -1.7071303239050303E-002
           6           2   9.9908748913215301E-002
           6           3 -0.34523565863789824     
           6           4   3.4610474621196634E-003
           6           5  0.23991434974411391     
           6           6  0.12795009731013302     
           6           7  -1.8486798190387982E-002
           6           8  -2.7565352309948658E-012
           6           9   6.7312130313668912E-012
           6          10   5.7647827226458056E-013
           6          11  -1.6309382984107859E-012
           6          12   1.7277055213143186E-012
           6          13   9.3587610230775638E-013
           6          14  -1.3598342475903246E-012
           6          15   1.4302261401225433E-012
           6          16   2.0348271930538682E-013
           6          17  -3.0121819217893628E-012
           6          18  -8.4844352676969050E-013
           6          19   7.9289625510567372E-013
           6          20  -2.7074731659804357E-012
           6          21   1.7413490835974822E-012
           6          22   2.6045369697799241E-012
           6          23   7.8834960282734689E-013
           6          24   4.0130589989145505E-013
           6          25  -5.9590167436451019E-014
           6          26  -4.4392215487793988E-003
           6          27  -6.0864364904225981E-003
           6          28  -6.1860319761166734E-003
           6          29  -8.9859879097173023E-003
           6          30   4.3956399507157195E-003
           6          31  -4.8765270882166261E-003
           6          32  -4.0527220970345158E-005
           6          33  -6.6844822491345258E-003
           6          34   4.2444143155253100E-003
           6          35  -1.2461882331577037E-002
           6          36   1.3843107951434553E-003
           6          37   1.5012406005641759E-003
           6          38  -9.6720140248577665E-003
           6          39  -1.1286170196895035E-002
           6          40  -1.6253249016982038E-002
           6          41  -1.5206639715360912E-002
           6          42   1.0133730916467812E-002
           6          43  -1.1467167581565468E-002
           6          44   2.2456768379916889E-003
           6          45   9.7024982850087973E-004
           6          46   3.0377254646338399E-003
           6          47   1.2122965533513399E-003
           6          48  -9.9699464183890273E-004
           6          49   2.4738151694999018E-003
           6          50  -1.9234428620574731E-012
           6          51  -2.2079050554392706E-013
           6          52  -7.8514834850489709E-013
           6          53  -9.6640128880450052E-013
           6          54  -3.1314309502209992E-013
           6          55   8.7511129056016498E-015
           6          56  -3.3257511006899563E-013
           6          57  -4.0565462177796717E-013
           6          58  -5.3886069262046062E-013
           6          59  -5.1638310559763383E-013
           6          60  -1.1263978616800646E-013
           6          61  -2.0143458370613920E-013
           6          62   4.6450156670211526E-013
           6          63  -1.5219942875992529E-012
           6          64  -4.5537498901749288E-013
           6          65   4.0296948616064843E-013
           6          66  -6.1373742747388587E-013
           6          67   1.3985474225703913E-013
           6          68  -5.6260864229100495E-013
           6          69  -1.7077484847448029E-012
           7           1   4.3935739692446520E-003
           7           2  -2.6735489164235952E-002
           7           3   9.3929543126959891E-002
           7           4  -1.4747794159528900E-003
           7           5  -1.5821391055067403E-002
           7           6  -1.8486798190387982E-002
           7           7   4.3087886985739088E-003
           7           8  -2.2996184699169216E-013
           7           9   5.6902907792506332E-012
           7          10  -1.1536459006816034E-012
           7          11   3.6673559636010318E-013
           7          12  -1.4342575806837573E-012
           7          13  -7.1078065225552453E-013
           7          14   1.6009872758383520E-013
           7          15  -2.8708469101343769E-013
           7          16   5.2556547932786472E-014
           7          17   1.9332385181694894E-012
           7          18  -4.4929932788806958E-013
           7          19  -1.0714193555942911E-012
           7          20  -3.1025497798114202E-012
           7          21   2.0765902518985026E-012
           7          22   2.0510567058746909E-012
           7          23   3.5267528286692123E-014
           7          24  -2.9653432616367320E-013
           7          25  -1.5631868880805342E-013
           7          26   7.4977680395865948E-005
           7          27   6.9136891430770665E-003
           7          28   1.3107692242027790E-003
           7          29   1.0590592760526237E-002
           7          30  -4.4255698169885426E-003
           7          31   4.5298888308298644E-004
           7          32  -3.8243330048254949E-004
           7          33   1.8935480026222749E-003
           7          34  -9.1513830105709919E-004
           7          35   3.2638575792119334E-003
           7          36  -7.3147803656011272E-004
           7          37  -5.6564208788143899E-004
           7          38   1.9993113244518670E-003
           7          39   1.0133265509897548E-003
           7          40   2.6463895708901961E-003
           7          41   1.3416069919527512E-003
           7          42  -9.4151326476083820E-004
           7          43   2.1784241926118466E-003
           7          44  -5.8411983867683688E-004
           7          45  -7.5138666953770787E-005
           7          46  -6.7955983764840544E-004
           7          47  -7.9194427433107261E-005
           7          48   9.7040314183166767E-005
           7          49  -6.1217347699923680E-004
           7          50   6.7383586604195418E-013
           7          51   6.1377491744426254E-014
           7          52   2.8800537943290867E-013
           7          53   2.4490411885862415E-013
           7          54   1.0295070528366984E-013
           7          55  -4.6390209548073570E-016
           7          56   5.4831516254118834E-014
           7          57   1.7041992875875982E-013
           7          58   1.2363548432420567E-013
           7          59   1.0243598904710820E-013
           7          60   1.2062937452102424E-012
           7          61  -2.7857681579260958E-013
           7          62   4.1466965106177188E-013
           7          63  -3.3182603990403207E-013
           7          64  -1.9165351408826650E-013
           7          65  -1.0372732685292600E-013
           7          66  -1.9925670035842706E-013
           7          67   5.1359456559950598E-013
           7          68  -2.2113591310652435E-013
           7          69  -3.1818072627403291E-013
           8           1   1.3655052283401576E-013
           8           2  -2.8655402579630738E-013
           8           3   1.1281689969786475E-013
           8           4  -2.4396941727047641E-012
           8           5  -8.0621275901374863E-012
           8           6  -2.7565352309948658E-012
           8           7  -2.2996184699169216E-013
           8           8   2.2302787624031204     
           8           9  -1.7147924871999437E-003
           8          10  -2.4267949817198325E-003
           8          11 -0.77815403176860065     
           8          12   7.4943991818958878E-003
           8          13   1.0553727172850542E-002
           8          14  -5.3957673710329376E-002
           8          15   5.6148419223503291E-004
           8          16   6.5985133897027105E-004
           8          17  -3.0938501946073942E-002
           8          18   9.0150396399408649E-003
           8          19   1.3518145527865373E-002
           8          20  -1.2181549329730888E-002
           8          21  -2.1466596839167830E-002
           8          22  -2.4520774777893828E-002
           8          23   2.6667820499711582E-003
           8          24   1.2579100270952248E-003
           8          25   1.2733876779274581E-003
           8          26  -5.4758280805813430E-014
           8          27  -9.4253690812609346E-013
           8          28   1.2088020002500216E-012
           8          29  -2.1502687640699894E-013
           8          30  -9.4060719918416825E-013
           8          31  -9.1070727868879367E-013
           8          32   2.0577439903460029E-012
           8          33   1.6233332733074095E-012
           8          34   3.0843136856302930E-012
           8          35   1.5390838791743162E-012
           8          36   1.9704077095117355E-012
           8          37   1.8600536772086304E-012
           8          38   2.9466852765348719E-012
           8          39  -1.2079062581409253E-013
           8          40   7.0383744446072778E-013
           8          41  -4.0939221857827379E-013
           8          42  -2.4776642416052649E-012
           8          43   1.5746895654050290E-012
           8          44  -8.0520478673216745E-013
           8          45  -1.3542523857701343E-012
           8          46  -9.3698158726369576E-014
           8          47   1.6767622423465933E-012
           8          48   1.2213800079665549E-012
           8          49  -1.3670475635621873E-012
           8          50   9.3703647527494278E-003
           8          51  -2.3342605413705707E-003
           8          52   4.7335010806661023E-004
           8          53  -4.0827738588925915E-004
           8          54  -2.2628829158064467E-003
           8          55  -1.1156478441414911E-003
           8          56   7.6336221645871278E-004
           8          57  -4.9341965814022172E-004
           8          58   1.5678281445390848E-003
           8          59  -3.0703206964594184E-004
           8          60   1.0269431659799592E-002
           8          61   3.0963446731990234E-003
           8          62   5.6359599156696073E-003
           8          63   5.3477168966902461E-003
           8          64   2.9810443913580115E-003
           8          65   7.3633137349115836E-005
           8          66   2.2439044913928068E-003
           8          67   5.7455667069307523E-003
           8          68   2.1985554182813566E-003
           8          69   5.4269122886111696E-003
           9           1   2.2177136092800439E-013
           9           2  -1.1875680673688170E-012
           9           3  -1.8228651260596263E-012
           9           4   7.1787505081530457E-012
           9           5   1.4581527291173087E-011
           9           6   6.7312130313668912E-012
           9           7   5.6902907792506332E-012
           9           8  -1.7147924871999437E-003
           9           9   2.2294468050606762     
           9          10   1.3831943758726246E-003
           9          11   7.4924150069513272E-003
           9          12 -0.77438276403234896     
           9          13  -6.1176910800428532E-003
           9          14   5.6041539104741351E-004
           9          15  -5.3320233806875020E-002
           9          16  -6.3601810068999402E-004
           9          17   9.0043591464051276E-003
           9          18  -2.8681878635059152E-002
           9          19  -6.2482134665778049E-003
           9          20  -2.1503148071357368E-002
           9          21  -3.8676585283774420E-002
           9          22   2.5192985021516949E-002
           9          23   1.2607831959240484E-003
           9          24   4.6672404700678054E-003
           9          25  -1.6950535842296032E-003
           9          26   1.3608521960404099E-012
           9          27   1.1294095147494804E-012
           9          28  -3.5405082718924225E-013
           9          29  -9.4707666072584857E-013
           9          30   4.9837127521218077E-013
           9          31   1.9897452646443048E-012
           9          32  -4.3061994034851583E-012
           9          33  -1.4861677565984432E-012
           9          34  -3.9192638709720717E-012
           9          35  -5.5943466829439689E-013
           9          36  -1.3449147731016741E-012
           9          37  -3.9111766454098043E-012
           9          38  -5.0725920055265684E-012
           9          39   2.0765492883992845E-013
           9          40  -5.0615677329423097E-012
           9          41  -4.1285631741893322E-013
           9          42   7.8321892281091766E-013
           9          43  -4.2301315172173706E-012
           9          44  -1.1539018449165915E-012
           9          45   4.8960441782873212E-013
           9          46  -6.4856750329098462E-013
           9          47  -1.0165918428127311E-012
           9          48  -5.7722746088236380E-013
           9          49  -3.4939498843857942E-013
           9          50  -5.0826722011106302E-005
           9          51   2.5776659820342185E-003
           9          52  -2.6954892588418209E-003
           9          53   4.8452301635345720E-003
           9          54  -2.6159660753149612E-003
           9          55  -2.3985150683899820E-004
           9          56   3.5581529268134066E-003
           9          57   1.4515364604190755E-003
           9          58   2.9718411534933892E-003
           9          59   3.3905869068345373E-005
           9          60   5.4852351980022532E-003
           9          61   8.9166680578127294E-003
           9          62   3.0907831639273107E-003
           9          63   2.0563577991478038E-002
           9          64  -2.7245491967886177E-003
           9          65   1.6944345846918517E-004
           9          66  -4.2876887070495036E-003
           9          67   2.0496890573651629E-003
           9          68   8.8124225939590559E-003
           9          69  -7.4168308643388766E-003
          10           1  -1.0815098868405989E-014
          10           2  -1.3148601555015634E-013
          10           3   3.4376819841951593E-012
          10           4   5.5368384806719993E-013
          10           5   5.1573308253458466E-012
          10           6   5.7647827226458056E-013
          10           7  -1.1536459006816034E-012
          10           8  -2.4267949817198325E-003
          10           9   1.3831943758726246E-003
          10          10   2.2300666580839570     
          10          11   1.0551304516949828E-002
          10          12  -6.1178358509090484E-003
          10          13 -0.77719127021707446     
          10          14   6.5816163161743347E-004
          10          15  -6.3582696203259045E-004
          10          16  -5.3777606161165975E-002
          10          17   1.3509501785101623E-002
          10          18  -6.2520686767283820E-003
          10          19  -3.0510109160342067E-002
          10          20  -2.4547625343986634E-002
          10          21   2.5177880854020795E-002
          10          22  -1.9948427981923703E-002
          10          23   1.2757481799583320E-003
          10          24  -1.6940411224103977E-003
          10          25   3.2648907818718831E-003
          10          26  -7.9698832244393281E-013
          10          27   7.3595606685303229E-013
          10          28  -1.5972828744923038E-012
          10          29   6.1418955250903628E-013
          10          30   7.9415573490392968E-013
          10          31  -1.4345689079912172E-013
          10          32  -1.3084282055325350E-012
          10          33  -1.3793197916222977E-012
          10          34  -2.5394147354721921E-012
          10          35  -1.7413287803604490E-012
          10          36  -1.8142231422676769E-012
          10          37  -1.1640496581925413E-012
          10          38  -1.7821395096520854E-012
          10          39   7.8082955959639710E-014
          10          40   7.8546417024810199E-013
          10          41   7.4286308099565255E-013
          10          42   2.6303899425096542E-012
          10          43  -5.2337774137265813E-013
          10          44   1.2462583599724168E-012
          10          45   1.4161650029235656E-012
          10          46   2.3254459305313200E-013
          10          47  -1.6237888935804121E-012
          10          48  -1.2261236563471959E-012
          10          49   1.6109158778982185E-012
          10          50  -1.4074796591755762E-004
          10          51  -2.6590818565766471E-003
          10          52   7.0616981306124234E-004
          10          53   2.1497181824162007E-004
          10          54   1.4393837935304911E-004
          10          55   4.5730258931410872E-004
          10          56   1.5090742765288150E-003
          10          57  -2.4272149294398055E-003
          10          58   3.3591461826473603E-003
          10          59   8.0312228195950040E-003
          10          60   5.4868874501900842E-003
          10          61  -2.7796844334670324E-003
          10          62   2.1720654889264735E-003
          10          63  -7.3231284259445808E-003
          10          64   6.7222099288285885E-003
          10          65   2.6842427905128443E-005
          10          66   6.5114573573666606E-003
          10          67   2.9958108719628758E-003
          10          68  -4.3467522215095578E-003
          10          69   1.3386563116009336E-002
          11           1   1.3238698066544430E-012
          11           2  -5.2067307315542516E-012
          11           3   1.3032704491170524E-011
          11           4  -4.6933843222130250E-013
          11           5  -6.7178324681066010E-013
          11           6  -1.6309382984107859E-012
          11           7   3.6673559636010318E-013
          11           8 -0.77815403176860065     
          11           9   7.4924150069513272E-003
          11          10   1.0551304516949828E-002
          11          11   2.6291459105723476     
          11          12  -2.7818635865256496E-002
          11          13  -4.0530346682497276E-002
          11          14  0.18216935561726311     
          11          15  -4.9239925244765059E-004
          11          16  -1.0647392119432575E-003
          11          17  0.10459539565777493     
          11          18  -3.1043227721848029E-002
          11          19  -4.6320610765815506E-002
          11          20   4.1687645237463739E-002
          11          21   7.2839472291355511E-002
          11          22   8.2925253602203819E-002
          11          23  -9.0510833737511304E-003
          11          24  -4.2438586558173064E-003
          11          25  -4.2747321881947409E-003
          11          26   1.9330953999977823E-012
          11          27  -8.9428347553258727E-014
          11          28  -2.4402292138113811E-013
          11          29   3.6936361522882009E-013
          11          30  -3.1453498004313962E-013
          11          31   7.1537301815719982E-014
          11          32   8.1587924554946581E-013
          11          33   3.0271561535533242E-014
          11          34  -5.3941459358787967E-014
          11          35   1.0055499711457766E-013
          11          36  -9.7835555289743955E-014
          11          37   2.0213418233047634E-013
          11          38   9.3075487349366557E-013
          11          39   2.8237019376989181E-015
          11          40   4.0542722765002297E-013
          11          41  -1.8358054761639937E-013
          11          42  -1.9085139731910432E-013
          11          43   5.5916863463606712E-013
          11          44   2.4289080098144263E-014
          11          45  -1.8562660890276812E-015
          11          46  -4.5517135255622749E-015
          11          47   5.7163731022451496E-014
          11          48  -1.1110884836232599E-014
          11          49   2.6160821932945917E-014
          11          50  -3.2537652752942736E-002
          11          51   7.5708021099296832E-003
          11          52  -1.4515546434363368E-003
          11          53   6.0079775242791612E-004
          11          54   7.2891767299975863E-003
          11          55   4.4620600159763161E-003
          11          56  -3.1383571346791064E-003
          11          57   2.3546226410706460E-003
          11          58  -6.0192466815235657E-003
          11          59   2.9329798828760115E-004
          11          60  -3.4796434860632490E-002
          11          61  -1.0588696021129305E-002
          11          62  -1.9234604475339537E-002
          11          63  -1.8319129597660626E-002
          11          64  -1.0127401315019099E-002
          11          65  -4.2945604200031115E-004
          11          66  -7.5760051862396888E-003
          11          67  -1.9747341792527705E-002
          11          68  -7.4404862775303282E-003
          11          69  -1.8458274118531945E-002
          12           1  -1.6453986179901264E-012
          12           2   6.4950925040094690E-012
          12           3  -1.6760076762910412E-011
          12           4   8.8701303920708683E-014
          12           5  -1.5129843194315489E-012
          12           6   1.7277055213143186E-012
          12           7  -1.4342575806837573E-012
          12           8   7.4943991818958878E-003
          12           9 -0.77438276403234896     
          12          10  -6.1178358509090484E-003
          12          11  -2.7818635865256496E-002
          12          12   2.6189001746333731     
          12          13   2.0918164969298471E-002
          12          14  -4.8754521106648008E-004
          12          15  0.18296567298905170     
          12          16  -8.0668306992773102E-005
          12          17  -3.1015529656397547E-002
          12          18   9.6193365010313059E-002
          12          19   2.1827136867807413E-002
          12          20   7.2994184758603017E-002
          12          21  0.13231608043394072     
          12          22  -8.5887669536498790E-002
          12          23  -4.2556371832256825E-003
          12          24  -1.5855938821726701E-002
          12          25   5.7496330626471233E-003
